windninja/windninja_output/Output_2025-08-09_1600-1650_Google earth_Fire_150m_10min/merlingen_7.5mi_point_08-09-2025_1620_150m_ang.asc
ncols	158
nrows	163
xllcorner	391686.332397
yllcorner	5160024.123721
cellsize	150.000000
NODATA_value	-32768.000000
[rows 96 to 143 of 163, columns 0 to 95 of 158]
16 32 41 42 46 44 41 36 37 52 65 61 57 57 63 70 70 74 67 46 46 52 56 62 63 60 57 56 55 55 58 61 62 62 62 64 64 63 61 58 54 46 44 45 43 40 39 38 39 41 43 43 39 35 37 39 40 41 40 38 35 31 28 26 25 24 22 21 19 18 16 15 13 12 10 8 5 3 0 357 354 351 348 344 341 337 334 331 329 328 327 325 325 324 323 322
355 24 42 46 50 49 47 46 50 62 72 72 72 68 73 76 79 78 66 48 49 57 66 74 74 65 59 58 59 62 67 68 66 66 66 68 70 70 67 63 59 52 48 49 49 45 44 45 47 49 50 48 45 40 40 43 44 44 43 41 38 34 32 29 27 25 23 22 21 20 18 17 15 13 11 9 7 5 2 360 357 354 351 348 345 342 340 338 336 335 333 332 331 329 328 327
337 19 53 59 63 61 57 55 57 61 69 80 88 88 87 87 85 78 64 54 52 58 67 73 65 53 55 60 64 69 74 74 73 71 70 72 75 77 75 70 65 59 53 53 56 56 57 58 59 57 54 51 48 45 44 44 45 44 42 42 40 39 37 33 29 27 26 24 23 22 20 18 17 15 13 11 9 7 5 2 359 357 354 352 349 347 345 343 341 339 338 337 335 334 333 332
328 34 71 74 78 77 75 73 70 69 73 78 83 89 91 88 83 74 65 57 54 59 65 64 50 45 55 63 68 72 75 77 78 77 76 75 77 79 81 80 74 67 59 55 56 57 58 59 57 55 52 50 48 46 44 44 44 44 43 40 38 38 39 37 34 30 28 25 24 23 22 20 19 17 15 13 11 9 7 4 2 359 357 355 352 350 348 346 345 343 342 340 339 337 337 335
5 47 73 78 80 81 82 82 79 76 76 77 78 84 88 84 80 77 67 58 62 69 69 60 50 52 60 66 71 74 77 81 84 85 85 83 81 80 82 85 83 76 67 58 56 57 57 57 55 52 51 49 46 45 44 43 43 44 43 39 35 35 37 37 35 32 29 26 25 25 24 23 21 20 18 16 13 11 9 6 4 2 359 357 355 353 351 350 348 346 345 343 342 341 340 338
36 54 72 76 78 79 81 81 80 79 77 75 73 72 73 73 71 69 63 63 74 77 69 58 57 61 66 70 73 76 80 84 88 92 95 95 92 88 87 88 89 85 77 68 61 60 59 57 55 52 50 48 46 46 46 44 42 42 43 40 37 36 36 37 36 32 29 27 27 28 28 26 24 22 20 18 16 14 11 9 6 4 2 359 357 356 354 352 351 349 348 346 345 344 343 341
52 61 71 74 75 77 79 79 79 78 76 74 69 62 59 60 62 60 57 65 73 69 61 60 62 65 70 74 76 78 82 85 89 94 99 103 104 100 97 95 97 96 89 81 69 60 57 54 52 51 50 48 47 45 46 44 42 42 41 40 37 34 35 37 38 35 32 30 29 32 33 31 27 25 23 21 19 16 13 11 8 6 4 1 359 358 356 354 353 352 350 349 348 346 345 344
58 62 69 72 73 75 76 77 77 77 76 74 71 67 65 65 64 62 62 68 67 58 59 63 64 65 70 75 78 81 84 85 88 92 97 104 110 111 107 104 105 108 105 97 84 68 59 54 51 50 50 49 47 45 44 43 42 42 41 40 37 33 33 36 38 37 34 31 30 33 37 38 33 30 28 26 23 19 16 13 10 8 5 3 1 360 358 356 355 354 352 351 350 349 348 346
61 63 67 70 72 75 76 76 77 78 79 79 79 83 86 84 78 73 73 73 64 57 59 62 62 63 67 72 76 81 85 87 88 91 95 101 109 115 115 112 113 116 118 115 108 88 69 59 52 50 49 49 48 47 45 43 42 41 41 41 39 37 35 37 38 38 35 31 29 31 36 40 41 40 39 36 30 23 19 15 12 9 7 5 3 1 360 358 357 356 354 353 352 352 350 349
64 64 66 68 71 74 76 76 76 78 81 85 89 92 94 93 88 83 78 72 65 62 61 60 59 60 64 68 72 79 84 87 90 90 92 97 105 114 119 119 119 122 125 127 128 113 80 62 52 48 48 47 46 46 46 45 43 42 42 42 41 39 38 39 40 39 36 31 29 31 35 38 40 41 42 41 36 30 26 20 13 9 7 5 4 3 2 0 359 358 356 356 355 354 353 351
65 64 64 65 68 71 73 74 74 76 79 81 84 86 89 89 86 82 75 68 64 66 64 58 57 59 61 64 69 76 82 87 88 86 87 95 105 114 120 123 124 125 127 132 139 137 105 68 53 49 47 45 44 44 44 44 44 43 43 43 42 40 40 40 40 39 38 33 29 32 35 37 38 37 34 35 34 31 29 25 14 6 5 6 5 4 3 2 1 360 359 359 358 356 354 353
64 63 62 63 66 67 69 69 68 68 70 71 71 73 77 81 81 78 72 66 63 67 66 58 54 55 57 58 64 74 81 85 83 78 84 96 106 112 115 121 127 129 129 133 143 152 146 83 55 49 50 48 45 44 43 43 43 43 43 43 43 42 41 40 39 39 38 36 30 31 35 37 38 37 36 36 35 29 24 24 20 8 1 3 5 6 5 4 3 3 2 2 0 358 356 355
62 61 59 62 63 62 61 61 60 62 64 66 66 66 70 73 75 72 67 64 65 69 68 59 52 53 55 54 59 71 78 80 77 72 85 98 104 105 107 115 127 132 131 136 145 156 172 153 51 46 48 49 47 45 44 43 43 42 42 41 42 43 42 41 41 40 39 37 33 30 34 38 39 39 38 37 36 32 27 27 28 20 4 359 3 6 7 7 6 6 5 4 2 360 358 358
62 60 59 60 60 60 59 59 60 63 65 65 63 63 67 71 71 63 56 60 67 73 71 62 53 51 53 52 59 70 74 74 71 71 85 96 99 99 105 112 118 124 129 141 152 159 180 206 1 38 42 44 44 44 44 43 43 43 42 39 39 42 42 41 42 43 41 39 35 31 33 38 41 39 38 38 37 36 34 33 33 29 18 3 1 5 8 10 10 10 9 7 4 2 1 1
60 60 61 63 64 65 65 65 65 64 65 65 63 62 67 72 70 53 47 55 66 75 74 65 57 52 51 51 58 68 72 70 67 70 82 93 95 99 105 105 100 105 120 140 156 163 183 218 245 10 33 39 41 42 42 42 42 43 43 40 39 42 43 41 42 44 44 41 37 33 31 36 40 39 40 40 41 41 39 37 36 35 29 18 7 6 10 13 15 15 14 11 8 6 5 6
60 61 64 67 68 68 67 67 66 64 64 66 66 65 68 72 68 44 40 50 61 72 78 68 60 58 55 50 54 60 67 70 67 68 79 89 95 100 103 95 90 92 100 121 148 165 188 219 240 282 11 30 37 41 42 40 40 43 45 43 40 42 43 41 40 42 43 42 39 34 32 36 40 41 42 43 43 43 43 42 40 39 36 28 19 13 16 22 25 25 23 19 14 11 10 13
64 66 67 67 67 66 64 63 63 61 59 63 67 66 68 72 67 37 33 44 53 64 73 67 58 63 66 63 57 56 60 66 68 72 83 90 94 97 95 90 88 85 87 99 129 164 191 218 236 256 317 11 28 38 42 40 38 41 44 43 40 41 42 42 40 40 41 41 39 36 35 38 42 43 43 44 43 42 41 42 42 42 40 35 28 24 27 34 41 45 39 24 16 16 17 20
66 67 67 67 67 67 65 62 60 57 55 61 65 64 66 72 67 32 23 35 45 55 64 64 59 68 73 75 70 60 57 61 67 78 89 94 93 89 86 82 77 75 82 93 110 151 197 223 240 252 274 331 14 33 40 39 37 39 43 43 40 38 40 42 40 39 40 39 38 36 34 37 40 41 42 44 44 42 40 41 43 45 43 41 38 32 35 41 43 42 31 17 15 21 27 31
63 63 65 65 65 65 64 63 59 56 57 62 63 59 62 71 70 30 8 29 39 49 55 60 61 66 68 70 73 70 59 59 67 79 90 95 91 85 79 70 62 67 78 86 90 95 208 248 256 258 267 293 347 22 36 38 37 37 41 43 40 37 38 42 40 38 38 38 38 36 34 37 40 41 41 44 45 44 42 41 44 45 42 40 39 34 36 39 34 27 22 18 20 29 37 39
59 60 61 62 62 61 60 60 59 59 64 66 60 53 58 70 74 39 356 25 39 44 47 52 58 62 61 59 65 69 59 56 64 75 86 90 88 82 73 61 56 66 74 77 77 72 48 297 288 277 277 286 314 4 31 37 37 37 40 42 40 37 38 41 40 37 37 38 39 37 36 38 42 45 44 44 45 46 44 42 45 47 42 39 38 33 31 32 27 25 26 27 29 33 34 30
56 59 60 60 60 59 57 55 57 63 70 70 57 47 57 71 77 49 352 19 40 42 42 47 52 57 56 55 65 67 54 52 59 69 80 87 84 72 62 57 58 67 70 70 70 67 43 337 321 311 295 291 302 338 21 36 38 37 39 42 40 37 39 41 41 37 36 38 38 38 37 37 40 44 46 46 46 47 46 46 49 51 46 40 39 34 28 27 27 29 32 34 32 28 24 22
55 58 60 61 61 60 56 53 56 62 70 70 55 46 58 70 76 60 352 6 35 41 42 44 47 49 49 51 62 66 57 55 56 64 71 74 70 56 51 54 56 61 62 62 64 58 33 1 342 335 319 304 304 323 4 31 37 38 39 41 40 37 38 40 40 37 36 37 38 37 36 35 36 40 43 46 47 47 47 47 50 52 48 41 38 34 28 27 30 33 35 35 30 25 23 23
56 58 59 61 62 60 56 56 59 62 66 67 56 50 59 66 72 74 31 338 43 50 51 51 50 48 44 46 53 56 59 61 63 68 68 61 52 40 41 47 49 50 53 56 58 52 35 14 357 348 338 317 309 317 349 23 36 38 39 41 41 37 37 39 38 35 34 36 37 38 36 35 34 37 41 43 44 45 47 46 48 50 48 42 38 34 30 29 32 34 34 32 29 27 28 28
56 56 58 63 64 61 58 61 66 66 65 66 60 55 59 64 71 78 86 168 153 91 73 69 67 61 54 53 53 54 59 64 72 76 71 62 53 41 40 42 40 41 44 47 48 46 37 24 10 358 348 327 315 316 337 15 34 38 39 40 41 38 38 39 37 36 34 35 37 39 38 35 34 35 38 41 42 43 46 48 51 52 49 43 38 35 31 30 33 34 34 31 29 31 32 25
54 54 56 62 66 64 64 68 72 70 66 70 67 57 57 63 70 76 84 127 163 140 107 91 85 81 78 75 73 73 72 73 79 79 75 69 60 53 50 46 42 40 41 43 43 41 36 27 16 6 356 340 323 320 332 6 31 39 39 40 41 39 39 43 45 47 46 41 40 41 40 37 35 34 36 38 40 43 46 50 53 54 50 44 40 36 32 31 34 35 34 32 30 31 30 18
50 52 53 55 56 57 61 68 75 73 68 73 75 60 54 60 68 74 79 93 143 150 134 114 102 96 91 90 93 95 92 86 84 81 78 74 69 66 60 55 50 46 48 50 49 47 43 35 22 13 3 349 332 325 332 359 28 38 39 41 43 42 45 50 54 62 67 63 52 46 42 39 38 37 35 35 38 40 43 47 49 51 49 44 40 35 32 32 35 36 35 32 28 27 24 16
44 48 51 48 46 46 50 57 66 70 69 77 81 71 58 59 65 70 74 79 104 132 137 129 116 108 104 103 104 102 100 95 88 84 82 78 74 70 63 60 58 56 56 55 56 57 55 45 30 19 10 358 339 330 333 353 24 37 39 43 46 47 51 53 52 56 62 67 67 58 49 45 42 40 36 34 35 37 40 42 45 48 46 40 37 34 31 31 33 35 34 29 26 25 22 16
44 51 54 49 46 46 47 51 57 60 66 80 87 81 71 68 66 65 67 74 87 106 121 125 120 117 115 111 111 109 107 100 92 88 85 80 75 71 65 60 59 58 57 55 55 57 56 46 31 21 14 5 347 335 336 351 23 41 46 48 48 49 51 50 49 52 54 56 61 66 61 55 49 45 40 36 33 34 36 37 39 42 41 37 36 35 32 31 34 36 33 27 24 25 22 18
47 53 56 51 49 51 50 50 54 55 60 75 86 81 80 80 71 62 60 67 80 93 104 111 113 114 115 117 119 118 113 102 94 92 88 82 77 75 69 61 58 57 57 57 56 54 52 44 27 19 16 10 354 340 342 356 22 43 52 51 47 47 47 46 47 51 52 52 55 59 68 71 67 58 50 42 36 34 35 34 35 39 41 39 37 36 32 32 37 38 33 24 20 22 22 20
44 50 52 48 47 50 51 51 54 52 55 66 75 76 84 88 79 64 57 59 69 85 95 99 102 106 114 124 127 127 117 101 95 93 90 84 79 79 74 66 61 58 58 61 59 56 52 42 26 20 19 13 360 348 346 357 18 35 44 43 40 44 44 43 46 50 52 52 53 53 59 71 78 78 70 57 47 41 39 37 36 40 42 40 38 37 33 33 37 36 29 20 17 20 22 22
40 48 53 48 45 49 52 53 54 51 52 58 64 70 77 86 83 70 61 59 64 75 87 92 100 111 121 128 131 133 124 100 92 91 91 86 80 81 79 72 67 63 61 64 63 60 54 42 28 22 21 14 2 354 350 356 13 31 39 38 37 41 43 43 48 51 51 51 52 51 52 59 68 76 82 82 73 62 56 50 46 46 44 41 39 36 32 33 35 35 29 19 16 20 21 23
40 49 54 49 45 47 51 56 55 51 48 51 55 62 72 80 77 72 71 69 73 79 83 89 97 107 117 124 129 137 133 103 88 83 85 86 82 81 82 78 74 73 73 70 67 64 57 46 33 25 22 16 3 356 354 358 12 31 40 40 40 43 44 46 50 52 52 51 51 51 52 57 62 68 75 86 96 92 80 64 53 49 45 42 38 33 28 28 30 32 30 21 17 20 23 25
39 49 55 51 47 49 54 56 55 51 46 46 48 52 60 71 72 74 80 95 99 92 85 85 91 94 98 107 122 137 140 115 90 78 74 78 82 82 80 80 79 81 88 87 77 68 60 47 35 29 23 16 5 359 358 1 13 31 41 43 43 44 45 47 50 51 51 51 51 51 53 57 62 67 73 80 95 110 106 91 71 53 45 41 36 29 24 22 23 27 27 22 19 22 26 27
39 50 59 57 53 58 63 63 59 54 49 46 44 45 50 57 67 79 98 109 112 105 90 82 84 87 90 96 107 126 140 130 101 81 71 69 73 77 78 79 82 85 93 103 95 76 62 46 35 30 23 16 6 2 2 4 16 31 42 44 44 44 45 47 50 51 51 51 51 51 53 56 59 63 69 77 87 104 116 118 113 88 59 43 36 29 23 20 22 24 25 23 21 23 26 27
42 51 59 59 57 63 70 73 70 65 60 56 51 49 49 55 68 86 103 112 114 109 97 84 81 84 87 85 91 110 129 137 121 92 76 68 65 66 71 75 79 83 90 102 110 90 66 48 39 34 26 19 9 6 6 7 17 32 41 44 45 45 47 48 50 51 52 51 51 51 53 55 57 59 62 70 79 88 101 117 127 131 120 79 51 36 27 26 28 27 26 27 25 23 24 26
43 49 56 57 56 61 64 68 76 81 79 74 68 65 64 65 75 89 101 108 111 113 108 95 84 81 80 81 86 97 114 133 139 112 86 73 65 61 60 64 69 74 80 89 103 99 70 52 46 40 29 21 13 9 11 12 19 33 43 47 48 49 50 51 52 52 52 52 51 51 52 55 56 57 59 63 70 75 79 91 112 136 147 140 107 63 40 34 34 32 30 32 29 24 25 27
45 51 55 56 58 61 58 57 65 77 85 84 81 78 78 80 85 89 93 101 111 117 116 109 94 81 73 79 89 95 107 123 146 139 102 85 73 64 58 56 60 64 67 73 79 78 61 53 51 43 30 22 17 14 16 17 22 35 45 49 51 53 53 53 54 54 54 54 52 51 53 54 54 56 59 62 67 68 65 72 86 114 147 157 151 132 81 43 37 35 32 34 33 28 27 30
50 55 57 57 61 63 59 54 56 62 71 78 82 86 89 94 95 90 84 87 104 118 122 117 102 81 70 73 83 91 99 112 137 150 126 102 86 74 64 61 62 61 60 62 58 46 39 43 48 43 32 24 19 18 19 21 25 36 45 47 50 52 51 52 54 55 57 57 55 54 54 55 53 54 56 62 69 71 67 69 75 85 117 151 159 162 156 108 58 48 40 37 37 33 31 34
52 55 56 57 61 62 61 60 57 57 60 62 69 81 97 107 104 95 84 81 87 110 122 119 106 85 72 67 71 80 87 96 115 141 144 122 99 84 76 73 69 63 62 59 48 38 32 31 37 37 32 25 22 22 22 23 28 38 45 48 51 52 50 51 54 56 57 59 61 60 57 55 55 53 55 60 67 73 75 76 76 76 83 111 141 161 171 170 134 74 52 43 44 40 34 32
44 50 53 56 60 60 60 64 65 64 61 58 63 79 100 109 108 99 92 86 83 91 110 116 114 98 80 70 67 70 76 82 95 119 140 140 118 95 87 83 76 69 65 58 46 39 34 27 28 33 31 27 25 26 26 25 31 41 47 50 53 52 51 52 53 55 56 59 65 69 67 61 57 53 53 57 61 66 74 80 81 78 74 79 98 129 157 171 166 136 92 66 57 50 39 35
30 44 53 56 60 61 61 62 66 73 72 69 70 84 97 104 107 103 99 93 86 85 95 108 120 116 96 80 72 68 68 74 83 96 122 141 140 113 96 89 83 75 67 54 46 43 37 28 27 33 33 30 30 30 28 28 35 45 49 51 52 52 52 52 52 54 56 58 65 73 79 78 67 57 52 53 57 59 63 71 78 76 70 70 73 78 95 133 157 154 132 103 82 65 51 44
22 43 54 56 64 67 66 63 65 71 77 81 85 93 96 98 101 103 101 95 89 88 93 103 119 128 112 94 81 72 66 71 79 87 102 128 149 133 100 91 85 78 66 53 47 45 40 30 29 34 35 34 34 33 32 33 39 48 50 50 51 51 52 52 52 54 57 60 66 72 82 92 93 84 67 56 56 55 55 58 66 68 66 66 62 56 65 80 105 124 106 93 91 85 71 48
38 50 55 56 65 72 73 71 70 72 77 85 96 103 100 95 93 91 92 91 90 91 97 103 115 131 127 107 91 76 66 66 74 83 91 108 141 143 106 91 82 73 62 53 47 44 40 31 31 35 36 37 37 37 37 38 44 50 50 51 51 51 52 52 52 55 58 63 67 71 78 90 103 107 103 82 64 57 53 55 58 60 61 63 54 45 44 39 24 17 26 46 65 77 79 39
53 57 59 60 62 65 71 78 82 82 82 91 105 108 103 94 87 80 77 79 84 89 96 102 112 126 133 119 100 84 70 66 68 72 81 93 117 135 115 92 75 62 57 52 46 44 40 34 34 37 39 40 38 39 41 44 48 50 51 52 52 53 52 50 51 56 60 64 67 70 74 82 95 107 115 111 85 68 59 57 57 55 52 48 35 26 21 18 18 17 21 31 41 48 49 22
53 56 65 69 61 57 62 72 80 89 96 101 108 109 103 94 88 82 76 73 75 80 87 95 105 118 129 129 113 99 86 76 68 65 72 79 91 113 110 87 67 57 54 49 46 46 42 37 38 40 42 43 41 42 46 48 49 50 52 53 53 54 52 47 47 52 57 61 64 67 71 76 85 97 109 117 101 80 69 64 62 60 55 46 33 25 24 25 28 27 26 28 29 32 33 25
43 55 70 77 73 65 62 63 69 85 100 108 108 105 100 95 91 88 88 84 76 72 71 79 91 105 119 129 124 115 107 90 76 69 70 71 74 82 83 69 58 54 52 47 45 45 42 40 42 44 45 49 52 52 53 51 49 50 52 53 54 54 51 45 43 46 50 53 55 58 62 65 72 83 93 100 93 83 80 78 76 72 66 58 48 41 41 39 36 34 30 30 28 29 34 35
31 56 71 79 87 89 80 70 71 79 91 105 107 100 98 96 94 94 99 102 91 77 69 68 73 82 97 113 120 120 120 110 93 80 73 69 65 62 54 46 48 49 47 45 44 43 42 43 45 46 48 55 63 69 67 58 51 52 52 53 54 54 51 46 44 45 46 45 47 50 53 56 61 69 74 65 63 69 76 85 85 78 73 70 61 53 46 37 33 33 34 36 39 43 51 53
32 56 66 73 86 95 98 97 88 82 86 93 98 96 96 98 97 98 102 107 104 94 84 76 72 71 72 80 98 112 119 121 114 96 81 71 61 52 43 38 42 46 45 44 43 42 43 45 47 48 52 60 67 74 79 68 57 57 56 56 56 55 54 51 52 55 56 54 50 49 50 53 60 64 60 47 45 53 65 76 79 73 73 72 61 53 42 30 26 29 35 41 47 54 60 60
