windninja/windninja_output/Output_2025-08-09_1600-1650_Google earth_Fire_150m_10min/merlingen_7.5mi_point_08-09-2025_1600_150m_ang.asc
ncols	158
nrows	163
xllcorner	391686.332397
yllcorner	5160024.123721
cellsize	150.000000
NODATA_value	-32768.000000
[rows 0 to 49 of 163, columns 0 to 95 of 158]
268 265 259 253 248 247 243 235 230 228 225 218 212 211 215 219 224 224 221 222 215 204 201 203 204 204 201 198 196 195 194 193 192 190 187 186 184 181 178 174 171 168 166 163 160 158 155 153 152 152 152 151 150 150 149 147 143 139 137 137 136 134 131 129 127 124 122 122 124 126 125 123 119 116 114 114 114 112 111 112 111 108 103 104 104 102 97 92 92 89 86 85 85 81 77 76
268 266 261 256 252 248 242 237 236 233 227 218 211 212 217 221 223 221 220 220 213 203 202 205 207 206 203 200 199 198 197 196 195 192 190 189 187 184 180 177 173 170 168 165 162 160 158 155 153 152 151 150 148 148 147 145 142 140 137 136 136 134 132 130 129 126 123 122 122 124 125 123 120 118 116 115 114 112 112 114 112 108 105 103 103 103 101 96 93 92 90 90 88 86 83 81
269 267 263 258 255 248 241 240 240 237 227 215 209 212 218 223 223 220 220 218 212 204 201 205 209 209 206 203 203 203 202 200 198 196 193 191 190 187 183 180 176 172 169 166 163 161 159 157 155 153 150 148 147 145 144 143 142 140 138 136 136 135 133 131 131 129 125 122 120 122 124 122 121 120 118 116 114 112 113 114 112 108 106 104 102 105 108 102 97 97 97 97 96 95 95 93
269 266 261 257 254 248 242 241 240 234 224 211 208 214 220 226 226 223 221 219 215 210 204 204 209 210 208 206 205 204 205 204 202 199 196 193 192 190 186 182 178 174 170 166 164 161 159 158 157 155 152 151 149 147 145 143 141 139 137 135 135 135 133 131 130 128 126 122 119 120 122 121 120 119 117 116 116 112 110 111 113 108 105 106 104 106 111 108 103 102 101 101 103 103 103 103
270 266 259 255 252 248 246 246 242 233 221 211 209 215 224 229 229 227 224 222 220 216 209 204 208 210 209 207 205 205 205 205 204 201 198 197 195 193 188 183 179 175 171 168 165 162 160 159 157 155 154 152 149 146 144 141 139 137 136 134 133 133 131 129 128 128 125 121 118 119 119 118 117 117 116 115 114 112 109 109 111 108 105 106 105 105 111 114 111 108 105 105 108 111 112 113
273 269 262 256 252 250 250 249 243 232 222 214 210 218 229 232 231 230 227 226 225 223 216 206 207 210 210 209 207 206 206 206 205 203 201 199 197 194 189 185 181 176 172 169 166 163 161 158 156 154 153 151 148 145 142 140 138 137 135 134 132 131 131 129 128 127 124 120 117 118 117 115 116 117 116 113 112 112 110 107 106 108 107 106 105 104 108 114 115 114 112 110 112 116 117 117
273 272 268 261 256 253 252 249 241 231 224 218 214 222 233 234 232 230 228 227 227 226 221 211 209 212 212 212 211 209 208 208 207 206 204 201 198 195 192 189 185 180 175 171 167 164 161 158 156 155 153 150 148 145 141 138 136 135 134 134 133 133 131 129 126 126 124 120 117 118 118 115 116 118 118 114 112 111 110 106 105 109 110 107 105 103 104 110 115 117 116 113 112 113 114 113
271 270 269 267 262 257 252 247 239 233 228 222 218 224 234 236 232 230 229 228 228 228 225 218 213 213 214 215 213 212 212 212 211 209 208 205 202 200 198 194 190 185 179 174 168 164 161 158 156 155 153 149 147 145 140 137 136 134 134 134 134 134 132 128 125 124 123 119 117 119 119 116 114 116 116 114 110 107 107 105 105 109 111 109 107 104 105 109 113 116 117 114 112 110 111 114
271 269 267 266 264 259 253 247 241 237 233 228 222 226 234 235 233 232 231 230 230 230 228 223 216 212 214 217 215 214 217 216 214 214 213 211 208 206 204 201 196 191 184 177 170 165 161 157 156 156 152 148 146 144 138 136 136 134 133 132 132 132 131 127 123 121 121 120 118 117 116 113 111 111 112 111 108 104 103 104 105 108 113 114 112 111 110 112 116 120 121 120 117 117 119 118
271 269 266 264 261 258 253 249 245 241 238 234 228 228 235 236 234 234 233 232 232 231 229 224 219 214 213 217 217 217 220 219 217 217 217 216 213 211 209 207 201 195 188 180 172 167 162 158 156 156 152 147 146 143 137 134 134 132 129 127 125 126 128 125 121 119 119 119 117 114 111 110 110 109 109 108 105 104 107 107 107 109 114 117 115 114 114 115 120 123 123 122 122 123 121 116
272 270 267 263 260 256 253 250 247 243 241 238 233 231 236 238 238 237 235 234 233 231 230 227 222 218 214 216 218 219 222 222 220 221 222 220 217 214 213 210 205 199 193 184 176 169 163 158 155 154 149 145 144 139 133 128 126 124 121 119 118 119 122 123 120 118 116 115 114 110 107 108 110 110 107 104 103 107 114 114 111 109 111 115 115 117 117 114 116 119 116 116 118 120 117 112
272 270 267 263 259 257 254 251 248 245 243 240 236 234 238 242 241 239 238 237 237 235 233 229 225 221 216 218 222 224 225 226 225 225 226 224 221 219 217 213 209 204 198 189 180 172 165 159 154 150 143 138 135 129 125 120 117 115 113 111 108 109 114 119 118 116 113 111 112 112 109 108 108 110 110 109 109 112 118 119 114 110 110 114 118 121 118 113 113 118 114 109 111 116 114 110
272 270 267 263 260 257 255 252 249 247 244 241 237 236 240 246 246 243 241 240 240 239 236 232 228 224 221 223 226 228 228 229 228 228 227 227 225 224 221 216 213 209 202 195 186 178 171 164 153 144 137 132 126 119 116 115 112 108 104 99 99 101 107 113 114 112 110 111 117 117 112 108 108 113 118 117 115 115 118 120 117 113 113 114 116 119 116 111 112 119 113 106 106 113 111 105
271 270 267 264 261 258 255 252 250 247 245 243 239 236 241 248 251 249 246 244 242 239 237 235 231 228 225 226 228 229 230 232 232 230 229 229 228 226 223 220 218 215 211 205 196 188 179 172 158 143 135 130 123 114 110 111 110 106 99 95 98 103 107 110 112 110 109 113 120 122 115 111 111 115 120 118 115 112 112 114 116 115 115 112 110 112 112 107 105 111 109 103 100 103 103 99
271 270 267 264 261 258 255 252 250 248 246 244 241 237 240 247 251 252 250 247 244 241 238 235 233 230 228 228 230 230 232 235 235 233 231 230 229 229 227 226 227 226 224 221 210 198 186 173 162 149 139 133 126 116 111 110 113 113 109 103 105 109 112 113 111 109 112 114 119 126 125 118 114 115 116 116 113 108 105 107 113 115 113 108 104 104 105 100 96 97 100 96 92 92 95 96
271 270 267 264 261 258 256 253 251 249 247 245 243 240 241 247 249 248 247 247 244 241 237 235 234 233 231 231 232 232 234 235 233 232 233 234 236 236 234 234 236 234 230 224 213 201 188 174 163 152 142 139 133 125 120 115 115 121 119 111 109 111 113 114 109 109 113 114 116 127 131 122 115 112 113 114 110 105 105 108 112 112 108 104 100 97 95 92 89 87 90 91 89 89 92 95
271 270 267 264 261 258 256 253 252 250 249 247 246 245 247 249 248 245 243 244 242 239 236 235 236 235 233 232 233 234 236 236 234 235 237 240 243 242 239 238 237 233 227 223 214 202 190 181 169 155 145 142 137 129 123 116 112 118 122 115 111 111 112 113 109 106 109 113 115 120 127 124 116 115 116 114 110 108 110 110 107 105 102 97 93 90 86 83 86 90 92 92 90 90 91 93
271 269 266 263 261 258 256 254 252 250 249 248 247 248 250 252 250 247 244 242 241 239 238 239 239 237 236 236 237 238 238 237 236 236 239 241 241 240 238 238 236 233 230 227 220 207 194 184 171 157 147 141 135 128 122 116 112 115 121 116 111 110 110 112 111 107 108 111 112 114 119 124 120 120 121 117 115 112 108 103 97 96 94 89 85 84 83 83 90 99 101 95 91 91 91 91
271 269 266 263 261 258 256 254 253 250 249 248 248 248 250 253 252 248 245 243 242 241 241 241 241 241 240 239 240 241 240 238 235 236 238 240 241 241 240 240 239 237 235 231 224 212 198 184 169 157 147 139 133 127 122 119 115 114 116 115 110 107 108 110 111 109 106 106 107 110 116 122 121 119 120 118 114 108 98 91 91 92 91 88 85 85 86 89 93 99 105 101 95 94 92 90
271 269 266 263 260 258 256 255 253 251 249 248 248 248 249 251 250 248 246 245 243 242 242 242 242 242 241 241 241 241 240 237 236 238 242 244 245 245 244 243 241 239 236 233 227 216 203 187 171 156 144 137 133 128 125 121 117 112 111 111 106 102 104 108 108 107 105 103 107 112 117 120 117 115 118 117 109 99 92 90 92 94 97 97 93 90 89 89 92 97 105 107 99 96 95 93
271 269 267 264 260 258 256 254 253 251 250 249 248 248 248 248 248 247 246 245 243 243 243 243 242 242 242 242 241 240 239 236 237 240 244 245 246 246 243 242 241 239 238 236 231 219 205 193 176 157 144 135 132 129 125 120 116 111 108 106 103 99 102 107 107 107 107 107 110 114 115 115 112 111 115 116 108 99 94 94 97 99 100 101 100 94 90 89 92 97 104 109 100 95 96 97
271 269 266 263 261 258 256 254 252 251 250 249 249 248 248 247 246 246 246 245 244 244 244 243 243 242 243 242 242 241 239 237 238 243 244 245 245 245 243 242 241 242 241 239 234 222 210 197 180 160 144 134 128 126 122 119 115 112 107 102 99 99 101 106 107 109 112 112 111 110 108 105 104 106 111 118 114 102 96 95 97 98 98 101 104 98 93 91 95 99 104 109 101 96 98 100
271 269 265 263 261 258 256 253 252 251 250 249 248 248 248 247 246 246 246 246 245 244 245 244 243 243 243 242 242 242 241 239 242 246 247 248 248 246 245 245 245 244 243 240 236 227 216 201 184 161 142 132 124 121 120 120 116 113 108 99 97 98 100 105 110 114 116 113 109 103 100 99 100 103 110 120 122 109 100 95 93 93 95 100 104 103 99 97 97 99 103 108 101 96 98 100
270 269 265 263 260 258 255 253 252 251 251 249 248 247 247 247 247 247 247 246 245 245 245 244 243 244 243 242 244 245 245 244 247 248 249 250 250 249 248 249 248 247 245 243 240 232 220 206 187 160 139 130 123 119 119 118 114 112 111 103 98 98 100 108 115 117 115 110 101 95 93 95 100 105 110 118 124 114 105 96 90 89 92 95 101 106 107 102 98 98 100 102 98 96 97 99
270 269 266 263 260 257 255 253 253 252 251 249 249 248 247 247 247 248 248 247 246 246 246 244 243 243 242 242 246 249 249 250 251 251 250 250 250 251 252 251 250 249 248 246 244 235 223 211 190 160 136 125 121 118 116 115 112 110 110 105 99 99 104 110 114 113 108 99 90 87 89 96 104 108 108 108 113 115 110 101 93 91 90 90 95 104 108 104 99 98 98 98 96 96 97 98
270 269 266 263 260 257 254 253 253 252 250 249 249 249 248 248 248 248 248 248 247 247 246 245 243 242 240 242 248 251 252 254 255 254 252 250 250 252 255 255 255 253 251 249 246 237 227 218 197 157 134 121 116 114 113 114 111 105 103 104 103 106 109 110 109 106 100 90 82 83 91 103 109 109 106 100 101 109 115 111 103 97 92 89 92 99 105 104 101 100 101 103 98 96 97 98
270 268 265 262 260 257 255 254 253 251 250 249 250 249 249 249 249 249 249 248 248 247 246 245 244 240 237 242 248 251 253 256 259 260 257 253 250 253 256 258 257 255 254 253 250 242 234 226 198 155 135 118 112 112 115 116 108 99 100 105 110 112 112 108 102 97 91 83 80 86 98 107 110 108 107 100 94 101 115 121 113 104 98 95 94 97 100 99 97 99 104 111 103 97 95 96
270 268 265 262 259 257 255 255 253 251 250 250 250 250 250 250 250 250 249 249 249 249 248 247 244 239 237 243 248 248 251 255 260 263 262 258 254 255 258 260 259 259 259 257 253 243 233 224 194 159 137 117 111 111 115 119 110 100 104 110 111 110 108 104 96 89 82 78 85 94 100 105 107 106 107 103 94 96 107 120 119 111 105 102 100 96 93 92 92 94 100 112 111 101 96 96
270 268 264 261 259 257 256 255 253 251 250 250 250 250 251 251 251 251 250 250 250 250 250 249 245 241 241 246 246 245 246 252 258 261 264 264 260 258 260 261 260 260 260 257 252 241 231 221 194 164 142 120 113 111 111 120 119 106 106 111 110 107 103 99 94 87 80 81 93 100 102 102 103 102 101 103 99 94 97 110 119 118 111 105 100 93 89 90 90 89 93 106 114 108 102 100
270 268 264 261 259 257 256 255 253 251 251 251 251 251 252 252 252 252 252 252 252 252 251 249 247 245 248 250 247 243 244 248 253 259 265 268 264 261 262 261 260 259 256 252 249 238 230 217 190 167 152 128 114 107 106 114 120 108 103 107 109 105 97 91 88 86 85 90 97 102 103 101 96 94 96 103 102 94 92 100 114 121 114 105 98 93 93 95 93 89 88 95 108 112 108 104
270 268 264 260 258 258 256 254 253 252 252 252 252 252 252 253 253 253 253 253 253 253 252 251 250 252 254 254 250 246 247 249 253 259 266 268 264 263 263 262 260 257 253 250 245 235 226 211 187 168 152 131 115 104 101 103 107 105 103 102 103 100 89 81 83 88 92 95 97 100 102 97 90 92 99 105 102 93 90 95 107 119 116 107 101 99 100 99 95 89 84 86 95 106 108 106
270 268 264 260 259 258 256 254 253 253 252 253 253 253 254 254 255 255 255 255 255 254 253 254 254 256 257 255 251 248 252 256 258 261 265 265 263 265 265 261 259 257 253 251 245 234 224 210 190 168 145 127 113 101 95 92 95 99 101 99 98 94 81 76 83 93 99 98 96 97 97 93 94 100 106 105 100 94 91 93 100 111 114 109 105 103 101 96 91 87 84 82 85 95 104 107
269 267 264 261 260 258 256 254 254 254 253 254 254 254 255 255 255 255 256 257 257 257 256 256 257 258 259 257 252 251 256 260 261 261 263 264 265 267 265 260 258 256 253 251 246 236 229 218 199 166 139 122 112 100 91 91 96 95 96 96 94 88 76 75 84 94 105 104 96 93 93 96 102 107 109 107 104 97 92 92 93 98 105 107 105 102 99 94 89 87 85 84 84 90 100 108
268 266 263 262 261 258 256 255 255 255 255 255 256 256 256 256 256 257 258 259 259 259 259 259 260 261 262 260 257 258 261 261 260 259 261 265 269 267 263 259 258 255 253 252 247 241 236 227 204 164 133 117 109 100 92 94 99 96 90 88 89 87 80 79 84 90 102 107 99 94 96 101 104 106 109 110 109 103 95 89 85 87 94 102 106 102 97 95 92 87 85 86 89 94 102 111
268 266 262 262 261 259 257 256 256 256 257 257 257 258 257 257 258 259 260 260 260 261 261 263 264 263 263 262 263 266 267 264 261 261 261 263 268 267 261 258 258 256 254 255 252 249 244 234 210 161 123 109 102 97 93 95 98 97 89 84 84 88 91 86 83 84 93 104 105 102 101 100 99 101 104 108 110 107 98 86 79 80 86 95 103 103 96 95 95 89 87 90 95 100 105 111
268 266 264 263 261 259 257 257 257 258 258 259 259 259 259 259 260 261 261 261 262 263 264 265 266 265 265 265 267 270 272 270 267 266 263 260 260 262 260 258 257 255 255 257 256 255 251 240 217 160 114 101 97 95 95 94 95 95 91 85 84 87 96 94 84 81 87 99 108 109 103 96 93 94 100 106 108 103 97 90 83 79 80 85 94 103 99 95 95 95 94 96 97 99 103 109
269 268 266 264 261 259 258 259 259 259 260 260 261 261 261 262 262 262 263 263 264 265 266 266 267 268 269 267 268 273 276 276 273 270 265 258 255 256 258 258 258 259 259 261 260 256 252 244 226 149 105 96 92 93 95 93 91 90 89 85 85 87 95 101 90 83 86 95 104 105 97 90 89 94 101 104 102 96 93 96 93 83 77 78 84 99 107 99 96 101 101 99 97 97 102 110
270 269 267 265 262 260 260 261 261 262 262 262 262 263 263 264 264 264 265 265 266 266 267 268 269 270 271 271 274 278 280 278 275 270 265 260 256 254 256 259 261 263 263 264 263 260 258 255 249 109 100 97 92 91 93 93 89 86 86 86 85 86 92 100 96 88 88 93 97 93 86 87 93 100 102 98 100 99 91 94 96 89 81 77 83 94 109 107 100 103 104 100 98 101 105 108
270 269 267 265 263 262 262 263 264 265 265 265 264 265 265 266 266 266 267 267 268 268 269 270 271 272 273 277 281 280 279 278 275 270 266 261 254 254 259 263 265 266 265 264 264 264 262 262 265 91 94 96 92 89 91 94 91 87 86 86 84 83 85 92 95 91 91 92 90 84 86 95 100 101 94 93 103 109 91 88 93 92 85 83 86 92 103 112 106 104 103 101 102 103 103 100
270 270 268 266 265 265 265 266 267 268 267 267 267 267 267 268 268 269 269 269 269 270 271 271 272 274 277 282 283 280 277 277 276 272 268 260 254 259 262 264 266 267 267 268 268 266 264 264 250 89 91 98 100 94 93 95 97 92 88 86 82 75 74 80 90 91 91 91 86 87 97 102 100 92 85 95 106 120 97 86 84 85 88 89 90 91 98 111 111 104 101 101 102 101 98 97
270 270 269 269 268 268 269 270 270 270 270 269 270 270 270 270 270 270 271 271 272 272 272 273 274 276 278 282 282 280 278 278 277 274 268 262 262 265 265 265 267 268 271 273 272 269 267 266 169 87 91 101 111 106 96 94 96 95 89 84 76 67 66 74 85 90 89 88 88 95 101 99 92 87 90 99 109 128 106 86 77 77 85 91 91 94 101 110 110 105 102 99 97 95 96 98
270 270 271 271 271 272 273 273 273 273 273 272 272 273 272 272 272 272 273 273 274 274 274 275 275 277 279 281 282 282 280 279 278 275 270 268 270 271 270 270 270 270 272 270 268 268 270 268 115 96 95 100 109 108 98 92 90 90 86 79 72 66 68 73 81 89 89 88 93 96 94 88 88 93 99 103 109 124 102 84 78 79 84 90 94 98 102 104 105 105 103 97 90 90 96 101
271 271 273 274 275 276 277 276 275 275 276 275 275 275 275 274 274 275 275 275 276 276 276 276 277 278 279 281 283 283 281 279 279 278 277 276 275 276 277 276 274 271 268 266 266 265 265 256 106 99 96 96 99 100 95 89 83 80 78 75 73 74 78 77 79 87 92 93 94 91 82 83 90 97 103 104 105 106 90 83 83 85 88 94 99 100 94 90 96 101 102 97 90 91 98 104
271 272 274 276 278 279 279 279 278 278 278 278 278 278 277 277 277 277 277 277 277 278 278 278 278 279 280 282 284 284 282 280 280 281 283 283 283 282 281 279 274 270 269 270 270 267 264 279 86 95 96 93 90 88 86 82 76 72 72 75 79 85 88 86 86 91 97 98 93 84 80 85 90 97 101 101 93 73 77 85 86 90 97 102 101 93 79 80 88 96 100 98 95 96 98 100
272 273 275 279 281 281 281 281 281 280 281 281 280 280 279 279 279 279 279 279 279 280 280 280 280 281 282 283 284 284 283 282 282 283 285 287 288 285 281 278 275 273 274 274 270 268 283 14 91 99 96 88 80 74 72 72 69 67 72 78 84 89 94 96 99 99 99 99 94 86 85 87 87 91 93 88 71 45 65 83 92 100 104 101 93 78 73 78 85 91 96 99 100 99 96 92
272 273 277 281 282 283 283 284 284 283 283 283 283 282 282 282 282 281 281 281 281 281 282 282 282 283 283 284 284 285 285 285 285 286 288 290 289 286 283 280 279 278 276 273 271 282 318 74 99 98 89 78 69 62 63 65 65 70 79 86 89 93 99 105 106 104 99 95 93 91 90 88 85 84 81 73 51 36 66 88 100 105 102 93 79 72 76 81 83 87 93 101 103 100 93 88
273 275 279 281 283 284 286 286 286 286 285 285 285 285 284 284 284 284 283 283 283 283 283 284 284 284 285 285 285 286 287 287 287 288 289 290 289 288 287 286 285 282 277 274 280 296 355 91 93 84 74 66 57 53 58 62 67 78 89 94 96 98 103 107 106 102 98 92 88 90 90 88 84 80 73 63 45 44 77 93 99 99 92 83 76 76 82 84 83 85 92 101 103 98 91 86
274 276 280 281 282 284 287 289 289 289 288 288 288 287 287 286 286 286 286 285 285 285 285 286 286 286 286 287 287 288 288 288 289 289 290 291 292 292 291 289 287 285 282 282 293 312 72 87 78 68 62 53 47 53 57 64 75 86 96 102 103 101 102 103 102 98 94 89 86 88 89 86 82 76 68 58 48 58 82 90 92 90 86 83 82 83 86 87 85 88 93 98 99 95 89 86
274 276 279 281 281 283 288 292 292 291 291 290 290 289 289 289 288 288 288 287 287 288 288 288 288 288 288 289 289 289 290 290 291 291 293 294 294 293 292 292 290 289 289 292 306 1 67 71 63 55 46 42 49 57 61 71 84 94 100 104 105 100 97 97 97 95 91 88 85 86 85 83 80 73 64 56 54 67 81 86 86 87 88 87 86 87 88 89 91 94 93 92 92 91 88 86
275 277 279 280 281 283 288 293 296 295 293 293 292 292 291 290 291 290 290 290 290 290 290 290 290 290 291 291 291 291 292 292 293 294 295 297 297 295 295 296 295 294 295 300 317 32 62 59 51 39 31 40 53 61 68 80 92 99 101 99 98 95 91 92 94 94 91 88 85 83 82 80 76 69 61 58 62 70 78 83 85 87 89 90 90 90 91 94 97 95 90 85 84 85 85 80
