windninja/windninja_output/Output_2025-08-09_1600-1650_Google earth_Fire_150m_10min/merlingen_7.5mi_point_08-09-2025_1650_150m_ang.asc
ncols	158
nrows	163
xllcorner	391686.332397
yllcorner	5160024.123721
cellsize	150.000000
NODATA_value	-32768.000000
[rows 0 to 42 of 163, columns 0 to 95 of 158]
312 308 302 299 298 298 299 295 291 291 291 284 266 252 252 260 268 274 280 292 303 304 299 298 301 305 305 301 301 305 305 304 303 302 302 305 308 306 304 306 306 307 309 309 311 314 315 317 320 324 328 329 330 332 333 331 328 326 325 326 327 327 326 325 325 326 326 325 326 327 328 328 327 325 324 325 326 324 321 322 323 322 318 317 316 313 311 309 307 305 302 301 301 299 294 289
316 311 304 302 299 297 296 292 289 289 290 287 277 266 265 270 279 286 292 298 305 309 306 303 303 305 307 306 304 304 304 304 305 306 306 307 310 312 312 313 313 313 315 316 317 320 322 322 323 324 325 326 327 328 330 329 328 327 326 326 327 327 327 327 327 327 326 326 325 327 329 329 328 327 325 326 327 325 323 324 325 324 320 319 318 316 316 314 311 309 306 305 304 303 302 300
323 317 310 307 302 299 296 293 292 293 296 300 299 291 285 286 292 298 301 302 307 313 313 309 305 306 309 310 308 306 305 306 308 309 311 312 315 317 319 320 320 320 321 321 323 325 326 327 328 326 325 325 326 326 327 328 328 328 328 328 329 329 329 328 329 329 327 326 325 327 330 330 329 328 327 329 330 327 326 328 330 328 324 323 321 321 325 324 321 320 316 314 315 316 317 317
324 319 314 310 306 304 304 302 303 305 307 311 309 301 295 294 297 301 302 302 306 310 315 315 310 310 313 314 315 314 312 311 311 312 314 316 317 317 319 321 323 324 324 324 325 327 327 329 331 331 330 330 330 329 329 329 328 327 328 328 329 330 330 329 329 329 328 326 325 327 330 330 328 327 327 328 329 327 326 329 333 331 327 328 324 324 329 331 330 330 329 326 325 327 327 327
323 320 317 313 309 309 309 307 306 307 310 315 314 306 300 296 296 298 299 300 302 307 314 319 315 314 317 320 322 322 321 320 318 317 318 318 318 319 321 323 325 326 326 326 327 328 328 330 331 331 332 332 331 330 329 328 327 327 327 328 328 330 330 329 330 330 329 326 324 328 330 329 327 327 328 327 325 324 326 330 333 330 327 328 325 324 329 331 331 333 335 334 333 334 334 334
322 320 317 315 312 311 309 306 304 304 307 313 316 308 300 296 293 293 294 295 297 302 310 317 315 314 316 319 322 323 324 323 322 322 323 323 322 323 324 325 326 326 325 325 326 327 327 328 329 330 332 332 330 329 328 327 327 327 327 328 329 330 331 330 330 330 329 326 326 329 331 329 327 328 331 330 327 325 327 331 332 327 325 326 326 325 327 326 325 328 332 333 336 337 336 336
323 320 317 315 312 311 308 305 303 304 307 312 316 308 298 295 294 293 295 297 298 299 305 313 314 312 313 315 318 321 322 321 321 324 326 325 325 325 325 326 326 325 323 323 323 324 325 326 327 329 332 332 330 329 328 326 326 326 327 328 330 332 333 332 331 331 330 327 327 331 334 331 330 331 333 332 331 329 332 334 331 328 327 326 326 324 325 324 321 322 322 324 328 331 332 332
324 321 317 313 310 307 304 301 301 304 308 313 317 310 299 296 296 296 297 299 300 301 305 310 313 314 313 313 315 318 317 316 317 320 321 322 323 323 323 323 323 322 321 320 321 321 322 324 326 329 330 329 330 331 328 326 326 326 327 328 330 333 335 335 333 332 330 328 328 332 333 331 332 334 334 332 330 331 337 336 328 326 329 329 329 328 328 327 324 321 318 317 318 322 327 328
324 321 317 313 308 303 300 299 300 304 308 312 316 312 302 297 298 298 298 300 301 301 305 310 314 317 315 313 314 316 313 313 315 316 315 315 316 318 318 318 317 317 317 318 319 320 321 322 324 328 329 327 328 329 326 325 326 327 327 328 328 330 332 333 333 332 329 328 330 332 331 328 329 333 333 332 330 332 339 334 325 324 328 331 332 333 333 333 332 332 330 328 326 327 329 327
324 321 316 312 309 304 300 300 302 305 307 310 313 311 302 297 298 299 301 301 302 302 305 310 315 318 318 315 316 316 312 312 314 314 312 311 313 314 314 314 314 315 316 317 317 318 320 320 322 326 326 325 327 326 323 323 324 324 324 324 323 324 325 327 327 327 327 328 331 333 330 326 327 330 332 332 329 332 337 334 329 327 329 329 328 329 331 332 334 338 339 336 332 333 332 325
325 321 316 312 309 306 304 303 303 305 306 308 311 310 303 298 297 299 301 303 303 304 306 310 315 318 321 318 316 315 311 310 312 310 308 309 310 312 313 314 315 315 315 316 315 314 317 317 318 321 320 320 323 321 317 316 315 315 313 314 314 313 317 319 318 318 320 323 329 331 327 327 328 331 333 333 330 330 332 331 331 332 332 330 325 325 326 324 328 335 337 332 330 333 331 324
325 322 316 312 309 307 305 304 304 304 305 306 309 310 305 299 298 299 300 302 302 303 304 308 312 316 320 317 313 311 307 306 307 307 306 306 308 310 312 313 314 314 314 316 314 313 313 312 309 309 308 308 308 305 302 300 300 300 299 298 295 294 300 306 307 308 310 314 323 326 325 327 329 333 337 338 336 334 332 331 332 333 335 333 329 329 327 322 325 334 332 325 325 330 327 322
324 321 316 312 309 306 304 303 302 303 303 304 306 308 304 299 298 299 299 301 301 301 301 303 305 309 312 311 308 307 306 306 306 306 306 305 306 309 310 312 313 313 315 316 314 312 311 306 299 297 296 294 291 286 285 286 288 287 283 277 276 280 286 291 293 295 297 303 316 321 322 325 328 332 336 337 337 336 335 335 333 332 333 332 330 332 330 324 328 335 331 323 323 327 322 317
323 320 315 311 308 305 303 302 301 301 301 303 305 306 302 296 295 298 299 298 299 299 297 296 297 302 307 308 308 307 306 305 305 305 307 306 307 308 309 311 310 308 307 305 301 299 302 304 300 297 295 294 290 284 280 281 282 281 280 281 286 292 295 296 294 291 290 295 306 314 319 322 324 329 331 331 330 329 331 334 332 330 329 328 328 330 328 323 326 331 327 319 317 318 313 307
323 320 314 310 307 303 302 300 299 300 300 301 304 307 303 297 295 298 298 296 295 294 293 292 295 300 306 308 308 307 305 304 305 306 308 308 308 306 305 303 298 291 284 283 286 287 293 304 309 308 307 307 306 301 299 297 299 302 306 305 306 309 312 314 312 305 303 301 302 308 315 318 320 324 327 326 323 322 323 323 323 324 324 323 324 325 322 319 321 322 315 305 299 299 297 295
321 318 313 308 305 301 300 298 297 298 299 300 303 307 306 299 297 298 298 296 294 294 294 295 297 301 306 308 308 308 308 308 310 310 308 304 299 295 291 287 282 281 285 292 299 303 305 308 310 312 317 323 324 322 322 323 324 326 325 317 314 316 319 324 324 318 316 313 311 312 314 312 312 317 322 323 321 320 319 318 318 319 317 315 316 315 311 308 308 308 303 295 292 292 292 291
320 317 311 306 302 300 298 297 296 296 297 298 300 305 305 299 295 296 297 297 296 296 297 298 299 302 306 309 310 311 310 308 308 304 296 290 287 286 287 290 295 303 308 310 314 316 316 318 317 316 320 326 328 327 328 329 331 333 331 323 319 319 322 327 326 321 320 319 319 320 317 309 305 310 318 321 323 323 320 318 318 317 313 309 305 299 294 288 290 301 307 307 305 303 302 299
318 314 308 303 300 298 296 295 295 295 295 297 298 301 302 297 293 293 295 295 295 295 297 298 299 300 303 307 308 307 305 303 300 296 293 294 297 300 304 308 311 313 313 313 316 317 319 323 324 322 321 324 326 326 327 328 330 333 333 327 322 322 325 329 326 322 321 322 323 323 321 318 313 312 315 318 323 322 317 313 311 309 306 301 294 289 287 290 296 305 310 311 311 311 310 308
316 312 306 301 297 295 294 293 293 293 293 294 295 297 298 297 293 291 291 291 292 293 296 297 297 298 300 303 304 302 300 299 300 301 302 303 305 308 310 310 312 313 313 314 316 317 319 322 323 322 321 321 323 325 327 328 329 331 331 328 324 324 327 329 326 323 321 322 324 322 323 327 323 319 317 315 314 310 301 294 294 294 296 301 304 305 308 309 307 309 313 313 312 313 315 316
312 308 302 297 294 292 291 291 291 291 291 292 293 295 295 295 292 290 289 290 292 294 296 297 298 299 300 302 303 302 302 303 304 303 301 302 304 309 313 314 316 318 318 319 320 320 321 322 322 319 319 321 322 325 326 328 329 329 329 327 324 322 324 325 323 321 320 322 324 324 328 331 329 326 326 322 315 303 294 293 296 300 306 313 316 316 316 315 311 311 318 321 316 313 314 317
308 304 298 294 291 289 288 288 288 289 290 290 291 293 293 293 292 291 291 293 294 296 298 299 300 300 301 302 304 305 307 310 310 309 310 311 313 317 321 321 322 322 321 321 321 320 320 322 323 320 320 322 323 324 324 325 327 328 328 327 325 322 322 323 322 321 322 323 325 327 332 334 331 327 328 332 332 325 318 313 312 314 316 318 320 318 317 315 312 313 321 327 321 315 315 316
302 298 292 289 287 286 285 285 285 287 288 288 289 291 292 292 292 292 293 294 296 297 299 300 301 301 302 304 305 307 311 316 316 315 317 318 319 321 323 323 323 323 322 321 320 319 319 322 324 323 322 323 324 324 323 323 323 325 327 328 328 323 322 324 322 322 324 325 326 330 335 336 331 325 326 334 337 335 331 326 322 322 320 321 323 321 320 318 314 316 325 333 329 320 319 320
294 291 286 283 283 282 282 282 283 284 286 287 288 289 291 292 293 293 294 296 297 298 300 301 302 303 304 305 307 309 314 320 319 316 316 315 315 317 320 321 323 323 323 321 319 320 322 325 326 326 323 323 324 324 324 324 324 324 327 328 327 323 321 323 323 325 327 327 329 334 337 336 330 325 327 334 338 336 334 332 331 331 327 325 326 324 325 322 319 320 328 339 335 323 321 322
285 282 279 278 278 278 279 279 280 282 285 286 287 288 290 291 293 294 295 296 298 299 301 302 304 304 305 305 306 308 314 318 316 313 312 311 311 313 316 320 323 323 323 322 321 323 326 327 326 326 323 323 324 325 326 326 325 325 328 329 326 321 319 320 323 327 329 330 333 337 337 334 327 325 330 337 339 333 330 332 334 336 334 332 329 326 325 321 319 321 330 342 336 323 321 322
274 273 272 272 273 274 275 276 278 281 283 285 286 287 289 291 292 294 295 297 298 300 302 304 305 305 306 304 303 307 312 315 313 312 311 311 312 313 315 319 322 324 325 324 323 326 329 327 326 325 323 323 324 325 326 328 327 327 329 328 324 319 318 319 323 325 327 330 334 333 331 326 323 326 334 341 338 328 327 329 332 335 338 339 335 328 324 319 315 319 332 345 336 324 321 322
262 262 264 266 268 270 272 274 277 279 281 283 285 287 288 290 292 294 295 297 299 300 302 304 306 308 309 307 305 307 311 313 313 314 315 315 316 315 316 320 322 324 325 322 323 328 330 327 327 326 325 324 322 322 325 328 331 332 330 326 321 318 319 323 328 330 331 336 337 331 324 321 322 328 338 346 338 327 325 328 330 333 339 342 339 334 332 326 319 320 333 345 339 329 326 325
249 251 256 260 264 266 269 272 275 277 279 281 284 286 288 289 292 293 295 297 299 301 303 306 309 312 315 311 308 309 312 312 312 313 315 317 319 317 318 322 324 324 323 322 324 331 332 330 329 329 329 326 323 322 324 330 336 336 332 327 320 317 318 325 332 336 340 345 342 331 322 321 324 331 342 350 341 329 325 326 327 329 335 337 337 337 339 336 327 324 333 341 338 333 331 329
238 242 249 255 259 263 267 270 273 275 277 280 282 285 287 289 291 293 295 297 300 302 305 308 312 317 320 315 312 315 316 314 313 314 314 316 318 316 317 323 325 324 324 324 328 334 335 334 331 331 333 331 329 327 327 335 344 340 333 328 321 316 317 323 330 337 345 348 340 327 321 322 327 334 344 349 340 330 328 327 325 326 329 330 329 333 339 339 331 329 333 336 334 332 333 333
229 234 243 250 255 260 264 268 271 273 276 278 281 284 287 289 291 294 296 298 301 303 306 309 314 321 323 319 319 322 321 318 319 319 319 322 323 320 320 326 329 327 328 328 331 335 336 336 334 333 335 334 332 330 331 341 346 339 330 324 321 320 323 328 332 337 346 345 333 324 321 326 333 339 346 346 336 327 326 327 325 325 326 323 322 324 331 333 329 330 334 334 331 328 329 331
223 229 238 245 252 258 263 266 269 272 275 278 281 284 287 290 292 294 297 299 301 303 306 310 315 322 323 321 321 325 325 323 324 323 325 331 332 326 324 329 331 331 333 333 334 337 337 336 334 336 340 337 335 334 337 345 346 335 326 320 318 322 328 333 335 337 343 339 326 320 321 328 337 344 348 344 335 327 323 323 324 325 323 319 317 319 324 325 326 329 333 332 329 324 322 324
220 225 233 242 249 256 261 264 268 271 275 278 281 283 286 289 292 295 297 299 301 304 307 311 317 321 321 320 321 323 321 320 323 324 327 335 336 329 325 329 331 332 335 335 336 338 336 333 331 335 339 337 336 336 339 348 345 331 321 315 315 322 329 333 332 333 337 332 319 314 317 325 333 340 345 343 339 334 327 323 325 327 324 319 320 323 325 324 325 327 330 329 325 318 312 311
218 222 230 239 247 254 259 263 267 271 274 277 280 283 286 289 292 295 297 300 302 305 309 312 316 320 321 322 324 325 321 318 320 320 325 336 336 327 325 328 330 331 332 332 334 336 332 327 325 327 330 330 332 333 338 349 344 329 318 312 315 327 336 335 328 328 333 329 317 312 317 323 327 334 341 342 342 338 331 327 330 333 328 322 320 320 320 319 319 319 320 321 318 312 307 306
216 219 228 238 247 253 257 262 267 271 274 277 281 284 286 289 292 295 298 300 303 306 310 313 316 320 322 326 331 333 327 322 320 317 320 332 333 324 322 325 326 328 330 328 330 331 326 322 323 323 323 324 327 329 336 344 340 331 320 313 316 331 344 340 329 327 331 328 319 316 322 328 329 334 341 343 343 340 334 330 334 339 332 324 320 317 314 314 315 314 314 313 311 310 310 312
214 218 226 237 246 252 257 262 266 271 275 278 281 284 287 289 292 295 298 301 304 307 311 314 316 320 323 327 332 331 325 321 320 317 317 327 330 323 321 325 326 328 329 327 327 326 322 321 322 322 321 322 323 325 331 335 333 329 324 319 320 334 345 342 332 329 329 326 320 319 327 331 333 338 342 342 342 339 336 335 340 343 335 328 326 325 322 321 322 322 319 315 311 311 315 321
213 217 226 237 246 251 256 261 266 271 275 279 282 284 287 290 293 296 299 302 304 307 311 313 316 319 323 327 329 326 320 317 319 319 319 326 330 325 324 328 328 328 327 325 324 320 318 320 320 320 320 321 321 322 324 325 325 323 321 320 324 336 344 341 334 331 329 325 319 320 328 334 336 340 341 340 338 335 333 337 344 346 340 333 330 331 329 328 328 328 326 322 318 315 317 323
213 217 227 237 244 250 256 262 267 271 276 279 282 285 288 291 294 296 299 302 305 307 310 313 315 318 323 327 329 325 319 318 320 320 320 326 332 328 325 327 328 327 325 324 323 320 321 323 322 323 324 324 325 326 326 325 324 322 319 317 321 333 341 339 334 332 330 326 321 320 327 333 335 338 338 337 335 331 327 329 337 343 343 337 333 332 331 332 334 332 329 325 320 315 315 321
215 219 229 238 245 251 257 263 268 272 276 280 283 286 289 292 294 297 300 303 305 307 310 312 315 319 323 327 330 324 321 321 320 317 317 322 331 332 328 326 326 327 326 326 325 324 327 327 326 326 326 327 330 330 329 329 328 327 324 320 320 329 337 336 333 331 328 325 324 324 327 326 326 331 334 337 337 335 330 325 328 335 340 338 334 331 331 333 335 333 329 325 320 315 317 325
217 221 231 240 246 252 258 264 269 273 277 281 284 287 290 293 295 298 300 303 305 308 310 313 316 319 323 329 330 324 322 321 318 315 314 319 330 335 331 328 329 329 328 329 327 327 330 330 331 330 328 330 332 332 330 330 332 333 331 327 326 331 335 335 333 327 322 322 326 332 333 325 324 329 337 339 338 342 339 332 331 334 337 338 334 332 334 335 332 331 328 324 320 317 321 331
220 224 233 241 248 254 260 265 270 275 278 282 285 288 291 293 296 299 301 303 306 308 311 313 316 319 324 329 327 321 320 319 317 316 316 321 336 339 332 332 332 331 331 331 331 331 333 335 338 336 333 334 337 336 333 333 336 338 338 336 335 338 340 340 336 327 317 317 326 337 335 330 330 336 344 340 336 343 344 340 340 340 338 335 330 333 340 339 333 331 330 325 317 314 320 331
225 228 236 243 250 256 262 267 272 276 280 283 286 289 291 294 297 299 302 304 306 309 311 313 316 319 323 325 322 317 315 316 317 318 318 327 343 341 337 336 334 332 331 332 334 334 334 336 338 337 334 335 339 340 338 338 340 342 341 340 342 347 349 346 340 329 317 317 327 332 330 330 335 345 348 336 336 345 346 345 349 349 341 331 325 329 337 339 335 333 334 326 315 313 319 328
230 232 238 245 252 257 263 268 273 277 281 284 287 290 292 295 298 300 303 305 307 309 312 313 315 318 320 321 319 316 314 315 317 317 320 333 339 338 338 338 337 335 333 334 335 335 337 338 339 338 334 334 337 338 339 340 342 341 340 340 344 352 355 350 342 332 322 322 329 329 329 331 336 346 342 332 338 349 348 346 353 355 347 335 327 326 332 337 337 335 334 325 315 312 317 324
235 236 241 247 253 259 265 269 274 278 282 285 288 291 293 296 299 301 303 306 308 310 312 313 315 318 319 319 320 318 315 316 318 319 327 336 337 335 335 337 338 337 338 339 337 336 339 341 343 340 335 333 335 335 334 336 339 339 337 337 344 351 352 348 344 335 327 328 331 332 336 337 336 340 335 331 341 353 351 348 351 352 346 339 333 331 336 341 339 335 331 324 316 313 317 324
240 240 244 249 254 260 266 270 274 278 283 286 289 292 295 297 300 302 304 306 308 310 312 314 315 317 318 319 321 319 318 318 320 324 331 337 339 336 335 335 335 335 338 338 336 337 339 341 341 337 331 329 333 335 333 332 336 338 337 337 341 344 342 344 344 338 333 333 336 341 346 343 339 339 333 333 346 357 356 352 350 347 341 336 332 335 344 348 342 335 330 325 320 318 323 332
