windninja/windninja_output/Output_2025-08-09_1600-1650_Google earth_Fire_150m_10min/merlingen_7.5mi_point_08-09-2025_1640_150m_vel.asc
ncols	158
nrows	163
xllcorner	391686.332397
yllcorner	5160024.123721
cellsize	150.000000
NODATA_value	-32768.000000
[rows 38 to 75 of 163, columns 0 to 83 of 158]
0.81 0.80 0.76 0.72 0.68 0.65 0.62 0.59 0.56 0.54 0.53 0.51 0.50 0.49 0.48 0.47 0.46 0.45 0.44 0.43 0.43 0.42 0.42 0.42 0.42 0.41 0.40 0.41 0.50 0.60 0.61 0.61 0.61 0.60 0.58 0.49 0.36 0.34 0.41 0.46 0.50 0.55 0.61 0.66 0.70 0.73 0.77 0.81 0.82 0.86 0.93 0.98 0.98 0.97 1.00 1.07 1.12 1.16 1.20 1.25 1.25 1.20 1.13 1.06 1.01 1.06 1.24 1.30 1.08 0.91 1.00 1.31 1.52 1.41 1.17 1.12 1.26 1.34 1.33 1.28 1.18 1.11 1.10 1.21
0.84 0.83 0.77 0.73 0.68 0.64 0.61 0.58 0.55 0.53 0.51 0.50 0.48 0.48 0.47 0.45 0.44 0.44 0.43 0.42 0.42 0.42 0.41 0.42 0.42 0.41 0.42 0.45 0.52 0.56 0.56 0.57 0.57 0.57 0.54 0.42 0.36 0.44 0.50 0.52 0.55 0.60 0.67 0.74 0.79 0.81 0.84 0.86 0.91 0.97 1.02 1.08 1.15 1.24 1.33 1.39 1.44 1.48 1.51 1.54 1.51 1.41 1.26 1.10 1.05 1.10 1.24 1.18 0.96 1.02 1.36 1.57 1.46 1.19 1.10 1.29 1.49 1.50 1.49 1.48 1.39 1.23 1.15 1.25
0.90 0.89 0.80 0.73 0.68 0.64 0.60 0.57 0.54 0.51 0.49 0.48 0.47 0.46 0.46 0.44 0.43 0.42 0.42 0.41 0.41 0.41 0.41 0.41 0.42 0.42 0.43 0.46 0.48 0.51 0.55 0.55 0.54 0.54 0.47 0.39 0.42 0.50 0.56 0.60 0.64 0.70 0.78 0.81 0.83 0.88 0.93 0.97 1.00 1.03 1.08 1.18 1.34 1.46 1.50 1.51 1.53 1.51 1.48 1.41 1.29 1.21 1.17 1.12 1.10 1.18 1.27 1.18 1.13 1.37 1.51 1.31 1.04 0.98 1.16 1.56 1.70 1.62 1.57 1.51 1.46 1.43 1.40 1.43
0.95 0.94 0.83 0.74 0.68 0.63 0.59 0.57 0.54 0.50 0.47 0.47 0.45 0.44 0.44 0.43 0.41 0.41 0.41 0.40 0.40 0.40 0.40 0.41 0.42 0.42 0.43 0.45 0.46 0.50 0.54 0.54 0.52 0.50 0.44 0.43 0.47 0.51 0.60 0.71 0.81 0.89 0.92 0.91 0.95 1.05 1.11 1.13 1.14 1.16 1.22 1.31 1.37 1.34 1.27 1.23 1.20 1.15 1.08 0.97 0.90 0.93 1.10 1.24 1.26 1.29 1.36 1.41 1.53 1.62 1.38 1.10 1.06 1.16 1.45 1.77 1.73 1.58 1.47 1.36 1.33 1.45 1.58 1.68
0.97 0.94 0.85 0.75 0.68 0.63 0.57 0.55 0.53 0.49 0.46 0.45 0.43 0.42 0.42 0.41 0.40 0.39 0.39 0.39 0.39 0.38 0.39 0.40 0.41 0.41 0.43 0.44 0.46 0.50 0.53 0.52 0.50 0.48 0.47 0.50 0.55 0.65 0.75 0.84 0.90 0.91 0.92 1.00 1.10 1.13 1.08 1.02 1.01 1.07 1.17 1.21 1.16 1.08 1.01 0.96 0.89 0.82 0.75 0.70 0.73 0.88 1.12 1.33 1.44 1.53 1.68 1.87 1.93 1.73 1.43 1.36 1.46 1.56 1.82 1.91 1.65 1.49 1.39 1.34 1.35 1.42 1.57 1.90
0.99 0.95 0.85 0.76 0.69 0.63 0.57 0.53 0.51 0.48 0.44 0.43 0.42 0.40 0.40 0.39 0.38 0.38 0.38 0.38 0.37 0.37 0.38 0.39 0.40 0.41 0.42 0.44 0.46 0.49 0.50 0.50 0.49 0.49 0.51 0.56 0.65 0.77 0.83 0.84 0.81 0.80 0.88 0.99 1.00 0.90 0.83 0.81 0.86 0.97 1.10 1.12 1.04 0.98 0.93 0.85 0.76 0.70 0.67 0.69 0.78 0.93 1.10 1.26 1.53 1.85 2.11 2.22 2.15 2.04 1.97 2.01 2.04 2.07 2.15 1.99 1.67 1.49 1.38 1.33 1.39 1.55 1.86 2.29
0.99 0.95 0.85 0.76 0.68 0.62 0.57 0.53 0.49 0.46 0.43 0.41 0.40 0.38 0.37 0.37 0.36 0.36 0.36 0.36 0.36 0.36 0.37 0.38 0.39 0.40 0.42 0.44 0.45 0.46 0.48 0.49 0.50 0.51 0.54 0.60 0.69 0.74 0.72 0.71 0.72 0.78 0.88 0.91 0.81 0.71 0.70 0.79 0.95 1.14 1.21 1.13 1.02 0.96 0.88 0.78 0.71 0.68 0.72 0.83 0.96 1.07 1.16 1.32 1.68 2.02 2.16 2.15 2.08 2.15 2.27 2.31 2.31 2.29 2.15 1.84 1.60 1.47 1.36 1.33 1.46 1.81 2.23 2.31
0.99 0.95 0.85 0.76 0.68 0.62 0.56 0.52 0.48 0.44 0.42 0.39 0.37 0.36 0.35 0.35 0.34 0.34 0.34 0.34 0.34 0.35 0.36 0.37 0.38 0.40 0.41 0.43 0.44 0.45 0.47 0.49 0.51 0.52 0.55 0.60 0.65 0.65 0.65 0.68 0.74 0.82 0.86 0.81 0.71 0.71 0.78 0.94 1.13 1.22 1.12 0.97 0.88 0.80 0.74 0.71 0.68 0.71 0.85 1.03 1.18 1.30 1.46 1.73 2.01 2.08 1.98 1.84 1.69 1.69 1.82 1.90 1.93 1.91 1.75 1.54 1.43 1.42 1.45 1.59 1.86 2.12 2.10 1.68
0.99 0.95 0.85 0.77 0.69 0.61 0.55 0.50 0.46 0.43 0.40 0.38 0.35 0.34 0.33 0.33 0.32 0.32 0.32 0.33 0.33 0.33 0.34 0.36 0.37 0.39 0.40 0.41 0.43 0.45 0.47 0.49 0.50 0.53 0.56 0.60 0.62 0.64 0.67 0.71 0.75 0.79 0.80 0.73 0.67 0.74 0.90 1.09 1.17 1.07 0.92 0.83 0.75 0.68 0.66 0.67 0.72 0.84 1.05 1.26 1.44 1.62 1.86 2.05 2.09 1.96 1.76 1.56 1.43 1.41 1.45 1.49 1.51 1.49 1.44 1.40 1.39 1.43 1.58 1.77 1.89 1.82 1.47 1.08
0.99 0.94 0.84 0.76 0.69 0.62 0.54 0.48 0.44 0.41 0.38 0.36 0.34 0.32 0.31 0.30 0.30 0.30 0.30 0.31 0.31 0.32 0.33 0.35 0.36 0.38 0.39 0.41 0.42 0.44 0.46 0.48 0.50 0.52 0.55 0.57 0.60 0.64 0.67 0.69 0.73 0.77 0.76 0.71 0.72 0.84 1.01 1.10 1.02 0.89 0.81 0.73 0.69 0.71 0.75 0.80 0.92 1.09 1.30 1.50 1.64 1.79 1.90 1.89 1.80 1.66 1.48 1.37 1.34 1.36 1.37 1.33 1.30 1.28 1.26 1.28 1.33 1.38 1.45 1.51 1.45 1.27 1.10 1.05
0.98 0.93 0.83 0.75 0.69 0.64 0.53 0.45 0.42 0.39 0.36 0.34 0.32 0.30 0.29 0.28 0.28 0.28 0.29 0.29 0.30 0.31 0.32 0.34 0.35 0.37 0.38 0.40 0.42 0.43 0.45 0.47 0.50 0.52 0.54 0.56 0.59 0.62 0.64 0.68 0.72 0.74 0.71 0.71 0.82 0.96 1.06 1.02 0.92 0.83 0.74 0.67 0.67 0.72 0.80 0.93 1.11 1.35 1.60 1.72 1.73 1.72 1.66 1.56 1.49 1.41 1.31 1.28 1.27 1.28 1.26 1.23 1.19 1.15 1.14 1.19 1.26 1.31 1.33 1.32 1.27 1.23 1.23 1.27
0.97 0.91 0.82 0.74 0.69 0.65 0.55 0.44 0.39 0.37 0.35 0.32 0.30 0.28 0.27 0.27 0.26 0.26 0.27 0.27 0.28 0.29 0.31 0.32 0.34 0.36 0.38 0.39 0.41 0.43 0.45 0.47 0.49 0.51 0.53 0.56 0.59 0.63 0.65 0.68 0.69 0.68 0.68 0.74 0.86 0.97 0.98 0.91 0.82 0.74 0.69 0.72 0.79 0.87 0.98 1.13 1.35 1.62 1.75 1.69 1.61 1.52 1.42 1.38 1.38 1.34 1.27 1.22 1.21 1.21 1.21 1.18 1.13 1.08 1.11 1.22 1.35 1.44 1.46 1.44 1.43 1.45 1.46 1.46
0.96 0.89 0.78 0.73 0.69 0.65 0.57 0.47 0.37 0.34 0.32 0.30 0.28 0.26 0.25 0.25 0.24 0.24 0.25 0.25 0.27 0.28 0.30 0.31 0.33 0.35 0.37 0.38 0.40 0.42 0.45 0.47 0.49 0.51 0.53 0.56 0.60 0.63 0.65 0.67 0.67 0.69 0.73 0.79 0.86 0.91 0.87 0.78 0.66 0.58 0.60 0.72 0.90 1.07 1.22 1.41 1.63 1.72 1.60 1.41 1.31 1.23 1.22 1.32 1.37 1.31 1.22 1.15 1.13 1.12 1.11 1.07 1.03 1.03 1.12 1.27 1.42 1.51 1.53 1.53 1.55 1.57 1.55 1.54
0.96 0.86 0.73 0.69 0.68 0.64 0.58 0.51 0.39 0.32 0.30 0.28 0.26 0.24 0.23 0.23 0.22 0.22 0.23 0.24 0.25 0.27 0.29 0.30 0.33 0.34 0.36 0.38 0.40 0.42 0.44 0.46 0.48 0.50 0.53 0.55 0.58 0.61 0.62 0.64 0.66 0.71 0.75 0.80 0.85 0.85 0.79 0.68 0.59 0.57 0.66 0.84 0.99 1.12 1.29 1.53 1.64 1.52 1.31 1.16 1.07 1.05 1.17 1.35 1.36 1.26 1.19 1.14 1.11 1.08 1.05 1.02 1.02 1.08 1.17 1.27 1.35 1.43 1.52 1.59 1.60 1.51 1.44 1.48
0.97 0.84 0.67 0.64 0.63 0.59 0.55 0.52 0.43 0.33 0.28 0.26 0.24 0.22 0.21 0.21 0.21 0.21 0.21 0.23 0.24 0.26 0.28 0.30 0.32 0.33 0.35 0.37 0.39 0.41 0.43 0.45 0.48 0.50 0.52 0.55 0.57 0.59 0.61 0.64 0.67 0.71 0.76 0.80 0.82 0.80 0.72 0.67 0.73 0.87 1.03 1.15 1.20 1.25 1.38 1.51 1.44 1.24 1.10 1.03 1.01 1.08 1.26 1.40 1.35 1.26 1.20 1.15 1.11 1.09 1.09 1.10 1.14 1.19 1.23 1.25 1.28 1.33 1.43 1.52 1.53 1.47 1.43 1.42
0.98 0.84 0.65 0.60 0.61 0.55 0.50 0.49 0.44 0.34 0.27 0.24 0.22 0.21 0.19 0.19 0.19 0.19 0.20 0.21 0.23 0.25 0.27 0.29 0.31 0.33 0.35 0.37 0.39 0.41 0.43 0.45 0.47 0.50 0.52 0.54 0.57 0.59 0.61 0.64 0.68 0.73 0.77 0.79 0.79 0.76 0.73 0.77 0.93 1.11 1.20 1.22 1.26 1.34 1.42 1.42 1.26 1.10 1.02 1.01 1.05 1.16 1.35 1.45 1.39 1.32 1.26 1.22 1.19 1.19 1.22 1.26 1.27 1.26 1.26 1.27 1.27 1.28 1.32 1.37 1.41 1.50 1.60 1.58
0.91 0.85 0.68 0.56 0.57 0.54 0.47 0.46 0.44 0.36 0.26 0.22 0.20 0.19 0.18 0.17 0.17 0.17 0.18 0.20 0.22 0.24 0.26 0.28 0.30 0.32 0.34 0.36 0.38 0.40 0.43 0.45 0.47 0.49 0.52 0.54 0.56 0.58 0.61 0.63 0.68 0.72 0.74 0.72 0.71 0.72 0.77 0.87 1.02 1.11 1.13 1.14 1.20 1.27 1.34 1.32 1.17 1.07 1.07 1.12 1.20 1.31 1.48 1.54 1.48 1.43 1.40 1.39 1.41 1.43 1.41 1.33 1.25 1.23 1.27 1.31 1.32 1.34 1.39 1.42 1.50 1.66 1.78 1.82
0.81 0.81 0.71 0.55 0.50 0.48 0.42 0.40 0.41 0.37 0.28 0.20 0.17 0.16 0.16 0.15 0.15 0.16 0.17 0.19 0.21 0.23 0.26 0.28 0.30 0.32 0.34 0.36 0.38 0.40 0.42 0.45 0.47 0.49 0.51 0.53 0.56 0.58 0.60 0.63 0.65 0.66 0.65 0.65 0.67 0.72 0.80 0.92 1.03 1.05 1.08 1.15 1.21 1.25 1.31 1.26 1.13 1.09 1.15 1.25 1.39 1.55 1.65 1.62 1.53 1.47 1.45 1.46 1.50 1.49 1.37 1.24 1.22 1.28 1.35 1.38 1.41 1.49 1.57 1.64 1.73 1.81 1.84 1.85
0.74 0.74 0.70 0.58 0.48 0.43 0.37 0.33 0.34 0.35 0.28 0.20 0.16 0.14 0.13 0.13 0.13 0.14 0.16 0.18 0.20 0.23 0.25 0.27 0.29 0.31 0.34 0.36 0.38 0.40 0.42 0.44 0.47 0.49 0.51 0.53 0.56 0.58 0.60 0.62 0.63 0.64 0.64 0.67 0.71 0.77 0.84 0.93 0.97 1.00 1.05 1.13 1.18 1.24 1.27 1.18 1.12 1.16 1.25 1.39 1.56 1.68 1.67 1.57 1.44 1.35 1.32 1.33 1.31 1.22 1.18 1.25 1.38 1.46 1.49 1.52 1.58 1.69 1.79 1.84 1.85 1.81 1.77 1.76
0.70 0.68 0.65 0.59 0.51 0.43 0.36 0.29 0.28 0.30 0.27 0.21 0.16 0.13 0.11 0.11 0.12 0.13 0.15 0.18 0.20 0.23 0.25 0.27 0.29 0.31 0.33 0.35 0.38 0.40 0.42 0.44 0.46 0.49 0.51 0.53 0.55 0.58 0.60 0.62 0.64 0.65 0.67 0.70 0.73 0.77 0.82 0.85 0.89 0.93 0.98 1.05 1.10 1.17 1.20 1.15 1.18 1.28 1.42 1.57 1.65 1.64 1.56 1.46 1.37 1.30 1.26 1.23 1.16 1.13 1.25 1.44 1.54 1.59 1.64 1.72 1.82 1.94 2.01 2.00 1.93 1.83 1.73 1.64
0.67 0.64 0.58 0.54 0.49 0.44 0.38 0.30 0.25 0.25 0.23 0.19 0.16 0.13 0.10 0.10 0.11 0.13 0.15 0.17 0.20 0.22 0.24 0.27 0.29 0.31 0.33 0.35 0.37 0.40 0.42 0.44 0.46 0.49 0.51 0.53 0.55 0.58 0.60 0.62 0.64 0.66 0.68 0.70 0.72 0.74 0.75 0.77 0.80 0.83 0.89 0.98 1.09 1.18 1.19 1.17 1.20 1.32 1.47 1.59 1.62 1.58 1.50 1.43 1.37 1.33 1.30 1.28 1.27 1.34 1.46 1.56 1.62 1.68 1.77 1.87 1.99 2.10 2.12 2.07 1.98 1.86 1.72 1.56
0.63 0.60 0.54 0.49 0.44 0.40 0.36 0.30 0.24 0.21 0.18 0.15 0.14 0.12 0.09 0.08 0.10 0.12 0.15 0.17 0.20 0.22 0.24 0.26 0.28 0.31 0.33 0.35 0.37 0.40 0.42 0.44 0.46 0.49 0.51 0.53 0.55 0.58 0.60 0.62 0.64 0.66 0.68 0.70 0.72 0.73 0.75 0.76 0.77 0.80 0.87 0.99 1.11 1.17 1.17 1.13 1.17 1.29 1.43 1.50 1.51 1.49 1.45 1.40 1.36 1.35 1.37 1.37 1.39 1.46 1.53 1.59 1.68 1.79 1.89 1.97 2.06 2.08 1.99 1.89 1.82 1.76 1.68 1.60
0.57 0.55 0.50 0.45 0.40 0.35 0.32 0.27 0.23 0.19 0.15 0.11 0.10 0.09 0.08 0.07 0.09 0.12 0.14 0.17 0.20 0.22 0.24 0.27 0.28 0.31 0.33 0.35 0.37 0.40 0.42 0.44 0.46 0.49 0.51 0.53 0.55 0.58 0.60 0.62 0.64 0.66 0.68 0.70 0.72 0.74 0.76 0.78 0.81 0.84 0.89 0.96 1.05 1.09 1.08 1.09 1.17 1.29 1.38 1.39 1.37 1.35 1.32 1.32 1.35 1.38 1.36 1.32 1.35 1.44 1.53 1.62 1.75 1.87 1.96 2.05 2.08 1.97 1.80 1.70 1.64 1.61 1.58 1.54
0.52 0.50 0.45 0.41 0.36 0.32 0.28 0.24 0.20 0.17 0.13 0.09 0.07 0.07 0.07 0.08 0.10 0.12 0.14 0.17 0.19 0.22 0.24 0.26 0.28 0.30 0.33 0.35 0.37 0.40 0.42 0.44 0.47 0.49 0.51 0.54 0.56 0.58 0.60 0.62 0.64 0.67 0.69 0.71 0.73 0.75 0.77 0.80 0.83 0.85 0.88 0.89 0.94 0.98 0.97 1.00 1.12 1.23 1.26 1.24 1.22 1.21 1.23 1.27 1.33 1.37 1.35 1.31 1.37 1.50 1.61 1.72 1.83 1.91 1.98 2.02 1.95 1.82 1.74 1.69 1.63 1.56 1.48 1.44
0.47 0.45 0.41 0.36 0.32 0.28 0.25 0.21 0.17 0.14 0.11 0.07 0.05 0.06 0.07 0.09 0.12 0.14 0.15 0.16 0.18 0.21 0.23 0.26 0.28 0.31 0.33 0.35 0.38 0.40 0.42 0.44 0.47 0.49 0.51 0.54 0.56 0.58 0.60 0.63 0.65 0.67 0.69 0.71 0.73 0.76 0.78 0.80 0.83 0.85 0.86 0.88 0.92 0.93 0.92 0.97 1.07 1.15 1.17 1.17 1.16 1.20 1.25 1.30 1.33 1.35 1.36 1.41 1.51 1.62 1.71 1.79 1.88 1.95 1.98 1.94 1.82 1.76 1.75 1.73 1.68 1.60 1.53 1.49
0.42 0.40 0.36 0.32 0.28 0.24 0.21 0.18 0.14 0.11 0.08 0.05 0.05 0.06 0.08 0.11 0.13 0.16 0.17 0.18 0.19 0.21 0.23 0.26 0.29 0.31 0.33 0.36 0.38 0.40 0.42 0.45 0.47 0.49 0.52 0.54 0.56 0.58 0.61 0.63 0.65 0.67 0.69 0.71 0.74 0.76 0.78 0.80 0.82 0.84 0.86 0.91 0.96 0.97 0.99 1.05 1.11 1.13 1.16 1.21 1.27 1.32 1.27 1.17 1.09 1.09 1.17 1.40 1.62 1.72 1.77 1.85 1.93 1.98 1.98 1.91 1.87 1.87 1.88 1.85 1.80 1.74 1.71 1.78
0.38 0.35 0.31 0.27 0.23 0.19 0.17 0.14 0.11 0.08 0.06 0.04 0.05 0.07 0.09 0.11 0.14 0.18 0.20 0.21 0.22 0.22 0.23 0.26 0.29 0.32 0.34 0.36 0.38 0.40 0.42 0.45 0.47 0.49 0.52 0.54 0.56 0.59 0.61 0.63 0.65 0.67 0.70 0.72 0.74 0.76 0.78 0.80 0.82 0.84 0.87 0.91 0.94 0.98 1.00 1.06 1.13 1.17 1.21 1.27 1.31 1.22 1.02 0.84 0.81 0.92 1.18 1.49 1.67 1.77 1.85 1.92 1.98 2.00 1.97 1.95 2.01 2.07 2.09 2.05 1.97 1.93 1.98 2.14
0.33 0.31 0.27 0.23 0.19 0.16 0.13 0.10 0.07 0.05 0.03 0.03 0.05 0.07 0.09 0.12 0.15 0.18 0.23 0.25 0.26 0.26 0.26 0.26 0.28 0.31 0.34 0.37 0.39 0.41 0.43 0.45 0.47 0.50 0.52 0.54 0.57 0.59 0.61 0.63 0.66 0.68 0.70 0.72 0.74 0.76 0.78 0.80 0.82 0.84 0.87 0.88 0.91 0.92 0.94 1.03 1.14 1.22 1.26 1.25 1.12 0.91 0.88 0.98 1.17 1.35 1.55 1.67 1.71 1.77 1.86 1.93 1.98 1.95 1.93 2.01 2.12 2.15 2.13 2.07 2.03 2.08 2.27 2.60
0.27 0.26 0.23 0.19 0.15 0.12 0.09 0.06 0.04 0.03 0.03 0.05 0.06 0.08 0.10 0.13 0.15 0.18 0.22 0.27 0.31 0.32 0.31 0.30 0.30 0.31 0.34 0.37 0.40 0.42 0.43 0.45 0.48 0.50 0.52 0.55 0.57 0.59 0.61 0.64 0.66 0.68 0.70 0.72 0.74 0.76 0.78 0.80 0.82 0.84 0.86 0.87 0.88 0.88 0.90 0.97 1.05 1.12 1.15 1.09 0.96 0.99 1.20 1.45 1.61 1.70 1.72 1.69 1.70 1.74 1.81 1.88 1.93 1.95 2.01 2.07 2.10 2.09 2.07 2.13 2.30 2.57 3.01 3.59
0.21 0.22 0.20 0.15 0.11 0.09 0.06 0.04 0.03 0.04 0.05 0.07 0.09 0.10 0.11 0.14 0.16 0.18 0.21 0.26 0.32 0.36 0.38 0.38 0.36 0.34 0.34 0.35 0.37 0.40 0.43 0.45 0.48 0.50 0.53 0.55 0.57 0.59 0.62 0.64 0.66 0.68 0.70 0.72 0.74 0.76 0.79 0.80 0.82 0.84 0.85 0.86 0.87 0.87 0.88 0.90 0.91 0.89 0.89 0.90 0.97 1.14 1.34 1.50 1.62 1.68 1.68 1.65 1.65 1.70 1.75 1.81 1.86 1.93 2.00 2.03 2.03 2.05 2.16 2.40 2.77 3.20 3.64 3.88
0.19 0.19 0.17 0.13 0.10 0.08 0.07 0.07 0.08 0.09 0.09 0.10 0.12 0.13 0.14 0.15 0.17 0.20 0.22 0.25 0.29 0.34 0.39 0.43 0.44 0.43 0.40 0.37 0.36 0.37 0.40 0.44 0.47 0.50 0.52 0.55 0.57 0.60 0.62 0.64 0.66 0.68 0.71 0.73 0.75 0.77 0.79 0.80 0.82 0.84 0.85 0.86 0.87 0.88 0.88 0.87 0.84 0.80 0.78 0.82 0.92 1.07 1.21 1.34 1.45 1.53 1.59 1.65 1.72 1.75 1.74 1.73 1.77 1.82 1.85 1.90 1.94 1.98 2.17 2.48 2.81 3.12 3.23 2.88
0.18 0.18 0.15 0.12 0.10 0.10 0.11 0.13 0.16 0.17 0.17 0.18 0.20 0.20 0.21 0.22 0.22 0.23 0.23 0.25 0.28 0.32 0.36 0.41 0.46 0.50 0.49 0.44 0.39 0.38 0.39 0.42 0.46 0.49 0.52 0.55 0.57 0.60 0.62 0.64 0.67 0.69 0.71 0.73 0.75 0.77 0.79 0.81 0.82 0.84 0.85 0.87 0.88 0.89 0.89 0.88 0.87 0.85 0.83 0.83 0.87 0.97 1.08 1.17 1.20 1.26 1.41 1.60 1.73 1.74 1.70 1.71 1.79 1.83 1.83 1.82 1.81 1.89 2.09 2.36 2.54 2.55 2.25 1.99
0.16 0.15 0.12 0.08 0.06 0.08 0.10 0.13 0.17 0.21 0.22 0.24 0.26 0.28 0.29 0.30 0.30 0.31 0.29 0.27 0.29 0.31 0.34 0.37 0.41 0.49 0.56 0.54 0.48 0.44 0.41 0.41 0.43 0.47 0.51 0.54 0.57 0.60 0.62 0.64 0.67 0.69 0.71 0.73 0.75 0.77 0.79 0.81 0.83 0.84 0.86 0.87 0.88 0.89 0.90 0.90 0.90 0.90 0.90 0.90 0.91 0.95 0.96 0.95 0.94 1.01 1.17 1.32 1.43 1.51 1.62 1.77 1.86 1.84 1.78 1.73 1.76 1.86 2.02 2.13 2.10 1.88 1.65 1.90
0.12 0.11 0.07 0.04 0.03 0.06 0.07 0.09 0.14 0.19 0.19 0.20 0.23 0.26 0.29 0.31 0.33 0.37 0.37 0.35 0.34 0.34 0.35 0.37 0.39 0.46 0.59 0.66 0.62 0.55 0.51 0.46 0.44 0.45 0.49 0.53 0.57 0.60 0.62 0.65 0.67 0.69 0.71 0.73 0.75 0.77 0.79 0.81 0.83 0.84 0.86 0.87 0.89 0.90 0.91 0.92 0.93 0.93 0.94 0.95 0.96 0.97 0.96 0.93 0.93 0.95 0.98 1.01 1.08 1.22 1.48 1.71 1.74 1.66 1.63 1.67 1.77 1.85 1.88 1.77 1.61 1.51 1.67 2.27
0.11 0.09 0.07 0.06 0.07 0.09 0.10 0.11 0.14 0.18 0.18 0.19 0.21 0.22 0.25 0.27 0.30 0.35 0.40 0.42 0.42 0.41 0.41 0.41 0.41 0.44 0.54 0.66 0.70 0.67 0.62 0.57 0.51 0.47 0.47 0.51 0.55 0.59 0.62 0.65 0.67 0.69 0.72 0.74 0.75 0.77 0.79 0.81 0.83 0.85 0.86 0.88 0.89 0.91 0.92 0.93 0.95 0.96 0.97 0.98 1.00 1.01 1.01 1.02 1.02 1.01 0.98 0.97 0.99 1.08 1.24 1.35 1.36 1.30 1.39 1.50 1.64 1.71 1.67 1.56 1.49 1.63 2.09 2.62
0.15 0.13 0.10 0.10 0.12 0.14 0.15 0.16 0.18 0.19 0.20 0.22 0.23 0.24 0.26 0.27 0.28 0.32 0.35 0.39 0.44 0.47 0.48 0.48 0.46 0.45 0.50 0.61 0.70 0.73 0.70 0.66 0.63 0.56 0.51 0.51 0.54 0.57 0.61 0.64 0.67 0.69 0.71 0.73 0.76 0.77 0.79 0.81 0.83 0.85 0.86 0.88 0.90 0.91 0.93 0.94 0.96 0.97 0.99 1.01 1.02 1.04 1.05 1.06 1.07 1.06 1.06 1.07 1.08 1.10 1.11 1.08 1.02 1.04 1.19 1.35 1.49 1.54 1.52 1.54 1.65 2.01 2.58 2.62
0.24 0.21 0.16 0.15 0.17 0.19 0.19 0.20 0.21 0.21 0.22 0.24 0.25 0.26 0.28 0.29 0.30 0.33 0.35 0.36 0.39 0.44 0.48 0.49 0.48 0.47 0.51 0.58 0.67 0.73 0.74 0.72 0.71 0.68 0.62 0.58 0.57 0.58 0.60 0.63 0.67 0.69 0.72 0.74 0.75 0.77 0.79 0.81 0.83 0.85 0.87 0.88 0.90 0.92 0.94 0.96 0.97 0.99 1.01 1.02 1.04 1.06 1.07 1.09 1.10 1.11 1.12 1.14 1.16 1.16 1.13 1.08 1.03 1.09 1.23 1.40 1.51 1.52 1.51 1.63 1.99 2.53 2.72 2.13
0.36 0.32 0.25 0.22 0.22 0.24 0.24 0.24 0.24 0.23 0.24 0.25 0.27 0.28 0.29 0.30 0.31 0.34 0.37 0.37 0.39 0.42 0.45 0.48 0.48 0.47 0.49 0.55 0.65 0.73 0.76 0.76 0.75 0.74 0.68 0.63 0.60 0.60 0.61 0.63 0.66 0.69 0.72 0.74 0.76 0.78 0.79 0.81 0.83 0.85 0.87 0.89 0.90 0.92 0.94 0.96 0.98 1.00 1.02 1.04 1.06 1.07 1.09 1.11 1.12 1.14 1.17 1.19 1.20 1.20 1.20 1.19 1.20 1.24 1.33 1.46 1.52 1.55 1.63 1.87 2.39 2.66 2.24 1.33
