windninja/windninja_output/Output_2025-08-09_1400-1450_Google earth_Fire_150m_10min/merlingen_7.5mi_point_08-09-2025_1400_150m_vel.asc
ncols	158
nrows	163
xllcorner	391686.332397
yllcorner	5160024.123721
cellsize	150.000000
NODATA_value	-32768.000000
[rows 38 to 75 of 163, columns 0 to 83 of 158]
1.07 1.11 1.19 1.25 1.29 1.35 1.40 1.45 1.50 1.56 1.60 1.63 1.65 1.68 1.71 1.74 1.77 1.80 1.82 1.86 1.89 1.91 1.95 1.99 2.02 2.06 2.12 2.28 2.60 2.82 2.76 2.61 2.46 2.30 2.19 1.96 1.69 1.59 1.67 1.79 1.89 2.02 2.15 2.30 2.42 2.47 2.56 2.66 2.68 2.74 2.88 2.97 2.96 2.89 2.92 3.07 3.17 3.21 3.29 3.35 3.30 3.11 2.88 2.65 2.51 2.60 3.02 3.12 2.55 2.10 2.27 2.93 3.39 3.11 2.52 2.38 2.68 2.80 2.74 2.61 2.40 2.23 2.17 2.37
1.06 1.09 1.16 1.23 1.29 1.34 1.39 1.46 1.52 1.57 1.60 1.61 1.64 1.67 1.71 1.73 1.76 1.78 1.81 1.85 1.88 1.91 1.95 1.98 2.01 2.06 2.15 2.33 2.47 2.41 2.29 2.27 2.24 2.18 1.99 1.73 1.75 1.98 2.11 2.12 2.13 2.23 2.43 2.65 2.78 2.83 2.85 2.86 2.96 3.10 3.21 3.32 3.50 3.73 3.92 4.01 4.07 4.12 4.13 4.10 3.94 3.62 3.18 2.77 2.60 2.70 3.02 2.86 2.27 2.36 3.10 3.55 3.26 2.61 2.37 2.76 3.17 3.12 3.06 3.03 2.80 2.44 2.27 2.48
1.08 1.09 1.16 1.23 1.30 1.36 1.42 1.48 1.53 1.56 1.57 1.60 1.64 1.69 1.72 1.75 1.77 1.79 1.82 1.85 1.88 1.92 1.95 1.97 2.01 2.06 2.12 2.17 2.14 2.08 2.12 2.12 2.04 1.92 1.69 1.58 1.79 2.11 2.35 2.50 2.59 2.70 2.87 2.94 2.95 3.07 3.18 3.24 3.30 3.32 3.39 3.65 4.05 4.35 4.39 4.34 4.30 4.16 3.96 3.71 3.34 3.06 2.94 2.79 2.73 2.88 3.08 2.85 2.65 3.17 3.48 2.99 2.32 2.15 2.51 3.33 3.59 3.38 3.23 3.06 2.90 2.81 2.75 2.83
1.13 1.13 1.19 1.25 1.31 1.37 1.44 1.50 1.53 1.54 1.57 1.61 1.65 1.68 1.72 1.74 1.77 1.79 1.82 1.86 1.89 1.91 1.92 1.96 2.00 2.02 2.05 2.05 2.04 2.08 2.12 2.04 1.92 1.78 1.66 1.75 1.90 2.03 2.38 2.88 3.26 3.50 3.50 3.36 3.42 3.69 3.84 3.84 3.76 3.73 3.83 4.04 4.14 3.95 3.64 3.46 3.30 3.06 2.82 2.49 2.25 2.31 2.70 3.04 3.09 3.16 3.30 3.37 3.62 3.77 3.18 2.50 2.37 2.54 3.12 3.79 3.65 3.28 3.00 2.72 2.63 2.85 3.11 3.32
1.19 1.19 1.23 1.27 1.32 1.38 1.45 1.48 1.51 1.54 1.58 1.62 1.65 1.68 1.71 1.73 1.76 1.79 1.82 1.84 1.86 1.88 1.90 1.94 1.96 1.98 2.00 2.03 2.08 2.15 2.13 2.03 1.91 1.82 1.84 2.01 2.26 2.62 3.00 3.30 3.49 3.50 3.49 3.70 3.94 3.95 3.69 3.40 3.29 3.38 3.60 3.68 3.45 3.11 2.83 2.60 2.36 2.13 1.89 1.73 1.79 2.15 2.74 3.24 3.51 3.74 4.07 4.46 4.53 4.00 3.27 3.06 3.25 3.40 3.91 4.07 3.47 3.06 2.82 2.68 2.70 2.81 3.10 3.75
1.25 1.24 1.26 1.29 1.35 1.42 1.45 1.47 1.50 1.54 1.58 1.61 1.64 1.66 1.68 1.71 1.73 1.76 1.79 1.82 1.84 1.86 1.90 1.93 1.95 1.97 2.00 2.05 2.09 2.08 2.02 1.96 1.92 1.94 2.04 2.23 2.60 3.05 3.23 3.18 3.03 2.94 3.16 3.51 3.48 3.07 2.75 2.64 2.74 3.02 3.35 3.35 3.04 2.78 2.54 2.24 1.96 1.77 1.66 1.69 1.91 2.29 2.71 3.10 3.73 4.50 5.08 5.28 5.03 4.66 4.44 4.48 4.48 4.49 4.63 4.20 3.46 3.04 2.78 2.67 2.77 3.06 3.66 4.53
1.29 1.28 1.28 1.32 1.38 1.42 1.43 1.46 1.50 1.53 1.56 1.60 1.63 1.65 1.67 1.70 1.72 1.76 1.80 1.83 1.85 1.87 1.89 1.91 1.94 1.97 2.02 2.06 2.06 2.02 1.98 1.97 1.99 2.05 2.13 2.33 2.62 2.73 2.63 2.56 2.57 2.76 3.07 3.11 2.72 2.36 2.29 2.50 2.97 3.49 3.65 3.33 2.93 2.66 2.36 2.04 1.79 1.69 1.78 2.04 2.38 2.67 2.90 3.29 4.15 4.93 5.18 5.06 4.79 4.85 5.05 5.09 5.02 4.93 4.56 3.84 3.28 2.98 2.74 2.64 2.89 3.57 4.42 4.56
1.32 1.32 1.35 1.39 1.40 1.40 1.43 1.47 1.50 1.53 1.56 1.59 1.62 1.64 1.67 1.71 1.74 1.78 1.81 1.83 1.85 1.87 1.89 1.90 1.94 1.99 2.02 2.01 2.00 2.00 2.02 2.04 2.07 2.11 2.18 2.31 2.38 2.32 2.27 2.35 2.56 2.82 2.91 2.67 2.35 2.31 2.50 2.93 3.51 3.71 3.33 2.78 2.43 2.15 1.94 1.80 1.69 1.76 2.12 2.60 2.97 3.28 3.67 4.30 4.95 5.05 4.71 4.29 3.84 3.75 3.98 4.11 4.14 4.04 3.64 3.17 2.90 2.84 2.87 3.13 3.68 4.19 4.17 3.31
1.37 1.39 1.42 1.41 1.39 1.39 1.43 1.47 1.50 1.53 1.56 1.59 1.62 1.65 1.68 1.71 1.74 1.77 1.79 1.80 1.83 1.85 1.87 1.91 1.94 1.97 1.97 1.96 1.97 1.99 2.01 2.04 2.08 2.12 2.21 2.26 2.25 2.25 2.31 2.42 2.56 2.66 2.62 2.37 2.16 2.34 2.84 3.42 3.60 3.18 2.63 2.28 2.00 1.77 1.67 1.69 1.80 2.12 2.67 3.23 3.66 4.09 4.66 5.11 5.12 4.73 4.14 3.57 3.18 3.09 3.13 3.16 3.16 3.08 2.93 2.82 2.77 2.82 3.09 3.49 3.75 3.60 2.90 2.11
1.43 1.45 1.44 1.40 1.36 1.38 1.42 1.46 1.49 1.53 1.56 1.60 1.62 1.64 1.67 1.70 1.72 1.74 1.77 1.79 1.81 1.82 1.85 1.88 1.91 1.92 1.93 1.95 1.98 2.00 2.01 2.03 2.04 2.08 2.13 2.15 2.21 2.27 2.30 2.36 2.45 2.54 2.47 2.28 2.30 2.63 3.14 3.38 3.07 2.57 2.25 1.96 1.80 1.83 1.89 2.00 2.32 2.80 3.39 3.90 4.21 4.52 4.76 4.67 4.37 3.95 3.40 3.06 2.93 2.94 2.90 2.78 2.67 2.58 2.52 2.54 2.61 2.68 2.84 2.96 2.85 2.51 2.16 2.00
1.49 1.48 1.45 1.38 1.35 1.39 1.43 1.46 1.49 1.52 1.55 1.57 1.60 1.62 1.65 1.67 1.70 1.72 1.74 1.76 1.78 1.81 1.85 1.87 1.89 1.91 1.93 1.96 1.98 2.00 2.02 2.04 2.06 2.08 2.09 2.11 2.16 2.21 2.25 2.30 2.36 2.36 2.24 2.24 2.57 3.02 3.27 3.09 2.66 2.31 1.98 1.73 1.70 1.82 2.02 2.35 2.87 3.57 4.24 4.47 4.42 4.32 4.12 3.83 3.60 3.30 2.97 2.82 2.75 2.72 2.64 2.53 2.40 2.28 2.23 2.30 2.42 2.52 2.56 2.55 2.48 2.39 2.38 2.41
1.53 1.51 1.44 1.36 1.36 1.42 1.46 1.47 1.49 1.52 1.55 1.56 1.58 1.61 1.64 1.67 1.69 1.71 1.73 1.75 1.78 1.81 1.85 1.88 1.90 1.92 1.95 1.96 1.98 2.01 2.03 2.06 2.08 2.09 2.11 2.15 2.21 2.27 2.30 2.30 2.27 2.17 2.13 2.30 2.65 2.98 2.98 2.65 2.30 1.99 1.81 1.84 2.00 2.22 2.52 2.95 3.59 4.34 4.60 4.34 4.04 3.77 3.48 3.37 3.31 3.11 2.84 2.66 2.58 2.54 2.48 2.39 2.24 2.09 2.12 2.31 2.56 2.74 2.78 2.76 2.75 2.78 2.78 2.75
1.56 1.52 1.43 1.39 1.45 1.52 1.52 1.51 1.51 1.53 1.55 1.57 1.59 1.62 1.65 1.67 1.69 1.71 1.74 1.76 1.80 1.83 1.86 1.88 1.91 1.94 1.95 1.96 1.98 2.01 2.04 2.06 2.07 2.09 2.12 2.17 2.24 2.29 2.29 2.26 2.21 2.22 2.31 2.44 2.64 2.77 2.58 2.19 1.79 1.50 1.50 1.82 2.32 2.78 3.21 3.75 4.40 4.59 4.14 3.55 3.20 2.97 2.95 3.21 3.27 3.01 2.70 2.49 2.37 2.30 2.25 2.14 2.00 1.97 2.12 2.40 2.68 2.85 2.89 2.91 2.96 2.97 2.93 2.88
1.57 1.51 1.44 1.46 1.58 1.64 1.60 1.57 1.55 1.56 1.57 1.58 1.60 1.62 1.64 1.66 1.69 1.72 1.74 1.77 1.81 1.84 1.86 1.88 1.91 1.93 1.94 1.96 1.98 2.01 2.03 2.05 2.07 2.09 2.13 2.16 2.19 2.19 2.19 2.19 2.21 2.30 2.40 2.49 2.59 2.56 2.27 1.85 1.55 1.46 1.67 2.20 2.60 2.95 3.45 4.16 4.44 3.99 3.30 2.84 2.55 2.47 2.84 3.31 3.23 2.86 2.61 2.43 2.30 2.20 2.10 2.00 1.96 2.03 2.20 2.39 2.55 2.68 2.84 3.00 3.00 2.84 2.72 2.77
1.55 1.50 1.47 1.53 1.62 1.63 1.59 1.59 1.62 1.61 1.59 1.59 1.60 1.60 1.62 1.65 1.68 1.71 1.74 1.77 1.79 1.81 1.83 1.86 1.88 1.90 1.92 1.95 1.98 2.00 2.02 2.05 2.07 2.10 2.13 2.15 2.15 2.16 2.17 2.18 2.23 2.34 2.44 2.50 2.51 2.35 2.01 1.78 1.92 2.29 2.77 3.08 3.21 3.35 3.76 4.14 3.86 3.17 2.67 2.41 2.35 2.53 3.09 3.46 3.18 2.84 2.62 2.43 2.29 2.21 2.16 2.14 2.17 2.24 2.31 2.36 2.40 2.49 2.69 2.86 2.83 2.71 2.66 2.68
1.55 1.55 1.58 1.65 1.71 1.68 1.63 1.62 1.61 1.57 1.55 1.56 1.57 1.60 1.63 1.66 1.68 1.70 1.73 1.75 1.76 1.79 1.82 1.86 1.88 1.89 1.92 1.95 1.97 2.00 2.02 2.05 2.07 2.10 2.12 2.14 2.16 2.17 2.18 2.20 2.28 2.42 2.50 2.48 2.38 2.20 2.01 2.07 2.50 3.00 3.24 3.27 3.37 3.61 3.89 3.87 3.29 2.70 2.38 2.31 2.43 2.76 3.35 3.58 3.24 2.94 2.73 2.54 2.42 2.39 2.42 2.44 2.42 2.37 2.36 2.38 2.37 2.38 2.49 2.58 2.61 2.76 2.94 2.92
1.61 1.65 1.71 1.76 1.78 1.73 1.67 1.63 1.57 1.51 1.51 1.53 1.56 1.59 1.63 1.66 1.68 1.71 1.73 1.74 1.77 1.80 1.82 1.85 1.87 1.89 1.92 1.95 1.97 2.00 2.02 2.05 2.07 2.09 2.11 2.13 2.15 2.16 2.18 2.22 2.31 2.41 2.38 2.25 2.11 2.07 2.14 2.38 2.80 3.03 3.01 3.02 3.18 3.40 3.66 3.54 2.95 2.53 2.45 2.58 2.79 3.15 3.66 3.75 3.41 3.15 2.99 2.88 2.86 2.86 2.77 2.56 2.36 2.31 2.38 2.43 2.44 2.48 2.62 2.69 2.79 3.07 3.29 3.31
1.67 1.70 1.71 1.67 1.61 1.56 1.52 1.52 1.52 1.52 1.51 1.51 1.54 1.58 1.61 1.63 1.66 1.69 1.72 1.75 1.78 1.80 1.82 1.84 1.87 1.89 1.92 1.94 1.97 1.99 2.02 2.04 2.07 2.09 2.11 2.13 2.15 2.17 2.18 2.21 2.24 2.22 2.11 2.00 2.01 2.10 2.26 2.58 2.85 2.85 2.83 3.03 3.21 3.33 3.54 3.30 2.75 2.54 2.64 2.91 3.30 3.77 4.02 3.86 3.47 3.19 3.05 2.99 3.02 2.94 2.65 2.33 2.27 2.41 2.52 2.56 2.61 2.78 2.98 3.08 3.24 3.39 3.40 3.35
1.71 1.71 1.67 1.59 1.50 1.44 1.41 1.43 1.46 1.52 1.56 1.55 1.54 1.56 1.58 1.61 1.64 1.67 1.70 1.73 1.76 1.79 1.82 1.84 1.86 1.89 1.92 1.94 1.97 1.99 2.02 2.04 2.06 2.08 2.10 2.13 2.15 2.16 2.18 2.19 2.18 2.13 2.07 2.08 2.16 2.28 2.46 2.64 2.71 2.68 2.74 2.97 3.10 3.27 3.41 3.01 2.65 2.67 2.90 3.30 3.77 4.07 4.02 3.67 3.21 2.88 2.73 2.69 2.59 2.35 2.20 2.34 2.61 2.76 2.79 2.83 2.95 3.19 3.38 3.46 3.47 3.38 3.26 3.20
1.71 1.70 1.68 1.64 1.60 1.55 1.49 1.46 1.49 1.60 1.68 1.67 1.62 1.57 1.56 1.59 1.64 1.67 1.69 1.71 1.75 1.79 1.82 1.85 1.87 1.89 1.91 1.94 1.96 1.99 2.01 2.04 2.06 2.08 2.10 2.12 2.14 2.16 2.17 2.19 2.19 2.18 2.18 2.20 2.25 2.34 2.42 2.45 2.47 2.48 2.56 2.74 2.88 3.12 3.20 2.85 2.76 2.99 3.38 3.80 4.02 3.95 3.70 3.34 2.98 2.72 2.56 2.44 2.24 2.12 2.33 2.73 2.93 3.01 3.09 3.22 3.43 3.67 3.79 3.75 3.59 3.37 3.16 2.97
1.75 1.73 1.69 1.65 1.64 1.63 1.60 1.58 1.62 1.71 1.72 1.69 1.66 1.58 1.54 1.57 1.61 1.65 1.69 1.72 1.75 1.76 1.79 1.84 1.87 1.89 1.91 1.93 1.96 1.98 2.01 2.03 2.06 2.08 2.10 2.12 2.14 2.16 2.18 2.19 2.20 2.21 2.22 2.23 2.25 2.27 2.25 2.25 2.26 2.26 2.35 2.57 2.86 3.13 3.12 2.82 2.81 3.11 3.58 3.88 3.89 3.71 3.47 3.18 2.90 2.71 2.60 2.50 2.43 2.54 2.80 2.98 3.07 3.19 3.36 3.54 3.78 3.99 4.00 3.83 3.60 3.36 3.08 2.76
1.75 1.73 1.67 1.62 1.58 1.57 1.59 1.63 1.66 1.64 1.55 1.53 1.59 1.63 1.63 1.60 1.59 1.62 1.67 1.72 1.75 1.77 1.81 1.84 1.85 1.88 1.90 1.92 1.95 1.98 2.00 2.03 2.06 2.08 2.10 2.12 2.14 2.16 2.18 2.19 2.21 2.22 2.24 2.25 2.26 2.25 2.24 2.23 2.22 2.24 2.34 2.62 2.96 3.11 3.00 2.72 2.73 3.11 3.53 3.65 3.58 3.46 3.27 3.03 2.79 2.70 2.70 2.65 2.65 2.78 2.94 3.03 3.20 3.42 3.60 3.74 3.93 3.95 3.71 3.44 3.25 3.10 2.94 2.75
1.74 1.71 1.65 1.60 1.56 1.54 1.55 1.58 1.59 1.57 1.53 1.54 1.64 1.77 1.79 1.71 1.64 1.62 1.66 1.71 1.75 1.80 1.84 1.85 1.85 1.86 1.89 1.92 1.95 1.97 2.00 2.03 2.05 2.07 2.10 2.12 2.14 2.16 2.18 2.20 2.21 2.23 2.25 2.26 2.27 2.28 2.29 2.30 2.33 2.37 2.44 2.61 2.85 2.93 2.78 2.61 2.77 3.18 3.41 3.37 3.26 3.10 2.92 2.79 2.72 2.72 2.65 2.52 2.56 2.75 2.93 3.11 3.37 3.59 3.73 3.89 3.94 3.67 3.28 3.02 2.89 2.81 2.71 2.60
1.74 1.70 1.64 1.60 1.59 1.57 1.57 1.59 1.62 1.63 1.64 1.67 1.74 1.80 1.82 1.82 1.77 1.71 1.69 1.69 1.73 1.77 1.80 1.81 1.82 1.84 1.87 1.90 1.94 1.97 2.00 2.02 2.05 2.07 2.09 2.12 2.14 2.16 2.18 2.20 2.22 2.24 2.25 2.27 2.28 2.31 2.33 2.37 2.40 2.43 2.44 2.48 2.64 2.70 2.49 2.39 2.71 3.08 3.13 3.01 2.86 2.73 2.68 2.67 2.67 2.67 2.57 2.47 2.58 2.90 3.12 3.32 3.54 3.68 3.77 3.83 3.66 3.32 3.10 2.97 2.83 2.67 2.49 2.37
1.68 1.64 1.59 1.58 1.60 1.62 1.66 1.70 1.69 1.67 1.67 1.69 1.71 1.72 1.75 1.83 1.87 1.83 1.75 1.70 1.71 1.73 1.75 1.76 1.79 1.83 1.86 1.90 1.94 1.97 1.99 2.02 2.04 2.07 2.09 2.12 2.14 2.16 2.18 2.20 2.22 2.24 2.26 2.28 2.30 2.33 2.36 2.39 2.41 2.43 2.43 2.47 2.63 2.61 2.35 2.36 2.70 2.91 2.90 2.81 2.70 2.70 2.75 2.72 2.65 2.58 2.54 2.64 2.90 3.16 3.31 3.48 3.66 3.76 3.78 3.65 3.36 3.15 3.09 3.00 2.86 2.69 2.51 2.44
1.59 1.55 1.53 1.55 1.59 1.66 1.72 1.74 1.72 1.69 1.66 1.66 1.67 1.68 1.72 1.79 1.87 1.91 1.86 1.80 1.76 1.73 1.74 1.77 1.81 1.85 1.89 1.92 1.94 1.96 1.98 2.01 2.04 2.06 2.09 2.11 2.14 2.16 2.18 2.21 2.23 2.25 2.27 2.29 2.31 2.34 2.36 2.39 2.41 2.43 2.46 2.57 2.70 2.68 2.54 2.60 2.80 2.88 2.88 2.91 2.94 2.96 2.76 2.38 2.13 2.04 2.14 2.65 3.16 3.37 3.45 3.60 3.76 3.82 3.75 3.55 3.38 3.33 3.28 3.17 3.03 2.87 2.82 3.00
1.54 1.51 1.52 1.56 1.60 1.63 1.63 1.63 1.64 1.64 1.65 1.68 1.72 1.73 1.72 1.77 1.86 1.95 1.97 1.93 1.85 1.77 1.73 1.76 1.80 1.84 1.89 1.91 1.91 1.94 1.98 2.01 2.04 2.06 2.08 2.11 2.14 2.16 2.18 2.20 2.23 2.25 2.27 2.30 2.32 2.34 2.36 2.38 2.41 2.44 2.50 2.58 2.67 2.70 2.63 2.69 2.87 2.97 3.00 3.09 3.03 2.68 2.07 1.58 1.54 1.75 2.27 2.95 3.32 3.47 3.60 3.74 3.85 3.83 3.68 3.57 3.62 3.68 3.63 3.48 3.30 3.20 3.32 3.70
1.62 1.61 1.63 1.67 1.68 1.66 1.62 1.57 1.54 1.54 1.60 1.69 1.71 1.70 1.73 1.77 1.81 1.87 1.95 1.97 1.93 1.85 1.79 1.77 1.77 1.83 1.88 1.90 1.92 1.96 1.98 2.00 2.03 2.06 2.08 2.11 2.13 2.16 2.18 2.21 2.23 2.25 2.28 2.30 2.32 2.34 2.36 2.38 2.41 2.45 2.49 2.53 2.58 2.60 2.55 2.68 2.95 3.07 3.10 3.01 2.55 1.86 1.63 1.86 2.33 2.74 3.16 3.38 3.42 3.49 3.62 3.75 3.81 3.69 3.59 3.69 3.81 3.80 3.66 3.48 3.38 3.49 3.90 4.59
1.76 1.79 1.81 1.76 1.71 1.74 1.77 1.74 1.70 1.69 1.75 1.79 1.72 1.69 1.74 1.77 1.76 1.77 1.84 1.97 2.07 2.05 1.96 1.88 1.84 1.85 1.88 1.91 1.94 1.96 1.98 1.99 2.02 2.04 2.08 2.10 2.13 2.16 2.18 2.21 2.23 2.25 2.27 2.30 2.32 2.34 2.36 2.38 2.41 2.44 2.47 2.49 2.51 2.50 2.49 2.64 2.85 2.92 2.85 2.58 2.07 1.94 2.39 2.96 3.30 3.48 3.52 3.42 3.38 3.44 3.52 3.64 3.70 3.65 3.70 3.78 3.76 3.64 3.52 3.56 3.87 4.43 5.31 6.46
2.03 2.15 2.24 2.09 1.95 2.00 2.02 1.95 1.85 1.84 1.87 1.84 1.80 1.80 1.76 1.73 1.74 1.77 1.83 1.95 2.06 2.13 2.13 2.08 1.99 1.89 1.82 1.79 1.82 1.87 1.92 1.96 2.00 2.04 2.07 2.10 2.13 2.15 2.18 2.20 2.23 2.25 2.27 2.30 2.32 2.34 2.36 2.38 2.41 2.43 2.44 2.46 2.47 2.46 2.48 2.53 2.57 2.50 2.34 2.15 2.05 2.37 2.86 3.20 3.38 3.45 3.38 3.28 3.28 3.36 3.43 3.51 3.57 3.61 3.67 3.65 3.59 3.54 3.66 4.08 4.79 5.64 6.57 7.05
2.36 2.49 2.72 2.84 2.84 2.78 2.61 2.37 2.13 2.04 2.02 1.94 1.91 1.90 1.84 1.78 1.78 1.82 1.87 1.87 1.86 1.95 2.11 2.20 2.17 2.03 1.83 1.73 1.74 1.79 1.86 1.93 1.99 2.03 2.06 2.10 2.13 2.15 2.18 2.20 2.22 2.25 2.27 2.29 2.32 2.34 2.36 2.38 2.40 2.42 2.43 2.44 2.45 2.46 2.46 2.44 2.38 2.27 2.15 2.05 2.07 2.37 2.74 2.99 3.12 3.14 3.15 3.25 3.36 3.42 3.38 3.36 3.41 3.42 3.37 3.38 3.40 3.42 3.70 4.27 4.94 5.59 5.88 5.24
2.37 2.34 2.41 2.67 2.89 2.96 2.92 2.85 2.79 2.80 2.80 2.71 2.56 2.38 2.26 2.14 2.01 1.91 1.84 1.78 1.77 1.84 1.93 2.05 2.12 2.04 1.88 1.79 1.78 1.80 1.84 1.90 1.96 2.01 2.06 2.09 2.12 2.15 2.18 2.20 2.22 2.25 2.27 2.29 2.31 2.33 2.35 2.37 2.39 2.41 2.42 2.44 2.45 2.45 2.44 2.41 2.36 2.29 2.22 2.14 2.12 2.30 2.57 2.73 2.70 2.65 2.85 3.16 3.37 3.38 3.26 3.27 3.44 3.40 3.29 3.22 3.15 3.25 3.58 4.11 4.51 4.60 4.10 3.64
2.18 2.06 1.86 1.75 1.76 1.85 2.04 2.34 2.64 2.83 2.89 2.87 2.80 2.69 2.57 2.44 2.28 2.10 1.91 1.80 1.78 1.79 1.81 1.85 1.84 1.89 1.98 2.00 1.97 1.92 1.88 1.89 1.94 1.99 2.04 2.08 2.11 2.14 2.17 2.19 2.22 2.24 2.26 2.29 2.31 2.33 2.35 2.37 2.39 2.40 2.42 2.43 2.44 2.44 2.44 2.42 2.39 2.36 2.31 2.26 2.25 2.33 2.39 2.33 2.25 2.29 2.51 2.73 2.86 2.92 3.05 3.37 3.54 3.36 3.17 3.02 3.03 3.20 3.48 3.72 3.72 3.35 2.94 3.53
2.01 1.89 1.68 1.47 1.29 1.17 1.20 1.44 1.74 1.86 1.72 1.70 1.76 1.89 2.03 2.11 2.15 2.15 2.10 1.99 1.86 1.78 1.78 1.78 1.78 1.95 2.20 2.31 2.26 2.14 2.04 1.98 1.95 1.97 2.01 2.06 2.11 2.14 2.17 2.19 2.21 2.24 2.26 2.28 2.30 2.32 2.34 2.36 2.38 2.40 2.41 2.42 2.43 2.44 2.44 2.43 2.42 2.40 2.38 2.37 2.37 2.38 2.34 2.27 2.23 2.25 2.26 2.26 2.30 2.45 2.88 3.29 3.29 2.99 2.84 2.87 3.04 3.18 3.22 3.06 2.78 2.61 2.97 4.29
1.86 1.78 1.62 1.46 1.31 1.21 1.20 1.26 1.34 1.23 0.98 0.96 1.06 1.19 1.35 1.52 1.69 1.88 2.02 2.08 2.05 2.01 1.96 1.94 1.98 2.07 2.18 2.28 2.32 2.29 2.23 2.13 2.03 1.99 2.00 2.05 2.09 2.13 2.16 2.18 2.21 2.23 2.25 2.27 2.29 2.31 2.33 2.35 2.37 2.39 2.40 2.42 2.43 2.44 2.44 2.44 2.44 2.44 2.43 2.42 2.42 2.43 2.41 2.40 2.39 2.34 2.25 2.21 2.20 2.34 2.58 2.73 2.61 2.30 2.37 2.57 2.82 2.93 2.82 2.59 2.49 2.80 3.81 4.98
1.77 1.68 1.51 1.37 1.30 1.27 1.27 1.28 1.24 1.09 0.99 1.06 1.15 1.22 1.30 1.39 1.50 1.61 1.72 1.86 2.03 2.14 2.17 2.15 2.12 2.11 2.12 2.16 2.23 2.30 2.28 2.22 2.17 2.12 2.10 2.09 2.08 2.10 2.14 2.17 2.20 2.22 2.24 2.26 2.28 2.30 2.32 2.34 2.36 2.38 2.40 2.42 2.43 2.44 2.45 2.45 2.46 2.46 2.46 2.46 2.47 2.48 2.47 2.46 2.45 2.42 2.38 2.37 2.38 2.40 2.38 2.26 2.03 1.90 2.09 2.37 2.59 2.64 2.52 2.51 2.75 3.56 4.81 4.93
1.67 1.51 1.30 1.19 1.16 1.18 1.20 1.20 1.16 1.11 1.13 1.20 1.26 1.33 1.42 1.49 1.56 1.60 1.64 1.72 1.82 1.93 2.00 2.05 2.07 2.11 2.14 2.13 2.14 2.18 2.23 2.27 2.31 2.32 2.28 2.20 2.14 2.12 2.14 2.18 2.20 2.22 2.23 2.25 2.27 2.29 2.31 2.33 2.35 2.37 2.39 2.41 2.43 2.45 2.46 2.47 2.48 2.48 2.49 2.49 2.50 2.51 2.51 2.51 2.50 2.49 2.48 2.50 2.52 2.47 2.38 2.24 2.11 2.09 2.28 2.54 2.68 2.62 2.50 2.68 3.45 4.64 5.13 3.88
1.62 1.38 1.07 0.95 0.95 1.01 1.06 1.10 1.12 1.16 1.19 1.22 1.27 1.35 1.44 1.51 1.58 1.65 1.70 1.73 1.75 1.76 1.80 1.86 1.93 1.98 2.00 2.03 2.11 2.18 2.24 2.30 2.32 2.29 2.22 2.16 2.14 2.15 2.17 2.18 2.19 2.20 2.22 2.24 2.26 2.28 2.29 2.32 2.34 2.36 2.39 2.41 2.43 2.45 2.46 2.48 2.49 2.50 2.51 2.52 2.53 2.54 2.54 2.54 2.54 2.55 2.57 2.58 2.57 2.53 2.48 2.44 2.41 2.43 2.52 2.70 2.75 2.66 2.71 3.18 4.34 4.98 4.17 2.15
