windninja/windninja_output/Output_2025-08-09_1400-1450_Google earth_Fire_150m_10min/merlingen_7.5mi_point_08-09-2025_1400_150m_ang.asc
ncols	158
nrows	163
xllcorner	391686.332397
yllcorner	5160024.123721
cellsize	150.000000
NODATA_value	-32768.000000
[rows 86 to 128 of 163, columns 0 to 95 of 158]
317 336 16 27 41 48 46 32 14 2 355 354 349 345 343 342 340 333 327 321 317 314 313 315 322 331 336 338 339 341 343 345 347 349 350 352 352 352 349 344 340 341 342 343 342 340 337 334 332 331 332 335 337 338 337 335 334 333 333 333 333 333 333 333 333 333 333 333 333 332 332 332 332 332 332 332 333 334 335 338 342 345 345 337 324 317 316 316 316 316 316 316 317 320 323 325
344 3 33 36 39 37 27 13 4 1 359 355 349 346 345 345 344 338 329 321 317 313 309 313 323 335 341 341 342 344 344 344 344 344 345 349 353 354 354 351 346 342 342 343 344 342 339 336 335 333 332 332 334 335 334 333 332 331 331 332 332 333 333 333 333 333 333 333 333 332 332 332 332 332 332 332 332 333 333 335 337 338 336 330 321 316 315 313 312 312 313 315 317 319 322 324
31 25 13 10 10 12 10 8 8 9 5 354 348 349 349 350 350 343 334 326 323 319 319 326 335 343 344 345 346 347 347 345 344 342 340 341 345 350 353 354 352 349 345 343 344 344 342 340 338 338 336 334 333 333 334 333 331 328 328 329 330 332 333 333 333 333 333 333 332 332 332 332 332 331 331 331 331 331 331 332 332 331 328 322 315 313 312 311 311 311 312 313 311 307 303 302
32 19 3 5 5 5 7 11 14 14 4 354 351 353 354 356 353 345 334 328 325 324 328 337 348 352 349 348 348 349 349 348 346 345 343 339 339 342 348 352 353 351 349 346 344 344 345 344 341 340 340 339 337 336 337 338 335 330 324 324 328 331 333 333 333 333 333 333 332 332 332 332 331 331 331 330 330 330 329 329 328 326 323 315 308 304 304 305 309 310 308 306 301 293 290 290
21 14 9 10 7 4 5 9 12 8 2 357 356 357 359 358 353 346 334 324 324 329 338 351 358 358 354 351 351 350 350 349 348 347 346 344 341 340 344 349 351 350 349 346 343 343 344 344 343 341 339 339 338 339 340 342 341 335 327 325 329 332 333 334 334 333 333 333 332 332 332 331 331 330 330 329 329 328 328 327 325 324 322 316 308 305 304 303 305 304 299 296 294 290 291 291
10 10 10 8 4 359 358 0 4 5 4 4 3 2 1 358 354 348 336 323 327 338 353 3 5 3 358 355 353 352 351 350 348 347 346 346 346 343 342 346 351 353 350 347 343 342 342 342 342 340 337 336 336 337 342 345 343 339 335 335 336 335 334 334 334 333 333 332 332 332 331 331 330 330 329 329 328 327 326 325 323 322 321 318 314 311 308 305 302 297 289 283 283 281 279 281
357 359 1 2 1 358 354 355 1 7 9 7 6 4 2 357 353 349 341 337 338 353 7 12 12 8 2 358 355 353 352 350 348 347 346 346 347 345 343 343 348 355 355 350 345 342 341 339 338 335 332 331 332 334 339 341 339 338 339 341 342 339 336 335 334 333 333 332 332 331 331 330 330 329 329 328 327 326 325 324 322 320 318 315 312 309 306 302 296 287 273 269 271 270 269 273
341 346 352 356 357 356 356 357 1 8 10 7 3 2 2 1 354 348 346 348 357 8 15 19 17 11 5 1 358 355 354 351 347 344 344 345 346 345 344 343 346 353 358 356 351 346 342 339 336 333 328 325 329 333 334 332 329 330 335 340 342 341 338 335 334 333 332 332 332 331 331 330 330 329 328 327 326 325 324 322 321 319 316 313 308 303 299 294 285 274 267 269 271 272 272 274
325 333 344 348 350 351 355 358 0 4 7 7 4 3 3 3 0 356 355 5 17 19 22 24 20 14 6 2 0 360 357 351 344 342 343 344 345 344 344 344 345 350 356 359 358 354 348 342 339 336 332 331 334 335 333 328 322 323 329 334 338 339 337 335 333 333 332 332 331 331 330 330 329 328 328 327 326 325 323 322 320 318 315 312 307 302 297 290 282 278 277 279 280 280 280 281
311 321 337 342 343 346 350 353 353 355 0 6 8 9 9 9 11 15 14 22 30 36 38 37 25 13 7 4 2 3 359 351 346 344 344 344 343 343 343 343 343 345 350 357 360 358 355 349 344 339 338 341 343 340 335 330 327 326 328 331 334 336 336 333 332 332 331 331 331 330 330 329 329 328 327 326 325 324 323 321 320 318 315 312 309 305 300 295 291 288 288 287 287 287 287 287
301 311 328 337 342 348 351 349 344 343 352 7 20 26 29 32 34 37 37 35 50 60 61 54 29 10 5 3 1 358 355 352 351 350 347 343 341 341 341 341 341 341 343 348 353 355 354 351 346 343 344 350 351 345 339 333 329 327 327 329 332 334 333 332 331 331 331 330 330 330 329 329 328 327 326 326 325 323 322 321 319 317 315 313 310 307 304 301 298 296 294 293 293 292 292 291
298 304 319 331 343 354 358 357 349 343 349 14 49 43 44 45 48 50 50 51 65 73 74 61 16 0 0 2 359 354 350 352 355 353 348 342 338 337 337 339 339 338 339 340 343 347 348 347 345 345 351 355 353 348 342 336 332 328 327 327 328 330 330 329 330 330 330 329 329 329 329 328 327 327 326 325 324 323 322 320 319 317 315 313 311 309 306 304 302 300 299 298 297 296 295 294
290 293 304 314 334 354 6 10 9 8 23 90 107 95 86 80 73 75 74 69 66 64 54 25 359 359 3 3 360 355 351 352 353 352 348 342 335 331 331 334 336 337 337 337 338 338 338 339 342 347 351 353 353 349 344 340 337 333 330 329 328 326 325 325 326 327 328 328 328 328 328 327 327 326 325 324 323 322 321 320 319 317 316 314 312 310 308 306 305 303 302 301 300 299 298 297
281 279 279 285 298 319 9 38 48 63 81 98 106 108 103 97 95 94 91 78 56 36 20 12 10 13 14 10 6 3 357 353 349 347 344 340 336 332 328 328 331 333 335 336 338 339 339 340 345 349 351 351 352 351 346 343 341 338 335 333 333 330 326 323 322 323 325 326 327 328 327 326 326 325 324 323 323 322 321 320 318 317 316 314 313 311 310 308 307 306 304 303 302 301 300 299
284 282 278 277 272 250 159 117 107 105 104 108 112 114 114 106 99 95 85 58 32 17 15 26 36 35 31 24 18 13 5 355 342 334 332 333 333 332 329 326 327 329 332 334 337 339 341 343 346 350 351 351 351 351 349 347 345 343 339 337 336 335 333 329 325 323 323 324 326 326 326 325 325 324 323 323 322 321 320 319 318 317 316 315 314 312 311 310 308 307 306 305 304 303 302 301
296 295 290 284 269 203 150 127 114 110 105 101 99 96 92 83 66 57 45 27 15 15 35 54 59 55 48 44 40 35 24 358 331 317 313 316 320 323 324 325 325 326 328 330 333 336 340 342 345 348 351 352 352 351 350 349 349 346 344 342 338 336 335 333 330 328 326 325 325 324 323 323 323 323 322 321 320 320 319 318 317 317 316 315 314 313 312 311 310 308 307 306 305 305 304 303
311 310 308 307 318 68 107 108 101 96 92 86 77 60 41 33 32 29 22 17 18 37 61 67 66 64 66 67 65 56 35 359 328 312 303 300 304 310 315 319 321 322 324 326 329 334 340 344 346 348 351 352 352 352 351 350 349 348 348 347 343 339 337 336 334 332 330 328 326 323 320 319 320 320 320 319 319 318 318 317 317 316 315 315 314 313 312 311 310 309 308 308 307 306 305 304
332 332 334 343 4 37 60 76 82 82 80 74 60 37 24 23 26 25 22 26 40 61 69 70 68 69 71 73 66 50 25 358 335 317 305 298 297 299 303 308 313 316 318 321 325 329 335 341 346 349 351 351 351 351 352 351 350 350 349 349 347 344 342 339 337 336 335 333 331 327 321 317 316 316 316 316 315 315 315 315 315 315 315 314 314 313 312 312 311 310 309 308 308 307 305 304
353 354 359 8 22 42 56 68 78 82 80 74 61 45 35 39 42 42 49 65 70 66 65 65 66 64 62 59 53 42 24 0 336 321 310 301 296 294 295 300 307 311 313 316 319 323 328 335 343 349 351 351 351 350 350 352 352 352 350 349 348 347 345 342 340 340 340 339 338 334 328 323 317 312 308 307 308 310 312 313 313 313 314 314 314 313 312 312 311 310 309 309 308 307 306 305
11 12 16 24 35 48 58 68 74 78 83 88 89 86 86 87 87 88 89 85 76 67 62 60 57 52 51 50 47 42 30 3 335 326 316 306 302 301 300 302 306 309 310 312 315 320 324 331 339 346 349 351 352 352 351 350 352 353 352 351 350 349 346 342 342 342 342 343 342 338 335 332 327 319 310 306 305 306 306 306 308 311 312 313 313 313 312 312 311 310 309 309 308 307 306 305
26 25 26 31 38 45 53 60 61 58 57 53 49 50 61 76 87 88 83 75 69 67 61 52 46 44 44 45 44 40 27 6 349 338 323 313 311 310 307 306 307 309 310 311 313 316 321 327 333 340 345 349 352 354 355 353 352 352 353 353 353 350 348 346 344 344 344 344 344 342 339 337 335 332 326 319 314 311 306 304 305 309 311 312 312 312 312 311 311 310 309 308 308 307 306 305
34 32 31 35 39 42 44 40 32 27 26 26 28 36 46 57 67 71 70 66 61 59 52 41 38 38 38 37 37 35 24 13 3 348 330 322 322 319 312 308 308 310 310 312 314 316 320 325 330 335 340 345 349 353 356 357 355 353 353 354 354 352 349 348 347 347 347 346 345 345 344 340 336 334 331 326 322 320 317 313 310 309 310 311 312 312 311 311 310 309 308 308 307 306 305 304
38 36 34 34 33 30 25 21 17 19 26 32 37 43 47 49 51 54 57 56 52 50 45 34 30 33 32 27 29 32 25 19 9 350 336 334 334 327 318 315 315 311 310 313 315 316 319 323 328 334 338 343 346 349 353 357 358 357 355 355 356 354 351 349 350 349 350 349 347 346 345 343 338 335 332 330 327 324 322 317 314 311 310 310 310 311 311 310 309 308 307 307 306 305 304 303
41 38 33 29 23 20 20 21 23 30 40 45 45 45 46 44 40 38 40 42 44 46 43 32 22 23 25 22 25 30 26 19 10 353 344 343 341 331 324 325 322 311 309 313 315 316 318 321 326 331 337 343 347 349 351 355 358 358 356 356 357 357 356 354 353 352 350 350 350 348 346 344 340 337 335 333 331 328 324 318 315 313 313 311 310 309 309 308 307 306 305 305 304 304 303 302
42 38 31 27 24 25 31 37 42 44 47 49 46 42 42 39 32 27 29 34 42 47 41 29 17 11 16 17 20 26 25 18 11 0 353 348 340 333 332 335 330 318 312 312 313 315 318 321 324 327 333 340 346 350 351 353 356 358 357 356 357 358 0 360 358 355 351 349 350 350 348 344 342 340 337 334 332 330 327 322 316 314 314 314 310 307 306 305 304 303 302 301 300 300 300 299
40 37 33 33 35 39 44 46 47 46 47 50 47 38 34 34 27 18 20 28 37 45 39 22 14 7 4 3 11 22 26 20 11 3 357 350 343 339 341 342 335 329 325 317 314 314 316 319 321 324 329 336 344 349 351 353 355 358 359 358 356 358 2 3 1 359 357 353 350 349 347 343 342 342 341 337 335 333 329 324 319 315 315 316 314 310 304 301 298 296 295 294 295 296 296 295
44 43 40 41 43 42 42 42 43 42 41 42 38 29 28 31 26 13 12 19 28 37 39 22 13 8 356 350 357 14 24 23 12 0 355 354 352 350 350 345 339 335 329 323 320 317 316 316 317 320 325 334 342 347 350 352 355 357 360 360 358 359 2 2 2 1 1 360 355 349 345 343 342 343 343 341 339 337 334 330 323 319 318 319 318 315 307 299 292 287 287 291 294 295 295 294
49 47 45 46 45 44 41 39 38 36 33 33 31 25 26 30 24 7 1 7 17 30 39 32 16 11 1 352 349 359 16 22 17 2 356 359 2 2 356 349 344 335 326 325 327 324 318 316 316 317 321 330 339 345 349 352 354 356 360 1 0 0 2 2 1 1 3 3 1 355 350 346 344 345 346 344 342 339 337 336 331 325 322 320 320 319 311 303 295 290 293 299 300 298 295 291
49 48 46 44 42 42 40 37 35 32 27 25 25 24 26 29 17 357 351 358 8 23 34 34 21 12 10 6 358 353 3 16 19 12 3 2 5 4 359 353 346 334 328 330 333 329 324 323 322 319 320 325 334 342 349 352 353 355 359 1 2 1 2 2 1 1 2 3 2 0 357 352 349 347 348 347 345 341 339 338 335 332 331 328 327 327 319 311 307 304 306 310 308 302 294 290
47 46 43 41 39 37 37 37 36 30 22 19 20 22 26 27 13 356 349 353 2 13 22 24 22 15 12 11 9 2 360 9 17 19 12 2 357 358 358 353 343 335 335 338 339 335 332 331 327 323 322 324 330 338 347 352 354 355 357 0 2 2 2 2 2 1 2 3 3 3 1 358 356 351 348 347 348 345 342 340 336 335 337 338 338 340 331 321 315 311 312 316 315 309 302 301
45 44 42 40 38 37 35 34 33 26 19 15 15 17 22 25 17 1 351 350 357 3 7 14 19 20 17 14 14 5 358 2 12 20 15 1 354 356 355 348 340 338 342 345 343 341 337 332 328 327 326 326 330 336 344 352 354 354 356 359 1 2 2 2 2 2 2 3 4 4 3 2 2 359 352 347 347 349 347 342 336 334 339 344 346 346 337 327 320 316 318 322 323 319 313 313
44 44 44 43 41 38 33 29 25 23 20 16 12 12 18 27 25 4 348 344 348 352 356 3 12 17 18 17 16 9 0 358 5 13 10 360 354 354 352 347 344 345 348 349 349 346 340 333 331 331 331 332 333 336 343 351 355 355 356 358 360 1 2 2 2 3 2 3 4 4 4 3 3 4 2 355 349 350 351 347 339 335 341 348 349 345 338 329 324 323 326 330 331 323 317 316
46 45 45 44 41 36 30 23 20 20 24 21 10 6 14 28 31 5 341 335 335 340 346 352 359 7 9 8 13 15 9 360 357 1 8 11 5 359 353 350 352 354 354 353 352 348 343 339 337 336 337 337 337 338 343 350 355 356 357 357 358 358 359 0 2 3 3 4 5 4 3 3 3 5 6 4 359 355 353 351 345 343 346 350 347 342 338 332 329 331 335 338 336 327 319 317
48 46 44 44 41 34 28 24 21 21 25 25 11 3 11 26 31 14 342 328 323 326 335 341 347 352 355 358 6 11 6 359 355 358 11 20 17 7 2 2 3 2 360 356 353 352 348 342 340 341 341 341 339 339 343 348 354 357 357 357 357 356 356 358 1 3 4 5 6 6 3 2 2 3 5 8 8 3 357 353 350 349 351 350 344 339 337 335 334 337 341 343 343 333 323 320
47 45 42 43 43 37 33 29 25 21 24 26 13 3 9 21 30 25 357 331 318 315 321 328 334 339 344 350 355 357 359 358 358 5 17 24 23 16 11 14 14 11 7 3 1 360 355 349 347 346 345 344 342 342 344 348 353 356 357 357 357 357 357 359 3 6 4 3 5 6 4 2 0 360 3 8 11 10 6 1 356 353 352 349 342 338 337 337 338 341 344 347 348 337 326 323
45 42 36 34 34 34 32 32 30 23 22 26 15 2 4 15 28 30 15 350 323 305 301 309 318 325 334 342 344 344 349 358 5 12 20 24 24 24 20 19 21 19 16 13 11 8 3 359 357 353 350 347 345 345 346 350 353 356 357 357 358 1 5 12 19 19 7 353 354 0 3 3 0 358 359 4 9 12 12 9 4 358 354 348 343 341 341 341 342 343 346 351 350 336 326 325
39 36 29 24 25 24 25 29 32 27 22 26 17 359 358 8 25 35 30 13 342 308 293 288 291 301 314 326 331 335 343 356 7 14 23 25 25 28 21 15 20 24 26 24 18 13 10 7 3 359 355 350 347 348 348 349 353 357 359 1 5 13 21 24 20 15 8 353 340 345 356 0 359 357 356 358 3 9 11 12 10 3 355 349 346 346 347 348 348 347 350 354 348 331 322 324
36 34 28 22 21 21 22 26 31 31 26 30 24 2 355 2 22 37 41 34 11 330 301 281 275 280 288 301 314 325 339 354 7 15 24 27 25 28 25 15 14 21 28 29 22 15 10 5 2 0 357 353 351 350 349 349 354 360 4 9 19 24 21 16 11 8 8 4 351 340 344 351 354 355 354 354 356 1 5 9 10 6 359 354 353 353 354 355 352 351 354 355 344 328 323 326
36 34 29 23 21 22 22 24 29 29 29 37 34 14 360 359 16 33 39 41 33 3 324 303 291 282 280 294 311 324 342 358 8 14 23 29 25 27 28 18 11 15 25 30 27 19 11 4 1 360 358 357 356 353 352 355 0 8 14 17 20 17 12 9 7 6 8 10 8 356 342 338 340 344 348 348 349 351 356 360 4 6 5 2 359 359 1 1 357 354 354 352 341 329 328 333
31 31 27 22 18 19 21 21 24 24 28 39 44 29 10 1 7 22 30 32 33 24 356 326 311 305 307 317 323 333 350 5 12 15 23 31 27 25 28 23 14 12 19 29 31 25 14 6 0 360 1 2 0 357 356 359 5 11 15 14 10 8 8 7 7 8 9 12 14 12 2 345 332 327 330 336 339 340 344 349 354 2 8 9 5 5 7 6 1 356 351 348 338 329 331 339
27 29 27 20 17 19 21 18 18 20 25 37 45 41 27 12 5 11 16 22 25 21 5 346 336 335 335 335 339 346 355 8 18 17 22 30 29 25 27 26 19 12 13 24 31 28 19 10 4 2 4 4 3 1 360 0 5 10 14 11 7 7 8 9 10 11 12 13 16 17 13 5 351 334 323 320 324 328 331 337 346 354 3 8 9 10 11 8 3 356 351 346 336 330 335 344
27 29 27 21 16 17 18 16 14 16 21 30 37 39 37 25 8 6 9 9 8 6 3 357 354 351 351 352 349 349 354 6 19 21 23 30 33 30 27 28 23 12 8 15 27 30 23 15 10 7 7 6 5 4 3 3 5 9 12 11 10 11 12 12 12 13 14 15 16 17 16 13 5 352 337 322 315 317 321 327 336 344 352 1 7 9 9 7 4 359 355 347 337 334 340 349
26 27 27 21 15 13 14 14 13 13 15 20 25 30 34 32 15 6 359 351 350 358 6 8 9 11 7 359 351 345 346 358 15 23 27 33 37 35 31 30 25 13 2 3 19 29 27 19 14 11 8 8 7 7 6 6 6 9 12 14 14 15 15 14 14 15 16 17 18 17 17 18 15 5 349 332 317 310 310 315 323 332 341 350 357 3 4 2 1 2 0 352 344 343 348 353
