windninja/windninja_output/Output_2025-08-09_1400-1450_Google earth_Fire_150m_10min/merlingen_7.5mi_point_08-09-2025_1440_150m_vel.asc
ncols	158
nrows	163
xllcorner	391686.332397
yllcorner	5160024.123721
cellsize	150.000000
NODATA_value	-32768.000000
[rows 114 to 151 of 163, columns 0 to 83 of 158]
2.29 2.34 2.38 2.42 2.50 2.47 2.35 2.29 2.31 2.38 2.54 2.92 2.97 2.69 2.94 3.07 2.01 0.81 0.93 1.66 2.70 4.06 4.51 3.28 2.61 2.66 2.56 2.31 2.18 2.20 3.02 4.58 5.35 5.42 5.03 3.94 3.03 2.46 1.81 1.34 1.23 1.40 1.67 1.61 0.99 0.37 0.16 0.13 0.20 0.33 0.38 0.31 0.39 0.85 1.33 1.58 1.63 1.78 2.13 2.39 2.36 2.29 2.43 2.60 2.49 2.48 2.67 2.79 2.77 2.58 2.32 2.17 2.08 2.02 2.14 2.29 2.20 1.99 1.86 1.93 2.00 1.81 1.45 1.22
2.13 2.33 2.53 2.53 2.54 2.54 2.51 2.38 2.25 2.29 2.51 2.72 2.68 2.73 3.26 3.45 2.24 0.71 0.61 1.05 1.95 3.18 4.25 4.34 3.73 3.08 2.77 2.70 2.86 2.34 2.32 3.83 5.53 6.13 5.29 3.91 2.91 2.37 1.92 1.47 1.36 1.58 1.76 1.68 1.21 0.60 0.21 0.04 0.07 0.22 0.37 0.44 0.40 0.59 1.13 1.51 1.61 1.69 1.95 2.28 2.37 2.33 2.41 2.62 2.61 2.49 2.61 2.77 2.83 2.76 2.61 2.49 2.38 2.12 1.99 2.20 2.38 2.22 1.94 1.87 2.03 2.01 1.76 1.56
1.91 2.23 2.55 2.60 2.56 2.50 2.51 2.53 2.51 2.51 2.65 2.49 2.22 2.46 3.37 3.85 2.56 0.74 0.45 0.64 1.45 2.35 3.24 4.17 4.42 3.81 3.03 2.96 3.37 2.65 2.09 3.18 5.09 6.38 5.73 4.03 2.85 2.18 2.01 1.77 1.58 1.73 1.79 1.75 1.47 0.83 0.33 0.10 0.10 0.15 0.32 0.49 0.52 0.49 0.89 1.39 1.59 1.64 1.80 2.11 2.28 2.32 2.41 2.57 2.63 2.54 2.58 2.74 2.86 2.87 2.81 2.79 2.82 2.67 2.19 2.02 2.24 2.39 2.16 1.88 1.93 1.98 1.80 1.69
1.75 2.10 2.47 2.58 2.58 2.47 2.35 2.45 2.71 2.92 2.94 2.33 1.77 2.03 3.29 4.19 2.97 0.88 0.28 0.34 1.01 1.75 2.33 3.19 4.10 4.39 3.79 3.47 3.91 2.99 2.10 2.53 3.99 5.89 5.97 4.20 2.83 2.11 2.13 2.14 1.93 1.87 1.84 1.85 1.70 1.11 0.57 0.32 0.24 0.23 0.30 0.50 0.61 0.59 0.74 1.26 1.59 1.66 1.73 1.96 2.13 2.23 2.42 2.62 2.67 2.59 2.62 2.74 2.85 2.92 2.93 2.96 3.09 3.22 3.00 2.44 2.16 2.33 2.40 2.17 2.03 2.00 1.81 1.69
1.68 1.95 2.38 2.58 2.58 2.45 2.24 2.29 2.62 2.98 3.23 2.52 1.53 1.66 2.93 4.34 3.76 1.38 0.18 0.08 0.42 1.09 1.67 2.19 2.89 3.74 3.83 3.85 4.28 3.92 2.89 2.49 3.13 4.99 5.68 5.06 3.87 2.72 2.55 2.53 2.26 2.12 2.02 1.97 1.86 1.43 0.86 0.54 0.39 0.35 0.36 0.51 0.68 0.70 0.71 1.11 1.54 1.69 1.75 1.89 2.01 2.05 2.26 2.57 2.75 2.75 2.76 2.85 2.92 2.94 2.93 2.96 3.09 3.36 3.56 3.30 2.69 2.44 2.50 2.47 2.38 2.23 1.93 1.71
1.66 1.84 2.28 2.62 2.55 2.34 2.25 2.30 2.53 2.73 3.17 2.90 1.59 1.47 2.45 4.00 4.40 2.42 0.61 0.35 0.45 0.72 1.24 1.75 2.21 2.60 2.81 3.08 3.77 4.08 3.76 3.19 3.46 4.59 5.14 5.30 4.86 3.77 3.30 3.17 2.94 2.66 2.44 2.28 2.09 1.76 1.23 0.80 0.56 0.46 0.45 0.54 0.70 0.76 0.73 0.95 1.43 1.68 1.76 1.88 1.97 1.94 2.02 2.28 2.53 2.69 2.74 2.85 3.00 3.01 2.89 2.84 2.94 3.19 3.59 3.82 3.53 3.00 2.72 2.58 2.49 2.38 2.10 1.83
1.61 1.76 2.20 2.70 2.63 2.27 2.30 2.43 2.57 2.49 2.80 3.07 1.89 1.37 2.08 3.53 4.58 3.54 1.39 0.55 0.63 0.78 1.12 1.62 2.07 2.32 2.45 2.62 3.04 3.54 3.93 3.80 3.91 4.43 4.68 4.84 4.70 4.23 3.53 3.29 3.49 3.44 3.16 2.86 2.56 2.22 1.74 1.25 0.87 0.67 0.60 0.62 0.74 0.83 0.81 0.89 1.30 1.62 1.73 1.86 1.97 1.93 1.96 2.02 2.00 2.11 2.13 2.18 2.57 2.91 2.90 2.76 2.73 2.87 3.25 3.79 4.04 3.76 3.27 2.90 2.63 2.47 2.21 1.96
1.49 1.68 2.12 2.69 2.89 2.61 2.66 2.84 2.79 2.33 2.48 3.22 2.25 1.18 1.75 3.17 4.59 4.21 2.29 0.99 0.71 0.95 1.25 1.66 2.14 2.37 2.44 2.64 3.32 3.97 4.09 4.11 4.21 4.23 4.56 4.55 4.15 4.14 3.25 2.64 3.10 3.54 3.68 3.25 2.84 2.51 2.10 1.61 1.17 0.94 0.77 0.71 0.78 0.90 0.91 0.91 1.28 1.59 1.70 1.82 1.92 1.87 1.88 1.95 1.89 1.92 1.80 1.41 1.58 2.29 2.67 2.70 2.61 2.57 2.77 3.29 3.94 4.27 4.08 3.61 3.14 2.79 2.41 2.12
1.33 1.59 1.97 2.35 2.81 3.01 3.25 3.54 3.43 2.55 2.40 3.39 2.58 1.00 1.23 2.44 4.30 4.71 3.01 1.67 1.04 1.12 1.40 1.74 2.26 2.43 2.49 2.93 3.95 4.50 4.08 4.10 4.29 3.98 4.41 4.46 3.84 4.01 3.25 2.23 2.26 2.92 3.79 3.68 3.00 2.57 2.17 1.63 1.26 1.09 0.94 0.81 0.83 0.94 0.96 0.94 1.25 1.61 1.73 1.84 1.89 1.83 1.86 1.96 2.07 2.30 2.25 1.58 1.13 1.36 1.97 2.33 2.46 2.43 2.41 2.65 3.25 4.02 4.47 4.43 4.00 3.42 2.82 2.48
1.17 1.45 1.77 1.86 2.21 2.68 3.11 3.69 4.10 3.48 2.95 3.75 2.88 0.95 0.89 1.77 3.46 4.84 4.11 2.65 1.88 1.53 1.54 1.87 2.31 2.49 2.59 3.30 4.70 4.86 3.82 3.81 4.10 3.76 4.17 4.39 3.65 3.81 3.66 2.32 1.77 2.25 3.41 4.11 3.57 2.82 2.25 1.61 1.26 1.16 1.08 0.96 0.92 1.00 1.00 0.92 1.09 1.48 1.60 1.73 1.88 1.92 1.98 2.05 2.14 2.47 2.70 2.38 1.58 1.06 1.26 1.72 2.02 2.16 2.16 2.16 2.47 3.16 3.97 4.58 4.77 4.43 3.68 3.06
1.18 1.43 1.68 1.63 1.81 2.30 2.68 3.21 4.05 4.02 4.00 4.31 2.78 1.08 0.93 1.48 2.52 4.12 4.83 3.99 2.92 2.28 1.90 2.02 2.29 2.44 2.73 4.02 5.59 4.79 3.21 3.46 3.91 3.65 3.93 4.31 3.59 3.42 3.67 2.66 1.75 1.73 2.55 3.96 4.29 3.44 2.56 1.81 1.32 1.26 1.25 1.17 1.09 1.12 1.11 1.05 1.16 1.53 1.66 1.58 1.77 2.08 2.15 2.18 2.27 2.46 2.71 2.85 2.51 1.58 1.13 1.29 1.45 1.56 1.72 1.76 1.86 2.28 3.00 3.75 4.44 4.87 4.60 3.76
1.22 1.49 1.70 1.60 1.72 2.13 2.46 2.82 3.60 3.90 4.42 5.01 3.49 1.50 1.18 1.44 1.91 2.78 4.10 4.81 4.61 3.52 2.64 2.36 2.59 2.88 3.81 5.66 5.62 3.74 2.44 3.13 3.86 3.56 3.62 4.20 3.66 3.14 3.42 2.90 1.92 1.47 1.78 3.20 4.38 4.09 3.06 2.06 1.45 1.32 1.31 1.29 1.26 1.26 1.26 1.29 1.49 1.89 2.15 1.90 1.87 2.15 2.28 2.32 2.45 2.59 2.65 2.83 2.97 2.57 1.79 1.47 1.38 1.20 1.16 1.23 1.28 1.45 1.91 2.49 3.04 4.02 4.77 4.54
1.14 1.46 1.70 1.55 1.63 1.98 2.33 2.62 3.09 3.50 4.20 5.41 4.88 2.52 1.86 1.65 1.59 1.98 2.82 4.06 4.91 4.94 3.70 3.08 3.77 4.66 5.17 5.33 4.06 2.43 1.96 2.80 3.82 3.51 3.39 4.03 3.79 3.09 3.01 2.82 2.12 1.43 1.38 2.38 3.97 4.39 3.55 2.44 1.73 1.46 1.39 1.32 1.32 1.36 1.36 1.37 1.55 1.98 2.38 2.33 2.18 2.25 2.31 2.35 2.49 2.66 2.71 2.78 2.98 3.04 2.76 2.31 1.86 1.40 1.09 0.89 0.82 0.88 1.09 1.50 1.99 2.78 3.95 4.63
1.07 1.39 1.70 1.51 1.50 1.84 2.26 2.58 2.72 3.02 3.65 4.99 5.57 4.47 3.31 2.16 1.48 1.78 2.42 3.20 4.21 5.03 4.71 3.99 4.35 4.89 4.54 3.48 2.59 1.95 1.71 2.41 3.60 3.60 3.45 3.84 3.81 3.27 2.74 2.58 2.22 1.55 1.28 1.72 3.22 4.32 3.82 2.66 1.96 1.63 1.51 1.43 1.37 1.41 1.42 1.39 1.47 1.84 2.27 2.35 2.30 2.32 2.34 2.37 2.51 2.67 2.74 2.79 2.90 3.01 3.12 3.00 2.52 1.95 1.47 1.06 0.71 0.62 0.73 0.96 1.40 2.05 2.83 3.73
1.04 1.34 1.69 1.51 1.39 1.62 2.09 2.51 2.57 2.61 2.93 3.94 5.17 5.63 5.08 3.13 1.98 2.14 2.76 4.04 4.62 4.72 4.83 4.40 4.41 4.49 3.78 2.86 2.16 1.79 1.75 2.19 3.08 3.45 3.66 3.93 3.85 3.38 2.71 2.49 2.26 1.81 1.47 1.43 2.40 3.93 3.99 2.79 2.10 1.79 1.59 1.52 1.51 1.53 1.53 1.50 1.53 1.79 2.17 2.30 2.32 2.37 2.41 2.48 2.59 2.71 2.77 2.82 2.90 2.96 3.12 3.32 3.11 2.47 1.91 1.49 0.95 0.63 0.59 0.61 0.80 1.33 2.03 2.76
1.03 1.31 1.67 1.51 1.32 1.50 1.85 2.25 2.38 2.31 2.35 2.83 3.78 4.94 5.63 5.28 3.62 3.16 4.33 5.55 4.80 3.90 4.33 4.66 4.85 4.83 3.98 2.81 2.09 1.88 1.96 2.06 2.36 2.79 3.50 4.27 4.25 3.43 2.80 2.60 2.39 2.10 1.81 1.62 1.91 3.12 3.77 3.08 2.42 2.10 1.81 1.65 1.60 1.62 1.60 1.57 1.62 1.85 2.18 2.32 2.36 2.43 2.49 2.57 2.67 2.77 2.81 2.84 2.91 2.98 3.13 3.42 3.54 3.14 2.45 1.96 1.41 0.83 0.65 0.60 0.51 0.54 0.96 1.74
1.03 1.32 1.73 1.59 1.35 1.59 1.92 2.10 2.14 2.04 1.98 2.06 2.44 3.20 4.36 5.53 5.58 5.50 5.94 5.34 3.71 3.12 3.54 4.47 5.31 5.29 4.07 2.80 2.35 2.16 2.07 1.90 1.77 2.02 2.68 3.96 4.75 4.08 3.09 2.81 2.63 2.37 2.18 1.98 1.88 2.20 2.99 2.98 2.71 2.36 1.99 1.83 1.69 1.64 1.60 1.56 1.63 1.92 2.24 2.39 2.39 2.43 2.52 2.61 2.71 2.81 2.86 2.86 2.90 3.00 3.17 3.40 3.64 3.65 3.25 2.65 1.97 1.22 0.85 0.73 0.59 0.46 0.33 0.51
1.06 1.30 1.76 1.79 1.52 1.72 2.05 2.25 2.27 2.03 1.82 1.77 1.91 2.43 3.20 4.41 6.37 7.30 6.21 4.08 3.20 3.00 3.11 3.75 5.27 5.71 3.88 2.94 2.75 2.35 2.10 1.91 1.68 1.56 1.95 2.96 4.35 4.76 3.93 3.23 2.99 2.68 2.49 2.31 1.94 1.62 1.78 2.30 2.64 2.42 2.03 1.90 1.80 1.71 1.64 1.56 1.57 1.85 2.21 2.40 2.41 2.38 2.42 2.59 2.71 2.80 2.89 2.88 2.87 2.97 3.18 3.42 3.58 3.76 3.71 3.41 2.71 1.73 1.23 1.03 0.75 0.54 0.41 0.30
1.08 1.25 1.61 1.85 1.80 1.79 1.93 2.33 2.72 2.42 1.87 1.70 1.80 2.22 3.02 4.07 6.68 8.03 5.99 3.91 3.37 3.09 3.04 3.35 4.68 5.78 4.67 3.30 3.02 2.51 2.12 1.91 1.63 1.42 1.67 2.27 3.26 4.36 4.46 4.09 3.68 3.10 2.78 2.58 1.99 1.16 0.90 1.47 2.23 2.33 2.01 1.91 1.85 1.77 1.70 1.63 1.63 1.86 2.20 2.39 2.47 2.48 2.36 2.50 2.68 2.75 2.86 2.86 2.81 2.89 3.11 3.36 3.54 3.77 3.85 3.73 3.35 2.36 1.72 1.60 1.20 0.63 0.40 0.35
1.13 1.26 1.47 1.75 2.02 1.91 1.70 1.98 2.77 3.09 2.40 1.85 1.90 2.44 3.16 4.48 7.07 7.86 6.44 4.53 3.63 3.23 3.15 3.30 3.91 5.13 5.30 4.12 3.27 2.69 2.23 1.94 1.61 1.60 1.76 2.06 2.63 3.40 3.95 4.44 4.38 3.58 3.10 2.90 2.20 1.31 0.89 1.08 1.77 2.11 1.96 1.85 1.83 1.80 1.77 1.75 1.77 1.98 2.30 2.51 2.64 2.71 2.56 2.56 2.73 2.77 2.83 2.82 2.69 2.75 2.99 3.21 3.37 3.70 4.04 4.05 3.72 2.73 1.93 1.88 1.71 1.02 0.38 0.30
1.22 1.35 1.47 1.68 2.08 2.04 1.71 1.69 2.13 3.00 3.10 2.39 2.44 3.06 4.15 6.29 7.49 7.23 6.27 5.31 4.16 3.20 3.06 3.02 2.90 3.72 5.13 5.22 4.04 3.03 2.45 2.13 1.87 1.88 1.94 1.96 2.28 2.67 3.28 4.25 4.61 3.96 3.39 3.08 2.39 1.87 1.43 1.24 1.61 2.02 2.03 1.89 1.82 1.81 1.79 1.80 1.87 2.07 2.31 2.51 2.72 2.80 2.73 2.71 2.83 2.90 2.92 2.91 2.69 2.50 2.70 3.01 3.17 3.38 3.95 4.42 4.27 3.19 2.06 1.86 1.87 1.47 0.77 0.33
1.25 1.47 1.59 1.71 2.05 2.12 1.90 1.79 1.80 2.35 3.00 2.86 2.82 3.87 6.40 7.70 7.09 6.30 5.77 5.55 4.85 3.30 2.80 2.64 2.30 2.61 4.01 5.36 5.16 3.80 2.76 2.37 2.22 2.08 2.03 2.00 1.94 2.13 3.04 4.16 4.40 4.03 3.63 2.97 2.49 2.28 1.91 1.60 1.73 2.04 2.13 2.04 1.91 1.84 1.79 1.78 1.90 2.14 2.31 2.46 2.68 2.78 2.79 2.82 2.92 3.05 3.06 3.11 3.01 2.50 2.24 2.54 2.87 3.09 3.62 4.44 4.76 4.11 2.62 1.99 1.85 1.57 1.17 0.71
1.08 1.49 1.81 1.76 2.00 2.09 2.02 1.98 1.93 2.18 2.57 2.81 2.83 4.56 7.84 7.73 6.09 5.75 5.39 5.36 5.00 3.71 2.85 2.59 2.28 2.29 3.08 4.62 5.49 4.78 3.35 2.67 2.55 2.29 2.17 2.12 1.84 1.82 3.02 4.21 4.00 3.79 3.63 2.76 2.46 2.42 2.15 1.81 1.79 2.00 2.10 2.07 1.99 1.90 1.83 1.80 1.91 2.18 2.37 2.52 2.70 2.79 2.86 2.90 2.99 3.16 3.19 3.28 3.47 3.01 2.20 1.95 2.22 2.50 3.06 4.06 4.84 4.83 3.92 2.68 1.96 1.58 1.35 1.08
0.80 1.25 1.86 1.94 2.07 2.09 1.96 1.97 2.13 2.35 2.53 2.83 2.99 5.35 8.28 7.34 5.84 5.43 4.93 5.00 4.89 3.95 3.14 2.83 2.39 2.25 2.66 3.93 5.17 5.12 3.97 3.17 2.92 2.64 2.42 2.17 1.84 1.70 2.95 4.23 3.73 3.27 3.17 2.68 2.43 2.43 2.24 1.91 1.86 1.99 2.06 2.05 2.01 1.94 1.86 1.82 1.93 2.22 2.37 2.52 2.71 2.82 2.92 2.94 3.02 3.22 3.31 3.40 3.72 3.67 2.77 1.96 1.75 1.70 1.85 2.90 4.23 4.89 4.84 4.16 2.78 1.80 1.48 1.31
0.74 1.00 1.54 2.02 2.33 2.23 1.90 1.83 2.07 2.43 2.78 3.12 3.78 6.91 8.44 6.93 5.63 4.99 4.42 4.73 4.92 4.16 3.47 3.10 2.58 2.37 2.62 3.58 4.54 4.63 4.32 3.99 3.46 3.00 2.77 2.23 1.74 1.75 2.80 4.07 3.57 2.66 2.58 2.50 2.42 2.51 2.39 2.08 1.99 2.06 2.09 2.09 2.04 1.99 1.90 1.83 1.95 2.21 2.35 2.48 2.64 2.80 2.96 3.00 3.07 3.26 3.43 3.59 3.82 4.02 3.62 2.58 1.91 1.62 1.36 1.57 2.91 4.06 4.63 4.88 4.17 2.51 1.86 1.50
1.02 1.05 1.19 1.74 2.41 2.53 2.17 1.96 2.04 2.34 2.90 3.72 5.88 8.36 7.99 5.99 5.23 4.84 4.49 4.83 5.09 4.48 3.76 3.25 2.82 2.68 2.84 3.32 3.81 3.69 3.73 4.40 4.30 3.43 3.14 2.44 1.77 1.99 2.72 3.58 3.11 2.32 2.27 2.25 2.30 2.49 2.48 2.25 2.14 2.13 2.13 2.15 2.12 2.10 2.04 1.93 1.99 2.18 2.34 2.47 2.57 2.74 2.90 2.99 3.20 3.43 3.59 3.82 3.99 4.14 4.14 3.52 2.43 1.73 1.41 1.26 1.79 2.92 3.62 4.42 4.63 3.67 2.74 2.09
1.27 1.26 1.25 1.47 1.93 2.47 2.70 2.47 2.29 2.68 3.16 4.65 8.05 8.57 6.15 4.89 4.87 4.65 4.31 4.94 5.49 4.89 4.01 3.42 3.09 3.04 3.07 3.14 3.27 3.01 2.92 4.01 4.60 4.19 3.76 2.85 2.01 2.09 2.37 2.64 2.47 2.26 2.25 2.13 2.16 2.37 2.42 2.32 2.26 2.24 2.20 2.15 2.07 2.11 2.16 2.08 2.05 2.17 2.35 2.47 2.55 2.71 2.77 2.84 3.24 3.72 3.95 4.12 4.23 4.34 4.44 4.22 3.24 2.09 1.55 1.19 1.28 2.14 2.78 3.48 4.15 3.90 3.15 2.61
1.21 1.50 1.67 1.45 1.39 1.79 2.62 2.82 2.88 3.63 4.18 6.70 8.91 6.94 4.52 4.35 4.46 4.42 4.05 4.55 5.44 5.39 4.61 3.85 3.42 3.32 3.22 3.04 2.96 2.76 2.72 3.37 4.07 4.52 4.47 3.39 2.25 1.99 1.78 1.70 2.01 2.23 2.27 2.15 2.13 2.27 2.36 2.36 2.35 2.34 2.32 2.25 2.00 1.86 2.05 2.12 2.10 2.19 2.38 2.51 2.59 2.71 2.68 2.62 3.00 3.69 4.21 4.50 4.66 4.83 4.86 4.83 4.27 2.94 1.82 1.07 1.06 1.83 2.44 2.83 3.45 3.58 2.95 2.33
0.94 1.62 2.16 1.65 1.38 1.59 2.03 2.50 3.25 4.18 5.61 8.59 8.70 4.99 3.95 4.13 4.26 4.58 4.46 4.36 4.71 5.09 5.05 4.74 4.14 3.61 3.22 2.84 2.76 2.78 2.83 3.05 3.45 4.23 4.77 3.94 2.53 1.91 1.58 1.49 1.91 2.30 2.38 2.32 2.27 2.30 2.36 2.41 2.44 2.46 2.46 2.53 2.34 1.83 1.69 1.79 1.95 2.16 2.31 2.50 2.65 2.69 2.59 2.41 2.52 3.02 3.65 4.19 4.67 5.14 5.31 5.29 5.19 4.27 2.30 1.22 1.26 2.05 2.72 2.98 3.16 3.31 2.91 2.08
0.72 1.50 2.40 2.17 1.71 1.76 2.01 2.31 3.12 3.93 6.64 8.87 7.09 4.46 4.03 4.07 4.32 4.94 4.93 4.17 3.98 4.32 4.78 5.09 4.74 4.13 3.60 3.08 2.83 2.95 3.07 3.24 3.23 3.59 4.61 4.24 2.78 1.96 1.71 1.73 2.00 2.36 2.49 2.49 2.45 2.42 2.44 2.48 2.53 2.56 2.61 2.83 2.87 2.33 1.66 1.28 1.58 2.01 2.15 2.34 2.57 2.62 2.51 2.28 2.21 2.42 2.68 3.03 3.59 4.47 5.14 5.38 5.57 5.10 3.31 1.83 1.80 2.38 3.25 3.47 2.94 3.02 3.01 2.11
0.79 1.29 2.15 2.57 2.29 2.14 2.32 2.63 3.19 3.51 6.05 9.15 7.23 4.59 4.21 4.06 4.47 5.23 4.92 3.75 3.70 4.06 4.47 4.88 4.70 4.15 3.79 3.71 3.40 3.14 3.23 3.41 3.06 3.04 4.14 3.93 2.70 2.03 1.84 1.92 2.09 2.34 2.50 2.56 2.54 2.53 2.54 2.58 2.63 2.71 2.85 3.08 3.23 2.91 1.94 1.05 1.21 1.74 2.03 2.20 2.34 2.46 2.49 2.32 2.19 2.42 2.61 2.60 2.73 3.18 4.06 5.00 5.69 5.51 4.10 2.66 2.20 2.48 3.56 3.89 3.05 2.99 2.99 2.12
1.28 1.37 1.65 2.28 2.71 2.85 2.98 3.16 3.48 3.51 5.05 9.09 8.48 4.87 4.10 3.99 4.57 5.20 4.40 3.71 3.87 4.11 4.41 4.53 4.28 3.92 3.69 3.86 3.78 3.42 3.41 3.38 2.78 2.65 3.36 3.22 2.50 2.00 1.88 2.01 2.20 2.39 2.54 2.62 2.63 2.62 2.63 2.66 2.74 2.92 3.17 3.38 3.53 3.24 2.25 1.23 1.01 1.35 1.89 2.18 2.11 2.18 2.44 2.47 2.36 2.61 2.86 2.68 2.60 2.72 2.95 3.96 5.48 5.70 4.46 3.21 2.46 2.35 3.47 4.13 3.56 3.25 2.92 2.19
2.07 1.80 1.49 1.60 2.32 3.12 3.65 4.00 4.12 3.74 5.31 8.81 8.03 4.68 3.87 3.98 4.56 4.93 4.32 4.04 4.14 4.19 4.38 4.25 4.02 4.03 3.89 3.80 3.71 3.38 3.49 3.59 2.76 2.18 2.41 2.69 2.35 2.01 1.89 2.01 2.25 2.45 2.61 2.73 2.75 2.72 2.72 2.74 2.87 3.11 3.41 3.73 3.90 3.45 2.60 1.72 1.10 1.12 1.73 2.13 1.94 1.87 2.18 2.45 2.56 2.86 3.12 2.94 2.81 2.89 2.86 3.23 4.67 5.54 4.71 3.62 2.96 2.45 2.80 3.83 4.02 3.54 2.99 2.58
2.99 2.33 1.56 1.42 1.75 2.52 3.42 4.63 5.08 5.02 7.19 8.48 6.31 4.01 3.60 3.86 4.54 4.64 4.29 4.41 4.62 4.55 4.44 4.28 4.14 4.24 4.03 3.78 3.69 3.15 3.03 3.65 3.10 2.02 2.04 2.46 2.37 2.10 1.99 2.05 2.27 2.49 2.64 2.82 2.92 2.86 2.82 2.90 3.12 3.32 3.58 4.10 4.32 3.70 2.93 2.19 1.42 1.26 1.56 1.92 1.79 1.67 1.88 2.13 2.41 2.81 3.15 3.18 3.15 3.24 3.26 3.36 4.17 5.10 4.71 3.96 3.72 3.18 2.55 3.21 4.08 3.93 3.61 3.02
3.58 2.79 1.79 1.66 1.84 2.12 2.54 3.95 5.89 7.04 7.73 6.84 4.81 3.75 3.30 3.54 4.29 4.42 4.06 4.25 4.74 4.87 4.83 5.01 5.05 4.57 4.13 3.86 3.64 2.87 2.41 3.10 3.10 2.23 2.04 2.37 2.44 2.23 2.12 2.14 2.31 2.52 2.63 2.79 2.99 2.99 2.94 3.14 3.40 3.51 3.80 4.43 4.72 4.17 3.39 2.71 1.95 1.53 1.53 1.69 1.60 1.56 1.75 1.93 2.11 2.42 2.79 3.05 3.13 3.27 3.44 3.53 4.11 4.89 4.83 4.28 4.10 3.75 3.09 3.34 4.11 4.65 4.69 3.85
3.40 3.18 2.49 2.12 2.16 2.33 2.44 3.38 6.61 7.98 6.88 5.33 4.54 3.82 3.29 3.27 3.81 4.21 4.06 3.96 4.20 4.43 4.39 4.99 5.94 5.93 4.81 3.88 3.32 2.68 1.98 2.29 2.76 2.35 2.10 2.28 2.45 2.39 2.29 2.26 2.36 2.59 2.67 2.73 2.92 3.02 3.02 3.30 3.54 3.62 4.03 4.73 5.07 4.80 4.12 3.21 2.36 1.77 1.66 1.53 1.39 1.52 1.74 1.91 2.05 2.23 2.49 2.73 2.88 3.02 3.06 3.01 3.46 4.41 4.86 4.60 4.15 3.61 3.15 3.49 4.09 4.63 5.33 5.01
2.51 3.02 3.35 3.04 3.05 2.83 2.46 3.76 7.60 8.41 6.07 5.04 4.71 4.00 3.53 3.25 3.30 3.72 4.15 4.06 3.77 3.68 3.47 4.04 5.61 6.83 6.34 4.13 3.08 2.68 1.93 1.94 2.38 2.39 2.21 2.20 2.37 2.44 2.43 2.42 2.46 2.66 2.77 2.76 2.92 3.13 3.15 3.29 3.54 3.72 4.13 4.90 5.41 5.45 4.90 3.66 2.69 2.09 1.83 1.67 1.40 1.48 1.79 1.98 2.13 2.19 2.35 2.53 2.77 3.10 2.99 2.30 2.16 3.04 4.09 4.71 4.39 3.25 2.60 3.16 3.56 3.82 4.94 5.70
1.59 2.28 3.18 3.71 4.15 3.38 2.44 4.20 8.11 7.95 5.13 4.74 4.97 4.57 3.98 3.47 3.10 3.28 3.82 3.99 3.66 3.31 3.07 3.45 4.66 6.55 7.44 5.46 3.14 2.60 2.22 2.03 2.21 2.36 2.32 2.17 2.23 2.34 2.42 2.49 2.57 2.75 2.84 2.77 2.92 3.37 3.51 3.25 3.35 3.74 4.10 4.80 5.65 6.01 5.53 4.18 3.05 2.38 2.00 1.91 1.71 1.54 1.82 2.08 2.20 2.14 2.24 2.41 2.66 3.19 3.13 2.08 1.40 1.97 3.12 4.58 4.70 3.30 2.43 2.68 2.97 3.15 4.01 5.68
