windninja/windninja_output/Output_2025-08-09_1400-1450_Google earth_Fire_150m_10min/merlingen_7.5mi_point_08-09-2025_1410_150m_ang.asc
ncols	158
nrows	163
xllcorner	391686.332397
yllcorner	5160024.123721
cellsize	150.000000
NODATA_value	-32768.000000
[rows 46 to 91 of 163, columns 0 to 95 of 158]
313 314 319 324 329 333 336 338 341 343 344 346 346 347 348 348 348 349 349 349 349 349 349 349 348 347 347 347 346 345 344 344 344 343 342 341 339 339 341 343 345 346 349 355 1 2 356 350 346 348 355 2 10 15 15 15 13 4 355 351 351 350 346 342 340 341 344 350 355 356 356 358 2 6 11 15 16 12 4 355 348 342 342 350 1 2 358 355 355 353 346 335 330 334 344 354
314 315 319 325 329 332 334 338 341 343 345 346 347 348 348 349 349 349 350 350 350 350 350 349 349 348 348 348 347 346 345 344 344 343 341 341 340 339 339 340 342 344 349 358 2 357 350 346 348 354 1 9 16 17 15 12 6 358 350 346 347 346 342 340 340 341 346 352 356 356 356 358 3 9 15 19 18 10 0 353 348 346 350 356 359 358 355 353 353 350 344 338 337 342 349 355
314 316 320 326 330 331 333 337 340 343 344 346 348 349 349 349 350 350 350 351 351 351 350 350 350 349 349 349 348 348 347 346 345 343 342 341 340 339 338 338 339 341 348 356 357 352 347 347 352 359 8 17 18 16 13 7 359 351 346 346 345 343 341 340 339 341 347 352 355 357 357 359 3 11 18 21 18 10 2 356 354 353 353 355 356 356 354 354 350 346 344 344 345 349 353 358
315 317 322 327 330 331 334 337 340 342 345 347 348 349 350 350 351 351 351 351 352 351 351 351 351 350 350 350 349 349 348 347 346 345 344 342 341 340 339 339 339 340 345 350 350 347 346 350 357 5 14 18 15 11 7 1 352 345 344 347 347 345 344 341 339 341 346 352 355 357 359 1 6 13 18 18 14 8 4 0 357 355 354 354 354 354 353 351 347 345 347 350 352 355 358 6
316 319 324 329 331 333 336 338 340 342 345 347 348 349 350 351 352 352 352 352 352 352 352 352 352 351 351 351 350 349 349 348 347 346 345 343 341 340 340 340 341 342 343 345 345 344 347 355 5 14 17 14 8 4 1 354 347 344 345 349 350 350 347 341 339 342 347 352 356 358 0 4 9 14 15 12 8 6 4 2 358 356 356 355 353 351 349 347 345 346 350 354 359 3 7 12
318 321 326 330 331 334 339 341 341 342 345 347 349 350 351 352 352 353 353 353 353 353 353 352 352 352 352 352 351 350 350 349 348 347 346 344 341 340 340 341 342 341 340 342 342 343 349 2 15 19 13 6 2 358 354 347 343 345 351 354 355 354 347 339 339 344 349 354 357 359 2 6 10 12 10 7 5 4 3 1 360 359 357 355 351 348 346 344 345 347 352 357 4 11 12 7
321 323 327 329 330 334 340 343 344 344 346 348 350 351 352 352 353 353 353 353 353 353 353 353 353 353 353 352 352 351 351 350 349 348 347 345 343 341 340 341 342 340 339 339 341 345 352 6 13 9 2 360 359 356 349 342 343 350 357 1 360 355 346 339 341 346 351 356 359 1 3 6 8 9 8 6 4 2 359 359 1 3 0 355 349 346 345 345 346 350 355 360 5 7 3 350
325 326 328 330 332 335 341 345 346 347 347 348 350 352 352 353 353 354 354 354 354 354 354 354 354 354 353 353 353 352 352 351 350 349 348 347 345 344 342 341 341 340 339 339 341 347 355 2 2 359 357 357 357 354 347 342 346 355 2 4 1 354 344 340 343 348 353 359 2 2 2 4 7 8 7 6 5 2 358 357 0 2 1 359 354 348 345 347 350 355 358 359 360 358 344 331
328 328 330 331 333 337 342 346 350 350 348 348 350 351 352 353 354 354 355 355 355 355 354 354 355 354 354 354 353 353 352 352 351 350 349 348 347 345 344 341 340 339 339 339 341 345 352 355 353 353 357 358 355 352 347 345 351 0 4 3 360 353 344 342 346 351 355 360 2 2 3 6 9 9 7 6 6 3 358 356 357 358 359 0 1 358 353 351 354 358 358 356 352 347 326 319
329 330 331 331 332 335 340 346 352 353 351 349 350 351 352 354 354 355 355 356 356 356 355 355 355 355 355 355 354 354 353 353 352 351 350 349 348 347 345 343 340 338 339 340 340 342 346 348 347 351 356 356 354 352 347 349 357 3 3 0 356 351 346 345 348 353 357 360 1 4 8 13 12 8 6 6 6 2 358 356 355 354 356 359 1 2 3 3 3 1 356 350 344 337 320 316
329 330 333 335 335 335 338 343 350 354 354 353 351 350 352 354 355 355 355 356 356 357 356 356 356 356 355 355 355 354 354 353 353 352 351 351 350 348 347 345 343 341 340 341 341 340 340 341 343 348 353 353 353 351 348 352 360 3 1 356 351 348 348 350 352 355 358 360 2 9 16 14 8 6 5 5 4 359 357 356 354 354 355 358 359 2 7 10 11 7 356 345 338 333 324 321
331 332 335 339 342 342 341 343 347 351 355 357 356 353 352 353 354 355 356 356 356 357 357 357 356 356 356 356 356 355 355 354 354 353 352 352 351 350 349 347 346 344 343 342 341 339 337 336 338 343 349 351 352 350 348 354 359 0 357 352 349 348 350 353 356 357 359 1 7 13 12 8 5 5 4 3 1 357 356 357 357 357 357 358 0 4 9 13 12 5 353 340 334 331 325 325
334 334 337 340 344 347 348 347 346 347 353 359 1 359 355 352 353 355 356 357 357 357 357 357 357 357 357 357 356 356 355 355 354 354 353 353 352 351 350 349 348 347 345 343 342 339 336 334 333 337 344 349 350 348 349 354 357 356 352 349 348 350 352 356 359 1 0 3 9 10 5 4 4 3 2 0 357 355 356 358 360 1 1 3 6 10 12 11 5 354 340 333 331 328 324 327
336 337 339 342 344 348 350 350 348 347 351 357 2 4 0 355 353 354 356 357 357 358 358 358 358 358 358 357 357 357 356 356 355 355 354 354 353 352 351 350 349 348 347 345 344 342 339 336 333 334 338 343 345 346 349 354 356 352 347 346 348 350 354 359 2 3 2 5 8 6 3 2 2 0 359 358 355 354 356 360 2 4 5 7 10 12 11 4 354 340 329 326 326 325 324 337
338 340 342 344 347 348 350 351 351 350 351 354 358 2 4 2 357 354 354 356 357 358 358 358 359 359 358 358 358 357 357 356 356 356 355 354 354 353 352 351 350 349 348 347 346 344 342 340 337 334 334 337 339 343 348 354 354 348 344 345 347 350 355 0 4 4 4 7 7 4 2 1 358 357 357 356 354 356 360 3 4 6 8 10 11 10 6 355 342 330 326 324 324 326 333 350
342 343 345 347 349 351 352 353 353 353 353 353 354 359 5 7 4 359 355 355 356 357 358 359 360 359 359 358 358 358 357 357 357 356 356 355 355 354 353 352 352 351 350 349 347 346 344 342 340 337 334 333 333 337 346 352 350 345 343 344 346 350 354 359 3 5 7 9 5 1 360 358 356 355 355 354 356 0 4 5 7 8 11 13 10 5 354 344 333 326 325 327 328 336 349 5
347 347 348 348 350 353 354 355 355 356 355 353 353 356 2 7 8 5 1 357 356 357 358 360 0 0 360 359 358 358 358 358 357 357 356 356 355 355 354 353 353 352 351 350 349 347 346 344 342 339 336 335 332 334 343 350 347 343 343 344 346 349 351 357 2 6 10 9 2 358 358 356 354 353 354 355 359 3 5 7 10 12 15 14 9 358 343 333 328 325 327 329 336 349 4 22
355 353 350 349 350 352 354 356 358 359 358 355 354 355 358 3 8 9 7 2 359 357 358 359 0 1 0 359 359 359 359 358 358 358 357 357 356 356 355 354 354 353 352 351 350 348 347 345 344 341 339 336 334 335 342 347 346 343 343 344 346 348 352 358 4 8 10 4 358 357 357 355 353 352 354 358 1 3 6 9 12 14 15 12 5 350 335 328 324 324 330 337 348 6 23 42
6 360 352 351 351 352 354 357 360 1 1 358 355 355 356 359 4 8 10 8 4 1 359 359 360 1 1 0 360 359 359 359 359 358 358 357 357 356 356 355 355 354 353 352 351 350 348 347 345 343 340 337 334 334 338 344 346 345 343 342 344 350 360 8 9 6 1 355 354 355 355 354 352 352 355 358 1 2 6 9 13 15 12 7 357 340 330 326 324 327 339 349 5 27 46 67
11 5 356 354 353 354 356 359 1 2 2 360 356 356 357 357 360 5 10 11 9 6 3 0 359 0 1 1 1 0 360 359 359 359 358 358 358 357 357 356 355 355 354 353 352 351 350 348 347 345 342 338 335 333 335 338 342 344 344 342 345 358 10 8 2 357 353 351 352 353 354 353 352 353 355 357 358 1 6 11 14 13 8 1 349 334 327 326 329 340 352 7 29 49 69 86
9 6 1 359 357 356 358 1 4 3 1 1 0 356 356 358 359 1 6 10 11 10 8 5 1 360 1 1 1 1 0 0 360 359 359 359 358 358 357 357 356 355 355 354 353 352 351 349 348 346 344 341 337 334 332 332 333 339 343 344 351 359 1 358 357 354 352 352 352 351 352 351 352 354 355 355 356 1 7 12 12 7 360 352 343 333 328 330 342 354 8 28 48 68 85 94
357 1 5 5 3 358 358 3 7 6 3 3 3 0 357 358 0 0 2 6 9 11 11 9 6 3 2 2 2 1 1 1 0 360 360 359 359 358 358 357 357 356 355 355 354 353 352 351 349 348 346 344 341 338 334 329 326 328 336 344 351 352 350 351 353 354 354 354 352 350 350 350 350 352 353 354 356 1 6 6 2 357 349 343 338 331 329 340 355 9 27 45 65 79 85 88
339 350 1 6 6 3 1 6 11 9 6 4 4 3 2 360 0 1 1 3 7 10 11 11 10 9 9 6 3 1 0 0 0 0 360 360 359 359 358 358 357 357 356 356 355 354 353 352 351 349 348 346 344 341 338 334 329 327 330 338 342 342 341 343 346 351 355 355 352 351 350 350 348 349 352 354 356 359 1 358 353 347 340 337 333 325 329 351 7 26 44 63 76 79 77 74
327 334 350 0 5 7 7 8 11 10 7 6 6 6 5 5 4 4 3 3 6 7 9 10 12 14 16 12 6 2 359 359 359 360 360 360 360 359 359 359 358 358 357 356 356 355 354 353 352 351 349 348 346 344 342 340 337 334 333 335 336 334 333 334 338 345 350 351 351 351 353 351 347 348 352 354 356 357 356 351 347 342 339 340 331 324 336 1 22 41 57 68 72 69 64 57
331 331 334 346 1 11 11 8 9 10 9 9 10 10 10 9 9 10 9 6 6 7 8 9 11 16 19 16 10 5 2 359 358 359 360 360 360 360 359 359 359 358 358 357 356 356 355 354 353 352 351 349 348 347 345 344 342 340 339 338 337 333 329 326 327 332 338 342 345 350 353 349 346 349 353 355 356 354 351 347 345 344 347 341 328 327 349 16 38 53 61 63 59 53 44 37
347 345 343 346 359 12 12 7 9 14 16 17 18 18 16 14 13 14 13 11 9 9 9 9 9 10 14 16 14 10 7 3 359 358 359 359 360 360 360 360 359 359 358 358 357 357 356 355 354 353 352 351 350 349 347 346 345 344 343 342 340 337 334 330 328 326 326 328 334 341 345 345 345 350 354 356 354 352 350 349 349 352 350 337 327 337 5 30 50 60 60 55 47 36 26 14
3 1 360 1 6 13 12 7 11 22 28 29 27 24 21 18 16 15 15 14 13 11 10 9 6 4 9 16 17 14 11 8 5 360 358 358 359 360 0 0 360 360 359 359 358 357 357 356 355 354 353 352 351 350 349 348 347 346 345 344 343 341 339 338 335 332 329 326 326 328 330 334 341 349 353 353 352 351 352 355 357 354 344 333 332 354 21 43 57 59 52 47 42 31 10 346
18 16 13 13 15 17 15 14 17 24 28 27 24 22 20 17 15 15 15 14 13 12 11 10 7 4 7 13 17 17 15 12 10 5 360 358 359 360 0 0 0 0 360 359 359 358 358 357 356 355 354 354 353 352 351 350 349 348 347 346 345 344 342 341 339 338 336 333 330 326 323 323 330 342 347 348 349 351 355 360 359 350 338 332 343 14 38 51 54 49 39 34 34 20 346 332
33 32 29 26 26 25 22 22 22 23 23 22 21 19 17 15 14 14 14 13 12 13 13 12 9 6 7 11 16 18 17 15 12 9 5 2 1 0 360 0 1 1 1 0 360 359 358 358 357 356 355 355 354 353 352 351 350 350 349 348 347 346 345 343 342 341 340 338 335 333 330 327 329 335 341 344 346 351 357 358 353 342 334 336 4 35 49 50 46 40 27 19 12 346 334 327
47 47 46 45 44 41 35 29 25 22 20 20 20 18 16 15 14 14 13 12 12 13 14 14 11 7 8 11 14 17 18 15 14 13 10 6 3 2 1 0 1 1 1 1 1 360 359 359 358 357 356 355 355 354 353 352 351 351 350 349 348 347 346 345 344 343 342 340 339 338 337 335 335 335 336 339 343 351 357 354 344 336 334 352 30 47 49 44 40 35 19 6 349 330 326 324
56 57 61 66 72 73 59 38 27 21 19 18 18 16 15 14 13 13 13 13 13 13 13 13 12 10 10 10 11 15 18 18 18 19 16 10 6 3 2 1 1 2 2 2 1 1 0 359 359 358 357 356 355 355 354 353 352 352 351 350 349 349 348 347 346 345 344 342 341 341 340 339 338 336 335 334 339 347 352 346 336 333 344 25 55 57 51 49 43 31 9 353 334 322 321 324
64 65 70 79 92 103 105 66 22 13 12 14 15 15 15 14 12 12 13 13 14 13 13 13 13 14 13 10 9 13 19 22 21 20 18 12 8 5 3 2 1 2 3 3 2 2 1 0 359 358 358 357 356 355 355 354 353 353 352 351 350 350 349 348 347 346 345 344 343 342 342 341 340 339 337 334 336 341 344 338 332 340 16 50 59 57 53 45 31 8 351 341 330 323 322 326
72 72 71 79 99 118 144 217 336 351 0 8 12 14 15 13 12 12 13 13 14 13 13 12 13 15 15 13 10 11 16 20 20 18 17 14 11 9 6 3 2 3 4 4 3 3 2 1 0 359 358 357 356 356 355 355 354 353 353 352 351 351 350 349 348 347 346 345 344 344 343 342 341 340 339 337 336 338 338 335 336 1 32 41 36 33 30 19 358 348 340 335 329 325 327 331
72 70 65 63 78 93 52 313 326 340 353 4 9 12 14 13 12 12 12 14 14 14 14 13 12 13 15 15 12 10 11 15 18 19 19 16 14 12 11 7 3 3 4 5 5 4 4 2 1 359 358 357 357 356 356 355 355 354 353 353 352 351 351 350 349 348 347 346 345 345 344 343 343 342 341 339 338 337 336 335 346 11 20 20 20 19 14 358 345 337 333 330 327 326 329 332
65 60 49 44 38 23 359 344 343 347 352 1 9 13 14 14 14 14 13 13 14 14 15 13 10 10 14 15 14 11 9 12 15 18 19 18 16 15 14 12 8 5 6 7 7 6 5 4 2 359 357 356 356 356 356 356 355 355 354 353 353 352 351 351 350 349 348 347 346 346 345 345 344 343 342 341 340 339 336 338 353 6 9 11 14 11 358 343 337 332 329 327 325 326 328 329
64 61 49 35 27 24 14 3 0 360 359 4 11 15 17 17 16 16 15 13 14 15 15 13 9 9 13 15 15 13 10 9 11 14 18 20 18 16 16 16 13 10 10 11 10 9 8 7 3 357 353 353 354 356 356 356 356 355 355 354 353 353 352 351 350 350 349 348 347 347 346 345 344 344 343 342 342 341 340 342 351 359 6 10 11 1 343 335 333 331 330 328 326 327 328 327
73 68 44 25 24 32 28 20 14 12 10 11 16 19 21 21 20 19 17 14 14 14 14 12 10 10 12 13 14 14 12 11 12 15 19 22 21 18 17 17 16 14 13 13 12 10 8 6 4 359 353 351 352 354 356 356 356 356 355 355 354 353 352 352 351 350 349 349 348 347 347 346 345 344 344 343 342 342 342 344 348 356 5 10 6 347 336 332 331 330 330 329 328 329 330 329
54 41 23 25 31 37 35 31 28 26 23 21 22 25 27 26 25 23 21 17 14 13 14 12 8 8 11 12 13 15 15 15 15 18 20 23 24 22 19 18 17 14 12 10 9 8 6 4 3 3 2 358 354 354 356 357 357 356 356 355 354 354 353 352 351 351 350 349 348 348 347 346 345 345 344 343 343 343 343 344 347 354 3 4 353 337 330 328 328 327 327 328 329 330 330 330
39 32 30 39 44 44 43 43 44 40 33 29 28 30 32 31 29 28 24 19 16 13 12 11 5 4 9 12 14 16 16 16 18 20 23 25 25 24 22 20 17 14 11 9 9 8 7 4 4 5 6 4 1 359 358 358 358 357 356 355 355 354 353 353 352 351 350 350 349 348 347 347 346 345 344 344 343 343 343 345 348 353 358 355 341 332 327 325 325 324 324 325 326 328 329 328
38 44 51 55 57 56 54 54 53 47 38 33 32 32 33 33 32 32 30 25 20 14 10 7 3 2 8 14 15 15 17 18 18 20 23 24 24 25 24 20 16 14 12 12 12 11 10 8 6 5 6 7 7 4 1 359 358 358 357 356 355 354 354 353 352 352 351 350 349 349 348 347 346 345 344 344 343 343 343 344 348 351 354 349 334 329 327 327 326 325 324 325 326 327 329 329
50 56 62 65 67 65 60 55 51 45 38 35 34 33 35 36 36 37 38 35 30 20 10 360 356 359 6 12 15 16 17 19 18 17 19 20 22 23 24 21 16 13 13 14 15 14 13 12 10 7 6 7 7 6 3 1 359 358 357 356 355 354 354 353 353 352 351 350 350 349 348 347 346 345 344 344 343 343 342 342 344 346 347 342 331 326 325 325 326 326 325 325 327 329 332 333
63 67 70 70 65 59 52 45 43 43 40 38 36 34 36 38 38 40 42 40 34 21 5 349 345 354 4 10 15 18 18 19 18 15 16 19 20 21 23 22 19 14 12 14 16 17 16 15 14 12 8 6 5 6 4 2 359 357 356 355 354 354 354 353 353 352 352 351 350 349 348 348 346 345 344 344 343 342 341 340 340 339 338 333 327 325 324 322 322 323 323 324 324 325 329 331
69 68 64 56 48 42 39 38 41 45 44 38 34 31 32 34 36 40 40 36 25 9 355 350 350 356 5 12 17 19 20 20 20 19 18 19 19 21 24 24 23 19 15 13 15 17 18 18 17 15 11 7 5 5 4 3 1 357 354 353 352 353 353 353 353 353 352 351 350 350 349 348 347 346 344 343 342 341 339 338 335 332 329 324 320 321 322 321 322 321 320 320 318 314 310 309
65 60 49 44 41 37 37 39 41 43 42 35 30 30 31 33 35 37 35 28 12 356 353 356 359 2 8 15 19 21 22 22 22 22 22 21 20 22 26 29 28 25 19 15 15 17 20 21 19 16 13 9 5 3 3 5 5 2 354 347 348 351 353 354 353 353 352 352 351 350 349 348 347 346 344 343 341 340 338 336 333 329 324 317 311 310 313 316 319 319 315 313 309 302 297 297
59 53 46 46 45 40 37 37 35 36 37 32 27 28 31 31 31 31 31 21 0 353 359 7 7 7 12 18 21 23 25 25 25 24 24 25 22 21 24 29 31 29 25 20 17 18 21 23 22 18 14 9 5 2 3 7 10 7 358 347 346 350 353 354 354 354 353 352 351 350 349 348 347 346 344 343 341 339 337 335 332 328 325 318 311 309 309 310 313 311 306 303 303 300 300 301
52 47 39 37 35 32 27 25 26 30 35 32 25 25 25 23 23 25 27 16 357 357 10 16 13 13 17 22 24 26 28 28 28 27 26 26 24 21 20 23 29 30 29 25 21 20 21 24 25 22 15 9 4 2 3 7 8 4 360 356 352 351 353 355 355 354 353 352 352 351 350 348 347 346 344 343 341 339 337 334 331 328 325 321 318 315 313 310 308 303 296 290 290 288 286 288
