windninja/windninja_output/Output_2025-08-09_1400-1450_Google earth_Fire_150m_10min/merlingen_7.5mi_point_08-09-2025_1420_150m_vel.asc
ncols	158
nrows	163
xllcorner	391686.332397
yllcorner	5160024.123721
cellsize	150.000000
NODATA_value	-32768.000000
[rows 76 to 113 of 163, columns 0 to 83 of 158]
2.37 1.96 1.26 0.78 0.46 0.31 0.27 0.33 0.44 0.56 0.67 0.77 0.86 0.95 1.03 1.10 1.16 1.23 1.29 1.34 1.38 1.41 1.45 1.51 1.54 1.52 1.49 1.54 1.69 1.89 2.01 2.00 1.92 1.82 1.72 1.66 1.66 1.67 1.70 1.72 1.74 1.77 1.79 1.81 1.83 1.84 1.86 1.88 1.90 1.92 1.95 1.97 1.99 2.02 2.04 2.06 2.07 2.09 2.11 2.12 2.14 2.15 2.16 2.18 2.20 2.21 2.22 2.23 2.22 2.22 2.23 2.25 2.27 2.27 2.31 2.39 2.43 2.50 2.83 3.43 3.91 3.44 2.18 1.37
2.84 2.35 1.58 1.02 0.57 0.27 0.08 0.14 0.30 0.48 0.64 0.77 0.87 0.94 1.00 1.05 1.12 1.19 1.25 1.30 1.35 1.40 1.45 1.51 1.55 1.52 1.47 1.46 1.50 1.61 1.79 1.87 1.85 1.85 1.85 1.78 1.74 1.70 1.68 1.70 1.74 1.76 1.77 1.79 1.81 1.82 1.84 1.85 1.88 1.90 1.93 1.96 1.99 2.02 2.04 2.07 2.09 2.11 2.12 2.14 2.16 2.18 2.19 2.21 2.23 2.25 2.26 2.27 2.29 2.31 2.33 2.34 2.35 2.35 2.37 2.38 2.37 2.43 2.75 3.23 3.17 2.17 1.32 1.38
3.45 2.72 1.85 1.43 0.89 0.36 0.12 0.22 0.40 0.58 0.72 0.82 0.90 0.96 1.01 1.06 1.11 1.16 1.22 1.28 1.33 1.37 1.42 1.46 1.53 1.58 1.57 1.51 1.48 1.51 1.66 1.88 2.02 2.07 2.08 2.03 1.92 1.81 1.71 1.66 1.68 1.72 1.75 1.76 1.78 1.79 1.80 1.81 1.83 1.87 1.90 1.94 1.98 2.01 2.04 2.07 2.09 2.12 2.14 2.16 2.18 2.20 2.22 2.24 2.26 2.28 2.30 2.32 2.34 2.36 2.38 2.39 2.39 2.41 2.43 2.43 2.41 2.46 2.67 2.84 2.42 1.55 1.47 1.72
4.05 3.19 2.13 2.08 1.29 0.36 0.24 0.53 0.71 0.81 0.86 0.91 0.97 1.02 1.06 1.10 1.13 1.15 1.18 1.23 1.28 1.33 1.36 1.39 1.46 1.59 1.70 1.70 1.64 1.61 1.69 1.88 2.06 2.12 2.09 2.08 2.06 1.96 1.82 1.69 1.62 1.61 1.64 1.67 1.68 1.69 1.70 1.72 1.76 1.80 1.85 1.91 1.96 2.01 2.04 2.07 2.10 2.12 2.14 2.17 2.19 2.22 2.24 2.26 2.29 2.31 2.33 2.36 2.38 2.40 2.41 2.42 2.45 2.47 2.49 2.51 2.52 2.56 2.63 2.54 2.00 1.69 1.99 2.48
4.14 3.48 2.70 2.41 2.22 2.07 1.58 1.39 1.28 1.15 1.06 1.05 1.06 1.08 1.09 1.11 1.12 1.13 1.14 1.18 1.24 1.28 1.32 1.36 1.43 1.53 1.66 1.75 1.75 1.72 1.74 1.84 2.03 2.21 2.27 2.19 2.11 2.08 2.03 1.89 1.69 1.57 1.53 1.52 1.53 1.55 1.57 1.58 1.60 1.67 1.77 1.86 1.93 1.99 2.03 2.07 2.10 2.13 2.16 2.18 2.20 2.23 2.25 2.28 2.31 2.33 2.36 2.39 2.41 2.43 2.45 2.47 2.51 2.54 2.57 2.59 2.61 2.60 2.58 2.41 2.14 2.27 2.60 2.89
3.87 3.10 2.17 2.15 2.49 2.74 2.78 2.46 2.00 1.62 1.37 1.23 1.15 1.11 1.08 1.07 1.07 1.07 1.09 1.13 1.19 1.24 1.31 1.37 1.41 1.45 1.52 1.62 1.72 1.77 1.79 1.85 1.96 2.14 2.31 2.36 2.24 2.15 2.14 2.10 1.97 1.77 1.60 1.45 1.35 1.29 1.27 1.27 1.30 1.40 1.58 1.77 1.91 1.99 2.03 2.07 2.10 2.12 2.15 2.18 2.21 2.24 2.27 2.30 2.32 2.35 2.38 2.41 2.43 2.45 2.48 2.52 2.55 2.59 2.62 2.65 2.68 2.69 2.67 2.60 2.60 2.77 2.87 2.85
3.75 2.69 1.80 2.20 2.43 2.57 2.68 2.60 2.26 1.89 1.56 1.33 1.20 1.13 1.09 1.05 1.02 1.01 1.02 1.05 1.10 1.18 1.25 1.32 1.38 1.42 1.48 1.57 1.68 1.74 1.74 1.69 1.65 1.67 1.82 2.08 2.24 2.21 2.15 2.16 2.18 2.12 2.01 1.91 1.80 1.70 1.65 1.68 1.76 1.77 1.76 1.79 1.86 1.96 2.04 2.07 2.10 2.12 2.14 2.17 2.21 2.24 2.27 2.30 2.33 2.37 2.40 2.42 2.45 2.48 2.52 2.55 2.59 2.63 2.67 2.71 2.74 2.76 2.79 2.79 2.80 2.81 2.88 3.07
3.20 2.86 2.84 2.82 2.60 2.36 2.25 2.19 2.01 1.71 1.42 1.25 1.14 1.07 1.01 0.98 0.95 0.93 0.93 0.96 1.01 1.09 1.17 1.24 1.35 1.48 1.58 1.63 1.67 1.69 1.67 1.62 1.55 1.48 1.48 1.58 1.78 1.96 2.04 2.06 2.11 2.19 2.30 2.42 2.51 2.57 2.61 2.66 2.72 2.71 2.58 2.31 2.12 2.08 2.07 2.07 2.08 2.11 2.14 2.17 2.20 2.23 2.27 2.31 2.34 2.37 2.40 2.43 2.47 2.50 2.54 2.58 2.62 2.66 2.71 2.75 2.79 2.82 2.85 2.83 2.77 2.76 3.03 3.70
2.71 2.81 2.78 2.58 2.47 2.25 1.96 1.71 1.55 1.39 1.24 1.16 1.09 1.05 0.99 0.93 0.90 0.89 0.88 0.89 0.93 0.99 1.09 1.20 1.32 1.45 1.56 1.62 1.64 1.68 1.72 1.72 1.69 1.62 1.52 1.45 1.47 1.57 1.69 1.80 1.92 2.03 2.12 2.20 2.27 2.33 2.37 2.41 2.44 2.50 2.58 2.57 2.43 2.23 2.09 2.05 2.06 2.08 2.12 2.15 2.19 2.23 2.27 2.30 2.34 2.38 2.41 2.44 2.48 2.52 2.55 2.59 2.64 2.68 2.74 2.79 2.83 2.88 2.93 2.95 2.96 3.06 3.40 4.19
1.92 1.99 2.03 2.01 2.11 2.00 1.69 1.46 1.36 1.24 1.16 1.13 1.08 1.07 1.07 1.02 0.94 0.89 0.85 0.81 0.81 0.85 0.94 1.10 1.25 1.32 1.36 1.44 1.52 1.60 1.68 1.72 1.76 1.80 1.81 1.76 1.68 1.59 1.53 1.58 1.73 1.86 1.91 1.89 1.85 1.82 1.81 1.79 1.77 1.78 1.88 2.00 2.06 2.04 2.01 2.00 2.01 2.05 2.08 2.13 2.17 2.22 2.26 2.30 2.34 2.38 2.41 2.45 2.48 2.52 2.56 2.60 2.65 2.70 2.76 2.81 2.87 2.94 3.03 3.15 3.31 3.56 3.99 4.75
1.75 1.82 1.82 1.76 1.88 1.88 1.62 1.46 1.39 1.27 1.20 1.15 1.10 1.09 1.10 1.07 1.00 0.89 0.79 0.71 0.66 0.66 0.73 0.91 1.15 1.32 1.38 1.43 1.50 1.52 1.55 1.63 1.73 1.89 2.08 2.20 2.20 2.09 1.91 1.72 1.63 1.69 1.80 1.86 1.84 1.80 1.75 1.69 1.61 1.55 1.53 1.57 1.69 1.80 1.87 1.90 1.94 1.98 2.03 2.09 2.15 2.21 2.25 2.30 2.33 2.37 2.41 2.45 2.48 2.52 2.56 2.61 2.66 2.71 2.77 2.83 2.90 3.01 3.14 3.32 3.57 3.99 4.66 5.52
2.27 2.05 1.78 1.69 1.77 1.90 1.80 1.70 1.66 1.52 1.29 1.16 1.12 1.10 1.11 1.09 1.06 0.99 0.86 0.76 0.70 0.69 0.82 1.15 1.47 1.60 1.65 1.66 1.64 1.59 1.55 1.56 1.60 1.67 1.82 2.07 2.30 2.45 2.46 2.29 2.00 1.78 1.74 1.80 1.86 1.84 1.78 1.73 1.65 1.52 1.43 1.45 1.53 1.60 1.66 1.71 1.76 1.84 1.94 2.04 2.12 2.19 2.25 2.29 2.33 2.37 2.40 2.44 2.48 2.51 2.56 2.60 2.65 2.71 2.77 2.84 2.94 3.05 3.18 3.35 3.62 4.07 4.72 5.50
3.08 2.43 1.84 1.84 1.90 2.14 2.27 2.19 2.01 1.77 1.42 1.22 1.22 1.23 1.28 1.30 1.23 1.16 1.08 1.00 1.01 1.16 1.64 2.10 2.13 1.93 1.79 1.74 1.70 1.67 1.64 1.59 1.55 1.48 1.43 1.50 1.73 2.05 2.32 2.44 2.36 2.14 1.91 1.85 1.91 1.97 1.95 1.85 1.77 1.71 1.63 1.55 1.53 1.59 1.67 1.69 1.68 1.72 1.80 1.93 2.07 2.17 2.24 2.29 2.32 2.36 2.39 2.42 2.46 2.50 2.55 2.59 2.65 2.70 2.77 2.84 2.94 3.04 3.15 3.31 3.53 3.84 4.23 4.81
3.42 2.87 2.30 2.19 2.11 2.16 2.33 2.40 2.29 2.10 1.79 1.51 1.44 1.42 1.38 1.37 1.37 1.35 1.31 1.35 1.54 2.10 2.62 2.63 2.27 1.97 1.81 1.72 1.69 1.69 1.68 1.65 1.62 1.57 1.47 1.36 1.34 1.46 1.70 1.93 2.06 2.09 2.01 1.91 1.88 1.94 2.00 1.97 1.88 1.85 1.86 1.85 1.86 1.92 1.97 1.97 1.86 1.70 1.67 1.86 2.07 2.19 2.24 2.28 2.31 2.34 2.37 2.41 2.45 2.49 2.54 2.58 2.63 2.69 2.75 2.83 2.91 2.99 3.10 3.25 3.44 3.63 3.80 4.04
3.21 2.94 2.59 2.28 2.01 1.92 2.05 2.33 2.53 2.58 2.38 1.95 1.71 1.59 1.49 1.44 1.53 1.63 1.61 1.71 2.32 2.94 2.97 2.55 2.16 1.95 1.82 1.74 1.69 1.67 1.65 1.64 1.62 1.62 1.61 1.54 1.41 1.37 1.50 1.74 1.88 1.87 1.82 1.77 1.72 1.74 1.83 1.93 1.95 1.89 1.89 1.97 2.08 2.15 2.17 2.12 2.01 1.93 2.01 2.16 2.22 2.23 2.25 2.27 2.29 2.32 2.35 2.39 2.43 2.47 2.51 2.55 2.61 2.66 2.73 2.79 2.86 2.95 3.05 3.18 3.33 3.47 3.55 3.68
2.96 2.93 2.96 2.90 2.68 2.34 2.26 2.56 2.96 3.13 2.97 2.56 2.24 2.07 2.00 2.00 2.01 2.03 1.99 2.18 2.92 3.17 2.73 2.40 2.13 1.94 1.80 1.71 1.65 1.61 1.60 1.58 1.56 1.54 1.58 1.62 1.60 1.54 1.55 1.73 1.96 1.99 1.83 1.69 1.61 1.59 1.64 1.72 1.80 1.82 1.82 1.87 1.96 2.07 2.18 2.27 2.41 2.67 2.85 2.76 2.49 2.31 2.25 2.25 2.27 2.30 2.33 2.36 2.40 2.44 2.48 2.53 2.58 2.63 2.69 2.75 2.81 2.90 2.99 3.10 3.21 3.31 3.47 3.67
2.73 2.97 3.48 3.89 4.06 3.94 4.00 4.40 4.71 4.77 4.14 3.34 2.87 2.59 2.39 2.32 2.42 2.70 3.14 3.63 3.46 2.80 2.22 2.09 1.93 1.81 1.72 1.64 1.58 1.55 1.53 1.51 1.50 1.50 1.53 1.59 1.64 1.63 1.56 1.56 1.77 2.03 2.00 1.78 1.58 1.47 1.44 1.46 1.50 1.53 1.54 1.63 1.77 1.89 2.05 2.37 2.76 2.97 2.95 2.78 2.56 2.36 2.25 2.22 2.23 2.26 2.29 2.33 2.36 2.40 2.45 2.49 2.54 2.59 2.65 2.70 2.76 2.83 2.91 3.00 3.08 3.19 3.33 3.48
2.42 2.78 3.43 3.98 4.46 4.82 5.18 5.63 5.95 6.05 5.92 5.44 5.00 4.91 4.75 4.47 4.34 4.56 4.55 4.26 3.80 2.52 2.04 1.90 1.81 1.72 1.64 1.61 1.56 1.51 1.46 1.41 1.37 1.39 1.45 1.52 1.56 1.58 1.58 1.54 1.60 1.87 2.11 1.99 1.69 1.46 1.34 1.36 1.43 1.46 1.43 1.54 1.72 1.80 1.87 2.02 2.16 2.14 2.08 2.14 2.22 2.22 2.18 2.15 2.17 2.21 2.25 2.29 2.32 2.36 2.40 2.45 2.50 2.55 2.59 2.65 2.71 2.77 2.83 2.89 2.96 3.05 3.13 3.21
2.29 2.59 3.07 3.40 3.71 3.94 4.18 4.39 4.51 5.09 5.86 6.29 6.43 6.46 6.45 6.09 5.71 5.35 4.57 3.84 3.47 2.86 2.35 1.99 1.77 1.67 1.61 1.58 1.56 1.50 1.41 1.34 1.30 1.31 1.37 1.43 1.48 1.51 1.54 1.57 1.61 1.80 2.17 2.38 2.19 1.90 1.68 1.59 1.64 1.77 1.93 2.04 1.94 1.85 1.79 1.71 1.59 1.51 1.57 1.72 1.88 1.98 2.03 2.07 2.11 2.15 2.19 2.22 2.26 2.31 2.36 2.41 2.45 2.49 2.54 2.58 2.64 2.69 2.75 2.81 2.87 2.91 2.96 3.01
2.34 2.41 2.72 2.92 3.00 2.97 2.84 2.69 2.64 3.07 3.62 4.14 4.17 3.59 3.58 3.62 4.11 3.90 3.83 3.45 3.14 2.90 2.40 1.91 1.59 1.50 1.50 1.51 1.54 1.59 1.61 1.58 1.53 1.43 1.34 1.33 1.38 1.43 1.47 1.51 1.56 1.69 2.00 2.46 2.73 2.72 2.54 2.38 2.34 2.51 2.70 2.60 2.23 1.94 1.78 1.69 1.61 1.56 1.57 1.65 1.74 1.83 1.91 1.98 2.04 2.08 2.11 2.16 2.21 2.27 2.31 2.35 2.39 2.43 2.47 2.52 2.57 2.62 2.66 2.71 2.76 2.80 2.84 2.86
2.62 2.36 2.49 2.73 2.80 2.73 2.45 2.03 1.61 1.30 1.32 1.80 1.95 1.92 1.92 2.22 2.60 3.12 3.53 2.98 2.58 2.67 2.34 1.76 1.30 1.21 1.31 1.42 1.50 1.61 1.76 1.80 1.69 1.49 1.31 1.24 1.27 1.31 1.36 1.41 1.43 1.50 1.68 2.04 2.53 2.92 3.11 3.16 3.14 3.06 2.84 2.55 2.24 1.97 1.81 1.69 1.59 1.52 1.49 1.53 1.63 1.72 1.81 1.88 1.94 2.00 2.06 2.12 2.17 2.22 2.25 2.28 2.32 2.36 2.41 2.45 2.50 2.54 2.59 2.63 2.66 2.69 2.72 2.73
3.22 2.60 2.24 2.26 2.29 2.39 2.30 1.94 1.38 0.93 0.84 0.90 1.09 1.55 1.72 2.07 2.40 2.99 3.51 3.07 2.66 2.67 2.51 1.73 1.08 1.06 1.22 1.35 1.42 1.41 1.40 1.44 1.48 1.40 1.24 1.13 1.09 1.13 1.20 1.29 1.36 1.40 1.46 1.64 1.91 2.24 2.55 2.71 2.65 2.41 2.21 2.17 2.09 1.95 1.82 1.69 1.53 1.43 1.40 1.41 1.44 1.53 1.65 1.75 1.85 1.92 1.99 2.06 2.10 2.13 2.16 2.20 2.25 2.29 2.34 2.38 2.42 2.46 2.50 2.54 2.58 2.60 2.62 2.63
3.62 2.61 1.47 1.17 1.33 1.70 1.88 1.82 1.55 1.19 0.92 0.78 0.87 1.19 1.61 1.98 2.37 2.77 2.76 2.93 2.96 2.86 2.69 1.91 1.44 1.42 1.37 1.32 1.28 1.22 1.15 1.15 1.22 1.25 1.18 1.07 0.99 0.95 1.00 1.12 1.25 1.32 1.37 1.45 1.53 1.57 1.66 1.78 1.80 1.79 1.84 1.96 2.01 1.92 1.82 1.76 1.68 1.58 1.50 1.45 1.40 1.39 1.46 1.57 1.69 1.80 1.89 1.96 2.00 2.04 2.09 2.14 2.18 2.22 2.25 2.30 2.34 2.38 2.42 2.46 2.49 2.52 2.54 2.55
3.58 2.20 0.61 0.42 0.67 0.90 1.08 1.32 1.38 1.26 1.16 1.04 0.98 1.17 1.63 2.18 2.51 2.43 2.22 2.37 2.77 3.00 2.94 2.66 2.22 1.82 1.53 1.32 1.21 1.18 1.14 1.09 1.06 1.07 1.08 1.07 1.05 0.98 0.92 0.95 1.07 1.20 1.31 1.40 1.51 1.62 1.67 1.72 1.82 1.92 1.97 2.01 2.09 2.10 1.99 1.91 1.86 1.76 1.65 1.60 1.59 1.55 1.51 1.50 1.54 1.63 1.75 1.85 1.91 1.96 2.00 2.04 2.08 2.13 2.17 2.21 2.25 2.30 2.34 2.38 2.41 2.44 2.47 2.48
2.79 1.72 0.44 0.36 0.61 0.80 0.96 1.16 1.27 1.26 1.29 1.22 1.13 1.28 1.63 2.12 2.51 2.33 1.95 1.99 2.37 2.67 2.79 2.59 2.15 1.83 1.58 1.36 1.22 1.18 1.14 1.06 0.95 0.86 0.84 0.89 0.97 1.00 0.96 0.90 0.96 1.09 1.22 1.34 1.50 1.67 1.75 1.81 1.92 2.05 2.14 2.16 2.19 2.27 2.28 2.19 2.06 1.95 1.84 1.78 1.79 1.82 1.79 1.69 1.64 1.64 1.69 1.76 1.81 1.86 1.90 1.94 1.98 2.02 2.07 2.12 2.16 2.21 2.25 2.29 2.33 2.36 2.39 2.41
1.98 1.32 0.56 0.56 0.75 0.91 1.03 1.15 1.24 1.26 1.31 1.28 1.22 1.37 1.65 2.00 2.43 2.36 1.98 2.14 2.26 2.33 2.46 2.35 2.05 1.79 1.59 1.40 1.25 1.19 1.17 1.09 0.94 0.76 0.60 0.55 0.63 0.76 0.85 0.88 0.92 1.00 1.10 1.21 1.33 1.47 1.63 1.75 1.88 2.06 2.22 2.29 2.26 2.25 2.28 2.29 2.27 2.25 2.15 1.97 1.84 1.83 1.89 1.93 1.89 1.83 1.78 1.72 1.68 1.69 1.73 1.79 1.86 1.92 1.97 2.01 2.06 2.11 2.16 2.20 2.25 2.29 2.32 2.34
1.54 1.17 0.78 0.82 0.93 1.04 1.12 1.18 1.24 1.28 1.30 1.29 1.23 1.34 1.76 2.26 2.61 2.68 2.56 2.55 2.53 2.34 2.38 2.39 2.17 1.91 1.69 1.47 1.30 1.24 1.24 1.17 1.02 0.83 0.58 0.38 0.32 0.44 0.60 0.71 0.77 0.86 0.97 1.09 1.24 1.46 1.74 1.95 2.05 2.13 2.21 2.29 2.35 2.36 2.33 2.32 2.37 2.41 2.39 2.29 2.13 2.04 2.04 2.04 2.00 1.93 1.84 1.72 1.59 1.51 1.52 1.61 1.70 1.77 1.82 1.88 1.93 2.00 2.06 2.11 2.16 2.21 2.24 2.27
1.61 1.39 1.14 1.10 1.14 1.22 1.25 1.26 1.28 1.30 1.31 1.27 1.16 1.13 1.36 1.83 2.31 2.46 2.44 2.61 2.79 2.59 2.49 2.47 2.29 2.11 1.94 1.65 1.39 1.33 1.29 1.24 1.15 0.97 0.72 0.44 0.21 0.16 0.28 0.42 0.55 0.69 0.83 0.99 1.16 1.33 1.58 1.85 2.03 2.12 2.18 2.26 2.35 2.45 2.57 2.58 2.51 2.46 2.48 2.52 2.50 2.41 2.30 2.21 2.14 2.04 1.90 1.77 1.67 1.57 1.52 1.50 1.51 1.55 1.61 1.68 1.76 1.85 1.93 2.00 2.06 2.12 2.16 2.20
1.89 1.73 1.51 1.40 1.36 1.37 1.37 1.37 1.35 1.33 1.31 1.23 1.08 0.95 0.94 1.16 1.66 1.90 1.94 2.36 2.69 2.74 2.73 2.62 2.45 2.33 2.28 2.02 1.66 1.50 1.37 1.28 1.23 1.09 0.87 0.60 0.29 0.07 0.10 0.25 0.43 0.60 0.76 0.91 1.05 1.16 1.28 1.51 1.80 2.05 2.21 2.30 2.36 2.38 2.45 2.58 2.64 2.61 2.56 2.52 2.48 2.41 2.33 2.30 2.28 2.20 2.09 1.99 1.91 1.85 1.77 1.58 1.37 1.27 1.26 1.37 1.52 1.67 1.77 1.86 1.95 2.02 2.08 2.13
2.17 2.00 1.79 1.69 1.61 1.55 1.49 1.47 1.44 1.43 1.40 1.26 1.11 0.98 0.96 1.09 1.41 1.66 1.84 2.14 2.35 2.54 2.73 2.75 2.64 2.59 2.61 2.44 2.12 1.87 1.59 1.39 1.25 1.16 1.03 0.79 0.46 0.17 0.18 0.31 0.46 0.60 0.73 0.88 1.00 1.11 1.23 1.40 1.68 2.03 2.30 2.47 2.56 2.54 2.43 2.41 2.53 2.64 2.65 2.57 2.46 2.38 2.30 2.24 2.21 2.21 2.19 2.16 2.11 2.04 1.96 1.85 1.63 1.35 1.26 1.35 1.46 1.50 1.53 1.64 1.80 1.93 2.00 2.04
2.48 2.29 2.04 1.99 1.94 1.84 1.71 1.61 1.56 1.59 1.56 1.43 1.26 1.14 1.09 1.13 1.35 1.59 1.75 1.93 2.16 2.38 2.46 2.63 2.81 2.81 2.86 2.84 2.66 2.34 1.98 1.63 1.35 1.25 1.21 1.00 0.63 0.34 0.28 0.37 0.49 0.62 0.76 0.89 1.00 1.12 1.22 1.34 1.55 1.85 2.20 2.47 2.66 2.78 2.75 2.59 2.48 2.51 2.60 2.62 2.55 2.47 2.43 2.36 2.28 2.25 2.22 2.16 2.17 2.15 2.05 1.99 1.99 1.95 1.86 1.78 1.68 1.54 1.50 1.62 1.80 1.89 1.93 1.96
2.76 2.59 2.33 2.25 2.22 2.14 2.01 1.86 1.83 1.97 2.01 1.91 1.76 1.62 1.46 1.32 1.39 1.56 1.64 1.76 2.08 2.40 2.26 2.26 2.73 3.04 3.06 3.12 3.24 2.90 2.36 1.95 1.55 1.45 1.49 1.23 0.83 0.52 0.37 0.39 0.53 0.67 0.81 0.93 1.06 1.17 1.27 1.38 1.52 1.68 1.88 2.13 2.38 2.64 2.86 2.89 2.73 2.60 2.59 2.63 2.63 2.53 2.48 2.49 2.47 2.40 2.32 2.21 2.15 2.17 2.18 2.11 2.09 2.14 2.10 1.99 1.88 1.85 1.91 1.94 1.91 1.86 1.85 1.88
2.89 2.77 2.60 2.53 2.49 2.49 2.55 2.45 2.40 2.42 2.44 2.26 2.00 1.91 1.86 1.66 1.55 1.61 1.67 1.76 2.02 2.37 2.23 1.94 2.31 2.92 3.13 3.19 3.58 3.52 2.76 2.31 1.81 1.75 1.83 1.51 1.06 0.76 0.61 0.57 0.63 0.73 0.86 1.01 1.13 1.24 1.35 1.46 1.56 1.67 1.81 1.96 2.12 2.32 2.60 2.86 2.94 2.84 2.76 2.78 2.84 2.75 2.57 2.49 2.45 2.39 2.37 2.32 2.22 2.19 2.26 2.26 2.16 2.12 2.16 2.16 2.11 2.07 2.04 1.97 1.89 1.82 1.80 1.81
2.97 2.84 2.74 2.76 2.75 2.77 2.79 2.73 2.54 2.39 2.45 2.41 2.15 2.08 2.12 1.97 1.73 1.70 1.91 2.15 2.26 2.33 2.15 1.83 1.87 2.49 3.01 3.13 3.54 3.73 3.17 2.74 2.29 2.10 2.17 1.79 1.28 1.00 0.90 0.86 0.72 0.71 0.86 1.01 1.12 1.26 1.41 1.48 1.52 1.64 1.85 2.08 2.24 2.31 2.41 2.63 2.88 2.99 2.95 2.97 3.07 3.09 2.90 2.63 2.46 2.32 2.25 2.31 2.32 2.23 2.21 2.28 2.33 2.31 2.30 2.31 2.26 2.13 1.94 1.81 1.79 1.80 1.79 1.74
3.04 2.92 2.80 2.73 2.60 2.49 2.41 2.41 2.40 2.36 2.46 2.48 2.27 2.21 2.30 2.18 1.83 1.69 2.11 2.62 2.80 2.55 2.03 1.75 1.68 1.98 2.61 3.12 3.77 4.06 3.48 3.04 2.76 2.60 2.57 2.05 1.47 1.26 1.14 1.07 0.99 0.91 0.89 0.98 1.13 1.31 1.42 1.48 1.54 1.64 1.80 2.02 2.26 2.42 2.47 2.57 2.77 2.95 2.98 2.91 2.97 3.12 3.12 2.89 2.67 2.49 2.27 2.19 2.25 2.29 2.33 2.46 2.56 2.51 2.39 2.26 2.17 2.05 1.92 1.82 1.75 1.75 1.72 1.62
3.01 2.95 2.82 2.67 2.51 2.39 2.33 2.35 2.39 2.39 2.50 2.56 2.30 2.22 2.42 2.38 1.93 1.68 2.12 2.84 3.37 3.16 2.11 1.66 1.69 1.76 2.09 2.72 3.67 4.50 4.20 3.30 2.94 3.02 3.05 2.47 1.85 1.55 1.40 1.33 1.35 1.34 1.16 1.05 1.19 1.30 1.36 1.44 1.56 1.67 1.76 1.88 2.07 2.32 2.51 2.61 2.73 2.88 2.94 2.85 2.81 2.93 3.11 3.15 3.05 2.96 2.73 2.37 2.20 2.26 2.38 2.47 2.51 2.50 2.42 2.29 2.15 2.04 1.92 1.79 1.74 1.72 1.65 1.58
2.99 2.89 2.76 2.72 2.62 2.50 2.49 2.52 2.53 2.49 2.62 2.86 2.59 2.30 2.48 2.53 2.01 1.68 2.06 2.96 3.86 4.10 2.93 1.80 1.77 1.82 1.69 1.82 2.56 3.97 4.70 4.10 3.24 3.13 3.15 2.84 2.37 1.90 1.60 1.49 1.43 1.36 1.26 1.24 1.29 1.30 1.32 1.41 1.55 1.67 1.76 1.86 2.01 2.24 2.45 2.59 2.72 2.92 3.07 3.03 2.92 2.93 3.07 3.18 3.26 3.29 3.23 2.97 2.54 2.28 2.23 2.26 2.35 2.44 2.44 2.37 2.28 2.23 2.19 2.08 1.87 1.77 1.67 1.57
3.27 3.07 2.81 2.78 2.72 2.56 2.47 2.53 2.66 2.69 2.77 3.06 2.96 2.58 2.66 2.69 2.07 1.72 2.23 3.07 4.01 4.76 4.24 2.52 1.95 2.05 1.83 1.66 1.74 2.59 4.07 4.66 4.03 3.31 3.04 2.72 2.44 2.13 1.73 1.54 1.41 1.32 1.32 1.35 1.35 1.34 1.38 1.49 1.62 1.72 1.78 1.83 2.01 2.25 2.45 2.57 2.69 2.89 3.13 3.21 3.14 3.11 3.18 3.21 3.24 3.37 3.49 3.47 3.28 2.92 2.66 2.55 2.54 2.59 2.61 2.52 2.40 2.36 2.39 2.35 2.17 1.90 1.64 1.45
