windninja/windninja_output/Output_2025-08-09_1400-1450_Google earth_Fire_150m_10min/merlingen_7.5mi_point_08-09-2025_1450_150m_vel.asc
ncols	158
nrows	163
xllcorner	391686.332397
yllcorner	5160024.123721
cellsize	150.000000
NODATA_value	-32768.000000
[rows 38 to 75 of 163, columns 0 to 83 of 158]
1.51 1.53 1.55 1.54 1.53 1.55 1.57 1.58 1.61 1.65 1.68 1.68 1.68 1.69 1.70 1.72 1.73 1.74 1.75 1.76 1.78 1.79 1.81 1.83 1.85 1.88 1.92 2.05 2.30 2.45 2.36 2.22 2.09 1.96 1.86 1.74 1.60 1.54 1.59 1.65 1.72 1.79 1.87 1.95 2.03 2.07 2.14 2.23 2.28 2.29 2.31 2.36 2.40 2.37 2.32 2.39 2.52 2.65 2.75 2.77 2.78 2.69 2.42 2.12 1.94 1.91 1.98 2.00 1.87 1.77 1.83 2.11 2.36 2.28 2.00 1.84 1.96 2.14 2.21 2.13 1.90 1.78 1.81 1.99
1.50 1.50 1.51 1.51 1.53 1.54 1.56 1.60 1.65 1.68 1.68 1.67 1.68 1.70 1.71 1.72 1.73 1.73 1.75 1.76 1.78 1.80 1.82 1.83 1.85 1.88 1.94 2.06 2.15 2.07 1.95 1.93 1.90 1.82 1.69 1.58 1.65 1.85 1.96 1.95 1.92 1.94 2.05 2.23 2.37 2.41 2.39 2.39 2.48 2.59 2.62 2.66 2.80 3.01 3.15 3.18 3.25 3.34 3.40 3.40 3.38 3.30 2.99 2.45 2.11 2.02 1.98 1.87 1.76 1.85 2.21 2.45 2.35 2.12 2.02 2.10 2.30 2.37 2.45 2.58 2.48 2.12 1.85 1.86
1.50 1.50 1.50 1.52 1.55 1.57 1.60 1.65 1.68 1.67 1.66 1.67 1.70 1.72 1.73 1.74 1.75 1.75 1.76 1.78 1.79 1.81 1.82 1.84 1.85 1.87 1.89 1.91 1.86 1.80 1.81 1.79 1.70 1.58 1.45 1.44 1.63 1.91 2.15 2.29 2.32 2.33 2.41 2.47 2.49 2.57 2.65 2.68 2.72 2.76 2.76 2.86 3.14 3.40 3.50 3.51 3.48 3.36 3.22 3.10 2.96 2.98 3.03 2.71 2.29 2.20 2.15 2.03 2.00 2.24 2.36 2.08 1.77 1.81 2.06 2.40 2.58 2.59 2.56 2.57 2.64 2.58 2.35 2.17
1.51 1.51 1.53 1.55 1.57 1.59 1.64 1.68 1.68 1.66 1.67 1.70 1.72 1.73 1.74 1.75 1.76 1.77 1.78 1.79 1.81 1.81 1.81 1.82 1.83 1.83 1.84 1.82 1.79 1.81 1.82 1.72 1.59 1.48 1.44 1.56 1.70 1.82 2.11 2.54 2.85 3.02 3.01 2.87 2.83 3.02 3.18 3.20 3.13 3.07 3.08 3.16 3.20 3.05 2.84 2.77 2.70 2.49 2.29 2.15 2.13 2.31 2.72 2.94 2.72 2.46 2.42 2.49 2.62 2.70 2.38 1.98 1.88 2.02 2.30 2.60 2.67 2.58 2.41 2.24 2.31 2.55 2.68 2.66
1.52 1.53 1.55 1.56 1.58 1.62 1.66 1.67 1.68 1.68 1.70 1.71 1.72 1.74 1.75 1.76 1.76 1.77 1.78 1.79 1.79 1.79 1.79 1.80 1.81 1.81 1.81 1.81 1.84 1.87 1.82 1.70 1.60 1.54 1.59 1.77 2.00 2.28 2.56 2.81 2.98 3.01 3.00 3.10 3.24 3.26 3.09 2.87 2.75 2.73 2.80 2.84 2.70 2.44 2.20 2.05 1.94 1.79 1.64 1.60 1.70 1.96 2.40 2.90 3.10 2.98 3.02 3.30 3.40 3.16 2.79 2.59 2.57 2.58 2.74 2.83 2.67 2.48 2.30 2.23 2.30 2.39 2.53 2.80
1.53 1.53 1.54 1.56 1.61 1.67 1.68 1.67 1.68 1.70 1.71 1.72 1.73 1.74 1.74 1.74 1.75 1.75 1.77 1.78 1.77 1.77 1.79 1.80 1.81 1.81 1.81 1.83 1.84 1.81 1.72 1.65 1.63 1.67 1.76 1.93 2.22 2.55 2.71 2.68 2.55 2.47 2.62 2.87 2.87 2.59 2.34 2.24 2.27 2.39 2.54 2.55 2.44 2.27 2.05 1.83 1.69 1.61 1.55 1.57 1.67 1.84 2.09 2.47 3.02 3.45 3.72 3.88 3.93 3.93 3.83 3.75 3.60 3.45 3.40 3.17 2.82 2.54 2.32 2.24 2.31 2.46 2.69 3.01
1.53 1.52 1.53 1.58 1.64 1.66 1.65 1.66 1.68 1.69 1.70 1.72 1.73 1.72 1.73 1.74 1.74 1.76 1.78 1.79 1.79 1.79 1.80 1.80 1.80 1.81 1.84 1.85 1.82 1.75 1.70 1.69 1.72 1.76 1.82 1.97 2.17 2.24 2.17 2.13 2.12 2.26 2.48 2.51 2.28 2.04 1.98 2.11 2.40 2.71 2.79 2.64 2.45 2.27 2.04 1.81 1.65 1.60 1.64 1.77 1.93 2.04 2.13 2.37 2.89 3.43 3.68 3.71 3.78 4.05 4.21 4.20 4.13 3.97 3.63 3.17 2.84 2.61 2.41 2.25 2.28 2.60 2.97 2.95
1.52 1.53 1.56 1.61 1.63 1.62 1.64 1.67 1.69 1.69 1.70 1.71 1.72 1.73 1.74 1.75 1.77 1.79 1.79 1.79 1.80 1.81 1.80 1.79 1.80 1.83 1.84 1.81 1.77 1.76 1.76 1.77 1.78 1.80 1.85 1.92 1.93 1.87 1.82 1.88 2.06 2.27 2.33 2.17 1.99 2.00 2.13 2.38 2.72 2.82 2.60 2.32 2.15 1.96 1.81 1.72 1.63 1.62 1.79 2.06 2.29 2.46 2.65 2.95 3.24 3.30 3.24 3.14 2.99 3.00 3.21 3.36 3.47 3.44 3.18 2.88 2.66 2.58 2.56 2.58 2.73 2.85 2.69 2.26
1.54 1.56 1.60 1.62 1.59 1.59 1.63 1.65 1.67 1.69 1.71 1.72 1.73 1.74 1.75 1.77 1.78 1.78 1.78 1.78 1.79 1.79 1.78 1.79 1.81 1.81 1.79 1.77 1.76 1.76 1.76 1.77 1.78 1.81 1.86 1.86 1.80 1.78 1.82 1.92 2.05 2.13 2.10 1.97 1.88 2.00 2.32 2.66 2.72 2.46 2.15 1.99 1.88 1.73 1.63 1.66 1.72 1.80 2.03 2.38 2.72 2.98 3.25 3.43 3.36 3.12 2.86 2.65 2.49 2.42 2.45 2.57 2.69 2.77 2.79 2.75 2.64 2.58 2.66 2.75 2.69 2.42 1.96 1.66
1.57 1.59 1.60 1.58 1.54 1.55 1.59 1.62 1.65 1.69 1.71 1.72 1.73 1.74 1.75 1.76 1.76 1.76 1.77 1.77 1.77 1.76 1.76 1.78 1.79 1.78 1.76 1.77 1.77 1.77 1.77 1.76 1.75 1.76 1.76 1.74 1.76 1.80 1.84 1.89 1.95 1.99 1.96 1.93 2.00 2.17 2.44 2.55 2.36 2.10 1.94 1.82 1.78 1.81 1.82 1.87 2.01 2.19 2.43 2.73 2.99 3.16 3.21 3.07 2.84 2.62 2.39 2.29 2.32 2.33 2.29 2.24 2.29 2.41 2.54 2.60 2.56 2.45 2.38 2.28 2.04 1.76 1.63 1.66
1.58 1.59 1.58 1.53 1.51 1.53 1.57 1.60 1.64 1.66 1.68 1.70 1.71 1.72 1.73 1.73 1.74 1.74 1.75 1.75 1.75 1.75 1.77 1.78 1.77 1.76 1.77 1.78 1.78 1.78 1.78 1.76 1.75 1.73 1.71 1.72 1.75 1.79 1.80 1.81 1.82 1.81 1.77 1.85 2.12 2.38 2.48 2.35 2.12 1.95 1.81 1.71 1.70 1.76 1.88 2.04 2.26 2.60 2.98 3.14 3.11 2.96 2.73 2.48 2.28 2.14 2.08 2.12 2.17 2.16 2.12 2.08 2.10 2.21 2.34 2.43 2.43 2.34 2.19 2.04 1.92 1.83 1.82 1.91
1.58 1.58 1.55 1.50 1.49 1.55 1.58 1.60 1.63 1.65 1.67 1.68 1.69 1.71 1.72 1.72 1.73 1.74 1.74 1.74 1.75 1.76 1.78 1.78 1.78 1.78 1.79 1.78 1.78 1.78 1.78 1.77 1.76 1.75 1.76 1.78 1.81 1.83 1.83 1.79 1.72 1.65 1.66 1.82 2.07 2.26 2.26 2.08 1.90 1.76 1.73 1.80 1.89 2.01 2.19 2.37 2.65 3.04 3.23 3.13 2.91 2.62 2.34 2.15 2.06 2.01 1.99 2.00 2.03 2.04 2.04 2.04 2.04 2.09 2.22 2.37 2.48 2.51 2.44 2.33 2.24 2.19 2.15 2.13
1.58 1.57 1.53 1.53 1.58 1.64 1.65 1.64 1.63 1.65 1.67 1.68 1.70 1.72 1.73 1.74 1.74 1.75 1.75 1.75 1.76 1.78 1.78 1.79 1.80 1.81 1.80 1.79 1.79 1.78 1.78 1.77 1.77 1.77 1.78 1.80 1.83 1.83 1.80 1.75 1.70 1.71 1.78 1.87 1.99 2.06 1.95 1.75 1.56 1.43 1.46 1.69 2.03 2.35 2.59 2.83 3.12 3.21 2.97 2.62 2.36 2.13 1.97 1.97 2.02 1.98 1.91 1.88 1.87 1.88 1.89 1.89 1.91 1.98 2.12 2.31 2.47 2.56 2.56 2.49 2.42 2.37 2.31 2.25
1.56 1.54 1.52 1.57 1.70 1.77 1.75 1.71 1.67 1.67 1.68 1.69 1.70 1.71 1.71 1.73 1.74 1.75 1.75 1.76 1.78 1.79 1.79 1.79 1.79 1.79 1.78 1.78 1.78 1.78 1.78 1.78 1.78 1.78 1.78 1.78 1.76 1.73 1.71 1.70 1.71 1.76 1.82 1.88 1.94 1.90 1.74 1.58 1.47 1.41 1.51 1.85 2.12 2.32 2.59 2.94 3.08 2.84 2.48 2.20 1.96 1.83 1.86 1.97 2.00 1.93 1.90 1.88 1.85 1.82 1.80 1.81 1.86 1.96 2.07 2.17 2.26 2.37 2.48 2.55 2.51 2.36 2.19 2.13
1.52 1.50 1.51 1.59 1.69 1.72 1.73 1.73 1.74 1.73 1.69 1.69 1.69 1.68 1.69 1.71 1.72 1.73 1.74 1.76 1.76 1.76 1.76 1.77 1.77 1.77 1.77 1.78 1.78 1.78 1.78 1.78 1.78 1.78 1.78 1.76 1.73 1.70 1.70 1.71 1.73 1.78 1.83 1.88 1.87 1.75 1.58 1.56 1.75 2.00 2.28 2.49 2.56 2.57 2.68 2.81 2.65 2.34 2.12 1.97 1.88 1.89 1.98 2.05 2.01 1.98 1.98 1.94 1.89 1.86 1.87 1.92 1.99 2.06 2.09 2.08 2.08 2.11 2.22 2.36 2.43 2.39 2.24 2.04
1.54 1.54 1.60 1.70 1.75 1.74 1.74 1.75 1.73 1.68 1.65 1.64 1.65 1.67 1.70 1.71 1.71 1.72 1.73 1.73 1.73 1.74 1.75 1.76 1.76 1.76 1.77 1.77 1.78 1.78 1.78 1.78 1.78 1.78 1.77 1.76 1.75 1.73 1.72 1.72 1.76 1.84 1.88 1.85 1.77 1.66 1.61 1.75 2.09 2.45 2.61 2.60 2.63 2.72 2.74 2.61 2.32 2.09 1.98 1.94 1.94 1.99 2.09 2.15 2.15 2.13 2.11 2.08 2.05 2.03 2.06 2.12 2.15 2.14 2.11 2.09 2.05 1.99 1.96 2.02 2.19 2.39 2.48 2.36
1.63 1.66 1.72 1.77 1.81 1.80 1.78 1.75 1.68 1.61 1.59 1.60 1.62 1.66 1.69 1.70 1.71 1.72 1.73 1.73 1.73 1.74 1.75 1.75 1.76 1.76 1.77 1.77 1.78 1.78 1.78 1.78 1.78 1.78 1.77 1.76 1.75 1.74 1.72 1.72 1.77 1.82 1.77 1.66 1.56 1.56 1.69 1.91 2.20 2.37 2.40 2.38 2.41 2.51 2.56 2.44 2.20 2.05 2.05 2.12 2.18 2.23 2.31 2.36 2.37 2.37 2.36 2.38 2.42 2.41 2.35 2.25 2.14 2.08 2.10 2.12 2.10 2.07 2.04 2.05 2.18 2.42 2.64 2.74
1.67 1.70 1.70 1.64 1.58 1.55 1.56 1.60 1.63 1.63 1.59 1.56 1.58 1.62 1.64 1.65 1.67 1.69 1.72 1.74 1.74 1.74 1.74 1.74 1.75 1.76 1.77 1.77 1.77 1.78 1.78 1.78 1.78 1.77 1.77 1.77 1.76 1.75 1.73 1.72 1.70 1.64 1.54 1.46 1.46 1.53 1.70 1.97 2.16 2.19 2.23 2.34 2.42 2.43 2.44 2.34 2.16 2.09 2.15 2.28 2.46 2.63 2.67 2.60 2.50 2.46 2.45 2.45 2.50 2.49 2.36 2.17 2.08 2.10 2.16 2.20 2.22 2.25 2.29 2.32 2.39 2.51 2.63 2.74
1.64 1.65 1.65 1.57 1.45 1.38 1.38 1.44 1.52 1.61 1.64 1.60 1.57 1.58 1.59 1.61 1.64 1.67 1.69 1.70 1.72 1.73 1.74 1.74 1.75 1.76 1.76 1.77 1.77 1.77 1.77 1.78 1.78 1.77 1.77 1.77 1.76 1.75 1.74 1.72 1.67 1.59 1.52 1.52 1.58 1.66 1.80 1.94 2.00 2.02 2.10 2.23 2.29 2.34 2.34 2.22 2.15 2.18 2.27 2.45 2.67 2.79 2.75 2.61 2.42 2.27 2.20 2.18 2.13 2.09 2.09 2.17 2.27 2.33 2.34 2.36 2.41 2.48 2.54 2.58 2.55 2.49 2.49 2.56
1.62 1.63 1.63 1.65 1.63 1.56 1.47 1.45 1.51 1.65 1.76 1.76 1.68 1.58 1.55 1.58 1.63 1.65 1.66 1.67 1.70 1.73 1.74 1.75 1.75 1.75 1.76 1.76 1.77 1.77 1.77 1.77 1.77 1.77 1.77 1.77 1.76 1.75 1.74 1.72 1.69 1.66 1.63 1.62 1.65 1.71 1.74 1.74 1.75 1.80 1.90 2.02 2.10 2.19 2.22 2.16 2.20 2.34 2.52 2.71 2.79 2.71 2.57 2.48 2.37 2.22 2.09 2.01 1.94 1.95 2.10 2.33 2.45 2.49 2.52 2.60 2.69 2.77 2.82 2.82 2.74 2.59 2.47 2.39
1.64 1.64 1.63 1.64 1.67 1.67 1.63 1.59 1.61 1.70 1.76 1.79 1.74 1.62 1.53 1.54 1.58 1.61 1.65 1.67 1.69 1.69 1.71 1.73 1.74 1.75 1.75 1.76 1.76 1.76 1.77 1.77 1.77 1.77 1.77 1.77 1.76 1.76 1.75 1.73 1.71 1.69 1.67 1.65 1.65 1.63 1.58 1.55 1.55 1.60 1.70 1.85 2.02 2.14 2.15 2.11 2.17 2.33 2.55 2.69 2.68 2.59 2.50 2.45 2.41 2.29 2.16 2.10 2.12 2.22 2.33 2.44 2.51 2.57 2.66 2.76 2.86 2.95 2.99 2.96 2.86 2.72 2.53 2.34
1.65 1.64 1.61 1.58 1.56 1.58 1.62 1.64 1.63 1.58 1.54 1.58 1.67 1.70 1.65 1.58 1.54 1.57 1.62 1.66 1.67 1.69 1.70 1.72 1.73 1.73 1.74 1.75 1.75 1.76 1.76 1.77 1.77 1.77 1.77 1.77 1.76 1.76 1.75 1.74 1.73 1.72 1.70 1.69 1.66 1.62 1.58 1.55 1.54 1.55 1.62 1.78 1.99 2.08 2.06 2.04 2.09 2.24 2.41 2.46 2.44 2.42 2.41 2.40 2.38 2.32 2.27 2.26 2.29 2.34 2.38 2.44 2.55 2.68 2.78 2.86 2.89 2.89 2.84 2.75 2.66 2.60 2.53 2.45
1.64 1.63 1.59 1.57 1.54 1.53 1.54 1.56 1.56 1.53 1.50 1.55 1.68 1.82 1.85 1.74 1.61 1.56 1.58 1.62 1.66 1.71 1.73 1.73 1.72 1.72 1.73 1.74 1.74 1.75 1.76 1.76 1.77 1.77 1.77 1.77 1.76 1.76 1.75 1.75 1.74 1.73 1.72 1.70 1.69 1.67 1.65 1.63 1.61 1.59 1.60 1.70 1.85 1.93 1.93 1.96 2.06 2.18 2.25 2.23 2.19 2.15 2.15 2.23 2.33 2.36 2.27 2.16 2.18 2.25 2.34 2.44 2.58 2.70 2.81 2.89 2.89 2.77 2.61 2.49 2.42 2.40 2.41 2.39
1.63 1.60 1.57 1.56 1.56 1.55 1.54 1.56 1.59 1.60 1.61 1.65 1.73 1.82 1.89 1.88 1.78 1.66 1.60 1.59 1.62 1.66 1.68 1.69 1.69 1.70 1.70 1.71 1.73 1.74 1.75 1.76 1.76 1.76 1.77 1.77 1.76 1.76 1.76 1.75 1.75 1.74 1.73 1.72 1.71 1.70 1.69 1.67 1.64 1.62 1.60 1.61 1.67 1.70 1.68 1.72 1.87 2.00 2.00 1.94 1.88 1.86 1.91 2.07 2.23 2.31 2.27 2.14 2.14 2.28 2.42 2.52 2.61 2.70 2.77 2.79 2.74 2.64 2.55 2.49 2.42 2.35 2.28 2.23
1.59 1.55 1.51 1.51 1.54 1.58 1.63 1.66 1.65 1.63 1.62 1.63 1.66 1.68 1.75 1.87 1.90 1.82 1.69 1.59 1.58 1.60 1.62 1.64 1.66 1.68 1.69 1.71 1.73 1.74 1.74 1.75 1.76 1.76 1.76 1.76 1.76 1.76 1.76 1.76 1.75 1.75 1.74 1.73 1.73 1.72 1.70 1.68 1.66 1.65 1.63 1.63 1.65 1.60 1.54 1.61 1.74 1.82 1.81 1.77 1.75 1.80 1.91 2.04 2.15 2.22 2.26 2.27 2.31 2.41 2.51 2.58 2.64 2.70 2.74 2.70 2.60 2.55 2.55 2.54 2.48 2.40 2.33 2.26
1.57 1.50 1.43 1.44 1.49 1.58 1.66 1.68 1.67 1.64 1.61 1.59 1.59 1.60 1.66 1.77 1.89 1.93 1.84 1.73 1.64 1.60 1.60 1.63 1.66 1.68 1.71 1.72 1.73 1.73 1.73 1.74 1.75 1.75 1.76 1.76 1.76 1.76 1.76 1.76 1.76 1.75 1.75 1.74 1.73 1.72 1.71 1.70 1.68 1.67 1.68 1.71 1.71 1.66 1.65 1.73 1.79 1.79 1.80 1.85 1.94 2.01 1.96 1.83 1.74 1.79 1.89 2.15 2.40 2.52 2.57 2.62 2.69 2.73 2.73 2.68 2.65 2.66 2.69 2.67 2.63 2.56 2.54 2.58
1.59 1.48 1.40 1.42 1.46 1.49 1.51 1.54 1.57 1.59 1.59 1.59 1.62 1.63 1.64 1.70 1.83 1.96 1.98 1.90 1.77 1.66 1.59 1.60 1.63 1.67 1.70 1.70 1.70 1.71 1.72 1.74 1.74 1.75 1.75 1.76 1.76 1.76 1.76 1.76 1.76 1.76 1.75 1.75 1.74 1.73 1.72 1.71 1.70 1.69 1.69 1.69 1.68 1.67 1.68 1.76 1.86 1.89 1.90 1.96 1.99 1.87 1.61 1.36 1.30 1.43 1.74 2.14 2.41 2.56 2.65 2.70 2.72 2.71 2.67 2.68 2.78 2.88 2.93 2.91 2.85 2.80 2.81 2.92
1.73 1.62 1.54 1.53 1.52 1.50 1.47 1.45 1.44 1.45 1.51 1.57 1.59 1.60 1.62 1.66 1.71 1.82 1.94 1.97 1.90 1.78 1.67 1.60 1.59 1.63 1.68 1.70 1.70 1.71 1.72 1.73 1.73 1.74 1.75 1.75 1.76 1.76 1.76 1.76 1.76 1.76 1.76 1.75 1.74 1.74 1.73 1.72 1.71 1.70 1.67 1.64 1.62 1.59 1.58 1.68 1.84 1.96 1.98 1.92 1.70 1.44 1.42 1.54 1.77 2.00 2.23 2.37 2.44 2.50 2.59 2.65 2.66 2.61 2.61 2.72 2.86 2.93 2.94 2.92 2.90 2.92 3.03 3.26
1.87 1.85 1.78 1.65 1.57 1.59 1.63 1.64 1.61 1.58 1.61 1.66 1.61 1.57 1.62 1.65 1.63 1.64 1.77 1.95 2.04 1.99 1.86 1.73 1.66 1.65 1.66 1.68 1.70 1.71 1.71 1.71 1.72 1.73 1.74 1.75 1.75 1.76 1.76 1.76 1.76 1.76 1.76 1.75 1.75 1.74 1.73 1.72 1.71 1.69 1.67 1.63 1.59 1.54 1.51 1.57 1.66 1.74 1.78 1.67 1.49 1.52 1.83 2.19 2.42 2.52 2.51 2.43 2.37 2.38 2.43 2.49 2.55 2.60 2.69 2.75 2.77 2.78 2.81 2.92 3.12 3.35 3.67 4.09
2.00 2.15 2.26 2.10 1.87 1.83 1.89 1.88 1.81 1.75 1.73 1.71 1.69 1.68 1.62 1.58 1.59 1.62 1.70 1.84 1.98 2.08 2.07 1.98 1.85 1.71 1.60 1.56 1.57 1.61 1.65 1.68 1.70 1.71 1.73 1.74 1.75 1.75 1.76 1.76 1.76 1.76 1.76 1.76 1.75 1.74 1.74 1.73 1.71 1.69 1.67 1.64 1.60 1.54 1.49 1.45 1.41 1.33 1.30 1.34 1.44 1.68 1.96 2.21 2.39 2.47 2.45 2.35 2.29 2.28 2.32 2.37 2.44 2.56 2.65 2.65 2.63 2.68 2.85 3.14 3.51 3.85 4.11 4.17
2.12 2.32 2.68 2.86 2.83 2.70 2.54 2.38 2.15 1.97 1.90 1.83 1.80 1.79 1.72 1.63 1.62 1.66 1.69 1.70 1.74 1.88 2.04 2.12 2.06 1.91 1.68 1.52 1.48 1.51 1.57 1.62 1.67 1.69 1.71 1.73 1.74 1.75 1.75 1.76 1.76 1.76 1.76 1.76 1.75 1.75 1.74 1.73 1.72 1.70 1.68 1.65 1.62 1.57 1.51 1.42 1.31 1.18 1.11 1.14 1.28 1.48 1.69 1.86 2.03 2.19 2.29 2.35 2.36 2.34 2.32 2.30 2.33 2.39 2.39 2.41 2.45 2.54 2.76 3.06 3.32 3.51 3.45 2.96
2.00 1.96 2.14 2.53 2.81 2.91 2.92 2.88 2.80 2.74 2.70 2.63 2.48 2.30 2.18 2.05 1.90 1.76 1.67 1.61 1.62 1.69 1.79 1.93 2.04 2.01 1.82 1.63 1.53 1.50 1.52 1.56 1.62 1.66 1.69 1.71 1.73 1.74 1.75 1.75 1.76 1.76 1.76 1.76 1.75 1.75 1.74 1.73 1.72 1.71 1.69 1.66 1.63 1.60 1.55 1.48 1.39 1.29 1.20 1.16 1.19 1.30 1.44 1.53 1.58 1.70 1.93 2.18 2.33 2.37 2.32 2.27 2.29 2.30 2.26 2.22 2.21 2.31 2.50 2.74 2.84 2.74 2.39 2.06
1.75 1.60 1.38 1.34 1.47 1.72 2.02 2.28 2.53 2.71 2.81 2.82 2.76 2.66 2.54 2.39 2.22 2.01 1.79 1.66 1.61 1.60 1.62 1.67 1.74 1.86 1.95 1.88 1.75 1.65 1.56 1.53 1.56 1.61 1.66 1.69 1.71 1.73 1.74 1.75 1.75 1.75 1.75 1.75 1.75 1.75 1.74 1.73 1.72 1.71 1.70 1.68 1.65 1.62 1.58 1.54 1.48 1.42 1.35 1.30 1.28 1.28 1.25 1.19 1.15 1.22 1.42 1.65 1.84 2.00 2.14 2.25 2.29 2.24 2.19 2.13 2.12 2.19 2.30 2.38 2.31 2.05 1.84 1.87
1.65 1.50 1.22 1.00 0.86 0.84 0.98 1.22 1.46 1.63 1.63 1.67 1.75 1.90 2.04 2.09 2.11 2.10 2.03 1.88 1.71 1.61 1.60 1.60 1.64 1.84 2.09 2.19 2.09 1.92 1.76 1.64 1.57 1.57 1.61 1.65 1.69 1.72 1.73 1.74 1.75 1.75 1.75 1.75 1.75 1.75 1.74 1.74 1.73 1.72 1.70 1.69 1.67 1.64 1.62 1.58 1.55 1.51 1.47 1.44 1.40 1.36 1.29 1.19 1.11 1.09 1.10 1.16 1.28 1.49 1.80 2.03 2.07 2.01 1.99 2.03 2.09 2.13 2.12 1.97 1.78 1.70 1.78 1.99
1.59 1.47 1.27 1.10 0.96 0.89 0.89 0.92 0.96 0.92 0.85 0.88 0.99 1.13 1.30 1.47 1.64 1.81 1.95 2.00 1.95 1.86 1.77 1.75 1.79 1.87 1.99 2.14 2.20 2.12 1.99 1.85 1.70 1.59 1.57 1.61 1.65 1.69 1.72 1.73 1.74 1.74 1.75 1.75 1.75 1.75 1.74 1.74 1.73 1.72 1.71 1.70 1.68 1.66 1.64 1.62 1.59 1.57 1.54 1.52 1.49 1.46 1.41 1.36 1.29 1.22 1.15 1.12 1.13 1.22 1.35 1.43 1.51 1.50 1.61 1.74 1.88 1.93 1.87 1.74 1.65 1.72 1.96 2.19
1.59 1.45 1.24 1.10 1.01 0.98 0.97 0.96 0.89 0.81 0.84 0.94 1.02 1.09 1.17 1.27 1.38 1.48 1.59 1.75 1.91 1.99 1.99 1.95 1.91 1.88 1.88 1.95 2.08 2.14 2.10 2.01 1.90 1.76 1.68 1.65 1.65 1.67 1.69 1.71 1.73 1.74 1.74 1.74 1.74 1.74 1.74 1.73 1.73 1.72 1.71 1.70 1.69 1.68 1.66 1.65 1.63 1.61 1.59 1.57 1.55 1.53 1.50 1.46 1.42 1.38 1.34 1.29 1.23 1.17 1.10 1.01 0.98 1.10 1.30 1.50 1.65 1.71 1.70 1.70 1.76 1.97 2.26 2.27
1.68 1.45 1.12 0.95 0.89 0.87 0.87 0.88 0.87 0.87 0.93 1.03 1.11 1.19 1.27 1.33 1.37 1.40 1.45 1.53 1.64 1.75 1.84 1.87 1.87 1.87 1.87 1.89 1.95 2.02 2.06 2.07 2.05 1.99 1.90 1.79 1.71 1.68 1.67 1.70 1.72 1.74 1.74 1.74 1.74 1.74 1.73 1.73 1.73 1.72 1.72 1.71 1.70 1.69 1.68 1.67 1.66 1.64 1.63 1.61 1.60 1.58 1.56 1.53 1.51 1.49 1.46 1.41 1.36 1.28 1.17 1.08 1.06 1.14 1.32 1.51 1.62 1.67 1.66 1.74 2.03 2.40 2.45 2.10
1.85 1.54 1.04 0.76 0.65 0.63 0.68 0.75 0.81 0.87 0.93 1.00 1.09 1.18 1.26 1.33 1.39 1.44 1.48 1.51 1.54 1.57 1.61 1.66 1.71 1.74 1.74 1.78 1.88 1.99 2.05 2.08 2.07 2.01 1.90 1.80 1.72 1.69 1.69 1.70 1.71 1.72 1.73 1.73 1.73 1.73 1.73 1.72 1.72 1.72 1.72 1.71 1.71 1.70 1.70 1.69 1.68 1.67 1.66 1.65 1.63 1.62 1.60 1.59 1.57 1.55 1.53 1.49 1.45 1.41 1.37 1.33 1.31 1.31 1.38 1.48 1.58 1.65 1.74 1.93 2.33 2.49 2.12 1.65
