windninja/windninja_output/Output_2025-08-09_1400-1450_Google earth_Fire_150m_10min/merlingen_7.5mi_point_08-09-2025_1410_150m_vel.asc
ncols	158
nrows	163
xllcorner	391686.332397
yllcorner	5160024.123721
cellsize	150.000000
NODATA_value	-32768.000000
[rows 0 to 37 of 163, columns 0 to 83 of 158]
1.10 1.05 1.00 1.01 1.05 1.06 1.05 1.02 1.02 1.03 1.02 0.96 0.84 0.70 0.59 0.52 0.47 0.47 0.57 0.72 0.88 1.02 1.13 1.19 1.18 1.13 1.06 1.06 1.15 1.20 1.18 1.13 1.08 1.05 1.08 1.11 1.04 0.96 0.95 0.99 1.07 1.14 1.15 1.14 1.19 1.23 1.23 1.31 1.57 1.87 2.06 2.18 2.27 2.29 2.22 2.09 1.96 1.89 1.90 1.97 2.02 2.02 2.00 2.01 2.08 2.13 2.14 2.13 2.15 2.18 2.20 2.17 2.10 2.06 2.13 2.18 2.11 1.97 1.94 2.02 2.03 1.94 1.85 1.79
1.12 1.07 1.03 1.01 1.01 1.00 0.96 0.91 0.89 0.91 0.94 0.95 0.93 0.88 0.82 0.77 0.76 0.80 0.89 1.00 1.04 1.10 1.19 1.24 1.24 1.19 1.15 1.15 1.16 1.14 1.12 1.11 1.12 1.13 1.15 1.18 1.18 1.19 1.23 1.24 1.26 1.31 1.35 1.43 1.51 1.57 1.63 1.68 1.75 1.82 1.88 1.95 1.98 1.96 1.93 1.92 1.93 1.97 2.00 2.00 1.98 1.99 2.03 2.07 2.10 2.11 2.12 2.14 2.17 2.20 2.20 2.16 2.14 2.18 2.22 2.20 2.10 2.07 2.13 2.14 2.04 1.92 1.88 1.83
1.18 1.16 1.12 1.07 1.02 0.96 0.91 0.89 0.91 0.96 1.03 1.06 1.07 1.08 1.11 1.15 1.22 1.27 1.30 1.28 1.23 1.21 1.23 1.25 1.28 1.28 1.27 1.23 1.17 1.11 1.10 1.12 1.17 1.24 1.30 1.35 1.43 1.51 1.53 1.54 1.56 1.60 1.67 1.79 1.89 1.97 2.07 2.13 2.05 1.91 1.86 1.86 1.79 1.73 1.77 1.88 2.00 2.08 2.11 2.09 2.07 2.09 2.13 2.15 2.13 2.12 2.13 2.17 2.22 2.23 2.18 2.16 2.21 2.28 2.27 2.21 2.20 2.29 2.32 2.23 2.09 2.01 1.98 1.92
1.21 1.22 1.20 1.14 1.08 1.04 1.06 1.16 1.25 1.30 1.26 1.18 1.13 1.14 1.19 1.31 1.39 1.43 1.40 1.33 1.26 1.24 1.25 1.26 1.34 1.44 1.46 1.43 1.39 1.36 1.34 1.30 1.29 1.36 1.45 1.50 1.53 1.54 1.58 1.67 1.79 1.87 1.96 2.06 2.13 2.19 2.22 2.22 2.21 2.20 2.16 2.06 1.98 1.97 1.99 2.01 2.02 2.03 2.05 2.10 2.16 2.17 2.16 2.13 2.12 2.13 2.16 2.19 2.22 2.20 2.15 2.15 2.19 2.16 2.12 2.13 2.23 2.31 2.28 2.17 2.13 2.14 2.13 2.09
1.18 1.20 1.23 1.20 1.15 1.15 1.21 1.29 1.33 1.30 1.20 1.15 1.15 1.19 1.26 1.34 1.35 1.33 1.28 1.23 1.21 1.23 1.27 1.32 1.42 1.54 1.66 1.72 1.73 1.73 1.72 1.69 1.67 1.66 1.64 1.61 1.60 1.66 1.79 1.93 2.03 2.13 2.24 2.29 2.30 2.27 2.23 2.18 2.19 2.20 2.11 2.01 1.98 2.00 1.99 1.98 1.97 1.98 2.02 2.07 2.10 2.10 2.10 2.10 2.12 2.15 2.16 2.18 2.19 2.13 2.08 2.08 2.09 2.10 2.06 2.02 2.02 2.08 2.13 2.09 2.02 2.03 2.14 2.23
1.10 1.11 1.16 1.21 1.22 1.23 1.25 1.23 1.16 1.07 1.03 1.06 1.10 1.17 1.25 1.26 1.23 1.16 1.09 1.07 1.11 1.16 1.21 1.29 1.37 1.46 1.55 1.65 1.75 1.83 1.89 1.95 2.02 2.01 1.92 1.85 1.91 2.03 2.14 2.20 2.21 2.24 2.25 2.21 2.16 2.10 2.05 2.03 2.01 1.98 1.95 1.92 1.89 1.87 1.89 1.92 1.97 2.02 2.06 2.08 2.09 2.10 2.12 2.13 2.15 2.16 2.16 2.20 2.21 2.17 2.10 2.07 2.11 2.17 2.17 2.15 2.13 2.10 2.05 1.94 1.87 1.92 2.09 2.23
1.07 1.04 1.04 1.11 1.19 1.23 1.21 1.14 1.04 0.97 0.98 1.03 1.08 1.13 1.18 1.18 1.17 1.16 1.17 1.18 1.18 1.18 1.19 1.22 1.27 1.30 1.32 1.43 1.58 1.71 1.81 1.93 2.03 2.07 2.11 2.18 2.26 2.30 2.28 2.23 2.18 2.13 2.03 1.93 1.86 1.85 1.85 1.86 1.86 1.85 1.86 1.89 1.91 1.89 1.88 1.92 1.98 2.03 2.07 2.13 2.21 2.28 2.28 2.24 2.20 2.18 2.20 2.23 2.25 2.25 2.30 2.38 2.41 2.36 2.33 2.37 2.38 2.31 2.10 1.94 1.99 2.18 2.26 2.26
1.08 1.06 1.02 1.00 1.02 1.06 1.05 0.99 0.92 0.92 0.97 1.05 1.12 1.17 1.18 1.17 1.16 1.20 1.26 1.29 1.31 1.32 1.29 1.25 1.24 1.24 1.28 1.39 1.46 1.52 1.63 1.74 1.79 1.84 1.97 2.11 2.15 2.11 2.03 1.96 1.90 1.83 1.76 1.69 1.66 1.67 1.69 1.71 1.72 1.72 1.74 1.81 1.90 1.92 1.92 1.97 2.03 2.08 2.15 2.26 2.35 2.38 2.38 2.36 2.31 2.25 2.24 2.28 2.29 2.30 2.39 2.52 2.53 2.44 2.36 2.31 2.29 2.21 2.03 1.98 2.13 2.31 2.40 2.43
1.08 1.07 1.03 0.97 0.92 0.88 0.86 0.86 0.88 0.92 0.98 1.04 1.11 1.18 1.21 1.20 1.18 1.22 1.28 1.31 1.35 1.39 1.39 1.38 1.34 1.33 1.36 1.38 1.36 1.38 1.48 1.57 1.61 1.67 1.74 1.76 1.73 1.68 1.63 1.59 1.55 1.51 1.51 1.54 1.57 1.59 1.58 1.58 1.60 1.63 1.70 1.74 1.75 1.80 1.92 2.04 2.12 2.19 2.24 2.22 2.13 2.04 2.08 2.16 2.19 2.23 2.30 2.36 2.37 2.32 2.28 2.24 2.19 2.19 2.18 2.15 2.11 2.03 1.95 1.99 2.17 2.34 2.50 2.70
1.05 1.03 1.01 0.98 0.94 0.89 0.85 0.87 0.91 0.95 0.99 1.02 1.05 1.09 1.13 1.15 1.19 1.24 1.30 1.38 1.43 1.46 1.49 1.51 1.49 1.45 1.43 1.40 1.37 1.41 1.50 1.52 1.51 1.55 1.58 1.55 1.48 1.43 1.40 1.38 1.39 1.42 1.46 1.48 1.48 1.47 1.48 1.49 1.51 1.53 1.56 1.60 1.62 1.73 1.88 1.98 2.01 2.00 1.92 1.76 1.63 1.61 1.61 1.62 1.79 2.06 2.25 2.32 2.27 2.17 2.08 2.01 1.98 2.01 2.04 2.00 1.92 1.91 2.09 2.39 2.61 2.69 2.69 2.75
1.03 1.02 1.01 0.98 0.96 0.94 0.93 0.94 0.96 0.97 0.99 1.00 1.00 1.01 1.03 1.08 1.15 1.22 1.29 1.38 1.48 1.55 1.59 1.59 1.59 1.58 1.51 1.43 1.40 1.43 1.43 1.38 1.34 1.36 1.38 1.37 1.33 1.31 1.33 1.39 1.44 1.46 1.45 1.41 1.35 1.33 1.34 1.34 1.30 1.25 1.28 1.36 1.44 1.55 1.58 1.57 1.47 1.35 1.24 1.17 1.18 1.19 1.16 1.25 1.52 1.78 1.92 1.94 1.84 1.82 1.91 2.02 2.06 2.05 1.97 1.87 1.82 1.96 2.32 2.81 3.05 3.06 2.94 2.84
1.03 1.02 0.99 0.98 0.96 0.95 0.96 0.97 0.98 0.98 0.99 0.99 0.99 0.99 1.00 1.06 1.14 1.21 1.25 1.30 1.37 1.46 1.52 1.55 1.56 1.51 1.38 1.29 1.27 1.25 1.21 1.16 1.17 1.21 1.20 1.18 1.19 1.24 1.32 1.37 1.38 1.39 1.38 1.35 1.32 1.27 1.16 1.04 0.93 0.87 0.87 0.90 0.91 0.96 0.95 0.92 0.86 0.79 0.72 0.66 0.66 0.68 0.77 1.01 1.28 1.39 1.44 1.41 1.40 1.65 1.96 2.10 2.13 2.15 2.21 2.34 2.53 2.73 2.94 3.14 3.19 3.23 3.30 3.43
1.01 1.00 0.98 0.97 0.96 0.96 0.95 0.95 0.95 0.96 0.97 0.97 0.97 0.95 0.95 1.01 1.08 1.15 1.21 1.27 1.30 1.32 1.33 1.34 1.29 1.19 1.12 1.11 1.10 1.09 1.09 1.12 1.15 1.16 1.12 1.09 1.12 1.21 1.27 1.28 1.30 1.33 1.34 1.30 1.26 1.17 1.02 0.80 0.64 0.60 0.58 0.52 0.49 0.50 0.53 0.55 0.53 0.48 0.38 0.31 0.36 0.48 0.65 0.88 1.02 1.07 1.07 1.09 1.33 1.72 1.93 2.02 2.15 2.35 2.68 3.05 3.29 3.45 3.53 3.46 3.32 3.34 3.54 3.79
0.99 0.98 0.96 0.95 0.95 0.96 0.95 0.93 0.93 0.93 0.94 0.95 0.96 0.95 0.94 0.95 0.99 1.05 1.13 1.19 1.20 1.17 1.11 1.04 1.00 1.00 1.04 1.08 1.10 1.09 1.07 1.08 1.10 1.09 1.08 1.12 1.18 1.20 1.19 1.17 1.17 1.10 0.96 0.86 0.79 0.73 0.72 0.74 0.71 0.63 0.54 0.47 0.43 0.41 0.44 0.46 0.43 0.35 0.30 0.37 0.54 0.71 0.89 1.00 0.99 0.96 0.97 1.12 1.41 1.63 1.74 1.91 2.23 2.55 2.76 2.82 2.92 3.06 3.08 3.07 3.16 3.32 3.45 3.50
0.98 0.97 0.95 0.94 0.93 0.92 0.92 0.92 0.93 0.93 0.93 0.95 0.96 1.00 1.01 1.02 1.05 1.05 1.05 1.05 1.02 0.97 0.92 0.90 0.91 0.98 1.05 1.10 1.10 1.07 1.05 1.06 1.08 1.08 1.12 1.19 1.19 1.11 1.01 0.87 0.74 0.57 0.43 0.38 0.40 0.43 0.50 0.69 0.91 0.95 0.85 0.77 0.73 0.75 0.79 0.72 0.64 0.60 0.67 0.87 1.12 1.30 1.49 1.49 1.29 1.19 1.25 1.40 1.54 1.55 1.65 2.00 2.32 2.41 2.33 2.31 2.39 2.33 2.19 2.34 2.74 2.97 2.95 2.81
0.97 0.96 0.94 0.92 0.90 0.89 0.89 0.89 0.90 0.91 0.93 0.95 0.97 1.02 1.09 1.16 1.19 1.13 1.06 1.00 0.95 0.92 0.92 0.93 0.97 1.03 1.09 1.11 1.10 1.11 1.18 1.25 1.24 1.17 1.10 0.97 0.82 0.72 0.60 0.48 0.38 0.36 0.44 0.57 0.65 0.71 0.77 0.77 0.83 1.05 1.28 1.36 1.44 1.58 1.64 1.59 1.40 1.22 1.22 1.37 1.61 1.81 1.88 1.79 1.71 1.75 1.79 1.80 1.82 1.71 1.72 1.95 2.05 1.95 1.97 2.13 2.09 1.90 1.98 2.40 2.64 2.49 2.27 2.06
0.95 0.94 0.92 0.90 0.89 0.88 0.88 0.88 0.89 0.90 0.92 0.94 0.96 1.00 1.05 1.12 1.14 1.13 1.09 1.04 0.99 0.96 0.95 0.98 1.04 1.09 1.10 1.12 1.18 1.24 1.28 1.24 1.11 0.93 0.72 0.55 0.48 0.46 0.48 0.52 0.61 0.74 0.94 1.04 1.05 1.06 1.12 1.08 1.03 1.21 1.53 1.76 1.89 1.93 1.90 1.85 1.80 1.71 1.69 1.85 1.98 2.01 1.94 1.84 1.87 1.98 2.05 2.11 2.13 1.99 1.85 1.82 1.77 1.78 1.95 2.01 1.92 2.04 2.41 2.62 2.37 1.97 1.74 1.48
0.93 0.93 0.91 0.89 0.88 0.88 0.88 0.88 0.89 0.90 0.91 0.92 0.94 0.96 0.99 1.01 1.01 1.02 1.02 1.00 0.96 0.91 0.91 0.95 1.00 1.02 1.03 1.07 1.12 1.15 1.11 0.97 0.82 0.72 0.66 0.66 0.70 0.76 0.84 0.94 1.04 1.10 1.11 1.10 1.13 1.16 1.22 1.37 1.54 1.62 1.66 1.73 1.80 1.77 1.71 1.74 1.88 2.02 2.12 2.17 2.18 2.13 2.02 1.95 2.01 2.14 2.25 2.28 2.15 2.02 2.03 1.98 1.96 1.96 1.88 1.86 2.01 2.26 2.35 2.01 1.54 1.37 1.23 0.97
0.92 0.91 0.89 0.88 0.87 0.86 0.86 0.87 0.88 0.89 0.90 0.90 0.92 0.93 0.95 0.95 0.93 0.89 0.86 0.84 0.83 0.83 0.86 0.88 0.89 0.91 0.95 0.98 0.97 0.92 0.85 0.78 0.77 0.82 0.89 0.93 0.95 0.97 1.00 1.04 1.08 1.09 1.10 1.11 1.15 1.21 1.32 1.49 1.63 1.66 1.61 1.56 1.56 1.61 1.70 1.85 2.00 2.10 2.18 2.22 2.21 2.12 2.03 2.05 2.15 2.25 2.29 2.20 2.06 2.14 2.35 2.37 2.30 2.10 1.81 1.72 1.71 1.61 1.39 1.04 0.91 0.92 0.86 0.84
0.89 0.88 0.87 0.86 0.86 0.85 0.85 0.85 0.86 0.87 0.88 0.90 0.91 0.92 0.92 0.91 0.87 0.82 0.79 0.80 0.82 0.85 0.88 0.89 0.91 0.93 0.95 0.94 0.92 0.87 0.83 0.81 0.82 0.82 0.84 0.88 0.95 1.02 1.09 1.17 1.22 1.26 1.29 1.29 1.32 1.43 1.55 1.56 1.50 1.49 1.49 1.48 1.50 1.62 1.84 2.00 2.08 2.10 2.12 2.10 2.01 1.89 1.86 1.96 2.07 2.14 2.15 2.16 2.34 2.64 2.72 2.56 2.39 2.21 2.03 1.80 1.43 1.11 0.96 0.92 0.96 1.04 1.11 1.20
0.88 0.87 0.85 0.84 0.84 0.83 0.84 0.84 0.84 0.85 0.86 0.88 0.90 0.91 0.91 0.90 0.87 0.85 0.85 0.88 0.90 0.92 0.94 0.96 0.97 0.97 0.96 0.95 0.94 0.92 0.91 0.92 0.94 0.97 1.07 1.19 1.28 1.38 1.44 1.46 1.44 1.40 1.37 1.39 1.48 1.56 1.55 1.49 1.47 1.50 1.54 1.57 1.62 1.70 1.78 1.84 1.92 2.03 2.07 2.00 1.89 1.84 1.89 1.98 2.08 2.21 2.32 2.51 2.80 2.91 2.68 2.36 2.15 2.10 2.09 1.97 1.79 1.63 1.52 1.43 1.47 1.52 1.48 1.43
0.87 0.86 0.84 0.82 0.81 0.82 0.82 0.83 0.83 0.84 0.86 0.87 0.88 0.90 0.91 0.91 0.91 0.91 0.93 0.94 0.95 0.96 0.98 0.99 0.99 0.98 0.98 0.97 0.96 0.96 0.98 1.02 1.12 1.28 1.45 1.56 1.61 1.60 1.54 1.49 1.45 1.43 1.44 1.48 1.51 1.47 1.44 1.50 1.60 1.65 1.68 1.72 1.74 1.72 1.67 1.67 1.75 1.87 1.96 1.96 1.92 1.94 2.03 2.11 2.24 2.47 2.70 2.90 2.93 2.65 2.27 2.06 1.97 1.97 1.96 1.97 2.07 2.13 2.10 2.04 1.94 1.74 1.57 1.55
0.84 0.83 0.82 0.81 0.80 0.80 0.81 0.82 0.82 0.84 0.86 0.88 0.89 0.90 0.91 0.92 0.93 0.95 0.97 0.98 0.99 1.00 1.01 1.01 1.01 1.02 1.02 1.01 1.00 1.01 1.05 1.14 1.29 1.41 1.44 1.43 1.42 1.40 1.36 1.35 1.38 1.45 1.51 1.51 1.48 1.52 1.65 1.72 1.73 1.72 1.73 1.74 1.73 1.71 1.72 1.76 1.80 1.85 1.86 1.89 1.94 2.02 2.14 2.32 2.65 2.97 3.10 3.03 2.72 2.30 2.03 1.93 1.95 2.05 2.11 2.12 2.12 2.22 2.37 2.42 2.28 2.04 1.86 1.74
0.82 0.81 0.80 0.79 0.79 0.79 0.79 0.79 0.81 0.83 0.85 0.88 0.89 0.91 0.92 0.93 0.95 0.97 0.99 1.00 1.02 1.03 1.05 1.05 1.05 1.04 1.02 0.99 0.97 0.99 1.05 1.14 1.23 1.26 1.23 1.19 1.14 1.15 1.22 1.30 1.38 1.47 1.52 1.55 1.65 1.83 1.86 1.78 1.71 1.70 1.72 1.71 1.72 1.79 1.84 1.85 1.84 1.83 1.81 1.86 1.95 2.04 2.22 2.65 3.05 3.12 2.96 2.61 2.17 1.91 1.81 1.81 1.98 2.26 2.35 2.18 2.03 2.11 2.25 2.30 2.32 2.30 2.21 2.03
0.80 0.79 0.77 0.77 0.76 0.76 0.77 0.78 0.80 0.82 0.84 0.86 0.88 0.90 0.93 0.94 0.96 0.98 1.00 1.01 1.03 1.05 1.06 1.06 1.06 1.05 1.00 0.95 0.92 0.95 1.01 1.06 1.09 1.11 1.15 1.16 1.14 1.15 1.21 1.31 1.40 1.49 1.59 1.77 1.95 1.95 1.81 1.72 1.68 1.67 1.68 1.71 1.80 1.89 1.92 1.93 1.91 1.83 1.75 1.75 1.85 2.10 2.55 2.96 2.93 2.55 2.16 1.80 1.54 1.43 1.47 1.73 2.23 2.47 2.27 1.96 1.82 1.90 1.98 2.04 2.23 2.45 2.54 2.44
0.78 0.77 0.75 0.74 0.74 0.74 0.75 0.77 0.80 0.81 0.83 0.85 0.87 0.90 0.92 0.95 0.97 0.99 1.00 1.02 1.03 1.05 1.06 1.07 1.08 1.08 1.06 1.03 1.02 1.01 0.98 1.00 1.06 1.14 1.21 1.25 1.26 1.26 1.29 1.36 1.44 1.55 1.71 1.89 1.92 1.81 1.73 1.71 1.73 1.75 1.75 1.74 1.75 1.78 1.88 1.98 1.97 1.81 1.64 1.60 1.87 2.53 3.09 3.12 2.76 2.31 1.87 1.55 1.39 1.34 1.52 2.08 2.49 2.38 2.12 1.93 1.83 1.82 1.90 2.05 2.33 2.57 2.72 2.81
0.75 0.74 0.73 0.72 0.72 0.73 0.74 0.76 0.79 0.81 0.82 0.85 0.87 0.89 0.91 0.94 0.97 0.99 1.01 1.02 1.03 1.05 1.08 1.11 1.13 1.13 1.16 1.19 1.18 1.13 1.05 1.01 1.01 1.04 1.12 1.23 1.32 1.40 1.46 1.51 1.57 1.66 1.80 1.86 1.82 1.83 1.89 1.90 1.91 1.95 1.93 1.86 1.80 1.84 2.01 2.10 1.97 1.78 1.72 1.88 2.39 2.99 3.06 2.69 2.36 2.10 1.83 1.63 1.57 1.69 2.09 2.49 2.46 2.20 2.04 2.03 2.02 1.98 2.01 2.16 2.34 2.42 2.53 2.80
0.73 0.72 0.71 0.70 0.70 0.71 0.73 0.75 0.78 0.79 0.82 0.84 0.86 0.88 0.91 0.94 0.97 0.99 1.01 1.03 1.06 1.09 1.13 1.15 1.17 1.20 1.24 1.33 1.38 1.36 1.25 1.13 1.05 1.02 1.01 1.07 1.24 1.44 1.56 1.62 1.66 1.78 1.89 1.93 1.98 2.07 2.18 2.21 2.15 2.10 2.14 2.19 2.22 2.25 2.28 2.16 2.03 2.05 2.24 2.57 2.92 2.99 2.52 1.97 1.73 1.67 1.64 1.63 1.74 2.05 2.45 2.52 2.31 2.08 1.94 1.94 2.09 2.23 2.27 2.23 2.20 2.18 2.29 2.55
0.70 0.69 0.68 0.68 0.68 0.70 0.72 0.74 0.76 0.78 0.80 0.83 0.86 0.89 0.92 0.95 0.97 1.00 1.02 1.06 1.10 1.13 1.15 1.17 1.20 1.26 1.37 1.52 1.63 1.65 1.57 1.44 1.30 1.21 1.17 1.24 1.41 1.59 1.79 1.91 1.99 2.11 2.15 2.15 2.20 2.25 2.30 2.35 2.38 2.39 2.46 2.55 2.59 2.57 2.43 2.24 2.25 2.43 2.61 2.85 3.01 2.80 2.28 1.81 1.59 1.55 1.58 1.69 1.96 2.37 2.62 2.57 2.35 2.06 1.81 1.77 1.90 2.11 2.15 2.10 2.09 2.08 2.16 2.28
0.67 0.66 0.66 0.65 0.66 0.68 0.70 0.72 0.75 0.77 0.80 0.84 0.87 0.90 0.93 0.96 0.99 1.01 1.04 1.08 1.11 1.13 1.14 1.17 1.21 1.30 1.45 1.58 1.67 1.78 1.86 1.83 1.68 1.58 1.70 1.87 1.95 2.04 2.18 2.32 2.45 2.54 2.53 2.48 2.41 2.38 2.41 2.53 2.75 2.95 2.99 2.94 2.89 2.78 2.61 2.47 2.42 2.44 2.54 2.69 2.67 2.30 1.94 1.69 1.50 1.45 1.57 1.81 2.13 2.45 2.53 2.36 2.14 1.95 1.83 1.87 2.00 2.00 1.91 1.94 2.00 1.96 1.95 1.94
0.64 0.63 0.63 0.63 0.64 0.66 0.69 0.71 0.74 0.77 0.80 0.84 0.88 0.91 0.93 0.97 1.00 1.03 1.06 1.08 1.10 1.13 1.17 1.21 1.26 1.34 1.41 1.45 1.46 1.50 1.58 1.73 1.89 2.05 2.24 2.33 2.32 2.34 2.44 2.55 2.63 2.64 2.60 2.55 2.50 2.46 2.51 2.67 2.79 2.84 2.88 2.87 2.78 2.66 2.56 2.43 2.26 2.20 2.33 2.40 2.18 1.71 1.44 1.33 1.29 1.36 1.55 1.77 2.02 2.23 2.07 1.69 1.60 1.78 2.04 2.24 2.26 2.15 2.08 2.08 2.04 1.90 1.82 1.81
0.61 0.61 0.60 0.61 0.63 0.66 0.69 0.72 0.75 0.78 0.81 0.85 0.88 0.91 0.94 0.97 1.00 1.02 1.05 1.08 1.12 1.15 1.19 1.23 1.29 1.36 1.40 1.40 1.36 1.33 1.38 1.62 1.94 2.16 2.25 2.24 2.27 2.38 2.48 2.48 2.40 2.26 2.16 2.14 2.18 2.24 2.31 2.34 2.19 1.99 2.00 2.07 2.10 2.17 2.21 2.21 2.18 2.13 2.14 2.10 1.88 1.56 1.36 1.30 1.31 1.45 1.63 1.80 1.99 2.02 1.69 1.43 1.60 1.99 2.25 2.35 2.32 2.32 2.35 2.35 2.25 2.03 1.86 1.84
0.58 0.57 0.57 0.59 0.62 0.65 0.68 0.71 0.75 0.78 0.82 0.86 0.90 0.93 0.96 0.98 1.00 1.02 1.05 1.08 1.12 1.17 1.21 1.26 1.31 1.37 1.42 1.46 1.51 1.64 1.83 2.01 2.09 2.04 1.95 1.96 2.11 2.25 2.19 2.02 1.92 1.84 1.79 1.81 1.84 1.89 1.94 1.86 1.65 1.55 1.54 1.57 1.65 1.78 1.94 2.12 2.27 2.31 2.19 1.94 1.63 1.47 1.51 1.58 1.62 1.67 1.80 2.01 2.15 2.05 1.85 1.94 2.25 2.39 2.36 2.36 2.43 2.51 2.53 2.47 2.29 2.04 1.88 1.84
0.54 0.54 0.54 0.56 0.59 0.63 0.67 0.70 0.74 0.78 0.82 0.86 0.91 0.94 0.96 0.99 1.01 1.05 1.08 1.11 1.14 1.17 1.22 1.29 1.36 1.40 1.43 1.46 1.56 1.76 1.95 2.05 2.03 1.97 1.92 1.94 2.08 2.11 1.95 1.78 1.72 1.70 1.68 1.65 1.60 1.61 1.60 1.48 1.39 1.41 1.42 1.42 1.42 1.46 1.63 1.86 2.06 2.23 2.23 2.01 1.75 1.64 1.74 1.90 1.96 1.92 1.91 2.00 2.11 2.26 2.44 2.60 2.62 2.48 2.38 2.42 2.54 2.69 2.78 2.67 2.41 2.14 1.98 1.95
0.51 0.51 0.53 0.56 0.59 0.63 0.67 0.71 0.75 0.79 0.83 0.87 0.90 0.93 0.97 1.00 1.03 1.07 1.10 1.13 1.15 1.19 1.23 1.29 1.35 1.39 1.40 1.41 1.45 1.54 1.66 1.75 1.84 1.99 2.14 2.20 2.15 2.01 1.85 1.76 1.68 1.57 1.47 1.38 1.32 1.31 1.28 1.23 1.25 1.29 1.30 1.29 1.26 1.26 1.35 1.54 1.73 1.83 1.89 1.95 1.94 1.88 1.91 2.03 2.12 2.09 1.99 1.98 2.20 2.53 2.70 2.65 2.47 2.30 2.24 2.28 2.39 2.50 2.52 2.48 2.51 2.50 2.36 2.19
0.47 0.48 0.51 0.55 0.60 0.64 0.68 0.72 0.77 0.81 0.84 0.88 0.91 0.94 0.97 1.00 1.04 1.07 1.10 1.13 1.17 1.20 1.24 1.26 1.28 1.31 1.35 1.39 1.39 1.41 1.54 1.69 1.89 2.11 2.24 2.25 2.10 1.86 1.67 1.53 1.42 1.33 1.26 1.24 1.26 1.28 1.25 1.28 1.35 1.39 1.38 1.38 1.40 1.43 1.52 1.65 1.69 1.63 1.59 1.65 1.73 1.77 1.84 1.97 2.13 2.22 2.21 2.26 2.54 2.60 2.29 2.11 2.02 1.96 2.00 2.10 2.10 1.97 1.75 1.76 2.11 2.41 2.42 2.20
0.43 0.44 0.49 0.54 0.59 0.63 0.68 0.73 0.78 0.82 0.85 0.89 0.92 0.95 0.98 1.01 1.05 1.07 1.10 1.14 1.17 1.20 1.23 1.25 1.27 1.29 1.33 1.35 1.37 1.49 1.70 1.86 2.00 2.03 1.93 1.88 1.87 1.70 1.45 1.25 1.17 1.19 1.26 1.32 1.38 1.44 1.46 1.48 1.48 1.46 1.49 1.59 1.68 1.77 1.87 1.91 1.88 1.80 1.71 1.68 1.71 1.73 1.78 1.91 2.05 2.23 2.40 2.59 2.68 2.29 1.69 1.45 1.49 1.74 2.00 2.06 1.95 1.76 1.58 1.59 1.70 1.83 2.00 2.02
0.41 0.42 0.47 0.53 0.58 0.64 0.69 0.74 0.78 0.82 0.87 0.90 0.93 0.96 1.00 1.03 1.06 1.09 1.12 1.15 1.17 1.20 1.22 1.26 1.29 1.33 1.35 1.38 1.51 1.78 1.93 1.94 1.86 1.70 1.60 1.55 1.52 1.43 1.30 1.23 1.23 1.29 1.39 1.49 1.56 1.60 1.63 1.66 1.64 1.61 1.67 1.80 1.91 1.96 1.96 2.00 2.07 2.08 2.04 2.02 2.01 1.95 1.91 1.92 1.93 2.02 2.28 2.50 2.39 1.93 1.54 1.48 1.77 2.11 2.14 1.98 1.96 2.04 2.03 1.89 1.73 1.68 1.82 2.02
