windninja/windninja_output/Output_2025-08-09_1400-1450_Google earth_Fire_150m_10min/merlingen_7.5mi_point_08-09-2025_1440_150m_vel.asc
ncols	158
nrows	163
xllcorner	391686.332397
yllcorner	5160024.123721
cellsize	150.000000
NODATA_value	-32768.000000
[rows 0 to 37 of 163, columns 0 to 83 of 158]
1.22 1.17 1.14 1.17 1.23 1.25 1.24 1.25 1.28 1.29 1.29 1.31 1.34 1.32 1.22 1.04 0.84 0.72 0.74 0.79 0.85 1.06 1.33 1.43 1.38 1.26 1.17 1.19 1.30 1.35 1.33 1.28 1.22 1.17 1.20 1.20 1.10 0.99 0.95 0.98 1.06 1.14 1.15 1.12 1.11 1.12 1.08 1.08 1.28 1.57 1.77 1.89 1.96 1.99 1.94 1.85 1.75 1.68 1.66 1.68 1.73 1.77 1.77 1.78 1.86 1.93 1.95 1.90 1.84 1.81 1.82 1.83 1.81 1.79 1.84 1.88 1.83 1.69 1.61 1.66 1.71 1.68 1.62 1.54
1.25 1.21 1.15 1.15 1.17 1.19 1.18 1.14 1.12 1.14 1.19 1.27 1.35 1.41 1.39 1.28 1.14 1.02 1.01 1.04 1.02 1.09 1.27 1.42 1.45 1.37 1.28 1.25 1.26 1.28 1.27 1.26 1.26 1.24 1.22 1.25 1.24 1.21 1.20 1.19 1.21 1.26 1.30 1.34 1.37 1.40 1.43 1.41 1.42 1.50 1.59 1.66 1.70 1.71 1.71 1.71 1.72 1.74 1.74 1.71 1.70 1.72 1.77 1.81 1.84 1.87 1.89 1.89 1.86 1.84 1.84 1.84 1.84 1.86 1.88 1.89 1.85 1.80 1.78 1.77 1.74 1.68 1.64 1.59
1.31 1.29 1.24 1.19 1.16 1.15 1.16 1.14 1.11 1.13 1.21 1.30 1.38 1.47 1.57 1.60 1.55 1.48 1.41 1.35 1.27 1.17 1.17 1.30 1.48 1.52 1.44 1.33 1.27 1.25 1.24 1.24 1.26 1.29 1.31 1.36 1.44 1.49 1.48 1.46 1.45 1.46 1.52 1.60 1.66 1.72 1.80 1.84 1.74 1.59 1.55 1.56 1.55 1.55 1.58 1.66 1.74 1.80 1.83 1.82 1.79 1.79 1.83 1.85 1.83 1.82 1.84 1.88 1.90 1.89 1.86 1.84 1.87 1.90 1.90 1.90 1.93 1.98 1.96 1.89 1.83 1.79 1.72 1.69
1.30 1.35 1.36 1.29 1.25 1.23 1.26 1.34 1.41 1.43 1.42 1.40 1.40 1.43 1.52 1.64 1.66 1.63 1.58 1.50 1.37 1.25 1.18 1.23 1.44 1.63 1.65 1.58 1.52 1.49 1.47 1.41 1.34 1.35 1.40 1.45 1.49 1.51 1.52 1.56 1.62 1.68 1.72 1.78 1.84 1.88 1.92 1.95 1.96 1.92 1.84 1.78 1.76 1.76 1.75 1.74 1.74 1.74 1.77 1.83 1.86 1.86 1.84 1.83 1.82 1.82 1.84 1.87 1.88 1.87 1.85 1.84 1.83 1.80 1.78 1.80 1.88 1.97 1.96 1.89 1.88 1.92 1.89 1.84
1.22 1.31 1.41 1.39 1.35 1.33 1.33 1.38 1.43 1.45 1.42 1.37 1.38 1.42 1.48 1.57 1.61 1.56 1.51 1.49 1.40 1.27 1.20 1.23 1.39 1.61 1.79 1.86 1.86 1.84 1.84 1.80 1.72 1.62 1.56 1.55 1.54 1.58 1.66 1.72 1.79 1.86 1.93 1.97 1.99 1.97 1.94 1.93 1.95 1.95 1.88 1.80 1.77 1.78 1.77 1.74 1.70 1.70 1.72 1.76 1.80 1.80 1.80 1.80 1.81 1.82 1.83 1.85 1.86 1.84 1.81 1.78 1.76 1.76 1.75 1.70 1.66 1.71 1.83 1.86 1.79 1.78 1.89 1.95
1.13 1.17 1.29 1.39 1.41 1.38 1.34 1.30 1.27 1.25 1.25 1.25 1.27 1.33 1.40 1.45 1.51 1.48 1.40 1.37 1.34 1.23 1.12 1.13 1.23 1.39 1.57 1.74 1.85 1.91 1.97 2.03 2.05 2.00 1.89 1.79 1.80 1.86 1.92 1.95 1.94 1.93 1.92 1.91 1.89 1.86 1.83 1.82 1.80 1.80 1.80 1.77 1.71 1.68 1.70 1.71 1.71 1.72 1.74 1.76 1.78 1.80 1.82 1.83 1.83 1.83 1.83 1.86 1.89 1.90 1.87 1.80 1.77 1.81 1.85 1.85 1.79 1.72 1.73 1.75 1.70 1.65 1.76 1.89
1.13 1.10 1.11 1.23 1.35 1.38 1.33 1.26 1.19 1.16 1.17 1.19 1.21 1.24 1.30 1.34 1.44 1.52 1.50 1.46 1.42 1.31 1.13 1.03 1.05 1.14 1.26 1.42 1.59 1.73 1.84 1.93 2.02 2.09 2.11 2.09 2.08 2.08 2.05 2.00 1.94 1.86 1.77 1.69 1.65 1.66 1.67 1.68 1.68 1.69 1.73 1.76 1.76 1.73 1.70 1.69 1.70 1.71 1.74 1.78 1.86 1.94 1.97 1.94 1.89 1.86 1.86 1.88 1.92 1.96 2.04 2.08 2.04 1.98 1.98 2.04 2.05 1.97 1.84 1.78 1.80 1.84 1.86 1.87
1.18 1.15 1.08 1.06 1.12 1.18 1.21 1.18 1.12 1.10 1.12 1.15 1.20 1.24 1.29 1.33 1.38 1.50 1.58 1.58 1.56 1.50 1.32 1.10 1.00 1.03 1.14 1.27 1.39 1.49 1.59 1.67 1.75 1.83 1.92 1.99 1.99 1.94 1.88 1.82 1.75 1.67 1.60 1.54 1.51 1.51 1.53 1.55 1.57 1.59 1.61 1.67 1.75 1.78 1.75 1.72 1.73 1.75 1.79 1.86 1.94 2.00 2.06 2.07 2.04 1.96 1.90 1.91 1.95 1.98 2.05 2.15 2.18 2.11 2.02 1.98 1.98 1.96 1.87 1.82 1.85 1.90 1.97 2.01
1.19 1.19 1.14 1.06 1.00 1.00 1.04 1.07 1.08 1.07 1.07 1.09 1.13 1.20 1.30 1.37 1.38 1.44 1.54 1.58 1.59 1.58 1.50 1.34 1.17 1.11 1.17 1.23 1.26 1.31 1.38 1.45 1.54 1.62 1.65 1.64 1.62 1.60 1.58 1.55 1.50 1.45 1.42 1.43 1.44 1.44 1.44 1.44 1.46 1.50 1.57 1.59 1.60 1.67 1.74 1.77 1.80 1.84 1.85 1.83 1.77 1.71 1.76 1.89 1.96 1.97 1.95 1.97 2.01 2.01 1.95 1.89 1.90 1.93 1.91 1.86 1.84 1.85 1.83 1.81 1.83 1.87 1.98 2.18
1.17 1.17 1.16 1.12 1.07 1.03 1.03 1.05 1.07 1.07 1.06 1.03 1.02 1.06 1.17 1.31 1.37 1.40 1.48 1.60 1.65 1.65 1.63 1.55 1.42 1.28 1.22 1.24 1.26 1.29 1.34 1.37 1.40 1.47 1.51 1.49 1.44 1.42 1.41 1.40 1.39 1.38 1.38 1.37 1.36 1.35 1.35 1.37 1.37 1.39 1.43 1.47 1.48 1.54 1.63 1.69 1.69 1.68 1.62 1.51 1.41 1.36 1.34 1.39 1.55 1.75 1.88 1.93 1.95 1.93 1.84 1.74 1.71 1.76 1.79 1.76 1.70 1.72 1.88 2.07 2.17 2.17 2.10 2.13
1.18 1.17 1.17 1.15 1.12 1.11 1.10 1.10 1.09 1.08 1.06 1.02 0.97 0.95 1.02 1.16 1.28 1.34 1.39 1.50 1.64 1.72 1.74 1.68 1.60 1.49 1.37 1.30 1.29 1.28 1.28 1.27 1.24 1.27 1.33 1.37 1.37 1.35 1.36 1.39 1.43 1.43 1.39 1.35 1.30 1.24 1.22 1.24 1.22 1.15 1.15 1.23 1.29 1.33 1.33 1.35 1.27 1.16 1.10 1.08 1.05 1.01 0.95 0.99 1.16 1.37 1.52 1.59 1.61 1.66 1.73 1.77 1.77 1.77 1.76 1.70 1.64 1.68 1.91 2.27 2.50 2.53 2.39 2.21
1.19 1.18 1.17 1.16 1.14 1.12 1.12 1.12 1.11 1.09 1.06 1.02 0.97 0.93 0.95 1.05 1.17 1.27 1.30 1.33 1.43 1.56 1.66 1.68 1.63 1.52 1.36 1.23 1.18 1.14 1.11 1.10 1.09 1.11 1.16 1.21 1.25 1.28 1.32 1.35 1.38 1.38 1.37 1.34 1.33 1.26 1.13 1.04 0.98 0.87 0.79 0.78 0.78 0.79 0.77 0.80 0.80 0.76 0.72 0.69 0.64 0.57 0.54 0.62 0.77 0.87 0.99 1.10 1.21 1.43 1.68 1.81 1.84 1.86 1.95 2.08 2.20 2.27 2.31 2.43 2.54 2.66 2.73 2.74
1.18 1.17 1.16 1.16 1.15 1.13 1.12 1.10 1.09 1.07 1.05 1.03 0.98 0.93 0.90 0.93 1.01 1.13 1.23 1.26 1.28 1.34 1.43 1.49 1.44 1.33 1.21 1.11 1.05 1.02 1.03 1.06 1.07 1.07 1.10 1.12 1.15 1.19 1.24 1.27 1.30 1.33 1.35 1.35 1.33 1.28 1.17 1.00 0.86 0.74 0.61 0.51 0.46 0.44 0.43 0.43 0.49 0.54 0.55 0.51 0.46 0.37 0.28 0.27 0.34 0.42 0.50 0.66 0.95 1.29 1.53 1.69 1.83 1.97 2.22 2.52 2.73 2.82 2.83 2.74 2.64 2.68 2.86 3.01
1.19 1.17 1.16 1.15 1.15 1.14 1.13 1.10 1.08 1.06 1.04 1.02 0.99 0.96 0.92 0.88 0.85 0.90 1.03 1.14 1.17 1.19 1.21 1.23 1.23 1.21 1.16 1.12 1.09 1.06 1.02 1.00 1.01 1.03 1.06 1.13 1.17 1.16 1.16 1.17 1.18 1.16 1.09 1.03 1.01 1.00 1.02 1.06 1.03 0.89 0.71 0.58 0.51 0.48 0.44 0.35 0.32 0.39 0.50 0.59 0.60 0.55 0.50 0.43 0.34 0.29 0.30 0.45 0.73 0.99 1.23 1.48 1.76 2.00 2.16 2.22 2.30 2.43 2.49 2.49 2.50 2.58 2.68 2.71
1.19 1.18 1.16 1.14 1.12 1.11 1.11 1.10 1.09 1.06 1.04 1.02 1.00 1.01 1.04 1.02 0.95 0.87 0.87 0.95 1.01 1.03 1.07 1.12 1.15 1.16 1.16 1.16 1.13 1.09 1.06 1.01 0.99 1.01 1.06 1.14 1.19 1.16 1.08 0.97 0.91 0.87 0.83 0.77 0.75 0.78 0.79 0.89 1.14 1.24 1.08 0.88 0.80 0.81 0.81 0.67 0.53 0.52 0.66 0.87 1.01 1.03 1.08 1.07 0.91 0.71 0.64 0.66 0.72 0.80 0.98 1.35 1.65 1.80 1.79 1.76 1.79 1.78 1.74 1.82 2.03 2.19 2.20 2.13
1.19 1.18 1.16 1.14 1.11 1.09 1.08 1.08 1.07 1.06 1.04 1.03 1.00 1.01 1.08 1.16 1.16 1.06 0.94 0.90 0.94 0.99 1.05 1.13 1.17 1.17 1.16 1.18 1.17 1.14 1.17 1.20 1.18 1.14 1.07 0.98 0.94 0.93 0.88 0.82 0.78 0.78 0.85 0.89 0.87 0.93 0.94 0.82 0.89 1.22 1.43 1.39 1.38 1.47 1.53 1.53 1.32 1.07 1.05 1.17 1.32 1.42 1.44 1.43 1.42 1.35 1.24 1.14 1.05 0.94 0.97 1.13 1.28 1.36 1.46 1.57 1.56 1.46 1.51 1.72 1.84 1.77 1.63 1.51
1.19 1.18 1.16 1.13 1.12 1.10 1.09 1.07 1.06 1.05 1.04 1.02 1.00 0.96 0.97 1.06 1.15 1.16 1.10 1.02 1.00 1.02 1.07 1.13 1.20 1.21 1.17 1.17 1.22 1.25 1.24 1.22 1.16 1.06 0.92 0.80 0.76 0.79 0.83 0.88 0.92 0.96 1.09 1.19 1.18 1.16 1.21 1.15 1.00 1.11 1.44 1.67 1.73 1.74 1.76 1.80 1.78 1.58 1.44 1.52 1.58 1.57 1.54 1.51 1.55 1.58 1.54 1.49 1.44 1.29 1.11 1.01 0.96 1.07 1.31 1.43 1.44 1.54 1.74 1.85 1.71 1.45 1.26 1.09
1.19 1.18 1.16 1.14 1.12 1.11 1.09 1.08 1.07 1.06 1.04 1.01 0.99 0.94 0.89 0.89 0.97 1.05 1.08 1.06 1.02 0.99 1.00 1.05 1.11 1.15 1.13 1.10 1.12 1.15 1.13 1.08 1.04 1.02 1.00 0.96 0.94 0.96 1.03 1.11 1.16 1.18 1.17 1.21 1.25 1.23 1.25 1.37 1.43 1.39 1.40 1.52 1.61 1.62 1.62 1.69 1.82 1.87 1.82 1.78 1.75 1.72 1.66 1.61 1.62 1.69 1.73 1.68 1.57 1.44 1.36 1.23 1.16 1.15 1.16 1.24 1.43 1.62 1.64 1.41 1.16 1.03 0.92 0.80
1.18 1.17 1.16 1.14 1.12 1.10 1.09 1.08 1.07 1.06 1.05 1.02 0.98 0.94 0.89 0.85 0.86 0.91 0.93 0.94 0.94 0.93 0.93 0.95 0.98 1.02 1.05 1.02 0.98 0.96 0.98 1.00 1.04 1.10 1.16 1.18 1.15 1.10 1.10 1.13 1.16 1.17 1.18 1.19 1.24 1.27 1.26 1.33 1.46 1.49 1.39 1.32 1.36 1.48 1.58 1.70 1.83 1.91 1.89 1.84 1.81 1.78 1.73 1.70 1.71 1.74 1.77 1.71 1.59 1.57 1.66 1.67 1.57 1.36 1.14 1.07 1.07 1.01 0.85 0.68 0.62 0.61 0.62 0.71
1.17 1.16 1.14 1.13 1.12 1.11 1.09 1.07 1.05 1.04 1.04 1.03 1.00 0.96 0.92 0.87 0.84 0.85 0.87 0.90 0.92 0.94 0.95 0.96 0.99 1.02 1.04 1.02 0.99 0.96 0.98 1.04 1.07 1.07 1.09 1.13 1.14 1.12 1.13 1.20 1.26 1.30 1.34 1.35 1.35 1.39 1.42 1.36 1.32 1.35 1.35 1.28 1.27 1.38 1.58 1.74 1.84 1.89 1.85 1.77 1.70 1.65 1.60 1.60 1.62 1.62 1.65 1.71 1.81 1.94 1.99 1.91 1.77 1.61 1.45 1.24 0.94 0.68 0.58 0.60 0.65 0.70 0.79 0.93
1.18 1.16 1.14 1.13 1.11 1.10 1.09 1.07 1.05 1.03 1.02 1.02 1.01 0.98 0.95 0.92 0.90 0.91 0.93 0.95 0.98 0.99 1.01 1.02 1.04 1.06 1.06 1.05 1.05 1.04 1.06 1.11 1.17 1.20 1.24 1.32 1.37 1.39 1.41 1.44 1.45 1.43 1.42 1.43 1.44 1.45 1.43 1.38 1.32 1.34 1.39 1.38 1.35 1.37 1.44 1.53 1.66 1.79 1.84 1.76 1.67 1.65 1.61 1.58 1.61 1.66 1.76 1.91 2.08 2.15 2.06 1.86 1.67 1.58 1.56 1.51 1.43 1.34 1.25 1.14 1.10 1.13 1.11 1.09
1.18 1.17 1.14 1.12 1.10 1.09 1.09 1.08 1.06 1.04 1.03 1.02 1.00 0.99 0.98 0.97 0.97 0.98 0.99 1.00 1.01 1.03 1.04 1.05 1.06 1.08 1.09 1.09 1.09 1.08 1.10 1.16 1.27 1.39 1.48 1.58 1.63 1.60 1.53 1.50 1.49 1.49 1.49 1.48 1.46 1.40 1.36 1.39 1.42 1.45 1.49 1.51 1.48 1.40 1.33 1.34 1.43 1.57 1.73 1.79 1.76 1.75 1.73 1.69 1.71 1.82 1.99 2.14 2.18 2.06 1.87 1.73 1.60 1.50 1.46 1.52 1.66 1.79 1.82 1.75 1.59 1.40 1.26 1.20
1.16 1.15 1.14 1.12 1.10 1.09 1.08 1.08 1.07 1.05 1.03 1.03 1.03 1.01 0.99 0.99 1.00 1.02 1.03 1.04 1.05 1.06 1.07 1.08 1.10 1.12 1.14 1.14 1.14 1.13 1.13 1.19 1.31 1.41 1.43 1.42 1.46 1.49 1.44 1.40 1.43 1.49 1.53 1.52 1.47 1.45 1.51 1.54 1.54 1.53 1.54 1.53 1.51 1.45 1.40 1.40 1.43 1.49 1.59 1.74 1.79 1.79 1.79 1.82 1.95 2.15 2.27 2.26 2.13 1.95 1.78 1.68 1.63 1.60 1.59 1.62 1.67 1.81 2.01 2.12 2.04 1.82 1.62 1.43
1.15 1.15 1.13 1.12 1.10 1.08 1.07 1.06 1.06 1.05 1.03 1.03 1.05 1.04 1.02 1.01 1.02 1.03 1.05 1.07 1.09 1.10 1.11 1.12 1.13 1.15 1.15 1.15 1.13 1.10 1.09 1.12 1.18 1.25 1.27 1.25 1.23 1.27 1.32 1.34 1.38 1.46 1.53 1.57 1.60 1.65 1.67 1.63 1.55 1.52 1.53 1.52 1.51 1.53 1.51 1.49 1.47 1.47 1.51 1.65 1.77 1.79 1.80 1.94 2.15 2.25 2.21 2.04 1.86 1.75 1.67 1.61 1.62 1.73 1.81 1.72 1.59 1.64 1.78 1.97 2.13 2.14 2.01 1.79
1.15 1.14 1.12 1.10 1.09 1.07 1.06 1.05 1.05 1.04 1.03 1.02 1.02 1.04 1.05 1.04 1.04 1.04 1.06 1.07 1.09 1.11 1.13 1.14 1.16 1.17 1.18 1.16 1.11 1.05 1.01 1.00 1.01 1.10 1.20 1.26 1.27 1.25 1.26 1.30 1.35 1.43 1.54 1.68 1.78 1.77 1.70 1.64 1.57 1.51 1.50 1.52 1.55 1.59 1.60 1.58 1.55 1.51 1.46 1.49 1.62 1.76 1.92 2.08 2.05 1.85 1.67 1.54 1.48 1.43 1.40 1.47 1.70 1.86 1.80 1.62 1.44 1.40 1.48 1.66 1.95 2.22 2.33 2.26
1.14 1.13 1.10 1.09 1.08 1.07 1.06 1.06 1.05 1.04 1.03 1.02 1.01 1.02 1.04 1.05 1.05 1.05 1.06 1.07 1.08 1.10 1.12 1.15 1.18 1.22 1.26 1.28 1.24 1.12 0.99 0.94 0.95 1.04 1.20 1.33 1.39 1.37 1.29 1.28 1.34 1.42 1.54 1.67 1.73 1.73 1.70 1.66 1.64 1.61 1.58 1.55 1.50 1.48 1.53 1.61 1.64 1.58 1.43 1.35 1.49 1.84 2.17 2.26 2.12 1.84 1.58 1.46 1.43 1.39 1.37 1.55 1.78 1.80 1.75 1.68 1.54 1.36 1.36 1.55 1.86 2.18 2.43 2.59
1.14 1.13 1.10 1.08 1.07 1.06 1.05 1.05 1.05 1.04 1.04 1.03 1.02 1.01 1.02 1.03 1.05 1.06 1.07 1.08 1.09 1.11 1.14 1.17 1.21 1.27 1.35 1.43 1.42 1.30 1.13 0.98 0.89 0.88 1.01 1.23 1.41 1.51 1.45 1.38 1.40 1.45 1.52 1.60 1.66 1.75 1.85 1.85 1.79 1.78 1.77 1.69 1.58 1.51 1.57 1.67 1.70 1.64 1.55 1.54 1.71 1.95 2.05 2.02 1.98 1.87 1.71 1.59 1.59 1.63 1.69 1.78 1.77 1.70 1.71 1.78 1.79 1.59 1.44 1.53 1.72 1.91 2.14 2.44
1.13 1.12 1.10 1.08 1.07 1.05 1.04 1.04 1.04 1.04 1.04 1.03 1.02 1.01 1.01 1.02 1.03 1.05 1.07 1.09 1.11 1.13 1.16 1.20 1.24 1.30 1.38 1.52 1.61 1.58 1.43 1.20 0.99 0.87 0.84 0.96 1.21 1.47 1.54 1.47 1.45 1.51 1.56 1.64 1.77 1.89 2.04 2.12 2.03 1.90 1.93 2.00 1.97 1.88 1.80 1.75 1.79 1.88 1.92 1.99 2.04 1.95 1.70 1.53 1.54 1.61 1.62 1.63 1.69 1.79 1.88 1.85 1.74 1.66 1.63 1.69 1.83 1.87 1.72 1.58 1.54 1.61 1.79 2.04
1.12 1.11 1.10 1.08 1.06 1.04 1.03 1.03 1.02 1.02 1.02 1.02 1.02 1.02 1.01 1.02 1.04 1.05 1.07 1.10 1.13 1.15 1.16 1.19 1.23 1.31 1.43 1.60 1.79 1.89 1.83 1.62 1.34 1.14 1.01 1.02 1.22 1.49 1.67 1.70 1.71 1.77 1.79 1.82 1.90 1.99 2.08 2.20 2.27 2.17 2.16 2.27 2.31 2.21 2.04 1.89 1.95 2.12 2.15 2.12 2.10 1.99 1.76 1.53 1.45 1.51 1.57 1.64 1.75 1.87 1.98 2.00 1.90 1.73 1.57 1.51 1.59 1.75 1.73 1.55 1.45 1.46 1.58 1.69
1.10 1.09 1.08 1.07 1.05 1.03 1.02 1.02 1.01 1.01 1.02 1.03 1.03 1.03 1.03 1.03 1.04 1.06 1.08 1.10 1.12 1.14 1.16 1.18 1.21 1.28 1.40 1.55 1.74 1.96 2.11 2.09 1.83 1.56 1.47 1.54 1.65 1.79 1.92 2.00 2.09 2.15 2.16 2.14 2.08 2.09 2.14 2.26 2.48 2.62 2.63 2.59 2.58 2.51 2.35 2.17 2.07 2.05 2.06 1.97 1.83 1.73 1.70 1.59 1.44 1.41 1.50 1.65 1.75 1.80 1.85 1.88 1.85 1.73 1.61 1.57 1.63 1.66 1.61 1.48 1.39 1.35 1.36 1.37
1.09 1.08 1.07 1.06 1.05 1.02 1.01 1.01 1.01 1.01 1.01 1.02 1.03 1.03 1.03 1.03 1.04 1.06 1.08 1.09 1.11 1.14 1.16 1.19 1.22 1.25 1.29 1.36 1.47 1.59 1.77 2.00 2.06 1.97 1.92 1.94 1.96 1.99 2.08 2.16 2.21 2.24 2.26 2.25 2.22 2.17 2.18 2.26 2.36 2.50 2.58 2.55 2.53 2.52 2.43 2.25 2.01 1.83 1.82 1.79 1.58 1.38 1.39 1.41 1.33 1.29 1.38 1.51 1.58 1.57 1.48 1.40 1.45 1.58 1.74 1.86 1.87 1.83 1.80 1.67 1.48 1.34 1.27 1.26
1.09 1.07 1.05 1.05 1.05 1.03 1.02 1.02 1.02 1.02 1.02 1.02 1.03 1.03 1.04 1.04 1.04 1.04 1.06 1.08 1.11 1.14 1.17 1.19 1.22 1.24 1.26 1.28 1.34 1.40 1.51 1.73 1.96 2.02 1.95 1.90 1.91 1.97 2.05 2.10 2.05 1.96 1.90 1.92 1.96 1.98 1.97 1.92 1.83 1.77 1.81 1.88 1.97 2.15 2.22 2.15 2.04 1.84 1.65 1.59 1.51 1.39 1.37 1.42 1.37 1.29 1.35 1.46 1.53 1.47 1.29 1.21 1.34 1.62 1.84 1.93 1.95 1.98 2.03 1.97 1.79 1.55 1.36 1.29
1.08 1.06 1.03 1.03 1.03 1.02 1.01 1.01 1.01 1.01 1.02 1.03 1.04 1.05 1.05 1.05 1.05 1.05 1.05 1.07 1.09 1.12 1.16 1.19 1.21 1.22 1.26 1.32 1.43 1.60 1.81 1.94 1.99 1.96 1.77 1.65 1.72 1.80 1.79 1.74 1.71 1.65 1.62 1.63 1.66 1.67 1.65 1.57 1.47 1.43 1.41 1.43 1.54 1.77 2.00 2.07 2.10 2.07 1.88 1.61 1.42 1.37 1.48 1.63 1.62 1.44 1.41 1.54 1.66 1.64 1.53 1.57 1.75 1.87 1.90 1.94 2.02 2.11 2.16 2.14 1.98 1.72 1.47 1.33
1.06 1.05 1.03 1.01 1.01 1.00 0.99 1.00 1.00 1.00 1.01 1.02 1.04 1.05 1.06 1.06 1.07 1.07 1.08 1.08 1.09 1.11 1.13 1.19 1.23 1.24 1.24 1.28 1.39 1.59 1.77 1.90 1.95 1.99 1.84 1.61 1.64 1.69 1.65 1.59 1.59 1.58 1.55 1.52 1.47 1.43 1.39 1.34 1.31 1.32 1.32 1.31 1.31 1.41 1.65 1.78 1.83 1.97 2.07 1.95 1.64 1.48 1.60 1.82 1.92 1.74 1.50 1.46 1.57 1.80 1.99 2.06 2.05 1.98 1.93 1.97 2.07 2.20 2.34 2.38 2.26 1.96 1.68 1.49
1.05 1.05 1.04 1.02 1.01 1.00 1.00 1.00 1.00 1.00 1.00 1.01 1.02 1.04 1.05 1.06 1.07 1.08 1.09 1.09 1.10 1.11 1.11 1.14 1.19 1.22 1.22 1.22 1.24 1.29 1.40 1.56 1.75 1.95 2.06 1.92 1.74 1.66 1.65 1.62 1.59 1.52 1.42 1.34 1.28 1.21 1.18 1.19 1.20 1.22 1.24 1.23 1.21 1.21 1.31 1.42 1.47 1.53 1.75 2.00 1.94 1.71 1.66 1.81 2.02 1.99 1.69 1.44 1.50 1.82 2.10 2.14 2.02 1.90 1.83 1.83 1.89 1.98 2.06 2.24 2.42 2.39 2.14 1.83
1.02 1.02 1.03 1.03 1.02 1.01 1.00 1.01 1.02 1.02 1.01 1.01 1.02 1.03 1.04 1.05 1.07 1.08 1.08 1.09 1.11 1.11 1.11 1.10 1.10 1.13 1.17 1.19 1.16 1.13 1.20 1.38 1.64 1.87 2.08 2.10 1.88 1.64 1.55 1.50 1.44 1.39 1.32 1.27 1.26 1.23 1.18 1.21 1.26 1.30 1.31 1.32 1.33 1.33 1.37 1.44 1.44 1.36 1.41 1.68 1.82 1.66 1.56 1.66 1.92 2.14 2.01 1.75 1.71 1.74 1.72 1.75 1.73 1.66 1.63 1.66 1.64 1.52 1.37 1.49 1.95 2.30 2.32 2.05
1.00 0.99 0.99 1.00 1.01 1.01 1.00 1.00 1.01 1.02 1.02 1.02 1.03 1.04 1.05 1.06 1.07 1.08 1.09 1.09 1.10 1.11 1.10 1.09 1.08 1.09 1.12 1.14 1.15 1.17 1.27 1.41 1.57 1.68 1.76 1.86 1.84 1.67 1.49 1.35 1.28 1.30 1.35 1.34 1.35 1.37 1.36 1.35 1.36 1.36 1.39 1.45 1.53 1.57 1.60 1.63 1.64 1.58 1.52 1.63 1.75 1.63 1.50 1.53 1.72 2.05 2.19 2.09 1.93 1.63 1.33 1.25 1.29 1.43 1.59 1.63 1.55 1.44 1.29 1.24 1.40 1.69 1.99 2.08
0.98 0.97 0.97 0.97 0.98 1.00 1.00 1.00 1.00 1.02 1.03 1.03 1.04 1.05 1.06 1.07 1.07 1.08 1.09 1.10 1.10 1.10 1.10 1.11 1.11 1.11 1.11 1.14 1.23 1.35 1.42 1.43 1.40 1.40 1.48 1.56 1.60 1.58 1.49 1.39 1.34 1.35 1.39 1.45 1.48 1.48 1.49 1.50 1.51 1.50 1.49 1.55 1.66 1.71 1.67 1.68 1.78 1.86 1.85 1.88 1.94 1.83 1.62 1.52 1.54 1.72 1.98 2.03 1.88 1.61 1.37 1.28 1.40 1.62 1.70 1.61 1.58 1.69 1.73 1.56 1.39 1.46 1.73 2.03
