windninja/windninja_output/Output_2025-08-09_1400-1450_Google earth_Fire_150m_10min/merlingen_7.5mi_point_08-09-2025_1450_150m_ang.asc
ncols	158
nrows	163
xllcorner	391686.332397
yllcorner	5160024.123721
cellsize	150.000000
NODATA_value	-32768.000000
[rows 98 to 146 of 163, columns 0 to 95 of 158]
293 298 315 335 1 17 22 24 25 27 48 76 90 88 84 81 77 75 70 64 61 61 57 40 13 9 15 17 18 19 20 23 24 21 16 11 6 0 357 356 356 354 352 354 359 2 4 8 14 20 22 21 20 15 11 9 8 5 2 1 2 1 358 357 357 357 358 358 359 359 360 359 359 359 358 357 357 356 355 354 353 352 351 350 350 349 349 349 350 351 352 353 354 355 356 357
283 282 286 305 354 34 53 58 60 67 77 89 99 104 100 94 91 87 81 70 55 42 32 24 18 20 24 25 26 28 28 27 25 22 17 11 7 1 354 350 351 351 351 353 358 2 4 9 15 19 19 18 18 16 13 11 10 9 5 4 4 2 360 356 354 354 355 357 358 359 360 360 360 359 359 358 357 357 356 355 354 353 353 352 352 352 351 352 352 353 354 355 356 356 357 358
288 287 287 298 3 78 92 95 91 88 88 91 96 103 106 100 93 89 79 57 40 30 29 34 39 39 38 36 36 38 39 37 33 24 15 8 5 2 356 348 346 347 348 349 354 0 5 9 13 16 17 16 15 15 14 12 12 12 9 5 4 4 3 1 357 354 352 354 357 359 360 360 360 359 359 358 358 357 356 356 355 354 354 354 353 353 353 354 354 355 355 356 357 358 358 359
302 303 306 322 48 84 93 97 94 90 87 86 85 83 82 79 68 60 49 36 30 32 44 53 55 54 51 48 48 51 53 51 46 33 13 0 357 357 354 349 344 343 344 344 349 358 5 8 10 13 15 15 15 14 15 14 13 12 12 8 4 4 4 4 2 358 355 354 356 358 360 360 359 359 359 359 358 357 357 356 356 355 355 355 354 355 355 355 355 356 357 357 358 359 359 0
320 323 334 3 52 75 82 84 84 83 80 77 70 58 46 40 40 35 28 28 33 45 59 62 61 61 63 64 64 64 62 57 52 41 14 345 339 342 345 345 341 339 339 340 344 352 0 5 8 10 13 15 14 14 14 14 12 12 13 11 7 4 4 6 6 3 360 358 359 0 1 358 357 358 359 359 358 357 357 356 356 356 355 355 355 355 356 356 357 357 358 358 359 360 1 2
345 349 3 23 45 60 68 73 76 77 76 71 61 44 34 33 34 32 30 37 47 58 64 65 64 64 67 71 69 65 60 54 49 39 18 345 323 321 329 334 334 332 332 334 337 343 353 1 7 10 13 14 13 12 13 13 12 13 13 12 10 7 6 7 8 7 5 4 4 4 4 360 356 357 358 358 357 356 356 356 355 355 355 355 356 356 357 357 357 358 359 359 0 1 2 2
7 11 20 32 46 58 66 71 76 79 79 75 66 56 52 53 53 50 55 65 66 61 61 61 61 61 62 62 61 59 57 52 46 38 23 357 325 309 311 319 324 325 325 327 329 334 343 355 4 9 12 12 13 11 12 13 13 13 13 13 12 11 9 9 10 10 9 7 6 7 8 8 4 359 357 355 353 353 353 354 354 354 355 355 356 357 357 358 358 359 360 0 1 2 2 2
24 26 31 40 50 58 66 69 72 76 79 81 81 81 81 83 82 80 80 78 71 64 60 58 55 53 53 55 54 54 54 49 42 37 29 6 337 320 315 317 321 322 321 321 324 329 336 347 357 4 8 10 12 12 12 12 13 14 14 14 14 13 11 10 11 12 11 9 8 9 11 14 14 9 1 355 351 349 349 349 348 350 352 354 356 357 357 358 359 360 1 1 2 2 2 3
35 35 37 41 47 53 60 62 64 64 61 59 59 59 66 75 80 81 78 71 66 64 59 51 48 47 47 49 50 50 48 43 36 32 25 6 344 331 323 319 320 321 319 319 321 323 329 339 348 356 3 7 10 13 13 13 12 13 15 16 16 14 13 12 12 13 13 11 9 11 13 15 16 13 8 3 359 355 351 346 342 343 348 352 355 356 357 358 360 1 1 2 2 3 3 4
40 39 38 42 46 49 50 47 42 38 35 34 37 43 53 63 69 71 68 63 60 59 54 43 40 41 42 40 43 46 43 39 32 24 16 4 352 341 330 321 320 320 320 320 320 322 326 333 342 350 357 4 8 11 14 15 14 14 15 17 17 16 13 13 13 13 14 13 9 11 15 15 15 14 12 10 7 1 357 354 349 342 343 348 352 355 357 359 0 1 2 2 3 3 4 5
42 41 40 40 40 37 32 28 24 27 33 38 43 47 51 54 55 56 56 55 53 53 49 37 32 35 36 32 36 42 41 38 28 16 13 8 2 351 337 329 326 321 319 321 322 322 323 329 337 346 354 1 5 8 12 15 16 15 14 15 17 17 15 14 15 15 15 15 11 10 14 17 16 14 14 13 10 6 0 359 359 352 343 343 348 353 357 359 1 2 2 2 3 4 5 6
45 43 38 34 29 26 26 27 29 36 44 49 48 48 49 49 44 40 42 44 48 50 47 36 26 27 30 28 33 40 38 33 25 14 18 17 8 352 342 341 335 322 317 320 322 321 322 325 332 341 350 358 3 6 9 12 15 16 14 13 15 18 18 16 18 18 16 16 14 11 12 17 17 14 13 13 13 11 7 4 4 2 353 344 344 350 355 359 1 2 3 3 4 5 6 8
45 41 36 32 31 32 37 42 46 48 50 52 49 46 46 45 38 29 31 37 45 51 45 34 22 19 23 23 29 37 36 30 23 18 22 20 5 351 348 350 346 331 322 319 318 319 322 324 328 335 343 353 1 6 8 10 13 16 16 14 14 18 20 20 20 21 19 15 14 12 11 13 16 15 15 16 16 17 14 10 7 6 2 353 346 347 353 358 1 3 4 4 5 6 7 9
43 41 38 39 41 45 49 51 50 49 50 53 50 43 41 40 32 20 22 31 41 49 44 28 20 15 12 11 19 30 35 31 23 19 20 15 3 356 356 355 348 344 338 326 318 318 320 321 324 329 337 347 357 5 8 8 11 15 17 15 14 18 21 21 20 21 21 18 14 12 10 11 15 18 18 19 19 19 19 16 11 9 7 2 356 352 354 358 1 4 6 6 5 6 8 11
47 46 45 46 47 47 46 45 46 45 44 45 43 35 35 37 30 15 14 22 31 41 43 27 18 15 5 359 6 22 31 32 23 17 16 14 9 6 4 358 353 351 346 336 327 323 320 317 318 322 331 342 353 1 6 8 9 13 17 17 15 16 20 21 19 20 21 21 17 12 10 11 15 18 20 20 20 19 19 19 16 13 10 8 5 2 3 6 9 10 6 0 1 5 8 13
51 50 49 49 49 48 45 42 41 39 36 37 36 30 31 36 28 8 3 10 21 34 42 35 20 18 10 2 360 9 23 30 28 20 19 19 19 17 10 3 359 353 344 339 336 330 323 319 317 318 324 335 347 357 4 7 8 11 16 17 16 16 18 20 18 19 21 21 19 15 12 12 14 16 20 21 21 19 18 20 21 18 16 15 12 10 12 16 16 10 359 355 359 6 12 16
50 50 49 48 46 44 43 41 38 36 32 30 30 27 30 35 22 359 352 1 12 26 36 37 26 19 17 13 8 3 12 25 29 28 26 26 24 20 13 6 359 349 343 343 342 335 330 328 325 321 321 328 340 352 2 6 7 9 14 17 16 15 17 19 17 17 19 20 19 17 15 14 16 16 18 22 22 20 18 20 23 23 19 17 17 15 16 17 11 3 359 360 3 12 19 21
48 48 45 43 42 40 39 40 38 34 28 24 24 25 29 32 19 358 349 355 5 17 25 27 26 20 17 16 16 9 6 16 26 33 30 21 14 13 11 4 354 347 348 351 349 341 337 336 332 326 323 325 333 345 358 6 8 8 12 15 16 15 16 18 18 16 17 19 20 19 18 18 20 20 18 20 23 23 20 19 23 25 21 20 21 18 14 12 6 1 4 9 12 16 18 15
46 46 44 43 41 39 38 37 35 31 25 21 19 21 27 31 22 3 352 352 359 6 10 17 23 24 20 18 20 11 3 7 20 30 30 16 7 6 6 358 350 348 353 357 355 349 343 338 334 331 328 328 331 340 354 5 8 8 9 13 15 15 16 17 17 16 16 18 19 20 19 20 22 24 22 20 22 25 25 22 25 27 24 22 23 19 12 9 6 6 11 16 16 13 10 9
45 46 45 45 43 40 35 31 29 27 26 21 15 14 23 33 30 7 349 345 350 355 358 6 15 20 21 20 20 14 4 3 11 21 20 10 3 2 0 355 352 354 358 0 0 355 346 339 336 336 335 334 334 339 350 2 7 8 9 12 13 13 14 16 17 16 16 17 19 19 19 18 20 23 25 23 21 25 27 26 25 26 25 23 23 19 11 8 9 12 17 18 15 10 7 9
47 47 46 45 43 39 32 26 24 25 29 25 13 8 18 33 36 9 342 335 336 343 349 355 2 10 12 11 16 19 13 4 2 8 15 17 11 4 359 357 358 1 3 3 3 357 349 344 342 341 341 339 338 339 347 358 6 9 9 11 12 11 11 14 15 15 15 17 19 19 18 17 18 21 24 25 24 24 26 25 25 27 26 23 20 16 11 9 12 16 19 18 15 12 11 11
48 46 45 46 43 37 31 26 26 26 29 29 14 6 15 30 36 20 344 328 323 329 339 346 351 356 359 2 10 14 10 3 359 5 18 25 22 11 6 7 8 7 7 4 2 360 354 348 345 345 345 343 340 340 345 356 5 9 9 10 11 9 9 11 14 15 15 17 19 20 18 16 16 18 22 26 27 26 26 26 28 31 29 23 17 13 11 10 14 18 19 18 17 18 16 9
48 45 43 44 44 40 36 32 30 26 28 31 17 6 12 25 35 30 2 332 318 316 324 333 340 345 349 356 1 2 4 3 4 13 25 30 27 20 16 18 18 15 12 9 8 6 1 355 351 350 349 347 344 343 346 354 3 8 9 10 10 9 10 14 19 23 21 18 19 21 19 17 15 15 18 23 27 28 29 30 32 33 30 23 17 12 10 11 15 18 19 19 18 19 15 4
46 43 37 35 36 36 35 35 35 28 26 31 19 4 7 19 32 35 20 354 325 306 302 311 322 331 340 349 352 352 357 7 14 21 29 31 30 30 25 24 25 23 21 19 18 15 10 5 1 358 354 351 347 346 348 354 2 7 9 10 12 14 20 28 36 42 40 23 16 19 19 18 16 14 15 19 23 27 30 31 32 31 28 21 15 12 10 12 17 19 20 19 17 14 9 1
40 37 30 26 26 26 27 31 35 31 26 32 22 1 0 12 30 39 34 19 348 309 292 287 292 303 319 333 340 344 352 7 17 23 32 33 32 34 28 22 25 30 32 30 25 22 18 13 8 4 360 354 350 349 349 353 1 7 10 14 20 26 34 37 34 34 33 24 8 10 17 18 17 14 12 13 18 23 26 28 30 30 25 17 14 13 12 14 17 19 19 17 15 10 5 1
37 35 29 24 22 23 24 28 33 33 30 35 30 5 358 7 27 40 43 38 19 338 301 278 272 278 288 304 320 333 348 6 19 25 34 36 32 35 32 21 20 27 34 34 29 23 19 13 8 6 2 357 354 351 351 353 2 12 17 23 30 35 34 29 25 24 26 25 16 5 10 15 15 14 12 10 11 16 20 23 26 26 23 17 16 16 15 16 19 19 19 16 12 8 3 2
37 35 30 25 23 24 24 26 31 31 31 40 39 17 3 4 23 37 42 44 39 13 331 306 292 279 277 294 314 329 349 9 20 25 34 38 34 35 35 25 18 22 31 36 33 26 19 12 6 5 3 2 358 354 354 358 7 20 27 29 30 28 24 21 20 21 24 27 27 19 11 13 14 13 11 8 5 8 13 16 19 24 25 22 21 20 19 20 22 22 18 12 6 4 5 6
32 32 29 23 20 21 23 24 27 26 30 41 47 32 14 7 15 26 31 34 37 32 4 333 316 308 308 319 326 338 356 14 24 27 34 40 36 34 36 29 21 19 25 35 37 31 22 13 6 5 6 6 3 359 357 2 10 18 24 22 19 18 18 17 19 21 24 27 30 29 24 21 19 11 5 2 359 359 4 9 14 22 27 27 24 23 21 21 23 21 14 6 2 2 6 10
28 30 29 22 19 20 23 21 21 22 27 39 46 43 30 17 11 15 18 24 28 25 9 349 340 338 338 338 342 350 360 16 28 28 32 40 38 35 36 34 26 19 20 31 38 34 25 15 9 7 8 8 5 3 1 2 9 16 20 18 15 16 18 19 21 23 25 27 29 30 29 27 24 17 360 346 346 349 354 3 11 19 25 26 26 24 22 22 22 20 13 5 0 2 6 12
27 29 28 22 18 18 19 19 17 18 22 32 38 41 39 28 12 9 12 12 10 9 5 359 357 354 354 356 354 353 358 13 26 28 31 39 41 38 37 37 31 21 16 23 35 36 30 20 15 12 11 10 7 6 5 5 8 15 19 19 18 19 21 22 23 25 26 27 29 30 30 32 30 24 13 353 333 333 341 351 1 10 17 22 24 22 19 18 19 19 15 7 1 3 9 14
26 28 28 23 17 15 16 17 16 16 17 21 27 31 36 34 18 9 2 353 352 360 8 10 12 14 11 4 356 351 350 4 21 28 33 39 44 43 40 39 35 25 13 13 29 37 33 24 19 15 12 11 9 8 8 7 9 14 19 21 22 22 23 23 24 26 27 28 29 30 32 35 37 34 26 16 348 317 318 330 342 355 6 13 16 16 14 12 13 16 16 10 5 8 14 17
27 30 32 27 19 16 16 17 16 14 12 11 15 21 28 31 25 8 351 344 345 358 18 27 28 25 19 10 0 348 340 349 13 28 34 38 42 45 44 42 37 29 15 2 15 34 34 26 20 17 14 13 11 11 10 9 11 15 21 23 22 23 23 24 25 27 28 28 29 30 31 34 37 38 36 31 15 330 299 296 306 324 344 359 6 8 8 8 9 13 14 13 11 14 18 18
30 32 33 29 22 21 22 22 19 14 9 7 9 14 20 26 23 9 354 347 350 0 17 29 32 28 21 16 8 354 341 338 357 21 31 38 40 40 38 37 33 26 15 358 355 20 33 29 25 21 18 17 15 14 13 10 11 17 21 23 23 23 25 26 27 28 28 28 29 29 30 33 35 36 36 35 29 5 325 294 287 290 301 324 348 359 2 6 9 9 11 14 15 16 18 20
31 30 30 29 23 21 23 26 28 22 13 11 14 18 20 21 22 17 6 359 356 357 6 23 33 32 23 18 14 6 356 345 347 7 24 33 37 35 31 27 24 18 12 4 353 3 27 32 31 27 23 22 20 17 15 12 13 19 24 26 27 27 27 27 28 28 29 28 28 28 29 31 33 34 35 34 30 16 358 337 309 293 288 288 304 330 349 1 5 5 8 15 17 16 18 21
32 30 29 29 24 19 18 22 29 32 24 18 16 18 19 20 25 27 18 2 353 352 358 10 30 36 31 24 22 15 5 353 343 353 12 23 30 32 30 26 22 16 13 10 3 2 14 30 35 32 28 25 22 19 17 16 16 21 27 30 31 30 28 28 29 29 30 29 27 27 28 29 30 32 34 34 32 21 10 3 347 321 299 288 285 292 315 340 352 359 4 12 17 17 19 24
35 34 29 26 24 19 15 15 23 28 27 20 18 18 17 16 19 23 21 10 354 348 353 3 23 39 38 33 27 21 10 357 340 338 355 11 22 29 31 31 27 21 17 15 13 11 11 21 34 36 32 27 23 21 19 18 18 22 26 28 28 28 27 28 30 31 31 31 28 26 26 27 27 28 32 35 37 29 15 11 7 352 325 300 285 283 293 308 327 346 357 7 18 20 22 26
36 33 25 22 22 21 16 11 13 21 23 20 19 20 16 7 10 20 24 21 10 355 353 1 16 35 40 36 28 19 11 4 348 329 332 354 15 27 34 36 33 27 23 22 21 19 16 18 30 35 32 27 24 22 21 20 20 23 25 26 27 28 28 28 30 31 32 33 31 25 23 24 24 25 30 36 40 38 23 15 16 11 353 322 299 287 284 287 299 319 339 359 18 25 23 24
29 27 22 19 21 21 18 13 9 13 19 18 17 19 14 5 8 22 28 29 24 12 2 2 9 26 38 39 33 22 12 8 3 345 325 331 360 22 34 38 36 33 30 28 27 25 23 22 27 32 31 28 25 24 23 21 22 25 26 26 28 29 29 29 30 32 33 35 35 29 20 20 22 22 25 31 36 38 32 24 23 20 11 348 324 307 293 285 284 287 300 336 17 27 23 23
16 22 23 20 21 20 18 16 14 16 20 20 17 19 21 15 12 22 30 36 35 26 16 8 2 14 33 41 38 29 19 15 13 6 346 328 340 11 35 41 38 38 36 32 32 32 31 27 29 33 33 30 28 26 24 22 23 25 25 25 27 28 29 29 30 33 34 35 39 38 27 19 17 15 17 25 31 35 35 32 26 19 11 358 343 331 319 306 292 284 281 290 356 27 26 25
10 18 25 25 26 24 20 20 21 23 26 26 21 22 25 20 15 19 29 41 43 36 25 16 4 2 21 37 40 36 29 25 23 17 5 345 336 356 32 42 37 39 40 37 37 39 37 32 32 35 35 33 30 28 26 24 23 24 24 24 26 28 29 30 31 34 36 39 43 47 45 30 11 4 6 17 26 30 32 32 28 17 7 359 354 350 341 324 310 306 307 314 336 24 17 6
18 20 25 29 32 32 28 25 24 24 25 24 19 17 19 19 19 22 30 44 50 43 33 23 9 356 5 30 39 38 34 32 27 20 15 1 343 348 22 38 36 38 43 42 41 41 39 35 34 36 35 33 31 30 28 24 22 22 23 24 26 28 29 30 33 37 40 44 46 49 50 44 19 343 341 2 21 27 29 32 32 22 8 360 359 359 352 341 337 341 349 360 16 22 337 325
31 28 25 27 31 34 36 33 26 23 22 20 14 10 15 23 27 29 29 37 45 44 38 29 13 351 347 16 34 35 34 34 30 25 23 11 353 346 7 34 39 40 45 45 44 43 41 37 36 36 34 32 30 29 27 22 20 21 24 25 26 28 29 30 34 39 42 43 44 45 47 46 32 360 333 336 8 24 27 31 31 23 10 4 1 358 353 353 358 3 8 13 18 17 355 321
35 33 27 23 24 29 32 32 29 25 18 15 11 10 19 31 35 34 31 33 35 33 31 29 19 355 336 351 21 28 30 36 35 31 26 15 3 355 4 32 42 45 47 47 46 46 43 40 38 37 35 33 30 27 24 21 20 21 24 26 26 27 27 27 30 34 37 38 39 40 41 42 40 20 350 334 348 17 24 27 27 22 16 12 6 360 358 4 16 20 19 16 11 7 1 345
31 34 35 28 22 21 24 25 26 25 18 12 15 19 29 36 40 38 31 31 32 30 26 21 15 9 350 336 357 13 22 34 36 34 30 21 11 8 13 30 43 48 48 47 46 46 43 41 39 39 38 38 33 25 21 20 20 21 23 25 25 25 24 21 21 23 25 27 29 30 31 34 37 28 5 352 353 11 22 23 26 28 28 23 13 6 11 23 30 30 24 14 3 358 358 355
26 36 45 40 28 17 15 18 19 21 23 24 27 33 37 41 41 38 29 25 31 32 29 25 19 14 9 360 350 352 6 22 32 36 36 29 18 18 23 30 40 45 45 44 43 43 42 41 41 41 41 42 39 28 19 19 20 21 21 22 23 23 21 16 12 11 13 16 18 22 25 28 30 28 15 4 4 14 23 25 28 37 35 22 14 15 23 29 31 30 24 14 3 354 353 359
29 37 43 42 33 23 15 9 10 16 27 36 41 38 36 34 34 34 29 23 31 38 37 33 27 22 20 17 10 359 354 1 18 37 42 36 28 28 31 34 38 42 43 42 42 42 41 42 43 44 43 42 39 31 16 12 17 20 20 20 21 21 18 13 9 7 7 8 12 18 23 26 29 31 24 11 7 13 22 25 24 29 27 18 17 24 26 27 26 24 22 18 13 4 359 358
39 38 36 37 37 35 27 11 5 9 31 45 40 23 20 22 28 34 35 33 39 46 48 44 38 32 28 25 19 13 8 3 2 31 48 44 39 37 36 38 40 43 43 43 43 43 42 43 44 43 42 40 39 33 21 8 10 17 20 20 18 18 18 15 12 13 13 12 13 17 21 26 32 35 29 17 10 11 21 28 25 22 22 21 26 30 29 24 19 18 19 21 21 15 6 357
51 44 31 31 33 34 34 29 15 6 31 42 31 14 12 14 20 27 34 42 50 56 58 56 51 43 35 30 26 22 20 16 8 25 49 50 46 42 40 41 42 43 45 45 45 45 44 43 42 41 40 41 41 38 29 10 1 9 16 15 12 13 16 17 17 19 21 21 22 23 21 25 34 37 33 24 16 11 19 28 25 20 21 26 29 32 31 23 16 15 19 22 23 19 9 0
60 52 30 20 21 24 28 30 26 14 15 23 22 16 15 15 17 20 22 23 26 32 47 61 61 55 45 38 34 29 28 28 23 27 45 51 48 43 41 41 42 44 45 45 45 44 43 41 41 41 42 44 45 41 30 13 359 359 6 10 8 9 12 16 17 19 23 25 26 28 27 29 36 39 35 30 25 16 15 23 22 20 25 31 34 36 29 21 19 21 23 21 19 17 12 7
