windninja/windninja_output/Output_2025-08-09_1400-1450_Google earth_Fire_150m_10min/merlingen_7.5mi_point_08-09-2025_1450_150m_ang.asc
ncols	158
nrows	163
xllcorner	391686.332397
yllcorner	5160024.123721
cellsize	150.000000
NODATA_value	-32768.000000
[rows 49 to 97 of 163, columns 0 to 95 of 158]
344 345 346 348 346 343 342 341 342 343 344 345 345 346 346 346 346 346 346 346 347 346 346 346 346 346 346 346 345 345 344 344 343 342 341 340 338 338 337 337 337 339 343 348 350 347 346 351 358 7 16 20 17 13 9 4 356 349 347 350 351 351 353 351 349 351 356 1 4 6 8 11 15 20 23 23 18 14 11 10 9 8 6 6 6 6 6 4 1 1 6 14 19 19 21 25
345 346 348 350 347 344 344 343 342 343 344 345 346 346 346 347 346 347 347 347 347 347 347 347 347 346 346 346 346 345 345 345 344 343 342 340 339 338 338 339 339 339 341 344 344 344 347 355 6 15 19 15 9 5 3 357 350 347 349 353 355 357 357 352 350 352 357 1 4 7 10 13 17 20 21 17 14 12 12 11 9 8 7 6 5 3 1 359 360 3 9 18 24 26 28 30
347 347 349 349 345 345 346 346 344 343 344 345 346 346 347 347 347 347 347 347 347 347 347 347 347 347 347 347 346 346 346 345 345 344 343 341 339 338 338 339 340 339 339 341 341 343 349 3 15 19 14 7 2 360 356 350 346 349 355 359 2 3 359 351 350 354 358 2 5 8 11 14 17 18 17 14 12 11 10 10 10 11 10 7 3 1 359 359 2 7 12 20 28 32 32 27
350 349 348 346 343 344 347 348 346 345 345 346 346 347 347 347 347 348 348 347 347 347 348 347 347 347 348 347 347 347 346 346 345 345 344 342 341 339 338 339 340 338 337 338 340 344 353 6 13 9 3 360 360 358 351 345 346 353 2 6 7 4 356 351 351 354 358 3 7 9 11 13 15 15 14 13 11 9 8 8 11 14 14 9 4 1 360 1 5 10 16 22 27 29 26 11
354 351 347 345 344 345 347 349 348 347 346 346 346 347 347 347 347 348 348 348 348 348 348 348 348 348 348 348 347 347 347 347 346 345 345 344 343 341 339 339 339 338 337 338 340 346 355 1 2 359 357 357 358 356 350 345 349 359 7 10 8 2 354 351 352 355 359 5 8 9 9 11 13 14 14 13 12 10 7 7 11 13 13 12 9 5 1 2 7 14 18 20 20 19 8 346
354 351 347 344 344 346 348 350 351 349 347 346 346 346 347 347 348 348 348 348 348 348 348 348 348 348 348 348 348 348 347 347 347 346 346 345 344 343 341 339 338 336 337 338 340 345 352 354 352 353 357 358 356 354 350 348 354 3 8 9 6 0 354 352 353 356 0 4 7 8 9 12 15 15 14 13 13 11 8 6 7 8 10 12 13 11 8 6 10 15 17 16 12 7 349 333
351 351 348 345 343 344 347 349 352 352 349 346 345 345 346 347 348 348 348 349 349 349 348 348 349 349 349 349 348 348 348 348 347 347 346 346 345 344 343 340 337 335 336 339 339 341 345 346 346 350 356 357 355 353 350 351 359 6 7 5 2 358 354 354 355 358 1 4 6 10 14 18 18 14 13 13 12 10 7 5 3 4 7 10 12 13 14 14 15 16 15 11 4 356 341 331
349 350 350 349 345 343 344 346 350 352 351 349 346 344 346 347 347 347 348 348 349 349 349 349 349 349 349 349 349 349 348 348 348 348 347 347 346 345 344 342 340 338 338 340 340 339 339 340 342 348 353 354 354 353 350 354 3 6 4 1 357 355 356 358 359 360 2 4 8 15 20 19 15 12 11 12 10 7 5 4 3 3 6 8 10 13 17 19 20 20 17 6 353 345 340 339
350 350 351 352 351 349 346 345 346 349 352 353 350 347 345 346 346 347 348 348 349 349 349 349 349 349 349 349 349 349 349 349 349 348 348 347 347 346 345 344 343 342 341 341 340 338 335 335 338 343 349 352 353 351 351 356 2 3 0 356 354 354 357 2 3 3 3 6 12 18 18 13 11 10 10 9 7 5 4 4 4 5 7 9 12 16 20 22 21 18 10 354 343 340 339 344
351 351 351 352 353 353 351 348 345 345 350 354 355 352 347 344 345 347 348 348 348 349 349 349 350 350 350 350 350 350 349 349 349 349 349 348 348 347 346 346 345 344 343 342 340 337 335 333 332 337 343 349 350 349 351 357 0 359 355 352 353 356 360 5 7 6 5 8 13 14 11 9 9 9 7 6 4 2 3 4 6 8 10 13 17 21 23 23 17 7 354 344 341 339 340 354
352 352 352 352 352 353 352 350 346 344 347 352 356 356 351 346 344 345 347 348 349 349 349 349 350 350 350 350 350 350 350 350 350 349 349 349 348 348 348 347 346 346 345 344 342 340 338 335 332 333 337 343 346 347 351 357 359 355 351 350 352 356 2 7 10 9 7 8 11 11 8 7 7 6 5 4 1 1 3 6 8 11 14 16 19 22 22 17 6 352 341 338 338 339 348 10
352 353 354 354 353 353 352 350 348 346 347 349 352 355 356 353 348 345 345 347 348 349 349 350 350 350 350 350 350 350 350 350 350 350 350 349 349 349 348 348 347 347 346 345 344 343 341 339 336 333 334 336 340 344 350 357 357 351 348 349 352 356 2 8 11 10 9 10 11 10 7 5 4 3 2 2 1 2 6 9 11 14 16 18 19 20 16 8 354 342 337 338 340 347 4 21
355 355 355 355 355 354 352 350 349 348 348 348 348 351 356 358 354 349 346 346 347 348 349 350 351 351 351 350 350 350 351 351 350 350 350 350 350 350 349 349 348 348 347 346 346 344 343 341 339 336 334 333 333 338 348 355 353 348 347 348 351 356 2 7 10 11 12 12 11 7 5 3 1 1 0 0 2 6 9 12 14 16 19 21 20 16 7 356 345 337 337 342 349 4 19 29
359 358 356 355 355 354 353 351 350 350 348 347 346 348 353 358 358 355 350 347 346 347 349 350 351 351 351 350 350 351 351 351 351 351 351 351 350 350 350 350 349 349 348 347 347 346 345 343 342 339 336 334 331 334 345 352 350 346 347 348 351 355 358 3 9 12 14 13 8 4 3 2 360 359 359 1 5 8 11 13 16 18 22 23 19 10 357 345 339 337 341 350 5 18 28 38
6 2 357 355 353 352 352 352 352 352 350 347 346 347 349 354 358 359 356 352 348 347 348 349 351 351 351 350 351 351 351 351 351 351 351 351 351 351 350 350 350 349 349 348 348 347 346 345 343 341 338 336 333 335 343 350 349 347 347 348 350 353 358 5 12 15 15 9 4 2 1 0 359 358 359 3 6 8 10 14 17 20 22 20 14 3 348 339 335 339 351 5 18 29 38 46
15 8 358 355 352 350 350 352 352 353 352 349 347 347 348 350 354 358 360 357 353 350 349 348 350 351 351 351 351 351 351 351 352 352 351 351 351 351 351 351 351 350 350 349 349 348 347 346 345 343 340 336 334 334 339 346 349 348 347 346 348 355 6 16 19 14 7 1 359 360 0 359 358 358 360 3 5 6 9 14 18 19 18 14 7 353 343 338 338 347 4 17 28 40 49 57
19 11 0 356 353 351 351 351 352 352 351 349 347 347 347 347 349 355 359 0 358 355 352 349 349 350 350 351 352 351 351 352 352 352 352 352 352 352 352 351 351 351 350 350 350 349 348 347 346 344 342 338 335 333 335 339 344 348 348 346 349 3 16 16 9 3 358 356 356 358 358 358 358 359 360 1 2 5 9 15 19 18 14 9 0 347 341 341 348 2 14 27 40 50 59 67
15 10 3 359 355 352 352 353 354 352 350 349 349 347 346 347 348 351 355 359 0 0 357 354 351 349 350 351 352 352 352 352 352 352 352 352 352 352 352 352 352 351 351 351 350 350 349 348 347 346 344 341 338 334 333 332 335 342 347 349 355 4 6 4 2 359 357 356 356 356 356 357 358 359 359 358 0 5 10 15 16 13 6 360 354 347 344 348 3 15 25 38 48 58 67 74
2 4 5 4 359 352 352 356 357 355 351 351 352 350 347 347 349 349 350 354 359 1 1 359 355 352 351 351 351 351 352 352 352 352 352 352 352 352 352 352 352 352 352 351 351 351 350 349 348 347 346 344 341 338 335 330 327 330 340 349 355 356 354 355 358 359 359 358 357 356 355 356 356 357 357 358 360 4 8 9 7 3 356 351 350 349 351 3 16 25 35 46 56 63 67 72
343 352 0 3 2 358 356 0 2 357 353 352 352 352 351 349 349 349 348 351 355 359 0 1 0 359 357 354 350 349 350 351 351 352 352 352 353 353 353 353 353 353 352 352 352 351 351 350 350 349 348 346 345 342 339 335 331 329 333 342 347 346 345 347 352 357 360 360 358 356 355 355 354 354 356 358 360 2 3 2 358 354 350 349 351 351 359 14 24 35 44 54 62 64 63 63
329 336 349 357 0 1 2 3 3 0 357 357 357 357 356 355 353 351 350 351 353 354 357 359 2 5 5 359 352 349 348 349 350 351 352 352 353 353 353 353 353 353 353 353 352 352 352 351 351 350 349 348 347 345 344 342 339 337 336 339 340 338 336 338 343 350 355 357 357 357 357 356 353 353 356 358 360 360 358 356 353 351 353 358 355 353 6 20 33 42 50 56 59 58 57 53
332 332 333 340 351 1 4 2 359 360 0 2 3 3 2 1 360 358 356 353 352 353 354 356 1 7 8 3 357 353 350 348 348 350 351 352 353 353 353 353 353 353 353 353 353 353 352 352 352 351 350 350 349 348 347 346 345 344 343 342 341 337 332 330 332 337 344 348 351 355 357 355 352 354 358 0 360 357 354 353 353 357 4 3 353 355 13 29 41 48 52 53 52 48 44 40
344 342 338 336 341 351 355 353 351 355 1 5 6 7 6 4 3 3 1 359 356 355 354 355 358 1 4 5 2 359 355 352 349 348 350 351 352 353 353 354 354 354 354 354 354 353 353 353 352 352 351 351 350 350 349 348 348 347 347 346 344 342 338 335 333 331 330 334 339 345 349 350 352 356 359 1 359 356 354 354 358 5 7 359 353 3 22 36 47 53 52 49 44 37 32 24
356 354 350 348 348 350 348 344 342 348 1 5 5 5 5 3 2 2 2 2 1 358 356 356 356 355 358 4 6 3 0 358 354 350 349 350 351 352 353 354 354 354 354 354 354 354 354 354 353 353 352 352 352 351 351 350 350 349 349 348 347 346 344 343 341 337 333 331 331 332 334 340 348 355 358 358 357 355 356 1 5 6 1 353 356 14 29 42 51 52 48 45 42 35 23 360
8 4 358 357 355 353 350 347 344 349 358 0 0 0 360 359 358 358 359 1 1 360 359 357 356 355 356 1 5 6 4 2 359 355 351 350 351 352 353 354 354 355 355 355 355 355 354 354 354 354 353 353 353 352 352 352 351 351 350 350 349 349 348 347 346 344 341 338 335 330 326 327 337 348 353 354 354 355 359 5 7 2 353 351 5 25 38 47 51 46 40 37 38 30 360 343
22 17 9 4 358 354 351 348 348 351 354 356 357 358 357 356 356 356 356 356 357 358 359 359 358 356 356 359 3 6 5 4 2 359 355 353 352 352 352 353 354 355 355 355 355 355 355 355 355 354 354 354 353 353 353 353 352 352 352 351 351 350 350 349 348 347 345 344 342 338 335 333 334 339 345 348 351 356 1 4 2 354 348 356 19 37 46 48 45 41 33 26 19 359 346 338
35 33 25 15 2 353 347 345 347 349 350 352 354 354 354 354 355 355 355 355 355 356 357 358 358 356 356 357 1 4 5 4 3 2 0 357 355 353 353 353 354 355 355 356 356 356 356 355 355 355 355 354 354 354 354 354 353 353 353 353 352 352 351 351 350 349 348 347 346 345 343 341 339 338 339 342 347 354 1 360 352 347 350 11 33 44 46 44 42 41 31 16 359 343 339 338
48 47 44 35 14 347 336 335 338 342 345 348 350 351 351 352 353 354 354 354 355 356 357 357 357 357 356 355 357 2 5 5 6 6 4 359 356 354 353 353 354 355 356 356 356 356 356 356 356 355 355 355 355 355 354 354 354 354 354 354 353 353 352 352 351 351 350 349 349 348 347 345 343 340 337 337 341 349 356 352 344 345 4 35 52 54 50 49 46 41 25 3 344 335 336 342
59 59 59 61 45 334 312 313 322 332 339 344 348 349 349 350 351 352 353 354 355 355 356 356 359 360 357 354 354 358 4 8 8 7 5 1 357 355 354 353 354 355 356 357 357 357 357 356 356 356 356 355 355 355 355 355 355 355 355 354 354 354 353 353 353 352 352 351 350 349 349 348 346 344 340 337 338 343 347 345 343 355 30 52 58 57 55 50 40 21 2 349 340 335 339 347
69 68 67 72 89 260 284 299 312 324 335 342 346 347 348 349 350 350 351 353 354 355 355 356 359 1 359 355 353 355 1 6 7 6 5 3 0 358 356 354 354 355 357 357 357 357 357 357 356 356 356 355 355 355 355 355 355 355 355 355 355 355 354 354 354 353 353 352 351 351 350 349 348 346 344 340 338 339 340 341 348 14 39 44 40 37 36 27 9 359 350 344 339 339 345 350
70 69 63 53 51 328 304 308 315 325 335 342 345 347 348 349 349 349 351 352 353 354 354 355 358 359 359 358 356 355 358 1 5 6 6 5 4 3 1 357 354 355 357 358 358 358 358 357 356 356 355 355 355 355 355 356 356 356 356 356 355 355 355 355 354 354 353 353 352 352 351 351 350 348 346 344 341 338 337 341 356 19 26 25 25 24 20 7 355 348 344 342 341 342 346 350
63 58 42 28 8 351 339 331 330 334 339 343 346 347 348 349 350 350 350 351 352 353 354 354 355 356 357 358 358 357 356 357 1 5 7 6 6 5 4 2 359 357 357 358 358 358 358 358 356 354 353 354 354 355 356 356 356 356 356 356 356 356 356 355 355 355 354 354 353 353 352 351 351 350 348 346 344 341 339 343 357 11 14 16 18 18 7 353 347 344 343 343 342 343 346 348
63 58 36 9 357 359 1 353 349 348 348 348 349 350 349 350 350 350 350 350 351 352 353 353 354 354 354 357 359 358 355 355 357 2 6 9 8 6 6 6 5 2 1 1 1 360 359 359 355 350 348 350 352 354 355 356 356 357 357 357 356 356 356 356 356 355 355 355 354 354 353 352 352 351 349 348 346 344 343 345 353 3 10 14 16 10 354 345 343 344 345 345 344 345 347 348
70 62 18 353 354 9 15 10 4 1 359 355 353 353 352 352 352 351 349 349 349 350 351 352 353 353 353 355 357 358 356 355 356 359 4 9 10 8 7 7 7 6 5 5 4 2 0 359 357 353 348 347 349 352 355 356 357 357 357 357 357 357 357 356 356 356 356 355 355 354 354 353 352 351 351 349 348 346 345 345 349 358 9 15 11 355 346 341 341 343 345 347 348 349 350 350
38 22 2 1 7 18 21 19 17 14 9 2 357 356 355 354 353 351 349 347 346 347 348 350 351 351 352 354 356 358 358 358 358 360 3 6 9 9 8 7 8 7 5 3 3 2 0 359 358 359 358 355 352 352 355 357 357 357 357 357 357 357 357 357 357 356 356 356 355 355 354 354 353 352 351 350 349 348 346 346 348 355 4 9 359 346 340 339 339 341 344 347 349 351 352 352
12 8 8 18 25 28 29 31 32 26 15 5 0 360 359 357 354 351 349 345 343 343 345 347 346 347 351 354 356 358 359 0 2 4 5 6 7 8 8 7 6 4 2 1 1 1 360 358 358 0 2 2 359 357 357 357 358 358 358 357 357 357 357 357 357 357 357 356 356 355 355 354 353 353 352 351 350 349 348 347 349 353 359 360 350 342 338 337 338 340 342 345 349 352 354 355
352 9 29 36 41 44 45 44 39 27 14 6 3 2 2 360 356 353 350 345 340 339 339 340 342 344 348 353 355 356 359 2 3 6 8 8 8 8 7 5 3 2 2 2 2 2 0 358 357 358 1 3 4 2 360 358 358 358 358 357 357 357 357 357 357 357 357 357 356 356 355 355 354 353 352 352 350 349 348 347 348 351 355 353 343 339 339 340 341 341 342 344 348 353 355 355
356 21 45 50 57 58 53 44 32 20 11 8 4 3 3 3 1 358 353 345 338 333 329 328 333 342 348 352 355 356 359 1 2 3 5 7 9 10 9 5 1 360 2 3 4 3 2 1 360 358 359 1 4 3 1 359 358 358 357 357 357 357 357 357 357 357 357 357 357 356 356 355 354 354 353 352 350 349 348 346 345 346 348 346 340 337 338 339 342 343 344 346 347 349 351 353
33 46 60 59 55 49 40 29 21 17 15 10 6 4 5 6 6 4 357 348 340 332 323 322 331 342 350 353 356 359 359 0 360 359 0 4 7 10 10 9 5 1 0 3 5 5 5 5 4 2 0 360 1 2 1 359 358 357 356 356 356 356 357 357 358 358 358 357 357 357 356 355 355 354 353 352 350 349 347 344 341 339 338 337 336 338 339 339 341 344 344 343 342 342 346 350
54 51 44 35 29 26 23 21 21 24 20 9 4 4 5 8 10 7 0 350 342 334 329 333 341 349 353 356 359 1 2 1 1 359 357 359 3 7 11 12 10 6 3 2 4 6 8 7 7 6 3 0 360 0 1 0 358 356 354 353 354 355 356 357 358 358 358 358 357 357 356 356 355 354 353 352 351 349 347 344 339 333 329 326 326 333 338 340 343 343 341 338 335 333 332 338
49 39 24 23 21 19 20 23 26 26 19 8 4 6 9 11 11 7 357 347 338 333 336 343 353 357 357 359 1 3 4 3 3 2 1 359 358 2 9 13 13 11 7 4 4 6 9 10 9 7 5 2 360 359 0 2 3 1 353 348 349 353 356 357 358 358 358 358 358 357 357 356 355 354 353 352 351 349 347 343 338 332 326 319 315 318 328 336 340 339 334 332 333 332 330 333
39 33 25 26 24 20 19 21 21 19 15 10 7 9 12 11 8 4 354 339 333 336 345 357 3 3 2 2 3 4 5 5 4 4 4 3 0 360 4 11 14 13 11 7 5 6 9 11 11 8 5 2 359 358 0 4 7 5 356 347 347 352 355 357 358 358 358 358 358 358 357 356 356 355 354 353 351 349 347 343 339 334 328 321 315 315 320 327 332 329 325 328 337 341 343 345
30 27 22 21 17 13 9 9 12 14 16 15 12 10 9 7 4 1 353 336 334 343 359 8 9 8 7 6 6 6 7 6 6 5 5 5 4 1 1 6 13 15 13 10 7 6 8 11 12 10 5 1 358 357 360 5 6 1 358 356 353 353 356 358 358 359 359 359 358 358 357 357 356 355 354 353 352 350 347 344 340 336 331 327 323 322 322 324 325 321 319 325 333 333 336 346
17 15 12 11 10 6 1 360 5 12 16 15 12 11 9 6 1 358 351 347 346 358 11 17 16 14 11 10 9 9 8 8 7 6 4 4 4 3 2 2 9 16 17 15 10 8 9 11 13 12 6 359 355 354 356 358 358 358 1 4 2 358 357 359 359 359 359 359 359 358 358 357 357 356 355 354 352 350 348 346 342 338 332 327 324 321 320 320 318 313 305 301 298 296 300 312
359 0 2 4 5 3 1 1 4 12 15 12 7 5 6 6 360 354 354 358 6 12 18 22 20 17 14 13 12 11 11 11 8 4 3 4 5 5 4 2 4 13 19 19 16 13 11 12 13 13 6 355 351 353 351 349 351 357 4 9 7 3 0 360 359 359 359 359 359 359 358 358 357 356 355 354 353 351 349 347 344 340 335 329 322 316 313 310 304 297 293 296 301 307 316 317
339 346 355 358 359 359 2 2 3 8 12 11 8 6 6 7 5 2 4 15 23 22 24 26 24 20 17 15 15 16 17 14 7 2 1 3 5 5 4 3 2 6 14 19 19 17 13 11 10 8 3 356 353 354 352 347 347 355 3 7 8 5 2 1 360 360 360 359 359 359 359 358 357 357 356 355 354 352 351 349 346 343 340 335 328 322 316 311 308 314 325 330 334 339 343 344
321 333 348 353 355 357 359 360 358 1 7 13 13 15 14 17 18 24 25 30 33 37 38 38 30 23 18 16 17 18 17 11 6 3 2 4 5 5 4 2 0 0 6 14 16 15 13 9 6 2 1 3 2 359 357 354 352 354 359 4 5 4 2 1 0 360 359 360 360 359 359 358 358 357 356 356 354 353 352 350 348 346 343 340 337 333 330 328 330 334 339 342 344 347 350 351
308 320 340 349 355 360 2 359 353 354 9 22 31 35 39 44 45 49 46 39 48 57 59 54 38 23 17 17 16 14 11 10 10 10 7 5 4 3 3 2 359 356 359 6 10 11 10 7 4 2 6 12 12 6 3 360 356 357 358 1 3 3 2 1 0 359 359 360 360 359 359 359 358 358 357 356 355 354 353 352 350 348 346 345 343 341 340 340 340 342 345 347 349 351 353 354
303 311 330 345 358 9 12 9 3 3 20 40 50 47 51 54 58 60 55 50 59 67 69 63 34 15 13 15 15 11 11 16 19 18 12 7 4 2 1 0 358 355 354 358 2 5 6 6 6 10 17 20 18 12 8 6 3 0 360 359 1 1 0 359 359 359 359 359 359 359 359 359 359 358 358 357 356 355 354 353 352 350 349 348 347 346 345 346 346 347 349 350 352 353 355 356
