windninja/windninja_output/Output_2025-08-09_1400-1450_Google earth_Fire_150m_10min/merlingen_7.5mi_point_08-09-2025_1420_150m_ang.asc
ncols	158
nrows	163
xllcorner	391686.332397
yllcorner	5160024.123721
cellsize	150.000000
NODATA_value	-32768.000000
[rows 92 to 137 of 163, columns 0 to 95 of 158]
33 28 21 19 18 14 7 5 10 18 24 22 18 17 16 13 10 7 3 358 354 2 14 19 17 15 16 17 17 17 18 18 16 14 12 12 12 10 7 7 13 20 21 17 12 9 9 11 12 9 2 354 350 349 351 353 352 351 353 356 354 349 348 347 347 346 346 345 344 343 343 342 341 340 338 337 336 334 332 330 327 324 321 317 314 311 308 305 299 291 275 270 271 270 269 273
17 15 12 13 13 10 7 4 7 15 20 17 11 9 10 11 5 1 3 8 13 14 20 24 22 21 20 20 20 21 22 22 19 14 12 12 13 12 10 7 9 17 22 23 19 15 13 12 12 11 3 351 347 348 346 343 343 348 354 359 358 353 350 348 347 346 346 345 344 343 343 342 341 340 338 337 335 334 332 329 327 324 320 315 310 304 300 296 287 275 268 269 271 271 272 275
357 1 6 8 9 9 9 7 6 12 17 16 11 9 9 11 10 9 14 25 27 23 25 28 26 25 23 23 24 26 27 26 21 14 11 12 13 13 11 9 6 10 18 22 21 19 15 11 10 7 0 353 349 349 347 341 338 343 351 355 356 354 351 349 347 346 346 345 344 343 342 342 341 339 338 337 335 333 332 330 327 324 320 316 311 304 299 292 284 279 280 281 283 283 283 284
335 348 1 5 8 9 9 6 2 7 16 20 19 20 20 24 27 34 36 38 36 38 39 40 35 29 27 26 26 27 27 23 19 15 13 13 14 13 12 9 5 4 10 17 18 17 14 10 6 1 359 0 359 355 352 347 343 344 348 352 354 353 351 348 347 346 346 345 344 343 342 341 341 339 338 337 335 334 332 329 327 325 322 318 314 309 304 299 295 293 293 293 293 293 293 293
317 333 355 2 9 13 13 9 3 8 27 36 40 42 48 54 55 59 55 42 48 55 58 57 46 34 29 27 26 24 22 22 23 22 18 16 15 14 12 10 5 0 3 9 13 13 11 8 4 2 5 10 9 2 357 353 348 347 347 349 351 351 349 347 346 346 345 344 344 343 342 341 340 339 338 337 335 334 332 330 328 325 323 320 317 313 310 307 304 302 301 300 300 300 300 299
308 321 347 1 15 24 25 22 20 25 43 56 64 58 61 64 68 68 60 49 56 64 69 69 50 30 26 27 26 25 27 32 33 31 26 21 18 15 12 9 5 360 358 2 7 8 9 8 7 10 16 19 15 8 3 359 354 350 348 347 348 348 347 346 345 345 344 344 343 343 342 341 340 339 338 337 335 334 332 330 328 326 324 321 319 316 314 311 310 308 307 306 305 305 304 304
297 305 336 4 29 37 38 38 39 44 59 80 92 90 86 85 81 77 67 60 58 60 62 54 28 20 25 29 32 36 40 43 42 38 32 27 23 17 10 6 4 360 356 358 4 6 8 12 16 21 22 20 18 12 7 4 1 356 352 350 348 346 343 342 342 342 343 343 343 343 342 341 340 339 338 336 335 334 332 330 329 327 325 323 321 319 317 315 314 312 311 310 309 309 308 308
286 288 312 18 55 63 67 66 65 68 74 83 90 96 95 91 87 81 75 65 54 49 45 38 27 26 33 38 41 46 49 49 48 44 37 30 25 20 11 3 0 358 355 356 3 7 8 13 18 20 19 17 16 14 9 6 4 2 357 354 352 350 346 341 338 338 339 341 342 342 342 341 340 339 338 336 335 334 332 331 329 327 326 324 322 321 319 318 316 315 314 313 312 312 311 310
293 295 324 45 73 81 87 87 84 83 83 85 89 95 97 92 87 84 74 58 50 46 45 44 42 43 46 48 51 55 58 61 61 55 44 34 27 22 15 2 355 354 352 352 358 5 9 12 15 17 17 16 14 13 11 8 7 6 2 356 354 354 352 348 342 338 337 338 340 341 341 340 339 338 337 336 335 333 332 331 329 328 326 325 324 322 321 320 319 317 317 316 315 314 314 313
313 320 0 53 75 83 88 89 87 85 84 82 81 80 79 76 69 65 55 48 50 53 55 56 57 57 58 60 62 65 69 72 73 71 62 46 34 26 18 5 353 349 348 347 352 2 9 12 13 15 16 16 14 13 12 11 9 8 6 1 356 354 354 353 349 344 340 339 339 340 340 339 338 337 336 335 334 333 331 330 329 328 327 326 325 324 322 321 321 320 319 318 317 316 316 315
341 351 25 54 69 77 82 83 83 81 80 77 71 62 52 49 49 46 40 43 51 56 61 62 62 64 67 70 71 72 74 75 75 77 77 71 48 27 16 6 352 344 343 342 346 355 4 9 10 12 15 16 14 13 13 11 9 8 8 6 1 356 355 355 353 349 346 344 342 340 337 335 335 335 335 334 333 332 331 330 329 328 327 326 325 324 323 323 322 321 320 320 319 318 318 317
10 17 36 52 62 69 73 76 78 78 77 74 67 57 49 48 48 46 43 50 57 58 63 65 65 66 69 73 74 74 74 73 73 75 77 79 72 32 11 1 347 336 335 335 337 345 356 5 9 13 14 15 14 12 12 11 10 9 9 7 4 0 358 358 357 355 352 350 348 346 341 335 332 331 331 331 330 329 329 328 327 327 327 326 325 325 324 324 323 322 321 321 320 320 319 318
27 31 42 52 60 68 72 74 77 78 79 77 74 73 74 73 68 63 65 70 66 60 61 63 63 63 64 67 69 72 74 74 74 74 75 77 81 68 340 339 334 327 324 326 328 334 345 358 7 12 14 14 13 12 11 11 11 11 10 8 6 4 2 0 360 360 358 355 354 352 349 345 337 329 324 322 322 323 325 325 325 325 325 326 326 325 325 324 323 323 322 322 321 321 320 319
38 40 46 53 61 67 71 74 75 78 81 85 88 90 91 91 87 83 81 76 69 63 61 60 58 57 59 61 64 68 72 75 74 72 72 72 69 41 331 325 325 321 318 317 320 326 336 348 359 7 10 11 12 13 12 11 11 11 11 11 9 7 4 2 2 2 1 359 357 356 355 355 352 341 329 321 318 318 317 317 319 322 324 325 325 325 325 324 324 323 323 323 322 322 321 320
46 46 48 52 57 62 66 69 70 71 72 73 75 77 82 86 85 83 77 70 66 66 62 55 52 53 54 56 60 65 67 69 67 64 65 67 60 32 345 323 320 319 316 314 315 319 327 339 349 358 5 9 11 13 14 12 11 11 12 13 12 9 7 5 4 4 3 1 359 359 359 359 358 354 346 337 331 325 319 315 314 317 321 323 324 325 325 324 324 324 323 323 323 322 321 321
48 47 48 51 55 58 59 58 54 52 51 52 53 58 66 73 76 75 71 65 62 63 60 50 47 48 49 49 54 60 63 63 57 52 56 61 54 33 3 332 318 316 316 315 314 316 321 331 341 351 359 6 9 12 14 15 13 12 13 14 14 11 8 7 6 6 6 4 0 1 3 2 359 357 353 347 341 336 332 327 321 317 318 320 323 324 324 324 324 324 323 323 323 322 321 321
49 48 47 49 50 47 44 41 39 41 47 51 53 56 61 64 66 65 62 60 60 62 59 48 42 44 45 42 47 56 59 58 50 42 52 58 51 33 12 349 328 318 315 316 316 316 318 324 335 346 355 3 6 9 12 15 15 14 13 13 14 13 10 8 9 8 8 7 3 1 3 5 1 358 356 353 348 343 337 333 329 323 318 318 320 322 323 324 323 323 323 323 322 322 321 321
50 48 46 44 41 39 39 40 42 48 54 57 55 55 58 60 58 51 49 52 58 62 59 49 39 38 40 39 45 55 55 51 44 39 54 60 49 30 10 1 345 322 313 314 315 315 315 319 328 339 350 359 5 7 10 13 15 15 13 12 13 15 14 11 12 12 9 8 6 3 3 5 3 359 357 355 353 349 343 337 333 330 324 320 319 320 322 322 322 322 322 321 321 320 320 320
49 47 45 44 44 45 49 52 55 56 57 58 55 54 56 58 53 40 38 45 55 64 60 48 37 33 35 35 41 51 52 47 42 42 54 59 43 26 14 8 358 341 324 313 310 312 314 317 322 331 342 353 2 7 9 10 13 16 15 12 12 16 17 16 16 15 12 8 7 5 3 3 4 2 360 358 357 355 351 343 337 333 330 326 319 317 318 319 320 319 319 317 317 317 318 318
48 48 47 49 52 54 57 58 58 56 57 59 58 53 53 56 48 29 29 40 50 61 60 45 36 32 29 26 33 43 49 48 41 41 49 50 38 25 18 10 359 355 350 327 313 310 311 313 316 324 334 346 357 6 8 9 11 15 17 15 13 16 19 18 17 17 16 12 8 5 2 2 4 5 4 3 1 360 357 350 342 336 335 332 327 321 317 315 313 312 310 310 310 312 314 315
52 53 53 54 55 55 54 54 54 53 51 54 54 49 50 54 46 22 21 31 41 51 56 42 33 36 30 23 27 37 44 47 42 41 48 47 38 31 22 12 4 4 1 345 326 315 311 309 310 316 326 339 352 2 7 8 10 14 17 16 14 15 18 18 17 17 17 16 12 6 2 2 5 7 7 6 4 2 0 357 349 342 340 338 336 332 324 317 309 301 299 303 308 312 313 314
56 56 55 56 56 56 54 51 49 46 44 48 49 45 47 53 44 15 8 19 30 43 51 47 35 40 37 32 28 31 38 43 46 49 56 55 48 40 27 17 12 7 2 354 340 325 316 312 310 311 318 331 346 357 5 7 8 11 16 17 15 14 17 18 16 16 17 18 15 10 6 4 4 6 9 9 7 3 2 2 359 352 347 344 342 340 336 329 320 309 307 312 315 317 317 314
55 54 54 54 54 53 52 50 47 44 42 44 44 41 45 52 41 5 356 9 21 35 44 46 39 37 36 35 34 30 32 40 47 54 62 62 54 43 30 18 11 2 359 358 351 335 326 322 319 314 314 322 337 351 2 7 7 9 14 17 16 14 16 17 16 14 16 17 16 14 10 8 8 8 9 11 10 6 3 4 4 1 357 354 353 352 348 342 334 324 323 326 327 326 323 318
52 52 51 50 50 48 48 48 47 45 43 43 39 36 42 50 41 5 351 2 16 27 33 37 38 35 32 31 34 30 24 33 44 54 59 55 44 35 28 16 4 359 0 4 358 345 335 331 327 321 318 320 328 343 358 6 8 8 12 16 16 15 15 17 16 14 15 16 17 16 14 13 14 13 9 10 12 11 7 5 5 5 3 2 3 2 356 348 338 330 331 338 341 340 336 331
49 50 50 49 48 47 46 44 44 45 45 41 33 31 39 50 45 12 352 357 10 17 20 27 33 35 33 31 37 30 17 22 36 48 55 48 34 24 20 11 1 360 5 9 5 354 343 334 329 326 323 322 326 337 353 5 8 8 10 14 15 15 15 17 16 14 14 16 17 17 16 16 17 18 14 10 12 14 13 8 7 7 6 8 10 7 358 349 341 337 341 349 353 348 341 339
48 49 51 51 50 48 44 39 39 42 45 41 29 25 38 51 51 18 349 347 358 6 11 18 26 30 30 30 35 32 19 19 28 39 41 33 22 15 12 8 3 5 9 11 10 2 348 338 333 332 331 329 329 334 348 2 8 9 10 13 14 14 14 16 16 15 14 15 16 17 16 15 16 19 20 16 12 15 17 14 9 8 9 11 11 7 358 350 347 347 353 358 357 348 341 342
50 50 51 51 50 47 41 37 38 40 45 42 27 22 35 49 53 28 345 336 341 355 5 12 18 23 22 22 28 31 27 20 20 29 34 31 22 12 8 7 8 10 12 13 13 5 353 344 340 339 338 335 332 334 344 358 7 10 10 12 12 11 12 14 15 14 14 15 17 17 16 14 15 18 20 20 17 16 17 15 12 12 13 12 9 3 358 353 352 356 1 2 360 352 346 345
51 50 50 52 51 46 42 41 43 43 45 45 29 21 33 46 53 44 355 327 323 338 358 10 16 18 16 17 24 27 24 18 18 29 38 38 32 19 14 15 15 15 14 13 10 7 359 350 345 344 343 339 335 335 342 355 6 10 11 12 12 10 9 11 14 15 14 15 18 18 16 14 14 15 18 22 23 20 18 17 17 19 18 12 5 0 357 355 356 1 4 5 5 0 353 346
49 48 48 51 53 49 48 48 49 46 45 48 35 21 29 42 52 52 26 337 313 314 342 6 18 22 23 25 27 26 26 24 29 40 46 46 39 30 25 25 24 21 18 16 15 12 6 358 353 350 347 344 339 337 341 353 4 9 10 11 11 10 11 15 19 23 21 17 18 19 17 14 13 12 15 20 24 24 23 23 23 22 19 12 5 359 357 357 0 4 6 8 8 4 354 343
47 46 43 43 43 44 46 50 53 48 44 51 42 19 22 36 50 54 44 16 326 289 286 356 32 33 31 33 38 41 42 45 48 49 52 50 46 43 36 32 32 29 28 26 25 21 15 9 3 358 353 348 342 341 343 352 3 9 10 12 13 15 21 29 36 42 40 23 15 17 18 16 14 12 12 16 21 24 26 26 25 23 18 11 4 360 359 0 4 6 8 10 8 360 349 342
41 41 37 34 33 33 36 41 48 48 45 54 49 18 16 31 47 54 53 43 25 306 241 204 129 77 55 52 57 57 54 56 56 54 57 55 51 50 41 33 35 37 39 37 34 30 26 19 11 4 359 352 346 344 344 350 1 9 12 16 21 27 35 38 35 35 34 25 8 9 16 17 15 12 10 11 15 20 23 25 26 23 16 8 4 3 3 5 7 8 9 10 6 354 343 341
39 40 38 32 31 32 33 37 43 44 45 58 58 24 17 32 46 53 55 56 55 51 105 178 167 149 126 98 84 71 58 61 63 60 61 59 52 51 46 34 31 36 41 41 37 33 29 19 11 6 2 356 350 346 346 350 1 14 19 25 32 35 35 31 27 26 28 26 17 5 9 14 14 12 10 7 9 13 17 20 22 21 16 10 9 8 8 9 10 10 11 9 2 350 342 343
40 41 39 34 32 34 34 36 41 41 44 57 62 39 28 38 48 50 51 55 62 64 63 79 114 139 148 123 96 72 55 63 66 64 64 62 55 53 50 38 29 31 39 43 41 35 28 18 9 6 4 1 355 350 349 355 7 22 30 32 31 30 26 23 22 24 26 28 27 20 11 13 13 11 9 5 3 5 9 12 16 19 20 17 14 14 13 14 14 13 10 5 356 348 346 349
35 38 37 32 29 32 34 34 38 37 41 53 60 51 46 51 50 46 44 47 54 62 61 54 53 54 61 68 73 53 47 63 68 67 66 65 59 56 54 44 34 30 34 44 45 40 31 19 9 6 6 5 0 354 353 359 9 20 26 25 21 21 21 20 22 24 26 29 31 30 26 23 20 8 1 359 356 356 0 5 9 18 23 22 19 18 17 17 16 13 6 360 352 346 349 355
32 37 37 31 28 31 34 34 34 34 38 48 54 55 52 53 47 43 40 42 47 51 50 38 29 28 33 44 48 34 37 58 66 66 67 67 62 59 58 51 42 32 31 42 47 44 35 22 12 9 9 7 3 359 356 359 7 17 23 21 18 19 21 22 24 27 28 29 31 32 30 28 25 14 357 345 344 346 350 358 5 14 20 22 21 20 19 18 16 12 5 357 350 346 351 359
31 36 38 31 27 28 32 33 32 32 33 40 46 50 54 52 38 36 40 40 39 39 35 28 30 36 43 52 49 31 28 52 59 58 62 67 65 63 61 58 51 40 33 38 47 47 39 27 19 14 12 9 4 2 0 1 7 16 22 22 21 22 24 25 27 29 30 30 31 32 32 33 31 24 13 352 333 333 338 346 356 5 11 17 19 18 16 15 14 12 8 359 350 349 355 3
30 35 38 33 26 26 30 32 31 29 28 31 35 40 47 50 39 34 34 34 30 34 38 39 45 53 56 59 58 41 26 49 56 53 54 61 67 66 63 62 58 50 40 36 47 50 43 31 23 18 13 10 6 4 3 4 8 16 23 25 25 26 26 27 28 30 31 31 32 32 33 36 38 35 28 15 345 320 320 328 338 349 360 7 11 12 11 9 9 11 10 3 356 357 3 7
31 37 42 38 31 32 35 36 34 30 26 25 27 31 37 42 43 38 37 38 37 47 55 56 59 61 59 56 56 59 52 52 57 54 52 55 60 64 65 64 63 59 55 44 46 51 45 33 24 19 15 12 8 7 6 6 10 17 24 27 26 27 27 28 30 31 32 32 32 33 34 36 39 40 38 31 12 329 303 301 308 321 337 353 0 4 4 4 5 8 9 6 3 6 10 11
34 39 43 40 35 37 43 46 43 36 29 26 27 30 33 39 44 47 52 55 60 63 63 60 60 62 59 52 50 53 65 68 56 55 53 53 53 54 57 59 59 58 57 52 44 49 46 36 29 24 19 16 12 10 9 7 11 19 25 27 28 28 29 30 31 32 33 32 32 32 34 36 37 38 38 36 28 2 323 297 292 294 303 319 340 352 356 360 2 2 3 6 8 10 13 15
35 36 39 39 35 36 40 45 52 53 47 43 41 42 42 43 51 61 68 70 69 67 66 64 62 61 55 51 51 50 54 59 41 48 52 53 51 48 45 45 46 45 44 44 38 37 41 39 36 30 23 21 16 13 12 10 13 21 28 31 32 32 32 32 33 33 34 33 32 32 33 35 36 37 37 35 31 15 355 332 308 296 293 293 303 323 342 353 356 355 357 4 8 10 13 17
36 37 39 39 37 34 33 36 45 55 58 55 51 50 51 54 64 69 71 74 77 75 71 69 69 63 55 55 62 62 63 68 54 33 50 51 51 48 43 39 39 36 35 35 31 22 26 36 40 35 27 23 19 16 15 14 16 23 31 34 36 36 34 34 35 35 35 34 32 32 32 33 34 35 36 36 33 21 8 359 341 318 301 293 291 296 314 333 343 347 352 360 6 9 14 20
41 41 39 38 38 36 30 30 36 43 46 46 49 56 60 66 71 68 60 57 65 71 72 71 71 64 57 57 64 68 71 78 99 65 48 51 53 52 47 45 43 38 34 33 28 21 17 26 38 37 30 24 20 18 18 17 19 25 31 33 34 34 33 34 36 37 37 37 34 32 32 32 31 32 35 38 39 30 14 8 1 345 321 301 290 291 298 308 320 332 342 354 6 12 17 22
42 40 36 34 37 37 32 29 30 36 38 36 39 50 65 77 77 69 60 54 52 58 72 74 69 63 58 54 54 57 59 63 74 137 141 58 57 56 55 55 51 43 39 37 31 25 20 20 31 34 30 25 21 20 20 19 21 27 30 32 34 35 34 35 37 38 39 40 38 33 31 30 30 30 33 38 42 39 23 12 10 4 345 318 299 292 291 293 301 312 326 344 4 16 19 20
34 35 33 32 36 36 33 31 30 34 37 34 35 49 72 85 85 77 70 64 58 55 67 79 74 68 63 57 53 49 47 47 54 74 144 134 68 60 63 64 58 50 47 41 34 30 25 22 26 31 29 26 23 23 22 21 24 29 32 34 36 36 36 36 37 39 40 42 44 40 32 29 28 27 30 35 39 40 33 22 19 14 3 340 319 306 297 292 291 291 298 319 356 14 17 17
21 30 34 33 36 37 34 34 35 42 46 45 42 56 78 88 91 87 81 76 68 62 65 77 84 78 71 65 58 51 46 45 50 57 80 143 111 67 72 71 64 57 51 42 38 36 32 26 26 31 31 29 27 26 24 23 26 31 33 33 35 36 36 36 37 39 41 42 47 49 43 34 28 22 23 29 34 37 36 32 24 15 5 351 337 327 317 306 296 289 285 289 320 2 15 17
14 27 36 37 41 43 39 38 40 47 54 57 57 70 79 80 82 86 85 81 76 72 71 76 87 92 81 73 66 57 50 51 56 58 64 87 157 69 76 75 67 61 53 44 41 41 37 30 29 33 33 32 30 29 27 26 27 31 32 33 34 35 36 37 38 41 43 46 50 55 58 54 41 25 17 23 30 33 33 33 27 14 3 353 349 345 335 318 307 306 308 311 312 326 351 354
