windninja/windninja_output/Output_2025-08-09_1400-1450_Google earth_Fire_150m_10min/merlingen_7.5mi_point_08-09-2025_1430_150m_vel.asc
ncols	158
nrows	163
xllcorner	391686.332397
yllcorner	5160024.123721
cellsize	150.000000
NODATA_value	-32768.000000
[rows 0 to 37 of 163, columns 0 to 83 of 158]
1.39 1.34 1.30 1.34 1.39 1.43 1.40 1.36 1.37 1.39 1.37 1.27 1.08 0.88 0.78 0.76 0.76 0.79 0.93 1.16 1.35 1.45 1.55 1.60 1.60 1.56 1.48 1.46 1.56 1.61 1.56 1.51 1.45 1.41 1.45 1.50 1.43 1.33 1.33 1.37 1.42 1.51 1.52 1.53 1.61 1.68 1.70 1.79 2.06 2.38 2.59 2.72 2.82 2.83 2.72 2.55 2.39 2.32 2.34 2.42 2.45 2.43 2.40 2.41 2.46 2.49 2.50 2.52 2.56 2.60 2.61 2.57 2.47 2.43 2.49 2.54 2.45 2.29 2.28 2.38 2.38 2.24 2.13 2.10
1.40 1.37 1.35 1.35 1.36 1.34 1.28 1.22 1.22 1.26 1.28 1.26 1.18 1.09 1.05 1.03 1.08 1.16 1.32 1.47 1.51 1.56 1.64 1.68 1.66 1.61 1.56 1.56 1.57 1.53 1.50 1.50 1.50 1.51 1.54 1.59 1.57 1.59 1.64 1.64 1.66 1.72 1.77 1.86 1.97 2.04 2.12 2.18 2.27 2.35 2.41 2.46 2.48 2.43 2.37 2.35 2.37 2.41 2.45 2.44 2.40 2.41 2.44 2.48 2.50 2.50 2.51 2.54 2.59 2.63 2.62 2.56 2.52 2.55 2.60 2.57 2.44 2.41 2.51 2.51 2.36 2.21 2.19 2.14
1.47 1.48 1.46 1.40 1.36 1.28 1.21 1.20 1.26 1.34 1.41 1.40 1.37 1.38 1.42 1.52 1.65 1.75 1.82 1.80 1.72 1.70 1.71 1.71 1.71 1.70 1.68 1.65 1.58 1.50 1.48 1.51 1.56 1.65 1.74 1.80 1.88 1.97 2.00 2.00 2.04 2.08 2.15 2.31 2.43 2.53 2.64 2.69 2.61 2.46 2.39 2.35 2.24 2.15 2.18 2.31 2.46 2.54 2.56 2.53 2.51 2.54 2.57 2.58 2.55 2.53 2.54 2.58 2.65 2.66 2.59 2.54 2.60 2.68 2.68 2.59 2.55 2.66 2.73 2.60 2.39 2.30 2.29 2.21
1.53 1.56 1.54 1.48 1.43 1.37 1.40 1.55 1.70 1.76 1.68 1.55 1.49 1.50 1.59 1.78 1.90 1.95 1.92 1.81 1.72 1.71 1.73 1.75 1.83 1.91 1.92 1.88 1.83 1.78 1.74 1.70 1.72 1.83 1.94 2.00 2.02 2.02 2.06 2.19 2.32 2.42 2.53 2.66 2.74 2.80 2.83 2.81 2.76 2.74 2.68 2.55 2.44 2.41 2.44 2.47 2.48 2.49 2.50 2.55 2.61 2.62 2.59 2.55 2.54 2.55 2.57 2.62 2.66 2.61 2.53 2.54 2.58 2.57 2.51 2.50 2.60 2.71 2.67 2.52 2.43 2.45 2.44 2.40
1.52 1.54 1.56 1.54 1.50 1.52 1.62 1.76 1.83 1.75 1.60 1.51 1.52 1.58 1.72 1.85 1.86 1.82 1.74 1.67 1.64 1.69 1.77 1.83 1.95 2.06 2.17 2.24 2.24 2.23 2.21 2.18 2.19 2.20 2.16 2.12 2.10 2.17 2.34 2.50 2.63 2.75 2.89 2.96 2.95 2.90 2.81 2.73 2.72 2.71 2.60 2.47 2.42 2.43 2.43 2.42 2.42 2.43 2.46 2.51 2.54 2.53 2.51 2.52 2.54 2.57 2.58 2.61 2.63 2.54 2.45 2.46 2.49 2.49 2.44 2.38 2.40 2.49 2.52 2.42 2.30 2.33 2.48 2.59
1.44 1.45 1.49 1.55 1.59 1.63 1.69 1.71 1.60 1.43 1.37 1.40 1.47 1.58 1.73 1.77 1.70 1.60 1.50 1.47 1.53 1.62 1.71 1.81 1.91 1.99 2.07 2.16 2.27 2.36 2.43 2.52 2.60 2.58 2.47 2.40 2.48 2.64 2.78 2.84 2.86 2.90 2.91 2.85 2.76 2.66 2.58 2.54 2.51 2.45 2.38 2.33 2.29 2.28 2.31 2.37 2.42 2.47 2.51 2.54 2.54 2.53 2.54 2.56 2.57 2.57 2.58 2.63 2.66 2.56 2.47 2.45 2.52 2.58 2.55 2.52 2.52 2.52 2.42 2.22 2.13 2.25 2.47 2.62
1.39 1.37 1.37 1.47 1.58 1.64 1.64 1.56 1.40 1.30 1.31 1.38 1.46 1.56 1.65 1.65 1.61 1.57 1.55 1.57 1.60 1.64 1.69 1.72 1.78 1.79 1.80 1.91 2.09 2.23 2.35 2.50 2.61 2.65 2.70 2.79 2.91 2.96 2.93 2.86 2.80 2.72 2.60 2.46 2.35 2.32 2.32 2.32 2.29 2.25 2.24 2.27 2.30 2.30 2.31 2.35 2.41 2.47 2.54 2.60 2.68 2.74 2.73 2.68 2.63 2.60 2.62 2.69 2.70 2.66 2.69 2.80 2.86 2.79 2.74 2.78 2.80 2.72 2.45 2.21 2.30 2.57 2.67 2.66
1.39 1.38 1.35 1.35 1.39 1.43 1.42 1.33 1.24 1.24 1.32 1.43 1.54 1.61 1.64 1.63 1.61 1.63 1.69 1.73 1.77 1.81 1.78 1.73 1.71 1.70 1.76 1.88 1.95 2.01 2.15 2.30 2.34 2.38 2.54 2.71 2.77 2.71 2.60 2.51 2.42 2.33 2.24 2.15 2.11 2.12 2.13 2.13 2.12 2.09 2.10 2.20 2.30 2.32 2.33 2.40 2.48 2.57 2.66 2.78 2.86 2.86 2.82 2.79 2.73 2.66 2.68 2.75 2.75 2.72 2.81 2.97 2.98 2.86 2.77 2.72 2.70 2.58 2.33 2.25 2.49 2.75 2.85 2.86
1.38 1.37 1.35 1.31 1.26 1.22 1.18 1.16 1.19 1.26 1.34 1.44 1.54 1.63 1.68 1.67 1.64 1.67 1.72 1.76 1.83 1.88 1.89 1.88 1.85 1.85 1.89 1.90 1.86 1.87 2.00 2.10 2.12 2.17 2.26 2.30 2.24 2.16 2.09 2.04 1.98 1.94 1.93 1.96 2.01 2.02 1.99 1.97 1.98 2.01 2.08 2.14 2.14 2.19 2.35 2.51 2.63 2.71 2.76 2.72 2.59 2.46 2.48 2.56 2.58 2.64 2.76 2.85 2.82 2.74 2.70 2.66 2.59 2.57 2.56 2.53 2.49 2.34 2.20 2.28 2.58 2.82 3.00 3.20
1.34 1.34 1.32 1.31 1.27 1.21 1.17 1.18 1.24 1.30 1.36 1.42 1.47 1.53 1.59 1.61 1.64 1.70 1.77 1.87 1.95 1.97 2.01 2.03 2.02 1.99 1.95 1.90 1.85 1.89 2.00 2.02 1.99 2.04 2.08 2.03 1.92 1.84 1.80 1.76 1.77 1.81 1.86 1.89 1.89 1.86 1.85 1.86 1.87 1.88 1.93 1.98 2.00 2.13 2.33 2.46 2.50 2.48 2.36 2.15 1.99 1.98 1.98 1.97 2.16 2.49 2.73 2.80 2.69 2.54 2.45 2.40 2.36 2.36 2.37 2.32 2.23 2.20 2.40 2.79 3.09 3.21 3.21 3.29
1.32 1.32 1.31 1.30 1.28 1.26 1.26 1.28 1.31 1.34 1.37 1.40 1.42 1.44 1.48 1.54 1.62 1.71 1.80 1.91 2.02 2.09 2.13 2.13 2.12 2.11 2.03 1.91 1.87 1.91 1.92 1.86 1.80 1.83 1.85 1.80 1.74 1.70 1.70 1.77 1.83 1.85 1.85 1.80 1.72 1.69 1.69 1.67 1.62 1.57 1.61 1.70 1.79 1.94 2.00 1.99 1.86 1.71 1.55 1.45 1.46 1.50 1.45 1.55 1.91 2.24 2.38 2.34 2.17 2.13 2.27 2.41 2.44 2.39 2.29 2.16 2.13 2.32 2.75 3.33 3.62 3.62 3.48 3.39
1.31 1.31 1.30 1.28 1.27 1.28 1.30 1.33 1.34 1.36 1.37 1.38 1.40 1.41 1.44 1.53 1.62 1.71 1.77 1.83 1.91 1.99 2.04 2.06 2.07 2.00 1.84 1.73 1.71 1.70 1.65 1.59 1.60 1.65 1.63 1.57 1.55 1.60 1.69 1.75 1.76 1.77 1.75 1.69 1.65 1.60 1.46 1.31 1.18 1.10 1.14 1.19 1.19 1.27 1.29 1.26 1.16 1.05 0.94 0.88 0.91 0.96 1.05 1.35 1.72 1.85 1.87 1.76 1.70 2.00 2.37 2.50 2.52 2.53 2.58 2.71 2.96 3.22 3.50 3.75 3.80 3.82 3.89 4.06
1.29 1.28 1.28 1.27 1.28 1.29 1.30 1.30 1.31 1.33 1.35 1.37 1.37 1.36 1.38 1.47 1.58 1.66 1.73 1.79 1.82 1.82 1.81 1.79 1.71 1.57 1.48 1.48 1.49 1.49 1.50 1.53 1.57 1.57 1.50 1.43 1.46 1.57 1.64 1.65 1.66 1.69 1.67 1.60 1.54 1.42 1.21 0.95 0.78 0.78 0.81 0.77 0.74 0.80 0.89 0.90 0.84 0.73 0.58 0.53 0.66 0.82 1.01 1.28 1.48 1.52 1.48 1.47 1.72 2.16 2.35 2.42 2.58 2.80 3.15 3.58 3.86 4.06 4.18 4.11 3.97 3.99 4.20 4.52
1.27 1.26 1.26 1.26 1.27 1.29 1.29 1.28 1.29 1.30 1.33 1.35 1.35 1.35 1.36 1.41 1.49 1.56 1.63 1.69 1.69 1.63 1.53 1.42 1.33 1.32 1.37 1.44 1.48 1.47 1.45 1.46 1.49 1.47 1.42 1.46 1.55 1.57 1.55 1.52 1.49 1.39 1.19 1.06 0.97 0.88 0.83 0.82 0.81 0.79 0.74 0.67 0.63 0.69 0.81 0.83 0.75 0.60 0.47 0.56 0.82 1.06 1.28 1.44 1.44 1.40 1.39 1.59 1.91 2.08 2.17 2.37 2.73 3.06 3.30 3.38 3.51 3.69 3.69 3.66 3.80 4.00 4.16 4.21
1.25 1.25 1.24 1.24 1.24 1.25 1.25 1.27 1.29 1.30 1.32 1.34 1.37 1.41 1.45 1.50 1.55 1.55 1.53 1.52 1.46 1.37 1.29 1.22 1.22 1.29 1.39 1.46 1.47 1.43 1.41 1.43 1.45 1.44 1.49 1.57 1.56 1.45 1.31 1.11 0.94 0.71 0.53 0.49 0.52 0.54 0.61 0.82 1.05 1.08 1.00 0.93 0.90 0.97 1.08 1.03 0.92 0.81 0.84 1.09 1.47 1.71 1.94 1.93 1.70 1.62 1.72 1.92 2.08 2.02 2.13 2.54 2.89 2.97 2.85 2.83 2.95 2.88 2.67 2.86 3.35 3.63 3.60 3.40
1.23 1.23 1.22 1.22 1.21 1.21 1.21 1.23 1.26 1.28 1.31 1.34 1.38 1.45 1.55 1.67 1.71 1.64 1.54 1.45 1.37 1.30 1.26 1.26 1.29 1.37 1.44 1.47 1.45 1.47 1.57 1.66 1.63 1.55 1.45 1.28 1.09 0.94 0.77 0.61 0.50 0.45 0.53 0.72 0.81 0.86 0.93 0.95 1.01 1.23 1.49 1.59 1.72 1.93 1.99 1.91 1.68 1.49 1.49 1.71 2.06 2.32 2.39 2.25 2.13 2.21 2.29 2.34 2.39 2.23 2.24 2.53 2.63 2.47 2.45 2.63 2.61 2.36 2.42 2.97 3.28 3.07 2.80 2.53
1.21 1.21 1.20 1.20 1.19 1.20 1.21 1.22 1.24 1.27 1.30 1.34 1.38 1.43 1.52 1.63 1.65 1.61 1.55 1.48 1.40 1.34 1.31 1.33 1.40 1.45 1.46 1.47 1.54 1.63 1.70 1.64 1.45 1.21 0.93 0.73 0.65 0.61 0.60 0.65 0.75 0.91 1.16 1.28 1.27 1.27 1.32 1.28 1.26 1.51 1.86 2.12 2.29 2.34 2.28 2.18 2.11 2.05 2.06 2.31 2.51 2.56 2.45 2.28 2.30 2.46 2.58 2.69 2.73 2.55 2.38 2.35 2.33 2.30 2.46 2.51 2.37 2.47 2.96 3.26 2.95 2.43 2.16 1.84
1.19 1.19 1.19 1.18 1.18 1.20 1.21 1.23 1.25 1.28 1.30 1.32 1.35 1.39 1.44 1.47 1.47 1.46 1.45 1.41 1.35 1.27 1.25 1.30 1.35 1.36 1.36 1.40 1.48 1.52 1.46 1.26 1.03 0.87 0.79 0.82 0.89 0.95 1.05 1.16 1.27 1.35 1.38 1.35 1.35 1.39 1.47 1.65 1.87 2.02 2.09 2.15 2.20 2.14 2.05 2.08 2.23 2.41 2.55 2.67 2.71 2.66 2.50 2.38 2.48 2.66 2.83 2.88 2.71 2.54 2.55 2.51 2.52 2.53 2.40 2.33 2.47 2.78 2.94 2.54 1.94 1.72 1.55 1.25
1.17 1.17 1.16 1.16 1.17 1.18 1.19 1.22 1.25 1.27 1.28 1.29 1.32 1.35 1.38 1.39 1.36 1.30 1.24 1.20 1.17 1.17 1.19 1.21 1.21 1.22 1.26 1.30 1.29 1.23 1.12 0.99 0.93 0.98 1.07 1.14 1.18 1.21 1.24 1.29 1.34 1.35 1.34 1.35 1.38 1.47 1.64 1.86 2.02 2.07 2.03 1.96 1.93 1.96 2.06 2.24 2.40 2.52 2.64 2.71 2.72 2.61 2.48 2.49 2.66 2.81 2.87 2.73 2.56 2.68 2.93 2.95 2.89 2.66 2.28 2.15 2.16 2.09 1.86 1.42 1.24 1.25 1.15 1.09
1.14 1.14 1.14 1.15 1.16 1.17 1.18 1.20 1.22 1.24 1.26 1.29 1.32 1.33 1.34 1.32 1.27 1.20 1.15 1.13 1.15 1.19 1.22 1.22 1.23 1.25 1.27 1.25 1.21 1.15 1.07 1.01 1.00 1.01 1.04 1.10 1.19 1.27 1.35 1.46 1.51 1.54 1.56 1.56 1.61 1.78 1.94 1.95 1.88 1.86 1.86 1.85 1.87 2.01 2.26 2.44 2.51 2.53 2.56 2.56 2.47 2.31 2.28 2.42 2.58 2.68 2.69 2.68 2.92 3.29 3.36 3.15 2.95 2.73 2.50 2.24 1.82 1.47 1.33 1.27 1.31 1.40 1.42 1.47
1.13 1.13 1.13 1.13 1.14 1.15 1.17 1.18 1.20 1.21 1.24 1.27 1.30 1.31 1.32 1.30 1.26 1.23 1.22 1.23 1.25 1.27 1.29 1.30 1.31 1.30 1.27 1.25 1.23 1.20 1.16 1.13 1.15 1.20 1.34 1.48 1.60 1.73 1.79 1.80 1.76 1.70 1.67 1.70 1.83 1.95 1.94 1.86 1.82 1.86 1.90 1.94 2.02 2.14 2.24 2.28 2.35 2.45 2.48 2.41 2.27 2.23 2.34 2.48 2.61 2.77 2.90 3.13 3.50 3.59 3.27 2.87 2.63 2.57 2.56 2.39 2.15 1.95 1.84 1.80 1.87 1.90 1.81 1.74
1.12 1.11 1.11 1.10 1.11 1.13 1.15 1.17 1.19 1.21 1.23 1.25 1.27 1.29 1.30 1.30 1.30 1.30 1.30 1.31 1.31 1.32 1.33 1.34 1.33 1.31 1.30 1.28 1.25 1.23 1.23 1.28 1.39 1.61 1.82 1.95 2.01 1.99 1.91 1.83 1.76 1.73 1.75 1.82 1.87 1.84 1.80 1.86 1.96 2.03 2.08 2.14 2.18 2.17 2.11 2.10 2.18 2.29 2.35 2.32 2.28 2.37 2.54 2.64 2.81 3.10 3.37 3.62 3.65 3.25 2.74 2.47 2.37 2.41 2.40 2.37 2.45 2.51 2.48 2.44 2.34 2.09 1.90 1.90
1.08 1.08 1.08 1.09 1.11 1.13 1.14 1.16 1.18 1.21 1.24 1.26 1.28 1.29 1.30 1.31 1.33 1.34 1.35 1.35 1.36 1.37 1.37 1.37 1.36 1.35 1.33 1.31 1.29 1.29 1.34 1.45 1.63 1.78 1.82 1.81 1.78 1.72 1.66 1.64 1.68 1.76 1.83 1.84 1.82 1.89 2.05 2.11 2.13 2.14 2.16 2.18 2.16 2.14 2.15 2.20 2.24 2.29 2.27 2.26 2.32 2.49 2.67 2.90 3.33 3.74 3.88 3.78 3.35 2.77 2.40 2.27 2.34 2.51 2.58 2.56 2.54 2.64 2.80 2.84 2.67 2.39 2.22 2.12
1.06 1.06 1.07 1.08 1.09 1.10 1.12 1.13 1.16 1.20 1.23 1.26 1.28 1.30 1.31 1.33 1.35 1.37 1.38 1.39 1.40 1.41 1.41 1.40 1.39 1.37 1.32 1.27 1.24 1.27 1.35 1.46 1.58 1.60 1.57 1.51 1.43 1.42 1.50 1.59 1.69 1.79 1.84 1.88 2.04 2.27 2.29 2.19 2.12 2.11 2.14 2.13 2.14 2.22 2.29 2.30 2.31 2.29 2.22 2.26 2.37 2.52 2.81 3.38 3.89 3.95 3.69 3.23 2.61 2.23 2.10 2.13 2.39 2.77 2.86 2.63 2.42 2.52 2.67 2.70 2.68 2.66 2.57 2.38
1.04 1.04 1.04 1.05 1.06 1.08 1.10 1.12 1.16 1.20 1.22 1.24 1.26 1.30 1.33 1.35 1.36 1.38 1.39 1.40 1.41 1.42 1.42 1.42 1.41 1.37 1.29 1.21 1.18 1.23 1.31 1.37 1.42 1.44 1.45 1.45 1.41 1.42 1.50 1.63 1.74 1.83 1.95 2.19 2.44 2.41 2.21 2.09 2.05 2.05 2.08 2.13 2.24 2.35 2.39 2.39 2.37 2.26 2.14 2.14 2.27 2.64 3.28 3.82 3.76 3.21 2.68 2.17 1.79 1.64 1.70 2.08 2.75 3.04 2.73 2.30 2.13 2.28 2.41 2.46 2.62 2.83 2.91 2.79
1.01 1.01 1.01 1.02 1.04 1.06 1.09 1.12 1.16 1.19 1.21 1.23 1.26 1.29 1.32 1.35 1.37 1.38 1.39 1.40 1.41 1.41 1.42 1.43 1.44 1.41 1.34 1.30 1.30 1.30 1.27 1.30 1.38 1.46 1.53 1.55 1.54 1.54 1.61 1.70 1.80 1.93 2.13 2.37 2.39 2.18 2.06 2.06 2.10 2.16 2.17 2.17 2.19 2.25 2.36 2.47 2.42 2.19 1.98 1.98 2.37 3.27 4.00 3.98 3.44 2.83 2.25 1.79 1.56 1.51 1.82 2.60 3.12 2.91 2.50 2.23 2.13 2.23 2.35 2.50 2.79 3.02 3.14 3.21
0.99 0.99 0.99 1.01 1.02 1.05 1.08 1.12 1.16 1.18 1.20 1.23 1.26 1.28 1.30 1.33 1.36 1.38 1.39 1.40 1.41 1.44 1.47 1.48 1.48 1.46 1.47 1.50 1.49 1.43 1.34 1.30 1.31 1.36 1.44 1.53 1.62 1.72 1.82 1.89 1.96 2.08 2.26 2.35 2.26 2.20 2.26 2.29 2.33 2.39 2.35 2.27 2.24 2.32 2.55 2.61 2.37 2.11 2.08 2.35 3.09 3.93 3.99 3.41 2.87 2.50 2.12 1.83 1.73 1.94 2.58 3.14 3.06 2.66 2.40 2.35 2.36 2.40 2.49 2.65 2.84 2.89 2.96 3.24
0.97 0.97 0.98 0.99 1.01 1.03 1.07 1.11 1.15 1.17 1.19 1.22 1.25 1.27 1.30 1.33 1.35 1.37 1.39 1.42 1.46 1.49 1.51 1.52 1.53 1.54 1.60 1.69 1.74 1.69 1.56 1.42 1.35 1.32 1.31 1.37 1.55 1.80 1.96 2.03 2.08 2.25 2.40 2.44 2.46 2.53 2.63 2.64 2.59 2.55 2.58 2.65 2.71 2.80 2.86 2.66 2.42 2.42 2.72 3.22 3.78 3.94 3.31 2.49 2.08 1.92 1.83 1.81 1.97 2.47 3.07 3.16 2.84 2.51 2.29 2.27 2.44 2.66 2.76 2.73 2.69 2.64 2.74 3.04
0.94 0.94 0.95 0.97 0.99 1.02 1.06 1.10 1.13 1.15 1.18 1.21 1.24 1.27 1.31 1.34 1.36 1.39 1.42 1.46 1.50 1.52 1.52 1.53 1.56 1.64 1.77 1.94 2.05 2.04 1.93 1.78 1.64 1.53 1.51 1.59 1.80 2.01 2.25 2.39 2.49 2.67 2.71 2.69 2.72 2.75 2.78 2.82 2.85 2.90 2.99 3.08 3.14 3.15 2.99 2.71 2.69 2.91 3.20 3.62 3.91 3.63 2.89 2.21 1.88 1.77 1.76 1.89 2.31 2.93 3.28 3.17 2.84 2.45 2.13 2.06 2.23 2.53 2.59 2.57 2.56 2.53 2.63 2.78
0.91 0.91 0.92 0.94 0.97 1.01 1.05 1.08 1.11 1.14 1.18 1.22 1.26 1.29 1.33 1.35 1.38 1.41 1.44 1.47 1.49 1.50 1.52 1.55 1.60 1.70 1.88 2.03 2.12 2.23 2.30 2.25 2.07 1.98 2.17 2.39 2.47 2.57 2.75 2.91 3.08 3.19 3.14 3.07 2.97 2.91 2.94 3.07 3.33 3.56 3.59 3.53 3.47 3.34 3.13 2.94 2.88 2.95 3.15 3.48 3.50 2.94 2.35 1.97 1.72 1.65 1.78 2.09 2.59 3.09 3.19 2.89 2.54 2.27 2.11 2.16 2.37 2.39 2.30 2.37 2.45 2.41 2.42 2.41
0.88 0.88 0.90 0.93 0.95 0.99 1.04 1.07 1.11 1.14 1.18 1.22 1.26 1.29 1.33 1.36 1.39 1.42 1.44 1.47 1.49 1.52 1.56 1.60 1.65 1.74 1.83 1.87 1.87 1.88 1.96 2.13 2.33 2.57 2.86 2.96 2.92 2.95 3.10 3.23 3.31 3.30 3.22 3.14 3.05 3.00 3.07 3.28 3.44 3.44 3.44 3.44 3.31 3.13 2.98 2.82 2.64 2.67 2.95 3.15 2.86 2.16 1.69 1.48 1.44 1.57 1.81 2.10 2.53 2.88 2.67 2.10 1.89 2.06 2.35 2.62 2.65 2.53 2.47 2.52 2.50 2.35 2.26 2.25
0.85 0.86 0.88 0.91 0.95 1.00 1.04 1.08 1.12 1.16 1.19 1.23 1.26 1.30 1.33 1.36 1.38 1.40 1.43 1.48 1.52 1.55 1.59 1.63 1.69 1.78 1.82 1.80 1.74 1.67 1.71 2.01 2.44 2.74 2.87 2.84 2.87 3.04 3.18 3.14 3.02 2.82 2.67 2.63 2.66 2.73 2.85 2.92 2.73 2.43 2.42 2.50 2.49 2.53 2.51 2.50 2.51 2.58 2.75 2.81 2.44 1.88 1.53 1.39 1.49 1.74 1.95 2.16 2.52 2.64 2.17 1.77 1.93 2.36 2.64 2.75 2.71 2.70 2.76 2.80 2.71 2.46 2.28 2.27
0.82 0.82 0.84 0.88 0.94 0.99 1.03 1.07 1.11 1.16 1.20 1.24 1.28 1.32 1.35 1.37 1.38 1.41 1.44 1.48 1.51 1.55 1.60 1.66 1.73 1.79 1.84 1.87 1.91 2.05 2.30 2.54 2.64 2.60 2.49 2.49 2.68 2.90 2.82 2.55 2.39 2.27 2.21 2.22 2.24 2.30 2.40 2.33 2.04 1.90 1.89 1.91 1.98 2.09 2.20 2.39 2.63 2.76 2.75 2.56 2.07 1.71 1.67 1.74 1.86 2.01 2.19 2.46 2.71 2.62 2.29 2.35 2.72 2.86 2.79 2.77 2.84 2.93 2.97 2.93 2.71 2.41 2.26 2.25
0.79 0.80 0.82 0.86 0.92 0.97 1.01 1.06 1.11 1.15 1.19 1.25 1.29 1.32 1.35 1.37 1.40 1.44 1.47 1.49 1.52 1.56 1.62 1.70 1.77 1.81 1.84 1.86 1.98 2.23 2.48 2.60 2.56 2.48 2.43 2.48 2.65 2.71 2.47 2.22 2.13 2.09 2.05 2.01 1.94 1.97 1.99 1.83 1.69 1.71 1.74 1.74 1.74 1.74 1.87 2.14 2.45 2.69 2.71 2.47 2.11 1.90 1.98 2.16 2.27 2.28 2.34 2.50 2.69 2.84 2.98 3.15 3.16 2.95 2.82 2.86 2.99 3.16 3.27 3.12 2.78 2.46 2.33 2.34
0.76 0.77 0.82 0.87 0.92 0.97 1.02 1.07 1.11 1.16 1.20 1.24 1.28 1.31 1.34 1.38 1.41 1.45 1.48 1.51 1.54 1.58 1.63 1.69 1.75 1.80 1.81 1.81 1.87 1.98 2.13 2.23 2.33 2.51 2.71 2.79 2.73 2.55 2.30 2.16 2.04 1.89 1.75 1.64 1.59 1.62 1.60 1.50 1.52 1.59 1.60 1.59 1.55 1.52 1.60 1.84 2.13 2.29 2.31 2.31 2.26 2.19 2.22 2.36 2.44 2.41 2.39 2.48 2.82 3.23 3.32 3.19 2.94 2.71 2.65 2.71 2.83 2.99 3.01 2.88 2.82 2.81 2.69 2.57
0.72 0.75 0.81 0.88 0.94 0.98 1.03 1.08 1.13 1.18 1.21 1.25 1.28 1.31 1.34 1.37 1.41 1.44 1.47 1.51 1.56 1.59 1.62 1.65 1.67 1.70 1.75 1.79 1.78 1.80 1.98 2.18 2.43 2.70 2.83 2.80 2.61 2.31 2.04 1.85 1.68 1.55 1.47 1.47 1.52 1.57 1.53 1.55 1.65 1.70 1.68 1.67 1.67 1.70 1.84 2.03 2.11 2.05 1.98 1.99 2.03 2.08 2.18 2.33 2.46 2.54 2.61 2.82 3.26 3.33 2.84 2.51 2.37 2.29 2.37 2.50 2.50 2.37 2.13 2.08 2.39 2.69 2.71 2.51
0.69 0.72 0.78 0.86 0.93 0.97 1.03 1.08 1.14 1.18 1.21 1.25 1.28 1.31 1.34 1.38 1.41 1.45 1.48 1.52 1.55 1.58 1.61 1.63 1.65 1.68 1.72 1.73 1.74 1.92 2.22 2.43 2.58 2.60 2.44 2.31 2.26 2.04 1.72 1.45 1.34 1.37 1.48 1.58 1.67 1.75 1.76 1.79 1.80 1.77 1.80 1.90 2.00 2.12 2.27 2.33 2.28 2.17 2.07 2.03 2.04 2.06 2.13 2.27 2.42 2.61 2.86 3.21 3.39 2.88 2.07 1.74 1.78 2.06 2.39 2.45 2.31 2.09 1.90 1.93 2.01 2.09 2.24 2.27
0.67 0.70 0.77 0.85 0.91 0.97 1.03 1.08 1.13 1.17 1.22 1.26 1.29 1.32 1.36 1.39 1.42 1.46 1.49 1.52 1.54 1.57 1.60 1.64 1.68 1.71 1.74 1.77 1.95 2.31 2.51 2.51 2.40 2.19 2.02 1.89 1.79 1.64 1.47 1.39 1.41 1.51 1.64 1.78 1.87 1.92 1.96 2.00 1.97 1.92 2.02 2.18 2.30 2.36 2.39 2.44 2.48 2.47 2.43 2.42 2.40 2.30 2.27 2.29 2.31 2.45 2.80 3.13 2.98 2.31 1.80 1.77 2.15 2.56 2.55 2.32 2.31 2.41 2.38 2.24 2.05 1.98 2.08 2.26
