windninja/windninja_output/Output_2025-08-09_1400-1450_Google earth_Fire_150m_10min/merlingen_7.5mi_point_08-09-2025_1440_150m_ang.asc
ncols	158
nrows	163
xllcorner	391686.332397
yllcorner	5160024.123721
cellsize	150.000000
NODATA_value	-32768.000000
[rows 48 to 95 of 163, columns 0 to 95 of 158]
27 26 26 27 29 30 28 25 24 24 24 23 23 23 23 22 22 21 21 21 20 19 19 18 18 17 16 15 14 13 11 10 8 6 2 0 360 359 357 358 1 5 12 15 15 12 10 10 14 17 23 30 32 31 28 23 18 11 4 0 359 1 2 2 2 4 6 9 10 11 12 15 18 23 26 27 23 17 12 11 12 12 11 11 11 10 10 10 7 4 4 7 8 11 14 16
28 27 27 28 30 31 29 26 24 24 24 24 24 23 23 23 22 22 22 21 21 20 19 19 18 17 16 16 15 14 13 11 10 8 5 1 0 359 359 358 1 5 8 9 10 10 11 14 17 21 26 30 29 27 23 18 12 4 0 1 2 4 8 8 4 3 6 8 10 12 14 16 19 24 26 25 20 16 14 14 13 12 10 9 8 8 7 5 2 2 6 13 16 17 18 24
30 28 27 28 29 30 30 28 24 24 24 24 24 24 24 24 23 22 22 22 21 20 20 19 19 18 17 16 16 15 14 12 11 9 7 3 0 360 360 0 2 4 4 4 6 10 14 18 24 28 29 29 24 19 16 12 6 2 2 5 8 11 15 11 5 4 6 9 11 13 15 18 22 24 23 20 16 15 14 14 13 12 11 9 7 5 3 0 0 4 9 16 22 24 27 29
34 30 26 26 28 28 29 29 26 23 24 24 24 24 24 24 24 23 23 22 21 21 21 20 20 19 18 17 17 16 15 14 12 11 9 6 2 1 1 1 3 3 1 0 4 10 15 22 30 32 28 24 20 15 11 6 3 5 9 12 15 17 18 12 5 4 7 9 12 14 17 20 22 22 20 17 15 13 13 14 14 14 13 10 6 2 0 360 3 7 12 19 27 31 31 25
38 33 26 26 29 29 29 31 28 24 23 24 25 25 25 25 25 24 23 23 22 22 22 21 20 20 19 18 18 17 16 15 14 12 10 8 6 3 1 1 3 3 360 358 2 10 16 22 26 22 16 14 15 13 8 4 4 10 15 18 19 18 16 11 5 4 7 10 13 15 17 18 19 19 18 17 15 13 11 12 15 18 17 12 6 2 1 3 6 10 16 21 26 28 24 8
39 34 25 24 28 28 28 31 31 28 25 25 26 26 26 25 25 25 24 24 24 23 22 22 21 21 20 19 18 18 17 16 15 13 12 10 9 6 3 1 1 2 0 357 0 10 15 15 16 13 11 11 12 12 9 6 7 14 20 22 20 17 15 11 5 4 6 10 14 15 14 15 17 18 18 17 16 14 12 12 14 17 17 15 12 7 4 4 9 15 19 20 19 17 4 343
35 33 27 23 27 27 27 31 34 32 28 26 26 26 26 26 26 25 25 25 24 23 23 22 22 21 21 20 19 19 18 17 16 15 14 12 11 9 6 2 360 1 2 360 1 6 10 8 7 8 11 13 12 12 12 10 10 16 20 21 19 16 13 9 5 4 6 9 12 13 13 16 19 19 18 17 16 15 13 10 11 12 13 14 14 14 10 9 12 16 17 15 10 5 344 329
32 33 31 27 30 32 30 31 35 35 32 28 27 27 27 27 27 26 26 25 25 24 24 23 22 22 21 21 20 19 19 18 17 16 15 14 12 11 8 5 2 1 4 4 1 1 2 2 2 5 10 13 12 12 13 12 13 17 18 18 15 12 11 10 6 5 6 8 11 14 17 21 21 19 17 17 16 14 12 9 7 7 10 12 14 15 16 16 17 17 15 10 2 353 336 326
32 33 34 33 33 36 34 32 35 37 34 30 29 28 27 28 28 27 26 26 26 25 25 24 23 23 22 22 21 20 20 19 18 17 16 15 14 12 11 8 6 5 5 4 1 357 355 355 357 2 7 11 12 13 14 14 14 16 16 13 10 9 12 13 10 7 7 8 12 19 24 22 18 16 16 15 14 11 9 8 6 6 9 11 12 15 18 20 22 21 16 5 352 343 336 333
34 34 34 34 33 34 34 32 33 36 34 31 31 30 28 28 28 27 27 27 26 26 25 25 24 23 23 22 22 21 20 20 19 18 17 16 15 14 13 11 9 8 6 4 2 357 352 350 352 356 2 10 13 14 16 14 12 14 12 9 8 9 13 16 14 9 8 10 16 22 21 17 15 15 14 12 11 9 7 7 8 8 10 12 14 18 22 24 22 18 9 353 342 338 335 338
35 34 34 34 34 34 34 32 31 33 33 31 33 33 31 29 28 28 28 27 27 27 26 26 24 24 24 23 22 22 21 21 20 19 18 17 16 15 14 13 11 10 8 6 3 359 354 349 347 349 357 7 12 13 15 13 11 11 9 7 8 11 15 18 17 13 9 11 16 17 15 14 14 13 11 9 7 6 6 7 9 11 13 15 19 23 25 24 18 7 352 342 339 336 335 345
36 35 35 36 36 36 36 35 33 34 34 33 34 36 34 31 29 28 28 28 27 27 27 26 25 25 24 24 23 23 22 21 21 20 19 18 17 16 15 14 13 11 10 8 6 3 359 354 348 344 349 360 8 11 14 14 11 9 7 6 8 11 16 19 20 15 10 11 14 14 13 12 12 10 9 7 5 4 6 9 11 14 16 18 21 23 23 18 7 351 339 335 335 335 339 0
36 37 37 37 38 38 39 39 38 37 35 31 31 34 34 33 31 29 28 28 27 27 27 26 26 26 25 25 24 23 23 22 22 21 20 19 18 18 17 15 14 13 11 10 8 6 3 359 353 346 343 350 2 9 13 14 11 8 6 6 8 11 17 21 21 17 13 12 14 14 12 11 9 8 6 5 5 6 10 12 14 16 18 20 21 21 18 9 354 341 335 334 335 340 354 13
38 38 39 39 39 39 40 40 39 37 34 29 28 31 33 34 33 31 29 28 28 28 28 28 27 27 26 26 25 24 24 23 22 22 21 20 19 19 18 17 15 14 13 11 10 8 5 2 357 350 344 346 355 5 11 14 12 8 6 7 9 12 16 20 20 18 16 14 13 12 10 9 6 5 4 4 6 10 13 14 16 18 22 23 22 17 8 357 344 336 335 338 342 355 10 22
41 41 41 40 40 40 40 40 39 38 36 31 29 30 32 34 34 33 31 29 28 28 29 28 28 28 27 26 25 25 24 24 23 23 22 21 20 19 19 18 17 15 14 13 11 9 7 4 1 356 350 348 351 359 8 13 12 10 8 8 9 11 13 16 19 19 18 15 11 9 8 7 5 3 3 5 9 12 14 16 18 21 24 25 21 13 358 345 338 335 338 344 357 10 21 33
46 45 44 43 42 40 40 40 40 39 38 35 31 30 31 33 35 35 33 31 29 29 29 28 28 28 28 27 26 26 25 25 24 23 23 22 21 20 20 19 18 17 15 14 12 11 9 7 4 360 354 350 351 355 1 8 12 11 8 6 6 7 11 17 22 23 19 13 9 7 7 6 4 2 3 7 10 12 13 16 19 22 24 22 16 4 348 338 334 335 346 357 10 23 34 44
51 49 46 45 44 43 43 44 43 42 41 38 32 30 30 31 33 34 34 33 31 30 30 29 28 29 29 28 27 27 26 25 25 24 23 23 22 21 20 20 19 18 16 15 14 12 11 9 6 3 358 352 351 353 355 2 11 11 7 3 3 8 18 29 32 25 14 7 5 5 6 5 3 2 3 6 8 9 12 16 20 22 21 17 9 353 342 337 335 343 358 9 22 37 47 58
51 48 45 44 44 44 44 46 46 45 43 41 35 31 31 31 32 33 34 35 34 32 31 30 29 29 30 29 28 27 26 26 25 25 24 24 23 22 21 20 20 19 17 16 15 14 12 11 9 6 2 357 353 352 351 354 5 9 7 4 4 15 26 28 22 13 5 2 2 3 4 4 3 3 3 4 5 7 11 17 21 21 17 12 1 347 340 339 344 357 9 22 37 49 60 71
44 43 43 44 44 43 41 42 44 44 43 41 38 32 30 31 32 33 34 35 34 32 32 31 29 29 30 29 29 28 27 27 26 26 25 24 24 23 22 21 20 20 19 17 16 15 14 12 10 8 6 2 358 354 351 348 354 5 9 9 9 12 15 15 12 8 4 2 2 2 2 2 3 3 2 2 3 7 12 17 18 15 9 1 354 347 343 345 359 11 21 35 47 59 71 78
30 34 38 40 42 41 37 37 42 44 43 41 38 34 31 32 33 33 33 34 33 32 32 32 30 30 32 32 32 30 29 28 27 26 26 25 24 24 23 22 21 20 20 19 17 16 15 14 12 10 9 6 3 360 355 349 347 356 9 12 8 4 4 7 8 7 6 5 2 1 1 1 2 1 1 1 2 6 10 11 9 4 357 352 350 348 348 359 12 22 33 44 57 66 71 75
9 23 31 33 34 33 28 31 39 43 42 38 36 35 32 31 33 33 32 34 34 33 33 32 31 31 34 36 35 33 31 29 28 27 27 26 25 24 24 23 22 21 20 20 19 18 16 15 14 12 11 9 7 4 1 357 354 355 3 9 3 358 357 0 3 6 7 6 3 1 1 1 0 359 359 1 2 4 5 4 360 356 351 350 351 349 356 10 21 33 43 55 64 67 66 65
1 15 31 33 35 34 29 27 34 37 33 30 29 29 28 29 31 34 34 34 35 35 35 34 32 32 37 39 37 34 32 30 29 28 27 26 26 25 24 24 23 22 21 21 20 19 18 17 15 14 13 11 10 8 6 4 3 1 2 3 360 353 351 353 356 2 4 4 3 2 3 2 359 358 359 1 2 2 0 358 356 353 355 360 354 351 2 17 31 41 51 58 61 60 58 54
19 28 46 54 54 49 39 33 37 39 34 30 30 30 29 29 31 34 35 35 35 36 37 37 33 33 38 39 37 34 33 31 29 28 27 27 27 26 25 24 24 23 22 22 21 20 19 18 17 16 14 13 12 11 9 8 7 6 5 3 0 354 349 347 348 351 355 357 359 1 3 1 358 358 0 3 2 360 357 355 356 359 6 5 353 354 10 27 39 48 53 55 53 49 45 41
37 42 56 68 73 70 62 55 57 55 48 44 44 41 38 35 34 35 35 35 35 37 38 38 32 29 34 37 36 34 33 32 30 29 28 28 27 26 26 25 25 24 23 22 22 21 20 19 18 17 16 15 14 12 11 10 9 8 7 5 3 359 356 352 348 345 345 347 351 354 356 357 358 359 2 3 2 358 356 357 2 8 9 360 353 1 19 34 47 53 53 50 45 37 31 23
48 51 58 64 69 71 70 72 74 70 63 61 60 55 50 45 42 40 38 36 35 36 36 35 29 25 32 37 37 35 34 33 32 30 28 28 27 27 26 26 25 25 24 23 23 22 21 20 19 18 17 16 15 14 13 12 11 10 8 7 5 3 1 359 355 351 348 344 342 341 342 347 355 360 2 2 0 358 359 4 9 9 3 354 356 12 28 41 52 53 48 45 43 35 20 356
56 59 63 66 69 71 71 73 75 71 66 62 59 56 54 50 47 45 43 39 37 36 35 33 29 26 31 37 38 37 35 34 34 32 28 27 28 27 27 27 26 25 25 24 24 23 22 21 20 19 18 17 16 15 14 13 12 11 10 8 7 5 4 2 360 357 355 350 345 340 335 336 346 355 358 358 358 359 1 7 10 4 354 352 5 24 37 46 50 47 40 37 37 29 356 339
63 66 70 73 75 76 75 75 73 70 66 62 58 55 52 49 48 47 46 43 41 40 38 36 32 28 30 35 39 40 38 35 35 33 29 27 28 28 27 27 26 26 26 25 25 24 23 22 21 20 19 19 17 16 15 14 13 12 11 10 8 7 5 4 2 0 358 355 351 348 344 341 342 346 350 353 355 359 3 6 4 356 350 357 19 37 45 47 45 41 32 25 18 356 342 334
69 71 76 81 84 84 84 80 76 72 68 65 61 57 54 51 48 47 45 44 43 43 42 40 36 31 32 35 38 40 39 37 36 36 34 31 30 29 28 27 27 27 27 26 26 25 24 23 22 22 21 20 19 17 16 15 14 13 12 11 9 8 7 5 4 2 360 357 355 354 351 348 346 343 344 346 350 357 3 2 354 349 352 12 34 43 45 44 42 40 29 15 357 339 334 332
71 73 79 86 93 96 94 89 83 77 71 67 63 59 56 52 50 48 46 45 44 43 42 41 39 35 36 38 38 39 40 40 40 41 40 36 33 31 29 28 27 27 28 27 27 26 25 25 24 23 22 21 19 18 17 16 15 14 13 12 10 9 8 6 5 3 1 360 358 356 354 352 349 346 342 341 345 352 357 354 347 349 7 35 51 52 49 48 46 40 24 2 341 330 329 334
74 75 80 87 97 104 104 100 93 84 75 68 63 60 58 55 52 50 48 46 45 44 43 41 39 37 39 41 40 40 41 43 43 42 41 37 34 33 31 29 27 28 28 28 28 27 27 26 25 24 23 21 20 19 18 17 16 15 14 13 11 10 9 7 6 4 3 1 360 358 356 354 352 349 345 341 341 345 349 348 347 360 31 50 56 56 54 49 40 20 1 347 337 330 332 337
78 78 76 84 99 109 113 110 100 89 76 67 63 60 58 55 53 51 49 47 46 45 44 42 38 38 41 42 41 39 40 42 41 40 39 37 35 34 33 31 28 28 29 29 29 29 28 27 26 25 24 22 21 20 19 18 17 16 15 13 12 11 10 8 7 6 4 2 1 359 357 356 354 352 348 344 341 341 343 345 353 17 37 43 40 38 37 27 8 357 348 341 335 333 337 341
77 74 68 71 87 103 112 110 100 88 72 64 61 59 57 55 53 52 49 48 47 47 46 43 37 37 41 41 40 37 37 39 40 40 41 39 36 35 36 34 30 30 31 32 32 31 31 30 28 27 25 23 22 20 19 18 17 16 15 14 13 12 10 9 8 6 5 3 2 0 359 357 355 353 351 348 344 341 340 344 1 21 26 26 25 25 21 7 354 346 341 338 335 335 338 341
69 65 58 60 65 69 72 66 68 66 58 56 57 58 57 55 54 53 51 49 49 48 47 44 37 37 41 42 40 37 35 37 38 39 40 39 37 35 36 36 33 31 34 35 35 35 34 34 32 30 26 24 22 21 20 19 18 17 16 15 14 13 11 10 9 7 6 4 3 1 360 358 356 355 352 350 347 343 341 346 1 12 15 16 19 18 7 352 345 341 339 337 335 335 337 338
67 66 64 63 67 64 46 32 38 40 41 47 54 57 58 57 56 55 53 51 50 50 48 44 38 39 43 44 42 38 36 36 37 37 39 39 37 36 36 36 34 32 35 39 41 42 41 41 40 36 28 23 21 21 20 19 19 18 17 16 14 13 12 11 9 8 7 5 4 2 1 359 357 356 354 352 349 347 345 347 355 4 11 15 16 10 353 344 341 341 339 338 336 336 338 337
77 76 71 71 71 63 49 39 37 38 38 45 53 57 59 58 58 57 56 54 53 52 50 46 39 40 44 44 42 41 39 39 41 42 43 42 40 38 37 37 34 32 32 34 35 36 35 34 34 32 26 21 20 19 20 20 19 18 17 16 15 14 13 11 10 9 7 6 5 3 1 360 358 356 355 353 351 349 347 347 350 359 10 15 12 356 345 340 339 339 340 339 339 339 340 338
72 67 61 65 64 59 53 47 45 45 45 50 56 59 61 60 60 61 60 58 57 54 52 48 41 40 43 43 42 43 42 42 43 46 47 48 46 43 40 38 36 33 30 29 28 27 25 24 25 25 23 21 18 17 19 20 20 19 18 17 16 15 13 12 11 9 8 7 5 4 2 0 359 357 355 354 352 350 348 347 349 356 5 9 360 346 338 336 336 336 337 339 340 340 340 340
65 62 60 64 62 60 57 55 56 55 54 55 57 59 62 62 62 63 63 62 61 58 55 51 44 40 42 43 42 43 43 42 42 44 48 50 51 49 46 42 38 35 32 31 31 30 29 28 28 28 26 24 21 19 20 21 21 20 19 18 16 15 14 13 11 10 9 7 6 4 3 1 359 358 356 354 353 351 349 348 349 354 360 0 349 341 336 335 334 334 334 336 338 339 340 340
67 67 68 69 68 66 62 60 62 61 59 58 58 59 60 61 62 64 65 66 67 65 61 56 49 43 45 46 45 45 43 42 41 41 44 46 48 50 50 46 41 38 36 36 37 38 38 39 38 36 33 31 29 26 23 23 22 21 20 19 17 16 14 13 12 11 9 8 7 5 3 2 360 358 356 355 353 351 349 348 349 351 355 353 343 338 337 336 336 335 334 335 337 339 340 340
72 72 72 73 72 69 63 61 62 63 60 58 58 58 59 60 61 64 67 70 72 71 71 67 55 42 42 45 47 46 45 44 42 39 40 41 41 43 46 46 44 40 38 38 39 40 41 43 43 40 37 36 34 30 27 25 24 23 21 19 18 16 15 14 12 11 10 9 7 6 4 2 0 359 357 355 353 351 349 346 345 346 348 346 339 335 335 335 336 336 335 335 336 338 340 342
76 76 76 75 71 65 60 57 59 61 59 58 59 57 58 59 59 61 65 68 70 68 69 66 44 29 35 41 44 45 45 46 45 42 41 40 39 39 41 42 42 40 38 39 40 41 43 44 44 43 40 37 35 33 32 30 27 25 22 20 18 16 15 14 13 12 11 9 8 6 5 3 1 359 357 355 353 350 348 345 341 339 338 337 335 335 335 333 333 334 334 333 332 333 336 339
78 77 74 69 62 55 52 53 55 59 59 58 57 54 53 53 54 57 61 63 61 56 53 44 24 17 30 39 43 45 45 46 47 48 48 48 44 42 42 43 42 40 38 37 39 40 43 44 44 42 39 37 35 33 33 32 31 28 24 21 17 16 15 14 13 12 11 10 9 7 5 4 2 360 358 355 353 350 347 343 338 333 329 326 325 330 334 334 334 333 330 328 325 321 318 318
76 74 68 63 58 54 52 52 52 55 58 57 53 50 50 49 50 54 58 59 54 47 43 34 18 16 29 39 43 45 46 47 47 48 50 52 52 50 49 50 48 45 41 38 39 41 43 44 44 42 38 35 31 29 28 29 31 32 29 20 14 14 14 14 14 13 12 11 9 8 6 4 2 0 358 355 353 350 347 343 337 331 325 319 314 316 323 328 332 329 324 321 318 312 307 306
74 70 63 61 61 58 54 51 47 49 54 53 47 46 47 46 47 50 55 59 54 44 37 30 19 18 30 39 44 46 48 49 49 48 49 51 52 51 51 51 51 50 47 44 42 43 44 45 45 43 40 35 30 26 26 28 32 33 30 17 9 11 14 15 14 14 13 11 10 8 7 5 3 1 359 356 354 351 347 343 338 332 327 320 314 313 316 320 323 319 314 312 314 313 313 313
69 64 55 53 53 52 47 43 40 45 51 49 41 39 39 38 40 44 51 59 53 39 33 29 21 22 33 41 45 48 50 51 52 51 51 51 50 49 49 48 49 49 49 48 47 46 47 48 48 47 44 39 33 27 24 26 28 26 24 19 10 10 13 15 15 15 14 12 11 9 8 6 4 2 359 357 354 351 348 344 339 334 329 324 321 319 318 318 316 311 304 300 301 298 296 299
63 57 46 42 41 38 30 24 25 35 44 43 36 35 36 37 37 37 43 48 46 30 31 31 26 28 38 44 48 51 53 54 55 54 53 53 51 50 50 49 49 49 50 51 51 50 51 52 54 54 52 46 38 30 21 20 23 23 25 25 18 13 14 16 16 16 15 13 12 10 8 7 5 3 0 358 355 352 349 345 341 335 329 324 320 317 316 314 309 300 285 278 277 276 275 279
59 53 43 40 38 35 28 20 18 29 36 32 25 22 23 28 27 27 39 47 42 26 28 31 30 35 43 48 51 53 56 58 60 59 56 54 54 53 52 51 48 48 50 52 52 53 54 54 56 56 56 52 40 30 22 19 26 31 34 33 27 19 17 18 17 17 16 14 13 11 9 8 6 4 1 359 356 353 350 346 342 337 331 324 317 311 307 303 294 282 274 275 277 277 279 281
53 49 43 42 43 41 34 25 18 27 35 31 24 20 20 27 30 34 46 51 41 29 29 33 35 41 47 50 52 55 58 63 65 62 58 56 56 56 55 52 46 44 47 49 48 49 50 51 53 52 51 47 35 29 28 27 35 41 40 37 32 24 21 20 19 18 17 15 14 12 10 9 7 5 3 0 358 355 352 348 345 340 335 329 322 314 307 300 293 290 292 295 296 296 296 296
45 45 45 47 50 47 41 32 24 33 42 41 37 37 37 47 49 57 59 52 41 40 40 44 46 49 51 52 53 54 57 61 63 61 59 59 60 59 57 54 49 43 44 45 43 42 43 44 45 44 44 42 33 30 33 34 36 39 38 36 33 27 23 22 21 19 18 17 15 13 11 10 8 6 4 1 359 356 353 350 347 343 339 334 329 324 318 313 310 310 310 310 311 311 310 309
