windninja/windninja_output/Output_2025-08-09_1400-1450_Google earth_Fire_150m_10min/merlingen_7.5mi_point_08-09-2025_1430_150m_ang.asc
ncols	158
nrows	163
xllcorner	391686.332397
yllcorner	5160024.123721
cellsize	150.000000
NODATA_value	-32768.000000
[rows 43 to 85 of 163, columns 0 to 95 of 158]
317 320 325 329 333 335 337 339 340 342 343 343 343 344 344 344 345 344 344 344 344 344 344 343 343 342 341 340 338 336 336 337 339 342 345 347 347 345 345 345 346 349 348 345 345 349 353 354 351 345 339 339 345 348 347 348 352 357 358 357 353 348 345 346 348 345 342 343 349 357 358 353 350 347 343 346 357 4 4 358 354 351 345 337 337 346 358 358 350 343 338 335 330 327 334 345
316 318 322 326 330 333 336 338 339 341 342 343 343 344 344 344 345 344 344 344 344 344 344 343 343 343 341 340 339 338 338 338 340 341 342 341 339 337 340 343 346 347 343 341 347 355 357 353 347 342 340 343 350 353 354 355 358 0 358 353 349 345 342 340 337 338 340 342 350 358 357 355 355 352 351 356 5 10 8 359 351 345 339 335 340 355 1 356 350 344 339 334 326 324 334 348
316 317 321 324 328 332 335 337 339 340 342 342 343 344 344 344 345 345 344 345 345 345 344 344 343 342 342 341 340 340 339 339 339 340 340 337 334 334 337 341 344 343 340 343 352 358 355 348 342 340 342 348 355 360 1 2 2 359 352 348 347 345 342 338 334 333 337 342 349 353 354 355 356 357 359 5 12 13 8 357 347 340 335 335 348 359 357 352 349 345 340 332 324 324 336 348
316 317 320 324 327 330 333 335 338 340 341 342 343 343 344 344 344 344 345 345 345 345 345 344 343 342 342 342 341 340 339 339 339 339 339 337 335 335 336 338 339 339 340 346 355 355 349 342 339 341 346 354 3 8 6 5 2 354 345 343 344 343 339 336 334 334 337 343 349 351 350 352 356 360 6 12 15 11 2 351 343 337 335 341 352 355 351 348 348 346 339 330 326 329 339 349
316 317 319 323 326 328 330 333 336 338 340 342 343 343 344 344 344 344 345 345 345 345 344 344 343 343 343 342 342 341 340 339 338 338 337 337 336 335 334 335 336 337 340 350 355 350 342 338 339 346 352 1 9 9 6 3 356 349 341 339 340 339 335 334 333 333 338 344 349 350 349 351 355 2 10 16 16 8 357 347 341 338 340 346 351 351 348 347 346 343 338 333 332 337 344 350
316 317 319 323 326 326 328 331 335 337 339 341 342 343 343 344 344 344 344 345 345 345 344 344 343 343 343 343 342 341 341 340 339 338 337 337 335 334 333 333 333 334 339 348 350 344 339 338 343 351 1 10 11 7 4 358 349 343 339 339 339 336 333 331 330 332 338 344 349 350 350 352 356 4 13 18 16 7 357 349 345 344 344 347 350 350 348 348 344 340 338 337 339 344 348 353
316 317 320 324 325 325 328 330 333 336 338 340 341 342 343 344 344 344 344 345 345 345 344 344 344 343 343 343 342 342 341 340 340 339 338 337 336 335 334 333 333 333 337 343 343 338 337 341 348 358 9 11 7 2 359 352 344 337 337 340 341 337 334 330 329 332 338 344 348 350 352 354 358 6 13 14 10 4 359 353 350 348 347 348 348 348 348 346 341 339 340 342 345 349 352 359
316 318 321 325 325 326 329 330 332 334 337 339 341 342 343 344 344 344 345 345 345 344 344 344 344 344 344 343 343 342 341 341 340 339 338 337 335 335 335 335 334 335 336 338 338 335 337 345 355 7 11 5 358 356 353 346 339 336 338 341 342 339 334 328 329 334 339 344 348 350 353 356 2 8 10 7 4 2 359 355 351 349 349 349 347 346 344 342 339 340 343 347 351 356 0 6
317 319 322 325 325 327 331 332 333 334 336 339 340 342 342 343 344 344 345 345 344 345 345 344 344 344 344 344 343 342 342 341 341 340 339 337 335 334 334 335 335 334 334 336 335 334 339 352 6 12 6 357 352 350 346 339 335 336 342 345 345 343 333 326 329 336 341 346 349 351 354 358 3 6 5 2 0 359 357 354 352 351 349 347 345 343 340 338 338 340 344 349 355 2 5 1
318 320 323 323 323 326 331 333 334 335 337 338 340 341 342 343 343 344 344 344 344 344 344 344 344 344 344 344 343 343 342 342 341 340 339 338 336 335 334 335 335 333 332 333 334 335 343 358 6 2 356 352 351 348 340 333 333 339 347 350 349 344 331 326 330 338 343 349 352 353 356 359 2 3 2 360 359 357 353 351 353 354 351 347 342 339 338 338 339 341 347 351 356 359 357 345
321 321 323 324 324 327 331 334 335 336 337 337 339 341 342 342 343 344 344 344 344 344 344 344 344 344 344 344 343 343 342 342 341 340 339 338 337 336 335 335 335 333 332 333 334 338 346 355 356 352 351 350 349 346 338 332 335 345 352 353 350 342 330 327 333 340 346 353 355 355 356 359 2 3 1 360 359 356 350 349 352 354 353 351 347 341 338 339 342 346 349 350 352 351 339 328
323 322 323 325 325 328 332 335 336 337 336 337 338 340 341 342 343 343 344 344 344 344 344 344 344 344 344 344 343 343 342 342 341 341 340 339 338 337 336 334 333 331 331 332 334 338 345 349 347 346 350 349 346 342 336 333 341 351 355 353 349 340 331 329 336 344 350 355 356 356 357 1 4 3 1 360 0 357 351 349 350 350 351 353 354 350 345 344 346 350 350 348 346 342 322 317
323 322 323 324 323 324 329 333 337 338 337 336 336 338 340 341 342 343 343 344 344 344 344 344 344 344 344 344 343 343 343 342 342 341 340 340 339 338 337 335 332 329 329 332 333 335 339 341 341 344 349 348 345 341 334 336 347 354 354 351 346 340 334 333 339 346 352 355 356 358 3 8 6 1 359 360 360 355 351 350 348 347 349 352 355 356 356 356 356 353 348 342 339 333 318 314
322 322 323 325 323 322 325 329 334 337 339 338 337 336 338 340 341 342 343 343 344 344 344 344 344 344 344 344 343 343 343 342 342 341 341 340 339 338 337 336 333 331 331 333 333 333 334 335 337 342 347 344 343 340 334 339 352 355 352 347 341 338 336 337 341 348 353 355 357 3 11 8 2 359 359 360 358 353 350 350 348 347 348 351 352 355 1 4 5 0 348 338 334 330 322 320
322 323 324 327 329 328 327 328 331 335 339 342 341 338 337 338 340 341 342 343 343 344 344 344 344 344 344 344 343 343 343 342 342 341 341 340 340 339 338 337 336 335 334 333 333 332 330 330 333 338 343 342 341 337 334 341 352 353 348 343 339 337 337 339 344 350 353 357 2 8 7 1 359 358 358 358 355 351 350 351 351 350 350 351 353 356 2 6 6 360 348 336 332 329 323 323
323 324 325 327 330 332 332 331 331 332 337 344 345 342 338 336 338 340 341 342 342 343 343 343 344 344 344 344 343 343 343 343 342 342 341 341 340 339 339 338 337 336 335 334 333 331 329 327 328 332 338 340 338 335 334 342 350 348 342 339 338 338 339 342 348 353 355 359 5 5 360 357 357 357 356 355 352 349 350 352 354 354 354 355 358 1 4 4 358 349 336 330 329 327 322 324
324 325 326 327 329 331 332 333 331 330 334 340 345 345 342 338 337 338 340 341 342 343 343 343 344 344 344 343 343 343 343 343 342 342 341 341 340 340 339 338 338 337 336 335 334 332 331 329 328 329 334 336 334 333 335 343 347 342 337 336 337 338 341 345 350 354 357 1 5 1 357 356 355 354 353 353 349 348 351 354 356 357 358 360 3 4 4 358 348 336 326 324 324 323 321 333
326 326 328 329 329 330 331 332 331 331 333 337 341 344 346 344 340 337 338 340 341 342 343 343 344 344 344 343 343 343 343 343 342 342 342 341 341 340 340 339 338 338 337 336 335 334 333 332 330 329 330 331 329 329 334 342 343 337 333 334 335 338 341 346 351 355 358 3 3 358 355 354 352 351 351 350 348 350 354 356 358 359 0 2 4 3 359 349 337 327 323 322 321 323 329 344
328 328 329 330 331 331 332 331 332 333 335 336 338 341 347 349 346 341 338 338 340 341 342 343 344 344 343 343 343 343 343 343 342 342 342 341 341 340 340 339 339 338 338 337 336 335 334 333 332 330 330 328 325 325 332 339 338 332 331 331 333 337 340 345 350 355 1 6 1 354 353 351 349 348 349 348 349 354 357 359 1 1 3 5 3 357 347 339 329 323 322 324 325 332 344 360
331 330 330 330 331 332 333 333 334 334 335 335 336 338 344 348 349 347 342 339 338 339 341 342 343 343 343 342 342 343 343 342 342 342 342 341 341 341 340 340 339 339 338 337 337 336 335 334 333 331 331 329 324 323 331 336 332 329 329 330 333 336 338 343 350 356 4 5 356 352 351 349 347 347 348 349 352 357 359 2 4 5 8 7 1 350 336 329 324 322 323 326 330 343 358 19
336 333 330 329 329 331 333 334 335 336 336 335 335 336 340 344 348 350 348 344 340 339 340 342 343 343 343 342 342 343 342 342 342 342 342 341 341 341 340 340 340 339 339 338 337 336 335 334 333 332 331 330 326 325 331 335 331 329 329 331 334 337 340 345 350 356 2 358 352 350 350 348 346 346 348 352 355 357 0 4 6 8 9 4 357 343 330 324 320 320 325 331 341 358 19 44
344 338 330 329 328 329 330 332 334 336 336 335 336 337 338 340 344 349 351 349 345 342 340 340 342 342 342 342 342 342 342 342 342 342 342 342 341 341 341 340 340 339 339 338 337 337 336 335 334 333 331 329 326 325 330 334 332 330 330 331 334 339 345 350 349 351 351 348 347 349 349 347 345 346 349 353 355 357 1 5 8 9 6 360 350 334 326 322 320 322 332 341 358 24 49 74
351 343 334 331 330 330 330 331 332 334 335 334 335 337 338 338 340 345 350 352 350 347 343 341 340 341 341 342 343 342 342 342 342 342 342 341 341 341 341 340 340 340 339 338 338 337 336 335 334 333 331 329 326 324 326 329 329 330 330 330 333 346 355 352 348 347 345 344 345 346 347 345 344 347 350 351 353 356 2 7 9 7 1 355 343 329 323 321 324 333 344 360 26 53 76 94
350 346 339 335 332 332 334 336 336 336 334 335 337 336 336 338 338 341 346 350 352 352 349 345 342 340 341 342 342 342 342 342 342 342 342 341 341 341 341 341 340 340 339 339 338 338 337 336 335 334 332 330 327 324 324 324 323 325 327 329 338 350 350 347 346 345 345 345 345 345 345 343 344 347 349 349 351 356 3 7 7 2 354 347 337 328 323 324 334 346 0 26 51 75 92 100
343 344 345 344 339 334 337 341 341 338 336 337 340 339 337 337 339 339 341 345 350 353 353 350 347 343 341 341 340 341 341 341 341 341 341 341 341 341 341 341 340 340 340 339 339 338 337 336 335 334 333 331 329 326 324 320 317 316 319 326 338 343 340 340 342 344 346 346 345 343 343 342 342 345 347 349 351 356 2 2 357 352 343 338 332 324 321 331 345 1 24 48 71 85 92 95
329 336 345 349 348 344 345 349 348 342 339 340 341 341 341 339 339 339 339 341 346 350 351 352 352 350 347 342 339 338 339 340 340 341 341 341 341 341 341 341 340 340 340 339 339 338 338 337 336 335 334 332 331 329 326 322 318 315 315 320 329 333 331 332 336 341 345 346 345 344 343 341 340 342 346 348 351 355 357 353 347 341 334 330 325 315 317 339 358 23 46 69 82 86 83 79
318 322 332 342 346 348 352 354 352 349 347 348 349 348 348 347 344 342 340 341 343 345 346 350 353 357 355 347 340 338 337 338 339 340 340 341 341 341 341 341 340 340 340 339 339 338 338 337 336 335 334 333 332 330 328 326 323 321 319 320 323 324 323 324 327 334 339 342 343 344 345 342 339 341 346 348 350 352 351 346 340 334 330 329 321 313 322 350 17 43 62 74 78 74 68 57
317 316 315 319 328 339 349 350 348 348 350 353 354 354 354 353 351 349 346 344 343 343 343 345 351 358 357 351 345 341 338 337 337 338 339 340 340 341 341 341 340 340 340 340 339 339 338 338 337 336 335 334 333 332 331 329 328 326 325 324 324 322 318 315 317 321 327 331 336 341 344 340 338 342 347 349 350 349 347 342 337 334 334 329 317 315 334 7 38 58 67 68 63 55 42 34
325 322 317 313 313 318 326 332 332 336 344 351 353 355 355 355 354 353 352 349 346 344 343 344 348 352 354 353 351 348 344 340 337 337 338 339 340 340 341 341 341 340 340 340 339 339 338 338 337 336 336 335 334 333 332 331 330 329 328 328 327 324 321 318 316 315 316 318 323 331 335 335 336 343 348 349 348 347 345 342 340 339 337 326 316 323 353 26 54 66 66 59 48 34 21 9
333 330 326 322 320 319 320 320 319 321 331 338 342 345 348 349 350 351 352 353 352 348 346 346 347 348 349 352 354 352 349 346 341 338 337 337 339 340 340 340 341 340 340 340 340 339 339 338 338 337 336 336 335 334 333 332 332 331 330 330 329 328 326 325 323 320 318 316 317 319 322 324 330 339 345 345 345 345 346 348 347 342 334 323 320 339 16 44 62 63 55 47 40 26 4 342
343 338 332 329 326 324 323 321 318 320 329 335 338 341 342 343 343 344 347 350 351 350 349 348 348 347 347 349 353 354 353 350 347 342 339 338 338 339 340 340 340 340 340 340 340 339 339 338 338 337 337 336 336 335 334 334 333 332 332 331 331 330 329 328 327 326 324 322 320 317 315 313 318 331 339 340 341 343 348 352 349 340 329 322 328 3 37 55 58 50 38 31 29 14 342 329
354 348 337 331 326 322 321 321 320 323 328 333 337 340 341 341 342 342 343 344 345 347 348 349 349 348 347 348 351 353 353 352 349 347 344 341 340 339 339 340 340 341 340 340 340 340 339 339 338 338 337 337 336 336 335 335 334 333 333 332 332 331 331 330 329 328 328 326 325 322 320 318 320 327 333 336 338 344 350 352 345 334 325 324 348 31 52 54 47 38 22 14 7 342 331 325
11 4 346 332 322 316 314 316 319 322 326 330 333 336 338 339 341 342 342 342 343 344 345 347 347 347 346 346 349 352 353 352 350 349 347 345 342 340 339 339 340 341 341 340 340 340 339 339 338 338 337 337 336 336 336 335 335 334 334 333 333 332 332 331 331 330 330 329 328 327 327 326 326 327 330 332 336 344 351 348 336 328 323 335 22 50 53 45 38 31 10 359 345 327 324 322
30 24 3 338 314 304 304 307 312 317 322 327 331 333 335 337 339 340 341 342 343 343 344 345 346 347 345 343 345 349 352 352 352 351 348 345 342 340 339 340 340 341 341 340 340 340 339 339 338 338 337 337 337 336 336 336 335 335 335 334 334 333 333 333 332 331 331 330 330 330 330 329 329 329 328 328 332 341 347 339 328 323 327 9 60 64 54 50 41 20 357 347 331 319 318 320
47 43 32 360 304 291 291 294 302 311 319 326 330 332 333 335 337 338 339 341 342 343 343 344 347 349 345 341 341 345 350 354 353 352 349 346 343 341 340 340 340 341 341 341 340 340 339 339 338 338 337 337 337 337 336 336 336 336 335 335 335 334 334 333 333 333 332 332 331 331 331 331 331 330 330 328 330 336 339 332 323 325 356 50 65 60 52 42 22 358 346 337 328 320 319 323
62 61 56 45 291 279 282 290 300 311 320 326 329 331 333 335 336 337 338 340 342 342 342 344 348 351 347 342 341 343 348 352 353 352 350 349 346 344 341 339 340 341 341 341 340 340 339 339 338 337 337 337 337 337 336 336 336 336 336 335 335 335 334 334 334 333 333 333 332 332 332 332 332 332 331 330 331 333 333 327 324 343 25 37 33 28 24 11 352 343 336 332 326 321 323 327
67 65 57 33 339 299 298 301 307 316 323 328 331 332 334 335 336 336 338 339 340 341 341 343 347 349 347 345 344 344 346 349 351 352 351 350 350 349 345 341 340 340 340 340 340 339 339 338 337 336 336 336 336 337 337 337 336 336 336 336 336 335 335 335 334 334 334 333 333 333 333 333 333 333 332 332 332 332 331 328 333 0 14 14 14 13 7 352 339 333 329 326 323 323 325 328
61 55 33 9 346 337 331 325 323 326 330 332 333 334 335 336 336 336 337 338 339 339 340 342 345 345 345 346 347 346 345 345 349 352 353 352 352 352 350 347 344 341 339 339 339 338 337 336 334 333 334 335 335 336 337 337 337 337 336 336 336 336 335 335 335 335 334 334 334 334 334 334 334 334 334 334 333 333 332 332 343 359 3 5 8 5 351 338 332 327 325 323 321 322 324 325
61 54 19 349 341 347 354 348 343 341 340 338 337 336 336 336 336 336 336 337 338 338 339 341 343 343 342 344 346 346 344 344 345 349 353 355 355 352 352 351 350 347 344 341 338 335 334 332 328 326 328 331 334 336 336 337 337 337 337 336 336 336 336 335 335 335 335 334 334 334 334 334 334 334 334 334 335 335 335 337 346 354 0 4 5 355 337 330 328 326 325 323 321 322 325 324
67 54 355 338 340 358 8 3 358 354 351 346 341 339 338 337 336 336 335 335 335 336 337 340 342 342 340 342 344 345 344 342 342 344 349 354 356 354 352 353 354 353 351 348 345 342 340 338 335 331 329 329 332 334 336 337 337 337 337 337 336 336 336 336 335 335 335 335 335 335 335 335 334 334 334 335 335 336 336 339 344 352 1 5 360 341 331 327 326 325 325 324 324 325 327 326
23 7 350 348 354 6 11 11 10 6 359 351 345 341 339 338 336 334 333 332 331 333 335 337 340 341 341 342 344 345 345 344 344 344 345 348 351 353 352 352 353 353 352 350 349 348 346 345 343 343 342 339 336 336 337 338 338 337 337 337 336 336 336 336 336 335 335 335 335 335 335 335 335 335 335 335 335 336 337 339 344 352 359 360 347 332 325 323 323 323 322 323 324 325 326 326
351 352 355 4 12 15 18 21 22 15 3 352 347 344 340 338 336 333 331 329 328 329 332 334 335 337 340 342 344 345 346 347 348 349 348 347 346 347 349 350 350 349 348 347 346 345 344 342 341 343 346 346 343 341 339 338 338 337 337 337 336 336 336 336 336 336 335 335 335 335 335 335 335 335 335 335 336 336 338 340 346 351 355 352 336 327 322 319 319 319 319 320 321 322 324 324
324 341 7 17 26 31 35 36 28 13 359 353 349 346 344 342 338 334 330 327 324 324 325 328 331 334 337 340 343 344 346 349 350 352 353 351 349 348 346 346 346 346 346 345 343 342 339 337 335 336 340 343 345 344 341 339 337 337 336 336 336 336 336 336 336 336 336 335 335 335 335 335 335 335 335 335 335 336 337 340 345 349 352 346 329 323 321 320 320 320 319 319 320 322 324 325
