windninja/windninja_output/Output_2025-08-24_2000-2050_Google earth_Fire_150m_10min/merlingen_7.5mi_point_08-24-2025_2020_150m_ang.asc
ncols	158
nrows	163
xllcorner	391686.332397
yllcorner	5160024.123721
cellsize	150.000000
NODATA_value	-32768.000000
[rows 55 to 109 of 163, columns 0 to 95 of 158]
309 307 310 314 311 309 312 310 306 305 310 313 313 313 313 312 312 312 312 313 313 313 313 313 314 314 315 315 315 316 317 317 318 318 319 319 320 320 320 320 318 316 316 318 320 322 327 331 331 335 341 342 342 342 340 343 354 1 4 5 4 3 5 7 6 6 7 9 13 17 20 24 25 23 22 23 22 22 23 20 19 22 25 26 28 30 31 32 34 37 39 38 33 30 37 35
310 308 307 310 310 307 310 312 308 305 308 312 313 314 314 313 312 313 313 313 313 313 314 314 315 315 316 316 316 317 318 318 319 319 320 320 321 321 321 321 320 318 319 320 322 323 325 327 328 334 339 339 340 342 340 347 358 2 2 1 359 0 6 11 11 8 8 10 14 21 25 25 22 21 21 21 20 21 20 19 18 20 24 26 27 29 30 31 33 37 42 41 31 23 31 33
311 310 309 310 312 311 311 314 312 308 310 314 314 313 315 314 314 314 314 314 314 314 315 315 316 316 317 317 317 318 318 319 320 320 321 321 322 322 322 322 322 322 323 323 323 323 323 323 325 330 336 337 339 340 341 349 357 360 359 357 357 1 9 16 15 11 9 11 17 23 23 21 19 19 19 18 18 18 17 17 18 21 24 26 30 33 34 34 34 35 37 30 17 16 29 35
311 312 311 312 312 313 313 315 316 312 313 316 314 312 313 315 315 315 315 315 315 315 315 316 317 317 317 318 318 319 319 320 321 321 322 322 323 323 324 324 324 325 325 325 324 323 322 321 321 326 333 336 338 339 342 350 356 356 354 354 357 3 11 17 18 14 11 12 16 19 17 17 18 18 17 15 15 15 15 16 18 22 25 29 33 36 38 37 35 31 27 21 14 19 35 41
312 313 313 312 312 312 312 314 315 313 313 316 315 312 313 315 316 316 316 316 316 316 316 317 318 318 318 319 319 320 320 321 322 322 323 323 324 325 325 326 326 326 327 327 327 326 325 324 322 324 329 333 335 337 342 350 354 352 350 352 357 4 12 19 21 17 12 11 14 16 16 15 16 15 14 14 14 14 15 17 20 24 27 29 32 35 36 35 31 25 22 23 23 29 42 44
314 314 314 313 313 312 311 311 312 313 315 318 319 315 315 316 317 316 317 317 318 318 318 318 319 319 319 320 320 321 321 322 323 323 324 325 325 326 327 327 328 328 329 329 329 329 329 328 327 326 327 329 330 335 342 351 353 349 348 352 357 4 13 20 21 19 14 11 14 16 15 14 14 13 12 12 14 15 17 21 23 26 28 30 31 33 33 31 26 23 24 27 30 36 44 45
317 317 316 315 314 313 312 311 312 314 317 321 321 319 317 317 318 318 317 318 319 318 319 319 320 320 320 320 321 322 323 323 324 325 325 326 327 327 328 329 329 330 330 331 331 332 332 331 330 329 327 326 325 330 340 349 351 348 348 352 358 5 12 18 21 20 17 14 14 15 13 13 12 12 11 11 14 17 20 22 24 27 31 33 33 33 31 27 25 24 25 30 36 40 44 45
320 320 318 316 316 315 314 313 313 315 317 320 321 320 319 318 319 319 319 319 319 319 320 320 321 321 321 321 322 323 324 324 325 326 327 327 328 329 330 330 331 332 332 333 333 334 334 334 333 331 330 328 325 328 339 348 348 347 350 354 358 4 9 14 19 21 19 15 13 12 12 12 11 10 10 12 16 19 20 22 25 28 32 35 35 34 32 26 25 27 28 37 43 43 45 46
325 323 319 317 316 316 315 314 314 315 317 319 321 322 321 320 320 320 321 321 321 321 321 322 322 322 322 323 324 324 325 325 326 327 328 329 329 330 331 332 333 333 334 335 335 336 336 336 336 335 333 331 329 330 339 347 350 349 351 354 357 1 8 15 23 25 20 14 11 10 11 11 11 9 9 13 16 18 19 22 26 29 32 34 33 32 30 25 27 32 36 42 45 45 47 48
332 327 320 318 316 315 314 313 314 315 316 318 322 324 323 322 321 322 323 323 323 323 322 322 323 323 323 323 325 325 326 327 327 328 329 330 331 332 333 333 334 335 336 336 337 338 338 338 338 338 336 333 331 331 336 344 351 353 352 352 354 3 16 28 32 26 16 9 7 8 10 11 11 9 9 12 14 15 16 20 25 28 30 31 30 30 29 27 31 35 39 43 45 48 49 50
339 333 324 320 318 316 316 314 312 314 314 316 321 325 324 323 322 323 324 324 325 325 324 323 324 324 324 325 326 326 327 328 329 329 330 331 332 333 334 335 336 337 337 338 339 340 340 341 341 340 339 336 333 331 334 339 348 354 355 354 356 10 25 27 22 15 7 4 5 6 8 10 11 10 9 9 10 12 15 20 26 28 29 29 29 30 30 31 33 35 39 43 46 50 52 54
344 336 327 322 319 318 320 319 316 316 316 318 321 324 324 323 323 323 324 325 327 329 328 326 326 325 325 326 327 328 328 329 330 331 332 333 334 335 336 336 337 338 339 340 341 342 342 343 343 343 342 341 338 335 333 333 338 349 357 360 3 8 13 14 13 10 7 4 5 6 7 10 12 10 7 6 8 11 15 21 25 25 23 21 24 31 33 34 36 38 40 43 47 50 55 59
343 338 333 329 323 321 325 325 321 318 318 320 323 325 326 325 324 324 324 324 328 332 332 330 330 328 326 326 326 328 329 330 331 332 333 334 335 336 337 338 339 340 341 342 343 344 344 345 346 346 346 345 343 341 338 333 331 339 355 4 4 1 2 7 10 11 10 8 6 6 6 9 11 8 6 6 7 9 13 16 17 17 16 15 25 37 39 38 39 40 41 43 48 51 55 59
333 334 336 337 332 329 334 336 327 320 320 323 325 326 328 327 325 325 325 325 326 330 332 333 334 333 331 327 326 327 329 330 332 333 334 335 336 337 339 340 341 342 343 344 345 346 347 347 348 348 349 349 348 347 345 342 339 339 349 0 359 355 356 1 7 11 12 10 8 7 7 9 10 7 5 6 7 7 8 10 12 13 17 22 40 50 45 39 40 41 43 46 50 52 52 54
323 324 328 333 332 332 341 344 335 328 330 334 334 334 334 333 330 327 326 326 327 328 329 331 336 340 336 330 328 328 329 330 332 334 335 337 338 339 340 341 343 344 345 346 347 348 349 350 351 351 352 352 352 352 352 351 351 351 353 357 356 351 350 354 1 8 10 9 8 8 9 11 10 7 6 7 6 5 4 7 11 17 27 39 54 55 43 38 41 42 43 46 48 49 50 50
322 320 316 316 317 322 335 340 331 328 333 339 340 340 340 340 337 333 330 329 328 328 328 329 336 343 338 334 333 332 331 331 332 334 336 338 339 340 342 343 344 346 347 348 349 350 351 352 353 354 355 355 356 356 357 358 358 359 0 1 360 356 352 352 356 1 5 6 6 8 10 12 10 7 7 8 7 3 2 5 15 27 38 49 58 52 40 40 41 43 43 43 44 44 45 44
327 325 319 314 310 308 315 322 318 315 323 332 333 336 338 340 339 337 336 335 332 329 328 329 336 341 339 338 339 338 336 335 334 334 336 338 340 342 343 345 346 347 349 350 351 352 353 354 355 356 357 358 359 360 1 2 3 4 5 5 5 4 3 1 0 359 358 1 2 3 6 11 11 8 8 10 8 4 2 9 22 35 44 54 55 44 37 39 42 44 43 42 41 38 38 37
333 331 327 323 318 314 314 315 310 305 309 315 319 324 328 332 334 334 336 338 337 334 332 333 338 339 337 338 342 342 342 341 339 337 337 339 341 343 345 346 348 349 351 352 353 354 356 357 358 359 360 1 2 3 4 5 6 7 8 9 9 9 9 9 9 7 4 1 359 355 357 7 13 10 9 10 9 5 5 15 28 38 46 53 49 37 35 40 44 45 42 42 43 40 37 31
341 336 332 329 325 321 319 317 312 310 314 318 322 324 326 328 329 329 332 336 337 337 337 337 340 340 337 337 341 344 345 345 344 342 340 341 342 344 346 348 349 351 352 354 355 357 358 359 0 1 2 4 5 6 7 8 9 10 11 12 12 13 13 14 14 13 11 9 6 0 355 2 12 10 9 9 9 8 8 18 31 38 45 47 41 36 37 41 45 43 39 39 42 43 34 26
348 343 336 333 327 322 320 317 316 318 320 321 325 327 328 329 330 330 330 332 334 335 337 338 340 341 340 339 341 344 347 348 348 347 346 345 345 346 348 349 351 353 354 356 357 359 360 1 2 4 5 6 7 8 9 10 11 12 13 14 15 16 16 17 17 16 15 14 14 12 9 6 4 0 2 5 6 8 10 19 29 34 40 41 37 38 40 42 43 41 38 34 32 31 27 26
2 354 341 335 327 320 318 317 317 320 322 323 325 328 328 330 332 332 332 333 333 334 336 337 340 341 340 340 342 345 347 349 350 350 351 350 349 349 350 350 352 355 357 358 359 1 2 3 5 6 7 8 9 10 12 13 14 15 16 17 17 18 19 19 19 19 18 18 18 17 15 11 5 357 354 358 1 5 11 17 25 32 38 39 38 38 40 41 43 44 44 33 25 29 30 32
22 13 351 337 325 316 315 316 316 319 322 324 326 328 329 331 333 333 333 334 335 336 337 338 340 342 340 339 341 345 348 350 352 353 353 353 352 351 351 353 354 357 359 0 2 3 4 6 7 8 9 10 12 13 14 15 16 17 18 19 19 20 21 21 21 21 21 21 21 20 18 15 11 4 355 352 353 359 7 16 24 34 42 44 45 44 45 46 48 52 50 36 28 35 37 39
42 36 13 342 318 310 309 310 313 318 323 326 328 329 330 331 334 334 334 335 337 338 338 339 343 345 342 338 339 343 348 353 355 355 356 355 354 353 354 354 356 359 1 2 4 5 7 8 9 10 11 12 14 15 16 17 18 19 20 21 21 22 23 23 23 24 24 23 23 22 20 18 16 11 2 354 348 350 0 17 30 38 46 50 51 54 56 54 52 47 37 25 26 35 38 40
61 60 50 356 304 296 299 306 312 320 326 329 331 331 332 333 334 335 336 336 338 339 339 341 346 348 344 341 340 343 349 354 356 356 357 359 358 358 358 357 358 0 3 5 6 8 9 10 12 13 13 14 15 17 18 19 20 21 22 22 23 24 24 25 25 25 25 25 25 24 22 21 20 16 10 2 351 345 353 18 35 39 43 46 43 43 45 43 36 32 27 24 27 35 36 38
67 67 59 4 310 300 305 311 316 324 331 333 334 334 334 335 336 337 337 338 339 340 340 342 347 348 346 346 345 346 349 352 356 358 359 1 2 3 3 1 0 2 5 7 9 11 12 13 14 15 16 16 17 18 19 20 21 22 23 24 25 26 26 27 27 27 27 27 27 26 24 23 22 20 16 9 359 348 350 13 31 33 33 33 32 33 34 32 29 28 28 31 34 36 36 37
61 55 29 355 331 329 329 328 328 333 337 338 338 337 337 337 339 339 339 340 341 341 341 344 347 347 346 348 349 350 349 351 355 359 2 4 5 6 7 7 5 5 8 10 12 14 16 17 18 17 17 18 19 20 21 22 23 24 25 26 26 27 28 28 29 29 29 29 28 28 26 25 24 23 19 15 7 357 353 6 19 23 24 25 28 31 32 29 29 32 34 37 39 38 39 42
62 54 14 342 333 339 351 348 345 345 346 345 342 341 339 340 341 341 341 341 342 342 343 345 348 347 345 348 351 352 351 350 353 358 4 8 9 8 10 12 11 10 12 16 18 20 22 24 25 22 19 18 19 21 22 23 25 26 27 27 28 29 29 30 30 30 30 30 30 29 28 27 26 25 23 19 13 5 358 359 3 12 20 24 28 32 32 29 30 34 37 39 42 40 41 45
69 55 353 334 335 352 6 4 0 358 356 353 348 345 343 343 343 343 342 342 342 343 344 346 349 348 346 348 351 353 352 352 353 357 3 10 12 12 12 14 14 14 15 17 19 20 20 21 22 21 19 18 19 21 23 25 26 27 28 29 30 30 31 31 32 32 32 32 31 31 30 29 28 27 25 22 17 10 2 356 353 3 18 26 30 31 31 31 32 36 38 40 42 40 40 44
21 7 349 344 348 2 10 12 12 10 6 359 352 349 346 346 346 344 343 343 342 343 344 346 349 348 348 350 352 355 355 356 358 360 4 9 13 14 14 15 16 16 15 15 15 15 15 15 17 18 19 19 19 20 23 26 28 29 30 30 31 32 32 33 33 33 33 33 33 32 32 31 30 29 28 25 20 14 6 357 348 355 12 23 29 32 35 35 35 39 42 43 44 43 43 46
347 350 354 0 7 12 17 23 25 20 11 1 356 353 349 348 349 347 345 343 342 343 345 346 346 347 349 352 355 357 359 1 3 6 9 12 14 16 17 17 17 16 16 15 16 17 18 18 20 22 23 23 23 23 25 28 30 31 32 32 33 33 33 34 34 34 35 34 34 34 33 32 32 31 30 27 23 18 11 360 348 350 3 17 30 35 38 41 42 45 47 48 49 49 49 50
320 337 6 13 22 29 37 40 33 20 9 3 360 356 354 353 352 350 347 345 343 342 343 344 345 346 349 354 356 358 1 4 6 9 12 14 16 18 19 19 18 17 18 19 21 24 26 28 29 29 30 31 31 29 29 30 32 33 33 34 34 34 35 35 35 36 36 36 36 35 35 34 33 32 31 29 26 21 14 3 350 348 358 15 33 38 40 43 44 47 49 51 52 52 51 50
314 335 20 28 43 54 54 42 25 12 6 6 2 358 357 358 358 355 351 348 345 342 339 336 340 347 352 355 357 360 2 5 6 8 11 14 16 19 21 21 20 18 19 22 25 28 31 33 34 34 35 36 36 34 33 33 34 35 36 36 36 36 36 36 37 37 37 37 37 37 36 36 35 34 33 31 29 24 18 6 350 344 352 13 35 42 44 46 47 48 51 52 52 49 44 43
341 6 46 49 49 47 39 23 12 9 10 10 3 1 1 2 4 1 356 353 349 344 335 332 338 349 355 358 1 4 5 7 8 6 8 13 16 19 21 22 22 19 19 23 27 30 33 35 37 38 38 38 38 38 39 38 39 39 38 38 37 37 37 37 38 38 38 39 38 38 38 37 37 36 35 34 32 29 23 13 353 337 340 4 35 44 48 51 53 55 57 56 54 48 42 41
35 34 29 24 22 21 19 15 14 17 17 9 3 3 3 6 8 5 1 355 350 344 337 339 347 354 359 2 5 8 9 10 11 10 10 13 16 19 23 25 25 24 22 24 27 30 34 36 38 39 38 38 38 40 40 41 42 43 43 41 39 38 38 39 39 39 40 40 40 40 39 39 39 38 37 36 35 33 29 21 4 337 326 359 43 50 53 55 57 61 62 60 58 57 60 67
39 28 14 16 17 15 16 18 21 22 15 6 3 5 7 11 11 7 0 353 346 340 341 349 358 2 4 6 8 11 12 13 14 15 16 16 17 20 26 31 32 30 27 26 27 31 34 38 39 39 37 36 35 35 36 38 41 46 48 45 39 38 39 39 40 41 41 41 41 41 41 41 40 40 40 39 38 37 34 30 20 1 335 37 82 78 72 67 65 67 68 64 63 65 70 79
32 26 21 24 23 18 16 19 20 17 12 9 7 9 13 13 10 6 358 346 340 342 350 2 8 9 10 11 12 14 16 16 17 18 20 21 20 21 26 32 35 34 32 31 31 33 36 39 41 40 39 37 34 33 33 37 41 45 46 43 36 36 39 40 41 42 42 42 43 43 43 42 42 42 42 42 41 41 39 38 35 30 29 73 97 97 91 82 79 79 75 67 68 71 71 74
27 26 24 22 18 13 10 11 13 13 12 13 12 12 12 9 6 4 358 343 340 349 6 14 15 15 15 15 16 18 19 20 21 22 23 24 24 23 24 28 33 35 36 36 36 36 38 42 44 44 43 40 38 34 32 35 38 38 39 38 33 34 39 41 42 43 44 44 44 44 44 44 44 44 44 44 44 44 44 44 45 46 50 67 85 93 93 89 87 86 79 74 80 82 82 83
20 19 16 14 12 8 3 2 7 12 14 14 14 13 11 8 4 1 355 352 352 4 18 24 23 20 20 20 20 22 22 24 25 24 24 26 27 27 26 27 31 37 39 40 40 40 43 46 49 51 50 47 43 38 32 31 35 37 40 40 36 35 39 42 43 44 45 45 45 45 45 46 46 46 46 46 46 47 47 48 50 53 61 75 87 92 94 94 91 87 82 86 91 91 91 94
10 10 9 9 8 6 4 3 6 12 15 13 9 7 8 7 1 357 357 3 12 16 24 28 26 25 24 24 24 25 27 29 29 27 26 28 29 30 30 29 30 36 40 42 43 44 46 48 50 53 55 53 46 41 36 36 43 48 49 47 43 40 41 43 45 46 46 47 47 47 47 47 47 48 48 48 49 49 50 52 54 57 64 75 89 95 97 97 93 87 85 88 91 91 90 92
357 1 6 6 5 5 7 7 7 10 13 12 9 7 8 8 6 4 8 22 28 26 29 31 30 29 27 26 28 30 33 35 33 29 28 31 33 33 33 32 30 31 37 41 42 42 44 45 48 49 50 49 42 40 42 46 55 58 56 54 50 45 44 46 47 48 48 48 48 49 49 49 49 49 49 50 51 51 52 54 56 59 64 70 80 89 93 93 89 85 83 84 84 84 84 85
342 353 5 5 5 6 8 8 6 7 11 16 17 18 17 20 21 29 32 36 37 39 40 41 36 32 30 29 31 33 34 33 31 30 31 34 36 36 36 35 31 28 32 37 37 37 38 39 41 41 43 44 40 40 46 49 54 57 56 54 52 48 47 48 49 49 49 50 50 51 50 50 50 51 51 52 52 53 54 55 57 60 63 67 72 77 82 83 82 80 79 79 78 78 79 79
327 344 2 6 9 12 13 11 8 11 24 33 40 44 46 50 50 55 51 40 47 55 57 55 44 36 32 32 32 30 30 32 35 36 36 38 39 39 39 38 35 30 31 35 36 35 35 35 36 39 43 46 44 43 47 51 54 57 57 57 55 51 51 51 51 51 51 52 52 52 51 51 52 52 53 53 54 55 56 57 58 60 63 65 68 71 73 75 75 75 75 74 74 74 74 74
319 335 359 9 20 26 26 24 23 28 43 55 61 56 56 57 61 64 58 49 55 61 64 62 47 34 31 32 33 32 36 41 43 43 42 43 44 44 43 41 39 35 32 37 40 39 39 41 45 49 51 51 49 47 49 52 56 58 59 59 58 56 55 55 54 53 53 54 53 53 53 53 54 54 54 55 55 56 57 58 59 61 62 64 66 68 69 70 70 70 71 70 70 70 70 70
306 319 0 22 39 42 41 41 41 44 56 69 76 76 76 75 74 73 66 58 56 57 57 51 31 26 30 34 37 41 47 49 49 48 47 48 49 50 48 45 43 39 36 39 45 48 51 54 57 57 55 53 52 51 51 52 55 56 57 58 59 60 60 60 58 57 56 55 55 55 55 55 55 55 56 56 57 57 58 59 60 61 62 63 64 65 66 67 68 68 68 68 68 68 68 68
293 301 22 49 62 67 67 65 63 64 67 70 74 81 84 83 82 78 71 61 51 45 43 38 29 29 36 40 43 47 51 52 53 53 51 50 50 52 52 50 47 44 40 40 45 49 52 55 56 54 54 53 51 51 51 52 54 55 56 56 56 57 60 62 62 62 60 57 56 56 57 57 57 57 57 58 58 59 59 60 60 61 62 63 64 64 65 65 66 66 66 66 66 66 66 66
306 321 44 64 72 75 78 80 77 73 73 73 74 80 86 84 82 79 68 52 44 42 43 43 41 41 44 46 48 52 55 58 59 60 57 54 53 53 54 54 51 49 44 41 44 48 51 53 53 52 52 52 50 50 50 51 52 54 55 54 52 53 55 59 62 63 63 61 59 59 59 58 59 59 59 59 60 60 60 61 61 62 62 63 63 63 64 64 65 65 65 65 65 65 65 65
341 4 49 64 71 74 77 78 76 74 72 69 67 66 68 68 62 58 49 42 44 48 52 51 51 51 52 52 54 57 60 63 66 67 67 64 61 59 60 58 55 52 49 45 46 51 53 54 53 52 52 51 51 51 52 51 50 52 53 53 52 53 54 56 58 60 61 61 61 61 62 62 62 61 61 61 61 62 62 62 62 62 63 63 63 63 63 63 64 64 64 64 64 64 64 64
18 31 53 63 68 72 73 72 70 68 67 64 58 51 44 42 44 41 36 39 47 52 55 56 55 55 58 59 60 61 63 65 68 70 72 73 70 68 66 64 60 56 54 51 49 50 51 51 51 51 51 51 51 50 52 51 50 51 51 51 50 51 53 55 57 58 59 59 61 63 66 67 66 64 64 64 64 64 64 64 63 63 63 63 63 63 63 63 63 63 63 63 63 63 63 63
38 43 54 60 64 66 67 67 66 65 64 61 54 45 39 40 42 40 39 46 52 53 56 57 55 56 60 63 62 62 64 65 67 69 72 75 79 78 75 72 68 65 62 59 54 52 52 52 51 51 52 52 52 50 50 50 50 51 51 50 49 49 51 53 56 57 57 57 57 59 65 70 71 69 68 68 68 67 66 66 66 65 64 64 64 63 63 63 63 63 63 62 62 62 62 62
47 50 55 59 62 65 66 66 66 66 65 62 57 54 53 55 56 53 56 62 59 54 53 54 54 55 57 59 60 64 65 66 67 69 72 77 82 84 82 79 76 73 70 66 62 59 58 55 53 52 52 53 53 52 52 51 50 50 51 52 52 51 51 53 55 55 54 52 52 54 60 65 71 75 76 76 75 73 71 69 68 67 66 65 64 64 63 63 63 63 62 62 62 62 62 62
54 55 57 60 63 65 66 66 66 66 67 68 68 66 66 67 68 68 67 65 59 54 53 52 51 51 53 56 59 63 66 68 69 69 72 77 82 84 84 82 79 77 74 74 71 65 61 57 53 52 52 51 51 52 53 53 51 51 51 53 53 52 53 55 56 55 54 51 49 52 56 58 62 68 73 76 79 79 77 76 74 71 68 67 65 64 64 64 63 63 62 62 61 62 62 62
58 58 58 59 60 62 64 65 64 63 63 63 63 61 62 64 65 65 62 57 54 55 53 48 47 48 50 53 57 61 65 68 68 67 70 77 83 84 85 85 83 79 78 79 76 72 65 60 56 54 53 51 50 51 52 52 53 52 53 53 53 52 53 54 55 55 54 51 48 50 54 55 56 58 61 67 72 74 76 78 81 78 72 69 67 65 65 64 63 63 62 62 62 62 62 61
59 58 57 58 59 59 60 59 55 52 51 50 49 52 56 58 59 59 56 52 52 55 52 43 42 44 46 47 53 61 65 66 63 61 69 79 84 83 83 87 86 82 81 80 79 77 70 63 59 57 57 55 53 52 51 51 52 53 53 53 53 54 54 54 54 53 53 52 49 49 52 54 56 57 58 62 65 65 66 70 77 80 77 72 69 67 65 65 64 63 63 63 63 62 62 61
59 58 56 56 56 53 50 47 45 45 48 50 50 51 54 55 55 53 51 50 51 53 51 42 38 41 43 41 48 58 63 63 58 55 70 81 83 80 81 86 87 84 84 83 81 80 77 68 61 57 58 58 57 55 53 51 51 51 52 51 52 53 54 54 54 54 53 52 50 47 49 53 56 57 58 59 61 62 64 67 70 75 79 77 72 69 67 66 65 64 64 64 63 63 62 62
60 59 56 54 51 48 47 46 47 50 54 55 52 52 53 54 52 45 43 47 52 56 52 43 36 37 40 40 47 58 59 58 55 55 71 81 80 78 81 82 81 83 89 90 85 83 82 76 65 60 57 56 56 56 55 53 52 52 52 50 50 52 53 53 54 56 55 53 50 47 48 53 56 56 57 58 59 61 64 67 68 70 74 78 76 72 69 68 67 66 66 65 65 64 63 62
