windninja/windninja_output/Output_2025-08-24_2000-2050_Google earth_Fire_150m_10min/merlingen_7.5mi_point_08-24-2025_2000_150m_ang.asc
ncols	158
nrows	163
xllcorner	391686.332397
yllcorner	5160024.123721
cellsize	150.000000
NODATA_value	-32768.000000
[rows 0 to 43 of 163, columns 0 to 95 of 158]
270 268 265 263 262 263 261 255 253 253 250 242 231 227 231 240 250 255 258 266 271 258 246 245 251 257 257 251 249 250 250 250 251 251 250 255 259 260 261 260 257 257 258 260 264 268 272 274 274 272 273 273 274 275 275 272 270 269 271 273 273 272 270 269 268 266 267 271 276 280 281 280 278 276 275 278 278 277 279 281 281 277 274 276 277 275 270 268 268 266 263 264 265 262 259 257
271 269 267 265 264 262 259 257 256 255 251 242 231 229 235 242 250 255 260 265 267 260 252 249 252 254 254 253 253 252 251 252 252 252 254 256 258 260 261 261 260 260 261 263 266 269 271 274 276 275 274 274 273 273 272 271 271 271 272 274 274 273 273 272 272 271 271 273 276 280 282 281 279 279 279 279 279 279 282 283 282 279 277 277 277 277 276 273 272 271 270 270 270 269 267 266
272 271 269 267 265 262 257 258 260 259 254 242 232 234 240 247 252 256 261 262 262 262 262 256 254 252 253 255 255 254 254 255 256 257 259 260 260 261 262 263 265 266 266 268 270 272 273 275 276 277 276 275 273 271 271 272 274 275 274 275 276 277 277 277 277 277 276 276 278 280 282 282 283 284 284 283 282 282 284 286 285 281 281 280 280 284 287 284 281 280 281 281 282 283 284 284
272 270 267 266 264 262 259 260 262 261 254 241 236 241 247 254 256 257 258 258 258 261 265 262 257 254 253 254 254 254 255 257 259 262 263 263 263 263 264 266 268 270 271 273 274 275 276 275 274 275 277 275 273 273 274 275 276 276 276 276 277 279 279 279 279 280 279 279 279 281 282 283 284 285 284 285 286 285 284 286 288 285 284 285 286 288 294 295 292 292 292 292 295 297 298 300
272 270 266 264 264 263 265 267 265 260 251 240 239 247 256 259 258 258 257 256 257 261 266 268 264 259 255 254 253 254 255 257 260 264 265 265 265 266 268 271 272 274 275 276 276 276 275 274 274 274 274 273 273 273 274 275 276 277 278 278 278 279 280 280 281 282 282 281 280 281 282 283 284 286 286 285 286 286 285 286 288 287 286 289 289 290 297 302 301 302 303 303 307 310 311 314
274 272 268 265 264 265 268 269 266 258 250 245 245 253 260 261 258 257 256 257 258 262 269 274 272 265 260 257 255 256 256 258 261 262 263 265 267 270 272 273 275 276 277 276 275 274 273 273 273 272 270 271 272 273 274 275 277 278 279 280 280 280 281 282 282 283 283 283 282 282 282 283 286 288 288 287 288 289 288 285 286 289 289 291 291 291 295 301 302 305 307 308 313 317 318 318
274 274 273 269 267 267 268 267 262 256 253 252 253 259 262 262 259 256 255 256 258 262 268 276 277 271 266 263 261 260 260 262 263 261 262 266 270 271 272 272 273 274 274 273 272 272 272 272 272 270 269 270 272 273 274 275 277 279 281 282 283 284 284 283 283 284 285 284 284 285 286 286 289 292 293 291 290 290 290 287 288 292 294 293 292 291 293 299 302 304 305 305 308 312 313 314
272 272 274 274 271 269 266 263 259 258 258 259 260 262 263 262 260 257 256 256 258 261 265 271 278 276 271 269 266 264 265 266 265 263 265 268 269 270 269 269 270 270 270 270 271 272 271 271 271 270 270 272 273 272 274 276 279 281 283 286 287 287 286 284 283 284 286 286 286 287 289 289 289 292 294 293 290 289 290 290 290 294 298 298 297 296 298 301 303 305 304 303 302 303 308 312
271 271 272 273 273 270 266 262 261 262 263 265 267 266 264 262 261 260 258 258 260 261 262 266 274 280 276 272 269 268 268 269 266 266 267 268 268 267 267 266 267 268 269 269 271 271 271 271 272 272 272 274 274 273 275 278 282 283 285 285 285 285 286 284 282 283 286 288 288 288 289 288 287 289 291 292 289 288 289 290 291 295 301 304 305 306 307 309 312 315 315 313 311 311 315 314
271 271 270 271 271 269 266 264 264 264 266 269 272 271 267 263 262 262 261 260 261 261 262 264 268 276 277 272 270 271 270 269 268 268 267 267 266 265 264 264 265 267 268 269 270 270 271 271 272 273 274 273 274 277 278 279 281 282 280 279 279 281 283 283 282 284 287 288 288 286 285 285 287 288 289 289 288 289 294 297 296 298 303 307 306 307 310 311 316 322 323 321 319 320 319 312
271 271 270 269 269 267 266 266 266 266 267 270 274 275 271 266 264 264 265 264 263 262 261 262 264 269 273 271 270 271 271 269 268 269 268 266 264 264 264 265 266 267 268 268 268 269 271 270 270 272 274 274 275 278 278 276 275 274 273 271 272 275 277 282 285 285 285 285 284 282 283 285 288 290 289 288 287 292 301 303 302 302 304 306 306 308 309 308 311 318 319 316 316 319 316 310
271 271 270 269 268 267 267 267 267 267 268 270 273 276 274 270 268 267 268 268 266 264 262 261 262 263 264 267 269 270 269 268 268 270 268 265 264 264 266 267 266 267 267 266 266 267 267 267 265 267 272 273 273 273 273 271 269 267 266 265 266 268 273 281 285 285 283 282 283 285 286 287 289 293 296 296 298 301 306 308 306 305 307 309 311 313 312 306 308 317 314 308 309 315 312 308
270 270 269 268 268 268 268 267 267 267 268 269 271 274 274 274 273 271 269 269 269 267 264 261 259 257 257 263 267 268 269 268 269 269 267 265 265 267 268 267 267 267 266 264 264 262 259 258 260 264 268 269 269 269 270 270 268 264 260 258 261 265 272 280 283 283 281 282 288 292 290 288 290 297 304 306 306 307 309 311 310 308 309 310 311 315 312 306 310 320 314 305 305 312 308 302
270 270 269 268 268 268 267 267 267 268 268 269 270 271 273 274 275 276 273 270 269 267 264 260 256 255 257 262 265 267 268 269 269 268 266 266 267 268 268 267 267 265 262 261 261 259 255 253 257 262 266 267 266 266 269 272 271 265 258 258 265 271 277 281 283 282 281 285 293 297 294 291 293 299 305 306 304 303 304 308 309 308 309 307 306 309 308 303 305 312 308 300 298 301 298 293
269 269 269 268 268 268 267 266 267 267 268 269 270 271 271 272 274 277 276 272 269 266 262 259 257 257 259 262 264 264 265 268 269 269 269 269 267 266 265 263 262 258 256 259 261 259 260 260 259 259 263 267 267 268 271 274 276 274 269 269 274 279 284 287 286 285 288 290 294 301 302 298 297 299 302 302 299 297 295 298 302 305 304 301 299 300 299 296 294 297 294 287 283 283 284 284
269 268 268 268 268 267 267 267 267 267 268 269 271 274 273 272 271 273 274 272 268 265 262 259 258 260 261 261 262 264 267 269 269 268 268 267 264 262 259 258 257 256 257 262 263 262 265 269 266 262 265 270 274 277 277 276 279 283 283 280 281 285 289 291 288 288 292 294 296 304 308 301 296 296 298 300 298 294 294 296 300 301 298 294 292 290 287 283 282 282 282 280 278 278 280 282
268 268 268 267 267 267 267 267 267 267 268 269 271 275 278 274 270 268 269 269 268 265 262 260 261 261 262 262 263 265 268 267 264 262 260 260 262 261 258 258 259 261 265 265 265 266 266 268 272 274 274 276 279 281 279 276 277 284 291 288 287 288 290 292 290 288 292 296 299 304 308 302 295 296 300 300 298 297 299 298 297 295 292 287 282 278 273 269 273 281 286 287 286 285 286 287
267 267 267 267 266 266 266 267 267 267 268 269 271 274 278 276 271 268 266 266 265 264 263 263 263 261 261 263 266 266 265 262 257 254 255 259 262 262 262 263 265 267 268 267 266 268 269 271 276 281 282 281 280 279 278 277 278 283 291 291 288 288 290 292 293 291 292 296 298 300 304 306 302 301 303 302 302 301 297 292 287 285 283 278 274 272 270 271 279 289 294 292 292 292 293 292
267 267 266 266 266 266 266 266 267 267 267 268 270 272 275 275 272 269 266 264 263 263 264 264 264 262 262 264 266 265 261 256 253 253 256 260 262 264 265 266 267 267 267 268 268 269 274 278 279 279 281 282 281 279 279 281 282 284 288 290 288 287 289 292 294 293 292 292 295 297 303 309 308 305 304 302 299 293 284 277 276 277 278 279 278 279 282 285 287 293 299 299 295 296 297 298
267 267 266 266 265 265 266 266 267 267 266 267 269 270 272 273 271 268 266 264 264 264 264 264 264 263 263 263 264 263 259 255 254 256 259 262 264 266 268 269 269 269 268 269 270 274 278 281 280 277 278 281 283 284 284 285 284 284 286 288 286 283 286 291 292 292 291 291 296 301 307 311 309 307 308 306 298 286 278 276 279 282 287 291 290 289 289 290 289 294 303 307 301 297 299 301
266 266 266 265 265 265 265 266 266 266 266 267 268 269 269 270 269 267 266 265 265 264 264 264 264 264 263 262 262 261 258 255 255 258 263 265 267 270 271 271 269 269 269 270 274 277 277 278 279 278 278 281 284 288 288 286 285 284 283 284 283 282 285 291 292 293 294 296 300 304 308 309 306 304 308 312 307 297 290 288 290 293 295 297 298 294 292 290 291 296 305 313 306 299 300 303
266 265 265 265 265 265 265 265 265 266 266 266 267 267 268 268 267 267 266 266 265 265 265 264 264 263 262 262 261 261 259 257 258 263 267 268 269 269 270 269 268 268 269 272 275 275 276 277 280 280 280 282 285 287 289 288 287 286 283 281 282 282 286 292 294 296 300 301 301 303 304 303 301 300 305 314 316 308 300 297 297 297 296 300 303 300 297 295 295 300 309 319 313 303 304 307
265 265 264 264 265 265 264 264 264 265 266 266 266 266 267 267 267 266 266 266 265 265 265 264 263 262 261 261 261 261 261 262 265 268 268 269 268 266 266 267 268 269 270 272 273 275 278 280 281 282 282 282 283 285 288 290 289 289 287 282 282 284 286 293 298 302 305 304 301 300 300 299 298 299 305 316 321 314 306 301 299 300 300 302 307 306 305 303 301 303 312 324 319 307 306 309
264 264 264 264 264 264 264 264 264 265 266 266 265 265 266 267 267 266 266 265 265 265 264 264 263 261 260 259 260 263 265 268 270 268 267 267 267 265 266 269 270 271 271 271 274 279 280 280 281 282 281 282 283 285 288 290 291 291 291 286 283 283 286 294 302 306 306 302 297 293 293 295 296 300 308 318 322 314 307 303 300 301 303 304 308 309 309 305 301 303 312 326 318 307 306 309
264 264 264 264 263 263 263 263 264 265 265 265 265 265 266 266 266 266 266 266 265 265 264 263 262 260 258 257 261 266 269 271 272 269 267 266 265 267 269 272 273 274 274 275 279 280 278 277 279 280 281 282 284 286 288 291 291 291 292 288 283 284 290 296 302 303 300 294 287 284 286 293 298 303 309 316 316 310 307 305 303 304 306 307 308 309 309 305 300 302 313 328 318 309 307 309
263 263 263 263 263 263 263 263 264 265 264 265 266 266 265 265 266 266 266 266 265 265 264 263 261 258 253 255 261 266 270 273 275 274 269 266 264 267 272 275 276 278 279 280 279 276 274 276 278 281 282 282 284 286 289 292 292 289 288 288 288 292 296 298 300 300 296 289 281 280 287 296 302 305 311 317 310 307 310 311 308 308 310 311 310 312 314 311 304 304 316 330 322 313 311 312
263 263 263 263 263 263 263 263 264 264 264 264 265 266 266 266 266 266 265 265 266 266 265 263 261 256 252 256 261 264 267 272 276 278 274 268 265 267 273 278 280 281 283 281 278 276 275 277 280 282 282 281 283 286 291 295 293 286 287 292 295 297 298 298 297 295 293 288 283 285 292 299 304 307 315 322 309 304 310 314 311 309 310 312 311 313 319 318 308 307 318 329 324 318 316 315
262 262 262 262 262 262 263 264 264 263 263 264 265 265 266 266 266 266 266 266 266 267 266 264 262 257 254 257 260 260 263 269 275 279 279 275 270 270 273 278 281 283 285 283 281 281 279 278 280 283 283 282 284 288 294 300 297 289 292 297 297 296 295 294 290 286 286 286 288 291 295 299 304 309 318 324 310 302 308 315 313 311 311 310 309 310 316 317 309 308 317 325 323 319 318 319
262 261 261 261 262 262 263 264 263 263 263 264 264 265 266 266 266 266 267 267 267 267 266 265 263 261 261 262 260 256 258 264 271 276 281 284 280 275 276 281 284 286 287 286 286 285 283 279 278 283 288 286 286 288 292 302 305 295 293 296 297 295 293 292 288 285 286 289 293 295 296 299 305 310 319 322 310 299 301 310 314 314 311 307 304 302 305 308 306 307 314 321 321 318 317 320
261 261 261 261 261 262 263 263 263 263 263 264 264 265 266 267 267 267 267 267 267 267 267 267 266 267 269 267 261 255 255 259 264 273 283 292 289 282 280 284 287 288 288 287 287 287 286 285 283 286 290 289 286 285 288 299 306 295 290 292 294 293 288 285 285 285 291 295 293 295 297 300 304 309 318 320 311 299 295 301 311 315 311 304 300 299 302 305 305 307 311 315 318 316 314 314
261 261 261 260 261 262 263 262 262 263 263 264 264 265 266 267 267 268 268 268 268 268 268 268 269 272 274 271 264 258 257 258 264 274 285 295 293 286 283 286 288 288 287 285 285 287 288 289 288 286 286 286 284 281 281 289 295 292 289 288 289 289 281 275 278 286 296 296 290 291 295 295 297 305 317 320 316 305 297 298 308 315 312 306 303 306 307 308 307 306 307 308 310 310 306 305
261 261 260 260 261 262 262 262 262 263 263 264 265 265 266 267 267 268 269 269 269 269 269 270 272 275 277 274 267 261 262 266 270 275 282 293 294 287 285 285 284 283 282 281 281 284 286 287 284 280 280 281 279 276 275 278 285 287 288 285 285 285 278 272 278 289 300 298 290 288 291 293 296 307 318 321 319 311 301 300 307 317 315 309 306 306 304 302 300 299 299 299 300 301 301 301
260 260 259 260 262 262 261 262 263 263 264 264 265 266 266 267 267 269 270 270 270 271 271 272 274 277 278 276 272 268 270 273 273 273 277 290 294 287 284 281 278 278 278 278 279 281 283 282 278 277 278 279 278 276 272 276 284 285 284 283 282 283 281 277 281 291 303 303 292 288 292 299 305 313 320 322 321 316 306 301 306 316 314 310 307 303 299 298 297 295 294 294 294 298 303 307
259 259 259 260 262 262 261 262 263 264 264 265 265 266 266 267 268 269 270 271 271 272 274 274 275 278 280 280 280 279 277 274 271 270 273 286 295 286 280 277 275 275 276 276 276 278 279 277 275 276 277 278 279 277 274 278 285 285 280 278 280 287 294 287 283 288 300 304 296 291 297 306 310 316 322 324 323 319 311 305 307 312 312 311 312 310 305 304 304 302 300 298 298 300 307 316
258 258 258 260 262 261 262 262 263 264 265 266 266 266 267 267 268 269 270 271 272 274 275 277 277 278 281 283 286 285 281 276 273 272 272 280 291 284 277 275 273 271 271 271 273 276 277 274 275 276 277 277 277 277 277 280 285 286 280 275 278 289 303 296 285 285 292 301 300 298 302 307 309 315 319 321 321 318 312 306 307 311 312 311 314 316 310 309 311 309 307 307 306 306 310 318
258 258 258 260 261 261 261 262 263 264 265 266 267 267 268 268 269 270 270 272 273 274 276 278 280 280 282 284 287 287 285 282 279 278 274 273 278 278 273 270 267 266 267 270 273 275 276 276 277 278 278 278 278 280 282 284 285 285 282 276 276 285 303 303 289 283 288 297 302 303 302 301 302 308 313 317 318 311 305 302 303 308 309 307 310 316 314 313 316 316 314 313 309 306 308 315
258 258 260 261 261 260 261 263 264 264 265 266 267 268 268 269 270 270 271 272 273 274 276 278 280 282 285 286 287 289 291 289 285 280 274 268 266 267 266 264 264 265 268 272 275 277 278 279 279 279 279 280 281 284 287 287 286 285 283 279 278 284 299 306 297 287 287 294 301 303 299 292 292 301 310 316 318 312 304 303 303 303 303 301 304 313 318 317 318 319 317 313 309 306 310 319
258 258 260 261 261 260 262 263 264 265 266 267 267 268 269 270 270 271 272 273 274 275 276 278 280 283 287 291 293 293 293 291 286 279 272 267 260 257 259 262 265 269 272 275 277 278 280 281 280 280 282 285 286 286 287 289 288 286 285 283 282 285 295 305 302 291 287 291 297 300 295 291 296 306 314 315 317 321 312 307 309 308 305 302 302 311 321 322 318 318 318 314 310 309 314 325
258 258 260 260 261 262 262 264 265 266 267 267 268 269 270 270 271 272 272 273 274 275 277 278 281 284 288 295 297 293 290 288 284 279 273 265 254 253 260 264 269 273 276 278 279 280 283 284 283 283 286 291 292 288 288 293 295 292 290 289 287 287 294 304 305 294 287 288 292 295 298 303 307 313 318 313 317 328 320 311 315 316 311 306 303 310 324 327 321 319 319 315 309 308 313 324
258 259 260 260 261 263 263 265 267 268 268 268 269 269 270 271 272 272 273 274 275 276 277 279 281 284 289 296 295 290 287 287 285 280 272 261 253 259 264 267 271 276 279 282 282 282 285 287 288 285 286 292 298 296 294 298 302 300 296 293 291 287 287 295 303 296 288 287 289 296 303 308 310 315 319 312 318 335 330 317 321 323 316 307 303 307 320 327 325 322 323 316 308 306 311 320
258 259 260 261 262 263 264 266 268 268 268 269 270 270 271 271 272 273 274 275 275 277 278 279 281 284 288 292 292 289 287 287 286 280 271 263 263 267 267 270 274 278 283 285 285 284 285 289 292 288 286 292 302 303 298 297 302 301 295 290 286 280 277 284 298 297 288 287 292 300 305 306 304 313 316 311 321 340 335 321 323 328 321 312 306 307 317 326 327 324 323 315 306 304 309 317
259 259 260 262 263 264 266 267 268 268 269 270 270 271 271 272 273 273 274 275 276 277 278 279 281 283 286 289 291 290 287 286 286 282 276 271 273 276 277 277 279 282 283 285 287 289 290 291 293 291 288 292 300 303 296 291 292 293 288 281 276 276 277 283 293 297 291 291 299 304 306 302 303 315 315 312 325 344 337 325 321 324 320 315 313 315 322 329 328 324 321 313 305 304 310 319
259 259 261 262 264 266 268 268 268 269 270 271 271 272 272 272 273 274 274 275 276 277 278 279 280 282 284 287 291 291 287 285 285 285 285 284 283 285 287 286 283 281 281 284 289 291 289 285 286 289 288 288 293 296 292 286 282 281 279 275 275 282 286 286 290 296 299 301 304 309 310 306 310 318 315 315 330 347 343 332 323 321 317 315 316 319 328 332 327 323 320 315 309 309 316 327
260 260 261 263 265 267 268 268 269 269 270 271 272 272 273 273 273 274 275 276 276 277 279 279 280 282 284 286 289 289 287 285 286 289 293 295 294 291 289 287 282 279 281 284 285 283 280 278 282 287 287 286 287 290 287 282 278 275 275 276 280 288 291 292 293 299 305 308 310 318 320 315 318 321 319 321 337 352 348 334 324 321 318 314 315 320 329 328 323 322 320 318 312 310 318 332
