windninja/windninja_output/Output_2025-08-24_2000-2050_Google earth_Fire_150m_10min/merlingen_7.5mi_point_08-24-2025_2010_150m_ang.asc
ncols	158
nrows	163
xllcorner	391686.332397
yllcorner	5160024.123721
cellsize	150.000000
NODATA_value	-32768.000000
[rows 106 to 158 of 163, columns 0 to 95 of 158]
24 23 22 25 27 31 37 41 39 29 24 20 12 8 8 12 28 48 57 55 52 50 44 39 36 35 35 37 37 35 31 26 22 23 22 13 2 354 350 349 350 351 349 346 345 346 351 360 7 14 19 22 24 27 29 30 30 32 33 35 35 35 35 36 37 39 39 36 34 37 42 44 46 47 49 54 59 62 65 68 70 66 60 58 57 57 57 57 57 57 57 57 57 58 58 58
33 31 28 29 30 31 31 25 18 11 9 10 12 16 20 21 28 37 43 44 42 40 34 27 27 29 30 30 32 33 28 25 21 19 16 9 4 0 356 351 349 350 349 347 345 344 346 354 2 9 16 21 24 26 29 30 30 31 33 35 36 36 35 36 37 37 39 37 34 36 40 43 45 46 47 50 53 53 53 58 65 68 64 61 59 58 57 57 57 57 57 58 58 58 58 58
37 35 32 30 26 21 15 11 7 7 12 18 23 27 28 25 24 28 35 36 32 30 26 20 19 24 24 21 25 29 27 26 21 14 12 11 11 6 360 354 350 349 348 348 347 345 343 347 356 5 14 20 23 25 28 30 31 31 31 32 34 36 36 36 38 38 38 38 35 34 37 42 45 46 47 48 49 50 51 55 60 63 66 64 61 59 59 58 58 58 58 59 59 59 58 58
41 38 31 23 16 12 11 12 13 17 26 32 32 31 28 24 19 21 27 29 26 25 24 18 12 15 18 18 21 27 25 24 19 12 15 18 16 7 359 0 359 352 346 345 347 345 343 343 351 0 9 16 21 24 26 28 30 31 31 30 31 35 36 36 38 40 39 38 36 33 36 42 44 44 45 47 48 50 53 56 58 60 62 64 64 62 61 60 60 60 60 60 60 60 59 59
41 37 27 20 16 16 20 26 30 32 34 36 33 28 25 20 15 16 20 24 27 28 23 16 8 5 10 13 17 24 24 21 18 15 19 20 12 3 2 6 6 359 350 344 343 343 343 342 346 354 3 11 18 23 25 26 29 31 32 30 30 34 37 36 38 41 41 39 37 34 33 38 42 43 45 48 49 51 53 55 58 60 61 62 65 66 65 64 63 63 63 63 63 62 61 60
39 36 29 26 27 29 34 36 36 34 35 37 32 23 17 15 13 11 14 19 26 31 23 12 7 2 359 0 8 19 24 22 17 15 16 14 9 5 7 8 5 5 4 352 342 341 342 341 341 347 356 6 15 22 25 25 26 31 33 32 31 34 37 36 36 38 40 39 37 34 32 37 42 44 45 48 49 51 53 55 57 60 61 60 60 63 67 68 68 68 68 68 67 66 64 62
43 41 36 35 35 33 32 31 32 31 30 30 23 14 12 14 13 9 8 12 19 27 26 13 7 2 353 348 354 11 22 24 16 11 12 14 13 13 14 11 9 12 12 3 350 344 343 339 335 339 349 0 11 19 23 24 24 29 33 32 30 32 35 35 34 35 37 38 37 35 35 38 43 44 45 47 48 48 50 52 55 59 59 59 58 58 62 67 70 72 73 73 69 67 65 63
47 45 41 40 38 35 31 29 28 27 23 20 16 12 12 14 12 4 359 3 11 22 30 23 9 4 356 350 347 357 14 21 20 13 14 19 23 24 19 16 16 15 11 7 358 350 346 341 335 334 340 352 4 15 22 23 23 26 31 32 30 30 33 35 33 34 35 36 35 33 33 36 40 41 43 47 48 47 47 48 52 57 58 59 58 56 57 61 64 67 71 71 67 64 64 64
48 46 43 39 36 33 30 27 25 24 17 12 12 13 14 14 7 356 351 355 3 16 27 27 14 6 4 1 355 352 2 16 21 20 20 26 29 27 22 18 15 9 6 6 3 354 349 347 343 337 335 343 355 9 19 22 22 24 29 31 30 28 30 33 32 31 33 34 34 33 32 34 39 40 41 45 47 47 46 47 51 54 53 53 53 50 52 55 55 59 63 63 60 61 62 63
46 45 40 35 32 30 28 28 26 20 10 5 8 13 15 12 3 354 350 351 357 7 16 19 15 9 8 7 6 359 359 8 18 24 24 21 20 21 21 16 9 4 5 10 8 359 354 354 351 344 338 338 346 1 15 22 23 23 26 30 30 28 29 32 32 30 31 33 34 34 33 35 39 43 42 44 46 48 47 46 51 53 50 47 48 44 44 48 51 56 59 57 54 54 56 56
44 42 39 36 32 30 28 27 24 16 4 2 6 10 12 11 5 359 353 351 354 358 2 9 14 15 12 10 9 3 358 1 12 23 24 17 12 14 15 10 3 3 8 14 13 5 1 357 353 349 343 339 342 353 10 21 24 23 25 28 29 28 29 31 31 29 29 32 33 33 33 33 37 41 44 45 46 47 48 48 52 55 51 46 45 42 40 43 49 55 56 53 49 47 49 49
44 42 40 38 35 31 26 21 17 12 7 4 4 5 7 12 12 1 350 345 347 349 351 358 7 12 14 13 11 6 358 356 5 15 17 11 8 9 9 6 3 6 12 16 17 11 2 356 353 352 349 345 344 350 4 18 23 23 24 27 27 26 27 30 30 28 28 30 31 32 31 31 33 37 41 43 45 46 47 48 52 55 51 45 43 41 39 42 48 52 52 49 45 44 47 48
46 44 41 39 35 30 22 15 11 10 11 9 3 359 2 14 17 359 343 337 336 338 342 347 353 3 5 5 9 13 7 358 357 4 13 18 14 9 6 5 7 11 14 17 19 13 4 358 356 356 355 351 348 349 359 13 22 24 23 25 26 24 25 27 27 26 26 28 30 31 30 29 30 33 37 40 41 43 45 45 48 52 50 44 42 41 39 41 46 48 46 44 41 45 49 48
47 45 41 39 34 27 20 14 9 8 12 13 3 356 0 12 16 3 342 332 327 328 333 338 341 346 350 354 3 9 5 358 355 1 18 28 25 15 12 13 14 15 16 16 15 13 8 2 359 360 0 356 351 349 356 10 21 23 23 25 25 23 23 25 26 26 26 27 29 31 30 28 28 29 34 38 39 41 43 46 50 52 49 44 42 41 40 41 44 44 43 40 39 44 49 46
47 44 39 38 36 29 23 16 11 7 10 11 3 357 360 8 15 11 352 334 325 321 323 327 331 335 338 345 351 354 358 358 359 11 27 34 32 25 22 24 24 21 19 18 17 16 12 6 3 4 3 0 355 351 355 7 19 23 23 24 24 23 25 29 33 37 35 30 30 32 31 28 27 27 30 34 37 39 43 47 50 52 49 44 42 41 39 40 42 43 42 39 37 42 46 43
46 42 33 30 30 28 24 21 15 8 7 9 2 356 357 4 13 15 5 349 330 315 310 314 318 323 330 338 341 341 347 360 11 21 32 36 36 37 33 31 32 30 28 27 27 25 20 16 12 10 7 4 358 354 356 5 16 22 23 24 26 27 34 41 47 54 56 46 34 33 32 30 29 27 27 29 33 37 40 44 46 48 47 43 41 39 38 39 41 43 41 37 34 38 43 42
40 36 26 21 21 20 19 21 21 14 8 7 1 353 352 358 11 19 17 5 343 318 306 301 300 306 315 324 329 333 343 1 15 25 37 40 40 43 37 32 35 38 39 38 35 33 31 26 20 16 12 7 1 357 357 2 14 21 23 28 33 38 44 46 44 45 48 48 38 33 34 32 30 28 25 25 28 32 35 38 42 45 43 39 38 37 35 35 38 40 38 33 33 38 44 44
37 33 24 18 17 16 16 19 22 21 13 9 5 355 349 351 5 23 28 20 358 332 313 296 288 290 296 304 314 325 342 2 19 30 41 43 41 44 41 32 32 38 42 42 38 35 33 26 21 18 15 10 4 360 359 3 15 27 32 36 40 43 43 39 35 36 39 40 38 33 35 35 32 29 26 23 23 26 30 32 35 38 39 36 36 36 34 33 37 39 36 30 31 39 44 44
37 33 26 20 17 15 15 17 21 21 18 19 14 3 351 346 356 18 28 28 13 349 328 313 303 294 289 299 314 326 348 9 23 31 42 46 43 45 44 35 30 34 41 44 41 36 31 24 18 16 15 13 8 2 2 8 19 33 41 41 39 36 33 30 30 33 36 38 39 37 37 44 43 36 30 24 19 21 25 27 29 35 38 37 36 36 33 33 39 40 35 28 28 37 42 41
32 30 25 19 15 14 15 15 15 15 18 26 29 14 355 344 347 3 16 19 19 5 347 331 320 314 313 321 327 339 359 18 29 34 43 50 46 45 46 39 33 32 37 45 45 40 33 24 17 16 17 17 12 6 4 9 18 27 33 31 27 27 26 26 28 32 34 37 39 39 40 48 56 52 40 28 20 17 21 24 27 35 39 38 37 36 32 32 37 38 32 24 26 36 40 38
28 29 25 18 14 13 15 11 9 11 16 27 35 27 9 353 349 353 360 8 11 7 355 343 337 336 338 339 345 355 6 21 33 36 43 50 48 47 48 45 39 33 34 43 47 43 36 26 19 17 20 18 14 10 7 8 15 23 28 25 22 24 25 26 29 33 34 36 38 38 38 41 47 51 49 37 24 20 23 27 30 36 38 37 37 34 31 31 35 37 32 24 27 36 38 36
28 28 24 18 13 12 11 8 5 7 12 22 29 30 22 9 357 354 355 356 357 357 357 354 353 351 353 358 360 1 6 20 32 35 41 50 52 50 51 50 46 38 34 39 46 46 40 30 24 22 22 20 15 13 11 10 14 22 26 25 24 26 27 28 31 33 34 35 36 37 39 42 45 45 45 45 36 27 26 25 28 33 35 36 35 30 26 27 30 33 32 26 28 35 36 35
27 26 24 18 12 8 7 6 4 5 7 12 17 22 25 20 5 355 349 343 344 351 0 5 8 11 10 7 5 2 2 14 30 36 40 49 55 54 53 54 52 44 37 36 46 49 43 33 28 25 23 21 16 14 13 12 14 20 26 27 27 28 28 29 31 33 34 35 36 37 39 43 47 49 50 52 53 45 31 24 21 25 29 31 30 25 21 21 23 27 29 26 27 32 36 35
27 28 27 21 14 8 5 4 3 3 1 0 4 12 19 21 13 355 341 336 339 350 10 21 23 22 18 13 10 3 356 6 27 38 42 45 50 55 56 57 55 50 45 38 43 49 45 35 28 26 23 21 17 16 15 13 15 20 26 28 27 27 28 29 31 32 33 34 35 36 38 41 45 49 52 56 59 60 72 80 32 18 22 26 26 22 18 18 20 24 27 27 27 29 32 33
30 30 28 23 16 11 8 4 1 359 355 353 355 1 8 14 9 354 342 339 343 354 10 24 27 24 20 19 15 6 358 360 20 36 41 45 46 47 49 51 51 48 45 39 35 46 46 38 32 29 25 24 20 19 17 13 15 21 26 27 27 27 28 29 31 32 33 33 33 34 36 39 42 44 47 52 56 56 60 95 168 219 324 24 28 23 19 21 25 26 28 30 29 27 28 29
31 28 25 23 17 11 11 12 8 357 350 349 353 358 1 3 2 355 349 349 351 353 2 18 28 28 22 20 19 14 10 6 11 28 39 43 44 41 38 37 38 35 34 33 28 36 45 43 39 34 29 28 24 21 19 15 16 22 27 29 30 30 29 30 31 32 32 32 31 32 34 37 39 42 43 46 49 46 42 49 61 197 226 228 33 24 20 24 29 29 31 35 33 27 27 29
31 28 25 23 17 10 9 12 16 12 360 353 353 355 356 355 356 357 355 350 348 350 357 8 26 33 30 26 27 24 20 15 10 19 33 38 40 39 36 33 31 28 28 28 25 26 37 44 44 39 33 30 26 22 20 18 18 23 29 32 32 32 30 30 31 32 33 32 30 30 32 34 35 39 42 45 47 42 35 40 47 50 239 235 233 258 11 20 28 32 32 36 36 30 28 31
34 32 25 20 16 10 6 7 12 17 13 4 0 356 353 350 351 358 4 359 349 348 354 3 21 37 38 34 32 30 28 24 13 8 21 31 37 40 39 38 35 30 28 28 26 25 28 37 44 43 37 32 27 24 21 19 20 23 27 28 29 29 28 28 31 32 33 33 30 28 30 32 32 34 39 45 51 49 39 41 47 45 30 273 229 233 256 345 30 40 37 36 38 33 29 32
35 30 21 15 14 12 8 2 2 10 13 10 7 4 354 343 345 358 10 11 4 354 355 3 19 36 41 37 30 26 24 24 18 2 4 24 36 42 45 46 42 36 33 33 31 28 26 29 39 41 36 31 27 24 22 20 20 23 25 26 27 28 28 28 30 32 33 35 32 28 27 28 29 31 37 44 51 54 49 48 51 49 41 31 359 236 234 233 49 50 43 38 41 38 30 29
27 24 18 13 13 13 9 3 358 360 7 8 6 2 349 339 342 358 12 19 17 9 3 6 16 31 40 40 35 26 20 20 19 11 1 13 34 44 49 51 47 43 40 38 35 32 30 30 34 37 34 30 27 25 23 21 21 24 25 25 27 28 28 29 29 32 33 35 37 32 25 25 26 27 32 39 46 50 52 54 58 54 48 40 33 13 263 228 211 130 66 49 48 43 32 29
15 19 19 14 13 12 9 6 2 359 2 4 3 357 346 340 342 354 10 22 26 22 15 11 11 22 38 43 40 32 25 23 24 22 15 7 21 42 54 56 51 49 46 40 39 38 36 33 34 36 35 32 28 26 23 21 21 23 23 23 25 26 27 27 28 31 33 35 40 40 32 25 23 21 24 32 40 44 47 51 56 53 46 41 33 23 19 11 237 182 112 76 64 53 40 35
9 15 20 18 16 12 9 9 9 8 6 4 1 353 348 348 349 353 8 25 32 29 23 18 13 15 30 42 43 38 33 31 32 30 25 15 12 32 54 57 52 52 50 44 44 44 41 36 35 37 36 32 29 27 24 21 20 21 21 21 23 25 27 27 29 32 34 37 43 48 48 39 27 19 16 25 35 39 41 44 47 43 40 38 32 26 31 33 18 359 19 50 69 69 54 39
17 17 19 22 22 19 14 10 9 9 9 6 358 347 349 357 2 5 13 27 36 32 26 23 17 13 22 38 43 42 38 37 35 32 31 26 16 23 48 54 50 50 52 49 46 46 42 37 36 36 34 31 29 27 24 20 18 18 19 21 22 24 26 27 30 34 38 42 45 49 52 52 44 26 9 19 33 37 38 42 44 41 37 35 29 26 26 20 8 4 9 26 47 62 62 31
28 24 18 19 21 24 23 16 6 4 4 1 349 342 348 3 13 17 20 26 31 29 25 23 19 13 14 32 42 42 40 39 36 33 34 31 21 18 38 52 51 50 52 50 48 46 43 38 36 35 32 29 27 25 23 18 15 17 19 20 21 23 24 26 30 35 39 41 43 46 49 52 47 28 4 4 31 39 38 41 43 39 32 27 20 16 12 11 13 13 14 22 33 42 44 22
32 29 20 13 14 20 23 19 11 3 356 350 341 339 352 11 20 23 23 25 26 23 20 20 17 12 9 21 37 39 40 43 41 37 34 28 21 19 33 50 52 51 52 50 48 47 44 39 36 34 32 28 24 22 19 16 15 16 19 20 21 22 22 22 26 31 34 37 39 41 44 48 49 39 18 356 19 41 41 42 44 42 36 31 22 16 16 19 24 23 21 22 24 28 33 29
29 30 27 15 10 10 13 15 14 8 355 341 337 343 2 13 21 23 20 22 25 24 20 15 12 10 8 13 27 34 39 45 44 40 36 30 23 24 31 44 51 52 51 49 47 45 42 38 36 34 33 30 24 17 15 15 14 16 18 19 19 20 19 17 17 20 23 26 28 30 33 38 43 41 23 6 13 38 47 49 53 54 50 44 34 28 31 33 32 29 25 23 21 24 34 38
25 32 36 27 12 0 359 5 6 6 359 343 337 352 4 10 17 17 12 12 22 27 25 21 16 12 11 12 21 32 38 42 44 45 43 36 28 29 34 40 47 49 47 44 43 42 40 37 35 34 34 32 27 15 10 11 13 15 15 16 17 17 15 11 8 8 11 14 18 22 27 31 35 36 25 12 15 30 44 56 62 61 58 51 42 38 37 32 29 28 28 29 30 36 47 53
28 32 36 31 17 2 352 348 351 357 360 355 350 354 358 2 6 8 6 6 17 28 31 29 24 20 20 19 17 21 26 34 42 50 50 43 35 37 39 40 43 45 43 41 40 39 37 36 36 35 33 31 27 18 5 3 10 13 12 13 15 15 12 8 4 2 3 5 10 17 24 28 34 38 31 16 14 23 38 49 52 54 55 50 41 40 34 26 23 24 28 33 39 46 54 57
36 32 28 28 25 17 359 339 332 339 352 3 0 353 353 356 360 2 5 10 16 25 33 35 33 30 28 25 21 18 20 26 33 49 56 50 45 43 42 42 43 44 42 41 40 38 36 36 35 33 30 27 25 21 10 0 3 9 12 12 11 12 12 8 6 7 7 6 9 14 20 28 37 41 35 22 15 19 36 46 44 47 51 47 42 41 32 21 16 19 26 34 42 47 51 54
46 36 20 22 24 23 15 357 337 332 341 356 358 356 357 359 360 1 8 14 15 19 26 34 39 37 33 31 28 25 24 24 24 39 55 53 49 45 43 43 42 42 41 41 39 37 36 34 32 29 28 27 26 24 16 2 356 3 9 8 5 7 10 11 12 13 15 14 16 19 20 27 38 42 37 29 21 19 33 43 42 46 48 41 39 38 31 19 11 17 27 36 44 49 52 53
54 43 16 10 12 15 16 13 1 347 341 345 355 3 5 5 5 7 10 10 8 10 17 28 34 35 33 34 34 32 31 30 27 34 49 52 49 45 42 41 41 40 39 39 38 36 34 32 30 28 28 28 28 25 16 4 355 356 1 3 2 3 7 11 12 14 18 20 22 24 27 32 40 43 39 34 31 27 31 38 40 42 42 40 40 39 27 16 14 22 33 39 43 47 50 51
59 48 16 359 354 1 8 13 12 357 342 344 358 8 10 11 12 13 13 13 12 12 13 17 22 24 24 26 30 32 39 41 37 36 44 47 45 41 39 38 38 38 36 35 34 33 31 29 28 28 28 31 31 26 17 6 353 349 353 358 1 2 4 5 6 9 13 15 16 19 23 27 35 40 38 33 33 31 24 28 36 38 41 43 41 35 25 18 21 28 35 38 40 44 48 48
59 51 20 356 341 341 351 5 9 357 348 352 5 7 7 13 18 18 16 18 19 18 17 19 18 13 9 10 12 18 31 44 42 37 39 41 40 38 36 35 35 35 33 32 31 30 28 27 27 27 28 32 33 30 21 7 349 341 344 353 359 1 1 0 1 3 6 8 10 11 13 15 21 30 32 30 27 22 16 22 34 37 41 42 37 33 27 23 25 30 35 37 37 41 47 44
43 37 22 6 346 334 339 352 358 357 358 5 9 7 4 7 16 20 19 18 21 22 22 23 23 19 11 8 13 17 23 35 39 36 36 38 37 35 34 32 32 32 31 30 30 29 27 26 26 27 29 33 36 34 25 10 352 333 330 341 353 359 359 359 359 359 1 4 6 6 5 6 14 23 28 28 24 19 18 28 36 36 40 42 41 38 30 24 22 25 32 37 37 39 45 40
15 19 20 16 2 346 341 344 346 354 6 12 12 10 6 3 8 18 20 17 16 21 23 25 29 28 23 16 18 23 24 29 34 35 34 34 35 33 31 30 29 29 29 28 29 29 27 25 25 26 27 31 34 34 29 16 359 338 321 322 338 353 358 358 357 357 359 4 8 10 4 359 6 18 26 30 29 23 26 36 35 34 42 47 49 43 33 21 14 18 28 37 40 42 45 35
348 2 14 14 12 4 351 341 340 349 5 14 17 15 9 3 1 6 15 18 18 19 21 25 31 36 34 25 18 21 22 24 29 31 31 31 32 31 29 28 27 27 27 26 26 27 27 24 23 24 25 28 32 34 32 23 6 348 328 317 322 340 352 355 354 355 359 4 8 12 7 357 360 13 25 36 37 30 28 35 35 36 45 51 51 44 36 27 14 15 23 32 37 42 42 33
347 353 2 9 18 19 6 344 340 352 5 12 18 20 16 8 1 357 4 17 21 21 19 20 28 37 38 30 15 14 18 21 25 27 28 28 28 28 27 26 26 26 26 25 24 25 27 26 24 23 22 24 28 32 34 28 13 356 339 325 319 325 340 349 353 354 357 1 5 10 10 4 3 12 28 46 46 36 30 32 38 42 46 49 47 41 37 32 23 18 18 23 32 41 44 39
359 358 359 6 17 21 10 349 345 359 8 9 12 19 21 16 9 4 5 14 18 16 15 14 20 31 37 33 21 14 18 21 23 24 25 26 26 26 26 26 25 26 27 26 23 24 27 28 26 24 22 22 25 31 35 31 19 4 349 333 322 321 328 340 349 353 354 358 3 10 14 11 11 17 32 52 51 41 34 34 41 47 48 47 46 43 40 35 28 20 15 15 27 44 47 38
13 8 2 3 8 11 5 357 357 6 9 9 8 12 22 22 17 13 11 10 7 1 1 4 8 18 33 36 29 23 22 22 23 23 23 24 24 25 25 26 26 26 26 27 25 22 23 27 27 26 24 22 25 32 37 33 23 11 358 342 327 321 323 332 344 351 353 356 3 14 19 17 17 21 35 51 52 46 40 40 43 47 49 50 50 49 49 47 39 25 14 9 29 50 50 34
38 25 360 359 358 355 0 6 10 10 9 8 9 8 14 23 22 19 16 14 12 4 358 359 1 5 23 37 35 29 25 22 22 22 22 23 24 24 24 25 25 25 25 25 25 21 19 23 25 26 27 24 23 28 33 32 25 15 3 351 339 326 320 327 339 349 354 358 6 17 22 21 21 26 39 51 53 47 44 46 48 48 49 49 47 46 49 52 48 28 15 11 32 49 47 34
45 33 0 350 344 343 356 15 17 12 10 9 9 7 8 16 21 21 21 20 18 12 7 7 8 7 13 28 34 30 25 22 21 21 22 22 23 22 23 24 25 25 24 22 24 24 21 19 22 25 28 26 22 22 28 31 25 14 4 358 351 339 323 320 331 344 353 360 8 18 23 25 26 32 41 50 52 48 46 49 52 53 51 46 42 40 41 45 43 26 14 11 21 37 40 31
30 24 7 347 339 342 360 19 23 18 13 9 5 3 4 10 16 18 20 23 24 21 17 15 17 17 17 23 29 29 25 22 21 21 21 22 22 21 22 24 25 25 24 24 25 25 24 19 18 22 25 25 22 20 25 30 23 11 7 4 360 351 337 323 323 336 349 360 9 18 24 27 32 38 45 55 57 53 49 49 54 60 53 40 37 34 35 39 37 18 5 8 20 36 39 33
6 12 7 354 348 352 4 19 26 26 19 11 5 2 2 6 12 12 12 21 30 31 25 24 27 28 28 27 28 28 25 23 21 21 21 22 22 21 21 23 24 25 26 27 27 26 24 21 17 17 19 21 23 21 24 26 18 11 10 9 5 359 350 339 327 328 344 358 8 19 27 33 40 46 53 62 64 58 49 45 51 54 51 41 35 32 29 30 29 20 9 14 33 43 42 38
