windninja/windninja_output/Output_2025-08-24_2000-2050_Google earth_Fire_150m_10min/merlingen_7.5mi_point_08-24-2025_2010_150m_vel.asc
ncols	158
nrows	163
xllcorner	391686.332397
yllcorner	5160024.123721
cellsize	150.000000
NODATA_value	-32768.000000
[rows 38 to 75 of 163, columns 0 to 83 of 158]
1.29 1.32 1.39 1.41 1.40 1.41 1.43 1.47 1.50 1.53 1.54 1.51 1.50 1.52 1.53 1.52 1.51 1.50 1.49 1.48 1.46 1.44 1.42 1.41 1.38 1.34 1.29 1.32 1.59 1.87 1.85 1.75 1.69 1.60 1.49 1.16 0.71 0.64 0.81 0.90 0.96 1.05 1.12 1.18 1.20 1.21 1.23 1.25 1.22 1.23 1.30 1.33 1.31 1.27 1.27 1.34 1.38 1.42 1.47 1.50 1.53 1.49 1.37 1.21 1.11 1.10 1.16 1.19 1.15 1.13 1.18 1.30 1.43 1.41 1.29 1.20 1.21 1.35 1.52 1.56 1.35 1.27 1.39 1.64
1.36 1.40 1.42 1.43 1.44 1.44 1.46 1.52 1.56 1.56 1.55 1.52 1.52 1.54 1.55 1.54 1.53 1.51 1.50 1.49 1.48 1.46 1.45 1.43 1.41 1.38 1.37 1.46 1.63 1.70 1.66 1.61 1.56 1.50 1.34 0.93 0.66 0.81 0.98 1.02 1.08 1.15 1.25 1.35 1.35 1.35 1.34 1.32 1.32 1.37 1.43 1.46 1.52 1.60 1.69 1.72 1.75 1.79 1.82 1.83 1.84 1.81 1.67 1.39 1.21 1.17 1.16 1.14 1.12 1.16 1.33 1.45 1.44 1.37 1.34 1.35 1.40 1.49 1.62 1.85 1.82 1.56 1.41 1.47
1.43 1.48 1.45 1.45 1.47 1.47 1.50 1.58 1.60 1.56 1.53 1.54 1.54 1.56 1.58 1.56 1.53 1.52 1.51 1.51 1.50 1.48 1.45 1.45 1.44 1.42 1.42 1.47 1.48 1.53 1.61 1.56 1.45 1.36 1.11 0.80 0.79 0.97 1.09 1.17 1.24 1.34 1.46 1.47 1.42 1.43 1.45 1.45 1.45 1.45 1.48 1.58 1.74 1.86 1.87 1.85 1.84 1.79 1.72 1.65 1.58 1.60 1.67 1.54 1.32 1.28 1.28 1.26 1.25 1.35 1.38 1.26 1.14 1.17 1.32 1.47 1.58 1.62 1.65 1.80 1.98 1.97 1.81 1.68
1.46 1.50 1.47 1.46 1.49 1.50 1.55 1.60 1.61 1.55 1.53 1.56 1.56 1.56 1.59 1.57 1.53 1.53 1.53 1.53 1.51 1.48 1.45 1.46 1.46 1.42 1.42 1.43 1.42 1.51 1.60 1.51 1.37 1.23 0.99 0.87 0.94 1.05 1.21 1.41 1.55 1.67 1.66 1.55 1.57 1.67 1.69 1.65 1.59 1.59 1.65 1.74 1.77 1.67 1.54 1.46 1.40 1.31 1.21 1.12 1.11 1.22 1.49 1.67 1.57 1.44 1.45 1.53 1.59 1.61 1.46 1.28 1.21 1.26 1.40 1.56 1.65 1.63 1.56 1.56 1.73 1.93 2.04 2.04
1.46 1.48 1.46 1.45 1.48 1.55 1.58 1.58 1.59 1.56 1.54 1.57 1.57 1.57 1.58 1.56 1.54 1.53 1.54 1.53 1.51 1.47 1.46 1.47 1.46 1.42 1.42 1.42 1.44 1.53 1.55 1.44 1.31 1.16 1.04 1.03 1.14 1.35 1.55 1.67 1.72 1.68 1.58 1.65 1.78 1.75 1.59 1.43 1.38 1.45 1.57 1.59 1.46 1.31 1.19 1.09 1.00 0.92 0.84 0.81 0.88 1.05 1.33 1.64 1.79 1.74 1.77 1.95 2.02 1.92 1.78 1.67 1.62 1.59 1.65 1.70 1.68 1.60 1.53 1.55 1.67 1.76 1.87 2.06
1.46 1.46 1.44 1.45 1.50 1.57 1.57 1.55 1.58 1.57 1.54 1.56 1.58 1.57 1.56 1.55 1.54 1.53 1.54 1.53 1.50 1.47 1.47 1.47 1.45 1.43 1.43 1.45 1.47 1.48 1.45 1.38 1.28 1.19 1.16 1.20 1.39 1.63 1.70 1.65 1.55 1.44 1.50 1.67 1.62 1.33 1.15 1.10 1.17 1.33 1.49 1.44 1.28 1.18 1.08 0.96 0.85 0.80 0.77 0.80 0.88 1.01 1.17 1.39 1.72 1.98 2.12 2.23 2.33 2.40 2.39 2.36 2.25 2.13 2.07 1.95 1.82 1.68 1.57 1.55 1.63 1.75 1.87 2.03
1.44 1.44 1.43 1.47 1.53 1.55 1.54 1.54 1.56 1.57 1.54 1.55 1.57 1.55 1.55 1.54 1.53 1.54 1.54 1.53 1.50 1.48 1.47 1.45 1.45 1.44 1.45 1.46 1.44 1.41 1.39 1.36 1.31 1.26 1.24 1.32 1.51 1.59 1.49 1.40 1.34 1.40 1.57 1.57 1.27 0.98 0.94 1.08 1.31 1.55 1.59 1.42 1.23 1.12 1.01 0.89 0.80 0.78 0.83 0.93 1.05 1.13 1.19 1.33 1.61 1.90 2.05 2.09 2.20 2.43 2.57 2.61 2.60 2.49 2.28 2.05 1.88 1.77 1.65 1.55 1.56 1.73 1.93 1.96
1.42 1.42 1.44 1.50 1.51 1.50 1.52 1.53 1.54 1.54 1.54 1.55 1.54 1.54 1.54 1.54 1.53 1.54 1.54 1.52 1.50 1.48 1.46 1.44 1.45 1.46 1.46 1.43 1.39 1.38 1.38 1.37 1.34 1.29 1.29 1.38 1.44 1.42 1.35 1.31 1.36 1.49 1.56 1.36 1.02 0.93 1.06 1.31 1.58 1.65 1.45 1.19 1.03 0.91 0.84 0.80 0.77 0.80 0.94 1.12 1.26 1.36 1.47 1.63 1.76 1.79 1.77 1.76 1.72 1.77 1.94 2.09 2.21 2.23 2.11 1.96 1.81 1.76 1.76 1.76 1.79 1.81 1.74 1.65
1.40 1.43 1.47 1.48 1.46 1.48 1.52 1.52 1.52 1.52 1.54 1.53 1.52 1.53 1.53 1.53 1.53 1.53 1.53 1.50 1.48 1.46 1.44 1.44 1.46 1.46 1.42 1.39 1.38 1.37 1.37 1.36 1.34 1.32 1.33 1.36 1.36 1.36 1.36 1.36 1.42 1.48 1.43 1.17 0.92 1.00 1.28 1.57 1.64 1.43 1.15 0.97 0.83 0.75 0.72 0.76 0.82 0.93 1.11 1.32 1.50 1.64 1.78 1.86 1.81 1.67 1.56 1.50 1.45 1.42 1.47 1.59 1.74 1.87 1.93 1.92 1.83 1.78 1.82 1.84 1.75 1.59 1.43 1.41
1.42 1.44 1.45 1.41 1.41 1.49 1.52 1.50 1.50 1.51 1.52 1.51 1.50 1.51 1.52 1.52 1.51 1.51 1.50 1.49 1.46 1.43 1.43 1.44 1.45 1.42 1.39 1.38 1.37 1.36 1.36 1.35 1.33 1.32 1.31 1.29 1.32 1.36 1.36 1.37 1.41 1.43 1.33 1.08 1.00 1.20 1.48 1.59 1.42 1.14 0.96 0.81 0.74 0.78 0.83 0.89 1.01 1.17 1.35 1.53 1.65 1.72 1.73 1.64 1.50 1.39 1.31 1.31 1.35 1.37 1.37 1.40 1.51 1.66 1.79 1.85 1.80 1.71 1.63 1.57 1.44 1.31 1.31 1.41
1.45 1.44 1.40 1.33 1.36 1.52 1.54 1.49 1.48 1.49 1.50 1.49 1.48 1.48 1.49 1.50 1.49 1.49 1.48 1.46 1.44 1.42 1.43 1.43 1.42 1.40 1.39 1.37 1.36 1.35 1.35 1.34 1.33 1.31 1.28 1.27 1.31 1.33 1.33 1.35 1.37 1.35 1.22 1.08 1.18 1.43 1.57 1.47 1.21 0.99 0.81 0.69 0.70 0.78 0.89 1.01 1.19 1.43 1.66 1.74 1.69 1.59 1.45 1.31 1.20 1.14 1.15 1.21 1.27 1.29 1.29 1.32 1.39 1.52 1.66 1.74 1.73 1.65 1.54 1.47 1.45 1.41 1.42 1.51
1.47 1.42 1.32 1.25 1.35 1.56 1.57 1.49 1.46 1.46 1.47 1.46 1.45 1.45 1.47 1.48 1.47 1.46 1.46 1.44 1.42 1.42 1.42 1.41 1.41 1.40 1.38 1.36 1.35 1.35 1.34 1.33 1.32 1.30 1.29 1.29 1.32 1.35 1.35 1.33 1.31 1.25 1.17 1.16 1.29 1.47 1.46 1.24 1.02 0.82 0.72 0.75 0.85 0.96 1.08 1.23 1.45 1.70 1.78 1.69 1.55 1.39 1.24 1.14 1.09 1.08 1.10 1.14 1.19 1.23 1.26 1.30 1.35 1.44 1.57 1.68 1.75 1.77 1.74 1.69 1.67 1.66 1.62 1.61
1.50 1.39 1.23 1.20 1.40 1.58 1.58 1.51 1.44 1.43 1.44 1.43 1.43 1.44 1.45 1.46 1.46 1.44 1.43 1.42 1.42 1.42 1.41 1.40 1.40 1.39 1.36 1.35 1.34 1.34 1.33 1.31 1.30 1.29 1.29 1.30 1.33 1.34 1.32 1.28 1.25 1.25 1.24 1.25 1.34 1.41 1.27 1.01 0.78 0.60 0.59 0.77 1.01 1.19 1.34 1.53 1.73 1.77 1.60 1.38 1.24 1.13 1.05 1.05 1.08 1.07 1.06 1.07 1.10 1.13 1.17 1.22 1.28 1.36 1.48 1.61 1.73 1.80 1.84 1.83 1.81 1.78 1.75 1.69
1.53 1.36 1.16 1.22 1.47 1.57 1.54 1.51 1.44 1.41 1.40 1.40 1.41 1.41 1.42 1.43 1.43 1.42 1.41 1.42 1.41 1.41 1.39 1.38 1.39 1.37 1.34 1.33 1.33 1.32 1.31 1.30 1.29 1.28 1.28 1.29 1.30 1.29 1.26 1.23 1.23 1.27 1.29 1.28 1.33 1.31 1.12 0.84 0.64 0.58 0.69 0.95 1.12 1.24 1.41 1.65 1.72 1.53 1.30 1.14 1.03 0.98 1.00 1.05 1.07 1.06 1.06 1.08 1.10 1.11 1.13 1.18 1.25 1.34 1.43 1.50 1.57 1.66 1.78 1.88 1.90 1.84 1.72 1.64
1.53 1.34 1.13 1.26 1.51 1.53 1.47 1.50 1.48 1.39 1.35 1.37 1.37 1.37 1.39 1.40 1.41 1.39 1.39 1.41 1.39 1.38 1.37 1.37 1.36 1.34 1.32 1.32 1.32 1.31 1.30 1.29 1.28 1.28 1.27 1.27 1.26 1.25 1.24 1.22 1.23 1.29 1.31 1.29 1.28 1.20 0.98 0.77 0.79 0.96 1.18 1.33 1.36 1.38 1.51 1.61 1.48 1.24 1.09 1.02 0.98 1.01 1.06 1.09 1.09 1.09 1.11 1.12 1.13 1.14 1.18 1.24 1.31 1.38 1.42 1.43 1.44 1.48 1.57 1.73 1.87 1.92 1.82 1.62
1.48 1.35 1.20 1.31 1.51 1.49 1.40 1.47 1.48 1.35 1.29 1.32 1.33 1.34 1.36 1.38 1.38 1.37 1.37 1.38 1.36 1.35 1.35 1.35 1.33 1.32 1.31 1.31 1.30 1.29 1.28 1.27 1.27 1.26 1.26 1.25 1.24 1.23 1.23 1.21 1.24 1.31 1.32 1.27 1.20 1.09 0.94 0.90 1.08 1.29 1.40 1.40 1.41 1.48 1.54 1.48 1.26 1.08 1.00 0.99 1.02 1.06 1.12 1.16 1.17 1.17 1.19 1.22 1.23 1.24 1.28 1.35 1.41 1.43 1.44 1.44 1.43 1.40 1.39 1.47 1.67 1.91 2.02 1.92
1.39 1.39 1.32 1.33 1.48 1.44 1.33 1.38 1.42 1.33 1.26 1.27 1.31 1.32 1.34 1.35 1.35 1.35 1.35 1.34 1.34 1.34 1.34 1.33 1.31 1.30 1.30 1.29 1.28 1.28 1.27 1.26 1.25 1.25 1.24 1.23 1.22 1.22 1.21 1.21 1.25 1.30 1.25 1.15 1.06 1.02 0.99 1.06 1.24 1.32 1.29 1.27 1.32 1.38 1.43 1.35 1.16 1.05 1.05 1.10 1.15 1.20 1.25 1.27 1.29 1.32 1.34 1.39 1.44 1.46 1.46 1.44 1.41 1.40 1.43 1.46 1.46 1.46 1.44 1.45 1.59 1.84 2.08 2.21
1.32 1.40 1.38 1.30 1.35 1.34 1.24 1.25 1.33 1.34 1.27 1.25 1.29 1.30 1.30 1.31 1.32 1.33 1.32 1.32 1.32 1.32 1.31 1.31 1.29 1.29 1.28 1.27 1.27 1.26 1.25 1.24 1.24 1.23 1.22 1.21 1.21 1.20 1.19 1.20 1.21 1.19 1.11 1.03 1.00 1.02 1.06 1.18 1.27 1.24 1.20 1.27 1.32 1.33 1.36 1.27 1.11 1.06 1.11 1.20 1.31 1.42 1.44 1.40 1.37 1.37 1.38 1.41 1.48 1.52 1.48 1.41 1.38 1.40 1.46 1.50 1.53 1.56 1.60 1.61 1.66 1.81 2.00 2.16
1.31 1.36 1.37 1.25 1.23 1.26 1.21 1.17 1.24 1.34 1.31 1.24 1.27 1.27 1.26 1.28 1.30 1.30 1.30 1.29 1.29 1.30 1.29 1.29 1.28 1.27 1.26 1.26 1.25 1.25 1.24 1.23 1.22 1.21 1.21 1.20 1.19 1.18 1.18 1.17 1.16 1.12 1.07 1.04 1.05 1.09 1.15 1.21 1.21 1.16 1.16 1.24 1.27 1.29 1.30 1.17 1.08 1.10 1.18 1.30 1.42 1.49 1.47 1.42 1.33 1.26 1.24 1.25 1.27 1.30 1.34 1.41 1.48 1.53 1.56 1.59 1.64 1.69 1.74 1.77 1.76 1.77 1.87 2.00
1.31 1.31 1.31 1.24 1.21 1.23 1.21 1.16 1.21 1.37 1.35 1.25 1.24 1.24 1.23 1.26 1.28 1.28 1.27 1.26 1.28 1.28 1.27 1.27 1.26 1.25 1.25 1.24 1.23 1.23 1.22 1.21 1.21 1.20 1.19 1.18 1.17 1.16 1.16 1.15 1.13 1.11 1.09 1.08 1.08 1.11 1.13 1.11 1.10 1.07 1.09 1.15 1.17 1.22 1.22 1.12 1.12 1.21 1.33 1.44 1.48 1.43 1.37 1.35 1.33 1.24 1.18 1.17 1.16 1.21 1.33 1.49 1.58 1.62 1.66 1.72 1.79 1.85 1.90 1.93 1.91 1.86 1.84 1.86
1.30 1.28 1.25 1.22 1.20 1.20 1.21 1.20 1.26 1.40 1.34 1.19 1.17 1.20 1.21 1.24 1.25 1.25 1.25 1.25 1.25 1.25 1.25 1.25 1.23 1.23 1.23 1.22 1.22 1.21 1.20 1.20 1.19 1.18 1.17 1.17 1.16 1.15 1.14 1.13 1.11 1.10 1.09 1.07 1.07 1.06 1.03 1.01 1.00 0.98 1.00 1.08 1.16 1.22 1.19 1.10 1.12 1.22 1.35 1.43 1.41 1.36 1.33 1.34 1.36 1.30 1.23 1.23 1.28 1.37 1.45 1.53 1.60 1.65 1.72 1.79 1.86 1.93 1.99 2.02 2.02 1.99 1.93 1.87
1.27 1.23 1.19 1.18 1.17 1.17 1.20 1.22 1.28 1.32 1.23 1.10 1.10 1.18 1.23 1.23 1.22 1.22 1.23 1.23 1.22 1.22 1.24 1.23 1.21 1.21 1.21 1.20 1.20 1.19 1.19 1.18 1.17 1.17 1.16 1.15 1.14 1.13 1.12 1.11 1.10 1.09 1.08 1.07 1.06 1.03 1.01 0.99 0.98 0.97 0.99 1.08 1.18 1.20 1.13 1.05 1.07 1.18 1.27 1.29 1.27 1.27 1.29 1.33 1.36 1.34 1.31 1.32 1.37 1.43 1.46 1.52 1.60 1.69 1.77 1.82 1.85 1.88 1.90 1.90 1.91 1.95 1.98 1.98
1.21 1.18 1.14 1.14 1.14 1.15 1.19 1.22 1.25 1.24 1.17 1.09 1.12 1.23 1.25 1.21 1.19 1.20 1.21 1.21 1.21 1.22 1.23 1.21 1.19 1.18 1.18 1.18 1.18 1.17 1.17 1.16 1.16 1.15 1.14 1.13 1.12 1.11 1.11 1.10 1.09 1.08 1.07 1.06 1.04 1.03 1.02 1.01 1.00 0.99 1.01 1.06 1.12 1.11 1.05 1.02 1.07 1.16 1.19 1.17 1.14 1.13 1.15 1.24 1.33 1.36 1.31 1.27 1.30 1.37 1.43 1.49 1.59 1.68 1.75 1.82 1.85 1.82 1.78 1.76 1.77 1.82 1.90 1.95
1.15 1.13 1.11 1.10 1.11 1.13 1.17 1.23 1.25 1.22 1.18 1.14 1.18 1.23 1.20 1.18 1.17 1.18 1.20 1.19 1.19 1.20 1.19 1.17 1.15 1.16 1.16 1.16 1.16 1.16 1.15 1.15 1.14 1.13 1.12 1.12 1.11 1.10 1.09 1.08 1.07 1.07 1.05 1.04 1.03 1.03 1.02 1.01 1.00 1.00 0.99 1.00 1.02 1.01 0.93 0.91 1.00 1.08 1.07 1.02 0.98 0.98 1.03 1.14 1.26 1.34 1.32 1.26 1.27 1.36 1.45 1.52 1.58 1.64 1.70 1.74 1.76 1.76 1.76 1.77 1.77 1.79 1.82 1.84
1.09 1.07 1.07 1.08 1.09 1.13 1.19 1.25 1.25 1.21 1.18 1.15 1.16 1.16 1.14 1.16 1.16 1.17 1.17 1.15 1.16 1.17 1.15 1.13 1.12 1.13 1.14 1.15 1.15 1.14 1.13 1.13 1.12 1.12 1.11 1.10 1.09 1.09 1.08 1.07 1.06 1.05 1.04 1.03 1.03 1.02 1.01 1.00 0.99 0.99 0.97 0.97 1.00 0.96 0.87 0.87 0.94 0.98 0.96 0.93 0.92 0.95 1.02 1.12 1.22 1.29 1.33 1.34 1.36 1.42 1.48 1.53 1.57 1.62 1.67 1.69 1.68 1.72 1.76 1.80 1.82 1.83 1.85 1.85
1.01 1.01 1.03 1.06 1.09 1.15 1.20 1.23 1.21 1.18 1.16 1.13 1.12 1.12 1.12 1.15 1.16 1.16 1.15 1.14 1.15 1.14 1.12 1.12 1.11 1.12 1.14 1.15 1.13 1.12 1.11 1.11 1.10 1.10 1.09 1.09 1.08 1.07 1.06 1.06 1.05 1.04 1.03 1.03 1.02 1.01 1.00 0.99 0.98 0.97 0.97 0.99 1.01 0.97 0.93 0.95 0.96 0.95 0.94 0.96 1.01 1.06 1.05 1.00 0.99 1.05 1.11 1.26 1.39 1.46 1.50 1.54 1.59 1.62 1.65 1.68 1.72 1.77 1.84 1.89 1.92 1.93 1.98 2.02
0.93 0.95 1.01 1.05 1.10 1.14 1.16 1.18 1.17 1.14 1.13 1.14 1.12 1.11 1.11 1.13 1.16 1.15 1.13 1.14 1.13 1.10 1.09 1.09 1.09 1.11 1.13 1.12 1.10 1.10 1.10 1.09 1.09 1.08 1.08 1.07 1.06 1.06 1.05 1.04 1.04 1.03 1.02 1.01 1.01 1.00 0.99 0.98 0.97 0.97 0.97 0.98 0.98 0.96 0.94 0.96 0.99 0.99 0.99 1.02 1.04 0.99 0.88 0.78 0.76 0.83 1.00 1.21 1.36 1.46 1.53 1.57 1.59 1.61 1.62 1.68 1.79 1.89 1.98 2.03 2.06 2.07 2.10 2.16
0.87 0.92 1.01 1.07 1.11 1.12 1.12 1.12 1.12 1.09 1.12 1.16 1.11 1.06 1.08 1.12 1.14 1.12 1.11 1.11 1.10 1.07 1.07 1.07 1.07 1.09 1.11 1.09 1.08 1.09 1.09 1.08 1.07 1.07 1.06 1.06 1.05 1.04 1.04 1.03 1.02 1.02 1.01 1.00 1.00 0.99 0.98 0.97 0.96 0.96 0.95 0.94 0.92 0.90 0.88 0.92 0.99 1.03 1.03 0.99 0.87 0.76 0.79 0.88 1.00 1.11 1.22 1.30 1.35 1.40 1.48 1.53 1.55 1.55 1.57 1.66 1.79 1.89 1.96 2.02 2.07 2.09 2.15 2.25
0.83 0.90 1.01 1.05 1.09 1.13 1.11 1.10 1.12 1.13 1.18 1.18 1.08 1.03 1.07 1.09 1.09 1.08 1.08 1.12 1.12 1.08 1.07 1.07 1.07 1.09 1.09 1.08 1.08 1.08 1.06 1.06 1.05 1.05 1.05 1.04 1.04 1.03 1.02 1.02 1.01 1.01 1.00 0.99 0.98 0.98 0.97 0.96 0.95 0.94 0.93 0.91 0.89 0.85 0.83 0.85 0.89 0.92 0.93 0.86 0.77 0.80 0.99 1.20 1.33 1.38 1.36 1.32 1.30 1.32 1.37 1.43 1.49 1.54 1.60 1.65 1.70 1.77 1.85 1.99 2.15 2.26 2.38 2.53
0.85 0.94 1.05 1.05 1.11 1.20 1.14 1.08 1.11 1.17 1.21 1.15 1.07 1.05 1.05 1.04 1.05 1.07 1.09 1.13 1.11 1.08 1.08 1.10 1.08 1.06 1.03 1.01 1.02 1.03 1.03 1.03 1.03 1.03 1.03 1.02 1.02 1.02 1.01 1.01 1.00 0.99 0.99 0.98 0.98 0.97 0.96 0.95 0.94 0.93 0.92 0.90 0.87 0.84 0.81 0.78 0.74 0.69 0.67 0.69 0.76 0.88 1.02 1.17 1.29 1.35 1.34 1.29 1.26 1.26 1.29 1.34 1.41 1.48 1.55 1.57 1.59 1.67 1.84 2.04 2.27 2.43 2.47 2.41
0.97 1.07 1.18 1.21 1.31 1.37 1.22 1.08 1.10 1.21 1.22 1.12 1.08 1.05 1.02 1.01 1.04 1.08 1.10 1.10 1.04 1.03 1.08 1.11 1.09 1.03 0.98 0.97 0.98 0.99 1.00 1.01 1.01 1.01 1.01 1.01 1.01 1.00 1.00 0.99 0.99 0.98 0.98 0.97 0.97 0.96 0.95 0.94 0.93 0.92 0.91 0.89 0.87 0.84 0.81 0.76 0.68 0.61 0.56 0.58 0.66 0.76 0.86 0.95 1.06 1.18 1.26 1.30 1.30 1.29 1.27 1.27 1.30 1.33 1.36 1.41 1.47 1.56 1.73 1.91 2.04 2.11 2.04 1.80
1.04 1.10 1.19 1.26 1.36 1.36 1.20 1.14 1.26 1.41 1.39 1.29 1.21 1.15 1.10 1.08 1.07 1.07 1.05 1.02 1.00 1.01 1.04 1.07 1.04 0.95 0.92 0.96 0.97 0.98 0.98 0.98 0.99 1.00 1.00 0.99 0.99 0.99 0.99 0.98 0.98 0.97 0.97 0.96 0.96 0.95 0.94 0.94 0.93 0.92 0.91 0.89 0.87 0.85 0.82 0.77 0.72 0.66 0.60 0.58 0.59 0.63 0.69 0.73 0.78 0.88 1.04 1.18 1.27 1.29 1.27 1.24 1.25 1.27 1.29 1.30 1.32 1.39 1.51 1.65 1.69 1.63 1.58 1.54
1.03 1.05 1.07 1.09 1.13 1.08 0.94 1.02 1.29 1.44 1.36 1.25 1.20 1.17 1.13 1.11 1.08 1.06 1.02 0.98 0.98 0.98 1.00 1.00 0.91 0.86 0.94 1.01 1.01 1.00 0.97 0.96 0.97 0.98 0.98 0.98 0.98 0.97 0.97 0.97 0.96 0.96 0.96 0.95 0.95 0.94 0.93 0.93 0.92 0.91 0.90 0.89 0.87 0.85 0.83 0.80 0.77 0.73 0.69 0.66 0.63 0.61 0.58 0.53 0.51 0.56 0.70 0.84 0.97 1.07 1.16 1.22 1.24 1.25 1.26 1.25 1.25 1.28 1.34 1.38 1.37 1.34 1.38 1.52
1.00 0.99 1.00 0.99 0.97 0.92 0.83 0.88 1.13 1.20 0.95 0.82 0.84 0.87 0.92 0.95 0.99 1.02 1.02 0.99 0.96 0.95 0.97 0.95 0.88 0.92 1.04 1.10 1.08 1.04 1.00 0.97 0.96 0.95 0.95 0.95 0.96 0.96 0.96 0.96 0.95 0.95 0.94 0.94 0.94 0.93 0.93 0.92 0.91 0.91 0.90 0.89 0.88 0.86 0.84 0.82 0.80 0.78 0.75 0.73 0.70 0.67 0.61 0.54 0.49 0.46 0.47 0.51 0.60 0.73 0.92 1.07 1.13 1.14 1.16 1.19 1.22 1.23 1.21 1.15 1.11 1.20 1.33 1.53
0.95 0.95 0.96 0.93 0.91 0.89 0.87 0.91 1.03 0.98 0.73 0.65 0.68 0.69 0.73 0.78 0.85 0.93 0.97 0.98 0.98 1.00 1.00 0.98 0.97 1.00 1.05 1.08 1.07 1.05 1.04 1.00 0.97 0.94 0.93 0.94 0.95 0.95 0.95 0.94 0.94 0.94 0.94 0.93 0.93 0.92 0.92 0.91 0.91 0.90 0.90 0.89 0.88 0.87 0.86 0.84 0.83 0.81 0.79 0.78 0.76 0.73 0.70 0.66 0.61 0.55 0.50 0.46 0.46 0.50 0.58 0.67 0.80 0.84 0.92 0.99 1.07 1.10 1.08 1.04 1.05 1.15 1.32 1.57
0.91 0.92 0.90 0.86 0.86 0.88 0.90 0.93 0.94 0.84 0.72 0.72 0.72 0.72 0.74 0.77 0.81 0.85 0.88 0.91 0.97 1.03 1.05 1.04 1.01 1.01 1.03 1.03 1.02 1.04 1.03 1.01 0.99 0.97 0.95 0.94 0.93 0.92 0.92 0.92 0.93 0.93 0.92 0.92 0.92 0.91 0.91 0.91 0.90 0.90 0.89 0.89 0.88 0.87 0.86 0.85 0.84 0.83 0.82 0.81 0.80 0.78 0.76 0.73 0.70 0.67 0.63 0.58 0.53 0.47 0.41 0.38 0.43 0.56 0.69 0.80 0.89 0.94 0.97 1.01 1.09 1.20 1.35 1.60
0.85 0.85 0.82 0.78 0.80 0.85 0.86 0.87 0.85 0.79 0.76 0.77 0.76 0.77 0.79 0.82 0.83 0.85 0.86 0.88 0.92 0.96 0.97 0.98 0.97 0.99 1.01 1.01 0.99 0.98 0.99 1.01 1.03 1.03 1.02 0.98 0.94 0.92 0.91 0.92 0.92 0.92 0.91 0.91 0.91 0.91 0.90 0.90 0.90 0.90 0.89 0.89 0.88 0.88 0.87 0.87 0.86 0.85 0.84 0.83 0.82 0.81 0.79 0.78 0.76 0.74 0.72 0.68 0.63 0.57 0.49 0.42 0.42 0.50 0.62 0.74 0.83 0.90 0.94 1.00 1.16 1.31 1.41 1.61
0.73 0.72 0.71 0.69 0.72 0.79 0.81 0.81 0.80 0.78 0.77 0.78 0.77 0.78 0.81 0.83 0.84 0.86 0.88 0.90 0.90 0.90 0.89 0.90 0.91 0.93 0.94 0.96 0.98 0.98 0.99 1.01 1.02 1.01 0.98 0.94 0.92 0.91 0.91 0.91 0.91 0.90 0.90 0.90 0.90 0.90 0.90 0.89 0.89 0.89 0.89 0.89 0.88 0.88 0.88 0.88 0.87 0.87 0.86 0.85 0.85 0.84 0.82 0.81 0.80 0.79 0.77 0.74 0.71 0.67 0.64 0.60 0.57 0.56 0.60 0.68 0.78 0.87 0.96 1.04 1.19 1.30 1.39 1.51
