windninja/windninja_output/Output_2025-08-24_2000-2050_Google earth_Fire_150m_10min/merlingen_7.5mi_point_08-24-2025_2030_150m_vel.asc
ncols	158
nrows	163
xllcorner	391686.332397
yllcorner	5160024.123721
cellsize	150.000000
NODATA_value	-32768.000000
[rows 76 to 113 of 163, columns 0 to 83 of 158]
0.59 0.63 0.68 0.68 0.74 0.83 0.84 0.83 0.85 0.84 0.84 0.85 0.84 0.85 0.87 0.86 0.85 0.87 0.89 0.87 0.86 0.86 0.85 0.86 0.82 0.76 0.78 0.85 0.88 0.89 0.88 0.85 0.82 0.80 0.77 0.73 0.74 0.76 0.75 0.72 0.71 0.69 0.68 0.67 0.66 0.65 0.63 0.62 0.61 0.60 0.58 0.57 0.56 0.54 0.53 0.51 0.50 0.48 0.47 0.45 0.43 0.42 0.40 0.39 0.37 0.36 0.34 0.33 0.31 0.30 0.28 0.27 0.26 0.25 0.25 0.25 0.25 0.25 0.27 0.30 0.31 0.27 0.26 0.28
0.46 0.49 0.59 0.65 0.74 0.82 0.81 0.82 0.86 0.87 0.87 0.86 0.85 0.87 0.87 0.85 0.84 0.86 0.87 0.85 0.84 0.84 0.85 0.85 0.77 0.71 0.77 0.85 0.86 0.83 0.82 0.79 0.77 0.78 0.79 0.76 0.75 0.75 0.72 0.70 0.68 0.67 0.66 0.65 0.64 0.63 0.62 0.61 0.60 0.58 0.57 0.56 0.55 0.53 0.52 0.50 0.49 0.47 0.46 0.44 0.43 0.41 0.39 0.38 0.36 0.35 0.33 0.32 0.31 0.29 0.28 0.27 0.27 0.26 0.25 0.24 0.23 0.23 0.25 0.26 0.24 0.20 0.22 0.26
0.31 0.25 0.44 0.70 0.80 0.82 0.82 0.87 0.94 0.95 0.91 0.86 0.86 0.87 0.86 0.85 0.84 0.86 0.85 0.82 0.82 0.83 0.85 0.82 0.72 0.70 0.79 0.85 0.84 0.79 0.76 0.78 0.80 0.82 0.82 0.78 0.75 0.72 0.70 0.69 0.66 0.64 0.64 0.63 0.62 0.61 0.60 0.59 0.58 0.57 0.56 0.55 0.53 0.52 0.51 0.49 0.48 0.46 0.45 0.43 0.42 0.40 0.39 0.37 0.36 0.34 0.33 0.31 0.30 0.29 0.28 0.27 0.26 0.25 0.24 0.23 0.22 0.22 0.22 0.22 0.19 0.18 0.23 0.29
0.32 0.16 0.29 0.79 1.09 1.09 1.00 1.00 1.07 1.02 0.91 0.86 0.86 0.86 0.86 0.85 0.85 0.84 0.81 0.80 0.80 0.82 0.83 0.78 0.68 0.71 0.81 0.85 0.83 0.76 0.75 0.80 0.81 0.81 0.80 0.77 0.72 0.68 0.68 0.67 0.63 0.61 0.62 0.61 0.60 0.59 0.58 0.57 0.56 0.56 0.55 0.54 0.52 0.51 0.49 0.48 0.46 0.45 0.44 0.42 0.41 0.39 0.38 0.36 0.35 0.33 0.32 0.31 0.30 0.29 0.28 0.27 0.26 0.25 0.24 0.22 0.22 0.21 0.21 0.19 0.18 0.21 0.26 0.35
0.51 0.36 0.41 0.88 1.45 1.74 1.43 1.22 1.18 1.04 0.89 0.84 0.84 0.84 0.85 0.84 0.82 0.80 0.78 0.77 0.79 0.80 0.80 0.75 0.68 0.72 0.82 0.84 0.80 0.75 0.76 0.80 0.81 0.80 0.79 0.76 0.69 0.66 0.67 0.66 0.60 0.58 0.59 0.58 0.57 0.56 0.55 0.54 0.54 0.55 0.54 0.53 0.51 0.50 0.48 0.47 0.45 0.44 0.42 0.41 0.40 0.38 0.37 0.36 0.34 0.33 0.32 0.30 0.29 0.28 0.27 0.27 0.26 0.25 0.24 0.23 0.22 0.21 0.20 0.18 0.20 0.24 0.29 0.35
0.61 0.34 0.62 1.18 1.81 1.80 1.41 1.26 1.17 1.00 0.85 0.80 0.80 0.81 0.82 0.81 0.77 0.76 0.75 0.75 0.77 0.78 0.78 0.75 0.68 0.72 0.80 0.81 0.78 0.76 0.78 0.80 0.80 0.79 0.77 0.73 0.67 0.65 0.65 0.64 0.59 0.55 0.55 0.54 0.52 0.52 0.51 0.50 0.52 0.54 0.53 0.52 0.51 0.49 0.47 0.46 0.44 0.43 0.41 0.40 0.39 0.37 0.36 0.35 0.33 0.32 0.31 0.30 0.29 0.28 0.27 0.26 0.25 0.25 0.24 0.23 0.22 0.21 0.20 0.20 0.22 0.26 0.29 0.31
0.49 0.33 0.96 1.70 1.88 1.30 0.94 0.94 0.92 0.84 0.75 0.72 0.74 0.76 0.77 0.76 0.72 0.72 0.73 0.73 0.75 0.76 0.77 0.74 0.67 0.71 0.79 0.80 0.78 0.77 0.76 0.76 0.74 0.72 0.70 0.68 0.65 0.63 0.63 0.62 0.58 0.54 0.53 0.54 0.54 0.54 0.53 0.52 0.56 0.57 0.55 0.52 0.50 0.48 0.46 0.44 0.43 0.42 0.40 0.39 0.38 0.36 0.35 0.34 0.33 0.31 0.30 0.29 0.28 0.28 0.27 0.26 0.25 0.24 0.24 0.23 0.22 0.21 0.21 0.21 0.22 0.25 0.28 0.30
0.92 1.09 1.47 1.65 1.37 0.87 0.66 0.61 0.58 0.56 0.55 0.60 0.66 0.69 0.71 0.70 0.68 0.70 0.71 0.72 0.74 0.75 0.75 0.72 0.69 0.73 0.80 0.79 0.76 0.74 0.73 0.71 0.68 0.67 0.65 0.64 0.64 0.63 0.62 0.60 0.56 0.55 0.57 0.60 0.61 0.62 0.62 0.63 0.65 0.63 0.58 0.53 0.50 0.48 0.45 0.43 0.42 0.40 0.39 0.38 0.37 0.35 0.34 0.33 0.32 0.31 0.30 0.29 0.28 0.27 0.26 0.26 0.25 0.24 0.24 0.23 0.22 0.21 0.20 0.20 0.20 0.21 0.25 0.31
1.32 1.28 1.22 1.03 0.80 0.65 0.48 0.36 0.33 0.36 0.44 0.53 0.58 0.62 0.65 0.66 0.65 0.67 0.70 0.71 0.73 0.73 0.73 0.73 0.73 0.75 0.77 0.75 0.72 0.72 0.70 0.67 0.65 0.62 0.61 0.62 0.63 0.62 0.60 0.57 0.55 0.56 0.57 0.58 0.60 0.60 0.60 0.61 0.61 0.57 0.54 0.51 0.49 0.45 0.43 0.41 0.40 0.39 0.38 0.37 0.36 0.35 0.33 0.32 0.31 0.30 0.29 0.28 0.28 0.27 0.26 0.26 0.25 0.24 0.24 0.23 0.22 0.22 0.21 0.20 0.20 0.20 0.23 0.28
1.57 1.22 0.80 0.70 0.63 0.50 0.30 0.22 0.28 0.37 0.47 0.51 0.53 0.58 0.63 0.64 0.62 0.66 0.69 0.70 0.70 0.71 0.72 0.75 0.75 0.72 0.71 0.70 0.69 0.70 0.67 0.64 0.61 0.59 0.60 0.61 0.62 0.61 0.59 0.57 0.57 0.56 0.55 0.55 0.55 0.54 0.53 0.53 0.52 0.49 0.46 0.44 0.41 0.40 0.40 0.40 0.39 0.38 0.37 0.36 0.35 0.34 0.33 0.31 0.30 0.29 0.29 0.28 0.27 0.27 0.26 0.25 0.25 0.24 0.24 0.23 0.23 0.22 0.21 0.20 0.20 0.21 0.22 0.24
1.63 1.21 0.75 0.67 0.59 0.47 0.30 0.27 0.38 0.47 0.50 0.47 0.50 0.56 0.60 0.60 0.58 0.62 0.65 0.66 0.67 0.67 0.71 0.77 0.76 0.69 0.67 0.68 0.69 0.67 0.63 0.62 0.61 0.60 0.62 0.63 0.61 0.60 0.60 0.59 0.57 0.54 0.53 0.53 0.52 0.52 0.51 0.51 0.50 0.47 0.43 0.39 0.38 0.37 0.37 0.38 0.37 0.37 0.36 0.35 0.34 0.33 0.32 0.31 0.30 0.29 0.28 0.27 0.27 0.26 0.26 0.25 0.25 0.24 0.24 0.23 0.23 0.22 0.20 0.19 0.18 0.20 0.22 0.23
1.45 1.08 0.73 0.66 0.55 0.46 0.37 0.40 0.51 0.54 0.46 0.43 0.50 0.52 0.55 0.56 0.53 0.58 0.63 0.66 0.65 0.65 0.76 0.88 0.84 0.72 0.67 0.68 0.67 0.63 0.60 0.61 0.60 0.60 0.62 0.62 0.60 0.60 0.60 0.59 0.57 0.54 0.52 0.50 0.49 0.49 0.49 0.49 0.48 0.44 0.40 0.38 0.37 0.36 0.35 0.35 0.35 0.35 0.34 0.34 0.33 0.32 0.31 0.30 0.29 0.28 0.27 0.27 0.26 0.26 0.25 0.25 0.25 0.24 0.24 0.23 0.23 0.22 0.20 0.18 0.16 0.16 0.16 0.16
1.15 0.97 0.75 0.66 0.54 0.48 0.48 0.51 0.53 0.51 0.43 0.46 0.52 0.51 0.53 0.51 0.49 0.56 0.64 0.71 0.71 0.76 1.01 1.11 0.91 0.69 0.63 0.63 0.62 0.60 0.59 0.59 0.59 0.58 0.57 0.58 0.57 0.57 0.58 0.58 0.56 0.53 0.51 0.49 0.48 0.48 0.49 0.48 0.46 0.43 0.39 0.38 0.36 0.35 0.35 0.34 0.34 0.33 0.33 0.33 0.32 0.31 0.30 0.29 0.28 0.27 0.27 0.26 0.26 0.26 0.25 0.25 0.25 0.24 0.24 0.23 0.23 0.22 0.20 0.18 0.14 0.10 0.08 0.05
0.96 0.92 0.80 0.65 0.55 0.51 0.52 0.52 0.47 0.48 0.54 0.55 0.52 0.49 0.47 0.43 0.45 0.58 0.71 0.83 0.89 1.10 1.27 1.09 0.73 0.56 0.54 0.57 0.57 0.56 0.57 0.57 0.57 0.56 0.55 0.57 0.55 0.53 0.53 0.54 0.53 0.51 0.49 0.47 0.47 0.47 0.47 0.46 0.45 0.42 0.41 0.39 0.38 0.38 0.37 0.36 0.34 0.31 0.32 0.32 0.32 0.31 0.29 0.28 0.27 0.27 0.26 0.26 0.25 0.25 0.25 0.25 0.25 0.24 0.24 0.24 0.23 0.22 0.21 0.18 0.14 0.08 0.02 0.06
0.94 0.86 0.71 0.58 0.54 0.51 0.50 0.48 0.44 0.55 0.67 0.59 0.49 0.44 0.39 0.38 0.47 0.61 0.82 1.05 1.25 1.36 1.18 0.77 0.51 0.44 0.46 0.51 0.53 0.53 0.54 0.55 0.55 0.54 0.54 0.56 0.54 0.51 0.50 0.51 0.52 0.50 0.47 0.45 0.45 0.45 0.45 0.45 0.44 0.42 0.41 0.40 0.40 0.40 0.38 0.34 0.32 0.31 0.34 0.35 0.32 0.30 0.29 0.28 0.27 0.26 0.26 0.25 0.25 0.25 0.25 0.25 0.25 0.25 0.24 0.24 0.24 0.23 0.22 0.20 0.17 0.12 0.07 0.10
0.90 0.76 0.60 0.57 0.59 0.56 0.51 0.49 0.47 0.62 0.73 0.59 0.44 0.41 0.41 0.44 0.52 0.63 0.88 1.29 1.45 1.25 0.78 0.49 0.36 0.34 0.40 0.47 0.49 0.50 0.52 0.53 0.53 0.52 0.53 0.54 0.52 0.51 0.50 0.50 0.51 0.49 0.46 0.44 0.43 0.43 0.42 0.43 0.42 0.42 0.41 0.40 0.40 0.38 0.36 0.33 0.34 0.39 0.41 0.38 0.33 0.30 0.28 0.27 0.26 0.25 0.25 0.25 0.25 0.25 0.25 0.25 0.25 0.25 0.25 0.25 0.25 0.24 0.24 0.22 0.20 0.17 0.14 0.14
0.84 0.73 0.62 0.64 0.68 0.67 0.66 0.64 0.58 0.65 0.72 0.58 0.43 0.41 0.44 0.49 0.59 0.71 1.05 1.39 1.29 0.75 0.42 0.29 0.25 0.28 0.36 0.43 0.46 0.48 0.50 0.51 0.52 0.53 0.53 0.52 0.51 0.50 0.49 0.50 0.48 0.47 0.45 0.44 0.42 0.40 0.39 0.39 0.40 0.40 0.40 0.39 0.39 0.36 0.34 0.36 0.40 0.42 0.39 0.34 0.31 0.29 0.27 0.26 0.25 0.25 0.25 0.24 0.25 0.25 0.25 0.25 0.25 0.26 0.26 0.26 0.26 0.26 0.26 0.25 0.24 0.22 0.20 0.19
0.83 0.76 0.68 0.69 0.76 0.80 0.78 0.72 0.62 0.62 0.71 0.65 0.55 0.56 0.58 0.65 0.80 0.99 1.25 1.22 0.80 0.30 0.19 0.17 0.18 0.25 0.34 0.40 0.44 0.46 0.48 0.49 0.53 0.54 0.52 0.50 0.49 0.48 0.49 0.48 0.44 0.43 0.44 0.44 0.41 0.38 0.36 0.37 0.39 0.40 0.40 0.41 0.38 0.35 0.33 0.35 0.36 0.33 0.29 0.26 0.26 0.26 0.26 0.25 0.25 0.24 0.24 0.24 0.24 0.25 0.25 0.25 0.26 0.26 0.27 0.27 0.27 0.27 0.27 0.28 0.27 0.27 0.26 0.25
0.86 0.79 0.68 0.71 0.81 0.81 0.69 0.55 0.48 0.57 0.72 0.69 0.64 0.64 0.66 0.76 0.88 1.00 1.09 0.79 0.35 0.12 0.06 0.09 0.15 0.24 0.33 0.39 0.42 0.42 0.44 0.50 0.55 0.54 0.49 0.47 0.48 0.48 0.48 0.47 0.42 0.40 0.43 0.43 0.39 0.37 0.37 0.37 0.40 0.41 0.45 0.45 0.38 0.33 0.31 0.31 0.30 0.27 0.24 0.23 0.23 0.23 0.24 0.24 0.23 0.24 0.24 0.24 0.24 0.24 0.25 0.26 0.26 0.27 0.27 0.28 0.29 0.29 0.29 0.30 0.30 0.31 0.31 0.32
0.87 0.78 0.68 0.72 0.80 0.74 0.57 0.40 0.37 0.50 0.65 0.62 0.52 0.41 0.44 0.61 0.71 0.78 0.87 0.59 0.25 0.21 0.14 0.11 0.17 0.27 0.34 0.38 0.39 0.40 0.46 0.55 0.58 0.53 0.46 0.45 0.47 0.48 0.47 0.45 0.42 0.40 0.42 0.43 0.41 0.40 0.40 0.41 0.44 0.48 0.51 0.45 0.34 0.30 0.30 0.29 0.28 0.27 0.24 0.22 0.22 0.22 0.22 0.22 0.23 0.23 0.23 0.23 0.23 0.24 0.25 0.26 0.27 0.27 0.28 0.29 0.30 0.31 0.31 0.32 0.33 0.34 0.35 0.37
0.84 0.80 0.73 0.73 0.75 0.66 0.52 0.38 0.34 0.39 0.49 0.51 0.41 0.34 0.38 0.55 0.63 0.80 0.86 0.47 0.33 0.34 0.28 0.22 0.25 0.30 0.34 0.36 0.38 0.43 0.52 0.57 0.54 0.48 0.43 0.44 0.47 0.47 0.46 0.44 0.42 0.40 0.40 0.42 0.44 0.44 0.45 0.47 0.50 0.51 0.46 0.35 0.29 0.27 0.28 0.28 0.27 0.25 0.23 0.22 0.21 0.21 0.21 0.22 0.22 0.22 0.22 0.22 0.23 0.24 0.25 0.26 0.27 0.28 0.29 0.30 0.31 0.32 0.33 0.34 0.35 0.37 0.38 0.40
0.86 0.83 0.76 0.68 0.64 0.60 0.52 0.43 0.37 0.36 0.38 0.34 0.27 0.32 0.42 0.56 0.68 0.81 0.81 0.55 0.44 0.40 0.42 0.39 0.35 0.34 0.35 0.36 0.40 0.46 0.52 0.51 0.49 0.45 0.42 0.43 0.45 0.46 0.45 0.44 0.42 0.40 0.39 0.41 0.43 0.43 0.45 0.47 0.46 0.41 0.32 0.27 0.26 0.25 0.26 0.26 0.25 0.23 0.22 0.21 0.20 0.20 0.20 0.20 0.21 0.21 0.22 0.23 0.23 0.24 0.25 0.26 0.27 0.29 0.30 0.31 0.32 0.33 0.35 0.36 0.37 0.39 0.41 0.43
0.94 0.86 0.71 0.59 0.56 0.57 0.53 0.48 0.44 0.39 0.35 0.29 0.24 0.29 0.44 0.59 0.72 0.73 0.58 0.55 0.50 0.46 0.56 0.56 0.45 0.35 0.33 0.35 0.40 0.45 0.48 0.47 0.47 0.44 0.42 0.42 0.45 0.46 0.45 0.44 0.42 0.40 0.38 0.39 0.41 0.40 0.41 0.42 0.38 0.32 0.27 0.26 0.25 0.24 0.25 0.25 0.24 0.23 0.22 0.21 0.19 0.19 0.19 0.19 0.20 0.20 0.21 0.22 0.23 0.24 0.25 0.26 0.27 0.29 0.30 0.32 0.33 0.34 0.36 0.38 0.39 0.41 0.43 0.45
0.98 0.83 0.63 0.54 0.51 0.49 0.46 0.47 0.46 0.41 0.37 0.32 0.26 0.29 0.42 0.59 0.66 0.58 0.47 0.47 0.50 0.59 0.73 0.64 0.39 0.27 0.29 0.34 0.38 0.42 0.45 0.46 0.46 0.44 0.43 0.44 0.47 0.47 0.46 0.44 0.41 0.39 0.38 0.37 0.38 0.40 0.40 0.39 0.35 0.31 0.29 0.27 0.26 0.25 0.25 0.24 0.24 0.23 0.22 0.21 0.20 0.19 0.19 0.18 0.18 0.19 0.20 0.21 0.22 0.23 0.25 0.27 0.28 0.29 0.31 0.32 0.34 0.35 0.37 0.39 0.41 0.43 0.45 0.47
0.83 0.72 0.59 0.53 0.48 0.44 0.43 0.43 0.43 0.41 0.40 0.35 0.29 0.32 0.40 0.53 0.61 0.50 0.38 0.39 0.54 0.77 0.78 0.46 0.21 0.21 0.29 0.33 0.36 0.40 0.44 0.46 0.47 0.46 0.46 0.47 0.47 0.47 0.47 0.44 0.40 0.39 0.37 0.36 0.37 0.39 0.38 0.37 0.34 0.31 0.29 0.28 0.26 0.25 0.25 0.25 0.24 0.22 0.22 0.22 0.22 0.22 0.21 0.20 0.19 0.18 0.19 0.20 0.22 0.24 0.25 0.26 0.28 0.30 0.31 0.33 0.34 0.36 0.38 0.40 0.42 0.44 0.46 0.48
0.66 0.60 0.55 0.52 0.45 0.42 0.42 0.42 0.41 0.40 0.39 0.36 0.31 0.34 0.40 0.48 0.57 0.50 0.36 0.49 0.75 0.81 0.59 0.36 0.27 0.27 0.31 0.34 0.35 0.39 0.44 0.48 0.49 0.49 0.49 0.47 0.46 0.46 0.47 0.44 0.40 0.39 0.37 0.35 0.34 0.35 0.35 0.35 0.33 0.31 0.29 0.27 0.26 0.25 0.25 0.24 0.23 0.23 0.23 0.22 0.22 0.22 0.22 0.21 0.21 0.20 0.20 0.20 0.21 0.23 0.25 0.26 0.28 0.30 0.32 0.33 0.35 0.37 0.39 0.41 0.43 0.45 0.47 0.49
0.53 0.51 0.49 0.47 0.42 0.40 0.41 0.41 0.40 0.38 0.38 0.35 0.30 0.30 0.37 0.48 0.56 0.53 0.47 0.64 0.79 0.60 0.43 0.39 0.35 0.33 0.33 0.35 0.36 0.40 0.46 0.50 0.52 0.52 0.51 0.48 0.46 0.47 0.48 0.44 0.40 0.37 0.36 0.34 0.33 0.33 0.35 0.34 0.32 0.30 0.28 0.27 0.25 0.25 0.24 0.23 0.23 0.23 0.23 0.22 0.21 0.21 0.21 0.22 0.22 0.22 0.22 0.22 0.21 0.23 0.24 0.26 0.27 0.29 0.31 0.33 0.35 0.37 0.39 0.41 0.43 0.45 0.47 0.50
0.44 0.43 0.43 0.42 0.40 0.39 0.40 0.40 0.40 0.38 0.37 0.35 0.30 0.29 0.37 0.48 0.58 0.56 0.54 0.68 0.69 0.49 0.43 0.43 0.40 0.37 0.38 0.38 0.39 0.44 0.50 0.53 0.55 0.54 0.52 0.49 0.48 0.48 0.47 0.44 0.39 0.35 0.34 0.33 0.32 0.33 0.33 0.32 0.30 0.28 0.27 0.26 0.25 0.24 0.24 0.23 0.22 0.22 0.21 0.22 0.22 0.22 0.22 0.22 0.23 0.23 0.23 0.23 0.24 0.25 0.27 0.27 0.26 0.28 0.31 0.33 0.35 0.37 0.39 0.41 0.43 0.46 0.48 0.50
0.38 0.37 0.37 0.38 0.38 0.38 0.38 0.38 0.39 0.39 0.37 0.37 0.34 0.35 0.40 0.47 0.57 0.57 0.55 0.61 0.58 0.51 0.49 0.47 0.42 0.41 0.45 0.45 0.44 0.49 0.53 0.54 0.56 0.55 0.52 0.51 0.49 0.47 0.45 0.43 0.39 0.35 0.34 0.33 0.31 0.30 0.30 0.29 0.27 0.26 0.26 0.26 0.24 0.24 0.23 0.22 0.21 0.20 0.20 0.20 0.21 0.21 0.22 0.22 0.23 0.24 0.24 0.25 0.26 0.28 0.31 0.31 0.28 0.27 0.29 0.32 0.34 0.36 0.38 0.41 0.43 0.45 0.48 0.50
0.32 0.31 0.31 0.35 0.37 0.38 0.38 0.37 0.39 0.41 0.40 0.39 0.39 0.39 0.41 0.45 0.52 0.54 0.51 0.52 0.50 0.50 0.52 0.49 0.44 0.46 0.51 0.51 0.50 0.55 0.56 0.55 0.56 0.55 0.53 0.54 0.53 0.49 0.46 0.43 0.39 0.35 0.33 0.32 0.30 0.28 0.28 0.27 0.26 0.25 0.26 0.25 0.24 0.23 0.22 0.21 0.20 0.19 0.19 0.19 0.18 0.19 0.19 0.20 0.22 0.24 0.25 0.26 0.27 0.29 0.32 0.36 0.36 0.32 0.31 0.33 0.35 0.35 0.37 0.40 0.42 0.44 0.47 0.50
0.26 0.26 0.27 0.31 0.36 0.38 0.37 0.36 0.39 0.44 0.43 0.42 0.43 0.41 0.42 0.43 0.47 0.49 0.46 0.45 0.47 0.52 0.50 0.46 0.48 0.50 0.53 0.55 0.58 0.61 0.61 0.60 0.55 0.52 0.55 0.60 0.58 0.51 0.46 0.42 0.38 0.34 0.33 0.31 0.29 0.27 0.26 0.25 0.24 0.24 0.25 0.24 0.23 0.21 0.21 0.19 0.18 0.18 0.17 0.17 0.17 0.18 0.19 0.20 0.21 0.23 0.25 0.26 0.27 0.30 0.33 0.36 0.40 0.41 0.39 0.40 0.39 0.37 0.38 0.41 0.42 0.42 0.44 0.48
0.20 0.21 0.23 0.29 0.35 0.38 0.37 0.37 0.39 0.46 0.48 0.46 0.43 0.41 0.41 0.41 0.43 0.44 0.41 0.39 0.45 0.55 0.50 0.42 0.47 0.53 0.53 0.55 0.64 0.69 0.66 0.62 0.50 0.47 0.61 0.68 0.61 0.49 0.44 0.41 0.37 0.34 0.32 0.30 0.28 0.26 0.25 0.23 0.23 0.22 0.23 0.23 0.21 0.20 0.19 0.18 0.17 0.16 0.16 0.16 0.16 0.17 0.18 0.20 0.21 0.23 0.25 0.26 0.27 0.30 0.34 0.36 0.39 0.43 0.45 0.45 0.44 0.42 0.42 0.46 0.46 0.41 0.41 0.45
0.14 0.16 0.21 0.28 0.34 0.38 0.40 0.40 0.43 0.47 0.49 0.46 0.40 0.39 0.43 0.43 0.42 0.41 0.37 0.37 0.46 0.57 0.52 0.39 0.41 0.50 0.54 0.54 0.67 0.78 0.69 0.60 0.46 0.46 0.69 0.71 0.56 0.44 0.42 0.42 0.36 0.32 0.31 0.30 0.27 0.25 0.24 0.22 0.21 0.20 0.20 0.21 0.20 0.19 0.18 0.17 0.17 0.16 0.15 0.15 0.15 0.16 0.16 0.18 0.20 0.22 0.24 0.26 0.26 0.28 0.33 0.38 0.39 0.41 0.45 0.48 0.49 0.47 0.45 0.49 0.52 0.47 0.41 0.42
0.10 0.12 0.20 0.29 0.35 0.40 0.41 0.41 0.43 0.44 0.47 0.45 0.39 0.40 0.46 0.47 0.43 0.35 0.33 0.41 0.52 0.59 0.52 0.39 0.35 0.44 0.52 0.52 0.67 0.82 0.70 0.59 0.48 0.51 0.72 0.67 0.49 0.43 0.44 0.41 0.31 0.29 0.30 0.28 0.25 0.24 0.22 0.20 0.18 0.18 0.18 0.19 0.19 0.18 0.17 0.16 0.16 0.15 0.14 0.14 0.14 0.15 0.16 0.17 0.18 0.20 0.22 0.25 0.26 0.27 0.31 0.37 0.41 0.41 0.45 0.49 0.51 0.51 0.49 0.50 0.54 0.54 0.46 0.41
0.07 0.11 0.22 0.31 0.36 0.38 0.38 0.39 0.41 0.42 0.46 0.46 0.40 0.42 0.50 0.53 0.44 0.28 0.30 0.46 0.60 0.63 0.50 0.39 0.35 0.39 0.47 0.51 0.70 0.84 0.72 0.59 0.51 0.55 0.72 0.65 0.50 0.47 0.44 0.34 0.26 0.27 0.29 0.26 0.23 0.22 0.20 0.17 0.16 0.15 0.16 0.16 0.17 0.17 0.16 0.15 0.15 0.15 0.14 0.13 0.13 0.13 0.14 0.15 0.17 0.19 0.21 0.23 0.25 0.27 0.29 0.35 0.41 0.43 0.45 0.48 0.52 0.54 0.54 0.54 0.55 0.58 0.53 0.46
0.07 0.13 0.23 0.30 0.34 0.35 0.35 0.37 0.39 0.41 0.44 0.47 0.44 0.44 0.54 0.58 0.43 0.21 0.24 0.46 0.64 0.69 0.52 0.39 0.36 0.39 0.44 0.50 0.66 0.82 0.77 0.62 0.52 0.58 0.73 0.67 0.54 0.48 0.39 0.28 0.25 0.27 0.26 0.24 0.22 0.20 0.17 0.15 0.14 0.13 0.13 0.13 0.14 0.15 0.16 0.15 0.14 0.14 0.13 0.12 0.11 0.11 0.12 0.14 0.17 0.19 0.21 0.22 0.23 0.26 0.28 0.33 0.39 0.43 0.46 0.49 0.52 0.55 0.58 0.58 0.57 0.59 0.57 0.51
0.08 0.14 0.22 0.28 0.32 0.33 0.34 0.37 0.39 0.39 0.43 0.52 0.51 0.47 0.56 0.60 0.41 0.17 0.20 0.41 0.63 0.75 0.60 0.38 0.34 0.44 0.47 0.50 0.57 0.71 0.79 0.69 0.57 0.64 0.76 0.68 0.53 0.43 0.30 0.25 0.23 0.22 0.22 0.22 0.20 0.17 0.15 0.13 0.12 0.11 0.10 0.10 0.11 0.14 0.16 0.15 0.14 0.14 0.13 0.12 0.10 0.10 0.10 0.12 0.15 0.18 0.22 0.24 0.24 0.24 0.26 0.30 0.36 0.42 0.46 0.50 0.53 0.56 0.61 0.63 0.62 0.61 0.58 0.55
0.10 0.14 0.21 0.26 0.31 0.33 0.34 0.36 0.38 0.37 0.41 0.54 0.57 0.49 0.55 0.61 0.42 0.17 0.18 0.34 0.56 0.76 0.70 0.41 0.35 0.50 0.52 0.53 0.52 0.55 0.70 0.76 0.70 0.73 0.78 0.63 0.45 0.32 0.23 0.20 0.17 0.15 0.19 0.21 0.17 0.14 0.12 0.11 0.10 0.09 0.08 0.07 0.09 0.13 0.15 0.15 0.13 0.14 0.14 0.12 0.10 0.09 0.09 0.10 0.12 0.15 0.20 0.24 0.26 0.27 0.28 0.31 0.35 0.40 0.46 0.50 0.53 0.55 0.60 0.66 0.70 0.66 0.60 0.58
