windninja/windninja_output/Output_2025-08-24_2000-2050_Google earth_Fire_150m_10min/merlingen_7.5mi_point_08-24-2025_2040_150m_ang.asc
ncols	158
nrows	163
xllcorner	391686.332397
yllcorner	5160024.123721
cellsize	150.000000
NODATA_value	-32768.000000
[rows 0 to 41 of 163, columns 0 to 93 of 158]
297 294 292 293 293 295 297 293 290 290 289 282 265 251 251 259 268 273 278 288 297 294 282 279 283 287 286 280 278 279 277 275 274 273 271 274 278 277 276 276 273 272 273 274 276 280 282 285 285 286 287 286 287 287 286 282 278 276 276 278 278 275 272 270 268 266 265 268 273 277 277 274 270 267 267 268 268 267 268 269 268 263 260 262 263 261 256 253 253 251 248 248 247 245
299 296 295 295 294 294 294 291 289 289 289 286 274 262 262 267 275 281 286 291 298 299 292 286 284 285 286 284 281 279 278 277 276 276 276 277 278 280 280 280 279 278 278 279 282 284 285 288 289 288 286 286 285 283 282 280 279 278 278 278 278 276 275 274 272 270 269 270 273 276 277 275 272 271 271 270 268 268 270 271 268 264 263 262 262 262 260 257 256 254 253 253 251 249
302 299 298 298 296 294 292 291 291 293 295 297 293 284 278 279 284 290 293 294 297 303 303 295 287 284 286 288 285 282 280 280 280 281 283 282 282 284 285 285 286 286 286 287 288 290 290 291 292 291 289 287 284 281 280 281 282 282 281 279 280 280 279 278 277 276 275 274 275 276 276 275 275 276 275 272 270 271 272 272 268 265 266 264 264 267 267 262 259 259 261 261 259 258
303 300 299 299 297 298 298 298 300 302 304 307 303 294 288 287 289 292 292 292 294 300 305 302 293 289 289 290 289 287 285 284 284 286 287 287 286 285 286 289 290 291 292 292 293 293 293 292 291 292 292 289 286 284 284 284 284 283 282 281 281 282 281 279 279 279 278 277 276 276 276 276 277 277 275 275 275 273 272 271 269 267 267 267 268 270 271 268 265 264 265 266 267 266
303 300 299 299 298 301 303 302 303 304 306 310 308 300 294 290 289 290 290 289 290 296 304 308 301 296 295 295 295 294 291 289 289 291 291 290 289 289 290 293 295 296 296 296 295 294 294 292 292 291 290 288 287 285 284 284 284 284 283 283 282 282 282 281 281 281 280 278 277 276 276 277 277 277 276 275 276 275 273 270 270 269 269 270 271 271 274 276 274 271 269 270 273 275
302 301 300 300 300 302 303 302 301 301 304 309 311 303 295 291 287 286 285 285 287 292 301 309 305 300 298 296 297 297 296 294 293 294 294 293 294 295 296 297 298 298 297 296 294 292 291 291 290 289 287 286 285 284 283 283 284 285 285 285 284 283 283 282 282 282 281 280 278 277 276 276 278 279 278 276 277 278 275 270 269 272 273 273 272 272 275 280 281 280 278 277 279 283
301 300 301 301 301 302 302 300 300 300 304 309 313 305 295 291 288 285 286 287 287 289 296 306 307 302 299 297 297 298 297 295 294 294 295 297 298 299 298 298 297 297 294 292 291 290 289 289 288 287 286 285 285 284 284 284 285 286 286 287 287 287 286 284 283 283 283 281 280 279 278 279 280 282 281 279 278 278 276 270 271 276 278 276 274 272 274 280 285 287 286 283 282 282
300 300 301 301 300 299 298 297 297 301 305 310 314 307 296 292 291 288 288 289 289 290 294 302 307 306 302 300 299 298 297 295 294 293 294 296 297 296 295 294 293 292 290 289 288 288 288 287 287 287 286 286 286 284 283 285 286 287 288 290 291 291 288 285 283 283 284 283 281 282 282 282 281 281 282 280 278 275 272 271 274 279 281 279 277 276 277 280 285 289 289 287 284 282
300 299 299 300 299 297 295 294 297 301 305 310 314 310 299 293 293 292 290 290 290 290 293 299 306 310 306 301 300 299 296 295 294 293 292 292 291 290 289 287 287 286 286 286 287 287 287 286 286 287 287 286 286 284 284 286 288 289 290 290 289 288 288 285 282 282 284 285 283 282 282 281 279 278 279 279 277 273 270 273 277 280 285 285 284 283 283 285 289 293 295 293 290 290
300 299 298 299 299 297 296 296 299 302 305 309 313 310 300 294 293 293 293 293 292 292 293 298 304 310 310 304 302 301 297 295 295 293 290 288 287 286 285 283 284 284 285 286 286 286 286 285 286 288 287 285 285 286 286 286 288 288 286 283 282 283 285 283 282 283 284 285 283 280 278 279 279 279 278 278 276 275 276 279 281 283 287 290 288 288 288 290 294 297 296 295 296 296
300 299 298 299 299 299 299 299 301 303 305 307 311 310 302 295 294 294 296 296 294 294 295 298 303 308 312 307 303 301 297 294 293 291 288 285 284 284 284 284 285 285 285 284 283 283 285 284 282 284 285 284 285 286 284 282 280 280 277 275 275 277 279 283 284 285 284 282 280 276 276 278 280 280 278 276 276 279 286 288 286 284 286 290 291 292 292 290 292 293 290 290 292 294
300 300 299 299 299 300 300 300 302 303 304 306 309 310 305 298 296 295 296 297 296 295 294 296 300 304 308 305 300 297 293 290 290 289 286 283 282 283 285 285 284 283 283 282 281 280 280 278 275 275 279 280 279 278 277 275 272 271 269 267 268 269 274 282 285 284 282 279 278 279 280 280 281 282 282 282 283 288 293 295 290 287 287 291 295 297 295 289 289 292 288 285 286 290
300 300 299 299 300 300 300 301 301 302 304 305 308 309 305 298 297 296 296 296 296 295 293 292 293 294 297 297 295 293 291 290 289 289 286 283 283 284 285 285 284 283 282 280 278 275 271 267 266 270 273 273 272 271 272 272 270 266 262 260 263 267 273 280 283 282 280 280 285 287 284 281 282 287 292 293 292 292 295 297 294 291 290 292 294 296 294 288 288 294 289 282 282 287
300 300 299 300 300 300 300 301 301 302 303 304 307 308 304 297 295 297 297 295 295 293 290 287 285 287 291 294 294 292 290 289 289 288 286 284 285 285 284 284 282 279 275 272 270 267 263 260 263 267 270 271 270 269 270 273 272 267 260 260 266 272 277 282 284 282 280 284 292 294 289 285 286 291 296 295 292 290 289 291 293 293 292 290 288 289 289 284 282 286 285 280 277 278
300 300 300 300 300 300 300 301 301 302 303 304 307 310 305 298 296 298 298 294 292 290 286 283 283 286 291 293 292 291 288 288 289 288 289 287 284 282 279 276 273 266 262 264 266 264 265 267 267 266 269 273 273 273 274 276 278 276 271 271 275 280 285 287 286 285 287 289 293 300 299 293 291 291 293 292 290 286 282 285 290 292 291 286 282 282 282 278 273 274 277 274 269 269
300 300 300 300 300 300 300 300 300 301 302 304 307 311 308 301 298 298 298 295 291 290 288 285 285 288 292 292 291 291 291 291 291 290 287 283 277 272 268 265 263 261 262 268 271 270 272 276 275 271 274 279 283 284 283 283 284 288 286 282 283 286 290 290 287 287 291 292 295 303 306 298 291 289 290 291 288 283 283 287 290 290 286 282 278 275 273 270 266 265 268 269 267 267
300 300 300 300 300 300 300 300 301 301 302 303 305 309 309 301 297 296 297 296 294 292 290 288 288 289 292 293 293 293 293 290 287 281 274 271 269 267 266 266 268 271 275 276 277 278 277 278 282 283 283 286 289 289 287 283 283 289 294 290 288 288 290 291 289 286 290 294 296 301 305 300 292 292 294 292 289 287 289 289 287 284 280 276 272 269 265 262 264 268 270 271 269 269
300 300 300 300 300 300 301 301 301 301 302 303 304 306 306 301 295 294 294 294 293 291 290 290 289 288 289 292 293 291 288 282 275 269 267 270 273 274 275 276 278 280 280 279 278 279 281 283 287 290 290 290 289 287 285 283 283 288 295 293 290 289 290 292 291 288 289 293 295 296 300 303 299 298 299 295 294 292 289 283 277 276 274 269 265 264 263 263 269 278 280 275 271 271
300 300 300 300 300 300 301 301 301 301 301 302 302 303 303 300 295 292 291 289 289 289 289 289 287 286 287 289 289 286 281 275 271 270 272 274 277 279 280 280 281 281 280 280 279 280 285 289 290 288 289 290 288 286 286 287 287 289 293 293 290 288 289 291 292 291 289 289 291 293 299 305 303 300 300 298 293 287 278 271 270 271 271 269 266 266 268 270 273 279 285 281 275 274
300 300 300 300 301 301 301 301 301 301 301 301 302 302 301 299 295 291 289 288 289 289 290 289 288 287 287 287 286 284 280 275 272 273 274 275 278 281 284 284 284 284 283 282 283 285 288 291 290 286 286 288 290 291 291 291 290 288 290 291 288 285 286 290 291 290 288 288 292 297 302 306 302 299 300 299 291 280 273 271 273 275 277 278 276 272 272 272 274 278 286 288 280 277
300 300 301 301 301 301 301 300 300 301 301 300 301 301 300 298 296 293 292 291 292 292 291 291 290 289 287 286 285 284 282 279 276 277 280 282 284 288 290 289 287 285 284 284 286 288 288 288 289 287 286 288 292 294 294 292 290 289 288 287 286 283 286 290 291 291 292 293 296 300 302 302 298 296 299 301 294 284 280 279 280 282 283 284 282 277 274 272 274 279 287 291 282 277
301 301 301 301 301 301 301 300 300 301 301 300 300 300 299 298 297 295 294 294 293 293 293 292 291 289 287 286 286 285 285 284 284 286 289 290 289 290 291 288 286 284 284 285 286 286 286 288 291 290 289 290 292 294 293 292 291 290 287 285 285 284 286 291 292 294 297 298 298 298 297 295 292 292 296 303 301 291 284 282 283 283 282 285 287 282 277 275 277 281 287 292 284 278
300 300 301 301 301 301 301 300 300 301 301 300 300 300 299 299 298 297 296 295 295 294 293 293 291 290 288 287 286 286 288 292 291 290 290 288 286 284 284 285 285 285 285 285 284 286 290 292 293 292 290 290 290 291 294 295 293 292 290 285 284 284 286 291 296 300 302 300 297 294 291 289 289 290 296 306 308 297 288 283 281 281 282 285 289 287 284 281 281 282 287 293 286 280
300 301 301 301 301 301 301 300 300 300 301 301 300 300 299 299 298 297 296 296 296 295 294 294 292 290 288 285 284 286 290 294 292 288 285 283 282 280 282 285 287 287 286 285 287 291 293 292 292 291 290 289 290 291 294 296 295 294 293 288 284 283 286 293 301 304 303 298 291 286 284 285 287 292 298 306 310 301 293 285 279 279 280 282 287 291 291 286 282 282 285 289 284 280
301 301 301 301 301 301 301 300 300 300 301 301 300 299 300 299 299 298 297 297 296 295 295 294 293 290 286 282 282 286 290 293 291 287 284 282 281 281 284 287 289 289 289 289 291 293 291 289 289 290 289 289 291 293 294 296 295 294 294 290 285 285 289 295 300 301 297 289 280 276 278 284 291 295 298 301 303 300 296 289 282 280 280 280 283 290 293 288 283 282 284 286 282 280
301 301 301 301 301 301 301 301 300 300 300 300 300 300 299 299 299 298 297 297 297 296 295 295 294 291 286 282 283 286 290 291 292 291 287 284 281 282 286 289 291 292 293 293 291 290 288 288 289 290 290 290 290 291 294 297 297 293 291 290 289 292 295 298 299 297 292 283 274 273 280 290 295 297 298 298 293 296 299 297 291 286 283 281 282 287 292 290 285 284 286 290 284 281
301 301 301 301 301 301 301 301 300 300 300 300 300 300 299 299 298 298 298 297 297 296 296 296 296 294 290 285 284 286 288 291 292 293 290 286 283 283 287 293 295 295 296 294 291 291 290 289 290 292 291 289 290 292 296 301 299 291 290 293 296 297 298 297 295 291 287 281 275 278 286 294 297 297 301 301 289 290 300 304 298 292 288 285 284 286 290 288 284 284 289 297 289 281
302 301 301 301 301 301 301 301 300 300 300 300 299 299 299 299 298 298 298 297 297 298 298 298 298 299 296 289 287 287 287 289 292 293 293 290 287 285 287 294 297 297 298 296 295 297 295 291 291 294 294 292 292 295 299 305 304 293 295 299 298 297 296 293 288 283 280 278 280 284 289 293 296 297 303 304 290 287 295 305 303 297 293 290 287 284 283 281 279 280 287 298 295 285
302 302 301 301 301 302 302 301 300 300 300 299 299 299 299 299 299 299 298 298 298 299 299 300 301 305 304 297 293 290 287 289 292 294 297 299 297 291 291 297 301 301 301 300 300 301 299 294 291 295 300 296 294 295 298 308 312 299 296 298 298 296 293 291 286 282 279 281 286 289 290 292 295 296 300 302 293 285 287 297 304 303 297 292 286 280 277 278 277 276 280 291 297 291
302 302 302 301 301 301 301 301 300 300 300 299 299 299 299 299 299 299 299 299 299 299 299 301 303 308 308 302 297 293 289 288 291 296 303 311 310 300 297 302 306 305 306 303 303 305 302 300 297 299 304 300 296 294 296 307 314 300 293 294 295 294 289 284 282 281 284 287 288 290 292 292 291 291 297 301 296 285 281 288 300 305 299 291 284 280 279 281 279 275 275 282 292 294
303 303 302 302 301 301 301 301 300 300 300 299 299 299 299 299 299 300 300 299 299 299 300 302 305 309 308 303 298 293 287 284 290 297 307 317 316 305 301 304 307 306 307 303 303 305 303 302 300 298 300 298 294 289 290 299 304 296 291 289 290 290 282 275 276 282 289 289 286 288 290 287 284 288 298 303 298 287 281 285 296 305 301 293 287 286 286 285 281 276 271 273 280 289
303 303 303 302 301 301 302 301 301 300 300 299 299 299 299 299 299 299 299 299 299 300 301 303 306 308 308 305 302 295 289 289 292 296 303 317 316 305 302 303 303 302 301 298 298 301 300 298 294 290 290 290 287 283 282 288 292 291 289 286 285 286 279 271 276 285 294 292 285 285 286 284 285 294 303 304 299 291 284 284 292 302 301 295 292 290 287 283 278 274 270 268 270 279
303 303 303 302 301 301 302 301 301 300 300 300 299 299 299 299 299 299 299 299 300 301 302 304 305 308 310 310 311 307 301 298 295 292 296 312 314 303 299 298 296 295 295 293 293 295 294 291 287 285 285 285 285 282 279 284 290 288 286 284 283 284 282 275 278 287 298 297 287 283 285 290 294 301 306 306 303 295 286 283 287 293 295 295 292 289 285 281 276 273 272 269 269 274
303 303 303 302 301 301 302 301 300 300 300 300 299 299 299 299 299 299 300 300 300 301 303 305 306 309 311 313 316 312 303 297 294 289 291 306 312 301 296 295 292 292 292 290 290 290 288 285 283 283 283 284 284 282 279 283 290 288 283 279 281 288 293 284 280 285 296 299 290 285 289 296 298 303 307 307 306 300 290 283 280 283 287 292 294 291 285 283 280 275 273 272 273 277
304 304 304 302 301 302 302 301 300 300 300 300 299 299 298 299 299 299 300 300 300 301 303 305 306 308 310 313 315 310 301 295 293 291 291 301 311 302 294 293 290 288 286 284 284 285 284 281 281 282 282 282 281 281 281 284 288 288 282 276 278 288 302 293 281 281 289 297 295 292 294 297 296 299 304 306 306 301 292 281 275 277 282 287 294 294 286 284 284 278 275 276 279 283
305 305 304 303 302 303 302 302 300 300 300 300 299 299 298 299 299 299 300 300 301 301 303 304 305 306 310 313 314 308 302 299 297 296 293 296 304 300 291 288 284 280 280 281 282 283 284 283 284 284 283 282 283 284 286 287 288 287 283 277 276 285 301 300 285 280 284 293 298 298 295 291 289 292 298 302 303 296 289 283 277 275 276 278 285 294 290 285 286 285 282 282 282 282
306 305 304 303 302 302 302 301 300 300 300 300 299 299 299 299 299 299 299 300 300 301 302 303 304 307 310 313 314 309 306 305 301 296 291 289 292 291 284 279 277 277 279 282 284 285 287 287 286 285 285 286 287 289 291 291 288 287 285 280 278 283 297 303 292 282 282 289 296 297 291 283 283 289 297 301 300 293 287 287 285 277 272 270 275 289 297 290 287 290 288 284 281 280
307 306 305 303 302 302 302 301 300 299 299 300 299 299 299 299 299 299 300 300 300 301 302 303 305 307 310 315 315 310 308 306 300 294 287 284 283 277 274 275 278 281 284 285 287 288 289 290 288 287 288 291 292 291 291 292 291 288 287 284 281 284 294 303 298 286 282 286 291 291 284 281 286 295 300 298 299 299 289 288 290 284 275 270 274 285 299 297 290 291 291 286 282 284
307 306 305 304 303 302 301 301 300 300 300 300 300 299 299 299 299 299 300 300 300 301 302 302 304 307 311 317 315 308 305 303 298 293 288 283 275 270 275 280 284 287 289 290 290 291 293 295 294 292 293 297 298 293 292 296 298 294 291 289 286 286 291 300 300 289 283 283 284 284 285 291 296 299 300 294 300 309 294 286 291 290 282 277 277 282 295 302 295 291 291 287 285 286
307 306 305 304 303 302 301 300 301 301 300 300 300 299 299 299 299 299 300 300 300 301 301 302 303 306 310 313 310 303 300 300 298 294 288 280 275 279 281 283 286 289 292 295 295 293 295 298 298 295 294 299 304 302 299 302 306 303 298 294 290 285 283 290 297 290 283 282 281 285 293 297 297 296 294 293 302 318 304 287 286 288 285 282 280 281 289 301 299 292 289 287 286 284
307 307 305 304 303 303 302 301 301 301 300 300 300 300 299 300 300 300 300 300 300 301 301 302 303 305 307 308 306 301 298 298 298 294 287 282 285 287 286 287 290 293 296 298 298 296 297 301 303 298 294 298 308 308 303 302 305 305 297 291 285 277 272 279 292 291 283 281 284 291 296 295 290 292 294 295 305 325 313 290 282 283 285 284 281 282 290 299 300 293 290 285 281 279
308 308 307 305 304 303 303 302 301 301 301 301 301 300 300 300 300 300 300 300 300 301 301 301 302 304 305 305 305 302 298 297 298 295 292 292 293 292 293 294 297 298 299 300 301 302 302 304 305 302 296 298 306 307 300 294 295 295 289 281 275 272 272 277 286 290 285 284 290 295 294 288 288 296 298 297 308 327 314 292 283 282 283 284 285 288 293 296 296 293 291 283 275 274
