windninja/windninja_output/Output_2025-08-24_2000-2050_Google earth_Fire_150m_10min/merlingen_7.5mi_point_08-24-2025_2040_150m_vel.asc
ncols	158
nrows	163
xllcorner	391686.332397
yllcorner	5160024.123721
cellsize	150.000000
NODATA_value	-32768.000000
[rows 0 to 37 of 163, columns 0 to 83 of 158]
1.24 1.26 1.29 1.28 1.31 1.34 1.27 1.21 1.25 1.26 1.19 1.06 0.97 1.10 1.24 1.27 1.23 1.17 1.22 1.34 1.25 1.06 1.06 1.14 1.19 1.17 1.08 1.05 1.10 1.10 1.06 1.06 1.06 1.03 1.05 1.11 1.05 1.02 1.04 1.00 0.99 1.02 1.00 1.01 1.03 1.02 1.03 1.01 0.99 1.01 0.99 0.99 1.00 0.98 0.93 0.90 0.89 0.90 0.92 0.91 0.87 0.86 0.86 0.85 0.84 0.83 0.86 0.88 0.88 0.85 0.82 0.79 0.78 0.79 0.81 0.80 0.78 0.78 0.79 0.77 0.74 0.72 0.75 0.77
1.21 1.28 1.32 1.30 1.34 1.33 1.21 1.17 1.25 1.26 1.17 0.99 0.85 0.98 1.19 1.31 1.32 1.26 1.35 1.43 1.26 1.06 1.06 1.15 1.21 1.18 1.08 1.06 1.10 1.08 1.06 1.06 1.07 1.05 1.07 1.13 1.08 1.05 1.06 1.01 1.00 1.03 1.02 1.06 1.08 1.05 1.07 1.06 1.02 1.00 0.99 0.98 0.98 0.94 0.90 0.88 0.89 0.91 0.94 0.91 0.86 0.85 0.85 0.85 0.83 0.82 0.85 0.89 0.91 0.87 0.81 0.77 0.77 0.79 0.81 0.79 0.77 0.80 0.81 0.76 0.71 0.71 0.75 0.77
1.18 1.31 1.36 1.32 1.36 1.27 1.14 1.18 1.30 1.31 1.18 0.90 0.74 0.88 1.17 1.45 1.51 1.46 1.53 1.49 1.26 1.09 1.05 1.11 1.20 1.19 1.09 1.06 1.07 1.05 1.06 1.08 1.08 1.09 1.13 1.14 1.13 1.11 1.09 1.04 1.04 1.06 1.07 1.15 1.15 1.12 1.13 1.11 1.03 0.98 0.98 0.96 0.93 0.91 0.89 0.88 0.91 0.92 0.94 0.92 0.87 0.84 0.85 0.85 0.82 0.80 0.85 0.92 0.96 0.89 0.79 0.75 0.78 0.80 0.80 0.76 0.75 0.83 0.84 0.74 0.66 0.70 0.75 0.73
1.21 1.33 1.36 1.32 1.35 1.23 1.20 1.35 1.46 1.40 1.17 0.84 0.75 0.90 1.20 1.59 1.66 1.58 1.54 1.42 1.25 1.14 1.06 1.04 1.17 1.20 1.14 1.08 1.04 1.04 1.08 1.10 1.12 1.17 1.18 1.16 1.15 1.13 1.11 1.10 1.11 1.11 1.16 1.22 1.20 1.17 1.15 1.09 1.02 0.99 0.98 0.92 0.89 0.91 0.91 0.91 0.92 0.92 0.92 0.92 0.89 0.85 0.84 0.84 0.82 0.81 0.84 0.93 0.98 0.89 0.77 0.76 0.80 0.80 0.78 0.74 0.75 0.83 0.84 0.72 0.61 0.69 0.76 0.71
1.26 1.34 1.35 1.32 1.34 1.29 1.35 1.52 1.53 1.33 1.01 0.78 0.77 0.96 1.35 1.67 1.70 1.58 1.46 1.35 1.27 1.22 1.11 1.05 1.17 1.22 1.18 1.13 1.07 1.07 1.10 1.15 1.22 1.25 1.20 1.16 1.15 1.17 1.20 1.20 1.18 1.18 1.25 1.26 1.21 1.17 1.11 1.05 1.01 0.98 0.92 0.87 0.87 0.91 0.92 0.91 0.92 0.92 0.92 0.92 0.90 0.85 0.83 0.83 0.82 0.82 0.84 0.93 0.98 0.87 0.77 0.78 0.81 0.79 0.76 0.75 0.77 0.81 0.81 0.71 0.60 0.66 0.76 0.73
1.31 1.35 1.36 1.35 1.39 1.40 1.48 1.55 1.42 1.12 0.88 0.79 0.80 1.03 1.46 1.65 1.65 1.53 1.36 1.32 1.33 1.32 1.19 1.09 1.16 1.22 1.17 1.12 1.09 1.10 1.12 1.20 1.30 1.28 1.20 1.18 1.23 1.28 1.31 1.28 1.23 1.24 1.27 1.23 1.16 1.12 1.06 1.01 0.98 0.93 0.86 0.85 0.87 0.90 0.92 0.93 0.94 0.94 0.93 0.92 0.89 0.85 0.82 0.84 0.83 0.82 0.83 0.93 0.97 0.84 0.78 0.81 0.83 0.78 0.74 0.76 0.79 0.81 0.76 0.67 0.64 0.68 0.76 0.76
1.34 1.37 1.37 1.39 1.45 1.47 1.51 1.46 1.24 1.01 0.90 0.86 0.86 1.09 1.48 1.60 1.56 1.49 1.38 1.36 1.39 1.42 1.28 1.13 1.14 1.16 1.11 1.12 1.13 1.10 1.14 1.27 1.33 1.27 1.23 1.28 1.34 1.36 1.33 1.27 1.22 1.21 1.20 1.15 1.09 1.06 1.03 0.98 0.95 0.88 0.83 0.85 0.88 0.89 0.93 0.95 0.96 0.96 0.94 0.92 0.90 0.85 0.82 0.83 0.84 0.83 0.84 0.93 0.95 0.82 0.78 0.85 0.87 0.77 0.72 0.76 0.82 0.81 0.68 0.62 0.70 0.75 0.75 0.75
1.36 1.39 1.40 1.42 1.46 1.46 1.44 1.31 1.12 1.01 0.98 0.96 0.98 1.15 1.46 1.57 1.49 1.46 1.44 1.39 1.44 1.50 1.37 1.20 1.13 1.09 1.10 1.16 1.13 1.08 1.18 1.30 1.29 1.24 1.29 1.36 1.35 1.30 1.24 1.19 1.16 1.14 1.11 1.08 1.05 1.04 1.00 0.97 0.92 0.85 0.82 0.87 0.88 0.88 0.95 1.00 0.99 0.99 0.97 0.95 0.92 0.84 0.80 0.82 0.84 0.84 0.86 0.93 0.92 0.82 0.80 0.89 0.88 0.77 0.72 0.74 0.81 0.78 0.62 0.60 0.78 0.82 0.74 0.74
1.38 1.41 1.43 1.42 1.42 1.40 1.35 1.22 1.12 1.08 1.07 1.07 1.07 1.18 1.44 1.54 1.46 1.46 1.46 1.43 1.49 1.53 1.43 1.29 1.17 1.10 1.13 1.17 1.08 1.06 1.23 1.30 1.23 1.24 1.34 1.36 1.27 1.19 1.15 1.12 1.09 1.08 1.07 1.06 1.06 1.03 0.98 0.96 0.91 0.82 0.83 0.89 0.85 0.86 1.00 1.05 1.02 1.02 1.00 0.95 0.88 0.80 0.76 0.78 0.81 0.86 0.90 0.93 0.90 0.82 0.82 0.87 0.84 0.76 0.72 0.73 0.78 0.73 0.59 0.64 0.85 0.87 0.76 0.73
1.39 1.41 1.44 1.42 1.38 1.35 1.31 1.24 1.20 1.17 1.15 1.14 1.11 1.17 1.37 1.49 1.48 1.49 1.46 1.48 1.54 1.55 1.50 1.36 1.22 1.13 1.11 1.12 1.07 1.10 1.28 1.28 1.19 1.25 1.34 1.31 1.20 1.11 1.10 1.09 1.08 1.09 1.08 1.06 1.06 1.01 0.96 0.96 0.91 0.80 0.83 0.88 0.83 0.90 1.06 1.10 1.04 1.00 0.96 0.87 0.81 0.78 0.72 0.70 0.80 0.91 0.95 0.92 0.83 0.78 0.83 0.86 0.82 0.76 0.73 0.72 0.75 0.69 0.62 0.74 0.89 0.91 0.80 0.74
1.40 1.42 1.45 1.42 1.37 1.34 1.33 1.31 1.27 1.23 1.21 1.18 1.14 1.15 1.29 1.45 1.51 1.53 1.50 1.53 1.59 1.58 1.56 1.41 1.26 1.17 1.07 1.05 1.08 1.14 1.26 1.22 1.15 1.22 1.29 1.24 1.14 1.08 1.08 1.10 1.10 1.11 1.10 1.04 1.04 1.02 0.94 0.93 0.89 0.79 0.82 0.87 0.85 0.95 1.06 1.09 1.00 0.92 0.88 0.81 0.81 0.80 0.69 0.69 0.86 0.96 0.96 0.89 0.73 0.73 0.85 0.88 0.82 0.75 0.71 0.70 0.75 0.73 0.70 0.82 0.91 0.91 0.83 0.77
1.42 1.44 1.45 1.42 1.37 1.35 1.36 1.35 1.30 1.26 1.24 1.21 1.16 1.14 1.26 1.47 1.57 1.57 1.54 1.56 1.60 1.60 1.55 1.40 1.26 1.11 0.93 0.94 1.04 1.10 1.15 1.14 1.13 1.20 1.23 1.17 1.11 1.09 1.12 1.12 1.10 1.11 1.08 1.01 1.02 1.02 0.92 0.87 0.85 0.80 0.83 0.85 0.84 0.95 1.02 1.04 0.97 0.88 0.82 0.79 0.83 0.82 0.74 0.77 0.92 0.95 0.93 0.82 0.66 0.74 0.89 0.90 0.84 0.74 0.69 0.72 0.80 0.84 0.84 0.87 0.89 0.89 0.86 0.86
1.44 1.45 1.45 1.42 1.39 1.38 1.38 1.35 1.31 1.28 1.26 1.22 1.16 1.12 1.24 1.50 1.61 1.59 1.58 1.60 1.61 1.57 1.49 1.36 1.17 0.95 0.82 0.89 1.00 1.05 1.08 1.13 1.16 1.17 1.14 1.13 1.13 1.14 1.15 1.09 1.08 1.12 1.04 0.97 1.00 0.98 0.87 0.81 0.84 0.88 0.86 0.82 0.83 0.94 1.03 1.01 0.94 0.85 0.78 0.80 0.88 0.88 0.85 0.89 0.93 0.92 0.88 0.79 0.71 0.80 0.88 0.88 0.87 0.79 0.75 0.82 0.88 0.93 0.92 0.86 0.85 0.89 0.91 0.96
1.46 1.46 1.45 1.43 1.41 1.41 1.39 1.35 1.32 1.30 1.27 1.24 1.17 1.12 1.24 1.50 1.64 1.61 1.59 1.62 1.57 1.48 1.38 1.25 1.06 0.91 0.85 0.92 1.00 1.03 1.08 1.14 1.17 1.13 1.07 1.14 1.19 1.17 1.13 1.06 1.07 1.07 0.96 0.92 0.96 0.93 0.83 0.80 0.89 0.95 0.89 0.83 0.82 0.93 1.07 1.01 0.89 0.78 0.72 0.82 0.96 0.96 0.97 0.98 0.92 0.89 0.86 0.86 0.85 0.82 0.83 0.87 0.93 0.88 0.83 0.84 0.90 0.95 0.90 0.82 0.85 0.91 0.94 0.98
1.47 1.47 1.46 1.44 1.43 1.41 1.38 1.35 1.34 1.31 1.29 1.27 1.20 1.15 1.26 1.53 1.70 1.64 1.57 1.57 1.48 1.35 1.25 1.15 1.05 0.97 0.93 0.96 1.00 1.00 1.08 1.16 1.16 1.11 1.09 1.16 1.17 1.14 1.08 1.00 1.00 0.95 0.92 0.95 0.95 0.91 0.84 0.80 0.89 0.98 0.96 0.86 0.83 0.95 1.09 1.05 0.88 0.72 0.67 0.85 1.05 1.08 1.09 1.01 0.91 0.91 0.93 0.97 0.96 0.83 0.80 0.92 1.00 0.92 0.80 0.80 0.89 0.90 0.84 0.85 0.92 0.93 0.92 0.92
1.49 1.48 1.47 1.45 1.43 1.40 1.38 1.36 1.35 1.33 1.31 1.29 1.25 1.22 1.31 1.61 1.74 1.63 1.52 1.48 1.40 1.27 1.18 1.11 1.09 1.06 0.99 0.97 0.99 1.01 1.13 1.22 1.15 1.09 1.08 1.07 1.06 1.06 1.00 0.96 0.95 0.89 0.95 1.03 0.95 0.89 0.92 0.84 0.81 0.96 1.05 0.95 0.91 1.03 1.09 1.07 0.94 0.74 0.69 0.90 1.14 1.20 1.14 0.95 0.89 1.00 1.02 1.03 1.03 0.88 0.82 0.94 0.99 0.86 0.78 0.81 0.83 0.81 0.84 0.97 0.98 0.88 0.86 0.84
1.50 1.49 1.48 1.46 1.43 1.41 1.39 1.38 1.37 1.36 1.34 1.32 1.30 1.28 1.37 1.61 1.69 1.58 1.46 1.40 1.34 1.23 1.13 1.10 1.14 1.13 1.02 0.97 1.02 1.09 1.19 1.19 1.03 0.97 0.97 0.97 1.00 1.02 0.98 0.96 0.96 0.92 1.01 1.08 0.97 0.91 0.96 0.90 0.85 0.99 1.12 1.05 1.03 1.07 1.05 1.02 0.97 0.83 0.77 1.00 1.22 1.24 1.11 0.88 0.89 1.06 1.10 1.08 1.06 0.92 0.84 0.88 0.92 0.85 0.81 0.80 0.75 0.81 0.96 1.05 0.92 0.78 0.78 0.75
1.51 1.50 1.48 1.46 1.44 1.42 1.41 1.40 1.39 1.38 1.36 1.34 1.33 1.33 1.39 1.54 1.61 1.52 1.41 1.33 1.25 1.16 1.10 1.12 1.16 1.12 1.03 1.00 1.05 1.12 1.13 1.02 0.88 0.86 0.93 1.00 1.02 1.01 0.99 1.00 1.02 1.02 1.06 1.05 0.99 0.97 0.97 0.96 1.02 1.12 1.15 1.10 1.06 1.03 0.98 0.98 1.01 0.96 0.91 1.07 1.23 1.23 1.05 0.88 0.93 1.09 1.17 1.13 1.01 0.91 0.88 0.86 0.90 0.90 0.81 0.76 0.77 0.88 1.01 0.94 0.78 0.74 0.72 0.68
1.52 1.51 1.49 1.47 1.45 1.43 1.42 1.42 1.41 1.39 1.37 1.35 1.35 1.35 1.39 1.48 1.53 1.46 1.34 1.26 1.18 1.12 1.10 1.12 1.13 1.10 1.06 1.03 1.03 1.04 1.00 0.88 0.81 0.85 0.96 1.06 1.09 1.05 1.01 1.05 1.06 1.04 1.06 1.03 1.01 1.04 1.06 1.06 1.10 1.16 1.14 1.08 1.02 0.98 0.98 1.01 1.06 1.04 1.02 1.09 1.20 1.19 1.02 0.93 1.00 1.11 1.19 1.10 0.96 0.97 0.97 0.89 0.90 0.88 0.76 0.73 0.76 0.83 0.90 0.82 0.74 0.74 0.68 0.63
1.52 1.52 1.50 1.48 1.46 1.45 1.44 1.44 1.42 1.38 1.37 1.37 1.37 1.36 1.38 1.42 1.43 1.36 1.28 1.23 1.17 1.14 1.13 1.12 1.12 1.11 1.08 1.04 1.00 0.97 0.90 0.81 0.80 0.88 1.00 1.11 1.15 1.10 1.04 1.09 1.08 1.05 1.07 1.04 1.05 1.13 1.19 1.11 1.07 1.14 1.14 1.07 1.02 1.00 1.04 1.07 1.06 1.07 1.07 1.09 1.13 1.12 1.03 0.99 1.04 1.11 1.15 1.09 1.05 1.11 1.03 0.87 0.84 0.82 0.74 0.69 0.66 0.71 0.80 0.80 0.77 0.76 0.69 0.62
1.53 1.53 1.52 1.49 1.47 1.46 1.45 1.44 1.42 1.38 1.37 1.39 1.38 1.36 1.37 1.37 1.35 1.31 1.27 1.24 1.20 1.17 1.14 1.13 1.13 1.11 1.07 1.03 0.98 0.93 0.84 0.76 0.80 0.93 1.07 1.17 1.24 1.20 1.11 1.11 1.08 1.05 1.06 1.07 1.15 1.22 1.20 1.09 1.04 1.13 1.16 1.11 1.07 1.06 1.07 1.05 1.04 1.07 1.09 1.07 1.05 1.10 1.11 1.05 1.07 1.14 1.14 1.16 1.21 1.15 0.94 0.77 0.75 0.79 0.74 0.62 0.58 0.66 0.77 0.82 0.82 0.79 0.71 0.63
1.56 1.55 1.52 1.49 1.48 1.47 1.46 1.45 1.42 1.39 1.39 1.40 1.38 1.36 1.35 1.33 1.31 1.30 1.29 1.26 1.22 1.18 1.16 1.13 1.11 1.09 1.06 1.01 0.97 0.91 0.82 0.74 0.85 1.08 1.19 1.26 1.31 1.23 1.10 1.06 1.04 1.03 1.08 1.14 1.21 1.21 1.18 1.13 1.10 1.14 1.19 1.17 1.13 1.08 1.04 1.03 1.04 1.06 1.06 1.04 1.01 1.12 1.19 1.10 1.13 1.21 1.21 1.25 1.23 1.02 0.77 0.67 0.71 0.80 0.73 0.58 0.55 0.63 0.75 0.84 0.85 0.77 0.71 0.66
1.57 1.55 1.52 1.51 1.50 1.49 1.47 1.45 1.43 1.41 1.40 1.40 1.39 1.36 1.34 1.32 1.30 1.30 1.29 1.26 1.22 1.19 1.16 1.12 1.08 1.07 1.04 0.99 0.96 0.92 0.84 0.80 0.98 1.20 1.24 1.26 1.26 1.17 1.06 1.02 1.01 1.05 1.12 1.18 1.23 1.24 1.24 1.19 1.15 1.14 1.19 1.18 1.13 1.09 1.05 1.04 1.06 1.05 0.99 1.00 1.03 1.17 1.25 1.21 1.28 1.34 1.28 1.24 1.09 0.82 0.66 0.64 0.74 0.84 0.77 0.61 0.53 0.60 0.73 0.82 0.83 0.74 0.74 0.69
1.57 1.55 1.54 1.53 1.52 1.49 1.46 1.44 1.44 1.44 1.42 1.40 1.38 1.36 1.34 1.32 1.30 1.30 1.30 1.25 1.21 1.19 1.16 1.10 1.07 1.04 0.99 0.96 0.96 0.96 0.90 0.89 1.05 1.18 1.20 1.21 1.18 1.12 1.09 1.05 1.04 1.08 1.13 1.19 1.32 1.36 1.25 1.19 1.15 1.13 1.19 1.18 1.13 1.13 1.11 1.06 1.06 1.04 0.93 0.94 1.06 1.21 1.35 1.43 1.46 1.35 1.19 1.05 0.85 0.69 0.63 0.66 0.82 0.92 0.81 0.59 0.50 0.60 0.70 0.75 0.78 0.76 0.75 0.72
1.58 1.57 1.55 1.54 1.51 1.48 1.45 1.44 1.46 1.46 1.43 1.39 1.37 1.37 1.34 1.32 1.31 1.30 1.29 1.25 1.21 1.19 1.14 1.08 1.04 0.99 0.92 0.91 1.00 1.03 0.97 0.96 1.04 1.12 1.16 1.18 1.15 1.15 1.15 1.12 1.09 1.10 1.15 1.30 1.47 1.34 1.16 1.16 1.15 1.14 1.18 1.18 1.18 1.19 1.14 1.07 1.05 0.99 0.88 0.89 1.04 1.29 1.53 1.61 1.43 1.15 0.95 0.78 0.66 0.64 0.65 0.76 0.97 0.98 0.73 0.50 0.49 0.61 0.67 0.68 0.74 0.77 0.75 0.73
1.59 1.58 1.56 1.54 1.52 1.48 1.46 1.47 1.49 1.47 1.42 1.38 1.37 1.37 1.34 1.32 1.31 1.30 1.28 1.24 1.21 1.17 1.12 1.06 1.00 0.91 0.83 0.91 1.09 1.10 1.01 1.01 1.06 1.09 1.14 1.14 1.13 1.21 1.24 1.18 1.14 1.15 1.24 1.44 1.46 1.19 1.10 1.17 1.18 1.18 1.19 1.20 1.22 1.21 1.17 1.10 1.01 0.91 0.85 0.89 1.11 1.51 1.74 1.59 1.23 0.96 0.77 0.61 0.59 0.66 0.78 0.98 1.08 0.90 0.61 0.44 0.53 0.65 0.65 0.65 0.73 0.77 0.72 0.72
1.60 1.59 1.57 1.55 1.53 1.49 1.47 1.49 1.51 1.46 1.41 1.39 1.39 1.36 1.33 1.32 1.32 1.29 1.27 1.23 1.20 1.17 1.12 1.06 0.97 0.84 0.77 0.96 1.16 1.14 1.05 1.07 1.11 1.09 1.10 1.08 1.11 1.30 1.36 1.26 1.20 1.24 1.35 1.46 1.35 1.11 1.12 1.21 1.24 1.22 1.17 1.21 1.24 1.26 1.26 1.09 0.87 0.82 0.88 1.02 1.39 1.79 1.74 1.35 1.00 0.80 0.62 0.51 0.56 0.76 1.02 1.15 1.03 0.79 0.52 0.40 0.56 0.73 0.70 0.68 0.74 0.74 0.69 0.72
1.60 1.60 1.58 1.56 1.53 1.50 1.49 1.52 1.50 1.44 1.41 1.40 1.38 1.35 1.33 1.33 1.32 1.29 1.26 1.23 1.21 1.18 1.13 1.05 0.94 0.79 0.77 1.01 1.19 1.14 1.10 1.14 1.15 1.11 1.07 1.03 1.09 1.37 1.48 1.34 1.24 1.36 1.43 1.42 1.31 1.14 1.15 1.23 1.29 1.24 1.15 1.23 1.30 1.36 1.32 0.97 0.71 0.83 1.07 1.31 1.66 1.82 1.50 1.05 0.82 0.69 0.53 0.47 0.61 0.92 1.20 1.16 0.91 0.69 0.47 0.37 0.56 0.81 0.79 0.70 0.70 0.69 0.68 0.74
1.61 1.60 1.58 1.56 1.54 1.51 1.51 1.53 1.48 1.43 1.41 1.40 1.38 1.36 1.35 1.34 1.33 1.29 1.26 1.24 1.23 1.19 1.13 1.04 0.93 0.81 0.85 1.09 1.19 1.10 1.13 1.24 1.20 1.15 1.13 1.09 1.16 1.41 1.60 1.45 1.35 1.48 1.46 1.41 1.32 1.17 1.15 1.21 1.32 1.30 1.19 1.26 1.36 1.41 1.26 0.84 0.67 0.94 1.28 1.55 1.74 1.63 1.24 0.87 0.71 0.63 0.50 0.50 0.78 1.10 1.25 1.10 0.83 0.61 0.42 0.37 0.55 0.83 0.85 0.72 0.68 0.66 0.68 0.76
1.61 1.61 1.59 1.56 1.55 1.53 1.53 1.51 1.46 1.43 1.41 1.40 1.39 1.38 1.37 1.35 1.33 1.30 1.27 1.26 1.23 1.18 1.12 1.04 0.94 0.89 0.99 1.15 1.14 1.05 1.16 1.30 1.27 1.31 1.39 1.33 1.30 1.52 1.74 1.60 1.53 1.57 1.45 1.41 1.30 1.15 1.16 1.24 1.42 1.41 1.23 1.28 1.37 1.36 1.18 0.80 0.71 1.00 1.39 1.68 1.67 1.34 0.98 0.75 0.64 0.60 0.51 0.59 0.98 1.24 1.24 0.99 0.72 0.54 0.41 0.43 0.59 0.79 0.87 0.80 0.70 0.63 0.65 0.72
1.63 1.62 1.59 1.56 1.56 1.56 1.53 1.49 1.46 1.43 1.42 1.42 1.41 1.39 1.38 1.36 1.34 1.31 1.28 1.26 1.23 1.18 1.13 1.06 0.99 0.99 1.06 1.10 1.03 0.96 1.09 1.31 1.44 1.64 1.70 1.48 1.38 1.61 1.83 1.70 1.61 1.53 1.38 1.35 1.24 1.13 1.22 1.37 1.50 1.37 1.19 1.23 1.27 1.27 1.10 0.73 0.70 1.04 1.45 1.72 1.51 1.03 0.78 0.68 0.66 0.64 0.57 0.69 1.09 1.31 1.14 0.81 0.64 0.56 0.48 0.53 0.60 0.70 0.86 0.89 0.74 0.61 0.60 0.67
1.65 1.63 1.58 1.56 1.59 1.59 1.52 1.48 1.47 1.44 1.43 1.42 1.41 1.40 1.40 1.37 1.34 1.31 1.28 1.26 1.24 1.20 1.15 1.10 1.06 1.07 1.07 1.04 0.92 0.86 1.06 1.40 1.68 1.89 1.76 1.36 1.34 1.71 1.86 1.66 1.50 1.35 1.21 1.22 1.16 1.10 1.26 1.41 1.37 1.19 1.12 1.14 1.12 1.18 1.04 0.68 0.75 1.13 1.49 1.69 1.38 0.83 0.62 0.66 0.76 0.74 0.65 0.75 1.14 1.31 0.99 0.71 0.69 0.66 0.57 0.56 0.56 0.65 0.85 0.94 0.79 0.59 0.57 0.65
1.65 1.62 1.56 1.56 1.63 1.59 1.50 1.48 1.47 1.45 1.43 1.43 1.43 1.42 1.41 1.37 1.33 1.31 1.29 1.27 1.26 1.22 1.16 1.13 1.14 1.12 1.10 1.03 0.90 0.95 1.29 1.64 1.79 1.92 1.71 1.26 1.32 1.74 1.74 1.44 1.30 1.16 1.09 1.14 1.10 1.09 1.26 1.32 1.16 1.10 1.11 1.08 1.07 1.11 1.01 0.77 0.88 1.21 1.50 1.60 1.24 0.73 0.52 0.66 0.89 0.88 0.74 0.82 1.14 1.25 0.94 0.77 0.83 0.74 0.59 0.55 0.55 0.64 0.83 0.95 0.78 0.56 0.57 0.64
1.63 1.61 1.55 1.59 1.65 1.57 1.49 1.47 1.47 1.46 1.43 1.44 1.45 1.43 1.41 1.37 1.34 1.34 1.32 1.30 1.28 1.25 1.20 1.19 1.20 1.16 1.12 1.02 0.96 1.12 1.46 1.70 1.71 1.82 1.78 1.38 1.37 1.64 1.53 1.25 1.20 1.09 1.04 1.10 1.06 1.11 1.23 1.16 1.06 1.10 1.11 1.07 1.06 1.05 1.00 0.92 1.00 1.22 1.44 1.50 1.20 0.73 0.50 0.65 0.96 0.98 0.85 0.86 1.07 1.21 1.03 0.90 0.87 0.70 0.58 0.56 0.58 0.65 0.80 0.88 0.74 0.58 0.61 0.66
1.62 1.60 1.58 1.64 1.65 1.56 1.49 1.47 1.48 1.47 1.45 1.46 1.45 1.43 1.41 1.37 1.36 1.36 1.34 1.31 1.30 1.28 1.24 1.25 1.24 1.18 1.10 1.01 0.99 1.14 1.44 1.62 1.63 1.79 1.90 1.59 1.37 1.45 1.35 1.16 1.11 1.03 0.99 1.02 1.04 1.13 1.15 1.06 1.07 1.12 1.10 1.07 1.05 1.01 1.00 1.05 1.11 1.19 1.32 1.44 1.26 0.80 0.53 0.63 0.95 1.05 0.96 0.92 1.07 1.24 1.09 0.90 0.79 0.64 0.56 0.57 0.59 0.66 0.74 0.76 0.71 0.64 0.66 0.71
1.61 1.61 1.62 1.67 1.65 1.55 1.49 1.47 1.49 1.49 1.47 1.46 1.45 1.43 1.41 1.39 1.38 1.38 1.35 1.33 1.32 1.30 1.28 1.27 1.23 1.16 1.08 1.02 0.99 1.14 1.46 1.62 1.72 1.91 1.95 1.59 1.23 1.19 1.17 1.05 0.98 0.95 0.97 1.00 1.08 1.17 1.09 1.05 1.12 1.12 1.08 1.07 1.06 1.03 1.06 1.14 1.17 1.15 1.20 1.39 1.33 0.89 0.59 0.62 0.88 1.06 1.08 1.06 1.20 1.24 0.97 0.79 0.72 0.61 0.58 0.58 0.57 0.61 0.64 0.66 0.69 0.67 0.69 0.74
1.61 1.62 1.65 1.67 1.62 1.52 1.48 1.49 1.50 1.49 1.48 1.47 1.45 1.43 1.42 1.41 1.40 1.39 1.36 1.35 1.34 1.33 1.30 1.27 1.23 1.18 1.11 1.01 1.00 1.29 1.63 1.74 1.85 1.93 1.82 1.45 1.09 0.96 0.98 0.95 0.90 0.93 1.00 1.04 1.14 1.20 1.10 1.09 1.14 1.10 1.10 1.10 1.09 1.11 1.15 1.16 1.15 1.13 1.16 1.31 1.35 1.00 0.68 0.66 0.80 1.03 1.19 1.25 1.24 1.03 0.75 0.71 0.71 0.66 0.63 0.58 0.53 0.53 0.60 0.65 0.65 0.63 0.68 0.75
1.63 1.64 1.67 1.65 1.57 1.51 1.49 1.49 1.49 1.50 1.50 1.47 1.45 1.45 1.45 1.43 1.42 1.40 1.38 1.37 1.36 1.34 1.31 1.29 1.27 1.21 1.13 1.03 1.16 1.60 1.78 1.77 1.79 1.73 1.62 1.32 0.94 0.80 0.89 0.94 0.93 0.99 1.07 1.12 1.21 1.22 1.14 1.12 1.10 1.10 1.17 1.16 1.12 1.16 1.19 1.16 1.11 1.12 1.14 1.25 1.31 1.08 0.80 0.70 0.73 0.96 1.27 1.37 1.13 0.77 0.62 0.71 0.81 0.76 0.63 0.54 0.52 0.50 0.60 0.69 0.61 0.57 0.62 0.71
