windninja/windninja_output/Output_2025-08-24_2000-2050_Google earth_Fire_150m_10min/merlingen_7.5mi_point_08-24-2025_2010_150m_ang.asc
ncols	158
nrows	163
xllcorner	391686.332397
yllcorner	5160024.123721
cellsize	150.000000
NODATA_value	-32768.000000
[rows 53 to 105 of 163, columns 0 to 95 of 158]
288 292 301 301 297 298 299 296 297 302 307 306 306 306 306 306 306 306 307 307 308 308 309 309 310 311 311 312 312 313 314 314 315 316 316 317 317 317 318 319 319 317 317 320 320 321 327 338 341 341 341 341 343 342 337 333 338 350 359 4 4 1 357 356 358 360 4 9 13 15 15 16 18 20 21 20 19 19 19 21 24 27 29 29 29 28 27 27 30 35 37 39 38 37 36 23
289 291 299 305 300 300 302 298 295 298 304 307 307 307 307 307 307 307 308 308 308 309 310 310 311 312 312 313 313 314 315 315 316 316 317 318 318 318 319 319 319 317 317 319 320 322 329 335 335 336 340 341 340 339 336 335 344 355 2 3 3 359 356 357 359 1 4 8 12 13 14 16 20 21 21 21 20 20 21 19 20 23 25 26 28 30 29 29 32 34 36 36 33 31 32 23
292 291 295 301 300 298 301 299 295 295 301 306 307 308 308 307 307 308 309 309 309 310 310 311 312 312 313 314 314 315 315 316 317 317 318 318 319 319 320 320 318 316 316 317 320 322 327 331 331 334 340 340 339 339 335 339 350 358 0 0 359 357 357 359 0 2 4 7 10 14 17 21 22 20 20 20 20 19 19 17 16 18 22 24 26 28 29 30 32 35 37 35 30 27 32 29
294 293 292 295 297 297 299 301 297 295 299 305 307 308 309 308 308 309 309 310 310 311 311 312 313 313 314 314 315 316 316 317 318 318 319 319 320 320 321 320 319 318 318 320 322 323 325 327 328 333 339 337 338 338 335 342 354 359 358 356 354 354 359 4 5 4 5 7 12 19 23 23 20 18 18 18 18 17 17 15 15 17 21 23 24 27 29 30 32 36 40 38 27 19 26 28
294 294 293 294 297 298 300 303 303 299 301 305 306 307 310 310 309 310 310 311 311 312 312 313 314 314 315 315 316 317 317 318 319 319 320 320 321 321 322 322 322 322 322 322 323 323 322 323 325 330 336 335 336 336 336 344 355 357 355 352 351 354 1 8 9 6 6 9 15 21 21 18 16 16 16 15 15 15 14 14 15 18 21 24 27 31 33 33 33 33 34 26 12 11 24 31
295 295 296 296 297 298 300 304 307 304 304 306 305 305 308 310 311 311 311 312 312 312 313 313 315 315 316 316 317 317 318 319 319 320 321 321 322 323 323 323 323 324 324 324 324 322 321 321 321 326 332 334 335 335 336 345 353 352 350 349 351 356 3 10 12 10 8 9 14 17 15 14 15 15 14 12 12 12 12 13 16 19 23 26 31 34 36 36 33 28 23 16 10 13 30 38
295 296 296 296 297 298 299 303 305 305 305 307 306 304 306 310 312 312 312 313 313 313 314 314 316 316 317 317 318 318 319 320 320 321 322 322 323 324 324 325 325 325 326 326 325 325 324 323 322 324 329 332 332 333 337 346 351 348 345 347 351 357 5 12 15 13 9 9 12 14 12 12 13 12 11 11 10 10 12 15 18 22 25 27 30 33 34 33 28 21 16 16 17 24 39 43
296 297 297 297 298 298 299 300 302 304 307 310 311 308 308 310 312 312 313 314 315 315 315 316 317 317 317 318 319 319 320 321 321 322 323 324 324 325 325 326 326 327 327 328 328 328 327 327 326 325 327 328 328 331 337 346 349 345 343 346 350 357 5 13 16 15 11 10 12 13 12 11 10 10 9 9 10 11 15 18 20 23 26 28 29 31 31 28 22 17 17 21 25 32 42 44
298 298 298 298 299 299 299 300 302 305 309 314 314 312 310 310 312 313 314 315 315 315 316 317 317 318 318 318 319 320 321 322 322 323 324 325 325 326 327 327 328 328 329 329 330 330 330 329 329 328 327 325 323 326 335 344 345 342 342 345 350 357 4 11 15 16 14 12 12 11 10 9 8 8 7 8 11 14 17 19 22 25 29 31 31 31 27 23 19 17 18 25 32 38 43 45
301 300 299 300 300 300 301 302 303 305 309 313 315 314 313 311 312 313 315 316 316 316 317 317 318 318 319 319 320 321 322 323 323 324 325 326 326 327 328 329 329 330 330 331 331 331 332 331 331 330 329 327 323 325 334 342 342 340 342 346 351 356 1 7 13 16 16 14 10 8 8 8 7 6 6 9 13 16 18 20 23 26 30 33 33 31 27 19 18 19 22 33 41 42 44 46
303 302 300 300 301 302 303 303 304 305 308 311 314 316 316 314 313 314 316 317 317 318 318 319 320 319 319 320 321 322 323 324 324 325 326 327 328 328 329 330 330 331 332 332 333 333 333 333 333 332 331 330 327 327 335 342 342 341 343 346 350 354 1 8 16 20 17 11 7 6 7 7 6 5 6 10 13 15 17 20 24 27 30 31 30 28 23 17 18 25 32 40 43 45 47 48
306 304 301 301 302 303 302 302 303 305 306 310 315 318 318 316 315 316 317 318 319 319 319 319 321 320 320 321 322 323 324 325 325 326 327 328 329 330 330 331 332 332 333 334 334 335 335 335 335 334 333 331 328 328 333 340 344 345 345 345 348 356 9 21 24 20 11 4 3 4 6 6 6 5 5 9 11 12 14 18 23 26 28 28 26 24 21 19 23 30 37 42 44 47 50 51
311 307 304 304 303 303 303 302 302 303 305 308 314 319 318 317 317 317 318 318 320 321 321 320 321 321 321 322 323 324 325 326 326 327 328 329 330 331 332 332 333 334 335 335 336 336 337 337 337 336 335 333 330 328 330 335 341 346 347 346 349 4 18 20 15 9 2 359 1 2 4 6 6 6 5 6 8 10 13 19 24 26 26 25 24 23 22 24 28 33 38 42 46 50 53 55
315 310 305 305 304 305 307 307 305 306 307 309 314 318 319 318 318 318 319 319 322 325 324 323 323 322 322 324 325 325 326 327 327 328 329 330 331 332 333 334 334 335 336 337 337 338 338 339 339 338 338 336 333 330 329 329 332 341 347 350 356 4 8 8 7 5 2 360 0 1 2 5 6 6 4 3 5 9 13 19 23 22 20 17 19 24 26 28 33 36 39 43 47 51 56 60
319 314 310 308 306 308 312 312 308 307 309 312 315 318 320 319 318 319 320 320 323 327 327 326 326 325 323 323 323 325 326 327 328 329 330 331 332 333 334 335 336 337 337 338 339 339 340 340 341 340 340 339 338 335 332 328 326 330 342 352 356 356 356 360 3 5 5 3 2 1 1 4 5 4 2 3 4 7 11 14 15 14 12 10 19 31 34 34 37 39 41 44 49 52 55 60
317 316 317 318 316 316 322 323 314 309 311 314 317 319 321 321 320 320 321 320 322 325 327 328 330 330 327 323 323 324 326 327 329 330 331 332 333 334 335 336 337 338 339 340 340 341 342 342 342 343 343 342 342 340 338 335 331 329 335 346 350 348 348 352 358 4 6 5 3 2 2 3 4 2 2 3 4 5 6 8 8 9 11 16 33 44 41 37 39 41 43 46 51 52 53 55
310 311 313 317 317 318 327 332 322 317 321 325 326 326 327 327 325 322 321 322 322 323 325 327 332 335 331 325 324 324 325 327 329 330 332 333 334 335 336 337 338 339 340 341 342 343 343 344 344 345 345 345 345 344 344 342 341 340 340 343 345 342 340 344 351 359 3 3 3 3 4 5 4 2 2 3 3 2 2 4 7 11 21 34 47 50 40 37 40 42 44 47 49 49 51 50
308 307 304 304 304 306 318 327 320 317 323 330 331 332 333 333 331 327 324 324 324 323 323 324 331 338 333 329 328 328 327 327 329 330 332 334 335 336 337 338 340 341 342 343 343 344 345 346 346 347 347 347 348 348 348 348 348 348 348 348 348 344 339 337 341 348 354 357 359 2 5 5 4 2 3 5 4 1 359 2 9 21 33 44 51 47 38 39 42 43 44 44 45 44 45 44
309 309 305 302 298 295 301 310 308 305 310 318 321 325 329 331 331 330 329 329 327 325 324 325 332 337 334 333 334 333 332 331 330 330 332 334 336 337 339 340 341 342 343 344 345 346 347 347 348 349 349 350 350 351 351 352 352 353 353 353 353 351 349 346 344 342 342 346 350 355 359 3 4 3 4 6 5 1 359 5 16 30 38 47 49 40 36 39 43 45 44 43 42 38 37 36
311 311 309 307 303 300 301 304 301 296 296 301 307 312 317 322 325 327 329 332 332 329 327 329 334 336 333 333 336 337 337 336 334 332 333 334 336 338 340 341 342 343 344 345 346 347 348 349 350 350 351 352 352 353 354 354 355 356 357 357 357 357 356 356 354 352 347 344 343 342 345 355 3 4 5 6 5 2 2 11 23 32 39 44 43 35 35 40 45 45 42 42 43 39 36 28
315 313 311 310 307 305 305 305 302 299 300 305 309 313 315 318 321 322 324 329 331 332 332 333 336 337 334 332 336 338 340 340 339 337 336 336 337 338 340 342 343 344 346 347 348 349 350 351 351 352 353 354 355 355 356 357 358 358 359 360 0 1 1 1 0 359 357 354 350 344 338 342 355 0 2 3 4 3 5 14 25 31 35 39 37 35 37 42 45 43 39 39 42 42 31 21
318 315 312 311 308 305 305 304 303 304 307 309 313 316 318 320 322 322 323 325 327 329 331 333 336 337 336 334 335 338 341 342 342 341 341 340 340 340 341 342 344 346 347 348 349 350 351 352 353 354 355 356 356 357 358 359 360 1 1 2 3 3 4 4 4 3 2 1 359 357 353 349 348 350 354 358 360 3 7 15 23 25 30 34 35 38 41 43 44 42 38 33 31 28 23 21
324 318 311 310 306 302 303 303 304 306 309 311 313 316 318 321 323 324 325 326 326 327 329 331 334 336 336 335 336 338 341 342 343 343 344 344 343 342 342 343 345 347 348 349 351 352 353 354 354 355 356 357 358 359 360 1 2 3 3 4 5 6 6 6 6 6 6 5 5 4 2 358 353 347 346 350 354 1 7 12 16 21 30 36 37 39 41 42 43 44 43 31 22 24 25 27
339 326 310 306 302 299 300 302 303 306 309 312 315 317 319 322 324 325 325 327 328 329 330 331 334 336 335 333 335 338 341 343 344 345 345 345 344 343 344 345 346 348 350 351 352 353 354 355 356 357 358 359 360 1 2 3 4 4 5 6 7 8 8 8 9 9 9 8 8 7 5 3 360 353 346 344 347 354 2 8 13 23 37 43 46 46 46 47 48 51 48 32 22 28 31 35
5 345 308 296 295 295 296 298 301 306 311 315 317 318 320 322 324 325 326 327 329 330 331 332 336 339 335 332 333 336 341 344 346 346 346 346 345 345 345 346 347 350 351 352 353 354 355 356 357 358 359 0 1 2 3 4 5 6 7 8 9 9 10 10 11 11 11 11 10 10 8 7 4 0 353 345 342 346 355 7 18 31 44 51 52 54 56 53 51 45 32 19 19 28 33 37
40 31 302 282 286 289 292 297 303 310 316 319 320 320 321 323 325 326 327 328 330 331 331 333 339 341 337 334 333 336 341 345 347 348 348 350 349 349 348 347 348 351 352 354 355 356 357 358 359 359 0 1 2 3 4 5 6 7 8 9 10 11 11 12 12 13 13 13 12 12 10 9 8 5 360 352 344 341 347 5 24 34 42 46 43 42 44 41 33 27 22 18 20 29 32 35
58 59 4 295 288 293 300 305 309 316 322 323 323 323 324 325 326 327 328 329 330 331 331 334 340 341 339 338 338 339 342 344 347 349 350 351 353 353 352 350 350 351 353 355 356 357 359 359 360 0 1 2 3 4 5 7 8 9 10 11 12 12 13 14 14 14 14 14 14 14 12 11 11 9 5 359 351 343 343 1 23 30 32 32 31 31 32 28 24 22 22 24 27 31 33 34
56 48 2 320 311 318 323 323 322 325 329 329 327 326 326 327 328 329 329 330 331 331 332 335 339 340 338 339 341 342 342 342 346 350 352 354 355 357 357 356 354 353 354 356 358 359 0 1 1 0 1 2 3 5 6 8 9 10 11 12 13 14 14 15 15 16 16 16 16 15 14 13 13 11 8 4 357 350 346 356 13 20 21 23 26 28 28 23 21 24 28 31 33 33 35 39
59 45 340 320 319 328 343 343 338 338 338 336 331 329 328 328 329 329 330 331 331 332 332 335 339 339 336 338 341 343 342 342 345 349 353 357 358 358 359 0 0 359 359 0 1 1 3 4 3 360 358 360 3 5 7 9 10 11 12 13 14 15 16 16 17 17 17 17 17 17 16 15 15 14 11 8 3 356 351 353 360 9 17 22 26 28 24 21 22 27 31 34 37 36 37 42
63 36 326 320 323 339 355 356 353 350 348 343 336 332 330 330 330 330 330 330 330 331 332 336 340 339 336 338 341 343 343 342 343 345 351 358 0 0 0 2 4 4 4 5 5 4 4 4 4 1 358 358 1 4 7 9 11 12 13 14 15 16 17 17 18 18 19 19 19 18 18 17 16 15 14 11 7 1 355 351 351 1 15 23 26 24 22 21 23 28 32 35 37 37 37 41
350 344 334 330 334 344 355 1 2 360 355 346 338 333 331 331 331 329 329 329 329 330 332 335 339 339 338 340 342 344 344 345 346 346 349 354 359 1 1 3 4 5 4 4 4 4 3 3 3 5 5 4 2 4 7 11 12 13 14 15 16 17 18 18 19 20 20 20 20 20 19 18 18 17 16 14 10 5 359 352 347 354 9 19 22 22 23 24 26 31 35 38 40 40 41 44
320 328 336 339 343 349 358 7 10 5 355 345 340 335 332 331 331 329 328 328 328 329 331 333 336 337 339 341 343 345 347 349 350 352 353 354 356 358 0 3 4 3 2 2 2 3 4 3 4 7 10 10 9 8 10 12 14 15 16 16 17 18 19 19 20 21 21 21 21 21 21 20 19 19 18 16 12 8 2 354 347 350 1 12 20 22 26 30 33 37 40 43 45 46 47 48
296 304 324 329 337 351 11 20 11 358 348 345 342 337 335 334 333 330 328 327 326 326 327 329 332 336 338 341 343 345 348 351 353 356 358 358 358 359 360 0 1 1 3 3 4 6 7 7 7 9 11 15 16 15 13 14 15 16 17 17 18 19 20 20 21 22 22 22 22 22 22 21 21 20 19 18 14 10 5 357 348 348 356 8 20 24 28 33 36 39 42 45 47 49 48 48
288 292 306 310 318 356 32 15 353 346 346 347 343 339 337 337 336 331 326 324 322 320 319 320 327 336 340 342 343 345 348 351 353 355 358 0 3 4 4 1 360 360 2 5 7 8 10 10 11 11 12 16 18 18 16 16 16 17 18 18 19 20 20 21 22 23 23 23 24 24 23 23 22 22 21 19 17 13 8 359 348 344 350 4 20 28 33 36 39 41 44 47 48 45 41 40
292 291 286 292 314 352 3 352 345 345 349 348 342 341 339 339 340 334 328 324 322 319 314 317 327 339 345 345 347 349 350 351 352 351 353 358 3 5 7 7 4 1 2 6 9 11 12 13 15 16 15 16 18 20 20 19 19 19 19 19 19 20 21 22 23 23 24 24 25 25 25 24 24 23 22 21 19 16 11 2 348 337 338 353 18 31 37 41 45 49 51 50 48 43 38 39
317 308 307 322 336 347 351 350 350 351 353 345 341 344 343 345 345 338 331 326 325 323 322 328 339 347 349 349 351 353 353 353 353 352 351 353 358 3 7 10 9 7 4 6 9 12 14 16 18 18 17 16 17 19 20 21 22 22 20 19 19 20 21 22 23 24 25 26 26 26 26 26 25 25 24 23 22 20 15 8 353 334 326 340 15 35 42 47 50 54 55 53 51 52 57 65
347 338 332 338 342 345 348 353 358 357 349 344 345 348 349 350 348 339 330 326 326 326 330 339 352 356 354 353 354 355 356 356 356 356 355 354 353 358 6 11 13 12 9 8 9 12 16 19 19 19 18 17 15 15 17 20 23 26 24 18 16 18 21 23 24 25 26 27 27 27 27 27 27 27 26 26 25 23 20 14 4 346 328 330 33 60 62 60 58 61 61 58 58 63 69 78
345 343 342 343 342 343 345 352 359 354 348 348 351 352 355 354 348 340 329 322 324 330 340 353 2 3 360 357 357 357 358 357 358 359 359 358 357 357 3 10 14 14 13 11 11 12 16 20 21 20 19 16 14 13 15 21 25 27 24 15 12 16 21 23 25 26 27 28 28 28 29 29 29 29 28 28 28 26 24 21 16 6 353 358 57 83 82 76 72 73 70 63 66 70 70 74
339 343 349 349 346 344 344 349 355 353 351 355 359 359 358 355 349 343 330 320 327 339 355 6 10 8 4 1 359 360 359 359 360 360 0 1 1 0 0 5 12 16 16 15 13 13 17 21 24 23 20 17 15 13 15 19 22 20 19 17 13 15 20 24 26 27 28 29 29 30 30 30 30 30 30 30 30 29 29 28 26 22 17 23 51 73 81 81 82 82 76 73 80 82 82 84
334 341 348 350 351 349 348 350 356 359 358 359 2 1 359 354 349 345 336 334 337 354 10 17 17 13 8 4 2 2 1 1 1 0 0 2 3 3 2 2 10 18 20 19 17 17 19 24 27 28 25 19 15 13 12 13 15 17 21 23 20 18 21 25 27 28 29 30 30 31 31 32 32 32 32 32 32 33 33 33 33 33 35 43 62 76 84 88 87 84 81 86 92 92 92 94
327 333 342 347 348 349 350 354 359 3 3 2 0 359 0 358 351 345 342 345 356 9 18 23 22 17 11 7 5 4 4 3 1 359 360 2 4 5 4 3 7 15 22 24 22 22 23 25 27 30 28 20 14 13 10 8 14 23 29 31 28 24 24 26 28 29 30 31 31 32 33 33 33 34 34 34 35 36 36 37 38 41 45 55 73 86 92 94 92 86 85 88 91 91 91 93
317 325 336 340 341 343 349 355 359 0 1 2 1 0 1 360 356 352 350 360 15 21 26 27 24 18 12 9 8 9 9 5 360 357 359 3 5 5 5 5 5 9 18 23 24 23 23 22 24 24 22 17 12 14 14 14 21 30 34 35 33 29 27 28 30 30 31 32 33 33 34 34 35 35 36 36 37 38 39 40 42 45 49 56 67 80 88 91 87 84 83 83 83 84 84 85
307 315 330 334 333 336 342 349 352 352 353 358 2 5 4 2 4 6 5 16 29 37 40 38 28 18 12 10 10 12 9 4 360 359 1 4 6 5 6 6 4 5 11 18 21 20 20 18 17 15 16 19 18 17 20 21 23 28 32 34 34 31 30 30 31 32 32 33 34 35 35 35 36 37 38 38 39 40 41 42 44 47 50 55 61 68 75 79 79 77 77 77 77 77 77 78
300 307 322 330 332 336 340 342 340 338 340 351 8 17 18 17 19 22 23 32 51 62 62 51 29 15 11 10 10 7 4 4 5 6 6 6 6 5 6 6 4 2 4 11 15 16 16 15 13 14 19 26 26 23 25 26 27 30 32 34 35 33 32 32 33 33 34 35 35 36 36 37 38 38 39 40 41 42 43 44 46 48 51 54 58 62 66 69 71 71 71 71 72 72 72 72
298 303 315 325 332 340 345 345 338 332 333 351 28 28 24 23 25 31 40 53 69 74 71 53 17 6 7 9 8 4 3 8 13 13 11 8 6 5 5 6 5 2 1 6 10 13 15 16 18 24 31 34 33 29 28 30 32 33 34 36 37 35 35 34 34 34 35 36 36 37 37 38 39 40 41 41 42 43 44 46 47 49 51 54 57 59 62 64 65 66 67 67 67 68 68 68
290 293 301 309 321 335 347 352 351 348 349 23 76 72 62 52 47 66 77 73 69 62 46 18 1 4 9 10 10 9 10 13 16 16 15 11 8 5 3 3 4 3 1 4 9 13 17 23 30 35 36 36 35 33 31 32 34 34 34 36 37 38 39 37 36 36 36 37 37 38 39 40 41 41 42 43 44 45 46 47 48 50 52 54 55 57 59 61 62 63 64 64 64 65 65 66
280 279 278 284 293 300 315 349 12 42 67 89 100 103 97 93 99 100 95 81 53 27 11 8 10 15 18 16 16 17 16 16 16 16 15 12 9 6 3 0 2 2 1 3 9 14 18 24 30 33 33 33 33 33 32 32 33 34 34 34 35 36 39 40 40 39 38 38 39 40 41 42 42 43 44 44 45 46 47 48 49 50 52 53 55 56 58 59 60 61 61 62 62 63 63 64
284 282 277 277 277 270 247 191 135 114 108 106 108 112 117 112 105 99 85 52 20 5 7 22 34 33 30 25 24 25 24 23 20 16 12 9 8 8 5 0 359 0 360 1 6 13 18 23 27 29 31 31 31 31 31 31 32 35 35 32 31 33 36 38 40 40 40 39 40 42 42 43 44 45 46 46 47 48 48 49 50 51 52 53 54 55 57 58 59 59 60 60 61 61 62 63
295 294 288 283 277 260 217 172 127 106 95 87 84 83 83 76 53 44 34 14 1 2 24 47 52 47 41 37 35 36 36 32 27 18 9 5 5 6 6 2 359 358 358 358 3 12 19 23 25 27 29 30 30 31 32 32 31 33 34 33 31 32 35 37 38 38 38 39 41 44 46 46 47 47 47 48 49 49 50 51 51 52 53 54 54 55 56 57 57 58 59 59 60 60 61 61
310 309 304 299 298 313 6 77 73 69 65 60 52 40 25 18 17 17 13 6 4 23 53 60 56 52 53 52 49 45 40 34 28 20 9 0 359 360 3 3 359 357 357 357 359 7 15 19 22 24 27 29 29 30 31 31 30 32 33 33 31 31 33 37 38 38 38 40 42 47 50 51 51 50 50 51 51 52 52 52 52 53 53 54 54 55 56 56 57 57 58 58 58 59 59 60
329 329 329 330 340 3 19 29 40 49 49 41 29 14 5 6 9 11 10 12 25 53 62 60 56 57 59 58 50 42 34 29 26 21 14 4 354 351 356 0 358 355 354 354 355 359 9 16 21 24 27 29 29 28 29 30 30 31 32 32 31 30 31 35 38 39 39 39 41 44 51 55 56 55 55 55 55 55 55 54 55 54 54 55 55 55 55 56 56 57 57 57 58 58 59 59
350 350 353 357 3 16 26 37 45 46 44 33 18 3 355 358 8 15 24 45 60 59 54 53 54 53 51 47 42 36 30 28 25 23 20 11 357 346 348 354 355 353 351 350 351 354 3 13 20 24 26 27 29 28 29 30 30 31 32 33 33 33 33 35 37 39 38 37 37 40 46 53 58 62 65 65 63 61 59 58 57 56 56 55 55 55 56 56 56 57 57 57 57 58 58 59
8 9 11 15 20 27 35 44 46 42 44 39 19 2 356 0 20 45 64 70 64 54 49 48 47 42 40 41 40 35 32 29 23 24 24 15 1 350 346 349 352 351 349 347 347 350 357 6 14 20 23 25 26 28 29 30 30 31 33 34 35 34 35 37 38 39 38 36 35 38 43 47 51 57 62 66 68 67 67 66 63 60 58 57 56 56 56 56 57 57 57 57 57 58 58 58
