windninja/windninja_output/Output_2025-08-24_2000-2050_Google earth_Fire_150m_10min/merlingen_7.5mi_point_08-24-2025_2040_150m_ang.asc
ncols	158
nrows	163
xllcorner	391686.332397
yllcorner	5160024.123721
cellsize	150.000000
NODATA_value	-32768.000000
[rows 42 to 83 of 163, columns 0 to 93 of 158]
309 309 308 307 305 304 304 303 302 302 302 301 301 301 300 300 300 300 300 300 300 301 301 301 301 302 303 304 305 303 300 298 298 299 301 303 302 302 302 302 300 297 297 300 303 304 302 298 298 298 294 293 298 301 295 288 284 283 279 274 273 278 281 280 283 289 292 292 294 296 291 288 292 301 301 300 310 327 315 295 287 286 285 286 290 291 288 286 288 290 289 283 275 275
310 310 309 307 306 305 304 304 302 302 302 302 301 301 300 300 300 300 300 300 300 300 301 301 301 301 302 303 304 303 300 298 299 303 307 310 309 306 304 302 297 293 294 297 297 297 293 290 291 294 292 290 292 294 291 285 279 276 274 274 278 285 287 286 286 291 297 298 297 298 296 294 297 302 302 303 311 325 314 297 290 289 291 292 291 285 276 275 280 285 287 285 280 279
311 310 309 308 307 306 305 304 303 303 303 302 301 301 301 300 300 300 300 300 300 301 301 301 300 301 302 302 303 302 300 299 301 304 308 312 309 303 299 297 294 293 294 293 290 287 287 290 294 296 295 291 289 289 285 279 276 274 276 280 284 288 291 293 294 294 296 298 299 301 300 297 296 299 299 299 308 319 304 294 292 295 295 291 284 272 268 271 275 280 284 285 284 282
312 311 310 308 307 306 305 305 304 303 303 303 302 302 301 301 301 301 300 300 301 301 301 301 301 301 301 301 301 302 301 301 302 305 308 309 306 302 298 298 297 295 292 289 287 287 289 294 297 297 293 287 282 280 277 273 273 276 283 287 290 293 297 300 299 297 294 293 296 298 295 292 290 289 287 286 294 305 296 295 297 297 292 282 271 266 269 272 273 276 280 286 286 282
313 312 311 309 308 306 305 305 305 304 303 303 303 302 302 302 301 301 301 300 301 301 300 301 301 301 301 301 301 301 301 301 302 305 307 307 306 304 302 301 300 295 290 286 286 290 294 296 296 293 287 281 274 271 272 272 275 283 290 295 297 298 300 302 299 296 293 289 290 293 290 288 284 280 276 273 276 293 295 294 294 290 283 274 268 270 274 275 273 273 278 285 286 281
313 312 311 309 307 305 305 305 305 305 304 304 304 303 302 302 302 301 301 300 300 300 300 300 300 300 300 300 301 301 301 301 302 303 305 306 305 304 304 302 300 296 290 287 289 294 296 295 291 288 283 275 268 270 274 277 283 289 295 300 302 299 298 297 295 291 288 286 287 290 288 285 281 276 270 265 268 285 290 287 284 281 277 274 274 276 278 277 275 275 279 283 283 279
312 312 311 310 307 303 304 306 306 305 304 304 304 303 302 302 302 301 301 300 300 301 300 300 300 300 300 300 301 301 301 301 302 303 304 306 304 303 303 302 300 296 292 291 295 296 295 292 288 284 277 268 269 273 278 284 290 295 299 303 304 297 292 290 289 287 286 286 286 286 284 282 279 273 266 261 267 279 284 282 280 280 280 280 280 281 280 280 280 281 279 277 277 276
311 312 312 311 306 303 303 306 307 306 305 305 304 303 303 302 302 301 301 301 301 301 301 300 300 300 301 301 300 301 301 301 302 302 304 306 305 304 304 303 300 296 295 298 298 295 292 289 285 279 270 269 276 282 287 292 295 298 300 301 300 293 286 284 286 287 286 286 285 284 282 280 276 270 265 265 273 280 282 281 281 281 283 284 284 283 283 284 285 283 277 271 270 271
310 312 314 312 307 304 304 305 307 307 306 305 305 304 303 303 302 302 302 301 301 301 301 301 300 300 301 301 300 301 301 301 301 302 303 305 305 304 304 303 301 299 299 302 299 293 289 284 279 271 268 276 284 290 295 297 298 298 297 295 292 286 282 282 286 288 287 285 284 282 280 277 273 269 269 273 278 280 280 280 281 282 283 284 285 286 287 287 283 279 273 267 264 264
310 312 316 313 308 307 306 305 307 308 308 306 305 305 304 303 302 302 302 302 302 301 301 301 301 300 301 301 300 301 301 301 301 301 302 303 304 303 303 303 301 300 301 303 300 293 287 281 273 272 281 288 291 294 297 298 296 293 290 287 284 282 281 283 286 287 287 285 283 281 279 275 273 272 274 278 280 280 280 279 279 278 280 283 286 287 287 284 279 275 270 264 259 258
309 313 317 313 308 307 307 304 306 309 309 307 306 305 304 303 303 303 302 302 302 301 301 301 301 300 300 300 300 300 300 301 301 301 302 302 302 303 303 304 302 300 301 303 300 293 287 282 280 289 297 298 296 297 298 295 292 288 283 281 281 283 283 283 286 288 287 285 282 280 279 277 276 276 277 279 280 282 282 280 276 274 277 281 285 286 285 282 278 273 267 262 258 257
310 312 317 315 309 309 309 305 304 307 309 307 306 305 304 304 303 303 302 302 302 301 301 301 301 301 301 300 300 300 300 300 301 301 301 301 302 302 303 305 304 301 301 303 301 294 290 293 296 299 301 299 297 297 295 292 290 285 280 279 282 284 284 283 286 289 289 286 282 281 281 280 278 277 278 279 280 281 282 281 277 275 276 279 281 284 285 283 277 271 266 264 261 261
311 311 315 317 311 310 311 306 302 303 307 307 306 306 305 304 304 303 303 302 302 302 302 301 301 301 301 301 300 300 300 300 300 301 301 301 301 302 302 304 304 301 299 300 300 297 296 302 302 300 299 296 296 294 291 289 288 285 282 282 285 286 285 285 287 291 292 290 285 284 283 280 276 276 278 279 280 281 283 284 283 280 279 278 278 280 283 283 277 271 268 268 269 270
312 310 311 313 309 307 308 307 301 300 304 306 306 306 305 304 304 303 303 303 302 302 302 301 301 301 301 301 300 300 300 300 300 300 300 301 301 301 301 302 302 300 297 297 299 301 302 305 304 301 300 297 295 293 289 287 287 286 286 287 289 290 287 285 287 291 293 293 288 283 278 273 275 279 280 280 281 283 285 287 288 285 281 278 277 275 276 277 276 272 271 273 277 281
311 309 308 309 307 304 305 306 302 299 302 305 306 306 306 304 303 303 303 303 302 302 302 302 302 301 301 301 301 300 300 300 300 300 300 300 300 300 301 301 300 299 298 299 301 304 306 306 305 304 303 297 294 292 287 285 287 288 290 292 293 291 286 282 283 288 290 290 285 277 269 273 279 282 283 283 284 286 287 288 289 286 282 279 277 274 269 267 268 270 274 280 290 296
311 310 308 308 309 307 306 307 306 302 303 306 305 305 306 305 304 304 303 303 302 302 302 302 302 302 301 301 301 300 300 300 300 300 300 300 300 300 300 300 300 300 300 301 301 303 305 305 305 306 305 296 293 291 286 285 290 293 294 295 293 290 284 279 277 282 287 286 279 273 274 281 283 284 284 287 288 288 289 289 287 284 281 278 275 271 266 263 264 270 280 293 303 303
310 310 309 308 308 308 307 308 308 305 305 306 304 302 304 305 305 304 304 303 303 302 302 302 302 302 301 301 301 301 300 300 300 300 300 300 300 300 300 300 300 300 300 301 301 301 302 304 304 307 307 299 294 291 286 286 293 295 295 294 292 288 283 278 275 277 283 284 279 278 283 285 284 285 287 289 290 290 289 287 284 281 278 275 271 268 266 267 271 282 292 298 303 300
310 310 309 308 307 306 305 306 307 305 305 306 303 300 302 304 305 304 304 304 303 302 302 302 302 302 301 301 301 301 300 300 300 300 300 300 300 300 300 300 300 300 300 300 300 300 301 303 305 309 312 305 296 292 287 286 293 295 294 292 290 287 282 277 273 275 281 284 282 282 285 286 286 288 289 290 290 289 286 283 280 277 274 271 268 267 268 275 285 294 296 295 294 292
309 309 308 307 306 305 304 303 303 304 305 308 307 303 302 303 304 305 305 304 304 303 303 303 302 302 301 301 301 301 300 300 300 300 300 300 300 300 300 300 300 300 300 300 300 301 301 303 305 309 314 309 298 291 287 286 291 294 293 291 289 286 281 276 273 274 278 282 282 283 285 287 288 289 291 291 289 286 282 278 277 274 272 269 267 268 274 284 293 296 295 290 287 279
311 310 308 307 306 304 303 302 303 304 307 310 310 307 303 302 303 304 305 305 304 304 303 302 302 302 301 301 301 301 301 300 300 300 300 300 300 300 299 299 299 299 300 300 300 300 301 302 304 308 312 309 299 292 287 287 290 291 290 289 287 284 281 278 275 274 274 277 283 286 287 289 290 290 291 290 286 282 279 277 275 273 270 268 269 273 283 291 295 295 293 287 278 263
312 311 308 307 306 305 304 303 303 304 306 309 310 308 305 302 302 303 304 305 305 304 303 302 302 301 301 301 301 301 301 301 300 300 300 300 300 300 299 299 299 299 299 300 300 300 301 302 303 305 310 310 302 295 291 290 290 289 289 288 287 286 284 281 277 273 271 277 286 289 289 290 290 291 291 288 283 279 278 276 274 271 269 270 274 280 289 296 295 292 288 278 262 251
313 311 308 306 306 305 305 303 303 303 305 307 309 309 308 305 302 302 303 304 305 305 304 303 303 302 301 301 302 301 301 301 300 300 300 300 300 300 299 299 299 299 299 299 300 300 300 301 302 303 307 309 303 299 298 295 290 289 289 289 290 289 285 279 274 271 271 283 289 291 291 290 290 291 291 287 283 281 279 276 273 271 270 275 281 287 294 297 293 286 274 263 253 244
316 312 307 305 304 304 303 302 302 302 302 305 309 311 309 307 305 303 302 303 304 305 304 304 304 302 301 301 301 301 301 301 301 300 300 300 300 300 299 299 299 299 299 299 299 300 300 300 301 302 304 306 304 301 303 300 292 289 290 292 292 288 278 270 272 274 282 291 293 292 292 291 290 291 291 288 286 284 281 276 273 272 276 281 287 292 293 293 288 275 262 254 245 239
320 315 309 306 305 304 303 300 299 300 301 303 308 311 309 308 307 304 302 301 302 304 304 304 304 303 301 301 302 301 301 301 301 300 300 300 300 300 299 299 299 299 299 299 299 299 300 300 300 301 302 303 303 301 303 304 296 290 290 290 289 282 273 274 280 286 293 296 295 293 292 290 289 289 291 291 288 285 281 276 274 278 284 289 292 292 290 286 276 262 253 245 238 235
322 316 309 306 305 305 306 304 301 301 302 303 306 310 310 308 307 306 304 302 302 304 303 303 304 304 302 302 302 301 301 301 301 300 300 300 300 300 300 299 299 299 299 299 299 299 299 299 300 300 300 301 301 300 302 304 299 292 287 285 284 285 286 287 288 291 294 296 295 294 293 290 288 289 292 292 290 285 281 278 281 288 294 297 293 288 284 277 262 251 243 236 232 229
323 318 312 308 305 306 310 308 303 302 303 305 306 309 310 309 307 307 306 304 304 304 303 303 304 303 302 301 301 301 301 301 301 301 300 300 300 300 300 299 299 299 299 299 299 299 299 299 299 299 299 300 299 299 300 300 298 293 286 282 286 296 295 292 290 289 290 292 294 294 293 291 288 289 291 291 290 287 286 288 292 295 296 295 289 281 273 260 251 243 235 229 226 224
319 317 316 316 313 313 318 316 306 302 303 306 307 308 310 310 307 307 307 305 304 304 303 303 304 303 300 299 299 300 301 301 301 301 301 300 300 300 300 300 299 299 299 299 299 299 299 299 299 299 299 298 298 298 298 298 296 293 288 285 289 297 297 294 291 289 288 290 293 294 293 290 287 288 289 289 289 290 292 294 294 293 288 284 281 274 262 250 244 236 229 223 222 225
311 310 312 314 312 313 321 324 313 308 311 314 314 313 313 313 310 307 307 306 304 303 302 302 303 301 297 296 299 300 301 301 301 301 301 301 300 300 300 300 299 299 299 299 299 299 298 298 298 298 298 298 298 297 297 296 295 294 292 289 291 296 296 294 291 289 289 291 292 292 291 289 288 289 290 289 289 292 296 295 292 287 278 274 279 273 258 246 238 229 223 219 223 228
306 305 303 302 300 301 311 319 312 308 312 318 317 316 316 315 312 308 306 306 305 303 302 301 302 301 295 295 299 300 301 302 302 302 301 301 301 300 300 300 300 299 299 299 299 298 298 298 298 298 298 297 297 297 296 296 295 294 293 292 293 294 294 291 290 290 291 290 290 290 290 289 288 289 290 288 289 294 297 294 287 279 274 276 279 271 254 241 232 224 219 220 226 231
305 305 302 299 295 291 296 304 302 298 299 304 305 307 309 311 310 307 306 306 305 303 302 301 305 307 299 296 298 300 301 301 302 302 302 301 301 301 300 300 300 299 299 299 299 298 298 298 298 298 297 297 297 296 296 295 295 294 294 293 293 293 292 292 291 292 291 290 289 291 293 290 287 287 288 287 289 293 295 289 282 276 278 282 277 264 246 234 225 222 221 226 232 235
305 305 304 302 298 295 296 299 297 290 287 290 293 296 298 302 304 304 305 306 306 305 303 303 308 311 303 297 296 298 300 301 301 302 303 302 302 301 301 300 300 299 299 299 299 298 298 298 298 297 297 297 296 296 296 295 295 294 294 294 293 293 293 293 293 292 292 291 291 293 294 291 285 283 286 287 288 289 291 286 282 282 286 284 274 252 236 227 224 226 228 233 238 242
305 305 304 303 301 299 299 299 296 292 290 292 295 297 298 300 301 301 302 304 305 305 305 306 309 311 305 298 295 296 298 299 300 301 303 303 302 302 301 300 300 300 299 299 299 298 298 298 297 297 297 297 296 296 296 295 295 295 294 294 294 293 293 293 293 293 292 292 293 293 293 290 286 284 287 289 289 288 289 287 286 290 290 282 265 242 227 223 228 232 234 239 245 256
305 304 303 303 301 299 298 297 295 295 296 296 298 299 301 302 302 302 302 303 303 303 303 304 307 310 307 301 296 295 296 298 299 301 304 304 303 302 302 301 300 300 299 299 298 298 298 298 297 297 297 297 296 296 296 295 295 295 294 294 294 294 293 293 293 293 293 293 293 293 293 292 291 293 294 294 293 291 291 293 294 294 287 274 252 231 223 226 234 237 242 246 254 280
304 302 300 301 299 297 297 297 296 297 298 298 299 300 301 303 303 303 303 303 303 302 301 301 304 308 306 302 298 296 296 297 298 298 301 303 303 302 302 302 301 300 299 299 298 298 298 297 297 297 297 297 296 296 296 296 295 295 294 294 294 294 293 293 293 293 293 293 293 293 293 293 295 297 299 297 296 296 297 300 298 291 280 261 238 223 224 232 237 243 253 261 277 283
307 301 296 297 297 295 296 296 296 297 298 300 300 301 302 303 304 303 303 303 303 302 302 302 303 305 304 302 301 298 295 295 295 293 295 299 301 302 302 302 302 301 300 299 298 298 297 297 297 297 297 296 296 296 296 296 295 295 295 294 294 294 294 293 293 293 293 293 293 293 293 294 295 298 301 300 300 301 304 300 294 284 267 246 229 227 233 237 241 252 267 287 292 284
314 301 288 287 291 293 294 295 296 299 301 302 303 302 303 304 304 304 304 304 303 303 303 303 304 304 302 301 301 299 295 292 292 292 294 298 300 301 302 302 302 301 300 299 298 298 297 297 297 297 297 296 296 296 296 296 295 295 295 295 294 294 294 294 293 293 293 293 293 293 294 294 295 297 299 301 302 306 306 296 286 273 254 238 234 241 247 248 254 271 289 298 294 283
331 305 273 274 284 290 292 295 299 304 306 306 305 304 304 305 305 305 305 304 304 303 303 303 305 304 301 300 301 301 298 294 294 295 296 298 300 300 300 302 303 302 300 299 298 297 297 297 296 296 296 297 296 296 296 296 296 295 295 295 294 294 294 294 294 293 293 293 293 294 294 294 295 296 298 300 303 307 306 293 280 263 246 242 245 251 256 265 280 288 292 293 289 278
20 357 262 272 280 291 298 302 305 310 313 311 308 306 306 306 306 306 306 305 304 303 302 304 307 306 301 301 302 304 303 299 296 295 295 297 299 299 298 300 303 302 299 298 297 297 296 296 296 296 296 297 297 297 296 296 296 296 295 295 295 294 294 294 294 294 294 293 294 294 294 294 295 295 297 298 302 307 305 293 278 261 253 255 255 256 267 283 289 289 286 283 280 274
41 22 305 289 294 307 316 316 315 318 319 315 311 308 307 307 307 306 306 305 304 303 302 304 309 307 302 301 302 305 305 302 300 297 296 296 298 299 298 298 301 301 298 297 296 295 294 294 294 295 296 297 297 297 297 297 296 296 295 295 295 295 294 294 294 294 294 294 294 294 294 294 295 295 296 298 300 304 304 295 283 272 270 267 261 266 282 291 290 286 281 278 274 271
52 12 302 300 305 314 331 333 328 327 326 321 313 309 307 307 306 305 306 305 304 303 302 304 309 307 302 301 301 304 305 305 303 300 297 295 297 298 298 297 299 301 297 294 293 292 291 290 290 293 296 298 298 298 297 297 297 296 296 295 295 295 295 294 294 294 294 294 294 294 294 294 295 295 296 297 299 302 303 300 296 288 280 272 270 282 292 292 288 283 278 275 270 266
46 336 305 307 310 319 334 339 338 335 332 324 315 310 307 306 305 304 304 305 304 303 303 305 308 307 303 302 302 303 304 303 301 299 296 294 294 296 297 297 299 301 299 297 296 295 295 294 293 295 298 299 300 299 298 297 297 296 296 296 295 295 295 295 294 294 294 294 294 294 294 294 295 295 296 297 298 301 303 304 306 300 286 281 289 295 293 290 287 282 277 272 268 263
315 319 318 315 314 315 324 333 336 333 329 321 313 308 305 304 303 302 302 303 303 303 302 304 309 308 305 304 303 302 302 301 299 297 295 293 292 293 295 296 298 300 302 303 303 303 304 304 303 302 303 303 302 302 300 298 297 296 296 296 295 295 295 295 294 294 294 294 294 294 294 294 295 295 296 296 298 300 302 306 312 312 299 296 299 296 291 287 285 281 276 271 266 262
