windninja/windninja_output/Output_2025-08-24_2000-2050_Google earth_Fire_150m_10min/merlingen_7.5mi_point_08-24-2025_2030_150m_vel.asc
ncols	158
nrows	163
xllcorner	391686.332397
yllcorner	5160024.123721
cellsize	150.000000
NODATA_value	-32768.000000
[rows 114 to 151 of 163, columns 0 to 83 of 158]
0.09 0.14 0.21 0.26 0.31 0.34 0.34 0.35 0.35 0.36 0.43 0.56 0.58 0.49 0.56 0.64 0.46 0.22 0.18 0.28 0.46 0.70 0.77 0.56 0.50 0.57 0.57 0.53 0.51 0.50 0.54 0.71 0.81 0.83 0.75 0.54 0.37 0.27 0.20 0.14 0.11 0.13 0.18 0.19 0.14 0.10 0.09 0.08 0.07 0.07 0.06 0.04 0.06 0.10 0.14 0.15 0.14 0.13 0.14 0.13 0.11 0.09 0.09 0.09 0.10 0.13 0.16 0.21 0.26 0.29 0.30 0.32 0.35 0.37 0.43 0.50 0.54 0.54 0.56 0.63 0.73 0.74 0.65 0.62
0.07 0.14 0.22 0.27 0.31 0.33 0.35 0.34 0.33 0.37 0.48 0.56 0.51 0.46 0.59 0.71 0.54 0.25 0.17 0.21 0.36 0.55 0.71 0.74 0.69 0.61 0.54 0.51 0.56 0.50 0.43 0.61 0.84 0.90 0.73 0.49 0.33 0.24 0.17 0.10 0.08 0.12 0.15 0.14 0.11 0.07 0.06 0.06 0.05 0.04 0.04 0.02 0.02 0.07 0.13 0.16 0.15 0.14 0.14 0.14 0.12 0.10 0.09 0.09 0.08 0.10 0.13 0.18 0.22 0.26 0.30 0.33 0.36 0.37 0.38 0.46 0.54 0.57 0.55 0.59 0.71 0.77 0.71 0.68
0.05 0.13 0.23 0.28 0.31 0.32 0.34 0.35 0.37 0.44 0.55 0.54 0.42 0.40 0.61 0.80 0.59 0.24 0.16 0.18 0.31 0.43 0.56 0.73 0.78 0.69 0.55 0.52 0.64 0.52 0.37 0.51 0.78 0.92 0.76 0.47 0.29 0.18 0.13 0.09 0.08 0.10 0.11 0.10 0.08 0.05 0.03 0.04 0.02 0.01 0.01 0.02 0.02 0.05 0.12 0.16 0.16 0.15 0.15 0.15 0.14 0.11 0.10 0.09 0.08 0.08 0.10 0.14 0.19 0.24 0.28 0.32 0.37 0.40 0.38 0.41 0.49 0.57 0.58 0.57 0.66 0.74 0.70 0.69
0.05 0.13 0.23 0.28 0.32 0.32 0.32 0.34 0.43 0.53 0.60 0.49 0.32 0.33 0.62 0.85 0.63 0.24 0.18 0.22 0.27 0.38 0.46 0.60 0.75 0.79 0.66 0.60 0.72 0.56 0.38 0.43 0.63 0.86 0.79 0.44 0.23 0.13 0.12 0.12 0.11 0.11 0.11 0.11 0.09 0.06 0.04 0.04 0.04 0.04 0.04 0.04 0.04 0.05 0.10 0.17 0.18 0.17 0.16 0.16 0.15 0.13 0.12 0.10 0.08 0.07 0.08 0.11 0.15 0.21 0.25 0.30 0.36 0.42 0.45 0.43 0.45 0.54 0.60 0.60 0.65 0.71 0.67 0.64
0.06 0.12 0.22 0.29 0.33 0.33 0.31 0.35 0.45 0.55 0.62 0.50 0.29 0.30 0.57 0.85 0.76 0.35 0.23 0.25 0.26 0.33 0.40 0.48 0.59 0.72 0.71 0.72 0.80 0.72 0.52 0.44 0.53 0.76 0.80 0.68 0.50 0.33 0.27 0.26 0.23 0.20 0.17 0.15 0.13 0.12 0.10 0.08 0.08 0.07 0.07 0.07 0.08 0.08 0.10 0.16 0.20 0.19 0.18 0.18 0.16 0.14 0.13 0.12 0.10 0.07 0.06 0.08 0.12 0.17 0.22 0.26 0.32 0.39 0.47 0.50 0.48 0.51 0.58 0.62 0.68 0.72 0.67 0.61
0.07 0.11 0.22 0.32 0.34 0.32 0.33 0.38 0.47 0.52 0.60 0.55 0.31 0.30 0.48 0.78 0.87 0.53 0.27 0.26 0.27 0.29 0.34 0.42 0.49 0.55 0.58 0.63 0.76 0.81 0.73 0.61 0.60 0.72 0.78 0.81 0.77 0.64 0.56 0.52 0.47 0.38 0.31 0.26 0.24 0.21 0.16 0.13 0.12 0.11 0.11 0.11 0.11 0.11 0.12 0.16 0.20 0.21 0.20 0.20 0.18 0.16 0.14 0.13 0.12 0.09 0.06 0.05 0.08 0.13 0.18 0.22 0.27 0.33 0.42 0.51 0.54 0.54 0.57 0.61 0.67 0.72 0.69 0.63
0.08 0.12 0.22 0.34 0.36 0.33 0.36 0.42 0.49 0.49 0.54 0.60 0.39 0.28 0.41 0.69 0.90 0.71 0.35 0.25 0.27 0.29 0.31 0.38 0.44 0.47 0.49 0.52 0.59 0.68 0.73 0.70 0.66 0.71 0.75 0.78 0.80 0.76 0.67 0.65 0.68 0.63 0.54 0.46 0.40 0.34 0.29 0.24 0.21 0.18 0.16 0.15 0.15 0.14 0.14 0.16 0.21 0.23 0.22 0.21 0.20 0.18 0.16 0.15 0.13 0.11 0.09 0.06 0.05 0.09 0.14 0.18 0.22 0.27 0.35 0.46 0.55 0.59 0.60 0.62 0.65 0.70 0.68 0.65
0.09 0.12 0.22 0.34 0.40 0.38 0.43 0.50 0.54 0.46 0.47 0.65 0.47 0.25 0.34 0.62 0.90 0.83 0.48 0.28 0.26 0.29 0.32 0.36 0.42 0.43 0.43 0.45 0.52 0.59 0.62 0.66 0.68 0.69 0.75 0.76 0.72 0.72 0.60 0.55 0.65 0.72 0.68 0.56 0.47 0.42 0.37 0.32 0.28 0.24 0.21 0.19 0.18 0.17 0.17 0.18 0.22 0.24 0.24 0.23 0.22 0.20 0.18 0.17 0.15 0.13 0.11 0.07 0.05 0.06 0.10 0.15 0.18 0.22 0.27 0.36 0.48 0.59 0.65 0.67 0.68 0.70 0.68 0.66
0.10 0.13 0.21 0.30 0.39 0.44 0.52 0.61 0.63 0.49 0.46 0.69 0.54 0.24 0.26 0.49 0.84 0.91 0.59 0.35 0.27 0.29 0.32 0.35 0.41 0.40 0.37 0.40 0.51 0.56 0.52 0.59 0.66 0.65 0.71 0.74 0.66 0.69 0.61 0.48 0.51 0.62 0.71 0.63 0.48 0.40 0.35 0.31 0.30 0.28 0.25 0.23 0.21 0.20 0.19 0.20 0.24 0.26 0.26 0.25 0.24 0.21 0.19 0.18 0.16 0.15 0.13 0.09 0.06 0.05 0.06 0.10 0.15 0.18 0.22 0.28 0.37 0.51 0.64 0.72 0.75 0.74 0.70 0.68
0.09 0.13 0.20 0.24 0.32 0.42 0.51 0.64 0.74 0.64 0.56 0.76 0.60 0.23 0.22 0.38 0.69 0.93 0.79 0.52 0.39 0.33 0.32 0.35 0.39 0.37 0.33 0.37 0.48 0.48 0.42 0.50 0.60 0.60 0.66 0.72 0.65 0.70 0.70 0.53 0.47 0.54 0.70 0.76 0.61 0.45 0.37 0.33 0.32 0.31 0.29 0.27 0.25 0.23 0.21 0.20 0.22 0.26 0.25 0.25 0.25 0.22 0.21 0.19 0.17 0.17 0.15 0.11 0.07 0.04 0.04 0.07 0.11 0.15 0.18 0.21 0.27 0.37 0.50 0.65 0.78 0.83 0.78 0.73
0.11 0.15 0.20 0.22 0.27 0.37 0.45 0.56 0.74 0.74 0.75 0.85 0.57 0.25 0.22 0.33 0.51 0.79 0.93 0.77 0.57 0.43 0.34 0.33 0.35 0.33 0.30 0.34 0.40 0.34 0.34 0.47 0.56 0.56 0.62 0.70 0.64 0.64 0.71 0.61 0.50 0.50 0.62 0.80 0.79 0.61 0.46 0.39 0.37 0.36 0.36 0.34 0.30 0.27 0.25 0.24 0.24 0.27 0.26 0.23 0.24 0.25 0.23 0.21 0.19 0.18 0.16 0.13 0.09 0.05 0.04 0.05 0.07 0.10 0.14 0.17 0.19 0.25 0.35 0.47 0.63 0.80 0.86 0.81
0.14 0.18 0.22 0.22 0.26 0.35 0.42 0.50 0.67 0.73 0.84 0.98 0.70 0.32 0.27 0.32 0.39 0.53 0.78 0.92 0.89 0.64 0.44 0.34 0.31 0.29 0.27 0.28 0.26 0.25 0.33 0.47 0.56 0.52 0.57 0.67 0.62 0.58 0.66 0.64 0.53 0.48 0.53 0.71 0.84 0.75 0.59 0.48 0.43 0.41 0.40 0.38 0.36 0.32 0.30 0.29 0.31 0.34 0.34 0.28 0.25 0.26 0.25 0.23 0.22 0.21 0.18 0.14 0.11 0.07 0.04 0.04 0.05 0.07 0.09 0.12 0.14 0.17 0.23 0.31 0.40 0.60 0.82 0.88
0.15 0.19 0.24 0.23 0.26 0.34 0.41 0.48 0.59 0.67 0.81 1.06 0.97 0.52 0.39 0.35 0.33 0.38 0.52 0.76 0.92 0.87 0.56 0.36 0.34 0.33 0.29 0.26 0.25 0.29 0.36 0.50 0.61 0.54 0.52 0.64 0.65 0.54 0.55 0.58 0.52 0.45 0.47 0.59 0.80 0.83 0.71 0.60 0.53 0.47 0.43 0.40 0.38 0.36 0.33 0.31 0.33 0.37 0.39 0.36 0.31 0.29 0.27 0.25 0.24 0.23 0.20 0.16 0.13 0.09 0.05 0.05 0.06 0.07 0.08 0.09 0.10 0.12 0.14 0.20 0.27 0.40 0.63 0.82
0.16 0.20 0.25 0.23 0.25 0.33 0.42 0.49 0.53 0.60 0.73 1.00 1.13 0.91 0.68 0.45 0.30 0.34 0.45 0.59 0.75 0.87 0.79 0.64 0.59 0.53 0.42 0.32 0.28 0.30 0.37 0.50 0.70 0.70 0.61 0.62 0.63 0.56 0.48 0.49 0.47 0.40 0.39 0.48 0.69 0.84 0.77 0.66 0.58 0.52 0.47 0.44 0.41 0.38 0.35 0.33 0.32 0.36 0.39 0.37 0.34 0.32 0.29 0.27 0.25 0.24 0.21 0.18 0.15 0.11 0.07 0.05 0.06 0.09 0.10 0.09 0.09 0.09 0.11 0.14 0.20 0.30 0.43 0.62
0.17 0.21 0.27 0.25 0.24 0.30 0.40 0.49 0.51 0.53 0.60 0.82 1.08 1.19 1.07 0.65 0.39 0.40 0.47 0.55 0.60 0.72 0.85 0.82 0.74 0.67 0.52 0.36 0.28 0.27 0.33 0.43 0.66 0.83 0.85 0.75 0.63 0.56 0.47 0.43 0.40 0.36 0.32 0.36 0.53 0.78 0.82 0.69 0.60 0.55 0.50 0.48 0.45 0.42 0.39 0.36 0.35 0.37 0.39 0.38 0.36 0.34 0.31 0.29 0.27 0.26 0.23 0.20 0.17 0.13 0.09 0.05 0.05 0.08 0.10 0.11 0.10 0.09 0.09 0.10 0.13 0.20 0.31 0.44
0.18 0.21 0.27 0.25 0.23 0.28 0.35 0.44 0.48 0.47 0.50 0.61 0.82 1.08 1.23 1.14 0.75 0.54 0.53 0.52 0.44 0.48 0.72 0.84 0.80 0.73 0.61 0.46 0.33 0.27 0.29 0.34 0.48 0.72 0.94 1.02 0.85 0.60 0.47 0.42 0.37 0.33 0.28 0.26 0.35 0.63 0.83 0.81 0.71 0.64 0.58 0.53 0.48 0.45 0.41 0.39 0.38 0.39 0.41 0.40 0.38 0.36 0.34 0.31 0.30 0.28 0.25 0.22 0.18 0.15 0.11 0.07 0.05 0.08 0.10 0.12 0.12 0.10 0.09 0.09 0.09 0.11 0.17 0.28
0.19 0.23 0.30 0.28 0.25 0.30 0.36 0.40 0.42 0.41 0.40 0.43 0.53 0.70 0.95 1.19 1.11 0.86 0.65 0.45 0.32 0.34 0.53 0.82 0.94 0.84 0.66 0.57 0.49 0.38 0.31 0.30 0.35 0.53 0.77 1.06 1.16 0.90 0.59 0.48 0.42 0.35 0.30 0.27 0.28 0.41 0.72 0.85 0.82 0.72 0.63 0.57 0.50 0.45 0.42 0.39 0.39 0.41 0.43 0.42 0.39 0.37 0.35 0.33 0.31 0.29 0.27 0.23 0.20 0.16 0.13 0.10 0.06 0.07 0.11 0.14 0.15 0.14 0.13 0.11 0.10 0.09 0.09 0.13
0.21 0.25 0.33 0.34 0.30 0.34 0.41 0.46 0.45 0.39 0.34 0.34 0.38 0.49 0.65 0.88 1.13 1.05 0.70 0.37 0.29 0.30 0.39 0.63 0.96 1.01 0.74 0.65 0.61 0.53 0.42 0.35 0.36 0.44 0.60 0.86 1.20 1.28 1.03 0.77 0.64 0.54 0.48 0.41 0.32 0.32 0.50 0.71 0.80 0.73 0.64 0.59 0.53 0.47 0.44 0.40 0.38 0.40 0.43 0.43 0.40 0.37 0.35 0.34 0.32 0.30 0.28 0.25 0.21 0.18 0.15 0.12 0.08 0.07 0.11 0.16 0.18 0.18 0.17 0.17 0.14 0.11 0.09 0.09
0.23 0.25 0.31 0.37 0.36 0.36 0.41 0.51 0.59 0.49 0.36 0.32 0.34 0.42 0.56 0.73 1.06 1.13 0.71 0.35 0.26 0.27 0.34 0.45 0.76 1.08 0.97 0.67 0.55 0.48 0.41 0.35 0.34 0.38 0.51 0.69 0.97 1.29 1.38 1.26 1.06 0.88 0.77 0.65 0.52 0.40 0.38 0.51 0.69 0.71 0.63 0.58 0.54 0.50 0.46 0.42 0.40 0.41 0.43 0.43 0.41 0.38 0.34 0.33 0.33 0.31 0.29 0.26 0.23 0.20 0.17 0.14 0.10 0.07 0.09 0.14 0.19 0.21 0.22 0.24 0.22 0.15 0.10 0.10
0.25 0.26 0.29 0.36 0.41 0.39 0.37 0.45 0.63 0.70 0.53 0.38 0.37 0.44 0.54 0.69 0.98 1.11 0.98 0.64 0.36 0.31 0.36 0.43 0.61 1.02 1.15 0.83 0.55 0.42 0.34 0.29 0.29 0.35 0.45 0.58 0.75 0.99 1.24 1.37 1.30 1.14 1.02 0.93 0.81 0.63 0.49 0.47 0.59 0.66 0.61 0.56 0.53 0.51 0.48 0.45 0.43 0.43 0.45 0.46 0.44 0.42 0.38 0.35 0.34 0.32 0.30 0.27 0.23 0.21 0.18 0.15 0.12 0.09 0.08 0.12 0.18 0.20 0.22 0.26 0.28 0.23 0.15 0.12
0.28 0.30 0.31 0.35 0.44 0.43 0.37 0.38 0.49 0.70 0.74 0.60 0.57 0.60 0.63 0.74 0.86 0.97 1.04 0.98 0.74 0.46 0.38 0.40 0.50 0.82 1.20 1.22 0.89 0.61 0.48 0.40 0.34 0.34 0.37 0.44 0.58 0.74 0.94 1.14 1.25 1.21 1.11 1.05 0.97 0.85 0.69 0.58 0.60 0.66 0.64 0.58 0.53 0.51 0.49 0.46 0.45 0.45 0.46 0.46 0.46 0.44 0.41 0.37 0.36 0.34 0.31 0.29 0.25 0.21 0.19 0.16 0.13 0.10 0.07 0.10 0.17 0.20 0.20 0.24 0.29 0.29 0.22 0.16
0.31 0.34 0.36 0.38 0.44 0.47 0.43 0.40 0.40 0.52 0.69 0.71 0.69 0.74 0.83 0.79 0.69 0.74 0.82 0.94 0.92 0.66 0.43 0.35 0.38 0.55 0.94 1.31 1.28 0.96 0.75 0.65 0.53 0.40 0.35 0.35 0.40 0.56 0.76 0.95 1.09 1.14 1.09 1.03 1.01 0.95 0.82 0.69 0.66 0.69 0.67 0.62 0.56 0.52 0.48 0.45 0.45 0.47 0.46 0.45 0.46 0.44 0.42 0.39 0.38 0.36 0.33 0.31 0.28 0.22 0.18 0.17 0.14 0.11 0.08 0.09 0.15 0.21 0.21 0.23 0.27 0.29 0.27 0.23
0.31 0.37 0.41 0.40 0.43 0.46 0.46 0.45 0.43 0.44 0.52 0.58 0.61 0.76 0.99 0.80 0.54 0.55 0.61 0.73 0.81 0.69 0.50 0.37 0.34 0.41 0.64 1.05 1.33 1.26 1.03 0.85 0.73 0.56 0.40 0.36 0.36 0.45 0.63 0.81 0.87 0.99 1.06 1.01 0.98 0.94 0.84 0.71 0.66 0.67 0.66 0.62 0.57 0.53 0.49 0.46 0.45 0.47 0.48 0.47 0.47 0.45 0.43 0.41 0.39 0.38 0.35 0.33 0.31 0.26 0.19 0.16 0.14 0.12 0.09 0.07 0.12 0.20 0.25 0.25 0.26 0.27 0.28 0.28
0.26 0.32 0.43 0.44 0.44 0.43 0.42 0.44 0.48 0.49 0.49 0.52 0.54 0.77 1.04 0.82 0.56 0.49 0.49 0.59 0.65 0.57 0.48 0.41 0.34 0.34 0.46 0.76 1.12 1.30 1.18 0.93 0.75 0.65 0.54 0.43 0.41 0.43 0.57 0.75 0.76 0.83 0.97 0.97 0.91 0.88 0.81 0.70 0.65 0.64 0.63 0.60 0.57 0.53 0.49 0.46 0.45 0.48 0.48 0.48 0.48 0.47 0.45 0.43 0.40 0.39 0.37 0.35 0.33 0.30 0.22 0.16 0.14 0.12 0.10 0.08 0.09 0.17 0.25 0.30 0.29 0.28 0.29 0.30
0.23 0.26 0.36 0.47 0.50 0.45 0.39 0.38 0.43 0.51 0.56 0.57 0.57 0.82 0.99 0.89 0.78 0.67 0.54 0.55 0.57 0.47 0.38 0.33 0.28 0.26 0.32 0.53 0.84 1.15 1.30 1.17 0.89 0.72 0.63 0.49 0.42 0.42 0.53 0.76 0.79 0.77 0.85 0.89 0.88 0.88 0.83 0.72 0.66 0.65 0.63 0.61 0.57 0.54 0.50 0.46 0.46 0.48 0.48 0.47 0.47 0.47 0.46 0.44 0.42 0.41 0.39 0.36 0.34 0.32 0.26 0.18 0.14 0.12 0.10 0.08 0.07 0.11 0.20 0.29 0.33 0.30 0.31 0.30
0.29 0.27 0.28 0.40 0.55 0.57 0.47 0.39 0.38 0.43 0.54 0.61 0.69 0.83 0.85 0.83 0.87 0.89 0.84 0.76 0.65 0.49 0.36 0.27 0.20 0.18 0.23 0.33 0.57 0.86 1.18 1.37 1.27 0.97 0.74 0.56 0.47 0.46 0.50 0.71 0.81 0.79 0.79 0.80 0.82 0.85 0.83 0.74 0.69 0.66 0.63 0.61 0.59 0.57 0.53 0.48 0.47 0.48 0.48 0.48 0.47 0.46 0.46 0.45 0.44 0.43 0.41 0.39 0.36 0.33 0.28 0.22 0.15 0.11 0.09 0.08 0.07 0.07 0.13 0.23 0.32 0.34 0.34 0.32
0.37 0.34 0.30 0.33 0.45 0.61 0.65 0.55 0.46 0.46 0.47 0.59 0.81 0.79 0.64 0.65 0.75 0.83 0.88 1.00 0.99 0.74 0.50 0.33 0.21 0.15 0.17 0.21 0.33 0.54 0.80 1.16 1.40 1.32 1.06 0.84 0.71 0.60 0.51 0.62 0.77 0.79 0.77 0.73 0.73 0.78 0.78 0.74 0.70 0.67 0.63 0.59 0.57 0.57 0.56 0.52 0.49 0.48 0.49 0.48 0.47 0.46 0.45 0.44 0.46 0.48 0.46 0.43 0.39 0.35 0.30 0.24 0.17 0.10 0.08 0.07 0.06 0.06 0.09 0.17 0.28 0.33 0.35 0.35
0.39 0.42 0.39 0.30 0.29 0.41 0.63 0.70 0.68 0.67 0.57 0.69 0.86 0.66 0.49 0.53 0.59 0.64 0.65 0.84 1.11 1.17 0.98 0.67 0.45 0.27 0.17 0.17 0.21 0.32 0.48 0.79 1.19 1.42 1.38 1.17 0.97 0.83 0.67 0.64 0.73 0.78 0.78 0.73 0.71 0.73 0.74 0.73 0.70 0.67 0.63 0.58 0.50 0.47 0.51 0.52 0.51 0.50 0.50 0.50 0.48 0.47 0.45 0.42 0.45 0.50 0.52 0.50 0.45 0.41 0.35 0.28 0.20 0.12 0.07 0.06 0.05 0.05 0.07 0.12 0.22 0.31 0.34 0.33
0.35 0.46 0.51 0.35 0.25 0.27 0.38 0.56 0.72 0.81 0.84 0.92 0.84 0.49 0.40 0.43 0.48 0.52 0.49 0.52 0.79 1.12 1.27 1.22 1.02 0.75 0.46 0.25 0.18 0.20 0.27 0.45 0.79 1.16 1.39 1.32 1.14 1.01 0.89 0.77 0.79 0.84 0.83 0.79 0.75 0.73 0.72 0.72 0.70 0.67 0.64 0.61 0.52 0.38 0.36 0.43 0.47 0.49 0.50 0.51 0.50 0.49 0.45 0.41 0.40 0.43 0.48 0.50 0.49 0.47 0.42 0.34 0.27 0.17 0.07 0.04 0.04 0.05 0.07 0.12 0.21 0.30 0.33 0.31
0.32 0.45 0.60 0.50 0.34 0.28 0.28 0.32 0.48 0.68 0.98 1.11 0.77 0.45 0.39 0.38 0.43 0.48 0.43 0.35 0.41 0.62 0.92 1.19 1.25 1.20 1.06 0.75 0.42 0.28 0.27 0.31 0.42 0.73 1.15 1.28 1.16 1.01 0.92 0.86 0.84 0.88 0.88 0.85 0.80 0.76 0.72 0.71 0.69 0.67 0.64 0.64 0.59 0.45 0.31 0.29 0.37 0.45 0.46 0.47 0.49 0.48 0.45 0.40 0.36 0.36 0.36 0.38 0.41 0.45 0.45 0.40 0.32 0.22 0.10 0.03 0.02 0.04 0.08 0.14 0.19 0.27 0.33 0.30
0.35 0.41 0.56 0.64 0.54 0.42 0.35 0.32 0.35 0.41 0.80 1.23 0.91 0.50 0.44 0.41 0.43 0.47 0.41 0.29 0.27 0.31 0.44 0.68 0.86 0.99 1.12 1.15 0.98 0.71 0.49 0.35 0.33 0.41 0.83 1.04 1.00 0.91 0.87 0.86 0.85 0.87 0.87 0.85 0.81 0.77 0.73 0.71 0.70 0.68 0.66 0.65 0.63 0.54 0.36 0.23 0.27 0.37 0.42 0.43 0.44 0.46 0.45 0.40 0.35 0.35 0.35 0.33 0.32 0.34 0.38 0.39 0.36 0.27 0.15 0.07 0.03 0.02 0.06 0.13 0.18 0.25 0.31 0.29
0.45 0.40 0.41 0.59 0.70 0.67 0.56 0.46 0.40 0.35 0.59 1.15 1.09 0.71 0.64 0.60 0.57 0.56 0.45 0.33 0.27 0.25 0.27 0.33 0.41 0.49 0.64 0.93 1.09 1.09 0.93 0.65 0.46 0.41 0.62 0.83 0.84 0.79 0.79 0.82 0.84 0.86 0.86 0.84 0.81 0.77 0.73 0.71 0.71 0.70 0.69 0.67 0.64 0.56 0.41 0.24 0.20 0.28 0.39 0.42 0.41 0.43 0.46 0.44 0.39 0.39 0.38 0.34 0.30 0.29 0.29 0.33 0.36 0.31 0.19 0.10 0.05 0.03 0.04 0.11 0.17 0.25 0.28 0.26
0.59 0.45 0.30 0.38 0.62 0.81 0.86 0.77 0.60 0.41 0.55 0.95 0.98 0.88 0.92 0.94 0.93 0.93 0.84 0.67 0.52 0.40 0.33 0.28 0.26 0.26 0.26 0.35 0.58 0.84 1.02 0.99 0.76 0.55 0.60 0.75 0.77 0.74 0.73 0.76 0.81 0.85 0.86 0.85 0.82 0.78 0.75 0.72 0.71 0.70 0.70 0.70 0.66 0.57 0.44 0.29 0.19 0.21 0.33 0.40 0.39 0.38 0.42 0.45 0.45 0.45 0.44 0.39 0.34 0.31 0.28 0.28 0.33 0.33 0.23 0.14 0.08 0.04 0.02 0.09 0.17 0.23 0.25 0.26
0.77 0.55 0.28 0.23 0.32 0.59 0.84 1.01 0.94 0.66 0.67 0.81 0.79 0.76 0.83 0.94 1.03 1.09 1.14 1.18 1.15 1.02 0.82 0.60 0.38 0.27 0.20 0.15 0.16 0.26 0.51 0.85 0.83 0.65 0.64 0.75 0.78 0.76 0.75 0.75 0.79 0.83 0.85 0.87 0.86 0.81 0.77 0.75 0.73 0.71 0.71 0.73 0.70 0.57 0.43 0.30 0.16 0.14 0.22 0.32 0.35 0.34 0.36 0.39 0.42 0.46 0.48 0.46 0.42 0.39 0.35 0.31 0.32 0.32 0.26 0.17 0.12 0.06 0.02 0.07 0.16 0.21 0.24 0.26
0.89 0.65 0.34 0.23 0.19 0.25 0.45 0.82 1.08 0.97 0.80 0.76 0.70 0.60 0.54 0.64 0.84 0.91 0.93 1.05 1.25 1.36 1.38 1.31 1.05 0.65 0.44 0.37 0.31 0.24 0.28 0.57 0.74 0.69 0.70 0.80 0.84 0.81 0.79 0.78 0.79 0.82 0.83 0.85 0.87 0.85 0.80 0.79 0.77 0.75 0.74 0.77 0.75 0.62 0.45 0.31 0.15 0.06 0.13 0.24 0.29 0.31 0.32 0.32 0.34 0.38 0.42 0.44 0.44 0.43 0.41 0.38 0.36 0.36 0.30 0.22 0.15 0.11 0.08 0.09 0.13 0.17 0.23 0.26
0.86 0.78 0.56 0.38 0.26 0.19 0.23 0.49 0.93 1.05 0.91 0.78 0.71 0.58 0.46 0.44 0.61 0.77 0.76 0.71 0.84 1.06 1.26 1.47 1.56 1.38 0.98 0.72 0.62 0.52 0.42 0.50 0.68 0.71 0.71 0.79 0.87 0.88 0.85 0.82 0.81 0.83 0.83 0.82 0.83 0.83 0.79 0.79 0.79 0.77 0.78 0.82 0.81 0.69 0.52 0.33 0.17 0.05 0.03 0.11 0.21 0.27 0.29 0.29 0.29 0.31 0.35 0.37 0.37 0.36 0.35 0.34 0.35 0.37 0.34 0.27 0.18 0.13 0.11 0.09 0.08 0.12 0.20 0.26
0.65 0.79 0.90 0.75 0.54 0.32 0.20 0.37 0.83 0.99 0.87 0.85 0.80 0.63 0.48 0.38 0.40 0.58 0.73 0.70 0.64 0.70 0.82 1.02 1.37 1.59 1.40 0.90 0.66 0.59 0.49 0.50 0.63 0.70 0.72 0.76 0.84 0.89 0.90 0.88 0.85 0.85 0.85 0.82 0.82 0.82 0.77 0.75 0.78 0.78 0.80 0.87 0.87 0.78 0.61 0.37 0.21 0.08 0.06 0.05 0.07 0.20 0.26 0.27 0.28 0.28 0.31 0.33 0.34 0.34 0.30 0.25 0.24 0.29 0.31 0.28 0.20 0.13 0.10 0.06 0.04 0.05 0.14 0.24
0.39 0.55 0.83 0.93 0.91 0.63 0.30 0.39 0.82 0.87 0.73 0.82 0.92 0.82 0.59 0.41 0.31 0.33 0.50 0.63 0.61 0.58 0.57 0.68 0.95 1.36 1.53 1.11 0.65 0.59 0.59 0.57 0.63 0.70 0.73 0.75 0.80 0.85 0.88 0.90 0.89 0.87 0.86 0.83 0.83 0.87 0.82 0.72 0.72 0.77 0.80 0.86 0.92 0.87 0.71 0.45 0.25 0.12 0.04 0.08 0.07 0.07 0.21 0.25 0.26 0.26 0.28 0.31 0.32 0.35 0.32 0.23 0.19 0.21 0.24 0.26 0.21 0.14 0.09 0.05 0.02 0.02 0.08 0.20
