windninja/windninja_output/Output_2025-08-24_2000-2050_Google earth_Fire_150m_10min/merlingen_7.5mi_point_08-24-2025_2050_150m_ang.asc
ncols	158
nrows	163
xllcorner	391686.332397
yllcorner	5160024.123721
cellsize	150.000000
NODATA_value	-32768.000000
[rows 84 to 125 of 163, columns 0 to 93 of 158]
292 301 310 305 298 296 301 305 304 307 309 308 305 300 297 296 296 295 296 297 297 297 295 295 299 299 295 292 290 288 287 286 284 282 280 279 278 277 276 276 276 276 277 276 276 275 275 276 275 273 270 269 270 271 271 269 268 267 266 265 264 263 262 262 261 260 259 258 257 257 256 255 255 254 253 253 251 250 248 242 224 213 219 232 250 254 252 249 246 245 244 242 239 237
278 279 284 282 279 277 274 275 284 295 302 304 303 298 295 295 295 294 294 295 295 295 296 296 298 300 295 291 290 289 287 285 283 281 278 278 277 276 277 277 278 278 277 276 276 275 275 276 275 274 272 269 266 267 268 268 267 267 266 265 264 263 262 261 260 259 258 258 257 256 255 255 254 253 253 252 251 249 247 241 225 210 220 243 254 253 249 246 244 244 243 242 240 239
273 271 270 270 265 259 255 264 280 293 301 302 300 297 294 293 291 289 289 290 291 292 292 294 298 301 297 292 290 289 287 285 284 283 280 278 275 274 275 277 279 279 277 275 274 273 274 274 274 275 274 271 267 266 267 267 267 266 266 265 264 263 262 261 260 259 258 257 256 255 255 254 254 253 252 251 250 249 248 244 233 216 224 248 255 253 249 247 244 243 242 242 241 237
272 269 263 263 260 258 261 274 284 291 297 297 296 296 291 289 287 284 284 285 287 287 288 295 304 308 302 295 291 288 287 286 285 286 284 279 275 272 271 272 275 278 278 275 272 271 271 271 271 272 273 272 270 268 267 268 268 268 267 265 264 263 261 260 259 258 257 256 256 255 254 254 253 252 252 251 251 250 250 250 248 246 253 258 255 250 248 248 246 246 245 245 242 237
274 271 269 271 271 271 275 280 283 284 287 292 295 295 291 287 283 280 280 283 286 288 294 304 315 318 304 295 290 287 286 285 285 285 285 283 279 275 271 269 269 272 276 275 272 269 269 269 269 268 269 270 270 268 267 267 268 268 269 268 266 263 261 260 258 257 257 256 255 254 254 253 252 252 251 251 251 251 251 252 256 272 292 282 267 254 249 248 247 249 249 248 245 242
282 282 282 281 279 278 277 277 275 275 283 293 296 295 290 283 278 276 279 284 290 297 304 311 323 321 304 294 289 286 285 284 283 282 282 283 283 280 274 270 268 269 271 273 273 270 267 266 266 267 266 267 268 268 266 264 263 265 269 272 269 264 261 259 258 257 256 255 254 254 253 253 252 252 251 251 251 251 252 253 258 271 292 292 282 272 262 255 252 254 254 249 245 245
285 285 281 276 276 277 276 274 271 274 283 293 296 292 286 280 277 276 278 285 298 307 312 315 321 316 300 292 288 286 284 283 282 281 280 280 282 281 277 271 268 268 269 271 272 271 267 265 264 265 266 267 267 267 264 260 258 260 266 272 271 265 260 258 257 256 255 255 254 253 253 252 252 251 251 251 251 251 252 254 258 266 280 287 285 281 275 266 262 263 258 248 247 249
281 280 275 273 276 280 281 280 277 277 282 289 292 290 287 285 282 278 276 286 303 314 317 311 313 306 294 289 286 284 283 282 281 280 279 278 278 280 280 274 268 266 267 270 271 271 269 266 264 264 266 268 269 268 263 257 256 258 260 262 263 261 259 257 256 256 255 254 254 253 252 252 251 251 251 251 251 251 252 254 257 262 271 279 280 280 277 272 269 266 258 252 256 258
280 280 280 280 281 285 292 297 292 282 280 284 287 289 289 288 288 286 285 293 303 320 313 296 295 292 288 286 284 283 282 281 280 280 280 279 277 277 278 277 270 264 263 267 270 271 269 267 265 265 267 270 271 270 266 262 261 260 258 254 253 255 256 256 256 255 254 254 253 252 252 251 251 251 250 250 250 251 252 253 256 260 267 275 278 278 277 274 271 265 258 261 266 266
282 283 286 286 286 289 296 304 305 286 279 283 288 292 294 292 295 296 294 293 292 291 276 271 277 283 284 283 282 281 280 279 280 282 281 279 277 275 275 276 273 265 261 263 266 268 268 267 265 265 267 272 274 271 271 272 269 264 259 254 252 252 254 255 255 254 254 253 253 252 252 251 251 250 250 250 250 251 251 252 254 257 262 270 276 278 277 276 271 264 261 263 266 266
282 283 286 287 287 288 292 300 310 293 281 281 286 292 295 291 292 292 287 275 256 236 234 249 266 279 282 281 280 278 277 278 281 283 282 278 276 275 274 274 274 268 261 258 259 261 264 265 264 263 265 270 272 268 269 273 272 267 262 258 254 253 253 254 255 254 254 253 252 252 251 251 250 250 250 250 250 250 251 252 253 255 258 262 268 272 274 272 267 263 261 260 260 260
278 278 281 283 282 281 280 287 304 298 285 276 274 275 280 280 278 276 270 255 237 230 230 246 265 277 280 280 278 275 275 278 281 282 281 278 276 275 274 273 273 272 265 258 254 255 257 260 262 263 264 263 261 261 264 267 269 267 263 259 256 254 254 255 254 254 254 253 252 252 251 250 250 250 249 249 249 250 250 251 252 253 255 257 260 263 264 264 262 259 258 257 256 256
278 277 279 280 276 270 267 271 284 289 282 271 263 261 269 272 271 272 262 237 227 231 238 256 272 280 281 280 279 278 278 278 277 277 278 278 277 275 274 273 273 275 271 263 258 254 254 256 259 261 260 255 252 255 259 263 265 265 264 261 258 255 255 255 255 254 253 252 252 251 251 250 250 249 249 249 249 249 250 250 251 252 253 254 255 256 257 257 257 256 254 253 253 252
280 278 277 275 267 260 257 257 262 270 272 268 266 265 270 273 274 271 254 228 223 232 247 265 280 285 283 281 280 281 280 276 273 272 275 277 277 276 275 273 273 275 274 269 265 260 258 259 260 259 255 252 251 252 256 259 261 263 263 262 261 258 257 257 256 255 253 253 252 251 251 250 249 249 249 249 249 249 249 249 250 250 251 252 252 253 253 253 252 252 251 250 250 249
278 276 271 267 264 259 254 252 253 256 258 263 269 272 273 274 272 261 242 229 227 238 256 272 284 285 281 280 280 279 278 275 273 272 272 274 276 277 277 276 274 274 274 271 267 266 265 263 260 257 254 252 251 251 254 255 256 259 260 260 260 260 260 260 258 256 254 253 252 251 250 250 249 249 249 249 249 249 249 249 249 249 249 250 250 250 250 250 250 249 249 248 248 247
271 268 265 265 265 262 260 257 254 251 254 259 264 272 274 270 262 250 238 231 237 253 267 272 273 271 273 276 277 276 276 276 275 273 273 273 274 275 278 278 276 273 273 270 266 264 264 261 257 254 253 252 250 250 251 252 253 254 256 256 255 256 258 260 261 259 257 255 253 251 251 250 250 249 249 249 249 248 248 248 248 248 248 248 248 248 248 248 248 247 247 247 246 246
270 266 262 262 261 260 259 259 256 253 253 254 257 264 266 260 256 253 244 243 258 271 272 263 250 256 266 271 274 274 273 274 276 276 277 276 275 274 275 278 278 275 273 271 266 262 260 258 255 252 251 250 249 248 248 249 249 250 252 252 251 251 252 255 258 259 259 257 254 252 251 250 250 250 249 249 249 248 248 248 248 248 247 247 247 247 247 246 246 246 245 245 245 244
272 269 263 260 258 257 257 257 256 255 256 255 255 254 254 255 258 260 259 266 276 278 265 248 246 256 264 269 270 271 271 273 276 279 281 281 278 275 274 275 277 275 273 272 267 262 258 257 254 252 250 248 247 247 247 246 245 246 248 249 250 250 249 250 252 254 256 256 255 253 252 252 251 250 250 249 249 249 248 248 248 247 247 247 246 246 246 245 245 245 244 244 243 243
273 270 265 260 257 256 257 257 257 258 258 258 256 254 256 261 263 264 266 272 274 265 249 246 251 258 263 266 268 269 271 274 276 279 282 285 284 280 277 275 276 276 274 272 268 261 256 253 251 250 248 247 246 245 246 245 244 244 244 244 245 246 247 247 249 250 251 252 252 253 255 255 254 252 251 251 250 249 249 248 248 247 247 246 246 245 245 244 244 244 243 243 242 242
274 271 265 261 259 259 259 260 259 260 261 262 263 268 272 270 267 267 269 270 261 245 244 251 254 256 261 266 269 272 274 274 275 278 281 284 287 285 280 277 277 277 275 272 270 264 257 252 248 247 246 246 245 243 243 242 242 242 242 241 241 241 242 244 246 246 247 247 247 248 253 257 258 256 254 253 252 251 250 249 249 248 247 246 245 245 244 244 243 243 242 242 241 241
272 269 264 262 261 261 262 261 261 262 265 268 272 278 282 280 273 269 269 263 251 243 248 253 253 253 259 265 269 272 275 275 275 277 278 280 285 287 284 280 278 277 276 273 271 267 260 253 247 245 244 244 244 244 243 241 239 239 240 241 240 240 240 242 243 243 242 241 240 242 246 251 256 260 260 259 258 256 254 252 250 249 247 246 245 244 244 243 243 242 242 241 241 241
270 267 263 261 261 262 262 261 261 264 268 271 276 281 283 282 277 271 266 259 252 251 253 252 252 254 258 262 265 270 274 276 276 275 274 277 282 286 286 282 279 277 275 274 271 266 260 253 246 243 242 241 240 241 242 241 239 238 238 239 239 239 239 241 242 241 240 237 236 238 241 243 246 252 257 260 262 261 259 258 255 252 249 247 246 245 244 243 243 242 241 241 241 241
267 265 261 259 259 260 261 260 261 264 269 273 276 280 282 281 276 271 265 259 256 258 257 253 252 254 256 257 261 267 271 275 275 271 270 275 282 285 285 283 279 274 272 271 269 265 258 252 246 242 240 238 236 236 237 238 238 238 238 238 237 237 238 239 239 239 239 236 234 235 238 239 239 240 243 249 253 256 257 259 261 257 252 248 246 245 244 243 242 242 241 241 241 240
263 260 257 258 258 259 260 263 263 266 269 272 273 273 275 277 275 271 267 261 257 260 262 257 252 252 253 253 256 264 270 273 271 264 267 276 281 282 280 280 277 272 268 266 263 260 254 248 244 242 241 239 236 235 234 234 234 236 236 236 236 237 237 236 236 236 236 235 233 233 235 237 238 238 240 243 246 246 246 250 256 259 256 251 247 245 244 243 243 242 241 241 241 240
259 255 254 256 258 260 263 265 266 266 266 267 266 265 266 270 272 270 265 261 261 264 265 263 255 251 252 250 251 261 267 269 265 258 266 275 277 272 270 273 272 267 263 259 254 250 246 240 237 237 237 238 237 235 234 232 232 232 233 233 233 235 235 235 235 235 234 234 232 230 232 235 238 239 239 239 241 242 244 246 249 252 256 254 249 246 245 244 243 242 242 241 241 241
252 251 255 259 261 263 264 263 264 263 261 260 260 260 263 268 271 267 259 258 264 268 268 266 259 252 250 247 250 259 263 261 258 254 264 271 268 262 261 260 257 259 260 253 245 240 235 229 230 231 231 231 232 233 233 231 231 231 230 229 229 231 232 232 234 236 235 233 231 228 230 234 236 236 237 237 238 240 242 245 246 247 250 254 252 249 246 245 244 243 243 243 242 241
247 250 259 264 265 265 263 262 260 259 259 259 258 259 262 267 271 265 253 254 261 269 272 268 263 257 250 246 248 255 258 256 252 250 259 264 258 253 251 243 236 241 249 245 235 229 223 216 218 223 225 226 227 229 230 229 229 230 230 228 227 229 230 229 231 234 235 234 231 227 226 230 234 234 235 237 238 239 240 243 245 247 247 249 252 252 250 248 246 245 245 245 244 244
244 250 260 263 263 262 261 260 259 258 258 259 261 261 263 268 271 262 250 250 255 265 273 270 265 261 256 247 243 246 251 253 246 244 250 253 246 239 233 224 220 224 229 227 219 216 213 206 205 212 218 221 224 226 227 226 226 228 230 228 227 229 229 227 227 229 231 232 231 227 226 229 233 233 234 236 237 238 239 241 244 246 246 246 246 249 251 251 250 250 249 249 248 247
244 249 257 258 258 258 258 258 258 257 254 256 261 263 264 266 268 259 246 245 247 255 266 269 261 261 262 257 248 240 241 245 242 240 243 240 230 225 218 214 214 219 222 216 204 200 202 198 194 199 207 212 218 223 225 223 223 225 227 226 225 226 227 226 225 225 227 227 228 227 227 230 233 233 233 235 235 234 235 237 241 244 244 244 242 243 246 250 252 254 255 254 251 248
242 245 251 254 256 258 258 256 254 252 250 254 259 261 261 264 265 252 241 239 239 245 254 259 254 257 261 262 255 241 236 237 238 240 241 235 225 219 212 210 211 212 213 209 199 192 192 190 185 185 193 201 210 217 221 221 220 221 224 224 222 221 224 225 224 223 224 224 223 223 223 226 229 229 230 233 234 233 232 233 236 241 242 243 242 240 241 244 246 249 252 252 248 246
234 237 245 250 252 254 256 256 253 250 252 256 257 254 255 261 263 249 232 234 233 237 242 246 247 248 249 249 249 243 232 230 233 236 236 230 220 213 207 203 202 198 197 197 193 185 182 183 183 180 181 188 199 210 217 218 217 218 221 222 221 218 220 223 221 220 221 221 221 220 219 222 227 227 228 230 232 232 231 231 235 237 236 236 237 234 235 238 237 241 245 244 242 242
226 230 238 244 247 248 250 252 251 252 257 259 254 246 247 256 259 242 222 231 232 230 229 232 236 237 235 231 232 230 220 220 224 228 224 209 199 199 199 195 189 185 188 192 190 183 181 183 185 181 176 177 186 201 212 216 216 216 218 220 219 217 218 220 220 217 218 219 220 220 219 221 226 229 228 229 230 232 231 230 234 236 233 230 231 227 227 231 233 238 241 239 236 236
218 225 234 239 242 244 244 244 247 253 260 259 249 238 242 251 253 232 208 217 223 220 216 219 223 226 225 222 225 217 202 203 211 217 211 192 184 187 188 184 178 178 185 190 189 184 183 183 181 180 176 174 178 191 206 214 216 214 215 218 217 215 216 219 218 215 215 217 218 218 217 218 221 226 228 229 230 230 231 231 235 237 233 228 228 224 222 226 231 237 238 235 231 229
213 221 232 236 240 242 240 239 242 247 254 255 243 233 239 246 247 221 192 194 203 205 203 205 209 212 212 211 212 208 196 193 197 199 193 180 175 178 179 175 174 178 184 188 189 185 180 177 176 178 177 175 176 183 197 209 213 212 213 215 215 213 213 215 216 213 213 215 216 216 215 214 216 220 224 227 228 229 229 230 234 237 233 227 225 223 221 224 230 233 233 230 227 226
214 219 228 234 237 238 237 238 240 242 245 245 235 230 235 239 240 218 181 174 183 192 193 194 195 198 196 194 198 201 195 186 181 181 185 187 182 178 175 173 177 181 184 185 187 183 178 176 176 178 180 179 178 180 190 203 210 210 210 212 212 210 210 212 212 210 210 212 213 214 213 212 212 215 219 222 223 225 227 227 229 233 231 225 223 223 221 223 228 229 228 225 223 226
214 214 223 232 236 234 234 237 242 241 240 239 230 224 229 232 232 219 177 158 161 176 181 182 182 182 181 181 187 190 184 177 173 174 184 192 192 184 180 182 184 184 185 183 182 181 179 176 176 179 182 181 179 179 185 198 207 208 208 209 209 207 207 209 209 208 208 209 212 213 212 210 210 211 215 219 220 222 225 227 230 233 230 225 223 222 221 222 225 226 225 222 220 226
213 211 218 228 233 233 236 239 241 239 236 236 224 212 218 223 226 217 185 158 148 152 160 164 166 167 168 171 172 172 173 172 170 174 183 190 193 190 188 192 193 191 188 185 185 185 183 178 178 181 182 183 181 179 184 194 203 206 206 206 206 205 207 211 215 218 216 211 211 213 212 209 208 208 211 215 218 220 223 227 231 232 230 224 223 222 220 221 223 224 223 221 218 222
210 208 210 216 219 222 228 234 239 235 229 231 219 200 203 211 217 211 190 170 150 135 134 140 145 150 155 159 158 156 158 164 168 173 180 185 188 192 192 194 198 197 194 192 192 191 188 186 185 185 184 184 182 181 184 190 199 202 203 204 206 208 214 222 229 235 237 225 213 212 211 209 208 207 207 209 213 217 220 224 226 228 227 223 221 219 218 219 221 223 222 218 215 218
202 200 200 202 206 209 214 220 227 227 221 224 212 189 190 199 208 208 196 179 154 130 122 120 122 129 138 144 145 146 151 159 164 170 176 179 184 189 188 187 194 200 202 199 196 193 193 192 190 189 187 184 182 183 184 187 194 199 202 205 211 218 225 227 223 223 225 223 212 210 211 210 209 206 204 204 207 211 215 218 221 224 222 218 217 216 215 215 218 221 219 214 213 218
197 195 193 193 198 204 207 211 217 218 214 216 207 186 182 188 199 206 203 186 155 135 120 109 107 114 120 125 132 140 150 156 159 166 171 175 180 187 187 183 187 195 201 202 196 191 189 188 189 189 187 185 184 184 184 186 194 203 208 213 219 223 221 216 212 211 214 215 211 205 208 210 208 206 203 201 201 205 209 211 214 217 217 214 214 215 213 213 217 219 217 211 211 219
194 191 189 190 193 200 202 205 211 212 209 212 205 189 178 174 184 197 201 190 153 131 124 118 113 108 108 120 132 142 154 158 157 162 167 170 175 182 185 183 183 188 197 202 198 191 187 184 185 186 186 187 186 185 186 190 198 208 215 217 216 212 207 205 204 206 209 212 213 210 208 214 213 208 204 199 195 198 202 204 207 213 216 215 215 215 212 213 218 220 215 208 207 216
188 187 186 186 188 193 197 199 203 203 204 211 210 193 173 159 162 172 181 178 162 135 123 117 115 116 123 135 142 151 163 161 156 158 164 166 169 175 181 183 182 185 191 198 199 194 187 183 182 184 187 189 189 188 188 191 196 202 206 204 200 199 199 199 200 203 206 210 213 213 212 216 221 215 205 197 192 191 196 200 203 212 217 216 215 214 211 212 216 217 211 203 205 214
