windninja/windninja_output/Output_2025-08-24_2000-2050_Google earth_Fire_150m_10min/merlingen_7.5mi_point_08-24-2025_2030_150m_ang.asc
ncols	158
nrows	163
xllcorner	391686.332397
yllcorner	5160024.123721
cellsize	150.000000
NODATA_value	-32768.000000
[rows 48 to 95 of 163, columns 0 to 95 of 158]
310 310 309 308 305 302 303 305 305 304 303 303 302 302 301 300 300 300 299 299 299 299 299 299 299 299 300 300 300 300 300 301 301 302 304 305 304 303 303 302 300 297 294 295 300 301 300 298 295 294 290 285 286 291 297 303 306 309 312 316 319 314 310 309 309 311 318 326 332 335 337 341 346 356 7 12 10 3 357 354 357 360 1 5 8 9 10 13 14 16 22 29 33 34 34 34
309 310 310 309 304 301 302 305 306 305 304 304 303 302 301 301 301 300 300 300 300 300 300 300 299 300 300 300 300 300 301 301 302 302 304 306 305 304 304 303 300 297 297 300 302 299 296 294 292 290 287 287 293 299 305 308 308 310 313 316 317 312 306 305 307 312 318 325 331 335 338 341 347 357 6 8 5 2 359 358 360 1 1 3 5 7 8 9 10 14 23 32 36 36 37 38
308 310 312 311 305 303 302 304 307 307 305 305 304 303 302 302 301 301 301 300 300 300 300 300 300 300 300 300 300 301 301 301 302 302 303 305 305 305 304 303 301 299 301 303 302 297 293 290 287 283 284 290 298 306 310 311 309 309 311 312 312 308 302 302 307 314 319 324 329 333 337 341 348 357 1 1 359 360 360 360 0 1 3 4 4 4 4 5 9 16 24 33 38 40 41 41
307 311 315 312 307 305 304 304 306 308 307 306 305 304 303 302 302 302 301 301 301 301 301 301 300 300 300 301 301 301 301 301 301 302 303 304 304 304 304 304 302 301 302 304 302 296 291 288 283 284 293 299 302 306 309 308 307 306 307 309 308 305 301 301 307 315 321 326 330 333 337 341 349 354 355 355 355 357 358 359 1 4 5 4 3 3 2 5 12 19 25 33 40 43 43 41
307 311 317 313 307 306 306 303 305 309 310 307 306 305 303 303 302 302 302 301 301 301 301 301 301 300 301 301 301 301 301 301 302 302 302 303 303 304 304 305 303 301 302 305 302 296 292 290 292 301 308 308 308 309 307 304 303 303 304 305 306 306 302 301 309 317 323 329 333 335 338 343 348 351 352 353 353 354 354 356 2 8 9 7 4 3 4 9 15 21 27 33 38 40 40 34
307 311 318 315 308 308 308 304 303 307 309 308 306 305 304 303 303 303 302 302 301 301 301 301 301 301 301 301 301 301 301 301 302 302 302 302 303 303 304 305 305 302 302 304 303 297 295 301 305 308 310 309 308 308 305 301 301 303 303 304 306 306 302 303 311 321 327 334 336 337 339 344 349 351 352 352 353 353 351 353 1 6 10 11 10 8 7 10 16 23 28 31 32 34 33 23
309 310 315 317 311 310 311 305 301 302 307 308 307 306 305 304 303 303 303 302 302 302 302 301 301 301 301 301 301 301 301 302 302 302 302 302 303 303 304 305 305 302 301 302 302 299 300 307 308 307 308 306 305 304 300 299 302 306 307 307 309 308 304 306 315 325 332 338 340 340 343 347 350 350 351 353 355 354 352 353 357 2 6 10 13 15 14 14 18 23 27 28 27 27 30 26
310 308 310 313 310 307 309 306 300 299 304 307 307 306 305 304 304 303 303 303 302 302 302 302 302 302 302 302 301 302 302 302 302 302 302 302 302 303 303 304 304 301 299 299 301 302 305 309 308 307 308 306 305 303 298 298 304 309 310 310 311 311 308 309 317 328 335 340 340 342 347 352 350 348 350 353 355 354 353 354 354 357 3 8 12 16 18 19 21 25 28 27 24 22 31 34
311 308 307 308 307 304 306 307 302 298 301 305 306 306 306 305 304 304 303 303 303 302 302 302 302 302 302 302 302 302 302 302 302 302 302 302 302 303 303 303 302 301 300 301 303 305 308 309 308 308 310 305 303 302 297 297 307 311 311 312 312 311 309 309 317 327 334 337 338 342 350 351 348 348 350 353 354 352 352 354 354 356 1 6 10 15 19 22 24 28 31 29 20 15 28 34
310 309 307 308 308 307 306 308 307 302 303 306 305 305 307 306 305 304 304 304 303 303 303 302 303 303 302 302 302 302 302 302 302 302 302 302 302 303 303 303 303 302 303 303 304 305 306 307 307 309 310 304 301 300 295 298 310 313 313 312 311 309 307 308 315 327 334 337 340 345 347 345 345 348 350 352 352 351 352 354 356 359 2 6 12 17 22 25 26 26 27 20 9 11 28 38
310 310 309 308 308 307 307 309 309 306 305 307 304 303 305 306 306 305 304 304 304 303 303 303 303 303 303 302 302 302 302 302 302 302 302 302 303 303 303 303 303 303 303 304 304 303 304 305 306 309 311 305 301 299 295 299 311 312 310 310 309 308 307 308 315 327 335 339 345 346 342 342 345 347 348 350 349 349 351 355 359 2 5 10 16 21 25 26 24 21 17 12 9 17 37 45
310 310 309 308 307 306 306 307 308 306 305 307 304 301 302 306 306 306 305 305 304 304 303 303 303 303 303 303 303 302 302 303 302 303 303 303 303 303 303 303 303 303 303 304 304 304 304 305 306 309 313 309 303 299 296 299 309 309 307 307 307 307 307 309 315 326 335 342 346 342 339 340 343 344 346 348 347 347 351 356 0 5 8 12 17 22 24 23 19 13 11 15 21 32 47 48
310 310 309 308 306 305 304 304 304 305 306 309 308 304 302 304 306 306 306 306 305 305 304 304 304 303 303 303 303 303 303 303 303 303 303 303 303 303 303 303 303 303 304 304 304 304 305 306 307 310 314 311 303 298 296 299 306 306 305 305 305 305 305 307 314 325 334 344 344 338 337 338 340 342 344 346 346 348 353 358 1 5 10 13 17 20 21 18 13 10 14 24 31 40 48 48
312 311 309 308 307 305 304 303 303 305 308 312 312 308 304 303 304 306 306 307 306 305 304 304 304 303 303 303 303 303 303 303 303 303 303 303 303 303 303 303 304 304 304 304 304 305 305 306 307 310 313 311 303 297 295 298 302 301 302 302 302 303 304 307 314 323 335 345 339 334 336 337 338 340 342 343 346 351 356 360 3 7 12 16 18 18 16 12 11 12 19 30 38 44 47 48
313 312 310 308 307 306 305 304 304 305 307 311 312 310 306 303 303 304 305 307 306 306 305 304 304 303 303 303 304 304 303 303 303 303 303 303 303 303 304 304 304 304 304 304 305 305 306 306 307 309 312 311 304 299 298 300 299 299 299 300 302 304 306 309 314 323 337 343 335 333 335 336 336 338 341 343 348 353 357 1 5 9 14 18 18 16 12 8 11 18 26 39 46 47 48 49
315 313 310 307 307 307 306 304 304 304 306 309 311 311 309 306 303 303 304 306 307 307 306 305 305 304 303 304 304 304 304 304 304 303 304 304 304 304 304 304 304 304 304 305 305 305 306 306 307 308 310 311 306 303 305 304 300 298 300 302 305 308 308 308 310 316 330 334 331 333 335 335 335 338 341 345 350 354 357 2 7 11 15 17 16 14 10 8 14 27 38 46 48 49 49 50
318 315 310 307 306 305 304 303 303 303 303 306 311 312 311 309 306 304 303 304 306 307 306 306 306 304 303 304 304 304 304 304 304 304 304 304 304 304 304 304 304 304 305 305 305 305 306 306 307 307 309 310 307 305 308 308 302 300 302 304 307 309 305 299 300 310 322 327 329 332 335 335 335 338 342 346 350 353 357 3 7 11 13 14 13 10 10 14 23 35 42 46 48 50 51 51
322 318 311 308 307 306 304 302 300 301 302 304 310 313 311 310 308 306 304 303 304 306 306 306 306 305 304 304 304 304 304 304 304 304 304 304 304 304 304 304 305 305 305 305 305 306 306 306 307 307 308 308 307 305 307 310 305 301 302 303 304 306 305 305 312 320 324 326 328 331 333 334 335 338 342 344 348 352 357 4 9 11 11 11 10 10 14 22 31 37 42 45 48 51 52 53
325 319 311 308 306 306 307 305 302 303 303 304 308 312 312 310 309 308 305 303 304 306 306 306 307 306 305 305 305 305 305 305 304 304 304 304 304 304 305 305 305 305 305 305 305 306 306 306 307 307 307 307 307 305 306 308 305 301 299 299 302 313 316 317 320 323 325 326 328 329 331 332 334 338 341 343 346 351 358 5 9 8 6 4 7 14 22 29 37 40 42 44 48 50 54 57
327 321 314 310 306 307 311 310 304 303 304 306 308 311 312 311 309 309 308 305 306 307 306 306 307 306 305 304 304 304 304 305 305 304 305 305 305 305 305 305 305 305 305 306 306 306 306 306 307 307 307 307 306 306 305 305 303 299 295 295 305 316 315 315 318 322 325 327 327 328 329 330 333 336 339 342 345 350 357 0 1 0 358 357 7 24 33 37 41 42 42 44 48 50 53 57
323 320 319 318 313 313 319 317 307 303 304 307 308 310 312 312 309 309 309 307 306 306 306 306 307 306 304 302 302 303 304 305 305 305 305 305 305 305 305 305 305 306 306 306 306 306 306 307 307 307 307 307 307 307 306 304 302 299 296 295 303 311 311 311 314 319 324 327 328 328 329 329 330 332 337 341 344 348 352 354 353 353 353 359 20 40 41 39 41 42 43 45 49 50 50 52
315 314 314 316 313 314 323 326 314 309 312 315 315 314 315 315 312 309 309 308 306 305 305 305 307 306 301 300 302 303 304 305 305 305 305 305 305 305 305 306 306 306 306 306 306 306 307 307 307 307 307 307 307 307 306 305 304 302 300 299 302 306 306 306 308 313 319 324 327 329 330 330 329 332 337 340 342 344 346 348 348 350 359 17 38 47 41 38 41 42 43 45 46 47 48 47
310 309 306 304 302 302 313 321 313 308 313 319 318 318 318 317 314 310 308 308 307 306 304 304 306 306 299 299 302 304 305 305 306 306 306 306 306 306 306 306 306 306 306 306 307 307 307 307 307 307 308 308 308 307 307 307 306 306 305 304 305 305 303 300 301 305 310 315 319 324 330 330 330 334 339 341 342 341 342 343 346 356 11 29 43 44 38 39 41 42 42 42 42 41 43 42
309 309 305 302 297 293 298 306 303 298 300 305 306 308 311 313 312 310 308 309 307 306 304 303 308 311 303 300 302 304 305 306 306 307 306 306 306 306 306 306 306 306 307 307 307 307 307 307 308 308 308 308 308 308 308 308 308 308 308 308 308 307 306 304 303 303 303 305 308 315 323 327 329 334 339 341 342 340 340 342 350 5 18 31 41 37 35 38 41 43 42 40 38 35 36 36
309 309 308 305 301 298 299 301 298 291 288 291 294 297 300 304 306 307 307 308 308 307 306 306 312 314 307 301 301 303 305 306 306 307 307 307 307 307 307 307 307 307 307 307 307 307 307 308 308 308 308 309 309 309 309 309 309 309 309 310 310 311 310 310 310 308 306 304 304 307 312 316 322 329 335 338 339 338 341 348 358 9 18 30 36 33 33 38 43 43 40 40 39 37 36 35
309 309 308 307 304 302 302 301 298 293 292 294 297 299 300 302 303 303 304 306 308 308 308 309 313 315 309 302 300 301 303 305 305 307 308 308 308 307 307 307 307 307 307 307 307 308 308 308 308 308 309 309 309 310 310 310 310 311 311 312 312 313 313 313 314 314 314 312 310 308 306 306 309 319 328 332 335 337 342 353 3 8 14 25 32 33 35 39 43 40 35 36 39 42 38 39
309 308 307 307 305 302 301 299 298 298 298 298 300 301 303 304 305 304 304 305 306 306 306 307 311 314 310 305 301 299 301 304 305 307 309 310 309 308 308 307 307 307 307 307 308 308 308 308 308 309 309 309 310 310 311 311 311 312 313 313 314 315 315 316 317 317 318 319 318 316 314 311 311 317 324 329 333 338 345 355 2 3 10 23 31 35 38 40 40 38 35 30 30 35 38 45
308 306 304 306 303 300 300 299 298 300 300 300 301 302 303 305 306 306 305 306 305 304 304 304 307 311 310 306 302 300 301 303 304 304 307 309 309 308 309 309 308 308 308 308 308 308 308 308 309 309 309 310 310 311 311 312 312 313 314 315 315 316 317 318 319 320 321 322 322 323 324 323 321 320 323 326 331 339 348 354 354 358 12 27 32 35 38 38 39 41 40 28 25 41 47 53
312 304 299 301 300 298 299 299 299 300 301 302 303 304 304 306 307 306 306 306 306 305 305 305 306 309 308 305 304 302 300 300 300 299 301 306 307 308 309 309 309 309 308 308 308 308 308 309 309 309 310 310 311 312 312 313 314 314 315 316 317 318 319 320 321 323 324 325 326 327 328 329 329 327 324 324 327 336 346 350 349 358 23 37 41 41 41 42 45 49 46 34 39 54 57 58
322 306 290 290 294 296 297 298 299 302 304 305 305 305 305 306 307 307 306 306 306 306 305 306 307 307 305 304 304 303 299 297 297 298 300 305 307 308 309 309 310 309 308 308 308 308 308 309 309 310 310 311 311 312 313 314 314 315 316 317 319 320 321 322 323 325 326 328 329 331 332 333 334 333 329 326 325 330 339 345 350 7 35 46 48 50 50 49 48 44 37 31 43 56 58 59
345 314 273 275 286 291 295 298 302 307 309 309 308 307 306 307 308 308 307 307 306 306 306 306 309 308 304 304 304 305 302 299 300 301 302 305 307 308 308 309 310 310 308 308 308 308 308 308 309 309 310 311 312 313 313 315 316 316 317 318 320 321 323 324 326 327 329 331 332 334 335 336 337 338 336 332 328 327 332 342 356 17 35 40 36 35 38 37 32 32 32 36 47 57 56 57
33 29 262 273 281 291 299 304 307 313 316 314 311 309 308 309 309 309 309 308 307 306 305 307 311 310 305 304 306 308 307 303 302 301 301 304 307 308 306 308 311 310 308 308 308 308 308 308 308 309 310 311 312 313 314 315 316 317 319 320 321 323 324 326 328 329 331 333 335 337 338 339 341 343 342 340 335 330 329 340 0 16 22 24 24 26 28 27 28 33 40 48 56 59 58 59
46 32 315 292 295 307 316 318 317 320 322 319 314 311 310 310 310 309 309 308 307 306 305 307 312 311 305 304 306 309 309 307 305 303 302 303 306 308 307 307 310 310 308 307 306 306 306 306 306 308 310 311 313 314 315 316 317 318 319 321 323 324 326 328 330 332 334 336 338 340 341 342 345 347 347 346 342 337 332 338 356 8 12 15 21 26 28 27 32 42 50 57 61 62 64 67
57 24 307 302 306 315 332 335 331 330 330 324 317 313 310 310 310 309 309 309 307 306 306 308 312 311 305 304 305 308 309 309 307 306 303 303 305 307 307 307 310 311 308 305 303 302 302 302 301 304 308 311 313 315 316 317 318 319 320 322 323 325 327 329 332 334 336 339 341 343 345 346 348 351 352 351 349 345 340 340 348 359 9 15 22 28 29 31 39 48 55 60 63 64 67 71
53 349 308 309 311 320 336 341 340 338 336 328 319 314 310 309 309 308 308 308 307 306 306 308 312 310 306 305 306 307 307 307 305 304 302 301 302 305 306 308 311 313 311 309 308 307 307 307 306 307 309 312 314 315 317 318 319 320 322 323 325 327 329 331 333 336 339 341 344 346 348 349 351 354 356 356 355 351 346 342 342 352 8 18 23 27 32 39 46 54 58 61 63 64 66 70
316 322 319 315 315 316 326 336 340 338 335 326 318 312 308 307 307 306 306 307 307 306 306 307 312 312 308 307 307 306 305 305 304 302 300 299 299 301 304 306 309 313 315 315 315 316 318 318 317 317 318 318 318 318 319 319 320 321 322 324 326 328 330 333 335 338 341 344 346 349 351 353 355 357 0 1 360 356 352 345 340 347 4 17 23 31 41 48 53 60 64 65 66 66 68 71
297 306 315 312 306 307 315 323 324 326 324 320 316 310 305 305 306 304 304 306 306 306 306 307 311 313 309 308 307 306 306 306 305 302 300 299 298 299 301 304 307 310 312 313 313 314 315 315 316 317 320 322 322 322 321 320 320 322 323 325 327 329 332 334 337 340 343 346 349 352 354 356 358 1 4 5 4 2 358 351 342 344 358 15 28 39 50 58 64 69 71 72 71 71 72 73
280 283 289 287 285 284 285 289 300 310 315 317 314 308 305 305 305 303 302 303 304 304 305 307 310 312 309 306 306 306 306 306 306 305 302 301 299 298 299 302 306 309 309 309 308 308 308 307 308 310 313 317 319 321 321 321 321 322 324 325 328 330 333 336 339 342 345 349 352 355 357 360 2 5 7 9 8 7 4 356 346 344 354 13 35 47 54 61 67 71 74 75 75 74 73 73
275 274 273 273 268 261 256 271 292 304 312 315 311 308 304 302 302 299 297 298 299 300 300 302 308 314 312 308 306 306 307 306 307 309 307 306 304 302 301 302 305 308 309 309 307 307 307 306 306 308 311 313 315 318 320 320 321 322 324 326 328 331 334 337 341 344 348 351 354 358 0 3 6 8 11 13 13 12 10 2 348 341 349 12 42 56 62 67 69 72 75 77 78 77 73 71
274 270 264 264 262 261 267 284 294 301 309 309 307 306 301 299 298 294 293 294 295 295 296 302 313 321 319 313 309 307 307 306 307 308 308 307 307 306 304 304 305 308 310 309 307 306 305 306 306 308 310 312 314 316 317 318 319 321 323 326 329 332 335 339 342 346 350 353 357 0 4 7 10 12 14 17 18 19 17 11 354 337 339 9 47 59 66 71 73 76 78 81 84 82 77 72
276 274 272 275 278 281 286 292 294 295 301 304 305 307 303 300 295 290 289 292 296 298 303 312 325 332 323 315 310 308 307 306 305 305 305 304 305 305 304 303 305 308 310 311 310 308 306 306 307 309 312 314 315 316 317 318 318 320 322 325 329 333 337 341 344 348 352 356 360 3 7 10 13 16 18 21 23 25 25 21 8 343 327 25 69 69 71 73 76 80 84 87 86 84 84 88
287 288 289 289 288 289 289 289 287 286 294 305 308 307 304 297 290 287 288 293 300 307 314 322 337 340 326 315 311 308 307 306 305 305 304 303 304 304 301 298 300 304 308 311 311 309 307 306 307 311 314 317 319 320 322 323 323 321 320 323 329 334 338 343 346 350 354 358 2 6 10 13 17 20 23 26 28 30 32 32 29 20 17 111 105 97 89 84 84 88 90 88 84 81 85 91
291 292 289 284 283 286 287 286 286 287 294 305 310 307 303 296 291 288 287 294 305 315 323 332 345 344 327 316 311 308 306 305 305 305 305 303 304 305 303 298 297 300 304 308 310 309 307 306 307 309 313 318 321 324 326 327 326 324 322 325 331 337 340 345 348 352 356 1 5 9 13 17 20 23 27 30 33 36 38 41 44 50 70 102 108 108 103 96 94 95 92 84 83 84 84 87
287 288 286 283 286 291 293 294 294 291 293 302 311 310 308 306 300 292 286 295 311 324 334 341 351 344 325 314 310 307 305 304 303 304 304 303 304 306 307 304 299 298 301 304 307 308 307 305 305 307 311 316 319 323 329 331 330 329 330 334 338 340 343 347 350 354 359 3 7 12 16 20 24 27 30 34 37 40 44 48 53 59 71 89 100 104 104 100 98 95 89 84 88 89 89 90
287 289 294 295 296 301 308 316 316 304 296 301 309 310 310 308 306 302 298 304 314 335 345 348 354 339 321 312 307 305 303 303 302 304 305 304 304 305 306 307 304 299 298 301 304 307 306 303 301 302 307 312 317 322 329 331 329 329 333 339 344 346 346 349 353 357 1 5 10 15 19 23 27 30 34 37 41 44 48 52 57 64 75 89 97 101 102 102 99 93 85 88 93 93 92 95
289 292 299 301 302 306 314 326 332 315 302 307 316 320 322 316 314 312 308 307 313 339 346 349 349 329 315 309 306 304 302 300 301 303 305 305 303 303 304 305 306 302 297 298 302 304 304 303 300 300 302 309 317 323 326 325 322 323 329 338 346 349 349 351 355 359 3 8 13 17 22 26 30 33 37 40 44 48 51 55 60 66 74 86 96 100 101 101 96 89 86 89 92 92 92 94
288 291 297 299 299 302 309 322 335 320 305 307 317 323 326 317 313 310 302 293 290 292 303 329 331 319 311 307 304 301 298 297 299 303 306 305 303 303 304 305 308 308 301 298 300 303 305 306 304 304 306 312 322 325 324 322 318 318 325 334 343 349 350 353 357 1 5 10 16 20 25 28 32 36 40 43 47 50 54 58 62 66 72 79 87 93 96 95 90 87 86 86 87 87 88 88
284 285 291 294 292 292 295 307 324 315 301 294 297 299 303 295 294 289 282 268 254 234 230 270 303 309 308 305 303 300 298 299 301 304 307 305 303 303 303 305 309 312 308 303 304 306 309 310 310 311 313 318 328 329 325 324 323 323 328 334 341 348 351 355 358 2 8 14 18 23 27 31 35 39 42 46 49 52 55 58 62 66 70 75 79 84 87 87 85 84 83 83 83 83 84 84
