windninja/windninja_output/Output_2025-08-24_2000-2050_Google earth_Fire_150m_10min/merlingen_7.5mi_point_08-24-2025_2000_150m_vel.asc
ncols	158
nrows	163
xllcorner	391686.332397
yllcorner	5160024.123721
cellsize	150.000000
NODATA_value	-32768.000000
[rows 114 to 151 of 163, columns 0 to 83 of 158]
0.40 0.39 0.48 0.59 0.68 0.73 0.74 0.75 0.71 0.72 0.89 1.19 1.23 1.04 1.18 1.38 1.06 0.73 0.73 0.76 0.93 1.23 1.27 0.97 1.06 1.33 1.38 1.33 1.36 1.39 1.42 1.75 2.17 2.57 2.64 2.12 1.59 1.31 1.09 0.92 0.87 1.13 1.52 1.63 1.36 1.16 1.18 1.18 1.13 1.10 1.07 1.04 1.04 1.06 1.08 1.07 1.05 1.04 1.06 1.07 1.03 0.99 1.01 1.07 1.07 1.05 1.05 1.05 1.09 1.10 1.09 1.09 1.09 1.05 1.04 1.04 1.04 1.04 1.01 0.99 1.01 1.00 0.91 0.82
0.38 0.37 0.47 0.59 0.67 0.71 0.71 0.69 0.67 0.78 1.08 1.29 1.14 0.94 1.19 1.55 1.29 0.87 0.75 0.71 0.86 1.08 1.21 1.28 1.38 1.42 1.34 1.27 1.45 1.41 1.26 1.56 2.18 2.62 2.54 2.07 1.63 1.33 1.08 0.90 1.02 1.42 1.66 1.59 1.40 1.30 1.26 1.17 1.11 1.10 1.10 1.08 1.05 1.02 1.03 1.03 1.02 1.02 1.04 1.07 1.04 0.99 1.03 1.09 1.10 1.07 1.06 1.08 1.10 1.08 1.07 1.05 1.02 1.00 1.01 1.04 1.06 1.04 1.01 0.99 1.01 1.02 0.99 0.92
0.41 0.39 0.47 0.57 0.64 0.66 0.64 0.64 0.73 0.96 1.31 1.30 0.98 0.82 1.24 1.73 1.41 0.84 0.74 0.81 0.96 1.15 1.28 1.42 1.47 1.42 1.25 1.22 1.54 1.51 1.33 1.49 1.96 2.48 2.54 2.13 1.72 1.31 1.11 1.12 1.32 1.61 1.60 1.46 1.39 1.26 1.10 1.01 1.07 1.13 1.14 1.10 1.04 0.99 0.98 0.99 1.01 1.01 1.03 1.06 1.04 1.00 1.04 1.11 1.12 1.07 1.07 1.09 1.10 1.08 1.07 1.07 1.06 1.04 1.01 1.02 1.04 1.03 0.98 0.93 0.95 1.00 0.97 0.91
0.43 0.37 0.42 0.53 0.61 0.63 0.60 0.67 0.89 1.17 1.40 1.21 0.83 0.77 1.31 1.79 1.38 0.80 0.87 1.09 1.23 1.37 1.43 1.46 1.49 1.48 1.30 1.27 1.67 1.57 1.34 1.42 1.72 2.35 2.59 2.22 1.72 1.28 1.20 1.44 1.61 1.60 1.43 1.36 1.33 1.14 1.04 1.09 1.17 1.21 1.20 1.12 1.05 0.99 0.96 0.98 1.02 1.02 1.02 1.05 1.05 1.04 1.08 1.15 1.14 1.08 1.08 1.10 1.10 1.10 1.11 1.14 1.15 1.13 1.10 1.08 1.04 1.00 0.97 0.94 0.98 1.04 0.95 0.88
0.46 0.37 0.39 0.51 0.60 0.64 0.64 0.78 1.05 1.23 1.34 1.13 0.81 0.83 1.27 1.72 1.52 0.99 1.05 1.23 1.30 1.38 1.41 1.46 1.56 1.59 1.53 1.64 1.74 1.60 1.49 1.62 1.99 2.65 2.60 2.09 1.72 1.35 1.42 1.67 1.62 1.44 1.31 1.27 1.23 1.16 1.15 1.24 1.28 1.27 1.21 1.10 1.04 0.98 0.94 0.97 1.01 1.00 1.01 1.05 1.07 1.07 1.13 1.20 1.17 1.13 1.13 1.12 1.10 1.10 1.14 1.17 1.18 1.19 1.20 1.18 1.10 1.03 1.01 1.06 1.12 1.08 0.94 0.87
0.52 0.40 0.36 0.52 0.64 0.65 0.71 0.89 1.11 1.18 1.26 1.18 0.87 0.89 1.13 1.54 1.72 1.30 1.10 1.14 1.18 1.24 1.35 1.47 1.61 1.67 1.68 1.75 1.77 1.80 2.07 2.33 2.61 2.75 2.27 1.75 1.50 1.46 1.62 1.66 1.47 1.30 1.23 1.26 1.31 1.27 1.19 1.22 1.24 1.18 1.09 1.01 0.97 0.92 0.89 0.91 0.97 0.99 1.01 1.05 1.09 1.10 1.14 1.17 1.13 1.10 1.09 1.08 1.07 1.10 1.13 1.15 1.18 1.23 1.25 1.22 1.15 1.10 1.08 1.08 1.06 0.99 0.92 0.91
0.55 0.44 0.37 0.54 0.65 0.63 0.76 0.96 1.14 1.11 1.15 1.29 1.01 0.90 1.01 1.40 1.79 1.57 1.14 1.06 1.08 1.15 1.32 1.47 1.60 1.67 1.68 1.68 1.86 2.16 2.36 2.40 2.38 2.20 1.85 1.59 1.37 1.39 1.43 1.31 1.23 1.22 1.29 1.38 1.38 1.30 1.24 1.27 1.22 1.10 1.02 0.96 0.92 0.89 0.85 0.85 0.93 0.99 1.00 1.05 1.11 1.09 1.05 0.98 0.82 0.79 0.84 0.88 0.97 1.07 1.12 1.13 1.16 1.21 1.24 1.22 1.20 1.17 1.11 1.04 0.97 0.94 0.93 0.97
0.59 0.48 0.47 0.61 0.66 0.64 0.80 1.03 1.17 1.06 1.06 1.40 1.20 0.94 0.98 1.30 1.75 1.68 1.20 0.98 0.97 1.08 1.25 1.41 1.60 1.69 1.67 1.73 2.09 2.43 2.37 2.15 2.01 1.84 1.72 1.56 1.33 1.24 1.04 0.94 0.97 1.04 1.17 1.21 1.16 1.15 1.20 1.21 1.12 1.04 0.96 0.91 0.89 0.87 0.84 0.84 0.93 0.99 1.00 1.04 1.04 0.90 0.75 0.64 0.53 0.61 0.75 0.79 0.89 1.03 1.08 1.08 1.12 1.17 1.19 1.21 1.24 1.24 1.19 1.12 1.08 1.05 1.04 1.10
0.63 0.53 0.60 0.67 0.68 0.71 0.85 1.04 1.17 1.03 1.04 1.52 1.37 0.96 0.93 1.12 1.61 1.67 1.13 0.85 0.88 1.05 1.19 1.34 1.59 1.65 1.65 1.85 2.36 2.62 2.30 2.08 1.95 1.68 1.64 1.53 1.25 1.17 0.97 0.82 0.80 0.82 0.92 0.95 0.93 0.97 0.98 0.93 0.89 0.87 0.85 0.86 0.84 0.81 0.80 0.83 0.91 0.97 0.95 0.92 0.79 0.59 0.49 0.49 0.54 0.72 0.90 0.92 0.94 0.98 0.98 1.00 1.09 1.15 1.17 1.18 1.20 1.27 1.34 1.34 1.28 1.23 1.26 1.36
0.59 0.52 0.60 0.61 0.62 0.72 0.83 0.97 1.13 1.04 1.11 1.65 1.45 0.85 0.78 0.99 1.38 1.57 1.21 0.92 0.95 1.06 1.14 1.31 1.55 1.61 1.63 1.98 2.71 2.76 2.14 1.91 1.82 1.54 1.55 1.50 1.19 1.12 1.04 0.79 0.72 0.74 0.80 0.87 0.90 0.92 0.88 0.80 0.77 0.76 0.80 0.83 0.78 0.75 0.74 0.74 0.77 0.81 0.77 0.68 0.53 0.45 0.51 0.62 0.73 0.92 1.03 1.02 0.99 0.93 0.91 0.98 1.06 1.10 1.12 1.13 1.18 1.28 1.41 1.52 1.57 1.58 1.60 1.60
0.55 0.50 0.55 0.54 0.57 0.70 0.79 0.88 1.08 1.07 1.23 1.62 1.22 0.68 0.70 0.92 1.13 1.34 1.33 1.18 1.14 1.16 1.19 1.34 1.50 1.55 1.70 2.40 3.23 2.76 1.80 1.66 1.69 1.49 1.46 1.46 1.18 1.07 1.06 0.81 0.70 0.69 0.69 0.83 0.94 0.93 0.89 0.81 0.76 0.78 0.83 0.81 0.74 0.72 0.69 0.65 0.61 0.63 0.62 0.52 0.48 0.61 0.74 0.82 0.91 1.02 1.04 1.00 0.96 0.87 0.84 0.92 0.98 1.01 1.05 1.09 1.17 1.28 1.41 1.55 1.67 1.73 1.71 1.62
0.52 0.49 0.55 0.55 0.60 0.69 0.76 0.83 1.06 1.11 1.26 1.50 1.10 0.61 0.68 0.85 0.96 1.05 1.20 1.38 1.52 1.48 1.38 1.40 1.60 1.79 2.37 3.43 3.31 2.20 1.38 1.43 1.59 1.41 1.33 1.41 1.21 1.04 1.04 0.86 0.69 0.64 0.63 0.77 0.96 0.97 0.92 0.82 0.76 0.78 0.78 0.74 0.70 0.69 0.67 0.63 0.61 0.63 0.67 0.63 0.69 0.85 0.91 0.92 0.97 1.01 0.99 0.95 0.90 0.84 0.81 0.88 0.96 0.96 0.99 1.05 1.13 1.22 1.31 1.37 1.39 1.49 1.58 1.60
0.47 0.45 0.53 0.56 0.59 0.66 0.76 0.91 1.07 1.10 1.17 1.37 1.17 0.72 0.78 0.87 0.87 0.89 1.03 1.31 1.63 1.91 1.82 1.77 2.36 2.99 3.25 3.23 2.38 1.44 1.14 1.25 1.48 1.34 1.25 1.35 1.23 1.02 0.97 0.86 0.71 0.62 0.62 0.73 0.96 1.06 0.98 0.83 0.75 0.72 0.68 0.64 0.63 0.63 0.61 0.59 0.60 0.66 0.76 0.81 0.87 0.93 0.91 0.88 0.91 0.94 0.93 0.90 0.87 0.85 0.86 0.95 1.02 0.99 1.00 1.06 1.09 1.11 1.16 1.18 1.20 1.30 1.44 1.58
0.47 0.45 0.53 0.55 0.58 0.65 0.82 1.00 1.06 1.05 1.02 1.15 1.21 1.06 1.06 0.96 0.83 0.91 1.09 1.37 1.93 2.49 2.57 2.54 2.72 2.94 2.64 1.91 1.40 1.11 1.01 1.14 1.36 1.28 1.20 1.27 1.20 1.04 0.90 0.83 0.74 0.63 0.64 0.73 0.94 1.12 1.01 0.78 0.66 0.62 0.61 0.59 0.55 0.54 0.54 0.53 0.55 0.66 0.79 0.82 0.83 0.84 0.82 0.81 0.86 0.90 0.89 0.86 0.85 0.84 0.87 0.96 1.01 1.01 1.04 1.10 1.07 1.07 1.16 1.22 1.27 1.38 1.44 1.51
0.48 0.46 0.53 0.55 0.58 0.69 0.88 1.01 1.03 0.98 0.92 1.01 1.18 1.25 1.25 1.05 0.93 1.11 1.55 2.53 3.00 2.78 2.50 2.21 2.11 1.96 1.62 1.27 1.03 0.91 0.94 1.09 1.21 1.15 1.11 1.17 1.16 1.04 0.85 0.80 0.76 0.70 0.72 0.80 0.95 1.13 1.03 0.70 0.54 0.53 0.55 0.53 0.50 0.50 0.50 0.51 0.54 0.66 0.76 0.76 0.75 0.76 0.78 0.80 0.85 0.87 0.85 0.83 0.82 0.82 0.84 0.90 0.95 0.97 1.00 1.06 1.06 1.09 1.19 1.26 1.38 1.48 1.51 1.56
0.46 0.43 0.49 0.51 0.54 0.67 0.86 0.98 0.99 0.93 0.93 1.03 1.12 1.19 1.26 1.30 1.28 1.63 2.63 3.41 2.93 2.08 1.75 1.57 1.59 1.62 1.42 1.11 0.88 0.85 0.93 0.99 1.01 0.95 0.97 1.11 1.15 0.98 0.83 0.81 0.80 0.79 0.81 0.88 0.99 1.09 1.00 0.67 0.53 0.54 0.53 0.48 0.44 0.44 0.46 0.49 0.55 0.64 0.71 0.72 0.73 0.75 0.77 0.80 0.83 0.84 0.82 0.81 0.80 0.80 0.83 0.89 0.95 0.94 0.94 1.01 1.06 1.06 1.13 1.25 1.37 1.44 1.47 1.52
0.47 0.43 0.48 0.51 0.53 0.67 0.84 0.93 0.96 0.95 0.97 0.98 0.97 1.06 1.22 1.50 1.94 2.60 3.18 2.90 1.89 1.42 1.38 1.43 1.58 1.64 1.34 0.97 0.89 0.91 0.91 0.86 0.81 0.79 0.81 0.98 1.12 1.01 0.86 0.84 0.85 0.87 0.92 0.99 1.06 1.06 0.92 0.63 0.54 0.53 0.47 0.40 0.36 0.37 0.40 0.46 0.52 0.60 0.68 0.71 0.72 0.73 0.74 0.77 0.79 0.80 0.80 0.80 0.80 0.80 0.84 0.91 0.96 0.96 0.97 1.06 1.10 1.05 1.11 1.27 1.38 1.43 1.39 1.31
0.50 0.47 0.51 0.54 0.58 0.72 0.84 0.87 0.95 0.98 0.93 0.87 0.86 0.97 1.19 1.57 2.35 2.98 2.74 1.82 1.41 1.32 1.28 1.32 1.55 1.63 1.17 0.94 0.94 0.91 0.87 0.83 0.76 0.70 0.71 0.84 1.02 1.07 0.95 0.90 0.93 0.97 1.03 1.09 1.07 0.94 0.74 0.56 0.52 0.47 0.35 0.28 0.29 0.32 0.37 0.41 0.46 0.55 0.64 0.66 0.66 0.67 0.71 0.74 0.77 0.78 0.80 0.81 0.81 0.82 0.86 0.95 0.96 0.97 1.04 1.14 1.21 1.17 1.18 1.30 1.45 1.45 1.30 1.19
0.48 0.46 0.48 0.55 0.65 0.79 0.83 0.81 0.92 0.97 0.88 0.83 0.86 0.99 1.28 1.66 2.56 2.98 2.23 1.51 1.36 1.29 1.25 1.29 1.47 1.56 1.19 0.94 0.93 0.83 0.78 0.77 0.69 0.64 0.70 0.82 0.96 1.08 1.03 0.99 1.05 1.07 1.07 1.10 1.01 0.73 0.53 0.47 0.48 0.39 0.23 0.20 0.24 0.29 0.34 0.38 0.43 0.50 0.58 0.59 0.62 0.69 0.71 0.73 0.75 0.77 0.79 0.81 0.82 0.83 0.91 0.98 0.97 1.01 1.10 1.19 1.33 1.33 1.29 1.39 1.51 1.42 1.21 1.16
0.46 0.43 0.48 0.59 0.73 0.83 0.81 0.79 0.91 0.99 0.94 0.88 0.91 1.11 1.40 1.94 2.87 2.92 2.22 1.62 1.44 1.34 1.31 1.29 1.30 1.31 1.20 1.01 0.90 0.79 0.71 0.69 0.63 0.67 0.78 0.87 0.96 1.03 1.01 1.07 1.15 1.08 1.05 1.06 0.88 0.57 0.45 0.42 0.40 0.28 0.16 0.17 0.22 0.28 0.34 0.38 0.41 0.49 0.58 0.62 0.69 0.76 0.74 0.73 0.75 0.75 0.78 0.82 0.83 0.87 0.96 1.00 1.02 1.07 1.11 1.21 1.34 1.30 1.28 1.40 1.45 1.32 1.16 1.10
0.48 0.48 0.56 0.66 0.79 0.81 0.78 0.83 0.93 1.03 1.06 0.98 1.05 1.31 1.86 2.82 3.14 2.70 2.06 1.67 1.44 1.29 1.22 1.14 0.99 0.97 1.11 1.12 0.96 0.83 0.75 0.72 0.69 0.74 0.81 0.85 0.90 0.91 0.96 1.15 1.22 1.10 1.03 0.95 0.66 0.48 0.42 0.35 0.27 0.21 0.17 0.17 0.22 0.28 0.33 0.36 0.40 0.50 0.60 0.67 0.75 0.76 0.72 0.72 0.73 0.75 0.77 0.80 0.86 0.94 1.01 1.06 1.08 1.06 1.08 1.21 1.29 1.24 1.20 1.30 1.32 1.19 1.04 0.98
0.49 0.52 0.62 0.70 0.79 0.81 0.80 0.87 0.94 1.04 1.09 1.03 1.12 1.60 2.72 3.28 2.86 2.25 1.84 1.63 1.40 1.10 1.00 0.90 0.76 0.77 0.94 1.12 1.10 0.93 0.80 0.76 0.78 0.79 0.80 0.82 0.80 0.78 0.96 1.23 1.24 1.10 1.00 0.77 0.52 0.43 0.36 0.24 0.18 0.20 0.20 0.19 0.23 0.27 0.31 0.34 0.40 0.52 0.61 0.68 0.73 0.72 0.70 0.70 0.72 0.75 0.75 0.79 0.91 1.00 1.07 1.11 1.11 1.09 1.14 1.24 1.29 1.26 1.18 1.19 1.16 1.01 0.91 0.94
0.47 0.51 0.61 0.67 0.75 0.81 0.82 0.84 0.88 0.97 1.02 1.05 1.11 1.81 3.06 2.98 2.24 1.96 1.70 1.54 1.34 1.00 0.85 0.80 0.73 0.72 0.82 1.04 1.18 1.07 0.85 0.77 0.80 0.79 0.81 0.81 0.74 0.72 0.99 1.29 1.20 1.07 0.94 0.61 0.45 0.38 0.28 0.16 0.14 0.19 0.20 0.19 0.23 0.28 0.31 0.34 0.42 0.56 0.66 0.72 0.74 0.72 0.71 0.71 0.71 0.72 0.72 0.78 0.93 1.02 1.05 1.07 1.12 1.19 1.24 1.29 1.33 1.29 1.21 1.16 1.10 0.98 0.96 1.08
0.44 0.47 0.55 0.59 0.71 0.79 0.77 0.75 0.79 0.89 0.97 1.08 1.21 2.09 3.07 2.64 2.05 1.81 1.51 1.38 1.26 1.01 0.84 0.80 0.74 0.70 0.76 0.99 1.19 1.12 0.86 0.76 0.79 0.81 0.83 0.81 0.73 0.70 1.00 1.31 1.15 0.97 0.80 0.54 0.40 0.34 0.26 0.15 0.13 0.18 0.20 0.21 0.25 0.28 0.31 0.36 0.48 0.64 0.71 0.73 0.73 0.71 0.71 0.69 0.67 0.66 0.68 0.75 0.89 0.98 1.00 1.01 1.09 1.14 1.16 1.24 1.33 1.34 1.29 1.27 1.23 1.12 1.13 1.28
0.44 0.45 0.48 0.53 0.68 0.75 0.69 0.68 0.77 0.90 1.04 1.22 1.58 2.74 3.14 2.44 1.88 1.55 1.25 1.22 1.22 1.03 0.89 0.83 0.73 0.69 0.76 0.97 1.11 1.01 0.86 0.83 0.85 0.86 0.85 0.78 0.68 0.70 1.00 1.29 1.09 0.77 0.62 0.49 0.37 0.33 0.28 0.17 0.14 0.19 0.23 0.26 0.28 0.30 0.33 0.43 0.58 0.69 0.72 0.72 0.71 0.70 0.69 0.65 0.60 0.58 0.62 0.72 0.85 0.96 1.03 1.06 1.10 1.13 1.12 1.14 1.26 1.31 1.28 1.31 1.32 1.22 1.33 1.45
0.45 0.44 0.45 0.54 0.67 0.70 0.65 0.70 0.83 0.96 1.17 1.53 2.44 3.32 2.98 2.00 1.55 1.30 1.10 1.14 1.21 1.08 0.93 0.83 0.73 0.72 0.79 0.91 0.97 0.85 0.77 0.89 0.94 0.87 0.87 0.77 0.67 0.79 1.03 1.17 0.91 0.60 0.51 0.42 0.35 0.34 0.29 0.20 0.18 0.23 0.28 0.31 0.31 0.34 0.44 0.56 0.66 0.71 0.71 0.70 0.69 0.70 0.69 0.62 0.56 0.56 0.63 0.76 0.89 0.98 1.09 1.18 1.20 1.19 1.17 1.14 1.19 1.23 1.19 1.28 1.40 1.56 1.84 1.82
0.45 0.43 0.49 0.61 0.65 0.64 0.71 0.81 0.87 1.10 1.38 1.96 3.19 3.28 2.15 1.48 1.32 1.16 0.99 1.07 1.20 1.12 0.95 0.84 0.78 0.79 0.82 0.85 0.87 0.76 0.71 0.87 0.95 0.91 0.94 0.84 0.74 0.84 0.93 0.89 0.67 0.52 0.47 0.39 0.34 0.33 0.29 0.24 0.24 0.29 0.33 0.35 0.36 0.44 0.58 0.66 0.69 0.69 0.69 0.68 0.69 0.72 0.70 0.64 0.63 0.69 0.79 0.90 0.98 1.06 1.18 1.27 1.25 1.21 1.22 1.16 1.10 1.16 1.22 1.36 1.62 1.83 1.88 1.80
0.43 0.42 0.51 0.59 0.59 0.66 0.84 0.91 0.99 1.39 1.76 2.70 3.35 2.45 1.43 1.25 1.18 1.11 1.02 1.09 1.20 1.13 0.98 0.89 0.85 0.85 0.84 0.81 0.78 0.73 0.72 0.82 0.89 0.97 1.03 0.90 0.76 0.76 0.70 0.55 0.49 0.48 0.46 0.38 0.34 0.32 0.29 0.27 0.30 0.33 0.35 0.37 0.44 0.57 0.67 0.70 0.69 0.69 0.69 0.71 0.75 0.78 0.75 0.76 0.86 1.01 1.15 1.22 1.25 1.34 1.39 1.36 1.33 1.37 1.39 1.19 1.01 1.09 1.26 1.48 1.75 1.66 1.31 1.25
0.42 0.39 0.48 0.53 0.59 0.75 0.90 0.99 1.23 1.56 2.09 3.18 3.09 1.59 1.16 1.16 1.13 1.19 1.19 1.18 1.16 1.07 0.99 0.96 0.93 0.88 0.82 0.74 0.71 0.72 0.75 0.80 0.86 0.98 1.07 0.94 0.73 0.62 0.47 0.34 0.39 0.46 0.44 0.39 0.35 0.32 0.29 0.30 0.34 0.35 0.35 0.43 0.57 0.66 0.70 0.70 0.68 0.70 0.73 0.78 0.82 0.83 0.85 0.92 1.07 1.26 1.39 1.47 1.52 1.54 1.50 1.44 1.52 1.64 1.52 1.25 1.09 1.15 1.31 1.63 1.72 1.42 1.19 1.21
0.49 0.41 0.49 0.58 0.68 0.80 0.92 1.08 1.37 1.54 2.27 2.96 2.30 1.34 1.17 1.15 1.18 1.32 1.33 1.14 1.01 1.00 1.01 1.02 0.97 0.88 0.78 0.72 0.72 0.76 0.82 0.87 0.87 0.91 1.05 0.97 0.66 0.45 0.34 0.29 0.36 0.44 0.42 0.39 0.36 0.32 0.30 0.33 0.35 0.35 0.40 0.55 0.72 0.78 0.77 0.69 0.66 0.71 0.75 0.80 0.85 0.88 0.93 1.01 1.11 1.21 1.29 1.36 1.40 1.40 1.39 1.45 1.61 1.62 1.44 1.31 1.30 1.30 1.46 1.72 1.58 1.36 1.48 1.42
0.57 0.49 0.58 0.66 0.71 0.80 0.97 1.17 1.37 1.46 2.07 2.81 2.18 1.41 1.26 1.17 1.23 1.40 1.29 0.96 0.90 0.96 1.01 1.04 0.97 0.83 0.73 0.75 0.78 0.80 0.85 0.91 0.85 0.83 0.99 0.89 0.58 0.39 0.30 0.31 0.36 0.42 0.41 0.39 0.37 0.34 0.32 0.33 0.35 0.40 0.52 0.69 0.84 0.90 0.80 0.67 0.68 0.72 0.75 0.83 0.91 0.95 0.99 1.02 1.03 1.08 1.19 1.22 1.19 1.19 1.25 1.38 1.52 1.48 1.30 1.29 1.34 1.34 1.53 1.63 1.40 1.49 1.68 1.31
0.54 0.53 0.65 0.69 0.74 0.86 1.06 1.25 1.43 1.45 1.79 2.85 2.62 1.58 1.30 1.17 1.25 1.38 1.10 0.88 0.91 0.96 1.01 1.00 0.90 0.81 0.77 0.81 0.81 0.77 0.82 0.88 0.79 0.75 0.83 0.73 0.52 0.36 0.30 0.33 0.37 0.40 0.40 0.38 0.38 0.36 0.34 0.33 0.38 0.50 0.65 0.79 0.92 0.92 0.77 0.70 0.75 0.77 0.85 0.99 1.05 1.05 1.05 1.02 0.99 1.06 1.16 1.12 1.06 1.09 1.16 1.30 1.45 1.39 1.18 1.12 1.17 1.31 1.54 1.52 1.43 1.75 1.66 1.00
0.49 0.55 0.70 0.76 0.87 1.02 1.17 1.37 1.57 1.52 1.98 3.03 2.67 1.57 1.26 1.19 1.26 1.26 1.00 0.91 0.96 0.97 0.99 0.93 0.86 0.86 0.85 0.84 0.81 0.74 0.77 0.81 0.69 0.58 0.57 0.58 0.47 0.36 0.31 0.33 0.37 0.38 0.39 0.39 0.39 0.38 0.35 0.36 0.47 0.60 0.71 0.85 0.97 0.94 0.86 0.85 0.86 0.92 1.05 1.14 1.12 1.08 1.07 1.07 1.12 1.20 1.20 1.12 1.09 1.12 1.15 1.25 1.39 1.34 1.11 0.98 1.02 1.25 1.45 1.51 1.76 1.86 1.33 0.84
0.50 0.59 0.71 0.80 0.98 1.13 1.22 1.46 1.68 1.91 2.78 3.08 2.12 1.29 1.13 1.13 1.19 1.11 0.96 0.94 0.96 0.95 0.92 0.87 0.86 0.92 0.89 0.85 0.84 0.74 0.68 0.73 0.62 0.42 0.41 0.48 0.44 0.37 0.33 0.33 0.35 0.37 0.38 0.40 0.41 0.39 0.37 0.42 0.56 0.65 0.73 0.89 1.02 0.98 0.94 0.93 0.96 1.05 1.12 1.14 1.08 1.04 1.06 1.16 1.28 1.36 1.39 1.42 1.46 1.45 1.45 1.45 1.47 1.39 1.15 1.04 1.19 1.51 1.66 1.82 1.98 1.55 0.94 0.66
0.55 0.58 0.67 0.82 1.00 1.11 1.19 1.41 1.94 2.57 2.92 2.39 1.46 1.10 0.99 0.99 1.04 1.01 0.93 0.93 0.94 0.91 0.84 0.81 0.89 0.95 0.93 0.90 0.87 0.71 0.58 0.62 0.56 0.39 0.36 0.43 0.43 0.38 0.34 0.32 0.34 0.37 0.38 0.40 0.42 0.41 0.41 0.51 0.62 0.66 0.74 0.92 1.04 1.03 1.01 1.02 1.04 1.07 1.13 1.14 1.06 1.03 1.12 1.23 1.30 1.37 1.48 1.59 1.68 1.80 1.90 1.87 1.76 1.57 1.34 1.34 1.74 2.16 2.23 2.18 1.80 1.06 0.82 0.71
0.61 0.68 0.78 0.90 1.06 1.21 1.29 1.50 2.39 2.77 2.30 1.59 1.24 1.04 0.94 0.93 0.95 0.94 0.90 0.90 0.90 0.84 0.74 0.75 0.91 1.01 0.98 0.91 0.79 0.64 0.49 0.46 0.48 0.39 0.35 0.39 0.41 0.39 0.34 0.32 0.33 0.38 0.40 0.40 0.42 0.43 0.47 0.58 0.64 0.65 0.74 0.93 1.06 1.11 1.15 1.13 1.07 1.03 1.10 1.12 1.06 1.09 1.18 1.25 1.31 1.40 1.49 1.52 1.56 1.73 1.87 1.82 1.68 1.52 1.45 1.70 2.19 2.26 1.93 1.67 1.10 0.79 0.82 0.84
0.73 0.81 0.89 0.99 1.29 1.47 1.38 1.68 2.74 2.78 1.79 1.33 1.17 1.00 0.92 0.89 0.87 0.87 0.91 0.91 0.85 0.77 0.66 0.69 0.88 1.06 1.06 0.81 0.63 0.52 0.37 0.35 0.40 0.38 0.36 0.37 0.39 0.37 0.34 0.33 0.34 0.39 0.41 0.40 0.42 0.48 0.55 0.61 0.63 0.65 0.74 0.91 1.08 1.22 1.29 1.20 1.11 1.06 1.06 1.06 1.06 1.13 1.22 1.31 1.41 1.47 1.47 1.43 1.43 1.59 1.72 1.56 1.33 1.29 1.47 1.90 2.11 1.70 1.09 0.82 0.62 0.59 0.64 0.67
0.79 0.84 0.93 1.12 1.38 1.39 1.26 1.75 2.88 2.63 1.51 1.21 1.11 1.00 0.94 0.88 0.81 0.84 0.91 0.88 0.78 0.68 0.63 0.67 0.80 1.03 1.15 0.87 0.55 0.45 0.35 0.31 0.35 0.37 0.37 0.36 0.37 0.35 0.34 0.34 0.36 0.41 0.42 0.40 0.43 0.54 0.63 0.62 0.61 0.66 0.75 0.91 1.12 1.30 1.37 1.25 1.15 1.10 1.10 1.12 1.09 1.14 1.28 1.40 1.48 1.46 1.44 1.44 1.50 1.69 1.78 1.50 1.17 1.22 1.52 1.86 1.73 1.05 0.66 0.51 0.41 0.38 0.35 0.41
