windninja/windninja_output/Output_2025-08-24_2000-2050_Google earth_Fire_150m_10min/merlingen_7.5mi_point_08-24-2025_2010_150m_vel.asc
ncols	158
nrows	163
xllcorner	391686.332397
yllcorner	5160024.123721
cellsize	150.000000
NODATA_value	-32768.000000
[rows 0 to 37 of 163, columns 0 to 83 of 158]
1.08 1.07 1.08 1.06 1.07 1.08 1.01 0.94 0.97 0.97 0.91 0.83 0.82 0.95 1.06 1.04 0.96 0.90 0.91 0.95 0.85 0.72 0.75 0.79 0.80 0.77 0.70 0.69 0.71 0.69 0.65 0.64 0.63 0.60 0.60 0.61 0.56 0.53 0.53 0.50 0.49 0.49 0.46 0.45 0.46 0.45 0.44 0.45 0.50 0.57 0.61 0.65 0.68 0.68 0.64 0.58 0.53 0.51 0.51 0.54 0.57 0.58 0.57 0.59 0.63 0.67 0.69 0.68 0.67 0.67 0.69 0.71 0.71 0.72 0.76 0.79 0.78 0.73 0.69 0.71 0.76 0.78 0.78 0.76
1.03 1.07 1.10 1.07 1.09 1.07 0.96 0.92 0.98 0.98 0.90 0.77 0.70 0.83 1.00 1.06 1.02 0.95 0.99 1.02 0.87 0.73 0.73 0.79 0.83 0.79 0.71 0.69 0.72 0.69 0.66 0.65 0.64 0.62 0.62 0.64 0.59 0.56 0.57 0.53 0.52 0.53 0.51 0.53 0.55 0.54 0.55 0.56 0.58 0.58 0.59 0.59 0.59 0.57 0.55 0.54 0.55 0.56 0.57 0.57 0.57 0.58 0.60 0.63 0.65 0.67 0.69 0.70 0.70 0.70 0.72 0.73 0.74 0.76 0.79 0.81 0.82 0.81 0.79 0.79 0.81 0.81 0.81 0.82
0.99 1.08 1.11 1.06 1.09 1.00 0.89 0.92 1.01 1.01 0.89 0.67 0.55 0.68 0.92 1.12 1.15 1.09 1.12 1.08 0.89 0.76 0.72 0.76 0.83 0.81 0.74 0.71 0.70 0.68 0.67 0.68 0.67 0.67 0.69 0.68 0.66 0.65 0.64 0.61 0.62 0.62 0.64 0.69 0.71 0.71 0.73 0.73 0.70 0.65 0.62 0.60 0.56 0.52 0.53 0.57 0.62 0.64 0.65 0.65 0.65 0.66 0.68 0.70 0.69 0.70 0.71 0.74 0.76 0.77 0.76 0.77 0.79 0.81 0.83 0.85 0.89 0.94 0.92 0.89 0.89 0.91 0.89 0.90
1.00 1.08 1.09 1.04 1.07 0.96 0.93 1.05 1.13 1.07 0.87 0.60 0.53 0.66 0.92 1.22 1.26 1.19 1.15 1.05 0.91 0.81 0.74 0.74 0.83 0.85 0.79 0.74 0.71 0.70 0.71 0.71 0.72 0.76 0.76 0.74 0.73 0.70 0.69 0.71 0.74 0.75 0.79 0.84 0.84 0.84 0.84 0.81 0.77 0.77 0.75 0.69 0.65 0.64 0.64 0.65 0.65 0.66 0.67 0.69 0.72 0.73 0.73 0.72 0.72 0.73 0.75 0.77 0.79 0.80 0.80 0.80 0.80 0.80 0.80 0.83 0.89 0.96 0.98 0.95 0.95 1.01 1.03 1.01
1.02 1.07 1.05 1.02 1.05 1.00 1.05 1.19 1.19 1.01 0.74 0.55 0.54 0.71 1.03 1.30 1.31 1.22 1.11 1.02 0.95 0.90 0.82 0.77 0.86 0.89 0.85 0.81 0.77 0.76 0.77 0.79 0.84 0.86 0.83 0.79 0.77 0.78 0.83 0.86 0.87 0.90 0.95 0.96 0.94 0.90 0.86 0.82 0.80 0.79 0.74 0.69 0.67 0.68 0.67 0.67 0.67 0.67 0.69 0.71 0.73 0.74 0.74 0.75 0.76 0.77 0.79 0.80 0.82 0.82 0.81 0.80 0.81 0.82 0.82 0.81 0.80 0.85 0.95 0.98 0.93 0.95 1.06 1.10
1.03 1.05 1.03 1.02 1.07 1.08 1.15 1.21 1.09 0.84 0.64 0.56 0.55 0.76 1.13 1.28 1.29 1.19 1.05 1.01 1.01 0.99 0.90 0.82 0.87 0.91 0.87 0.83 0.82 0.82 0.84 0.90 0.96 0.94 0.88 0.86 0.90 0.96 1.00 0.99 0.98 0.98 0.99 0.95 0.90 0.85 0.80 0.77 0.76 0.72 0.68 0.66 0.65 0.65 0.66 0.68 0.70 0.72 0.74 0.75 0.76 0.77 0.78 0.79 0.80 0.81 0.82 0.84 0.87 0.88 0.88 0.85 0.85 0.88 0.92 0.94 0.91 0.88 0.90 0.96 0.93 0.90 0.98 1.08
1.02 1.03 1.03 1.05 1.10 1.13 1.17 1.12 0.93 0.75 0.65 0.61 0.61 0.81 1.16 1.25 1.22 1.16 1.08 1.04 1.07 1.08 0.98 0.85 0.86 0.87 0.84 0.85 0.86 0.86 0.89 0.98 1.01 0.97 0.95 1.01 1.07 1.09 1.06 1.01 0.97 0.95 0.90 0.84 0.78 0.76 0.74 0.72 0.70 0.67 0.66 0.67 0.68 0.68 0.69 0.70 0.72 0.75 0.78 0.80 0.84 0.88 0.90 0.88 0.86 0.85 0.86 0.89 0.92 0.96 1.01 1.05 1.04 1.01 1.02 1.08 1.10 1.06 1.00 1.01 1.03 1.03 1.04 1.07
1.01 1.03 1.04 1.06 1.09 1.11 1.10 0.99 0.83 0.74 0.71 0.70 0.70 0.85 1.14 1.24 1.17 1.15 1.13 1.09 1.13 1.16 1.06 0.92 0.86 0.84 0.86 0.91 0.89 0.85 0.92 1.00 0.98 0.95 0.99 1.07 1.07 1.02 0.97 0.91 0.87 0.84 0.80 0.76 0.73 0.73 0.71 0.69 0.67 0.64 0.64 0.68 0.71 0.72 0.73 0.76 0.79 0.82 0.85 0.90 0.94 0.96 0.97 0.98 0.96 0.93 0.92 0.95 0.97 1.00 1.05 1.12 1.16 1.13 1.08 1.07 1.10 1.11 1.08 1.06 1.09 1.09 1.12 1.18
1.01 1.03 1.05 1.05 1.05 1.06 1.02 0.91 0.83 0.80 0.79 0.78 0.77 0.87 1.12 1.23 1.16 1.16 1.16 1.14 1.19 1.21 1.12 1.00 0.92 0.88 0.92 0.94 0.87 0.85 0.97 1.01 0.95 0.95 1.01 1.02 0.95 0.87 0.83 0.79 0.76 0.74 0.73 0.72 0.73 0.72 0.69 0.67 0.65 0.64 0.67 0.69 0.69 0.71 0.78 0.84 0.88 0.91 0.92 0.91 0.87 0.83 0.85 0.91 0.94 0.96 0.98 1.01 1.04 1.04 1.02 0.99 1.02 1.05 1.05 1.03 1.04 1.08 1.09 1.08 1.10 1.09 1.13 1.27
1.00 1.01 1.04 1.04 1.02 1.01 0.98 0.93 0.89 0.88 0.86 0.84 0.81 0.87 1.07 1.19 1.18 1.19 1.18 1.21 1.25 1.24 1.18 1.07 0.98 0.93 0.92 0.92 0.87 0.89 1.02 1.02 0.93 0.96 1.00 0.96 0.86 0.79 0.76 0.73 0.72 0.73 0.74 0.73 0.72 0.69 0.66 0.65 0.65 0.64 0.65 0.67 0.67 0.73 0.80 0.85 0.86 0.85 0.80 0.73 0.67 0.66 0.66 0.68 0.76 0.88 0.97 1.01 1.02 1.02 0.97 0.92 0.92 0.96 1.00 0.99 0.97 1.01 1.11 1.25 1.31 1.30 1.22 1.21
0.99 1.01 1.04 1.03 1.00 0.99 0.99 0.97 0.95 0.92 0.91 0.88 0.84 0.86 1.00 1.17 1.23 1.25 1.23 1.26 1.30 1.28 1.25 1.13 1.03 0.98 0.90 0.87 0.88 0.92 1.01 0.97 0.90 0.94 0.97 0.91 0.82 0.76 0.76 0.77 0.76 0.77 0.76 0.72 0.68 0.66 0.64 0.62 0.59 0.55 0.57 0.60 0.63 0.69 0.71 0.69 0.63 0.56 0.50 0.46 0.46 0.46 0.45 0.49 0.60 0.73 0.80 0.84 0.84 0.87 0.93 0.96 0.98 0.99 1.00 0.99 0.97 0.99 1.11 1.34 1.51 1.55 1.45 1.29
1.00 1.01 1.03 1.02 0.99 0.99 1.01 1.00 0.97 0.95 0.93 0.90 0.87 0.86 0.99 1.19 1.28 1.30 1.29 1.30 1.32 1.31 1.26 1.15 1.04 0.92 0.78 0.78 0.85 0.89 0.92 0.91 0.89 0.92 0.93 0.86 0.79 0.78 0.80 0.79 0.77 0.77 0.74 0.68 0.66 0.64 0.57 0.51 0.45 0.42 0.43 0.44 0.43 0.45 0.45 0.42 0.36 0.31 0.26 0.22 0.21 0.22 0.25 0.35 0.46 0.51 0.54 0.57 0.63 0.77 0.93 1.02 1.04 1.07 1.14 1.23 1.32 1.36 1.36 1.41 1.52 1.64 1.71 1.67
1.00 1.01 1.02 1.01 1.00 1.01 1.02 1.01 0.98 0.96 0.95 0.93 0.88 0.86 0.98 1.22 1.32 1.32 1.33 1.33 1.33 1.30 1.22 1.11 0.97 0.78 0.68 0.73 0.82 0.85 0.88 0.91 0.93 0.92 0.87 0.82 0.82 0.83 0.83 0.78 0.77 0.78 0.72 0.67 0.64 0.58 0.47 0.37 0.33 0.34 0.35 0.33 0.31 0.32 0.34 0.31 0.26 0.19 0.12 0.08 0.10 0.14 0.21 0.29 0.33 0.33 0.33 0.37 0.54 0.74 0.87 0.97 1.06 1.15 1.31 1.51 1.65 1.72 1.71 1.64 1.58 1.63 1.76 1.84
1.00 1.01 1.01 1.01 1.01 1.03 1.02 1.00 0.99 0.98 0.96 0.95 0.89 0.86 0.98 1.24 1.38 1.35 1.34 1.36 1.31 1.23 1.15 1.04 0.89 0.75 0.71 0.77 0.83 0.84 0.88 0.92 0.94 0.89 0.83 0.85 0.88 0.87 0.83 0.76 0.75 0.70 0.59 0.53 0.50 0.44 0.36 0.32 0.33 0.35 0.33 0.30 0.27 0.29 0.32 0.30 0.25 0.17 0.11 0.12 0.20 0.27 0.33 0.35 0.32 0.29 0.28 0.35 0.48 0.60 0.72 0.86 1.03 1.18 1.28 1.32 1.38 1.47 1.52 1.52 1.51 1.54 1.61 1.65
1.00 1.01 1.01 1.02 1.02 1.02 1.01 1.00 1.01 1.00 0.98 0.97 0.92 0.89 1.01 1.27 1.44 1.38 1.32 1.32 1.26 1.14 1.05 0.97 0.88 0.81 0.78 0.81 0.83 0.82 0.88 0.94 0.94 0.89 0.86 0.90 0.88 0.84 0.76 0.66 0.62 0.52 0.46 0.46 0.44 0.40 0.37 0.38 0.43 0.44 0.42 0.39 0.37 0.40 0.44 0.39 0.33 0.29 0.31 0.41 0.54 0.61 0.68 0.67 0.56 0.47 0.45 0.47 0.51 0.52 0.60 0.80 0.98 1.07 1.06 1.04 1.06 1.07 1.07 1.10 1.19 1.27 1.30 1.30
1.01 1.01 1.01 1.02 1.02 1.01 1.01 1.01 1.02 1.02 1.01 1.00 0.98 0.94 1.04 1.34 1.47 1.38 1.28 1.25 1.20 1.09 1.00 0.94 0.93 0.91 0.84 0.83 0.84 0.84 0.95 1.02 0.96 0.90 0.87 0.82 0.77 0.73 0.63 0.57 0.54 0.48 0.48 0.53 0.50 0.48 0.49 0.47 0.46 0.53 0.63 0.68 0.74 0.84 0.86 0.83 0.73 0.64 0.63 0.70 0.82 0.90 0.92 0.90 0.86 0.84 0.80 0.75 0.69 0.61 0.61 0.69 0.77 0.82 0.88 0.94 0.94 0.90 0.93 1.01 1.06 1.02 0.97 0.95
1.01 1.01 1.01 1.02 1.01 1.01 1.02 1.02 1.04 1.04 1.04 1.03 1.03 1.01 1.09 1.35 1.44 1.35 1.25 1.20 1.15 1.05 0.97 0.95 0.99 0.98 0.88 0.85 0.88 0.94 1.02 1.00 0.86 0.77 0.73 0.70 0.70 0.67 0.60 0.58 0.57 0.58 0.66 0.69 0.63 0.61 0.62 0.58 0.59 0.71 0.84 0.93 1.00 1.02 0.99 0.96 0.93 0.90 0.89 0.97 1.02 1.01 0.98 0.94 0.96 0.99 0.98 0.96 0.93 0.82 0.69 0.62 0.58 0.63 0.78 0.86 0.88 0.95 1.05 1.10 1.04 0.90 0.80 0.75
1.01 1.01 1.02 1.01 1.01 1.02 1.03 1.04 1.05 1.07 1.06 1.05 1.06 1.06 1.13 1.29 1.38 1.32 1.22 1.15 1.09 1.02 0.96 0.98 1.02 0.98 0.90 0.88 0.92 0.97 0.96 0.85 0.71 0.65 0.68 0.72 0.72 0.70 0.69 0.70 0.73 0.74 0.75 0.72 0.68 0.67 0.70 0.76 0.86 0.95 0.97 0.97 0.97 0.94 0.89 0.90 0.98 1.06 1.11 1.14 1.12 1.08 1.03 0.99 1.01 1.06 1.10 1.08 1.00 0.91 0.85 0.77 0.70 0.68 0.67 0.73 0.86 0.98 1.00 0.89 0.78 0.72 0.68 0.67
1.01 1.01 1.01 1.02 1.02 1.03 1.04 1.06 1.07 1.07 1.07 1.07 1.09 1.10 1.14 1.24 1.32 1.28 1.18 1.11 1.05 1.00 0.99 1.00 1.00 0.98 0.94 0.91 0.91 0.91 0.85 0.73 0.64 0.65 0.73 0.80 0.80 0.78 0.76 0.78 0.79 0.76 0.76 0.73 0.71 0.74 0.82 0.91 0.96 0.97 0.95 0.91 0.87 0.86 0.90 0.98 1.06 1.11 1.15 1.17 1.14 1.09 1.05 1.05 1.08 1.11 1.12 1.08 1.00 1.00 1.06 1.06 0.98 0.83 0.67 0.60 0.61 0.59 0.56 0.53 0.52 0.52 0.53 0.63
1.01 1.01 1.02 1.02 1.03 1.04 1.06 1.08 1.09 1.07 1.08 1.10 1.12 1.12 1.15 1.20 1.24 1.21 1.15 1.10 1.05 1.03 1.02 1.01 1.00 1.00 0.97 0.93 0.89 0.86 0.78 0.67 0.64 0.69 0.78 0.85 0.87 0.85 0.83 0.87 0.86 0.83 0.82 0.80 0.82 0.91 0.99 0.97 0.91 0.89 0.88 0.86 0.84 0.89 1.00 1.08 1.11 1.12 1.13 1.11 1.05 0.99 0.97 1.00 1.04 1.05 1.05 1.09 1.17 1.26 1.29 1.23 1.14 1.02 0.90 0.76 0.58 0.45 0.45 0.52 0.55 0.57 0.60 0.69
1.01 1.02 1.03 1.03 1.03 1.05 1.07 1.09 1.09 1.08 1.09 1.13 1.13 1.13 1.15 1.17 1.18 1.17 1.15 1.12 1.08 1.06 1.05 1.03 1.01 1.00 0.97 0.93 0.89 0.84 0.74 0.65 0.67 0.77 0.89 0.97 1.02 1.02 0.98 0.97 0.92 0.88 0.86 0.88 0.95 1.01 0.98 0.91 0.88 0.90 0.90 0.90 0.92 0.97 1.00 1.01 1.04 1.08 1.09 1.06 1.00 0.97 0.98 1.02 1.05 1.09 1.15 1.25 1.36 1.40 1.33 1.20 1.08 1.02 1.00 0.98 0.95 0.93 0.91 0.86 0.83 0.83 0.80 0.76
1.03 1.03 1.03 1.03 1.05 1.06 1.08 1.09 1.10 1.10 1.11 1.14 1.15 1.14 1.15 1.15 1.16 1.17 1.17 1.14 1.10 1.08 1.07 1.04 1.01 0.99 0.97 0.93 0.89 0.84 0.74 0.67 0.76 0.96 1.07 1.13 1.16 1.10 1.01 0.94 0.90 0.89 0.91 0.96 0.99 0.96 0.93 0.93 0.95 0.98 0.99 1.00 1.01 1.00 0.97 0.95 0.97 1.01 1.05 1.05 1.04 1.05 1.08 1.11 1.14 1.22 1.33 1.42 1.43 1.34 1.22 1.14 1.06 0.98 0.94 0.98 1.11 1.24 1.31 1.30 1.18 1.04 0.94 0.87
1.04 1.03 1.02 1.04 1.06 1.07 1.09 1.10 1.11 1.12 1.13 1.15 1.17 1.16 1.15 1.16 1.16 1.18 1.18 1.15 1.11 1.10 1.08 1.04 1.00 0.99 0.97 0.93 0.89 0.86 0.79 0.76 0.93 1.10 1.13 1.13 1.10 1.01 0.92 0.88 0.89 0.92 0.96 0.97 0.97 1.00 1.06 1.06 1.05 1.04 1.04 1.04 1.01 1.00 0.99 1.00 1.00 1.02 1.03 1.05 1.07 1.11 1.15 1.21 1.34 1.47 1.54 1.51 1.40 1.28 1.17 1.12 1.09 1.07 1.04 1.05 1.10 1.23 1.41 1.55 1.54 1.40 1.25 1.08
1.04 1.03 1.03 1.07 1.08 1.08 1.09 1.10 1.13 1.16 1.16 1.16 1.17 1.17 1.16 1.17 1.17 1.19 1.19 1.16 1.13 1.12 1.09 1.04 1.00 0.99 0.94 0.90 0.90 0.90 0.86 0.87 1.00 1.08 1.08 1.07 1.01 0.93 0.91 0.92 0.94 0.97 0.97 0.99 1.10 1.20 1.17 1.09 1.04 1.03 1.04 1.02 1.01 1.04 1.06 1.06 1.05 1.03 1.01 1.03 1.08 1.11 1.17 1.34 1.52 1.56 1.49 1.36 1.22 1.15 1.10 1.08 1.09 1.16 1.20 1.13 1.05 1.08 1.20 1.41 1.62 1.66 1.58 1.40
1.04 1.04 1.05 1.07 1.08 1.08 1.09 1.12 1.16 1.19 1.18 1.16 1.17 1.19 1.19 1.18 1.19 1.20 1.20 1.17 1.14 1.13 1.09 1.03 0.99 0.95 0.88 0.87 0.95 0.98 0.93 0.93 0.99 1.04 1.05 1.03 0.98 0.97 0.99 0.99 1.00 1.01 1.04 1.18 1.32 1.25 1.09 1.03 1.01 1.02 1.03 1.04 1.08 1.12 1.12 1.11 1.09 1.04 0.98 0.97 1.02 1.14 1.33 1.49 1.46 1.27 1.11 1.00 0.96 0.94 0.93 0.99 1.12 1.23 1.22 1.10 0.96 0.90 0.97 1.16 1.45 1.69 1.80 1.78
1.05 1.05 1.06 1.08 1.09 1.09 1.10 1.14 1.20 1.21 1.19 1.17 1.19 1.21 1.20 1.20 1.21 1.21 1.20 1.18 1.15 1.12 1.09 1.03 0.98 0.90 0.81 0.87 1.05 1.05 0.97 0.98 1.03 1.05 1.06 1.03 0.99 1.04 1.09 1.07 1.07 1.09 1.18 1.33 1.31 1.10 1.00 1.03 1.05 1.08 1.07 1.06 1.06 1.07 1.11 1.15 1.12 1.02 0.92 0.89 1.03 1.34 1.59 1.60 1.44 1.22 1.04 0.95 0.94 0.92 0.92 1.03 1.17 1.20 1.19 1.17 1.07 0.89 0.87 1.02 1.30 1.59 1.84 2.01
1.05 1.06 1.07 1.08 1.10 1.10 1.11 1.18 1.22 1.21 1.19 1.20 1.22 1.22 1.21 1.23 1.23 1.22 1.21 1.18 1.15 1.13 1.10 1.04 0.97 0.84 0.76 0.93 1.12 1.09 1.01 1.03 1.07 1.06 1.06 1.02 1.01 1.14 1.22 1.19 1.16 1.20 1.30 1.35 1.24 1.10 1.10 1.14 1.17 1.18 1.14 1.10 1.08 1.11 1.20 1.22 1.11 1.00 0.97 1.06 1.29 1.53 1.53 1.39 1.29 1.21 1.11 1.04 1.05 1.09 1.14 1.19 1.17 1.14 1.17 1.25 1.29 1.12 0.92 0.96 1.12 1.32 1.56 1.83
1.06 1.07 1.08 1.09 1.11 1.12 1.14 1.21 1.23 1.21 1.21 1.23 1.24 1.23 1.23 1.25 1.24 1.23 1.21 1.19 1.18 1.16 1.12 1.06 0.95 0.80 0.78 1.01 1.17 1.11 1.06 1.09 1.10 1.08 1.04 0.99 1.03 1.23 1.33 1.28 1.23 1.32 1.40 1.38 1.31 1.25 1.26 1.27 1.25 1.24 1.24 1.27 1.30 1.33 1.34 1.24 1.14 1.14 1.25 1.43 1.56 1.52 1.26 1.02 0.98 1.02 1.04 1.06 1.12 1.21 1.28 1.25 1.18 1.14 1.14 1.19 1.32 1.35 1.17 0.98 0.95 1.05 1.24 1.45
1.06 1.07 1.09 1.11 1.13 1.14 1.18 1.23 1.23 1.21 1.23 1.25 1.26 1.26 1.27 1.27 1.26 1.24 1.22 1.23 1.22 1.19 1.13 1.05 0.94 0.83 0.89 1.12 1.20 1.10 1.10 1.18 1.17 1.13 1.11 1.10 1.17 1.33 1.49 1.44 1.41 1.52 1.52 1.46 1.42 1.35 1.33 1.33 1.35 1.39 1.43 1.46 1.48 1.48 1.40 1.27 1.26 1.35 1.44 1.55 1.59 1.46 1.20 0.99 0.92 0.96 1.01 1.08 1.17 1.27 1.34 1.37 1.31 1.21 1.10 1.06 1.12 1.28 1.26 1.03 0.89 0.91 1.04 1.15
1.07 1.08 1.10 1.12 1.15 1.17 1.21 1.24 1.23 1.23 1.25 1.27 1.29 1.30 1.30 1.29 1.28 1.26 1.25 1.26 1.24 1.20 1.13 1.06 0.97 0.93 1.05 1.20 1.19 1.10 1.16 1.27 1.25 1.30 1.43 1.46 1.43 1.55 1.71 1.67 1.67 1.71 1.63 1.57 1.49 1.40 1.40 1.46 1.58 1.68 1.67 1.64 1.61 1.55 1.45 1.37 1.33 1.35 1.40 1.44 1.39 1.21 1.08 0.99 0.91 0.90 0.98 1.10 1.18 1.22 1.26 1.31 1.31 1.23 1.14 1.10 1.14 1.22 1.23 1.06 0.87 0.82 0.86 0.92
1.09 1.10 1.11 1.13 1.18 1.21 1.23 1.24 1.25 1.26 1.28 1.30 1.32 1.33 1.33 1.32 1.31 1.29 1.27 1.27 1.26 1.21 1.15 1.10 1.04 1.05 1.13 1.17 1.10 1.02 1.11 1.28 1.42 1.65 1.79 1.68 1.58 1.71 1.87 1.82 1.78 1.73 1.60 1.55 1.48 1.42 1.47 1.60 1.68 1.62 1.57 1.57 1.52 1.44 1.37 1.30 1.23 1.22 1.28 1.29 1.13 0.91 0.84 0.84 0.81 0.82 0.92 1.02 1.07 1.07 1.01 0.98 1.04 1.13 1.22 1.31 1.32 1.35 1.39 1.26 1.00 0.84 0.79 0.83
1.12 1.12 1.10 1.14 1.23 1.26 1.24 1.25 1.28 1.29 1.30 1.33 1.35 1.36 1.37 1.35 1.33 1.30 1.29 1.29 1.28 1.24 1.18 1.15 1.12 1.14 1.15 1.12 1.00 0.92 1.09 1.41 1.67 1.89 1.84 1.55 1.53 1.81 1.93 1.77 1.63 1.48 1.35 1.33 1.29 1.30 1.40 1.49 1.38 1.18 1.14 1.17 1.15 1.15 1.14 1.15 1.17 1.18 1.18 1.12 1.00 0.87 0.82 0.84 0.83 0.84 0.91 0.99 1.04 1.01 0.91 0.86 0.94 1.12 1.28 1.35 1.38 1.45 1.54 1.53 1.32 1.07 0.89 0.84
1.14 1.13 1.11 1.16 1.29 1.28 1.24 1.27 1.30 1.32 1.32 1.36 1.39 1.39 1.40 1.37 1.34 1.33 1.32 1.32 1.31 1.27 1.22 1.20 1.21 1.19 1.17 1.11 1.00 1.04 1.38 1.70 1.82 1.89 1.72 1.40 1.48 1.81 1.78 1.48 1.32 1.20 1.14 1.16 1.14 1.15 1.25 1.24 1.05 0.95 0.94 0.93 0.94 0.97 1.01 1.10 1.22 1.27 1.21 1.06 0.89 0.85 0.92 1.00 1.01 0.95 0.97 1.07 1.15 1.14 1.08 1.10 1.21 1.29 1.31 1.34 1.42 1.52 1.62 1.67 1.55 1.30 1.06 0.91
1.14 1.13 1.12 1.22 1.33 1.29 1.26 1.29 1.33 1.35 1.35 1.39 1.42 1.42 1.42 1.39 1.36 1.37 1.37 1.35 1.34 1.31 1.26 1.26 1.28 1.23 1.19 1.11 1.06 1.24 1.58 1.78 1.75 1.79 1.75 1.48 1.53 1.72 1.55 1.27 1.19 1.11 1.07 1.07 1.02 1.05 1.10 1.00 0.88 0.88 0.89 0.87 0.86 0.83 0.87 0.99 1.13 1.25 1.25 1.14 0.99 0.94 1.03 1.16 1.21 1.14 1.04 1.03 1.10 1.26 1.39 1.44 1.42 1.37 1.34 1.37 1.45 1.56 1.72 1.86 1.83 1.58 1.32 1.09
1.13 1.14 1.17 1.28 1.35 1.31 1.29 1.31 1.37 1.39 1.39 1.42 1.44 1.44 1.44 1.41 1.40 1.41 1.40 1.37 1.36 1.35 1.31 1.31 1.31 1.25 1.18 1.11 1.11 1.27 1.56 1.70 1.68 1.79 1.88 1.68 1.55 1.55 1.38 1.19 1.11 1.00 0.94 0.92 0.91 0.96 0.94 0.85 0.83 0.86 0.85 0.82 0.78 0.75 0.77 0.87 1.00 1.06 1.07 1.11 1.11 1.08 1.10 1.19 1.30 1.29 1.14 1.01 1.05 1.25 1.45 1.49 1.41 1.33 1.29 1.28 1.32 1.38 1.48 1.73 1.97 1.95 1.75 1.45
1.14 1.16 1.22 1.34 1.38 1.32 1.31 1.34 1.40 1.43 1.43 1.44 1.46 1.46 1.45 1.44 1.44 1.44 1.41 1.39 1.40 1.38 1.35 1.34 1.31 1.24 1.18 1.13 1.11 1.27 1.58 1.72 1.80 1.96 1.96 1.65 1.38 1.30 1.19 1.02 0.91 0.84 0.83 0.86 0.91 0.96 0.90 0.88 0.92 0.92 0.88 0.85 0.84 0.85 0.90 0.98 1.00 0.95 0.91 0.93 0.99 1.02 1.05 1.13 1.27 1.38 1.33 1.21 1.19 1.19 1.18 1.22 1.23 1.18 1.15 1.15 1.14 1.07 0.99 1.13 1.56 1.88 1.96 1.77
1.17 1.20 1.28 1.38 1.39 1.34 1.34 1.38 1.44 1.47 1.46 1.47 1.48 1.48 1.48 1.47 1.47 1.46 1.44 1.43 1.43 1.40 1.38 1.35 1.31 1.27 1.22 1.11 1.11 1.41 1.76 1.88 1.97 2.00 1.82 1.44 1.15 1.03 0.95 0.83 0.76 0.79 0.86 0.93 1.00 1.02 0.98 0.98 0.99 0.95 0.94 0.97 1.00 1.05 1.11 1.13 1.09 1.03 0.97 0.95 0.98 1.00 1.01 1.06 1.16 1.34 1.45 1.43 1.33 1.12 0.92 0.90 0.95 1.02 1.12 1.14 1.10 1.05 0.97 0.93 1.07 1.38 1.73 1.90
1.22 1.25 1.34 1.40 1.39 1.37 1.39 1.43 1.46 1.50 1.51 1.50 1.49 1.50 1.51 1.50 1.49 1.48 1.47 1.46 1.44 1.42 1.40 1.38 1.35 1.31 1.24 1.14 1.29 1.75 1.94 1.93 1.90 1.79 1.61 1.30 0.95 0.76 0.76 0.78 0.80 0.89 0.98 1.05 1.10 1.09 1.07 1.08 1.04 1.00 1.05 1.11 1.14 1.15 1.16 1.17 1.19 1.18 1.16 1.16 1.16 1.13 1.09 1.06 1.06 1.16 1.32 1.38 1.30 1.13 0.98 0.93 1.01 1.14 1.20 1.15 1.12 1.22 1.32 1.20 1.05 1.16 1.47 1.84
