windninja/windninja_output/Output_2025-08-24_2000-2050_Google earth_Fire_150m_10min/merlingen_7.5mi_point_08-24-2025_2000_150m_vel.asc
ncols	158
nrows	163
xllcorner	391686.332397
yllcorner	5160024.123721
cellsize	150.000000
NODATA_value	-32768.000000
[rows 0 to 37 of 163, columns 0 to 83 of 158]
1.76 1.80 1.84 1.83 1.87 1.90 1.80 1.79 1.91 1.93 1.88 1.87 2.03 2.33 2.47 2.33 2.10 1.90 1.91 1.95 1.70 1.50 1.74 1.94 1.96 1.85 1.69 1.70 1.81 1.81 1.77 1.79 1.78 1.72 1.73 1.80 1.69 1.61 1.64 1.57 1.58 1.63 1.61 1.60 1.60 1.56 1.56 1.51 1.46 1.48 1.48 1.46 1.48 1.46 1.40 1.38 1.38 1.40 1.42 1.39 1.34 1.33 1.33 1.31 1.29 1.29 1.32 1.35 1.35 1.32 1.27 1.25 1.21 1.20 1.24 1.24 1.19 1.20 1.22 1.20 1.15 1.10 1.13 1.16
1.67 1.77 1.82 1.79 1.86 1.88 1.77 1.76 1.88 1.90 1.81 1.71 1.80 2.13 2.42 2.46 2.27 2.02 2.01 2.03 1.70 1.39 1.53 1.84 2.01 1.93 1.72 1.67 1.77 1.79 1.77 1.77 1.77 1.73 1.73 1.82 1.73 1.65 1.65 1.56 1.56 1.62 1.61 1.64 1.65 1.60 1.61 1.56 1.47 1.46 1.47 1.46 1.46 1.44 1.38 1.36 1.38 1.40 1.43 1.40 1.33 1.31 1.32 1.30 1.28 1.27 1.32 1.38 1.39 1.34 1.27 1.22 1.20 1.21 1.25 1.23 1.17 1.22 1.26 1.20 1.11 1.07 1.13 1.15
1.52 1.71 1.77 1.72 1.83 1.78 1.69 1.77 1.86 1.82 1.64 1.39 1.41 1.74 2.25 2.58 2.49 2.25 2.19 2.10 1.74 1.33 1.26 1.59 1.98 2.01 1.80 1.68 1.70 1.74 1.76 1.77 1.75 1.74 1.76 1.79 1.77 1.72 1.67 1.58 1.57 1.59 1.61 1.70 1.71 1.66 1.65 1.62 1.50 1.42 1.44 1.43 1.41 1.40 1.37 1.37 1.40 1.41 1.44 1.41 1.34 1.31 1.31 1.30 1.27 1.26 1.32 1.42 1.47 1.38 1.24 1.19 1.21 1.24 1.26 1.20 1.16 1.28 1.32 1.17 1.01 1.05 1.14 1.11
1.41 1.65 1.73 1.68 1.79 1.67 1.62 1.81 1.87 1.76 1.50 1.17 1.20 1.51 2.00 2.56 2.58 2.40 2.30 2.14 1.84 1.50 1.24 1.32 1.78 1.96 1.88 1.77 1.69 1.72 1.79 1.80 1.79 1.79 1.78 1.76 1.75 1.75 1.71 1.64 1.61 1.60 1.67 1.75 1.75 1.70 1.65 1.60 1.51 1.44 1.42 1.37 1.36 1.40 1.41 1.40 1.42 1.41 1.41 1.42 1.38 1.32 1.29 1.30 1.27 1.26 1.31 1.44 1.52 1.39 1.22 1.20 1.25 1.25 1.23 1.18 1.18 1.31 1.33 1.13 0.95 1.04 1.15 1.10
1.33 1.55 1.68 1.67 1.76 1.66 1.62 1.81 1.83 1.65 1.37 1.09 1.10 1.43 1.98 2.51 2.62 2.47 2.31 2.20 1.99 1.71 1.35 1.19 1.54 1.79 1.83 1.81 1.72 1.73 1.80 1.87 1.92 1.87 1.77 1.75 1.74 1.76 1.78 1.72 1.64 1.65 1.74 1.78 1.76 1.70 1.62 1.55 1.51 1.47 1.39 1.32 1.33 1.40 1.44 1.43 1.42 1.42 1.41 1.42 1.40 1.32 1.28 1.29 1.29 1.27 1.30 1.45 1.53 1.36 1.22 1.23 1.27 1.25 1.20 1.18 1.21 1.30 1.29 1.10 0.93 1.01 1.18 1.16
1.34 1.45 1.58 1.65 1.75 1.71 1.71 1.82 1.72 1.47 1.25 1.06 1.01 1.38 2.04 2.42 2.59 2.52 2.30 2.21 2.14 1.94 1.51 1.20 1.35 1.58 1.67 1.73 1.71 1.72 1.77 1.91 2.02 1.94 1.81 1.77 1.79 1.82 1.84 1.78 1.69 1.71 1.77 1.76 1.71 1.66 1.59 1.53 1.49 1.43 1.35 1.32 1.34 1.40 1.45 1.46 1.45 1.45 1.43 1.42 1.40 1.32 1.28 1.31 1.30 1.28 1.31 1.46 1.52 1.33 1.21 1.27 1.32 1.25 1.17 1.19 1.27 1.31 1.21 1.02 0.95 1.07 1.23 1.22
1.39 1.43 1.48 1.58 1.72 1.76 1.80 1.78 1.57 1.36 1.21 1.06 0.99 1.35 2.05 2.34 2.46 2.52 2.38 2.26 2.26 2.17 1.74 1.28 1.24 1.39 1.52 1.61 1.65 1.67 1.75 1.93 2.02 1.94 1.89 1.88 1.88 1.88 1.86 1.79 1.73 1.73 1.74 1.71 1.65 1.63 1.59 1.52 1.46 1.37 1.32 1.35 1.38 1.40 1.47 1.50 1.49 1.48 1.46 1.43 1.40 1.32 1.29 1.31 1.31 1.30 1.33 1.47 1.50 1.30 1.23 1.35 1.39 1.26 1.17 1.22 1.31 1.30 1.09 0.94 1.06 1.22 1.26 1.23
1.42 1.46 1.47 1.54 1.67 1.75 1.80 1.71 1.50 1.34 1.21 1.07 1.01 1.35 2.00 2.29 2.28 2.40 2.41 2.31 2.37 2.36 1.97 1.46 1.21 1.23 1.42 1.55 1.56 1.60 1.76 1.94 1.95 1.91 1.97 2.01 1.94 1.88 1.85 1.79 1.75 1.72 1.71 1.69 1.65 1.63 1.57 1.51 1.43 1.32 1.31 1.38 1.39 1.40 1.51 1.55 1.53 1.54 1.51 1.48 1.41 1.31 1.26 1.29 1.31 1.32 1.37 1.48 1.48 1.31 1.28 1.42 1.41 1.25 1.17 1.21 1.29 1.23 0.96 0.93 1.22 1.35 1.27 1.24
1.41 1.48 1.53 1.55 1.61 1.68 1.72 1.64 1.49 1.38 1.26 1.11 1.02 1.27 1.90 2.25 2.21 2.27 2.35 2.35 2.44 2.44 2.15 1.72 1.33 1.18 1.35 1.50 1.46 1.54 1.81 1.91 1.85 1.91 2.04 2.05 1.94 1.85 1.83 1.80 1.76 1.74 1.71 1.69 1.69 1.63 1.54 1.51 1.41 1.28 1.33 1.42 1.35 1.37 1.58 1.65 1.60 1.59 1.55 1.46 1.36 1.25 1.20 1.23 1.28 1.37 1.46 1.49 1.43 1.31 1.32 1.40 1.35 1.23 1.16 1.17 1.24 1.12 0.91 1.00 1.35 1.45 1.35 1.33
1.41 1.47 1.56 1.58 1.58 1.62 1.63 1.59 1.51 1.42 1.32 1.18 1.06 1.19 1.73 2.15 2.21 2.21 2.24 2.36 2.48 2.45 2.29 1.92 1.53 1.25 1.24 1.42 1.43 1.51 1.84 1.87 1.76 1.91 2.08 2.05 1.92 1.83 1.80 1.81 1.79 1.77 1.74 1.71 1.71 1.62 1.52 1.51 1.42 1.26 1.34 1.43 1.32 1.41 1.65 1.73 1.64 1.57 1.50 1.37 1.29 1.24 1.14 1.12 1.28 1.47 1.54 1.48 1.33 1.25 1.32 1.37 1.31 1.21 1.15 1.14 1.17 1.07 0.99 1.21 1.49 1.55 1.44 1.40
1.41 1.47 1.57 1.59 1.57 1.58 1.59 1.59 1.53 1.45 1.39 1.26 1.12 1.16 1.55 2.03 2.19 2.21 2.18 2.30 2.45 2.44 2.36 2.06 1.70 1.42 1.19 1.30 1.44 1.54 1.80 1.83 1.73 1.88 2.04 2.02 1.91 1.80 1.80 1.83 1.82 1.80 1.77 1.71 1.71 1.65 1.50 1.49 1.43 1.27 1.34 1.41 1.36 1.48 1.66 1.74 1.62 1.47 1.39 1.30 1.30 1.27 1.10 1.11 1.37 1.53 1.54 1.41 1.18 1.18 1.34 1.41 1.32 1.19 1.12 1.10 1.15 1.18 1.21 1.45 1.60 1.58 1.49 1.46
1.43 1.47 1.56 1.58 1.56 1.57 1.59 1.59 1.54 1.48 1.44 1.34 1.21 1.17 1.46 1.92 2.13 2.22 2.22 2.25 2.35 2.39 2.37 2.14 1.83 1.54 1.24 1.27 1.46 1.57 1.72 1.79 1.78 1.86 1.96 1.95 1.89 1.81 1.83 1.84 1.81 1.83 1.79 1.69 1.71 1.69 1.50 1.43 1.42 1.34 1.37 1.38 1.36 1.50 1.62 1.68 1.59 1.42 1.32 1.28 1.34 1.31 1.17 1.24 1.46 1.52 1.48 1.31 1.09 1.20 1.42 1.44 1.34 1.21 1.14 1.17 1.30 1.43 1.52 1.62 1.63 1.60 1.58 1.66
1.45 1.48 1.54 1.56 1.56 1.59 1.60 1.58 1.55 1.51 1.47 1.40 1.28 1.21 1.44 1.91 2.12 2.16 2.24 2.26 2.28 2.30 2.29 2.16 1.91 1.59 1.35 1.36 1.50 1.59 1.68 1.77 1.83 1.84 1.85 1.90 1.89 1.85 1.86 1.81 1.79 1.84 1.75 1.65 1.71 1.69 1.53 1.42 1.46 1.47 1.42 1.35 1.35 1.49 1.63 1.62 1.51 1.37 1.26 1.29 1.40 1.39 1.33 1.40 1.49 1.46 1.39 1.28 1.19 1.32 1.42 1.42 1.41 1.32 1.31 1.43 1.55 1.67 1.71 1.66 1.64 1.67 1.73 1.88
1.48 1.49 1.52 1.55 1.56 1.60 1.61 1.58 1.57 1.54 1.50 1.45 1.32 1.25 1.50 1.96 2.17 2.11 2.16 2.27 2.24 2.19 2.18 2.10 1.90 1.66 1.48 1.48 1.55 1.60 1.69 1.77 1.85 1.80 1.74 1.88 1.93 1.89 1.85 1.76 1.78 1.81 1.68 1.64 1.69 1.65 1.50 1.45 1.56 1.60 1.47 1.35 1.33 1.49 1.70 1.62 1.41 1.24 1.16 1.31 1.49 1.51 1.52 1.53 1.47 1.41 1.35 1.40 1.41 1.35 1.35 1.44 1.54 1.50 1.46 1.49 1.59 1.70 1.63 1.54 1.63 1.75 1.82 1.88
1.50 1.50 1.52 1.55 1.57 1.59 1.60 1.60 1.60 1.57 1.54 1.49 1.35 1.27 1.53 2.03 2.27 2.13 2.05 2.18 2.18 2.08 2.07 2.01 1.88 1.73 1.58 1.57 1.60 1.60 1.73 1.83 1.83 1.76 1.73 1.86 1.91 1.90 1.83 1.71 1.74 1.71 1.68 1.70 1.66 1.60 1.47 1.38 1.53 1.68 1.59 1.39 1.33 1.52 1.73 1.65 1.37 1.11 1.05 1.32 1.63 1.68 1.68 1.57 1.44 1.43 1.46 1.57 1.55 1.35 1.34 1.55 1.66 1.56 1.40 1.40 1.54 1.56 1.45 1.50 1.68 1.75 1.73 1.68
1.51 1.51 1.53 1.56 1.57 1.58 1.60 1.61 1.62 1.60 1.58 1.53 1.42 1.30 1.49 2.07 2.33 2.17 2.00 2.04 2.07 1.99 1.95 1.92 1.90 1.82 1.62 1.58 1.63 1.63 1.78 1.90 1.80 1.74 1.76 1.78 1.82 1.88 1.80 1.72 1.71 1.64 1.70 1.80 1.63 1.56 1.56 1.37 1.33 1.60 1.72 1.51 1.43 1.61 1.70 1.66 1.45 1.14 1.06 1.39 1.76 1.86 1.75 1.49 1.42 1.57 1.61 1.65 1.67 1.45 1.38 1.58 1.64 1.46 1.34 1.40 1.44 1.38 1.43 1.68 1.76 1.61 1.52 1.44
1.51 1.52 1.54 1.56 1.57 1.59 1.61 1.62 1.63 1.63 1.62 1.56 1.51 1.39 1.48 2.02 2.31 2.21 2.03 1.96 1.95 1.90 1.84 1.85 1.92 1.89 1.66 1.56 1.65 1.71 1.84 1.88 1.74 1.72 1.76 1.75 1.78 1.82 1.76 1.72 1.71 1.64 1.73 1.82 1.64 1.54 1.60 1.46 1.34 1.54 1.74 1.64 1.58 1.64 1.62 1.59 1.54 1.30 1.18 1.53 1.87 1.92 1.72 1.40 1.41 1.65 1.73 1.74 1.73 1.53 1.40 1.47 1.53 1.45 1.40 1.38 1.32 1.39 1.65 1.82 1.63 1.36 1.30 1.22
1.52 1.53 1.55 1.56 1.58 1.60 1.63 1.64 1.65 1.67 1.66 1.61 1.58 1.52 1.56 1.91 2.20 2.18 2.06 1.96 1.89 1.84 1.79 1.82 1.91 1.89 1.72 1.61 1.66 1.77 1.84 1.77 1.68 1.71 1.79 1.84 1.81 1.76 1.72 1.73 1.74 1.72 1.75 1.75 1.67 1.61 1.58 1.54 1.57 1.68 1.74 1.68 1.62 1.59 1.54 1.54 1.61 1.49 1.39 1.61 1.88 1.90 1.64 1.40 1.47 1.71 1.85 1.81 1.65 1.48 1.44 1.44 1.52 1.54 1.40 1.32 1.35 1.53 1.71 1.59 1.30 1.17 1.11 1.03
1.52 1.54 1.56 1.57 1.60 1.62 1.64 1.66 1.67 1.68 1.69 1.66 1.64 1.63 1.65 1.83 2.07 2.11 2.02 1.94 1.87 1.83 1.79 1.81 1.86 1.85 1.78 1.70 1.67 1.73 1.75 1.66 1.62 1.68 1.82 1.94 1.89 1.77 1.70 1.75 1.76 1.73 1.75 1.70 1.67 1.70 1.67 1.62 1.68 1.76 1.73 1.64 1.56 1.52 1.52 1.58 1.65 1.61 1.54 1.64 1.84 1.84 1.59 1.47 1.57 1.75 1.87 1.75 1.55 1.56 1.59 1.51 1.53 1.50 1.30 1.25 1.31 1.38 1.43 1.29 1.16 1.12 1.02 0.95
1.53 1.54 1.56 1.58 1.61 1.64 1.66 1.69 1.70 1.68 1.70 1.72 1.71 1.70 1.72 1.82 1.97 2.02 1.96 1.90 1.87 1.84 1.81 1.81 1.82 1.82 1.80 1.75 1.69 1.67 1.63 1.57 1.58 1.68 1.84 1.98 1.97 1.83 1.72 1.78 1.76 1.71 1.75 1.71 1.71 1.80 1.82 1.68 1.62 1.75 1.75 1.64 1.55 1.52 1.59 1.63 1.63 1.65 1.63 1.65 1.74 1.76 1.61 1.55 1.64 1.74 1.80 1.73 1.70 1.80 1.71 1.50 1.44 1.40 1.29 1.19 1.12 1.14 1.22 1.23 1.18 1.16 1.08 0.98
1.55 1.56 1.57 1.58 1.61 1.65 1.68 1.71 1.72 1.69 1.72 1.77 1.76 1.73 1.77 1.82 1.90 1.94 1.91 1.88 1.86 1.84 1.82 1.80 1.80 1.79 1.79 1.76 1.70 1.62 1.52 1.48 1.58 1.74 1.89 2.00 2.04 1.91 1.75 1.76 1.72 1.70 1.74 1.76 1.83 1.89 1.85 1.68 1.59 1.72 1.78 1.71 1.63 1.59 1.61 1.60 1.60 1.63 1.65 1.63 1.63 1.74 1.75 1.65 1.68 1.79 1.81 1.87 1.96 1.88 1.58 1.33 1.28 1.32 1.28 1.11 1.00 1.06 1.19 1.29 1.30 1.26 1.14 1.03
1.57 1.57 1.57 1.59 1.63 1.66 1.70 1.73 1.74 1.72 1.74 1.79 1.79 1.76 1.79 1.82 1.86 1.90 1.89 1.87 1.85 1.83 1.81 1.80 1.78 1.76 1.77 1.76 1.70 1.59 1.46 1.39 1.56 1.83 1.93 2.00 2.08 1.96 1.75 1.70 1.68 1.70 1.77 1.85 1.93 1.90 1.82 1.71 1.64 1.72 1.81 1.78 1.71 1.64 1.56 1.56 1.60 1.59 1.58 1.60 1.60 1.78 1.88 1.73 1.78 1.92 1.95 2.03 2.00 1.66 1.29 1.13 1.18 1.31 1.25 1.05 1.00 1.09 1.23 1.36 1.36 1.22 1.13 1.08
1.58 1.58 1.58 1.62 1.65 1.67 1.70 1.75 1.77 1.77 1.76 1.79 1.82 1.80 1.80 1.82 1.85 1.88 1.89 1.86 1.84 1.82 1.80 1.79 1.76 1.73 1.75 1.75 1.70 1.60 1.44 1.35 1.59 1.90 1.96 2.00 2.05 1.96 1.78 1.68 1.66 1.72 1.82 1.92 1.97 1.93 1.86 1.76 1.70 1.72 1.83 1.81 1.73 1.67 1.58 1.56 1.60 1.57 1.47 1.54 1.65 1.86 1.99 1.90 2.01 2.13 2.08 2.02 1.76 1.34 1.09 1.05 1.20 1.39 1.31 1.12 1.03 1.12 1.29 1.37 1.31 1.18 1.18 1.15
1.59 1.58 1.60 1.65 1.67 1.68 1.71 1.75 1.79 1.81 1.79 1.78 1.82 1.83 1.82 1.83 1.84 1.86 1.88 1.84 1.83 1.82 1.78 1.77 1.73 1.70 1.71 1.74 1.74 1.66 1.48 1.39 1.63 1.87 1.96 2.01 1.98 1.92 1.83 1.72 1.68 1.74 1.82 1.94 2.07 2.03 1.85 1.76 1.73 1.73 1.83 1.81 1.74 1.72 1.64 1.58 1.59 1.54 1.38 1.46 1.70 1.92 2.13 2.26 2.31 2.16 1.94 1.70 1.36 1.09 1.00 1.06 1.33 1.52 1.39 1.10 0.98 1.11 1.26 1.27 1.24 1.20 1.22 1.17
1.60 1.59 1.61 1.66 1.68 1.70 1.72 1.76 1.82 1.85 1.82 1.78 1.80 1.86 1.85 1.84 1.84 1.85 1.86 1.83 1.82 1.80 1.77 1.73 1.69 1.65 1.65 1.75 1.85 1.75 1.54 1.47 1.60 1.76 1.92 1.98 1.96 1.94 1.90 1.79 1.71 1.73 1.80 2.03 2.21 2.00 1.75 1.76 1.76 1.76 1.82 1.83 1.79 1.77 1.70 1.60 1.58 1.49 1.32 1.38 1.67 2.04 2.41 2.55 2.27 1.84 1.52 1.23 1.02 0.97 1.01 1.23 1.59 1.62 1.26 0.91 0.88 1.08 1.19 1.19 1.23 1.27 1.24 1.18
1.61 1.61 1.63 1.67 1.70 1.71 1.73 1.79 1.86 1.87 1.84 1.80 1.81 1.86 1.86 1.85 1.86 1.85 1.85 1.83 1.80 1.78 1.75 1.69 1.64 1.57 1.57 1.80 2.03 1.88 1.60 1.56 1.60 1.66 1.81 1.89 1.93 2.05 2.02 1.84 1.76 1.75 1.86 2.16 2.18 1.82 1.71 1.79 1.82 1.83 1.82 1.85 1.85 1.80 1.74 1.63 1.51 1.37 1.27 1.37 1.76 2.39 2.74 2.51 1.95 1.52 1.21 0.94 0.87 0.98 1.23 1.61 1.78 1.52 1.07 0.79 0.90 1.14 1.21 1.22 1.32 1.35 1.26 1.23
1.62 1.63 1.65 1.68 1.72 1.73 1.74 1.82 1.89 1.87 1.85 1.84 1.85 1.85 1.85 1.86 1.87 1.84 1.84 1.84 1.79 1.77 1.73 1.64 1.57 1.44 1.46 1.87 2.16 2.00 1.73 1.68 1.66 1.60 1.66 1.73 1.85 2.18 2.18 1.90 1.80 1.84 1.96 2.14 2.02 1.71 1.73 1.87 1.92 1.87 1.78 1.86 1.90 1.88 1.85 1.60 1.31 1.25 1.34 1.58 2.19 2.82 2.75 2.13 1.58 1.24 0.95 0.77 0.83 1.15 1.65 1.90 1.71 1.33 0.94 0.76 0.96 1.25 1.29 1.30 1.37 1.35 1.25 1.31
1.63 1.65 1.67 1.70 1.74 1.74 1.77 1.86 1.89 1.87 1.87 1.88 1.89 1.87 1.85 1.87 1.86 1.84 1.84 1.84 1.81 1.76 1.69 1.59 1.49 1.32 1.34 1.85 2.19 2.07 1.94 1.89 1.76 1.64 1.58 1.55 1.73 2.21 2.35 2.01 1.83 1.96 2.02 2.04 1.92 1.68 1.72 1.91 2.01 1.87 1.72 1.87 1.97 2.02 1.93 1.42 1.06 1.26 1.63 2.02 2.59 2.86 2.35 1.65 1.27 1.04 0.79 0.71 0.94 1.45 1.94 1.90 1.52 1.18 0.87 0.76 0.98 1.34 1.39 1.32 1.32 1.27 1.26 1.40
1.64 1.66 1.70 1.72 1.76 1.77 1.81 1.88 1.89 1.87 1.90 1.91 1.92 1.90 1.87 1.86 1.86 1.84 1.83 1.84 1.81 1.74 1.66 1.55 1.41 1.23 1.29 1.75 2.07 2.05 2.11 2.15 1.92 1.75 1.64 1.53 1.66 2.14 2.45 2.13 1.92 2.07 2.02 1.98 1.88 1.65 1.67 1.85 2.04 1.95 1.74 1.89 2.05 2.10 1.87 1.22 0.98 1.42 1.95 2.38 2.70 2.56 1.94 1.35 1.09 0.95 0.74 0.77 1.24 1.79 2.04 1.80 1.38 1.05 0.78 0.74 0.96 1.35 1.39 1.28 1.26 1.22 1.28 1.42
1.65 1.67 1.71 1.76 1.79 1.80 1.85 1.89 1.89 1.89 1.91 1.93 1.94 1.93 1.90 1.87 1.86 1.84 1.83 1.84 1.80 1.73 1.65 1.54 1.37 1.21 1.31 1.62 1.81 1.89 2.14 2.36 2.18 2.02 1.91 1.66 1.64 2.11 2.50 2.24 2.07 2.11 1.96 1.96 1.81 1.60 1.67 1.82 2.10 2.07 1.78 1.86 2.05 2.06 1.77 1.17 1.02 1.50 2.11 2.59 2.62 2.11 1.55 1.16 0.98 0.91 0.78 0.94 1.56 2.02 2.02 1.62 1.19 0.92 0.75 0.81 1.03 1.26 1.35 1.32 1.24 1.18 1.23 1.32
1.68 1.69 1.72 1.78 1.84 1.85 1.86 1.89 1.91 1.91 1.92 1.95 1.96 1.96 1.94 1.89 1.87 1.84 1.83 1.84 1.79 1.72 1.65 1.53 1.38 1.27 1.33 1.48 1.56 1.66 1.97 2.38 2.47 2.46 2.23 1.70 1.60 2.13 2.54 2.32 2.13 2.04 1.85 1.88 1.74 1.58 1.73 1.95 2.17 2.03 1.74 1.82 1.94 1.98 1.71 1.10 1.03 1.57 2.22 2.67 2.37 1.62 1.23 1.06 1.00 0.97 0.89 1.09 1.73 2.10 1.84 1.31 1.02 0.90 0.86 0.98 1.07 1.16 1.34 1.42 1.29 1.15 1.16 1.23
1.72 1.71 1.72 1.79 1.90 1.91 1.86 1.89 1.93 1.94 1.94 1.97 1.99 1.98 1.96 1.92 1.88 1.85 1.84 1.83 1.78 1.71 1.64 1.55 1.43 1.35 1.33 1.34 1.35 1.48 1.87 2.35 2.65 2.81 2.42 1.58 1.54 2.24 2.54 2.28 2.06 1.88 1.73 1.78 1.71 1.62 1.81 2.06 2.04 1.84 1.73 1.76 1.78 1.90 1.68 1.06 1.15 1.75 2.32 2.65 2.15 1.29 0.98 1.04 1.17 1.14 1.02 1.18 1.80 2.07 1.59 1.15 1.10 1.10 1.04 1.04 1.04 1.12 1.35 1.49 1.36 1.14 1.12 1.20
1.75 1.75 1.72 1.80 1.96 1.94 1.87 1.92 1.95 1.96 1.95 1.99 2.01 2.00 1.98 1.94 1.90 1.88 1.85 1.82 1.79 1.72 1.63 1.57 1.50 1.39 1.32 1.24 1.16 1.36 1.94 2.46 2.70 2.94 2.54 1.57 1.57 2.32 2.42 2.07 1.93 1.76 1.66 1.73 1.69 1.67 1.88 2.00 1.82 1.75 1.76 1.71 1.71 1.80 1.64 1.21 1.35 1.89 2.36 2.51 1.91 1.11 0.82 1.04 1.37 1.34 1.18 1.32 1.81 1.97 1.52 1.30 1.37 1.28 1.11 1.05 1.06 1.16 1.35 1.51 1.31 1.06 1.08 1.16
1.76 1.78 1.76 1.86 2.00 1.94 1.89 1.94 1.98 1.98 1.97 2.00 2.03 2.01 2.00 1.96 1.92 1.91 1.87 1.83 1.79 1.74 1.63 1.58 1.56 1.43 1.31 1.18 1.09 1.35 1.97 2.47 2.60 2.91 2.79 1.78 1.62 2.22 2.21 1.88 1.85 1.72 1.63 1.70 1.68 1.73 1.89 1.84 1.70 1.75 1.77 1.71 1.69 1.67 1.60 1.43 1.52 1.91 2.27 2.34 1.84 1.12 0.81 1.05 1.47 1.49 1.35 1.42 1.72 1.92 1.71 1.55 1.47 1.24 1.09 1.08 1.14 1.25 1.41 1.45 1.20 1.01 1.07 1.17
1.77 1.79 1.82 1.95 2.03 1.95 1.92 1.96 2.01 2.02 2.00 2.01 2.03 2.02 2.01 1.98 1.95 1.93 1.89 1.85 1.82 1.76 1.65 1.59 1.57 1.45 1.31 1.18 1.12 1.39 1.95 2.36 2.49 2.82 2.96 2.17 1.63 1.97 2.01 1.78 1.76 1.68 1.62 1.66 1.71 1.81 1.81 1.71 1.70 1.77 1.76 1.71 1.66 1.59 1.58 1.61 1.70 1.87 2.08 2.25 1.93 1.24 0.88 1.03 1.45 1.57 1.50 1.51 1.76 2.02 1.84 1.53 1.31 1.10 1.04 1.08 1.15 1.28 1.35 1.28 1.12 1.06 1.11 1.19
1.78 1.79 1.87 2.02 2.06 1.97 1.94 1.98 2.05 2.06 2.03 2.02 2.03 2.03 2.01 1.99 1.97 1.95 1.90 1.87 1.85 1.78 1.69 1.63 1.57 1.46 1.32 1.21 1.15 1.43 1.96 2.26 2.48 2.81 2.95 2.36 1.65 1.69 1.83 1.70 1.64 1.64 1.64 1.67 1.79 1.87 1.73 1.68 1.75 1.77 1.74 1.69 1.65 1.60 1.63 1.73 1.80 1.81 1.89 2.17 2.05 1.39 0.96 1.01 1.33 1.60 1.68 1.73 1.98 2.04 1.62 1.28 1.12 0.98 1.01 1.07 1.08 1.11 1.11 1.09 1.09 1.05 1.07 1.13
1.81 1.83 1.92 2.06 2.08 2.01 1.98 2.01 2.07 2.09 2.06 2.04 2.04 2.04 2.02 2.00 1.98 1.96 1.93 1.90 1.86 1.79 1.73 1.67 1.59 1.47 1.35 1.19 1.18 1.62 2.08 2.28 2.52 2.77 2.78 2.31 1.73 1.58 1.69 1.65 1.57 1.62 1.70 1.75 1.87 1.90 1.72 1.71 1.77 1.73 1.74 1.70 1.66 1.70 1.74 1.76 1.76 1.76 1.80 2.05 2.09 1.55 1.09 1.04 1.21 1.56 1.86 2.02 2.05 1.70 1.20 1.07 1.06 1.05 1.10 1.06 0.98 0.94 1.00 1.08 1.06 0.97 0.98 1.03
1.87 1.89 1.98 2.07 2.07 2.05 2.03 2.05 2.08 2.11 2.09 2.06 2.04 2.04 2.04 2.01 1.99 1.97 1.94 1.92 1.87 1.81 1.76 1.71 1.61 1.51 1.37 1.18 1.34 1.96 2.21 2.26 2.41 2.53 2.55 2.14 1.66 1.57 1.70 1.68 1.61 1.67 1.76 1.85 1.94 1.90 1.75 1.74 1.73 1.73 1.80 1.73 1.69 1.77 1.80 1.74 1.70 1.72 1.78 1.96 2.03 1.67 1.25 1.07 1.12 1.49 2.00 2.20 1.85 1.23 0.96 1.07 1.25 1.29 1.12 0.98 0.97 0.96 1.04 1.12 1.02 0.95 0.95 1.00
