windninja/windninja_output/Output_2025-08-24_2000-2050_Google earth_Fire_150m_10min/merlingen_7.5mi_point_08-24-2025_2050_150m_ang.asc
ncols	158
nrows	163
xllcorner	391686.332397
yllcorner	5160024.123721
cellsize	150.000000
NODATA_value	-32768.000000
[rows 42 to 83 of 163, columns 0 to 93 of 158]
316 315 313 310 308 306 305 303 302 301 301 300 299 298 297 297 296 296 295 295 295 295 295 295 295 296 296 297 299 297 293 291 290 289 289 289 287 288 290 288 285 282 280 282 286 286 281 276 276 279 278 277 279 279 275 270 264 261 260 258 256 255 257 255 255 262 265 264 263 259 251 252 256 256 262 263 249 223 226 237 242 243 246 250 254 251 241 237 242 248 251 250 248 250
317 316 314 312 309 307 306 305 303 302 301 300 299 299 298 297 296 296 295 295 295 295 295 295 295 295 296 296 298 296 293 291 290 293 296 299 297 294 292 289 283 278 279 282 282 277 272 270 273 278 279 276 272 271 270 266 261 257 257 258 261 264 266 262 260 264 267 266 259 247 243 247 250 251 256 254 234 215 222 237 243 246 251 256 255 244 235 237 242 247 250 250 251 253
319 317 315 313 310 308 306 305 304 302 302 301 300 299 298 297 297 296 296 295 295 295 295 295 294 295 296 296 296 295 293 292 292 295 299 302 300 294 289 285 281 280 281 280 275 268 267 272 277 281 280 273 267 264 262 260 257 256 258 262 265 268 271 271 272 270 268 265 256 245 243 246 245 246 248 241 224 212 223 239 247 252 257 257 249 238 235 239 243 247 250 252 257 258
320 319 316 314 311 309 307 306 305 303 302 301 300 299 299 298 298 297 296 296 296 296 295 295 295 295 295 295 294 294 294 293 294 296 299 301 298 293 288 286 285 283 280 276 269 266 271 278 283 282 277 268 261 257 256 255 255 258 263 267 269 271 274 278 278 275 269 262 255 250 251 249 247 246 242 234 219 212 226 241 251 257 259 253 243 237 238 241 244 247 250 255 261 258
322 320 317 314 312 309 308 307 305 304 303 302 301 300 299 299 298 297 296 296 296 295 295 295 295 295 294 294 294 294 294 294 294 296 299 299 297 295 292 291 289 285 279 272 267 271 278 282 283 278 270 262 255 252 254 255 257 264 271 274 274 274 277 280 277 273 267 259 253 253 255 253 250 246 239 231 219 215 231 245 253 257 255 250 243 240 242 243 243 245 249 257 260 255
322 321 317 315 312 308 307 307 306 305 304 303 302 301 300 299 298 297 297 296 296 295 295 295 294 294 294 294 294 294 294 293 294 295 297 297 296 296 295 293 290 286 279 272 270 278 283 282 277 271 264 256 250 252 255 257 263 269 276 280 280 277 277 276 274 269 263 257 252 253 254 253 250 245 238 230 222 224 239 249 254 255 252 249 245 244 244 244 244 245 249 254 255 250
322 321 318 316 312 307 307 308 307 306 304 303 302 301 300 299 298 298 297 296 296 295 295 295 294 294 294 294 293 293 293 293 294 294 296 297 296 295 295 294 291 287 280 276 278 282 283 279 273 265 257 250 252 256 258 263 269 275 280 282 281 276 273 271 270 267 262 257 254 253 253 251 249 244 237 231 228 232 242 249 252 252 251 248 244 243 244 243 245 247 248 249 248 245
321 321 320 317 312 306 306 308 308 307 305 304 303 302 300 299 299 298 297 296 296 296 295 295 294 294 294 294 293 293 293 293 293 294 295 297 297 296 295 294 291 287 284 284 285 283 280 275 268 259 249 250 257 261 264 270 276 281 281 278 275 272 268 267 268 267 262 257 254 252 251 250 247 241 236 232 231 234 240 246 249 250 249 247 244 243 242 242 245 245 244 244 243 243
320 321 322 319 313 308 307 307 309 308 306 305 304 303 301 300 299 299 298 297 297 296 296 295 294 294 294 294 293 293 293 293 293 293 294 296 297 296 295 293 291 289 289 290 288 283 277 270 262 253 250 258 264 267 270 276 280 280 276 271 267 265 265 267 268 266 261 257 254 253 251 249 245 240 237 235 234 235 239 244 247 248 247 246 245 245 244 245 245 244 242 241 240 240
319 322 325 320 314 311 309 307 309 309 308 306 304 303 302 300 299 299 298 297 297 297 296 295 295 294 294 294 293 293 293 292 292 293 293 295 295 295 294 293 291 290 291 292 289 282 275 265 257 255 261 269 272 273 276 280 280 275 267 263 261 262 265 269 268 264 260 255 253 252 250 248 243 240 240 240 238 237 239 243 245 246 248 248 247 247 248 248 246 244 241 239 239 239
319 322 326 320 313 311 310 307 307 310 310 307 305 304 302 301 300 299 299 298 297 297 296 295 295 294 294 293 293 293 292 292 292 292 293 293 294 294 294 294 293 290 291 293 289 281 273 263 259 265 274 276 275 276 280 281 277 268 261 258 259 262 267 269 267 262 258 253 251 250 248 246 242 241 242 242 241 241 244 245 243 243 247 250 252 252 251 249 247 244 240 239 237 237
320 322 325 321 314 313 312 307 305 308 310 308 305 304 303 301 300 299 299 298 297 297 296 295 295 294 294 293 293 293 292 292 292 292 292 292 293 293 294 295 294 291 291 293 289 281 274 270 272 275 277 276 275 276 279 278 272 263 257 256 259 265 269 268 265 260 255 249 248 248 247 243 240 241 243 243 242 244 249 248 244 243 245 246 249 253 254 251 246 243 241 239 236 235
322 321 323 323 316 315 315 309 304 304 307 308 306 304 303 302 301 300 299 298 297 297 296 296 295 294 294 293 293 293 292 292 292 292 291 291 292 292 293 295 295 292 290 289 288 283 279 281 282 280 276 275 276 276 276 274 267 259 256 258 261 267 269 268 263 257 250 244 245 245 243 240 239 242 244 243 242 245 250 250 246 245 244 241 241 245 250 250 246 242 240 239 237 236
322 319 318 319 314 311 312 309 303 302 305 307 306 305 304 302 301 300 299 299 297 297 296 296 295 295 294 294 293 293 292 292 292 291 291 291 291 291 292 293 293 291 288 287 288 288 288 289 287 282 277 276 276 276 274 270 262 257 259 262 266 269 268 265 261 254 247 242 244 242 238 237 241 244 245 243 242 246 249 248 247 246 244 240 238 239 239 240 241 242 243 243 242 243
321 318 315 315 312 308 309 309 305 300 302 305 305 305 304 302 301 300 300 299 298 297 296 296 295 295 294 294 293 293 292 292 291 291 291 291 291 291 291 291 291 290 288 288 290 292 294 293 289 285 281 278 276 276 273 267 258 258 263 267 270 270 267 262 256 250 245 243 243 241 236 239 243 244 244 242 243 247 248 246 246 246 244 241 239 237 233 232 233 238 246 250 252 253
320 318 315 315 314 311 309 310 308 303 304 306 304 304 304 303 302 301 300 299 298 297 297 296 296 295 294 294 293 293 292 292 291 291 291 290 290 290 290 290 289 289 289 289 290 292 294 294 291 289 286 279 276 276 272 265 259 262 267 271 272 269 265 259 253 246 242 241 240 238 239 243 244 243 243 241 243 246 246 243 242 243 243 242 241 239 236 233 232 235 244 253 258 258
319 318 316 315 314 312 310 311 311 307 306 306 303 301 302 303 302 301 300 299 298 297 296 296 296 295 294 294 293 293 292 292 291 291 290 290 290 289 289 289 289 289 289 289 290 290 291 293 293 294 292 283 279 277 272 264 262 267 272 273 271 267 262 257 250 244 239 236 234 237 242 244 244 244 243 242 244 246 243 239 238 238 240 240 240 240 239 238 237 240 249 255 256 258
318 318 316 314 312 310 309 309 309 306 305 305 302 299 300 302 303 302 301 300 299 298 297 296 296 295 294 294 293 293 292 292 291 291 290 290 289 289 289 289 288 288 288 288 289 289 289 291 294 298 300 291 282 277 271 265 265 272 274 273 269 265 261 255 249 243 237 230 231 240 245 245 245 245 244 243 246 245 241 238 236 237 237 236 236 237 237 239 243 251 259 259 255 255
318 317 316 313 311 309 307 306 305 305 306 308 306 302 300 301 302 302 302 301 300 299 297 297 296 295 294 294 293 293 292 291 291 290 290 290 289 289 288 288 288 288 288 288 288 288 289 290 293 298 303 297 285 278 271 266 268 274 275 272 269 265 260 255 249 244 237 227 233 244 246 246 247 247 244 244 245 243 239 237 236 237 237 235 234 235 238 243 252 260 261 256 252 246
319 318 316 313 311 309 306 304 304 305 308 311 309 305 301 299 300 301 302 302 301 299 298 297 296 295 294 294 293 293 292 291 291 290 290 289 289 289 288 288 287 287 287 287 287 287 288 289 291 296 302 300 289 280 272 268 272 275 274 271 268 265 261 256 251 245 236 227 239 247 248 248 249 248 245 245 244 239 237 236 236 237 238 237 237 239 244 250 258 262 258 250 244 236
321 319 316 313 311 309 307 305 305 305 307 310 309 307 303 299 298 299 300 301 301 300 298 297 296 295 294 294 293 293 292 291 291 290 290 289 289 288 288 288 287 287 287 287 287 287 287 288 289 292 298 299 292 284 276 272 274 274 273 270 268 265 263 258 251 245 234 231 243 249 249 249 250 248 245 244 241 238 236 235 235 236 237 239 241 246 254 261 262 259 251 245 238 233
323 320 315 312 310 309 307 305 304 304 305 307 308 308 306 302 298 297 298 300 300 300 299 298 296 295 294 294 294 293 292 292 291 290 290 289 289 288 288 287 287 287 286 286 286 286 286 287 288 290 294 297 293 287 282 277 275 274 273 271 269 266 262 256 253 247 239 242 248 249 249 250 250 248 243 241 238 237 234 232 233 234 236 240 243 250 260 265 263 255 243 239 235 232
327 321 314 311 309 307 305 303 302 303 302 305 309 309 308 305 301 298 297 297 299 300 299 298 298 295 294 294 293 293 292 292 291 290 290 289 288 288 287 287 287 286 286 286 286 285 285 286 286 288 290 294 292 289 288 283 275 273 273 273 271 264 256 254 256 254 250 253 253 250 249 250 250 247 241 238 237 234 229 228 231 233 236 241 246 256 261 261 257 244 236 234 232 231
330 323 315 312 309 307 305 302 300 300 300 302 307 310 308 306 303 300 297 295 296 298 298 298 298 296 294 294 293 293 293 292 291 290 290 289 288 288 287 287 286 286 286 285 285 285 285 285 285 286 288 290 291 289 290 290 280 273 272 271 267 257 252 255 257 257 257 257 254 252 250 250 250 245 240 237 235 231 225 227 231 235 240 244 251 259 260 254 244 234 231 230 230 231
333 324 315 311 308 307 307 305 302 301 302 302 305 308 308 306 304 302 299 296 295 296 296 297 298 297 295 295 294 293 292 292 291 290 290 289 288 288 287 287 286 286 285 285 284 284 284 284 284 285 285 287 288 288 290 292 287 277 270 266 260 253 256 259 258 256 256 255 254 253 252 252 249 243 239 237 234 229 224 227 233 237 242 245 251 255 253 245 234 230 228 227 228 229
333 325 317 312 308 308 311 309 303 301 302 303 305 307 308 306 303 303 302 298 297 296 295 295 297 296 295 294 293 293 292 292 291 290 290 289 288 288 287 286 286 285 285 284 284 284 283 283 283 283 283 284 285 285 287 289 288 282 273 266 261 262 266 264 259 256 252 252 253 254 253 253 250 244 239 236 232 227 223 227 233 238 244 246 251 253 247 236 231 228 225 225 227 228
325 323 321 319 315 313 318 316 305 301 302 304 305 305 307 306 303 303 303 300 297 296 295 294 294 294 292 291 292 293 293 292 291 290 290 289 288 288 287 286 286 285 284 284 284 283 283 283 282 282 282 282 282 283 284 285 285 283 278 271 269 274 275 271 264 257 252 251 252 253 252 253 252 247 240 237 232 226 224 231 237 243 247 248 256 255 243 231 228 226 224 225 227 229
315 315 315 317 314 313 322 324 311 306 309 312 310 309 309 308 305 303 302 301 298 297 295 294 293 290 286 288 291 293 293 293 292 291 290 289 288 287 287 286 285 285 284 284 283 283 282 282 282 281 281 281 281 281 281 281 280 280 279 275 275 279 280 276 270 263 258 255 253 251 250 252 252 246 240 238 235 230 229 237 244 248 248 250 261 257 240 229 227 224 223 224 226 228
311 310 306 304 302 302 311 319 310 306 310 314 313 311 311 309 306 302 300 301 299 297 295 294 293 289 284 286 290 292 293 293 293 292 291 289 288 287 287 286 285 285 284 283 283 282 282 281 281 280 280 280 279 279 279 278 278 277 277 276 276 278 280 278 275 273 269 264 259 253 251 253 252 244 238 238 237 235 235 242 247 248 249 256 262 254 235 227 225 223 222 222 224 225
310 309 305 301 297 293 297 304 301 296 297 300 300 302 303 304 303 300 299 299 298 296 295 294 296 296 288 286 287 290 291 292 293 293 292 290 289 288 287 286 285 284 284 283 282 282 281 281 280 280 279 279 278 278 277 277 276 275 275 274 274 275 276 276 277 278 277 273 268 263 259 257 252 243 238 238 239 237 238 244 248 249 254 262 259 243 228 225 223 223 223 223 224 222
309 309 307 305 300 297 297 300 296 289 285 287 290 292 294 296 298 298 297 298 297 296 295 295 299 301 293 286 284 286 288 289 291 292 293 291 290 288 287 286 285 284 283 283 282 281 281 280 280 279 279 278 277 277 276 276 275 274 274 273 273 272 273 273 274 275 276 276 275 275 274 268 257 246 242 243 243 241 238 242 248 254 261 263 253 232 222 222 225 225 224 225 227 226
309 308 307 306 303 301 300 300 296 291 289 290 292 294 294 295 296 296 295 296 296 296 296 297 300 302 296 288 284 284 285 286 287 290 292 292 291 289 287 286 285 284 283 282 282 281 280 280 279 278 278 277 277 276 275 275 274 273 273 272 272 271 271 271 270 270 271 272 274 277 279 276 267 256 252 251 249 245 239 242 251 260 265 259 243 226 221 222 226 226 223 225 228 232
307 306 306 306 304 301 300 298 296 295 295 294 295 296 297 297 297 296 296 296 296 295 294 294 297 300 297 291 285 283 283 285 285 287 291 292 291 289 288 287 285 284 283 282 281 281 280 279 279 278 277 277 276 275 275 274 273 273 272 271 271 270 270 269 269 268 268 269 270 272 273 274 271 267 262 258 253 246 239 244 256 263 262 250 232 223 222 224 227 226 225 222 222 232
306 303 302 304 302 299 298 298 296 297 297 296 296 297 298 298 298 298 297 297 296 294 293 292 294 298 296 292 287 284 283 284 284 284 286 289 289 289 288 287 286 284 283 282 281 280 279 279 278 277 277 276 275 275 274 273 273 272 271 270 270 269 269 268 267 267 267 267 267 267 267 268 269 271 270 264 256 246 241 250 261 262 254 239 226 221 222 225 228 230 233 227 226 239
307 301 297 299 299 298 298 298 297 297 298 298 298 298 299 299 299 298 297 297 296 295 294 293 293 295 294 292 290 286 283 282 281 280 282 285 287 288 288 288 286 284 283 281 281 280 279 278 278 277 276 276 275 274 273 273 272 271 270 270 269 268 268 267 266 266 266 265 265 264 264 264 265 268 271 269 262 250 246 258 263 258 246 234 228 226 229 230 233 239 244 243 246 247
313 301 288 289 294 296 297 297 297 299 300 301 300 300 299 299 300 299 298 297 296 295 294 294 293 292 292 292 291 288 282 279 278 279 280 284 286 287 287 287 286 284 282 281 280 279 278 278 277 277 276 275 274 274 273 272 271 271 270 269 268 267 267 266 266 265 265 264 264 263 263 263 263 264 267 269 267 260 257 263 260 251 240 235 234 238 241 239 239 242 243 242 245 245
327 301 271 275 285 291 294 298 300 304 306 304 302 301 300 300 300 300 299 297 296 295 294 294 294 291 290 291 292 290 285 280 280 280 280 282 285 285 285 287 287 285 282 281 280 279 278 277 277 276 276 275 274 273 273 272 271 270 269 268 268 267 266 265 265 264 264 263 263 262 262 261 261 262 263 265 267 267 267 264 256 242 234 233 232 233 235 235 237 238 238 238 240 240
13 348 259 271 280 290 298 303 306 310 312 309 305 303 302 302 301 301 300 298 296 295 294 294 296 293 290 290 291 292 290 285 282 280 280 280 282 282 282 284 287 285 282 281 279 278 277 277 277 276 276 275 274 273 272 271 270 269 268 268 267 266 265 265 264 263 263 262 262 261 260 260 260 259 260 261 263 267 270 263 250 235 229 228 226 225 228 234 239 240 239 239 239 237
39 19 302 286 291 304 314 316 314 317 318 313 307 305 303 302 302 301 300 298 297 295 294 294 297 296 291 289 289 291 292 289 285 281 279 279 279 279 279 280 283 284 282 280 279 278 277 276 276 277 277 276 275 273 272 271 270 269 268 267 266 265 265 264 263 263 262 261 261 260 259 259 258 258 258 258 259 262 265 258 242 230 227 225 223 226 235 242 243 243 241 240 239 235
53 7 300 298 302 311 328 331 326 325 324 317 309 305 303 302 301 300 300 299 297 295 294 295 298 296 292 289 288 290 292 291 288 284 279 276 276 278 277 277 278 280 279 278 277 277 276 275 276 278 280 278 276 274 272 271 269 268 267 266 266 265 264 263 263 262 261 260 260 259 258 258 257 257 256 256 256 256 256 250 233 226 226 226 226 234 245 247 244 242 240 239 238 234
44 332 303 306 308 315 329 334 333 330 327 319 310 305 303 301 300 299 299 298 297 295 294 295 297 296 292 291 289 289 290 290 288 285 281 276 274 275 276 275 275 275 275 275 275 275 275 275 275 277 280 280 278 275 272 270 269 268 267 266 265 264 263 263 262 261 260 260 259 258 258 257 256 256 255 254 254 253 251 245 228 221 225 228 234 246 249 247 244 241 238 237 236 232
309 316 315 312 310 308 315 324 327 325 322 315 308 303 300 299 298 297 297 297 297 296 294 295 298 297 294 292 290 288 288 287 286 284 281 278 276 275 276 275 274 274 274 274 274 274 275 276 275 274 274 276 277 275 272 270 268 267 266 266 265 264 263 262 261 260 260 259 258 257 257 256 255 255 254 253 252 251 249 244 226 217 221 228 243 253 252 248 244 242 240 238 236 233
