windninja/windninja_output/Output_2025-08-24_1500-1550_Google earth_Fire_150m_10min/merlingen_7.5mi_point_08-24-2025_1500_150m_ang.asc
ncols	158
nrows	163
xllcorner	391686.332397
yllcorner	5160024.123721
cellsize	150.000000
NODATA_value	-32768.000000
[rows 0 to 42 of 163, columns 0 to 95 of 158]
276 274 272 270 268 269 269 264 261 260 257 248 234 229 233 241 251 256 259 268 273 261 247 247 253 258 257 251 249 250 250 250 251 250 249 254 259 259 260 260 257 257 258 259 263 267 271 274 274 273 273 273 275 276 276 274 272 271 273 276 277 275 273 272 271 270 270 274 279 284 286 284 281 278 279 281 281 280 282 284 283 280 277 278 279 277 274 270 270 268 265 265 264 261 257 255
277 276 274 272 271 270 267 264 263 262 259 250 236 233 238 245 253 257 262 268 270 264 255 252 253 255 255 254 253 252 251 251 252 252 253 256 257 259 261 261 260 260 260 263 266 269 271 274 276 275 274 274 274 274 273 272 272 273 274 276 277 276 275 275 275 274 273 275 279 283 285 284 282 282 282 282 281 281 283 285 283 280 279 278 278 279 278 274 272 270 269 269 268 266 264 262
278 277 276 275 274 270 265 264 266 266 262 251 240 241 245 251 256 260 264 265 264 266 266 260 255 253 254 256 256 254 254 255 255 256 259 259 259 260 261 262 264 265 266 268 270 271 272 274 276 276 276 275 273 271 272 273 275 276 276 276 277 278 278 278 279 279 278 278 279 282 283 284 284 285 285 284 282 282 284 286 284 281 281 280 279 283 285 281 277 276 277 277 277 277 277 276
279 276 275 274 273 271 269 269 271 270 264 250 244 248 252 258 260 262 262 261 261 264 268 264 258 255 254 255 254 254 255 257 259 261 262 262 262 262 263 265 267 268 270 272 273 274 274 273 273 274 276 275 272 272 274 275 276 277 276 276 278 279 279 279 279 280 280 280 280 281 282 283 284 285 284 285 285 284 283 284 285 282 281 282 282 285 289 288 284 283 283 284 286 286 287 288
279 277 274 273 272 272 274 275 274 270 261 251 248 253 260 262 262 262 261 259 259 264 269 270 265 260 256 255 254 254 255 256 259 263 264 263 263 264 266 269 271 272 273 274 274 274 274 273 273 273 272 272 272 273 273 274 275 276 277 278 278 279 279 279 280 281 281 280 279 280 281 282 283 284 284 284 285 284 282 282 284 283 281 283 284 284 291 295 293 291 289 289 293 296 297 299
281 280 277 274 273 275 277 277 273 266 258 255 255 259 264 264 261 259 258 258 259 264 270 275 272 267 261 257 256 256 256 257 260 261 262 263 265 268 270 271 272 274 274 273 272 272 271 271 271 270 269 269 271 272 272 273 275 277 278 279 279 279 280 280 281 282 282 281 280 280 279 281 283 285 285 284 284 285 284 281 281 284 284 285 284 284 289 295 296 297 296 295 298 303 304 304
281 281 281 278 276 275 276 275 270 264 261 261 262 265 267 265 262 258 257 258 260 263 268 276 278 272 266 263 261 259 259 261 262 260 261 264 268 270 270 270 271 272 272 271 271 270 270 270 270 269 268 268 270 271 272 274 276 278 279 280 281 281 281 280 280 281 282 281 281 281 281 282 284 287 287 285 285 285 285 280 281 286 288 287 285 283 286 292 296 299 298 297 297 299 300 300
280 280 281 281 279 276 274 271 267 266 267 268 270 270 268 266 263 260 259 259 260 262 265 273 280 276 270 268 266 263 263 265 264 262 263 266 268 268 267 267 268 268 268 268 269 269 269 269 269 269 268 270 270 270 271 275 277 278 280 282 283 284 282 280 279 280 282 282 281 283 284 284 284 285 287 286 283 282 281 281 282 287 290 289 287 286 288 292 296 299 299 297 295 295 297 299
279 279 279 280 279 276 273 269 268 269 271 275 277 274 269 265 264 263 260 259 261 262 263 268 275 279 275 271 267 266 267 268 265 264 266 267 266 265 264 264 264 265 266 267 268 269 268 269 269 269 269 270 270 270 272 276 278 280 281 282 282 282 282 280 278 279 282 283 283 282 283 283 281 282 284 284 282 280 279 281 283 287 293 294 293 293 294 296 300 304 305 304 302 302 304 302
279 279 278 278 278 276 273 271 271 272 274 277 281 278 271 266 264 265 263 261 262 262 263 265 268 275 277 271 268 269 270 269 267 266 266 265 264 263 262 262 263 265 266 267 268 268 268 269 269 270 270 270 271 273 275 276 278 278 277 276 276 278 280 279 278 280 282 283 282 279 279 280 281 281 282 282 281 280 283 286 287 289 294 298 296 297 298 299 304 308 308 307 307 308 306 300
279 279 278 277 276 275 274 273 274 274 275 277 281 281 274 269 267 267 267 266 264 263 263 264 265 269 273 270 268 270 270 267 267 267 266 263 261 261 262 263 264 265 265 266 266 267 268 268 267 269 271 272 273 275 275 274 273 273 271 270 271 273 276 280 283 283 282 281 279 276 277 279 282 283 281 279 279 284 291 293 291 290 293 297 297 299 299 298 300 304 303 301 303 306 302 297
280 279 278 277 276 276 275 275 274 275 275 277 279 280 277 273 270 269 268 269 268 266 264 262 262 263 262 265 267 268 267 265 266 267 266 263 261 262 264 264 264 264 264 263 264 265 265 265 263 265 270 271 272 272 272 270 268 267 266 265 266 268 274 282 284 283 281 279 278 279 280 280 282 284 284 285 287 291 297 299 295 292 293 297 300 303 301 296 297 303 299 294 296 301 299 295
280 279 278 277 276 276 276 275 274 274 275 275 277 278 278 276 274 271 270 270 271 268 265 261 259 256 256 261 265 266 265 265 267 267 265 263 263 265 266 264 264 264 263 261 261 260 258 256 258 263 267 268 269 269 270 271 268 265 261 260 263 267 273 281 284 283 281 280 285 288 285 282 282 288 293 295 295 295 298 301 298 296 296 297 299 303 300 295 297 304 298 291 291 297 295 289
279 279 278 278 277 276 275 275 274 274 274 275 276 276 276 275 276 276 274 271 270 268 264 259 255 253 255 259 263 264 265 267 267 266 264 264 265 266 265 264 264 263 260 259 259 257 253 251 255 261 264 266 267 267 269 272 271 266 259 259 265 271 276 282 284 282 281 285 293 295 290 286 287 292 297 296 294 292 292 295 297 297 297 295 294 296 295 290 290 296 294 287 284 287 286 282
279 279 278 278 277 276 275 274 274 274 274 275 276 277 274 273 275 278 277 273 269 265 261 257 255 255 256 259 261 262 263 266 267 266 266 266 264 262 262 261 261 257 255 258 260 258 257 258 257 257 261 266 267 267 269 272 275 273 267 266 271 276 281 284 283 283 286 289 294 301 299 293 291 292 294 293 291 288 285 288 294 296 294 290 287 288 288 284 280 282 283 279 274 275 277 277
279 279 278 278 277 276 275 274 274 274 274 274 276 279 277 274 273 274 275 272 268 264 261 257 256 258 259 259 259 261 264 266 266 265 265 264 261 259 257 256 256 254 255 260 262 260 262 266 264 260 263 267 270 272 272 272 275 278 277 275 277 281 284 285 281 283 288 290 293 302 306 298 292 290 291 292 290 285 285 289 293 293 289 285 282 280 278 274 271 270 273 273 271 271 274 276
279 279 278 277 276 276 275 274 274 274 274 275 276 280 281 276 272 270 270 269 267 264 261 258 258 259 259 259 261 263 266 264 261 258 258 258 259 259 257 256 257 259 262 263 262 263 264 265 268 271 271 271 273 275 273 270 270 276 282 281 281 282 284 284 282 282 285 290 293 298 304 300 293 293 295 293 290 289 291 291 289 287 283 279 275 272 268 265 268 273 276 275 273 273 275 276
279 279 278 277 276 276 275 274 274 274 274 274 275 278 281 278 272 269 267 266 265 262 261 261 261 259 259 261 263 264 263 259 254 252 253 256 259 260 259 260 262 263 265 264 262 265 266 267 271 276 277 276 274 273 272 270 271 275 282 283 282 282 283 284 285 283 285 289 291 292 298 302 298 298 299 296 295 294 289 284 279 278 276 271 267 266 265 266 272 282 284 279 275 275 275 275
279 279 278 277 276 276 275 275 274 273 273 273 274 276 278 277 273 269 266 264 262 261 262 262 262 260 260 261 263 262 258 253 250 250 253 257 259 261 262 263 264 264 264 265 264 266 270 274 274 274 276 277 276 273 272 274 275 276 281 283 281 280 281 283 286 285 284 285 287 290 296 302 301 299 300 298 294 288 279 273 272 273 273 271 269 268 270 273 276 283 289 285 279 278 277 275
279 279 278 277 276 275 275 274 274 273 272 272 273 274 274 274 272 268 265 263 262 262 262 262 262 261 260 260 260 259 256 251 250 252 256 259 261 264 265 265 265 265 265 265 266 269 273 276 275 273 273 276 278 278 278 278 277 276 279 281 279 277 279 283 285 285 283 283 287 293 298 302 299 297 299 298 290 280 274 273 274 276 279 281 278 275 274 275 276 281 290 292 284 280 279 278
279 279 278 277 276 275 274 274 273 273 272 272 272 272 272 271 269 267 265 264 263 263 262 262 262 261 260 259 258 257 255 251 251 254 259 262 264 267 267 266 266 265 265 266 269 272 272 273 274 274 274 276 279 282 282 280 278 277 277 278 277 275 278 283 285 286 286 287 291 295 297 297 294 294 297 299 293 284 279 279 281 282 284 286 285 280 276 275 276 281 290 295 286 281 281 282
280 279 278 277 276 275 274 273 272 272 272 271 271 271 270 269 268 266 265 265 264 263 263 262 261 260 259 258 258 257 255 253 254 260 264 265 265 265 265 265 264 263 264 267 270 271 271 273 275 276 276 277 279 281 282 281 281 279 277 275 275 275 279 283 286 289 291 292 293 293 291 289 288 289 294 301 300 290 283 281 283 283 283 286 289 284 279 277 279 284 290 298 289 282 284 286
279 279 278 277 276 275 274 273 272 271 271 270 270 270 269 268 267 266 266 265 264 263 263 262 261 260 259 258 257 257 257 257 261 264 265 266 265 262 262 263 263 264 265 267 268 271 274 276 277 276 276 277 277 279 282 284 283 282 279 275 274 276 279 284 290 294 296 294 291 286 284 284 285 287 294 304 307 296 288 283 281 281 282 286 291 290 286 284 283 285 291 299 291 283 284 287
280 279 278 277 276 275 274 272 271 271 271 271 269 268 268 268 267 266 266 265 264 263 262 261 260 259 257 256 257 258 260 263 265 265 264 264 264 262 262 264 265 266 266 267 270 275 276 275 275 276 276 276 277 279 282 285 284 283 282 277 275 276 279 287 294 297 296 291 284 279 278 280 284 289 295 304 308 301 293 285 279 279 281 283 289 293 294 289 285 285 289 296 289 283 283 286
280 279 278 277 276 275 273 272 271 271 271 270 269 268 267 267 267 266 266 265 264 263 262 261 259 257 254 253 257 261 264 266 267 265 263 263 262 263 266 267 269 269 268 270 274 275 272 272 273 275 276 276 278 280 282 284 284 283 283 280 276 278 283 290 294 294 289 282 274 271 273 280 288 292 295 298 301 300 296 289 283 281 281 281 285 292 295 290 285 284 288 293 288 284 284 285
280 279 278 277 276 274 273 272 272 271 270 269 269 268 267 266 266 266 266 265 264 263 262 260 258 255 251 252 258 262 265 268 270 269 265 262 261 263 268 271 271 272 274 275 275 271 269 271 273 275 276 277 278 280 282 285 284 281 279 280 282 285 289 291 291 289 283 275 268 268 276 287 292 294 295 294 291 295 299 298 292 288 285 283 284 289 295 292 287 286 291 299 290 285 284 285
280 279 278 277 276 274 273 272 272 270 269 268 269 268 267 266 266 266 265 265 264 263 262 260 258 253 249 252 258 260 263 268 272 273 270 264 261 264 269 273 275 276 278 277 274 271 270 271 274 276 275 276 278 281 285 288 284 277 278 284 289 291 292 289 285 281 276 271 268 272 282 290 294 294 297 296 286 289 300 305 299 293 290 288 286 288 293 291 286 286 294 305 296 287 285 285
280 279 278 277 275 274 273 272 271 270 268 268 268 267 267 267 267 266 265 265 264 263 262 261 258 253 250 254 257 258 260 266 272 274 274 271 266 266 270 275 277 278 280 279 276 275 272 271 273 277 277 276 278 282 287 291 284 277 282 289 291 291 289 285 279 273 269 267 272 279 285 289 292 293 298 300 288 286 295 305 303 298 295 293 289 287 287 285 282 283 291 304 302 291 286 286
280 279 278 276 275 274 273 272 271 269 268 267 267 267 267 267 267 266 265 265 264 264 264 262 260 255 255 258 257 254 256 262 268 272 276 279 275 271 273 277 279 281 281 280 279 277 275 272 272 277 280 278 278 281 284 290 290 283 284 290 291 289 285 281 277 272 269 271 279 285 287 288 291 291 295 298 291 284 286 297 304 304 299 294 289 283 280 282 280 279 285 297 303 297 291 289
281 280 278 276 275 274 273 272 270 269 268 267 267 267 267 268 267 266 266 266 266 265 264 263 262 261 263 263 258 253 253 257 262 270 279 286 283 277 277 280 282 282 282 280 280 279 278 277 276 278 281 279 278 277 279 285 292 286 283 286 289 286 279 274 273 272 274 278 283 287 288 287 286 286 292 298 294 284 281 288 301 306 301 292 286 282 282 285 283 279 279 287 298 299 295 292
281 280 278 276 274 274 273 271 270 269 268 267 267 267 267 267 267 267 267 267 266 266 265 264 264 267 270 267 261 255 255 256 261 271 281 289 286 280 279 281 282 281 280 278 277 278 280 282 281 278 277 278 275 272 272 275 282 284 283 282 284 282 273 266 269 274 280 282 282 285 286 283 279 283 294 300 296 286 281 285 296 306 303 294 290 289 289 288 284 279 275 277 285 293 293 291
281 280 278 276 274 274 273 271 270 269 268 268 267 267 267 267 268 268 268 267 266 266 266 266 268 270 271 268 262 258 259 263 267 272 279 286 286 282 280 279 279 277 276 274 274 276 279 281 278 274 274 274 272 269 267 266 273 280 282 280 279 277 269 264 269 278 286 286 281 281 282 280 282 290 299 301 297 289 283 284 291 302 303 297 294 292 290 285 280 276 273 271 273 282 289 290
280 280 278 276 275 274 272 271 270 269 268 268 268 268 268 267 267 268 268 268 268 268 268 268 270 273 273 271 266 263 266 270 270 270 273 282 286 282 279 275 273 272 272 272 272 274 277 276 273 272 273 273 273 270 266 266 274 277 278 278 276 275 269 265 271 281 292 291 283 279 281 285 290 297 303 303 301 293 285 283 286 294 296 296 294 290 287 282 278 275 273 271 271 276 285 293
280 279 278 277 275 273 272 270 269 269 269 268 268 268 268 267 267 268 268 269 270 270 270 271 272 274 276 275 274 273 272 271 269 267 269 280 288 281 275 272 270 269 270 271 271 273 274 272 270 272 273 273 274 272 269 271 278 278 274 272 274 277 277 271 272 278 290 294 286 281 285 291 294 299 303 305 305 299 289 282 280 283 288 293 296 293 287 286 282 278 275 274 276 280 288 298
281 279 277 277 275 274 272 270 270 269 269 269 269 268 268 268 268 269 269 270 270 271 272 274 275 275 276 277 279 279 276 272 269 268 270 275 285 279 272 269 268 266 267 267 269 272 272 270 271 272 272 272 273 273 273 275 279 280 274 270 271 277 286 280 273 274 283 292 291 288 290 292 291 295 300 304 304 300 292 281 276 278 283 288 296 296 289 287 287 281 278 280 283 286 291 298
281 280 278 277 275 273 272 271 270 270 270 270 269 269 269 269 269 270 270 270 271 272 273 275 276 276 276 278 280 282 281 278 275 274 271 269 272 273 268 265 264 262 264 266 268 271 272 272 273 273 273 272 273 275 277 278 280 280 277 271 270 275 288 288 277 273 278 288 294 294 291 287 285 288 295 300 301 296 289 283 279 277 277 279 286 296 293 289 290 289 286 286 285 285 289 295
282 281 280 277 275 272 272 271 271 270 270 270 270 270 270 270 270 270 271 271 272 273 274 275 276 278 279 280 281 284 286 285 281 277 271 264 261 262 261 261 261 262 265 267 270 272 273 274 274 273 274 275 276 278 280 281 279 278 278 274 272 275 286 293 284 275 276 284 292 293 287 280 280 286 294 299 299 293 287 288 286 279 273 271 277 292 300 294 292 295 293 289 285 284 289 298
283 282 280 278 275 273 272 272 271 271 271 271 271 271 271 271 271 271 271 272 273 273 274 275 277 279 281 283 286 288 288 287 283 276 269 264 257 253 256 259 262 265 268 270 272 274 275 275 274 274 277 280 280 279 281 282 281 278 278 276 274 276 285 294 290 280 278 282 286 285 279 278 284 293 297 296 299 300 290 289 291 286 277 272 276 287 303 302 295 296 296 290 286 288 292 298
283 282 280 277 275 274 273 272 273 273 273 272 272 272 272 272 272 272 272 273 274 274 275 276 278 280 283 288 291 288 286 284 280 275 270 262 252 251 258 262 265 269 271 273 274 275 277 278 276 276 280 284 284 280 281 285 285 282 280 279 277 277 281 290 292 283 279 280 280 278 280 287 293 296 296 292 300 310 295 287 292 292 285 280 279 285 300 308 300 297 296 291 289 290 290 291
283 282 280 277 276 275 274 274 275 275 274 273 273 273 273 273 273 273 274 274 274 275 276 277 278 280 284 290 291 286 283 283 280 276 270 259 250 256 261 263 267 271 275 278 277 276 278 280 280 278 279 284 288 286 285 288 291 289 285 282 278 274 272 280 288 284 279 278 277 280 289 294 294 293 291 292 302 319 305 289 289 292 288 285 282 283 294 307 305 299 296 292 289 288 286 287
283 282 281 279 278 277 276 276 277 276 275 274 275 274 274 274 274 274 275 275 275 276 276 277 278 281 284 288 288 284 282 282 281 277 269 259 259 263 263 265 269 273 278 280 279 278 279 282 283 280 279 285 293 294 288 287 290 291 285 280 274 267 264 270 283 285 279 278 280 287 293 291 287 289 291 295 306 327 315 293 287 289 289 288 284 285 295 305 306 300 298 291 285 282 283 287
283 283 282 281 280 279 279 278 278 277 277 276 276 276 275 275 275 275 276 276 276 277 277 277 279 280 283 285 286 285 283 282 281 277 270 266 268 270 270 272 274 276 277 278 281 283 282 282 284 283 281 285 292 294 288 282 282 283 280 274 268 265 265 270 278 284 281 280 286 291 290 284 284 294 297 297 309 330 319 298 289 289 288 288 289 292 298 304 303 300 298 288 279 277 284 290
284 284 283 283 282 282 282 281 279 279 279 278 278 278 277 276 276 276 276 277 277 277 278 278 279 280 281 283 286 286 283 281 280 279 278 277 275 278 280 280 278 276 275 278 283 284 280 277 279 282 282 282 285 287 284 279 275 275 273 270 269 272 276 275 276 283 287 287 290 290 285 283 289 298 300 300 311 332 322 302 294 292 291 292 295 296 297 295 296 297 296 289 279 280 287 295
