windninja/windninja_output/Output_2025-08-24_1500-1550_Google earth_Fire_150m_10min/merlingen_7.5mi_point_08-24-2025_1520_150m_ang.asc
ncols	158
nrows	163
xllcorner	391686.332397
yllcorner	5160024.123721
cellsize	150.000000
NODATA_value	-32768.000000
[rows 94 to 140 of 163, columns 0 to 95 of 158]
70 66 60 59 60 57 50 38 29 38 44 40 32 28 28 36 42 49 61 62 47 32 29 33 37 47 55 59 62 64 67 72 76 77 75 73 73 73 73 71 67 61 60 60 59 61 63 65 67 67 70 71 62 51 50 52 59 58 51 45 38 28 24 23 21 19 17 14 11 7 4 1 358 354 351 347 343 340 336 332 327 323 319 315 309 303 298 292 284 280 279 280 281 281 281 282
67 65 63 65 67 64 58 50 45 52 57 52 47 46 47 57 59 67 67 57 43 40 39 44 49 55 59 61 62 62 66 73 77 78 77 77 77 77 76 75 72 67 62 59 56 55 57 60 64 66 67 64 54 49 54 56 59 58 53 48 42 33 28 27 24 22 19 16 13 10 6 3 359 356 352 348 344 340 336 332 328 324 319 315 310 306 300 295 290 288 287 286 286 285 285 284
66 67 67 67 66 61 57 56 63 77 81 73 66 64 70 76 76 79 71 48 44 49 53 61 65 65 64 64 63 65 70 73 75 76 78 80 81 81 80 80 79 77 72 66 61 57 56 58 62 65 64 59 54 50 55 59 61 60 56 51 45 38 34 31 28 25 22 19 16 12 8 5 1 357 354 350 346 341 337 333 328 324 320 316 311 307 303 299 296 293 291 290 289 288 287 286
67 70 71 68 66 62 58 57 64 75 81 78 75 72 77 80 83 82 68 47 45 54 63 74 78 73 67 66 68 73 77 77 75 76 78 82 85 86 86 85 84 85 82 78 73 68 65 66 68 68 64 61 58 55 57 60 63 63 60 57 51 44 41 36 32 28 25 22 19 15 11 7 3 360 355 351 347 343 338 334 329 325 321 317 313 308 305 302 299 296 295 293 291 290 289 287
70 75 75 74 74 70 65 63 64 68 72 79 86 87 87 87 86 78 61 51 49 56 68 77 76 64 63 68 72 77 80 80 79 79 80 84 88 92 93 92 91 91 91 87 82 79 78 77 75 71 67 64 61 59 59 61 61 62 61 59 55 52 50 44 37 33 30 26 22 18 13 9 6 2 358 353 349 344 339 335 330 326 322 317 314 310 307 303 301 298 296 294 293 291 290 289
74 78 80 81 82 81 78 75 72 70 72 76 80 86 89 86 80 71 60 53 53 62 72 73 61 52 60 68 73 77 79 82 83 83 84 87 90 93 97 100 99 98 99 94 86 83 82 79 74 70 68 66 62 60 60 61 61 61 61 58 53 52 53 51 46 41 35 29 24 20 16 13 9 5 0 356 351 346 341 336 331 327 323 319 314 311 308 305 302 300 298 296 294 293 291 290
74 77 80 82 82 81 81 81 78 74 74 73 74 79 83 80 77 73 64 58 65 76 77 65 52 53 62 68 73 76 79 82 86 90 92 93 93 94 97 104 107 106 106 103 93 86 82 79 75 70 68 66 63 61 61 60 60 60 61 57 52 50 51 51 50 45 38 31 27 24 20 17 12 8 3 358 353 348 343 338 333 328 323 320 316 312 309 306 303 301 299 297 295 293 292 290
76 78 80 81 80 79 79 79 78 77 75 72 70 69 70 71 71 70 65 69 81 84 73 58 55 59 65 69 73 76 80 84 90 94 99 100 99 98 100 105 112 113 112 113 104 92 85 81 77 73 70 67 65 64 63 61 59 59 60 57 55 53 52 51 50 47 41 35 31 28 25 21 16 12 6 1 356 351 345 339 334 329 325 320 316 313 310 307 304 302 299 298 296 294 293 291
77 79 81 79 78 78 79 78 77 76 75 72 68 62 61 65 67 66 65 73 79 72 60 57 59 63 67 71 74 77 82 86 90 95 100 105 107 107 106 108 115 119 119 120 117 102 90 83 79 75 71 68 66 65 65 63 61 60 58 56 54 52 52 53 53 50 44 38 34 33 32 28 22 15 11 5 359 353 347 341 335 331 326 322 317 314 310 307 305 302 300 298 296 294 293 291
78 79 79 78 77 77 78 78 77 76 75 74 71 70 71 71 71 69 69 74 69 56 55 60 61 62 68 73 76 81 85 86 89 93 98 105 112 113 112 112 117 123 125 127 127 117 100 88 80 76 73 71 69 66 65 63 61 61 59 57 54 51 51 52 54 51 46 40 35 36 39 38 29 21 16 10 3 356 349 343 337 331 326 322 318 315 311 308 305 302 300 298 297 295 292 290
78 78 78 77 77 78 78 77 77 77 79 79 80 84 88 86 81 76 75 73 62 54 57 60 59 61 66 72 77 82 86 87 89 93 97 103 110 116 116 117 120 126 130 132 134 130 114 99 86 78 75 73 71 70 68 64 61 60 60 60 58 54 52 54 54 51 46 40 35 36 40 42 39 33 27 19 7 358 350 344 338 332 326 322 318 315 311 308 305 303 300 298 296 294 292 290
78 78 76 75 76 77 78 77 76 78 81 84 88 91 93 92 87 81 76 69 61 59 59 58 58 60 65 70 74 80 85 88 91 93 95 100 108 116 121 122 125 129 132 135 139 139 128 112 97 84 78 75 72 70 70 68 64 61 61 61 59 56 55 57 56 53 49 41 36 37 40 41 41 40 36 29 15 2 350 341 334 330 327 322 319 315 311 308 305 303 300 298 296 293 291 290
78 77 74 73 74 75 75 75 75 78 81 84 87 88 90 89 85 79 72 65 62 64 62 58 57 60 63 66 72 79 85 90 92 90 91 99 109 118 123 126 128 131 134 137 142 145 140 128 112 97 85 77 72 68 67 67 66 64 62 61 59 57 57 58 57 54 51 44 38 39 42 42 42 39 35 32 25 11 358 344 330 325 323 322 318 315 311 308 305 302 300 297 295 293 291 290
76 74 72 71 72 72 74 74 74 76 77 79 78 78 80 82 81 77 70 63 62 66 67 59 56 57 60 61 67 78 86 90 90 84 89 102 112 118 121 125 131 134 135 138 144 149 150 142 128 111 95 84 77 71 67 64 64 64 63 61 60 60 60 58 56 54 52 48 40 39 42 44 44 43 40 38 33 19 7 358 342 326 319 319 318 315 312 308 304 302 299 296 294 293 291 289
75 73 69 70 71 71 72 72 72 73 73 73 71 70 72 76 77 73 67 64 66 71 71 62 55 55 59 58 64 75 84 87 86 81 92 105 113 115 116 123 133 136 135 140 146 150 155 154 143 124 104 91 83 77 70 65 63 63 63 61 59 61 61 59 58 56 53 50 44 40 42 45 47 47 45 42 37 28 16 9 359 338 320 315 315 314 311 307 303 300 298 296 294 292 290 287
74 72 71 72 73 73 72 71 70 70 70 69 66 66 70 74 75 67 59 62 70 75 74 66 58 56 57 57 64 76 81 82 82 81 93 104 109 111 117 124 130 131 133 141 148 151 157 163 157 139 115 96 85 79 74 69 65 63 63 60 58 59 60 58 58 58 56 53 48 42 43 48 50 49 47 44 42 38 30 20 10 354 334 317 311 310 309 305 302 299 296 294 292 290 288 285
74 74 75 77 78 77 74 72 70 68 68 68 66 66 71 77 76 60 51 59 70 78 79 72 65 60 59 58 65 74 80 80 79 80 90 101 108 113 120 125 123 122 129 140 148 151 158 169 168 154 133 108 89 79 75 71 67 65 65 62 59 59 59 56 56 58 59 57 52 45 43 48 52 51 50 49 48 45 40 32 21 6 350 327 310 304 303 302 299 296 294 290 288 287 284 282
75 77 79 79 78 76 73 71 70 68 67 69 70 70 74 79 77 54 46 56 66 77 84 78 70 69 67 63 64 68 75 80 79 79 89 101 109 117 123 123 122 120 121 133 144 151 160 171 173 166 149 124 97 82 77 73 68 66 66 64 61 60 58 55 54 56 57 58 55 50 47 51 54 53 53 53 52 50 47 43 34 22 6 341 320 306 298 295 292 289 286 284 283 282 280 277
79 80 79 77 75 73 71 69 69 66 63 67 73 75 77 80 78 50 43 53 60 70 81 80 71 76 81 79 71 66 68 75 80 84 94 103 111 118 122 121 122 116 112 122 140 152 160 169 174 173 164 145 111 88 80 74 69 66 65 64 61 60 59 57 55 54 55 55 54 54 53 56 57 56 55 56 54 51 48 47 43 37 25 360 334 318 304 293 284 277 276 279 280 279 277 274
79 79 78 76 75 74 72 69 67 63 62 68 74 75 76 80 80 56 44 51 56 63 71 75 72 80 87 90 86 73 67 70 78 89 99 106 110 111 114 115 112 105 107 117 135 152 159 164 171 176 175 168 134 96 82 76 70 66 65 63 60 57 58 59 57 54 54 53 53 52 52 55 57 56 56 57 56 53 50 49 49 48 40 24 359 331 313 299 283 278 283 285 282 278 272 267
75 75 75 75 74 73 73 71 67 63 66 72 74 71 72 80 86 81 50 53 54 58 63 70 76 82 85 87 89 86 73 69 76 89 100 106 105 105 106 106 101 102 107 115 128 145 155 162 167 174 180 183 163 109 85 77 72 68 65 64 61 57 57 59 58 55 54 53 52 51 50 53 58 57 56 57 57 57 54 52 53 53 46 37 28 3 340 326 306 298 296 293 285 275 265 263
72 72 73 73 73 71 70 69 67 69 75 79 74 64 68 81 92 104 105 63 61 58 59 65 75 82 82 79 84 91 81 71 75 85 96 103 105 104 102 98 99 106 111 114 122 138 154 165 167 172 182 190 186 140 90 78 72 69 67 65 61 57 57 60 58 55 54 54 53 52 51 53 57 60 60 59 59 59 57 55 57 57 50 43 39 27 10 358 329 309 303 296 284 272 269 273
71 72 72 72 71 70 67 64 67 75 84 85 74 61 68 82 94 109 173 100 77 68 64 65 69 76 78 75 83 92 88 75 73 80 92 102 106 103 96 96 103 109 112 112 116 132 150 162 163 166 178 191 198 180 101 79 73 71 69 67 62 58 59 61 60 56 54 54 54 52 51 51 53 58 62 64 62 60 60 60 62 64 58 50 46 36 22 11 348 325 312 303 290 283 286 287
71 72 72 72 72 71 67 65 69 76 84 87 76 64 71 81 90 108 164 143 102 86 79 72 68 70 72 74 84 92 92 84 77 81 89 98 102 98 92 97 106 109 109 107 110 119 137 151 158 161 172 192 206 205 131 80 74 71 70 68 64 60 59 61 60 56 54 54 54 53 51 50 50 53 57 62 64 62 61 61 65 67 64 56 51 43 32 21 9 355 339 332 321 301 295 291
73 72 71 72 73 72 70 71 75 77 80 83 81 74 74 76 83 104 149 154 130 105 92 86 81 75 74 78 81 85 92 99 98 95 93 90 90 88 90 98 103 103 102 101 102 109 126 144 154 161 170 195 213 220 194 83 74 70 69 69 67 63 62 61 58 54 52 53 53 53 53 51 50 51 54 57 59 61 62 62 65 67 65 58 53 49 40 32 26 22 11 6 351 316 300 295
72 71 70 73 76 74 73 77 81 81 78 80 86 84 77 75 81 96 130 151 145 123 107 100 96 92 89 88 86 88 98 109 112 105 97 88 83 84 91 95 92 91 91 94 98 104 115 132 146 158 169 197 219 229 227 85 73 71 70 69 69 67 66 64 58 54 52 51 52 55 55 52 50 50 52 54 55 58 62 65 67 68 66 61 58 55 47 41 38 35 29 24 14 345 321 311
70 69 69 74 78 77 78 82 86 85 79 82 90 89 79 76 81 90 111 141 148 137 120 110 104 102 101 100 101 104 104 108 109 103 97 92 87 87 93 92 85 81 85 91 96 98 105 119 137 153 166 196 224 237 244 78 73 73 71 70 70 67 65 65 62 62 62 58 56 57 57 55 53 52 52 52 52 55 59 64 68 69 68 65 64 61 54 48 46 44 40 35 29 11 344 325
67 69 70 70 70 71 75 81 88 88 82 85 94 99 83 76 78 85 98 121 142 139 129 118 110 108 107 108 111 112 110 106 104 102 98 95 93 91 92 97 89 81 83 88 91 94 101 113 130 144 160 194 228 245 255 8 73 74 71 70 69 64 61 61 62 69 77 79 73 65 60 57 58 58 55 51 51 52 56 60 64 68 69 66 66 64 58 53 52 51 47 40 32 15 350 331
65 72 75 70 64 62 65 71 80 85 84 88 97 111 95 79 76 79 86 98 119 130 129 124 114 110 111 113 114 113 114 111 105 103 100 96 96 91 89 99 99 88 81 80 85 92 98 105 115 124 139 176 233 254 262 301 70 71 67 67 64 59 59 60 60 67 75 83 89 82 70 64 62 62 59 54 51 51 52 55 59 64 67 65 64 61 56 52 53 54 50 40 31 16 351 334
75 80 81 75 66 64 64 65 70 74 80 91 101 115 106 88 77 72 74 84 99 113 120 119 115 114 114 113 115 117 119 115 107 105 102 97 96 91 87 94 103 95 82 75 78 85 91 96 101 103 109 133 251 267 273 304 62 68 67 64 58 56 60 62 63 67 70 73 83 91 84 76 71 67 64 61 56 53 52 52 53 57 61 61 60 60 55 51 54 56 52 41 32 20 357 340
81 84 83 78 72 71 68 65 67 67 73 87 99 107 107 97 82 69 66 75 89 102 110 113 112 111 111 116 122 125 127 117 109 108 104 97 96 96 90 90 101 102 87 77 75 79 84 90 94 93 92 84 288 281 289 326 43 62 66 63 56 60 63 64 66 70 69 68 71 80 88 88 84 80 74 71 67 62 58 53 51 54 57 57 58 58 53 51 57 59 53 42 31 21 7 354
77 80 80 77 74 72 70 68 69 67 69 76 85 94 101 101 90 74 65 68 79 95 105 107 107 110 117 128 131 135 135 119 109 109 106 98 96 99 94 91 98 106 98 84 77 76 80 84 87 88 81 52 321 298 301 331 27 51 59 59 59 64 64 63 66 69 69 67 66 68 76 86 91 93 91 86 83 79 72 64 59 58 57 55 55 55 50 50 56 57 52 39 30 24 14 6
74 78 80 78 75 73 72 74 73 68 66 68 72 82 92 101 98 84 74 71 76 90 104 109 116 125 132 136 140 146 145 122 108 107 107 100 96 99 99 94 97 108 109 94 82 79 79 79 78 75 66 39 335 314 313 331 17 46 56 57 59 64 63 63 66 68 67 66 65 64 66 75 84 92 98 101 100 96 90 82 74 69 62 56 54 52 47 49 54 56 52 41 32 26 18 15
77 80 82 81 77 75 75 79 77 71 64 62 64 72 87 99 102 94 89 88 96 105 113 122 125 128 134 139 143 151 152 130 109 103 104 100 96 97 100 98 98 108 117 108 91 83 80 77 71 62 54 30 340 323 323 335 11 46 58 59 60 62 62 63 66 67 66 65 64 63 65 70 78 86 94 103 110 110 106 99 88 79 70 62 55 48 42 43 47 50 50 42 33 28 24 23
80 82 83 82 81 80 81 80 78 73 66 61 61 65 74 89 98 99 105 117 123 120 115 117 119 117 119 126 138 149 152 138 116 102 95 94 95 95 96 97 98 106 119 123 105 88 80 72 62 54 46 23 344 332 332 342 14 48 60 60 59 60 61 63 66 66 66 65 64 64 65 69 74 81 88 96 107 117 115 112 106 93 79 69 60 48 40 38 39 42 42 37 32 31 31 30
79 82 84 85 85 87 88 85 81 78 74 70 63 60 64 72 89 105 118 125 128 125 112 104 103 104 109 118 127 139 146 143 126 109 94 87 87 90 91 93 97 104 114 125 121 99 82 67 55 52 41 19 347 339 340 349 19 48 58 59 59 60 61 63 65 66 65 65 64 64 65 68 71 75 82 90 100 112 116 117 118 112 99 82 69 56 46 41 41 41 39 36 32 30 31 32
80 82 83 86 87 89 90 91 89 87 86 81 73 67 65 72 88 107 119 125 127 125 117 104 98 100 106 111 117 129 139 143 139 123 104 88 80 80 86 90 94 100 108 119 128 116 91 69 58 53 38 16 352 345 348 356 22 46 56 60 60 60 61 64 65 65 66 66 65 65 66 68 69 71 75 84 94 104 110 115 119 122 120 106 89 73 62 55 54 51 45 41 35 30 29 30
84 84 83 82 86 89 88 87 91 96 95 91 85 81 80 82 90 102 113 120 125 128 126 115 102 97 101 108 113 125 134 143 150 141 120 99 84 79 80 84 90 98 104 112 124 126 104 75 63 55 35 14 358 353 358 6 24 46 57 60 61 63 64 65 66 66 67 66 66 65 66 68 69 70 73 78 87 97 102 107 117 126 129 124 113 99 83 72 67 61 54 50 42 34 31 32
87 87 84 81 86 91 88 81 83 92 100 99 96 94 94 95 96 99 103 112 122 129 131 127 112 97 91 101 109 117 128 138 152 154 135 118 101 87 80 81 88 95 99 104 112 121 112 82 67 55 31 13 4 2 8 15 27 46 58 61 62 66 68 67 68 68 68 68 67 66 68 69 68 70 73 77 84 93 97 99 109 124 133 133 127 119 110 95 80 70 61 55 49 40 37 38
89 89 88 85 88 93 92 84 78 81 92 102 102 102 103 107 107 102 99 105 119 130 136 133 121 99 86 90 100 108 116 126 144 153 145 132 117 101 89 85 87 91 94 96 98 95 91 78 63 48 28 15 9 10 15 20 30 47 57 60 64 67 67 67 68 69 70 71 70 70 71 71 70 69 71 76 84 91 96 97 101 112 129 134 132 130 127 119 103 86 74 64 55 47 42 44
90 91 92 91 89 90 93 94 87 81 84 92 97 102 112 118 115 108 101 101 110 128 136 134 127 107 89 84 90 100 108 116 129 143 147 139 126 112 101 94 90 90 92 91 81 68 61 51 43 37 28 19 14 17 21 24 33 49 59 62 66 66 65 66 68 69 71 72 75 78 76 74 73 71 70 74 80 89 97 100 99 102 113 124 128 131 132 130 120 104 87 73 64 55 47 45
84 87 90 92 90 89 91 97 97 90 84 85 91 100 111 118 117 110 106 103 103 116 128 130 132 123 102 87 85 93 104 111 119 132 142 143 135 122 110 102 96 91 89 83 68 57 48 31 26 31 29 22 20 24 26 27 38 54 62 66 68 66 66 66 67 69 69 71 78 85 87 82 78 73 72 72 75 81 93 100 101 100 101 109 120 127 130 132 128 118 103 88 76 66 56 51
77 82 86 89 90 90 91 92 95 95 90 89 93 99 106 111 114 112 109 106 101 104 116 125 135 135 118 99 90 90 98 107 112 121 134 143 146 136 115 105 100 94 86 73 62 54 44 25 21 30 31 27 28 31 30 32 45 59 65 67 68 67 67 67 66 67 68 70 76 85 95 96 89 82 76 72 73 75 80 91 99 99 98 103 113 122 125 128 129 124 115 103 91 80 68 61
88 85 83 83 88 91 92 89 88 91 93 96 102 104 104 107 110 112 110 104 99 101 110 119 133 141 131 113 99 91 90 97 105 112 124 139 152 148 118 105 102 97 83 66 56 50 41 24 22 31 32 32 35 36 35 40 53 65 68 68 67 67 67 67 65 66 67 71 75 82 92 103 104 100 91 79 74 72 72 76 88 97 99 103 110 115 115 116 121 124 118 106 98 92 83 72
106 97 85 80 85 91 92 91 90 92 95 102 111 112 109 108 108 106 103 99 97 100 108 115 127 139 138 123 108 96 86 87 97 107 114 128 149 152 124 106 99 92 76 61 51 45 38 25 26 32 35 39 41 41 43 51 63 70 69 69 68 67 67 66 64 66 68 72 76 80 87 100 110 113 112 101 84 75 70 71 77 88 96 104 108 102 101 104 109 111 103 91 88 90 92 88
101 100 95 87 83 83 88 95 99 99 100 108 116 117 113 109 103 98 93 91 93 97 104 111 120 132 137 129 116 106 94 88 90 96 104 116 137 146 131 109 93 76 66 56 47 43 38 29 30 36 40 44 44 46 54 64 71 72 71 71 70 70 68 64 62 66 70 74 78 80 85 94 107 116 121 119 101 85 76 74 76 81 92 100 102 96 97 97 91 74 63 65 69 73 82 92
91 94 101 101 88 77 82 93 100 104 111 113 116 116 112 107 101 97 94 90 89 92 98 105 113 123 132 133 125 118 112 99 89 87 95 107 125 135 129 107 82 65 59 50 44 43 39 33 36 41 45 49 50 55 64 71 73 72 72 72 72 73 71 64 61 66 71 76 79 81 84 90 100 111 120 125 114 95 87 83 83 86 90 92 95 101 101 93 69 50 47 54 57 62 67 73
