windninja/windninja_output/Output_2025-08-24_1500-1550_Google earth_Fire_150m_10min/merlingen_7.5mi_point_08-24-2025_1520_150m_ang.asc
ncols	158
nrows	163
xllcorner	391686.332397
yllcorner	5160024.123721
cellsize	150.000000
NODATA_value	-32768.000000
[rows 0 to 46 of 163, columns 0 to 95 of 158]
2 1 358 357 357 358 359 359 358 358 359 360 1 3 3 2 360 355 352 352 352 353 355 357 359 359 358 355 355 356 357 357 357 355 353 355 356 354 351 350 350 351 352 351 349 350 349 347 345 348 350 351 351 353 353 353 351 349 347 347 347 348 347 346 345 345 345 344 343 343 343 343 342 340 339 339 340 338 335 334 335 335 332 330 328 325 323 321 319 316 313 311 311 308 304 297
4 1 357 356 356 358 0 359 357 357 358 359 2 3 4 4 1 356 353 353 352 351 353 357 360 1 359 356 355 357 358 358 357 356 354 355 357 355 353 352 351 352 353 352 351 351 351 349 347 347 348 349 350 352 353 353 351 350 348 347 347 347 347 346 345 345 345 345 343 343 344 344 343 341 339 340 341 339 336 336 337 336 333 331 330 327 327 325 322 319 316 314 313 312 311 308
3 0 357 356 356 358 1 0 356 354 355 358 1 3 4 3 0 357 355 354 355 351 350 355 1 3 1 358 357 359 359 358 357 356 354 355 356 356 355 354 353 352 352 351 351 352 352 352 351 349 347 348 351 352 352 352 350 349 349 349 348 348 347 346 346 346 345 344 343 343 345 345 343 341 341 342 343 340 338 339 341 339 336 335 333 331 333 333 331 329 324 322 322 323 323 322
357 358 358 357 357 358 359 357 355 354 356 359 1 1 1 0 359 358 358 358 358 354 350 352 358 2 2 1 1 1 1 360 357 354 354 354 355 356 355 354 353 352 351 350 351 351 351 353 354 353 351 352 353 353 352 351 350 349 349 349 349 348 347 347 347 346 345 344 343 344 346 345 342 340 340 341 341 339 339 341 343 341 339 338 334 332 336 338 337 337 335 332 330 331 331 330
350 354 358 358 358 357 355 352 353 355 360 1 1 0 358 357 358 359 0 2 0 355 351 350 353 358 1 2 2 2 2 2 359 356 355 355 355 355 354 352 352 351 351 351 351 352 352 354 354 354 355 355 354 354 353 352 350 349 348 348 348 348 348 347 347 346 345 344 343 345 346 344 341 341 341 340 337 336 339 342 343 340 338 338 334 332 335 336 336 338 340 339 337 337 336 336
347 349 354 357 357 355 353 350 352 358 2 1 359 358 355 356 359 2 3 3 1 356 350 347 348 352 357 0 1 1 2 1 360 359 359 357 355 354 352 352 352 351 350 351 352 353 354 354 354 355 357 357 355 354 353 352 350 348 348 348 348 349 348 348 347 346 346 344 343 346 348 344 341 341 343 342 339 337 338 343 343 338 335 335 334 333 334 332 330 332 335 337 339 339 338 338
348 347 349 352 354 354 353 352 355 359 360 359 357 356 355 356 0 4 4 3 2 357 350 345 343 347 353 356 358 359 360 359 359 0 0 358 355 354 354 354 353 352 352 352 353 354 354 355 355 356 358 358 356 355 354 351 349 348 347 347 348 349 350 349 348 347 346 344 344 347 349 346 343 343 344 344 342 341 343 346 342 338 336 335 334 333 332 329 326 325 325 327 331 334 334 334
349 349 347 347 349 351 353 355 358 358 357 356 355 355 355 356 359 3 4 3 2 359 355 347 342 345 349 351 354 356 356 355 357 359 358 356 355 355 356 355 355 355 354 354 354 353 354 354 355 356 357 356 356 357 354 351 349 348 347 346 347 349 351 351 350 349 346 344 344 346 346 345 345 346 345 344 342 344 348 347 339 335 337 337 336 336 334 332 328 324 320 320 321 324 329 330
349 349 349 348 347 349 352 356 357 356 354 352 352 353 355 357 359 0 2 3 2 1 358 353 347 345 347 349 352 355 353 353 356 357 356 354 355 357 357 358 357 356 355 355 354 353 354 354 354 356 356 355 355 356 353 350 348 347 346 346 346 347 348 350 351 349 346 344 345 347 345 343 344 346 346 344 342 346 351 345 336 333 335 337 338 338 339 337 336 334 332 330 328 329 331 328
349 349 350 350 350 350 352 355 355 354 352 350 349 349 352 357 358 358 360 2 1 1 359 356 353 348 346 350 353 353 352 352 354 356 356 356 357 358 359 359 358 357 355 354 354 354 354 353 353 355 355 355 355 353 350 348 347 346 346 346 346 344 344 346 347 345 344 343 346 348 346 343 343 345 346 345 343 345 348 343 338 335 335 334 333 334 335 335 337 340 341 337 334 334 333 326
349 349 350 350 351 352 353 353 353 353 352 350 348 347 350 354 356 356 357 358 359 0 360 359 356 353 351 352 353 352 351 352 353 354 355 357 359 0 0 359 358 357 356 356 355 354 353 353 354 354 352 352 352 348 346 345 344 343 344 345 343 340 340 339 336 336 338 340 345 348 346 343 343 345 347 347 344 342 341 339 339 339 339 335 329 329 330 328 331 338 339 334 332 334 332 325
349 349 350 351 352 352 352 353 353 353 352 351 349 348 349 350 352 354 355 354 356 358 360 0 359 358 357 355 353 352 352 354 353 353 355 358 360 360 358 358 358 358 357 358 358 356 355 355 357 354 348 346 344 340 337 337 338 339 339 338 332 325 324 323 322 323 326 332 342 344 342 342 343 346 349 349 347 343 339 337 338 340 341 338 333 332 331 326 328 336 335 328 327 331 328 323
349 349 350 351 352 352 352 352 353 353 352 352 351 350 348 346 347 350 353 353 353 355 358 1 2 4 3 358 355 354 354 354 353 353 356 359 358 357 356 358 358 358 359 0 0 1 3 6 5 356 346 340 333 322 315 316 322 329 333 324 307 302 301 300 301 304 308 317 330 334 336 340 342 343 345 345 345 343 341 340 339 339 339 337 335 336 333 328 331 338 334 326 325 328 323 318
349 349 350 351 351 352 352 353 353 352 352 352 352 352 350 346 343 344 348 350 352 354 359 3 7 7 4 360 357 356 355 354 353 354 357 358 357 356 356 358 358 360 3 6 6 9 13 15 11 4 356 348 339 325 308 299 302 313 330 330 322 318 314 309 303 297 295 301 312 322 330 334 336 338 339 338 338 337 339 340 338 335 334 333 333 335 332 327 330 334 330 322 320 320 314 308
350 350 350 350 351 351 352 353 353 353 352 352 352 352 352 350 345 342 343 347 351 355 1 5 8 6 3 1 359 359 358 354 353 354 355 355 358 359 360 1 4 13 22 21 16 17 13 6 6 8 4 357 352 347 341 335 330 334 340 339 335 332 330 331 329 319 313 308 306 311 321 327 329 333 335 334 331 331 332 331 330 329 329 328 329 330 327 324 326 326 319 308 302 302 299 296
350 350 350 350 351 351 352 353 353 353 352 352 351 350 351 351 350 348 346 347 351 356 1 5 6 3 1 1 1 360 357 355 356 357 356 358 3 7 11 16 24 28 23 12 8 8 4 357 357 2 1 359 355 351 352 354 353 349 345 340 337 336 336 340 341 335 329 323 319 316 316 316 319 325 330 331 330 329 328 325 324 325 323 322 323 322 317 314 315 314 307 298 294 294 293 292
350 350 350 351 351 352 352 352 353 352 352 352 351 349 347 347 350 352 352 351 353 356 0 3 3 2 1 1 1 359 356 357 1 5 9 12 14 16 19 19 16 9 3 4 4 2 1 1 355 350 353 355 354 352 353 357 359 355 348 342 338 337 339 343 342 337 334 331 329 327 320 312 309 316 324 328 331 331 327 325 325 324 319 316 313 307 301 295 296 305 311 309 306 304 302 299
350 350 350 351 351 352 352 352 353 353 352 352 351 349 345 344 347 352 354 355 356 358 360 1 1 3 2 360 358 358 359 3 11 17 20 16 10 8 7 6 4 2 0 2 4 1 359 359 355 349 348 350 352 352 354 356 357 355 350 344 341 341 343 344 341 337 335 334 334 332 328 322 317 316 319 324 329 328 323 320 319 317 313 309 302 296 293 296 301 307 312 312 312 311 309 307
350 350 351 351 352 352 352 352 352 353 353 352 351 349 347 345 346 350 354 357 358 359 359 359 0 2 2 360 358 360 5 11 16 16 14 11 7 5 3 2 1 2 2 2 2 0 355 352 351 351 349 347 349 352 354 353 353 353 350 345 343 344 346 345 340 337 335 336 336 332 331 332 328 324 321 319 319 316 309 303 303 302 304 309 312 313 314 313 311 311 314 314 313 312 313 314
350 350 350 351 352 352 352 352 352 353 353 353 352 351 349 347 348 351 355 357 358 358 358 359 360 1 1 1 2 3 8 13 15 14 12 10 7 3 1 0 1 1 1 2 0 357 353 351 350 351 351 348 347 348 349 350 351 352 349 346 344 345 345 342 338 335 334 336 336 333 335 337 335 333 331 327 320 310 302 301 304 306 312 319 322 321 321 319 314 313 319 322 315 312 313 314
351 350 350 351 352 352 352 353 353 353 353 353 353 352 351 351 351 353 355 356 357 358 359 359 359 1 2 3 4 5 8 11 14 12 8 5 3 0 360 360 1 2 2 2 358 354 354 354 352 351 351 350 347 345 344 346 348 350 350 348 347 346 343 340 337 335 335 336 335 336 340 342 338 334 334 337 338 333 327 322 319 320 321 323 325 322 321 319 314 314 322 327 320 313 313 314
350 350 351 351 351 352 353 353 353 353 353 353 353 353 353 353 354 355 355 356 357 358 358 359 360 2 3 4 5 6 7 9 9 5 1 1 1 1 1 1 3 4 3 360 357 356 355 354 352 351 351 350 348 346 343 343 344 346 349 351 350 347 343 340 336 334 335 335 336 339 345 345 340 333 333 338 342 341 339 334 329 328 325 325 327 325 323 321 316 317 325 333 328 318 317 318
350 350 351 351 351 352 353 353 354 354 353 354 354 354 353 354 354 355 356 356 357 358 358 359 1 2 4 6 6 6 5 4 2 359 359 359 1 4 4 3 3 3 2 0 359 356 354 353 353 352 351 350 350 348 345 343 342 343 347 351 351 346 342 339 335 335 336 337 340 346 349 347 340 334 334 338 341 341 340 339 338 337 333 329 329 327 327 324 320 321 328 338 334 321 319 319
350 350 351 351 352 352 353 354 354 354 353 354 355 355 354 354 355 355 356 357 358 358 359 360 1 3 5 8 8 6 3 359 356 358 0 1 2 5 5 3 1 1 1 1 358 354 354 355 354 353 351 351 351 348 346 345 343 343 346 349 349 344 338 334 333 336 339 341 346 351 351 346 337 333 336 341 341 337 335 338 341 342 339 336 332 328 326 323 319 321 330 342 334 321 318 318
350 350 351 351 352 353 353 354 354 353 354 354 354 355 355 355 355 355 356 357 357 358 359 1 2 5 8 12 10 5 0 356 354 357 1 3 5 4 2 360 358 358 359 357 354 355 358 358 356 354 352 351 349 348 347 346 345 346 346 347 346 341 335 332 333 336 339 345 351 352 348 339 332 333 340 346 341 332 331 335 338 341 343 343 338 330 325 320 316 319 332 344 334 322 318 318
351 350 351 351 352 353 353 354 353 354 354 354 354 354 355 356 355 355 356 357 357 358 359 1 3 6 11 13 11 6 1 356 353 354 358 3 6 4 360 357 356 355 354 352 354 359 2 360 358 355 353 351 348 346 345 346 348 351 350 345 340 334 333 335 340 342 345 352 356 352 340 331 330 335 345 351 343 331 328 332 334 338 343 345 342 337 333 327 320 319 333 344 337 326 322 321
351 351 351 351 352 353 353 353 353 354 355 355 354 354 355 355 355 356 356 357 357 358 359 0 2 6 10 12 11 9 5 359 352 349 353 359 4 3 359 356 354 353 350 350 355 0 2 1 358 356 356 354 350 346 343 346 353 357 353 345 335 329 330 338 346 351 355 359 359 349 335 329 331 337 348 354 347 335 329 329 330 333 339 341 339 339 340 336 327 324 332 340 336 330 327 324
351 351 351 352 352 353 353 353 353 355 355 355 355 355 355 355 355 355 356 357 357 357 358 359 2 5 8 9 10 11 11 5 357 351 348 352 357 360 358 355 353 351 349 351 355 358 360 2 360 357 356 356 353 348 345 349 357 358 351 343 334 329 330 339 348 355 0 2 355 342 332 331 335 340 349 352 346 337 332 329 327 329 332 333 332 335 341 340 331 328 332 335 333 329 329 328
351 351 352 352 353 353 353 353 354 355 355 355 355 355 355 354 355 355 356 356 356 357 358 359 0 3 3 4 7 11 13 10 4 358 352 349 352 355 356 355 353 351 351 352 353 356 358 1 1 358 355 355 355 352 351 354 356 354 348 340 334 335 339 345 350 356 1 359 347 336 332 335 341 346 351 350 341 334 332 330 326 327 328 326 324 326 333 334 329 329 332 333 330 326 326 327
351 351 352 353 353 353 353 354 354 355 355 355 355 355 355 354 355 355 355 355 356 356 357 358 359 359 357 358 3 8 11 12 10 2 353 351 352 353 353 354 353 352 354 354 354 356 357 358 358 357 357 356 356 357 357 358 355 351 345 337 333 338 348 353 354 355 357 352 339 331 331 338 346 351 353 348 340 334 330 327 326 326 324 321 318 321 326 326 326 328 331 331 327 323 319 320
352 352 352 353 353 353 353 354 355 355 355 355 355 355 355 354 354 354 355 355 355 356 357 357 357 355 353 354 360 5 9 11 8 0 353 352 353 352 351 352 351 352 355 356 357 357 355 353 352 355 358 357 358 1 2 3 359 349 341 336 334 341 353 360 356 352 350 344 333 326 328 337 345 348 349 347 343 339 333 328 328 328 325 321 321 324 326 325 324 326 328 326 322 316 310 309
352 352 353 354 353 353 354 355 355 355 355 355 355 355 355 354 354 354 354 354 355 355 356 356 355 353 352 354 360 6 9 6 2 357 354 353 353 350 349 351 352 353 355 357 358 357 353 349 349 354 356 356 359 3 6 7 2 351 340 335 338 348 359 2 354 346 344 340 330 325 330 336 337 340 345 346 346 343 336 333 334 335 329 323 321 321 320 319 318 317 317 317 314 309 305 304
352 353 353 353 353 353 354 355 355 355 355 355 355 355 355 355 354 354 353 354 354 354 354 355 353 352 351 353 359 3 2 359 358 357 355 352 350 347 347 352 355 356 357 357 357 356 352 350 353 355 354 355 357 2 7 5 359 354 346 340 342 352 0 1 353 345 341 338 332 331 335 337 335 339 344 346 346 344 339 335 338 341 333 325 321 318 315 314 314 313 311 308 307 305 307 309
353 353 354 353 353 354 355 355 355 355 355 355 355 355 355 355 355 354 353 353 353 352 353 352 352 351 350 352 354 355 355 356 358 1 358 350 346 347 350 355 357 358 358 358 358 356 353 354 357 356 355 355 355 358 3 1 354 352 352 350 348 352 357 358 354 348 341 335 331 333 338 339 339 342 345 345 344 342 340 340 345 346 336 328 326 325 322 320 320 319 316 311 307 307 311 318
353 354 355 354 353 354 355 356 355 355 354 354 354 354 355 355 354 354 353 353 352 352 351 350 350 351 351 351 350 349 349 352 357 360 358 353 347 349 354 358 360 2 1 1 0 356 355 357 357 356 356 356 355 356 357 354 349 346 351 354 354 354 354 354 353 351 344 335 328 330 337 342 342 345 345 343 341 338 337 342 349 349 342 334 331 332 329 326 327 325 322 318 314 311 313 320
354 354 355 354 354 355 356 356 355 355 354 354 354 354 354 354 354 353 353 353 352 351 350 349 348 349 350 350 350 347 345 348 352 353 356 358 355 354 358 2 5 8 7 5 3 359 358 358 357 357 358 358 357 356 354 351 349 346 347 352 355 355 352 349 350 352 348 338 329 328 336 342 343 345 343 340 338 334 330 333 342 347 345 339 334 332 330 330 332 330 326 322 316 311 311 317
355 354 354 354 356 357 356 356 356 355 355 354 354 354 354 353 353 353 353 352 351 351 350 349 348 348 348 350 352 347 342 344 346 348 354 1 3 3 6 10 12 11 9 6 2 360 359 358 357 358 358 357 357 355 353 352 352 352 350 351 354 354 350 345 345 349 347 340 333 333 337 338 337 338 339 340 340 339 334 329 331 339 343 341 335 331 330 332 333 331 326 321 316 311 313 321
355 355 354 355 356 357 357 356 355 355 354 354 354 354 353 353 353 353 352 352 351 351 350 349 348 348 348 350 350 344 341 341 342 347 354 1 8 15 17 16 13 9 6 3 1 360 359 359 360 0 356 354 355 355 353 352 353 355 355 354 355 355 350 344 343 343 341 338 338 343 345 337 332 335 341 342 341 344 342 335 334 336 339 340 335 332 334 334 330 329 326 321 315 312 316 326
355 355 355 356 357 357 357 356 355 354 354 354 354 354 353 353 353 352 352 352 351 351 350 349 348 347 347 347 344 340 339 340 342 348 354 3 15 22 19 14 10 6 3 1 0 360 358 358 0 360 356 354 355 357 355 351 353 356 357 356 357 358 356 351 346 341 335 334 342 349 345 338 337 342 348 343 339 344 346 343 343 341 340 336 331 333 339 338 331 329 328 322 313 310 315 324
356 356 357 358 358 358 357 356 355 354 354 355 354 354 353 353 353 352 352 351 351 350 350 349 348 347 345 342 339 337 337 338 342 347 354 7 15 16 14 12 9 5 0 358 359 360 358 357 358 358 357 354 354 356 355 353 352 354 356 356 358 3 6 0 352 343 335 335 344 344 338 337 341 350 352 340 338 346 347 348 351 350 343 333 326 329 336 338 333 331 331 323 311 309 312 320
359 358 358 358 358 358 357 356 355 354 355 355 354 353 353 353 353 352 352 351 351 350 350 349 348 347 344 340 337 337 336 336 339 345 356 8 9 8 10 10 8 3 359 357 358 359 359 357 356 358 357 352 349 350 353 355 353 353 355 357 1 9 14 9 356 346 340 341 343 338 337 339 344 351 346 336 340 349 348 348 355 356 348 337 328 326 331 336 335 332 332 321 310 307 310 316
1 0 0 360 359 358 357 356 355 355 355 354 354 353 353 353 353 352 352 351 351 350 350 349 348 347 344 342 340 338 337 337 339 345 355 3 5 4 4 4 3 1 0 360 357 355 357 358 358 357 356 352 348 347 350 354 355 355 356 1 7 11 12 9 1 350 344 344 343 341 344 346 344 345 339 334 343 353 351 349 353 354 347 340 333 331 335 340 337 333 328 319 309 306 310 317
4 3 3 2 0 359 357 357 357 356 355 354 354 354 353 353 353 353 352 351 351 351 350 349 349 347 346 343 341 339 339 341 342 346 351 356 0 359 356 356 357 359 1 359 355 354 357 360 360 356 353 351 350 349 350 354 358 360 3 8 9 6 2 3 2 353 346 345 346 350 355 351 345 343 336 336 348 357 356 353 352 349 343 337 333 334 343 346 339 332 326 320 313 310 316 326
6 6 5 3 1 359 358 358 357 357 356 355 354 354 354 354 353 353 352 352 351 351 350 350 349 348 347 345 342 340 341 342 344 345 347 350 352 351 351 352 355 359 358 354 354 358 2 4 1 356 351 350 353 355 355 358 3 7 9 9 6 358 353 354 355 350 346 345 351 358 358 354 350 346 341 344 355 2 1 354 350 346 340 332 331 338 350 348 339 332 326 323 315 311 318 330
9 9 7 5 2 1 0 359 358 357 356 355 355 355 354 354 354 353 352 352 352 351 351 350 350 349 347 346 344 343 342 343 344 344 344 344 343 343 347 351 356 357 354 353 357 4 7 4 358 352 350 354 358 0 3 5 9 11 10 5 0 355 351 348 344 343 344 345 352 359 358 355 355 351 349 354 3 8 5 356 347 341 334 330 332 345 350 343 336 330 326 322 314 309 315 328
12 11 8 6 4 3 2 0 359 358 357 356 356 355 355 354 354 353 353 353 353 352 352 351 350 349 348 347 346 345 344 344 344 344 343 340 338 339 344 349 352 353 353 355 2 7 6 359 352 349 352 359 5 8 10 13 14 11 4 359 356 354 350 344 339 338 341 345 351 355 355 355 356 356 358 3 10 12 5 354 344 336 330 328 338 348 345 339 333 329 325 319 312 310 314 325
15 13 9 8 7 5 3 1 0 359 358 357 356 356 355 355 354 354 354 353 353 353 352 352 351 350 349 349 348 346 345 344 344 343 342 340 339 339 342 345 347 350 353 359 4 5 360 353 349 351 358 5 12 16 17 17 15 6 356 352 352 350 346 342 339 339 342 347 351 352 351 353 356 359 4 10 13 10 359 349 340 333 329 332 341 344 340 336 333 328 324 318 313 313 316 324
