windninja/windninja_output/Output_2025-08-24_1500-1550_Google earth_Fire_150m_10min/merlingen_7.5mi_point_08-24-2025_1500_150m_vel.asc
ncols	158
nrows	163
xllcorner	391686.332397
yllcorner	5160024.123721
cellsize	150.000000
NODATA_value	-32768.000000
[rows 76 to 113 of 163, columns 0 to 83 of 158]
0.80 0.81 0.78 0.73 0.71 0.71 0.67 0.62 0.58 0.55 0.51 0.48 0.45 0.44 0.41 0.39 0.39 0.36 0.32 0.31 0.31 0.30 0.29 0.27 0.24 0.20 0.18 0.19 0.19 0.19 0.19 0.19 0.18 0.18 0.19 0.17 0.15 0.14 0.12 0.11 0.09 0.07 0.06 0.05 0.04 0.03 0.03 0.04 0.05 0.07 0.09 0.10 0.12 0.15 0.17 0.19 0.22 0.25 0.27 0.30 0.33 0.36 0.38 0.41 0.44 0.48 0.52 0.55 0.58 0.60 0.63 0.67 0.71 0.75 0.79 0.83 0.84 0.86 0.97 1.25 1.55 1.49 1.05 0.43
0.87 0.87 0.87 0.87 0.86 0.84 0.79 0.74 0.71 0.68 0.64 0.59 0.56 0.54 0.51 0.49 0.48 0.45 0.42 0.41 0.40 0.38 0.38 0.35 0.31 0.26 0.27 0.29 0.27 0.25 0.25 0.26 0.25 0.26 0.29 0.27 0.24 0.22 0.20 0.18 0.16 0.14 0.13 0.12 0.10 0.09 0.09 0.08 0.08 0.07 0.07 0.08 0.10 0.11 0.13 0.16 0.18 0.21 0.24 0.26 0.29 0.32 0.35 0.39 0.42 0.46 0.49 0.52 0.55 0.59 0.63 0.66 0.70 0.73 0.76 0.80 0.83 0.85 0.98 1.24 1.32 1.00 0.53 0.18
0.90 0.86 0.92 1.06 1.06 0.98 0.92 0.88 0.86 0.83 0.75 0.69 0.66 0.63 0.61 0.59 0.58 0.55 0.51 0.50 0.49 0.48 0.47 0.43 0.36 0.33 0.36 0.38 0.36 0.32 0.31 0.33 0.35 0.35 0.39 0.37 0.32 0.30 0.28 0.26 0.23 0.20 0.19 0.18 0.17 0.16 0.15 0.14 0.13 0.12 0.11 0.10 0.10 0.10 0.12 0.14 0.16 0.18 0.21 0.24 0.27 0.30 0.33 0.36 0.40 0.43 0.46 0.50 0.53 0.57 0.61 0.64 0.67 0.71 0.74 0.79 0.82 0.86 0.98 1.13 1.04 0.65 0.38 0.35
0.83 0.79 0.95 1.24 1.38 1.30 1.14 1.05 1.05 0.98 0.85 0.77 0.74 0.73 0.72 0.70 0.67 0.64 0.60 0.59 0.58 0.57 0.56 0.51 0.42 0.41 0.47 0.49 0.45 0.40 0.39 0.42 0.43 0.45 0.48 0.46 0.40 0.36 0.37 0.35 0.29 0.26 0.26 0.25 0.24 0.23 0.22 0.22 0.20 0.19 0.17 0.15 0.13 0.13 0.12 0.13 0.14 0.16 0.19 0.21 0.24 0.27 0.30 0.33 0.37 0.40 0.44 0.48 0.52 0.56 0.59 0.62 0.65 0.69 0.74 0.78 0.83 0.88 0.96 0.99 0.81 0.57 0.58 0.70
0.68 0.76 1.03 1.34 1.70 1.80 1.50 1.28 1.23 1.08 0.90 0.83 0.83 0.82 0.82 0.79 0.75 0.72 0.69 0.68 0.67 0.66 0.65 0.59 0.50 0.50 0.58 0.58 0.54 0.50 0.48 0.51 0.52 0.53 0.57 0.54 0.47 0.43 0.45 0.44 0.36 0.31 0.32 0.32 0.31 0.30 0.30 0.29 0.28 0.27 0.24 0.21 0.19 0.17 0.15 0.15 0.15 0.16 0.18 0.20 0.22 0.25 0.28 0.32 0.35 0.38 0.42 0.46 0.50 0.53 0.57 0.60 0.64 0.68 0.73 0.78 0.82 0.87 0.92 0.90 0.77 0.75 0.83 0.89
0.55 0.82 1.24 1.63 2.09 1.98 1.50 1.36 1.28 1.11 0.95 0.90 0.90 0.89 0.91 0.88 0.82 0.80 0.79 0.78 0.77 0.75 0.75 0.69 0.59 0.59 0.67 0.67 0.64 0.61 0.59 0.61 0.61 0.61 0.63 0.61 0.55 0.52 0.53 0.52 0.44 0.37 0.38 0.38 0.38 0.38 0.37 0.36 0.38 0.37 0.32 0.28 0.24 0.22 0.20 0.19 0.18 0.18 0.19 0.20 0.22 0.24 0.26 0.29 0.33 0.36 0.40 0.44 0.48 0.51 0.55 0.59 0.63 0.67 0.72 0.77 0.82 0.86 0.90 0.90 0.90 0.93 0.95 0.93
0.82 1.10 1.63 2.24 2.34 1.67 1.20 1.17 1.14 1.05 0.93 0.90 0.94 0.97 0.98 0.94 0.89 0.89 0.89 0.86 0.86 0.86 0.85 0.79 0.67 0.69 0.77 0.76 0.74 0.72 0.69 0.69 0.67 0.65 0.66 0.67 0.65 0.62 0.61 0.59 0.51 0.44 0.44 0.46 0.48 0.47 0.45 0.44 0.49 0.49 0.42 0.35 0.29 0.26 0.24 0.23 0.22 0.21 0.21 0.21 0.22 0.24 0.26 0.28 0.31 0.34 0.38 0.42 0.45 0.49 0.53 0.57 0.62 0.67 0.71 0.76 0.81 0.85 0.89 0.92 0.94 0.95 0.95 1.01
2.04 2.01 2.20 2.32 1.96 1.40 1.14 1.00 0.92 0.87 0.84 0.90 0.98 1.01 1.05 1.01 0.96 0.98 0.99 0.97 0.96 0.97 0.95 0.89 0.79 0.82 0.88 0.86 0.82 0.80 0.77 0.75 0.71 0.70 0.71 0.73 0.75 0.73 0.70 0.66 0.59 0.55 0.55 0.57 0.58 0.58 0.56 0.56 0.61 0.59 0.50 0.42 0.36 0.31 0.28 0.27 0.26 0.25 0.24 0.24 0.23 0.24 0.25 0.27 0.30 0.33 0.36 0.39 0.43 0.47 0.52 0.56 0.61 0.65 0.70 0.75 0.80 0.85 0.90 0.93 0.94 0.95 1.03 1.24
2.67 2.44 2.09 1.83 1.54 1.33 1.05 0.85 0.81 0.82 0.90 0.97 1.00 1.07 1.11 1.09 1.05 1.08 1.11 1.09 1.09 1.08 1.05 1.02 0.96 0.95 0.97 0.93 0.88 0.88 0.86 0.82 0.76 0.74 0.77 0.81 0.84 0.84 0.80 0.74 0.69 0.66 0.65 0.66 0.68 0.68 0.67 0.68 0.69 0.64 0.55 0.48 0.42 0.35 0.32 0.32 0.32 0.30 0.28 0.27 0.26 0.26 0.26 0.27 0.29 0.32 0.35 0.38 0.42 0.46 0.50 0.55 0.59 0.64 0.69 0.74 0.79 0.84 0.89 0.94 0.98 1.04 1.17 1.45
3.26 2.67 1.91 1.71 1.59 1.35 0.98 0.87 0.95 1.02 1.06 1.05 1.07 1.14 1.19 1.18 1.14 1.19 1.22 1.21 1.22 1.19 1.17 1.18 1.13 1.03 0.99 0.97 0.97 0.97 0.92 0.88 0.82 0.78 0.85 0.91 0.92 0.92 0.90 0.87 0.81 0.76 0.75 0.75 0.76 0.76 0.77 0.79 0.76 0.68 0.61 0.54 0.47 0.41 0.38 0.38 0.37 0.36 0.33 0.31 0.30 0.28 0.28 0.28 0.29 0.31 0.34 0.37 0.40 0.44 0.48 0.53 0.57 0.63 0.68 0.73 0.78 0.84 0.90 0.98 1.06 1.18 1.36 1.67
3.68 2.93 2.04 1.84 1.69 1.45 1.12 1.10 1.26 1.29 1.20 1.12 1.16 1.21 1.26 1.25 1.22 1.28 1.32 1.34 1.32 1.28 1.30 1.37 1.30 1.11 1.02 1.04 1.08 1.04 0.96 0.96 0.91 0.86 0.96 1.01 0.98 1.00 1.03 1.01 0.93 0.85 0.83 0.82 0.83 0.84 0.86 0.89 0.86 0.77 0.66 0.58 0.53 0.50 0.46 0.45 0.44 0.42 0.39 0.36 0.33 0.31 0.30 0.29 0.30 0.31 0.33 0.36 0.39 0.43 0.46 0.51 0.56 0.61 0.66 0.71 0.77 0.84 0.92 1.03 1.15 1.32 1.57 1.91
3.71 2.96 2.21 2.00 1.76 1.58 1.41 1.42 1.57 1.50 1.25 1.18 1.28 1.26 1.29 1.31 1.27 1.36 1.46 1.51 1.46 1.41 1.57 1.75 1.57 1.22 1.09 1.13 1.15 1.08 1.03 1.05 1.02 0.99 1.05 1.07 1.04 1.08 1.14 1.14 1.06 0.95 0.89 0.88 0.89 0.92 0.97 1.00 0.97 0.85 0.72 0.64 0.59 0.57 0.55 0.53 0.51 0.49 0.46 0.42 0.38 0.35 0.33 0.31 0.31 0.32 0.34 0.36 0.38 0.41 0.45 0.49 0.54 0.59 0.64 0.69 0.76 0.84 0.93 1.04 1.16 1.35 1.61 1.92
3.49 3.02 2.43 2.19 1.88 1.72 1.70 1.68 1.65 1.57 1.36 1.34 1.42 1.30 1.31 1.31 1.31 1.49 1.66 1.78 1.73 1.75 2.22 2.35 1.80 1.23 1.09 1.14 1.14 1.12 1.12 1.13 1.11 1.11 1.13 1.14 1.10 1.12 1.20 1.26 1.20 1.09 0.98 0.93 0.93 1.00 1.09 1.11 1.06 0.93 0.82 0.74 0.66 0.63 0.63 0.61 0.60 0.58 0.54 0.48 0.43 0.38 0.35 0.34 0.33 0.33 0.34 0.36 0.38 0.40 0.44 0.47 0.52 0.57 0.62 0.68 0.75 0.83 0.92 1.01 1.13 1.28 1.49 1.78
3.35 3.13 2.66 2.24 1.98 1.83 1.81 1.78 1.63 1.67 1.75 1.63 1.48 1.34 1.27 1.22 1.39 1.68 1.97 2.19 2.25 2.62 2.94 2.44 1.47 1.01 1.00 1.11 1.15 1.18 1.21 1.21 1.21 1.20 1.23 1.25 1.18 1.15 1.23 1.34 1.35 1.24 1.10 1.00 0.99 1.07 1.16 1.20 1.15 1.04 0.95 0.85 0.76 0.71 0.69 0.67 0.67 0.67 0.66 0.58 0.48 0.41 0.38 0.36 0.36 0.35 0.36 0.36 0.38 0.40 0.43 0.46 0.50 0.54 0.59 0.66 0.72 0.79 0.88 0.97 1.09 1.23 1.38 1.57
3.45 3.14 2.58 2.20 2.09 1.95 1.83 1.78 1.68 1.91 2.17 1.85 1.44 1.32 1.22 1.21 1.46 1.86 2.40 2.94 3.33 3.48 2.94 1.82 1.02 0.78 0.91 1.09 1.18 1.24 1.28 1.31 1.32 1.30 1.35 1.37 1.27 1.21 1.24 1.38 1.46 1.38 1.25 1.13 1.08 1.12 1.19 1.28 1.28 1.19 1.10 0.99 0.89 0.81 0.72 0.69 0.71 0.79 0.85 0.72 0.51 0.41 0.40 0.39 0.39 0.38 0.38 0.38 0.38 0.40 0.42 0.45 0.48 0.53 0.57 0.63 0.69 0.75 0.83 0.93 1.05 1.18 1.29 1.44
3.54 3.09 2.52 2.38 2.37 2.16 1.92 1.81 1.77 2.14 2.41 1.93 1.40 1.29 1.26 1.31 1.52 1.94 2.74 3.83 4.10 3.40 2.04 1.16 0.70 0.62 0.87 1.10 1.22 1.31 1.37 1.42 1.45 1.42 1.45 1.49 1.40 1.34 1.32 1.39 1.51 1.49 1.40 1.29 1.20 1.17 1.23 1.34 1.40 1.38 1.27 1.15 1.04 0.90 0.73 0.68 0.81 0.96 1.03 0.82 0.51 0.40 0.41 0.42 0.42 0.42 0.40 0.40 0.39 0.40 0.41 0.43 0.46 0.50 0.54 0.60 0.65 0.72 0.80 0.89 0.99 1.11 1.24 1.40
3.57 3.17 2.71 2.65 2.68 2.54 2.33 2.10 1.86 2.18 2.47 1.98 1.47 1.36 1.35 1.50 1.73 2.12 3.26 4.32 3.91 2.12 1.12 0.66 0.44 0.55 0.90 1.15 1.29 1.41 1.49 1.55 1.60 1.56 1.56 1.59 1.54 1.49 1.45 1.43 1.46 1.53 1.55 1.47 1.33 1.24 1.26 1.36 1.51 1.58 1.49 1.35 1.19 0.99 0.78 0.78 1.02 1.12 1.05 0.83 0.55 0.42 0.42 0.45 0.46 0.45 0.44 0.42 0.41 0.41 0.42 0.42 0.45 0.48 0.51 0.55 0.61 0.67 0.75 0.84 0.93 1.04 1.17 1.33
3.70 3.40 2.98 2.90 3.05 3.02 2.76 2.35 1.92 2.06 2.48 2.21 1.79 1.69 1.65 1.91 2.32 2.94 4.04 4.18 2.78 0.87 0.48 0.37 0.38 0.64 0.99 1.24 1.39 1.52 1.59 1.70 1.79 1.74 1.67 1.67 1.67 1.64 1.61 1.51 1.39 1.44 1.65 1.67 1.47 1.33 1.32 1.42 1.62 1.73 1.75 1.64 1.33 1.05 0.89 0.93 1.12 1.12 0.99 0.84 0.65 0.48 0.47 0.50 0.50 0.50 0.48 0.46 0.44 0.43 0.42 0.42 0.43 0.46 0.49 0.52 0.57 0.62 0.69 0.76 0.86 0.97 1.09 1.24
3.99 3.67 3.18 3.18 3.44 3.31 2.78 2.12 1.73 2.08 2.60 2.49 2.14 1.97 1.95 2.41 2.86 3.38 4.02 3.25 1.59 0.76 0.59 0.51 0.56 0.83 1.14 1.35 1.49 1.59 1.70 1.92 2.06 1.93 1.77 1.76 1.80 1.80 1.76 1.63 1.42 1.35 1.62 1.81 1.62 1.48 1.46 1.54 1.73 1.89 2.09 1.97 1.35 1.05 1.01 1.02 1.10 1.09 0.98 0.88 0.75 0.58 0.53 0.55 0.56 0.55 0.52 0.50 0.47 0.45 0.44 0.42 0.42 0.44 0.46 0.49 0.53 0.58 0.64 0.71 0.78 0.88 1.00 1.14
4.24 3.91 3.44 3.49 3.70 3.32 2.57 1.86 1.62 2.08 2.59 2.52 2.11 1.68 1.74 2.43 2.87 3.34 3.82 2.81 1.51 1.47 1.21 0.96 0.91 1.10 1.28 1.45 1.55 1.65 1.92 2.26 2.34 2.09 1.85 1.86 1.95 1.95 1.89 1.77 1.57 1.42 1.57 1.79 1.77 1.71 1.70 1.77 1.95 2.20 2.38 2.02 1.27 1.03 1.09 1.10 1.12 1.10 1.00 0.92 0.83 0.67 0.62 0.63 0.62 0.60 0.57 0.54 0.52 0.48 0.45 0.44 0.43 0.44 0.44 0.46 0.49 0.53 0.58 0.64 0.72 0.81 0.91 1.03
4.34 4.21 3.88 3.76 3.73 3.20 2.51 1.93 1.70 1.86 2.18 2.26 1.83 1.61 1.79 2.43 2.87 3.73 4.07 2.55 2.04 2.18 1.91 1.51 1.34 1.35 1.40 1.54 1.64 1.82 2.27 2.55 2.46 2.17 1.95 1.99 2.08 2.09 2.04 1.93 1.76 1.57 1.58 1.77 1.91 1.92 1.98 2.13 2.33 2.45 2.25 1.76 1.28 1.07 1.15 1.21 1.18 1.13 1.03 0.96 0.88 0.76 0.72 0.71 0.68 0.65 0.62 0.60 0.57 0.52 0.48 0.46 0.44 0.43 0.43 0.44 0.46 0.48 0.53 0.58 0.64 0.72 0.82 0.93
4.64 4.57 4.22 3.78 3.53 3.21 2.71 2.24 1.96 1.84 1.88 1.69 1.38 1.57 2.00 2.60 3.16 3.88 4.05 3.10 2.64 2.58 2.67 2.31 1.80 1.53 1.48 1.63 1.81 2.12 2.49 2.60 2.50 2.33 2.16 2.15 2.24 2.28 2.22 2.11 1.97 1.75 1.65 1.85 2.05 2.07 2.20 2.42 2.50 2.32 1.92 1.67 1.46 1.22 1.24 1.31 1.27 1.18 1.09 1.02 0.92 0.84 0.82 0.79 0.75 0.71 0.69 0.66 0.62 0.56 0.51 0.49 0.47 0.45 0.43 0.42 0.43 0.44 0.47 0.52 0.57 0.64 0.72 0.83
5.20 4.93 4.27 3.59 3.34 3.27 2.91 2.60 2.38 2.08 1.87 1.59 1.33 1.50 2.15 2.87 3.46 3.67 3.22 3.20 3.10 3.01 3.41 3.11 2.18 1.51 1.50 1.73 2.00 2.34 2.58 2.61 2.62 2.56 2.42 2.38 2.48 2.53 2.44 2.30 2.17 1.96 1.82 1.92 2.09 2.14 2.31 2.53 2.45 2.18 1.90 1.78 1.65 1.42 1.37 1.42 1.40 1.29 1.17 1.08 0.97 0.93 0.93 0.88 0.82 0.79 0.76 0.71 0.66 0.60 0.55 0.52 0.50 0.47 0.45 0.42 0.41 0.41 0.43 0.45 0.50 0.56 0.63 0.73
5.64 5.03 4.10 3.52 3.25 3.07 2.78 2.75 2.65 2.33 2.09 1.80 1.50 1.58 2.19 3.03 3.46 3.14 2.79 2.90 3.18 3.66 4.18 3.57 2.00 1.36 1.60 1.89 2.15 2.47 2.70 2.75 2.79 2.79 2.70 2.71 2.79 2.81 2.70 2.53 2.37 2.20 2.03 1.96 2.08 2.27 2.44 2.51 2.38 2.18 2.04 1.90 1.75 1.64 1.57 1.55 1.51 1.43 1.29 1.14 1.04 1.02 1.04 0.99 0.92 0.88 0.81 0.75 0.70 0.65 0.60 0.57 0.54 0.50 0.47 0.44 0.41 0.39 0.39 0.41 0.44 0.48 0.55 0.64
5.27 4.77 4.06 3.65 3.26 2.97 2.76 2.70 2.67 2.46 2.34 2.07 1.80 1.87 2.24 2.98 3.42 2.89 2.46 2.60 3.25 4.39 4.46 2.92 1.82 1.70 1.93 2.14 2.32 2.61 2.89 3.02 3.08 3.09 3.05 3.04 3.04 3.04 3.02 2.84 2.59 2.42 2.21 2.05 2.15 2.38 2.47 2.45 2.34 2.23 2.18 2.02 1.84 1.81 1.78 1.68 1.56 1.56 1.47 1.23 1.10 1.10 1.13 1.11 1.06 0.96 0.87 0.79 0.73 0.69 0.65 0.63 0.59 0.54 0.50 0.47 0.43 0.39 0.37 0.36 0.38 0.41 0.47 0.54
4.69 4.38 4.03 3.72 3.23 2.98 2.89 2.78 2.64 2.53 2.44 2.22 1.98 2.09 2.45 2.96 3.38 2.98 2.36 2.97 4.28 4.67 3.75 2.86 2.39 2.21 2.30 2.45 2.55 2.80 3.16 3.40 3.50 3.50 3.42 3.30 3.22 3.29 3.41 3.21 2.80 2.58 2.39 2.22 2.21 2.33 2.46 2.46 2.36 2.30 2.26 2.12 1.96 1.92 1.92 1.79 1.64 1.70 1.63 1.36 1.19 1.16 1.21 1.25 1.21 1.07 0.94 0.83 0.76 0.73 0.70 0.69 0.65 0.60 0.55 0.50 0.45 0.41 0.37 0.34 0.33 0.35 0.39 0.45
4.25 4.09 3.86 3.61 3.22 3.00 2.96 2.88 2.73 2.57 2.46 2.29 2.00 1.97 2.38 2.95 3.36 3.19 2.82 3.74 4.69 3.82 3.23 3.14 2.88 2.70 2.69 2.74 2.80 3.06 3.49 3.84 3.96 3.93 3.79 3.59 3.51 3.66 3.79 3.50 2.98 2.71 2.59 2.44 2.34 2.41 2.56 2.55 2.42 2.34 2.26 2.20 2.11 2.02 2.05 1.89 1.79 1.80 1.71 1.53 1.34 1.25 1.29 1.35 1.34 1.19 1.00 0.86 0.76 0.76 0.79 0.78 0.71 0.64 0.61 0.56 0.50 0.44 0.39 0.34 0.30 0.30 0.33 0.38
3.95 3.84 3.65 3.47 3.23 3.06 2.98 2.93 2.83 2.63 2.50 2.38 2.04 1.88 2.19 2.81 3.43 3.39 3.26 4.14 4.48 3.77 3.51 3.47 3.27 3.17 3.19 3.10 3.11 3.48 3.85 4.14 4.38 4.36 4.23 4.08 3.95 4.01 4.00 3.67 3.21 2.91 2.80 2.67 2.56 2.55 2.60 2.55 2.40 2.31 2.28 2.29 2.24 2.14 2.16 2.04 1.92 1.87 1.78 1.71 1.56 1.40 1.34 1.41 1.46 1.29 1.06 0.89 0.78 0.81 0.92 0.90 0.77 0.68 0.66 0.62 0.56 0.49 0.43 0.36 0.29 0.25 0.25 0.29
3.69 3.59 3.43 3.35 3.24 3.11 3.01 2.95 2.92 2.79 2.60 2.49 2.26 2.16 2.33 2.72 3.40 3.52 3.43 3.93 4.16 4.07 3.97 3.83 3.59 3.58 3.79 3.72 3.63 4.01 4.19 4.36 4.75 4.83 4.73 4.65 4.44 4.26 4.15 3.90 3.53 3.20 3.02 2.92 2.78 2.63 2.58 2.50 2.33 2.30 2.36 2.39 2.36 2.29 2.23 2.12 2.01 1.94 1.91 1.87 1.71 1.50 1.40 1.50 1.54 1.37 1.14 0.94 0.83 0.88 1.02 1.02 0.87 0.76 0.73 0.69 0.63 0.56 0.47 0.40 0.33 0.26 0.21 0.22
3.42 3.33 3.20 3.24 3.28 3.18 3.05 2.95 3.00 3.04 2.83 2.70 2.60 2.46 2.50 2.75 3.21 3.41 3.38 3.60 3.77 3.94 4.12 4.06 3.92 3.98 4.33 4.39 4.32 4.61 4.64 4.81 5.11 5.18 5.20 5.32 5.15 4.73 4.51 4.27 3.91 3.48 3.27 3.20 2.98 2.77 2.67 2.54 2.37 2.36 2.48 2.49 2.44 2.40 2.32 2.18 2.07 2.02 2.03 1.99 1.81 1.60 1.55 1.60 1.57 1.46 1.27 1.02 0.89 0.96 1.07 1.09 1.04 0.89 0.82 0.81 0.74 0.63 0.52 0.46 0.36 0.28 0.21 0.17
3.11 3.04 2.97 3.11 3.30 3.27 3.10 2.97 3.09 3.28 3.14 3.00 2.88 2.67 2.65 2.74 3.01 3.20 3.15 3.25 3.57 3.94 3.93 3.95 4.17 4.31 4.67 4.94 5.20 5.39 5.44 5.51 5.25 5.19 5.79 6.38 6.10 5.34 4.88 4.54 4.14 3.71 3.57 3.46 3.16 2.97 2.79 2.62 2.49 2.46 2.57 2.56 2.44 2.43 2.41 2.26 2.13 2.08 2.11 2.08 1.92 1.75 1.72 1.71 1.63 1.53 1.39 1.12 0.94 1.02 1.12 1.15 1.17 1.10 0.99 0.96 0.85 0.68 0.60 0.56 0.45 0.32 0.21 0.15
2.72 2.72 2.77 3.00 3.27 3.35 3.24 3.09 3.21 3.50 3.47 3.29 2.98 2.77 2.79 2.73 2.88 3.00 2.87 2.95 3.50 4.13 3.79 3.47 4.04 4.62 4.87 5.20 6.07 6.44 6.25 5.89 4.91 5.10 6.87 7.67 6.84 5.52 5.00 4.79 4.32 3.98 3.89 3.69 3.43 3.25 3.02 2.82 2.65 2.51 2.55 2.55 2.43 2.41 2.42 2.36 2.24 2.15 2.14 2.12 2.07 1.97 1.87 1.80 1.72 1.59 1.47 1.25 1.00 1.02 1.20 1.25 1.28 1.28 1.19 1.11 0.97 0.78 0.70 0.68 0.57 0.39 0.25 0.17
2.32 2.36 2.61 2.99 3.23 3.40 3.46 3.33 3.40 3.59 3.61 3.34 2.89 2.82 3.03 2.97 2.88 2.81 2.69 2.84 3.50 4.26 3.86 3.06 3.46 4.51 4.96 5.10 6.57 7.55 6.74 6.02 4.74 5.40 8.23 8.49 6.76 5.44 5.36 5.31 4.60 4.19 4.21 4.06 3.75 3.51 3.29 3.07 2.79 2.57 2.52 2.52 2.46 2.39 2.37 2.38 2.36 2.26 2.20 2.15 2.17 2.21 2.05 1.86 1.80 1.67 1.52 1.39 1.13 1.02 1.22 1.41 1.45 1.42 1.36 1.27 1.14 0.96 0.81 0.75 0.67 0.49 0.34 0.23
1.92 2.06 2.55 3.10 3.38 3.55 3.54 3.43 3.43 3.47 3.56 3.42 2.99 2.99 3.36 3.39 2.96 2.47 2.57 3.16 3.93 4.38 3.81 2.92 2.88 3.93 4.82 5.05 6.76 8.20 7.12 6.23 5.33 6.23 9.11 8.62 6.47 5.91 6.20 5.63 4.37 4.21 4.60 4.36 3.92 3.74 3.56 3.21 2.87 2.66 2.57 2.53 2.48 2.38 2.31 2.34 2.40 2.42 2.36 2.20 2.18 2.38 2.26 1.90 1.85 1.81 1.61 1.50 1.31 1.09 1.18 1.51 1.67 1.58 1.50 1.40 1.31 1.15 0.92 0.81 0.74 0.62 0.48 0.32
1.68 1.99 2.73 3.30 3.51 3.50 3.34 3.30 3.37 3.42 3.59 3.56 3.17 3.22 3.73 3.85 3.01 1.93 2.35 3.57 4.59 4.70 3.68 2.86 2.68 3.28 4.32 5.04 7.03 8.56 7.55 6.54 6.02 7.20 9.72 9.08 7.23 7.08 6.63 5.11 4.07 4.60 5.00 4.44 4.06 4.01 3.72 3.28 2.98 2.80 2.65 2.54 2.42 2.34 2.34 2.33 2.36 2.53 2.56 2.27 2.15 2.42 2.40 2.02 1.93 1.98 1.81 1.61 1.42 1.22 1.22 1.57 1.84 1.75 1.63 1.53 1.43 1.30 1.08 0.94 0.84 0.75 0.61 0.42
1.66 2.14 2.88 3.26 3.36 3.27 3.16 3.23 3.32 3.37 3.61 3.78 3.44 3.45 4.12 4.28 2.97 1.36 1.92 3.62 5.08 5.35 3.85 2.74 2.68 3.16 3.85 4.64 6.59 8.53 8.38 7.09 6.46 7.97 10.53 10.18 8.68 7.86 6.43 4.71 4.52 5.01 5.07 4.62 4.36 4.13 3.67 3.28 3.11 2.94 2.72 2.48 2.26 2.29 2.41 2.32 2.27 2.53 2.70 2.40 2.17 2.35 2.43 2.22 2.10 2.14 2.08 1.79 1.50 1.35 1.37 1.65 1.90 1.89 1.80 1.70 1.54 1.39 1.26 1.12 0.99 0.89 0.74 0.52
1.70 2.16 2.76 3.02 3.18 3.14 3.09 3.18 3.32 3.28 3.53 4.17 4.04 3.70 4.35 4.59 2.93 0.98 1.39 3.21 4.99 5.89 4.58 2.65 2.60 3.70 4.10 4.48 5.49 7.47 8.81 8.21 7.32 9.05 11.54 11.05 9.33 7.63 5.53 4.70 4.58 4.49 4.86 5.21 4.83 4.20 3.59 3.25 3.13 3.01 2.81 2.47 2.18 2.27 2.45 2.33 2.23 2.47 2.75 2.58 2.25 2.27 2.41 2.38 2.27 2.25 2.28 2.06 1.72 1.51 1.51 1.72 1.93 1.97 1.95 1.88 1.69 1.49 1.41 1.33 1.18 1.06 0.86 0.64
1.67 2.05 2.53 2.83 3.10 3.13 3.04 3.12 3.25 3.19 3.47 4.48 4.60 3.93 4.45 4.85 3.09 1.03 1.18 2.57 4.38 6.00 5.44 3.05 2.88 4.47 4.81 4.96 5.08 5.91 7.93 9.04 9.21 10.85 12.50 11.02 8.52 6.49 4.95 4.34 3.79 3.95 5.28 5.90 5.04 4.01 3.47 3.28 3.19 3.10 2.91 2.54 2.27 2.29 2.42 2.36 2.23 2.35 2.70 2.72 2.40 2.23 2.40 2.57 2.38 2.31 2.39 2.28 2.07 1.79 1.67 1.84 2.01 2.01 2.05 2.05 1.88 1.64 1.53 1.48 1.42 1.26 0.96 0.74
