windninja/windninja_output/Output_2025-08-24_1500-1550_Google earth_Fire_150m_10min/merlingen_7.5mi_point_08-24-2025_1530_150m_vel.asc
ncols	158
nrows	163
xllcorner	391686.332397
yllcorner	5160024.123721
cellsize	150.000000
NODATA_value	-32768.000000
[rows 76 to 113 of 163, columns 0 to 83 of 158]
2.51 2.38 2.10 1.81 1.69 1.67 1.56 1.43 1.36 1.29 1.22 1.16 1.10 1.08 1.04 0.98 0.97 0.96 0.93 0.90 0.90 0.89 0.89 0.88 0.81 0.71 0.72 0.78 0.84 0.96 1.05 1.06 1.02 1.02 0.96 0.83 0.75 0.71 0.67 0.64 0.64 0.65 0.66 0.67 0.67 0.66 0.66 0.66 0.65 0.64 0.63 0.62 0.61 0.60 0.59 0.59 0.58 0.58 0.57 0.57 0.57 0.57 0.57 0.57 0.58 0.59 0.60 0.60 0.61 0.61 0.63 0.65 0.67 0.68 0.70 0.73 0.78 0.89 1.02 1.16 1.23 1.11 0.83 0.63
2.68 2.56 2.34 2.12 1.95 1.82 1.64 1.51 1.44 1.36 1.29 1.21 1.16 1.15 1.11 1.05 1.03 1.02 0.98 0.97 0.97 0.95 0.95 0.93 0.85 0.79 0.83 0.87 0.85 0.90 1.04 1.13 1.11 1.10 1.10 0.97 0.85 0.80 0.74 0.71 0.68 0.68 0.71 0.72 0.72 0.72 0.71 0.70 0.70 0.69 0.67 0.66 0.65 0.64 0.62 0.61 0.61 0.60 0.60 0.59 0.59 0.59 0.59 0.59 0.60 0.60 0.61 0.62 0.63 0.64 0.66 0.68 0.69 0.70 0.70 0.71 0.75 0.82 0.94 1.05 1.01 0.82 0.67 0.68
2.83 2.54 2.42 2.58 2.38 2.01 1.75 1.61 1.55 1.45 1.32 1.24 1.21 1.21 1.18 1.13 1.11 1.08 1.03 1.03 1.04 1.02 1.03 0.97 0.85 0.86 0.98 0.99 0.92 0.88 0.97 1.15 1.20 1.19 1.22 1.13 0.97 0.90 0.85 0.78 0.72 0.72 0.75 0.77 0.77 0.77 0.77 0.76 0.75 0.74 0.72 0.70 0.68 0.67 0.66 0.65 0.64 0.63 0.62 0.62 0.62 0.61 0.61 0.62 0.62 0.62 0.63 0.64 0.65 0.66 0.67 0.69 0.70 0.71 0.72 0.73 0.75 0.80 0.88 0.92 0.85 0.76 0.78 0.87
2.76 2.43 2.44 3.06 3.07 2.52 1.98 1.72 1.68 1.53 1.31 1.24 1.25 1.27 1.26 1.22 1.19 1.14 1.09 1.09 1.11 1.11 1.10 1.01 0.84 0.89 1.10 1.12 1.02 0.91 0.93 1.12 1.23 1.28 1.31 1.24 1.10 1.01 1.00 0.91 0.77 0.74 0.80 0.82 0.82 0.83 0.83 0.83 0.81 0.79 0.77 0.74 0.72 0.70 0.69 0.68 0.67 0.66 0.65 0.64 0.64 0.64 0.63 0.63 0.63 0.64 0.64 0.65 0.66 0.67 0.68 0.70 0.71 0.73 0.74 0.76 0.78 0.81 0.84 0.84 0.80 0.84 0.96 1.13
2.37 2.29 2.53 3.03 3.47 3.18 2.23 1.78 1.73 1.50 1.25 1.22 1.30 1.33 1.34 1.31 1.25 1.20 1.15 1.16 1.18 1.19 1.18 1.06 0.87 0.93 1.16 1.22 1.13 1.00 0.97 1.10 1.21 1.31 1.40 1.35 1.18 1.11 1.14 1.08 0.88 0.79 0.85 0.88 0.88 0.89 0.89 0.90 0.89 0.86 0.82 0.78 0.76 0.74 0.72 0.71 0.70 0.69 0.68 0.68 0.67 0.66 0.66 0.65 0.65 0.65 0.66 0.66 0.67 0.68 0.69 0.71 0.72 0.74 0.77 0.79 0.81 0.82 0.83 0.82 0.87 1.00 1.13 1.24
1.94 2.17 2.58 3.10 3.73 3.32 2.02 1.58 1.57 1.37 1.19 1.20 1.32 1.38 1.42 1.38 1.30 1.27 1.25 1.23 1.25 1.26 1.26 1.14 0.95 0.99 1.21 1.26 1.22 1.14 1.07 1.13 1.19 1.27 1.41 1.44 1.30 1.21 1.23 1.21 1.04 0.89 0.92 0.95 0.96 0.97 0.95 0.96 1.00 0.97 0.87 0.81 0.78 0.76 0.75 0.75 0.73 0.72 0.71 0.70 0.69 0.68 0.68 0.67 0.67 0.67 0.67 0.68 0.68 0.69 0.70 0.72 0.74 0.76 0.78 0.80 0.82 0.85 0.86 0.89 0.99 1.13 1.20 1.23
2.25 2.43 2.92 3.70 3.80 2.71 1.74 1.42 1.32 1.24 1.12 1.18 1.35 1.44 1.50 1.45 1.36 1.37 1.36 1.31 1.32 1.34 1.34 1.23 1.02 1.09 1.28 1.29 1.29 1.26 1.20 1.21 1.21 1.24 1.35 1.45 1.44 1.35 1.31 1.29 1.16 1.04 1.03 1.07 1.08 1.07 1.03 1.03 1.13 1.11 0.97 0.85 0.78 0.77 0.77 0.77 0.77 0.76 0.75 0.73 0.72 0.71 0.70 0.70 0.69 0.69 0.69 0.69 0.69 0.70 0.71 0.73 0.75 0.77 0.79 0.81 0.84 0.86 0.89 0.94 1.01 1.09 1.19 1.29
3.78 3.40 3.39 3.64 3.14 2.33 1.80 1.43 1.26 1.18 1.12 1.24 1.39 1.50 1.57 1.52 1.45 1.47 1.47 1.42 1.41 1.42 1.43 1.31 1.13 1.19 1.35 1.34 1.33 1.34 1.31 1.29 1.25 1.27 1.33 1.42 1.50 1.47 1.41 1.33 1.22 1.15 1.12 1.16 1.19 1.19 1.15 1.14 1.23 1.22 1.08 0.93 0.83 0.78 0.78 0.80 0.81 0.80 0.79 0.77 0.75 0.74 0.72 0.72 0.71 0.70 0.70 0.70 0.71 0.71 0.72 0.74 0.75 0.77 0.79 0.82 0.85 0.88 0.91 0.94 0.98 1.05 1.21 1.44
4.48 3.96 3.30 3.07 2.74 2.35 1.82 1.46 1.38 1.30 1.31 1.36 1.43 1.57 1.65 1.60 1.54 1.58 1.61 1.55 1.54 1.52 1.49 1.44 1.30 1.28 1.38 1.39 1.36 1.40 1.39 1.35 1.30 1.32 1.39 1.47 1.53 1.54 1.48 1.39 1.30 1.23 1.21 1.23 1.26 1.28 1.27 1.28 1.29 1.25 1.16 1.06 0.94 0.83 0.81 0.84 0.85 0.84 0.83 0.81 0.79 0.77 0.75 0.74 0.73 0.72 0.72 0.72 0.72 0.72 0.73 0.74 0.75 0.77 0.79 0.82 0.85 0.88 0.92 0.96 1.01 1.10 1.27 1.51
5.20 4.39 3.30 3.04 2.90 2.51 1.87 1.61 1.63 1.59 1.52 1.47 1.51 1.64 1.74 1.71 1.65 1.72 1.74 1.70 1.68 1.63 1.59 1.59 1.49 1.34 1.35 1.41 1.44 1.46 1.42 1.40 1.34 1.33 1.48 1.58 1.60 1.62 1.57 1.49 1.38 1.31 1.30 1.32 1.35 1.36 1.39 1.42 1.38 1.27 1.18 1.11 1.03 0.94 0.88 0.89 0.90 0.89 0.87 0.85 0.82 0.80 0.78 0.76 0.75 0.74 0.73 0.73 0.73 0.73 0.74 0.74 0.76 0.77 0.80 0.82 0.85 0.88 0.93 0.99 1.08 1.20 1.37 1.58
5.79 4.76 3.49 3.18 3.02 2.66 2.07 1.91 2.00 1.89 1.68 1.55 1.62 1.70 1.81 1.81 1.76 1.85 1.88 1.88 1.82 1.74 1.75 1.80 1.66 1.37 1.32 1.43 1.53 1.51 1.42 1.46 1.39 1.34 1.53 1.66 1.66 1.71 1.73 1.65 1.49 1.37 1.35 1.39 1.43 1.45 1.50 1.55 1.51 1.34 1.20 1.11 1.07 1.03 0.97 0.96 0.96 0.95 0.92 0.89 0.86 0.83 0.80 0.78 0.77 0.76 0.75 0.75 0.75 0.74 0.74 0.75 0.76 0.77 0.79 0.81 0.84 0.88 0.94 1.02 1.13 1.28 1.49 1.71
5.97 4.84 3.68 3.34 3.00 2.76 2.40 2.25 2.34 2.17 1.76 1.63 1.76 1.73 1.83 1.89 1.83 1.97 2.08 2.10 1.99 1.88 2.04 2.19 1.86 1.38 1.30 1.46 1.56 1.53 1.48 1.53 1.49 1.43 1.55 1.65 1.66 1.77 1.88 1.86 1.68 1.47 1.38 1.41 1.48 1.56 1.63 1.68 1.64 1.44 1.24 1.14 1.09 1.08 1.07 1.05 1.03 1.01 0.98 0.93 0.89 0.85 0.83 0.81 0.79 0.78 0.77 0.76 0.76 0.75 0.76 0.76 0.76 0.77 0.78 0.80 0.84 0.88 0.93 0.99 1.08 1.22 1.42 1.61
5.78 4.91 3.88 3.44 2.95 2.74 2.68 2.58 2.50 2.36 1.96 1.83 1.90 1.75 1.81 1.88 1.90 2.15 2.35 2.43 2.28 2.23 2.70 2.72 1.94 1.23 1.23 1.45 1.53 1.56 1.58 1.60 1.59 1.57 1.61 1.65 1.63 1.73 1.92 2.03 1.93 1.69 1.48 1.43 1.48 1.64 1.77 1.80 1.73 1.55 1.37 1.23 1.13 1.12 1.14 1.13 1.13 1.10 1.04 0.98 0.92 0.87 0.84 0.82 0.82 0.80 0.79 0.78 0.78 0.77 0.76 0.76 0.76 0.77 0.78 0.80 0.82 0.86 0.90 0.94 1.00 1.09 1.21 1.37
5.46 4.93 4.00 3.37 2.96 2.75 2.76 2.76 2.58 2.60 2.52 2.17 1.93 1.78 1.75 1.77 2.02 2.39 2.70 2.89 2.82 3.10 3.35 2.67 1.43 0.91 1.10 1.40 1.52 1.62 1.68 1.70 1.69 1.69 1.73 1.75 1.66 1.66 1.85 2.09 2.11 1.92 1.68 1.50 1.51 1.67 1.84 1.92 1.85 1.68 1.53 1.36 1.22 1.17 1.17 1.19 1.22 1.22 1.19 1.07 0.92 0.85 0.85 0.84 0.84 0.83 0.82 0.81 0.79 0.78 0.78 0.77 0.77 0.77 0.77 0.78 0.80 0.82 0.86 0.90 0.95 1.01 1.07 1.13
5.34 4.78 3.88 3.34 3.10 2.83 2.69 2.71 2.63 2.90 3.08 2.44 1.86 1.76 1.70 1.73 2.08 2.60 3.23 3.73 3.93 3.91 3.21 1.85 0.85 0.64 1.03 1.38 1.56 1.68 1.76 1.81 1.82 1.79 1.86 1.91 1.76 1.67 1.77 2.05 2.21 2.09 1.88 1.67 1.60 1.67 1.83 2.00 2.01 1.85 1.68 1.52 1.36 1.24 1.15 1.18 1.27 1.39 1.45 1.21 0.89 0.80 0.84 0.86 0.87 0.86 0.85 0.83 0.82 0.80 0.79 0.78 0.77 0.77 0.77 0.77 0.78 0.79 0.81 0.85 0.90 0.95 1.00 1.03
5.26 4.59 3.80 3.58 3.43 3.00 2.64 2.54 2.58 3.12 3.39 2.62 1.85 1.75 1.74 1.82 2.12 2.68 3.65 4.74 4.69 3.68 2.08 1.09 0.53 0.57 1.06 1.43 1.62 1.76 1.86 1.93 1.96 1.91 1.95 2.03 1.91 1.80 1.78 1.94 2.21 2.22 2.06 1.88 1.73 1.70 1.82 2.02 2.13 2.08 1.88 1.69 1.51 1.31 1.09 1.12 1.35 1.56 1.66 1.34 0.87 0.76 0.82 0.87 0.89 0.89 0.88 0.86 0.84 0.82 0.80 0.79 0.78 0.77 0.77 0.77 0.77 0.78 0.80 0.82 0.84 0.88 0.94 1.03
5.05 4.49 3.84 3.74 3.74 3.37 2.85 2.44 2.36 3.13 3.55 2.76 2.02 1.86 1.85 2.01 2.26 2.75 4.09 5.17 4.43 2.10 1.04 0.68 0.48 0.69 1.17 1.52 1.71 1.88 1.98 2.07 2.12 2.06 2.05 2.10 2.06 1.99 1.92 1.90 2.03 2.23 2.28 2.13 1.90 1.78 1.82 2.01 2.23 2.32 2.15 1.91 1.67 1.39 1.09 1.12 1.51 1.69 1.67 1.39 0.97 0.78 0.82 0.90 0.92 0.93 0.91 0.89 0.87 0.85 0.83 0.81 0.79 0.78 0.76 0.75 0.75 0.76 0.77 0.78 0.80 0.83 0.87 0.94
4.89 4.47 3.87 3.78 3.94 3.76 3.17 2.40 1.92 2.77 3.59 3.09 2.35 2.13 2.08 2.42 2.75 3.36 4.75 5.02 3.34 0.90 0.65 0.66 0.64 0.91 1.33 1.64 1.84 2.01 2.11 2.25 2.33 2.24 2.14 2.17 2.18 2.16 2.10 1.97 1.84 2.03 2.40 2.42 2.10 1.90 1.88 2.03 2.32 2.48 2.48 2.26 1.78 1.42 1.21 1.26 1.59 1.68 1.57 1.42 1.14 0.88 0.86 0.93 0.96 0.97 0.96 0.93 0.90 0.88 0.85 0.83 0.80 0.79 0.77 0.76 0.74 0.73 0.73 0.73 0.75 0.77 0.81 0.84
4.95 4.56 3.95 3.93 4.23 4.02 3.26 2.24 1.54 2.32 3.45 3.35 2.71 2.32 2.25 2.91 3.42 3.99 4.97 4.35 2.51 1.57 1.30 1.07 0.98 1.20 1.52 1.78 1.96 2.11 2.25 2.51 2.63 2.42 2.22 2.23 2.31 2.31 2.26 2.09 1.81 1.79 2.27 2.58 2.33 2.11 2.05 2.14 2.41 2.61 2.85 2.62 1.75 1.39 1.36 1.39 1.56 1.61 1.51 1.42 1.25 1.00 0.94 0.99 1.01 1.02 0.99 0.97 0.94 0.91 0.88 0.85 0.82 0.80 0.78 0.76 0.74 0.73 0.72 0.71 0.71 0.71 0.74 0.78
4.99 4.69 4.20 4.24 4.52 4.08 3.14 2.12 1.63 2.25 3.17 3.33 2.85 2.32 2.32 3.25 3.88 4.57 5.25 4.14 2.62 2.53 2.09 1.62 1.39 1.51 1.68 1.90 2.03 2.18 2.50 2.88 2.92 2.58 2.28 2.32 2.45 2.45 2.39 2.23 1.94 1.75 2.03 2.46 2.49 2.40 2.34 2.39 2.60 2.88 3.10 2.66 1.66 1.37 1.48 1.50 1.56 1.58 1.48 1.41 1.31 1.10 1.03 1.06 1.07 1.06 1.03 1.02 0.99 0.94 0.91 0.87 0.85 0.82 0.79 0.77 0.74 0.72 0.70 0.69 0.69 0.69 0.69 0.71
4.84 4.86 4.63 4.52 4.59 4.06 3.22 2.37 1.98 2.19 2.73 2.99 2.58 2.33 2.55 3.40 4.01 5.18 5.73 3.83 3.12 3.28 2.86 2.21 1.82 1.75 1.79 1.99 2.11 2.31 2.85 3.18 3.07 2.71 2.41 2.45 2.57 2.59 2.53 2.39 2.14 1.88 1.92 2.27 2.51 2.56 2.62 2.76 2.97 3.13 2.95 2.41 1.79 1.47 1.57 1.66 1.63 1.59 1.48 1.41 1.34 1.18 1.14 1.14 1.12 1.09 1.08 1.07 1.03 0.98 0.93 0.90 0.87 0.84 0.81 0.78 0.75 0.72 0.69 0.67 0.65 0.65 0.65 0.66
4.94 5.09 4.94 4.54 4.43 4.19 3.62 2.96 2.50 2.30 2.41 2.24 1.93 2.24 2.80 3.60 4.34 5.35 5.70 4.47 3.78 3.69 3.74 3.10 2.28 1.88 1.84 2.04 2.27 2.62 3.07 3.24 3.15 2.93 2.67 2.64 2.74 2.78 2.70 2.56 2.37 2.08 1.95 2.25 2.56 2.63 2.81 3.10 3.22 3.05 2.64 2.37 2.08 1.70 1.71 1.81 1.76 1.64 1.53 1.46 1.35 1.26 1.25 1.22 1.18 1.15 1.14 1.12 1.08 1.02 0.96 0.94 0.90 0.87 0.83 0.80 0.76 0.73 0.69 0.66 0.64 0.62 0.61 0.62
5.43 5.38 4.96 4.33 4.18 4.22 3.85 3.47 3.15 2.74 2.45 2.09 1.80 2.08 2.96 3.90 4.69 5.04 4.49 4.49 4.36 4.22 4.60 3.98 2.61 1.80 1.86 2.16 2.48 2.89 3.18 3.25 3.26 3.18 2.98 2.92 3.01 3.05 2.92 2.74 2.57 2.30 2.11 2.28 2.56 2.67 2.92 3.24 3.21 2.93 2.61 2.47 2.30 1.98 1.89 1.95 1.92 1.77 1.62 1.52 1.38 1.35 1.36 1.30 1.23 1.22 1.20 1.16 1.12 1.05 1.00 0.98 0.95 0.91 0.87 0.83 0.78 0.74 0.70 0.66 0.63 0.60 0.58 0.57
5.89 5.48 4.76 4.21 3.99 3.84 3.56 3.57 3.47 3.07 2.76 2.38 2.00 2.14 2.97 4.09 4.68 4.27 3.78 3.95 4.39 4.92 5.35 4.47 2.52 1.81 2.07 2.37 2.67 3.06 3.33 3.38 3.42 3.41 3.29 3.27 3.34 3.34 3.19 2.96 2.76 2.55 2.32 2.27 2.50 2.79 3.02 3.17 3.10 2.89 2.73 2.56 2.39 2.25 2.13 2.08 2.04 1.95 1.76 1.56 1.44 1.44 1.48 1.42 1.34 1.29 1.23 1.18 1.13 1.09 1.05 1.02 0.99 0.95 0.91 0.87 0.82 0.76 0.72 0.67 0.63 0.59 0.57 0.55
5.60 5.25 4.72 4.36 3.98 3.67 3.47 3.45 3.43 3.19 3.05 2.71 2.35 2.47 2.98 3.97 4.58 3.90 3.32 3.50 4.28 5.52 5.59 3.83 2.56 2.33 2.51 2.70 2.88 3.22 3.55 3.68 3.72 3.71 3.64 3.61 3.60 3.59 3.55 3.29 2.97 2.77 2.52 2.32 2.51 2.86 3.03 3.05 2.98 2.89 2.85 2.66 2.44 2.42 2.37 2.23 2.09 2.12 1.97 1.65 1.49 1.52 1.59 1.57 1.50 1.38 1.27 1.19 1.14 1.12 1.09 1.08 1.04 1.00 0.95 0.91 0.85 0.80 0.74 0.69 0.64 0.59 0.55 0.53
5.12 4.91 4.70 4.44 3.93 3.67 3.60 3.49 3.36 3.23 3.13 2.86 2.57 2.72 3.20 3.89 4.48 3.98 3.16 3.84 5.30 5.76 4.80 3.79 3.18 2.90 2.95 3.07 3.15 3.43 3.84 4.11 4.19 4.16 4.03 3.86 3.77 3.84 3.97 3.69 3.18 2.92 2.69 2.49 2.52 2.75 2.98 3.03 2.93 2.90 2.89 2.75 2.56 2.52 2.53 2.36 2.18 2.27 2.18 1.81 1.58 1.56 1.67 1.74 1.68 1.50 1.34 1.21 1.14 1.14 1.14 1.14 1.10 1.05 1.00 0.95 0.90 0.85 0.78 0.72 0.66 0.61 0.55 0.51
4.78 4.67 4.55 4.34 3.93 3.70 3.67 3.59 3.43 3.25 3.13 2.93 2.58 2.57 3.12 3.86 4.39 4.17 3.67 4.68 5.81 4.85 4.21 4.10 3.73 3.45 3.38 3.40 3.43 3.72 4.20 4.59 4.69 4.63 4.42 4.17 4.06 4.22 4.36 4.01 3.38 3.04 2.90 2.72 2.61 2.74 3.00 3.05 2.93 2.88 2.85 2.81 2.70 2.61 2.65 2.47 2.34 2.37 2.27 2.05 1.77 1.66 1.73 1.84 1.84 1.64 1.40 1.23 1.13 1.16 1.23 1.23 1.15 1.09 1.06 1.01 0.95 0.89 0.82 0.75 0.68 0.63 0.57 0.51
4.56 4.47 4.34 4.19 3.95 3.77 3.69 3.63 3.53 3.30 3.14 3.00 2.60 2.39 2.76 3.55 4.34 4.31 4.13 5.19 5.67 4.84 4.50 4.44 4.16 4.00 3.98 3.81 3.77 4.18 4.58 4.91 5.16 5.10 4.92 4.70 4.52 4.57 4.56 4.19 3.63 3.26 3.12 2.96 2.83 2.84 2.97 2.99 2.87 2.82 2.82 2.87 2.83 2.71 2.74 2.61 2.47 2.43 2.33 2.26 2.04 1.82 1.76 1.90 1.98 1.77 1.48 1.27 1.15 1.22 1.38 1.37 1.20 1.11 1.11 1.07 1.02 0.95 0.88 0.80 0.72 0.64 0.57 0.52
4.36 4.25 4.12 4.07 3.96 3.83 3.72 3.64 3.61 3.47 3.23 3.08 2.81 2.65 2.85 3.33 4.21 4.39 4.30 4.96 5.27 5.16 5.04 4.85 4.53 4.48 4.69 4.55 4.38 4.78 4.95 5.12 5.56 5.62 5.47 5.35 5.06 4.83 4.70 4.41 3.97 3.56 3.34 3.22 3.06 2.90 2.88 2.86 2.73 2.76 2.87 2.94 2.93 2.85 2.79 2.68 2.57 2.50 2.47 2.42 2.23 1.96 1.84 1.99 2.06 1.87 1.58 1.33 1.20 1.29 1.51 1.52 1.33 1.19 1.16 1.14 1.09 1.01 0.92 0.84 0.77 0.69 0.60 0.53
4.11 4.02 3.90 3.97 4.02 3.91 3.76 3.64 3.68 3.73 3.49 3.30 3.17 2.98 3.03 3.34 3.93 4.20 4.20 4.49 4.71 4.94 5.17 5.10 4.90 4.93 5.31 5.34 5.20 5.47 5.46 5.61 5.92 5.99 5.99 6.09 5.84 5.32 5.05 4.76 4.35 3.85 3.61 3.52 3.27 3.03 2.93 2.82 2.68 2.74 2.94 2.99 2.97 2.96 2.87 2.71 2.60 2.58 2.61 2.57 2.34 2.10 2.02 2.10 2.08 1.96 1.73 1.41 1.26 1.38 1.56 1.62 1.56 1.35 1.27 1.28 1.21 1.08 0.97 0.91 0.82 0.72 0.63 0.55
3.81 3.73 3.65 3.85 4.08 4.03 3.83 3.67 3.79 4.01 3.84 3.64 3.48 3.23 3.19 3.31 3.67 3.92 3.89 4.03 4.43 4.88 4.88 4.91 5.18 5.31 5.71 5.99 6.23 6.37 6.36 6.37 6.05 5.97 6.63 7.25 6.87 5.96 5.42 5.03 4.56 4.07 3.91 3.78 3.43 3.22 3.03 2.86 2.74 2.75 2.96 3.00 2.92 2.97 2.98 2.80 2.64 2.62 2.68 2.67 2.48 2.27 2.22 2.22 2.13 2.04 1.87 1.52 1.30 1.45 1.61 1.66 1.73 1.63 1.49 1.47 1.34 1.12 1.04 1.04 0.92 0.76 0.64 0.57
3.40 3.39 3.45 3.73 4.06 4.15 4.00 3.79 3.91 4.24 4.20 3.96 3.61 3.37 3.38 3.31 3.50 3.66 3.53 3.63 4.29 5.05 4.65 4.27 4.96 5.65 5.91 6.29 7.25 7.58 7.26 6.79 5.64 5.85 7.81 8.64 7.64 6.12 5.52 5.26 4.72 4.34 4.23 4.00 3.70 3.51 3.24 3.03 2.86 2.75 2.88 2.95 2.86 2.90 2.97 2.92 2.78 2.68 2.69 2.70 2.65 2.52 2.39 2.31 2.23 2.09 1.96 1.67 1.36 1.43 1.69 1.78 1.83 1.85 1.75 1.66 1.49 1.24 1.14 1.17 1.06 0.82 0.65 0.59
2.94 2.99 3.29 3.72 4.00 4.17 4.22 4.03 4.08 4.32 4.38 4.08 3.55 3.47 3.71 3.60 3.49 3.42 3.30 3.48 4.25 5.14 4.67 3.72 4.22 5.46 5.98 6.13 7.79 8.85 7.82 6.95 5.43 6.16 9.29 9.51 7.52 6.01 5.89 5.80 4.99 4.54 4.55 4.37 4.03 3.75 3.52 3.27 2.97 2.76 2.78 2.86 2.84 2.81 2.85 2.93 2.93 2.81 2.75 2.71 2.76 2.81 2.59 2.36 2.32 2.17 2.01 1.86 1.52 1.39 1.68 1.96 2.02 1.99 1.95 1.85 1.69 1.46 1.26 1.24 1.17 0.94 0.74 0.61
2.47 2.63 3.19 3.80 4.07 4.24 4.25 4.14 4.16 4.22 4.37 4.22 3.69 3.68 4.09 4.09 3.58 3.02 3.17 3.86 4.72 5.23 4.57 3.52 3.46 4.71 5.76 6.02 7.94 9.55 8.25 7.18 6.11 7.06 10.25 9.64 7.18 6.49 6.75 6.10 4.71 4.54 4.96 4.68 4.19 3.99 3.78 3.40 3.03 2.81 2.76 2.80 2.81 2.75 2.73 2.82 2.95 3.00 2.91 2.72 2.74 3.01 2.86 2.41 2.38 2.34 2.09 1.97 1.73 1.46 1.59 2.05 2.28 2.16 2.08 2.00 1.90 1.70 1.41 1.29 1.25 1.12 0.90 0.68
2.13 2.49 3.31 3.93 4.17 4.18 4.04 4.03 4.13 4.19 4.40 4.37 3.89 3.92 4.50 4.60 3.60 2.39 2.92 4.35 5.49 5.57 4.36 3.39 3.16 3.86 5.09 5.94 8.20 9.93 8.71 7.51 6.89 8.15 10.93 10.14 7.97 7.71 7.17 5.48 4.36 4.95 5.37 4.75 4.32 4.26 3.94 3.45 3.14 2.95 2.80 2.73 2.68 2.67 2.71 2.74 2.84 3.09 3.14 2.78 2.67 3.04 3.05 2.59 2.49 2.55 2.32 2.06 1.84 1.60 1.61 2.08 2.45 2.36 2.23 2.13 2.03 1.88 1.61 1.45 1.34 1.27 1.08 0.79
2.04 2.61 3.46 3.91 4.04 3.97 3.86 3.95 4.07 4.12 4.40 4.60 4.16 4.14 4.89 5.05 3.51 1.70 2.42 4.40 6.07 6.34 4.51 3.19 3.11 3.63 4.41 5.34 7.62 9.89 9.68 8.11 7.35 9.01 11.78 11.27 9.48 8.49 6.88 4.99 4.77 5.33 5.42 4.91 4.62 4.37 3.87 3.45 3.27 3.08 2.85 2.62 2.44 2.57 2.77 2.70 2.69 3.06 3.29 2.93 2.65 2.92 3.07 2.84 2.68 2.74 2.66 2.27 1.91 1.73 1.75 2.13 2.50 2.51 2.42 2.32 2.14 1.99 1.84 1.68 1.52 1.41 1.22 0.91
2.09 2.65 3.36 3.68 3.87 3.83 3.77 3.89 4.04 4.00 4.30 5.03 4.81 4.36 5.09 5.36 3.43 1.19 1.76 3.90 5.98 7.00 5.37 3.05 2.99 4.19 4.58 4.98 6.18 8.59 10.18 9.41 8.28 10.12 12.80 12.14 10.14 8.21 5.88 4.96 4.83 4.78 5.22 5.55 5.09 4.42 3.77 3.40 3.28 3.14 2.92 2.56 2.29 2.50 2.78 2.67 2.59 2.94 3.33 3.14 2.75 2.79 3.01 3.00 2.86 2.86 2.91 2.63 2.18 1.90 1.90 2.18 2.49 2.58 2.59 2.52 2.30 2.08 2.02 1.94 1.76 1.61 1.35 1.04
2.12 2.57 3.13 3.48 3.79 3.80 3.69 3.78 3.95 3.89 4.21 5.34 5.42 4.60 5.18 5.63 3.57 1.09 1.30 3.05 5.24 7.15 6.46 3.58 3.30 5.04 5.34 5.47 5.59 6.63 9.07 10.36 10.42 12.06 13.78 12.10 9.30 7.03 5.28 4.59 4.01 4.23 5.68 6.31 5.30 4.17 3.61 3.40 3.31 3.23 3.02 2.61 2.33 2.45 2.69 2.67 2.55 2.76 3.24 3.29 2.91 2.72 2.97 3.18 2.94 2.89 3.02 2.91 2.64 2.25 2.08 2.31 2.54 2.59 2.68 2.71 2.51 2.23 2.12 2.11 2.07 1.86 1.45 1.16
