windninja/windninja_output/Output_2025-08-24_1500-1550_Google earth_Fire_150m_10min/merlingen_7.5mi_point_08-24-2025_1530_150m_ang.asc
ncols	158
nrows	163
xllcorner	391686.332397
yllcorner	5160024.123721
cellsize	150.000000
NODATA_value	-32768.000000
[rows 0 to 46 of 163, columns 0 to 95 of 158]
314 311 309 309 310 311 313 310 307 307 306 301 284 264 259 265 272 277 282 293 303 304 296 294 297 299 298 292 291 294 293 291 289 287 287 290 293 291 289 291 292 293 294 295 297 302 303 306 310 315 319 321 322 324 325 323 320 317 316 318 320 320 319 318 318 319 319 319 320 322 323 323 321 319 318 319 320 318 316 317 318 316 313 311 311 308 306 303 301 299 296 294 294 291 286 281
316 313 310 310 309 309 310 307 304 304 305 304 297 282 276 278 285 290 294 299 306 309 304 299 298 299 300 298 295 294 293 292 291 292 292 293 296 298 298 300 299 299 301 303 305 309 311 312 314 315 316 317 318 320 321 320 320 319 318 319 320 320 320 319 320 320 319 319 319 321 323 324 322 321 320 320 321 319 318 319 319 317 314 312 311 310 310 308 304 302 299 298 297 296 294 291
319 315 313 313 310 309 309 307 305 306 309 316 317 306 297 294 298 302 303 304 308 313 312 307 301 300 302 302 299 296 294 294 295 297 299 299 302 305 306 308 308 308 309 310 313 316 317 318 319 318 316 316 316 316 317 319 320 320 320 320 321 322 322 321 322 322 320 319 318 320 323 324 323 322 321 322 323 320 319 321 323 320 316 316 314 314 318 317 313 311 308 306 307 308 308 307
318 316 314 314 312 313 314 313 313 315 319 325 324 313 305 300 302 305 305 305 307 311 314 313 306 305 306 307 306 304 302 301 300 301 303 304 305 305 306 309 312 314 314 314 316 318 319 320 322 322 321 321 321 320 320 320 319 319 319 320 322 323 322 321 322 322 321 319 317 320 323 323 321 320 320 322 322 320 319 322 326 322 319 319 316 316 323 323 321 321 319 317 317 317 318 318
315 315 315 315 314 316 317 315 315 318 323 329 326 316 307 302 301 302 303 302 303 307 313 317 312 310 311 313 315 314 312 309 307 307 308 307 307 307 310 313 315 317 317 317 318 319 319 320 322 322 322 322 321 320 320 319 318 318 319 319 320 322 322 321 322 322 321 318 317 319 322 321 319 320 320 320 318 317 318 321 325 321 318 320 316 315 322 324 324 325 325 324 325 326 326 326
313 313 314 315 315 316 316 313 313 315 321 326 326 317 306 301 298 297 297 296 298 301 309 316 313 310 311 313 315 315 315 314 312 313 313 312 312 313 315 316 318 318 316 316 317 317 317 318 319 319 321 321 319 318 318 318 318 318 319 319 320 321 322 322 322 322 321 318 317 321 323 320 319 321 323 321 319 317 318 321 321 319 317 318 317 315 319 320 319 322 324 325 328 330 329 329
312 312 312 313 314 315 314 312 312 316 319 323 326 316 304 300 298 297 298 299 298 299 304 312 312 309 308 309 311 314 314 313 312 314 316 316 316 316 316 317 317 316 314 313 314 314 314 316 316 318 320 320 319 318 317 316 317 317 318 320 321 324 325 324 322 322 322 319 318 322 325 322 321 324 325 324 322 321 323 324 320 319 319 318 316 314 315 316 316 317 317 317 320 324 324 324
312 312 311 311 311 310 310 309 311 315 318 322 325 317 305 301 300 299 300 302 301 300 303 309 312 312 310 308 310 311 310 308 309 310 312 313 314 314 314 313 313 312 310 309 310 310 311 313 314 317 318 318 319 319 317 316 316 317 319 320 322 325 327 326 324 323 321 319 319 323 325 323 323 325 326 323 321 321 326 325 317 317 321 321 319 318 318 318 317 316 313 312 312 314 319 320
312 311 311 310 309 306 305 306 309 313 316 320 323 318 308 302 302 301 301 301 301 301 303 308 313 315 312 308 309 309 306 305 307 307 306 306 307 307 306 306 305 305 305 306 307 308 309 309 311 315 317 315 317 317 315 315 317 318 319 319 320 321 323 324 323 322 321 320 321 323 322 319 320 322 324 322 319 321 327 323 315 315 321 323 323 324 324 324 325 325 324 322 320 320 322 320
311 310 309 310 310 308 306 307 310 313 315 317 320 317 308 302 301 302 303 303 302 302 303 308 313 316 315 311 310 310 306 305 306 305 303 301 301 302 301 300 301 302 303 304 305 306 308 308 309 314 314 313 315 315 313 313 315 315 314 314 313 314 316 318 317 317 318 319 321 322 319 316 317 320 322 321 318 321 326 323 319 318 321 322 321 322 323 324 327 331 331 329 326 327 325 317
311 310 309 309 310 310 309 310 311 313 314 315 318 316 308 302 300 301 304 304 304 304 304 308 313 316 319 315 311 309 304 302 303 300 298 297 297 298 299 300 302 302 302 303 302 302 304 305 305 308 308 308 311 310 307 305 305 305 303 303 303 303 307 310 310 311 312 314 319 319 316 316 318 321 322 320 317 319 324 323 322 322 323 322 318 319 319 317 321 328 328 324 323 326 322 315
311 311 310 309 310 310 310 310 311 312 313 314 316 316 310 303 301 301 302 303 303 303 303 306 310 313 316 312 306 303 299 296 297 296 295 293 294 296 299 300 300 300 300 301 300 299 300 297 294 294 295 296 297 295 293 291 290 290 289 287 286 286 292 300 301 302 303 306 313 316 315 316 319 323 326 326 325 325 325 324 324 324 325 325 322 323 321 315 317 326 323 316 316 322 319 313
311 310 310 310 310 310 310 310 310 311 312 313 314 315 309 302 300 300 301 302 302 301 300 300 302 303 306 304 300 298 296 295 296 296 294 292 293 296 297 298 299 299 300 300 298 295 293 287 282 283 285 284 282 279 279 280 280 279 275 271 272 276 282 288 291 291 292 297 309 314 314 315 317 323 328 329 329 327 327 328 326 324 325 324 323 325 322 316 319 328 322 313 313 318 314 307
310 310 310 310 310 310 310 310 309 310 310 311 313 314 308 299 297 299 300 299 299 298 295 292 291 293 298 300 298 297 295 294 294 294 294 293 294 295 295 296 295 293 290 287 284 281 280 279 280 281 282 282 280 276 275 277 278 275 272 273 279 286 290 292 292 289 287 292 303 310 312 313 316 321 324 324 322 321 323 325 324 322 321 319 319 322 319 314 316 322 317 308 306 308 304 298
310 310 310 310 310 309 309 309 309 309 309 310 313 315 309 301 298 300 300 296 294 292 289 287 287 291 296 298 297 296 293 293 294 294 296 295 293 291 289 286 282 274 268 269 272 271 275 284 288 288 289 292 292 289 289 289 291 292 293 293 296 300 304 307 305 299 298 298 300 306 311 312 313 317 319 318 315 313 313 314 316 317 316 314 313 314 312 308 307 309 304 295 290 290 290 289
310 310 310 309 309 309 308 308 308 308 309 309 312 315 312 304 300 300 300 296 293 292 290 288 288 292 297 298 296 296 296 296 297 296 294 289 283 279 274 270 266 264 268 276 282 284 287 291 293 293 298 306 310 309 309 310 311 313 312 306 304 307 311 315 314 310 309 308 307 310 311 308 307 310 314 315 313 311 310 310 312 312 309 307 306 304 300 296 294 294 292 286 284 284 285 286
310 310 309 309 309 309 308 308 307 307 308 309 310 313 312 303 299 299 299 297 295 293 292 291 291 292 295 297 298 299 298 296 293 287 278 273 272 271 270 271 275 282 289 291 294 296 297 299 300 301 305 312 315 314 314 314 316 320 320 313 309 310 313 317 316 311 312 312 313 315 313 306 302 306 312 314 315 314 313 311 310 309 304 299 295 289 284 280 282 291 296 294 292 290 290 290
310 309 309 309 309 309 308 308 308 307 307 307 307 309 308 302 296 295 296 295 293 291 291 291 290 290 292 295 296 295 292 287 280 274 272 274 279 281 284 287 291 294 294 294 295 298 300 304 308 308 308 311 312 312 312 313 315 320 322 317 312 312 315 319 317 313 312 314 315 315 315 314 308 308 311 313 316 314 309 305 301 299 296 290 284 280 278 280 287 296 301 299 297 296 295 294
310 309 309 309 309 308 308 307 307 307 306 306 306 306 305 301 295 292 291 289 287 288 289 289 287 287 288 290 290 288 283 278 275 277 280 282 285 288 290 291 292 293 293 295 297 298 302 307 308 307 307 308 309 310 312 314 315 318 320 318 314 313 316 318 317 314 312 313 315 314 316 320 317 313 312 310 308 303 294 287 287 287 288 290 290 290 293 295 295 299 304 303 299 298 299 298
309 309 309 309 309 308 308 307 306 306 305 304 304 304 302 299 294 290 288 286 287 288 289 288 287 287 287 288 287 285 281 278 277 277 279 281 285 290 294 295 296 298 298 299 300 302 305 308 307 304 304 307 309 311 314 316 317 317 317 316 313 311 313 315 314 312 311 312 315 317 320 324 322 319 318 315 307 295 288 286 288 291 296 302 303 301 300 299 297 300 308 311 303 299 299 300
310 309 309 309 308 308 307 306 305 305 304 303 303 302 300 298 295 292 290 290 290 290 290 290 289 288 287 287 286 285 284 283 282 283 287 290 293 298 302 302 301 301 300 301 303 304 304 306 306 305 305 308 310 312 313 313 314 315 315 315 313 310 311 314 313 312 313 315 317 320 324 326 321 318 320 323 321 313 306 301 301 303 305 308 309 304 301 299 297 301 310 316 307 300 301 302
310 309 309 309 308 307 307 306 305 305 304 302 301 301 299 297 296 294 292 292 291 291 291 291 290 288 287 286 286 287 288 289 290 293 297 299 299 301 303 302 301 300 300 301 302 302 302 305 309 309 308 310 311 312 311 311 312 313 314 315 315 312 311 314 314 314 317 318 318 321 325 325 319 315 317 325 328 324 317 312 310 309 307 309 312 309 305 302 300 303 312 322 315 304 304 306
309 309 309 309 308 307 307 305 304 304 303 302 301 300 299 297 296 295 294 293 292 292 292 291 290 289 288 287 287 288 290 295 296 296 296 296 295 295 297 298 299 300 301 301 300 302 306 309 311 311 309 310 311 311 313 313 313 313 315 315 314 311 311 314 316 318 321 320 320 323 325 323 318 314 318 326 330 326 321 318 316 315 312 312 314 313 312 309 305 307 315 326 320 307 306 307
309 309 309 308 308 307 306 305 303 303 303 302 300 299 298 297 296 295 294 293 293 292 292 291 290 289 287 285 284 286 291 296 296 292 290 289 289 289 292 296 300 301 301 301 303 307 310 310 310 311 309 309 311 312 314 315 314 314 316 316 314 310 309 313 317 320 322 321 321 323 323 320 315 315 321 328 330 324 320 319 318 319 317 316 316 315 315 310 306 307 316 328 320 307 304 306
310 309 309 308 307 306 306 304 303 302 302 301 300 298 298 297 296 295 294 293 293 292 292 292 291 288 284 281 281 286 291 294 293 290 288 288 288 289 293 297 301 302 303 305 306 309 311 309 309 310 309 309 311 313 315 316 316 316 317 316 312 309 309 313 316 318 318 318 317 315 314 314 313 317 324 330 327 320 318 318 318 319 321 321 318 316 314 309 304 305 316 330 319 307 305 306
310 309 309 308 307 306 305 304 302 301 301 300 299 298 297 296 295 294 293 293 293 292 292 291 291 289 284 282 283 287 290 291 293 293 291 290 290 290 294 299 302 304 306 306 306 309 310 308 309 310 310 310 309 310 313 317 319 319 317 314 311 311 312 316 320 321 320 320 317 312 310 311 314 319 327 334 325 317 317 319 319 320 324 325 322 320 320 314 307 306 319 332 322 311 308 307
310 309 309 308 307 306 305 303 302 301 300 299 298 297 296 295 294 294 293 293 292 292 292 292 292 291 288 285 285 287 289 291 292 294 293 292 292 292 296 302 305 306 307 306 307 311 312 311 312 313 314 312 310 310 313 320 324 322 318 316 313 311 312 317 321 324 326 328 323 315 312 313 316 321 331 338 326 316 318 320 319 319 322 324 322 322 326 322 312 310 320 330 324 315 312 310
310 310 309 308 307 306 305 303 301 300 299 298 296 296 295 294 294 293 293 292 292 292 293 294 294 295 293 289 289 290 291 292 294 294 294 294 293 293 296 303 307 307 308 308 311 316 317 315 314 316 318 317 316 315 317 325 332 326 321 319 314 311 311 314 317 321 327 330 324 315 312 313 318 323 333 338 327 317 318 320 318 318 319 319 317 318 324 322 313 311 319 326 323 317 314 313
310 310 309 308 306 306 304 302 301 299 298 296 295 295 295 294 293 293 293 292 293 293 294 295 296 300 300 296 295 295 293 293 297 298 299 302 302 298 300 307 311 311 312 313 315 319 319 318 316 318 322 321 319 319 321 331 336 328 320 317 314 313 315 317 318 321 328 330 320 314 313 316 322 327 334 335 324 314 314 318 318 318 317 314 311 310 314 315 310 310 315 322 321 317 314 315
311 310 309 307 306 305 303 301 300 299 297 296 295 294 294 294 293 293 293 293 293 293 294 295 298 302 304 300 297 297 295 295 298 301 307 314 315 308 306 312 316 316 318 317 318 321 321 321 319 322 327 325 322 322 324 334 337 326 317 312 312 314 317 320 319 320 328 326 316 312 312 317 324 330 335 333 324 314 309 311 317 319 316 310 306 305 309 310 309 310 312 316 318 315 311 310
311 310 309 307 305 304 303 301 299 298 297 295 294 294 293 293 293 293 293 293 293 293 294 296 299 303 304 300 297 295 291 291 296 303 311 321 321 312 309 313 316 317 320 319 320 323 321 320 318 321 326 325 322 322 325 335 335 321 312 308 308 312 314 315 314 317 324 321 310 307 309 313 318 325 333 332 328 320 312 310 316 320 317 311 309 311 313 312 310 308 308 308 309 308 304 302
311 311 310 308 305 304 303 301 299 298 296 295 294 293 293 293 293 293 293 293 293 294 295 297 300 303 303 301 299 295 291 292 297 301 309 321 320 311 309 312 313 313 314 313 315 319 317 313 311 311 314 315 316 317 321 334 331 318 310 305 306 315 320 315 311 315 322 319 308 304 307 311 313 322 330 332 331 325 316 313 318 324 320 313 311 310 309 306 303 301 299 298 297 299 299 299
311 311 310 308 304 303 303 301 298 297 296 294 294 293 293 292 292 292 292 292 293 294 296 298 300 303 304 305 307 306 302 301 300 297 301 315 317 308 305 307 307 307 309 308 310 312 310 307 306 305 306 307 310 312 317 328 327 319 311 305 306 318 328 323 314 316 322 320 311 306 312 317 319 325 331 333 333 328 320 315 319 325 320 314 311 307 304 301 299 297 295 292 291 294 299 304
311 311 310 307 304 303 302 300 298 296 296 294 293 293 292 292 292 292 293 294 294 295 297 299 300 303 305 308 311 310 304 300 298 295 297 310 315 307 303 304 303 305 307 305 306 306 304 302 302 303 304 306 307 308 313 319 321 318 313 308 309 322 333 329 319 317 320 319 312 310 317 322 323 328 333 333 333 329 323 319 322 325 319 316 316 314 309 307 306 303 299 296 295 296 303 311
313 312 310 307 304 303 302 300 297 296 295 294 293 293 292 292 292 292 293 294 294 295 297 299 301 302 304 307 309 307 300 296 296 297 298 307 315 308 303 305 303 302 302 300 300 300 299 299 300 301 302 303 304 305 308 311 313 313 311 308 312 324 335 331 321 318 319 318 313 313 320 324 325 329 331 330 329 326 322 321 325 327 323 318 319 320 315 313 313 310 306 304 302 302 306 312
313 313 311 307 305 304 302 300 297 296 295 294 293 293 292 292 293 293 293 294 295 295 297 298 299 301 303 306 308 305 301 299 299 300 300 304 311 308 302 300 299 297 296 297 298 298 300 302 303 304 305 305 307 309 311 312 312 311 309 306 308 321 332 330 323 320 319 318 315 314 319 322 322 326 327 327 326 320 315 315 319 324 323 317 317 320 318 316 318 317 313 310 305 301 303 309
315 313 311 308 305 303 302 300 298 296 295 295 294 293 293 293 293 293 294 294 295 296 297 298 299 301 304 307 308 305 304 304 303 299 296 296 302 303 297 293 292 293 296 299 301 302 305 307 306 307 308 310 313 315 316 316 316 315 313 309 308 318 328 327 324 320 318 318 317 317 317 313 312 319 324 326 326 323 316 313 314 317 318 314 312 317 320 320 320 320 316 311 305 301 304 313
315 314 311 308 305 303 301 300 298 296 296 295 295 294 294 294 294 294 294 295 295 296 297 298 300 302 305 309 311 307 306 306 302 297 292 292 295 293 290 291 294 297 300 303 304 306 309 311 311 311 311 314 317 317 317 318 320 321 320 316 315 320 326 327 324 318 314 314 318 322 320 312 313 320 327 327 328 331 325 319 319 319 318 316 313 316 325 324 319 319 317 311 305 304 308 317
315 314 311 308 306 304 301 300 299 298 297 297 296 295 295 295 295 295 295 295 296 297 297 298 300 302 306 312 311 306 304 302 299 296 293 291 291 289 291 297 301 303 305 308 309 310 313 316 319 318 317 320 323 322 320 322 326 327 327 326 325 328 331 331 328 319 310 309 316 324 323 320 322 327 333 327 327 335 331 325 327 326 322 318 312 317 328 330 322 319 318 312 305 303 306 313
315 314 311 309 307 304 302 301 300 299 298 297 297 296 295 296 295 295 296 296 296 297 298 299 300 302 306 309 308 302 299 299 298 296 293 290 294 299 300 301 303 306 308 311 314 314 316 319 322 321 319 322 328 329 328 329 332 333 333 332 333 337 339 337 332 322 310 309 317 322 321 322 326 334 336 325 327 338 337 331 335 334 326 317 309 312 323 329 326 321 321 313 304 301 303 308
316 314 312 310 308 307 305 303 302 301 300 299 298 298 297 297 297 297 297 297 297 298 299 299 300 302 304 305 304 299 297 297 298 295 292 292 299 302 304 306 308 310 312 314 316 317 319 322 325 323 320 322 327 329 330 331 334 334 332 331 334 341 344 339 334 325 314 314 320 321 322 322 324 333 331 323 330 343 340 334 338 341 333 321 312 312 320 328 327 323 322 311 301 298 300 306
319 317 316 314 311 309 307 305 303 303 302 301 300 299 299 298 298 298 298 298 298 299 299 299 300 302 303 303 303 301 298 297 297 296 296 300 303 304 306 311 314 316 318 319 320 321 323 327 329 327 323 322 326 326 325 326 329 330 328 327 331 339 342 339 336 328 320 321 324 325 327 326 324 330 326 323 334 347 343 336 337 339 332 325 319 319 325 330 328 324 320 309 298 295 300 308
322 321 319 317 314 312 310 308 306 305 304 303 302 301 300 300 300 299 299 299 299 300 300 300 300 301 302 303 304 303 300 298 299 300 304 308 311 312 313 314 315 315 317 320 321 323 324 325 326 324 319 318 323 325 322 321 323 326 324 324 328 334 335 337 338 332 327 327 330 334 337 332 329 331 326 326 339 351 348 341 338 335 329 324 322 324 331 334 328 322 317 310 301 299 306 316
326 325 323 321 318 315 313 311 308 307 307 305 304 303 302 301 301 300 300 300 300 301 301 301 301 302 302 303 304 302 300 299 301 304 308 312 314 314 313 313 311 311 313 314 316 320 321 320 321 319 316 316 322 326 324 323 324 327 327 327 328 328 328 331 333 332 331 331 336 344 345 339 337 335 331 333 346 356 353 343 337 334 328 322 321 326 334 332 325 321 317 313 306 302 308 319
330 329 327 323 320 318 315 313 311 309 308 307 306 305 304 303 302 302 302 301 302 302 302 302 302 302 303 303 304 303 302 301 303 306 309 313 312 309 307 308 309 310 310 310 312 317 319 319 320 320 319 321 326 330 329 327 328 331 331 330 330 329 328 328 326 327 329 331 339 347 346 343 342 340 337 342 354 2 356 344 336 331 325 320 320 328 332 325 320 317 315 313 306 302 305 315
334 333 330 326 323 321 318 316 314 312 310 309 308 307 306 305 304 304 303 303 303 303 303 303 303 303 304 304 304 304 304 304 305 307 309 311 309 306 305 307 310 310 308 308 314 320 321 320 320 319 320 322 327 331 331 331 333 333 331 331 332 332 331 329 326 324 326 330 336 341 341 340 341 341 342 349 1 5 356 344 335 328 321 317 320 328 327 322 317 314 314 311 306 302 303 311
339 336 332 329 326 323 320 318 317 315 313 311 310 309 308 307 306 305 305 305 304 304 304 304 304 304 304 304 304 305 305 305 306 308 310 310 308 308 308 310 310 309 306 308 316 320 320 319 318 318 320 324 329 333 334 335 336 333 330 331 333 333 331 329 326 325 326 329 335 337 335 336 337 340 346 355 4 2 350 339 330 323 317 316 321 326 324 322 318 314 312 310 306 304 304 309
