windninja/windninja_output/Output_2025-08-24_1500-1550_Google earth_Fire_150m_10min/merlingen_7.5mi_point_08-24-2025_1510_150m_vel.asc
ncols	158
nrows	163
xllcorner	391686.332397
yllcorner	5160024.123721
cellsize	150.000000
NODATA_value	-32768.000000
[rows 38 to 75 of 163, columns 0 to 83 of 158]
2.13 2.12 2.08 2.00 1.92 1.89 1.88 1.87 1.88 1.90 1.91 1.90 1.88 1.88 1.88 1.88 1.88 1.88 1.89 1.90 1.91 1.91 1.92 1.93 1.95 1.96 1.99 2.12 2.40 2.59 2.50 2.34 2.17 2.01 1.94 1.82 1.66 1.61 1.66 1.73 1.78 1.84 1.92 2.03 2.11 2.14 2.19 2.28 2.33 2.36 2.39 2.44 2.45 2.41 2.37 2.45 2.58 2.68 2.76 2.78 2.78 2.68 2.44 2.16 1.99 1.95 2.07 2.10 1.89 1.73 1.82 2.21 2.51 2.38 2.03 1.89 2.05 2.19 2.20 2.09 1.89 1.75 1.74 1.89
2.11 2.09 2.03 1.97 1.93 1.90 1.88 1.90 1.93 1.95 1.92 1.89 1.89 1.89 1.90 1.89 1.89 1.89 1.89 1.90 1.91 1.92 1.93 1.94 1.95 1.96 2.03 2.17 2.28 2.20 2.05 2.01 1.96 1.90 1.77 1.64 1.72 1.93 2.04 2.02 1.98 2.01 2.13 2.30 2.41 2.46 2.44 2.44 2.55 2.65 2.68 2.72 2.88 3.10 3.23 3.27 3.34 3.42 3.46 3.46 3.42 3.29 2.94 2.42 2.12 2.05 2.05 1.91 1.73 1.85 2.31 2.60 2.45 2.10 1.96 2.13 2.40 2.45 2.45 2.46 2.32 2.02 1.82 1.88
2.11 2.09 2.03 1.98 1.95 1.94 1.95 1.97 1.97 1.95 1.92 1.91 1.92 1.93 1.94 1.93 1.92 1.92 1.92 1.92 1.93 1.94 1.94 1.94 1.95 1.97 2.01 2.03 1.96 1.88 1.87 1.85 1.77 1.66 1.51 1.49 1.69 1.98 2.22 2.35 2.40 2.42 2.49 2.52 2.54 2.65 2.73 2.76 2.80 2.83 2.83 2.95 3.25 3.51 3.60 3.60 3.56 3.45 3.31 3.17 2.99 2.94 2.94 2.62 2.28 2.23 2.20 2.04 2.02 2.34 2.52 2.19 1.79 1.74 2.01 2.50 2.73 2.67 2.57 2.50 2.48 2.42 2.26 2.17
2.11 2.11 2.07 2.03 1.99 1.99 2.01 2.02 2.00 1.96 1.94 1.95 1.96 1.96 1.95 1.95 1.94 1.94 1.94 1.94 1.95 1.94 1.93 1.93 1.94 1.94 1.94 1.92 1.87 1.87 1.88 1.78 1.66 1.55 1.49 1.60 1.74 1.84 2.14 2.62 2.95 3.11 3.09 2.95 2.93 3.13 3.29 3.30 3.23 3.18 3.17 3.25 3.29 3.14 2.92 2.84 2.76 2.57 2.38 2.20 2.13 2.28 2.66 2.87 2.69 2.50 2.47 2.53 2.71 2.80 2.42 1.95 1.84 1.99 2.38 2.81 2.81 2.62 2.43 2.25 2.23 2.41 2.54 2.59
2.10 2.10 2.07 2.04 2.02 2.03 2.05 2.03 2.01 1.99 1.99 1.98 1.98 1.97 1.97 1.96 1.95 1.95 1.95 1.95 1.94 1.92 1.91 1.92 1.92 1.91 1.90 1.89 1.91 1.94 1.89 1.78 1.67 1.60 1.64 1.80 2.02 2.31 2.62 2.90 3.07 3.10 3.11 3.23 3.36 3.36 3.19 2.97 2.85 2.83 2.89 2.90 2.76 2.50 2.27 2.12 2.02 1.86 1.69 1.62 1.71 1.96 2.41 2.88 3.07 3.00 3.09 3.37 3.46 3.16 2.70 2.49 2.54 2.65 2.95 3.04 2.73 2.50 2.33 2.22 2.23 2.29 2.46 2.85
2.08 2.08 2.06 2.05 2.08 2.10 2.08 2.04 2.02 2.01 2.01 2.00 1.99 1.98 1.96 1.95 1.94 1.94 1.94 1.94 1.92 1.91 1.92 1.92 1.91 1.90 1.90 1.91 1.92 1.88 1.80 1.73 1.70 1.71 1.79 1.95 2.26 2.64 2.81 2.76 2.63 2.58 2.74 2.96 2.94 2.67 2.44 2.34 2.36 2.45 2.59 2.62 2.50 2.32 2.12 1.91 1.76 1.65 1.57 1.58 1.69 1.88 2.14 2.49 3.01 3.49 3.82 3.97 3.95 3.86 3.73 3.68 3.60 3.54 3.56 3.27 2.83 2.53 2.32 2.20 2.25 2.44 2.79 3.31
2.05 2.04 2.02 2.06 2.10 2.09 2.05 2.04 2.03 2.02 2.01 2.00 1.99 1.97 1.96 1.95 1.95 1.95 1.96 1.96 1.95 1.94 1.93 1.92 1.91 1.91 1.93 1.93 1.90 1.83 1.77 1.75 1.75 1.79 1.85 2.00 2.23 2.31 2.22 2.18 2.21 2.36 2.55 2.56 2.34 2.13 2.07 2.18 2.45 2.75 2.85 2.71 2.52 2.33 2.10 1.86 1.69 1.63 1.66 1.79 1.96 2.08 2.17 2.41 2.97 3.54 3.80 3.80 3.80 4.02 4.19 4.19 4.12 3.98 3.65 3.15 2.78 2.54 2.32 2.19 2.30 2.73 3.25 3.29
2.03 2.03 2.05 2.09 2.08 2.05 2.04 2.05 2.04 2.02 2.01 2.01 1.99 1.99 1.98 1.98 1.99 1.99 1.99 1.97 1.96 1.95 1.93 1.91 1.91 1.93 1.93 1.90 1.85 1.83 1.82 1.81 1.81 1.83 1.87 1.96 1.98 1.91 1.87 1.96 2.14 2.33 2.37 2.23 2.08 2.10 2.21 2.43 2.75 2.88 2.66 2.38 2.21 2.02 1.87 1.76 1.67 1.65 1.81 2.09 2.32 2.50 2.70 3.05 3.40 3.49 3.38 3.22 3.03 3.04 3.25 3.38 3.44 3.37 3.08 2.76 2.54 2.47 2.46 2.56 2.84 3.11 3.01 2.40
2.04 2.06 2.09 2.08 2.03 2.01 2.02 2.03 2.03 2.03 2.03 2.03 2.01 2.01 2.00 2.00 2.00 1.99 1.97 1.96 1.94 1.93 1.92 1.93 1.93 1.92 1.88 1.85 1.83 1.82 1.81 1.81 1.81 1.84 1.89 1.91 1.86 1.84 1.89 1.99 2.08 2.14 2.12 2.03 1.95 2.07 2.37 2.69 2.77 2.52 2.22 2.07 1.96 1.81 1.69 1.70 1.74 1.83 2.07 2.42 2.75 3.03 3.34 3.57 3.53 3.28 2.97 2.71 2.53 2.47 2.49 2.56 2.64 2.67 2.64 2.58 2.50 2.48 2.62 2.79 2.85 2.64 2.10 1.59
2.07 2.07 2.07 2.03 1.97 1.94 1.95 1.98 2.01 2.02 2.03 2.04 2.02 2.01 2.00 2.00 1.99 1.97 1.96 1.95 1.93 1.91 1.90 1.91 1.90 1.88 1.86 1.85 1.84 1.83 1.81 1.79 1.77 1.78 1.80 1.80 1.82 1.85 1.86 1.88 1.93 1.99 1.99 1.98 2.04 2.20 2.46 2.57 2.40 2.15 2.01 1.90 1.86 1.88 1.88 1.91 2.05 2.24 2.49 2.79 3.05 3.24 3.32 3.21 2.98 2.73 2.48 2.37 2.36 2.36 2.32 2.26 2.26 2.30 2.36 2.40 2.40 2.37 2.37 2.34 2.16 1.85 1.62 1.57
2.04 2.04 2.02 1.97 1.94 1.92 1.92 1.94 1.97 1.99 2.00 2.00 1.99 1.99 1.98 1.97 1.96 1.95 1.94 1.92 1.91 1.91 1.91 1.90 1.88 1.86 1.86 1.86 1.85 1.83 1.82 1.80 1.78 1.78 1.76 1.76 1.77 1.79 1.78 1.79 1.82 1.83 1.80 1.89 2.16 2.41 2.50 2.38 2.17 2.02 1.89 1.79 1.77 1.82 1.94 2.10 2.33 2.67 3.03 3.20 3.17 3.04 2.83 2.58 2.40 2.26 2.18 2.19 2.20 2.19 2.14 2.09 2.06 2.08 2.14 2.22 2.27 2.24 2.16 2.05 1.93 1.83 1.82 1.88
2.02 2.02 1.99 1.94 1.91 1.92 1.92 1.92 1.94 1.97 1.98 1.97 1.97 1.98 1.98 1.96 1.95 1.94 1.93 1.92 1.91 1.91 1.91 1.91 1.90 1.88 1.87 1.86 1.85 1.84 1.83 1.82 1.81 1.80 1.78 1.79 1.80 1.81 1.80 1.79 1.74 1.66 1.67 1.85 2.11 2.29 2.27 2.11 1.97 1.85 1.82 1.89 1.96 2.07 2.23 2.42 2.70 3.06 3.25 3.16 2.97 2.70 2.42 2.26 2.19 2.13 2.08 2.05 2.06 2.07 2.05 2.02 1.97 1.96 2.05 2.21 2.35 2.42 2.38 2.27 2.20 2.18 2.16 2.14
2.01 1.99 1.97 1.98 2.00 2.03 2.02 1.96 1.93 1.95 1.96 1.97 1.98 1.98 1.98 1.97 1.96 1.95 1.93 1.93 1.93 1.93 1.92 1.91 1.91 1.91 1.89 1.86 1.85 1.84 1.83 1.82 1.81 1.79 1.78 1.79 1.81 1.82 1.80 1.76 1.70 1.70 1.77 1.87 2.00 2.05 1.97 1.81 1.64 1.51 1.54 1.77 2.10 2.40 2.65 2.89 3.14 3.21 2.98 2.66 2.42 2.22 2.08 2.09 2.14 2.09 1.99 1.93 1.89 1.89 1.87 1.84 1.82 1.86 2.00 2.20 2.39 2.49 2.48 2.43 2.38 2.35 2.30 2.26
1.97 1.94 1.93 2.00 2.11 2.18 2.16 2.08 1.99 1.96 1.97 1.98 1.98 1.97 1.96 1.96 1.95 1.94 1.93 1.93 1.94 1.93 1.92 1.91 1.90 1.89 1.87 1.86 1.85 1.84 1.83 1.82 1.80 1.79 1.78 1.77 1.75 1.73 1.71 1.70 1.70 1.73 1.79 1.86 1.91 1.87 1.76 1.63 1.53 1.47 1.57 1.90 2.16 2.38 2.65 2.97 3.08 2.85 2.52 2.25 2.04 1.93 1.95 2.07 2.11 2.03 1.96 1.91 1.87 1.82 1.77 1.76 1.79 1.88 2.01 2.12 2.22 2.32 2.42 2.49 2.45 2.30 2.15 2.15
1.97 1.91 1.89 1.97 2.03 2.09 2.12 2.12 2.08 2.03 1.98 1.96 1.96 1.94 1.92 1.92 1.93 1.93 1.93 1.92 1.91 1.90 1.89 1.88 1.87 1.86 1.85 1.85 1.84 1.83 1.82 1.81 1.80 1.79 1.78 1.76 1.73 1.69 1.68 1.68 1.70 1.73 1.78 1.83 1.83 1.74 1.61 1.62 1.82 2.06 2.32 2.52 2.60 2.63 2.72 2.80 2.65 2.37 2.18 2.04 1.96 1.97 2.06 2.14 2.12 2.05 2.01 1.95 1.89 1.85 1.85 1.89 1.95 2.02 2.06 2.06 2.07 2.11 2.22 2.34 2.36 2.27 2.14 2.05
2.09 2.01 1.97 2.04 2.08 2.09 2.12 2.14 2.09 1.99 1.91 1.90 1.91 1.91 1.92 1.92 1.91 1.91 1.90 1.89 1.87 1.87 1.87 1.87 1.86 1.85 1.85 1.84 1.84 1.83 1.82 1.81 1.80 1.79 1.77 1.76 1.73 1.71 1.68 1.68 1.71 1.78 1.81 1.80 1.74 1.66 1.64 1.78 2.14 2.49 2.65 2.65 2.70 2.77 2.75 2.60 2.34 2.15 2.06 2.02 2.02 2.07 2.16 2.23 2.22 2.17 2.13 2.09 2.04 2.02 2.06 2.12 2.14 2.12 2.09 2.07 2.05 2.01 2.01 2.06 2.15 2.30 2.39 2.32
2.17 2.15 2.09 2.08 2.13 2.15 2.15 2.14 2.07 1.93 1.84 1.82 1.84 1.87 1.90 1.90 1.90 1.90 1.89 1.88 1.87 1.86 1.86 1.85 1.85 1.85 1.84 1.84 1.83 1.82 1.81 1.80 1.79 1.78 1.77 1.75 1.73 1.71 1.68 1.67 1.70 1.74 1.71 1.62 1.53 1.55 1.69 1.91 2.20 2.39 2.44 2.44 2.47 2.54 2.55 2.43 2.24 2.12 2.14 2.20 2.25 2.30 2.38 2.42 2.41 2.39 2.38 2.39 2.41 2.41 2.37 2.26 2.13 2.08 2.09 2.11 2.10 2.09 2.08 2.10 2.21 2.44 2.62 2.67
2.11 2.15 2.10 1.92 1.82 1.83 1.86 1.94 2.02 1.99 1.86 1.78 1.77 1.80 1.83 1.85 1.85 1.86 1.87 1.88 1.87 1.86 1.84 1.84 1.83 1.83 1.83 1.83 1.82 1.82 1.81 1.80 1.79 1.78 1.76 1.75 1.73 1.71 1.68 1.66 1.63 1.57 1.49 1.43 1.44 1.50 1.67 1.94 2.14 2.20 2.27 2.39 2.45 2.45 2.44 2.37 2.22 2.18 2.24 2.37 2.53 2.68 2.70 2.63 2.53 2.47 2.46 2.48 2.53 2.52 2.37 2.16 2.08 2.12 2.18 2.21 2.23 2.28 2.35 2.41 2.50 2.60 2.65 2.69
2.04 2.06 2.07 1.94 1.72 1.60 1.59 1.67 1.84 1.96 1.95 1.84 1.75 1.73 1.76 1.79 1.80 1.81 1.82 1.83 1.84 1.84 1.84 1.83 1.82 1.82 1.82 1.82 1.81 1.81 1.80 1.79 1.78 1.77 1.76 1.74 1.73 1.71 1.69 1.66 1.60 1.52 1.46 1.48 1.53 1.60 1.73 1.87 1.95 2.02 2.13 2.27 2.34 2.38 2.35 2.25 2.22 2.27 2.37 2.53 2.71 2.82 2.77 2.63 2.44 2.29 2.23 2.23 2.20 2.12 2.09 2.17 2.29 2.36 2.37 2.40 2.46 2.55 2.64 2.69 2.67 2.59 2.53 2.53
2.03 2.02 2.06 2.09 2.03 1.87 1.71 1.65 1.73 1.92 2.07 2.06 1.91 1.76 1.70 1.72 1.76 1.78 1.78 1.79 1.80 1.82 1.83 1.82 1.82 1.81 1.81 1.80 1.80 1.80 1.79 1.78 1.77 1.76 1.75 1.74 1.73 1.71 1.69 1.66 1.63 1.59 1.56 1.56 1.57 1.61 1.64 1.66 1.71 1.80 1.92 2.04 2.12 2.18 2.20 2.19 2.28 2.44 2.60 2.75 2.80 2.72 2.60 2.50 2.38 2.24 2.13 2.07 1.98 1.97 2.14 2.38 2.50 2.54 2.59 2.66 2.77 2.88 2.94 2.92 2.81 2.64 2.48 2.36
2.06 2.04 2.02 2.05 2.08 2.07 1.97 1.83 1.79 1.88 2.02 2.11 2.06 1.87 1.68 1.63 1.67 1.72 1.76 1.77 1.77 1.77 1.78 1.80 1.80 1.80 1.79 1.79 1.79 1.78 1.78 1.77 1.77 1.76 1.75 1.74 1.72 1.71 1.69 1.67 1.65 1.63 1.60 1.57 1.55 1.53 1.50 1.47 1.49 1.54 1.66 1.83 2.00 2.12 2.16 2.19 2.27 2.41 2.58 2.69 2.70 2.62 2.53 2.47 2.43 2.32 2.21 2.16 2.18 2.28 2.40 2.51 2.58 2.64 2.74 2.85 2.97 3.08 3.10 3.03 2.90 2.72 2.50 2.27
2.08 2.07 2.02 1.98 1.96 1.97 1.99 1.93 1.83 1.73 1.71 1.82 1.98 2.00 1.85 1.68 1.61 1.63 1.69 1.73 1.75 1.76 1.76 1.77 1.78 1.78 1.77 1.77 1.77 1.77 1.77 1.76 1.76 1.75 1.74 1.73 1.72 1.71 1.70 1.68 1.66 1.64 1.62 1.60 1.57 1.53 1.50 1.46 1.43 1.45 1.55 1.74 1.96 2.07 2.10 2.10 2.14 2.24 2.39 2.46 2.46 2.46 2.45 2.45 2.43 2.38 2.34 2.32 2.35 2.42 2.47 2.52 2.63 2.76 2.87 2.96 3.02 3.02 2.91 2.78 2.68 2.60 2.49 2.36
2.07 2.05 2.02 1.98 1.93 1.89 1.87 1.85 1.78 1.68 1.63 1.69 1.88 2.09 2.11 1.93 1.70 1.60 1.61 1.67 1.73 1.77 1.78 1.77 1.76 1.75 1.75 1.75 1.75 1.75 1.75 1.75 1.75 1.74 1.73 1.73 1.72 1.71 1.70 1.68 1.67 1.65 1.63 1.61 1.59 1.57 1.54 1.52 1.50 1.50 1.55 1.64 1.77 1.86 1.91 1.99 2.07 2.16 2.22 2.22 2.21 2.18 2.21 2.30 2.40 2.42 2.33 2.23 2.26 2.34 2.43 2.53 2.67 2.81 2.92 3.02 3.02 2.87 2.66 2.52 2.44 2.39 2.35 2.30
2.10 2.08 2.03 1.99 1.97 1.93 1.88 1.84 1.81 1.77 1.73 1.74 1.82 1.98 2.14 2.15 1.97 1.75 1.63 1.60 1.64 1.69 1.72 1.73 1.73 1.72 1.71 1.72 1.72 1.73 1.73 1.73 1.73 1.73 1.73 1.72 1.72 1.71 1.70 1.69 1.67 1.66 1.64 1.63 1.61 1.59 1.58 1.57 1.55 1.54 1.52 1.50 1.52 1.58 1.65 1.74 1.89 1.98 1.98 1.94 1.92 1.92 2.00 2.15 2.31 2.39 2.34 2.23 2.24 2.38 2.51 2.63 2.73 2.82 2.90 2.93 2.84 2.70 2.59 2.52 2.43 2.32 2.22 2.14
2.12 2.08 2.00 1.95 1.96 1.98 1.98 1.95 1.89 1.82 1.76 1.71 1.69 1.75 1.92 2.13 2.16 2.00 1.77 1.62 1.58 1.60 1.63 1.66 1.68 1.68 1.69 1.70 1.71 1.71 1.71 1.72 1.72 1.72 1.72 1.71 1.71 1.70 1.70 1.69 1.68 1.66 1.65 1.64 1.63 1.61 1.60 1.58 1.56 1.54 1.50 1.47 1.48 1.47 1.50 1.61 1.73 1.79 1.81 1.80 1.81 1.87 1.98 2.12 2.25 2.33 2.36 2.37 2.42 2.51 2.61 2.70 2.77 2.84 2.88 2.82 2.68 2.62 2.61 2.57 2.50 2.39 2.29 2.20
2.20 2.08 1.92 1.88 1.86 1.92 1.97 1.99 1.95 1.88 1.77 1.67 1.61 1.62 1.73 1.93 2.13 2.17 2.01 1.80 1.65 1.58 1.59 1.63 1.67 1.69 1.70 1.69 1.69 1.69 1.69 1.70 1.70 1.70 1.70 1.70 1.70 1.70 1.69 1.69 1.68 1.67 1.66 1.65 1.63 1.62 1.61 1.59 1.56 1.54 1.51 1.53 1.54 1.53 1.59 1.71 1.77 1.77 1.78 1.85 1.96 2.05 2.02 1.92 1.86 1.91 2.00 2.26 2.51 2.63 2.68 2.74 2.82 2.86 2.86 2.79 2.75 2.75 2.77 2.74 2.67 2.58 2.53 2.56
2.39 2.18 1.92 1.85 1.79 1.76 1.79 1.83 1.85 1.85 1.79 1.68 1.62 1.63 1.64 1.73 1.95 2.17 2.20 2.05 1.84 1.66 1.57 1.57 1.62 1.66 1.68 1.67 1.66 1.65 1.67 1.68 1.68 1.69 1.69 1.69 1.69 1.69 1.69 1.68 1.68 1.67 1.66 1.65 1.64 1.63 1.61 1.59 1.57 1.55 1.53 1.52 1.52 1.53 1.58 1.68 1.80 1.84 1.85 1.92 1.98 1.91 1.69 1.48 1.41 1.54 1.87 2.26 2.52 2.66 2.76 2.82 2.86 2.87 2.83 2.84 2.92 3.01 3.05 3.01 2.91 2.83 2.84 2.98
2.60 2.39 2.12 1.97 1.89 1.82 1.76 1.75 1.72 1.69 1.71 1.68 1.59 1.57 1.61 1.63 1.71 1.92 2.14 2.19 2.05 1.86 1.70 1.58 1.55 1.59 1.64 1.66 1.66 1.66 1.65 1.66 1.66 1.67 1.67 1.68 1.68 1.68 1.68 1.68 1.68 1.67 1.66 1.66 1.64 1.63 1.61 1.60 1.58 1.56 1.53 1.49 1.46 1.43 1.44 1.56 1.74 1.90 1.94 1.87 1.69 1.49 1.53 1.68 1.89 2.10 2.32 2.47 2.53 2.61 2.72 2.80 2.83 2.79 2.78 2.88 3.02 3.10 3.09 3.03 2.98 3.00 3.16 3.50
2.65 2.62 2.46 2.19 2.00 1.93 1.94 1.97 1.96 1.85 1.77 1.77 1.66 1.53 1.55 1.61 1.61 1.66 1.88 2.12 2.22 2.14 1.97 1.77 1.62 1.58 1.61 1.64 1.66 1.65 1.64 1.64 1.64 1.64 1.65 1.66 1.66 1.67 1.67 1.67 1.67 1.67 1.66 1.66 1.65 1.63 1.62 1.60 1.59 1.57 1.53 1.49 1.43 1.36 1.34 1.40 1.51 1.65 1.74 1.66 1.51 1.59 1.93 2.28 2.50 2.60 2.58 2.51 2.49 2.53 2.60 2.68 2.74 2.78 2.85 2.92 2.96 2.98 2.99 3.07 3.28 3.56 4.01 4.64
2.48 2.80 3.04 2.80 2.42 2.13 2.11 2.21 2.21 2.07 1.90 1.81 1.79 1.69 1.55 1.54 1.59 1.60 1.68 1.89 2.13 2.26 2.24 2.09 1.88 1.69 1.57 1.52 1.52 1.54 1.57 1.59 1.60 1.62 1.63 1.64 1.65 1.65 1.66 1.67 1.67 1.66 1.66 1.66 1.65 1.64 1.63 1.61 1.59 1.57 1.54 1.50 1.44 1.38 1.32 1.28 1.23 1.19 1.25 1.35 1.50 1.74 1.99 2.23 2.45 2.56 2.54 2.46 2.41 2.44 2.49 2.54 2.61 2.71 2.81 2.84 2.84 2.89 3.06 3.36 3.80 4.26 4.70 4.90
2.15 2.60 3.27 3.54 3.46 3.10 2.76 2.73 2.64 2.34 2.08 1.93 1.88 1.86 1.74 1.61 1.59 1.62 1.62 1.67 1.80 1.99 2.18 2.26 2.18 2.00 1.76 1.53 1.42 1.42 1.46 1.52 1.56 1.58 1.60 1.62 1.63 1.64 1.64 1.65 1.65 1.66 1.66 1.66 1.65 1.64 1.63 1.62 1.60 1.58 1.55 1.52 1.48 1.43 1.37 1.27 1.15 1.04 1.02 1.14 1.32 1.50 1.68 1.87 2.09 2.27 2.39 2.46 2.49 2.49 2.45 2.42 2.44 2.51 2.57 2.64 2.70 2.77 3.00 3.37 3.72 4.03 4.06 3.57
1.68 1.75 2.29 2.93 3.34 3.46 3.36 3.28 3.29 3.14 2.90 2.76 2.61 2.41 2.26 2.09 1.89 1.74 1.63 1.58 1.62 1.71 1.85 2.03 2.18 2.21 2.05 1.75 1.51 1.40 1.38 1.41 1.48 1.53 1.57 1.59 1.61 1.62 1.63 1.64 1.65 1.65 1.65 1.65 1.65 1.64 1.63 1.62 1.60 1.59 1.56 1.54 1.51 1.46 1.41 1.35 1.27 1.18 1.12 1.12 1.18 1.28 1.40 1.52 1.61 1.76 2.03 2.30 2.46 2.48 2.41 2.37 2.43 2.50 2.53 2.51 2.49 2.59 2.82 3.12 3.28 3.21 2.80 2.45
1.51 1.35 1.24 1.44 1.87 2.37 2.56 2.61 2.86 3.10 3.10 3.06 3.00 2.88 2.71 2.52 2.33 2.10 1.84 1.64 1.59 1.61 1.65 1.71 1.83 2.06 2.24 2.10 1.82 1.61 1.46 1.38 1.39 1.45 1.51 1.55 1.58 1.60 1.61 1.62 1.63 1.64 1.64 1.65 1.64 1.64 1.63 1.62 1.61 1.60 1.58 1.56 1.53 1.50 1.46 1.42 1.38 1.33 1.28 1.25 1.24 1.23 1.20 1.15 1.14 1.27 1.53 1.77 1.95 2.10 2.27 2.43 2.51 2.51 2.46 2.39 2.40 2.50 2.66 2.75 2.68 2.37 2.09 2.29
1.82 1.62 1.31 1.23 1.37 1.53 1.51 1.46 1.70 2.07 2.10 2.07 2.14 2.25 2.32 2.31 2.31 2.30 2.18 1.96 1.75 1.63 1.61 1.62 1.66 1.89 2.28 2.44 2.25 1.97 1.74 1.54 1.40 1.38 1.43 1.49 1.54 1.57 1.59 1.61 1.62 1.63 1.63 1.64 1.64 1.64 1.63 1.62 1.62 1.60 1.59 1.57 1.55 1.53 1.50 1.48 1.45 1.42 1.40 1.38 1.35 1.32 1.25 1.17 1.12 1.13 1.15 1.21 1.35 1.60 1.97 2.26 2.32 2.26 2.24 2.28 2.38 2.45 2.46 2.29 2.07 1.95 2.11 2.62
2.15 1.97 1.68 1.52 1.48 1.48 1.36 1.21 1.31 1.52 1.51 1.48 1.49 1.54 1.64 1.73 1.83 1.99 2.13 2.15 2.06 1.91 1.79 1.75 1.73 1.78 2.01 2.36 2.46 2.28 2.06 1.85 1.61 1.41 1.37 1.42 1.48 1.53 1.57 1.59 1.60 1.61 1.62 1.63 1.63 1.63 1.63 1.63 1.62 1.61 1.60 1.59 1.57 1.56 1.54 1.52 1.50 1.48 1.47 1.45 1.44 1.41 1.38 1.35 1.31 1.25 1.17 1.13 1.16 1.29 1.49 1.64 1.75 1.76 1.87 2.01 2.18 2.25 2.19 2.05 1.96 2.08 2.51 2.97
2.54 2.29 1.90 1.69 1.62 1.58 1.46 1.34 1.31 1.38 1.43 1.46 1.46 1.44 1.46 1.48 1.52 1.60 1.73 1.88 2.01 2.07 2.03 1.95 1.83 1.76 1.82 2.08 2.35 2.40 2.26 2.10 1.92 1.68 1.48 1.43 1.44 1.47 1.52 1.56 1.58 1.60 1.61 1.62 1.62 1.63 1.62 1.62 1.62 1.61 1.60 1.60 1.59 1.57 1.56 1.55 1.54 1.52 1.52 1.50 1.49 1.48 1.47 1.45 1.43 1.39 1.35 1.32 1.30 1.28 1.26 1.21 1.20 1.33 1.55 1.74 1.92 2.00 2.00 2.04 2.15 2.47 2.98 2.98
3.00 2.66 2.09 1.75 1.66 1.60 1.49 1.43 1.37 1.33 1.36 1.42 1.46 1.47 1.47 1.47 1.49 1.52 1.54 1.59 1.69 1.81 1.90 1.91 1.83 1.76 1.79 1.94 2.15 2.30 2.29 2.21 2.13 1.99 1.77 1.59 1.51 1.48 1.48 1.53 1.56 1.59 1.60 1.61 1.61 1.61 1.62 1.62 1.61 1.61 1.61 1.60 1.60 1.59 1.59 1.58 1.57 1.56 1.55 1.55 1.54 1.53 1.53 1.51 1.50 1.48 1.47 1.47 1.46 1.42 1.34 1.25 1.21 1.31 1.53 1.75 1.91 1.96 1.98 2.11 2.49 2.99 3.11 2.51
3.57 3.13 2.39 1.90 1.69 1.61 1.48 1.38 1.34 1.29 1.29 1.31 1.35 1.39 1.40 1.42 1.47 1.52 1.55 1.54 1.55 1.59 1.67 1.73 1.71 1.66 1.67 1.78 2.00 2.22 2.29 2.25 2.20 2.10 1.91 1.71 1.58 1.53 1.50 1.50 1.54 1.57 1.59 1.60 1.61 1.61 1.61 1.61 1.61 1.61 1.61 1.60 1.60 1.60 1.60 1.59 1.59 1.59 1.59 1.58 1.58 1.57 1.57 1.56 1.56 1.55 1.55 1.55 1.54 1.52 1.48 1.45 1.45 1.50 1.61 1.78 1.89 1.97 2.11 2.35 2.85 3.07 2.59 1.75
