windninja/windninja_output/Output_2025-08-24_1500-1550_Google earth_Fire_150m_10min/merlingen_7.5mi_point_08-24-2025_1520_150m_vel.asc
ncols	158
nrows	163
xllcorner	391686.332397
yllcorner	5160024.123721
cellsize	150.000000
NODATA_value	-32768.000000
[rows 114 to 151 of 163, columns 0 to 83 of 158]
2.67 2.95 3.27 3.44 3.65 3.66 3.50 3.42 3.42 3.53 3.88 4.65 4.66 4.06 4.57 4.97 3.26 0.89 0.63 2.04 3.78 5.89 6.53 4.72 4.00 4.41 4.34 4.04 4.04 4.15 5.18 7.61 9.23 9.97 9.68 7.61 5.72 4.57 3.35 2.44 2.12 2.75 3.72 3.80 2.78 1.96 1.78 1.70 1.59 1.51 1.38 1.11 0.75 0.80 1.31 1.59 1.59 1.76 2.22 2.53 2.39 2.19 2.37 2.63 2.44 2.31 2.47 2.54 2.46 2.19 1.89 1.82 1.82 1.73 1.79 1.89 1.75 1.49 1.27 1.23 1.22 1.00 0.67 0.47
2.34 2.84 3.39 3.53 3.63 3.68 3.66 3.48 3.32 3.49 4.02 4.50 4.19 4.00 5.03 5.66 3.83 1.07 0.15 1.19 2.74 4.55 6.04 6.20 5.57 4.87 4.38 4.26 4.87 4.25 3.99 6.38 9.49 11.02 9.97 7.64 5.75 4.54 3.46 2.53 2.47 3.41 4.01 3.77 2.97 2.30 2.00 1.74 1.56 1.46 1.37 1.24 0.92 0.59 1.07 1.51 1.60 1.66 2.01 2.45 2.45 2.26 2.39 2.68 2.61 2.36 2.43 2.58 2.60 2.45 2.23 2.13 2.10 1.91 1.74 1.87 1.94 1.73 1.41 1.25 1.31 1.19 0.87 0.66
1.98 2.63 3.35 3.57 3.61 3.58 3.62 3.62 3.68 3.93 4.43 4.22 3.42 3.55 5.25 6.42 4.45 1.22 0.33 0.71 2.03 3.28 4.53 5.94 6.37 5.65 4.50 4.50 5.69 4.71 3.51 5.21 8.55 11.16 10.61 7.97 5.81 4.17 3.51 3.17 3.24 3.93 3.94 3.58 3.17 2.40 1.74 1.43 1.39 1.36 1.32 1.29 1.10 0.65 0.74 1.35 1.62 1.65 1.88 2.30 2.40 2.31 2.44 2.69 2.70 2.45 2.44 2.59 2.67 2.62 2.48 2.42 2.47 2.39 1.99 1.81 1.92 1.94 1.66 1.35 1.35 1.31 0.98 0.76
1.76 2.42 3.20 3.54 3.62 3.52 3.36 3.51 4.04 4.59 4.90 3.95 2.67 2.93 5.27 7.02 5.02 1.53 0.75 1.03 1.72 2.70 3.57 4.77 5.95 6.23 5.17 4.98 6.37 5.19 3.68 4.43 6.78 10.22 10.78 8.14 5.61 3.76 3.58 4.02 4.03 3.97 3.63 3.47 3.23 2.31 1.58 1.42 1.46 1.45 1.38 1.31 1.20 0.81 0.38 1.13 1.62 1.69 1.83 2.16 2.28 2.27 2.48 2.75 2.77 2.55 2.51 2.63 2.71 2.72 2.64 2.60 2.69 2.83 2.66 2.19 1.89 1.96 1.92 1.64 1.50 1.42 1.10 0.83
1.64 2.16 3.02 3.54 3.63 3.48 3.21 3.40 4.09 4.76 5.27 4.11 2.33 2.52 4.79 7.22 6.31 2.57 1.38 1.64 1.85 2.47 3.21 3.94 4.82 5.68 5.37 5.56 6.47 5.91 4.77 4.71 6.09 9.54 10.28 8.41 6.06 3.85 3.96 4.51 4.09 3.68 3.44 3.40 3.21 2.56 1.87 1.66 1.60 1.51 1.35 1.22 1.19 0.94 0.34 0.84 1.54 1.75 1.86 2.10 2.22 2.17 2.37 2.73 2.82 2.70 2.65 2.75 2.83 2.82 2.72 2.63 2.70 2.95 3.14 2.89 2.30 2.04 2.05 1.92 1.77 1.58 1.23 0.93
1.53 1.93 2.83 3.58 3.64 3.36 3.30 3.59 4.18 4.53 5.17 4.69 2.55 2.42 4.06 6.66 7.42 4.36 1.99 1.92 2.12 2.45 3.10 3.89 4.60 5.07 5.17 5.49 6.19 6.44 6.63 6.65 7.83 9.63 9.44 8.42 6.94 4.87 4.57 4.53 3.89 3.58 3.49 3.50 3.35 2.87 2.13 1.72 1.54 1.33 1.12 1.02 1.10 1.01 0.52 0.54 1.39 1.79 1.92 2.10 2.24 2.16 2.24 2.52 2.65 2.73 2.73 2.80 2.98 3.00 2.82 2.63 2.63 2.83 3.20 3.36 3.01 2.49 2.26 2.12 1.97 1.77 1.39 1.07
1.36 1.73 2.67 3.69 3.78 3.29 3.50 3.95 4.39 4.23 4.63 5.14 3.21 2.31 3.44 5.94 7.83 6.21 2.99 2.13 2.29 2.57 3.19 4.08 4.82 5.23 5.42 5.61 6.39 7.44 8.19 8.16 8.48 8.91 8.59 8.14 7.13 6.08 4.98 4.07 3.95 3.90 3.91 3.84 3.51 2.97 2.35 1.85 1.43 1.13 0.92 0.82 0.97 1.01 0.65 0.26 1.22 1.79 1.94 2.12 2.31 2.20 2.24 2.41 2.37 2.52 2.53 2.41 2.74 3.08 2.98 2.70 2.57 2.63 2.95 3.38 3.51 3.19 2.76 2.47 2.19 1.94 1.57 1.23
1.14 1.56 2.51 3.56 3.91 3.61 3.95 4.55 4.76 4.01 4.16 5.58 4.03 2.15 2.91 5.32 7.87 7.36 4.30 2.48 2.30 2.73 3.35 4.21 5.15 5.58 5.65 6.03 7.60 9.14 9.18 8.76 8.64 8.31 8.43 8.03 6.96 6.61 4.87 3.60 3.76 4.09 4.59 4.29 3.71 3.21 2.68 1.99 1.24 0.89 0.70 0.60 0.82 1.01 0.78 0.08 1.15 1.80 1.95 2.15 2.35 2.23 2.29 2.50 2.46 2.64 2.62 2.09 2.06 2.69 2.94 2.81 2.64 2.50 2.58 2.97 3.48 3.69 3.46 3.05 2.60 2.23 1.80 1.41
0.91 1.47 2.35 3.01 3.61 3.94 4.50 5.29 5.46 4.20 4.08 6.06 4.79 2.15 2.29 4.21 7.39 8.12 5.28 3.15 2.55 2.97 3.54 4.29 5.42 5.77 5.89 6.87 9.17 10.40 9.30 8.86 8.84 7.89 8.28 8.11 6.75 6.67 5.16 3.49 3.24 3.77 4.99 4.97 4.15 3.64 3.02 1.96 1.11 0.71 0.48 0.39 0.66 0.99 0.83 0.18 1.03 1.79 1.98 2.25 2.37 2.28 2.39 2.57 2.70 3.10 3.19 2.46 1.90 2.02 2.47 2.70 2.72 2.56 2.36 2.45 2.92 3.54 3.83 3.69 3.26 2.74 2.13 1.66
0.83 1.45 2.25 2.47 2.90 3.63 4.34 5.37 6.20 5.30 4.88 6.75 5.39 2.10 1.90 3.34 6.09 8.27 6.94 4.64 3.73 3.55 3.77 4.50 5.50 5.94 6.14 7.72 10.97 11.37 8.89 8.39 8.50 7.52 8.00 8.11 6.52 6.45 5.95 3.70 2.81 3.16 4.53 5.55 5.00 4.13 3.28 2.03 1.11 0.66 0.49 0.30 0.47 0.94 0.81 0.32 0.87 1.76 1.99 2.21 2.38 2.43 2.56 2.64 2.77 3.29 3.61 3.24 2.40 1.84 1.98 2.39 2.56 2.54 2.35 2.15 2.27 2.84 3.49 3.84 3.83 3.49 2.74 2.01
0.95 1.52 2.17 2.19 2.45 3.27 3.87 4.73 6.13 6.04 6.31 7.42 5.03 2.09 1.95 2.99 4.65 7.06 8.10 6.83 5.43 4.71 4.39 4.84 5.48 5.89 6.59 9.62 13.40 11.56 7.66 7.62 8.16 7.42 7.67 8.04 6.54 6.00 6.10 4.23 2.83 2.61 3.43 5.39 5.97 4.91 3.66 2.33 1.13 0.72 0.60 0.31 0.41 0.90 0.86 0.56 0.90 1.80 2.13 2.03 2.22 2.63 2.74 2.73 2.93 3.33 3.62 3.73 3.34 2.32 1.93 2.22 2.38 2.31 2.25 2.05 1.90 2.17 2.77 3.26 3.66 3.94 3.56 2.59
1.06 1.61 2.12 2.07 2.28 3.01 3.57 4.20 5.53 5.92 6.86 8.16 5.79 2.58 2.33 2.97 3.72 4.97 6.97 8.18 8.19 6.84 5.66 5.49 6.21 7.05 9.49 14.12 13.92 9.39 6.08 6.83 8.02 7.27 7.13 7.92 6.79 5.73 5.90 4.73 3.12 2.35 2.57 4.55 6.28 5.86 4.33 2.63 1.28 0.85 0.70 0.42 0.49 0.91 1.00 0.85 1.16 2.02 2.54 2.22 2.17 2.69 2.86 2.86 3.16 3.49 3.57 3.74 3.85 3.33 2.55 2.44 2.50 2.28 2.14 1.99 1.78 1.78 2.09 2.49 2.83 3.56 3.94 3.39
1.04 1.60 2.17 2.03 2.15 2.78 3.40 4.03 4.85 5.38 6.47 8.51 7.67 4.05 3.36 3.30 3.18 3.73 5.10 7.12 8.76 9.39 7.84 7.16 9.40 12.03 13.37 13.64 10.37 6.45 5.20 6.15 7.79 7.10 6.74 7.69 7.05 5.71 5.39 4.79 3.52 2.45 2.30 3.63 5.92 6.50 5.09 3.07 1.58 0.96 0.79 0.55 0.63 1.00 1.15 1.05 1.20 2.03 2.76 2.65 2.47 2.77 2.90 2.97 3.32 3.62 3.66 3.72 3.89 3.87 3.58 3.25 2.94 2.57 2.29 2.07 1.83 1.71 1.79 2.03 2.27 2.82 3.52 3.67
0.94 1.56 2.24 2.02 2.00 2.55 3.35 4.12 4.39 4.69 5.53 7.64 8.54 6.96 5.57 4.00 2.94 3.49 4.70 6.14 8.38 10.57 10.53 9.86 10.97 12.37 11.49 8.78 6.65 5.28 4.75 5.58 7.26 7.02 6.73 7.39 7.12 6.04 5.02 4.58 3.83 2.82 2.55 3.07 5.11 6.67 5.63 3.42 1.90 1.17 0.96 0.76 0.84 1.15 1.27 1.17 1.20 1.94 2.73 2.85 2.78 2.91 2.98 3.12 3.45 3.69 3.74 3.76 3.84 3.92 4.09 4.08 3.62 3.07 2.67 2.35 1.95 1.78 1.85 1.86 2.00 2.39 2.82 3.19
0.88 1.53 2.27 2.07 1.91 2.37 3.27 4.08 4.19 4.11 4.43 5.91 7.80 8.57 7.97 5.29 3.71 4.33 6.01 9.75 11.61 11.30 10.84 9.83 9.88 9.89 8.48 6.69 5.36 4.72 4.76 5.44 6.44 6.51 6.69 7.28 7.19 6.24 4.95 4.51 4.06 3.42 3.13 3.13 4.32 6.33 6.03 3.67 2.19 1.57 1.18 0.98 1.11 1.35 1.40 1.33 1.31 1.93 2.73 2.94 2.98 3.07 3.14 3.33 3.59 3.78 3.82 3.83 3.89 3.92 4.19 4.55 4.37 3.69 3.13 2.78 2.26 1.98 2.01 1.97 1.96 2.09 2.31 2.59
0.87 1.50 2.31 2.17 1.94 2.41 3.18 3.90 4.02 3.79 3.77 4.47 5.86 7.56 8.63 8.33 6.35 6.69 10.49 13.94 12.23 9.44 9.19 9.18 9.61 9.84 8.44 6.31 4.93 4.72 5.06 5.23 5.32 5.36 6.11 7.46 7.62 6.24 5.06 4.75 4.42 4.05 3.78 3.67 4.06 5.41 5.79 4.02 2.65 2.07 1.50 1.24 1.34 1.51 1.52 1.45 1.47 2.07 2.80 3.06 3.10 3.19 3.32 3.51 3.72 3.87 3.90 3.89 3.94 4.01 4.25 4.70 4.91 4.46 3.73 3.32 2.79 2.22 2.11 2.18 2.14 2.02 1.96 2.10
0.83 1.47 2.39 2.33 2.02 2.60 3.38 3.85 3.91 3.69 3.61 3.74 4.25 5.42 7.12 9.10 10.17 11.82 14.00 13.00 9.00 7.32 7.69 8.84 10.27 10.59 8.49 5.98 5.24 5.22 5.21 4.82 4.36 4.29 4.90 6.76 8.06 7.05 5.51 5.13 4.91 4.60 4.49 4.41 4.35 4.45 4.71 3.81 3.10 2.52 1.83 1.59 1.61 1.66 1.59 1.46 1.55 2.19 2.90 3.21 3.21 3.26 3.46 3.65 3.83 3.98 4.01 3.96 3.96 4.07 4.32 4.72 5.04 5.01 4.56 4.06 3.40 2.57 2.32 2.38 2.29 2.14 1.93 1.76
0.80 1.41 2.38 2.52 2.25 2.76 3.46 3.92 4.14 3.90 3.62 3.49 3.67 4.53 5.92 8.15 12.41 15.26 13.74 9.39 7.54 7.16 7.19 7.96 10.31 11.12 7.83 6.12 5.89 5.42 5.19 4.85 4.30 3.80 4.03 5.32 7.30 7.92 6.62 5.70 5.55 5.21 5.07 4.99 4.51 3.67 2.98 2.93 3.19 2.79 2.05 1.89 1.88 1.80 1.67 1.53 1.60 2.20 2.95 3.33 3.36 3.35 3.47 3.73 3.89 4.04 4.14 4.04 3.98 4.06 4.38 4.78 4.98 5.16 5.12 4.84 4.14 3.03 2.58 2.63 2.56 2.27 1.89 1.63
0.87 1.41 2.19 2.61 2.74 2.95 3.18 3.74 4.53 4.40 3.66 3.40 3.60 4.40 6.03 8.22 13.56 16.50 12.68 8.68 7.83 7.43 7.26 7.70 9.70 11.10 8.76 6.61 6.29 5.45 4.96 4.70 4.16 3.71 3.94 4.70 5.96 7.44 7.32 6.76 6.53 5.78 5.35 5.22 4.29 2.65 1.59 1.88 2.79 2.77 2.20 2.10 2.04 1.92 1.80 1.71 1.77 2.29 3.03 3.40 3.53 3.64 3.49 3.70 3.97 4.06 4.21 4.14 3.98 4.03 4.37 4.75 4.91 5.23 5.40 5.31 4.95 3.65 2.80 2.96 2.87 2.33 1.83 1.63
0.98 1.45 2.04 2.56 3.21 3.21 2.89 3.23 4.46 5.09 4.26 3.56 3.79 4.95 6.53 9.51 14.99 16.37 13.26 9.77 8.51 7.93 7.76 7.89 8.52 9.77 9.57 7.80 6.66 5.72 4.95 4.48 3.95 4.05 4.41 4.77 5.48 6.34 6.75 7.48 7.62 6.32 5.57 5.31 3.94 2.06 1.18 1.28 2.18 2.54 2.27 2.15 2.09 2.01 1.94 1.92 2.00 2.47 3.17 3.53 3.78 3.96 3.72 3.76 4.10 4.16 4.28 4.25 3.97 3.99 4.34 4.62 4.75 5.13 5.61 5.83 5.61 4.23 3.06 3.17 3.12 2.38 1.76 1.59
1.10 1.60 2.07 2.56 3.39 3.36 2.93 3.05 3.70 5.00 5.18 4.10 4.49 6.05 8.84 13.96 16.47 15.36 12.81 10.84 9.13 7.87 7.57 7.26 6.62 7.26 9.18 9.37 7.70 6.28 5.34 4.74 4.37 4.58 4.75 4.73 5.07 5.33 6.05 7.69 8.25 6.95 5.96 5.24 3.52 2.33 1.59 1.29 1.87 2.47 2.46 2.26 2.16 2.10 2.05 2.07 2.22 2.67 3.23 3.59 3.98 4.12 3.96 3.96 4.24 4.40 4.43 4.47 4.21 3.95 4.14 4.47 4.61 4.76 5.50 6.31 6.28 4.92 3.45 3.26 3.23 2.58 1.78 1.47
1.14 1.78 2.28 2.65 3.33 3.44 3.22 3.31 3.43 4.37 5.27 4.92 5.12 7.82 13.89 17.10 15.71 13.50 11.98 11.23 9.88 7.40 6.66 6.21 5.42 5.61 7.51 9.60 9.30 7.32 5.80 5.18 5.05 5.00 4.89 4.75 4.53 4.51 5.94 7.97 8.19 7.20 6.33 4.78 3.42 2.92 2.29 1.80 2.04 2.55 2.68 2.51 2.33 2.21 2.13 2.13 2.34 2.87 3.33 3.65 4.02 4.15 4.12 4.16 4.36 4.61 4.63 4.78 4.87 4.31 3.91 4.13 4.37 4.41 5.06 6.25 6.72 5.89 4.11 3.45 3.21 2.61 2.01 1.62
0.87 1.82 2.60 2.70 3.28 3.50 3.46 3.52 3.59 4.22 4.90 5.34 5.48 9.45 16.72 16.76 13.34 12.37 11.37 11.01 10.09 7.62 6.24 5.95 5.43 5.32 6.38 8.67 10.01 8.77 6.47 5.52 5.49 5.24 5.15 5.06 4.44 4.16 6.13 8.30 7.68 6.93 6.29 4.21 3.41 3.27 2.80 2.25 2.26 2.58 2.73 2.67 2.52 2.37 2.26 2.22 2.46 3.07 3.47 3.78 4.04 4.16 4.26 4.30 4.45 4.76 4.82 5.05 5.62 5.22 4.23 3.86 3.98 3.98 4.40 5.66 6.67 6.53 5.33 4.01 3.22 2.60 2.22 1.99
0.58 1.59 2.69 2.93 3.45 3.66 3.48 3.47 3.78 4.35 4.83 5.58 6.10 11.26 17.54 15.73 12.71 11.76 10.46 10.25 9.89 8.08 6.66 6.27 5.62 5.35 5.98 7.95 9.85 9.42 7.14 6.02 5.88 5.61 5.51 5.23 4.52 4.07 6.12 8.42 7.31 6.11 5.36 4.05 3.50 3.47 3.10 2.59 2.52 2.71 2.79 2.74 2.65 2.51 2.35 2.32 2.62 3.25 3.54 3.77 4.05 4.20 4.38 4.37 4.47 4.84 5.04 5.32 6.04 6.22 5.12 4.11 3.93 3.80 3.58 4.47 6.02 6.55 6.16 5.32 3.88 2.74 2.40 2.31
0.76 1.40 2.27 3.02 3.83 3.88 3.46 3.37 3.79 4.48 5.29 6.24 8.04 14.91 18.15 14.93 12.09 10.59 9.21 9.64 9.94 8.56 7.35 6.71 5.86 5.59 6.06 7.65 9.05 8.69 7.62 7.15 6.71 6.16 5.90 5.13 4.28 4.22 5.99 8.19 6.97 4.82 4.19 3.79 3.57 3.72 3.48 2.96 2.82 2.90 2.91 2.88 2.78 2.65 2.49 2.44 2.82 3.33 3.55 3.74 3.98 4.20 4.45 4.42 4.51 4.90 5.26 5.68 6.25 6.73 6.30 5.04 4.33 3.98 3.53 3.57 4.88 5.88 6.03 6.12 5.26 3.29 2.81 2.54
1.14 1.47 1.85 2.73 3.87 4.12 3.76 3.65 3.98 4.63 5.82 7.81 12.94 18.46 17.46 12.80 10.78 9.69 8.84 9.58 10.24 9.19 7.92 6.95 6.21 6.09 6.52 7.32 7.92 7.28 6.79 7.86 7.92 6.59 6.32 5.29 4.24 4.78 6.12 7.27 5.79 3.87 3.61 3.45 3.48 3.80 3.72 3.30 3.12 3.10 3.05 3.06 2.97 2.89 2.79 2.73 3.01 3.34 3.56 3.77 3.92 4.17 4.35 4.32 4.62 5.12 5.50 6.02 6.46 6.83 7.02 6.38 5.06 4.20 3.76 3.53 3.97 4.96 5.29 5.90 5.93 4.58 3.54 2.61
1.32 1.59 2.04 2.63 3.18 3.87 4.38 4.36 4.37 5.48 6.81 10.21 17.76 18.93 13.41 10.24 9.88 9.20 8.32 9.49 10.72 9.86 8.38 7.32 6.72 6.76 6.95 7.01 7.09 6.40 5.93 7.55 8.31 7.58 7.25 5.90 4.62 5.00 5.39 5.29 4.27 3.63 3.58 3.34 3.38 3.71 3.73 3.50 3.37 3.31 3.26 3.19 3.01 3.01 3.17 3.13 3.13 3.32 3.60 3.80 3.93 4.20 4.15 3.99 4.48 5.32 5.84 6.28 6.62 6.98 7.33 7.21 6.00 4.59 4.01 3.49 3.36 4.25 4.79 5.33 5.94 5.37 3.95 2.61
1.01 1.87 2.71 2.66 2.57 3.16 4.52 4.84 5.15 7.25 9.08 14.82 19.49 15.10 9.70 9.12 9.15 8.97 8.33 9.21 10.62 10.36 9.04 8.03 7.43 7.31 7.21 6.77 6.55 6.12 5.91 6.80 7.64 8.29 8.39 6.62 4.84 4.47 3.82 3.07 3.25 3.55 3.62 3.41 3.41 3.64 3.70 3.64 3.60 3.55 3.54 3.53 3.22 3.01 3.32 3.32 3.21 3.36 3.65 3.85 4.03 4.23 3.98 3.60 4.00 5.04 5.89 6.37 6.74 7.28 7.51 7.52 7.02 5.64 4.38 3.16 2.81 3.81 4.71 5.23 5.98 5.67 4.02 2.70
0.44 2.01 3.34 2.85 2.70 3.29 4.14 4.80 6.22 8.34 11.73 18.58 18.84 10.67 8.40 8.72 8.87 9.58 9.59 9.49 9.77 9.84 9.49 9.09 8.39 7.70 7.13 6.32 6.09 6.14 6.20 6.59 7.11 8.17 8.94 7.39 4.92 3.65 2.61 2.19 2.96 3.67 3.81 3.69 3.65 3.72 3.75 3.79 3.86 3.84 3.87 4.16 4.10 3.43 3.24 3.09 3.09 3.42 3.61 3.88 4.18 4.21 3.89 3.47 3.65 4.52 5.37 5.94 6.55 7.35 7.64 7.62 7.87 7.00 4.43 2.62 2.43 3.63 4.94 5.74 5.90 5.44 4.38 3.05
0.20 1.77 3.55 3.53 3.27 3.68 4.33 5.09 6.72 8.18 13.65 18.54 15.03 9.50 8.63 8.71 9.20 10.54 10.70 9.19 8.58 8.93 9.46 9.81 9.18 8.15 7.22 6.45 6.20 6.52 6.77 7.17 7.07 7.29 8.75 7.86 4.94 3.10 2.43 2.48 3.04 3.73 3.99 3.97 3.92 3.94 3.96 4.00 4.07 4.11 4.24 4.86 5.19 4.49 3.51 2.60 2.75 3.42 3.58 3.87 4.20 4.22 3.97 3.66 3.81 4.45 4.99 5.36 5.82 6.68 7.40 7.78 8.49 7.83 4.75 2.40 2.44 3.48 5.28 6.08 5.20 4.86 4.77 3.33
0.63 1.61 3.25 4.04 3.93 4.16 4.88 5.77 6.99 7.66 12.60 18.72 15.00 9.89 9.11 8.76 9.64 11.26 10.58 8.11 7.95 8.62 9.31 9.91 9.30 8.06 7.23 7.18 6.98 6.88 7.19 7.58 6.78 6.37 8.03 7.27 4.58 3.10 2.73 2.91 3.24 3.71 4.02 4.13 4.10 4.13 4.20 4.24 4.27 4.46 4.84 5.50 5.99 5.62 4.00 2.38 2.51 3.24 3.64 3.98 4.15 4.18 4.15 4.00 3.98 4.62 5.27 5.38 5.38 5.64 6.43 7.66 8.91 8.45 5.67 3.10 2.58 3.32 5.50 6.17 4.73 4.75 4.83 3.02
1.40 2.03 2.90 3.71 4.36 5.02 5.86 6.64 7.57 7.73 10.75 18.83 17.68 10.58 8.98 8.61 9.82 11.14 9.30 7.79 8.24 8.77 9.33 9.49 8.76 7.90 7.48 7.74 7.54 6.97 7.17 7.34 6.17 5.66 6.58 5.80 4.16 3.17 2.96 3.18 3.50 3.83 4.12 4.29 4.28 4.29 4.38 4.39 4.48 4.95 5.61 6.19 6.71 6.31 4.48 2.79 2.61 2.97 3.74 4.34 4.14 3.98 4.21 4.20 4.09 4.83 5.63 5.45 5.28 5.48 5.66 6.81 8.86 8.83 6.34 4.06 3.09 3.37 5.36 6.13 5.19 5.20 4.50 2.27
2.69 2.86 3.04 3.21 4.07 5.47 6.64 7.82 8.71 8.27 11.62 19.02 17.32 10.19 8.36 8.46 9.61 10.22 8.73 8.22 8.70 8.91 9.25 8.95 8.39 8.36 8.15 7.96 7.67 6.87 6.96 7.16 5.68 4.51 4.45 4.63 3.87 3.23 3.04 3.24 3.64 3.98 4.29 4.51 4.54 4.48 4.53 4.57 4.84 5.49 6.18 6.93 7.50 6.78 5.22 3.90 3.16 3.22 4.15 4.70 4.17 3.78 4.01 4.16 4.33 5.10 5.73 5.50 5.38 5.69 5.74 6.23 8.11 8.83 6.83 4.77 4.06 4.05 4.71 5.66 5.93 5.27 3.57 2.33
4.26 3.77 3.27 3.35 4.05 5.17 6.40 8.72 10.13 10.94 16.16 18.86 13.81 8.66 7.72 8.14 9.35 9.29 8.35 8.52 9.00 9.02 8.92 8.70 8.59 8.89 8.52 8.05 7.86 6.68 6.12 6.91 5.69 3.52 3.41 4.12 3.89 3.38 3.19 3.34 3.72 4.08 4.35 4.64 4.82 4.72 4.66 4.86 5.44 5.99 6.57 7.69 8.34 7.35 5.99 4.93 3.99 3.96 4.40 4.72 4.17 3.70 3.86 4.14 4.56 5.19 5.66 5.64 5.64 5.85 6.02 6.24 7.34 8.27 6.87 5.21 5.15 5.14 4.44 4.96 5.90 4.67 3.46 2.79
5.26 4.47 3.54 3.78 4.43 5.05 5.65 7.87 11.85 15.21 17.33 15.09 10.20 7.94 7.17 7.55 8.76 8.86 8.13 8.34 9.02 9.09 8.87 9.21 9.76 9.40 8.77 8.32 7.85 6.18 4.99 5.88 5.56 3.72 3.28 3.88 3.99 3.59 3.36 3.45 3.80 4.16 4.32 4.58 4.95 4.94 4.86 5.36 6.03 6.34 6.99 8.34 9.05 8.25 6.98 6.03 5.05 4.51 4.60 4.66 4.14 3.80 4.05 4.44 4.76 5.25 5.73 5.92 5.89 6.07 6.26 6.07 6.61 7.32 6.67 5.68 6.00 5.87 4.48 4.74 5.29 4.60 4.47 3.70
5.07 5.00 4.50 4.44 4.95 5.64 5.95 7.64 14.10 17.09 14.81 11.16 9.37 8.01 7.13 7.18 7.99 8.50 8.18 8.05 8.39 8.47 8.02 8.93 10.90 11.30 9.71 8.20 7.03 5.57 4.02 4.24 4.88 3.91 3.38 3.72 4.00 3.86 3.66 3.65 3.88 4.29 4.42 4.53 4.90 5.06 5.09 5.76 6.36 6.56 7.40 8.82 9.62 9.44 8.51 7.10 5.78 4.89 4.85 4.64 4.15 4.10 4.41 4.79 5.13 5.53 5.89 6.03 6.14 6.53 6.59 5.84 5.56 6.15 6.45 6.59 6.95 5.93 4.10 4.31 4.56 4.54 5.25 4.97
4.08 4.90 5.39 5.40 6.47 6.86 6.28 8.72 16.48 17.88 12.59 10.16 9.48 8.19 7.43 7.06 7.12 7.68 8.35 8.20 7.67 7.35 6.74 7.62 10.44 12.79 12.10 8.12 6.07 5.12 3.50 3.40 4.14 4.02 3.61 3.58 3.89 3.98 3.91 3.87 3.99 4.42 4.60 4.56 4.88 5.35 5.52 5.85 6.35 6.76 7.57 9.04 10.21 10.69 10.02 7.97 6.41 5.49 5.04 4.83 4.40 4.39 4.79 5.23 5.64 5.77 5.87 5.92 6.18 6.92 7.00 5.58 4.32 4.72 5.95 7.54 7.61 5.27 3.30 3.72 3.81 3.85 5.14 5.99
3.37 4.29 5.35 6.43 7.88 7.21 6.00 9.61 17.62 16.99 10.64 9.46 9.67 8.92 8.06 7.29 6.70 7.05 7.94 8.06 7.33 6.60 6.14 6.85 9.00 12.47 14.12 10.40 5.99 4.86 3.91 3.45 3.75 4.00 3.85 3.51 3.64 3.83 3.91 4.01 4.17 4.58 4.78 4.61 4.89 5.83 6.29 5.89 6.07 6.83 7.53 8.89 10.67 11.67 11.13 8.91 7.06 5.97 5.41 5.29 4.91 4.75 5.27 5.77 6.02 5.84 5.78 5.87 6.17 7.22 7.34 5.26 3.46 3.96 5.71 8.09 7.93 4.78 2.94 3.04 3.19 3.37 4.41 6.26
