windninja/windninja_output/Output_2025-08-24_1500-1550_Google earth_Fire_150m_10min/merlingen_7.5mi_point_08-24-2025_1510_150m_ang.asc
ncols	158
nrows	163
xllcorner	391686.332397
yllcorner	5160024.123721
cellsize	150.000000
NODATA_value	-32768.000000
[rows 0 to 46 of 163, columns 0 to 95 of 158]
357 355 352 352 352 353 354 354 353 353 354 355 357 357 355 353 349 344 343 344 346 349 351 353 355 355 354 351 351 353 354 354 353 352 350 352 353 351 348 347 348 349 350 350 348 349 349 346 345 348 351 351 352 353 354 354 353 351 349 349 349 350 350 348 348 348 349 348 347 347 347 347 347 345 344 345 346 344 341 340 342 342 339 338 337 334 332 331 329 327 325 323 323 322 319 313
360 356 352 351 351 353 355 354 352 351 353 355 358 359 359 357 353 349 347 346 348 348 349 353 356 357 355 352 351 353 354 354 354 352 351 352 354 353 351 350 349 350 351 351 350 351 351 349 346 347 349 349 351 353 354 354 353 351 350 349 349 350 349 348 348 348 349 348 347 347 347 348 348 346 344 345 347 345 342 342 343 343 341 340 338 335 335 335 333 330 327 325 325 324 324 323
0 357 353 352 351 353 356 355 351 349 350 355 359 359 360 358 355 352 350 349 350 348 346 351 357 359 357 355 354 355 356 354 353 352 351 352 353 353 353 353 351 351 351 350 350 351 351 351 351 349 347 349 351 353 353 353 352 351 351 351 350 350 349 349 349 349 349 348 347 347 348 349 347 345 345 347 348 346 344 345 347 346 343 343 341 339 340 341 341 339 334 332 332 333 333 333
355 355 355 353 353 354 355 353 351 351 353 357 359 358 357 355 353 353 353 353 353 350 346 349 354 358 359 358 358 358 358 356 354 351 351 351 352 353 353 352 351 351 350 349 350 350 351 353 354 353 351 352 354 354 353 352 351 350 350 351 351 350 350 349 350 349 348 348 347 348 350 349 346 345 345 346 346 345 345 347 349 348 346 345 341 340 343 344 344 345 344 341 339 339 339 338
348 352 355 355 354 354 351 349 349 352 357 359 358 357 353 352 353 353 355 357 355 350 347 347 350 354 358 359 359 359 359 359 356 353 352 352 353 352 351 350 350 350 349 349 350 351 352 353 354 354 355 355 355 354 354 353 351 350 350 350 350 350 350 350 350 349 348 347 347 349 350 348 346 346 346 346 343 342 345 348 349 347 346 345 342 340 342 342 342 344 347 346 344 343 343 342
345 347 352 355 354 353 349 347 348 354 359 359 357 354 350 350 353 356 357 358 355 350 345 344 344 348 353 357 358 358 359 359 357 356 356 355 353 351 350 350 350 349 349 350 351 352 353 354 354 355 357 357 355 354 354 353 351 350 349 349 350 350 351 350 350 349 349 347 348 350 352 349 346 346 348 348 345 342 345 350 350 345 342 343 342 341 341 337 335 338 341 343 345 344 343 343
347 346 347 350 351 351 350 349 352 356 357 356 355 352 349 350 354 358 359 358 356 351 345 341 340 343 348 352 354 356 357 356 356 357 358 355 352 352 351 352 352 350 350 351 352 353 353 354 354 356 358 358 356 356 354 352 350 349 349 349 349 351 352 352 351 350 349 347 348 351 353 351 348 348 349 349 348 347 349 352 350 344 342 342 342 342 340 335 331 330 330 332 337 339 340 340
349 347 346 345 346 348 350 352 354 355 354 353 353 351 350 350 353 357 358 358 357 354 349 343 338 341 345 347 350 353 353 352 353 356 355 353 352 352 353 353 353 352 352 352 352 352 353 353 354 356 357 356 356 357 355 352 350 349 348 347 348 350 352 353 353 352 349 347 348 350 350 349 350 351 350 349 348 350 354 353 346 342 343 343 344 344 342 339 334 329 325 324 326 330 335 336
348 348 347 346 345 346 349 352 354 353 351 350 349 349 350 351 353 354 356 358 356 355 353 348 343 341 343 345 348 350 349 348 352 354 352 351 352 353 354 355 354 354 353 352 352 352 352 352 353 355 356 355 355 356 354 350 349 348 347 347 348 349 350 353 354 352 349 347 349 350 349 347 349 351 351 349 348 352 357 352 343 340 341 343 343 344 345 344 341 339 336 334 333 334 336 333
348 348 348 348 347 347 349 351 351 350 349 347 346 346 347 350 352 352 354 356 356 355 354 352 349 344 343 346 349 349 347 347 350 351 351 351 352 354 356 356 355 354 352 352 352 352 352 352 352 354 354 354 355 353 350 349 348 347 347 348 348 346 346 348 349 348 347 346 349 352 351 348 348 350 351 351 350 352 354 349 344 342 341 339 338 339 341 341 341 344 345 342 338 339 337 331
349 348 348 349 349 350 350 350 350 349 348 347 345 344 345 347 349 350 351 352 354 354 354 354 352 349 347 348 349 348 346 347 348 349 350 352 354 356 356 355 355 354 353 353 353 351 351 352 353 353 351 352 352 348 346 346 345 345 346 348 346 342 342 341 339 339 341 343 349 353 351 349 348 350 352 353 351 348 346 344 344 345 345 340 334 334 335 333 336 343 345 340 337 339 337 331
349 349 349 349 350 350 349 349 350 349 348 347 346 344 344 344 345 347 348 348 349 352 354 355 354 354 353 351 348 347 346 347 347 347 349 352 354 355 354 354 355 355 354 355 355 354 352 353 355 353 346 345 344 339 337 338 340 341 341 342 336 329 327 325 324 326 329 336 345 348 347 347 348 350 353 354 352 348 343 341 343 346 347 343 338 337 335 331 333 341 341 335 334 337 335 330
349 349 349 349 350 349 349 349 349 349 348 348 347 346 343 339 340 343 346 346 346 348 352 355 357 358 358 353 349 347 347 347 347 346 350 352 352 352 351 353 354 354 355 357 358 359 1 4 3 354 344 338 331 321 314 315 323 332 338 331 312 305 302 300 301 305 310 320 333 338 341 345 347 348 348 349 349 347 345 344 344 344 344 342 339 340 338 334 336 342 340 334 332 335 330 325
349 349 349 349 349 349 349 349 349 349 348 347 348 348 344 338 335 336 340 343 344 347 351 355 360 1 359 354 351 349 348 346 345 347 350 351 351 350 351 353 354 355 359 1 2 5 10 13 9 2 354 346 338 324 306 298 300 315 337 338 328 323 317 310 304 298 296 302 313 324 333 339 341 342 342 342 342 342 344 345 343 340 340 338 339 341 338 334 337 340 337 331 329 329 323 318
349 349 349 349 349 349 349 350 349 349 348 347 347 348 347 343 337 335 336 338 342 346 351 357 360 359 357 354 353 352 350 347 345 347 348 349 351 353 353 355 357 6 15 12 8 11 8 3 4 7 4 356 352 348 343 337 332 336 343 343 339 336 334 335 333 323 315 309 307 311 322 330 333 336 339 338 336 336 338 337 335 334 334 335 337 338 334 333 336 336 328 319 314 313 309 305
350 349 349 349 349 349 349 349 349 349 348 347 347 346 346 344 342 340 339 338 342 347 352 356 358 356 354 355 355 353 350 349 349 350 349 350 354 358 1 6 13 20 15 5 2 4 0 354 355 1 1 358 355 352 353 355 355 351 347 343 340 339 339 343 344 339 332 326 321 317 316 318 322 329 334 335 335 336 335 331 330 330 329 329 332 332 329 327 330 330 321 310 306 306 303 300
350 349 349 349 349 349 349 349 348 348 347 347 346 344 342 341 342 344 344 343 344 348 352 355 355 354 354 354 354 353 350 350 354 357 359 0 0 2 7 10 8 2 358 359 1 360 359 359 353 348 352 355 354 352 354 358 1 357 350 344 341 340 343 346 345 341 338 334 332 330 321 313 311 319 328 332 336 337 333 330 331 331 327 326 325 321 318 313 311 319 324 322 321 318 315 311
349 349 349 349 349 349 349 349 348 348 347 347 345 343 340 337 339 343 346 346 347 349 351 352 352 354 354 352 351 351 351 355 3 9 10 6 0 359 360 360 359 357 356 358 0 358 356 357 353 348 347 350 352 353 355 357 358 357 352 346 343 344 346 347 344 341 340 338 337 336 331 324 318 318 322 328 334 333 329 327 328 327 324 323 319 313 312 314 314 317 322 324 326 325 324 322
349 349 349 349 349 349 349 348 348 348 348 347 345 343 340 337 337 340 344 346 348 349 349 349 350 352 353 351 349 350 355 2 8 8 6 3 360 357 357 356 356 357 357 358 358 357 353 350 350 350 348 347 349 352 354 354 354 354 351 347 345 347 349 348 344 341 340 341 341 336 334 335 331 327 324 322 323 321 316 313 314 313 316 323 328 330 331 329 324 322 322 324 325 325 327 329
350 349 349 349 349 349 349 348 348 348 348 347 346 344 342 339 338 340 344 346 347 348 349 349 350 351 352 352 352 354 358 5 7 6 4 1 359 356 355 355 356 357 357 358 357 354 351 349 349 350 350 348 347 348 350 350 352 353 351 348 347 348 348 345 342 339 339 341 340 337 338 341 339 336 335 331 325 318 312 312 315 317 323 329 334 335 335 333 328 325 328 330 326 324 326 328
350 349 349 349 349 349 349 348 348 348 347 347 346 345 344 342 342 343 345 346 347 348 349 349 350 351 353 354 355 357 360 4 7 5 0 358 356 355 355 355 357 358 358 358 355 352 352 352 350 349 350 349 347 345 345 347 349 351 352 351 350 350 347 344 341 339 339 340 339 339 344 346 343 339 338 341 343 341 337 333 329 330 331 332 334 334 334 333 328 326 331 335 330 326 326 326
350 349 349 349 349 349 349 348 348 348 347 346 346 345 345 344 345 346 346 346 347 349 349 350 351 352 354 355 357 358 359 2 3 358 355 355 355 356 356 357 358 360 359 356 354 353 352 352 351 350 350 350 348 346 344 344 345 347 351 353 353 350 347 344 340 338 339 339 340 343 349 350 345 339 337 342 346 347 347 343 339 337 336 334 335 335 336 334 328 328 334 341 338 331 329 328
349 349 349 349 349 348 348 349 348 348 347 347 347 346 345 345 346 346 346 347 348 349 349 350 352 353 355 357 358 358 358 358 355 353 352 352 354 358 359 358 359 359 358 357 355 353 352 351 351 351 350 350 350 348 346 344 344 345 349 353 353 349 346 343 339 338 339 341 344 350 354 352 346 340 338 341 344 345 346 347 348 347 343 340 337 335 336 335 331 332 338 346 343 333 331 330
349 349 349 349 349 348 348 349 348 347 347 347 347 347 346 346 346 346 346 347 349 349 350 351 353 354 356 359 359 357 355 352 350 350 352 353 354 358 358 357 356 356 357 358 354 351 352 353 353 352 351 351 351 349 347 346 344 345 348 351 352 348 343 338 336 339 342 345 351 356 357 352 344 339 341 345 345 341 341 346 351 352 350 347 341 335 333 331 330 332 340 349 344 333 330 330
349 349 349 349 349 349 349 348 347 347 347 346 347 347 347 347 346 346 346 347 348 349 350 352 354 356 360 3 0 355 352 349 347 349 352 355 357 357 355 354 354 354 355 354 352 353 356 356 355 353 351 351 349 348 348 347 347 347 348 349 349 344 338 335 336 339 343 350 358 360 355 346 338 339 345 350 346 336 336 342 347 350 353 353 348 339 332 328 326 330 342 352 345 334 331 330
349 349 349 348 348 349 349 348 347 347 347 347 346 346 347 347 346 346 346 347 348 349 350 352 354 358 3 5 1 356 352 348 345 346 351 355 359 357 353 351 351 351 351 349 351 357 359 358 356 354 352 351 348 346 346 347 350 352 352 348 342 337 336 339 343 346 350 358 3 0 349 337 335 340 349 356 349 337 333 337 341 346 351 354 352 346 340 335 329 330 342 351 346 338 335 333
349 349 349 348 348 348 348 347 347 347 347 347 346 346 346 346 346 346 347 347 348 349 350 352 354 359 3 4 2 0 356 350 343 341 345 352 357 357 353 351 350 349 347 347 352 358 360 359 356 355 355 354 351 346 344 347 354 358 355 347 337 331 333 342 350 355 359 4 5 356 342 335 336 343 352 357 353 342 333 332 335 339 346 349 348 348 348 345 338 335 341 346 344 341 339 337
349 349 349 348 348 348 348 347 346 347 347 347 346 346 345 345 345 346 347 347 348 348 350 351 354 359 1 2 2 4 3 356 348 343 341 345 350 353 352 350 349 347 346 348 352 356 358 360 358 356 356 356 354 349 346 350 358 360 353 345 337 332 334 343 353 0 5 6 1 349 339 337 340 346 353 356 352 345 339 333 331 334 339 340 340 344 350 349 343 340 342 342 339 339 341 340
349 349 349 349 348 348 347 346 346 347 347 346 346 346 345 345 345 345 346 347 347 348 349 351 353 357 358 357 0 5 7 3 357 351 345 343 347 349 350 351 350 348 348 349 351 354 356 359 0 357 355 355 355 353 352 354 357 356 350 342 337 338 343 349 355 1 5 4 353 342 338 341 346 351 355 354 347 342 341 336 330 331 333 333 332 337 345 345 342 343 344 341 336 334 336 338
349 349 349 349 348 347 347 346 347 347 346 346 346 345 345 344 344 345 345 346 346 347 349 350 352 353 352 352 356 2 5 6 3 355 348 347 349 349 349 350 350 349 351 352 352 354 356 356 356 356 356 356 356 357 358 358 356 352 347 340 336 342 353 358 359 0 2 357 345 337 337 344 353 357 357 352 346 342 341 336 331 330 329 328 328 333 338 337 338 342 345 342 335 329 327 329
349 349 349 349 348 347 346 346 346 346 346 345 345 345 344 344 344 344 345 345 346 347 348 349 350 349 347 348 353 358 2 4 2 354 349 349 350 348 347 349 349 350 353 354 355 355 354 352 351 355 357 356 358 1 3 3 359 350 344 339 338 346 358 5 3 357 355 350 340 333 335 345 353 355 354 351 349 347 344 339 335 333 330 328 330 334 335 335 336 340 344 342 334 324 317 316
349 349 349 349 347 346 347 347 346 346 346 345 345 344 344 344 344 344 344 345 345 346 347 348 348 347 346 348 353 360 1 358 355 350 349 350 350 346 345 348 349 350 353 354 356 355 351 347 348 352 355 356 359 3 7 7 3 353 343 339 343 353 3 8 2 352 349 346 338 334 338 345 345 346 349 350 351 350 346 343 342 341 335 329 329 329 329 330 331 333 336 336 332 321 312 309
349 349 349 348 346 346 347 347 346 345 345 345 344 344 344 344 344 343 343 344 344 344 346 347 346 345 345 348 354 358 356 353 351 350 349 349 347 343 343 348 351 352 354 353 354 354 349 347 351 353 353 354 357 2 7 6 0 356 349 344 348 357 4 6 360 351 346 342 339 339 344 344 341 344 348 350 351 350 347 346 349 349 341 332 328 326 324 326 329 330 329 328 326 320 317 316
349 349 349 347 345 346 347 346 345 345 344 344 344 344 344 344 344 344 343 343 343 343 344 345 345 345 345 346 349 350 349 349 351 353 351 346 343 343 345 350 353 354 355 354 354 353 350 351 354 354 354 354 354 359 4 1 355 354 355 355 354 355 360 2 360 354 346 339 337 341 345 345 344 347 349 349 349 348 347 350 356 356 346 337 334 334 333 332 334 335 334 329 323 319 321 326
349 350 349 347 346 346 347 346 345 344 344 343 343 343 343 343 343 343 343 343 343 343 343 342 343 344 345 345 345 344 342 345 350 352 351 348 344 345 350 354 355 357 357 357 356 352 351 354 355 354 355 355 355 357 358 356 351 349 354 359 359 357 357 357 359 358 351 340 333 336 343 348 348 350 350 347 345 343 344 351 359 359 353 344 340 340 340 338 338 339 338 333 327 322 323 328
349 349 349 347 346 347 347 346 345 344 343 343 343 343 343 343 343 343 343 343 343 342 342 341 341 342 344 345 345 342 338 341 345 347 350 353 352 350 353 357 0 3 2 0 358 355 354 355 354 355 356 357 357 357 355 353 351 349 351 357 1 359 355 352 355 359 355 344 334 333 342 350 351 351 348 345 343 340 339 344 353 357 357 352 346 341 339 341 343 341 338 334 328 322 321 325
350 349 347 346 347 347 346 345 345 344 343 343 343 343 342 342 342 342 342 342 342 342 342 341 341 341 342 345 347 341 337 338 340 342 347 354 358 359 1 4 6 5 3 1 358 356 356 355 355 357 357 356 357 356 353 353 354 354 354 356 360 359 353 348 350 355 354 346 339 338 345 348 347 346 345 345 345 346 343 339 342 351 357 357 352 341 338 341 343 340 336 332 328 323 323 329
349 348 347 346 347 347 346 345 344 343 343 343 343 342 342 342 342 342 342 342 342 342 342 341 341 341 342 345 345 339 336 336 336 340 346 354 2 9 11 9 7 4 1 359 357 356 357 356 358 359 355 354 355 355 354 353 355 357 358 358 360 360 354 347 346 349 349 346 345 350 353 347 341 342 346 348 347 350 351 345 343 347 353 356 352 345 341 341 340 338 335 332 327 323 327 335
348 348 347 347 347 347 346 345 344 343 343 343 343 342 342 342 342 342 342 342 342 342 342 341 341 341 342 343 340 335 334 335 336 340 346 356 9 16 13 8 5 2 359 357 357 357 356 357 359 359 356 354 355 357 355 353 354 358 359 359 0 2 359 354 350 347 344 344 351 357 353 345 343 347 353 350 345 348 353 353 352 350 351 350 346 346 348 344 339 338 337 332 323 320 326 337
348 347 347 347 347 346 346 344 343 343 343 343 343 342 342 342 342 342 342 342 342 342 342 341 341 340 340 338 334 332 331 332 335 340 347 0 11 11 9 7 4 0 356 355 356 357 356 356 357 357 356 354 354 356 356 354 353 356 358 358 1 6 9 4 355 349 344 346 353 352 345 343 347 356 358 347 343 348 352 356 359 358 353 345 340 343 346 344 340 339 341 333 321 319 325 334
349 347 347 347 347 347 346 344 343 343 344 343 343 343 342 343 342 342 342 342 342 342 342 342 341 340 339 335 333 331 330 330 333 338 348 1 4 3 5 6 4 360 355 354 355 357 357 356 355 357 356 352 349 350 354 355 354 354 356 359 4 12 17 12 0 351 348 351 352 345 343 346 352 358 352 342 344 351 352 355 2 4 358 349 342 340 341 343 342 341 341 332 322 320 324 330
350 349 349 349 348 347 346 345 344 344 344 344 343 343 343 343 343 343 342 342 342 342 342 342 341 340 338 336 335 333 331 332 334 338 348 357 359 359 359 360 359 357 357 357 355 353 355 357 357 357 355 352 348 347 350 355 356 356 358 4 10 14 15 13 5 355 351 352 349 347 351 354 352 351 344 340 347 355 354 356 1 1 357 351 345 341 344 347 345 341 338 331 325 322 323 330
352 352 351 351 349 347 346 346 345 345 345 344 344 343 343 343 343 343 343 342 342 342 342 342 341 341 339 338 336 334 334 335 337 340 346 352 356 355 352 352 354 356 358 357 353 353 355 358 359 356 352 351 350 350 351 355 360 2 5 11 13 9 6 7 6 358 352 351 352 355 0 358 352 348 342 342 352 359 359 358 359 357 353 347 342 344 352 355 349 342 336 332 329 326 329 337
354 354 353 352 350 348 348 347 346 346 345 345 344 344 344 344 344 343 343 343 343 343 343 342 342 342 340 339 337 335 335 337 339 341 343 347 348 347 347 349 352 355 355 352 352 356 0 2 0 355 350 350 354 355 356 359 4 9 11 13 9 2 357 359 359 355 350 350 355 2 2 359 355 350 346 349 358 4 3 360 357 354 348 341 340 348 0 360 352 344 338 335 329 325 331 342
357 356 355 353 351 350 349 348 347 347 346 346 345 345 345 344 344 344 344 344 344 344 343 343 343 342 341 340 339 338 337 338 339 340 341 341 340 340 343 347 352 353 351 350 354 2 5 2 357 352 350 354 359 1 3 7 10 13 12 8 4 359 355 352 348 347 348 350 356 2 2 360 359 356 354 359 6 10 8 1 354 348 342 338 343 358 3 358 352 344 339 334 325 321 330 344
360 359 356 354 352 352 351 350 349 348 347 346 346 346 346 345 345 345 344 345 345 345 344 344 343 343 342 341 341 340 339 339 340 340 340 337 335 336 340 345 348 349 349 352 359 5 4 358 351 349 352 359 5 8 11 14 15 13 6 2 359 357 353 348 343 343 346 350 355 359 360 1 2 2 4 8 12 13 9 0 350 343 338 340 353 2 359 355 351 346 340 331 323 322 331 344
2 0 357 356 355 353 352 350 350 349 348 348 347 347 347 346 346 345 345 345 345 345 345 345 344 343 343 343 342 341 340 340 340 340 339 337 336 336 338 342 344 346 349 355 2 3 358 352 348 351 358 5 12 17 17 18 16 8 359 354 355 353 349 345 343 343 347 352 356 357 357 360 3 7 11 15 16 12 4 355 347 342 341 348 358 359 355 351 350 347 340 330 325 327 334 344
