windninja/windninja_output/Output_2025-08-24_1500-1550_Google earth_Fire_150m_10min/merlingen_7.5mi_point_08-24-2025_1550_150m_vel.asc
ncols	158
nrows	163
xllcorner	391686.332397
yllcorner	5160024.123721
cellsize	150.000000
NODATA_value	-32768.000000
[rows 0 to 37 of 163, columns 0 to 83 of 158]
1.64 1.60 1.59 1.66 1.74 1.81 1.81 1.78 1.81 1.83 1.79 1.66 1.41 1.14 1.00 0.97 0.95 0.99 1.14 1.42 1.64 1.76 1.84 1.89 1.89 1.83 1.71 1.67 1.77 1.82 1.76 1.68 1.59 1.54 1.58 1.63 1.55 1.44 1.44 1.48 1.53 1.60 1.60 1.59 1.67 1.71 1.72 1.82 2.09 2.38 2.55 2.65 2.73 2.73 2.62 2.44 2.28 2.19 2.22 2.31 2.34 2.31 2.25 2.23 2.27 2.28 2.28 2.31 2.38 2.45 2.47 2.39 2.27 2.22 2.29 2.34 2.26 2.15 2.18 2.25 2.21 2.07 2.01 2.01
1.65 1.64 1.66 1.68 1.72 1.73 1.66 1.60 1.61 1.64 1.67 1.66 1.55 1.44 1.36 1.33 1.38 1.46 1.63 1.81 1.85 1.88 1.95 1.99 1.96 1.88 1.81 1.80 1.80 1.74 1.68 1.65 1.65 1.65 1.68 1.72 1.69 1.70 1.75 1.74 1.76 1.80 1.83 1.92 2.02 2.07 2.14 2.22 2.30 2.34 2.37 2.41 2.41 2.35 2.28 2.25 2.25 2.29 2.34 2.33 2.29 2.26 2.27 2.31 2.31 2.29 2.29 2.34 2.42 2.47 2.43 2.34 2.30 2.34 2.40 2.34 2.22 2.23 2.34 2.32 2.17 2.04 2.04 2.01
1.75 1.78 1.80 1.77 1.73 1.65 1.57 1.56 1.62 1.72 1.83 1.82 1.79 1.80 1.83 1.92 2.06 2.15 2.22 2.19 2.08 2.02 2.04 2.03 2.00 1.97 1.94 1.90 1.80 1.68 1.64 1.67 1.72 1.80 1.88 1.93 1.99 2.07 2.09 2.08 2.11 2.14 2.21 2.36 2.47 2.55 2.65 2.68 2.57 2.41 2.35 2.31 2.19 2.09 2.10 2.21 2.34 2.42 2.44 2.39 2.35 2.36 2.38 2.40 2.36 2.32 2.34 2.40 2.49 2.48 2.36 2.30 2.37 2.47 2.46 2.34 2.29 2.42 2.50 2.35 2.12 2.06 2.10 2.03
1.84 1.88 1.89 1.85 1.81 1.76 1.80 1.99 2.18 2.25 2.16 1.98 1.89 1.89 1.99 2.21 2.34 2.38 2.35 2.21 2.07 2.06 2.06 2.04 2.09 2.17 2.18 2.12 2.04 1.97 1.94 1.89 1.88 1.98 2.08 2.12 2.13 2.11 2.14 2.25 2.38 2.46 2.57 2.69 2.75 2.79 2.80 2.75 2.68 2.67 2.62 2.47 2.35 2.32 2.34 2.36 2.37 2.37 2.37 2.39 2.43 2.43 2.41 2.38 2.34 2.34 2.37 2.44 2.50 2.42 2.30 2.30 2.37 2.36 2.29 2.26 2.35 2.47 2.42 2.23 2.09 2.13 2.18 2.13
1.86 1.89 1.93 1.92 1.90 1.93 2.07 2.25 2.33 2.23 2.02 1.91 1.93 1.99 2.14 2.28 2.28 2.22 2.11 2.00 1.96 2.01 2.06 2.11 2.23 2.35 2.45 2.50 2.48 2.46 2.43 2.36 2.34 2.35 2.30 2.24 2.20 2.26 2.42 2.58 2.68 2.78 2.91 2.96 2.92 2.86 2.77 2.68 2.65 2.64 2.50 2.36 2.33 2.34 2.33 2.30 2.30 2.31 2.35 2.37 2.38 2.36 2.34 2.33 2.33 2.35 2.37 2.43 2.46 2.32 2.20 2.22 2.28 2.27 2.21 2.17 2.21 2.29 2.27 2.11 1.99 2.04 2.20 2.26
1.79 1.81 1.88 1.96 2.01 2.08 2.15 2.18 2.05 1.83 1.74 1.79 1.87 1.98 2.15 2.18 2.08 1.93 1.79 1.75 1.81 1.90 1.98 2.08 2.19 2.27 2.34 2.41 2.51 2.59 2.63 2.69 2.77 2.75 2.61 2.52 2.59 2.74 2.87 2.91 2.91 2.92 2.93 2.85 2.74 2.63 2.54 2.49 2.44 2.36 2.27 2.22 2.21 2.20 2.19 2.23 2.30 2.36 2.40 2.39 2.37 2.35 2.34 2.35 2.35 2.36 2.38 2.45 2.45 2.30 2.18 2.20 2.31 2.33 2.27 2.25 2.28 2.31 2.18 1.93 1.85 2.01 2.23 2.33
1.75 1.75 1.77 1.87 2.01 2.09 2.10 2.01 1.80 1.66 1.68 1.76 1.84 1.95 2.05 2.05 1.98 1.92 1.91 1.91 1.92 1.95 1.97 1.99 2.06 2.06 2.04 2.14 2.32 2.44 2.54 2.70 2.80 2.81 2.83 2.92 3.04 3.07 3.02 2.93 2.85 2.78 2.64 2.48 2.37 2.33 2.30 2.28 2.25 2.20 2.17 2.19 2.21 2.19 2.17 2.23 2.32 2.37 2.39 2.43 2.49 2.50 2.47 2.43 2.39 2.38 2.40 2.46 2.45 2.35 2.35 2.47 2.56 2.47 2.39 2.42 2.46 2.41 2.11 1.85 1.98 2.29 2.39 2.36
1.77 1.77 1.76 1.77 1.81 1.85 1.84 1.73 1.60 1.60 1.69 1.81 1.93 2.02 2.04 2.02 1.97 1.99 2.05 2.07 2.10 2.12 2.07 2.02 2.01 1.98 2.00 2.11 2.17 2.20 2.33 2.49 2.51 2.52 2.67 2.85 2.90 2.81 2.69 2.58 2.48 2.37 2.27 2.17 2.12 2.11 2.10 2.09 2.09 2.05 2.03 2.12 2.19 2.17 2.20 2.29 2.37 2.42 2.48 2.58 2.63 2.60 2.56 2.51 2.46 2.40 2.41 2.48 2.47 2.40 2.47 2.63 2.62 2.48 2.39 2.36 2.36 2.22 1.92 1.86 2.20 2.47 2.50 2.48
1.78 1.78 1.77 1.73 1.67 1.61 1.55 1.52 1.54 1.62 1.72 1.83 1.94 2.04 2.09 2.06 2.01 2.04 2.07 2.09 2.14 2.18 2.19 2.18 2.13 2.07 2.09 2.09 2.02 2.02 2.17 2.27 2.27 2.31 2.41 2.44 2.36 2.26 2.16 2.09 2.01 1.96 1.95 1.96 1.99 1.99 1.95 1.94 1.94 1.92 1.97 2.03 2.00 2.02 2.20 2.37 2.47 2.53 2.57 2.53 2.39 2.27 2.27 2.30 2.29 2.35 2.47 2.56 2.52 2.42 2.40 2.39 2.28 2.21 2.20 2.19 2.17 2.00 1.80 1.92 2.33 2.57 2.64 2.75
1.75 1.74 1.74 1.73 1.68 1.60 1.54 1.55 1.61 1.69 1.75 1.81 1.86 1.93 1.98 1.99 2.01 2.06 2.11 2.20 2.27 2.30 2.33 2.34 2.29 2.22 2.17 2.10 2.04 2.08 2.20 2.21 2.16 2.19 2.22 2.15 2.02 1.91 1.83 1.80 1.81 1.85 1.88 1.89 1.89 1.86 1.84 1.85 1.83 1.80 1.83 1.86 1.85 1.99 2.21 2.34 2.35 2.32 2.20 1.99 1.85 1.84 1.80 1.77 1.96 2.27 2.47 2.52 2.39 2.23 2.17 2.15 2.11 2.08 2.06 2.03 1.98 1.90 1.98 2.37 2.73 2.87 2.83 2.87
1.74 1.74 1.74 1.72 1.69 1.67 1.67 1.69 1.72 1.74 1.77 1.79 1.80 1.81 1.82 1.87 1.96 2.05 2.13 2.25 2.37 2.44 2.47 2.44 2.41 2.39 2.28 2.13 2.08 2.11 2.11 2.01 1.92 1.94 1.93 1.87 1.79 1.72 1.73 1.81 1.86 1.86 1.85 1.79 1.71 1.69 1.67 1.65 1.57 1.49 1.54 1.62 1.69 1.86 1.95 1.94 1.79 1.65 1.51 1.40 1.42 1.46 1.38 1.48 1.85 2.12 2.22 2.18 1.96 1.87 1.99 2.14 2.18 2.10 1.98 1.87 1.87 2.02 2.37 2.89 3.14 3.11 2.98 2.97
1.75 1.75 1.74 1.71 1.70 1.70 1.73 1.75 1.76 1.77 1.78 1.79 1.78 1.76 1.78 1.88 1.99 2.05 2.09 2.15 2.24 2.32 2.37 2.37 2.35 2.26 2.05 1.92 1.88 1.86 1.78 1.68 1.68 1.72 1.69 1.63 1.60 1.64 1.74 1.80 1.77 1.76 1.74 1.67 1.62 1.58 1.45 1.29 1.14 1.09 1.16 1.18 1.20 1.32 1.36 1.33 1.23 1.12 1.03 0.96 1.01 1.06 1.10 1.40 1.75 1.85 1.86 1.73 1.54 1.75 2.11 2.25 2.23 2.17 2.16 2.27 2.51 2.78 3.07 3.30 3.29 3.23 3.27 3.47
1.73 1.73 1.72 1.72 1.72 1.73 1.74 1.73 1.73 1.74 1.75 1.75 1.74 1.70 1.72 1.83 1.92 1.98 2.05 2.12 2.15 2.14 2.11 2.06 1.95 1.77 1.65 1.64 1.64 1.61 1.60 1.61 1.65 1.65 1.57 1.50 1.52 1.63 1.71 1.67 1.66 1.70 1.66 1.58 1.52 1.41 1.18 0.92 0.79 0.85 0.88 0.83 0.84 0.94 1.04 1.06 0.99 0.86 0.72 0.71 0.86 0.98 1.14 1.41 1.58 1.61 1.59 1.50 1.58 1.96 2.19 2.21 2.28 2.42 2.69 3.05 3.28 3.47 3.59 3.52 3.38 3.40 3.57 3.86
1.73 1.72 1.72 1.72 1.73 1.75 1.74 1.72 1.71 1.72 1.72 1.73 1.72 1.69 1.69 1.73 1.79 1.86 1.95 2.02 2.01 1.92 1.77 1.61 1.49 1.46 1.51 1.58 1.61 1.58 1.55 1.57 1.60 1.56 1.50 1.55 1.62 1.63 1.58 1.52 1.50 1.41 1.19 1.05 0.98 0.88 0.78 0.75 0.79 0.82 0.78 0.75 0.76 0.84 0.99 1.01 0.91 0.75 0.62 0.73 1.00 1.20 1.42 1.57 1.54 1.51 1.51 1.63 1.86 2.04 2.09 2.18 2.47 2.73 2.91 2.97 3.07 3.20 3.16 3.10 3.25 3.46 3.61 3.67
1.72 1.72 1.71 1.71 1.71 1.71 1.71 1.71 1.72 1.71 1.72 1.73 1.74 1.77 1.80 1.83 1.89 1.88 1.85 1.81 1.72 1.58 1.47 1.39 1.37 1.45 1.56 1.61 1.60 1.55 1.53 1.56 1.57 1.53 1.57 1.64 1.60 1.47 1.33 1.15 0.98 0.73 0.54 0.55 0.59 0.56 0.60 0.80 0.99 1.02 0.97 0.97 0.95 1.03 1.18 1.15 1.03 0.88 0.87 1.12 1.48 1.72 1.95 1.91 1.68 1.65 1.76 1.97 2.10 2.03 2.07 2.39 2.69 2.70 2.54 2.53 2.65 2.58 2.41 2.58 3.02 3.24 3.23 3.07
1.71 1.71 1.71 1.70 1.69 1.67 1.67 1.68 1.69 1.70 1.72 1.74 1.77 1.83 1.93 2.06 2.09 1.99 1.85 1.72 1.60 1.51 1.46 1.43 1.45 1.53 1.59 1.60 1.58 1.58 1.68 1.78 1.73 1.62 1.51 1.31 1.09 0.96 0.80 0.64 0.50 0.43 0.54 0.75 0.82 0.84 0.93 0.97 1.00 1.17 1.42 1.52 1.62 1.81 1.88 1.80 1.59 1.39 1.38 1.61 1.97 2.24 2.29 2.07 1.94 2.09 2.22 2.31 2.37 2.19 2.17 2.45 2.53 2.30 2.22 2.37 2.34 2.16 2.29 2.79 3.03 2.84 2.64 2.42
1.71 1.71 1.70 1.69 1.68 1.68 1.68 1.68 1.68 1.70 1.72 1.75 1.77 1.81 1.90 2.02 2.02 1.95 1.86 1.76 1.66 1.57 1.49 1.48 1.56 1.61 1.60 1.60 1.67 1.76 1.82 1.74 1.51 1.24 0.94 0.73 0.68 0.66 0.62 0.63 0.72 0.89 1.15 1.25 1.21 1.23 1.30 1.25 1.23 1.48 1.79 1.97 2.11 2.17 2.10 1.97 1.89 1.83 1.85 2.11 2.36 2.44 2.30 2.06 2.08 2.30 2.45 2.57 2.60 2.41 2.29 2.30 2.29 2.21 2.28 2.28 2.15 2.30 2.78 3.05 2.73 2.28 2.11 1.88
1.70 1.70 1.70 1.69 1.68 1.69 1.69 1.70 1.71 1.72 1.73 1.73 1.74 1.77 1.81 1.84 1.80 1.77 1.74 1.68 1.57 1.45 1.41 1.46 1.52 1.52 1.51 1.55 1.62 1.65 1.56 1.32 1.06 0.88 0.79 0.82 0.92 0.98 1.04 1.15 1.26 1.34 1.35 1.31 1.31 1.36 1.42 1.55 1.77 1.95 2.00 2.01 2.04 1.99 1.89 1.87 1.99 2.15 2.29 2.45 2.55 2.52 2.31 2.15 2.25 2.46 2.65 2.70 2.54 2.38 2.42 2.40 2.42 2.42 2.28 2.20 2.30 2.60 2.78 2.45 1.90 1.74 1.63 1.39
1.70 1.69 1.69 1.69 1.68 1.68 1.69 1.70 1.72 1.72 1.72 1.71 1.71 1.73 1.74 1.73 1.68 1.58 1.48 1.40 1.35 1.33 1.35 1.37 1.36 1.35 1.40 1.43 1.40 1.31 1.17 1.02 0.96 1.01 1.09 1.17 1.20 1.22 1.25 1.30 1.33 1.32 1.32 1.33 1.35 1.42 1.56 1.77 1.93 1.97 1.92 1.86 1.83 1.83 1.88 2.02 2.18 2.27 2.39 2.51 2.55 2.44 2.27 2.26 2.42 2.60 2.70 2.57 2.37 2.49 2.72 2.71 2.66 2.50 2.19 2.09 2.09 2.07 1.95 1.61 1.44 1.46 1.36 1.24
1.68 1.67 1.68 1.68 1.69 1.69 1.69 1.69 1.70 1.69 1.69 1.70 1.72 1.71 1.69 1.66 1.58 1.45 1.36 1.33 1.34 1.37 1.38 1.38 1.38 1.39 1.40 1.36 1.30 1.21 1.11 1.05 1.03 1.02 1.04 1.11 1.21 1.30 1.36 1.45 1.50 1.52 1.53 1.51 1.53 1.68 1.86 1.88 1.80 1.78 1.79 1.80 1.82 1.90 2.09 2.24 2.28 2.29 2.34 2.38 2.31 2.17 2.11 2.21 2.37 2.52 2.55 2.49 2.66 3.01 3.07 2.82 2.64 2.48 2.30 2.07 1.73 1.54 1.53 1.50 1.50 1.55 1.54 1.50
1.68 1.68 1.69 1.68 1.68 1.68 1.69 1.69 1.68 1.67 1.67 1.69 1.70 1.69 1.68 1.64 1.56 1.48 1.45 1.46 1.47 1.47 1.46 1.47 1.47 1.44 1.40 1.35 1.31 1.26 1.22 1.18 1.17 1.20 1.35 1.50 1.63 1.74 1.78 1.79 1.74 1.67 1.60 1.60 1.75 1.89 1.87 1.78 1.75 1.81 1.86 1.89 1.94 2.02 2.09 2.11 2.16 2.24 2.28 2.23 2.12 2.09 2.17 2.27 2.42 2.60 2.71 2.88 3.20 3.27 2.92 2.50 2.32 2.32 2.29 2.08 1.84 1.75 1.76 1.79 1.87 1.89 1.81 1.69
1.69 1.69 1.68 1.66 1.67 1.68 1.68 1.68 1.68 1.67 1.68 1.68 1.67 1.67 1.66 1.63 1.59 1.57 1.56 1.55 1.54 1.52 1.52 1.52 1.49 1.45 1.41 1.37 1.33 1.31 1.29 1.30 1.40 1.64 1.87 2.00 2.04 1.99 1.90 1.80 1.71 1.65 1.66 1.74 1.82 1.78 1.73 1.80 1.91 1.97 2.00 2.03 2.04 2.02 1.97 1.98 2.06 2.14 2.16 2.12 2.07 2.16 2.32 2.41 2.61 2.90 3.11 3.32 3.33 2.91 2.36 2.08 2.08 2.20 2.18 2.06 2.05 2.09 2.11 2.16 2.16 1.97 1.83 1.77
1.67 1.67 1.66 1.67 1.68 1.69 1.68 1.68 1.67 1.68 1.69 1.70 1.69 1.68 1.66 1.64 1.63 1.62 1.63 1.62 1.59 1.58 1.56 1.54 1.51 1.48 1.45 1.41 1.37 1.35 1.37 1.47 1.67 1.84 1.87 1.83 1.79 1.71 1.64 1.60 1.61 1.68 1.77 1.78 1.76 1.82 1.98 2.05 2.05 2.02 2.03 2.04 2.00 1.98 2.02 2.08 2.11 2.13 2.07 2.04 2.07 2.24 2.46 2.68 3.10 3.44 3.52 3.41 2.98 2.38 2.00 1.92 2.05 2.28 2.32 2.19 2.11 2.19 2.35 2.39 2.25 2.02 1.95 1.89
1.66 1.66 1.67 1.68 1.68 1.67 1.66 1.65 1.66 1.68 1.70 1.71 1.71 1.69 1.68 1.66 1.66 1.66 1.66 1.65 1.63 1.62 1.61 1.58 1.54 1.50 1.44 1.36 1.30 1.32 1.39 1.51 1.64 1.65 1.59 1.53 1.44 1.40 1.46 1.55 1.65 1.75 1.78 1.80 1.97 2.20 2.20 2.09 2.01 1.98 2.01 1.99 1.99 2.08 2.15 2.15 2.14 2.12 2.03 2.02 2.10 2.29 2.62 3.17 3.60 3.58 3.32 2.88 2.27 1.86 1.74 1.80 2.14 2.52 2.50 2.20 2.03 2.18 2.31 2.26 2.17 2.12 2.11 2.02
1.66 1.66 1.66 1.66 1.66 1.65 1.64 1.64 1.67 1.69 1.69 1.68 1.68 1.69 1.70 1.68 1.67 1.68 1.67 1.65 1.65 1.65 1.63 1.60 1.56 1.50 1.39 1.27 1.23 1.29 1.37 1.42 1.45 1.46 1.46 1.46 1.41 1.41 1.49 1.61 1.70 1.78 1.87 2.10 2.36 2.32 2.10 1.99 1.95 1.94 1.96 2.00 2.09 2.20 2.22 2.21 2.19 2.09 1.96 1.93 2.05 2.42 3.08 3.58 3.48 2.95 2.44 1.91 1.50 1.37 1.45 1.86 2.52 2.74 2.36 1.93 1.85 2.03 2.11 2.08 2.16 2.28 2.30 2.20
1.65 1.65 1.64 1.64 1.64 1.64 1.65 1.66 1.69 1.69 1.68 1.66 1.67 1.68 1.68 1.68 1.69 1.69 1.67 1.66 1.66 1.64 1.62 1.60 1.58 1.53 1.44 1.38 1.38 1.37 1.33 1.34 1.42 1.50 1.55 1.55 1.52 1.53 1.60 1.68 1.76 1.89 2.08 2.33 2.34 2.10 1.95 1.95 1.96 2.00 2.02 2.03 2.07 2.12 2.21 2.28 2.22 1.99 1.80 1.80 2.17 3.05 3.76 3.70 3.14 2.54 1.98 1.51 1.26 1.28 1.65 2.41 2.87 2.61 2.11 1.79 1.79 1.96 2.06 2.15 2.38 2.50 2.46 2.45
1.64 1.64 1.64 1.64 1.64 1.64 1.65 1.67 1.69 1.69 1.67 1.67 1.68 1.67 1.66 1.67 1.68 1.68 1.68 1.66 1.65 1.64 1.64 1.64 1.63 1.60 1.59 1.60 1.57 1.49 1.39 1.36 1.37 1.41 1.47 1.54 1.61 1.71 1.81 1.88 1.95 2.07 2.24 2.31 2.19 2.08 2.11 2.13 2.17 2.22 2.19 2.11 2.10 2.20 2.41 2.42 2.14 1.87 1.85 2.13 2.88 3.74 3.80 3.16 2.55 2.13 1.75 1.45 1.37 1.65 2.36 2.91 2.82 2.36 1.96 1.81 1.86 2.07 2.21 2.34 2.51 2.48 2.41 2.57
1.64 1.65 1.65 1.64 1.64 1.64 1.65 1.68 1.68 1.67 1.66 1.66 1.66 1.64 1.65 1.67 1.68 1.68 1.68 1.67 1.67 1.69 1.70 1.70 1.70 1.69 1.71 1.79 1.84 1.78 1.63 1.49 1.42 1.38 1.36 1.40 1.55 1.79 1.96 2.04 2.08 2.23 2.36 2.38 2.36 2.39 2.46 2.46 2.42 2.38 2.38 2.43 2.51 2.62 2.68 2.41 2.12 2.10 2.43 2.95 3.55 3.77 3.16 2.31 1.84 1.61 1.46 1.40 1.58 2.15 2.83 2.93 2.57 2.14 1.82 1.75 1.94 2.28 2.44 2.44 2.42 2.34 2.34 2.57
1.64 1.64 1.64 1.63 1.63 1.64 1.66 1.67 1.66 1.64 1.64 1.65 1.65 1.65 1.67 1.68 1.69 1.68 1.68 1.70 1.73 1.74 1.74 1.74 1.74 1.79 1.91 2.09 2.20 2.16 2.02 1.86 1.70 1.59 1.57 1.63 1.81 2.02 2.27 2.40 2.47 2.64 2.66 2.63 2.63 2.62 2.62 2.62 2.63 2.67 2.74 2.83 2.89 2.91 2.74 2.41 2.34 2.55 2.90 3.37 3.69 3.43 2.68 1.97 1.62 1.48 1.40 1.50 1.97 2.65 3.03 2.87 2.44 2.00 1.67 1.63 1.85 2.23 2.32 2.31 2.32 2.27 2.30 2.47
1.62 1.62 1.62 1.62 1.62 1.64 1.65 1.65 1.63 1.63 1.64 1.65 1.67 1.68 1.70 1.70 1.70 1.70 1.71 1.73 1.74 1.74 1.73 1.73 1.75 1.85 2.04 2.20 2.26 2.35 2.40 2.33 2.14 2.05 2.25 2.45 2.52 2.62 2.79 2.92 3.06 3.15 3.08 2.98 2.85 2.76 2.76 2.86 3.10 3.29 3.30 3.24 3.16 3.02 2.80 2.59 2.53 2.63 2.91 3.30 3.35 2.77 2.11 1.68 1.46 1.39 1.44 1.71 2.32 2.89 2.98 2.57 2.10 1.80 1.66 1.75 1.98 2.11 2.11 2.21 2.25 2.16 2.15 2.21
1.62 1.62 1.62 1.62 1.62 1.63 1.64 1.64 1.63 1.64 1.65 1.66 1.67 1.68 1.69 1.70 1.71 1.72 1.73 1.74 1.73 1.73 1.75 1.77 1.81 1.91 2.00 2.02 1.98 1.98 2.04 2.20 2.41 2.69 2.98 3.05 3.00 3.01 3.13 3.22 3.28 3.25 3.13 3.03 2.92 2.84 2.90 3.10 3.24 3.20 3.16 3.14 3.00 2.81 2.64 2.46 2.32 2.42 2.77 3.04 2.76 2.02 1.49 1.25 1.24 1.36 1.52 1.80 2.36 2.79 2.53 1.87 1.58 1.68 1.90 2.12 2.17 2.11 2.19 2.33 2.27 2.07 2.01 2.08
1.62 1.62 1.62 1.61 1.63 1.66 1.66 1.65 1.65 1.66 1.66 1.67 1.67 1.68 1.69 1.70 1.70 1.70 1.71 1.72 1.73 1.76 1.78 1.81 1.87 1.95 1.97 1.94 1.84 1.75 1.79 2.10 2.55 2.87 2.98 2.93 2.93 3.09 3.21 3.13 2.99 2.76 2.58 2.53 2.53 2.58 2.70 2.77 2.57 2.27 2.23 2.28 2.26 2.26 2.20 2.14 2.18 2.36 2.64 2.74 2.33 1.68 1.29 1.16 1.31 1.55 1.71 1.92 2.39 2.58 2.06 1.59 1.71 2.03 2.19 2.25 2.19 2.20 2.36 2.49 2.36 2.08 1.98 2.09
1.61 1.60 1.59 1.60 1.64 1.66 1.64 1.64 1.65 1.66 1.67 1.68 1.70 1.71 1.71 1.71 1.70 1.69 1.69 1.71 1.74 1.78 1.81 1.85 1.90 1.96 2.01 2.03 2.05 2.19 2.44 2.69 2.78 2.71 2.58 2.57 2.74 2.95 2.85 2.55 2.37 2.21 2.12 2.13 2.14 2.19 2.28 2.21 1.92 1.77 1.76 1.76 1.81 1.87 1.91 2.06 2.31 2.49 2.57 2.47 1.97 1.51 1.39 1.42 1.61 1.82 1.96 2.18 2.49 2.48 2.08 2.06 2.40 2.46 2.33 2.26 2.28 2.37 2.48 2.52 2.26 1.94 1.93 2.06
1.60 1.59 1.58 1.60 1.63 1.62 1.62 1.63 1.63 1.64 1.66 1.68 1.70 1.71 1.71 1.71 1.71 1.72 1.74 1.75 1.77 1.79 1.83 1.90 1.97 2.02 2.04 2.04 2.13 2.38 2.63 2.74 2.67 2.57 2.52 2.55 2.71 2.75 2.49 2.20 2.08 2.02 1.97 1.93 1.86 1.88 1.90 1.74 1.59 1.61 1.63 1.61 1.60 1.58 1.66 1.90 2.19 2.42 2.44 2.28 1.97 1.69 1.66 1.75 1.92 2.02 2.10 2.24 2.45 2.61 2.62 2.71 2.73 2.49 2.30 2.31 2.42 2.56 2.66 2.52 2.12 1.86 1.93 2.12
1.60 1.60 1.61 1.64 1.64 1.64 1.63 1.63 1.64 1.65 1.66 1.68 1.68 1.69 1.70 1.71 1.72 1.74 1.77 1.78 1.79 1.80 1.84 1.90 1.97 2.01 1.99 1.95 1.98 2.09 2.25 2.35 2.42 2.59 2.78 2.85 2.77 2.58 2.31 2.13 1.99 1.82 1.69 1.57 1.51 1.55 1.52 1.41 1.43 1.48 1.48 1.46 1.43 1.41 1.49 1.70 1.95 2.09 2.10 2.11 2.06 1.91 1.85 1.94 2.06 2.11 2.15 2.25 2.60 2.98 2.95 2.75 2.51 2.26 2.16 2.22 2.34 2.46 2.46 2.26 2.06 2.05 2.12 2.21
1.59 1.60 1.63 1.67 1.68 1.66 1.64 1.65 1.66 1.67 1.68 1.68 1.69 1.69 1.69 1.70 1.73 1.75 1.76 1.77 1.80 1.82 1.85 1.87 1.87 1.87 1.89 1.91 1.89 1.92 2.12 2.30 2.53 2.81 2.93 2.86 2.64 2.32 2.03 1.81 1.64 1.49 1.40 1.37 1.42 1.48 1.44 1.46 1.54 1.57 1.53 1.52 1.54 1.58 1.70 1.87 1.94 1.89 1.86 1.90 1.88 1.80 1.82 1.96 2.12 2.20 2.29 2.53 3.01 3.12 2.58 2.19 2.03 1.90 1.96 2.09 2.09 1.99 1.84 1.78 1.90 2.01 2.04 2.01
1.58 1.59 1.63 1.66 1.66 1.63 1.63 1.65 1.67 1.67 1.68 1.69 1.69 1.69 1.70 1.72 1.74 1.75 1.76 1.78 1.80 1.82 1.83 1.84 1.84 1.84 1.87 1.87 1.86 2.05 2.36 2.56 2.72 2.73 2.54 2.35 2.25 2.01 1.68 1.41 1.28 1.29 1.37 1.44 1.56 1.66 1.66 1.67 1.67 1.62 1.66 1.75 1.84 1.95 2.08 2.12 2.06 1.98 1.93 1.92 1.89 1.79 1.81 1.98 2.13 2.25 2.48 2.86 3.10 2.66 1.87 1.57 1.61 1.80 2.02 2.04 1.91 1.72 1.63 1.74 1.77 1.68 1.68 1.71
1.60 1.61 1.63 1.63 1.62 1.62 1.63 1.64 1.64 1.66 1.69 1.70 1.70 1.71 1.73 1.74 1.75 1.76 1.77 1.79 1.80 1.82 1.83 1.85 1.87 1.89 1.90 1.89 2.06 2.46 2.67 2.66 2.54 2.29 2.07 1.90 1.77 1.60 1.41 1.32 1.34 1.41 1.53 1.67 1.79 1.83 1.83 1.85 1.80 1.77 1.88 2.02 2.10 2.15 2.18 2.21 2.22 2.20 2.16 2.16 2.12 2.00 1.98 2.04 2.04 2.14 2.51 2.86 2.69 2.02 1.54 1.59 1.98 2.23 2.13 1.93 1.90 1.90 1.90 1.93 1.77 1.61 1.60 1.71
