windninja/windninja_output/Output_2025-08-24_1500-1550_Google earth_Fire_150m_10min/merlingen_7.5mi_point_08-24-2025_1530_150m_ang.asc
ncols	158
nrows	163
xllcorner	391686.332397
yllcorner	5160024.123721
cellsize	150.000000
NODATA_value	-32768.000000
[rows 47 to 93 of 163, columns 0 to 95 of 158]
342 339 335 333 329 324 322 321 319 317 315 314 313 311 310 309 308 307 306 306 306 306 305 305 305 305 305 305 305 306 306 306 306 307 308 309 309 309 309 309 309 308 307 312 320 320 318 316 316 319 323 328 334 336 338 339 337 333 330 330 332 331 328 326 325 324 326 330 335 336 334 334 335 340 349 359 3 356 343 332 324 319 318 322 326 327 325 323 319 314 312 310 308 307 307 311
343 341 339 338 333 325 323 323 322 319 317 316 315 313 311 310 310 309 308 307 307 307 307 306 306 306 307 307 307 307 307 307 307 308 309 310 309 309 309 309 309 308 308 314 320 319 317 316 317 322 328 334 336 337 340 340 335 332 330 332 333 329 325 323 321 322 326 331 334 335 334 334 336 342 352 0 0 352 341 332 326 324 325 328 331 330 328 327 323 318 313 309 308 310 311 313
345 344 345 344 336 327 324 325 324 322 320 318 317 315 314 312 312 311 310 309 309 309 309 308 308 308 308 308 308 308 308 309 309 309 310 311 311 310 310 310 309 308 309 316 319 316 314 316 320 326 335 339 339 340 341 339 334 330 330 333 334 330 326 323 321 323 327 331 334 336 336 336 339 346 354 357 355 350 344 337 332 330 331 332 332 331 331 330 324 320 315 308 306 309 311 312
348 348 351 350 338 330 328 326 327 325 323 321 319 318 316 315 314 313 312 311 311 311 310 310 310 310 310 310 310 310 310 310 310 311 311 312 312 312 312 312 311 310 312 316 317 313 313 316 321 328 336 337 337 340 341 337 332 330 331 334 335 332 327 322 322 325 329 332 334 336 336 338 343 349 352 352 351 349 345 340 335 333 333 334 332 331 330 327 322 319 315 309 304 305 307 313
352 353 356 352 340 334 333 329 328 328 327 324 322 320 318 317 316 315 314 314 313 313 312 312 311 311 311 311 311 311 311 312 312 312 312 312 312 312 312 313 313 312 313 316 316 313 314 320 327 334 337 336 336 337 337 332 329 330 335 337 337 335 328 322 323 328 331 335 337 337 338 341 346 349 349 348 348 347 345 340 337 335 333 332 331 329 327 323 319 317 315 308 301 300 306 314
358 359 360 352 340 337 338 333 330 332 331 327 325 323 321 319 318 317 316 315 315 314 314 313 313 313 313 313 313 313 313 313 313 314 314 314 313 313 313 314 315 313 313 316 316 314 316 327 336 339 339 338 339 339 334 328 328 333 339 342 342 338 329 324 326 331 335 339 340 340 342 344 348 349 348 347 347 345 342 339 339 338 334 331 327 325 324 322 319 317 315 309 303 303 309 316
6 4 0 353 343 341 342 337 332 334 333 329 328 325 323 321 320 319 318 317 317 316 316 315 315 315 315 315 315 315 315 315 315 315 315 315 315 315 315 316 316 315 315 316 317 317 322 332 337 337 338 338 340 339 333 328 331 339 345 347 345 339 330 326 330 335 339 343 345 344 345 347 350 351 349 348 348 345 339 337 340 340 337 335 331 325 324 324 322 320 317 315 312 311 310 315
10 6 1 355 348 346 347 342 336 335 335 332 330 328 326 324 323 322 321 320 319 318 318 317 317 317 317 317 317 317 317 317 317 317 317 317 317 317 317 317 317 315 315 316 317 319 325 332 333 334 337 339 338 337 333 331 336 345 350 349 347 341 333 331 334 339 344 348 349 348 348 351 354 352 350 350 350 347 341 340 341 339 338 339 339 334 329 327 327 326 323 320 320 316 304 308
12 9 4 358 352 349 349 347 341 338 336 334 332 330 328 326 325 324 323 322 321 321 320 320 319 319 319 319 319 319 319 319 319 319 319 319 320 319 319 319 317 315 315 316 317 319 324 328 329 332 339 340 339 338 334 335 343 350 351 350 347 342 338 336 339 343 347 349 350 351 355 358 356 353 351 352 352 348 343 343 341 339 338 340 342 340 340 340 338 332 324 320 320 316 303 304
15 13 9 6 359 353 351 349 344 341 339 338 335 332 330 329 327 326 325 325 324 323 323 322 322 322 321 321 321 321 321 321 322 322 322 322 322 322 322 321 320 318 318 320 321 321 323 325 327 332 338 339 340 339 336 340 349 353 352 349 345 342 341 342 343 345 348 349 350 355 2 1 356 353 353 353 352 347 344 344 342 340 339 340 341 342 346 350 350 341 326 320 322 321 310 307
20 18 14 12 7 1 356 352 347 343 343 344 340 335 333 331 330 329 328 327 326 326 325 325 325 324 324 324 324 324 324 324 324 324 324 324 325 325 324 324 323 323 322 323 323 322 321 322 324 329 336 338 340 339 339 344 350 353 351 347 344 343 344 346 348 349 349 350 355 0 1 357 355 354 354 354 351 347 346 346 345 343 342 341 341 342 346 351 351 343 331 325 325 322 313 307
26 23 19 16 13 8 3 357 350 345 346 349 346 340 336 334 332 331 331 330 329 328 328 327 327 327 327 327 326 326 326 327 327 327 327 327 327 327 327 327 327 327 326 326 325 324 322 320 320 325 332 338 341 340 341 346 350 350 348 346 345 347 349 351 353 353 352 354 359 0 357 355 355 355 354 353 349 346 347 348 349 348 347 346 347 348 350 350 345 337 326 322 323 319 310 302
30 28 25 21 18 13 8 2 355 349 348 352 352 346 341 338 336 334 333 333 332 331 330 330 330 330 330 330 330 329 330 330 330 330 330 331 331 331 331 331 331 330 330 330 329 328 327 324 322 323 329 336 340 340 344 349 350 348 346 345 346 349 352 356 358 357 355 357 0 359 356 356 355 354 353 352 348 346 348 350 351 352 352 353 354 355 354 347 339 328 319 316 316 313 304 298
35 34 31 27 24 18 13 7 1 356 353 354 353 350 348 346 341 337 336 336 336 335 334 334 334 333 333 333 333 333 333 333 333 334 334 334 334 334 335 335 335 334 334 334 334 333 332 330 328 325 327 331 336 340 345 350 351 348 346 346 348 350 354 359 1 360 358 359 1 358 357 356 354 352 352 350 348 349 352 353 354 354 355 357 357 356 351 342 330 321 316 313 311 308 301 294
41 40 37 33 29 24 18 12 7 3 359 356 354 352 353 353 349 344 340 339 338 338 338 338 338 337 337 336 336 337 337 337 337 337 338 338 338 339 339 339 339 339 339 338 338 337 337 335 333 330 327 329 332 337 345 351 351 348 346 347 349 352 355 359 2 2 2 2 1 358 357 355 353 351 351 349 350 354 356 357 358 358 360 1 358 352 341 333 323 317 315 313 309 304 300 294
47 46 42 38 33 28 22 17 13 9 5 0 356 355 356 356 356 353 348 344 342 341 341 342 342 341 341 340 341 341 341 341 342 342 342 343 343 343 343 344 344 344 343 343 343 342 341 340 339 335 332 331 332 336 344 352 352 350 349 350 351 353 355 359 2 5 6 4 0 357 357 355 353 351 351 351 354 357 359 0 1 3 5 4 358 346 332 325 319 315 314 310 303 301 298 290
54 52 48 44 38 31 27 23 20 16 12 7 2 360 358 358 360 360 357 352 348 347 346 346 347 347 346 345 346 346 346 346 347 347 348 348 348 349 349 349 349 349 349 349 348 347 347 345 344 341 338 334 335 338 344 352 356 355 352 353 353 354 357 1 6 9 7 3 359 358 357 356 353 351 352 355 357 359 1 3 5 8 8 4 357 340 327 321 315 312 310 306 302 299 292 277
59 58 53 48 43 38 34 31 27 23 20 14 8 5 2 360 1 5 5 0 357 355 352 351 351 351 352 352 352 351 352 352 353 353 354 354 354 355 355 355 355 355 355 354 354 353 352 351 350 348 344 339 338 339 342 350 359 0 356 353 352 356 4 12 14 10 2 358 357 358 358 356 354 353 354 357 358 359 2 5 8 10 7 1 349 332 322 317 313 310 310 308 305 297 279 217
61 59 54 51 46 43 40 38 35 32 27 22 15 11 8 5 3 8 10 8 7 5 1 358 357 357 358 359 359 358 359 359 359 360 0 1 1 1 2 2 2 2 1 1 0 360 359 358 356 354 351 346 343 342 342 346 357 3 1 356 355 2 13 16 12 5 358 356 356 357 357 356 354 355 356 356 357 359 3 8 11 10 4 357 343 326 318 315 313 314 314 312 308 291 203 162
58 56 54 53 50 47 42 39 38 36 32 28 24 18 14 12 10 11 13 13 15 13 11 9 5 4 6 6 6 7 7 7 7 8 8 8 9 9 9 9 9 9 8 8 8 7 6 5 3 1 359 356 352 349 345 343 350 2 5 4 1 3 8 9 8 3 359 357 357 357 357 356 356 356 356 355 356 360 5 10 10 5 357 349 336 324 318 315 316 318 320 324 326 138 145 150
52 52 52 51 52 50 44 41 42 41 38 35 32 27 22 20 19 18 16 18 20 19 19 19 16 15 15 16 16 17 16 16 16 17 17 17 17 17 17 17 17 16 16 16 15 14 13 12 11 9 7 5 2 359 354 348 348 357 8 10 3 358 1 5 6 5 3 1 359 357 357 357 357 356 356 355 356 0 5 5 2 355 346 339 331 320 314 316 320 324 337 4 94 125 134 140
45 49 50 47 47 46 41 40 45 47 44 41 38 35 31 28 27 27 25 25 26 26 26 26 25 24 27 29 29 28 26 26 26 26 26 26 26 25 25 25 25 24 24 23 22 22 21 19 18 17 15 13 11 9 6 2 360 0 8 11 2 356 358 1 4 6 6 4 1 359 359 358 357 355 355 356 357 360 1 358 353 346 337 333 326 313 309 320 328 343 13 76 105 116 119 118
53 59 59 54 51 49 43 39 44 46 43 39 38 37 35 33 34 36 36 35 35 35 35 34 32 31 36 40 39 39 38 37 36 36 35 35 35 34 34 33 33 32 32 31 30 29 28 27 26 24 23 21 19 17 15 14 12 11 10 11 5 358 356 357 0 4 4 4 2 1 2 0 357 355 355 357 358 358 357 353 348 341 336 335 323 311 314 330 346 15 57 84 91 90 83 69
67 72 78 77 73 65 57 51 53 53 48 44 43 42 40 39 40 42 45 45 44 44 45 45 40 37 42 46 46 46 48 48 47 46 46 45 44 43 42 42 41 40 39 38 37 36 35 34 33 31 30 28 27 25 23 22 20 18 16 14 10 5 1 358 358 359 360 0 1 2 4 1 358 357 357 359 359 357 353 349 346 344 346 337 320 315 324 345 13 47 67 71 65 57 37 27
72 75 82 85 85 82 78 77 77 72 66 62 61 58 54 51 49 49 51 50 51 53 54 53 45 39 45 49 50 51 53 55 56 56 55 54 52 51 50 49 48 47 46 45 44 43 42 41 40 38 37 35 33 32 30 28 26 24 22 20 16 13 10 6 3 359 357 357 358 359 360 359 359 359 359 1 359 356 353 352 352 353 350 334 320 322 341 5 40 59 62 55 43 30 14 1
75 78 81 84 85 85 86 88 89 84 78 78 78 75 71 66 62 61 59 56 55 57 59 58 52 46 51 54 54 54 55 57 60 64 64 62 60 58 57 56 55 54 53 52 51 49 48 47 46 44 43 41 39 38 36 34 32 30 27 25 22 19 17 13 9 6 3 0 357 353 352 354 360 1 1 360 359 357 357 359 0 358 346 331 325 338 3 30 52 54 46 41 38 23 357 335
79 81 85 86 86 87 88 90 91 87 83 82 82 80 78 75 74 73 70 65 62 62 62 62 59 56 59 60 59 59 59 59 62 65 68 68 67 66 64 63 61 60 58 57 56 55 54 53 51 50 49 47 45 43 41 39 37 35 32 30 27 24 21 18 15 13 10 6 1 355 350 351 357 1 0 359 358 359 1 4 4 355 340 331 334 359 27 42 46 40 32 29 29 12 337 325
82 84 88 90 90 91 92 92 91 90 88 86 84 82 81 80 80 80 78 75 73 71 69 68 66 64 65 65 64 64 63 63 65 67 68 70 71 71 70 68 66 65 64 63 62 60 59 58 57 55 54 52 50 48 46 44 42 39 37 34 31 29 26 23 20 17 14 10 6 2 359 357 357 356 357 357 357 1 4 4 0 349 337 335 354 24 40 40 35 30 20 15 7 338 327 320
84 86 90 94 95 95 96 96 94 94 93 91 89 87 86 85 84 83 81 80 80 79 77 76 73 71 71 71 70 68 67 67 68 69 70 72 74 75 75 73 71 70 68 67 66 65 64 63 61 60 59 57 55 53 51 49 46 44 41 38 36 33 30 27 24 21 17 14 11 8 5 3 359 355 354 354 356 1 4 1 352 343 338 350 20 37 39 34 29 26 12 4 344 323 319 315
83 85 90 95 99 100 101 100 99 97 96 95 94 92 91 90 88 87 85 84 83 83 82 80 78 76 76 78 77 73 71 71 71 71 73 76 77 79 79 77 76 74 72 71 70 69 68 67 66 65 63 61 60 58 55 53 51 48 45 42 40 37 34 31 28 24 21 18 15 12 9 6 2 358 354 353 354 357 360 355 346 342 350 18 41 43 39 39 34 23 5 351 330 316 312 312
85 85 87 92 99 104 105 104 104 103 102 100 97 96 95 94 93 92 90 89 88 86 86 85 81 77 81 84 84 80 74 72 72 73 75 78 80 81 82 82 80 78 76 75 73 72 72 71 70 69 68 66 64 62 60 57 55 52 49 47 44 41 38 34 31 28 24 21 19 15 12 8 5 2 358 355 353 353 354 351 347 353 16 38 44 44 42 39 29 6 349 338 326 316 313 313
87 84 80 87 99 107 109 109 109 110 108 104 101 98 97 97 96 95 94 92 90 90 90 88 83 79 82 86 87 85 79 75 74 75 76 77 79 80 82 85 84 81 79 77 76 75 75 74 74 73 72 70 68 66 64 61 59 56 53 50 47 44 41 38 35 31 28 25 21 18 15 12 9 6 2 358 354 352 350 350 354 10 27 33 30 30 29 20 359 346 337 330 323 317 316 317
84 79 72 77 93 106 114 115 115 117 114 108 103 100 99 99 99 98 96 95 93 92 92 91 87 83 84 86 87 87 84 80 78 77 78 79 78 78 81 85 86 84 82 80 79 78 78 77 77 77 76 75 72 70 68 65 62 60 57 54 51 48 45 42 38 35 31 28 24 21 18 15 12 9 5 1 357 353 349 352 3 16 21 21 21 20 15 0 345 335 329 324 320 317 318 319
78 74 71 77 88 104 121 122 120 121 118 110 105 103 101 101 100 99 98 97 96 95 94 93 93 90 88 87 87 88 89 87 83 80 79 79 78 77 79 81 84 85 84 82 81 81 80 80 81 82 81 79 77 74 71 69 66 63 60 58 55 51 48 45 41 38 34 31 27 24 21 18 15 11 7 4 360 356 351 355 6 12 13 14 17 15 2 345 336 329 325 321 317 317 317 317
75 76 80 88 99 107 118 124 122 121 118 112 105 102 101 101 100 99 100 100 98 97 96 96 97 95 93 90 89 90 92 92 89 85 80 77 77 78 79 79 79 80 81 82 83 84 83 82 84 87 89 87 82 78 75 72 69 67 64 61 58 55 52 49 45 41 38 34 31 27 24 21 17 13 10 6 3 359 356 357 2 6 11 14 15 7 348 337 332 328 324 321 317 317 317 315
87 88 94 104 109 107 106 111 115 114 113 108 104 102 100 100 100 100 100 101 100 99 99 99 99 98 97 95 93 92 93 94 93 90 85 80 78 79 80 79 77 76 77 79 81 83 84 84 85 88 92 92 89 84 79 75 72 70 67 65 62 58 55 52 48 45 41 37 34 30 27 23 19 15 12 8 5 2 358 357 358 3 11 16 13 354 340 334 330 327 324 321 318 318 318 315
95 100 105 107 105 99 98 99 100 101 102 103 101 100 99 99 99 99 100 101 102 102 101 101 103 102 100 98 96 93 93 93 92 91 88 86 83 81 82 81 79 79 79 80 81 82 83 85 86 86 86 87 89 87 81 78 75 73 70 68 65 62 59 55 52 48 45 41 37 33 29 26 22 18 14 10 7 4 0 358 357 2 9 12 2 345 334 330 327 324 322 320 318 317 317 315
91 94 100 97 92 90 90 89 88 91 96 99 98 97 97 97 98 98 100 102 103 104 103 103 107 108 103 99 97 95 94 92 90 88 87 87 87 86 85 84 84 84 84 85 85 85 86 89 90 87 84 82 83 83 82 79 77 76 74 71 68 65 62 59 55 52 48 44 40 36 32 28 24 20 16 12 9 5 2 359 358 0 4 3 351 339 331 327 324 321 319 317 316 315 314 313
86 86 87 87 86 84 79 78 84 90 96 97 97 95 95 95 96 97 98 100 103 105 106 107 110 112 106 100 98 98 95 92 90 87 85 87 87 87 88 89 89 89 88 88 88 88 89 90 92 91 89 85 81 80 81 81 80 78 76 74 72 69 66 62 59 55 51 47 43 39 35 31 27 22 18 14 11 7 3 359 357 358 0 356 344 336 331 328 325 322 319 317 316 315 314 313
85 84 83 84 83 78 74 77 85 93 96 95 95 94 93 92 92 93 94 97 100 102 104 108 113 115 110 104 101 99 97 94 93 91 89 87 85 85 86 90 93 93 91 89 88 88 88 90 92 94 93 89 85 83 82 83 83 81 80 78 76 73 69 66 62 58 54 50 46 42 38 34 29 25 21 16 12 8 3 358 355 353 354 350 341 334 329 327 324 321 319 318 318 318 319 319
86 84 83 83 81 77 77 81 87 92 95 93 94 94 90 89 87 87 89 93 97 99 102 110 121 125 115 107 102 98 97 97 96 97 95 90 86 84 83 85 90 94 94 90 87 86 88 89 90 92 92 92 90 87 85 86 86 85 84 82 80 77 73 69 65 61 58 54 50 46 41 37 32 28 23 19 14 9 3 358 352 347 345 342 337 334 329 324 321 319 318 317 317 317 318 318
87 87 86 86 84 81 80 83 85 86 89 93 95 94 90 85 81 82 86 91 96 100 108 120 133 137 118 106 100 97 96 96 96 97 98 97 93 88 84 83 85 88 93 93 89 87 87 88 89 89 90 93 93 90 88 87 88 89 89 88 85 81 76 72 68 64 61 57 53 49 45 40 35 31 26 21 15 10 4 359 351 344 338 333 330 330 328 324 321 318 316 314 311 305 300 299
91 92 92 90 87 84 82 81 79 79 86 95 96 93 88 80 77 80 85 92 100 110 119 127 141 140 115 104 99 96 95 95 95 95 96 98 99 96 90 86 85 86 89 92 92 90 87 86 87 89 90 92 94 94 91 87 86 87 91 95 93 86 79 75 71 67 64 60 56 52 48 43 39 34 29 24 18 12 6 360 352 344 336 329 323 321 323 322 321 317 311 307 300 293 290 291
93 92 89 86 86 87 85 80 75 77 87 95 94 88 83 78 76 78 84 95 110 122 128 131 137 129 108 100 97 95 94 94 95 95 95 96 99 99 95 89 87 87 88 91 93 92 88 86 86 89 92 94 97 98 94 87 82 84 91 100 101 91 82 77 73 70 67 63 60 55 51 47 42 37 32 27 21 15 9 2 354 346 339 332 325 322 320 317 316 311 304 298 295 292 292 293
90 88 83 81 84 88 87 83 78 80 87 90 88 84 81 78 77 77 82 98 117 130 133 124 118 106 98 96 94 93 93 94 95 96 96 95 96 99 100 95 89 86 88 91 93 93 91 88 87 89 93 97 100 102 99 90 87 90 93 96 98 93 85 79 76 72 69 66 63 59 55 50 46 41 36 30 24 18 11 4 356 348 341 336 331 326 321 316 311 303 294 288 289 286 285 287
88 87 84 83 84 87 91 91 83 80 83 85 81 81 81 82 84 85 92 104 116 134 128 101 84 86 91 91 92 92 93 94 95 97 98 97 96 98 101 101 93 86 85 88 92 94 92 89 88 89 93 99 104 106 107 103 99 97 93 88 87 89 85 81 78 75 72 70 66 62 58 54 50 45 40 34 28 22 15 8 360 352 342 335 329 324 319 312 304 293 281 280 281 279 279 281
90 90 90 89 90 92 95 97 91 81 80 80 78 79 80 85 92 98 103 104 103 96 75 65 65 79 86 89 90 91 91 93 95 98 99 98 97 98 100 102 99 89 83 85 89 91 91 90 89 90 93 101 109 109 111 112 105 98 91 85 83 84 84 83 80 78 75 72 69 66 62 58 53 49 44 38 33 26 19 12 4 355 347 336 326 319 313 305 294 283 279 281 282 281 281 282
