windninja/windninja_output/Output_2025-08-24_1500-1550_Google earth_Fire_150m_10min/merlingen_7.5mi_point_08-24-2025_1540_150m_vel.asc
ncols	158
nrows	163
xllcorner	391686.332397
yllcorner	5160024.123721
cellsize	150.000000
NODATA_value	-32768.000000
[rows 76 to 113 of 163, columns 0 to 83 of 158]
2.82 2.52 1.99 1.55 1.30 1.20 1.05 0.93 0.89 0.85 0.84 0.84 0.85 0.87 0.87 0.87 0.90 0.93 0.94 0.96 0.96 0.97 0.99 1.01 1.00 0.96 0.94 0.96 1.05 1.21 1.32 1.31 1.25 1.20 1.10 0.99 0.93 0.89 0.88 0.88 0.89 0.91 0.92 0.93 0.93 0.94 0.94 0.94 0.94 0.95 0.95 0.96 0.96 0.97 0.97 0.98 0.99 0.99 1.00 1.01 1.01 1.02 1.03 1.03 1.04 1.06 1.08 1.09 1.10 1.10 1.11 1.13 1.16 1.19 1.22 1.26 1.29 1.35 1.53 1.84 2.10 1.89 1.22 0.62
3.16 2.84 2.31 1.89 1.53 1.29 1.06 0.91 0.84 0.79 0.78 0.80 0.82 0.85 0.85 0.84 0.85 0.88 0.90 0.93 0.95 0.96 0.97 0.99 1.01 0.99 0.94 0.91 0.90 1.01 1.19 1.29 1.27 1.24 1.20 1.07 0.97 0.92 0.87 0.86 0.87 0.89 0.91 0.92 0.92 0.93 0.93 0.93 0.93 0.93 0.93 0.94 0.95 0.96 0.96 0.97 0.98 0.99 1.00 1.01 1.01 1.02 1.03 1.04 1.06 1.07 1.09 1.10 1.11 1.13 1.15 1.18 1.20 1.21 1.22 1.24 1.25 1.31 1.48 1.74 1.72 1.22 0.70 0.60
3.57 3.03 2.51 2.38 1.96 1.44 1.08 0.87 0.78 0.71 0.71 0.75 0.80 0.85 0.86 0.85 0.84 0.85 0.87 0.91 0.93 0.94 0.95 0.95 0.98 1.04 1.04 0.96 0.89 0.91 1.06 1.27 1.34 1.34 1.33 1.25 1.10 1.01 0.92 0.85 0.84 0.87 0.90 0.91 0.92 0.92 0.92 0.91 0.91 0.91 0.91 0.92 0.93 0.94 0.95 0.97 0.97 0.98 0.99 1.01 1.02 1.03 1.04 1.05 1.07 1.08 1.09 1.11 1.13 1.15 1.17 1.19 1.20 1.21 1.23 1.25 1.26 1.31 1.43 1.53 1.33 0.89 0.76 0.85
3.80 3.18 2.66 2.96 2.54 1.72 1.09 0.77 0.70 0.63 0.62 0.72 0.80 0.86 0.88 0.87 0.85 0.85 0.85 0.89 0.91 0.93 0.93 0.91 0.91 1.00 1.12 1.10 1.00 0.93 1.00 1.18 1.33 1.37 1.36 1.30 1.23 1.14 1.05 0.91 0.81 0.81 0.86 0.88 0.89 0.89 0.89 0.88 0.88 0.88 0.88 0.89 0.91 0.92 0.94 0.95 0.97 0.98 0.99 1.00 1.01 1.03 1.04 1.05 1.07 1.08 1.10 1.12 1.14 1.16 1.17 1.19 1.21 1.23 1.26 1.28 1.31 1.34 1.40 1.37 1.11 0.94 1.06 1.30
3.57 3.19 2.91 2.97 2.89 2.15 1.01 0.66 0.67 0.59 0.58 0.70 0.82 0.88 0.91 0.90 0.87 0.86 0.85 0.87 0.90 0.92 0.93 0.90 0.85 0.91 1.07 1.14 1.10 1.01 0.97 1.07 1.23 1.39 1.46 1.39 1.28 1.24 1.21 1.09 0.90 0.81 0.82 0.83 0.84 0.85 0.85 0.85 0.83 0.81 0.82 0.85 0.88 0.90 0.92 0.94 0.96 0.97 0.98 1.00 1.01 1.02 1.04 1.05 1.07 1.08 1.10 1.12 1.14 1.16 1.18 1.20 1.22 1.25 1.28 1.31 1.34 1.36 1.37 1.29 1.17 1.24 1.40 1.53
3.15 2.89 2.60 2.63 2.75 2.40 1.52 1.05 0.91 0.77 0.69 0.75 0.87 0.94 0.95 0.92 0.89 0.88 0.86 0.85 0.89 0.92 0.93 0.90 0.82 0.85 0.98 1.07 1.10 1.06 0.99 1.02 1.12 1.27 1.46 1.52 1.41 1.30 1.30 1.27 1.13 0.96 0.90 0.86 0.81 0.78 0.76 0.77 0.75 0.70 0.68 0.74 0.82 0.88 0.91 0.93 0.95 0.96 0.97 0.99 1.00 1.02 1.03 1.05 1.06 1.08 1.10 1.12 1.14 1.16 1.18 1.20 1.23 1.27 1.30 1.33 1.36 1.39 1.40 1.38 1.41 1.50 1.55 1.54
3.24 2.81 2.43 2.54 2.50 2.20 1.81 1.49 1.23 1.05 0.89 0.87 0.94 1.00 1.02 0.98 0.92 0.92 0.89 0.85 0.87 0.90 0.93 0.89 0.81 0.84 0.95 1.01 1.06 1.08 1.02 0.98 0.98 1.05 1.22 1.42 1.47 1.39 1.33 1.32 1.28 1.20 1.13 1.09 1.03 0.96 0.91 0.90 0.92 0.85 0.74 0.70 0.74 0.82 0.88 0.92 0.94 0.96 0.97 0.98 0.99 1.01 1.03 1.04 1.06 1.08 1.10 1.12 1.14 1.16 1.18 1.21 1.24 1.28 1.31 1.35 1.38 1.41 1.44 1.46 1.49 1.52 1.56 1.65
3.62 2.99 2.52 2.61 2.43 2.13 1.82 1.57 1.40 1.22 1.04 0.99 1.02 1.07 1.09 1.04 0.98 0.97 0.94 0.88 0.86 0.88 0.91 0.87 0.78 0.84 0.96 1.00 1.04 1.08 1.06 1.03 1.00 1.01 1.07 1.19 1.32 1.36 1.33 1.29 1.27 1.25 1.25 1.27 1.29 1.29 1.25 1.23 1.25 1.24 1.14 0.97 0.84 0.83 0.88 0.91 0.93 0.94 0.96 0.97 0.98 1.00 1.01 1.03 1.05 1.07 1.09 1.11 1.13 1.16 1.18 1.21 1.24 1.28 1.32 1.36 1.39 1.43 1.46 1.48 1.47 1.50 1.64 1.97
3.63 3.21 2.68 2.66 2.57 2.28 1.85 1.57 1.47 1.32 1.17 1.09 1.09 1.16 1.17 1.11 1.05 1.05 1.01 0.94 0.90 0.88 0.88 0.88 0.77 0.77 0.92 1.00 1.03 1.09 1.11 1.11 1.10 1.12 1.14 1.16 1.20 1.23 1.24 1.23 1.20 1.18 1.17 1.17 1.19 1.21 1.19 1.16 1.14 1.18 1.21 1.17 1.06 0.95 0.90 0.91 0.92 0.93 0.94 0.95 0.97 0.99 1.00 1.02 1.04 1.06 1.08 1.10 1.13 1.15 1.18 1.21 1.24 1.27 1.31 1.36 1.40 1.45 1.49 1.53 1.56 1.63 1.82 2.21
3.79 3.41 2.84 2.70 2.70 2.41 1.91 1.66 1.59 1.44 1.26 1.17 1.17 1.23 1.27 1.23 1.16 1.16 1.12 1.04 0.98 0.91 0.86 0.86 0.78 0.70 0.81 0.96 1.02 1.06 1.10 1.14 1.15 1.20 1.30 1.32 1.29 1.28 1.22 1.16 1.11 1.10 1.11 1.10 1.09 1.09 1.07 1.03 0.98 0.94 0.96 1.01 1.03 0.98 0.91 0.90 0.91 0.92 0.93 0.94 0.95 0.97 0.99 1.01 1.03 1.05 1.07 1.09 1.12 1.14 1.17 1.20 1.23 1.27 1.32 1.36 1.41 1.46 1.52 1.60 1.71 1.86 2.10 2.49
4.22 3.71 2.97 2.76 2.74 2.51 2.03 1.83 1.79 1.57 1.34 1.24 1.25 1.27 1.34 1.34 1.29 1.29 1.25 1.19 1.09 0.98 0.92 0.88 0.76 0.65 0.75 0.92 1.03 1.05 1.06 1.13 1.13 1.17 1.35 1.47 1.50 1.50 1.43 1.26 1.10 1.03 1.07 1.13 1.16 1.14 1.13 1.11 1.03 0.90 0.84 0.85 0.90 0.93 0.91 0.89 0.88 0.89 0.90 0.91 0.92 0.95 0.97 0.99 1.02 1.04 1.06 1.08 1.11 1.13 1.16 1.19 1.23 1.26 1.30 1.35 1.40 1.47 1.56 1.67 1.83 2.06 2.41 2.85
4.69 3.94 3.12 2.85 2.67 2.56 2.26 2.05 2.02 1.80 1.45 1.32 1.35 1.30 1.39 1.43 1.40 1.47 1.46 1.39 1.24 1.09 1.08 1.00 0.71 0.55 0.74 0.95 1.08 1.10 1.08 1.12 1.10 1.07 1.18 1.37 1.51 1.64 1.71 1.60 1.34 1.10 1.04 1.11 1.20 1.24 1.23 1.21 1.15 0.99 0.85 0.81 0.82 0.86 0.87 0.85 0.84 0.84 0.85 0.87 0.89 0.91 0.95 0.98 1.00 1.03 1.05 1.07 1.09 1.12 1.15 1.18 1.21 1.25 1.29 1.34 1.40 1.48 1.58 1.69 1.85 2.09 2.43 2.82
4.97 4.15 3.22 2.88 2.56 2.50 2.49 2.36 2.24 2.08 1.68 1.45 1.42 1.33 1.42 1.51 1.54 1.67 1.71 1.64 1.43 1.27 1.32 1.12 0.62 0.45 0.73 0.98 1.11 1.18 1.19 1.18 1.16 1.10 1.09 1.15 1.23 1.44 1.68 1.79 1.67 1.40 1.15 1.10 1.19 1.32 1.37 1.34 1.27 1.15 0.99 0.86 0.80 0.83 0.87 0.87 0.85 0.80 0.77 0.78 0.83 0.88 0.92 0.96 0.99 1.01 1.04 1.06 1.08 1.11 1.13 1.16 1.20 1.23 1.28 1.33 1.39 1.47 1.56 1.65 1.78 1.96 2.18 2.50
4.85 4.21 3.28 2.83 2.54 2.43 2.52 2.58 2.45 2.40 2.15 1.68 1.47 1.41 1.43 1.52 1.69 1.87 1.96 1.92 1.67 1.54 1.48 1.09 0.54 0.50 0.77 1.02 1.15 1.23 1.28 1.28 1.26 1.24 1.22 1.18 1.10 1.17 1.43 1.69 1.73 1.59 1.36 1.17 1.16 1.29 1.44 1.48 1.39 1.25 1.14 1.01 0.90 0.88 0.93 0.98 0.97 0.90 0.77 0.67 0.72 0.82 0.90 0.95 0.98 1.00 1.02 1.04 1.06 1.09 1.12 1.14 1.17 1.21 1.25 1.30 1.36 1.43 1.51 1.60 1.71 1.84 1.97 2.13
4.60 4.07 3.32 2.91 2.63 2.38 2.35 2.51 2.56 2.71 2.62 1.96 1.51 1.49 1.49 1.53 1.76 2.07 2.34 2.34 2.02 1.71 1.38 0.92 0.65 0.66 0.86 1.08 1.21 1.29 1.35 1.37 1.35 1.32 1.36 1.35 1.20 1.12 1.26 1.57 1.74 1.64 1.46 1.27 1.17 1.23 1.38 1.54 1.53 1.36 1.21 1.09 0.97 0.91 0.94 1.03 1.10 1.08 0.96 0.72 0.67 0.77 0.87 0.93 0.96 0.99 1.01 1.03 1.05 1.07 1.10 1.12 1.15 1.19 1.23 1.27 1.33 1.38 1.45 1.54 1.65 1.76 1.85 1.95
4.40 3.93 3.42 3.24 2.99 2.52 2.25 2.33 2.55 2.94 2.98 2.31 1.76 1.68 1.66 1.71 1.88 2.20 2.67 2.87 2.27 1.52 1.04 0.94 0.83 0.83 1.00 1.18 1.29 1.37 1.42 1.45 1.45 1.38 1.41 1.47 1.37 1.24 1.20 1.40 1.73 1.77 1.61 1.41 1.25 1.21 1.31 1.49 1.58 1.51 1.29 1.11 0.97 0.87 0.87 1.02 1.18 1.24 1.23 1.03 0.81 0.78 0.85 0.91 0.95 0.98 0.99 1.01 1.03 1.05 1.07 1.10 1.13 1.16 1.20 1.24 1.29 1.34 1.41 1.49 1.58 1.67 1.80 1.94
4.06 3.73 3.43 3.48 3.48 3.09 2.62 2.51 2.82 3.43 3.49 2.70 2.13 1.94 1.85 1.87 1.97 2.26 2.92 3.22 2.40 1.02 0.87 1.00 0.94 0.97 1.13 1.29 1.38 1.46 1.51 1.55 1.55 1.47 1.44 1.50 1.48 1.40 1.29 1.27 1.51 1.81 1.84 1.63 1.38 1.25 1.29 1.43 1.59 1.61 1.42 1.16 0.96 0.80 0.72 0.86 1.11 1.22 1.29 1.24 1.01 0.86 0.86 0.90 0.93 0.96 0.97 0.99 1.01 1.03 1.05 1.07 1.10 1.13 1.16 1.19 1.24 1.29 1.36 1.43 1.51 1.59 1.70 1.84
3.62 3.40 3.16 3.28 3.49 3.37 3.01 2.74 2.87 3.62 4.13 3.61 2.99 2.79 2.70 2.70 2.56 2.64 3.24 3.44 2.63 1.23 1.10 1.12 1.06 1.11 1.26 1.40 1.49 1.57 1.62 1.68 1.68 1.56 1.48 1.51 1.54 1.50 1.44 1.30 1.28 1.60 1.97 1.93 1.60 1.39 1.34 1.43 1.62 1.70 1.60 1.30 0.93 0.75 0.64 0.63 0.86 1.03 1.11 1.16 1.06 0.92 0.87 0.89 0.92 0.94 0.96 0.97 0.99 1.00 1.02 1.05 1.07 1.09 1.13 1.16 1.19 1.24 1.29 1.35 1.42 1.51 1.60 1.70
3.31 3.17 2.95 3.01 3.23 3.12 2.75 2.23 1.94 2.68 3.82 3.97 3.62 3.38 3.31 3.40 3.36 3.35 3.81 3.71 2.77 2.09 1.75 1.46 1.28 1.28 1.38 1.50 1.60 1.69 1.76 1.87 1.85 1.64 1.50 1.53 1.60 1.58 1.53 1.40 1.21 1.31 1.83 2.13 1.92 1.67 1.53 1.52 1.67 1.78 1.82 1.52 0.91 0.75 0.73 0.66 0.76 0.90 0.96 1.01 0.99 0.90 0.86 0.88 0.90 0.92 0.93 0.95 0.96 0.98 0.99 1.01 1.03 1.05 1.08 1.11 1.15 1.19 1.24 1.29 1.34 1.41 1.49 1.58
3.00 3.03 2.97 3.02 3.24 3.01 2.44 1.73 1.24 1.72 2.70 3.18 2.98 2.52 2.44 2.98 3.55 4.01 4.50 3.85 2.88 2.76 2.29 1.78 1.47 1.42 1.47 1.59 1.67 1.79 1.98 2.12 2.06 1.77 1.54 1.57 1.66 1.66 1.61 1.48 1.25 1.13 1.49 2.00 2.12 2.02 1.87 1.77 1.80 1.88 1.95 1.69 1.07 0.85 0.87 0.82 0.82 0.86 0.88 0.93 0.95 0.88 0.85 0.86 0.87 0.89 0.91 0.93 0.94 0.95 0.96 0.98 1.00 1.02 1.04 1.07 1.09 1.13 1.17 1.22 1.28 1.34 1.40 1.47
2.54 2.88 3.08 3.12 3.35 3.16 2.61 1.89 1.40 1.48 2.01 2.44 2.31 2.17 2.30 2.97 3.49 4.45 4.99 3.61 3.02 3.14 2.75 2.11 1.63 1.46 1.48 1.63 1.71 1.83 2.15 2.35 2.25 1.96 1.68 1.66 1.74 1.74 1.68 1.57 1.34 1.11 1.20 1.61 1.93 2.05 2.08 2.05 2.03 2.04 1.99 1.80 1.40 1.06 1.03 1.00 0.92 0.89 0.85 0.86 0.89 0.86 0.84 0.84 0.85 0.86 0.88 0.90 0.91 0.92 0.93 0.95 0.96 0.98 1.00 1.02 1.05 1.08 1.11 1.15 1.20 1.25 1.31 1.38
2.29 2.76 3.13 3.11 3.33 3.38 3.04 2.48 1.97 1.72 1.83 1.79 1.68 2.04 2.47 3.11 3.70 4.59 5.04 4.08 3.46 3.40 3.39 2.68 1.82 1.44 1.45 1.63 1.78 1.95 2.24 2.41 2.38 2.18 1.92 1.82 1.85 1.84 1.76 1.65 1.47 1.21 1.11 1.39 1.69 1.82 2.00 2.16 2.19 2.13 1.97 1.87 1.64 1.29 1.19 1.18 1.07 0.95 0.88 0.84 0.81 0.80 0.81 0.81 0.82 0.84 0.85 0.87 0.88 0.88 0.89 0.92 0.93 0.94 0.95 0.97 0.99 1.02 1.05 1.09 1.13 1.17 1.23 1.29
2.32 2.73 3.09 2.96 3.09 3.30 3.16 2.90 2.60 2.21 1.96 1.68 1.52 1.83 2.57 3.31 3.97 4.35 3.97 4.03 3.96 3.85 4.02 3.23 1.96 1.41 1.51 1.71 1.91 2.16 2.35 2.42 2.44 2.37 2.17 2.05 2.05 2.01 1.87 1.72 1.58 1.34 1.16 1.32 1.60 1.73 1.92 2.18 2.23 2.13 1.96 1.89 1.78 1.51 1.35 1.33 1.27 1.10 0.96 0.89 0.82 0.79 0.79 0.76 0.75 0.78 0.80 0.82 0.84 0.86 0.87 0.89 0.90 0.91 0.92 0.93 0.94 0.96 0.99 1.02 1.05 1.10 1.15 1.20
2.55 2.82 3.00 2.87 2.88 2.88 2.77 2.87 2.83 2.51 2.27 1.98 1.70 1.85 2.58 3.52 4.01 3.69 3.27 3.45 3.92 4.31 4.43 3.64 2.18 1.70 1.80 1.92 2.08 2.33 2.51 2.52 2.52 2.49 2.37 2.29 2.28 2.22 2.05 1.83 1.66 1.48 1.28 1.26 1.53 1.78 1.96 2.13 2.18 2.12 2.03 1.91 1.82 1.72 1.55 1.45 1.40 1.30 1.11 0.95 0.90 0.89 0.87 0.80 0.72 0.70 0.72 0.76 0.81 0.84 0.84 0.84 0.85 0.86 0.87 0.88 0.89 0.90 0.93 0.95 0.98 1.03 1.07 1.13
2.75 2.91 3.05 3.01 2.88 2.75 2.68 2.74 2.76 2.58 2.50 2.25 1.96 2.09 2.56 3.39 3.94 3.42 2.89 3.04 3.65 4.44 4.48 3.36 2.45 2.18 2.18 2.22 2.28 2.49 2.70 2.76 2.73 2.67 2.56 2.48 2.44 2.41 2.32 2.04 1.76 1.60 1.39 1.25 1.44 1.78 1.97 2.05 2.09 2.10 2.10 1.97 1.83 1.82 1.76 1.61 1.50 1.49 1.32 1.04 0.95 0.99 1.02 0.96 0.83 0.72 0.68 0.69 0.73 0.78 0.80 0.82 0.82 0.82 0.82 0.83 0.84 0.85 0.86 0.89 0.92 0.95 0.99 1.05
2.88 2.98 3.16 3.15 2.91 2.79 2.78 2.76 2.70 2.61 2.56 2.37 2.14 2.30 2.72 3.32 3.87 3.50 2.80 3.25 4.17 4.49 4.01 3.37 2.85 2.56 2.51 2.52 2.51 2.67 2.93 3.08 3.06 2.97 2.80 2.64 2.55 2.58 2.61 2.33 1.89 1.68 1.51 1.33 1.37 1.66 1.93 2.01 2.00 2.04 2.09 2.04 1.90 1.86 1.86 1.74 1.62 1.64 1.55 1.24 1.02 1.00 1.09 1.12 1.02 0.84 0.72 0.66 0.68 0.73 0.76 0.78 0.78 0.78 0.78 0.78 0.78 0.79 0.80 0.82 0.85 0.88 0.92 0.97
3.03 3.09 3.20 3.18 2.99 2.87 2.86 2.84 2.76 2.65 2.57 2.43 2.18 2.21 2.70 3.35 3.81 3.66 3.23 3.84 4.62 4.02 3.65 3.58 3.26 2.98 2.84 2.78 2.73 2.89 3.20 3.43 3.43 3.32 3.10 2.85 2.73 2.80 2.85 2.56 2.06 1.78 1.64 1.47 1.38 1.54 1.84 1.97 1.95 1.98 2.04 2.06 2.00 1.93 1.94 1.81 1.71 1.72 1.68 1.51 1.23 1.09 1.13 1.21 1.18 1.00 0.83 0.73 0.70 0.73 0.74 0.72 0.71 0.72 0.74 0.73 0.72 0.72 0.73 0.75 0.77 0.81 0.85 0.90
3.20 3.19 3.20 3.18 3.07 2.98 2.94 2.90 2.84 2.70 2.58 2.47 2.16 2.00 2.29 2.95 3.64 3.66 3.50 4.28 4.74 4.16 3.89 3.84 3.59 3.42 3.34 3.12 3.00 3.23 3.47 3.67 3.79 3.69 3.48 3.25 3.05 3.03 2.99 2.70 2.26 1.95 1.80 1.64 1.51 1.51 1.69 1.84 1.88 1.94 2.00 2.06 2.05 1.97 2.01 1.93 1.82 1.78 1.74 1.68 1.49 1.27 1.21 1.29 1.32 1.17 0.96 0.84 0.78 0.80 0.83 0.75 0.65 0.63 0.66 0.66 0.66 0.66 0.66 0.67 0.69 0.71 0.76 0.81
3.31 3.25 3.21 3.21 3.15 3.08 3.01 2.95 2.92 2.83 2.65 2.52 2.28 2.12 2.24 2.63 3.39 3.59 3.56 4.15 4.48 4.42 4.35 4.17 3.89 3.82 3.94 3.74 3.48 3.69 3.75 3.83 4.10 4.08 3.90 3.73 3.44 3.21 3.09 2.85 2.50 2.16 1.96 1.83 1.68 1.55 1.57 1.66 1.71 1.86 2.00 2.07 2.08 2.01 1.98 1.97 1.93 1.88 1.84 1.77 1.62 1.43 1.32 1.38 1.42 1.32 1.12 0.96 0.90 0.93 1.01 0.95 0.75 0.60 0.56 0.54 0.53 0.53 0.55 0.58 0.61 0.64 0.68 0.73
3.34 3.26 3.19 3.26 3.30 3.21 3.09 3.00 3.00 3.04 2.86 2.67 2.54 2.36 2.38 2.63 3.13 3.41 3.46 3.76 3.98 4.20 4.44 4.39 4.21 4.21 4.47 4.41 4.19 4.29 4.17 4.20 4.35 4.35 4.29 4.28 4.00 3.55 3.30 3.06 2.74 2.36 2.14 2.04 1.83 1.64 1.56 1.53 1.53 1.71 1.96 2.06 2.10 2.12 2.04 1.93 1.91 1.94 1.97 1.91 1.74 1.57 1.47 1.46 1.46 1.41 1.26 1.07 1.00 1.05 1.13 1.16 1.06 0.80 0.65 0.58 0.49 0.43 0.41 0.41 0.46 0.53 0.60 0.65
3.31 3.22 3.14 3.29 3.46 3.40 3.22 3.08 3.12 3.28 3.16 2.95 2.79 2.57 2.53 2.62 2.95 3.20 3.22 3.38 3.74 4.11 4.15 4.23 4.46 4.54 4.81 4.99 5.08 5.05 4.89 4.77 4.44 4.35 4.78 5.12 4.71 3.98 3.54 3.23 2.87 2.50 2.34 2.21 1.95 1.77 1.61 1.49 1.44 1.55 1.84 1.99 2.04 2.16 2.20 2.04 1.92 1.93 2.01 2.04 1.89 1.71 1.63 1.59 1.52 1.47 1.37 1.15 1.05 1.14 1.22 1.24 1.26 1.14 0.94 0.80 0.64 0.49 0.42 0.38 0.35 0.39 0.48 0.56
3.16 3.12 3.12 3.31 3.54 3.58 3.43 3.22 3.25 3.50 3.47 3.25 2.98 2.80 2.78 2.69 2.85 3.01 2.95 3.06 3.62 4.24 3.91 3.65 4.28 4.84 5.02 5.28 5.95 6.03 5.59 5.11 4.19 4.31 5.63 6.08 5.25 4.10 3.62 3.39 2.97 2.67 2.55 2.36 2.12 1.96 1.75 1.57 1.45 1.43 1.66 1.85 1.90 2.05 2.22 2.24 2.10 1.99 2.02 2.08 2.06 1.90 1.75 1.69 1.64 1.54 1.48 1.29 1.08 1.16 1.34 1.35 1.33 1.31 1.18 1.02 0.83 0.64 0.56 0.51 0.40 0.33 0.38 0.46
2.91 2.93 3.10 3.39 3.55 3.64 3.64 3.44 3.42 3.62 3.72 3.48 3.07 3.00 3.15 3.00 2.88 2.86 2.81 2.96 3.57 4.28 3.90 3.15 3.62 4.66 5.08 5.18 6.42 7.08 6.08 5.31 4.10 4.56 6.69 6.71 5.20 4.05 3.88 3.74 3.14 2.79 2.76 2.60 2.33 2.12 1.93 1.72 1.48 1.37 1.50 1.71 1.80 1.88 2.04 2.23 2.29 2.17 2.09 2.09 2.17 2.16 1.93 1.74 1.73 1.64 1.55 1.46 1.21 1.13 1.36 1.52 1.47 1.38 1.32 1.22 1.04 0.82 0.63 0.58 0.51 0.37 0.31 0.36
2.64 2.71 3.05 3.43 3.55 3.64 3.65 3.59 3.58 3.64 3.81 3.71 3.25 3.22 3.51 3.43 2.99 2.61 2.80 3.35 3.95 4.31 3.80 2.97 2.94 3.99 4.87 5.07 6.49 7.62 6.49 5.58 4.67 5.23 7.45 6.90 5.01 4.39 4.43 3.92 2.96 2.81 3.04 2.81 2.45 2.28 2.10 1.83 1.54 1.36 1.38 1.55 1.72 1.78 1.87 2.06 2.28 2.34 2.24 2.10 2.19 2.39 2.23 1.88 1.85 1.79 1.59 1.53 1.38 1.19 1.28 1.58 1.66 1.51 1.41 1.33 1.23 1.03 0.76 0.62 0.56 0.47 0.33 0.29
2.40 2.59 3.09 3.45 3.56 3.58 3.51 3.56 3.65 3.68 3.87 3.85 3.44 3.43 3.83 3.83 3.00 2.15 2.69 3.83 4.66 4.62 3.60 2.82 2.61 3.17 4.24 4.98 6.71 7.96 6.89 5.88 5.33 6.13 8.04 7.31 5.55 5.18 4.71 3.51 2.72 3.07 3.32 2.87 2.54 2.45 2.21 1.90 1.65 1.44 1.33 1.38 1.54 1.72 1.83 1.92 2.12 2.39 2.41 2.13 2.10 2.44 2.49 2.15 2.03 2.01 1.77 1.54 1.43 1.30 1.30 1.58 1.79 1.69 1.55 1.42 1.32 1.20 0.97 0.77 0.61 0.51 0.39 0.26
2.27 2.63 3.18 3.47 3.56 3.51 3.45 3.53 3.62 3.66 3.88 4.04 3.63 3.56 4.10 4.17 2.93 1.64 2.34 3.93 5.25 5.34 3.69 2.59 2.53 2.89 3.50 4.29 6.19 8.06 7.81 6.38 5.70 6.84 8.71 8.11 6.56 5.68 4.50 3.16 2.93 3.30 3.36 2.97 2.73 2.54 2.20 1.93 1.77 1.56 1.34 1.22 1.28 1.59 1.84 1.85 1.96 2.34 2.55 2.27 2.07 2.33 2.54 2.42 2.27 2.26 2.13 1.75 1.45 1.34 1.35 1.56 1.81 1.83 1.73 1.60 1.43 1.31 1.16 0.96 0.75 0.59 0.45 0.29
2.33 2.69 3.17 3.43 3.54 3.48 3.44 3.54 3.65 3.60 3.85 4.42 4.13 3.67 4.21 4.41 2.87 1.24 1.82 3.57 5.30 6.08 4.53 2.48 2.44 3.27 3.40 3.64 4.73 6.97 8.34 7.56 6.42 7.58 9.36 8.70 7.04 5.55 3.83 3.13 2.98 3.00 3.32 3.43 3.01 2.57 2.15 1.91 1.81 1.65 1.41 1.13 1.05 1.43 1.79 1.80 1.85 2.23 2.60 2.47 2.17 2.25 2.48 2.51 2.43 2.43 2.45 2.19 1.74 1.44 1.39 1.56 1.78 1.87 1.87 1.78 1.59 1.41 1.33 1.21 0.96 0.75 0.55 0.35
2.49 2.74 3.09 3.35 3.54 3.48 3.37 3.45 3.61 3.58 3.81 4.64 4.61 3.87 4.30 4.63 2.95 0.95 1.27 2.86 4.75 6.38 5.75 3.14 2.70 3.90 3.96 3.93 4.04 5.09 7.34 8.42 8.18 9.00 10.07 8.74 6.62 4.92 3.52 2.96 2.55 2.72 3.67 3.98 3.17 2.38 2.01 1.86 1.80 1.72 1.53 1.18 0.95 1.24 1.66 1.77 1.76 2.05 2.54 2.64 2.37 2.25 2.48 2.62 2.45 2.46 2.59 2.52 2.25 1.84 1.61 1.70 1.83 1.89 1.97 1.96 1.77 1.53 1.42 1.40 1.27 0.99 0.67 0.47
