windninja/windninja_output/Output_2025-08-24_1500-1550_Google earth_Fire_150m_10min/merlingen_7.5mi_point_08-24-2025_1550_150m_ang.asc
ncols	158
nrows	163
xllcorner	391686.332397
yllcorner	5160024.123721
cellsize	150.000000
NODATA_value	-32768.000000
[rows 90 to 134 of 163, columns 0 to 95 of 158]
56 49 41 41 40 35 32 32 31 30 29 23 18 19 21 22 20 19 15 359 344 343 350 0 3 2 4 7 9 10 11 11 10 9 10 9 5 3 7 14 16 14 10 5 2 1 4 5 4 360 356 353 350 348 349 352 352 347 338 332 334 337 339 339 339 338 337 336 335 335 334 333 332 332 331 330 329 328 328 327 326 325 322 316 309 306 304 302 303 302 298 293 291 288 288 289
48 43 36 34 30 26 22 21 22 25 28 24 19 18 18 15 15 15 13 356 344 349 4 11 10 8 9 11 13 14 14 14 14 12 11 12 10 6 4 8 15 16 14 9 5 2 3 6 6 2 356 351 348 347 350 354 354 349 345 342 341 339 340 340 339 338 337 336 336 335 334 333 332 331 330 329 328 327 326 325 323 322 321 318 314 311 308 304 301 296 288 282 282 280 279 281
38 32 24 22 21 16 9 7 11 19 25 23 19 18 17 14 11 9 6 2 357 3 15 19 17 14 15 16 17 18 18 18 17 14 12 12 12 10 6 5 12 18 19 15 10 6 5 7 8 4 357 349 345 344 347 349 348 347 348 350 348 344 342 341 340 339 338 337 336 335 334 333 332 331 330 329 328 326 325 324 322 320 318 316 312 309 306 302 296 287 274 271 273 273 272 275
24 20 16 16 16 13 8 6 8 17 22 18 12 10 11 12 7 3 5 11 16 15 19 23 21 20 20 21 21 22 23 23 21 16 13 14 14 12 10 7 8 16 22 21 17 13 10 9 8 6 357 345 342 343 342 339 339 342 347 351 351 347 344 341 340 339 338 337 336 335 334 333 332 331 329 328 327 325 324 322 320 318 316 312 308 303 299 294 285 274 269 271 274 274 274 276
5 7 10 12 13 12 11 8 7 13 19 17 12 10 10 12 12 11 17 28 29 24 25 27 26 25 24 24 25 27 29 29 24 17 14 15 15 14 12 9 7 10 18 22 21 17 13 9 7 4 357 349 346 345 343 337 333 337 343 347 348 347 344 341 340 339 338 337 336 335 334 333 331 330 329 328 326 325 323 321 319 317 314 311 307 301 297 290 283 278 278 279 279 280 280 281
343 355 7 10 13 14 13 8 4 9 18 22 21 21 21 26 29 37 39 39 36 38 38 40 35 31 28 27 27 29 30 28 24 19 16 16 17 16 14 11 6 4 10 18 19 16 14 10 5 0 358 358 356 351 347 342 339 338 341 344 346 346 343 341 340 339 338 337 336 335 334 332 331 330 329 327 326 324 322 321 319 316 314 311 307 304 299 294 290 287 286 286 285 285 284 284
322 341 2 8 15 19 18 12 8 13 33 40 42 43 49 56 57 61 57 42 46 54 57 57 48 36 31 30 29 27 27 28 28 26 22 20 20 18 16 13 7 1 4 11 14 13 12 8 4 2 3 8 6 358 353 348 343 341 340 342 344 344 342 340 339 338 337 336 335 335 333 332 331 330 328 327 325 324 322 320 318 316 314 311 308 305 301 298 295 293 291 290 289 288 288 287
312 328 355 8 22 29 29 26 26 33 51 62 68 60 64 66 70 70 61 49 54 62 68 69 54 35 30 31 31 30 33 38 39 36 32 28 25 22 18 14 8 1 359 4 8 10 10 9 8 10 15 17 13 5 359 354 349 344 341 340 340 341 340 339 338 337 336 336 335 334 333 332 331 329 328 326 325 323 321 320 318 316 313 311 309 306 303 300 298 296 295 293 292 291 290 289
300 311 350 18 38 43 42 42 44 49 61 80 92 90 86 84 81 76 66 58 56 60 63 58 35 24 29 34 37 41 47 50 48 45 40 36 33 27 19 14 9 3 358 1 7 9 11 14 17 21 21 18 16 10 3 359 356 350 345 343 341 338 336 335 334 335 335 335 335 334 333 331 330 329 327 326 324 323 321 319 317 315 313 311 309 307 305 302 300 298 296 295 294 293 292 290
288 292 347 48 65 69 70 68 67 67 72 80 86 92 93 89 85 79 72 63 54 52 50 44 31 29 36 42 46 51 55 56 56 53 47 41 37 32 24 14 7 2 357 359 6 10 12 15 19 20 19 17 15 12 6 2 0 357 351 347 346 343 339 334 331 331 332 333 334 334 332 331 330 328 327 325 324 322 320 319 317 315 313 311 309 307 305 304 302 300 298 297 296 294 293 292
297 303 16 64 78 83 86 85 82 80 81 82 85 90 94 89 84 81 71 57 53 52 51 48 44 44 48 52 55 60 64 67 68 66 58 49 42 37 31 16 4 359 355 355 2 9 13 15 18 18 18 16 13 12 9 6 4 2 357 351 349 348 345 340 334 331 330 331 332 333 332 330 329 327 326 324 323 321 320 318 317 315 313 312 310 308 306 304 303 301 300 298 297 295 294 293
322 337 34 65 78 83 85 86 85 84 82 80 78 77 77 75 69 65 56 52 57 60 59 56 56 57 59 62 65 69 72 76 78 79 77 69 58 49 40 23 3 356 353 350 355 6 14 16 16 16 17 16 14 13 12 9 7 5 3 357 351 348 348 346 341 337 333 331 331 331 330 328 328 327 325 323 322 321 319 317 316 315 313 312 310 308 307 305 304 302 300 299 298 296 295 294
355 10 45 63 71 77 81 81 81 80 78 75 70 61 53 51 52 49 44 49 57 60 60 61 61 63 67 70 72 73 76 78 81 84 88 92 87 70 54 34 8 351 347 344 347 359 9 12 13 15 16 17 15 14 13 10 8 7 6 3 357 351 349 349 346 342 338 336 334 331 327 325 325 325 324 322 320 319 318 316 315 314 313 311 310 308 307 305 304 303 301 300 298 297 296 294
23 31 48 59 66 70 74 77 77 77 76 73 68 59 53 52 52 50 48 55 59 57 61 64 64 65 69 73 74 75 78 78 80 84 89 97 106 104 86 59 15 342 335 335 337 347 0 9 13 15 17 17 15 13 13 11 9 8 7 5 1 356 354 353 351 348 344 342 339 336 329 324 322 321 320 319 318 317 316 315 314 313 312 311 310 309 307 306 304 303 301 300 299 297 296 294
37 41 50 58 65 70 73 75 76 78 79 77 76 76 78 76 71 66 67 70 64 58 60 62 61 62 64 68 71 76 80 80 82 84 87 93 105 119 120 103 23 325 318 320 324 332 348 2 10 15 16 16 15 13 12 12 11 10 9 6 4 1 358 355 355 354 350 348 346 342 338 332 324 317 313 310 311 312 313 313 312 312 311 310 309 308 307 306 304 303 301 300 299 297 295 293
46 48 52 58 64 69 72 74 76 78 82 85 88 90 92 91 87 83 79 74 67 62 61 59 57 57 61 64 67 73 78 81 82 82 83 89 98 111 125 130 346 304 304 306 311 320 335 351 2 10 14 14 15 15 14 12 12 12 11 10 8 5 1 358 358 357 354 352 350 347 345 343 337 326 315 309 307 308 306 306 307 309 310 310 309 308 307 305 304 302 301 300 298 297 295 293
51 51 52 56 61 65 68 70 71 73 75 76 78 80 84 87 85 82 76 68 64 65 62 56 53 54 57 59 64 70 74 78 78 75 77 84 93 101 115 141 236 293 298 300 302 309 322 338 351 1 9 12 13 15 16 14 12 12 13 13 11 7 4 2 0 359 358 355 353 351 350 348 345 340 332 323 317 312 306 304 305 307 308 308 308 307 306 305 303 302 301 299 297 296 294 293
53 52 51 55 58 60 62 61 58 58 58 57 58 62 69 75 77 75 71 65 62 64 62 53 49 50 52 53 58 66 70 73 70 65 72 82 88 90 95 115 239 281 293 298 300 303 312 326 340 352 3 9 12 14 16 17 15 13 13 14 14 10 6 5 3 2 1 359 355 354 355 352 348 344 339 331 325 321 317 313 309 307 307 307 307 306 305 304 302 301 299 298 297 295 294 292
53 51 50 52 54 52 49 47 45 48 52 56 57 59 63 67 69 68 64 62 62 64 62 52 45 47 49 47 52 62 67 68 63 57 71 83 84 77 74 76 325 283 291 297 300 302 305 316 331 345 357 6 10 12 15 17 18 16 14 14 15 14 9 7 7 5 4 3 358 355 357 356 351 346 342 338 332 327 322 317 312 309 307 306 306 306 305 303 301 299 298 297 296 295 293 291
54 51 49 49 47 45 45 45 48 52 57 59 58 58 62 64 63 55 51 55 61 67 64 54 44 43 45 44 50 62 63 61 57 55 72 82 78 69 64 57 26 305 286 290 294 298 301 308 320 336 351 2 8 11 13 15 18 18 15 13 14 16 14 11 11 10 6 4 2 358 358 358 355 349 345 341 337 332 325 318 313 310 309 308 305 304 303 301 299 298 296 295 294 293 291 289
53 51 49 50 50 52 54 56 58 58 60 60 58 57 60 63 59 44 41 49 59 68 66 55 45 40 41 41 48 58 61 57 53 55 70 79 74 67 62 47 26 7 322 288 288 295 299 303 311 325 340 354 5 10 12 13 16 19 18 15 14 17 19 16 15 14 10 5 4 2 359 358 357 354 349 344 340 337 331 323 315 311 310 309 305 302 300 298 296 294 293 291 290 290 289 287
52 51 53 55 57 59 60 60 60 59 59 61 60 57 59 62 55 33 32 44 54 65 67 53 44 42 39 36 42 51 57 58 53 54 65 71 69 66 57 37 18 16 13 323 292 291 294 298 304 315 330 345 359 9 12 12 14 19 20 17 15 18 20 19 17 16 15 10 5 2 359 357 358 358 355 350 345 341 335 327 319 313 311 310 308 303 297 294 291 289 287 286 286 287 286 283
56 56 57 59 59 59 57 57 57 55 54 57 59 55 57 61 54 26 24 35 45 56 62 51 41 47 45 40 40 45 51 56 54 57 67 70 66 64 51 35 23 24 27 6 315 296 293 294 297 305 319 336 352 4 10 12 13 17 21 20 16 17 20 20 18 17 18 16 10 4 360 359 359 360 358 356 351 346 341 335 325 318 315 313 311 307 299 291 285 280 280 284 286 285 284 281
59 59 59 60 60 60 57 55 53 50 48 52 55 52 55 61 53 19 12 24 35 47 56 53 44 52 53 51 47 44 47 51 56 65 75 77 71 63 50 38 29 26 29 22 346 312 301 298 298 300 309 325 344 359 8 11 11 15 20 21 18 17 20 21 18 17 19 18 15 9 4 2 1 1 2 1 356 350 346 342 334 325 320 315 312 309 300 291 284 280 286 291 291 287 282 277
57 57 58 58 57 57 56 55 51 48 47 51 51 47 52 60 52 11 358 15 27 40 48 51 48 48 49 50 52 49 44 49 56 67 78 82 75 64 49 33 22 18 22 22 3 331 315 311 307 303 305 315 333 352 5 10 11 13 18 22 20 17 19 21 19 17 18 18 17 14 10 7 6 4 4 5 1 354 349 346 341 335 330 324 320 316 304 296 294 294 297 299 295 287 278 274
54 54 54 54 54 53 52 52 51 50 51 52 47 42 48 58 54 12 350 7 23 33 39 42 46 46 43 42 47 47 38 43 53 65 74 74 67 57 46 29 16 15 20 22 11 346 328 321 317 312 309 311 322 342 1 10 12 12 16 21 21 18 19 21 20 17 17 19 19 17 15 14 13 11 6 6 5 1 354 349 345 341 338 335 333 331 319 309 305 301 301 302 297 287 281 283
51 52 53 53 52 51 49 48 49 52 55 52 42 36 46 59 58 20 351 0 18 25 28 35 40 43 41 40 49 45 30 34 46 58 69 69 58 43 34 24 14 16 21 24 18 0 340 325 320 319 315 314 319 333 354 8 13 13 15 20 20 19 20 21 21 18 18 19 19 19 18 17 18 18 13 7 7 6 2 354 347 343 342 343 343 340 329 318 310 306 304 304 301 296 294 295
50 52 54 54 54 52 48 45 46 49 55 52 38 33 46 59 62 29 348 349 6 16 21 28 33 37 36 38 47 46 33 33 40 50 55 51 40 27 23 21 16 18 22 24 23 11 349 333 327 326 325 321 321 329 347 5 13 14 15 19 20 18 19 21 21 19 18 19 20 20 19 17 18 20 20 14 9 10 9 3 353 346 346 349 348 342 333 322 315 312 310 310 310 304 299 298
52 52 54 55 54 52 47 44 46 49 54 52 36 31 45 56 62 45 346 335 349 7 19 26 30 32 29 30 37 40 39 35 36 46 49 42 32 20 17 18 18 20 22 24 24 14 356 343 337 335 333 328 325 328 342 1 12 15 16 18 19 17 18 20 20 19 18 19 21 21 19 17 17 20 22 21 17 13 12 7 0 355 354 354 348 341 334 326 320 320 320 321 319 308 300 297
52 52 52 56 56 51 47 49 52 52 53 54 40 32 43 54 61 59 10 322 319 357 24 33 36 35 30 30 35 37 37 33 38 49 52 48 39 25 21 22 22 22 22 22 19 15 5 351 344 341 339 333 327 328 337 356 11 16 17 18 19 17 16 18 19 20 19 20 22 23 21 18 17 18 21 24 23 20 16 12 8 5 2 356 347 340 335 330 327 328 329 330 328 313 303 302
51 50 50 55 58 54 54 56 59 56 54 57 47 33 40 51 60 63 49 345 290 299 39 50 52 51 49 48 47 46 45 44 50 58 59 56 47 38 32 30 29 26 24 23 22 19 12 1 353 348 344 338 332 330 337 353 9 16 17 18 19 18 19 22 26 30 28 24 24 25 23 20 17 17 19 23 25 25 23 21 17 13 7 358 347 340 337 334 332 334 334 336 336 319 310 310
48 48 46 47 48 48 51 57 63 58 54 61 56 32 34 46 58 63 60 46 326 211 157 98 82 74 67 64 69 72 69 66 66 65 64 60 55 52 44 38 37 34 34 33 32 28 22 13 4 357 351 344 336 334 338 351 7 16 17 19 21 23 28 35 42 49 50 37 26 26 25 22 20 17 17 20 24 26 27 27 23 18 10 359 350 344 341 339 339 338 339 343 340 323 314 314
42 43 41 39 38 37 40 47 55 57 55 65 64 35 30 42 55 61 62 59 66 135 157 142 116 102 92 88 89 87 82 77 72 69 69 65 60 58 49 41 41 42 44 43 41 38 34 24 12 4 357 349 341 337 340 349 5 16 19 23 29 33 40 43 41 43 45 41 28 25 27 26 23 20 16 16 20 24 26 27 26 22 12 0 354 351 349 348 347 345 346 350 340 321 313 315
40 43 43 38 36 37 38 42 48 50 54 68 72 44 35 47 55 59 60 64 71 88 119 136 131 123 117 109 105 99 90 83 78 73 73 69 62 59 53 41 38 42 46 46 43 41 37 25 13 6 1 355 346 340 341 348 5 21 27 32 37 40 41 38 35 36 38 37 33 26 28 29 26 23 19 15 15 19 21 23 24 22 14 5 2 359 358 357 354 351 353 353 339 320 315 318
42 45 45 40 38 40 40 41 46 46 50 65 73 56 48 58 59 55 55 62 72 81 92 105 113 118 120 118 116 109 94 85 81 78 76 71 65 62 57 45 37 37 43 47 46 41 36 25 11 6 4 0 352 344 345 353 9 27 36 37 36 36 34 32 32 34 36 37 38 35 35 39 36 28 22 16 12 13 16 17 19 21 20 15 10 7 7 5 2 357 355 351 337 323 320 324
38 41 42 37 35 38 40 41 44 43 46 58 66 62 63 71 64 54 50 53 62 74 81 85 89 94 107 117 119 112 90 83 83 81 78 74 68 65 61 51 41 36 40 49 50 45 38 25 11 7 7 5 357 350 349 356 10 24 32 31 28 29 29 29 31 35 36 38 40 40 40 47 50 41 28 18 10 7 10 13 15 21 24 22 17 14 14 12 8 1 354 348 336 325 325 331
35 40 42 36 33 37 40 41 41 40 43 52 58 61 64 70 64 55 50 50 55 64 70 69 73 83 98 111 115 107 83 78 79 78 79 75 70 68 66 58 49 39 38 48 52 49 41 28 15 10 9 7 0 355 353 356 8 21 28 27 24 28 29 30 34 37 38 39 40 40 40 42 44 43 37 25 11 6 7 12 16 21 24 23 21 19 18 15 11 3 355 347 335 327 330 338
34 40 43 37 33 35 38 41 40 39 39 44 50 55 63 65 55 52 54 53 55 58 57 55 62 75 88 99 105 107 85 76 73 69 72 76 72 70 69 65 58 49 43 47 54 53 45 33 22 15 12 9 2 358 356 358 8 21 28 29 28 31 32 34 37 39 39 40 40 40 41 44 45 45 43 38 18 3 2 4 10 15 18 20 21 19 16 14 11 6 360 350 337 332 336 344
33 39 44 39 33 34 38 41 40 37 35 37 40 45 52 60 54 53 56 65 65 62 60 59 66 73 79 87 100 116 115 85 71 63 62 68 73 72 70 69 66 61 58 53 57 56 49 36 25 19 14 10 4 1 0 2 9 21 30 32 32 34 34 36 38 40 40 40 41 41 43 46 50 51 51 51 41 358 342 347 354 3 9 12 14 14 12 9 8 8 5 356 345 342 345 349
34 42 48 45 39 41 45 46 43 39 34 32 33 36 42 48 53 58 71 83 84 79 72 68 71 74 75 77 86 109 132 109 78 64 59 60 65 70 70 70 70 71 73 73 65 60 51 36 26 21 15 11 6 4 4 4 11 22 31 34 34 34 35 37 39 41 41 41 41 42 43 46 50 52 54 56 55 36 313 301 314 334 351 1 6 7 5 4 5 6 5 360 355 356 358 357
37 43 49 47 42 46 53 57 54 48 42 38 37 37 40 46 55 67 82 93 95 91 81 72 70 73 73 68 70 86 116 130 96 69 61 58 58 59 62 65 67 69 73 80 80 65 52 39 31 26 19 15 9 7 7 6 13 24 32 35 35 36 37 39 41 42 42 42 42 42 43 46 48 49 51 54 56 48 16 296 284 288 304 332 352 359 360 2 3 1 0 0 1 3 5 7
37 41 45 45 42 45 49 55 62 66 62 57 53 52 52 53 63 76 87 93 96 97 91 79 72 70 67 65 68 73 89 117 125 76 64 60 56 53 50 51 55 57 59 65 72 63 50 42 38 32 24 19 13 10 11 10 15 26 34 38 39 40 41 42 43 43 44 43 42 42 43 46 47 48 49 50 51 43 28 9 317 287 283 288 309 334 351 359 358 355 355 358 1 4 8 12
39 42 44 45 45 44 42 44 53 64 70 68 65 63 65 68 75 80 84 91 98 102 99 92 81 71 63 67 75 78 87 105 147 112 71 63 58 53 48 45 46 46 46 49 48 39 33 40 42 36 27 21 17 14 15 15 19 28 38 42 43 45 44 44 45 45 46 45 43 43 44 45 45 47 49 50 50 42 29 24 8 324 292 283 283 294 320 340 346 348 351 356 0 4 10 17
44 46 45 45 47 46 41 39 44 50 57 60 63 70 75 81 85 80 73 73 89 102 105 99 87 72 63 64 73 80 87 100 138 162 95 71 65 59 53 50 50 45 43 42 37 27 20 28 39 37 29 23 19 17 18 18 22 30 38 40 42 44 43 44 46 48 49 49 46 44 45 45 44 44 47 51 55 50 36 30 26 8 323 293 282 284 295 308 322 334 342 351 1 8 16 22
45 45 43 43 46 46 43 40 40 45 47 46 51 64 81 95 93 83 73 68 70 90 105 102 88 73 64 60 61 68 74 81 102 147 148 96 74 66 62 61 57 50 46 44 36 28 22 22 30 34 29 24 21 20 21 21 25 32 38 40 43 44 43 44 47 49 50 52 52 49 46 45 44 43 46 51 56 58 48 39 37 28 4 321 293 285 285 289 299 312 326 343 2 14 20 21
