windninja/windninja_output/Output_2025-08-24_1500-1550_Google earth_Fire_150m_10min/merlingen_7.5mi_point_08-24-2025_1540_150m_ang.asc
ncols	158
nrows	163
xllcorner	391686.332397
yllcorner	5160024.123721
cellsize	150.000000
NODATA_value	-32768.000000
[rows 94 to 140 of 163, columns 0 to 95 of 158]
75 72 67 66 68 66 59 48 37 45 50 46 38 34 34 43 50 58 69 68 51 35 32 36 41 53 61 66 68 69 72 77 81 83 82 80 79 79 79 78 75 68 65 64 64 65 68 71 72 73 76 79 75 65 63 67 71 67 60 53 46 36 32 31 30 28 25 22 19 16 13 9 6 2 358 355 350 346 342 337 332 328 323 318 312 305 300 293 286 281 281 282 282 282 282 283
73 71 69 72 74 71 66 60 58 64 65 59 53 52 54 64 65 71 71 61 45 41 41 47 53 61 65 67 67 67 71 78 82 84 84 83 83 83 82 82 80 76 69 64 61 61 63 67 71 73 75 73 64 61 65 68 70 69 63 57 51 42 38 36 34 32 29 26 22 19 15 12 8 4 1 356 352 348 343 338 334 329 324 319 314 309 303 297 292 290 289 288 287 287 286 285
74 74 73 73 72 67 63 63 72 84 85 77 69 67 73 79 79 81 73 50 44 49 54 63 69 71 70 69 69 71 76 79 80 81 83 86 86 86 86 86 86 86 80 73 67 63 63 66 70 73 72 66 61 59 64 69 71 71 67 62 55 47 44 42 39 35 32 29 26 22 18 15 11 7 3 359 354 350 345 340 335 330 325 320 315 310 306 302 298 295 293 291 290 290 288 287
76 77 76 74 71 66 62 62 68 78 84 79 76 74 79 82 85 83 69 47 44 53 63 75 82 79 74 72 73 78 82 81 79 80 83 87 90 91 91 91 91 93 91 85 80 74 72 73 75 74 70 66 63 62 65 68 71 72 70 67 62 55 52 48 43 39 36 34 30 26 21 18 14 10 6 2 357 352 347 342 337 332 327 322 317 312 308 304 301 299 297 294 292 291 290 289
79 81 79 78 77 72 67 65 67 70 73 79 85 87 87 87 86 78 61 50 48 56 70 80 83 73 70 73 77 81 83 83 82 82 84 87 92 95 97 97 97 98 100 94 88 85 84 82 79 75 71 68 66 65 66 68 69 70 70 68 65 63 61 57 51 46 43 39 35 30 25 21 18 14 9 5 360 355 350 344 339 334 328 323 319 315 311 307 303 300 298 296 295 293 292 290
80 81 81 82 83 81 79 76 73 71 72 76 80 86 88 86 80 70 59 52 53 64 75 78 67 57 65 73 77 80 82 84 85 86 87 90 93 96 101 104 104 104 106 101 92 88 87 84 79 74 72 71 67 66 67 69 68 69 70 68 63 62 63 63 61 57 50 43 37 33 29 26 22 18 13 8 3 358 353 347 341 336 331 325 320 316 312 309 306 303 300 298 296 294 293 291
80 80 81 82 82 81 81 81 78 74 74 73 73 78 82 79 76 72 63 58 67 79 80 69 54 56 65 71 76 79 81 84 88 92 94 96 96 97 101 107 111 111 112 110 100 92 88 84 79 75 73 72 69 67 67 67 67 67 69 67 63 61 61 62 63 61 55 48 42 39 34 31 27 22 17 13 7 2 356 350 344 338 333 328 323 318 314 310 307 304 302 299 297 295 293 292
80 81 82 81 80 79 79 79 78 76 74 72 69 68 69 71 71 71 67 71 84 86 74 58 55 60 67 71 74 77 81 86 91 96 100 102 101 101 103 108 116 117 117 118 110 98 90 86 83 79 75 72 70 70 69 68 66 66 67 66 65 63 62 62 62 61 58 53 47 43 39 36 32 27 22 17 12 6 360 353 347 341 335 329 324 319 316 312 309 305 302 300 298 296 294 293
81 82 82 80 79 79 79 78 77 76 74 72 68 62 62 66 69 68 68 76 82 73 60 57 59 63 68 72 75 78 82 87 91 96 101 106 108 108 108 111 117 122 122 124 121 108 96 89 85 81 77 74 72 71 71 69 67 67 65 64 63 63 62 63 63 62 58 54 49 48 48 45 40 33 28 23 18 11 4 357 350 344 338 332 326 321 316 312 309 306 303 301 299 297 295 293
82 82 81 80 78 78 78 78 77 76 75 74 72 72 73 73 73 71 72 76 71 56 55 60 61 63 68 74 77 82 86 87 90 94 99 106 112 114 113 114 118 125 127 129 130 121 106 94 86 81 78 76 74 72 71 69 68 68 66 64 63 61 61 62 63 62 58 53 49 49 53 55 49 41 36 31 24 17 10 2 354 347 340 334 328 323 319 314 310 307 304 301 299 297 294 292
82 81 80 79 78 79 78 78 77 78 79 79 81 85 88 87 82 77 76 73 62 54 57 60 60 61 67 72 78 83 87 88 90 94 98 104 111 116 117 117 121 127 131 133 135 132 118 104 92 84 81 79 77 76 74 71 68 67 66 67 65 63 61 63 63 60 56 51 47 48 52 55 55 54 51 46 36 26 16 7 359 350 342 336 330 324 320 315 311 308 305 302 299 297 294 292
82 81 78 77 77 78 78 77 77 78 81 84 88 91 93 92 87 81 75 68 61 59 60 59 58 61 66 71 75 81 86 89 92 94 96 101 109 117 121 123 125 130 133 135 139 139 130 117 103 91 84 81 78 76 76 74 70 68 67 67 66 63 63 65 64 62 58 52 46 48 51 51 53 55 56 55 50 40 27 15 2 352 345 338 332 326 321 316 312 308 305 302 299 296 293 292
81 80 76 75 75 76 76 76 76 78 81 84 87 89 90 89 84 79 72 64 61 64 63 58 58 61 64 67 73 80 86 91 93 91 92 100 110 119 124 127 129 132 134 137 142 144 141 130 117 103 91 84 78 74 73 73 72 70 68 67 65 64 65 65 65 62 60 54 48 49 51 52 51 51 50 52 51 44 37 28 8 351 344 339 333 328 322 317 313 309 305 301 298 296 294 292
80 77 74 73 73 74 75 76 76 78 79 81 80 79 81 83 81 77 70 63 62 67 67 60 57 58 61 62 69 79 87 92 92 86 91 103 113 119 121 126 131 134 135 138 143 148 149 143 131 116 101 90 83 77 72 70 70 70 69 67 66 66 67 66 64 62 60 57 50 48 51 52 53 53 53 53 52 45 37 33 23 358 340 338 334 329 324 318 313 309 305 301 298 296 293 292
79 76 72 73 73 74 75 75 75 76 75 75 73 71 73 77 77 74 67 64 67 71 72 64 56 56 60 59 65 77 86 89 88 83 93 106 114 116 117 124 133 136 135 140 145 149 154 153 144 128 109 97 89 83 76 71 69 68 68 67 65 66 68 66 65 63 60 58 53 49 50 53 56 57 56 54 53 50 44 41 35 17 348 334 332 330 325 319 313 309 305 301 299 296 293 290
78 75 74 75 76 77 76 74 73 73 71 70 67 67 71 76 76 68 60 63 71 76 75 67 59 57 59 59 66 77 83 84 84 84 94 106 111 113 119 126 131 131 133 141 147 150 155 161 156 141 121 103 92 86 80 74 70 68 68 66 64 65 66 64 64 64 63 60 56 51 51 55 58 59 58 56 55 55 52 49 45 34 14 342 328 328 325 319 314 309 304 300 297 294 291 288
78 78 79 81 81 80 76 73 71 69 69 69 67 67 72 78 78 62 53 60 71 79 80 74 68 63 60 60 66 76 82 82 81 82 92 103 109 115 122 127 125 123 129 140 147 150 157 166 165 153 135 114 96 86 81 77 72 70 70 68 65 64 63 61 61 64 65 64 59 53 52 56 59 59 60 60 59 58 56 54 52 47 36 7 334 321 321 318 312 308 303 297 293 291 288 285
80 81 82 82 80 78 74 72 71 69 68 69 71 72 76 81 80 57 48 57 67 78 86 81 73 71 69 65 66 70 77 82 81 81 91 102 111 119 125 125 124 122 123 133 144 150 158 168 170 163 149 128 104 89 83 79 74 71 71 69 67 65 63 60 59 61 63 64 62 58 56 59 61 61 61 62 62 61 59 59 58 57 52 32 0 332 318 313 307 301 295 290 288 286 283 279
83 84 82 80 77 75 73 71 70 67 65 69 75 77 79 82 81 55 46 55 62 72 83 83 74 78 83 82 74 68 70 77 82 86 96 105 113 120 125 124 124 118 114 123 140 151 158 166 170 169 161 146 118 95 86 80 75 72 70 68 66 65 63 62 60 59 60 60 61 61 61 63 64 63 62 63 63 61 59 60 61 63 61 51 30 4 341 322 302 286 281 282 283 281 279 275
83 82 80 78 77 76 74 71 68 65 63 70 76 78 78 82 84 64 51 55 58 65 73 78 75 82 90 93 88 76 69 71 80 91 101 108 112 114 118 119 116 108 109 118 136 151 157 161 167 171 170 165 138 104 89 82 77 72 70 68 65 63 62 64 62 59 59 58 58 59 60 63 64 63 63 64 64 62 60 60 62 66 65 62 56 37 22 17 344 295 291 288 284 279 272 267
79 78 78 77 76 76 75 73 68 65 68 74 76 73 74 82 89 95 72 59 57 60 65 72 79 85 88 90 91 89 76 71 78 90 101 107 107 107 110 110 106 105 110 117 130 145 154 160 164 170 176 178 160 117 92 84 79 74 70 68 65 62 61 64 62 60 59 58 57 57 57 60 64 64 63 63 64 65 64 62 63 66 64 62 60 52 46 50 29 338 317 301 288 276 264 261
76 76 75 76 75 73 72 71 69 71 78 82 77 67 71 83 95 115 144 74 65 61 61 68 78 85 85 83 87 94 84 73 76 86 97 105 107 107 105 103 104 109 113 117 125 140 154 163 165 168 177 184 180 142 98 84 79 75 72 70 66 62 62 64 63 60 59 58 58 57 56 58 62 66 67 65 65 66 66 64 66 68 64 60 59 52 46 48 34 6 343 316 293 274 270 276
76 76 75 74 74 72 69 66 70 78 86 88 77 64 70 85 97 118 173 115 84 74 68 69 73 79 82 79 86 95 92 79 75 81 93 104 109 107 100 100 107 112 115 115 120 135 151 161 161 163 173 185 191 173 111 86 79 77 74 71 67 63 63 65 64 60 59 59 58 57 56 56 58 63 68 70 68 66 67 68 70 72 69 64 60 54 48 48 44 37 28 12 351 308 300 298
77 76 75 74 74 73 70 68 72 79 87 90 80 68 74 83 92 115 165 147 110 93 84 76 72 74 76 78 87 95 96 88 80 83 91 100 105 103 96 101 110 113 112 111 114 123 139 151 156 159 168 186 198 196 138 88 80 77 75 73 69 65 64 65 64 60 59 59 58 57 56 55 55 58 62 68 70 68 67 68 72 75 73 67 62 59 55 54 54 54 50 47 39 348 320 313
79 76 74 74 75 75 73 74 78 80 82 86 86 79 77 78 85 108 151 154 133 110 97 90 85 79 79 82 85 89 96 102 101 98 95 93 94 94 96 102 108 108 106 106 106 113 130 146 154 160 167 189 205 210 181 93 80 76 75 74 72 69 67 66 63 59 57 57 57 58 57 55 54 55 58 61 65 66 67 68 71 74 73 67 64 63 60 59 60 59 54 51 45 20 357 346
78 75 73 76 79 77 76 80 84 83 80 82 90 88 79 77 83 99 133 151 145 125 109 103 99 95 92 92 90 92 102 113 115 108 99 91 87 89 97 101 99 97 97 99 103 109 120 135 148 158 167 191 211 220 211 100 80 76 75 74 74 72 71 68 63 59 57 55 56 58 59 57 55 55 56 57 59 62 67 70 72 74 73 70 69 69 65 63 63 61 58 54 49 43 37 11
77 74 73 76 80 80 80 84 88 87 82 85 94 95 82 78 82 92 115 142 147 137 121 111 106 104 103 102 103 106 107 110 111 105 98 94 90 91 98 98 91 87 90 96 101 104 111 125 141 154 164 189 215 228 230 106 81 78 76 75 75 72 70 69 65 66 66 62 60 61 60 59 58 57 56 55 56 59 63 69 72 74 74 72 74 74 71 68 66 64 61 57 52 47 39 10
75 75 75 74 73 74 78 84 90 91 84 87 97 105 88 78 80 87 101 124 142 139 129 118 111 109 108 109 112 113 111 107 105 103 99 96 95 93 95 101 94 86 87 92 96 99 107 120 137 149 161 186 217 235 243 134 81 79 76 75 73 68 64 64 64 71 78 81 76 69 64 61 62 63 60 56 54 55 59 64 68 72 74 74 75 76 73 69 67 66 64 57 49 44 36 14
77 80 80 75 68 66 69 74 82 88 86 90 99 116 100 81 77 80 88 101 121 130 129 123 114 111 111 113 114 114 114 111 106 104 101 97 97 92 91 102 102 92 84 83 88 95 102 111 124 135 147 172 219 244 251 235 79 76 72 71 67 61 60 62 62 69 77 86 92 85 73 68 67 66 64 59 55 54 56 58 63 68 72 73 74 73 69 66 66 67 64 54 47 47 41 21
90 89 86 80 71 68 67 68 72 76 83 93 102 119 110 91 78 73 75 86 101 114 120 119 114 113 113 113 116 117 120 116 108 106 103 98 97 93 89 97 106 98 84 78 80 88 94 101 110 117 124 145 232 257 262 281 71 73 70 67 60 58 62 64 66 70 72 76 85 94 87 79 75 71 69 66 62 58 56 56 57 62 67 69 69 69 66 62 65 67 63 54 49 51 47 31
95 92 88 83 77 74 71 68 69 69 75 88 101 111 110 99 84 71 67 76 91 103 111 113 112 111 111 116 122 125 127 118 110 109 105 98 97 97 91 92 104 105 90 79 77 81 87 94 102 107 108 113 264 272 280 321 50 65 69 65 58 62 66 66 69 73 72 70 73 83 91 90 87 83 78 76 73 68 63 58 56 58 62 63 65 66 61 59 65 68 64 56 50 52 49 38
89 88 86 83 79 76 73 71 71 69 71 78 87 96 103 102 92 76 66 70 81 96 106 108 108 110 117 128 132 136 136 119 110 109 106 99 97 101 95 92 100 109 101 85 79 78 82 88 95 100 95 76 307 289 295 328 32 54 62 62 62 67 67 66 69 71 71 69 68 70 78 88 92 95 94 90 88 85 77 69 64 62 61 59 61 62 56 57 63 66 64 56 52 54 50 40
85 85 85 84 80 77 75 77 76 71 68 69 73 84 94 103 100 85 75 72 78 91 105 110 117 126 132 137 141 147 146 123 109 108 108 101 97 100 100 95 98 110 112 96 84 80 81 83 85 85 77 52 329 308 308 328 20 49 59 60 63 67 66 66 68 70 69 68 67 66 69 77 87 94 100 103 103 100 95 86 78 73 66 60 59 57 52 55 61 65 65 58 55 56 49 41
89 87 87 86 83 79 79 82 80 74 66 63 66 74 89 101 104 96 91 90 98 106 114 123 126 129 135 139 143 151 153 131 110 104 104 101 97 97 100 99 99 109 119 110 92 84 81 79 76 69 62 38 337 320 320 333 14 50 61 62 63 65 64 66 69 69 68 67 66 65 67 72 80 88 96 104 111 112 108 102 93 84 75 66 60 53 47 49 53 58 61 57 55 55 49 43
93 89 88 87 87 85 84 83 81 76 68 63 63 66 76 91 100 101 107 119 124 121 117 119 120 119 120 126 138 149 152 139 117 103 96 94 95 96 97 97 99 107 120 124 106 89 81 74 65 58 52 27 343 329 330 341 16 52 63 62 62 62 63 66 68 68 68 66 66 66 67 71 76 83 90 97 109 118 116 114 109 98 85 75 65 54 46 44 46 49 51 49 49 50 49 47
92 89 88 89 90 90 91 88 84 80 77 72 66 62 65 74 91 107 119 125 129 126 113 105 104 105 110 119 128 139 147 143 127 110 95 87 88 91 92 93 98 105 114 125 122 100 84 69 58 55 44 21 346 337 338 348 22 51 60 62 62 62 63 65 67 68 67 67 66 66 67 69 72 77 84 92 102 113 116 117 118 114 103 88 76 63 54 49 48 48 47 45 43 41 42 43
93 89 87 89 92 92 93 93 91 89 88 84 75 69 67 73 89 108 120 126 128 126 118 105 99 101 107 112 118 130 139 144 139 124 105 88 81 81 86 90 95 101 108 120 128 117 92 71 60 56 40 17 351 344 348 356 25 49 59 62 62 62 63 65 67 67 68 67 67 66 67 69 71 72 77 86 96 105 111 115 119 122 120 109 94 80 70 63 62 59 54 50 44 38 36 37
98 92 87 86 90 92 90 89 93 97 97 92 87 83 82 83 91 103 114 121 125 128 126 116 103 98 102 109 114 125 135 143 150 141 121 100 85 79 80 85 91 98 105 113 124 126 105 77 65 57 37 14 357 353 359 7 26 49 59 62 62 64 66 67 68 68 68 68 67 67 68 70 71 71 75 80 89 100 104 108 117 126 128 124 114 102 89 79 75 70 64 58 50 41 38 37
100 95 88 85 90 95 91 83 84 94 101 101 98 95 95 96 97 99 104 113 122 129 132 128 113 98 92 102 110 118 128 138 152 154 136 118 102 88 81 81 88 96 100 105 113 121 113 83 68 56 32 13 4 2 9 16 29 49 60 63 64 68 69 69 69 69 70 70 69 68 70 71 70 71 75 79 86 95 100 102 111 124 133 132 127 120 113 101 88 78 70 64 57 47 42 43
100 96 92 89 91 96 95 87 81 83 94 104 104 103 104 108 107 103 100 106 119 131 136 134 122 99 87 90 101 108 116 126 144 153 145 132 117 102 90 86 88 92 95 97 99 97 93 80 64 48 29 16 10 10 16 22 32 49 59 62 65 69 68 68 70 71 72 73 72 72 73 73 72 71 72 78 86 93 99 100 103 114 130 134 131 129 127 121 107 92 81 72 62 52 46 47
100 98 97 95 93 93 96 97 90 83 86 95 99 103 112 118 115 108 102 102 111 129 136 135 128 108 89 84 90 101 109 116 129 143 146 140 126 112 101 95 91 90 93 92 82 69 63 54 44 38 28 19 15 18 22 25 35 51 60 64 67 68 66 67 69 71 72 74 77 79 78 76 75 73 71 75 82 90 99 102 101 105 115 125 128 130 131 129 121 107 92 80 70 60 51 49
94 93 95 96 93 92 95 100 100 93 86 87 93 102 112 118 117 111 107 104 104 117 129 131 133 124 102 88 86 94 105 111 119 132 142 143 136 122 110 103 96 91 89 84 69 58 49 32 26 32 29 23 21 25 27 28 40 56 64 67 69 68 67 68 69 70 70 72 79 87 89 84 80 75 73 74 77 83 94 101 102 102 103 112 121 127 130 131 128 118 105 92 80 70 59 55
89 88 90 93 93 93 94 95 97 96 92 90 94 100 107 112 114 112 110 106 102 105 117 125 135 135 119 100 90 90 98 107 113 121 134 143 146 136 115 105 101 94 86 74 62 55 45 26 21 31 31 27 29 32 31 33 47 61 67 69 69 68 68 68 68 68 69 71 77 86 96 97 91 84 78 74 74 76 82 93 100 101 101 106 116 123 126 128 128 124 115 104 93 82 71 64
105 91 86 87 91 94 94 91 90 92 95 97 103 105 105 107 111 112 111 105 100 102 110 120 133 141 131 114 100 92 90 97 105 113 124 139 152 148 118 105 102 97 83 66 56 51 41 24 22 31 32 33 36 37 36 41 55 67 70 69 69 68 69 68 67 67 68 72 76 82 93 103 105 101 93 81 76 74 73 78 90 99 101 106 114 118 117 118 122 125 119 108 99 93 85 77
117 103 89 82 87 92 94 93 92 93 96 103 112 113 110 108 108 106 104 100 97 101 108 116 127 139 138 123 109 96 87 87 97 107 114 128 149 152 124 106 99 92 76 61 51 46 38 25 26 33 35 40 42 42 44 53 65 71 71 70 70 69 69 67 66 67 69 73 77 81 88 100 110 113 113 103 86 77 72 73 79 90 98 107 111 107 105 109 114 118 111 97 91 92 95 97
109 106 99 90 85 85 90 97 100 100 101 109 117 117 114 109 104 98 94 92 93 98 104 112 121 132 138 129 116 106 95 89 90 97 104 116 136 146 131 109 93 77 66 56 47 44 38 29 31 36 41 45 45 47 55 66 73 74 72 72 71 71 70 65 63 67 71 75 79 81 85 95 108 117 121 119 102 86 78 76 78 84 95 105 109 104 106 108 105 93 76 73 74 78 89 102
98 99 104 103 90 79 83 94 101 105 112 114 116 116 113 107 102 98 95 90 89 93 98 105 113 123 132 133 125 119 112 99 89 87 95 107 125 135 128 107 82 65 59 50 44 44 39 34 36 42 46 50 51 56 66 73 75 74 74 74 73 74 72 65 63 67 72 77 80 82 85 91 101 112 120 126 115 96 88 85 85 89 94 98 104 110 111 106 84 58 52 60 65 71 77 86
