windninja/windninja_output/Output_2025-08-24_1500-1550_Google earth_Fire_150m_10min/merlingen_7.5mi_point_08-24-2025_1540_150m_ang.asc
ncols	158
nrows	163
xllcorner	391686.332397
yllcorner	5160024.123721
cellsize	150.000000
NODATA_value	-32768.000000
[rows 47 to 93 of 163, columns 0 to 95 of 158]
352 349 346 345 343 339 336 335 334 333 332 331 330 329 328 328 327 326 326 326 326 326 326 325 325 325 325 325 324 324 324 323 323 323 324 324 323 322 322 323 324 324 326 335 342 338 332 329 329 335 341 348 356 357 356 353 347 341 335 334 336 334 331 329 328 327 331 336 341 342 340 340 343 348 357 7 10 1 347 336 328 323 322 326 331 331 329 327 323 319 316 313 312 312 313 317
353 351 349 349 346 340 336 336 335 334 333 332 332 331 329 328 328 328 327 327 327 327 327 326 326 326 326 326 325 325 325 324 324 324 324 324 323 322 322 322 322 322 326 335 339 334 330 329 332 339 348 356 358 355 354 350 342 337 334 335 336 332 328 326 324 325 330 336 340 341 340 341 343 350 1 8 7 357 346 336 330 328 328 331 334 333 332 330 326 321 317 313 313 315 317 320
354 353 353 353 348 341 338 336 336 335 334 334 333 332 331 330 329 329 328 328 328 328 328 327 327 327 327 327 327 326 326 326 326 325 325 325 324 323 323 323 321 321 325 331 333 329 328 331 336 345 356 359 356 354 351 346 338 333 333 336 337 333 328 324 323 325 330 336 339 341 341 342 346 354 2 4 1 355 348 341 336 333 333 335 335 334 334 332 327 323 319 313 312 315 317 320
356 356 357 357 349 343 341 339 337 336 336 335 334 333 332 331 331 330 330 330 329 329 329 329 328 328 328 328 328 327 327 327 327 326 326 325 325 324 324 324 323 323 325 329 328 326 327 332 341 352 358 354 350 349 347 342 335 332 334 337 338 335 328 323 323 327 332 336 339 341 341 344 349 356 359 357 355 353 349 343 338 335 336 336 335 333 332 329 324 321 319 314 311 313 315 322
360 359 360 357 349 346 345 342 340 338 338 337 336 335 334 333 332 332 331 331 331 330 330 330 329 329 330 329 329 329 328 328 328 327 327 326 324 324 324 325 325 324 324 327 326 325 328 338 352 358 354 348 345 344 341 335 332 333 338 340 340 337 328 321 324 329 334 338 341 342 343 346 351 355 354 352 351 350 347 343 339 337 335 334 333 331 328 325 322 320 319 314 308 308 315 321
5 3 0 356 348 347 348 346 342 341 340 338 338 336 335 334 333 333 333 332 332 331 331 331 330 330 331 330 330 330 329 329 329 329 328 327 326 325 324 325 326 324 324 325 326 326 331 345 355 353 349 347 346 344 337 330 330 336 342 345 344 338 327 322 325 332 337 341 344 344 346 348 352 353 352 350 350 348 343 340 341 340 336 332 329 327 325 324 321 319 318 314 309 310 316 320
10 6 0 355 350 349 350 348 345 344 342 340 339 338 337 335 335 335 334 333 333 333 332 332 332 332 332 331 331 331 331 330 330 330 329 329 328 327 326 326 326 325 324 325 326 329 335 346 348 346 346 345 345 342 335 329 332 341 347 348 345 338 327 323 328 335 341 346 347 346 347 350 353 354 352 351 350 347 340 338 341 341 338 336 332 327 325 325 324 322 320 318 317 316 313 317
10 7 1 355 352 352 352 351 349 347 344 341 340 339 338 337 336 336 335 335 334 334 333 333 333 333 333 333 332 332 332 332 331 331 331 330 329 329 327 327 326 324 324 325 326 329 336 342 341 341 345 345 342 339 334 331 338 347 351 349 345 338 329 327 332 339 345 350 350 349 350 354 356 354 352 351 352 348 341 340 341 339 339 340 340 335 331 328 328 328 325 322 322 319 307 309
9 7 3 357 353 353 353 353 352 350 346 343 341 340 339 338 338 337 337 337 336 335 335 334 334 334 334 334 334 334 333 333 333 332 332 332 331 330 329 328 325 323 323 324 325 327 332 336 336 339 345 344 342 339 333 335 345 351 351 348 344 338 332 331 336 343 348 351 351 352 356 0 358 353 352 352 352 347 342 342 341 338 338 340 342 341 342 341 338 333 325 321 321 318 305 305
10 9 7 4 359 354 353 353 352 352 350 346 343 340 340 339 339 338 338 338 337 337 336 336 336 336 335 335 335 335 335 334 334 334 334 333 333 332 331 330 328 325 325 327 327 328 329 331 332 337 343 342 341 339 334 338 349 353 350 345 341 337 335 335 339 344 348 350 351 356 3 2 356 353 352 353 351 346 343 343 342 339 338 340 340 342 347 351 350 342 327 321 322 321 311 308
12 11 9 8 5 0 356 353 351 351 351 351 348 343 341 340 340 340 339 339 338 338 338 338 337 337 337 337 337 336 336 336 336 335 335 335 334 334 333 332 331 330 329 329 328 327 326 326 328 334 339 340 340 337 334 341 350 351 347 343 339 337 336 338 342 346 349 351 356 1 1 356 354 353 353 352 350 345 344 345 344 342 341 340 340 341 346 351 351 343 331 326 325 323 314 309
15 13 11 10 8 5 2 357 352 349 351 355 354 349 343 340 340 340 341 340 340 339 339 339 339 339 338 338 338 338 338 337 337 337 337 336 336 335 335 334 333 333 332 331 329 328 326 324 324 328 335 338 338 336 336 343 348 347 343 340 339 339 339 342 346 350 351 354 360 360 355 353 353 352 351 351 347 344 345 347 348 347 345 345 345 346 348 348 344 336 326 323 323 320 312 305
17 16 14 12 10 8 5 0 354 350 351 355 357 354 349 344 341 341 341 341 341 341 340 340 340 340 340 340 340 339 339 339 339 338 338 338 338 337 337 336 335 335 334 333 332 330 329 326 324 326 331 335 336 335 337 343 347 343 339 337 338 340 342 345 349 352 353 357 0 357 353 352 352 350 350 349 345 343 346 348 350 350 350 351 352 352 351 345 337 327 320 317 317 314 306 301
20 19 18 16 13 10 7 3 358 355 353 354 355 355 354 351 346 342 341 342 343 342 342 342 342 342 342 341 341 341 341 341 340 340 340 340 339 339 339 338 338 337 336 335 335 333 332 331 328 327 328 330 331 332 337 344 345 340 336 336 337 340 343 347 351 353 355 360 360 354 352 351 349 348 348 347 344 345 349 351 352 352 352 354 354 353 348 340 329 321 316 314 312 310 304 299
23 23 21 19 16 13 9 5 1 359 356 354 352 354 357 357 353 347 344 343 343 343 344 344 344 344 343 343 342 342 342 342 342 342 342 341 341 341 340 340 340 339 338 338 337 336 335 333 332 329 328 327 326 328 335 342 341 337 334 335 337 339 342 347 351 354 359 2 357 352 351 350 347 346 347 345 345 350 353 354 355 355 356 357 354 347 338 331 323 317 316 314 311 307 304 299
28 28 25 22 18 15 11 7 4 2 359 355 352 353 356 358 358 355 349 346 344 344 345 346 346 345 345 344 344 344 344 344 344 344 343 343 343 343 342 342 342 341 340 340 339 338 337 336 334 332 330 329 326 327 334 340 338 335 334 335 337 339 342 346 351 356 3 2 355 350 350 349 346 345 346 346 349 353 356 357 358 360 1 359 353 341 329 324 319 315 315 312 306 305 303 295
36 34 29 25 20 15 13 10 8 6 2 358 355 354 354 357 360 360 357 352 348 346 346 347 348 347 347 346 346 346 346 346 346 345 345 345 345 345 344 344 344 343 343 342 341 340 339 338 336 334 333 331 328 329 335 340 339 336 335 337 339 341 343 348 353 358 2 357 351 350 350 348 345 345 346 349 353 355 357 360 2 4 4 359 351 336 325 320 315 312 312 308 305 303 296 275
43 40 33 28 22 18 16 14 11 9 7 2 357 355 354 355 358 1 2 358 354 351 349 348 348 349 349 348 348 348 347 347 347 347 347 347 347 347 346 346 346 345 345 344 343 342 341 340 339 337 335 332 329 329 333 338 340 339 337 336 338 343 350 356 355 355 353 349 348 349 349 347 345 345 348 351 353 355 359 2 5 6 2 355 345 329 321 317 313 310 311 310 309 301 274 179
45 41 34 28 24 21 19 17 16 13 10 5 360 357 356 355 355 360 3 3 1 358 354 351 349 350 350 351 350 350 349 349 349 349 349 349 349 349 348 348 348 347 347 346 345 345 344 343 341 340 337 334 331 329 331 334 337 340 339 337 339 350 1 359 354 351 347 346 347 347 348 347 345 346 349 351 352 355 360 5 7 5 358 351 338 324 317 314 313 315 316 315 313 289 167 153
41 38 34 31 27 23 19 18 18 15 10 7 5 360 357 357 357 358 1 4 5 3 1 357 353 351 352 353 353 352 352 352 351 351 351 351 351 351 350 350 350 349 349 348 348 347 346 345 344 342 340 337 334 331 329 329 330 335 338 339 345 353 355 353 352 350 347 347 347 346 346 345 345 347 349 349 351 355 2 6 5 0 352 344 333 322 316 314 316 319 323 331 353 132 142 147
29 31 31 31 29 23 18 19 20 18 13 10 9 5 0 359 360 359 359 2 5 6 6 3 360 357 355 355 354 354 354 354 353 353 353 353 353 353 352 352 352 352 351 351 350 349 348 347 346 345 343 341 338 335 332 327 324 326 333 340 346 348 346 347 349 349 350 349 347 345 345 344 344 346 348 349 351 356 2 1 357 350 342 335 327 317 311 314 320 326 343 28 108 128 135 141
11 20 26 26 25 21 16 19 23 22 16 13 11 9 6 3 2 1 360 1 4 6 7 7 6 5 3 0 357 355 355 355 355 355 355 355 355 355 355 354 354 354 353 353 352 352 351 350 349 347 346 344 342 340 337 333 328 325 328 335 340 339 339 340 343 348 351 351 348 346 346 345 343 344 347 349 351 355 357 353 347 340 332 327 320 308 305 317 327 346 29 91 113 122 126 126
3 13 25 26 26 24 20 19 22 21 16 13 12 11 10 8 7 6 4 4 5 6 7 8 9 11 13 9 2 359 356 356 356 357 357 357 357 357 357 357 356 356 356 355 355 354 353 352 351 350 349 347 346 344 342 339 337 334 333 334 335 333 332 332 336 342 347 348 347 348 349 346 342 344 347 349 351 353 352 347 341 333 327 325 316 306 308 326 346 25 73 96 102 102 96 77
20 26 37 41 41 38 31 24 23 23 20 17 17 17 15 14 13 13 12 9 7 8 8 9 10 14 17 15 9 5 1 358 357 358 359 359 359 359 359 359 359 358 358 358 357 357 356 355 354 353 352 350 349 348 346 344 343 341 339 338 337 333 329 326 327 332 336 339 342 347 350 346 342 345 349 351 351 351 348 343 338 333 333 325 313 308 317 341 19 61 81 84 76 65 37 21
37 40 48 57 62 60 51 41 39 37 34 31 30 28 24 21 19 19 18 15 12 12 11 11 10 10 15 17 15 11 8 5 1 360 1 1 1 2 2 2 1 1 1 0 360 359 358 358 357 356 355 353 352 351 349 348 347 346 344 343 341 338 335 331 328 327 326 327 332 339 343 342 342 346 350 351 350 348 346 343 341 340 337 323 312 313 334 5 53 74 76 66 49 30 9 356
48 50 53 57 60 61 59 57 57 56 52 50 47 41 36 30 25 23 22 20 18 16 15 14 9 6 12 19 20 17 14 12 9 5 2 3 3 4 4 4 4 3 3 3 2 2 1 0 359 359 357 356 355 354 353 352 350 349 348 346 345 343 341 339 336 333 330 327 327 328 330 332 338 346 349 349 348 347 349 350 349 345 334 321 315 327 360 38 66 68 56 46 38 18 349 333
56 58 60 61 62 62 61 61 63 61 56 52 47 43 39 34 30 29 26 23 21 19 18 16 12 9 12 18 22 22 20 18 16 12 7 5 6 6 6 6 6 6 6 6 5 4 4 3 2 1 0 359 358 357 356 355 353 352 351 350 348 346 345 343 341 339 337 334 331 327 324 324 329 340 344 345 345 347 352 355 352 343 329 320 322 351 31 54 57 47 34 27 25 4 334 324
63 65 68 69 69 69 67 66 65 61 57 52 47 43 39 35 33 32 29 26 24 24 23 21 17 13 13 18 24 26 24 22 21 18 14 10 10 9 9 9 9 9 9 8 8 7 7 6 5 4 3 2 1 360 359 357 356 355 354 352 351 349 348 346 345 343 341 339 337 334 331 328 330 335 340 342 343 349 355 355 349 336 325 322 341 26 50 50 40 32 16 10 2 335 326 320
69 71 74 78 79 79 77 74 69 64 60 56 51 47 42 38 36 34 31 29 28 28 28 27 22 17 17 20 24 27 27 25 24 24 21 18 15 13 12 11 12 12 12 11 11 10 10 9 8 7 6 5 4 2 1 0 359 358 356 355 353 352 350 349 348 346 344 342 340 339 337 336 335 335 337 338 341 349 355 351 340 330 324 332 16 46 49 39 30 23 2 357 340 321 318 315
71 73 78 84 89 90 89 84 78 71 65 60 55 51 46 42 39 37 35 33 32 32 31 30 27 23 23 24 25 28 30 30 30 31 30 25 21 18 16 15 14 15 15 15 14 14 13 12 11 10 9 8 6 5 4 3 1 0 359 357 356 355 353 352 350 348 347 345 343 342 341 340 338 337 336 335 339 346 350 343 332 326 329 4 51 55 46 43 32 11 352 345 327 315 311 311
75 76 80 86 94 99 99 95 88 80 71 63 57 54 50 47 44 42 39 38 37 35 34 32 30 28 29 29 28 29 33 35 35 34 34 30 25 23 21 19 17 17 18 18 18 17 16 15 14 13 12 10 9 8 6 5 4 3 1 360 358 357 355 354 352 350 349 347 346 344 343 342 340 339 337 335 337 341 343 336 328 331 357 41 53 50 44 35 19 355 343 335 324 315 312 313
79 78 76 83 98 106 108 105 96 85 73 65 59 56 53 50 48 45 43 41 41 39 38 35 31 31 34 34 32 31 33 36 36 34 35 33 29 27 26 23 20 20 21 21 21 21 20 19 18 16 15 13 12 10 9 8 6 5 3 2 1 359 358 356 354 353 351 349 348 346 345 344 342 341 340 338 337 339 338 333 332 350 20 32 28 26 23 11 351 341 333 328 322 316 315 317
78 75 69 71 87 103 110 106 97 87 73 64 59 57 56 54 51 49 47 46 45 44 43 39 33 33 37 37 35 32 32 35 36 37 38 36 33 31 32 30 25 24 25 26 25 25 25 24 22 20 18 16 14 13 11 10 9 7 6 4 3 1 360 358 356 355 353 351 350 348 347 346 344 343 342 340 339 339 336 334 342 3 14 14 15 14 8 352 339 330 325 322 318 316 317 319
70 67 60 62 68 74 83 78 77 75 65 60 60 60 59 57 55 53 51 50 49 48 47 43 36 35 40 41 38 35 33 36 37 38 39 39 36 34 35 35 30 28 30 31 31 31 30 29 28 25 22 19 17 15 14 13 11 10 8 7 5 3 2 0 358 357 355 353 351 350 348 347 346 344 343 342 341 340 337 338 350 2 5 7 10 7 352 338 331 325 321 318 316 316 316 316
69 68 66 66 72 72 57 46 52 54 53 56 60 61 62 62 59 58 57 56 54 53 52 47 40 40 45 45 43 40 37 38 38 38 40 40 38 37 37 37 34 31 34 37 39 40 39 38 38 35 27 21 18 17 16 15 14 12 11 9 7 6 4 2 0 358 357 355 353 352 350 349 347 346 344 343 342 342 340 343 351 357 3 7 8 357 339 330 327 324 321 318 315 315 316 314
79 78 76 78 80 72 58 50 49 50 50 55 61 64 65 65 64 64 63 61 60 58 57 52 45 46 50 49 47 45 43 44 45 45 46 45 43 41 40 39 36 33 34 36 37 38 37 36 37 35 29 23 19 18 18 17 16 15 13 11 10 8 6 4 2 0 358 357 355 353 352 350 349 347 345 344 343 343 342 344 349 355 3 8 4 343 332 327 325 323 320 318 316 317 317 315
77 75 73 75 74 68 63 57 55 55 56 60 64 67 69 68 67 68 68 67 66 64 62 58 51 50 52 51 50 49 49 49 50 51 52 52 50 47 45 43 40 36 34 33 33 32 30 29 30 30 27 24 20 18 19 20 19 17 16 14 12 10 8 6 4 2 0 358 357 355 353 351 350 348 346 345 344 344 344 345 348 355 2 4 351 334 326 323 322 320 318 317 316 316 316 315
73 71 71 72 70 68 65 63 63 63 64 65 66 68 70 71 70 71 72 73 73 72 68 65 60 56 55 54 53 52 51 50 50 50 54 57 57 55 52 49 45 41 39 38 38 37 36 36 36 35 32 28 25 22 22 22 22 20 18 16 14 12 10 8 6 4 2 0 358 356 354 353 351 349 347 346 345 345 345 346 350 354 358 355 339 329 323 320 318 317 315 314 314 313 313 312
74 74 74 75 73 71 67 66 68 69 69 68 68 69 69 70 70 73 75 76 78 79 77 74 70 65 62 59 58 57 54 53 50 49 52 55 56 58 58 56 51 47 46 46 47 47 48 49 49 46 41 37 34 30 27 26 25 24 21 19 17 14 12 10 8 6 4 2 360 358 356 354 352 350 348 346 346 345 345 345 349 352 355 348 332 325 322 320 319 317 315 314 314 313 313 313
77 76 76 78 76 72 67 67 70 73 72 69 69 70 69 69 70 72 75 79 82 83 84 86 82 70 64 63 62 61 58 57 54 50 51 51 51 53 56 58 57 53 50 49 50 51 52 54 55 53 49 45 41 37 33 31 29 27 25 22 19 17 14 12 10 8 6 4 2 359 357 355 353 351 349 347 346 345 344 344 346 347 348 341 329 322 320 319 318 317 315 315 316 317 319 319
80 79 79 79 75 70 66 66 69 72 71 70 71 70 69 69 67 69 73 77 80 82 85 91 90 69 60 61 62 61 60 61 59 57 57 54 50 50 52 54 55 55 54 52 52 53 55 57 58 56 53 49 45 42 40 38 35 32 29 25 22 19 16 14 12 10 8 5 3 1 359 357 354 352 350 348 346 344 342 341 341 340 339 333 326 321 319 316 314 314 314 315 315 316 318 318
81 81 79 77 71 65 63 64 66 69 70 71 72 69 66 63 62 66 70 74 76 77 84 90 85 56 57 60 61 61 61 63 63 64 66 65 60 56 54 54 54 54 54 54 52 53 56 58 58 55 53 52 48 46 44 42 41 39 35 30 25 21 18 16 14 12 10 7 5 3 0 358 355 353 350 348 345 343 341 339 337 334 330 325 319 317 317 314 314 312 312 312 310 305 300 299
82 81 78 74 70 66 63 63 62 64 69 72 70 66 63 59 59 63 68 74 77 83 89 86 61 38 53 60 61 62 63 63 64 65 68 71 71 67 63 62 60 58 56 55 55 56 57 58 58 56 54 51 47 44 42 41 42 44 44 35 25 21 19 18 16 14 12 9 7 4 2 359 357 354 351 348 345 343 340 338 335 331 326 319 312 309 310 310 312 311 308 305 299 292 289 290
81 79 74 72 72 71 67 62 57 59 67 70 65 61 59 57 57 60 67 77 87 94 91 72 39 32 50 59 62 64 65 66 66 66 68 70 71 71 68 66 65 64 62 61 61 61 60 60 60 59 58 55 50 45 41 41 43 45 47 38 22 19 20 19 18 16 14 12 9 6 4 1 358 355 352 349 346 343 340 336 333 330 326 320 313 310 309 307 308 306 300 295 293 290 290 291
78 74 66 64 66 67 64 58 53 58 65 64 56 54 52 51 52 56 64 80 95 98 78 53 33 34 51 59 63 65 67 69 70 70 70 70 70 71 71 68 65 64 64 65 65 65 64 64 63 64 64 62 58 51 42 40 42 43 43 36 22 18 21 22 20 19 16 14 11 8 6 3 360 356 353 350 347 343 340 336 332 328 326 322 318 315 312 308 304 298 290 285 285 283 282 284
75 70 61 58 57 56 52 44 41 49 57 57 50 50 50 52 53 55 65 77 86 78 57 44 34 39 54 61 65 68 70 72 73 74 74 73 72 72 74 74 68 63 64 67 68 69 68 68 68 70 71 71 68 60 46 41 45 45 44 39 29 22 22 24 23 22 19 17 14 11 8 5 1 358 355 351 348 344 340 336 332 328 323 320 316 313 309 305 298 289 276 275 277 276 275 278
75 71 63 60 59 56 50 39 32 42 49 46 39 36 37 44 48 53 69 75 67 41 37 38 37 46 57 63 67 70 71 74 77 78 77 76 76 75 76 76 72 65 64 66 68 70 71 71 72 73 75 79 76 66 57 54 58 57 52 46 38 28 26 27 26 25 22 19 16 13 10 7 3 0 356 353 349 345 340 336 332 328 323 318 312 306 303 297 288 277 273 275 278 277 278 280
