windninja/windninja_output/Output_2025-08-24_1500-1550_Google earth_Fire_150m_10min/merlingen_7.5mi_point_08-24-2025_1550_150m_vel.asc
ncols	158
nrows	163
xllcorner	391686.332397
yllcorner	5160024.123721
cellsize	150.000000
NODATA_value	-32768.000000
[rows 76 to 113 of 163, columns 0 to 83 of 158]
2.46 2.03 1.32 0.81 0.48 0.34 0.32 0.40 0.51 0.62 0.74 0.84 0.93 1.02 1.11 1.18 1.23 1.29 1.34 1.38 1.41 1.44 1.48 1.52 1.55 1.52 1.50 1.55 1.67 1.81 1.89 1.86 1.78 1.68 1.61 1.59 1.61 1.63 1.65 1.65 1.66 1.67 1.69 1.70 1.70 1.72 1.73 1.75 1.76 1.78 1.80 1.82 1.84 1.85 1.87 1.88 1.89 1.91 1.92 1.93 1.94 1.95 1.96 1.97 1.98 2.00 2.02 2.03 2.03 2.02 2.02 2.01 2.03 2.06 2.12 2.16 2.13 2.13 2.37 2.96 3.52 3.19 1.99 0.68
2.92 2.41 1.61 1.03 0.55 0.24 0.10 0.23 0.40 0.57 0.73 0.85 0.95 1.02 1.08 1.13 1.19 1.25 1.31 1.35 1.39 1.43 1.48 1.52 1.54 1.50 1.47 1.48 1.51 1.58 1.69 1.73 1.70 1.70 1.71 1.68 1.66 1.63 1.61 1.62 1.65 1.66 1.66 1.67 1.68 1.69 1.70 1.71 1.73 1.75 1.78 1.80 1.82 1.84 1.86 1.88 1.89 1.91 1.92 1.94 1.95 1.97 1.98 1.99 2.01 2.03 2.04 2.06 2.06 2.07 2.09 2.11 2.12 2.14 2.14 2.14 2.10 2.12 2.37 2.87 2.91 1.99 0.87 0.52
3.56 2.80 1.90 1.45 0.86 0.31 0.09 0.30 0.51 0.70 0.83 0.92 0.99 1.05 1.09 1.13 1.18 1.23 1.28 1.32 1.36 1.40 1.44 1.47 1.51 1.55 1.55 1.50 1.48 1.50 1.59 1.74 1.86 1.91 1.92 1.88 1.80 1.71 1.63 1.60 1.61 1.63 1.64 1.65 1.66 1.66 1.67 1.68 1.70 1.72 1.75 1.78 1.81 1.83 1.86 1.88 1.89 1.91 1.93 1.94 1.96 1.97 1.99 2.01 2.03 2.05 2.06 2.08 2.10 2.12 2.14 2.15 2.15 2.15 2.16 2.16 2.14 2.15 2.33 2.55 2.20 1.23 0.80 0.87
4.17 3.28 2.19 2.10 1.25 0.30 0.33 0.64 0.83 0.93 0.98 1.01 1.06 1.10 1.14 1.17 1.20 1.22 1.24 1.27 1.31 1.36 1.39 1.40 1.46 1.56 1.65 1.66 1.62 1.59 1.64 1.78 1.91 1.94 1.91 1.91 1.90 1.81 1.70 1.61 1.56 1.55 1.57 1.58 1.58 1.58 1.59 1.60 1.63 1.66 1.71 1.75 1.79 1.82 1.85 1.87 1.89 1.91 1.93 1.94 1.96 1.98 2.00 2.02 2.04 2.06 2.08 2.11 2.13 2.15 2.17 2.17 2.18 2.19 2.21 2.21 2.21 2.23 2.32 2.28 1.73 1.22 1.29 1.59
4.26 3.58 2.77 2.44 2.25 2.13 1.66 1.49 1.40 1.26 1.16 1.14 1.15 1.15 1.16 1.18 1.19 1.18 1.19 1.23 1.28 1.31 1.34 1.37 1.43 1.52 1.62 1.70 1.70 1.67 1.69 1.77 1.90 2.03 2.07 2.00 1.92 1.89 1.84 1.73 1.58 1.49 1.45 1.43 1.43 1.45 1.47 1.48 1.50 1.57 1.66 1.72 1.77 1.81 1.84 1.86 1.88 1.90 1.92 1.94 1.96 1.98 2.01 2.03 2.05 2.07 2.10 2.12 2.15 2.17 2.18 2.19 2.20 2.23 2.25 2.27 2.28 2.28 2.28 2.11 1.76 1.70 1.88 2.03
3.98 3.20 2.24 2.19 2.54 2.79 2.83 2.52 2.08 1.71 1.45 1.31 1.23 1.18 1.14 1.12 1.11 1.11 1.13 1.17 1.22 1.26 1.31 1.36 1.41 1.45 1.50 1.58 1.65 1.71 1.74 1.79 1.87 2.00 2.11 2.12 2.02 1.95 1.94 1.89 1.78 1.61 1.46 1.33 1.25 1.22 1.21 1.21 1.25 1.36 1.51 1.66 1.76 1.81 1.84 1.86 1.88 1.89 1.91 1.93 1.96 1.98 2.01 2.03 2.06 2.08 2.11 2.14 2.16 2.18 2.20 2.22 2.24 2.27 2.30 2.32 2.33 2.35 2.33 2.22 2.13 2.17 2.18 2.09
3.85 2.76 1.86 2.23 2.45 2.58 2.69 2.63 2.30 1.93 1.61 1.38 1.25 1.18 1.13 1.08 1.04 1.04 1.06 1.09 1.14 1.20 1.26 1.32 1.37 1.41 1.46 1.54 1.62 1.68 1.68 1.63 1.58 1.58 1.69 1.88 2.00 1.98 1.93 1.93 1.94 1.88 1.78 1.69 1.60 1.53 1.50 1.51 1.59 1.64 1.66 1.68 1.72 1.78 1.83 1.85 1.87 1.89 1.91 1.93 1.95 1.98 2.01 2.03 2.06 2.09 2.11 2.14 2.17 2.19 2.21 2.24 2.27 2.30 2.33 2.36 2.39 2.40 2.40 2.36 2.32 2.26 2.23 2.32
3.24 2.89 2.87 2.84 2.61 2.35 2.25 2.19 2.02 1.72 1.45 1.29 1.19 1.11 1.04 1.00 0.98 0.97 0.97 1.00 1.04 1.11 1.18 1.24 1.34 1.47 1.55 1.59 1.61 1.62 1.60 1.55 1.48 1.41 1.39 1.46 1.61 1.76 1.83 1.84 1.87 1.95 2.04 2.13 2.21 2.27 2.31 2.36 2.40 2.39 2.27 2.06 1.93 1.88 1.86 1.84 1.85 1.87 1.89 1.92 1.94 1.97 2.00 2.03 2.06 2.09 2.12 2.14 2.17 2.20 2.23 2.26 2.29 2.33 2.37 2.40 2.43 2.45 2.45 2.42 2.33 2.28 2.41 2.91
2.74 2.83 2.80 2.59 2.48 2.24 1.94 1.71 1.56 1.40 1.26 1.19 1.13 1.06 1.00 0.95 0.93 0.91 0.90 0.92 0.96 1.02 1.10 1.20 1.32 1.44 1.53 1.56 1.57 1.60 1.63 1.62 1.58 1.51 1.42 1.35 1.36 1.45 1.54 1.64 1.73 1.83 1.90 1.96 2.01 2.07 2.12 2.17 2.18 2.20 2.24 2.22 2.12 1.97 1.85 1.82 1.83 1.84 1.87 1.90 1.93 1.97 2.00 2.03 2.06 2.09 2.11 2.14 2.17 2.20 2.24 2.27 2.31 2.34 2.38 2.43 2.47 2.50 2.53 2.53 2.51 2.57 2.79 3.43
1.95 2.02 2.04 2.02 2.13 1.98 1.67 1.46 1.36 1.25 1.18 1.15 1.11 1.08 1.06 1.03 0.96 0.90 0.87 0.85 0.85 0.88 0.97 1.12 1.25 1.31 1.33 1.39 1.46 1.53 1.59 1.62 1.64 1.66 1.65 1.60 1.53 1.44 1.39 1.45 1.58 1.68 1.72 1.71 1.68 1.65 1.63 1.61 1.59 1.61 1.68 1.75 1.78 1.77 1.76 1.76 1.78 1.81 1.84 1.88 1.92 1.95 1.99 2.02 2.05 2.08 2.11 2.14 2.17 2.21 2.24 2.28 2.31 2.36 2.41 2.46 2.50 2.55 2.60 2.68 2.79 2.99 3.35 4.05
1.82 1.88 1.85 1.79 1.92 1.88 1.61 1.46 1.38 1.26 1.18 1.15 1.10 1.09 1.10 1.07 1.00 0.91 0.80 0.72 0.67 0.69 0.76 0.93 1.15 1.30 1.35 1.39 1.44 1.46 1.47 1.53 1.62 1.75 1.92 2.01 1.98 1.88 1.71 1.55 1.48 1.54 1.63 1.67 1.65 1.60 1.56 1.51 1.46 1.43 1.40 1.41 1.49 1.59 1.65 1.69 1.72 1.75 1.80 1.85 1.90 1.94 1.98 2.01 2.04 2.08 2.11 2.14 2.17 2.20 2.24 2.28 2.32 2.37 2.42 2.47 2.53 2.60 2.70 2.84 3.04 3.39 3.98 4.80
2.37 2.14 1.83 1.73 1.81 1.92 1.79 1.69 1.65 1.50 1.26 1.14 1.11 1.10 1.11 1.08 1.05 0.98 0.85 0.74 0.69 0.70 0.82 1.14 1.43 1.55 1.59 1.59 1.56 1.51 1.47 1.47 1.50 1.57 1.69 1.89 2.08 2.19 2.18 2.02 1.77 1.60 1.57 1.61 1.63 1.60 1.56 1.53 1.48 1.37 1.30 1.33 1.39 1.44 1.49 1.54 1.59 1.66 1.75 1.82 1.87 1.92 1.97 2.00 2.03 2.06 2.09 2.13 2.16 2.20 2.24 2.28 2.32 2.37 2.43 2.48 2.56 2.65 2.78 2.94 3.17 3.56 4.13 4.84
3.18 2.53 1.91 1.86 1.92 2.14 2.25 2.16 1.99 1.76 1.41 1.21 1.20 1.22 1.26 1.28 1.21 1.15 1.07 0.99 0.98 1.12 1.56 1.99 2.02 1.84 1.71 1.66 1.61 1.58 1.54 1.49 1.45 1.39 1.34 1.39 1.58 1.84 2.06 2.14 2.07 1.88 1.70 1.64 1.68 1.72 1.70 1.61 1.54 1.49 1.44 1.39 1.38 1.42 1.48 1.51 1.52 1.57 1.63 1.74 1.84 1.92 1.96 1.99 2.02 2.05 2.09 2.12 2.15 2.19 2.23 2.27 2.32 2.37 2.42 2.49 2.58 2.68 2.81 2.95 3.15 3.42 3.80 4.38
3.50 2.93 2.33 2.19 2.10 2.16 2.32 2.39 2.27 2.09 1.77 1.50 1.42 1.39 1.36 1.37 1.36 1.34 1.29 1.32 1.47 1.97 2.45 2.46 2.13 1.87 1.72 1.63 1.60 1.58 1.57 1.55 1.51 1.46 1.37 1.28 1.25 1.34 1.53 1.72 1.82 1.83 1.76 1.67 1.65 1.70 1.74 1.69 1.61 1.59 1.61 1.60 1.62 1.67 1.71 1.71 1.63 1.51 1.52 1.70 1.86 1.93 1.97 1.99 2.01 2.04 2.07 2.10 2.14 2.17 2.22 2.26 2.30 2.35 2.42 2.49 2.58 2.67 2.78 2.91 3.08 3.27 3.48 3.78
3.30 2.98 2.60 2.30 2.02 1.91 2.05 2.32 2.50 2.55 2.33 1.92 1.69 1.57 1.48 1.43 1.53 1.63 1.59 1.63 2.15 2.72 2.76 2.38 2.03 1.84 1.72 1.64 1.60 1.57 1.55 1.53 1.50 1.49 1.48 1.42 1.30 1.25 1.35 1.54 1.65 1.63 1.59 1.56 1.53 1.53 1.59 1.66 1.66 1.62 1.62 1.69 1.78 1.84 1.85 1.79 1.69 1.63 1.77 1.94 1.98 1.96 1.97 1.98 2.00 2.02 2.05 2.08 2.12 2.15 2.19 2.24 2.29 2.35 2.41 2.47 2.55 2.64 2.74 2.86 3.02 3.17 3.30 3.49
3.07 2.99 2.97 2.89 2.66 2.31 2.22 2.52 2.91 3.09 2.92 2.51 2.21 2.06 1.98 1.96 1.97 2.00 1.96 2.06 2.67 2.90 2.51 2.23 2.00 1.84 1.71 1.62 1.57 1.53 1.50 1.48 1.44 1.42 1.44 1.48 1.46 1.39 1.39 1.54 1.74 1.75 1.61 1.49 1.42 1.40 1.44 1.50 1.54 1.55 1.56 1.61 1.70 1.80 1.87 1.90 2.01 2.24 2.43 2.37 2.15 2.01 1.96 1.96 1.97 2.00 2.03 2.06 2.09 2.13 2.17 2.22 2.26 2.32 2.38 2.45 2.52 2.60 2.70 2.81 2.95 3.09 3.27 3.50
2.80 2.99 3.45 3.83 3.99 3.84 3.84 4.22 4.56 4.65 4.07 3.26 2.81 2.54 2.34 2.29 2.38 2.64 3.04 3.42 3.20 2.59 2.08 1.98 1.84 1.73 1.65 1.58 1.52 1.48 1.45 1.43 1.41 1.39 1.40 1.45 1.48 1.46 1.40 1.40 1.59 1.80 1.76 1.55 1.39 1.30 1.26 1.26 1.28 1.30 1.33 1.42 1.54 1.64 1.76 2.01 2.33 2.51 2.48 2.31 2.15 2.02 1.95 1.92 1.94 1.96 1.99 2.03 2.06 2.10 2.14 2.19 2.24 2.29 2.35 2.41 2.48 2.56 2.66 2.77 2.88 3.00 3.17 3.37
2.42 2.74 3.35 3.88 4.34 4.67 4.98 5.39 5.71 5.86 5.76 5.28 4.83 4.73 4.57 4.31 4.16 4.35 4.30 4.01 3.58 2.38 1.93 1.82 1.73 1.65 1.58 1.53 1.49 1.45 1.40 1.34 1.29 1.29 1.33 1.37 1.40 1.41 1.41 1.37 1.41 1.64 1.83 1.72 1.47 1.26 1.16 1.16 1.22 1.23 1.21 1.34 1.50 1.56 1.63 1.78 1.90 1.85 1.77 1.80 1.87 1.88 1.86 1.86 1.89 1.92 1.95 1.98 2.02 2.06 2.11 2.16 2.21 2.25 2.31 2.37 2.44 2.51 2.59 2.69 2.79 2.90 3.02 3.16
2.22 2.51 2.98 3.30 3.59 3.81 4.03 4.19 4.33 4.93 5.72 6.12 6.22 6.21 6.20 5.85 5.48 5.13 4.39 3.75 3.38 2.77 2.28 1.93 1.72 1.61 1.54 1.51 1.50 1.46 1.38 1.29 1.22 1.20 1.23 1.28 1.34 1.37 1.38 1.39 1.42 1.58 1.90 2.06 1.88 1.62 1.44 1.36 1.39 1.47 1.60 1.71 1.67 1.60 1.56 1.52 1.43 1.36 1.40 1.49 1.59 1.68 1.74 1.79 1.83 1.87 1.90 1.94 1.99 2.04 2.08 2.11 2.15 2.21 2.26 2.32 2.39 2.46 2.54 2.61 2.70 2.79 2.90 3.01
2.13 2.27 2.63 2.82 2.91 2.88 2.75 2.57 2.49 2.94 3.56 4.09 4.10 3.53 3.51 3.56 4.03 3.88 3.85 3.46 3.11 2.87 2.38 1.88 1.56 1.46 1.47 1.48 1.49 1.54 1.55 1.51 1.43 1.31 1.22 1.22 1.25 1.28 1.30 1.31 1.35 1.47 1.75 2.14 2.35 2.33 2.17 2.01 1.96 2.09 2.25 2.16 1.86 1.64 1.53 1.47 1.42 1.39 1.39 1.43 1.50 1.58 1.65 1.72 1.77 1.81 1.85 1.90 1.95 1.99 2.02 2.07 2.11 2.16 2.21 2.27 2.33 2.40 2.47 2.54 2.62 2.70 2.78 2.86
2.28 2.11 2.36 2.61 2.73 2.70 2.43 1.98 1.53 1.24 1.31 1.85 2.00 1.97 1.97 2.30 2.68 3.25 3.66 3.05 2.63 2.71 2.37 1.78 1.30 1.20 1.28 1.38 1.45 1.54 1.67 1.71 1.60 1.39 1.21 1.13 1.14 1.17 1.20 1.22 1.23 1.28 1.44 1.77 2.20 2.51 2.66 2.67 2.64 2.57 2.38 2.12 1.85 1.65 1.53 1.44 1.38 1.34 1.32 1.35 1.43 1.51 1.58 1.65 1.69 1.74 1.81 1.86 1.90 1.93 1.97 2.00 2.05 2.10 2.16 2.22 2.27 2.33 2.40 2.46 2.53 2.61 2.68 2.74
2.79 2.25 2.08 2.20 2.31 2.46 2.37 1.99 1.41 0.96 0.89 0.94 1.10 1.60 1.83 2.20 2.55 3.18 3.69 3.20 2.76 2.75 2.59 1.82 1.11 1.03 1.18 1.32 1.37 1.36 1.38 1.44 1.45 1.35 1.17 1.04 0.99 1.00 1.06 1.12 1.16 1.18 1.24 1.41 1.65 1.94 2.19 2.32 2.25 2.04 1.86 1.80 1.74 1.62 1.51 1.41 1.31 1.24 1.23 1.25 1.29 1.36 1.45 1.54 1.62 1.70 1.76 1.80 1.82 1.85 1.89 1.95 2.00 2.05 2.10 2.15 2.21 2.27 2.33 2.39 2.46 2.52 2.58 2.63
3.11 2.18 1.30 1.19 1.47 1.86 2.02 1.93 1.65 1.29 1.02 0.86 0.92 1.27 1.75 2.15 2.56 2.96 2.90 3.08 3.11 3.01 2.86 2.03 1.41 1.36 1.34 1.31 1.29 1.24 1.19 1.21 1.26 1.25 1.15 1.02 0.91 0.84 0.86 0.94 1.03 1.08 1.14 1.22 1.30 1.35 1.43 1.54 1.55 1.53 1.56 1.64 1.67 1.59 1.51 1.47 1.42 1.34 1.29 1.26 1.22 1.23 1.29 1.39 1.50 1.59 1.65 1.70 1.74 1.79 1.85 1.90 1.94 1.98 2.03 2.08 2.14 2.19 2.25 2.32 2.38 2.43 2.49 2.54
3.02 1.74 0.42 0.57 0.88 1.12 1.30 1.52 1.56 1.41 1.30 1.16 1.06 1.23 1.75 2.35 2.70 2.56 2.32 2.51 2.95 3.19 3.09 2.72 2.18 1.78 1.53 1.35 1.26 1.26 1.24 1.19 1.14 1.12 1.08 1.03 0.98 0.88 0.77 0.75 0.85 0.96 1.05 1.14 1.26 1.37 1.42 1.48 1.57 1.65 1.68 1.69 1.74 1.74 1.65 1.59 1.55 1.47 1.39 1.35 1.34 1.32 1.31 1.33 1.39 1.46 1.54 1.63 1.70 1.74 1.78 1.81 1.85 1.90 1.96 2.01 2.07 2.12 2.18 2.24 2.30 2.36 2.41 2.46
2.29 1.31 0.39 0.63 0.86 1.03 1.19 1.36 1.45 1.42 1.44 1.35 1.22 1.37 1.76 2.30 2.71 2.46 2.05 2.14 2.55 2.86 2.95 2.67 2.19 1.86 1.62 1.43 1.31 1.29 1.28 1.21 1.10 0.99 0.91 0.90 0.92 0.91 0.81 0.69 0.72 0.83 0.93 1.04 1.21 1.39 1.48 1.53 1.63 1.75 1.82 1.83 1.85 1.90 1.89 1.80 1.69 1.60 1.52 1.47 1.48 1.50 1.49 1.45 1.45 1.47 1.51 1.57 1.61 1.63 1.67 1.72 1.77 1.83 1.88 1.93 1.99 2.05 2.11 2.17 2.22 2.28 2.33 2.38
1.64 1.07 0.67 0.85 1.01 1.12 1.25 1.36 1.43 1.44 1.47 1.42 1.33 1.49 1.81 2.21 2.67 2.53 2.10 2.29 2.47 2.56 2.66 2.50 2.17 1.89 1.69 1.53 1.39 1.35 1.36 1.30 1.16 0.97 0.78 0.67 0.67 0.72 0.74 0.66 0.63 0.70 0.79 0.91 1.03 1.19 1.35 1.47 1.59 1.74 1.87 1.92 1.89 1.87 1.88 1.87 1.84 1.83 1.75 1.59 1.50 1.51 1.57 1.60 1.59 1.57 1.55 1.52 1.50 1.51 1.55 1.62 1.69 1.74 1.79 1.85 1.91 1.97 2.03 2.09 2.14 2.20 2.26 2.30
1.38 1.11 0.98 1.11 1.21 1.26 1.33 1.41 1.47 1.47 1.47 1.45 1.37 1.47 1.91 2.45 2.82 2.84 2.66 2.71 2.79 2.59 2.58 2.58 2.33 2.06 1.83 1.64 1.50 1.45 1.47 1.44 1.29 1.10 0.87 0.65 0.52 0.50 0.53 0.51 0.47 0.53 0.65 0.78 0.92 1.14 1.41 1.61 1.72 1.79 1.86 1.93 1.96 1.95 1.93 1.91 1.93 1.95 1.93 1.85 1.73 1.68 1.68 1.67 1.65 1.62 1.57 1.49 1.41 1.36 1.41 1.51 1.58 1.63 1.69 1.75 1.80 1.88 1.94 2.01 2.07 2.13 2.19 2.24
1.62 1.47 1.34 1.38 1.42 1.46 1.48 1.49 1.53 1.52 1.48 1.45 1.32 1.26 1.49 1.99 2.53 2.65 2.60 2.87 3.11 2.87 2.74 2.70 2.50 2.32 2.14 1.86 1.63 1.58 1.57 1.54 1.47 1.28 1.05 0.78 0.54 0.41 0.35 0.29 0.26 0.36 0.50 0.65 0.81 0.98 1.23 1.50 1.69 1.78 1.84 1.91 1.97 2.04 2.12 2.13 2.06 2.01 2.01 2.04 2.03 1.96 1.86 1.79 1.74 1.68 1.58 1.49 1.41 1.36 1.38 1.41 1.43 1.48 1.55 1.62 1.70 1.79 1.86 1.93 1.99 2.05 2.11 2.16
1.99 1.86 1.70 1.65 1.63 1.62 1.62 1.59 1.59 1.60 1.51 1.42 1.28 1.11 1.12 1.38 1.92 2.18 2.22 2.66 3.00 3.05 3.04 2.91 2.69 2.58 2.56 2.28 1.92 1.82 1.70 1.60 1.60 1.46 1.23 0.98 0.67 0.46 0.34 0.20 0.10 0.24 0.40 0.55 0.69 0.80 0.94 1.19 1.48 1.71 1.85 1.93 1.98 2.00 2.05 2.15 2.19 2.15 2.09 2.05 2.01 1.93 1.87 1.86 1.83 1.76 1.67 1.61 1.56 1.54 1.50 1.39 1.30 1.28 1.30 1.40 1.55 1.68 1.77 1.84 1.91 1.99 2.05 2.10
2.31 2.15 1.98 1.94 1.90 1.82 1.75 1.71 1.69 1.73 1.63 1.47 1.35 1.19 1.17 1.33 1.69 1.95 2.11 2.42 2.64 2.85 3.06 3.07 2.93 2.87 2.93 2.76 2.43 2.24 1.96 1.77 1.67 1.57 1.43 1.21 0.88 0.54 0.33 0.16 0.01 0.20 0.36 0.51 0.64 0.75 0.86 1.04 1.33 1.66 1.92 2.06 2.15 2.14 2.04 2.01 2.10 2.18 2.18 2.10 2.00 1.92 1.86 1.80 1.77 1.75 1.74 1.73 1.69 1.64 1.59 1.50 1.38 1.25 1.24 1.38 1.53 1.56 1.60 1.71 1.85 1.94 1.99 2.03
2.64 2.44 2.23 2.22 2.23 2.13 1.98 1.87 1.83 1.92 1.84 1.66 1.51 1.37 1.32 1.37 1.63 1.87 1.99 2.19 2.47 2.72 2.79 2.95 3.12 3.13 3.22 3.21 3.06 2.76 2.38 2.06 1.75 1.64 1.67 1.51 1.09 0.63 0.34 0.16 0.06 0.21 0.36 0.49 0.63 0.75 0.83 0.96 1.17 1.47 1.82 2.07 2.24 2.34 2.32 2.18 2.08 2.10 2.16 2.16 2.08 2.01 1.96 1.89 1.82 1.80 1.77 1.72 1.71 1.68 1.60 1.55 1.55 1.55 1.57 1.61 1.60 1.52 1.54 1.72 1.89 1.92 1.93 1.96
2.88 2.72 2.50 2.47 2.50 2.44 2.29 2.12 2.09 2.27 2.27 2.11 1.97 1.82 1.69 1.57 1.67 1.83 1.87 1.99 2.38 2.76 2.59 2.54 3.02 3.39 3.44 3.52 3.71 3.40 2.84 2.37 1.85 1.78 2.00 1.82 1.28 0.74 0.41 0.18 0.08 0.23 0.36 0.50 0.65 0.78 0.87 0.96 1.11 1.29 1.51 1.76 2.00 2.24 2.43 2.46 2.31 2.18 2.15 2.17 2.16 2.06 2.00 1.99 1.97 1.90 1.83 1.75 1.70 1.70 1.68 1.62 1.61 1.65 1.67 1.65 1.62 1.65 1.76 1.88 1.91 1.87 1.88 1.90
2.99 2.88 2.75 2.75 2.73 2.74 2.78 2.64 2.59 2.67 2.70 2.49 2.22 2.14 2.11 1.92 1.81 1.85 1.89 1.99 2.31 2.74 2.56 2.18 2.56 3.26 3.52 3.57 4.09 4.12 3.27 2.72 2.05 2.02 2.40 2.09 1.42 0.90 0.60 0.31 0.05 0.25 0.37 0.51 0.67 0.80 0.93 1.02 1.12 1.25 1.41 1.59 1.76 1.95 2.21 2.44 2.50 2.39 2.30 2.32 2.35 2.26 2.10 2.00 1.95 1.89 1.85 1.80 1.73 1.71 1.75 1.72 1.65 1.63 1.67 1.70 1.72 1.77 1.80 1.80 1.79 1.80 1.82 1.83
3.03 2.92 2.87 2.93 2.93 2.96 2.98 2.93 2.78 2.69 2.80 2.72 2.41 2.34 2.42 2.27 1.98 1.90 2.12 2.42 2.61 2.73 2.47 2.04 2.07 2.79 3.39 3.52 4.09 4.43 3.71 3.14 2.54 2.40 2.84 2.36 1.54 1.08 0.77 0.52 0.23 0.18 0.33 0.51 0.67 0.81 0.97 1.06 1.10 1.21 1.42 1.66 1.84 1.93 2.04 2.25 2.49 2.56 2.50 2.48 2.55 2.55 2.37 2.12 1.97 1.84 1.76 1.79 1.79 1.71 1.68 1.71 1.75 1.75 1.76 1.77 1.77 1.72 1.63 1.61 1.65 1.75 1.78 1.75
3.08 2.98 2.94 2.90 2.80 2.73 2.66 2.68 2.71 2.70 2.83 2.84 2.56 2.51 2.65 2.54 2.08 1.82 2.30 2.93 3.23 3.00 2.34 1.95 1.84 2.18 2.93 3.50 4.34 4.80 4.07 3.45 3.08 3.03 3.31 2.68 1.69 1.24 0.94 0.71 0.53 0.37 0.26 0.46 0.69 0.84 0.98 1.08 1.13 1.21 1.35 1.59 1.86 2.03 2.10 2.19 2.39 2.55 2.54 2.45 2.48 2.60 2.58 2.36 2.15 1.99 1.80 1.72 1.74 1.75 1.76 1.84 1.91 1.87 1.78 1.70 1.65 1.58 1.53 1.53 1.58 1.68 1.69 1.63
3.04 3.01 2.97 2.89 2.76 2.68 2.62 2.66 2.72 2.73 2.88 2.97 2.65 2.54 2.79 2.77 2.14 1.73 2.25 3.15 3.86 3.69 2.44 1.82 1.82 1.92 2.29 2.96 4.14 5.21 4.89 3.79 3.30 3.52 3.81 3.10 2.05 1.42 1.05 0.90 0.83 0.78 0.62 0.43 0.67 0.84 0.95 1.07 1.17 1.25 1.33 1.45 1.67 1.94 2.13 2.22 2.34 2.50 2.56 2.45 2.37 2.48 2.61 2.61 2.48 2.36 2.16 1.86 1.71 1.74 1.82 1.86 1.86 1.83 1.76 1.67 1.57 1.48 1.43 1.44 1.52 1.62 1.60 1.53
3.03 2.99 2.95 2.96 2.89 2.79 2.77 2.81 2.85 2.81 3.00 3.31 2.99 2.61 2.85 2.95 2.19 1.65 2.11 3.20 4.31 4.67 3.33 1.92 1.88 2.05 1.88 1.95 2.83 4.54 5.45 4.74 3.69 3.70 3.94 3.41 2.52 1.76 1.19 1.00 0.92 0.91 0.86 0.63 0.63 0.81 0.94 1.08 1.21 1.30 1.35 1.43 1.60 1.85 2.08 2.22 2.35 2.55 2.69 2.63 2.49 2.49 2.60 2.66 2.68 2.67 2.58 2.33 1.97 1.75 1.70 1.71 1.73 1.77 1.75 1.68 1.60 1.55 1.53 1.51 1.51 1.57 1.52 1.44
3.32 3.17 3.02 3.03 3.00 2.86 2.75 2.82 2.95 2.98 3.11 3.51 3.40 2.89 3.03 3.12 2.25 1.62 2.14 3.15 4.34 5.32 4.76 2.73 2.10 2.37 2.11 1.87 1.95 2.96 4.72 5.43 4.76 4.16 4.03 3.40 2.67 2.06 1.42 1.13 1.00 0.97 0.97 0.84 0.68 0.81 0.97 1.13 1.26 1.36 1.40 1.44 1.60 1.85 2.07 2.22 2.33 2.52 2.76 2.83 2.72 2.66 2.72 2.72 2.68 2.75 2.82 2.76 2.56 2.23 2.01 1.91 1.89 1.89 1.84 1.75 1.67 1.64 1.65 1.60 1.55 1.51 1.38 1.28
