windninja/windninja_output/Output_2025-08-09_1700-1750_Google earth_Fire_150m_10min/merlingen_7.5mi_point_08-09-2025_1710_150m_ang.asc
ncols	158
nrows	163
xllcorner	391686.332397
yllcorner	5160024.123721
cellsize	150.000000
NODATA_value	-32768.000000
[rows 0 to 41 of 163, columns 0 to 94 of 158]
310 304 297 293 291 291 291 286 282 283 283 276 260 248 250 258 268 274 280 292 303 304 299 299 303 306 307 304 304 307 308 307 306 306 306 308 311 309 307 309 309 310 312 312 313 316 317 319 321 325 329 330 331 333 334 332 329 327 326 326 328 328 327 326 326 326 326 326 326 327 328 328 327 325 324 325 326 323 321 321 323 322 318 316 316 313 311 308 306 305 302 300 301 299 294
314 308 300 295 291 289 287 283 281 281 282 278 268 259 261 268 277 284 290 297 304 309 306 303 304 306 308 308 306 307 307 308 308 309 309 310 313 315 315 316 316 316 317 318 319 322 323 324 324 325 326 327 328 329 331 330 329 328 327 327 328 328 328 327 327 327 326 326 326 327 329 329 328 327 326 326 327 325 323 324 325 324 320 319 317 316 316 314 311 309 306 304 304 303 302
323 315 307 302 296 291 286 284 285 286 288 290 288 283 280 283 289 296 299 301 306 312 313 310 306 307 310 311 310 308 308 309 310 312 313 314 317 320 321 322 322 322 323 323 324 326 328 329 329 327 326 326 327 327 328 329 329 329 329 329 329 329 329 329 329 329 328 326 325 327 330 330 329 328 327 329 330 327 326 328 330 327 323 323 321 321 325 324 321 319 316 314 315 316 317
326 319 312 306 299 297 295 294 295 297 298 301 299 294 290 291 294 299 300 301 305 310 314 315 311 311 314 316 316 316 315 313 313 314 316 318 319 320 321 323 325 326 325 325 326 328 329 330 332 332 331 331 331 330 330 329 329 328 328 329 330 330 330 329 330 330 328 326 325 327 330 330 328 327 327 328 329 327 326 329 333 330 327 327 324 323 329 330 329 330 329 326 325 326 327
327 321 315 309 303 302 302 300 299 299 300 304 304 300 296 293 293 296 297 298 301 306 314 318 315 315 318 321 323 323 323 321 320 319 320 320 320 321 322 324 326 327 327 327 328 329 329 331 332 332 333 333 332 331 330 329 328 328 328 328 329 330 330 330 330 330 329 326 325 328 330 329 327 327 328 327 325 324 326 330 333 330 327 328 325 324 329 330 330 333 335 334 333 334 334
327 323 317 312 306 305 303 300 297 295 297 303 307 302 296 293 290 291 292 294 297 301 310 317 315 314 316 319 323 324 325 324 323 324 325 324 324 324 325 326 328 327 326 327 327 328 328 329 330 331 333 333 331 329 329 328 328 328 328 328 329 330 331 330 330 330 330 327 326 330 332 329 327 328 331 330 327 325 326 331 332 327 325 326 326 325 326 326 325 328 331 333 336 337 336
329 324 318 313 308 304 301 298 295 294 298 303 308 303 295 292 291 290 292 295 296 299 305 313 314 313 313 315 318 322 323 322 322 325 327 326 326 326 326 327 327 326 324 324 324 325 326 327 328 330 332 332 331 330 328 327 327 327 328 329 330 332 333 332 331 331 330 327 327 331 334 331 330 331 333 332 331 329 332 334 331 328 327 326 326 324 324 323 322 322 322 324 328 331 332
332 327 319 312 306 301 297 293 292 294 299 305 310 305 295 293 293 293 295 297 299 300 304 310 313 314 313 314 316 318 318 317 319 321 322 323 324 324 324 324 324 323 322 322 322 322 324 325 327 330 331 330 331 331 328 327 327 327 328 329 330 333 335 335 334 332 330 328 328 332 333 331 332 334 334 332 330 331 337 336 328 326 329 329 329 328 328 327 324 321 318 317 318 321 327
334 329 319 311 304 297 292 290 291 295 300 305 310 306 297 294 294 295 296 298 299 300 304 309 314 317 316 314 315 316 314 314 317 317 316 316 318 319 319 319 319 318 319 319 320 321 322 323 325 329 330 328 329 330 327 326 327 328 328 328 329 330 332 334 334 332 330 329 330 332 331 328 329 333 333 332 330 333 339 335 325 324 328 331 332 333 333 333 332 332 330 328 326 327 329
337 330 318 310 304 297 292 291 293 296 299 303 307 306 298 293 294 296 298 299 300 301 304 309 314 318 318 315 316 317 313 313 316 315 313 313 314 315 315 315 316 316 317 318 318 319 321 321 323 327 327 326 328 327 324 324 325 325 325 325 324 324 326 328 327 327 327 328 331 333 330 327 327 330 332 332 329 332 338 334 329 327 329 329 328 329 331 332 334 337 339 336 332 333 332
341 332 318 309 303 298 294 293 294 296 298 301 305 305 299 294 294 296 299 301 301 303 304 309 314 318 321 318 316 316 312 311 313 312 310 311 312 314 314 316 317 317 317 317 316 316 318 319 320 323 322 322 324 322 318 317 316 316 315 316 315 315 318 320 318 319 320 323 329 331 328 327 329 331 333 333 330 330 332 332 331 332 332 330 325 325 326 324 328 335 337 332 330 333 330
346 335 318 307 301 297 294 293 293 294 296 298 302 304 300 296 295 296 298 300 300 302 303 307 311 315 319 317 313 312 309 308 309 309 308 308 310 312 314 315 316 316 316 318 316 315 315 314 312 312 310 310 309 306 303 302 301 301 301 299 296 296 301 307 308 308 310 315 324 327 325 327 329 333 337 338 336 334 332 331 332 333 334 333 329 329 327 322 325 334 333 325 325 330 327
350 338 318 305 298 294 292 291 291 292 294 296 299 301 299 295 295 296 297 298 299 300 300 302 305 308 312 312 310 308 308 307 308 308 308 307 308 311 312 314 315 315 317 318 316 314 314 309 302 299 299 297 293 288 286 288 289 289 285 279 278 281 287 292 294 295 297 304 317 322 323 325 328 332 336 337 337 335 335 335 333 332 333 332 330 332 330 324 328 336 331 323 323 327 322
359 342 315 301 294 290 288 287 287 289 291 293 296 299 297 293 293 296 296 296 297 297 296 296 297 302 308 309 309 309 308 307 307 308 309 309 309 310 311 313 312 310 309 308 304 303 306 308 304 300 298 296 292 285 282 283 284 283 282 282 287 293 296 296 295 291 290 296 306 314 319 322 324 329 332 331 330 329 331 334 332 330 329 328 328 330 328 323 326 331 327 319 317 318 313
19 351 308 292 286 284 283 283 284 286 288 290 295 298 296 292 292 295 296 294 293 293 293 292 295 301 307 309 309 309 307 306 307 308 311 311 310 309 308 306 301 295 288 287 289 291 297 308 313 311 310 310 308 303 300 299 300 304 308 306 307 310 312 315 312 306 303 302 302 309 316 319 320 324 327 326 323 322 323 323 323 324 324 323 323 325 322 319 321 322 315 305 299 299 297
64 30 287 278 276 276 277 278 280 282 285 288 292 298 298 293 292 294 295 294 292 293 294 295 297 302 307 309 309 310 310 310 312 312 310 307 302 299 295 291 287 286 290 296 303 307 309 311 313 315 319 325 326 324 323 324 325 327 326 318 315 317 320 324 324 319 317 314 311 313 314 312 312 317 322 323 321 320 320 318 318 319 317 315 316 315 311 308 308 308 303 295 292 292 292
106 123 231 254 261 266 269 273 275 278 282 285 289 295 298 293 290 291 293 294 294 295 296 298 299 302 307 310 311 312 311 310 311 308 300 294 291 290 292 295 300 307 312 313 317 319 319 321 320 318 321 328 330 328 329 331 332 334 332 324 320 320 323 328 326 321 320 320 319 320 317 309 305 311 318 321 323 323 320 318 318 317 313 309 305 299 294 288 290 301 308 307 305 303 302
126 141 190 229 246 255 261 266 270 274 278 281 285 290 294 291 288 289 290 292 293 294 296 298 299 301 305 308 310 309 308 306 304 301 298 299 302 305 309 312 315 317 316 316 319 320 321 325 326 324 323 325 327 328 329 330 331 334 334 328 323 322 326 329 326 322 321 322 323 323 322 318 313 312 315 319 323 322 317 313 311 309 306 301 294 289 287 290 296 305 310 311 311 311 310
134 145 176 209 230 244 253 260 265 269 273 277 281 286 289 290 288 287 287 288 290 292 295 297 298 299 302 305 306 305 303 303 305 307 307 308 310 312 314 314 315 317 316 318 320 320 321 324 325 324 323 323 324 327 329 329 330 331 332 328 324 324 328 329 326 323 321 322 324 322 324 327 323 319 317 315 314 310 301 295 294 294 297 301 304 305 308 309 307 309 313 313 312 313 315
139 148 170 196 218 233 244 253 260 265 269 273 278 282 285 287 286 285 286 287 290 293 296 298 299 300 302 304 305 305 306 308 309 309 307 307 309 313 317 318 320 321 322 323 323 322 323 325 324 321 321 322 324 326 328 329 330 330 329 327 324 323 324 325 324 321 320 322 324 325 328 331 329 327 326 323 315 303 294 293 296 300 307 313 316 315 316 315 311 311 318 321 316 313 315
142 149 167 188 208 224 236 246 254 260 265 270 274 278 281 284 284 285 287 290 292 295 297 299 301 302 303 305 307 309 312 315 315 314 314 316 317 321 324 324 325 325 324 324 324 323 323 325 325 322 322 323 324 325 325 326 328 329 328 327 326 323 322 323 322 321 322 324 325 327 332 334 331 327 329 333 332 325 318 313 312 314 316 319 320 318 317 315 312 313 321 327 321 315 315
144 151 166 183 201 216 229 239 248 255 261 266 271 275 279 281 284 286 288 291 293 296 298 300 302 303 305 306 308 311 316 321 321 320 321 322 322 324 327 327 327 327 326 325 323 322 322 325 326 325 324 325 326 325 324 324 324 326 328 329 328 324 322 324 323 322 325 325 326 330 335 336 331 325 327 334 338 336 331 326 322 322 320 321 323 322 321 318 314 317 325 333 329 320 319
146 151 165 180 195 210 223 234 243 251 257 263 268 272 276 280 283 286 288 291 294 296 299 301 303 305 306 308 310 313 319 324 323 320 320 319 319 322 324 326 327 327 327 325 322 322 325 327 328 327 325 325 326 326 325 325 325 325 328 329 328 323 321 323 323 325 327 328 329 334 337 336 330 325 327 334 338 336 334 332 331 331 327 325 326 324 325 322 319 321 328 339 335 324 321
147 152 164 178 192 206 218 229 239 247 254 260 265 269 274 279 282 285 288 291 294 297 300 302 304 306 308 309 310 313 318 322 320 317 316 316 316 318 321 325 327 327 327 326 324 325 328 329 329 328 325 325 326 326 327 327 326 326 329 330 327 322 319 320 323 327 329 330 333 337 337 334 327 325 330 337 339 333 330 332 334 336 334 332 330 326 324 321 319 321 330 343 336 323 321
149 153 164 176 189 203 214 226 236 244 251 258 263 268 272 277 281 285 288 291 295 297 300 303 305 307 309 308 308 311 317 319 318 317 316 317 318 319 320 324 326 327 328 327 325 328 331 330 329 327 325 325 326 326 328 329 328 328 330 329 324 319 318 320 323 325 327 330 334 333 331 326 323 326 334 341 338 329 327 329 332 335 338 339 335 328 324 319 315 319 332 346 336 325 322
150 154 164 175 188 200 211 223 233 241 248 255 262 267 271 276 280 284 288 291 295 297 300 304 307 310 313 311 309 312 316 318 318 319 320 321 322 321 321 324 326 328 328 325 325 331 332 330 329 328 327 325 324 324 326 329 331 333 331 327 321 318 319 323 328 330 331 336 337 331 324 321 322 328 338 347 338 327 325 328 330 333 339 342 339 334 332 327 319 320 334 346 339 330 326
151 155 164 175 186 198 209 221 231 239 246 253 260 266 271 276 280 284 288 291 295 298 302 306 309 314 318 315 312 314 318 317 317 318 320 323 325 322 322 326 328 327 326 324 327 334 335 332 331 331 331 328 325 323 325 331 337 337 333 328 321 317 319 325 332 336 340 345 342 331 322 321 324 331 342 350 341 329 325 327 327 329 335 338 337 337 339 336 327 324 333 341 338 333 331
153 156 165 175 186 197 208 219 229 237 244 252 259 265 271 275 280 284 287 291 295 300 304 308 312 319 323 319 317 320 321 319 318 319 319 321 323 321 322 327 329 327 326 327 330 336 337 336 333 333 334 332 330 327 328 336 345 341 333 328 321 316 317 323 330 337 345 348 340 327 321 322 327 334 344 349 340 330 328 327 325 326 329 330 329 333 339 339 331 329 333 337 334 332 333
154 158 166 176 185 196 207 218 227 236 244 251 258 264 270 275 280 284 288 292 296 300 304 309 314 322 326 323 323 327 327 324 324 324 324 326 327 324 324 330 332 329 330 331 333 337 338 338 336 335 337 335 333 331 332 342 347 339 331 325 321 320 323 328 332 338 347 346 333 323 321 325 332 339 347 346 336 327 326 327 325 325 326 323 322 324 331 332 329 330 334 334 331 328 329
156 159 167 176 186 196 207 217 227 236 243 251 258 264 270 275 280 285 289 293 297 301 305 310 316 323 325 324 325 330 330 329 330 328 329 334 335 330 327 332 334 333 335 335 336 339 339 338 336 338 341 338 336 335 337 345 346 336 326 320 318 322 328 333 335 338 344 339 326 320 320 327 337 344 349 345 335 327 323 323 324 325 323 319 317 320 324 325 325 329 333 332 329 325 322
158 161 168 178 187 197 206 217 227 235 243 251 258 264 270 276 281 285 290 293 297 302 306 311 317 322 323 323 325 328 326 326 329 328 331 338 339 332 328 332 333 334 337 337 338 340 338 335 333 336 341 338 337 337 340 349 346 332 321 315 316 322 329 333 332 333 337 332 319 314 317 325 333 340 345 343 339 334 326 323 325 327 324 319 320 323 325 324 325 327 330 329 325 318 312
160 163 170 179 188 197 207 217 227 235 243 251 258 265 270 276 281 286 290 294 299 303 308 312 317 321 324 325 329 331 327 324 325 324 329 338 338 330 327 331 332 333 335 334 336 338 334 329 327 329 332 332 333 334 339 350 345 330 318 312 315 327 336 335 328 328 333 329 316 312 317 323 327 334 341 343 342 338 331 327 330 333 328 322 320 320 319 319 319 319 320 321 318 313 307
162 165 172 180 190 198 208 218 227 236 244 252 259 265 271 276 281 286 291 296 300 304 309 313 317 321 324 329 335 337 332 327 325 321 324 335 335 326 325 328 330 331 333 331 333 333 328 325 325 325 325 326 328 331 338 346 341 331 321 313 316 332 344 340 328 327 331 329 319 315 322 327 329 334 341 343 343 340 333 330 334 338 332 324 320 317 314 314 315 314 313 312 311 310 311
165 168 175 182 191 201 210 219 229 237 245 253 260 266 272 277 282 287 292 297 300 305 310 314 317 322 325 329 335 334 329 326 325 322 322 330 332 325 325 329 329 332 333 331 331 329 324 324 325 324 324 324 324 326 332 336 334 329 324 319 321 334 346 342 332 329 329 326 320 319 327 331 333 338 342 343 342 340 336 335 340 342 335 328 326 325 322 321 322 321 319 315 311 311 315
168 171 178 185 193 202 211 220 230 239 247 255 261 267 273 278 284 288 293 297 301 306 310 314 317 321 325 330 332 329 324 322 324 324 323 329 332 328 328 331 332 332 331 329 328 324 322 323 324 323 323 323 323 324 326 327 326 324 322 320 325 336 344 341 333 330 328 324 319 320 328 334 336 340 341 340 339 335 333 337 344 346 340 333 330 331 329 327 328 328 326 323 318 315 317
171 174 180 188 196 205 213 222 231 240 248 256 263 269 275 280 285 289 294 298 302 306 310 314 317 320 325 330 332 328 323 323 325 324 324 330 335 332 329 331 333 333 331 329 327 324 325 326 326 326 327 326 327 328 328 326 324 322 320 317 321 333 341 339 334 332 329 325 320 320 327 333 335 338 338 337 336 331 326 329 337 343 343 336 333 332 331 331 334 332 329 325 320 315 315
175 177 183 191 200 208 216 224 233 241 249 257 264 270 276 282 286 291 295 299 303 307 310 314 317 321 325 330 333 329 325 325 324 322 321 328 336 337 333 332 333 333 331 331 329 328 330 330 329 329 329 330 332 332 331 330 329 328 325 320 320 329 337 336 333 330 327 325 323 324 327 326 326 331 334 337 337 335 329 325 328 335 339 338 333 331 331 333 335 333 329 325 320 315 317
179 181 187 195 204 212 219 227 235 243 251 258 265 272 277 283 288 292 296 300 304 307 311 314 318 322 326 332 333 327 326 325 322 320 319 325 336 341 338 335 336 334 333 333 331 331 333 333 334 333 330 332 334 333 331 331 333 334 332 328 326 330 335 336 333 327 322 321 325 332 332 325 323 329 337 339 338 341 339 332 331 334 337 338 333 332 334 335 332 331 328 324 320 317 321
184 186 192 200 208 215 222 229 237 244 251 259 266 273 279 284 289 294 297 301 304 308 311 314 318 322 326 331 329 324 323 323 321 321 321 328 344 347 340 339 338 336 335 335 334 334 335 337 340 338 335 336 338 337 334 334 337 339 338 336 335 338 340 340 337 326 317 316 325 336 334 329 330 336 345 340 336 343 344 340 340 340 338 335 330 332 340 338 333 331 330 325 317 314 320
190 192 198 205 211 218 224 231 238 245 252 260 267 274 280 285 290 295 298 302 305 309 312 315 318 321 325 327 325 320 319 321 322 322 323 335 350 347 343 341 339 336 335 335 337 337 337 339 341 339 336 337 340 341 339 339 341 342 341 340 342 347 349 346 340 329 317 316 326 332 330 330 334 344 349 336 335 345 347 345 349 349 341 331 324 328 337 338 335 333 334 326 315 313 319
199 199 203 209 214 219 225 231 238 245 253 260 268 275 281 286 291 296 300 303 306 309 312 315 318 321 323 324 322 320 318 320 321 322 327 340 345 343 343 343 342 339 336 337 338 338 339 340 341 340 336 335 337 339 339 341 342 342 340 340 344 352 355 349 342 332 321 321 328 328 329 331 335 345 342 332 337 350 348 346 353 355 347 335 327 326 332 337 337 335 334 325 315 312 317
207 206 209 212 216 221 225 231 238 245 253 261 268 275 281 287 292 297 300 304 307 310 313 315 317 320 322 323 324 322 319 320 323 325 333 342 343 341 340 341 342 340 340 341 339 338 341 343 344 342 336 334 336 336 335 337 340 340 337 338 344 352 352 348 344 335 327 327 330 332 335 336 335 340 335 330 341 353 351 348 351 352 346 339 332 331 336 341 339 335 331 323 316 313 317
