windninja/windninja_output/Output_2025-08-09_1700-1750_Google earth_Fire_150m_10min/merlingen_7.5mi_point_08-09-2025_1750_150m_ang.asc
ncols	158
nrows	163
xllcorner	391686.332397
yllcorner	5160024.123721
cellsize	150.000000
NODATA_value	-32768.000000
[rows 0 to 51 of 163, columns 0 to 95 of 158]
264 259 251 244 240 239 235 229 226 226 224 218 213 213 217 224 230 232 232 237 234 222 218 220 224 228 227 224 224 225 225 226 228 228 228 233 237 238 240 240 239 242 245 249 258 266 276 288 303 321 334 343 349 355 0 4 6 8 10 10 12 14 16 16 15 16 19 22 24 24 24 25 26 25 25 27 29 33 34 32 32 32 34 38 40 39 36 37 39 37 37 38 36 35 36 40
262 259 252 245 242 239 234 231 230 229 224 217 212 213 219 225 228 229 232 234 230 221 219 222 226 228 227 226 227 228 228 230 231 231 233 237 239 241 245 245 247 251 255 263 273 284 296 305 311 319 329 338 346 353 360 3 4 6 8 10 11 13 14 14 14 15 19 22 24 23 23 24 24 23 24 26 29 32 31 29 30 32 34 37 39 38 34 36 39 38 38 38 38 37 36 38
260 257 251 245 243 238 232 232 234 231 224 214 209 213 220 227 229 229 231 232 228 223 221 225 229 229 229 229 231 232 233 235 236 238 242 244 246 250 253 257 262 268 275 284 294 304 314 322 327 327 330 337 345 352 357 360 1 3 7 9 9 9 11 12 13 14 18 21 23 22 21 23 22 22 23 25 27 29 28 27 27 31 34 34 36 33 28 30 34 36 36 36 35 34 32 33
255 253 247 242 240 235 231 231 231 227 220 210 209 215 223 231 232 231 232 231 229 227 224 226 231 232 231 231 232 234 236 239 242 246 248 251 253 256 260 268 275 283 290 297 305 313 319 327 334 337 339 343 349 353 356 357 359 1 4 7 8 8 9 11 12 13 16 20 22 22 21 22 22 22 24 24 24 27 29 27 24 28 32 31 32 31 24 24 27 28 30 31 29 27 27 26
249 248 242 238 237 233 231 233 231 226 217 210 209 217 228 234 235 234 234 233 233 233 231 229 234 234 233 233 233 235 238 242 247 252 254 256 259 263 270 278 286 293 299 305 311 316 322 328 334 339 343 347 350 353 355 357 358 0 2 4 6 8 9 11 11 12 14 18 21 22 22 22 22 22 24 25 26 27 29 28 25 27 30 29 30 31 23 18 19 21 23 25 23 20 19 18
248 246 239 235 234 233 233 235 231 225 218 212 210 219 232 236 236 236 235 236 237 238 238 235 237 238 237 236 236 238 241 246 251 254 256 260 266 273 280 285 292 297 301 305 310 314 320 326 331 338 345 348 350 352 354 357 358 359 1 2 5 7 8 10 11 12 13 17 20 20 22 23 21 20 21 24 25 26 27 30 30 28 29 28 29 31 27 18 15 15 17 19 18 15 14 15
244 244 240 236 234 233 234 233 228 223 218 215 213 223 235 237 237 236 235 235 237 240 241 240 241 242 241 242 243 243 246 251 254 255 258 265 273 278 282 286 291 294 297 300 304 309 316 322 329 336 343 348 350 352 353 355 357 358 359 0 2 4 7 9 11 11 12 15 17 17 19 20 19 17 18 20 23 24 25 28 29 27 25 27 29 32 31 24 17 11 11 14 16 16 16 17
237 238 238 238 237 236 235 232 227 224 220 217 215 224 235 238 237 236 236 236 238 241 242 242 244 245 246 248 247 247 251 255 256 258 262 268 273 277 279 282 286 289 292 296 301 307 313 320 327 335 341 344 349 353 354 354 355 356 356 357 359 2 6 9 11 12 11 13 15 15 15 17 19 18 17 19 24 26 26 26 28 25 22 24 26 28 28 25 20 12 8 11 17 20 20 19
230 232 234 235 237 237 236 231 228 226 224 221 218 224 234 237 237 237 237 238 240 242 242 242 244 247 249 250 250 251 256 258 259 260 264 267 269 271 274 276 280 284 289 295 301 307 313 318 325 334 340 342 346 351 352 352 353 355 355 356 359 0 3 8 12 12 11 10 13 14 15 18 20 21 20 21 25 27 27 27 28 26 19 18 19 20 21 21 16 11 9 10 13 14 14 15
225 228 230 231 232 233 233 231 229 228 226 224 222 225 234 237 237 238 238 239 241 242 242 241 242 246 250 251 251 254 258 259 260 262 264 265 267 268 271 274 278 283 289 294 299 304 311 317 323 331 337 340 344 346 348 350 351 354 357 360 2 1 1 6 10 10 9 9 12 16 19 21 21 22 23 24 27 27 24 23 24 23 18 14 14 15 16 15 12 11 13 12 11 10 12 17
220 223 226 227 228 229 230 229 228 228 228 227 225 227 236 240 240 240 241 242 242 242 243 242 242 244 246 249 252 256 258 259 260 263 265 265 266 268 272 276 281 285 290 294 297 302 309 315 320 326 330 335 339 341 343 347 351 354 360 5 6 3 2 3 4 5 7 9 14 19 22 21 20 20 23 27 29 25 17 15 19 21 20 15 13 11 11 13 11 13 17 17 13 12 16 21
216 219 223 224 225 227 228 228 228 228 228 228 227 229 237 243 243 243 244 245 246 245 244 243 242 242 241 246 252 255 258 259 261 265 266 265 266 269 274 278 282 285 289 294 298 301 306 309 312 315 317 321 324 326 330 340 350 359 7 15 18 15 3 355 355 358 4 10 14 17 18 19 19 18 20 21 21 19 12 9 14 19 19 16 11 8 10 14 13 12 19 22 19 16 20 25
213 215 219 221 223 225 227 228 228 228 229 229 229 230 238 245 247 246 246 247 248 248 246 244 243 240 241 246 253 256 258 260 262 265 265 265 267 272 276 279 282 286 291 295 298 301 304 304 300 301 303 303 301 298 299 312 341 7 28 45 52 41 6 334 331 342 356 3 3 7 13 17 18 14 11 11 13 14 11 9 12 15 16 15 12 10 13 17 15 12 18 26 24 19 24 31
209 212 216 219 221 224 225 226 228 228 229 230 229 230 237 247 252 252 250 249 249 248 247 246 244 242 243 248 253 256 259 262 263 264 265 267 270 273 276 279 281 282 282 284 285 289 297 307 312 312 314 316 316 309 301 299 319 7 31 35 30 19 7 358 349 340 337 331 334 350 6 12 13 9 5 6 10 13 14 13 12 12 13 15 17 16 18 22 21 17 22 32 33 31 36 43
207 209 213 217 220 222 224 225 227 228 229 230 229 228 235 245 251 253 253 252 250 248 247 245 244 244 245 248 252 254 257 262 264 265 268 270 271 272 273 273 272 268 265 268 273 278 289 307 323 333 336 340 344 345 348 351 353 359 7 10 10 7 5 7 9 7 358 344 322 322 346 2 6 6 6 8 10 15 19 19 14 12 14 20 24 24 25 30 31 30 36 48 52 52 56 59
205 207 211 215 218 221 223 225 227 228 230 231 231 229 234 243 246 247 249 251 250 248 246 244 245 247 248 250 252 255 260 263 265 266 268 268 268 266 264 263 263 265 270 280 289 296 303 310 318 331 342 348 350 350 355 2 5 2 0 1 2 3 4 7 11 10 6 2 355 333 325 341 357 4 8 9 13 19 23 20 14 14 19 27 32 35 39 43 43 44 49 57 59 59 62 65
203 205 209 213 217 219 222 224 227 229 230 231 232 233 237 244 245 244 245 247 248 246 245 246 248 249 250 251 254 257 262 263 262 261 261 262 264 264 263 267 272 281 290 296 303 310 316 322 324 326 336 346 349 350 355 3 7 5 360 358 360 3 6 7 9 11 10 6 5 359 342 328 338 353 2 8 14 19 18 17 18 21 28 36 44 51 54 57 59 51 45 46 48 49 52 55
201 203 208 212 215 218 221 224 226 228 230 231 233 236 241 247 248 246 244 245 246 246 247 249 250 250 250 253 256 259 260 258 256 255 257 262 267 270 274 279 285 291 295 299 305 311 318 327 331 331 333 340 346 351 356 1 5 5 0 358 1 5 8 8 7 9 10 9 10 9 2 350 345 344 351 2 10 14 18 24 31 35 39 45 52 58 60 57 55 49 41 41 42 43 44 47
199 202 206 210 214 217 221 223 226 228 230 232 234 237 241 247 249 248 246 246 246 247 249 251 252 252 253 255 258 259 258 255 253 255 260 265 270 275 279 283 287 291 295 300 306 311 318 325 330 333 334 337 343 350 354 356 360 2 1 359 2 7 9 8 6 7 11 14 14 11 5 0 358 357 354 356 6 21 36 47 51 52 49 46 45 45 45 44 46 44 37 36 40 41 40 41
198 201 205 209 213 217 220 223 226 227 229 232 234 237 240 245 247 248 247 247 247 248 249 251 252 253 254 255 256 258 257 254 255 259 263 267 272 277 283 287 291 295 299 304 310 315 320 325 328 331 335 338 341 346 349 353 357 1 2 1 5 11 11 8 6 7 11 14 12 7 5 5 6 7 5 4 14 34 49 52 51 48 41 35 35 37 38 39 43 43 32 27 36 40 40 38
198 200 204 208 212 216 220 223 225 227 230 232 234 237 240 242 244 246 246 247 247 248 249 251 252 253 254 255 256 257 257 255 257 262 268 273 277 284 290 293 295 298 301 306 312 316 320 325 329 331 335 340 342 342 344 349 354 359 3 5 8 12 11 7 6 7 8 9 8 7 9 11 12 12 10 9 14 23 31 36 37 35 33 30 29 33 36 39 42 41 31 23 31 39 40 38
197 199 203 207 212 215 219 222 225 227 229 232 235 237 239 241 242 244 246 247 247 249 250 251 252 252 254 255 256 257 257 257 261 268 274 277 281 285 289 292 295 299 303 308 311 314 318 325 331 334 337 341 343 344 344 347 350 355 2 7 10 11 10 7 5 3 3 5 7 11 15 17 17 16 11 7 9 17 24 29 31 32 33 29 25 29 32 36 39 37 29 21 26 36 37 35
196 198 202 207 211 215 218 222 225 227 229 232 234 236 238 240 242 244 245 246 247 248 250 251 251 253 254 255 256 258 260 263 268 272 275 277 279 281 284 289 294 299 304 307 310 315 322 328 332 335 338 341 345 346 347 348 350 353 359 6 9 9 9 6 2 360 1 5 11 17 19 20 20 18 12 3 3 11 18 25 29 30 31 30 24 24 25 29 34 34 28 20 24 33 36 34
196 198 202 207 211 214 218 221 225 228 229 231 234 236 238 240 242 244 245 246 247 249 250 250 251 253 253 254 257 260 264 268 271 272 273 275 276 278 283 290 296 300 304 307 312 319 325 330 333 335 338 341 345 347 348 350 351 353 357 3 7 9 7 1 357 359 3 10 19 23 24 22 20 16 12 7 3 6 13 22 28 29 30 31 27 22 20 25 32 34 29 21 25 34 36 35
196 197 202 207 211 214 218 221 225 228 230 232 234 236 238 240 242 244 246 247 248 249 250 250 251 252 251 253 258 264 267 271 274 273 273 274 276 280 285 291 297 302 306 311 315 321 327 330 333 335 338 341 344 346 349 351 353 355 358 0 5 6 2 359 358 2 10 20 27 31 29 22 16 14 14 14 10 6 9 17 24 26 27 30 29 25 20 25 33 36 29 22 26 33 36 36
196 198 202 207 211 214 218 222 225 228 230 232 234 237 238 240 242 244 246 247 248 249 250 251 251 250 249 252 259 264 269 273 277 278 276 276 277 280 287 294 299 304 308 311 314 322 327 329 333 336 339 342 343 344 348 351 355 0 2 0 359 357 357 1 6 9 15 23 30 32 28 17 12 14 16 18 19 13 5 8 16 21 23 26 28 26 21 23 31 34 26 18 24 31 34 35
196 198 202 206 211 214 218 222 226 228 230 232 235 237 239 241 243 245 246 248 249 250 251 251 251 248 246 252 258 263 268 274 279 281 281 279 278 281 288 297 302 306 309 310 315 325 330 332 335 338 343 345 344 344 345 350 359 6 5 359 353 349 354 4 13 17 20 24 27 27 21 14 12 15 15 16 21 21 7 359 7 15 19 22 24 24 21 22 30 32 23 14 19 27 31 33
196 198 202 207 211 214 218 223 226 228 230 233 236 238 240 243 244 245 246 248 249 251 252 253 251 248 248 254 258 260 264 271 278 283 285 284 283 284 289 298 304 306 310 313 319 327 332 335 337 339 344 347 348 347 347 352 2 6 1 356 352 351 357 9 19 23 24 24 23 21 18 16 14 14 13 12 18 24 17 1 0 9 15 18 21 24 23 25 31 33 25 13 13 23 28 30
196 198 203 207 211 215 219 223 226 228 231 234 236 239 241 243 245 246 247 249 251 252 253 253 252 251 253 258 258 256 259 267 276 281 287 292 292 289 292 301 308 310 314 317 321 328 332 335 338 340 344 348 350 350 352 355 359 1 358 354 353 358 6 13 19 23 23 22 19 16 17 18 17 16 14 12 15 25 26 14 2 3 10 16 23 28 29 29 33 34 30 19 12 17 24 26
197 199 203 208 212 216 220 224 227 229 232 235 237 239 242 244 245 247 249 251 252 253 254 254 255 256 260 262 260 257 258 263 270 280 291 301 303 297 297 305 312 314 319 321 324 330 333 335 337 342 347 348 350 354 357 359 358 357 357 354 354 4 15 19 22 23 20 17 16 15 17 20 21 21 17 13 14 25 32 27 10 360 6 18 28 32 32 30 32 33 32 28 19 16 21 25
198 200 203 209 213 217 221 224 227 230 233 236 238 240 243 245 247 248 250 251 253 254 255 257 258 262 266 266 263 260 260 263 270 281 293 306 308 301 300 306 312 315 320 321 325 331 331 332 333 339 346 347 350 356 1 3 1 356 355 357 360 9 22 28 28 22 15 14 18 20 21 25 27 23 15 12 13 22 30 31 20 5 5 17 24 26 26 26 29 32 34 34 32 27 28 30
199 201 204 209 215 218 221 225 228 231 233 236 239 242 244 246 248 250 251 253 255 256 257 258 261 265 269 269 266 263 265 270 275 281 290 304 308 302 301 305 309 311 315 317 322 327 327 325 326 332 338 342 348 356 3 7 5 359 356 0 7 14 22 30 29 19 11 12 19 25 27 27 24 16 11 11 13 19 27 31 25 14 10 15 21 24 27 30 34 37 39 40 41 41 41 39
201 202 205 210 217 219 222 226 229 232 235 238 240 242 245 247 248 250 253 255 257 258 259 261 264 268 271 271 270 269 272 276 278 279 285 301 306 300 298 301 302 306 310 312 317 322 321 320 324 329 332 337 344 353 2 5 2 2 3 6 12 15 18 24 26 19 8 7 17 25 25 19 14 10 9 10 11 16 24 30 29 23 19 19 23 29 34 37 40 43 44 45 45 45 42 34
201 203 206 212 219 221 224 227 231 234 236 239 242 244 246 247 249 252 254 256 258 260 262 264 267 270 273 274 276 278 278 277 277 277 281 297 306 299 296 298 300 304 309 310 313 316 317 318 324 328 332 336 341 348 358 360 357 359 7 13 15 11 11 16 23 21 11 4 12 21 19 14 12 11 9 8 8 11 19 27 30 28 27 24 22 25 32 33 34 38 41 43 44 44 38 27
202 204 208 214 219 222 225 228 232 236 238 241 243 245 247 249 251 253 255 257 259 262 264 267 269 271 274 277 282 285 283 279 278 279 282 292 305 300 296 299 301 303 305 306 309 311 314 318 323 327 332 337 341 346 353 355 353 354 5 16 18 11 5 10 20 24 19 8 6 12 16 17 17 15 11 8 6 8 15 25 29 29 29 29 24 22 29 31 29 32 35 36 38 39 36 29
203 205 210 216 220 223 226 230 234 237 240 242 245 247 249 251 253 255 256 258 261 263 266 269 272 273 276 280 285 287 286 285 285 285 284 288 298 298 295 296 297 298 301 305 309 312 317 322 326 330 336 341 345 349 351 352 353 355 3 16 22 15 4 4 15 23 23 14 5 7 16 23 24 20 15 9 7 11 18 26 29 29 31 34 33 24 25 29 27 27 28 30 34 39 40 33
205 207 212 218 222 225 228 232 236 239 241 244 246 248 250 252 254 256 258 260 262 264 267 270 273 276 280 282 285 289 292 292 290 287 284 283 288 292 291 290 293 297 303 308 312 317 323 327 329 333 338 343 347 350 351 353 357 1 5 14 21 17 6 0 8 19 22 18 11 12 22 31 30 22 14 10 11 17 25 26 27 30 34 38 39 31 19 24 26 23 23 28 34 40 38 29
208 210 215 221 224 227 231 235 238 241 243 245 248 250 252 254 256 257 259 261 264 266 268 271 274 278 282 286 291 293 295 294 291 286 282 281 283 284 285 290 297 302 307 312 315 320 326 330 334 337 339 343 347 350 351 353 358 3 7 11 17 17 9 1 3 13 21 22 20 22 26 28 23 15 13 14 12 13 22 27 24 26 31 35 38 34 19 16 23 23 22 27 33 37 35 29
211 213 218 223 227 230 234 237 240 243 245 247 249 251 253 255 257 259 261 263 265 267 269 272 275 279 284 292 296 293 292 292 290 288 284 282 281 281 287 295 302 308 312 315 319 324 329 334 340 342 342 344 349 353 353 352 356 2 5 8 13 15 13 7 5 10 21 27 27 25 22 17 14 14 16 17 9 5 18 27 24 21 26 30 36 35 23 13 17 22 23 28 35 40 39 36
216 218 222 226 230 233 236 240 243 245 247 248 250 253 255 257 259 261 262 264 266 268 271 273 276 281 287 294 295 291 289 291 292 289 286 282 285 291 295 300 305 309 314 318 324 328 331 335 340 342 343 345 348 352 354 354 355 358 2 5 9 16 20 17 9 11 22 29 28 22 14 12 16 20 19 15 7 0 10 22 24 24 26 30 36 37 27 15 13 20 24 29 38 44 42 38
220 222 225 229 232 235 238 242 245 247 248 250 252 254 256 258 260 262 264 266 268 270 272 274 278 282 287 292 293 291 290 292 293 291 287 287 293 298 300 305 310 313 317 321 325 329 333 337 341 343 343 343 344 347 352 355 355 356 0 5 11 19 25 24 15 12 22 28 23 15 12 18 25 21 16 12 6 360 4 18 24 25 27 30 35 36 27 16 14 18 22 30 41 47 45 39
224 225 227 230 234 237 240 243 246 248 249 252 254 256 258 259 261 263 265 267 269 271 273 276 278 282 286 290 293 293 292 293 294 293 293 296 300 302 306 310 315 319 323 326 328 331 336 340 343 344 343 342 343 344 347 353 356 358 2 10 17 20 23 24 19 14 19 22 16 14 18 24 23 14 9 8 6 2 5 16 24 24 25 27 28 27 23 19 18 19 21 31 42 47 45 37
227 228 230 232 235 239 242 244 246 248 250 253 255 257 259 260 262 264 266 268 270 272 274 277 279 282 286 290 294 295 293 293 295 297 302 306 308 310 313 314 316 318 323 326 328 332 336 339 342 341 339 340 344 346 347 352 359 3 9 16 19 16 15 18 19 16 12 13 13 15 20 20 16 9 5 7 7 5 8 16 21 22 24 25 23 22 23 25 25 23 25 31 39 43 39 30
230 231 232 234 237 240 243 245 248 249 251 254 256 258 260 262 263 265 267 269 271 274 276 278 280 283 286 290 294 295 294 294 296 301 307 312 313 312 313 314 313 314 318 321 324 331 336 338 339 338 335 339 346 350 352 356 3 9 14 17 16 10 8 11 14 12 8 8 13 15 16 16 14 9 7 9 10 9 11 16 19 20 21 20 20 24 28 31 31 29 28 30 36 42 38 30
233 233 234 236 239 241 243 246 248 250 252 255 257 259 261 263 265 267 269 270 272 275 277 279 281 284 287 290 293 295 295 296 299 304 309 313 312 309 309 310 312 314 316 317 322 332 337 337 337 336 337 343 351 355 359 3 8 12 13 13 11 8 5 4 4 5 6 7 11 14 14 15 16 14 13 15 15 14 16 18 18 16 16 19 25 29 31 34 35 35 33 32 38 44 41 36
236 236 237 238 240 242 244 246 249 251 253 256 258 260 262 264 266 268 270 271 273 275 278 280 282 285 288 290 292 295 297 299 301 306 310 312 311 308 309 311 314 315 314 316 326 336 337 335 334 335 339 347 355 1 6 10 12 11 8 6 6 6 3 359 358 0 5 9 10 13 16 19 21 22 22 22 19 16 18 17 14 12 17 26 32 33 32 34 37 39 37 36 41 45 43 39
238 238 238 240 241 243 246 248 250 252 254 256 258 260 263 265 267 269 270 272 275 277 278 281 284 286 288 290 293 296 298 300 302 307 310 311 311 311 312 314 315 314 314 318 330 335 334 332 332 335 343 352 2 8 10 12 12 7 1 359 0 1 358 356 358 1 6 12 13 14 18 21 25 28 28 26 21 16 16 15 15 17 27 35 36 33 32 33 35 39 39 38 41 44 43 40
240 240 240 240 241 245 248 250 251 253 255 256 259 261 263 265 268 270 271 273 275 278 280 282 285 287 289 291 294 296 299 301 303 307 309 311 312 312 314 315 315 315 316 323 333 333 330 329 332 340 348 358 7 10 10 9 7 3 357 353 354 357 356 357 0 5 10 15 15 15 18 22 27 30 30 29 24 18 17 20 24 29 34 35 33 32 31 32 34 37 38 39 41 42 42 40
242 242 241 241 242 247 250 252 253 254 256 257 259 261 264 266 268 270 272 274 276 279 281 283 285 288 290 293 295 297 300 302 304 307 310 312 312 313 315 315 315 314 317 326 332 330 328 329 335 344 355 5 8 8 8 5 1 356 353 352 353 356 359 1 4 8 12 14 16 17 20 23 27 30 31 30 26 22 22 26 30 32 31 30 28 28 28 29 30 31 35 40 42 41 41 40
244 244 242 241 244 248 251 253 254 255 257 258 260 262 264 267 269 271 273 275 277 280 282 284 286 289 292 294 296 298 301 303 305 308 311 314 314 315 316 317 316 315 319 326 329 327 327 331 339 350 2 7 5 4 4 1 355 350 350 353 356 360 5 7 6 8 11 13 16 18 21 24 26 29 30 28 24 22 23 26 28 29 27 26 25 25 25 24 25 28 34 41 43 43 43 43
247 245 243 241 245 248 250 252 255 257 258 259 261 263 265 267 269 272 274 276 279 281 284 286 288 290 293 295 297 300 302 304 306 309 311 314 315 316 317 318 318 319 321 326 326 324 326 334 345 357 4 2 359 359 359 355 350 349 352 357 1 6 12 11 7 8 11 14 17 20 22 25 28 29 28 25 22 21 23 26 27 27 27 25 24 23 21 22 25 30 35 41 44 45 46 46
250 248 244 243 246 248 248 250 253 257 258 259 261 263 266 268 270 272 275 277 280 282 285 287 289 291 294 296 299 301 303 305 308 310 312 314 315 316 318 320 321 320 322 325 325 324 329 341 354 2 360 355 354 354 353 349 347 351 359 4 8 13 14 11 7 8 11 14 17 20 23 26 27 27 25 23 21 20 22 25 27 29 30 28 24 22 22 24 29 33 36 41 45 47 48 45
