windninja/windninja_output/Output_2025-08-09_1700-1750_Google earth_Fire_150m_10min/merlingen_7.5mi_point_08-09-2025_1720_150m_vel.asc
ncols	158
nrows	163
xllcorner	391686.332397
yllcorner	5160024.123721
cellsize	150.000000
NODATA_value	-32768.000000
[rows 0 to 37 of 163, columns 0 to 83 of 158]
0.86 0.85 0.86 0.86 0.88 0.90 0.85 0.81 0.84 0.85 0.81 0.72 0.63 0.67 0.77 0.81 0.81 0.80 0.86 0.97 0.97 0.89 0.88 0.92 0.97 0.98 0.92 0.90 0.95 0.96 0.94 0.93 0.93 0.91 0.93 1.00 0.98 0.95 0.98 0.96 0.96 1.01 1.01 1.03 1.10 1.13 1.16 1.21 1.30 1.41 1.48 1.53 1.58 1.58 1.51 1.42 1.35 1.33 1.37 1.41 1.40 1.38 1.36 1.35 1.36 1.35 1.37 1.42 1.47 1.50 1.49 1.46 1.40 1.37 1.41 1.44 1.38 1.33 1.36 1.40 1.37 1.28 1.25 1.27
0.81 0.85 0.87 0.86 0.88 0.87 0.79 0.77 0.82 0.84 0.79 0.68 0.57 0.61 0.75 0.84 0.88 0.89 0.98 1.07 1.00 0.91 0.91 0.95 0.99 0.98 0.93 0.93 0.96 0.94 0.93 0.94 0.94 0.95 0.99 1.04 1.02 1.03 1.06 1.04 1.05 1.09 1.10 1.17 1.24 1.27 1.31 1.36 1.39 1.42 1.43 1.44 1.44 1.39 1.34 1.32 1.35 1.38 1.42 1.41 1.38 1.37 1.38 1.40 1.39 1.38 1.40 1.44 1.50 1.52 1.49 1.44 1.41 1.43 1.47 1.44 1.36 1.38 1.46 1.45 1.34 1.25 1.28 1.27
0.78 0.86 0.88 0.85 0.87 0.81 0.73 0.76 0.84 0.87 0.81 0.66 0.56 0.62 0.79 0.98 1.07 1.09 1.16 1.15 1.03 0.96 0.95 0.97 1.00 0.98 0.95 0.95 0.95 0.92 0.92 0.95 0.98 1.02 1.09 1.13 1.14 1.17 1.18 1.17 1.21 1.24 1.28 1.38 1.45 1.49 1.53 1.55 1.51 1.45 1.42 1.39 1.32 1.26 1.26 1.32 1.41 1.45 1.46 1.44 1.43 1.44 1.45 1.45 1.43 1.42 1.44 1.49 1.55 1.53 1.45 1.42 1.46 1.51 1.52 1.44 1.40 1.50 1.57 1.46 1.29 1.26 1.32 1.27
0.80 0.86 0.86 0.83 0.85 0.79 0.78 0.89 0.98 0.98 0.85 0.66 0.60 0.67 0.86 1.12 1.20 1.19 1.17 1.10 1.01 0.98 0.97 0.97 1.04 1.05 1.02 1.01 0.99 0.98 0.99 1.01 1.06 1.14 1.19 1.21 1.21 1.20 1.22 1.28 1.34 1.39 1.47 1.56 1.60 1.62 1.62 1.58 1.53 1.52 1.51 1.43 1.36 1.35 1.38 1.41 1.43 1.44 1.44 1.45 1.47 1.47 1.45 1.44 1.42 1.43 1.46 1.52 1.57 1.51 1.42 1.42 1.47 1.47 1.44 1.41 1.45 1.54 1.53 1.39 1.29 1.31 1.36 1.33
0.80 0.84 0.83 0.82 0.84 0.83 0.89 1.02 1.05 0.93 0.74 0.62 0.62 0.74 0.99 1.19 1.22 1.17 1.09 1.02 0.99 1.01 1.01 1.02 1.10 1.13 1.12 1.12 1.11 1.11 1.13 1.16 1.23 1.28 1.27 1.24 1.23 1.28 1.37 1.45 1.50 1.56 1.66 1.70 1.69 1.65 1.59 1.53 1.50 1.49 1.42 1.35 1.34 1.36 1.38 1.39 1.40 1.42 1.43 1.45 1.46 1.43 1.41 1.42 1.43 1.45 1.46 1.53 1.56 1.46 1.37 1.40 1.44 1.43 1.39 1.36 1.40 1.47 1.46 1.33 1.22 1.27 1.39 1.43
0.79 0.81 0.81 0.81 0.86 0.89 0.96 1.02 0.94 0.76 0.63 0.61 0.63 0.79 1.06 1.17 1.16 1.09 0.99 0.97 1.00 1.05 1.05 1.04 1.11 1.15 1.13 1.12 1.14 1.18 1.22 1.30 1.39 1.39 1.34 1.33 1.40 1.50 1.59 1.61 1.61 1.65 1.68 1.65 1.58 1.52 1.46 1.43 1.41 1.35 1.28 1.26 1.27 1.30 1.33 1.37 1.41 1.44 1.46 1.47 1.46 1.43 1.42 1.44 1.45 1.45 1.46 1.54 1.57 1.45 1.36 1.39 1.47 1.48 1.42 1.41 1.46 1.49 1.40 1.21 1.15 1.27 1.43 1.48
0.77 0.78 0.79 0.82 0.87 0.91 0.96 0.93 0.80 0.68 0.63 0.64 0.68 0.82 1.06 1.12 1.10 1.04 0.99 0.99 1.04 1.11 1.09 1.04 1.07 1.08 1.06 1.09 1.14 1.17 1.24 1.35 1.41 1.40 1.41 1.50 1.60 1.65 1.64 1.60 1.57 1.56 1.52 1.45 1.38 1.36 1.35 1.33 1.30 1.24 1.21 1.23 1.27 1.29 1.33 1.38 1.41 1.45 1.49 1.51 1.53 1.53 1.50 1.48 1.47 1.46 1.49 1.57 1.58 1.48 1.46 1.56 1.62 1.56 1.50 1.53 1.57 1.54 1.34 1.16 1.26 1.46 1.53 1.51
0.75 0.76 0.78 0.81 0.84 0.87 0.87 0.80 0.70 0.67 0.68 0.71 0.75 0.86 1.03 1.11 1.06 1.05 1.04 1.04 1.10 1.17 1.13 1.06 1.04 1.03 1.06 1.13 1.13 1.12 1.22 1.33 1.34 1.32 1.41 1.53 1.56 1.52 1.47 1.43 1.39 1.36 1.33 1.29 1.28 1.29 1.27 1.25 1.22 1.17 1.16 1.23 1.28 1.29 1.34 1.41 1.46 1.52 1.57 1.62 1.63 1.58 1.53 1.51 1.49 1.48 1.53 1.61 1.59 1.51 1.54 1.66 1.66 1.56 1.51 1.50 1.51 1.43 1.22 1.17 1.41 1.59 1.60 1.59
0.73 0.75 0.77 0.78 0.80 0.80 0.78 0.72 0.69 0.71 0.73 0.76 0.79 0.87 1.03 1.09 1.05 1.06 1.06 1.07 1.15 1.20 1.16 1.12 1.09 1.09 1.13 1.15 1.10 1.10 1.23 1.30 1.26 1.28 1.37 1.41 1.35 1.29 1.25 1.22 1.20 1.20 1.20 1.22 1.25 1.25 1.21 1.19 1.17 1.14 1.18 1.24 1.22 1.24 1.38 1.50 1.56 1.61 1.63 1.59 1.50 1.41 1.39 1.41 1.41 1.47 1.59 1.65 1.61 1.52 1.52 1.54 1.48 1.42 1.40 1.40 1.40 1.28 1.12 1.21 1.51 1.67 1.71 1.77
0.70 0.72 0.74 0.76 0.76 0.76 0.75 0.73 0.73 0.75 0.77 0.79 0.80 0.86 0.99 1.06 1.06 1.08 1.09 1.14 1.20 1.22 1.21 1.17 1.14 1.13 1.13 1.12 1.09 1.12 1.25 1.27 1.21 1.26 1.32 1.30 1.21 1.15 1.12 1.11 1.12 1.16 1.18 1.20 1.21 1.18 1.15 1.15 1.14 1.10 1.14 1.18 1.17 1.27 1.44 1.53 1.53 1.51 1.43 1.30 1.21 1.20 1.18 1.16 1.27 1.48 1.62 1.63 1.51 1.40 1.39 1.41 1.38 1.33 1.31 1.29 1.26 1.21 1.25 1.51 1.76 1.85 1.83 1.85
0.68 0.70 0.73 0.74 0.73 0.74 0.75 0.76 0.77 0.78 0.79 0.80 0.81 0.83 0.93 1.04 1.08 1.11 1.14 1.19 1.24 1.25 1.26 1.20 1.16 1.15 1.11 1.08 1.09 1.14 1.22 1.19 1.14 1.20 1.25 1.19 1.12 1.07 1.08 1.12 1.15 1.18 1.18 1.15 1.13 1.12 1.09 1.08 1.04 0.98 1.03 1.09 1.12 1.24 1.33 1.35 1.26 1.16 1.06 0.98 1.00 1.02 0.96 1.01 1.27 1.46 1.51 1.42 1.24 1.19 1.32 1.42 1.41 1.34 1.26 1.19 1.21 1.32 1.53 1.86 2.02 2.01 1.93 1.91
0.67 0.69 0.71 0.71 0.72 0.73 0.76 0.78 0.78 0.79 0.80 0.81 0.81 0.82 0.91 1.05 1.11 1.15 1.17 1.21 1.24 1.25 1.24 1.18 1.14 1.07 0.97 0.97 1.03 1.07 1.10 1.09 1.09 1.14 1.16 1.09 1.05 1.05 1.10 1.14 1.13 1.15 1.13 1.08 1.08 1.07 0.98 0.91 0.85 0.82 0.88 0.92 0.92 1.02 1.07 1.08 1.00 0.89 0.81 0.78 0.83 0.86 0.86 1.02 1.27 1.34 1.32 1.18 1.04 1.20 1.43 1.47 1.44 1.41 1.39 1.45 1.60 1.79 1.97 2.12 2.12 2.10 2.11 2.22
0.65 0.67 0.69 0.70 0.71 0.73 0.76 0.77 0.77 0.78 0.80 0.81 0.80 0.80 0.89 1.05 1.14 1.16 1.18 1.21 1.23 1.22 1.17 1.11 1.00 0.86 0.80 0.86 0.95 0.99 1.02 1.06 1.09 1.11 1.06 1.02 1.04 1.09 1.12 1.10 1.10 1.13 1.08 1.02 1.01 0.95 0.81 0.70 0.70 0.75 0.79 0.77 0.77 0.86 0.96 0.96 0.89 0.78 0.67 0.68 0.79 0.86 0.93 1.08 1.21 1.21 1.15 1.09 1.15 1.36 1.45 1.45 1.51 1.58 1.72 1.94 2.09 2.22 2.30 2.26 2.20 2.21 2.31 2.50
0.63 0.65 0.67 0.68 0.70 0.73 0.75 0.75 0.77 0.78 0.80 0.81 0.79 0.78 0.87 1.04 1.16 1.17 1.18 1.20 1.19 1.14 1.07 0.98 0.86 0.77 0.78 0.86 0.93 0.96 1.00 1.04 1.07 1.05 0.99 1.03 1.10 1.12 1.10 1.05 1.04 1.00 0.87 0.81 0.80 0.75 0.64 0.60 0.67 0.76 0.75 0.71 0.71 0.81 0.96 0.94 0.83 0.70 0.60 0.68 0.87 0.99 1.10 1.19 1.18 1.14 1.11 1.21 1.35 1.39 1.39 1.48 1.65 1.78 1.87 1.92 2.00 2.11 2.07 2.02 2.13 2.27 2.36 2.40
0.62 0.63 0.65 0.67 0.69 0.71 0.72 0.74 0.77 0.78 0.80 0.81 0.81 0.81 0.89 1.06 1.19 1.17 1.15 1.15 1.11 1.02 0.96 0.88 0.82 0.81 0.83 0.89 0.92 0.92 0.96 1.03 1.05 1.02 1.03 1.10 1.10 1.05 0.97 0.87 0.82 0.71 0.65 0.68 0.69 0.67 0.63 0.66 0.74 0.79 0.79 0.75 0.74 0.87 1.01 0.99 0.86 0.71 0.66 0.85 1.14 1.28 1.40 1.36 1.22 1.21 1.28 1.42 1.48 1.38 1.41 1.64 1.81 1.79 1.68 1.67 1.78 1.75 1.60 1.71 2.00 2.15 2.12 2.02
0.60 0.61 0.63 0.65 0.67 0.69 0.71 0.73 0.76 0.78 0.80 0.82 0.83 0.84 0.92 1.11 1.21 1.16 1.11 1.09 1.04 0.96 0.91 0.86 0.86 0.89 0.88 0.89 0.90 0.92 1.03 1.12 1.09 1.04 1.01 0.96 0.89 0.84 0.75 0.68 0.66 0.61 0.65 0.76 0.75 0.73 0.76 0.75 0.75 0.85 0.97 0.99 1.06 1.22 1.27 1.22 1.09 0.95 0.93 1.14 1.43 1.58 1.59 1.43 1.34 1.46 1.54 1.59 1.64 1.51 1.49 1.68 1.73 1.57 1.50 1.60 1.61 1.47 1.51 1.86 2.03 1.89 1.73 1.59
0.58 0.59 0.61 0.64 0.65 0.68 0.70 0.73 0.75 0.78 0.81 0.82 0.85 0.87 0.95 1.11 1.17 1.11 1.06 1.04 1.01 0.94 0.89 0.88 0.92 0.94 0.90 0.88 0.93 1.01 1.10 1.09 0.95 0.84 0.77 0.73 0.73 0.72 0.67 0.67 0.69 0.73 0.86 0.93 0.87 0.85 0.89 0.85 0.86 1.04 1.21 1.26 1.35 1.40 1.34 1.26 1.21 1.18 1.20 1.44 1.65 1.69 1.58 1.40 1.40 1.57 1.67 1.75 1.79 1.65 1.55 1.57 1.58 1.52 1.55 1.55 1.46 1.52 1.84 2.05 1.84 1.52 1.39 1.24
0.56 0.57 0.60 0.62 0.64 0.67 0.70 0.73 0.76 0.78 0.81 0.82 0.85 0.88 0.95 1.05 1.10 1.06 1.01 0.98 0.94 0.89 0.87 0.89 0.93 0.91 0.87 0.88 0.94 1.00 0.99 0.87 0.71 0.63 0.66 0.72 0.77 0.78 0.79 0.83 0.88 0.92 0.96 0.94 0.90 0.91 0.95 1.01 1.15 1.30 1.36 1.35 1.33 1.28 1.22 1.21 1.28 1.36 1.46 1.61 1.71 1.70 1.55 1.42 1.50 1.67 1.80 1.83 1.72 1.60 1.61 1.61 1.65 1.66 1.55 1.48 1.52 1.72 1.88 1.68 1.30 1.16 1.08 0.93
0.55 0.56 0.58 0.60 0.63 0.66 0.69 0.72 0.76 0.78 0.80 0.82 0.85 0.88 0.93 1.00 1.04 1.01 0.95 0.90 0.87 0.85 0.86 0.88 0.89 0.87 0.86 0.88 0.89 0.88 0.81 0.69 0.61 0.64 0.73 0.82 0.85 0.86 0.86 0.90 0.93 0.92 0.93 0.92 0.91 0.97 1.08 1.19 1.27 1.32 1.32 1.28 1.22 1.19 1.23 1.32 1.41 1.45 1.52 1.62 1.69 1.64 1.50 1.49 1.61 1.75 1.82 1.72 1.59 1.67 1.81 1.80 1.79 1.69 1.46 1.38 1.41 1.41 1.35 1.12 1.00 0.99 0.90 0.83
0.52 0.54 0.56 0.59 0.62 0.65 0.69 0.72 0.75 0.76 0.79 0.82 0.85 0.88 0.91 0.95 0.97 0.95 0.90 0.87 0.86 0.86 0.87 0.87 0.88 0.88 0.87 0.86 0.84 0.81 0.73 0.64 0.62 0.67 0.75 0.83 0.88 0.90 0.92 0.98 0.99 0.98 0.99 0.98 1.02 1.15 1.26 1.25 1.20 1.23 1.23 1.21 1.21 1.26 1.37 1.45 1.47 1.47 1.51 1.54 1.54 1.47 1.43 1.50 1.61 1.70 1.72 1.69 1.80 2.01 2.02 1.86 1.76 1.65 1.52 1.39 1.19 1.07 1.06 1.04 1.04 1.07 1.03 0.99
0.51 0.53 0.55 0.58 0.61 0.64 0.68 0.71 0.74 0.75 0.78 0.82 0.85 0.86 0.89 0.91 0.92 0.92 0.90 0.89 0.89 0.89 0.89 0.89 0.89 0.88 0.86 0.84 0.82 0.78 0.71 0.64 0.65 0.74 0.87 0.97 1.04 1.09 1.09 1.09 1.05 1.01 1.01 1.05 1.16 1.26 1.26 1.18 1.15 1.21 1.24 1.26 1.30 1.36 1.41 1.40 1.42 1.45 1.46 1.44 1.38 1.41 1.50 1.56 1.64 1.76 1.82 1.94 2.14 2.16 1.92 1.66 1.54 1.54 1.53 1.39 1.24 1.17 1.18 1.23 1.29 1.28 1.19 1.11
0.50 0.51 0.53 0.56 0.60 0.64 0.67 0.70 0.73 0.75 0.78 0.82 0.84 0.85 0.87 0.89 0.90 0.91 0.91 0.90 0.90 0.89 0.89 0.89 0.88 0.86 0.85 0.83 0.81 0.77 0.71 0.68 0.76 0.95 1.09 1.16 1.21 1.18 1.11 1.05 1.01 1.00 1.04 1.13 1.21 1.21 1.18 1.17 1.21 1.27 1.33 1.35 1.38 1.38 1.35 1.34 1.37 1.41 1.40 1.36 1.35 1.48 1.63 1.65 1.76 1.95 2.08 2.22 2.23 1.93 1.56 1.39 1.37 1.47 1.45 1.36 1.37 1.39 1.42 1.47 1.46 1.31 1.20 1.20
0.48 0.49 0.51 0.55 0.60 0.63 0.66 0.69 0.72 0.75 0.78 0.81 0.83 0.85 0.86 0.88 0.89 0.91 0.91 0.90 0.90 0.90 0.90 0.88 0.86 0.85 0.84 0.81 0.80 0.78 0.76 0.79 0.93 1.08 1.12 1.13 1.12 1.04 0.97 0.96 0.98 1.02 1.08 1.14 1.17 1.23 1.29 1.30 1.30 1.32 1.37 1.38 1.36 1.35 1.36 1.38 1.41 1.43 1.35 1.32 1.38 1.57 1.72 1.82 2.08 2.31 2.35 2.29 2.00 1.57 1.32 1.25 1.36 1.53 1.55 1.47 1.42 1.47 1.58 1.61 1.51 1.36 1.32 1.29
0.46 0.47 0.51 0.55 0.59 0.62 0.65 0.68 0.72 0.76 0.78 0.80 0.82 0.84 0.86 0.88 0.89 0.91 0.91 0.91 0.91 0.90 0.89 0.87 0.86 0.84 0.80 0.77 0.78 0.79 0.80 0.86 0.97 1.02 1.02 1.01 0.96 0.92 0.92 0.96 1.01 1.05 1.09 1.14 1.29 1.42 1.38 1.31 1.29 1.30 1.35 1.35 1.35 1.39 1.42 1.43 1.45 1.43 1.33 1.32 1.43 1.60 1.84 2.17 2.45 2.42 2.22 1.92 1.50 1.21 1.13 1.19 1.44 1.69 1.69 1.48 1.35 1.44 1.54 1.52 1.47 1.44 1.43 1.36
0.45 0.46 0.50 0.54 0.57 0.61 0.64 0.68 0.72 0.76 0.78 0.79 0.81 0.84 0.86 0.87 0.89 0.90 0.91 0.90 0.90 0.90 0.88 0.87 0.84 0.80 0.73 0.71 0.77 0.82 0.83 0.87 0.92 0.95 0.96 0.95 0.92 0.93 0.98 1.02 1.06 1.10 1.15 1.33 1.52 1.45 1.28 1.23 1.24 1.27 1.32 1.36 1.41 1.47 1.48 1.47 1.46 1.38 1.27 1.28 1.41 1.71 2.17 2.49 2.39 1.99 1.63 1.28 1.00 0.90 0.97 1.26 1.71 1.85 1.57 1.25 1.18 1.34 1.44 1.43 1.47 1.54 1.54 1.48
0.43 0.45 0.49 0.53 0.57 0.60 0.63 0.68 0.73 0.76 0.77 0.78 0.81 0.84 0.85 0.87 0.89 0.89 0.90 0.90 0.89 0.89 0.88 0.86 0.83 0.76 0.68 0.70 0.83 0.86 0.83 0.87 0.93 0.96 0.97 0.95 0.92 0.98 1.06 1.09 1.11 1.17 1.29 1.49 1.49 1.26 1.16 1.21 1.26 1.32 1.35 1.38 1.42 1.45 1.49 1.51 1.44 1.28 1.17 1.21 1.53 2.16 2.62 2.53 2.10 1.68 1.31 0.98 0.81 0.84 1.13 1.66 1.96 1.76 1.39 1.16 1.17 1.35 1.43 1.48 1.61 1.68 1.66 1.65
0.42 0.44 0.48 0.52 0.56 0.60 0.63 0.69 0.74 0.75 0.76 0.79 0.82 0.84 0.85 0.87 0.88 0.88 0.89 0.89 0.89 0.89 0.89 0.86 0.82 0.73 0.68 0.77 0.88 0.87 0.84 0.87 0.92 0.94 0.95 0.93 0.94 1.07 1.17 1.18 1.20 1.28 1.41 1.49 1.38 1.23 1.23 1.31 1.38 1.42 1.39 1.39 1.43 1.50 1.62 1.57 1.33 1.17 1.21 1.45 2.03 2.65 2.65 2.15 1.69 1.39 1.12 0.90 0.86 1.10 1.63 2.01 1.91 1.57 1.30 1.20 1.26 1.43 1.52 1.59 1.68 1.66 1.62 1.73
0.41 0.43 0.47 0.51 0.56 0.59 0.64 0.70 0.73 0.74 0.76 0.79 0.81 0.83 0.85 0.87 0.87 0.88 0.88 0.89 0.91 0.91 0.89 0.86 0.81 0.74 0.74 0.85 0.94 0.90 0.86 0.90 0.93 0.92 0.91 0.90 0.96 1.14 1.27 1.26 1.27 1.40 1.50 1.51 1.45 1.39 1.41 1.44 1.48 1.48 1.46 1.53 1.62 1.73 1.78 1.54 1.28 1.29 1.59 1.99 2.47 2.67 2.22 1.60 1.24 1.04 0.90 0.85 1.02 1.48 1.97 2.01 1.73 1.45 1.23 1.18 1.31 1.55 1.65 1.63 1.62 1.56 1.57 1.74
0.40 0.42 0.47 0.51 0.56 0.60 0.65 0.70 0.72 0.73 0.76 0.79 0.81 0.83 0.85 0.87 0.88 0.88 0.89 0.91 0.92 0.91 0.89 0.86 0.83 0.80 0.86 0.98 1.02 0.95 0.92 0.97 0.98 0.97 0.98 1.02 1.10 1.26 1.43 1.44 1.46 1.61 1.62 1.60 1.57 1.51 1.50 1.51 1.57 1.63 1.66 1.73 1.80 1.87 1.77 1.49 1.41 1.59 1.91 2.29 2.57 2.40 1.86 1.34 1.08 0.94 0.85 0.93 1.31 1.83 2.10 1.95 1.65 1.36 1.13 1.09 1.24 1.50 1.56 1.54 1.54 1.51 1.57 1.68
0.39 0.42 0.46 0.51 0.56 0.60 0.65 0.69 0.71 0.74 0.76 0.79 0.82 0.84 0.86 0.87 0.88 0.89 0.90 0.92 0.91 0.90 0.89 0.87 0.86 0.87 0.97 1.06 1.05 1.01 1.04 1.08 1.07 1.14 1.30 1.39 1.40 1.51 1.67 1.70 1.77 1.83 1.77 1.73 1.66 1.58 1.59 1.68 1.85 1.95 1.92 1.92 1.93 1.88 1.73 1.53 1.50 1.66 1.95 2.32 2.38 1.94 1.43 1.11 0.95 0.89 0.91 1.11 1.59 2.02 2.07 1.77 1.43 1.21 1.10 1.15 1.33 1.42 1.43 1.47 1.49 1.46 1.48 1.50
0.39 0.41 0.46 0.51 0.57 0.61 0.65 0.68 0.71 0.74 0.77 0.80 0.82 0.84 0.86 0.87 0.88 0.89 0.90 0.91 0.92 0.91 0.91 0.90 0.89 0.93 1.00 1.02 0.97 0.91 0.94 1.05 1.20 1.46 1.67 1.65 1.60 1.70 1.86 1.88 1.89 1.86 1.77 1.72 1.65 1.62 1.69 1.86 1.99 1.91 1.83 1.86 1.81 1.71 1.57 1.39 1.35 1.56 1.93 2.21 2.00 1.42 1.02 0.82 0.81 0.90 1.00 1.21 1.65 1.98 1.80 1.32 1.09 1.12 1.24 1.40 1.45 1.42 1.46 1.55 1.52 1.42 1.38 1.41
0.40 0.42 0.46 0.51 0.58 0.63 0.65 0.68 0.72 0.75 0.77 0.80 0.83 0.85 0.86 0.87 0.88 0.89 0.90 0.92 0.93 0.92 0.92 0.92 0.94 0.98 1.01 0.98 0.89 0.81 0.88 1.12 1.40 1.65 1.69 1.56 1.57 1.80 1.93 1.84 1.73 1.60 1.49 1.47 1.46 1.50 1.64 1.77 1.67 1.45 1.41 1.45 1.42 1.41 1.31 1.18 1.27 1.55 1.89 2.07 1.72 1.15 0.83 0.74 0.90 1.07 1.14 1.29 1.68 1.87 1.49 1.13 1.17 1.35 1.44 1.48 1.46 1.47 1.57 1.67 1.61 1.43 1.36 1.40
0.41 0.42 0.46 0.52 0.61 0.64 0.65 0.69 0.73 0.75 0.77 0.80 0.83 0.85 0.87 0.87 0.87 0.89 0.91 0.92 0.93 0.93 0.94 0.95 0.98 1.01 1.02 1.00 0.96 1.00 1.20 1.43 1.54 1.60 1.53 1.40 1.52 1.78 1.76 1.52 1.40 1.31 1.26 1.29 1.29 1.33 1.47 1.49 1.29 1.20 1.21 1.21 1.22 1.24 1.17 1.17 1.38 1.64 1.85 1.89 1.46 0.99 0.83 0.89 1.12 1.25 1.32 1.49 1.77 1.79 1.47 1.42 1.62 1.64 1.54 1.50 1.52 1.58 1.66 1.72 1.55 1.35 1.32 1.37
0.41 0.43 0.47 0.54 0.62 0.64 0.66 0.70 0.73 0.76 0.78 0.81 0.84 0.85 0.87 0.87 0.88 0.91 0.92 0.93 0.94 0.95 0.96 0.98 1.02 1.02 1.02 1.00 1.03 1.18 1.38 1.50 1.48 1.49 1.51 1.45 1.55 1.68 1.53 1.31 1.25 1.20 1.17 1.18 1.16 1.21 1.29 1.20 1.08 1.12 1.16 1.15 1.15 1.12 1.08 1.17 1.41 1.63 1.74 1.69 1.40 1.08 1.02 1.12 1.30 1.38 1.43 1.56 1.75 1.85 1.82 1.85 1.83 1.65 1.54 1.56 1.62 1.72 1.82 1.74 1.48 1.30 1.32 1.40
0.42 0.44 0.49 0.57 0.63 0.65 0.67 0.70 0.74 0.77 0.79 0.82 0.84 0.85 0.87 0.87 0.89 0.91 0.92 0.93 0.95 0.97 0.98 1.00 1.03 1.02 1.01 1.00 1.03 1.14 1.30 1.38 1.39 1.51 1.64 1.61 1.57 1.54 1.38 1.24 1.17 1.07 1.01 0.99 1.00 1.09 1.10 1.01 1.02 1.09 1.10 1.08 1.06 1.02 1.04 1.17 1.38 1.51 1.54 1.54 1.43 1.23 1.19 1.26 1.37 1.41 1.46 1.58 1.84 2.10 2.03 1.85 1.67 1.50 1.46 1.50 1.57 1.68 1.71 1.57 1.43 1.41 1.43 1.47
0.44 0.46 0.52 0.60 0.65 0.66 0.68 0.71 0.75 0.78 0.80 0.81 0.84 0.85 0.87 0.88 0.90 0.91 0.92 0.94 0.97 0.98 0.99 1.00 1.01 1.00 1.00 1.00 1.00 1.08 1.28 1.40 1.52 1.68 1.73 1.58 1.42 1.32 1.19 1.05 0.94 0.86 0.86 0.90 0.99 1.07 1.04 1.03 1.10 1.14 1.11 1.09 1.09 1.10 1.19 1.32 1.40 1.39 1.38 1.43 1.38 1.23 1.21 1.28 1.38 1.45 1.57 1.78 2.12 2.18 1.76 1.47 1.34 1.27 1.33 1.41 1.42 1.38 1.28 1.22 1.29 1.36 1.38 1.37
0.47 0.49 0.56 0.63 0.67 0.67 0.69 0.73 0.76 0.79 0.80 0.82 0.84 0.85 0.87 0.88 0.90 0.91 0.93 0.95 0.97 0.97 0.99 1.00 1.00 1.01 1.01 0.98 0.99 1.18 1.44 1.57 1.67 1.70 1.57 1.32 1.17 1.06 0.93 0.80 0.74 0.78 0.88 0.97 1.07 1.14 1.11 1.14 1.17 1.14 1.16 1.20 1.23 1.31 1.42 1.46 1.43 1.39 1.36 1.42 1.43 1.28 1.22 1.29 1.37 1.51 1.73 2.02 2.18 1.83 1.28 1.08 1.08 1.21 1.38 1.38 1.29 1.19 1.13 1.19 1.20 1.14 1.16 1.19
0.51 0.54 0.60 0.65 0.68 0.69 0.71 0.74 0.77 0.79 0.81 0.82 0.84 0.85 0.87 0.89 0.91 0.92 0.94 0.95 0.97 0.98 0.99 1.01 1.02 1.03 1.03 1.01 1.13 1.45 1.61 1.62 1.59 1.49 1.35 1.13 0.90 0.75 0.71 0.73 0.78 0.88 0.99 1.09 1.17 1.21 1.20 1.23 1.20 1.18 1.28 1.36 1.39 1.44 1.49 1.51 1.49 1.47 1.47 1.54 1.54 1.41 1.32 1.31 1.34 1.49 1.81 2.06 1.89 1.36 1.04 1.09 1.34 1.53 1.45 1.29 1.29 1.32 1.32 1.31 1.21 1.13 1.12 1.18
