windninja/windninja_output/Output_2025-08-09_1700-1750_Google earth_Fire_150m_10min/merlingen_7.5mi_point_08-09-2025_1730_150m_vel.asc
ncols	158
nrows	163
xllcorner	391686.332397
yllcorner	5160024.123721
cellsize	150.000000
NODATA_value	-32768.000000
[rows 0 to 37 of 163, columns 0 to 83 of 158]
0.50 0.50 0.50 0.50 0.51 0.52 0.49 0.47 0.50 0.51 0.49 0.45 0.44 0.49 0.56 0.57 0.55 0.54 0.57 0.65 0.64 0.58 0.58 0.62 0.66 0.68 0.65 0.64 0.69 0.70 0.70 0.70 0.70 0.70 0.72 0.78 0.76 0.74 0.77 0.77 0.78 0.82 0.83 0.85 0.91 0.94 0.97 1.02 1.11 1.22 1.30 1.35 1.40 1.40 1.35 1.27 1.21 1.20 1.23 1.28 1.28 1.26 1.24 1.24 1.26 1.26 1.27 1.31 1.36 1.39 1.38 1.35 1.30 1.28 1.31 1.34 1.29 1.23 1.25 1.30 1.28 1.19 1.16 1.17
0.45 0.47 0.49 0.48 0.49 0.49 0.45 0.45 0.49 0.50 0.47 0.41 0.37 0.43 0.53 0.58 0.58 0.58 0.64 0.69 0.64 0.58 0.60 0.64 0.67 0.68 0.65 0.66 0.69 0.69 0.68 0.70 0.71 0.72 0.76 0.81 0.80 0.81 0.85 0.84 0.85 0.89 0.91 0.96 1.03 1.06 1.11 1.15 1.19 1.23 1.24 1.26 1.27 1.23 1.20 1.19 1.21 1.24 1.28 1.28 1.25 1.25 1.27 1.28 1.28 1.28 1.30 1.33 1.38 1.40 1.38 1.34 1.32 1.34 1.37 1.35 1.27 1.28 1.36 1.35 1.25 1.17 1.18 1.17
0.40 0.44 0.46 0.45 0.47 0.44 0.41 0.44 0.49 0.50 0.46 0.36 0.31 0.38 0.51 0.63 0.67 0.68 0.73 0.73 0.66 0.61 0.61 0.64 0.68 0.68 0.66 0.67 0.68 0.67 0.68 0.71 0.73 0.78 0.84 0.87 0.89 0.92 0.94 0.94 0.98 1.02 1.05 1.15 1.21 1.25 1.30 1.33 1.30 1.25 1.23 1.22 1.16 1.11 1.12 1.18 1.26 1.31 1.32 1.31 1.30 1.31 1.33 1.34 1.32 1.31 1.33 1.37 1.42 1.41 1.35 1.32 1.36 1.41 1.41 1.35 1.31 1.40 1.46 1.37 1.22 1.18 1.22 1.18
0.38 0.41 0.42 0.41 0.44 0.41 0.40 0.47 0.52 0.52 0.44 0.33 0.31 0.38 0.52 0.69 0.74 0.73 0.73 0.70 0.64 0.63 0.62 0.64 0.70 0.72 0.71 0.70 0.70 0.71 0.73 0.75 0.79 0.86 0.91 0.93 0.94 0.95 0.97 1.03 1.09 1.13 1.21 1.29 1.33 1.36 1.38 1.35 1.32 1.32 1.32 1.25 1.20 1.20 1.23 1.26 1.28 1.29 1.29 1.31 1.34 1.34 1.33 1.32 1.31 1.32 1.34 1.39 1.44 1.39 1.31 1.32 1.36 1.36 1.33 1.31 1.36 1.43 1.42 1.31 1.22 1.24 1.27 1.25
0.35 0.37 0.38 0.38 0.41 0.40 0.43 0.51 0.54 0.48 0.38 0.30 0.31 0.40 0.58 0.73 0.75 0.73 0.69 0.66 0.64 0.66 0.65 0.66 0.74 0.77 0.77 0.78 0.78 0.79 0.82 0.85 0.92 0.97 0.97 0.96 0.96 1.00 1.09 1.16 1.21 1.27 1.36 1.40 1.41 1.39 1.35 1.30 1.30 1.29 1.24 1.19 1.18 1.20 1.22 1.23 1.25 1.27 1.28 1.31 1.32 1.30 1.29 1.30 1.31 1.33 1.35 1.39 1.42 1.34 1.27 1.29 1.33 1.33 1.29 1.27 1.30 1.36 1.35 1.25 1.16 1.19 1.30 1.34
0.32 0.34 0.34 0.35 0.39 0.41 0.46 0.51 0.48 0.40 0.33 0.30 0.31 0.43 0.62 0.71 0.73 0.70 0.64 0.63 0.66 0.69 0.68 0.68 0.74 0.78 0.78 0.78 0.80 0.84 0.88 0.95 1.03 1.04 1.01 1.02 1.08 1.18 1.25 1.28 1.30 1.34 1.37 1.36 1.32 1.27 1.24 1.22 1.21 1.17 1.12 1.11 1.12 1.14 1.17 1.21 1.25 1.28 1.31 1.32 1.31 1.30 1.30 1.32 1.33 1.33 1.34 1.40 1.43 1.33 1.26 1.29 1.36 1.37 1.33 1.32 1.35 1.38 1.30 1.14 1.08 1.19 1.33 1.38
0.29 0.30 0.31 0.34 0.38 0.41 0.45 0.46 0.41 0.35 0.32 0.32 0.34 0.45 0.62 0.68 0.68 0.67 0.64 0.64 0.68 0.73 0.71 0.68 0.71 0.73 0.73 0.76 0.81 0.84 0.89 0.99 1.05 1.04 1.07 1.15 1.24 1.29 1.29 1.27 1.26 1.26 1.24 1.19 1.15 1.14 1.14 1.13 1.11 1.07 1.06 1.08 1.11 1.14 1.17 1.22 1.25 1.29 1.33 1.35 1.38 1.39 1.37 1.36 1.35 1.34 1.36 1.43 1.45 1.37 1.36 1.44 1.50 1.45 1.41 1.43 1.46 1.44 1.26 1.10 1.18 1.36 1.42 1.41
0.26 0.27 0.29 0.32 0.35 0.39 0.41 0.39 0.36 0.34 0.34 0.35 0.37 0.46 0.61 0.67 0.65 0.66 0.66 0.67 0.71 0.77 0.74 0.70 0.69 0.70 0.73 0.79 0.80 0.81 0.89 0.98 0.99 0.99 1.07 1.17 1.20 1.19 1.16 1.14 1.12 1.11 1.09 1.06 1.06 1.08 1.07 1.06 1.04 1.01 1.01 1.08 1.13 1.14 1.18 1.25 1.30 1.35 1.40 1.45 1.48 1.44 1.40 1.39 1.37 1.36 1.40 1.47 1.46 1.40 1.44 1.54 1.54 1.46 1.42 1.41 1.41 1.34 1.16 1.11 1.32 1.48 1.50 1.50
0.23 0.24 0.27 0.29 0.32 0.35 0.36 0.35 0.34 0.35 0.36 0.38 0.39 0.46 0.59 0.65 0.64 0.65 0.67 0.68 0.74 0.78 0.76 0.73 0.72 0.73 0.77 0.80 0.78 0.79 0.90 0.96 0.94 0.96 1.04 1.08 1.04 1.00 0.99 0.98 0.97 0.97 0.98 1.00 1.04 1.05 1.02 1.01 1.00 0.98 1.02 1.08 1.08 1.09 1.22 1.32 1.38 1.43 1.46 1.43 1.35 1.28 1.27 1.29 1.30 1.35 1.45 1.51 1.48 1.40 1.40 1.42 1.36 1.32 1.31 1.31 1.31 1.20 1.07 1.15 1.40 1.54 1.60 1.67
0.20 0.21 0.24 0.26 0.29 0.31 0.33 0.34 0.35 0.37 0.38 0.39 0.40 0.45 0.56 0.62 0.63 0.66 0.67 0.71 0.76 0.78 0.78 0.76 0.75 0.75 0.77 0.78 0.77 0.81 0.92 0.94 0.90 0.95 1.01 1.00 0.94 0.90 0.89 0.89 0.90 0.94 0.97 0.99 1.01 0.99 0.97 0.98 0.97 0.96 0.99 1.03 1.03 1.11 1.26 1.34 1.35 1.34 1.28 1.16 1.08 1.08 1.07 1.06 1.16 1.34 1.47 1.49 1.39 1.29 1.28 1.29 1.27 1.24 1.22 1.20 1.17 1.13 1.19 1.43 1.64 1.72 1.71 1.74
0.17 0.18 0.21 0.24 0.26 0.29 0.32 0.34 0.35 0.37 0.38 0.40 0.40 0.43 0.52 0.61 0.64 0.67 0.69 0.74 0.78 0.80 0.81 0.78 0.76 0.77 0.75 0.75 0.77 0.82 0.89 0.88 0.86 0.91 0.95 0.92 0.87 0.85 0.86 0.90 0.93 0.96 0.97 0.95 0.94 0.94 0.92 0.92 0.89 0.85 0.89 0.95 0.98 1.09 1.16 1.17 1.10 1.01 0.93 0.86 0.88 0.90 0.86 0.91 1.13 1.31 1.36 1.30 1.14 1.10 1.21 1.30 1.30 1.25 1.18 1.11 1.12 1.23 1.44 1.74 1.89 1.88 1.81 1.78
0.14 0.16 0.19 0.21 0.24 0.27 0.30 0.33 0.35 0.37 0.38 0.40 0.40 0.42 0.50 0.60 0.65 0.68 0.71 0.74 0.78 0.80 0.80 0.77 0.75 0.71 0.66 0.68 0.74 0.78 0.81 0.81 0.82 0.87 0.89 0.85 0.82 0.83 0.88 0.91 0.91 0.93 0.93 0.89 0.90 0.90 0.83 0.77 0.72 0.70 0.75 0.78 0.79 0.86 0.91 0.91 0.84 0.76 0.69 0.66 0.70 0.73 0.74 0.89 1.11 1.18 1.16 1.05 0.94 1.10 1.31 1.35 1.33 1.31 1.30 1.36 1.51 1.67 1.84 1.98 1.99 1.97 1.99 2.09
0.12 0.13 0.16 0.19 0.22 0.25 0.29 0.31 0.34 0.36 0.38 0.39 0.40 0.41 0.48 0.60 0.66 0.69 0.72 0.74 0.77 0.78 0.77 0.73 0.68 0.59 0.56 0.62 0.68 0.72 0.75 0.79 0.82 0.84 0.81 0.79 0.81 0.86 0.89 0.88 0.89 0.92 0.89 0.84 0.84 0.80 0.68 0.59 0.57 0.62 0.65 0.64 0.63 0.71 0.79 0.78 0.73 0.64 0.54 0.54 0.64 0.71 0.78 0.92 1.04 1.05 1.00 0.96 1.03 1.24 1.32 1.32 1.39 1.47 1.62 1.83 1.97 2.09 2.16 2.13 2.06 2.08 2.17 2.35
0.08 0.10 0.13 0.17 0.20 0.24 0.27 0.30 0.33 0.35 0.37 0.39 0.39 0.40 0.47 0.59 0.67 0.69 0.71 0.74 0.75 0.73 0.71 0.67 0.60 0.55 0.56 0.62 0.67 0.70 0.74 0.78 0.81 0.79 0.76 0.80 0.86 0.88 0.87 0.84 0.84 0.81 0.71 0.66 0.65 0.61 0.53 0.49 0.55 0.62 0.61 0.58 0.57 0.65 0.77 0.76 0.68 0.56 0.47 0.54 0.71 0.82 0.93 1.01 1.01 0.97 0.96 1.05 1.20 1.25 1.25 1.34 1.51 1.65 1.74 1.78 1.86 1.96 1.93 1.90 2.00 2.12 2.21 2.24
0.06 0.07 0.11 0.15 0.18 0.22 0.25 0.28 0.32 0.34 0.36 0.39 0.39 0.40 0.47 0.59 0.68 0.68 0.68 0.71 0.70 0.67 0.64 0.61 0.58 0.57 0.59 0.63 0.66 0.67 0.71 0.77 0.79 0.77 0.79 0.84 0.85 0.82 0.77 0.69 0.65 0.57 0.51 0.53 0.54 0.52 0.50 0.54 0.62 0.65 0.65 0.62 0.61 0.71 0.82 0.80 0.71 0.59 0.55 0.72 0.97 1.10 1.21 1.19 1.07 1.05 1.11 1.23 1.30 1.23 1.26 1.48 1.64 1.64 1.55 1.54 1.64 1.60 1.47 1.57 1.85 1.99 1.97 1.87
0.03 0.05 0.09 0.13 0.17 0.21 0.24 0.27 0.31 0.34 0.36 0.38 0.40 0.40 0.46 0.60 0.68 0.67 0.65 0.67 0.66 0.63 0.61 0.59 0.60 0.62 0.62 0.63 0.65 0.67 0.75 0.82 0.81 0.78 0.78 0.74 0.69 0.66 0.58 0.53 0.51 0.47 0.50 0.60 0.60 0.58 0.62 0.62 0.62 0.70 0.81 0.84 0.90 1.04 1.09 1.04 0.93 0.82 0.81 0.99 1.24 1.37 1.39 1.27 1.19 1.29 1.36 1.40 1.45 1.34 1.33 1.51 1.56 1.42 1.37 1.47 1.47 1.34 1.37 1.70 1.87 1.74 1.59 1.46
0.01 0.03 0.07 0.12 0.15 0.19 0.23 0.26 0.30 0.33 0.36 0.38 0.40 0.41 0.47 0.59 0.65 0.64 0.63 0.63 0.63 0.61 0.59 0.60 0.63 0.65 0.63 0.63 0.67 0.72 0.80 0.80 0.71 0.64 0.59 0.56 0.56 0.55 0.52 0.52 0.54 0.58 0.69 0.75 0.71 0.70 0.73 0.70 0.71 0.86 1.01 1.08 1.15 1.20 1.16 1.09 1.06 1.03 1.06 1.26 1.43 1.47 1.39 1.24 1.26 1.39 1.48 1.55 1.59 1.48 1.39 1.40 1.40 1.37 1.42 1.42 1.33 1.39 1.68 1.88 1.69 1.39 1.26 1.11
0.04 0.05 0.07 0.11 0.15 0.19 0.22 0.26 0.29 0.33 0.35 0.38 0.41 0.43 0.47 0.56 0.62 0.62 0.61 0.60 0.59 0.58 0.58 0.60 0.63 0.63 0.61 0.62 0.67 0.72 0.72 0.65 0.54 0.49 0.50 0.55 0.59 0.60 0.61 0.65 0.70 0.74 0.77 0.75 0.72 0.74 0.78 0.84 0.96 1.08 1.14 1.14 1.13 1.10 1.05 1.05 1.12 1.20 1.29 1.42 1.50 1.49 1.37 1.27 1.34 1.48 1.60 1.63 1.54 1.44 1.46 1.45 1.48 1.50 1.40 1.34 1.39 1.58 1.71 1.51 1.17 1.04 0.96 0.81
0.07 0.07 0.08 0.11 0.15 0.18 0.22 0.25 0.29 0.32 0.35 0.38 0.41 0.43 0.47 0.53 0.59 0.60 0.58 0.57 0.56 0.56 0.57 0.59 0.61 0.60 0.61 0.62 0.64 0.64 0.60 0.52 0.47 0.49 0.56 0.63 0.65 0.66 0.67 0.71 0.73 0.73 0.74 0.73 0.74 0.79 0.88 0.98 1.05 1.10 1.10 1.07 1.03 1.02 1.06 1.14 1.22 1.28 1.35 1.42 1.48 1.43 1.32 1.32 1.44 1.56 1.61 1.53 1.42 1.51 1.64 1.64 1.63 1.53 1.32 1.25 1.27 1.27 1.19 0.97 0.86 0.86 0.78 0.72
0.11 0.10 0.10 0.12 0.15 0.19 0.22 0.25 0.29 0.31 0.34 0.38 0.41 0.43 0.47 0.51 0.55 0.56 0.55 0.55 0.55 0.56 0.57 0.58 0.59 0.60 0.61 0.61 0.60 0.59 0.54 0.48 0.47 0.51 0.57 0.63 0.67 0.68 0.70 0.76 0.77 0.77 0.79 0.79 0.82 0.93 1.03 1.03 0.99 1.01 1.02 1.01 1.01 1.07 1.18 1.26 1.28 1.29 1.32 1.35 1.34 1.27 1.25 1.33 1.43 1.51 1.52 1.50 1.62 1.82 1.84 1.71 1.61 1.51 1.39 1.27 1.07 0.94 0.91 0.89 0.90 0.94 0.90 0.89
0.14 0.14 0.13 0.14 0.16 0.19 0.22 0.26 0.29 0.31 0.34 0.38 0.41 0.43 0.46 0.49 0.52 0.54 0.54 0.55 0.55 0.56 0.57 0.58 0.59 0.60 0.59 0.59 0.59 0.57 0.52 0.48 0.49 0.56 0.65 0.72 0.78 0.83 0.84 0.85 0.82 0.80 0.81 0.84 0.93 1.02 1.02 0.96 0.94 0.99 1.03 1.04 1.09 1.16 1.21 1.21 1.23 1.27 1.28 1.26 1.21 1.22 1.31 1.38 1.45 1.56 1.62 1.74 1.94 1.97 1.76 1.53 1.42 1.42 1.41 1.30 1.16 1.08 1.07 1.09 1.15 1.15 1.07 1.01
0.18 0.17 0.16 0.16 0.18 0.20 0.23 0.26 0.29 0.31 0.34 0.38 0.40 0.42 0.45 0.47 0.50 0.52 0.54 0.54 0.55 0.56 0.57 0.58 0.58 0.58 0.58 0.58 0.57 0.55 0.52 0.51 0.57 0.71 0.81 0.87 0.91 0.90 0.86 0.82 0.80 0.79 0.83 0.90 0.96 0.97 0.95 0.96 1.00 1.05 1.10 1.13 1.16 1.17 1.15 1.15 1.18 1.22 1.22 1.19 1.18 1.29 1.43 1.46 1.56 1.74 1.86 2.00 2.01 1.76 1.44 1.29 1.27 1.34 1.33 1.27 1.29 1.32 1.33 1.36 1.34 1.20 1.10 1.10
0.22 0.21 0.20 0.19 0.20 0.22 0.24 0.27 0.30 0.32 0.34 0.37 0.40 0.42 0.44 0.47 0.49 0.51 0.53 0.53 0.54 0.56 0.56 0.57 0.57 0.57 0.57 0.57 0.56 0.56 0.55 0.58 0.68 0.79 0.83 0.84 0.83 0.79 0.75 0.75 0.77 0.81 0.86 0.90 0.93 0.98 1.04 1.06 1.07 1.09 1.13 1.15 1.15 1.15 1.16 1.19 1.22 1.24 1.18 1.15 1.21 1.37 1.50 1.61 1.85 2.07 2.12 2.07 1.82 1.45 1.23 1.17 1.25 1.39 1.42 1.38 1.34 1.39 1.48 1.51 1.42 1.27 1.22 1.19
0.25 0.24 0.23 0.22 0.22 0.24 0.25 0.28 0.30 0.33 0.34 0.37 0.40 0.42 0.44 0.46 0.48 0.51 0.52 0.53 0.54 0.55 0.56 0.56 0.56 0.55 0.54 0.54 0.55 0.57 0.58 0.62 0.71 0.75 0.74 0.74 0.72 0.69 0.71 0.74 0.78 0.83 0.86 0.90 1.02 1.14 1.12 1.07 1.06 1.08 1.12 1.13 1.14 1.18 1.22 1.23 1.25 1.24 1.16 1.16 1.25 1.40 1.61 1.92 2.18 2.18 2.01 1.74 1.37 1.13 1.05 1.10 1.31 1.55 1.57 1.40 1.27 1.35 1.44 1.44 1.39 1.37 1.35 1.27
0.29 0.28 0.26 0.25 0.25 0.25 0.27 0.29 0.31 0.34 0.35 0.37 0.39 0.42 0.44 0.46 0.48 0.50 0.51 0.52 0.53 0.54 0.54 0.55 0.54 0.53 0.50 0.50 0.54 0.58 0.59 0.63 0.67 0.69 0.70 0.70 0.68 0.70 0.74 0.78 0.82 0.86 0.91 1.05 1.21 1.17 1.04 1.01 1.02 1.05 1.10 1.13 1.19 1.25 1.26 1.26 1.26 1.20 1.11 1.12 1.23 1.49 1.90 2.20 2.13 1.79 1.47 1.16 0.91 0.83 0.89 1.14 1.56 1.70 1.47 1.19 1.12 1.25 1.34 1.33 1.38 1.46 1.48 1.42
0.33 0.32 0.29 0.28 0.27 0.27 0.28 0.30 0.32 0.34 0.36 0.37 0.39 0.42 0.44 0.46 0.48 0.49 0.51 0.52 0.52 0.53 0.54 0.54 0.53 0.50 0.46 0.49 0.57 0.60 0.59 0.62 0.67 0.70 0.71 0.70 0.69 0.73 0.80 0.83 0.86 0.91 1.02 1.17 1.19 1.02 0.94 0.98 1.03 1.09 1.12 1.15 1.19 1.22 1.27 1.30 1.25 1.12 1.02 1.06 1.33 1.89 2.31 2.25 1.88 1.52 1.19 0.90 0.75 0.77 1.01 1.50 1.79 1.62 1.31 1.12 1.11 1.25 1.33 1.38 1.51 1.59 1.59 1.60
0.37 0.35 0.33 0.31 0.30 0.29 0.30 0.31 0.33 0.35 0.36 0.38 0.40 0.42 0.44 0.46 0.47 0.48 0.50 0.51 0.52 0.53 0.54 0.54 0.52 0.48 0.45 0.52 0.60 0.60 0.58 0.62 0.66 0.68 0.69 0.69 0.70 0.79 0.88 0.90 0.92 0.99 1.10 1.17 1.10 0.99 1.01 1.07 1.13 1.18 1.16 1.16 1.20 1.27 1.38 1.36 1.17 1.03 1.06 1.26 1.77 2.31 2.33 1.91 1.53 1.28 1.04 0.85 0.81 1.01 1.48 1.83 1.75 1.46 1.24 1.17 1.21 1.33 1.41 1.48 1.57 1.57 1.54 1.66
0.41 0.39 0.37 0.34 0.32 0.31 0.31 0.32 0.34 0.35 0.36 0.38 0.40 0.42 0.43 0.45 0.47 0.48 0.49 0.51 0.53 0.54 0.54 0.53 0.51 0.48 0.49 0.57 0.63 0.61 0.59 0.62 0.65 0.65 0.65 0.66 0.71 0.84 0.94 0.95 0.97 1.08 1.17 1.19 1.16 1.14 1.17 1.19 1.22 1.24 1.24 1.29 1.37 1.47 1.52 1.34 1.14 1.16 1.40 1.74 2.16 2.33 1.95 1.42 1.12 0.96 0.85 0.82 0.96 1.35 1.78 1.83 1.59 1.36 1.18 1.14 1.25 1.44 1.53 1.52 1.50 1.46 1.48 1.64
0.45 0.43 0.40 0.37 0.35 0.34 0.33 0.33 0.34 0.35 0.37 0.38 0.40 0.42 0.43 0.45 0.46 0.48 0.49 0.52 0.53 0.53 0.53 0.53 0.52 0.51 0.55 0.64 0.68 0.64 0.63 0.67 0.68 0.68 0.70 0.74 0.81 0.93 1.05 1.08 1.12 1.25 1.27 1.27 1.26 1.23 1.24 1.26 1.31 1.37 1.41 1.48 1.54 1.60 1.53 1.32 1.27 1.42 1.68 2.01 2.25 2.11 1.65 1.21 0.99 0.88 0.81 0.88 1.21 1.66 1.90 1.79 1.54 1.29 1.08 1.04 1.17 1.39 1.45 1.43 1.44 1.42 1.47 1.56
0.48 0.47 0.43 0.40 0.37 0.35 0.34 0.34 0.35 0.36 0.37 0.39 0.40 0.42 0.43 0.45 0.46 0.48 0.49 0.52 0.52 0.53 0.53 0.54 0.54 0.56 0.62 0.69 0.70 0.68 0.71 0.75 0.74 0.79 0.92 1.00 1.03 1.11 1.24 1.29 1.36 1.43 1.40 1.39 1.35 1.30 1.33 1.41 1.56 1.66 1.65 1.66 1.67 1.63 1.52 1.37 1.36 1.47 1.71 2.02 2.08 1.71 1.29 1.02 0.87 0.82 0.86 1.05 1.45 1.82 1.88 1.62 1.34 1.16 1.05 1.10 1.25 1.32 1.31 1.35 1.39 1.36 1.37 1.38
0.52 0.50 0.46 0.43 0.40 0.37 0.36 0.35 0.36 0.36 0.37 0.38 0.40 0.42 0.43 0.45 0.46 0.47 0.49 0.51 0.52 0.53 0.54 0.55 0.56 0.59 0.64 0.67 0.65 0.63 0.65 0.73 0.84 1.02 1.18 1.19 1.18 1.26 1.39 1.43 1.47 1.46 1.41 1.40 1.36 1.34 1.42 1.56 1.67 1.63 1.58 1.62 1.57 1.49 1.39 1.26 1.23 1.38 1.67 1.91 1.74 1.26 0.91 0.74 0.73 0.82 0.93 1.12 1.49 1.77 1.62 1.21 1.01 1.06 1.19 1.35 1.38 1.34 1.36 1.43 1.41 1.32 1.29 1.30
0.56 0.54 0.50 0.46 0.43 0.40 0.38 0.37 0.36 0.37 0.37 0.38 0.40 0.42 0.43 0.44 0.45 0.47 0.49 0.51 0.53 0.54 0.55 0.56 0.58 0.62 0.65 0.65 0.61 0.57 0.61 0.77 0.96 1.15 1.20 1.14 1.17 1.34 1.45 1.41 1.35 1.27 1.20 1.20 1.21 1.25 1.37 1.48 1.40 1.23 1.21 1.25 1.23 1.23 1.16 1.09 1.15 1.36 1.63 1.77 1.50 1.03 0.76 0.67 0.80 0.96 1.05 1.18 1.51 1.66 1.33 1.02 1.07 1.27 1.37 1.42 1.40 1.40 1.48 1.55 1.50 1.35 1.28 1.29
0.60 0.57 0.52 0.48 0.44 0.41 0.39 0.37 0.37 0.37 0.37 0.38 0.40 0.41 0.43 0.44 0.45 0.47 0.49 0.51 0.53 0.54 0.56 0.58 0.61 0.64 0.66 0.66 0.65 0.69 0.82 0.97 1.06 1.12 1.09 1.03 1.14 1.33 1.33 1.17 1.10 1.05 1.03 1.06 1.07 1.11 1.23 1.23 1.08 1.01 1.03 1.03 1.05 1.08 1.04 1.07 1.25 1.44 1.60 1.62 1.27 0.90 0.78 0.83 1.00 1.13 1.21 1.37 1.60 1.60 1.33 1.31 1.51 1.54 1.47 1.44 1.47 1.52 1.58 1.60 1.46 1.28 1.24 1.27
0.64 0.61 0.55 0.50 0.46 0.42 0.40 0.38 0.37 0.36 0.36 0.37 0.39 0.41 0.42 0.43 0.45 0.48 0.49 0.51 0.53 0.55 0.57 0.60 0.63 0.64 0.66 0.66 0.70 0.81 0.94 1.03 1.03 1.05 1.08 1.07 1.17 1.27 1.17 1.03 0.99 0.97 0.96 0.97 0.96 1.01 1.07 0.99 0.90 0.94 0.98 0.98 0.98 0.96 0.95 1.05 1.26 1.44 1.52 1.46 1.22 0.98 0.95 1.05 1.19 1.25 1.31 1.43 1.58 1.68 1.67 1.73 1.72 1.57 1.48 1.50 1.56 1.65 1.73 1.65 1.42 1.26 1.25 1.30
0.68 0.66 0.60 0.54 0.49 0.44 0.41 0.39 0.37 0.36 0.36 0.37 0.38 0.40 0.42 0.43 0.45 0.47 0.49 0.51 0.54 0.56 0.58 0.61 0.63 0.64 0.65 0.67 0.71 0.78 0.89 0.95 0.98 1.07 1.18 1.20 1.19 1.17 1.07 0.98 0.94 0.87 0.83 0.81 0.82 0.89 0.90 0.83 0.85 0.91 0.92 0.91 0.90 0.87 0.89 1.02 1.20 1.31 1.34 1.34 1.25 1.12 1.11 1.18 1.26 1.29 1.33 1.44 1.67 1.91 1.87 1.73 1.57 1.43 1.39 1.43 1.50 1.61 1.62 1.50 1.40 1.38 1.37 1.38
0.72 0.69 0.64 0.59 0.53 0.47 0.43 0.39 0.38 0.37 0.35 0.36 0.37 0.39 0.41 0.43 0.45 0.47 0.49 0.52 0.55 0.56 0.58 0.61 0.63 0.64 0.65 0.67 0.69 0.75 0.88 0.97 1.07 1.20 1.25 1.18 1.10 1.03 0.94 0.84 0.77 0.71 0.71 0.74 0.81 0.88 0.85 0.85 0.92 0.96 0.94 0.93 0.93 0.94 1.02 1.15 1.21 1.21 1.19 1.23 1.19 1.11 1.12 1.20 1.27 1.33 1.43 1.62 1.94 1.99 1.62 1.37 1.27 1.21 1.26 1.34 1.35 1.31 1.20 1.14 1.23 1.32 1.34 1.31
0.75 0.73 0.66 0.60 0.54 0.49 0.43 0.40 0.38 0.37 0.35 0.35 0.37 0.38 0.40 0.42 0.44 0.47 0.49 0.52 0.55 0.56 0.59 0.61 0.63 0.65 0.66 0.66 0.68 0.81 0.99 1.10 1.18 1.21 1.14 1.00 0.92 0.86 0.76 0.66 0.61 0.65 0.73 0.80 0.88 0.94 0.93 0.96 0.99 0.96 0.99 1.03 1.07 1.14 1.24 1.28 1.26 1.21 1.19 1.22 1.24 1.15 1.13 1.19 1.27 1.39 1.58 1.85 1.99 1.68 1.18 0.99 1.00 1.14 1.30 1.32 1.24 1.13 1.06 1.10 1.12 1.09 1.12 1.14
0.81 0.78 0.69 0.61 0.55 0.49 0.44 0.40 0.37 0.36 0.35 0.35 0.36 0.37 0.39 0.41 0.44 0.47 0.49 0.52 0.54 0.56 0.59 0.61 0.64 0.66 0.68 0.69 0.78 0.99 1.11 1.13 1.13 1.07 1.00 0.87 0.73 0.63 0.60 0.61 0.64 0.72 0.82 0.90 0.97 1.01 1.02 1.05 1.03 1.01 1.09 1.17 1.21 1.25 1.30 1.33 1.33 1.31 1.31 1.36 1.37 1.27 1.21 1.21 1.24 1.37 1.64 1.87 1.73 1.27 0.97 1.00 1.24 1.44 1.38 1.23 1.24 1.28 1.27 1.24 1.14 1.07 1.08 1.14
