windninja/windninja_output/Output_2025-08-09_1700-1750_Google earth_Fire_150m_10min/merlingen_7.5mi_point_08-09-2025_1740_150m_vel.asc
ncols	158
nrows	163
xllcorner	391686.332397
yllcorner	5160024.123721
cellsize	150.000000
NODATA_value	-32768.000000
[rows 38 to 75 of 163, columns 0 to 83 of 158]
1.23 1.20 1.11 1.00 0.90 0.82 0.76 0.69 0.63 0.59 0.55 0.52 0.49 0.48 0.46 0.44 0.43 0.43 0.43 0.43 0.43 0.43 0.44 0.44 0.45 0.46 0.46 0.49 0.60 0.71 0.73 0.72 0.72 0.71 0.69 0.56 0.39 0.37 0.44 0.50 0.55 0.62 0.67 0.72 0.76 0.78 0.82 0.86 0.87 0.89 0.95 0.99 1.00 0.98 0.99 1.05 1.10 1.14 1.19 1.22 1.24 1.20 1.10 0.99 0.93 0.93 0.98 0.99 0.93 0.90 0.95 1.10 1.24 1.21 1.08 1.00 1.05 1.16 1.24 1.23 1.08 1.02 1.07 1.22
1.28 1.23 1.11 1.00 0.91 0.82 0.75 0.69 0.63 0.58 0.54 0.51 0.48 0.47 0.45 0.43 0.42 0.42 0.42 0.42 0.43 0.43 0.44 0.45 0.46 0.47 0.49 0.54 0.62 0.66 0.67 0.68 0.69 0.69 0.63 0.47 0.40 0.49 0.56 0.59 0.63 0.68 0.76 0.83 0.87 0.90 0.91 0.92 0.96 1.01 1.05 1.10 1.17 1.26 1.34 1.38 1.42 1.47 1.50 1.51 1.50 1.45 1.32 1.12 1.00 0.99 0.99 0.93 0.89 0.95 1.14 1.27 1.23 1.13 1.09 1.13 1.23 1.29 1.36 1.47 1.43 1.23 1.10 1.11
1.34 1.31 1.16 1.02 0.92 0.84 0.76 0.70 0.63 0.57 0.53 0.50 0.47 0.45 0.44 0.43 0.41 0.41 0.41 0.42 0.42 0.43 0.44 0.45 0.47 0.48 0.51 0.54 0.57 0.61 0.66 0.68 0.66 0.64 0.54 0.43 0.47 0.57 0.64 0.69 0.74 0.80 0.89 0.92 0.93 0.97 1.01 1.03 1.06 1.08 1.12 1.21 1.36 1.48 1.51 1.52 1.53 1.50 1.44 1.38 1.31 1.29 1.32 1.21 1.09 1.08 1.07 1.02 1.03 1.16 1.23 1.09 0.94 0.96 1.10 1.28 1.39 1.41 1.40 1.45 1.54 1.53 1.41 1.29
1.42 1.38 1.22 1.07 0.95 0.85 0.77 0.71 0.65 0.58 0.53 0.50 0.47 0.44 0.43 0.42 0.41 0.40 0.41 0.41 0.42 0.42 0.44 0.46 0.48 0.49 0.51 0.54 0.56 0.61 0.67 0.67 0.63 0.59 0.51 0.49 0.54 0.61 0.71 0.84 0.95 1.04 1.06 1.03 1.06 1.16 1.21 1.22 1.21 1.22 1.27 1.36 1.41 1.35 1.27 1.23 1.20 1.12 1.04 0.96 0.93 1.01 1.20 1.33 1.29 1.22 1.22 1.27 1.36 1.40 1.24 1.04 1.00 1.07 1.23 1.39 1.45 1.41 1.33 1.27 1.36 1.51 1.59 1.58
1.47 1.42 1.27 1.12 0.99 0.88 0.78 0.72 0.66 0.59 0.53 0.49 0.46 0.43 0.42 0.41 0.40 0.40 0.40 0.41 0.41 0.42 0.44 0.46 0.48 0.49 0.52 0.54 0.58 0.63 0.67 0.65 0.62 0.58 0.56 0.60 0.67 0.80 0.92 1.01 1.06 1.06 1.05 1.13 1.24 1.25 1.18 1.09 1.08 1.13 1.22 1.26 1.20 1.10 1.01 0.94 0.88 0.81 0.74 0.70 0.75 0.90 1.13 1.36 1.48 1.48 1.54 1.69 1.75 1.63 1.46 1.37 1.36 1.38 1.48 1.53 1.46 1.37 1.29 1.27 1.34 1.40 1.47 1.63
1.51 1.45 1.31 1.17 1.04 0.93 0.82 0.73 0.67 0.61 0.54 0.50 0.46 0.43 0.42 0.41 0.39 0.39 0.40 0.41 0.41 0.42 0.44 0.46 0.48 0.50 0.53 0.56 0.59 0.62 0.63 0.63 0.61 0.61 0.64 0.70 0.82 0.95 1.01 1.00 0.96 0.92 1.00 1.14 1.13 0.99 0.89 0.87 0.93 1.04 1.17 1.17 1.08 1.01 0.94 0.84 0.76 0.71 0.68 0.70 0.77 0.90 1.04 1.22 1.49 1.74 1.91 2.00 2.03 2.04 2.00 1.98 1.92 1.85 1.84 1.72 1.56 1.42 1.32 1.28 1.33 1.42 1.54 1.70
1.55 1.48 1.34 1.20 1.07 0.96 0.86 0.76 0.69 0.62 0.55 0.50 0.47 0.44 0.41 0.40 0.39 0.39 0.40 0.40 0.41 0.42 0.44 0.46 0.49 0.51 0.54 0.57 0.59 0.60 0.62 0.63 0.64 0.65 0.69 0.76 0.87 0.91 0.88 0.85 0.84 0.91 1.04 1.06 0.91 0.77 0.76 0.86 1.04 1.23 1.30 1.20 1.07 0.99 0.90 0.79 0.72 0.70 0.73 0.83 0.94 1.02 1.09 1.22 1.50 1.78 1.91 1.93 1.96 2.12 2.22 2.23 2.22 2.14 1.97 1.74 1.58 1.47 1.36 1.28 1.29 1.46 1.66 1.67
1.59 1.51 1.37 1.23 1.10 0.98 0.88 0.79 0.71 0.64 0.57 0.51 0.47 0.44 0.42 0.40 0.39 0.39 0.40 0.40 0.41 0.43 0.44 0.47 0.49 0.52 0.55 0.57 0.58 0.60 0.63 0.65 0.67 0.68 0.72 0.78 0.83 0.82 0.80 0.81 0.88 0.98 1.03 0.94 0.79 0.77 0.86 1.04 1.26 1.34 1.21 1.03 0.92 0.82 0.76 0.72 0.70 0.72 0.84 1.01 1.15 1.25 1.37 1.56 1.74 1.77 1.71 1.65 1.57 1.59 1.71 1.81 1.88 1.87 1.75 1.62 1.50 1.46 1.45 1.47 1.54 1.59 1.51 1.32
1.63 1.55 1.40 1.27 1.14 1.01 0.90 0.80 0.73 0.65 0.59 0.53 0.48 0.45 0.42 0.40 0.39 0.39 0.40 0.40 0.42 0.43 0.45 0.47 0.50 0.53 0.55 0.56 0.59 0.61 0.64 0.66 0.68 0.71 0.75 0.78 0.79 0.80 0.82 0.86 0.92 0.97 0.96 0.85 0.75 0.82 1.03 1.25 1.32 1.17 0.98 0.86 0.77 0.70 0.67 0.70 0.74 0.84 1.02 1.23 1.40 1.54 1.72 1.84 1.81 1.68 1.53 1.41 1.33 1.30 1.32 1.39 1.48 1.53 1.57 1.56 1.50 1.47 1.52 1.57 1.52 1.37 1.15 1.04
1.65 1.57 1.42 1.29 1.18 1.05 0.91 0.80 0.73 0.67 0.60 0.55 0.50 0.46 0.43 0.41 0.40 0.39 0.40 0.41 0.42 0.43 0.46 0.48 0.51 0.53 0.55 0.57 0.59 0.62 0.64 0.67 0.69 0.71 0.74 0.75 0.78 0.81 0.84 0.88 0.92 0.96 0.92 0.82 0.82 0.97 1.18 1.27 1.15 0.97 0.86 0.76 0.71 0.74 0.77 0.82 0.93 1.08 1.28 1.46 1.59 1.68 1.73 1.67 1.55 1.42 1.29 1.24 1.25 1.26 1.25 1.23 1.27 1.36 1.44 1.49 1.47 1.41 1.37 1.31 1.19 1.04 0.99 1.05
1.67 1.59 1.44 1.31 1.21 1.11 0.94 0.80 0.73 0.67 0.61 0.56 0.51 0.47 0.44 0.42 0.40 0.40 0.41 0.42 0.43 0.44 0.47 0.49 0.52 0.54 0.56 0.58 0.60 0.63 0.66 0.68 0.70 0.72 0.73 0.74 0.78 0.82 0.85 0.88 0.91 0.91 0.86 0.83 0.95 1.14 1.25 1.18 1.02 0.89 0.77 0.68 0.68 0.74 0.83 0.95 1.12 1.37 1.61 1.69 1.67 1.59 1.49 1.36 1.26 1.19 1.15 1.16 1.19 1.19 1.17 1.16 1.18 1.24 1.33 1.39 1.40 1.35 1.27 1.19 1.14 1.10 1.11 1.18
1.69 1.60 1.46 1.33 1.24 1.17 1.01 0.82 0.71 0.67 0.62 0.56 0.52 0.48 0.45 0.43 0.41 0.41 0.42 0.42 0.44 0.46 0.48 0.50 0.53 0.55 0.57 0.59 0.62 0.64 0.67 0.69 0.71 0.73 0.74 0.77 0.81 0.85 0.88 0.89 0.88 0.85 0.84 0.90 1.02 1.17 1.17 1.03 0.89 0.78 0.72 0.74 0.81 0.90 1.02 1.17 1.39 1.66 1.75 1.67 1.55 1.42 1.28 1.20 1.17 1.14 1.11 1.11 1.13 1.14 1.14 1.14 1.15 1.18 1.27 1.36 1.43 1.46 1.43 1.37 1.34 1.32 1.30 1.30
1.72 1.61 1.44 1.35 1.29 1.21 1.08 0.90 0.73 0.66 0.63 0.58 0.53 0.49 0.46 0.45 0.43 0.42 0.43 0.44 0.45 0.47 0.49 0.51 0.54 0.56 0.58 0.60 0.63 0.65 0.68 0.69 0.71 0.73 0.76 0.79 0.84 0.87 0.88 0.87 0.86 0.88 0.92 0.97 1.05 1.12 1.03 0.86 0.71 0.60 0.61 0.74 0.95 1.13 1.28 1.47 1.70 1.76 1.60 1.39 1.26 1.14 1.08 1.13 1.17 1.14 1.09 1.06 1.05 1.05 1.06 1.07 1.08 1.13 1.22 1.33 1.44 1.50 1.51 1.48 1.45 1.43 1.40 1.37
1.78 1.61 1.39 1.33 1.31 1.24 1.14 1.01 0.80 0.67 0.62 0.59 0.55 0.50 0.48 0.46 0.45 0.44 0.44 0.46 0.47 0.49 0.51 0.53 0.56 0.57 0.59 0.61 0.64 0.66 0.68 0.70 0.72 0.75 0.78 0.81 0.83 0.84 0.85 0.85 0.87 0.93 0.97 1.00 1.05 1.05 0.92 0.74 0.63 0.60 0.69 0.90 1.07 1.19 1.37 1.63 1.73 1.57 1.32 1.16 1.04 0.98 1.04 1.16 1.18 1.12 1.08 1.06 1.05 1.03 1.02 1.03 1.06 1.13 1.20 1.26 1.32 1.39 1.47 1.53 1.52 1.45 1.35 1.31
1.86 1.62 1.34 1.30 1.29 1.21 1.13 1.08 0.91 0.72 0.63 0.60 0.56 0.52 0.49 0.48 0.47 0.46 0.46 0.48 0.49 0.50 0.52 0.54 0.57 0.58 0.60 0.63 0.65 0.67 0.69 0.71 0.74 0.76 0.79 0.81 0.82 0.84 0.85 0.87 0.89 0.95 1.00 1.03 1.04 0.98 0.83 0.73 0.79 0.94 1.13 1.26 1.31 1.35 1.50 1.63 1.53 1.28 1.11 1.02 0.98 1.02 1.14 1.23 1.20 1.15 1.13 1.11 1.07 1.06 1.07 1.10 1.14 1.19 1.22 1.22 1.23 1.26 1.32 1.41 1.48 1.49 1.40 1.27
1.93 1.69 1.35 1.27 1.30 1.19 1.09 1.10 0.99 0.79 0.66 0.61 0.57 0.54 0.52 0.50 0.49 0.48 0.48 0.50 0.50 0.52 0.54 0.56 0.58 0.60 0.62 0.64 0.67 0.69 0.71 0.73 0.75 0.77 0.79 0.81 0.83 0.85 0.87 0.89 0.93 1.00 1.04 1.03 0.99 0.92 0.84 0.86 1.04 1.24 1.34 1.34 1.37 1.46 1.56 1.54 1.33 1.12 1.02 0.99 1.02 1.11 1.24 1.31 1.27 1.24 1.21 1.19 1.17 1.16 1.18 1.23 1.25 1.25 1.24 1.23 1.22 1.19 1.17 1.22 1.34 1.49 1.56 1.49
1.87 1.77 1.46 1.23 1.27 1.21 1.06 1.09 1.06 0.88 0.71 0.62 0.58 0.55 0.54 0.53 0.51 0.50 0.51 0.51 0.53 0.54 0.56 0.58 0.60 0.62 0.64 0.66 0.68 0.70 0.72 0.74 0.76 0.78 0.80 0.82 0.84 0.86 0.88 0.90 0.95 1.01 1.01 0.95 0.90 0.88 0.91 1.01 1.18 1.27 1.25 1.25 1.31 1.40 1.49 1.44 1.23 1.09 1.07 1.11 1.18 1.28 1.40 1.43 1.40 1.38 1.37 1.37 1.39 1.39 1.37 1.31 1.24 1.22 1.24 1.26 1.25 1.24 1.23 1.24 1.33 1.50 1.66 1.74
1.76 1.77 1.59 1.27 1.20 1.18 1.03 1.02 1.07 0.98 0.80 0.65 0.60 0.57 0.56 0.55 0.53 0.53 0.53 0.54 0.55 0.57 0.58 0.60 0.62 0.63 0.66 0.68 0.70 0.72 0.74 0.76 0.78 0.80 0.81 0.83 0.85 0.87 0.89 0.91 0.94 0.94 0.91 0.86 0.86 0.90 0.97 1.11 1.22 1.21 1.20 1.28 1.35 1.39 1.46 1.37 1.18 1.11 1.15 1.25 1.40 1.55 1.60 1.55 1.47 1.43 1.42 1.42 1.45 1.44 1.36 1.25 1.21 1.24 1.28 1.31 1.33 1.35 1.39 1.41 1.46 1.54 1.64 1.73
1.71 1.73 1.66 1.42 1.24 1.16 1.03 0.94 0.99 1.03 0.90 0.72 0.63 0.60 0.57 0.57 0.56 0.56 0.56 0.56 0.58 0.59 0.60 0.62 0.64 0.65 0.67 0.69 0.71 0.73 0.75 0.77 0.79 0.81 0.83 0.85 0.86 0.88 0.90 0.92 0.92 0.91 0.90 0.90 0.93 0.99 1.07 1.15 1.18 1.16 1.18 1.27 1.31 1.37 1.42 1.28 1.16 1.17 1.26 1.41 1.58 1.68 1.64 1.53 1.42 1.32 1.28 1.27 1.25 1.21 1.20 1.26 1.34 1.38 1.39 1.41 1.45 1.50 1.55 1.57 1.56 1.53 1.55 1.61
1.74 1.70 1.63 1.51 1.35 1.22 1.08 0.93 0.91 1.00 0.95 0.79 0.70 0.65 0.59 0.59 0.59 0.58 0.59 0.59 0.60 0.62 0.63 0.65 0.66 0.67 0.69 0.71 0.73 0.75 0.77 0.79 0.81 0.82 0.84 0.86 0.88 0.89 0.91 0.92 0.93 0.94 0.94 0.96 0.98 1.03 1.07 1.08 1.09 1.08 1.11 1.19 1.24 1.33 1.37 1.24 1.22 1.31 1.46 1.62 1.69 1.64 1.53 1.44 1.37 1.29 1.22 1.18 1.13 1.12 1.22 1.38 1.46 1.48 1.51 1.57 1.63 1.68 1.72 1.73 1.68 1.60 1.53 1.50
1.77 1.70 1.58 1.50 1.40 1.29 1.17 1.00 0.91 0.96 0.92 0.81 0.77 0.72 0.64 0.61 0.62 0.61 0.61 0.62 0.63 0.64 0.65 0.67 0.68 0.69 0.71 0.73 0.75 0.77 0.78 0.80 0.82 0.84 0.86 0.87 0.89 0.90 0.92 0.93 0.95 0.96 0.97 0.98 0.99 1.01 1.00 0.99 0.99 1.00 1.05 1.14 1.26 1.36 1.35 1.23 1.24 1.36 1.55 1.66 1.65 1.57 1.49 1.42 1.38 1.33 1.27 1.24 1.25 1.30 1.39 1.46 1.50 1.54 1.61 1.67 1.74 1.80 1.83 1.82 1.77 1.69 1.58 1.49
1.78 1.70 1.58 1.49 1.40 1.31 1.23 1.11 0.99 0.96 0.88 0.79 0.79 0.80 0.73 0.65 0.64 0.64 0.64 0.65 0.65 0.67 0.69 0.70 0.70 0.71 0.73 0.75 0.77 0.79 0.80 0.82 0.84 0.86 0.87 0.89 0.90 0.92 0.93 0.95 0.96 0.98 0.99 1.00 1.01 1.01 1.00 1.00 1.00 1.01 1.06 1.17 1.30 1.36 1.30 1.20 1.22 1.37 1.53 1.56 1.53 1.49 1.45 1.40 1.36 1.35 1.34 1.34 1.35 1.39 1.43 1.47 1.54 1.62 1.69 1.74 1.77 1.78 1.74 1.68 1.64 1.62 1.60 1.57
1.76 1.70 1.59 1.50 1.41 1.32 1.26 1.18 1.08 0.99 0.88 0.77 0.77 0.83 0.79 0.71 0.68 0.67 0.68 0.68 0.68 0.70 0.72 0.72 0.72 0.73 0.75 0.77 0.79 0.81 0.82 0.84 0.86 0.87 0.89 0.90 0.92 0.93 0.95 0.96 0.98 0.99 1.00 1.01 1.02 1.03 1.04 1.05 1.06 1.07 1.10 1.16 1.26 1.29 1.23 1.18 1.25 1.40 1.48 1.46 1.41 1.36 1.31 1.30 1.34 1.37 1.34 1.29 1.30 1.35 1.41 1.48 1.57 1.66 1.72 1.78 1.78 1.71 1.60 1.53 1.51 1.51 1.53 1.53
1.75 1.70 1.61 1.51 1.43 1.35 1.29 1.23 1.15 1.03 0.92 0.81 0.78 0.82 0.80 0.78 0.74 0.71 0.71 0.70 0.71 0.73 0.74 0.73 0.74 0.75 0.77 0.79 0.81 0.83 0.84 0.86 0.87 0.89 0.91 0.92 0.94 0.95 0.97 0.98 1.00 1.01 1.02 1.03 1.04 1.06 1.07 1.08 1.09 1.10 1.09 1.10 1.18 1.21 1.12 1.08 1.21 1.35 1.36 1.31 1.25 1.20 1.20 1.24 1.31 1.35 1.34 1.28 1.29 1.39 1.48 1.55 1.61 1.67 1.71 1.73 1.69 1.62 1.57 1.55 1.51 1.48 1.45 1.43
1.74 1.70 1.62 1.53 1.43 1.38 1.33 1.28 1.19 1.08 0.98 0.86 0.82 0.81 0.79 0.81 0.80 0.77 0.74 0.73 0.74 0.76 0.75 0.75 0.75 0.77 0.80 0.82 0.84 0.85 0.86 0.88 0.89 0.91 0.92 0.94 0.96 0.97 0.99 1.00 1.01 1.02 1.04 1.05 1.06 1.08 1.09 1.10 1.10 1.11 1.11 1.13 1.20 1.18 1.06 1.07 1.20 1.28 1.26 1.22 1.18 1.19 1.24 1.27 1.29 1.31 1.34 1.36 1.41 1.49 1.55 1.60 1.64 1.68 1.71 1.68 1.61 1.58 1.58 1.58 1.55 1.51 1.48 1.44
1.75 1.71 1.63 1.55 1.45 1.40 1.37 1.32 1.22 1.13 1.05 0.93 0.86 0.82 0.80 0.82 0.84 0.82 0.78 0.77 0.77 0.78 0.77 0.77 0.79 0.81 0.83 0.85 0.86 0.87 0.88 0.90 0.91 0.93 0.94 0.96 0.97 0.99 1.00 1.02 1.03 1.04 1.06 1.07 1.08 1.09 1.10 1.11 1.11 1.12 1.15 1.20 1.25 1.22 1.16 1.19 1.25 1.27 1.26 1.28 1.32 1.34 1.27 1.13 1.04 1.05 1.12 1.32 1.50 1.58 1.60 1.64 1.69 1.71 1.71 1.68 1.65 1.66 1.68 1.68 1.65 1.61 1.61 1.64
1.78 1.73 1.66 1.58 1.49 1.43 1.38 1.34 1.25 1.17 1.11 1.02 0.91 0.85 0.82 0.84 0.88 0.86 0.83 0.82 0.80 0.79 0.79 0.80 0.81 0.83 0.86 0.87 0.87 0.89 0.91 0.92 0.94 0.95 0.97 0.98 1.00 1.01 1.02 1.03 1.05 1.06 1.07 1.09 1.10 1.11 1.11 1.12 1.13 1.15 1.18 1.21 1.24 1.24 1.21 1.24 1.31 1.34 1.35 1.39 1.37 1.24 1.00 0.79 0.75 0.86 1.09 1.36 1.54 1.62 1.67 1.70 1.73 1.72 1.70 1.70 1.75 1.81 1.84 1.83 1.80 1.76 1.78 1.84
1.77 1.75 1.71 1.62 1.53 1.46 1.38 1.34 1.29 1.21 1.16 1.12 0.97 0.86 0.86 0.88 0.90 0.88 0.86 0.85 0.84 0.81 0.82 0.84 0.84 0.86 0.89 0.89 0.90 0.92 0.93 0.94 0.96 0.97 0.99 1.00 1.01 1.03 1.04 1.06 1.07 1.08 1.09 1.10 1.11 1.12 1.13 1.14 1.15 1.16 1.18 1.19 1.20 1.20 1.18 1.24 1.36 1.41 1.42 1.37 1.17 0.91 0.85 0.93 1.11 1.28 1.45 1.55 1.57 1.60 1.65 1.70 1.71 1.67 1.66 1.72 1.81 1.85 1.85 1.84 1.82 1.83 1.90 2.04
1.68 1.74 1.78 1.67 1.57 1.51 1.40 1.34 1.32 1.27 1.23 1.18 1.02 0.91 0.91 0.92 0.91 0.89 0.89 0.91 0.89 0.85 0.86 0.87 0.87 0.90 0.92 0.92 0.93 0.95 0.95 0.97 0.98 1.00 1.01 1.02 1.04 1.05 1.06 1.07 1.09 1.10 1.11 1.12 1.13 1.14 1.15 1.16 1.17 1.18 1.18 1.18 1.18 1.17 1.16 1.22 1.31 1.33 1.30 1.18 1.00 0.97 1.18 1.42 1.57 1.65 1.64 1.59 1.55 1.55 1.58 1.62 1.65 1.67 1.72 1.75 1.76 1.76 1.77 1.84 1.96 2.10 2.30 2.54
1.50 1.69 1.83 1.72 1.67 1.61 1.41 1.31 1.35 1.36 1.31 1.20 1.06 0.99 0.94 0.92 0.93 0.94 0.94 0.98 0.94 0.89 0.91 0.92 0.91 0.91 0.91 0.91 0.93 0.95 0.96 0.98 1.00 1.01 1.03 1.05 1.06 1.07 1.08 1.10 1.11 1.12 1.13 1.14 1.15 1.16 1.17 1.17 1.18 1.18 1.19 1.19 1.18 1.17 1.16 1.16 1.16 1.11 1.03 0.97 0.99 1.14 1.35 1.50 1.59 1.63 1.60 1.54 1.51 1.51 1.53 1.55 1.58 1.64 1.69 1.68 1.67 1.70 1.80 1.97 2.21 2.43 2.57 2.57
1.40 1.65 1.84 1.78 1.80 1.72 1.40 1.24 1.37 1.46 1.38 1.22 1.12 1.06 0.97 0.94 0.97 0.99 0.99 0.99 0.94 0.92 0.97 0.98 0.96 0.92 0.89 0.90 0.94 0.96 0.98 1.00 1.02 1.04 1.05 1.07 1.08 1.09 1.10 1.12 1.13 1.14 1.15 1.15 1.16 1.17 1.18 1.19 1.19 1.20 1.20 1.20 1.20 1.19 1.17 1.14 1.09 1.01 0.94 0.90 0.94 1.09 1.25 1.35 1.42 1.47 1.51 1.54 1.56 1.55 1.53 1.50 1.51 1.53 1.53 1.54 1.57 1.62 1.75 1.94 2.11 2.22 2.15 1.81
1.54 1.68 1.86 1.85 1.89 1.79 1.40 1.21 1.45 1.61 1.49 1.30 1.20 1.13 1.05 1.01 1.03 1.05 1.02 0.98 0.96 0.97 1.00 1.00 0.96 0.87 0.86 0.94 0.98 0.99 1.01 1.02 1.04 1.06 1.08 1.09 1.10 1.11 1.13 1.14 1.15 1.16 1.17 1.17 1.18 1.19 1.20 1.20 1.21 1.21 1.21 1.21 1.21 1.20 1.18 1.15 1.11 1.06 1.00 0.95 0.94 1.02 1.12 1.18 1.17 1.20 1.31 1.46 1.56 1.57 1.52 1.48 1.51 1.51 1.48 1.46 1.44 1.49 1.61 1.76 1.81 1.72 1.49 1.27
1.76 1.80 1.87 1.89 1.91 1.80 1.44 1.29 1.58 1.74 1.52 1.28 1.22 1.16 1.09 1.06 1.06 1.07 1.03 0.99 0.99 1.00 1.01 1.00 0.89 0.81 0.91 1.03 1.05 1.05 1.04 1.05 1.07 1.08 1.10 1.11 1.13 1.14 1.15 1.16 1.17 1.18 1.18 1.19 1.20 1.21 1.21 1.22 1.22 1.23 1.23 1.23 1.22 1.21 1.20 1.18 1.16 1.12 1.08 1.04 1.02 1.02 1.02 0.97 0.92 0.95 1.06 1.17 1.27 1.34 1.41 1.50 1.54 1.50 1.45 1.40 1.38 1.42 1.49 1.53 1.46 1.28 1.14 1.16
1.92 1.90 1.90 1.88 1.86 1.77 1.55 1.44 1.67 1.77 1.40 1.15 1.12 1.07 1.03 1.03 1.05 1.07 1.06 1.03 1.01 1.01 1.04 1.02 0.92 0.92 1.06 1.15 1.14 1.11 1.10 1.10 1.10 1.11 1.12 1.13 1.15 1.16 1.17 1.18 1.19 1.20 1.20 1.21 1.22 1.23 1.23 1.24 1.24 1.24 1.25 1.24 1.24 1.23 1.22 1.21 1.19 1.17 1.14 1.12 1.10 1.08 1.03 0.96 0.91 0.89 0.88 0.88 0.93 1.03 1.24 1.40 1.42 1.36 1.32 1.32 1.36 1.38 1.37 1.26 1.12 1.06 1.11 1.22
2.02 1.99 1.94 1.86 1.81 1.76 1.66 1.59 1.71 1.68 1.32 1.16 1.13 1.06 1.03 1.03 1.04 1.08 1.08 1.06 1.06 1.10 1.11 1.09 1.05 1.05 1.14 1.19 1.17 1.17 1.17 1.15 1.14 1.14 1.14 1.16 1.18 1.18 1.19 1.20 1.21 1.22 1.22 1.23 1.24 1.24 1.25 1.25 1.26 1.26 1.26 1.26 1.26 1.25 1.24 1.23 1.22 1.20 1.19 1.17 1.16 1.13 1.11 1.07 1.02 0.97 0.90 0.86 0.86 0.92 1.02 1.06 1.07 1.01 1.05 1.13 1.22 1.25 1.20 1.11 1.03 1.07 1.23 1.37
2.10 2.08 1.97 1.84 1.80 1.79 1.73 1.69 1.68 1.55 1.34 1.26 1.20 1.13 1.11 1.10 1.10 1.11 1.10 1.09 1.13 1.18 1.19 1.18 1.13 1.11 1.16 1.19 1.19 1.20 1.19 1.18 1.19 1.20 1.21 1.21 1.20 1.20 1.21 1.22 1.23 1.24 1.24 1.25 1.25 1.26 1.27 1.27 1.27 1.28 1.28 1.28 1.28 1.27 1.27 1.26 1.25 1.24 1.22 1.21 1.19 1.18 1.16 1.13 1.09 1.06 1.03 0.99 0.96 0.93 0.87 0.78 0.71 0.74 0.85 0.98 1.07 1.10 1.08 1.07 1.11 1.24 1.43 1.44
2.17 2.13 1.97 1.81 1.80 1.82 1.76 1.70 1.64 1.50 1.40 1.34 1.27 1.21 1.19 1.18 1.17 1.16 1.15 1.15 1.17 1.19 1.19 1.18 1.15 1.15 1.19 1.21 1.20 1.20 1.19 1.22 1.27 1.30 1.30 1.27 1.24 1.23 1.25 1.26 1.26 1.26 1.26 1.27 1.27 1.28 1.28 1.29 1.29 1.30 1.30 1.30 1.30 1.29 1.29 1.28 1.27 1.27 1.25 1.24 1.23 1.21 1.19 1.17 1.15 1.13 1.11 1.08 1.05 0.98 0.89 0.81 0.77 0.80 0.90 1.01 1.08 1.09 1.06 1.10 1.30 1.54 1.56 1.36
2.16 2.12 1.98 1.82 1.79 1.84 1.79 1.70 1.63 1.53 1.45 1.39 1.32 1.27 1.26 1.24 1.22 1.21 1.22 1.21 1.20 1.19 1.17 1.16 1.15 1.14 1.16 1.20 1.23 1.25 1.26 1.28 1.30 1.30 1.27 1.25 1.25 1.27 1.29 1.29 1.28 1.28 1.28 1.29 1.29 1.29 1.30 1.31 1.31 1.31 1.32 1.32 1.32 1.32 1.31 1.31 1.30 1.29 1.28 1.27 1.26 1.24 1.23 1.21 1.19 1.18 1.16 1.14 1.10 1.05 1.01 0.98 0.95 0.95 0.98 1.03 1.08 1.10 1.13 1.25 1.53 1.63 1.37 1.11
