windninja/windninja_output/Output_2025-08-09_1700-1750_Google earth_Fire_150m_10min/merlingen_7.5mi_point_08-09-2025_1740_150m_vel.asc
ncols	158
nrows	163
xllcorner	391686.332397
yllcorner	5160024.123721
cellsize	150.000000
NODATA_value	-32768.000000
[rows 76 to 113 of 163, columns 0 to 83 of 158]
2.01 2.04 1.99 1.83 1.80 1.87 1.81 1.71 1.65 1.57 1.50 1.44 1.38 1.35 1.33 1.29 1.26 1.26 1.27 1.24 1.22 1.22 1.22 1.21 1.18 1.11 1.13 1.22 1.28 1.30 1.28 1.25 1.22 1.18 1.17 1.20 1.25 1.30 1.32 1.31 1.30 1.30 1.30 1.30 1.30 1.30 1.31 1.32 1.32 1.33 1.33 1.34 1.34 1.34 1.34 1.33 1.33 1.32 1.31 1.30 1.29 1.28 1.26 1.25 1.24 1.22 1.20 1.17 1.15 1.12 1.10 1.08 1.05 1.02 1.01 1.01 1.03 1.06 1.18 1.38 1.49 1.28 0.94 0.89
1.77 1.86 1.93 1.89 1.91 1.93 1.82 1.74 1.71 1.65 1.59 1.50 1.43 1.42 1.38 1.34 1.31 1.31 1.31 1.27 1.26 1.27 1.28 1.27 1.18 1.09 1.15 1.27 1.29 1.26 1.22 1.18 1.18 1.20 1.27 1.30 1.32 1.34 1.34 1.34 1.33 1.32 1.32 1.32 1.32 1.32 1.32 1.33 1.34 1.34 1.35 1.36 1.36 1.36 1.36 1.36 1.36 1.35 1.34 1.33 1.32 1.31 1.30 1.28 1.27 1.25 1.23 1.21 1.19 1.18 1.16 1.13 1.11 1.08 1.05 1.02 0.99 1.01 1.12 1.27 1.19 0.86 0.76 0.87
1.42 1.44 1.75 2.10 2.13 2.00 1.89 1.85 1.87 1.81 1.67 1.53 1.48 1.47 1.43 1.39 1.37 1.36 1.34 1.31 1.30 1.31 1.33 1.29 1.17 1.13 1.25 1.33 1.32 1.27 1.23 1.27 1.33 1.39 1.43 1.43 1.40 1.37 1.35 1.34 1.33 1.32 1.32 1.31 1.31 1.32 1.32 1.33 1.34 1.35 1.36 1.37 1.38 1.39 1.39 1.39 1.38 1.38 1.37 1.36 1.35 1.34 1.33 1.31 1.30 1.28 1.27 1.25 1.24 1.22 1.19 1.17 1.15 1.12 1.09 1.05 1.01 1.02 1.08 1.10 0.93 0.72 0.81 0.96
0.94 0.94 1.51 2.28 2.68 2.49 2.19 2.07 2.11 1.96 1.70 1.56 1.53 1.52 1.48 1.44 1.42 1.41 1.36 1.32 1.32 1.35 1.36 1.29 1.19 1.22 1.36 1.42 1.40 1.35 1.35 1.41 1.45 1.45 1.46 1.47 1.45 1.39 1.36 1.34 1.31 1.28 1.28 1.28 1.28 1.28 1.29 1.30 1.32 1.35 1.38 1.40 1.41 1.41 1.41 1.41 1.41 1.40 1.40 1.39 1.38 1.37 1.36 1.35 1.33 1.32 1.30 1.29 1.27 1.25 1.23 1.21 1.19 1.17 1.14 1.11 1.08 1.06 1.06 0.99 0.81 0.80 0.97 1.21
0.60 0.72 1.45 2.33 3.25 3.59 2.90 2.44 2.32 2.01 1.68 1.56 1.55 1.55 1.51 1.46 1.45 1.41 1.36 1.34 1.36 1.38 1.38 1.33 1.26 1.31 1.44 1.48 1.45 1.43 1.46 1.53 1.56 1.56 1.57 1.54 1.46 1.42 1.43 1.40 1.31 1.24 1.23 1.22 1.21 1.22 1.23 1.24 1.27 1.33 1.39 1.42 1.44 1.45 1.45 1.44 1.43 1.43 1.42 1.41 1.40 1.40 1.39 1.37 1.36 1.35 1.34 1.32 1.30 1.28 1.26 1.25 1.23 1.21 1.19 1.17 1.14 1.10 1.05 0.96 0.90 1.00 1.16 1.30
0.48 0.73 1.84 2.88 3.96 3.76 2.86 2.52 2.32 1.94 1.64 1.52 1.53 1.54 1.51 1.46 1.44 1.40 1.37 1.37 1.40 1.43 1.44 1.39 1.32 1.35 1.47 1.50 1.49 1.51 1.57 1.63 1.66 1.65 1.63 1.57 1.49 1.48 1.49 1.46 1.39 1.30 1.22 1.15 1.11 1.10 1.08 1.08 1.16 1.27 1.36 1.44 1.48 1.48 1.48 1.47 1.46 1.46 1.45 1.44 1.43 1.42 1.41 1.40 1.39 1.38 1.36 1.35 1.33 1.31 1.30 1.28 1.27 1.25 1.23 1.21 1.18 1.15 1.12 1.07 1.09 1.18 1.24 1.24
0.62 1.19 2.61 4.03 4.23 2.84 2.01 1.98 1.90 1.69 1.49 1.42 1.48 1.51 1.50 1.44 1.40 1.40 1.39 1.39 1.43 1.46 1.48 1.44 1.36 1.41 1.54 1.57 1.56 1.56 1.58 1.57 1.53 1.48 1.46 1.46 1.49 1.51 1.51 1.51 1.48 1.44 1.40 1.36 1.34 1.32 1.32 1.36 1.47 1.53 1.53 1.52 1.50 1.51 1.51 1.50 1.48 1.47 1.47 1.46 1.46 1.45 1.44 1.43 1.42 1.41 1.39 1.38 1.36 1.35 1.33 1.32 1.30 1.29 1.27 1.25 1.23 1.20 1.18 1.16 1.15 1.17 1.22 1.29
2.81 3.08 3.77 4.00 3.21 2.07 1.59 1.42 1.31 1.22 1.16 1.26 1.39 1.43 1.43 1.37 1.35 1.40 1.40 1.42 1.48 1.51 1.52 1.48 1.45 1.56 1.67 1.66 1.61 1.58 1.55 1.51 1.44 1.38 1.33 1.32 1.35 1.41 1.48 1.48 1.47 1.52 1.63 1.75 1.84 1.91 1.97 2.04 2.11 2.10 1.99 1.81 1.69 1.63 1.57 1.52 1.51 1.50 1.49 1.48 1.48 1.47 1.46 1.46 1.45 1.43 1.42 1.40 1.39 1.38 1.36 1.35 1.33 1.32 1.30 1.28 1.26 1.24 1.21 1.18 1.13 1.11 1.23 1.48
3.88 3.65 3.26 2.67 2.07 1.66 1.23 0.92 0.83 0.86 1.03 1.22 1.30 1.35 1.37 1.33 1.34 1.41 1.44 1.47 1.53 1.55 1.56 1.58 1.62 1.69 1.72 1.67 1.61 1.61 1.59 1.53 1.46 1.38 1.31 1.29 1.31 1.35 1.37 1.39 1.44 1.54 1.64 1.72 1.78 1.82 1.88 1.95 2.00 1.98 1.95 1.92 1.84 1.70 1.58 1.53 1.52 1.51 1.51 1.51 1.50 1.50 1.49 1.48 1.47 1.46 1.44 1.43 1.42 1.40 1.39 1.37 1.36 1.34 1.33 1.31 1.29 1.28 1.26 1.23 1.20 1.21 1.33 1.60
4.56 3.58 2.39 2.06 1.76 1.37 0.88 0.71 0.82 0.97 1.17 1.25 1.26 1.33 1.36 1.35 1.34 1.42 1.48 1.50 1.55 1.56 1.60 1.70 1.75 1.70 1.64 1.60 1.60 1.64 1.59 1.53 1.49 1.44 1.43 1.44 1.43 1.39 1.37 1.40 1.49 1.56 1.58 1.57 1.55 1.55 1.58 1.63 1.63 1.58 1.55 1.55 1.54 1.53 1.52 1.51 1.51 1.51 1.52 1.52 1.52 1.52 1.52 1.51 1.50 1.48 1.47 1.46 1.44 1.43 1.41 1.40 1.38 1.37 1.35 1.34 1.33 1.32 1.31 1.32 1.35 1.42 1.54 1.77
4.78 3.61 2.30 2.00 1.69 1.31 0.90 0.89 1.12 1.28 1.31 1.23 1.25 1.29 1.35 1.34 1.31 1.39 1.46 1.49 1.52 1.54 1.66 1.84 1.88 1.75 1.66 1.66 1.67 1.64 1.55 1.54 1.56 1.60 1.69 1.72 1.66 1.58 1.53 1.53 1.55 1.57 1.57 1.55 1.54 1.55 1.58 1.59 1.55 1.48 1.40 1.34 1.34 1.39 1.43 1.47 1.49 1.51 1.52 1.53 1.54 1.54 1.54 1.53 1.52 1.50 1.49 1.48 1.46 1.45 1.43 1.42 1.40 1.39 1.37 1.36 1.36 1.35 1.36 1.38 1.44 1.57 1.79 2.03
4.31 3.32 2.33 2.02 1.68 1.40 1.18 1.27 1.50 1.49 1.26 1.20 1.28 1.26 1.31 1.29 1.25 1.35 1.47 1.56 1.58 1.61 1.92 2.30 2.28 2.00 1.84 1.81 1.75 1.63 1.55 1.55 1.58 1.63 1.71 1.76 1.78 1.80 1.81 1.77 1.71 1.64 1.59 1.56 1.57 1.58 1.60 1.59 1.53 1.43 1.34 1.31 1.30 1.31 1.34 1.38 1.42 1.46 1.51 1.54 1.57 1.57 1.57 1.56 1.54 1.53 1.51 1.50 1.48 1.47 1.45 1.44 1.42 1.41 1.40 1.38 1.37 1.37 1.37 1.38 1.44 1.56 1.75 1.94
3.52 3.10 2.52 2.22 1.85 1.65 1.63 1.61 1.55 1.40 1.23 1.33 1.41 1.31 1.31 1.27 1.19 1.35 1.57 1.79 1.86 2.08 2.86 3.24 2.77 2.15 1.89 1.80 1.70 1.62 1.59 1.58 1.58 1.57 1.57 1.60 1.65 1.72 1.78 1.81 1.81 1.76 1.69 1.65 1.66 1.67 1.67 1.62 1.57 1.51 1.45 1.39 1.35 1.37 1.40 1.41 1.41 1.43 1.48 1.54 1.59 1.61 1.60 1.58 1.56 1.55 1.53 1.51 1.50 1.49 1.47 1.45 1.44 1.42 1.41 1.40 1.38 1.37 1.36 1.36 1.38 1.43 1.49 1.57
3.18 3.14 2.83 2.36 2.02 1.83 1.77 1.64 1.40 1.39 1.58 1.64 1.52 1.33 1.22 1.12 1.17 1.45 1.85 2.25 2.57 3.35 3.98 3.53 2.49 1.93 1.75 1.69 1.63 1.60 1.60 1.61 1.62 1.59 1.57 1.58 1.57 1.53 1.54 1.59 1.64 1.68 1.70 1.69 1.69 1.69 1.68 1.66 1.64 1.62 1.62 1.62 1.64 1.67 1.67 1.60 1.50 1.41 1.45 1.59 1.67 1.66 1.63 1.61 1.58 1.56 1.55 1.53 1.51 1.50 1.48 1.47 1.45 1.43 1.42 1.40 1.38 1.36 1.35 1.34 1.34 1.32 1.28 1.23
3.35 3.15 2.64 2.19 2.02 1.87 1.76 1.64 1.48 1.72 2.05 1.87 1.51 1.27 1.11 1.03 1.27 1.64 2.25 3.11 4.01 4.57 4.07 2.80 1.96 1.67 1.61 1.60 1.57 1.56 1.58 1.60 1.61 1.60 1.62 1.65 1.61 1.57 1.59 1.61 1.61 1.59 1.58 1.59 1.61 1.62 1.62 1.64 1.67 1.67 1.71 1.79 1.88 1.91 1.83 1.69 1.55 1.54 1.75 1.89 1.83 1.73 1.67 1.63 1.60 1.58 1.56 1.54 1.53 1.51 1.50 1.48 1.46 1.44 1.42 1.40 1.38 1.36 1.34 1.32 1.29 1.25 1.19 1.10
3.44 3.04 2.50 2.36 2.37 2.21 2.05 1.98 1.92 2.15 2.36 2.00 1.54 1.37 1.34 1.37 1.56 1.83 2.58 4.11 5.02 4.58 3.05 2.08 1.62 1.45 1.43 1.46 1.47 1.50 1.54 1.56 1.58 1.60 1.66 1.71 1.70 1.71 1.74 1.74 1.70 1.62 1.55 1.55 1.56 1.56 1.55 1.58 1.61 1.67 1.76 1.84 1.90 1.93 1.88 1.82 1.92 2.20 2.40 2.29 2.00 1.80 1.69 1.64 1.61 1.58 1.57 1.55 1.54 1.52 1.50 1.49 1.47 1.45 1.43 1.41 1.39 1.36 1.34 1.31 1.26 1.21 1.17 1.13
3.57 3.27 2.97 3.02 3.12 3.16 3.29 3.36 3.14 2.92 2.68 2.20 1.75 1.59 1.55 1.68 1.95 2.40 3.62 5.04 4.92 3.14 1.92 1.44 1.24 1.17 1.22 1.31 1.38 1.44 1.48 1.53 1.60 1.66 1.72 1.76 1.76 1.77 1.78 1.75 1.68 1.61 1.56 1.55 1.52 1.48 1.44 1.44 1.49 1.58 1.69 1.82 1.90 1.89 1.89 2.08 2.40 2.58 2.47 2.20 1.98 1.81 1.70 1.64 1.61 1.59 1.57 1.56 1.54 1.53 1.51 1.49 1.47 1.45 1.43 1.41 1.38 1.36 1.33 1.29 1.24 1.18 1.12 1.06
3.96 3.74 3.52 3.59 3.84 4.09 4.26 4.31 4.12 3.73 3.52 3.35 3.13 3.15 3.07 3.06 3.47 4.22 5.05 4.94 3.58 1.75 1.19 1.00 0.96 0.99 1.14 1.27 1.34 1.39 1.42 1.50 1.64 1.74 1.78 1.78 1.77 1.77 1.79 1.77 1.69 1.62 1.60 1.57 1.48 1.39 1.37 1.42 1.52 1.62 1.77 1.98 2.00 1.90 1.87 2.01 2.15 2.03 1.81 1.70 1.70 1.69 1.66 1.62 1.60 1.58 1.57 1.56 1.54 1.52 1.50 1.49 1.48 1.46 1.43 1.41 1.38 1.35 1.32 1.27 1.23 1.16 1.08 0.97
4.50 4.16 3.76 3.83 4.12 4.12 3.82 3.55 3.45 3.74 3.96 4.07 4.22 4.30 4.32 4.29 4.44 4.74 4.57 3.13 1.71 1.08 0.80 0.73 0.76 0.92 1.13 1.22 1.28 1.29 1.33 1.53 1.79 1.86 1.81 1.77 1.78 1.81 1.84 1.84 1.81 1.78 1.79 1.79 1.66 1.57 1.56 1.62 1.76 1.95 2.29 2.48 2.18 1.93 1.85 1.83 1.77 1.62 1.50 1.47 1.50 1.55 1.57 1.58 1.58 1.58 1.57 1.55 1.53 1.52 1.51 1.50 1.48 1.45 1.43 1.40 1.38 1.35 1.31 1.27 1.22 1.16 1.08 0.98
4.98 4.48 3.90 3.96 4.09 3.69 3.02 2.54 2.56 3.03 3.28 3.07 2.77 2.25 2.37 2.65 2.97 2.88 2.87 1.62 0.69 0.33 0.27 0.32 0.55 0.88 1.08 1.18 1.24 1.28 1.47 1.84 2.04 1.94 1.77 1.74 1.81 1.87 1.90 1.90 1.89 1.91 1.98 2.06 2.10 2.14 2.16 2.22 2.41 2.76 3.03 2.77 2.21 1.91 1.82 1.79 1.77 1.68 1.56 1.50 1.49 1.49 1.52 1.55 1.57 1.57 1.55 1.53 1.52 1.52 1.52 1.50 1.47 1.45 1.42 1.40 1.37 1.34 1.31 1.27 1.22 1.16 1.09 1.00
5.35 4.91 4.30 4.12 3.90 3.19 2.53 2.13 2.00 2.04 2.04 1.85 1.28 1.03 1.14 1.49 1.65 2.06 2.04 0.66 0.38 0.51 0.35 0.26 0.61 0.91 1.07 1.17 1.27 1.47 1.85 2.08 2.02 1.81 1.69 1.75 1.85 1.91 1.93 1.94 1.94 1.96 2.02 2.14 2.33 2.54 2.75 2.99 3.22 3.29 2.95 2.33 1.94 1.82 1.79 1.78 1.73 1.64 1.54 1.49 1.47 1.46 1.49 1.53 1.55 1.55 1.54 1.53 1.54 1.54 1.52 1.49 1.45 1.43 1.41 1.39 1.37 1.34 1.31 1.27 1.23 1.18 1.11 1.04
5.99 5.50 4.62 3.92 3.33 2.70 2.23 1.91 1.71 1.58 1.48 1.12 0.75 0.87 1.09 1.39 1.65 1.91 1.61 0.93 1.00 0.88 0.79 0.85 1.01 1.11 1.15 1.19 1.34 1.59 1.82 1.82 1.72 1.65 1.63 1.72 1.85 1.95 2.00 2.02 2.04 2.04 2.05 2.15 2.31 2.44 2.64 2.86 2.88 2.53 1.99 1.74 1.70 1.72 1.75 1.72 1.64 1.56 1.49 1.45 1.40 1.39 1.45 1.51 1.54 1.55 1.54 1.55 1.55 1.53 1.49 1.46 1.44 1.42 1.41 1.39 1.36 1.34 1.31 1.27 1.23 1.19 1.14 1.08
6.78 5.92 4.40 3.36 2.82 2.51 2.09 1.79 1.60 1.40 1.19 0.97 0.69 0.65 0.97 1.35 1.62 1.51 1.16 1.22 1.15 0.90 1.26 1.67 1.63 1.31 1.14 1.17 1.31 1.47 1.63 1.65 1.65 1.66 1.65 1.73 1.90 2.04 2.10 2.12 2.15 2.12 2.11 2.17 2.20 2.18 2.26 2.32 2.12 1.81 1.62 1.62 1.65 1.67 1.71 1.72 1.70 1.65 1.58 1.49 1.39 1.36 1.40 1.46 1.50 1.52 1.54 1.55 1.53 1.50 1.47 1.45 1.43 1.42 1.40 1.38 1.35 1.33 1.30 1.27 1.24 1.20 1.16 1.11
7.18 5.82 3.99 3.12 2.64 2.36 1.98 1.79 1.61 1.33 1.18 1.04 0.81 0.75 0.98 1.32 1.49 1.37 1.25 1.22 1.04 1.47 2.38 2.37 1.62 0.99 0.90 1.06 1.19 1.37 1.57 1.66 1.71 1.75 1.77 1.89 2.07 2.21 2.25 2.25 2.24 2.22 2.23 2.24 2.27 2.33 2.36 2.28 2.08 1.89 1.83 1.81 1.81 1.82 1.82 1.83 1.80 1.74 1.68 1.61 1.55 1.51 1.49 1.47 1.46 1.48 1.51 1.52 1.50 1.47 1.45 1.43 1.41 1.40 1.38 1.36 1.34 1.32 1.30 1.27 1.24 1.21 1.18 1.14
6.31 5.22 3.80 3.12 2.57 2.21 1.95 1.79 1.64 1.41 1.30 1.15 0.97 0.96 1.10 1.37 1.48 1.18 0.95 0.89 1.47 2.59 2.72 1.46 0.41 0.38 0.72 0.97 1.12 1.32 1.55 1.70 1.79 1.89 1.99 2.11 2.24 2.33 2.43 2.43 2.38 2.37 2.36 2.35 2.42 2.47 2.42 2.32 2.20 2.09 2.06 2.03 2.01 2.04 2.07 2.03 1.92 1.84 1.82 1.78 1.75 1.74 1.69 1.62 1.58 1.54 1.53 1.51 1.48 1.44 1.42 1.41 1.39 1.37 1.35 1.34 1.32 1.30 1.29 1.26 1.24 1.22 1.19 1.16
5.15 4.47 3.59 3.02 2.42 2.08 1.95 1.79 1.58 1.40 1.31 1.14 0.97 1.00 1.10 1.24 1.30 1.03 0.76 1.48 2.60 2.85 1.78 0.76 0.58 0.54 0.79 0.99 1.11 1.31 1.59 1.84 1.97 2.12 2.22 2.27 2.32 2.44 2.62 2.63 2.53 2.49 2.45 2.43 2.43 2.40 2.38 2.36 2.30 2.27 2.25 2.19 2.14 2.12 2.12 2.11 2.07 2.08 2.02 1.89 1.82 1.78 1.77 1.79 1.77 1.71 1.64 1.54 1.42 1.36 1.33 1.33 1.33 1.34 1.33 1.31 1.30 1.28 1.27 1.25 1.24 1.22 1.20 1.18
4.27 3.85 3.21 2.74 2.28 1.98 1.87 1.76 1.57 1.38 1.27 1.13 0.91 0.81 0.92 1.28 1.56 1.54 1.58 2.24 2.71 1.79 1.02 0.94 0.82 0.80 0.92 1.10 1.22 1.41 1.75 2.05 2.22 2.37 2.45 2.44 2.49 2.67 2.83 2.76 2.60 2.53 2.53 2.51 2.53 2.60 2.68 2.65 2.56 2.45 2.33 2.27 2.27 2.25 2.22 2.19 2.23 2.24 2.16 2.08 2.01 1.95 1.93 1.91 1.87 1.81 1.70 1.53 1.36 1.24 1.23 1.26 1.28 1.28 1.27 1.26 1.25 1.25 1.24 1.23 1.22 1.21 1.20 1.19
3.58 3.30 2.80 2.44 2.15 1.91 1.78 1.69 1.57 1.40 1.26 1.17 0.97 0.92 1.18 1.53 1.82 1.75 1.77 2.14 1.90 1.26 1.17 1.08 0.99 1.01 1.11 1.21 1.35 1.62 1.97 2.25 2.46 2.59 2.66 2.68 2.74 2.87 2.93 2.84 2.64 2.56 2.60 2.63 2.68 2.76 2.79 2.72 2.59 2.45 2.36 2.36 2.39 2.44 2.49 2.45 2.37 2.29 2.26 2.28 2.28 2.23 2.14 2.04 1.98 1.87 1.71 1.55 1.41 1.31 1.28 1.25 1.20 1.17 1.17 1.17 1.18 1.19 1.20 1.20 1.19 1.19 1.19 1.18
3.03 2.82 2.43 2.18 2.00 1.84 1.72 1.58 1.53 1.46 1.33 1.26 1.17 1.20 1.33 1.50 1.74 1.66 1.52 1.53 1.46 1.39 1.27 1.15 1.07 1.14 1.28 1.38 1.54 1.92 2.17 2.37 2.66 2.79 2.85 2.96 3.01 3.03 3.04 2.98 2.83 2.73 2.73 2.77 2.78 2.75 2.72 2.66 2.53 2.48 2.50 2.53 2.52 2.52 2.51 2.50 2.46 2.40 2.35 2.31 2.26 2.19 2.13 2.12 2.07 1.95 1.83 1.71 1.60 1.54 1.46 1.30 1.12 1.01 0.96 0.98 1.05 1.10 1.13 1.14 1.16 1.17 1.18 1.18
2.53 2.36 2.07 1.91 1.84 1.75 1.64 1.47 1.46 1.53 1.44 1.37 1.38 1.36 1.37 1.46 1.60 1.58 1.45 1.42 1.37 1.33 1.33 1.19 1.09 1.20 1.44 1.57 1.78 2.17 2.34 2.57 2.84 2.93 3.06 3.34 3.45 3.36 3.33 3.28 3.13 2.93 2.88 2.94 2.90 2.84 2.83 2.76 2.69 2.73 2.80 2.81 2.76 2.65 2.53 2.47 2.45 2.45 2.41 2.34 2.23 2.13 2.09 2.08 2.02 1.95 1.90 1.83 1.75 1.67 1.59 1.46 1.30 1.10 1.01 1.05 1.07 1.04 0.99 1.01 1.08 1.14 1.16 1.17
2.09 1.96 1.76 1.68 1.69 1.62 1.52 1.41 1.42 1.60 1.60 1.51 1.51 1.42 1.38 1.39 1.42 1.42 1.29 1.24 1.28 1.37 1.30 1.15 1.19 1.32 1.52 1.71 2.07 2.43 2.66 2.90 2.90 2.92 3.41 4.01 4.08 3.79 3.60 3.48 3.30 3.08 3.09 3.13 3.04 2.98 2.93 2.86 2.85 2.90 2.98 3.00 2.93 2.84 2.74 2.60 2.47 2.41 2.39 2.34 2.25 2.21 2.21 2.17 2.08 2.01 1.92 1.84 1.80 1.74 1.63 1.56 1.56 1.54 1.51 1.45 1.32 1.14 1.04 1.06 1.11 1.14 1.15 1.15
1.85 1.72 1.56 1.52 1.55 1.53 1.51 1.50 1.56 1.85 1.97 1.81 1.58 1.35 1.30 1.25 1.25 1.23 1.09 1.05 1.21 1.46 1.30 1.09 1.22 1.42 1.55 1.80 2.35 2.85 3.09 3.08 2.69 2.90 4.11 4.87 4.60 3.91 3.66 3.64 3.45 3.31 3.37 3.34 3.25 3.21 3.12 3.08 3.05 2.98 2.94 2.88 2.84 2.85 2.83 2.74 2.61 2.49 2.42 2.35 2.29 2.27 2.28 2.26 2.22 2.11 1.98 1.87 1.81 1.76 1.72 1.67 1.67 1.71 1.70 1.62 1.52 1.46 1.45 1.41 1.28 1.17 1.13 1.12
1.75 1.61 1.47 1.51 1.64 1.78 1.99 2.07 2.17 2.16 1.96 1.60 1.22 1.11 1.20 1.21 1.20 1.05 0.89 0.94 1.25 1.60 1.44 1.11 1.18 1.45 1.68 1.85 2.56 3.32 3.31 3.07 2.60 3.14 5.01 5.41 4.53 3.86 3.95 4.06 3.70 3.50 3.64 3.64 3.52 3.43 3.37 3.33 3.23 3.10 2.99 2.87 2.80 2.78 2.78 2.76 2.72 2.65 2.59 2.52 2.46 2.41 2.35 2.28 2.17 2.07 2.00 1.93 1.85 1.81 1.80 1.77 1.74 1.75 1.77 1.77 1.73 1.68 1.62 1.51 1.38 1.25 1.15 1.11
1.76 1.63 1.63 1.94 2.25 2.41 2.36 2.18 1.96 1.66 1.42 1.21 0.97 1.03 1.27 1.38 1.27 0.90 0.71 1.00 1.50 1.76 1.51 1.16 1.16 1.49 1.80 1.93 2.79 3.67 3.42 3.18 2.97 3.67 5.43 5.34 4.30 4.23 4.68 4.38 3.53 3.48 3.90 3.83 3.62 3.61 3.60 3.43 3.25 3.19 3.19 3.15 3.03 2.89 2.78 2.73 2.74 2.75 2.77 2.75 2.70 2.64 2.52 2.30 2.10 1.97 1.92 1.93 1.92 1.84 1.78 1.80 1.88 1.92 1.92 1.91 1.87 1.75 1.58 1.45 1.38 1.34 1.26 1.14
1.95 1.87 2.03 2.28 2.30 2.13 1.77 1.47 1.31 1.22 1.22 1.14 0.98 1.12 1.47 1.70 1.42 0.83 0.69 1.13 1.68 1.88 1.56 1.27 1.32 1.60 1.87 2.13 3.10 3.88 3.65 3.40 3.32 4.09 5.63 5.52 4.88 5.17 5.05 4.10 3.39 3.80 4.18 3.87 3.72 3.85 3.74 3.45 3.31 3.31 3.31 3.26 3.14 2.99 2.90 2.84 2.79 2.79 2.80 2.73 2.69 2.66 2.54 2.32 2.15 2.02 1.93 1.91 1.90 1.88 1.91 2.01 2.10 2.07 1.98 1.89 1.80 1.69 1.58 1.49 1.41 1.37 1.30 1.16
2.11 2.05 2.07 2.02 1.78 1.51 1.27 1.19 1.16 1.13 1.14 1.17 1.17 1.37 1.85 2.07 1.60 0.98 0.86 1.26 1.80 2.02 1.73 1.50 1.53 1.80 2.19 2.64 3.32 3.87 3.85 3.63 3.56 4.46 6.17 6.43 6.06 5.85 5.00 3.95 3.91 4.26 4.32 4.05 3.99 3.93 3.63 3.40 3.39 3.43 3.38 3.23 3.05 2.99 3.03 2.98 2.88 2.82 2.75 2.66 2.60 2.54 2.47 2.43 2.38 2.33 2.20 2.00 1.89 1.92 2.02 2.10 2.09 2.03 1.97 1.89 1.78 1.68 1.58 1.50 1.46 1.42 1.33 1.23
2.01 1.87 1.73 1.58 1.40 1.29 1.24 1.22 1.17 1.09 1.11 1.41 1.66 1.83 2.20 2.31 1.70 1.24 1.21 1.58 2.00 2.27 2.06 1.70 1.67 2.17 2.66 3.08 3.46 3.67 3.83 3.91 4.05 5.31 7.05 7.24 6.67 5.74 4.47 4.02 3.97 3.84 4.06 4.48 4.40 3.96 3.52 3.34 3.38 3.45 3.45 3.28 3.11 3.09 3.10 3.03 2.96 2.92 2.86 2.78 2.67 2.57 2.49 2.50 2.57 2.58 2.49 2.31 2.10 1.98 1.97 2.00 2.02 2.01 1.98 1.93 1.88 1.83 1.79 1.73 1.60 1.52 1.42 1.31
2.08 1.83 1.50 1.35 1.29 1.28 1.29 1.30 1.25 1.17 1.32 1.85 2.19 2.18 2.35 2.47 1.93 1.69 2.01 2.26 2.40 2.48 2.18 1.75 1.81 2.63 3.11 3.43 3.52 3.57 3.81 4.11 4.72 6.30 7.57 7.02 5.80 4.70 3.96 3.66 3.28 3.35 4.30 4.93 4.57 3.89 3.56 3.53 3.53 3.52 3.47 3.34 3.28 3.27 3.19 3.09 3.04 3.02 2.98 2.89 2.81 2.71 2.61 2.61 2.64 2.67 2.66 2.61 2.55 2.42 2.29 2.23 2.23 2.18 2.10 2.02 1.97 1.96 1.98 1.95 1.84 1.66 1.44 1.27
