windninja/windninja_output/Output_2025-08-09_1700-1750_Google earth_Fire_150m_10min/merlingen_7.5mi_point_08-09-2025_1730_150m_ang.asc
ncols	158
nrows	163
xllcorner	391686.332397
yllcorner	5160024.123721
cellsize	150.000000
NODATA_value	-32768.000000
[rows 42 to 83 of 163, columns 0 to 94 of 158]
216 215 215 217 219 223 227 232 239 247 255 264 273 281 287 293 298 302 305 308 311 313 316 317 319 321 323 324 325 324 322 323 326 330 337 342 343 340 338 337 337 337 339 339 337 338 340 341 341 337 329 328 333 335 332 330 334 337 335 333 337 341 339 340 340 335 331 331 334 339 344 340 337 338 332 332 346 357 357 353 348 345 340 334 331 334 343 348 341 335 330 325 321 319 325
222 221 221 221 222 224 228 233 239 246 254 263 272 280 287 293 298 302 305 308 311 313 316 317 319 321 323 324 325 324 323 324 328 332 337 340 339 335 335 335 334 335 334 332 333 338 341 340 337 332 326 326 333 338 335 333 336 339 339 335 334 333 331 333 334 333 333 334 340 349 351 345 343 341 337 340 353 3 2 354 346 343 337 330 330 338 350 349 341 335 330 328 322 319 326
228 227 226 226 226 227 230 234 240 246 254 263 272 280 287 293 298 302 305 308 311 314 316 318 319 321 323 323 324 325 325 326 329 332 335 336 332 329 330 332 333 333 330 328 333 341 342 338 334 331 329 331 338 342 341 339 341 342 340 336 334 332 330 330 327 328 331 334 342 351 351 348 348 346 344 350 2 9 5 354 343 338 332 327 331 345 351 345 338 334 330 327 319 316 325
233 232 231 230 230 231 233 236 241 247 254 263 271 279 287 293 298 302 306 309 311 314 316 318 319 321 322 323 324 326 326 327 329 332 333 332 329 328 329 331 333 331 327 328 339 345 341 335 331 329 330 334 341 346 346 344 344 342 337 335 334 333 332 330 326 325 328 333 341 347 346 346 348 348 351 359 9 12 4 351 341 333 328 326 335 347 345 340 336 333 330 324 317 317 326
237 236 234 234 234 235 236 239 243 248 255 262 271 279 286 292 298 302 305 309 312 314 316 318 319 321 322 323 325 326 326 327 328 331 332 331 330 329 330 331 331 328 327 332 343 342 336 331 328 329 333 338 347 352 349 347 344 338 333 332 334 334 331 329 327 326 328 333 340 343 341 342 345 349 356 5 12 9 357 345 336 330 325 327 337 343 340 337 336 333 329 323 319 321 329
241 240 238 237 237 239 241 243 246 250 256 264 271 279 286 293 298 302 305 308 311 314 316 318 319 321 322 324 325 326 326 327 328 329 330 330 330 329 329 329 329 327 328 337 344 338 331 327 328 333 338 345 354 353 350 347 341 336 331 331 333 331 327 326 325 324 328 334 340 342 340 340 343 350 360 10 13 4 350 339 331 327 327 332 339 340 338 336 335 331 328 324 324 328 334
244 243 242 240 240 243 245 246 249 253 259 265 272 279 286 292 297 302 305 308 311 314 316 317 319 321 322 324 325 326 326 327 328 328 329 330 329 329 328 328 327 326 329 338 340 333 328 327 331 338 347 355 355 350 348 344 337 332 330 332 333 328 324 322 321 322 328 334 339 340 340 341 344 352 3 11 10 0 349 339 333 332 333 336 340 340 339 338 335 331 329 327 329 334 338
248 247 245 243 244 246 248 250 253 256 261 267 274 281 287 292 297 302 305 308 311 314 316 318 319 321 323 324 325 326 326 327 328 329 330 330 330 329 329 328 327 326 329 335 334 328 326 329 335 345 357 358 351 348 346 340 333 329 329 333 334 328 323 319 319 322 328 334 339 340 341 343 347 355 4 7 3 357 350 343 339 337 337 338 340 340 340 338 334 331 331 330 333 337 341
251 250 247 245 246 248 249 252 256 260 264 269 275 281 287 292 297 302 306 309 312 314 316 318 319 321 323 324 325 326 326 327 328 328 329 330 329 329 329 329 329 328 330 332 331 325 325 332 341 353 359 351 345 344 342 337 330 328 330 333 333 328 321 316 318 324 330 335 338 340 341 344 350 357 0 359 357 355 351 345 340 338 339 340 339 338 337 334 331 331 332 333 336 341 347
255 254 250 248 249 250 250 253 257 263 267 271 277 283 288 293 298 302 306 309 312 314 316 318 319 321 323 324 325 325 326 327 328 328 329 329 328 328 328 330 330 328 328 330 329 325 327 339 352 359 354 344 340 339 336 330 327 327 332 335 334 329 319 314 319 326 332 337 339 341 342 346 352 356 355 353 352 352 349 344 342 340 338 338 337 336 333 330 329 330 333 335 338 345 350
258 257 254 253 254 254 253 255 259 264 269 274 279 284 289 294 298 302 306 309 311 314 316 318 319 321 323 324 325 325 326 327 327 328 328 328 328 328 328 330 330 327 327 329 328 327 332 347 355 352 347 343 341 339 332 325 324 329 335 338 337 331 318 314 320 329 335 340 342 343 345 348 352 354 352 351 350 348 344 341 342 343 339 336 333 331 330 329 329 330 334 336 339 343 344
258 258 257 257 258 258 257 258 261 266 272 276 281 285 290 295 299 303 306 309 311 314 316 317 319 321 322 324 324 325 326 327 327 328 328 328 328 328 328 330 330 327 326 328 329 330 338 348 348 345 343 342 340 337 328 323 326 334 340 340 337 329 318 315 323 332 338 345 346 345 347 350 353 354 352 350 350 347 340 338 341 342 341 340 337 331 329 330 331 333 335 336 338 338 330
259 259 260 261 261 260 261 261 263 267 274 279 283 287 292 296 300 303 306 309 311 314 316 318 319 321 322 323 324 325 326 327 327 328 328 328 328 328 328 329 328 326 325 327 329 332 339 343 341 340 343 341 337 332 325 323 331 341 344 341 337 329 319 318 326 336 343 349 349 348 350 354 356 354 351 351 351 347 340 339 341 340 341 344 344 340 336 334 335 338 338 337 336 333 317
261 261 262 264 266 265 265 266 265 268 274 281 285 289 293 296 300 303 306 309 312 314 316 317 319 321 322 323 324 325 326 327 327 327 328 328 328 328 328 328 326 324 323 326 328 331 335 337 336 338 343 340 336 332 324 325 338 346 344 340 336 329 323 322 329 339 346 350 350 351 356 1 357 352 350 351 351 346 342 342 341 339 340 343 346 346 347 347 346 342 336 332 331 327 314
265 264 263 264 267 268 270 271 270 270 275 281 287 291 294 297 300 304 307 309 311 314 316 318 319 321 322 323 324 325 326 326 327 327 328 328 328 328 328 328 327 325 325 327 329 330 332 332 333 338 341 337 334 330 323 328 343 347 343 337 332 328 325 325 331 340 347 350 350 356 4 0 353 351 351 352 350 345 342 342 341 339 340 342 343 346 352 356 357 350 337 329 329 327 319
267 267 266 265 266 269 272 275 276 276 278 282 286 291 296 298 301 304 307 309 312 314 316 317 319 321 322 323 324 325 326 326 327 327 328 328 328 328 328 328 328 327 327 328 329 328 328 328 330 335 339 334 332 328 323 331 345 345 340 335 331 328 326 326 333 342 348 351 356 1 0 353 351 351 350 351 348 344 343 344 344 343 341 342 343 345 351 357 357 351 340 332 329 327 321
269 269 269 268 268 270 272 276 281 282 282 284 286 289 295 299 301 304 307 310 312 314 315 317 319 321 322 323 324 325 325 326 327 327 328 328 328 328 328 328 328 328 328 328 328 327 326 325 326 331 335 333 330 326 324 332 343 341 334 331 330 329 328 329 335 344 350 355 1 359 353 350 350 349 349 349 345 342 344 346 347 347 345 346 347 349 352 353 349 341 331 327 327 325 319
270 270 270 271 271 272 273 277 282 284 285 286 287 289 294 300 302 305 307 310 312 314 315 317 319 321 322 323 324 324 325 326 326 327 327 328 328 328 328 329 329 329 329 328 328 327 327 326 326 329 333 332 327 324 324 333 340 335 329 328 329 329 329 331 337 345 351 358 1 355 350 349 348 347 347 347 343 341 344 347 349 349 349 351 353 354 354 349 341 331 323 321 322 321 318
272 272 272 273 273 275 276 278 281 284 287 291 292 293 295 299 302 305 307 310 313 314 316 318 319 320 321 322 323 324 325 326 326 327 327 328 328 328 328 329 329 329 329 329 329 328 328 328 328 329 330 329 324 322 325 333 336 330 326 326 327 328 329 332 338 345 352 0 359 351 348 347 345 344 345 345 342 343 347 349 351 351 351 353 355 354 350 342 332 324 320 319 319 320 324
274 274 274 275 275 276 278 280 283 286 290 295 297 297 297 299 303 306 308 310 312 313 315 318 319 320 321 322 323 324 325 326 326 327 327 328 328 328 328 329 329 329 329 329 329 329 329 328 328 329 330 327 321 319 324 331 329 325 323 324 325 327 329 332 338 345 355 3 356 348 346 345 342 342 344 343 343 347 351 352 354 353 354 356 354 347 340 333 326 320 320 321 321 326 336
275 275 275 276 277 278 280 282 285 287 291 296 299 300 301 301 303 306 309 311 312 313 315 317 319 319 320 322 323 324 325 325 326 326 327 327 328 328 328 329 329 329 329 329 329 329 329 328 329 329 330 328 322 319 324 329 325 322 322 323 325 328 329 333 339 346 358 1 351 345 345 343 341 341 343 343 346 350 353 355 357 358 359 358 352 341 330 325 321 319 320 322 324 335 349
278 277 277 278 280 281 283 284 286 287 290 295 299 302 304 304 304 307 310 312 313 314 315 317 319 320 320 321 323 324 324 325 326 326 327 327 328 328 328 329 329 329 329 329 329 329 329 328 329 328 329 328 324 322 328 330 324 321 322 324 328 330 331 334 337 345 355 352 346 344 344 342 340 341 343 346 350 351 354 358 0 2 2 356 349 336 326 321 318 317 321 325 332 348 10
279 279 279 280 282 283 284 284 286 288 290 294 301 304 305 306 307 309 311 313 314 315 315 317 318 319 320 321 323 323 324 325 326 326 327 327 328 328 328 328 329 329 329 329 329 329 329 329 328 328 328 327 324 323 327 330 325 322 323 325 328 332 335 334 333 339 344 342 342 343 344 341 339 341 344 348 350 352 356 0 3 3 359 352 343 329 322 319 317 318 326 333 348 14 47
280 280 280 282 283 284 285 285 286 288 290 294 300 305 306 307 308 309 312 313 315 317 316 317 318 319 319 321 323 323 324 325 325 326 326 327 327 328 328 328 329 329 329 329 329 329 329 328 328 328 327 326 324 321 325 327 324 323 323 324 328 339 344 338 337 339 340 340 340 341 342 340 338 342 345 347 348 352 358 3 4 2 355 349 337 325 319 318 319 327 336 350 19 53 85
282 281 281 282 284 286 288 288 288 290 293 296 300 305 307 308 308 310 312 314 317 320 319 319 319 319 319 321 322 323 324 325 325 326 326 327 327 328 328 328 328 329 329 329 329 329 329 328 328 328 327 326 324 322 322 322 320 319 320 322 332 345 343 339 338 339 339 340 340 340 340 338 338 342 345 346 347 353 360 4 2 357 349 342 333 323 318 319 327 337 351 21 53 83 102
286 284 283 284 285 289 293 293 290 292 295 298 301 305 308 308 308 311 313 314 318 322 322 322 322 320 319 319 320 321 323 324 325 325 326 326 327 327 328 328 328 329 329 329 329 329 329 328 328 327 327 326 324 323 321 319 315 313 313 318 332 340 335 334 335 338 340 341 340 339 338 336 337 340 343 345 348 354 359 358 353 347 339 334 327 318 315 323 336 351 18 51 80 96 102
292 290 290 291 293 296 301 300 295 294 297 301 303 306 309 310 309 311 313 314 316 319 322 324 325 324 321 318 317 319 321 323 324 325 326 326 327 327 328 328 328 328 329 329 329 329 328 328 328 328 327 326 325 324 322 319 315 312 311 315 324 330 328 327 330 335 340 341 340 339 338 336 335 337 342 345 348 352 354 350 343 337 329 325 319 309 308 328 346 16 49 77 92 96 94
292 292 292 294 295 296 303 308 303 302 307 311 313 313 315 316 314 313 313 314 315 317 318 321 326 329 324 319 318 318 319 321 323 324 325 326 326 327 327 328 328 328 328 329 329 329 328 328 328 328 327 327 326 325 323 322 320 317 315 315 319 322 320 320 323 328 334 337 339 340 340 337 334 337 343 345 348 350 349 343 336 329 323 321 314 306 312 338 7 44 69 84 87 84 74
289 290 290 290 289 289 294 304 304 303 309 315 317 318 320 321 319 317 316 316 316 316 316 317 324 330 325 320 320 320 320 320 321 323 324 325 326 327 327 328 328 328 328 328 328 328 328 328 328 328 327 327 326 325 325 324 323 321 320 319 320 319 315 313 314 318 323 327 332 337 339 335 333 339 344 346 347 346 344 339 332 327 325 320 310 308 322 354 37 64 75 77 70 59 39
289 289 289 288 286 284 286 295 297 294 296 302 305 309 314 317 318 318 319 319 318 317 316 318 324 330 327 324 325 324 323 322 321 322 323 324 325 326 327 327 328 328 328 328 328 328 328 328 328 328 327 327 327 326 326 325 324 324 323 323 322 321 318 315 314 314 313 315 320 327 332 330 332 339 345 346 345 344 342 338 334 331 328 318 309 313 340 21 60 74 75 66 50 30 15
289 290 290 290 288 287 288 292 292 288 285 289 293 298 302 307 311 314 318 321 322 321 320 321 326 330 326 324 326 327 327 325 323 322 323 323 325 326 327 327 328 328 328 328 328 328 328 328 328 328 328 327 327 327 326 326 325 325 325 324 324 323 322 321 320 317 315 314 315 318 320 321 326 335 342 342 341 341 343 343 340 335 327 317 312 326 9 47 69 71 61 49 37 19 355
290 291 291 291 290 289 290 291 291 288 288 292 296 299 302 305 308 310 313 317 321 322 323 324 327 330 327 324 325 327 328 328 326 324 324 324 324 325 326 327 327 328 328 328 328 328 328 328 328 328 328 327 327 327 327 327 326 326 326 326 325 325 324 323 323 322 321 320 318 316 314 312 315 327 335 336 337 340 345 348 343 334 323 316 318 351 37 62 65 53 37 27 23 5 338
292 291 291 291 290 289 290 290 290 291 293 295 298 302 305 307 308 310 312 314 316 318 321 323 327 329 327 325 324 325 327 328 327 327 327 327 326 325 326 327 327 328 328 328 328 328 328 328 328 328 328 328 327 327 327 327 327 327 327 326 326 326 325 325 325 325 324 323 322 320 318 317 318 325 331 333 336 341 348 348 340 329 320 317 335 28 59 61 49 36 16 8 2 338 329
292 291 289 289 288 287 288 289 290 292 294 296 298 301 304 307 310 311 312 314 315 316 317 320 323 327 326 324 324 325 326 328 327 327 328 328 327 326 325 326 327 328 328 328 328 328 328 328 328 328 328 328 328 328 327 327 327 327 327 327 327 327 326 326 326 326 326 325 324 324 324 324 324 326 328 330 334 342 349 345 332 323 317 324 15 57 61 48 35 24 357 352 340 324 321
294 290 286 287 286 286 287 288 290 292 295 297 300 302 304 307 309 311 312 314 316 316 317 319 322 325 324 322 323 325 326 326 325 324 324 325 325 325 325 326 327 328 328 328 328 327 327 327 327 327 327 327 327 328 328 328 328 328 328 328 327 327 327 327 327 327 327 326 326 326 327 327 327 327 327 327 331 339 345 337 324 317 317 353 69 76 60 52 36 3 345 342 328 317 315
300 291 281 279 282 285 286 287 289 293 297 300 302 303 305 307 309 311 312 314 315 316 318 319 323 325 322 320 321 322 324 325 325 324 324 325 325 325 325 326 328 328 328 328 328 327 327 327 327 327 327 327 327 328 328 328 328 328 328 328 328 328 328 328 328 328 327 327 327 328 328 328 328 328 328 328 330 336 338 329 319 317 340 53 74 65 50 35 10 349 341 335 326 318 317
312 292 270 271 280 284 286 288 293 298 301 303 304 305 306 308 310 311 312 314 315 316 317 319 324 327 322 320 321 323 325 326 327 327 327 327 328 327 325 325 327 328 327 327 327 327 326 326 326 326 326 327 327 327 328 328 328 328 328 328 328 328 328 328 328 328 328 328 328 328 329 329 329 329 329 329 330 333 332 325 319 333 21 35 29 21 16 3 346 339 333 329 324 319 321
348 311 263 271 280 289 294 297 300 305 308 308 307 307 308 309 310 311 313 314 314 315 316 319 325 326 323 322 323 325 327 326 327 328 327 328 330 330 327 325 326 327 326 326 326 325 325 325 324 325 325 326 327 327 328 328 328 328 328 329 329 329 329 329 329 329 329 329 329 329 330 330 330 330 331 331 332 332 330 325 327 354 10 9 9 8 1 346 335 330 326 324 321 321 324
22 352 296 288 294 308 316 314 312 314 315 313 310 309 309 310 310 311 313 313 314 314 315 319 324 325 322 323 325 327 327 326 327 329 329 329 331 332 330 328 328 327 324 324 323 323 322 322 321 321 323 325 326 327 328 328 328 328 328 329 329 329 329 329 329 329 329 329 329 330 330 330 330 331 331 332 332 333 331 330 340 355 360 1 3 359 345 333 328 324 322 321 319 321 323
41 348 294 297 305 316 333 333 327 325 323 318 313 310 309 310 310 310 312 313 313 314 315 319 323 323 320 321 324 326 327 327 327 329 330 332 333 332 332 332 333 331 327 323 320 318 317 316 314 314 318 322 325 327 328 328 328 329 329 329 329 329 329 329 329 329 329 329 330 330 330 331 331 331 332 332 333 334 334 336 344 352 358 1 1 350 333 327 325 324 322 321 319 321 323
31 323 302 307 312 324 339 342 338 334 330 322 315 311 310 309 309 308 310 311 311 312 314 318 323 322 320 321 323 325 325 324 324 324 325 329 332 333 332 333 336 337 334 331 328 325 324 323 321 319 319 321 324 326 328 328 328 328 329 329 329 329 329 329 329 329 330 330 330 330 330 331 331 331 332 333 333 335 336 338 344 352 359 3 356 337 327 324 323 323 323 322 322 323 326
317 319 318 317 319 323 332 339 340 335 329 320 314 309 307 307 306 305 307 308 309 311 312 316 321 323 321 322 324 324 324 324 323 322 321 322 324 328 330 331 334 336 336 336 335 335 334 333 332 331 332 330 327 328 329 329 329 328 328 328 329 329 329 329 329 329 330 330 330 330 331 331 331 331 332 333 334 335 336 339 345 352 358 358 344 329 322 320 321 320 321 322 322 324 326
