windninja/windninja_output/Output_2025-08-09_1700-1750_Google earth_Fire_150m_10min/merlingen_7.5mi_point_08-09-2025_1710_150m_vel.asc
ncols	158
nrows	163
xllcorner	391686.332397
yllcorner	5160024.123721
cellsize	150.000000
NODATA_value	-32768.000000
[rows 38 to 75 of 163, columns 0 to 83 of 158]
0.94 0.91 0.82 0.72 0.64 0.57 0.52 0.48 0.44 0.42 0.41 0.40 0.41 0.42 0.44 0.45 0.47 0.50 0.52 0.55 0.58 0.60 0.63 0.66 0.69 0.72 0.75 0.82 0.98 1.13 1.14 1.12 1.10 1.07 1.04 0.87 0.65 0.61 0.71 0.81 0.89 0.99 1.09 1.18 1.25 1.29 1.35 1.41 1.41 1.47 1.59 1.66 1.65 1.63 1.69 1.79 1.84 1.87 1.94 2.00 1.99 1.87 1.74 1.61 1.56 1.67 2.02 2.12 1.69 1.35 1.47 1.94 2.26 2.07 1.66 1.58 1.82 1.90 1.85 1.78 1.65 1.54 1.50 1.64
0.98 0.95 0.83 0.74 0.65 0.58 0.52 0.47 0.44 0.41 0.40 0.39 0.40 0.41 0.43 0.45 0.47 0.49 0.52 0.55 0.58 0.61 0.64 0.67 0.70 0.73 0.78 0.87 0.97 1.01 1.00 1.02 1.04 1.03 0.94 0.74 0.69 0.81 0.91 0.95 1.01 1.09 1.22 1.35 1.42 1.46 1.50 1.51 1.57 1.66 1.76 1.85 1.95 2.09 2.23 2.30 2.35 2.39 2.42 2.42 2.33 2.11 1.86 1.66 1.61 1.72 2.03 1.94 1.50 1.53 2.04 2.36 2.17 1.72 1.55 1.86 2.16 2.12 2.08 2.07 1.92 1.67 1.56 1.73
1.04 1.02 0.88 0.76 0.67 0.59 0.53 0.48 0.44 0.40 0.39 0.38 0.39 0.40 0.42 0.44 0.46 0.49 0.52 0.55 0.58 0.61 0.64 0.67 0.71 0.74 0.79 0.85 0.88 0.91 0.97 0.99 0.97 0.93 0.80 0.68 0.76 0.92 1.04 1.13 1.21 1.31 1.44 1.49 1.51 1.59 1.65 1.69 1.74 1.78 1.87 2.05 2.29 2.47 2.50 2.48 2.48 2.43 2.34 2.20 1.96 1.75 1.67 1.65 1.69 1.83 2.04 1.91 1.74 2.09 2.31 1.99 1.54 1.41 1.67 2.26 2.44 2.28 2.20 2.09 1.97 1.92 1.90 1.98
1.12 1.09 0.94 0.80 0.69 0.61 0.54 0.49 0.45 0.40 0.38 0.38 0.38 0.39 0.41 0.43 0.45 0.48 0.51 0.55 0.58 0.61 0.63 0.67 0.71 0.74 0.78 0.82 0.84 0.91 0.97 0.96 0.93 0.87 0.78 0.78 0.86 0.95 1.12 1.35 1.53 1.68 1.71 1.67 1.74 1.91 1.98 1.99 1.97 2.00 2.12 2.29 2.36 2.27 2.12 2.02 1.93 1.81 1.69 1.50 1.33 1.34 1.57 1.82 1.90 2.01 2.16 2.21 2.36 2.47 2.09 1.64 1.57 1.69 2.10 2.58 2.47 2.22 2.04 1.84 1.79 1.96 2.16 2.32
1.17 1.12 0.98 0.85 0.73 0.64 0.55 0.50 0.46 0.41 0.38 0.37 0.37 0.38 0.40 0.42 0.45 0.48 0.51 0.54 0.58 0.60 0.63 0.67 0.71 0.73 0.77 0.81 0.86 0.93 0.97 0.94 0.91 0.86 0.86 0.92 1.05 1.25 1.45 1.59 1.69 1.70 1.70 1.84 2.02 2.04 1.91 1.77 1.75 1.85 2.05 2.13 1.99 1.81 1.69 1.57 1.41 1.27 1.15 1.06 1.08 1.31 1.69 1.99 2.17 2.38 2.63 2.90 2.95 2.59 2.10 2.00 2.15 2.27 2.64 2.77 2.35 2.07 1.91 1.82 1.85 1.95 2.17 2.64
1.21 1.16 1.03 0.89 0.77 0.68 0.59 0.52 0.47 0.43 0.38 0.37 0.37 0.38 0.40 0.42 0.44 0.47 0.51 0.54 0.57 0.60 0.64 0.67 0.70 0.73 0.77 0.82 0.87 0.91 0.92 0.91 0.90 0.91 0.96 1.06 1.25 1.48 1.57 1.56 1.50 1.46 1.60 1.82 1.82 1.59 1.43 1.39 1.50 1.72 1.96 1.97 1.77 1.62 1.51 1.35 1.17 1.05 1.00 1.04 1.19 1.45 1.73 1.97 2.38 2.90 3.30 3.44 3.26 3.00 2.86 2.92 2.95 2.99 3.12 2.85 2.33 2.04 1.88 1.83 1.92 2.13 2.57 3.20
1.25 1.19 1.06 0.93 0.81 0.71 0.62 0.54 0.48 0.44 0.39 0.37 0.37 0.38 0.39 0.41 0.44 0.47 0.51 0.54 0.57 0.60 0.64 0.67 0.70 0.74 0.79 0.83 0.86 0.88 0.89 0.91 0.93 0.97 1.02 1.14 1.30 1.38 1.33 1.31 1.31 1.43 1.63 1.67 1.44 1.22 1.20 1.36 1.68 2.01 2.13 1.94 1.68 1.52 1.37 1.20 1.06 1.00 1.08 1.27 1.50 1.72 1.88 2.15 2.73 3.24 3.40 3.32 3.13 3.14 3.28 3.33 3.31 3.28 3.06 2.58 2.20 2.01 1.86 1.81 2.00 2.50 3.12 3.24
1.28 1.22 1.09 0.96 0.84 0.73 0.64 0.57 0.50 0.45 0.41 0.38 0.38 0.38 0.39 0.41 0.44 0.47 0.51 0.54 0.57 0.61 0.64 0.67 0.71 0.75 0.79 0.82 0.84 0.87 0.90 0.94 0.97 1.00 1.05 1.15 1.22 1.21 1.20 1.24 1.35 1.51 1.59 1.46 1.23 1.20 1.35 1.65 2.03 2.17 1.95 1.61 1.39 1.22 1.11 1.04 0.99 1.06 1.32 1.64 1.89 2.10 2.38 2.82 3.28 3.36 3.13 2.84 2.53 2.47 2.63 2.73 2.75 2.70 2.44 2.12 1.94 1.92 1.95 2.15 2.57 2.96 2.97 2.37
1.32 1.25 1.12 1.00 0.88 0.77 0.67 0.59 0.52 0.47 0.42 0.40 0.38 0.38 0.39 0.41 0.44 0.48 0.51 0.54 0.57 0.61 0.64 0.67 0.72 0.75 0.78 0.80 0.83 0.87 0.90 0.94 0.98 1.02 1.08 1.14 1.16 1.19 1.23 1.29 1.39 1.47 1.47 1.29 1.14 1.27 1.60 1.98 2.11 1.87 1.54 1.31 1.12 0.98 0.95 0.98 1.07 1.31 1.70 2.07 2.34 2.63 3.04 3.35 3.39 3.16 2.78 2.39 2.11 2.06 2.11 2.14 2.14 2.07 1.96 1.88 1.86 1.92 2.13 2.44 2.65 2.56 2.08 1.51
1.34 1.27 1.13 1.02 0.91 0.80 0.68 0.59 0.53 0.48 0.44 0.41 0.39 0.39 0.40 0.42 0.45 0.48 0.51 0.54 0.58 0.60 0.64 0.68 0.72 0.74 0.77 0.80 0.84 0.87 0.91 0.94 0.98 1.02 1.06 1.09 1.14 1.19 1.24 1.29 1.37 1.43 1.39 1.24 1.24 1.48 1.83 2.00 1.82 1.51 1.31 1.11 0.99 1.03 1.09 1.18 1.42 1.75 2.17 2.51 2.71 2.94 3.13 3.10 2.92 2.67 2.30 2.05 1.96 1.98 1.98 1.90 1.82 1.74 1.69 1.70 1.75 1.83 1.97 2.08 2.02 1.79 1.55 1.44
1.35 1.29 1.15 1.03 0.94 0.85 0.72 0.60 0.54 0.50 0.45 0.42 0.40 0.40 0.41 0.43 0.45 0.48 0.51 0.55 0.58 0.61 0.65 0.68 0.71 0.74 0.77 0.81 0.84 0.88 0.91 0.95 0.98 1.02 1.04 1.07 1.13 1.18 1.23 1.28 1.34 1.35 1.27 1.25 1.43 1.74 1.93 1.84 1.57 1.34 1.13 0.96 0.95 1.05 1.19 1.42 1.78 2.27 2.72 2.88 2.86 2.84 2.75 2.58 2.45 2.26 2.02 1.91 1.86 1.85 1.81 1.74 1.65 1.55 1.50 1.54 1.64 1.73 1.78 1.80 1.76 1.70 1.71 1.73
1.37 1.29 1.16 1.04 0.96 0.90 0.77 0.62 0.54 0.50 0.47 0.44 0.42 0.41 0.42 0.44 0.46 0.49 0.52 0.55 0.58 0.62 0.65 0.68 0.72 0.75 0.78 0.81 0.85 0.88 0.92 0.96 0.99 1.02 1.05 1.10 1.16 1.22 1.26 1.29 1.29 1.25 1.24 1.33 1.54 1.77 1.79 1.58 1.35 1.14 1.01 1.03 1.16 1.32 1.52 1.82 2.27 2.79 2.97 2.79 2.62 2.49 2.34 2.30 2.28 2.14 1.95 1.82 1.76 1.74 1.71 1.65 1.54 1.43 1.43 1.57 1.76 1.90 1.95 1.95 1.95 1.99 1.99 1.98
1.39 1.29 1.14 1.05 1.00 0.93 0.82 0.68 0.55 0.51 0.48 0.45 0.43 0.43 0.43 0.45 0.47 0.50 0.53 0.56 0.59 0.63 0.66 0.69 0.73 0.76 0.79 0.82 0.85 0.89 0.92 0.96 0.99 1.02 1.06 1.12 1.18 1.24 1.25 1.25 1.25 1.28 1.35 1.43 1.57 1.68 1.57 1.31 1.05 0.85 0.85 1.07 1.40 1.69 1.97 2.35 2.81 2.97 2.68 2.30 2.09 1.97 2.00 2.22 2.27 2.08 1.86 1.71 1.63 1.59 1.56 1.49 1.39 1.35 1.45 1.65 1.86 1.99 2.03 2.06 2.11 2.13 2.10 2.08
1.43 1.29 1.10 1.04 1.01 0.94 0.85 0.75 0.60 0.52 0.49 0.47 0.45 0.44 0.45 0.47 0.49 0.51 0.54 0.57 0.61 0.64 0.67 0.70 0.74 0.76 0.79 0.82 0.86 0.89 0.92 0.96 0.99 1.03 1.07 1.12 1.16 1.19 1.20 1.22 1.25 1.34 1.41 1.47 1.56 1.57 1.38 1.09 0.88 0.83 0.99 1.34 1.61 1.83 2.17 2.66 2.88 2.60 2.14 1.85 1.67 1.64 1.95 2.32 2.25 1.98 1.80 1.68 1.59 1.53 1.47 1.39 1.35 1.40 1.53 1.67 1.79 1.89 2.02 2.14 2.15 2.04 1.96 2.01
1.48 1.29 1.06 1.02 1.01 0.92 0.85 0.80 0.68 0.55 0.50 0.48 0.47 0.46 0.47 0.49 0.51 0.53 0.55 0.59 0.62 0.64 0.67 0.70 0.74 0.76 0.79 0.83 0.86 0.90 0.93 0.96 1.00 1.04 1.08 1.11 1.14 1.17 1.20 1.22 1.28 1.37 1.44 1.49 1.52 1.45 1.22 1.05 1.11 1.35 1.67 1.88 1.98 2.09 2.40 2.70 2.53 2.07 1.73 1.56 1.53 1.68 2.14 2.44 2.21 1.96 1.81 1.68 1.58 1.53 1.50 1.49 1.51 1.56 1.62 1.66 1.70 1.77 1.92 2.05 2.03 1.95 1.92 1.94
1.51 1.33 1.06 1.00 1.01 0.91 0.82 0.81 0.74 0.60 0.52 0.50 0.49 0.49 0.49 0.51 0.53 0.54 0.57 0.60 0.62 0.65 0.68 0.71 0.74 0.77 0.80 0.83 0.87 0.90 0.93 0.97 1.01 1.04 1.08 1.11 1.15 1.18 1.21 1.24 1.31 1.42 1.49 1.49 1.45 1.34 1.22 1.24 1.50 1.82 1.98 2.01 2.09 2.27 2.51 2.55 2.17 1.75 1.53 1.49 1.59 1.86 2.33 2.52 2.25 2.03 1.88 1.75 1.67 1.66 1.69 1.70 1.69 1.66 1.66 1.68 1.69 1.70 1.79 1.86 1.89 2.00 2.13 2.12
1.45 1.38 1.14 0.97 0.99 0.92 0.80 0.80 0.77 0.66 0.56 0.52 0.51 0.51 0.52 0.53 0.55 0.56 0.58 0.61 0.63 0.66 0.69 0.72 0.75 0.78 0.81 0.84 0.88 0.91 0.94 0.98 1.01 1.05 1.08 1.11 1.14 1.18 1.21 1.26 1.33 1.42 1.43 1.36 1.29 1.28 1.31 1.46 1.73 1.88 1.85 1.88 2.00 2.18 2.40 2.34 1.93 1.63 1.58 1.67 1.84 2.14 2.55 2.62 2.36 2.18 2.05 1.98 1.97 1.99 1.93 1.78 1.64 1.62 1.69 1.73 1.73 1.78 1.89 1.94 2.02 2.23 2.39 2.41
1.36 1.37 1.23 1.00 0.95 0.91 0.80 0.77 0.78 0.72 0.62 0.55 0.53 0.54 0.54 0.55 0.56 0.58 0.60 0.62 0.65 0.68 0.70 0.73 0.76 0.78 0.82 0.85 0.88 0.91 0.95 0.98 1.02 1.05 1.08 1.12 1.15 1.18 1.22 1.25 1.30 1.32 1.28 1.23 1.24 1.30 1.41 1.61 1.78 1.78 1.77 1.91 2.05 2.16 2.35 2.18 1.78 1.64 1.72 1.92 2.22 2.57 2.79 2.69 2.41 2.20 2.09 2.07 2.09 2.04 1.83 1.61 1.59 1.70 1.79 1.82 1.86 2.00 2.15 2.23 2.35 2.46 2.47 2.45
1.33 1.33 1.27 1.09 0.96 0.91 0.81 0.74 0.74 0.76 0.69 0.59 0.56 0.57 0.56 0.57 0.58 0.60 0.62 0.64 0.66 0.69 0.71 0.74 0.77 0.80 0.83 0.86 0.89 0.92 0.95 0.99 1.02 1.05 1.09 1.12 1.15 1.18 1.22 1.25 1.27 1.27 1.25 1.27 1.33 1.42 1.54 1.67 1.72 1.70 1.74 1.90 2.00 2.14 2.28 1.99 1.71 1.73 1.91 2.21 2.56 2.80 2.79 2.57 2.24 1.99 1.89 1.87 1.80 1.63 1.52 1.63 1.84 1.96 1.99 2.02 2.11 2.30 2.44 2.51 2.52 2.46 2.38 2.35
1.34 1.31 1.24 1.14 1.02 0.93 0.84 0.74 0.71 0.77 0.73 0.62 0.60 0.59 0.57 0.59 0.60 0.61 0.63 0.65 0.67 0.70 0.73 0.75 0.78 0.80 0.83 0.86 0.90 0.93 0.96 0.99 1.03 1.06 1.09 1.12 1.16 1.19 1.22 1.25 1.27 1.29 1.31 1.34 1.39 1.46 1.53 1.57 1.59 1.59 1.65 1.78 1.89 2.08 2.16 1.89 1.80 1.96 2.26 2.58 2.76 2.74 2.58 2.35 2.08 1.89 1.78 1.70 1.56 1.47 1.62 1.93 2.08 2.14 2.21 2.31 2.47 2.65 2.74 2.72 2.61 2.46 2.32 2.18
1.36 1.30 1.21 1.13 1.05 0.97 0.89 0.79 0.74 0.78 0.73 0.64 0.62 0.62 0.60 0.61 0.62 0.63 0.64 0.67 0.69 0.71 0.73 0.77 0.79 0.81 0.84 0.87 0.90 0.94 0.97 1.00 1.03 1.06 1.10 1.13 1.16 1.19 1.22 1.25 1.28 1.30 1.33 1.36 1.39 1.43 1.44 1.45 1.46 1.47 1.54 1.70 1.91 2.11 2.11 1.87 1.85 2.07 2.43 2.67 2.68 2.58 2.44 2.24 2.03 1.88 1.81 1.74 1.69 1.78 1.98 2.12 2.19 2.28 2.41 2.55 2.73 2.89 2.90 2.79 2.63 2.46 2.27 2.04
1.36 1.30 1.20 1.13 1.05 0.98 0.92 0.85 0.80 0.78 0.72 0.64 0.63 0.65 0.64 0.63 0.63 0.65 0.66 0.68 0.70 0.72 0.75 0.78 0.80 0.82 0.85 0.88 0.91 0.95 0.97 1.01 1.04 1.07 1.10 1.14 1.17 1.20 1.23 1.26 1.29 1.32 1.34 1.37 1.40 1.41 1.43 1.44 1.45 1.48 1.56 1.75 1.98 2.10 2.02 1.82 1.83 2.12 2.44 2.54 2.49 2.43 2.31 2.14 1.95 1.88 1.89 1.85 1.86 1.97 2.09 2.17 2.30 2.47 2.60 2.71 2.85 2.88 2.71 2.52 2.38 2.28 2.17 2.04
1.34 1.30 1.20 1.13 1.06 0.99 0.95 0.90 0.84 0.79 0.72 0.65 0.65 0.69 0.67 0.65 0.65 0.66 0.68 0.70 0.72 0.75 0.78 0.79 0.80 0.83 0.86 0.89 0.92 0.95 0.98 1.01 1.05 1.08 1.11 1.14 1.17 1.20 1.23 1.27 1.30 1.32 1.35 1.38 1.41 1.43 1.46 1.49 1.53 1.56 1.62 1.74 1.92 2.00 1.90 1.77 1.89 2.20 2.39 2.37 2.30 2.20 2.08 1.97 1.91 1.90 1.86 1.77 1.81 1.96 2.10 2.24 2.44 2.60 2.71 2.83 2.88 2.69 2.40 2.22 2.13 2.08 2.01 1.94
1.33 1.29 1.21 1.13 1.07 1.01 0.96 0.93 0.88 0.82 0.75 0.70 0.70 0.71 0.68 0.67 0.68 0.69 0.70 0.71 0.73 0.76 0.78 0.79 0.80 0.83 0.86 0.90 0.93 0.96 0.99 1.02 1.05 1.09 1.12 1.15 1.18 1.21 1.24 1.27 1.30 1.33 1.36 1.39 1.42 1.45 1.49 1.53 1.56 1.60 1.62 1.66 1.80 1.87 1.72 1.64 1.88 2.16 2.21 2.14 2.04 1.96 1.92 1.90 1.89 1.88 1.81 1.74 1.84 2.08 2.25 2.40 2.57 2.68 2.75 2.80 2.68 2.44 2.29 2.20 2.10 1.99 1.86 1.78
1.31 1.28 1.22 1.15 1.08 1.02 0.99 0.96 0.91 0.85 0.79 0.73 0.72 0.72 0.70 0.70 0.71 0.71 0.71 0.72 0.74 0.76 0.77 0.78 0.81 0.84 0.87 0.91 0.94 0.97 1.00 1.03 1.06 1.09 1.13 1.16 1.19 1.22 1.25 1.28 1.31 1.34 1.37 1.40 1.44 1.47 1.51 1.54 1.57 1.60 1.61 1.66 1.80 1.81 1.63 1.64 1.90 2.06 2.06 2.01 1.93 1.94 1.98 1.96 1.89 1.83 1.79 1.87 2.08 2.28 2.40 2.53 2.67 2.75 2.77 2.69 2.48 2.33 2.30 2.23 2.13 2.01 1.88 1.83
1.30 1.27 1.22 1.16 1.10 1.05 1.02 0.99 0.92 0.86 0.82 0.77 0.74 0.73 0.72 0.72 0.73 0.74 0.73 0.74 0.76 0.77 0.78 0.80 0.83 0.86 0.90 0.93 0.95 0.98 1.01 1.04 1.07 1.10 1.13 1.16 1.20 1.23 1.26 1.29 1.32 1.35 1.38 1.41 1.45 1.48 1.51 1.54 1.57 1.60 1.65 1.74 1.85 1.85 1.76 1.81 1.97 2.05 2.05 2.08 2.11 2.12 1.99 1.72 1.53 1.46 1.52 1.90 2.28 2.44 2.51 2.62 2.76 2.80 2.76 2.62 2.51 2.47 2.45 2.37 2.27 2.15 2.12 2.26
1.29 1.27 1.23 1.18 1.12 1.07 1.03 0.99 0.93 0.88 0.85 0.81 0.77 0.75 0.73 0.75 0.77 0.77 0.77 0.77 0.78 0.78 0.79 0.81 0.84 0.87 0.91 0.93 0.95 0.98 1.02 1.05 1.08 1.11 1.14 1.17 1.20 1.24 1.27 1.29 1.33 1.36 1.39 1.42 1.45 1.48 1.51 1.54 1.58 1.62 1.68 1.75 1.83 1.86 1.83 1.88 2.03 2.11 2.15 2.22 2.18 1.93 1.50 1.16 1.13 1.27 1.64 2.14 2.42 2.53 2.63 2.74 2.84 2.82 2.72 2.65 2.69 2.74 2.71 2.61 2.48 2.41 2.51 2.80
1.27 1.27 1.25 1.21 1.14 1.08 1.03 0.98 0.94 0.89 0.87 0.86 0.80 0.75 0.76 0.78 0.79 0.79 0.79 0.79 0.80 0.80 0.80 0.83 0.84 0.88 0.92 0.94 0.97 1.01 1.03 1.06 1.09 1.12 1.15 1.18 1.21 1.24 1.27 1.31 1.34 1.37 1.40 1.43 1.46 1.49 1.52 1.55 1.59 1.63 1.67 1.72 1.77 1.80 1.78 1.89 2.09 2.19 2.22 2.17 1.84 1.35 1.19 1.36 1.69 1.99 2.30 2.47 2.50 2.56 2.66 2.77 2.82 2.73 2.67 2.75 2.85 2.84 2.74 2.62 2.55 2.65 2.96 3.48
1.21 1.25 1.28 1.22 1.15 1.11 1.04 0.98 0.96 0.93 0.92 0.90 0.81 0.77 0.78 0.79 0.80 0.80 0.80 0.83 0.86 0.85 0.85 0.86 0.87 0.90 0.93 0.96 0.98 1.02 1.04 1.06 1.10 1.13 1.16 1.19 1.22 1.25 1.28 1.31 1.34 1.37 1.40 1.44 1.47 1.49 1.52 1.56 1.59 1.63 1.66 1.69 1.73 1.74 1.75 1.87 2.04 2.09 2.05 1.87 1.51 1.41 1.73 2.14 2.39 2.54 2.57 2.51 2.49 2.53 2.60 2.70 2.74 2.71 2.77 2.83 2.82 2.73 2.65 2.69 2.93 3.36 4.03 4.89
1.15 1.25 1.31 1.23 1.20 1.18 1.07 0.97 0.97 0.98 0.97 0.91 0.84 0.81 0.80 0.79 0.80 0.82 0.84 0.88 0.89 0.89 0.91 0.93 0.92 0.92 0.91 0.92 0.95 0.99 1.03 1.06 1.10 1.13 1.17 1.20 1.23 1.26 1.29 1.32 1.35 1.38 1.41 1.44 1.47 1.50 1.53 1.56 1.59 1.62 1.65 1.68 1.70 1.72 1.74 1.80 1.84 1.81 1.71 1.58 1.50 1.73 2.09 2.34 2.48 2.53 2.48 2.42 2.43 2.49 2.54 2.61 2.65 2.70 2.75 2.75 2.70 2.67 2.77 3.10 3.65 4.29 4.98 5.34
1.21 1.32 1.38 1.30 1.31 1.29 1.11 0.97 0.98 1.05 1.02 0.93 0.88 0.86 0.82 0.80 0.83 0.86 0.88 0.88 0.85 0.87 0.94 0.98 0.98 0.95 0.90 0.89 0.93 0.97 1.02 1.06 1.10 1.14 1.17 1.21 1.24 1.27 1.30 1.33 1.36 1.39 1.42 1.45 1.48 1.50 1.53 1.56 1.59 1.62 1.65 1.67 1.69 1.71 1.73 1.73 1.71 1.65 1.58 1.51 1.52 1.74 2.03 2.21 2.31 2.32 2.33 2.40 2.49 2.53 2.52 2.52 2.57 2.59 2.55 2.56 2.58 2.60 2.82 3.26 3.77 4.25 4.46 3.97
1.33 1.40 1.44 1.39 1.39 1.32 1.11 1.00 1.10 1.21 1.18 1.09 1.03 0.98 0.93 0.90 0.89 0.89 0.88 0.86 0.85 0.89 0.93 0.96 0.97 0.92 0.89 0.92 0.96 0.99 1.02 1.06 1.11 1.14 1.18 1.22 1.25 1.28 1.31 1.34 1.37 1.40 1.42 1.45 1.48 1.51 1.54 1.56 1.59 1.62 1.64 1.67 1.69 1.71 1.72 1.72 1.70 1.66 1.62 1.57 1.56 1.70 1.92 2.03 2.01 1.99 2.13 2.35 2.50 2.53 2.45 2.48 2.61 2.59 2.50 2.45 2.40 2.48 2.74 3.14 3.44 3.50 3.12 2.77
1.42 1.43 1.42 1.38 1.34 1.23 1.02 1.00 1.19 1.29 1.20 1.10 1.07 1.03 1.00 0.97 0.96 0.93 0.89 0.86 0.88 0.89 0.91 0.92 0.88 0.86 0.93 1.00 1.03 1.04 1.05 1.07 1.11 1.15 1.18 1.22 1.25 1.28 1.32 1.34 1.37 1.40 1.43 1.46 1.48 1.51 1.54 1.57 1.59 1.62 1.64 1.67 1.69 1.71 1.72 1.72 1.72 1.70 1.68 1.66 1.66 1.72 1.78 1.75 1.69 1.73 1.89 2.04 2.15 2.20 2.31 2.56 2.68 2.55 2.41 2.31 2.32 2.45 2.66 2.85 2.85 2.57 2.26 2.69
1.45 1.42 1.38 1.34 1.27 1.18 1.04 1.00 1.16 1.20 0.96 0.83 0.83 0.82 0.85 0.88 0.91 0.94 0.94 0.93 0.90 0.89 0.91 0.91 0.89 0.95 1.08 1.16 1.16 1.12 1.11 1.11 1.12 1.15 1.18 1.22 1.26 1.29 1.32 1.35 1.38 1.40 1.43 1.46 1.49 1.51 1.54 1.57 1.59 1.62 1.65 1.67 1.69 1.71 1.72 1.73 1.73 1.73 1.73 1.73 1.74 1.76 1.74 1.69 1.67 1.70 1.70 1.71 1.74 1.86 2.19 2.50 2.50 2.28 2.17 2.20 2.33 2.44 2.48 2.36 2.16 2.02 2.29 3.26
1.43 1.41 1.36 1.28 1.22 1.17 1.10 1.07 1.14 1.08 0.83 0.74 0.74 0.72 0.74 0.77 0.82 0.88 0.93 0.96 0.97 0.99 1.00 0.99 1.00 1.05 1.12 1.17 1.19 1.20 1.20 1.18 1.16 1.16 1.19 1.23 1.27 1.30 1.33 1.35 1.38 1.41 1.44 1.46 1.49 1.52 1.55 1.57 1.60 1.62 1.65 1.67 1.69 1.71 1.73 1.74 1.75 1.76 1.77 1.77 1.78 1.79 1.80 1.79 1.78 1.75 1.70 1.67 1.68 1.80 1.99 2.09 1.99 1.75 1.81 1.97 2.17 2.25 2.18 2.02 1.94 2.17 2.92 3.79
1.40 1.39 1.32 1.23 1.19 1.17 1.13 1.10 1.09 0.99 0.85 0.81 0.79 0.77 0.77 0.79 0.82 0.86 0.88 0.92 0.99 1.06 1.08 1.09 1.09 1.09 1.13 1.15 1.17 1.21 1.22 1.22 1.22 1.23 1.24 1.26 1.27 1.29 1.33 1.36 1.39 1.41 1.44 1.47 1.49 1.52 1.54 1.57 1.60 1.63 1.65 1.68 1.70 1.72 1.74 1.75 1.76 1.78 1.79 1.80 1.82 1.83 1.84 1.83 1.82 1.81 1.80 1.80 1.82 1.84 1.81 1.72 1.54 1.44 1.61 1.83 2.00 2.04 1.96 1.95 2.13 2.74 3.68 3.78
1.35 1.33 1.25 1.16 1.15 1.15 1.12 1.09 1.04 0.96 0.90 0.87 0.84 0.82 0.84 0.85 0.87 0.88 0.89 0.92 0.96 1.00 1.04 1.06 1.08 1.11 1.14 1.15 1.16 1.18 1.21 1.25 1.30 1.34 1.34 1.32 1.31 1.32 1.34 1.38 1.40 1.42 1.44 1.47 1.49 1.52 1.55 1.58 1.60 1.63 1.65 1.68 1.70 1.72 1.75 1.77 1.78 1.80 1.81 1.82 1.84 1.85 1.86 1.87 1.87 1.87 1.88 1.90 1.91 1.88 1.79 1.70 1.61 1.61 1.76 1.96 2.07 2.03 1.94 2.08 2.67 3.57 3.95 3.01
1.23 1.22 1.17 1.10 1.10 1.13 1.11 1.06 1.02 0.97 0.93 0.90 0.87 0.86 0.88 0.89 0.90 0.92 0.94 0.95 0.96 0.96 0.98 1.01 1.04 1.07 1.09 1.13 1.17 1.21 1.25 1.29 1.32 1.32 1.30 1.30 1.31 1.34 1.37 1.38 1.40 1.42 1.45 1.47 1.49 1.52 1.55 1.57 1.60 1.63 1.66 1.68 1.71 1.73 1.76 1.78 1.80 1.81 1.83 1.85 1.86 1.87 1.88 1.89 1.90 1.92 1.94 1.95 1.95 1.91 1.88 1.86 1.86 1.88 1.95 2.07 2.12 2.07 2.10 2.46 3.35 3.85 3.23 1.69
