windninja/windninja_output/Output_2025-08-09_1700-1750_Google earth_Fire_150m_10min/merlingen_7.5mi_point_08-09-2025_1710_150m_vel.asc
ncols	158
nrows	163
xllcorner	391686.332397
yllcorner	5160024.123721
cellsize	150.000000
NODATA_value	-32768.000000
[rows 76 to 113 of 163, columns 0 to 83 of 158]
1.03 1.05 1.07 1.03 1.05 1.11 1.10 1.05 1.02 0.99 0.96 0.93 0.90 0.91 0.91 0.91 0.92 0.94 0.95 0.96 0.97 0.99 1.00 1.02 1.03 1.01 1.02 1.10 1.18 1.23 1.25 1.24 1.21 1.17 1.16 1.21 1.27 1.33 1.37 1.39 1.40 1.42 1.44 1.46 1.49 1.51 1.54 1.57 1.60 1.63 1.66 1.69 1.72 1.74 1.77 1.79 1.81 1.83 1.84 1.86 1.88 1.89 1.91 1.92 1.94 1.96 1.97 1.97 1.97 1.97 1.97 1.98 1.99 1.99 2.02 2.07 2.06 2.06 2.29 2.87 3.41 3.05 1.86 0.73
0.80 0.83 0.91 0.96 1.04 1.10 1.08 1.06 1.06 1.04 1.01 0.97 0.94 0.95 0.94 0.92 0.94 0.96 0.97 0.97 0.98 1.01 1.04 1.06 1.03 0.99 1.02 1.11 1.14 1.15 1.15 1.15 1.15 1.18 1.25 1.30 1.33 1.35 1.37 1.40 1.42 1.43 1.44 1.46 1.49 1.51 1.54 1.56 1.59 1.62 1.66 1.69 1.72 1.75 1.78 1.80 1.82 1.84 1.86 1.88 1.89 1.91 1.93 1.95 1.97 1.98 2.00 2.00 2.01 2.03 2.04 2.05 2.05 2.05 2.07 2.08 2.03 2.04 2.30 2.79 2.83 1.90 0.84 0.65
0.57 0.48 0.68 0.95 1.06 1.10 1.12 1.14 1.18 1.16 1.09 1.01 0.98 0.97 0.96 0.96 0.97 0.99 0.98 0.98 1.00 1.03 1.06 1.06 1.02 1.02 1.09 1.14 1.15 1.14 1.15 1.21 1.29 1.36 1.41 1.43 1.41 1.38 1.37 1.38 1.39 1.41 1.43 1.45 1.47 1.49 1.51 1.54 1.58 1.62 1.66 1.70 1.73 1.76 1.79 1.81 1.83 1.85 1.88 1.90 1.92 1.93 1.95 1.97 1.99 2.01 2.02 2.04 2.06 2.07 2.08 2.08 2.09 2.10 2.11 2.11 2.08 2.10 2.28 2.49 2.14 1.17 0.84 0.95
0.67 0.36 0.47 0.92 1.27 1.35 1.31 1.30 1.36 1.28 1.13 1.04 1.02 1.01 1.00 0.99 1.00 1.00 0.98 0.98 1.00 1.03 1.06 1.04 1.02 1.08 1.18 1.23 1.23 1.22 1.25 1.32 1.39 1.41 1.43 1.46 1.47 1.43 1.39 1.37 1.35 1.35 1.37 1.39 1.41 1.43 1.46 1.49 1.54 1.59 1.65 1.70 1.74 1.77 1.80 1.82 1.84 1.86 1.88 1.91 1.93 1.95 1.97 1.99 2.01 2.03 2.05 2.07 2.09 2.10 2.11 2.11 2.13 2.14 2.16 2.16 2.16 2.19 2.26 2.21 1.68 1.19 1.32 1.65
0.96 0.68 0.68 1.15 1.78 2.21 1.92 1.66 1.57 1.36 1.15 1.06 1.05 1.03 1.02 1.00 1.00 0.99 0.97 0.98 1.01 1.04 1.05 1.05 1.06 1.13 1.23 1.27 1.28 1.29 1.33 1.40 1.46 1.52 1.54 1.52 1.48 1.46 1.46 1.43 1.36 1.30 1.29 1.29 1.31 1.34 1.37 1.40 1.46 1.55 1.63 1.69 1.74 1.78 1.81 1.83 1.86 1.88 1.90 1.92 1.94 1.96 1.98 2.01 2.03 2.05 2.08 2.10 2.11 2.13 2.14 2.15 2.18 2.20 2.21 2.23 2.24 2.23 2.21 2.06 1.72 1.68 1.90 2.06
1.10 0.65 0.91 1.64 2.37 2.40 2.10 1.91 1.69 1.41 1.19 1.08 1.05 1.02 1.00 0.98 0.96 0.95 0.95 0.98 1.01 1.05 1.07 1.09 1.09 1.13 1.20 1.25 1.28 1.34 1.40 1.47 1.52 1.57 1.60 1.57 1.52 1.50 1.52 1.51 1.45 1.37 1.28 1.21 1.17 1.18 1.17 1.20 1.29 1.44 1.58 1.69 1.77 1.80 1.82 1.84 1.86 1.88 1.91 1.93 1.96 1.98 2.00 2.03 2.05 2.07 2.10 2.12 2.13 2.15 2.17 2.19 2.21 2.24 2.26 2.28 2.29 2.29 2.27 2.18 2.10 2.15 2.16 2.09
1.00 0.62 1.46 2.44 2.60 1.85 1.54 1.59 1.49 1.30 1.12 1.02 1.00 0.99 0.97 0.94 0.92 0.92 0.94 0.96 1.01 1.05 1.08 1.10 1.10 1.15 1.23 1.27 1.31 1.35 1.38 1.39 1.35 1.33 1.35 1.42 1.51 1.54 1.54 1.55 1.56 1.54 1.50 1.47 1.44 1.42 1.43 1.48 1.61 1.70 1.74 1.76 1.77 1.81 1.84 1.86 1.87 1.89 1.91 1.93 1.96 1.99 2.01 2.04 2.07 2.09 2.11 2.13 2.15 2.17 2.20 2.22 2.25 2.27 2.30 2.32 2.34 2.35 2.35 2.32 2.28 2.22 2.20 2.31
1.59 1.94 2.50 2.57 2.05 1.36 1.16 1.13 1.07 0.96 0.87 0.88 0.90 0.90 0.89 0.86 0.85 0.88 0.91 0.94 1.00 1.04 1.08 1.10 1.14 1.25 1.33 1.35 1.34 1.33 1.33 1.31 1.25 1.20 1.17 1.19 1.27 1.38 1.48 1.51 1.53 1.61 1.74 1.87 1.97 2.06 2.13 2.22 2.31 2.33 2.23 2.07 1.96 1.92 1.88 1.86 1.87 1.89 1.92 1.95 1.97 2.00 2.03 2.05 2.08 2.10 2.13 2.15 2.17 2.20 2.23 2.25 2.28 2.31 2.34 2.37 2.39 2.40 2.40 2.37 2.27 2.22 2.37 2.89
2.17 2.22 2.11 1.64 1.23 1.02 0.82 0.66 0.58 0.60 0.69 0.79 0.81 0.82 0.82 0.80 0.81 0.85 0.89 0.94 1.00 1.04 1.08 1.13 1.22 1.31 1.36 1.35 1.33 1.34 1.36 1.34 1.30 1.23 1.16 1.13 1.15 1.21 1.28 1.36 1.45 1.57 1.69 1.78 1.86 1.92 1.99 2.09 2.16 2.17 2.17 2.17 2.10 1.97 1.87 1.84 1.86 1.88 1.91 1.95 1.98 2.01 2.04 2.06 2.09 2.12 2.14 2.17 2.19 2.22 2.24 2.27 2.30 2.33 2.37 2.40 2.43 2.46 2.48 2.47 2.44 2.50 2.74 3.39
2.38 1.80 1.14 0.91 0.74 0.58 0.39 0.32 0.39 0.55 0.70 0.76 0.77 0.80 0.81 0.80 0.79 0.83 0.87 0.91 0.97 1.00 1.07 1.18 1.26 1.28 1.26 1.24 1.28 1.34 1.35 1.33 1.33 1.32 1.31 1.31 1.29 1.24 1.22 1.29 1.42 1.52 1.57 1.58 1.57 1.58 1.62 1.68 1.71 1.69 1.70 1.74 1.75 1.76 1.78 1.80 1.84 1.87 1.90 1.94 1.98 2.01 2.05 2.08 2.10 2.13 2.15 2.18 2.21 2.23 2.26 2.29 2.32 2.36 2.40 2.43 2.47 2.52 2.57 2.65 2.75 2.95 3.30 3.97
2.33 1.62 0.86 0.69 0.48 0.29 0.22 0.33 0.53 0.70 0.76 0.74 0.75 0.78 0.79 0.77 0.75 0.77 0.80 0.84 0.89 0.93 1.04 1.21 1.31 1.31 1.28 1.28 1.31 1.31 1.28 1.30 1.37 1.46 1.57 1.63 1.59 1.51 1.44 1.40 1.42 1.48 1.53 1.55 1.55 1.55 1.58 1.59 1.58 1.54 1.49 1.47 1.51 1.59 1.67 1.74 1.79 1.84 1.89 1.94 1.99 2.03 2.06 2.09 2.11 2.14 2.16 2.19 2.21 2.24 2.27 2.30 2.34 2.38 2.42 2.46 2.51 2.59 2.68 2.81 3.00 3.35 3.92 4.69
1.81 1.26 0.76 0.64 0.49 0.43 0.50 0.68 0.83 0.85 0.74 0.70 0.75 0.76 0.75 0.73 0.69 0.71 0.75 0.83 0.89 0.96 1.19 1.52 1.63 1.54 1.46 1.44 1.40 1.32 1.28 1.29 1.33 1.40 1.51 1.61 1.70 1.77 1.77 1.71 1.61 1.54 1.52 1.53 1.55 1.56 1.58 1.58 1.54 1.47 1.40 1.42 1.45 1.48 1.55 1.62 1.69 1.77 1.86 1.94 1.99 2.04 2.07 2.10 2.12 2.15 2.17 2.19 2.22 2.25 2.28 2.31 2.35 2.39 2.43 2.48 2.55 2.64 2.74 2.88 3.10 3.48 4.04 4.74
1.19 1.08 0.96 0.94 0.90 0.93 1.01 1.03 0.95 0.81 0.71 0.77 0.85 0.83 0.82 0.77 0.68 0.70 0.81 0.97 1.10 1.32 1.91 2.30 2.10 1.73 1.55 1.47 1.39 1.33 1.31 1.30 1.30 1.29 1.29 1.34 1.44 1.58 1.70 1.76 1.76 1.69 1.61 1.59 1.61 1.65 1.65 1.61 1.57 1.54 1.52 1.49 1.47 1.51 1.58 1.61 1.65 1.72 1.81 1.91 2.01 2.06 2.09 2.11 2.13 2.15 2.17 2.19 2.22 2.25 2.28 2.32 2.35 2.40 2.44 2.50 2.58 2.66 2.75 2.87 3.06 3.33 3.68 4.23
1.31 1.42 1.46 1.29 1.17 1.14 1.14 1.08 0.94 0.84 0.91 1.01 0.99 0.91 0.81 0.71 0.69 0.78 1.00 1.30 1.63 2.27 2.79 2.60 2.00 1.63 1.48 1.40 1.35 1.33 1.32 1.32 1.32 1.30 1.28 1.27 1.26 1.28 1.34 1.42 1.51 1.59 1.63 1.62 1.62 1.65 1.65 1.64 1.62 1.64 1.67 1.69 1.74 1.81 1.83 1.80 1.73 1.67 1.75 1.95 2.07 2.10 2.11 2.11 2.13 2.15 2.17 2.19 2.22 2.25 2.28 2.32 2.36 2.40 2.45 2.51 2.57 2.64 2.73 2.85 3.01 3.18 3.34 3.60
1.58 1.61 1.46 1.17 1.08 1.09 1.09 1.09 1.11 1.20 1.32 1.27 1.10 0.94 0.80 0.73 0.82 0.97 1.25 1.84 2.63 3.17 2.97 2.22 1.69 1.49 1.41 1.35 1.31 1.29 1.29 1.30 1.30 1.32 1.33 1.33 1.29 1.28 1.32 1.38 1.42 1.43 1.45 1.48 1.51 1.53 1.55 1.60 1.64 1.66 1.72 1.83 1.95 2.02 1.98 1.87 1.76 1.78 2.05 2.25 2.23 2.15 2.12 2.11 2.12 2.14 2.16 2.19 2.22 2.25 2.28 2.31 2.35 2.39 2.44 2.50 2.55 2.62 2.71 2.82 2.95 3.07 3.16 3.30
1.68 1.63 1.56 1.51 1.53 1.47 1.43 1.52 1.62 1.69 1.69 1.54 1.34 1.20 1.15 1.15 1.18 1.24 1.50 2.46 3.34 3.27 2.39 1.82 1.53 1.39 1.31 1.26 1.23 1.22 1.22 1.23 1.25 1.28 1.32 1.37 1.38 1.39 1.43 1.49 1.52 1.47 1.41 1.40 1.42 1.43 1.44 1.48 1.53 1.62 1.72 1.83 1.94 2.01 2.01 2.00 2.13 2.46 2.73 2.66 2.39 2.19 2.12 2.10 2.11 2.13 2.15 2.18 2.21 2.24 2.27 2.30 2.34 2.38 2.43 2.47 2.53 2.60 2.68 2.78 2.88 2.97 3.11 3.31
1.91 1.96 2.16 2.37 2.51 2.58 2.78 3.03 3.03 2.83 2.37 1.96 1.68 1.52 1.41 1.42 1.57 1.85 2.51 3.41 3.43 2.46 1.68 1.41 1.28 1.20 1.16 1.14 1.14 1.15 1.14 1.16 1.21 1.26 1.32 1.37 1.41 1.44 1.45 1.44 1.45 1.47 1.45 1.39 1.35 1.32 1.29 1.29 1.33 1.43 1.56 1.74 1.87 1.93 1.99 2.23 2.61 2.84 2.78 2.52 2.31 2.17 2.10 2.08 2.09 2.11 2.14 2.17 2.19 2.22 2.25 2.29 2.32 2.37 2.41 2.45 2.51 2.57 2.63 2.71 2.79 2.89 3.02 3.17
2.27 2.33 2.55 2.79 3.08 3.39 3.70 4.00 4.06 3.85 3.59 3.38 3.21 3.21 3.12 2.99 3.11 3.51 3.80 3.61 2.91 1.73 1.29 1.15 1.11 1.07 1.07 1.08 1.08 1.07 1.05 1.07 1.13 1.23 1.30 1.34 1.36 1.40 1.44 1.44 1.43 1.45 1.48 1.43 1.32 1.22 1.19 1.23 1.31 1.39 1.55 1.81 1.92 1.90 1.93 2.11 2.30 2.22 2.03 1.94 1.98 2.02 2.02 2.02 2.05 2.08 2.12 2.14 2.17 2.20 2.23 2.27 2.31 2.34 2.38 2.42 2.47 2.53 2.59 2.64 2.71 2.79 2.87 2.96
2.71 2.62 2.61 2.75 2.97 3.09 3.14 3.22 3.30 3.60 3.85 4.10 4.31 4.41 4.43 4.23 4.11 4.05 3.52 2.52 1.98 1.57 1.25 1.07 0.99 0.99 1.02 1.03 1.02 0.98 0.93 0.99 1.13 1.24 1.28 1.30 1.33 1.37 1.42 1.46 1.50 1.55 1.65 1.70 1.59 1.46 1.40 1.42 1.52 1.70 2.03 2.26 2.09 1.92 1.88 1.89 1.86 1.74 1.66 1.68 1.75 1.83 1.89 1.96 2.01 2.06 2.08 2.11 2.13 2.17 2.21 2.25 2.28 2.31 2.35 2.39 2.43 2.48 2.53 2.59 2.64 2.69 2.75 2.81
3.11 2.80 2.55 2.64 2.68 2.51 2.24 2.10 2.18 2.52 2.71 2.79 2.76 2.34 2.41 2.43 2.69 2.40 2.15 1.59 1.47 1.27 1.05 0.85 0.77 0.84 0.91 0.95 0.97 1.00 1.06 1.21 1.33 1.31 1.25 1.24 1.29 1.35 1.40 1.45 1.51 1.61 1.74 1.91 2.04 2.09 2.06 2.05 2.16 2.47 2.74 2.58 2.15 1.90 1.83 1.83 1.82 1.77 1.70 1.69 1.71 1.74 1.82 1.91 1.98 2.01 2.04 2.07 2.12 2.16 2.20 2.22 2.24 2.27 2.31 2.35 2.39 2.44 2.48 2.52 2.56 2.61 2.65 2.67
3.52 3.09 2.69 2.66 2.49 2.11 1.78 1.59 1.47 1.36 1.19 1.16 1.02 0.96 0.94 0.99 1.13 1.24 1.25 1.03 0.91 0.95 0.84 0.60 0.51 0.66 0.79 0.89 0.96 1.09 1.30 1.41 1.34 1.22 1.15 1.18 1.23 1.29 1.36 1.41 1.47 1.56 1.66 1.83 2.11 2.40 2.61 2.79 2.94 2.98 2.71 2.24 1.93 1.81 1.78 1.77 1.75 1.70 1.65 1.64 1.66 1.70 1.78 1.86 1.92 1.96 2.01 2.06 2.11 2.14 2.15 2.17 2.19 2.23 2.27 2.31 2.35 2.39 2.42 2.46 2.50 2.53 2.55 2.57
4.09 3.54 2.82 2.39 1.95 1.59 1.38 1.21 1.04 0.85 0.68 0.41 0.29 0.59 0.61 0.69 0.76 0.89 0.96 0.88 0.91 0.95 0.75 0.36 0.46 0.69 0.80 0.86 0.94 1.03 1.08 1.04 0.99 0.98 1.01 1.06 1.13 1.22 1.31 1.39 1.47 1.54 1.60 1.72 1.88 2.09 2.32 2.52 2.53 2.24 1.85 1.70 1.69 1.71 1.72 1.69 1.63 1.59 1.56 1.56 1.56 1.60 1.70 1.80 1.88 1.94 1.99 2.04 2.07 2.08 2.09 2.12 2.16 2.19 2.23 2.26 2.30 2.33 2.37 2.40 2.43 2.46 2.48 2.49
4.65 3.81 2.49 1.73 1.29 1.09 0.95 0.85 0.72 0.56 0.32 0.17 0.07 0.17 0.23 0.27 0.36 0.50 0.72 0.92 0.97 0.88 0.69 0.75 1.04 1.01 0.88 0.81 0.80 0.78 0.75 0.72 0.74 0.82 0.89 0.96 1.05 1.17 1.28 1.38 1.47 1.54 1.60 1.66 1.68 1.68 1.75 1.81 1.70 1.51 1.46 1.54 1.61 1.64 1.66 1.68 1.68 1.65 1.62 1.57 1.52 1.52 1.61 1.72 1.80 1.88 1.95 1.99 2.00 2.02 2.05 2.08 2.12 2.15 2.18 2.21 2.25 2.28 2.31 2.34 2.37 2.40 2.42 2.42
4.84 3.63 2.08 1.44 1.05 0.80 0.54 0.38 0.27 0.13 0.07 0.12 0.18 0.24 0.30 0.39 0.51 0.66 0.74 0.76 0.76 1.02 1.42 1.59 1.44 1.06 0.79 0.66 0.60 0.57 0.58 0.61 0.65 0.74 0.85 0.98 1.11 1.21 1.29 1.37 1.45 1.53 1.62 1.68 1.71 1.76 1.80 1.76 1.67 1.61 1.63 1.68 1.73 1.77 1.77 1.79 1.78 1.73 1.69 1.67 1.65 1.64 1.66 1.69 1.73 1.81 1.88 1.93 1.95 1.97 2.00 2.03 2.06 2.09 2.13 2.16 2.19 2.23 2.26 2.30 2.32 2.34 2.36 2.37
4.11 3.14 1.90 1.37 0.97 0.70 0.51 0.35 0.26 0.22 0.22 0.25 0.30 0.36 0.47 0.57 0.66 0.71 0.59 0.47 0.80 1.33 1.48 1.21 0.93 0.74 0.57 0.47 0.41 0.39 0.41 0.45 0.53 0.67 0.83 0.99 1.13 1.23 1.33 1.43 1.49 1.57 1.64 1.70 1.80 1.86 1.86 1.82 1.79 1.80 1.83 1.86 1.89 1.96 2.01 1.98 1.89 1.82 1.81 1.80 1.81 1.83 1.83 1.81 1.83 1.85 1.88 1.90 1.90 1.91 1.93 1.96 1.99 2.03 2.07 2.10 2.14 2.17 2.21 2.24 2.27 2.29 2.31 2.32
3.18 2.55 1.71 1.23 0.82 0.59 0.48 0.37 0.26 0.22 0.20 0.20 0.23 0.30 0.36 0.39 0.53 0.68 0.69 0.90 1.18 1.23 0.85 0.72 0.68 0.56 0.40 0.26 0.17 0.15 0.23 0.36 0.50 0.67 0.83 0.94 1.05 1.18 1.36 1.48 1.54 1.58 1.62 1.69 1.75 1.76 1.78 1.81 1.84 1.91 1.97 1.99 1.98 1.98 2.02 2.03 2.02 2.05 2.01 1.90 1.84 1.84 1.89 1.96 1.99 1.98 1.94 1.87 1.79 1.78 1.81 1.87 1.92 1.97 2.00 2.04 2.07 2.11 2.15 2.18 2.22 2.24 2.26 2.27
2.46 2.05 1.44 1.01 0.68 0.47 0.38 0.30 0.20 0.12 0.09 0.09 0.14 0.25 0.54 0.88 1.08 1.26 1.39 1.41 1.25 0.73 0.66 0.74 0.67 0.54 0.37 0.21 0.07 0.05 0.21 0.39 0.55 0.71 0.85 0.95 1.06 1.22 1.39 1.46 1.49 1.54 1.61 1.69 1.77 1.89 2.01 2.06 2.07 2.05 2.02 2.03 2.08 2.09 2.08 2.08 2.15 2.19 2.15 2.09 2.04 2.02 2.04 2.05 2.04 2.02 1.94 1.81 1.68 1.62 1.67 1.77 1.84 1.87 1.91 1.95 2.00 2.05 2.09 2.13 2.16 2.19 2.21 2.22
1.96 1.69 1.20 0.85 0.60 0.41 0.29 0.21 0.14 0.05 0.02 0.05 0.15 0.33 0.60 0.84 1.04 1.17 1.26 1.19 0.85 0.69 0.77 0.76 0.69 0.60 0.46 0.28 0.08 0.10 0.28 0.44 0.58 0.72 0.86 1.00 1.15 1.30 1.39 1.41 1.42 1.49 1.60 1.71 1.82 1.94 2.03 2.08 2.08 2.04 2.03 2.06 2.14 2.24 2.33 2.34 2.29 2.23 2.24 2.29 2.33 2.31 2.23 2.16 2.12 2.05 1.92 1.79 1.68 1.62 1.66 1.72 1.72 1.74 1.78 1.83 1.90 1.97 2.02 2.06 2.11 2.14 2.17 2.18
1.68 1.46 1.06 0.77 0.54 0.36 0.24 0.14 0.08 0.05 0.01 0.05 0.13 0.22 0.28 0.31 0.40 0.50 0.46 0.49 0.69 0.80 0.81 0.80 0.75 0.65 0.55 0.40 0.21 0.21 0.33 0.44 0.60 0.75 0.89 1.06 1.22 1.33 1.42 1.45 1.48 1.54 1.64 1.74 1.83 1.87 1.91 1.94 1.97 2.03 2.11 2.18 2.21 2.24 2.30 2.36 2.39 2.35 2.32 2.31 2.29 2.24 2.20 2.22 2.20 2.11 2.00 1.90 1.82 1.80 1.79 1.70 1.58 1.52 1.54 1.64 1.78 1.88 1.94 1.99 2.05 2.10 2.13 2.14
1.51 1.33 0.98 0.72 0.50 0.33 0.22 0.11 0.04 0.02 0.02 0.03 0.09 0.13 0.14 0.12 0.03 0.15 0.34 0.54 0.66 0.71 0.78 0.85 0.82 0.77 0.72 0.61 0.44 0.33 0.34 0.48 0.67 0.79 0.92 1.14 1.34 1.45 1.55 1.61 1.63 1.63 1.69 1.81 1.86 1.90 1.95 1.97 2.04 2.18 2.33 2.41 2.44 2.38 2.29 2.28 2.33 2.38 2.38 2.32 2.24 2.17 2.15 2.15 2.11 2.07 2.05 2.02 1.96 1.91 1.86 1.76 1.63 1.51 1.52 1.67 1.79 1.79 1.79 1.88 2.00 2.07 2.09 2.09
1.52 1.33 1.03 0.83 0.65 0.49 0.34 0.25 0.20 0.21 0.26 0.29 0.28 0.24 0.15 0.06 0.06 0.21 0.36 0.47 0.56 0.61 0.68 0.82 0.93 0.93 0.90 0.84 0.70 0.55 0.54 0.67 0.76 0.81 1.02 1.37 1.58 1.64 1.68 1.72 1.71 1.70 1.79 1.89 1.92 1.96 2.00 2.02 2.10 2.24 2.41 2.53 2.59 2.60 2.54 2.41 2.32 2.31 2.34 2.33 2.27 2.24 2.25 2.22 2.15 2.11 2.06 2.00 1.98 1.95 1.87 1.81 1.83 1.86 1.91 1.97 1.93 1.79 1.77 1.92 2.07 2.09 2.06 2.05
1.68 1.51 1.22 1.02 0.85 0.72 0.65 0.66 0.74 0.89 0.98 0.96 0.85 0.65 0.41 0.23 0.18 0.25 0.35 0.44 0.53 0.61 0.64 0.76 0.99 1.10 1.09 1.08 1.04 0.90 0.88 0.88 0.85 0.90 1.32 1.73 1.81 1.69 1.69 1.78 1.78 1.81 1.93 2.00 2.03 2.09 2.11 2.15 2.20 2.23 2.28 2.33 2.43 2.55 2.63 2.61 2.50 2.40 2.35 2.33 2.30 2.28 2.30 2.31 2.29 2.21 2.10 2.01 1.97 1.95 1.92 1.89 1.93 2.00 2.04 2.04 2.01 2.00 2.08 2.17 2.18 2.09 2.03 2.01
1.84 1.69 1.44 1.28 1.21 1.26 1.44 1.50 1.54 1.46 1.29 1.07 0.85 0.72 0.60 0.48 0.41 0.43 0.48 0.51 0.55 0.67 0.72 0.73 0.90 1.12 1.23 1.31 1.33 1.25 1.16 1.07 1.02 1.16 1.71 1.97 1.80 1.68 1.83 1.98 1.91 1.91 2.07 2.15 2.18 2.21 2.25 2.30 2.31 2.30 2.30 2.28 2.31 2.39 2.51 2.61 2.63 2.57 2.51 2.50 2.48 2.43 2.36 2.31 2.23 2.16 2.11 2.06 2.00 1.98 1.98 1.97 1.97 2.01 2.07 2.12 2.14 2.17 2.18 2.16 2.11 2.04 2.00 1.97
1.98 1.83 1.66 1.67 1.77 1.84 1.83 1.71 1.48 1.19 1.02 0.93 0.84 0.78 0.73 0.68 0.66 0.72 0.80 0.83 0.76 0.73 0.76 0.75 0.83 1.07 1.30 1.39 1.41 1.41 1.43 1.39 1.35 1.47 1.80 1.88 1.74 1.88 2.23 2.17 1.84 1.89 2.19 2.24 2.21 2.30 2.38 2.34 2.31 2.34 2.43 2.50 2.50 2.46 2.44 2.51 2.62 2.68 2.69 2.72 2.73 2.69 2.56 2.35 2.16 2.04 2.01 2.05 2.06 2.00 1.94 1.98 2.10 2.16 2.20 2.23 2.23 2.15 2.03 1.99 2.00 2.02 2.00 1.92
2.16 2.02 1.86 1.81 1.70 1.51 1.29 1.12 1.01 0.93 0.93 0.93 0.89 0.88 0.88 0.87 0.87 0.93 1.10 1.21 1.12 0.92 0.82 0.83 0.89 1.04 1.28 1.56 1.77 1.77 1.69 1.67 1.66 1.66 1.84 1.93 2.04 2.38 2.45 2.11 1.85 2.08 2.30 2.23 2.26 2.42 2.44 2.34 2.33 2.41 2.49 2.55 2.58 2.57 2.55 2.57 2.62 2.69 2.71 2.69 2.69 2.72 2.64 2.44 2.26 2.11 2.00 1.99 2.01 2.02 2.07 2.20 2.31 2.30 2.23 2.17 2.10 2.00 1.93 1.94 1.95 1.99 1.94 1.81
2.24 2.11 1.88 1.65 1.39 1.16 1.02 0.97 0.97 0.97 0.98 0.98 0.91 0.95 1.07 1.11 1.10 1.14 1.30 1.47 1.55 1.36 1.01 0.99 1.05 1.10 1.33 1.74 2.09 2.26 2.07 1.82 1.80 1.90 2.28 2.53 2.68 2.78 2.53 2.16 2.25 2.42 2.40 2.33 2.41 2.45 2.35 2.29 2.37 2.48 2.52 2.50 2.48 2.54 2.64 2.67 2.68 2.68 2.66 2.61 2.58 2.58 2.60 2.60 2.54 2.46 2.31 2.09 1.99 2.04 2.17 2.27 2.28 2.23 2.18 2.12 2.02 1.92 1.86 1.86 1.92 1.96 1.88 1.76
2.19 2.01 1.73 1.54 1.37 1.24 1.21 1.20 1.17 1.14 1.19 1.25 1.20 1.21 1.29 1.30 1.26 1.30 1.48 1.84 2.18 2.18 1.63 1.25 1.22 1.21 1.35 1.59 1.87 2.21 2.36 2.19 2.04 2.26 2.75 3.07 3.12 2.83 2.38 2.25 2.28 2.18 2.24 2.55 2.63 2.46 2.28 2.26 2.36 2.48 2.55 2.52 2.50 2.58 2.66 2.70 2.74 2.78 2.79 2.75 2.67 2.62 2.61 2.67 2.75 2.75 2.67 2.48 2.22 2.08 2.08 2.12 2.16 2.17 2.15 2.11 2.07 2.03 2.02 2.00 1.96 1.97 1.87 1.73
2.40 2.13 1.75 1.57 1.45 1.33 1.27 1.31 1.39 1.42 1.47 1.56 1.60 1.56 1.52 1.45 1.40 1.53 1.95 2.37 2.69 2.84 2.49 1.69 1.36 1.39 1.50 1.60 1.65 1.84 2.24 2.44 2.30 2.41 2.74 2.79 2.67 2.41 2.20 2.09 1.92 1.91 2.35 2.74 2.70 2.43 2.32 2.39 2.46 2.53 2.57 2.55 2.61 2.70 2.73 2.73 2.78 2.85 2.90 2.89 2.84 2.79 2.75 2.75 2.79 2.86 2.89 2.85 2.75 2.56 2.41 2.35 2.35 2.33 2.26 2.18 2.14 2.15 2.18 2.13 2.08 1.99 1.77 1.58
