windninja/windninja_output/Output_2025-08-09_1700-1750_Google earth_Fire_150m_10min/merlingen_7.5mi_point_08-09-2025_1700_150m_ang.asc
ncols	158
nrows	163
xllcorner	391686.332397
yllcorner	5160024.123721
cellsize	150.000000
NODATA_value	-32768.000000
[rows 86 to 128 of 163, columns 0 to 95 of 158]
288 290 297 301 310 332 360 349 339 338 338 339 337 335 336 337 337 331 326 321 317 314 314 316 325 335 342 345 347 349 352 354 355 357 359 0 1 2 0 355 351 350 352 353 353 352 349 346 344 342 343 346 348 349 347 345 344 343 343 342 342 342 342 342 342 342 342 341 341 341 340 340 340 339 339 339 339 339 340 341 344 346 347 340 328 322 321 321 322 322 322 322 324 326 329 331
294 292 286 292 313 341 350 346 343 345 346 343 340 340 341 343 345 341 332 323 320 315 311 315 325 338 346 348 350 353 353 354 354 353 354 358 1 4 4 2 357 352 352 353 355 355 352 349 348 346 344 344 345 346 346 344 343 341 341 341 341 342 342 342 342 342 342 342 341 341 341 340 340 339 339 339 338 338 338 338 339 339 337 332 325 322 321 319 319 319 320 321 322 324 327 330
320 311 307 320 333 343 349 352 355 359 356 345 343 346 349 352 355 352 343 332 327 324 322 328 337 346 349 352 355 356 357 356 355 353 351 352 356 1 4 5 3 360 355 354 355 357 356 354 353 352 349 346 345 345 346 345 343 340 338 338 340 341 342 343 343 343 342 342 342 341 341 340 340 339 339 338 337 337 336 336 334 332 329 323 318 318 319 318 318 318 318 318 316 312 308 308
347 338 331 337 340 344 350 358 5 8 359 350 350 354 357 1 1 356 345 335 330 327 331 339 350 354 354 356 358 359 359 359 358 357 355 352 351 355 1 6 6 4 0 357 355 356 358 358 356 354 352 350 348 347 348 349 348 343 336 333 336 340 342 343 343 343 343 342 342 341 341 340 340 339 338 338 337 336 335 334 332 329 325 317 310 308 310 312 316 316 313 311 307 300 296 296
346 343 343 345 343 344 349 358 5 4 0 357 357 0 4 5 2 357 345 331 328 332 341 353 0 1 360 0 1 1 2 1 0 360 359 358 355 354 357 4 7 5 3 359 356 356 358 360 359 355 353 351 349 348 350 353 354 349 339 334 336 340 343 343 344 343 343 342 342 342 341 340 340 339 338 337 336 335 334 332 330 327 324 318 311 308 308 308 310 308 304 301 301 298 298 299
340 344 349 351 349 347 347 353 359 3 4 5 6 6 5 3 1 358 347 330 330 340 356 6 8 6 5 5 4 4 4 4 3 1 0 1 359 356 355 359 6 8 6 2 358 356 357 359 359 357 352 348 347 347 351 355 354 349 346 344 343 343 343 344 344 344 343 343 342 342 341 340 340 339 338 337 336 335 333 331 329 326 324 321 317 314 312 309 306 301 294 289 289 286 285 287
334 340 347 351 353 352 349 352 359 6 10 9 8 8 7 3 359 355 349 344 343 355 9 15 15 13 11 9 8 8 7 6 4 2 0 1 1 359 356 356 3 10 11 7 2 359 358 359 359 356 351 345 343 344 347 350 348 347 349 352 351 347 346 345 345 344 343 343 342 342 341 340 340 339 338 337 335 334 332 330 328 325 322 319 315 312 310 306 300 291 277 272 274 273 272 275
325 332 342 348 351 352 352 355 360 7 11 8 4 3 5 5 359 353 352 355 3 10 17 22 21 19 15 13 12 12 12 10 6 2 0 1 1 0 359 357 359 8 14 13 9 5 2 360 359 357 349 340 340 343 343 340 339 343 349 354 354 351 348 346 345 344 344 343 343 342 341 341 340 339 338 337 335 334 332 330 328 325 321 317 311 306 302 297 288 277 270 272 274 274 275 277
315 323 336 342 344 347 352 355 358 3 8 8 5 4 5 6 4 2 3 13 21 21 25 28 26 23 18 16 16 17 18 14 6 1 359 1 1 1 360 359 358 2 10 15 14 11 6 1 359 356 350 345 344 345 343 337 333 337 345 350 352 351 349 346 345 344 344 343 343 342 341 341 340 339 338 337 335 334 332 330 328 325 322 318 312 306 301 294 286 282 282 284 285 285 286 286
305 314 330 336 339 342 347 349 350 354 1 7 9 11 11 14 17 23 25 29 33 38 41 43 35 26 22 20 19 20 19 12 6 3 1 1 1 1 0 358 356 357 3 10 12 11 8 3 358 354 352 354 354 351 347 342 339 339 343 347 349 350 348 346 345 344 344 343 342 342 341 341 340 339 338 337 335 334 332 330 328 326 323 319 315 311 306 301 297 295 295 294 295 295 295 294
298 307 324 333 339 345 348 346 342 342 352 10 22 27 32 40 42 47 45 38 49 60 63 62 47 30 24 22 19 16 14 12 12 11 6 2 1 1 359 358 355 352 355 2 6 7 6 2 358 356 358 4 4 357 352 347 343 342 342 344 347 348 347 345 344 344 343 343 342 342 341 341 340 339 338 337 335 334 332 330 328 326 324 321 318 315 311 308 306 304 303 302 301 301 301 300
296 302 317 328 340 352 358 357 349 344 352 15 46 44 49 53 57 59 54 50 61 70 75 73 48 24 20 22 20 16 16 20 23 20 13 6 2 359 357 356 354 351 350 354 358 1 2 1 359 2 9 12 9 3 357 353 348 345 343 343 344 345 344 343 343 343 342 342 342 342 341 341 340 339 338 337 335 334 332 331 329 327 325 322 320 317 315 313 311 309 308 307 306 306 305 304
289 293 303 313 333 353 6 11 12 12 25 70 95 88 83 80 76 75 71 64 63 64 62 49 21 15 21 25 26 27 30 33 33 28 20 12 4 357 352 352 351 350 348 350 354 356 358 0 5 11 13 13 11 6 1 357 355 350 347 346 344 343 341 340 340 340 341 341 342 342 341 340 340 339 338 336 335 334 332 331 329 328 326 324 322 320 318 316 314 313 312 311 310 309 308 308
280 279 279 286 301 324 8 36 46 57 72 88 99 102 98 93 90 87 83 71 56 46 37 30 22 25 33 36 39 43 44 44 40 33 24 14 6 359 350 346 346 347 346 348 353 357 358 2 7 11 11 10 10 8 4 360 359 356 352 349 349 347 343 339 336 336 338 340 341 342 341 340 339 338 337 336 335 334 333 331 330 328 327 325 323 322 320 319 317 316 315 314 313 312 311 311
284 282 279 280 280 273 120 98 92 91 92 96 100 104 105 98 92 89 80 60 45 37 36 40 43 46 49 51 53 57 60 63 60 46 26 12 6 1 354 343 340 342 343 345 350 355 359 2 6 9 10 9 8 7 6 3 2 1 357 353 351 351 349 345 340 336 336 337 340 341 341 340 339 338 337 336 335 334 332 331 330 328 327 326 325 323 322 321 319 318 317 316 315 314 314 313
296 295 293 291 289 215 115 104 97 95 92 88 86 85 83 78 67 61 52 41 39 42 52 59 62 64 65 67 71 75 78 81 79 70 41 8 359 356 351 343 337 337 338 339 344 352 359 2 4 7 9 9 8 7 7 6 5 3 2 358 354 352 351 350 346 342 339 338 339 339 339 338 338 337 336 335 334 333 332 331 330 329 327 326 325 324 323 322 321 320 319 318 317 316 316 315
310 310 310 316 344 45 78 87 86 84 81 77 70 58 45 40 41 38 32 33 41 53 64 67 69 71 76 80 83 84 84 83 82 82 82 9 323 333 337 337 333 331 332 334 338 347 355 0 3 5 8 9 9 8 8 6 5 4 5 3 358 354 352 352 351 347 344 343 342 340 337 335 335 335 335 334 333 332 331 330 329 328 328 327 326 325 324 323 322 321 320 320 319 318 317 316
331 332 336 350 13 39 57 68 74 76 75 71 61 45 36 36 39 37 36 43 53 61 68 71 71 73 77 82 83 83 82 79 80 82 85 94 276 292 307 318 322 322 324 327 331 338 348 357 2 6 8 8 8 7 7 7 6 6 5 4 1 358 356 355 354 353 351 349 348 345 340 334 332 332 332 331 330 329 329 329 328 327 327 327 326 325 325 324 323 322 322 321 320 320 318 317
352 353 0 12 27 45 58 67 74 78 78 76 70 65 64 65 62 58 63 71 69 64 65 68 69 68 70 72 74 78 82 83 83 81 79 74 276 274 283 298 309 312 315 318 322 328 338 349 359 5 7 7 7 6 6 7 7 7 6 5 4 2 359 358 358 358 356 354 353 351 348 344 336 329 324 322 322 324 325 326 326 326 326 326 326 326 325 324 324 323 322 322 321 320 319 318
10 11 16 26 39 51 60 69 73 78 83 88 91 94 96 96 91 88 87 82 74 68 65 64 61 60 62 65 67 72 78 81 81 76 71 63 348 294 291 297 305 308 310 311 316 322 331 342 352 0 4 6 7 8 7 6 7 8 8 7 6 5 2 359 360 0 359 358 357 355 354 354 351 340 329 321 318 318 318 318 320 322 324 325 325 325 325 325 324 323 323 322 322 321 320 319
25 24 26 33 41 48 56 63 64 65 66 66 68 72 82 89 90 88 82 75 70 70 66 58 54 54 56 58 62 66 68 69 66 61 59 48 6 321 304 300 303 307 308 309 312 317 324 334 343 352 359 3 6 8 9 8 7 8 9 10 9 6 4 3 2 1 1 360 359 359 359 358 357 353 345 337 330 325 320 315 315 318 322 324 324 325 325 324 324 323 323 322 322 321 320 320
32 31 31 35 42 46 48 46 41 40 40 40 43 51 63 73 78 78 75 70 66 66 63 52 48 49 50 50 54 60 61 61 54 45 43 35 13 342 317 306 304 306 308 310 312 314 320 328 337 345 353 360 4 7 10 11 10 9 9 11 11 8 5 4 4 4 4 3 360 0 2 1 358 356 352 346 340 336 331 327 321 318 318 321 323 324 324 324 324 323 323 322 322 321 320 320
36 35 33 36 37 34 31 28 26 30 38 44 48 53 59 63 66 66 65 63 62 63 60 49 43 45 45 42 46 55 57 55 46 33 36 35 22 358 334 321 313 308 307 311 313 314 317 324 333 342 350 357 1 4 8 11 12 11 10 10 11 11 7 6 7 7 7 6 2 0 3 4 0 357 354 351 347 342 337 333 329 323 318 318 321 323 324 323 323 323 322 322 321 321 320 319
40 37 33 31 27 25 26 28 32 39 49 54 53 54 57 59 56 51 49 52 58 63 61 50 39 38 39 37 43 53 53 48 40 30 41 43 26 0 342 337 326 310 306 309 312 313 315 320 327 336 346 354 360 3 5 9 12 12 10 9 11 12 11 9 10 10 8 7 5 2 3 4 2 358 355 354 352 348 342 336 332 329 324 320 319 320 322 322 322 321 321 320 320 319 319 318
40 37 32 30 29 32 38 44 49 51 55 57 54 52 54 55 50 38 37 44 54 63 61 49 37 31 33 33 39 48 49 44 37 33 43 42 19 358 350 349 340 324 313 309 309 311 315 318 323 330 339 349 358 3 5 6 10 12 12 10 10 13 15 14 14 14 10 7 6 5 3 2 2 1 359 356 355 354 350 342 335 331 329 325 319 317 318 319 319 318 317 316 316 316 316 316
39 37 35 36 40 45 49 52 53 53 54 57 55 50 49 51 44 27 27 38 49 60 60 44 34 29 25 22 29 40 46 44 35 33 36 31 14 1 358 355 344 339 333 319 310 310 312 315 319 325 333 343 354 2 4 5 8 12 14 12 10 13 17 17 15 15 14 10 7 4 2 1 3 4 3 1 359 358 355 348 340 334 333 331 327 321 316 314 312 311 309 308 309 310 311 313
44 42 42 44 47 47 47 48 49 48 48 50 50 44 45 49 42 20 18 28 38 49 55 41 31 32 23 15 21 33 41 43 36 30 32 28 18 12 6 357 349 347 342 330 320 314 312 311 313 318 327 338 350 358 3 5 7 11 14 14 12 13 16 17 15 15 16 15 11 5 2 1 3 5 6 5 3 1 359 355 347 340 338 336 334 331 323 315 307 299 297 301 306 309 310 311
48 47 46 48 49 48 47 45 44 42 40 43 44 39 42 48 40 13 6 15 27 40 50 46 33 35 30 22 18 24 34 39 40 37 38 35 29 24 12 2 357 349 340 335 331 322 315 313 313 314 320 332 345 355 1 4 5 9 13 15 13 13 15 16 14 15 16 17 14 9 5 3 3 5 8 8 6 2 0 0 357 349 345 342 340 338 334 326 317 306 305 309 312 314 313 310
48 47 47 46 46 46 45 44 42 39 37 38 38 36 40 46 35 2 354 6 18 32 42 44 36 31 30 29 26 20 25 35 40 44 46 44 36 26 15 5 357 346 340 341 340 331 324 322 320 317 317 325 337 350 359 4 5 7 12 15 14 13 14 16 14 13 15 16 15 13 10 8 7 7 8 10 8 4 2 2 1 358 355 352 350 349 344 338 330 321 320 323 323 321 317 311
46 46 44 43 42 42 42 42 42 39 35 34 32 31 38 44 32 2 349 359 12 23 30 33 34 30 27 26 27 22 17 26 37 45 45 35 23 17 13 4 352 344 345 349 347 339 333 330 327 322 320 322 330 343 356 3 5 6 10 14 14 13 14 16 15 13 14 15 16 15 14 13 13 12 8 9 11 9 5 3 3 3 1 0 1 1 353 344 335 327 328 334 337 335 329 325
44 44 43 42 42 41 40 39 39 37 35 31 27 26 34 43 36 8 351 354 5 12 16 23 29 31 28 26 31 22 10 15 28 40 42 27 13 9 6 358 348 346 351 355 352 346 340 332 328 327 325 325 329 338 352 3 6 6 8 12 14 14 14 15 15 13 14 15 16 16 15 15 16 17 13 9 11 13 11 7 5 4 4 6 8 5 356 346 338 334 337 345 348 343 335 334
43 44 45 45 44 42 38 34 33 34 36 31 22 20 32 44 44 13 348 345 353 0 5 13 21 25 26 26 29 24 12 11 19 28 28 15 5 2 360 355 352 353 357 359 358 353 344 335 332 332 332 331 332 337 348 1 6 7 8 11 12 12 13 14 15 14 14 15 16 16 16 15 16 18 19 14 11 14 15 12 7 5 6 9 10 5 355 348 343 344 349 354 353 344 336 337
45 45 45 46 44 41 35 31 30 32 37 35 20 16 28 43 48 20 342 334 338 347 356 3 10 17 16 16 22 25 20 11 9 16 21 20 12 4 359 357 358 1 2 2 1 356 347 341 338 338 338 337 335 337 346 358 5 8 8 10 11 10 10 12 14 14 13 15 16 16 15 14 15 17 20 20 17 15 15 13 10 9 11 10 6 1 355 350 348 352 357 359 356 348 341 339
46 45 44 47 45 39 34 33 34 34 38 39 22 14 25 40 47 34 348 325 321 331 346 356 2 6 6 8 16 19 15 8 5 12 23 28 23 12 6 7 8 7 6 3 1 358 353 346 343 343 342 341 338 338 344 355 4 8 9 10 10 8 8 10 13 14 14 15 17 18 16 14 13 14 18 21 22 19 17 16 15 16 15 10 3 358 355 352 353 358 1 2 2 356 348 341
46 44 42 45 47 42 40 40 39 36 38 41 26 14 21 36 46 44 14 331 312 311 327 344 354 359 2 7 10 11 11 9 11 20 30 33 29 22 16 18 18 15 12 9 7 5 0 353 350 348 347 345 341 340 344 354 3 8 9 9 10 9 10 13 18 22 20 17 18 19 17 14 12 12 15 20 23 24 23 22 21 20 17 10 2 356 354 354 357 1 3 5 6 0 349 339
44 42 37 36 37 38 39 42 44 38 36 43 32 11 15 29 43 47 35 4 320 293 292 316 338 349 357 3 6 6 10 18 23 28 34 34 32 31 26 23 25 23 21 19 17 14 9 4 360 356 352 348 345 344 346 353 2 7 9 10 11 14 20 28 36 42 39 22 14 17 17 16 13 11 12 15 20 24 25 25 24 21 16 8 1 358 356 358 1 3 5 8 6 356 345 339
37 35 30 27 28 28 30 36 42 40 36 46 38 9 8 23 41 49 47 34 2 298 272 266 281 313 337 352 359 2 7 20 27 30 37 37 35 36 28 21 25 29 32 30 25 21 17 12 7 2 358 352 348 347 348 352 1 8 10 14 20 27 35 38 35 34 33 23 6 8 15 16 14 11 9 10 15 20 23 24 25 22 15 6 2 1 1 3 4 5 7 8 3 350 340 338
34 34 29 24 24 25 27 31 38 39 39 49 47 15 7 21 39 49 52 51 43 5 288 251 247 258 279 313 338 350 1 18 30 33 39 39 35 36 33 21 19 26 33 34 29 23 18 11 6 4 360 356 352 350 349 352 1 12 18 23 31 35 34 30 26 25 26 24 15 3 8 13 13 12 9 7 8 13 17 20 21 20 15 9 7 7 7 8 8 8 9 7 359 346 339 340
35 34 30 25 24 26 27 30 36 36 38 51 54 30 17 24 39 45 48 52 55 47 4 307 280 264 264 291 321 339 359 21 31 33 40 42 36 36 36 25 17 20 30 36 33 26 18 10 4 3 2 0 357 353 353 358 7 21 28 31 31 29 25 22 21 22 24 26 26 19 10 12 12 9 8 4 2 4 9 12 15 19 19 16 13 12 12 13 12 11 8 3 354 345 343 346
30 31 29 23 21 24 27 28 32 31 36 48 55 45 35 35 37 39 40 42 47 50 35 358 327 313 312 324 331 344 2 24 34 35 40 44 39 36 37 30 20 18 24 35 37 32 22 12 4 3 4 4 1 357 356 1 10 19 25 24 20 20 19 19 20 23 24 27 30 29 25 22 17 4 358 357 355 355 359 4 9 17 22 21 18 16 16 16 15 11 4 358 350 344 346 353
26 29 29 22 20 23 26 26 26 27 32 44 51 51 45 39 32 32 32 35 38 38 27 4 350 346 345 344 347 353 3 23 36 35 38 44 41 37 38 35 26 18 19 31 38 35 26 15 8 6 7 6 4 2 360 2 9 17 22 20 16 18 19 20 23 25 27 28 30 31 29 27 22 10 353 342 342 344 348 356 4 12 19 21 21 20 19 17 15 10 3 356 348 344 349 357
26 29 29 23 19 21 24 24 23 24 27 36 42 46 48 42 25 23 26 26 23 20 15 7 5 2 2 2 358 354 359 17 32 33 36 44 45 42 39 38 32 21 15 23 35 37 30 20 14 11 10 8 6 5 4 4 9 16 21 21 20 21 23 24 25 28 28 29 30 31 31 32 29 21 9 348 330 329 335 343 354 3 10 16 18 18 16 15 13 11 6 358 348 347 353 2
25 28 29 24 18 18 20 23 22 21 22 26 31 35 42 43 29 20 15 6 2 10 17 18 21 24 21 13 0 350 350 7 26 32 36 43 48 46 42 41 37 25 13 13 29 38 34 24 18 14 11 10 8 7 7 7 10 16 21 23 24 25 25 25 27 29 29 30 31 31 32 35 36 33 25 11 340 316 316 325 335 347 358 5 10 12 11 9 9 10 9 2 354 355 1 5
