windninja/windninja_output/Output_2025-08-09_1700-1750_Google earth_Fire_150m_10min/merlingen_7.5mi_point_08-09-2025_1700_150m_vel.asc
ncols	158
nrows	163
xllcorner	391686.332397
yllcorner	5160024.123721
cellsize	150.000000
NODATA_value	-32768.000000
[rows 38 to 75 of 163, columns 0 to 83 of 158]
1.64 1.62 1.55 1.46 1.37 1.31 1.25 1.19 1.13 1.09 1.06 1.02 1.00 0.98 0.95 0.93 0.90 0.88 0.87 0.85 0.83 0.81 0.80 0.78 0.76 0.72 0.67 0.66 0.82 1.03 1.07 1.07 1.10 1.11 1.11 0.91 0.59 0.59 0.73 0.77 0.81 0.89 0.96 1.03 1.09 1.12 1.15 1.17 1.15 1.22 1.35 1.40 1.37 1.36 1.44 1.52 1.54 1.55 1.61 1.69 1.69 1.57 1.46 1.36 1.32 1.45 1.79 1.87 1.48 1.16 1.28 1.70 1.98 1.81 1.45 1.40 1.60 1.67 1.65 1.59 1.47 1.37 1.35 1.48
1.71 1.68 1.57 1.48 1.39 1.30 1.23 1.18 1.12 1.07 1.04 1.01 0.98 0.96 0.94 0.91 0.88 0.87 0.85 0.84 0.82 0.80 0.79 0.78 0.76 0.73 0.71 0.74 0.87 0.98 1.01 1.02 1.03 1.04 1.00 0.74 0.54 0.67 0.81 0.84 0.89 0.96 1.07 1.15 1.18 1.21 1.24 1.23 1.25 1.36 1.47 1.53 1.59 1.69 1.82 1.89 1.92 1.95 1.98 2.00 1.92 1.72 1.51 1.37 1.36 1.49 1.79 1.72 1.31 1.33 1.78 2.06 1.89 1.49 1.36 1.63 1.90 1.87 1.84 1.83 1.70 1.50 1.41 1.56
1.82 1.80 1.63 1.50 1.40 1.32 1.24 1.18 1.12 1.05 1.01 0.99 0.95 0.94 0.93 0.89 0.87 0.85 0.83 0.82 0.81 0.79 0.78 0.78 0.77 0.75 0.75 0.78 0.83 0.91 1.00 1.00 0.97 0.97 0.84 0.63 0.62 0.76 0.86 0.92 0.99 1.10 1.22 1.23 1.23 1.30 1.34 1.36 1.39 1.43 1.55 1.70 1.87 2.01 2.04 2.02 2.01 1.98 1.93 1.83 1.61 1.41 1.33 1.35 1.42 1.58 1.80 1.68 1.52 1.82 2.01 1.74 1.35 1.22 1.46 1.99 2.15 2.02 1.94 1.86 1.77 1.73 1.71 1.78
1.93 1.89 1.71 1.54 1.42 1.32 1.24 1.19 1.12 1.04 0.99 0.97 0.93 0.91 0.90 0.88 0.85 0.83 0.82 0.81 0.79 0.78 0.77 0.78 0.78 0.76 0.76 0.78 0.80 0.89 0.99 0.97 0.92 0.87 0.74 0.66 0.72 0.81 0.94 1.09 1.21 1.33 1.35 1.31 1.39 1.53 1.56 1.54 1.53 1.58 1.74 1.89 1.93 1.87 1.77 1.68 1.59 1.50 1.43 1.27 1.10 1.09 1.28 1.50 1.60 1.72 1.88 1.93 2.05 2.14 1.81 1.43 1.37 1.47 1.84 2.28 2.18 1.96 1.81 1.66 1.61 1.76 1.94 2.08
1.99 1.93 1.76 1.58 1.45 1.33 1.23 1.17 1.13 1.04 0.97 0.95 0.92 0.89 0.87 0.86 0.83 0.81 0.81 0.79 0.78 0.76 0.76 0.77 0.77 0.76 0.77 0.78 0.81 0.89 0.96 0.93 0.88 0.81 0.75 0.75 0.83 1.01 1.18 1.28 1.36 1.36 1.33 1.45 1.60 1.61 1.50 1.38 1.37 1.50 1.74 1.81 1.65 1.49 1.43 1.34 1.20 1.08 0.99 0.92 0.93 1.10 1.43 1.68 1.82 2.03 2.27 2.51 2.54 2.23 1.81 1.72 1.87 1.98 2.32 2.44 2.06 1.83 1.70 1.64 1.66 1.75 1.94 2.37
2.03 1.96 1.79 1.62 1.48 1.37 1.26 1.16 1.11 1.04 0.97 0.93 0.90 0.87 0.85 0.83 0.81 0.79 0.79 0.78 0.76 0.75 0.75 0.76 0.77 0.76 0.77 0.80 0.82 0.87 0.90 0.90 0.86 0.82 0.81 0.85 1.01 1.22 1.29 1.29 1.26 1.23 1.34 1.52 1.49 1.27 1.14 1.12 1.23 1.45 1.70 1.70 1.47 1.33 1.27 1.16 1.00 0.89 0.86 0.91 1.04 1.26 1.50 1.69 2.03 2.48 2.83 2.96 2.80 2.56 2.45 2.53 2.57 2.62 2.74 2.51 2.06 1.82 1.68 1.63 1.72 1.91 2.31 2.87
2.06 1.99 1.81 1.65 1.50 1.38 1.28 1.17 1.10 1.04 0.96 0.91 0.88 0.85 0.82 0.80 0.78 0.77 0.77 0.76 0.75 0.74 0.74 0.74 0.75 0.76 0.78 0.80 0.82 0.83 0.86 0.88 0.86 0.85 0.86 0.95 1.11 1.21 1.17 1.13 1.14 1.24 1.43 1.45 1.21 0.98 0.97 1.13 1.41 1.71 1.82 1.64 1.38 1.24 1.13 1.01 0.90 0.85 0.92 1.10 1.31 1.49 1.63 1.86 2.36 2.80 2.93 2.86 2.68 2.69 2.83 2.89 2.89 2.87 2.69 2.28 1.95 1.78 1.66 1.63 1.80 2.25 2.81 2.91
2.09 2.02 1.84 1.67 1.52 1.39 1.28 1.19 1.10 1.03 0.96 0.90 0.86 0.83 0.81 0.78 0.76 0.76 0.75 0.74 0.73 0.73 0.72 0.73 0.75 0.76 0.78 0.79 0.80 0.82 0.85 0.87 0.88 0.88 0.90 0.99 1.08 1.10 1.09 1.10 1.18 1.33 1.43 1.29 1.01 0.95 1.10 1.39 1.73 1.85 1.65 1.35 1.14 0.99 0.91 0.87 0.83 0.90 1.15 1.42 1.63 1.81 2.05 2.43 2.84 2.92 2.72 2.46 2.18 2.14 2.29 2.38 2.41 2.37 2.14 1.87 1.72 1.71 1.75 1.94 2.32 2.66 2.66 2.12
2.12 2.03 1.86 1.71 1.55 1.41 1.28 1.18 1.10 1.02 0.96 0.90 0.85 0.81 0.79 0.77 0.74 0.74 0.73 0.72 0.71 0.71 0.71 0.72 0.74 0.76 0.77 0.77 0.79 0.81 0.84 0.87 0.89 0.90 0.93 0.99 1.04 1.08 1.12 1.16 1.23 1.32 1.33 1.13 0.92 1.03 1.34 1.69 1.81 1.60 1.31 1.10 0.91 0.79 0.78 0.81 0.90 1.13 1.48 1.79 2.01 2.26 2.61 2.90 2.94 2.75 2.42 2.08 1.84 1.80 1.86 1.88 1.88 1.83 1.73 1.67 1.65 1.72 1.91 2.19 2.38 2.29 1.86 1.36
2.14 2.05 1.87 1.72 1.59 1.44 1.27 1.15 1.08 1.01 0.95 0.90 0.84 0.80 0.77 0.75 0.73 0.72 0.71 0.70 0.70 0.69 0.70 0.72 0.73 0.74 0.75 0.77 0.79 0.81 0.83 0.86 0.89 0.91 0.93 0.97 1.02 1.08 1.12 1.16 1.22 1.30 1.25 1.05 1.00 1.24 1.58 1.74 1.58 1.29 1.10 0.91 0.79 0.82 0.89 0.98 1.21 1.52 1.88 2.16 2.33 2.53 2.71 2.69 2.55 2.33 2.01 1.80 1.72 1.74 1.75 1.69 1.63 1.55 1.50 1.51 1.57 1.65 1.78 1.87 1.82 1.61 1.40 1.30
2.14 2.06 1.87 1.71 1.62 1.51 1.29 1.11 1.04 0.99 0.93 0.87 0.83 0.79 0.76 0.73 0.71 0.70 0.69 0.69 0.68 0.68 0.69 0.71 0.72 0.73 0.74 0.76 0.78 0.81 0.83 0.86 0.89 0.91 0.93 0.95 1.01 1.06 1.10 1.15 1.22 1.24 1.15 1.06 1.20 1.49 1.69 1.61 1.36 1.13 0.92 0.76 0.76 0.87 0.99 1.20 1.54 1.96 2.34 2.47 2.45 2.46 2.39 2.26 2.15 1.99 1.78 1.68 1.64 1.63 1.61 1.56 1.48 1.39 1.34 1.39 1.48 1.57 1.62 1.63 1.59 1.54 1.54 1.57
2.16 2.05 1.87 1.72 1.63 1.56 1.36 1.12 1.00 0.96 0.92 0.86 0.81 0.77 0.74 0.72 0.69 0.68 0.68 0.67 0.67 0.67 0.68 0.69 0.71 0.73 0.74 0.75 0.78 0.80 0.83 0.86 0.89 0.91 0.93 0.96 1.02 1.08 1.12 1.16 1.18 1.16 1.12 1.16 1.33 1.56 1.59 1.39 1.17 0.95 0.80 0.82 0.95 1.10 1.28 1.55 1.96 2.40 2.55 2.39 2.25 2.16 2.05 2.02 2.01 1.89 1.72 1.61 1.56 1.55 1.53 1.48 1.39 1.29 1.30 1.42 1.60 1.73 1.78 1.77 1.78 1.81 1.81 1.80
2.19 2.03 1.82 1.73 1.67 1.60 1.44 1.20 0.99 0.91 0.89 0.84 0.79 0.75 0.73 0.71 0.69 0.66 0.66 0.65 0.65 0.66 0.67 0.68 0.70 0.72 0.73 0.75 0.77 0.80 0.83 0.85 0.88 0.90 0.93 0.98 1.04 1.09 1.11 1.12 1.13 1.16 1.20 1.26 1.39 1.51 1.41 1.16 0.90 0.69 0.68 0.89 1.18 1.42 1.67 2.01 2.42 2.55 2.31 1.98 1.81 1.73 1.77 1.96 2.00 1.83 1.65 1.52 1.45 1.43 1.40 1.34 1.25 1.23 1.32 1.51 1.70 1.82 1.86 1.88 1.92 1.94 1.92 1.90
2.23 2.01 1.73 1.67 1.68 1.61 1.50 1.34 1.07 0.90 0.85 0.83 0.79 0.74 0.71 0.69 0.68 0.65 0.64 0.64 0.64 0.65 0.66 0.67 0.70 0.71 0.72 0.74 0.77 0.80 0.82 0.85 0.87 0.90 0.94 0.98 1.02 1.06 1.08 1.09 1.12 1.20 1.26 1.30 1.39 1.42 1.25 0.96 0.73 0.68 0.83 1.15 1.38 1.57 1.86 2.30 2.49 2.24 1.84 1.59 1.46 1.46 1.73 2.05 1.99 1.75 1.60 1.49 1.42 1.38 1.32 1.26 1.24 1.29 1.40 1.53 1.64 1.74 1.85 1.96 1.97 1.87 1.79 1.83
2.32 2.00 1.63 1.60 1.62 1.53 1.46 1.40 1.19 0.94 0.83 0.81 0.78 0.73 0.70 0.68 0.67 0.64 0.63 0.63 0.63 0.64 0.65 0.67 0.68 0.70 0.71 0.74 0.77 0.79 0.82 0.84 0.87 0.91 0.94 0.97 1.01 1.04 1.07 1.08 1.13 1.22 1.29 1.32 1.35 1.31 1.10 0.89 0.91 1.12 1.41 1.60 1.69 1.80 2.08 2.35 2.20 1.79 1.50 1.36 1.35 1.50 1.89 2.15 1.96 1.74 1.60 1.49 1.42 1.38 1.36 1.36 1.38 1.43 1.49 1.53 1.56 1.63 1.77 1.88 1.87 1.80 1.76 1.77
2.37 2.06 1.62 1.54 1.59 1.47 1.37 1.40 1.28 1.02 0.83 0.78 0.75 0.72 0.69 0.67 0.65 0.63 0.62 0.62 0.62 0.63 0.64 0.66 0.67 0.69 0.71 0.74 0.76 0.79 0.81 0.84 0.87 0.90 0.94 0.97 1.00 1.03 1.06 1.09 1.16 1.26 1.32 1.32 1.28 1.21 1.08 1.05 1.27 1.54 1.67 1.71 1.79 1.95 2.18 2.22 1.89 1.52 1.34 1.31 1.41 1.65 2.05 2.21 1.99 1.79 1.67 1.56 1.50 1.50 1.53 1.56 1.55 1.53 1.53 1.55 1.56 1.57 1.65 1.71 1.74 1.85 1.97 1.95
2.27 2.14 1.74 1.47 1.53 1.46 1.31 1.35 1.33 1.11 0.87 0.76 0.72 0.70 0.68 0.66 0.63 0.62 0.61 0.61 0.62 0.62 0.63 0.65 0.67 0.68 0.71 0.73 0.76 0.79 0.81 0.84 0.87 0.90 0.93 0.96 0.99 1.03 1.06 1.10 1.18 1.26 1.27 1.21 1.16 1.15 1.15 1.25 1.49 1.61 1.58 1.61 1.73 1.89 2.09 2.04 1.68 1.42 1.38 1.48 1.63 1.88 2.24 2.31 2.08 1.92 1.83 1.78 1.78 1.80 1.76 1.63 1.52 1.50 1.56 1.60 1.61 1.65 1.74 1.79 1.86 2.06 2.21 2.24
2.08 2.10 1.88 1.48 1.40 1.37 1.23 1.22 1.30 1.21 0.96 0.76 0.69 0.67 0.66 0.64 0.62 0.61 0.60 0.60 0.61 0.62 0.63 0.65 0.66 0.68 0.71 0.73 0.76 0.78 0.81 0.84 0.87 0.90 0.93 0.96 0.99 1.02 1.06 1.10 1.15 1.18 1.15 1.10 1.11 1.17 1.24 1.40 1.55 1.55 1.52 1.65 1.78 1.89 2.06 1.91 1.55 1.43 1.51 1.69 1.94 2.25 2.44 2.37 2.12 1.95 1.87 1.86 1.90 1.86 1.68 1.49 1.47 1.58 1.66 1.69 1.73 1.85 1.98 2.06 2.16 2.27 2.29 2.28
1.97 2.00 1.92 1.64 1.40 1.30 1.16 1.06 1.15 1.22 1.06 0.82 0.70 0.65 0.62 0.62 0.61 0.59 0.59 0.59 0.60 0.61 0.63 0.64 0.66 0.68 0.70 0.73 0.76 0.78 0.81 0.84 0.87 0.90 0.93 0.96 0.99 1.02 1.05 1.09 1.11 1.12 1.12 1.13 1.19 1.26 1.36 1.46 1.51 1.48 1.51 1.66 1.75 1.88 2.00 1.74 1.50 1.52 1.68 1.94 2.24 2.45 2.45 2.25 1.97 1.77 1.70 1.69 1.65 1.50 1.41 1.51 1.70 1.81 1.84 1.88 1.96 2.12 2.25 2.31 2.33 2.27 2.20 2.18
1.95 1.92 1.85 1.72 1.53 1.36 1.19 1.00 0.99 1.12 1.07 0.89 0.78 0.68 0.60 0.59 0.60 0.59 0.58 0.58 0.59 0.61 0.62 0.64 0.66 0.68 0.70 0.73 0.75 0.78 0.81 0.84 0.87 0.90 0.93 0.96 0.99 1.02 1.05 1.08 1.10 1.13 1.15 1.18 1.22 1.29 1.35 1.38 1.41 1.41 1.45 1.57 1.66 1.83 1.90 1.66 1.58 1.73 1.99 2.26 2.41 2.40 2.27 2.07 1.84 1.69 1.61 1.56 1.44 1.37 1.51 1.78 1.93 1.98 2.05 2.15 2.29 2.45 2.54 2.52 2.42 2.29 2.16 2.03
1.94 1.87 1.75 1.65 1.55 1.43 1.28 1.07 0.94 1.00 0.98 0.89 0.85 0.76 0.63 0.57 0.58 0.57 0.57 0.58 0.59 0.60 0.62 0.64 0.65 0.67 0.70 0.73 0.75 0.78 0.81 0.84 0.86 0.89 0.92 0.95 0.98 1.02 1.04 1.07 1.10 1.13 1.16 1.19 1.22 1.25 1.27 1.29 1.31 1.32 1.37 1.51 1.69 1.86 1.86 1.66 1.64 1.83 2.13 2.34 2.36 2.28 2.15 1.98 1.81 1.70 1.65 1.60 1.57 1.65 1.83 1.96 2.02 2.11 2.23 2.36 2.52 2.67 2.69 2.59 2.46 2.31 2.13 1.92
1.90 1.83 1.70 1.59 1.49 1.39 1.31 1.15 1.00 0.94 0.87 0.79 0.82 0.82 0.70 0.59 0.56 0.56 0.56 0.58 0.59 0.60 0.62 0.64 0.65 0.67 0.70 0.72 0.75 0.78 0.81 0.84 0.87 0.89 0.92 0.95 0.98 1.01 1.04 1.07 1.10 1.13 1.16 1.19 1.22 1.24 1.26 1.27 1.29 1.31 1.39 1.56 1.76 1.86 1.80 1.61 1.62 1.87 2.14 2.23 2.20 2.15 2.04 1.90 1.76 1.71 1.73 1.71 1.72 1.83 1.93 2.01 2.12 2.28 2.40 2.51 2.63 2.66 2.51 2.36 2.25 2.16 2.06 1.95
1.83 1.78 1.66 1.55 1.45 1.34 1.27 1.17 1.05 0.94 0.81 0.71 0.72 0.80 0.75 0.65 0.58 0.55 0.56 0.57 0.58 0.60 0.63 0.64 0.65 0.67 0.70 0.73 0.75 0.78 0.81 0.84 0.86 0.89 0.92 0.95 0.98 1.01 1.04 1.07 1.10 1.13 1.16 1.19 1.22 1.24 1.27 1.30 1.34 1.38 1.44 1.56 1.71 1.77 1.68 1.57 1.67 1.94 2.10 2.09 2.03 1.95 1.86 1.78 1.74 1.74 1.71 1.64 1.68 1.82 1.95 2.07 2.25 2.40 2.50 2.62 2.66 2.50 2.25 2.10 2.03 1.98 1.93 1.87
1.77 1.73 1.62 1.51 1.42 1.33 1.24 1.17 1.07 0.95 0.81 0.68 0.65 0.71 0.73 0.69 0.62 0.57 0.56 0.56 0.58 0.60 0.62 0.63 0.64 0.67 0.70 0.73 0.75 0.78 0.81 0.84 0.87 0.90 0.93 0.96 0.98 1.01 1.04 1.07 1.10 1.13 1.16 1.19 1.22 1.25 1.29 1.33 1.37 1.41 1.44 1.48 1.59 1.65 1.53 1.47 1.67 1.91 1.95 1.89 1.81 1.75 1.73 1.72 1.72 1.73 1.68 1.63 1.72 1.93 2.08 2.22 2.37 2.47 2.55 2.59 2.49 2.29 2.16 2.09 2.01 1.91 1.80 1.73
1.72 1.67 1.58 1.47 1.38 1.30 1.24 1.16 1.06 0.95 0.83 0.69 0.63 0.63 0.65 0.68 0.66 0.61 0.57 0.56 0.58 0.60 0.61 0.62 0.64 0.67 0.70 0.73 0.76 0.78 0.81 0.84 0.87 0.90 0.93 0.96 0.99 1.02 1.05 1.08 1.11 1.13 1.16 1.20 1.23 1.27 1.30 1.34 1.37 1.40 1.42 1.47 1.58 1.60 1.45 1.47 1.68 1.82 1.83 1.78 1.73 1.74 1.78 1.77 1.74 1.70 1.67 1.75 1.93 2.11 2.22 2.33 2.46 2.54 2.56 2.50 2.32 2.20 2.18 2.14 2.05 1.95 1.84 1.79
1.70 1.63 1.52 1.43 1.32 1.25 1.20 1.14 1.05 0.95 0.85 0.71 0.63 0.60 0.59 0.62 0.65 0.63 0.59 0.57 0.57 0.59 0.61 0.62 0.65 0.68 0.71 0.74 0.76 0.78 0.81 0.84 0.87 0.90 0.93 0.96 0.99 1.02 1.05 1.08 1.11 1.14 1.17 1.20 1.23 1.27 1.30 1.33 1.36 1.40 1.44 1.52 1.62 1.63 1.57 1.62 1.74 1.81 1.82 1.85 1.88 1.91 1.79 1.57 1.42 1.37 1.43 1.78 2.11 2.25 2.32 2.42 2.54 2.59 2.56 2.45 2.36 2.34 2.33 2.28 2.20 2.10 2.07 2.17
1.69 1.60 1.48 1.39 1.29 1.20 1.14 1.10 1.02 0.94 0.86 0.75 0.63 0.58 0.57 0.59 0.62 0.63 0.61 0.59 0.58 0.59 0.60 0.63 0.65 0.68 0.71 0.74 0.75 0.78 0.81 0.84 0.87 0.90 0.93 0.96 0.99 1.02 1.05 1.08 1.11 1.14 1.17 1.21 1.24 1.27 1.30 1.33 1.36 1.40 1.46 1.53 1.60 1.64 1.62 1.67 1.79 1.86 1.89 1.96 1.95 1.75 1.37 1.08 1.05 1.19 1.54 1.98 2.23 2.34 2.43 2.53 2.62 2.62 2.54 2.49 2.54 2.61 2.60 2.52 2.41 2.35 2.42 2.65
1.65 1.58 1.47 1.37 1.27 1.17 1.09 1.05 0.99 0.91 0.86 0.79 0.65 0.57 0.57 0.58 0.60 0.61 0.61 0.60 0.59 0.59 0.60 0.63 0.64 0.68 0.72 0.73 0.76 0.79 0.82 0.84 0.87 0.90 0.93 0.96 0.99 1.02 1.05 1.08 1.11 1.14 1.18 1.21 1.24 1.27 1.30 1.33 1.37 1.40 1.45 1.49 1.54 1.57 1.57 1.66 1.84 1.93 1.96 1.92 1.65 1.24 1.11 1.27 1.57 1.83 2.11 2.27 2.30 2.36 2.46 2.56 2.61 2.54 2.50 2.58 2.69 2.71 2.64 2.54 2.48 2.55 2.81 3.26
1.51 1.53 1.50 1.37 1.25 1.16 1.06 1.00 0.98 0.91 0.85 0.79 0.67 0.57 0.57 0.58 0.59 0.60 0.60 0.62 0.62 0.60 0.61 0.64 0.65 0.69 0.72 0.74 0.76 0.79 0.82 0.84 0.87 0.90 0.93 0.97 1.00 1.03 1.06 1.09 1.12 1.15 1.18 1.21 1.24 1.27 1.30 1.33 1.37 1.40 1.44 1.47 1.50 1.51 1.53 1.63 1.78 1.83 1.81 1.66 1.37 1.32 1.61 1.97 2.19 2.32 2.35 2.30 2.29 2.34 2.41 2.49 2.54 2.53 2.59 2.66 2.67 2.62 2.57 2.62 2.83 3.20 3.78 4.53
1.25 1.41 1.50 1.38 1.28 1.16 1.00 0.93 0.96 0.93 0.86 0.77 0.68 0.61 0.57 0.57 0.59 0.60 0.61 0.64 0.64 0.61 0.64 0.66 0.67 0.69 0.70 0.71 0.74 0.78 0.81 0.84 0.87 0.91 0.94 0.97 1.00 1.03 1.06 1.09 1.12 1.15 1.18 1.21 1.24 1.27 1.30 1.33 1.36 1.39 1.42 1.45 1.47 1.49 1.51 1.56 1.59 1.56 1.48 1.39 1.37 1.59 1.90 2.12 2.25 2.31 2.28 2.23 2.24 2.30 2.35 2.42 2.47 2.52 2.58 2.60 2.57 2.57 2.68 2.98 3.47 4.03 4.62 4.91
1.02 1.25 1.41 1.35 1.33 1.20 0.94 0.85 0.94 0.96 0.87 0.74 0.68 0.63 0.58 0.56 0.59 0.62 0.63 0.64 0.62 0.62 0.67 0.69 0.70 0.69 0.67 0.69 0.72 0.76 0.79 0.83 0.87 0.90 0.94 0.97 1.00 1.03 1.06 1.09 1.12 1.15 1.18 1.21 1.24 1.27 1.30 1.33 1.36 1.39 1.42 1.44 1.46 1.48 1.50 1.50 1.48 1.42 1.36 1.32 1.37 1.57 1.81 1.98 2.08 2.12 2.15 2.22 2.31 2.35 2.33 2.32 2.37 2.40 2.40 2.43 2.46 2.49 2.71 3.11 3.55 3.96 4.10 3.64
1.02 1.15 1.29 1.28 1.30 1.22 0.94 0.79 0.93 1.00 0.88 0.74 0.69 0.64 0.60 0.58 0.60 0.63 0.62 0.61 0.62 0.65 0.68 0.70 0.69 0.65 0.65 0.69 0.73 0.76 0.79 0.83 0.87 0.90 0.94 0.97 1.00 1.04 1.07 1.10 1.13 1.16 1.18 1.21 1.24 1.27 1.30 1.33 1.36 1.38 1.41 1.44 1.46 1.47 1.48 1.48 1.46 1.44 1.40 1.37 1.38 1.51 1.68 1.80 1.80 1.79 1.95 2.17 2.32 2.34 2.27 2.29 2.41 2.41 2.37 2.33 2.30 2.38 2.63 2.98 3.23 3.24 2.86 2.51
1.16 1.19 1.23 1.24 1.25 1.19 0.95 0.80 0.94 1.03 0.88 0.73 0.69 0.65 0.62 0.61 0.62 0.62 0.61 0.61 0.63 0.64 0.67 0.68 0.64 0.62 0.68 0.74 0.78 0.79 0.80 0.82 0.86 0.90 0.94 0.97 1.00 1.04 1.07 1.10 1.13 1.16 1.19 1.22 1.24 1.27 1.30 1.33 1.36 1.38 1.41 1.43 1.45 1.47 1.49 1.49 1.49 1.48 1.46 1.45 1.45 1.51 1.55 1.52 1.48 1.53 1.70 1.86 1.97 2.04 2.15 2.37 2.49 2.40 2.29 2.21 2.22 2.35 2.54 2.69 2.67 2.38 2.08 2.42
1.25 1.23 1.20 1.19 1.17 1.12 0.96 0.86 0.98 1.03 0.82 0.68 0.65 0.62 0.60 0.59 0.60 0.62 0.63 0.63 0.63 0.64 0.66 0.67 0.65 0.69 0.79 0.85 0.86 0.84 0.84 0.85 0.86 0.89 0.93 0.97 1.01 1.04 1.07 1.10 1.13 1.16 1.19 1.22 1.25 1.27 1.30 1.33 1.36 1.38 1.41 1.43 1.45 1.47 1.48 1.50 1.50 1.50 1.50 1.51 1.52 1.54 1.52 1.48 1.46 1.48 1.49 1.51 1.56 1.70 2.02 2.31 2.32 2.15 2.08 2.11 2.23 2.34 2.37 2.24 2.03 1.90 2.11 2.91
1.27 1.25 1.19 1.13 1.09 1.05 0.97 0.91 0.98 0.96 0.76 0.66 0.64 0.60 0.58 0.57 0.58 0.62 0.64 0.65 0.66 0.69 0.70 0.71 0.72 0.77 0.83 0.87 0.88 0.90 0.90 0.89 0.89 0.90 0.92 0.96 1.00 1.04 1.07 1.10 1.13 1.16 1.19 1.22 1.24 1.27 1.30 1.33 1.36 1.38 1.41 1.43 1.45 1.48 1.49 1.51 1.52 1.53 1.54 1.55 1.56 1.57 1.57 1.57 1.57 1.54 1.49 1.47 1.48 1.59 1.77 1.89 1.84 1.67 1.75 1.90 2.08 2.16 2.10 1.94 1.86 2.04 2.67 3.37
1.28 1.25 1.16 1.07 1.04 1.01 0.97 0.93 0.92 0.85 0.74 0.68 0.65 0.61 0.59 0.59 0.59 0.62 0.63 0.64 0.69 0.73 0.76 0.78 0.78 0.80 0.83 0.86 0.88 0.92 0.93 0.93 0.94 0.95 0.96 0.98 0.99 1.02 1.06 1.10 1.13 1.16 1.19 1.21 1.24 1.27 1.30 1.33 1.35 1.38 1.41 1.43 1.46 1.48 1.50 1.51 1.53 1.54 1.56 1.58 1.59 1.61 1.61 1.62 1.61 1.60 1.59 1.59 1.60 1.62 1.61 1.54 1.40 1.36 1.53 1.73 1.90 1.96 1.90 1.91 2.05 2.55 3.32 3.37
1.26 1.22 1.11 1.01 0.99 0.99 0.94 0.91 0.86 0.79 0.73 0.70 0.65 0.62 0.61 0.61 0.62 0.63 0.63 0.65 0.67 0.70 0.73 0.76 0.78 0.81 0.85 0.87 0.87 0.89 0.92 0.96 1.00 1.03 1.04 1.03 1.03 1.04 1.07 1.11 1.14 1.16 1.19 1.21 1.24 1.27 1.30 1.33 1.35 1.38 1.41 1.44 1.46 1.48 1.51 1.53 1.55 1.56 1.58 1.59 1.61 1.63 1.64 1.65 1.65 1.66 1.66 1.68 1.70 1.68 1.61 1.53 1.45 1.47 1.63 1.83 1.96 1.94 1.89 2.02 2.52 3.27 3.54 2.71
1.20 1.16 1.07 0.96 0.94 0.95 0.91 0.86 0.82 0.77 0.72 0.69 0.65 0.63 0.62 0.62 0.63 0.64 0.65 0.66 0.67 0.68 0.70 0.72 0.75 0.79 0.81 0.84 0.89 0.93 0.96 1.00 1.03 1.03 1.02 1.02 1.03 1.06 1.09 1.11 1.13 1.16 1.19 1.22 1.24 1.27 1.29 1.32 1.35 1.38 1.41 1.43 1.46 1.49 1.51 1.53 1.56 1.58 1.60 1.62 1.63 1.65 1.66 1.67 1.68 1.70 1.72 1.74 1.74 1.72 1.70 1.68 1.67 1.71 1.79 1.93 1.99 1.97 2.04 2.36 3.09 3.47 2.89 1.61
