windninja/windninja_output/Output_2025-08-09_1700-1750_Google earth_Fire_150m_10min/merlingen_7.5mi_point_08-09-2025_1700_150m_ang.asc
ncols	158
nrows	163
xllcorner	391686.332397
yllcorner	5160024.123721
cellsize	150.000000
NODATA_value	-32768.000000
[rows 43 to 85 of 163, columns 0 to 95 of 158]
220 220 220 221 222 224 226 229 232 234 236 239 242 245 249 251 254 258 261 264 268 271 275 278 281 286 290 294 298 300 299 300 303 309 315 320 320 318 318 317 315 315 317 318 320 325 326 326 326 323 319 319 326 331 329 326 328 332 332 330 330 330 330 332 334 333 333 334 340 349 351 345 343 341 337 340 353 2 1 353 348 345 338 331 331 339 351 351 343 336 331 328 322 319 326 339
224 224 224 224 225 226 228 230 232 234 237 240 243 246 249 252 255 258 262 265 268 272 276 279 282 286 290 294 297 300 301 302 305 311 316 320 318 314 313 315 315 315 315 315 319 325 326 326 325 323 322 323 330 335 334 332 333 336 334 332 331 330 329 329 327 328 330 334 342 351 351 348 348 346 344 350 2 9 5 354 345 339 333 329 332 346 353 347 341 335 331 328 320 316 325 340
228 227 227 226 227 228 229 231 233 235 237 240 243 246 249 252 255 258 262 266 269 272 276 280 284 287 291 294 297 300 302 304 307 312 316 318 316 313 313 316 318 316 313 314 322 329 328 326 323 323 323 326 332 337 337 336 337 336 333 332 333 332 332 330 326 325 328 332 340 346 346 346 348 348 351 359 9 12 4 352 342 335 329 328 338 349 348 343 339 335 331 325 318 317 326 339
231 230 229 228 229 230 231 232 233 235 237 240 243 245 249 252 255 259 263 266 270 273 277 281 285 288 291 294 297 300 303 305 308 312 316 317 316 316 316 318 318 315 313 316 326 328 326 323 322 322 325 329 336 341 340 339 338 334 330 331 333 333 331 329 327 326 328 333 339 342 340 342 345 349 357 5 12 9 358 346 337 331 328 331 341 346 342 340 338 336 331 324 320 321 329 339
233 232 231 231 231 233 234 234 234 236 238 240 242 245 249 252 256 260 263 267 270 274 278 282 285 289 292 295 298 301 303 306 308 311 315 316 316 317 317 317 317 316 315 321 329 327 323 320 320 325 329 334 342 343 344 342 338 333 330 330 332 330 327 326 324 324 328 334 339 341 340 341 344 350 1 10 13 5 351 341 333 330 331 337 342 343 340 339 337 334 330 326 325 328 334 340
235 235 233 232 233 235 236 236 236 237 239 241 243 246 249 253 256 260 264 267 271 275 279 283 286 289 293 296 299 301 304 306 309 311 314 316 316 316 317 318 317 316 317 325 329 325 321 320 323 329 336 343 344 342 343 340 334 331 329 332 333 328 323 322 321 322 328 334 339 341 340 341 345 353 4 12 11 2 351 342 337 336 336 340 343 343 342 341 338 333 331 329 330 334 338 344
238 237 235 234 235 237 238 237 237 238 239 241 243 246 249 253 257 261 264 268 272 276 280 283 287 290 294 297 299 302 305 307 309 312 315 317 318 318 319 319 317 316 319 325 326 321 319 321 326 335 346 348 344 343 342 338 332 328 329 332 333 328 323 319 319 323 328 334 339 341 342 343 348 356 5 8 4 359 353 347 342 340 341 342 343 343 343 341 336 334 333 333 335 338 342 350
241 239 236 234 236 238 238 238 238 239 240 241 243 246 249 253 257 261 265 269 273 277 281 285 288 291 295 298 300 303 306 308 310 312 315 317 318 319 319 320 319 319 322 325 323 319 318 323 330 341 347 343 340 341 340 335 329 327 329 332 332 328 321 317 319 325 330 335 339 341 342 345 351 359 2 1 359 357 353 348 344 342 343 343 342 341 340 337 334 334 335 336 339 344 349 356
245 242 238 236 237 237 236 237 238 239 240 241 244 246 250 253 257 261 265 270 274 278 282 286 289 292 296 299 301 304 306 308 311 313 315 317 318 318 319 320 321 320 322 324 322 319 320 329 340 347 345 340 337 337 335 329 326 327 331 334 333 329 320 316 320 327 332 337 340 342 344 348 354 357 357 355 355 354 352 348 346 344 343 342 340 338 336 333 332 333 336 338 342 349 354 352
248 245 240 239 241 239 237 237 238 238 239 242 244 247 250 254 258 262 266 271 275 279 283 287 290 294 297 300 303 305 307 309 311 313 315 316 318 319 320 322 322 320 321 323 323 320 324 338 347 346 343 341 339 337 330 324 324 329 335 338 336 331 320 316 322 330 336 341 343 344 347 350 354 356 355 353 353 351 348 345 347 348 345 341 337 334 333 333 333 334 338 340 344 347 346 339
247 245 241 240 242 240 238 238 239 239 240 243 245 248 251 255 259 263 267 272 276 281 285 288 292 295 298 301 304 306 308 310 312 314 316 317 318 319 320 322 323 321 321 323 324 324 330 341 343 341 341 340 338 335 328 323 326 334 340 340 337 330 320 318 325 333 340 346 347 347 348 352 355 356 355 354 354 351 344 343 347 348 347 345 341 336 333 335 336 339 341 342 343 342 332 325
246 245 243 242 242 240 238 239 240 241 242 245 247 249 253 256 260 264 269 273 277 282 286 290 293 297 300 302 305 307 309 311 313 315 316 318 319 320 321 322 322 320 320 322 324 326 333 339 337 336 340 339 336 332 325 324 331 341 344 342 338 331 322 321 328 338 344 350 350 349 351 355 358 356 354 354 355 351 345 344 346 345 346 348 349 345 341 339 341 344 343 341 339 336 318 315
246 246 245 245 247 245 242 241 241 242 243 246 249 252 255 258 262 266 270 274 279 283 288 291 295 298 301 304 306 308 310 312 314 316 317 318 319 321 321 322 321 319 319 321 324 326 331 334 333 336 340 338 335 331 324 326 338 345 344 341 338 332 326 325 332 341 347 351 351 352 357 2 360 355 354 355 355 350 346 346 345 343 345 348 350 351 352 352 351 348 342 336 334 329 314 312
249 248 247 246 248 249 248 246 244 244 244 245 250 254 257 260 263 268 272 277 281 284 289 293 296 300 302 305 307 310 312 313 315 317 318 319 320 321 322 322 322 321 321 323 325 327 329 330 331 335 339 336 334 331 324 329 343 347 343 339 334 331 328 328 334 342 348 350 351 357 5 3 357 355 354 355 354 349 346 346 345 344 344 347 348 351 357 1 2 356 342 333 331 328 319 317
251 250 248 245 244 246 248 248 247 247 245 243 247 254 259 263 266 270 274 279 283 287 291 294 298 301 304 306 309 311 313 315 316 318 319 320 321 322 323 323 323 324 324 325 325 326 326 326 328 333 337 334 332 329 324 332 345 345 341 337 333 330 329 330 336 344 348 352 356 2 2 356 354 354 354 354 352 348 347 348 348 347 346 347 348 351 357 3 2 355 343 333 330 328 321 319
252 251 250 247 246 245 245 247 249 251 248 244 246 252 259 266 269 272 276 281 285 289 292 296 300 303 305 308 310 312 314 316 317 319 320 321 322 323 324 324 325 325 325 325 325 325 324 324 325 329 334 334 331 328 326 334 343 341 336 333 332 332 331 333 339 346 350 355 1 0 355 353 353 353 352 352 349 346 347 350 352 352 351 352 354 357 360 360 355 345 333 328 328 325 319 319
253 252 251 250 249 247 247 247 250 254 252 249 248 251 257 265 272 276 279 283 287 291 295 298 301 304 307 309 312 314 315 317 319 320 321 322 323 324 325 325 326 326 327 327 327 326 326 325 325 328 332 332 329 327 327 335 341 336 332 331 331 332 334 336 342 348 352 358 1 356 353 352 352 351 351 350 346 345 348 351 353 354 355 357 360 1 1 354 345 333 325 322 322 321 317 325
254 254 252 251 250 250 250 250 252 254 255 254 254 254 256 262 271 278 283 286 290 293 297 300 303 306 309 311 313 315 317 318 320 321 322 323 324 325 326 326 327 327 328 328 328 328 328 328 328 328 330 329 326 325 328 336 338 332 329 329 330 332 334 338 344 349 353 1 360 353 351 351 349 348 349 348 346 347 351 354 356 356 358 0 1 0 356 347 335 326 321 320 319 320 323 335
256 255 254 253 252 252 252 253 254 255 256 258 260 260 258 261 268 277 285 290 293 296 299 302 305 307 310 312 314 316 318 320 321 322 323 324 325 326 327 327 328 328 329 329 329 329 329 329 329 329 329 327 323 322 327 334 333 329 327 327 329 331 334 338 344 349 357 3 357 350 350 349 346 346 347 346 347 352 355 357 359 359 1 3 0 354 345 337 328 322 321 322 322 326 336 349
258 257 256 255 254 253 253 254 255 256 258 261 265 267 265 265 268 275 283 291 295 298 301 304 307 309 311 314 316 318 319 321 322 323 324 325 326 327 328 328 329 329 330 330 330 330 330 330 329 329 330 329 324 322 328 332 329 326 326 327 330 332 334 338 344 351 1 2 353 349 348 347 345 345 346 347 350 355 358 360 2 4 6 5 359 348 335 328 323 320 322 323 325 335 349 9
260 260 259 258 257 256 256 256 256 257 259 263 268 272 273 272 272 276 282 290 296 300 303 306 309 311 313 315 318 319 321 322 323 325 326 327 327 328 329 329 330 330 331 331 331 331 330 330 330 330 330 330 326 325 330 333 329 326 327 329 332 334 336 340 344 351 358 354 349 348 348 346 344 344 346 350 354 356 359 2 5 7 8 3 356 342 329 323 319 318 322 326 334 350 9 38
262 262 261 261 261 261 260 259 259 259 261 265 271 275 278 281 280 281 284 291 297 301 305 308 311 313 314 317 319 320 322 324 325 326 327 328 328 329 330 330 331 331 331 332 332 331 331 331 331 330 330 329 326 325 329 332 330 328 328 328 332 337 341 344 342 346 348 345 345 347 347 345 343 344 348 352 354 356 360 4 7 8 5 359 349 333 325 321 318 320 328 336 350 15 43 76
262 262 262 262 262 262 263 262 262 263 264 267 273 278 282 286 288 288 289 292 298 303 306 309 312 314 316 318 320 322 323 325 326 327 328 329 329 330 331 331 332 332 332 332 332 332 332 332 332 331 330 328 326 324 327 329 328 328 329 328 332 343 351 347 344 344 343 343 344 345 345 344 343 345 349 351 352 355 1 6 9 7 1 354 342 328 322 320 322 330 340 353 19 49 78 99
261 260 261 262 263 264 264 263 263 265 268 271 274 281 285 288 292 294 295 297 302 308 310 312 315 316 317 320 322 323 325 326 327 328 329 330 330 331 332 332 333 333 333 333 333 333 333 333 332 332 331 329 327 325 325 324 323 325 326 328 337 348 348 344 344 343 343 344 344 343 344 343 343 346 349 349 351 356 3 7 6 1 354 347 336 327 322 322 331 342 356 21 48 77 96 106
262 260 260 260 263 267 267 264 264 266 271 274 276 282 289 291 293 297 301 303 306 312 314 317 319 319 319 320 321 323 325 327 328 329 330 331 331 332 333 333 333 334 334 334 334 334 334 334 333 332 331 330 329 327 325 322 318 317 319 326 338 343 339 339 341 343 344 345 344 342 342 341 342 344 347 349 351 356 2 2 357 351 343 337 331 323 320 328 342 356 20 46 73 89 96 99
268 266 263 262 263 267 269 265 266 270 274 277 280 283 289 294 296 300 305 306 309 313 316 320 324 325 323 321 321 322 325 327 328 330 331 332 332 333 333 334 334 335 335 335 335 335 335 334 334 333 333 332 330 329 327 324 320 317 317 322 330 333 332 332 335 340 345 346 344 343 343 341 340 342 346 348 351 355 357 353 347 341 333 330 324 315 316 336 354 19 44 70 85 89 87 81
276 276 274 270 269 268 267 268 271 275 280 284 287 291 295 299 301 303 306 309 312 315 317 320 326 331 328 324 323 323 325 327 329 330 331 332 333 334 334 335 335 335 336 336 336 336 335 335 335 334 334 333 332 331 329 327 325 323 321 322 325 326 325 325 327 334 339 342 343 344 345 342 339 342 346 348 351 353 352 346 341 335 330 329 320 312 321 348 13 40 62 76 79 76 69 59
278 279 280 279 276 271 269 276 279 280 283 288 291 296 301 305 307 308 309 311 314 316 317 320 327 335 333 329 328 328 327 327 328 330 332 333 334 335 335 336 336 336 336 337 337 336 336 336 336 335 335 334 333 332 331 330 329 328 327 326 326 324 320 318 318 323 328 332 336 342 345 341 338 343 348 350 351 350 347 342 338 335 335 329 317 315 333 5 35 57 67 69 63 55 42 33
277 278 281 281 278 275 275 281 284 281 279 283 286 291 297 303 308 311 315 317 318 318 319 321 329 336 335 335 335 334 332 330 329 330 331 333 334 335 336 336 337 337 337 337 337 337 337 337 337 336 336 335 335 334 333 332 332 331 330 330 329 327 324 321 319 318 318 320 325 333 338 337 337 344 349 350 349 348 346 343 341 341 339 326 317 323 352 24 53 65 66 59 47 34 21 8
278 279 280 281 279 278 279 283 284 280 276 279 284 288 293 299 305 310 316 321 324 324 325 326 332 335 335 336 339 339 338 337 334 332 332 333 334 336 337 337 338 338 338 338 338 338 338 338 337 337 337 336 336 335 335 334 334 333 332 332 331 330 329 328 326 323 321 319 320 322 325 326 332 342 346 347 346 346 348 350 349 345 335 324 321 340 14 43 62 63 54 47 41 26 3 341
280 281 282 281 281 280 281 283 283 280 279 283 288 293 297 301 305 309 314 320 325 328 330 331 334 336 335 336 339 342 342 342 339 336 334 334 335 336 337 338 338 339 339 339 339 339 339 338 338 338 338 337 337 336 336 335 335 335 334 334 333 332 331 331 329 328 327 326 324 321 319 317 322 334 341 342 343 345 351 354 351 342 330 323 330 4 37 54 57 49 38 31 30 14 341 329
282 282 282 283 282 281 282 283 283 283 285 288 291 296 301 305 309 312 315 319 322 326 329 332 335 338 337 338 340 342 344 344 342 341 339 338 337 337 337 338 339 340 340 340 340 340 339 339 339 339 338 338 338 337 337 337 336 336 335 335 334 334 333 333 332 331 331 330 328 326 324 322 324 330 336 339 341 347 353 354 347 336 326 326 351 32 52 52 45 37 23 15 7 342 331 325
283 283 282 283 282 281 282 282 283 286 288 291 294 298 303 307 311 314 318 321 323 325 328 331 335 337 338 339 341 343 345 345 344 344 343 341 340 339 338 339 340 340 341 341 341 340 340 340 340 339 339 339 339 338 338 338 337 337 337 336 336 335 335 334 334 334 333 332 331 330 330 329 330 331 333 335 339 347 354 350 338 329 325 338 24 49 52 44 37 31 11 1 345 327 323 321
286 283 281 281 281 281 282 283 284 286 290 293 297 301 305 309 312 315 319 322 325 327 329 332 335 338 338 337 339 343 346 347 347 347 344 342 340 339 339 340 340 341 341 341 341 341 341 341 340 340 340 340 339 339 339 339 338 338 338 337 337 337 336 336 335 335 334 334 333 333 333 333 332 332 332 332 335 344 349 341 330 325 331 13 57 61 52 48 40 21 359 348 331 319 317 320
290 284 277 276 278 280 281 282 284 288 293 297 300 303 307 310 314 317 321 324 327 329 331 334 338 342 339 336 337 341 346 349 350 349 347 344 342 341 340 340 341 342 342 342 342 342 342 341 341 340 340 340 340 340 339 339 339 339 339 338 338 338 337 337 337 336 336 335 335 335 335 335 334 334 333 332 333 339 341 334 326 329 2 49 61 57 50 41 24 360 347 338 328 320 319 323
299 286 269 270 278 282 282 284 288 294 299 302 304 306 309 313 315 318 323 326 328 330 331 335 341 345 342 338 338 341 346 350 351 351 349 348 346 345 343 341 341 343 343 343 343 343 342 342 341 341 340 340 340 340 340 340 340 340 340 339 339 339 338 338 338 337 337 336 336 336 336 336 336 335 335 334 334 336 336 330 328 350 26 37 33 29 26 13 353 344 337 332 326 322 324 327
328 298 264 270 280 288 294 294 296 301 305 307 308 310 313 316 318 320 324 327 329 330 332 335 341 344 344 343 342 343 345 348 351 352 351 350 350 350 347 344 342 342 343 344 344 343 343 342 341 340 340 340 340 340 341 341 341 340 340 340 340 339 339 339 338 338 338 337 337 337 337 337 337 336 336 336 336 336 334 331 339 4 16 16 16 15 9 353 341 334 329 326 324 323 326 329
12 340 294 288 295 309 317 314 311 312 313 313 313 314 316 318 320 322 325 327 329 331 333 337 340 342 343 345 346 346 345 346 350 353 354 353 353 353 352 349 347 344 343 344 343 343 342 341 340 338 339 339 340 340 341 341 341 341 341 341 340 340 340 340 339 339 339 338 338 338 338 338 338 337 337 337 337 337 335 335 348 2 5 7 10 7 353 339 333 329 326 324 322 323 325 326
37 347 295 299 307 319 335 335 329 326 324 321 318 317 318 319 321 323 325 327 329 332 334 338 341 341 341 344 347 347 346 345 347 351 355 357 357 355 354 354 353 351 348 347 344 342 341 339 336 332 333 336 339 341 341 342 342 342 341 341 341 341 341 340 340 340 339 339 339 339 338 339 338 338 338 338 338 338 338 340 349 357 3 7 7 357 339 332 329 328 326 324 322 323 325 324
35 331 304 309 315 328 344 347 343 338 334 328 323 321 321 322 322 323 325 327 328 331 333 337 341 341 341 343 346 347 347 345 345 348 352 358 359 358 356 356 357 357 355 354 351 348 346 345 342 338 335 334 336 339 341 342 342 342 342 342 342 341 341 341 340 340 340 340 339 339 339 339 339 339 338 339 339 339 340 342 347 354 3 8 2 343 332 328 327 327 326 326 325 326 327 326
326 326 323 323 326 334 343 350 350 346 340 332 326 323 322 323 324 323 324 325 326 329 332 336 339 341 342 344 346 348 348 348 348 349 350 354 357 358 357 357 358 357 356 354 354 352 351 349 348 348 347 344 340 340 342 343 343 343 343 342 342 342 341 341 341 341 340 340 340 340 340 339 339 339 339 339 339 340 341 343 347 354 1 2 349 334 326 325 325 324 324 325 325 326 327 327
309 317 326 329 334 337 344 351 352 347 338 333 329 326 325 325 325 323 323 324 324 326 330 334 336 338 342 345 348 349 350 352 353 355 355 354 354 355 356 357 356 355 353 352 351 351 350 348 347 349 351 351 348 346 345 344 344 343 343 343 342 342 342 342 341 341 341 341 340 340 340 340 339 339 339 339 339 340 341 343 348 353 357 353 338 329 324 322 321 321 321 321 323 324 325 325
292 298 312 316 326 334 348 355 349 340 335 334 333 331 331 332 329 326 324 322 321 322 324 328 332 335 340 345 347 348 351 354 356 359 360 358 357 356 355 353 353 353 352 352 351 350 347 344 343 344 347 349 351 350 347 345 344 343 343 343 342 342 342 342 342 341 341 341 341 340 340 340 340 339 339 339 339 340 341 343 347 351 353 347 331 325 324 323 323 322 321 321 322 324 326 326
