windninja/windninja_output/Output_2025-08-09_1700-1750_Google earth_Fire_150m_10min/merlingen_7.5mi_point_08-09-2025_1740_150m_ang.asc
ncols	158
nrows	163
xllcorner	391686.332397
yllcorner	5160024.123721
cellsize	150.000000
NODATA_value	-32768.000000
[rows 0 to 46 of 163, columns 0 to 95 of 158]
274 268 258 251 246 244 241 235 233 234 232 226 220 219 223 231 240 244 247 256 260 251 244 247 254 260 262 260 262 266 268 269 271 273 275 281 286 286 287 289 291 294 298 301 305 310 314 317 321 327 332 335 337 340 342 342 341 340 340 341 343 345 346 346 346 349 350 351 352 352 353 355 356 356 356 358 1 2 0 360 2 4 6 8 9 9 8 11 13 13 14 15 15 16 18 23
273 267 258 250 246 243 239 236 236 236 232 225 218 219 226 233 240 243 249 255 257 253 249 250 254 259 262 263 265 267 269 271 274 277 281 285 289 294 296 299 301 303 306 310 314 318 322 323 324 326 329 332 334 337 340 341 341 341 341 342 343 345 346 346 347 348 350 352 352 352 354 356 356 356 356 359 2 3 0 0 4 6 7 9 11 9 7 11 14 15 14 15 16 17 18 21
271 266 257 250 248 242 237 237 239 238 232 222 218 222 230 237 242 245 251 254 254 257 259 258 257 259 263 267 269 270 272 276 279 284 289 292 297 302 306 310 312 314 316 318 321 325 328 330 331 330 329 331 334 336 339 340 341 342 343 345 345 345 346 347 348 349 350 352 353 353 355 357 356 355 357 360 3 3 2 2 5 8 8 10 12 8 6 9 14 16 14 14 14 14 14 16
267 261 252 247 244 239 235 237 238 235 229 219 218 226 235 243 247 248 251 252 253 257 262 265 264 264 266 270 274 276 278 281 285 290 295 298 301 304 308 313 316 319 321 322 325 327 330 333 336 336 336 337 339 340 340 340 340 341 343 345 346 346 347 348 349 350 351 352 353 354 357 357 356 356 358 359 0 2 4 5 5 8 10 9 9 7 4 6 10 12 13 13 10 10 10 10
257 252 244 240 239 236 235 238 238 233 225 219 219 228 240 247 249 250 251 251 253 259 266 272 271 271 272 275 279 283 286 289 293 297 300 302 304 307 311 316 320 322 324 325 327 329 331 333 336 337 339 340 340 341 341 341 341 341 342 344 345 347 348 349 349 350 351 352 353 356 358 357 357 357 359 360 359 0 4 7 7 7 9 8 9 9 4 1 3 6 9 11 9 6 6 5
248 245 238 234 234 234 236 239 236 230 225 221 221 232 244 248 249 249 250 251 255 261 269 276 277 276 276 277 281 287 291 295 298 302 305 307 310 313 316 319 322 323 323 325 327 328 330 332 334 337 340 341 340 340 341 341 341 342 342 344 345 347 349 349 350 351 352 352 354 357 360 359 357 357 360 2 1 360 3 10 10 7 6 7 8 10 6 358 355 358 2 5 5 4 2 3
229 231 231 231 232 232 235 235 232 228 225 224 224 235 246 249 249 248 248 251 255 260 267 276 280 279 278 280 284 288 292 295 298 303 307 311 314 316 318 320 321 321 321 322 324 325 328 330 333 337 340 342 342 341 341 340 341 341 342 343 345 348 350 351 351 352 352 352 354 357 360 360 358 358 359 1 3 3 5 10 10 5 4 6 8 11 10 2 353 350 351 355 0 2 2 4
207 214 221 226 230 232 233 232 229 228 227 226 227 237 246 249 249 249 249 252 255 260 265 274 282 283 282 283 285 288 291 294 296 300 304 308 311 313 315 316 317 318 319 320 321 323 326 329 332 336 339 340 342 343 342 340 341 341 342 343 344 348 351 353 354 354 352 352 354 356 357 358 359 1 0 1 4 7 10 11 8 4 3 5 7 9 9 5 359 350 345 348 354 359 3 3
188 198 210 218 225 230 231 229 228 228 229 230 230 237 246 248 248 250 251 253 257 261 264 270 280 287 287 285 287 289 290 293 296 298 300 302 304 307 308 310 312 313 315 318 320 323 325 328 331 336 338 338 340 342 341 340 341 342 342 343 344 346 349 352 355 354 352 351 354 357 356 357 360 3 3 2 4 9 12 11 7 3 360 1 3 4 6 5 1 357 355 355 356 357 359 358
176 186 201 209 216 222 226 227 228 229 230 232 233 238 245 247 248 251 253 254 257 260 263 268 275 285 289 287 288 291 291 292 295 297 297 298 300 303 305 307 309 312 314 317 318 321 325 327 330 335 336 337 339 339 338 338 339 340 341 343 344 344 345 348 351 351 350 351 355 359 360 358 359 2 4 5 7 9 9 6 5 3 359 356 357 358 0 0 359 360 2 1 357 357 359 359
168 178 193 202 209 215 220 223 225 227 230 232 234 239 246 249 251 253 255 257 259 260 263 267 273 281 288 288 288 291 290 290 293 295 295 296 299 302 305 308 311 313 315 317 318 319 323 325 327 331 332 333 335 334 333 333 335 336 338 341 341 339 340 342 341 342 345 349 356 1 1 359 359 2 6 9 9 6 0 359 2 4 3 358 353 353 354 354 355 1 5 3 359 360 2 3
164 171 185 196 204 211 216 220 223 226 229 231 234 239 247 252 253 254 257 260 262 262 263 265 269 274 279 283 285 287 287 287 291 294 294 294 297 301 305 308 311 312 315 318 319 319 321 322 322 322 321 321 322 320 319 321 324 327 331 333 329 324 325 326 327 329 335 344 354 356 357 359 360 1 5 7 6 2 356 354 358 3 4 1 355 353 354 354 355 0 4 4 2 1 3 6
161 167 179 190 199 206 213 217 221 225 228 230 233 238 247 254 256 257 258 260 263 263 263 264 265 266 271 278 282 285 286 288 291 293 293 294 296 301 305 308 310 312 316 319 319 320 322 321 315 312 310 308 304 298 296 299 308 317 324 320 307 304 303 301 303 308 316 329 340 346 351 357 358 358 358 359 360 359 357 356 357 360 1 360 357 356 358 359 359 1 4 7 6 3 5 10
160 165 175 186 195 203 209 214 219 223 226 230 232 235 244 254 259 262 261 261 262 263 263 262 262 264 270 277 282 284 287 288 290 292 294 296 298 301 304 308 309 308 309 309 309 311 318 325 323 318 315 314 310 300 293 292 296 307 328 334 328 325 321 315 308 301 300 307 317 330 344 351 353 352 352 352 354 356 358 359 357 356 357 358 0 1 1 3 5 4 6 12 13 11 14 20
158 163 173 182 191 200 206 212 217 221 225 229 231 233 240 250 257 261 263 262 262 262 261 261 261 265 271 276 280 283 285 287 290 293 297 299 300 300 301 300 297 293 289 288 293 298 308 322 330 333 332 332 332 328 325 324 324 332 342 343 341 339 339 341 340 332 325 317 310 314 329 340 345 348 350 351 350 354 359 358 354 353 354 359 4 6 5 10 14 13 15 24 31 32 34 36
157 162 171 180 189 197 204 210 215 220 224 227 230 232 238 247 252 255 259 261 261 261 261 261 263 268 274 277 280 284 288 291 294 296 296 295 293 290 288 286 284 286 292 300 309 315 319 322 326 333 339 343 343 342 344 347 349 348 347 343 341 342 344 349 351 347 342 337 330 322 319 325 333 343 349 350 351 357 359 354 350 351 355 1 9 14 16 22 26 27 30 37 41 42 43 44
156 160 169 178 186 194 201 207 214 218 222 226 230 234 241 248 250 251 254 258 260 260 261 263 266 269 274 278 282 286 290 291 291 290 286 284 284 284 286 291 298 307 314 318 323 327 329 332 331 330 336 342 344 343 346 352 355 354 349 344 342 343 347 351 351 349 347 344 343 340 329 318 319 330 341 347 354 357 354 352 354 358 1 8 19 29 35 42 41 31 26 27 30 32 34 36
156 160 168 177 185 192 199 205 211 217 221 225 230 235 242 250 252 252 252 255 257 260 262 265 268 269 273 278 283 285 286 285 283 281 282 286 292 297 303 308 313 317 318 320 325 328 330 335 336 333 333 338 342 344 347 350 353 353 350 346 344 346 350 352 350 349 349 348 349 348 342 334 327 326 332 342 350 352 352 356 4 8 11 21 33 41 45 42 34 20 15 21 25 26 28 31
156 159 167 175 183 191 198 204 210 215 220 225 230 235 242 249 253 253 254 255 257 260 263 267 269 270 273 278 281 282 281 281 281 285 289 294 299 304 308 310 313 317 318 322 325 327 329 332 335 335 334 335 339 344 346 347 349 351 350 347 346 349 352 352 349 348 349 352 353 349 346 345 342 338 336 335 340 347 356 10 18 19 20 23 26 28 27 26 24 18 9 14 21 23 24 27
156 159 166 174 182 189 196 203 209 214 219 224 229 234 240 246 251 253 254 256 258 260 264 266 269 271 274 277 280 282 282 283 285 288 290 294 299 305 311 314 317 321 323 326 328 329 330 332 333 333 334 336 337 340 342 344 347 350 349 348 348 351 352 350 348 347 349 353 352 348 349 351 351 350 349 346 347 356 8 17 18 15 12 12 14 18 20 22 23 20 10 7 16 21 23 23
157 159 166 173 181 188 195 202 208 213 218 224 229 233 238 243 248 251 253 255 258 260 263 266 269 272 274 277 280 283 285 287 289 293 298 302 306 312 318 320 323 325 325 327 328 329 330 333 335 334 335 338 338 338 338 341 345 348 350 350 352 353 351 348 347 347 348 349 349 350 354 357 356 354 353 355 360 5 9 11 10 9 9 7 8 14 19 22 22 19 11 7 14 21 22 21
157 159 166 173 180 187 195 201 207 212 217 223 228 233 237 241 245 249 252 255 258 261 264 267 269 271 274 277 280 284 288 293 296 300 305 309 311 315 320 322 324 326 327 327 327 328 330 334 336 336 337 339 339 339 338 339 341 344 349 353 354 353 350 349 346 345 346 347 349 354 0 2 1 356 354 355 358 4 8 11 10 11 12 8 5 10 15 18 18 16 12 8 13 20 20 18
156 160 166 173 180 186 194 200 207 212 216 222 227 232 236 240 244 248 251 254 257 261 264 267 269 272 275 277 280 285 292 299 302 302 305 307 309 312 317 321 324 326 328 327 327 329 332 335 337 338 338 339 340 341 340 340 341 342 348 353 354 351 349 348 344 344 346 349 354 2 5 5 3 358 354 352 354 359 4 10 14 15 15 12 6 6 8 11 14 15 13 9 12 18 19 18
157 160 166 173 179 186 193 200 206 212 216 221 226 231 235 240 244 248 251 254 257 261 264 267 270 272 274 276 280 286 294 301 302 301 301 303 305 308 314 319 323 326 328 328 328 331 335 337 338 338 338 339 340 341 342 342 342 343 347 351 352 350 346 343 341 344 349 354 2 9 10 7 1 356 356 356 354 354 358 7 14 16 16 16 11 4 1 5 12 16 15 12 14 19 20 19
158 160 166 173 180 186 193 200 206 212 216 221 226 231 235 239 244 248 252 255 258 261 264 267 270 272 273 275 280 287 295 300 302 301 302 303 306 309 314 319 323 326 329 329 329 333 338 339 339 338 338 339 340 341 342 344 344 346 348 349 349 346 342 340 341 346 352 2 12 15 12 3 355 354 359 4 359 351 353 1 10 13 16 18 16 8 1 3 10 16 16 14 16 19 21 20
159 161 167 173 180 186 193 199 206 211 216 221 226 231 235 240 244 248 252 255 259 262 265 268 271 272 272 275 280 288 295 300 303 305 306 307 309 311 314 320 324 327 328 327 329 336 340 339 339 339 339 339 338 338 341 344 347 351 351 348 343 339 339 343 349 353 359 9 16 17 7 354 350 356 4 9 6 355 348 354 1 7 11 15 16 12 6 6 10 14 13 11 14 18 20 21
160 162 167 174 180 186 193 199 206 211 216 221 227 232 236 241 245 248 252 255 259 263 266 269 272 273 273 276 281 287 294 299 303 306 308 310 312 312 315 322 325 327 327 326 330 339 342 341 340 341 343 342 340 338 338 344 352 357 354 347 338 333 336 347 357 3 8 13 15 10 358 350 351 358 4 8 10 3 350 346 352 360 6 10 12 12 10 11 14 15 10 5 9 16 19 21
161 163 168 174 181 187 193 200 206 212 217 222 227 232 237 242 245 249 252 256 260 264 268 271 273 276 279 280 283 287 292 297 302 307 309 312 313 312 315 322 327 326 327 329 333 340 343 343 342 342 345 345 344 341 340 347 357 358 351 344 337 334 337 349 1 9 13 15 11 2 355 353 355 360 4 5 7 7 359 347 346 353 360 2 6 10 13 14 18 19 12 3 2 11 17 19
162 164 170 176 182 188 194 200 206 212 218 223 228 233 238 242 246 250 254 258 262 265 269 272 276 281 286 287 287 289 291 296 304 308 312 317 319 316 317 325 330 329 330 332 335 340 342 344 344 343 345 346 346 344 345 352 356 353 347 341 337 340 347 355 3 9 13 12 3 355 353 357 0 4 6 4 3 7 6 356 346 347 353 357 3 11 16 17 19 21 18 8 360 4 11 15
163 165 171 177 183 188 195 201 207 213 218 224 229 233 238 242 247 251 255 259 263 266 270 275 280 287 293 293 292 293 294 297 304 310 317 326 328 323 321 328 331 332 335 336 338 342 343 343 343 345 348 347 347 348 351 355 355 349 344 338 336 344 357 4 7 9 9 5 357 351 352 360 7 10 9 4 1 7 11 5 351 345 348 356 5 13 16 14 16 21 21 16 5 360 4 9
165 167 172 178 184 190 196 202 208 214 219 224 230 235 239 244 248 252 256 260 264 268 272 277 283 291 296 297 296 296 295 296 303 311 319 330 333 326 323 328 331 333 337 337 340 342 341 339 338 343 348 347 348 351 354 360 357 347 340 337 338 348 3 12 12 6 3 359 353 349 352 4 11 10 6 3 2 7 12 10 359 349 348 355 4 8 8 9 13 19 23 23 17 7 1 4
167 168 173 180 186 191 197 203 209 215 220 225 231 236 240 245 249 254 258 262 267 271 275 280 286 293 298 301 301 300 298 300 305 309 317 331 332 324 322 327 329 331 334 335 338 340 337 333 333 337 341 342 346 351 356 3 359 348 339 336 342 356 8 15 10 1 357 355 352 352 358 5 4 1 1 1 4 7 10 12 7 360 355 355 359 3 5 10 17 22 26 28 28 22 11 4
169 171 175 181 187 193 198 205 211 216 221 226 232 236 241 245 250 255 260 265 269 273 278 282 289 296 301 305 309 310 307 307 307 306 311 327 330 321 320 324 326 329 332 332 334 336 332 330 333 335 336 338 342 347 356 360 356 350 344 340 347 359 8 11 7 359 353 351 352 357 1 360 356 357 359 1 2 4 9 13 13 10 4 359 0 3 8 15 22 27 30 31 31 28 19 6
171 173 178 183 189 195 201 206 212 218 222 228 233 237 242 246 251 256 261 266 271 276 281 286 290 297 302 308 314 314 310 307 307 305 308 322 327 320 319 324 326 329 332 331 332 332 329 330 334 334 335 337 339 343 351 353 349 348 349 350 352 358 3 5 5 2 353 347 349 356 359 357 357 359 360 359 359 1 5 13 18 17 13 6 2 6 12 14 18 23 27 28 28 24 17 7
173 175 181 186 191 197 202 208 214 219 224 229 234 239 244 248 253 258 262 267 272 278 284 289 292 297 303 310 316 314 309 306 307 308 309 320 327 322 322 327 328 330 331 330 330 328 327 331 333 333 335 337 338 342 345 346 343 342 347 354 357 358 358 360 4 5 359 348 343 348 356 1 2 3 1 358 356 356 0 12 19 19 17 14 7 6 13 15 14 18 21 21 20 18 15 10
175 178 183 188 194 199 204 210 215 220 225 230 236 241 245 250 255 259 264 269 274 279 285 290 295 300 305 312 316 315 311 310 311 311 312 319 328 326 324 326 328 330 330 330 330 328 331 334 335 336 339 340 342 344 344 343 342 342 344 351 358 359 356 355 0 6 3 352 343 344 355 5 7 6 2 357 356 356 360 9 16 18 20 22 17 8 9 14 14 13 14 15 17 19 19 13
179 180 185 191 197 202 207 212 217 222 226 231 237 242 247 252 256 261 266 271 276 281 286 291 296 302 308 314 318 316 315 315 314 311 310 315 325 328 326 325 328 330 331 332 332 332 336 337 337 339 340 342 345 346 345 345 347 348 348 351 356 358 354 351 354 1 1 355 349 350 1 8 9 4 359 358 359 3 7 6 9 16 22 27 26 14 3 9 12 9 8 12 16 21 19 12
182 184 188 194 200 206 210 214 219 224 228 232 237 242 247 252 257 262 267 272 277 282 287 292 298 304 310 317 320 316 316 316 313 310 309 314 324 330 327 328 331 331 332 333 334 335 338 339 341 342 341 342 345 346 345 345 349 352 353 353 356 358 355 351 351 354 357 355 356 3 9 6 0 357 359 2 360 2 9 10 7 11 18 24 26 18 4 3 8 8 7 11 15 17 17 16
186 188 192 198 204 208 212 216 221 225 228 233 238 243 249 254 259 264 269 274 279 284 289 294 299 305 312 320 319 314 314 314 313 312 312 317 331 334 329 332 334 334 334 335 336 338 339 342 346 346 343 344 347 349 347 346 349 353 354 355 358 1 0 357 353 352 352 355 3 10 6 358 356 359 5 5 357 357 7 14 11 9 13 17 21 19 11 2 4 7 8 11 14 16 21 24
191 193 197 202 207 211 215 218 222 225 229 234 239 244 250 255 260 265 271 276 280 285 290 295 300 306 312 317 316 312 311 313 314 314 314 322 338 337 334 335 335 334 334 336 339 340 340 343 346 345 343 344 347 349 349 349 350 352 354 355 359 5 9 5 358 353 352 358 6 4 356 355 359 8 10 2 355 355 2 12 15 14 14 14 18 20 14 3 1 6 11 12 16 21 26 25
198 198 202 206 209 212 215 219 222 226 230 235 239 245 250 255 260 266 272 277 282 287 292 296 301 306 311 314 315 312 311 313 315 315 318 329 336 335 336 337 338 336 335 337 339 340 342 344 345 346 344 342 343 345 347 350 350 351 352 355 1 10 16 12 2 355 355 1 2 356 353 359 7 10 5 356 355 356 359 8 16 18 16 15 17 17 11 4 2 6 9 14 22 29 29 25
205 205 206 209 211 214 216 219 223 226 230 235 240 245 250 255 261 267 273 278 283 288 293 297 301 306 310 313 316 315 312 314 317 318 325 334 336 334 335 336 338 338 339 341 340 340 343 346 348 347 343 341 341 342 344 347 350 351 352 357 5 11 13 11 6 357 356 359 357 356 1 7 6 2 356 353 356 359 0 8 15 15 14 14 12 10 9 8 7 7 7 15 27 33 29 22
212 211 211 212 214 216 217 220 224 227 230 235 240 245 251 256 262 268 273 279 285 290 294 298 302 306 309 313 316 316 314 316 319 323 331 337 338 336 335 335 335 337 340 340 339 341 344 346 347 344 338 338 341 343 343 345 351 355 358 2 6 4 2 5 5 359 355 355 357 2 8 7 2 357 352 353 360 3 5 9 12 12 11 10 6 7 13 16 14 10 9 15 24 28 24 18
217 217 216 216 216 217 219 221 225 227 230 234 240 245 251 257 263 269 275 280 286 291 295 299 302 306 310 313 316 316 316 317 321 327 332 336 335 332 333 333 333 334 335 334 336 342 346 346 345 340 335 336 343 348 348 349 355 360 3 3 1 356 353 356 358 355 352 353 360 6 7 5 3 358 355 358 5 8 9 9 9 9 7 3 3 11 20 22 20 16 13 14 20 25 24 20
222 222 221 220 219 220 221 223 225 228 231 235 240 246 252 258 263 270 276 281 286 291 296 300 303 307 310 313 315 317 317 319 323 327 331 333 330 327 328 330 332 333 331 330 337 346 348 345 341 338 337 341 348 353 354 356 360 3 3 359 356 352 350 348 347 348 350 353 0 6 6 6 6 4 3 7 11 13 13 11 7 3 360 1 9 20 24 25 24 22 18 16 18 24 27 26
227 226 224 223 223 223 224 225 227 229 232 236 241 246 252 258 264 270 276 282 287 292 297 301 304 308 310 313 315 318 319 321 323 327 330 330 327 326 327 330 333 331 329 331 342 349 347 341 337 336 339 345 353 359 1 3 4 2 356 353 352 351 349 345 342 343 348 353 359 3 5 7 10 11 13 16 16 16 14 9 3 358 358 7 20 24 24 24 26 26 23 18 18 25 30 30
231 229 227 226 226 226 227 227 229 231 233 237 241 246 252 258 264 271 277 283 289 293 298 302 305 308 311 313 316 318 320 321 324 327 329 329 328 328 329 330 331 329 329 335 346 347 341 336 334 337 343 350 0 6 6 5 4 357 349 347 349 348 345 343 342 344 349 356 1 2 4 7 12 16 19 21 19 15 10 5 1 0 7 18 24 24 21 21 24 27 25 19 20 27 32 31
