windninja/windninja_output/Output_2025-08-09_1700-1750_Google earth_Fire_150m_10min/merlingen_7.5mi_point_08-09-2025_1750_150m_vel.asc
ncols	158
nrows	163
xllcorner	391686.332397
yllcorner	5160024.123721
cellsize	150.000000
NODATA_value	-32768.000000
[rows 114 to 151 of 163, columns 0 to 83 of 158]
1.24 1.13 0.92 0.80 0.77 0.73 0.68 0.67 0.68 0.70 0.75 0.88 0.99 1.00 0.93 0.88 0.95 1.12 1.27 1.30 1.37 1.51 1.56 1.29 1.15 1.23 1.26 1.14 1.05 1.10 1.17 1.30 1.41 1.50 1.52 1.34 1.25 1.30 1.31 1.26 1.19 1.32 1.56 1.62 1.51 1.41 1.43 1.43 1.35 1.30 1.28 1.29 1.38 1.49 1.58 1.64 1.65 1.68 1.79 1.90 1.92 1.92 1.98 2.05 2.02 2.06 2.21 2.32 2.34 2.26 2.09 1.94 1.84 1.81 1.94 2.10 2.07 1.95 1.90 2.04 2.19 2.07 1.75 1.57
1.30 1.24 1.10 0.99 0.93 0.89 0.85 0.77 0.70 0.71 0.84 1.02 1.09 1.10 1.05 1.05 1.16 1.24 1.21 1.16 1.25 1.50 1.85 1.96 1.80 1.64 1.58 1.51 1.47 1.38 1.38 1.51 1.62 1.59 1.58 1.53 1.46 1.44 1.37 1.35 1.48 1.80 1.96 1.87 1.72 1.70 1.67 1.55 1.43 1.40 1.39 1.39 1.40 1.44 1.53 1.60 1.61 1.62 1.71 1.84 1.93 1.95 1.98 2.06 2.09 2.08 2.17 2.28 2.34 2.34 2.27 2.18 2.04 1.83 1.76 1.99 2.19 2.11 1.93 1.94 2.17 2.23 2.03 1.89
1.34 1.29 1.18 1.07 0.98 0.93 0.91 0.90 0.88 0.88 1.02 1.11 1.10 1.12 1.16 1.21 1.24 1.20 1.16 1.24 1.44 1.74 2.11 2.35 2.34 2.08 1.82 1.68 1.61 1.72 1.84 1.96 1.96 1.84 1.76 1.82 1.84 1.75 1.66 1.70 1.91 2.15 2.12 1.95 1.85 1.76 1.57 1.44 1.48 1.54 1.54 1.52 1.46 1.43 1.47 1.55 1.59 1.60 1.65 1.75 1.87 1.93 1.97 2.02 2.09 2.11 2.15 2.23 2.33 2.38 2.38 2.38 2.40 2.27 1.89 1.79 2.02 2.22 2.09 1.90 2.02 2.15 2.03 1.99
1.35 1.28 1.16 1.06 0.97 0.92 0.93 1.01 1.11 1.16 1.15 1.10 1.07 1.13 1.23 1.23 1.13 1.12 1.28 1.56 1.80 2.03 2.17 2.31 2.53 2.66 2.55 2.22 2.19 1.99 1.89 1.90 2.12 2.49 2.71 2.64 2.41 2.16 2.10 2.30 2.52 2.43 2.18 2.05 1.94 1.76 1.67 1.70 1.76 1.79 1.77 1.68 1.56 1.50 1.50 1.57 1.63 1.63 1.63 1.69 1.78 1.90 2.02 2.09 2.13 2.13 2.17 2.24 2.32 2.39 2.45 2.51 2.64 2.73 2.55 2.13 1.94 2.13 2.26 2.12 2.06 2.11 1.99 1.94
1.38 1.28 1.15 1.07 1.00 0.99 1.01 1.07 1.16 1.23 1.19 1.11 1.09 1.15 1.23 1.20 1.11 1.14 1.41 1.62 1.72 1.81 1.87 1.97 2.21 2.64 3.05 3.17 3.15 2.91 2.44 2.39 2.88 3.44 3.54 3.62 3.54 3.10 2.97 3.11 2.99 2.69 2.36 2.12 1.97 1.95 1.99 2.06 2.07 2.02 1.91 1.75 1.63 1.56 1.53 1.57 1.64 1.66 1.65 1.67 1.73 1.81 1.96 2.13 2.24 2.28 2.30 2.33 2.35 2.37 2.42 2.49 2.61 2.83 3.00 2.82 2.39 2.21 2.30 2.36 2.36 2.29 2.07 1.91
1.46 1.35 1.20 1.09 1.01 1.02 1.03 1.04 1.05 1.08 1.10 1.10 1.12 1.15 1.16 1.17 1.22 1.24 1.33 1.39 1.41 1.46 1.55 1.69 1.87 2.10 2.44 2.74 3.05 3.41 3.64 3.88 3.95 3.67 3.24 3.38 3.77 4.01 4.01 3.96 3.63 3.12 2.72 2.49 2.45 2.39 2.23 2.16 2.12 2.00 1.86 1.73 1.63 1.56 1.51 1.53 1.59 1.65 1.67 1.68 1.70 1.74 1.79 1.90 2.06 2.18 2.23 2.29 2.36 2.36 2.32 2.35 2.47 2.69 3.00 3.21 3.04 2.67 2.46 2.39 2.39 2.38 2.19 1.99
1.51 1.40 1.26 1.17 1.04 0.94 0.90 0.92 0.95 0.99 1.01 1.07 1.18 1.22 1.20 1.23 1.28 1.29 1.26 1.24 1.23 1.25 1.36 1.50 1.63 1.75 1.85 1.96 2.36 2.96 3.43 3.59 3.31 2.81 2.46 2.61 3.18 3.65 3.76 3.81 3.89 3.76 3.48 3.28 3.13 2.91 2.69 2.56 2.36 2.08 1.90 1.78 1.68 1.61 1.54 1.51 1.53 1.59 1.63 1.67 1.71 1.71 1.65 1.53 1.40 1.40 1.45 1.62 1.94 2.19 2.25 2.24 2.27 2.41 2.71 3.14 3.40 3.23 2.88 2.61 2.44 2.38 2.25 2.08
1.55 1.45 1.38 1.46 1.47 1.28 1.14 1.05 0.97 0.95 0.98 1.06 1.19 1.28 1.36 1.38 1.33 1.28 1.23 1.13 1.06 1.11 1.21 1.32 1.49 1.61 1.68 1.84 2.25 2.64 2.62 2.42 2.28 2.16 2.13 2.24 2.40 2.60 2.59 2.72 3.19 3.54 3.49 3.17 2.94 2.86 2.83 2.74 2.51 2.24 1.99 1.83 1.75 1.68 1.59 1.55 1.57 1.59 1.61 1.61 1.58 1.46 1.30 1.16 1.01 0.91 0.80 0.76 1.09 1.65 1.99 2.09 2.09 2.11 2.31 2.73 3.27 3.58 3.49 3.17 2.86 2.63 2.38 2.21
1.56 1.50 1.49 1.60 1.72 1.76 1.72 1.58 1.31 1.06 0.99 1.09 1.20 1.23 1.25 1.28 1.26 1.17 1.03 0.90 0.88 1.02 1.13 1.24 1.45 1.51 1.57 1.84 2.38 2.67 2.46 2.21 2.07 1.92 1.87 1.90 1.94 2.05 2.07 2.05 2.25 2.59 2.88 2.69 2.34 2.24 2.23 2.22 2.21 2.12 1.96 1.85 1.76 1.66 1.59 1.59 1.61 1.61 1.57 1.47 1.31 1.15 1.04 1.05 1.13 1.22 1.14 0.82 0.71 0.94 1.38 1.71 1.89 1.94 2.01 2.23 2.71 3.34 3.77 3.84 3.57 3.16 2.74 2.55
1.44 1.38 1.35 1.37 1.43 1.55 1.66 1.71 1.64 1.43 1.17 1.17 1.16 1.04 0.96 1.01 1.04 1.01 0.91 0.74 0.77 0.93 1.04 1.24 1.48 1.53 1.56 1.92 2.71 2.91 2.44 2.10 1.85 1.69 1.69 1.71 1.77 1.91 2.00 1.94 1.89 2.10 2.53 2.71 2.38 2.06 1.93 1.93 2.00 2.03 1.99 1.92 1.78 1.66 1.58 1.48 1.38 1.31 1.20 1.15 1.12 1.09 1.11 1.21 1.33 1.51 1.62 1.44 0.99 0.73 0.84 1.16 1.45 1.66 1.75 1.83 2.11 2.66 3.34 3.93 4.21 4.03 3.51 3.09
1.38 1.31 1.25 1.22 1.24 1.32 1.41 1.50 1.60 1.65 1.55 1.28 0.98 0.80 0.78 0.83 0.81 0.85 0.97 0.84 0.72 0.87 1.07 1.30 1.47 1.56 1.77 2.56 3.57 3.22 2.29 1.93 1.75 1.63 1.58 1.56 1.60 1.70 1.86 1.89 1.83 1.87 2.15 2.60 2.66 2.36 2.12 2.04 2.07 2.14 2.17 2.08 1.88 1.73 1.62 1.48 1.31 1.18 1.04 0.96 1.08 1.29 1.41 1.49 1.54 1.58 1.67 1.74 1.52 0.99 0.68 0.66 0.80 1.02 1.28 1.46 1.64 2.00 2.56 3.22 3.88 4.32 4.22 3.65
1.40 1.37 1.34 1.32 1.34 1.36 1.37 1.43 1.60 1.76 1.78 1.51 1.04 0.68 0.63 0.67 0.71 0.76 0.97 1.20 1.19 1.08 1.19 1.39 1.70 1.99 2.80 4.24 4.15 2.97 2.08 1.80 1.67 1.54 1.46 1.43 1.45 1.52 1.68 1.80 1.75 1.70 1.82 2.21 2.55 2.52 2.32 2.20 2.18 2.18 2.14 2.08 1.98 1.84 1.72 1.65 1.61 1.58 1.53 1.39 1.42 1.57 1.67 1.70 1.70 1.66 1.64 1.71 1.77 1.55 1.05 0.69 0.54 0.52 0.67 0.94 1.16 1.37 1.69 2.12 2.58 3.39 4.16 4.18
1.30 1.30 1.31 1.33 1.34 1.34 1.37 1.48 1.64 1.75 1.78 1.75 1.48 0.91 0.74 0.75 0.76 0.78 0.95 1.25 1.52 1.89 1.98 2.14 3.16 4.17 4.55 4.49 3.44 2.38 2.07 1.89 1.69 1.49 1.40 1.40 1.40 1.35 1.39 1.51 1.55 1.55 1.62 1.87 2.30 2.52 2.50 2.45 2.36 2.22 2.07 1.97 1.92 1.85 1.73 1.64 1.66 1.73 1.82 1.84 1.80 1.74 1.69 1.66 1.64 1.63 1.63 1.65 1.76 1.82 1.67 1.33 0.97 0.65 0.50 0.56 0.72 0.85 0.98 1.23 1.62 2.24 3.31 4.10
1.29 1.28 1.28 1.29 1.32 1.39 1.49 1.57 1.61 1.66 1.75 1.91 1.99 1.67 1.27 1.05 0.99 1.05 1.20 1.58 2.52 3.58 4.04 4.28 4.45 4.57 4.05 2.99 2.32 2.04 2.00 2.03 1.95 1.77 1.54 1.36 1.28 1.22 1.15 1.19 1.27 1.31 1.39 1.61 2.00 2.34 2.43 2.41 2.32 2.16 2.05 1.97 1.86 1.77 1.67 1.57 1.54 1.61 1.73 1.77 1.74 1.68 1.60 1.56 1.56 1.58 1.60 1.62 1.67 1.76 1.81 1.69 1.39 1.07 0.79 0.58 0.51 0.56 0.69 0.90 1.24 1.72 2.37 3.23
1.32 1.30 1.27 1.26 1.27 1.35 1.48 1.55 1.57 1.58 1.67 1.94 2.32 2.45 2.13 1.48 1.31 1.49 2.05 3.50 4.44 4.38 4.19 3.97 3.65 3.15 2.56 2.06 1.80 1.72 1.84 2.00 2.06 2.02 1.83 1.45 1.18 1.09 1.01 0.96 1.00 1.09 1.21 1.38 1.67 2.09 2.31 2.24 2.13 2.04 1.96 1.93 1.88 1.79 1.70 1.61 1.56 1.56 1.59 1.60 1.58 1.57 1.57 1.57 1.56 1.57 1.58 1.60 1.63 1.66 1.72 1.76 1.60 1.26 0.96 0.69 0.48 0.47 0.55 0.67 0.91 1.30 1.82 2.44
1.28 1.23 1.15 1.11 1.10 1.12 1.18 1.30 1.37 1.43 1.57 1.82 2.10 2.40 2.53 2.44 2.04 2.27 3.57 4.73 4.29 3.17 2.67 2.44 2.31 2.25 2.19 1.93 1.62 1.58 1.72 1.80 1.78 1.83 1.96 1.88 1.47 1.03 0.85 0.83 0.86 0.94 1.04 1.20 1.41 1.80 2.21 2.38 2.29 2.18 2.07 1.95 1.84 1.76 1.68 1.62 1.60 1.56 1.53 1.53 1.54 1.57 1.57 1.57 1.56 1.56 1.56 1.59 1.62 1.66 1.71 1.81 1.84 1.61 1.19 0.85 0.57 0.42 0.46 0.52 0.61 0.77 1.07 1.64
1.31 1.26 1.18 1.12 1.08 1.06 1.04 1.01 1.05 1.16 1.30 1.37 1.38 1.55 1.94 2.45 2.78 3.45 4.24 4.02 2.77 2.18 2.12 2.19 2.24 2.25 2.14 1.90 1.80 1.79 1.71 1.59 1.51 1.58 1.79 2.02 1.97 1.51 1.10 0.99 0.97 1.00 1.11 1.26 1.40 1.51 1.95 2.37 2.41 2.26 2.10 1.96 1.76 1.64 1.59 1.55 1.54 1.54 1.54 1.53 1.50 1.50 1.52 1.52 1.53 1.54 1.55 1.58 1.63 1.68 1.73 1.80 1.93 1.96 1.73 1.33 0.90 0.57 0.45 0.50 0.62 0.68 0.67 0.69
1.38 1.36 1.33 1.28 1.21 1.24 1.24 1.10 0.93 0.88 0.89 0.86 0.87 1.01 1.33 1.87 2.59 3.29 3.34 2.51 2.15 2.14 2.13 2.19 2.34 2.33 2.08 1.97 2.00 1.98 1.83 1.68 1.58 1.52 1.60 1.87 2.24 2.34 2.03 1.67 1.53 1.53 1.57 1.56 1.52 1.38 1.49 1.92 2.16 2.10 1.93 1.82 1.71 1.61 1.53 1.45 1.40 1.40 1.41 1.41 1.37 1.32 1.35 1.42 1.46 1.51 1.55 1.58 1.61 1.68 1.75 1.83 1.93 2.03 2.04 1.89 1.50 1.07 0.84 0.65 0.62 0.68 0.66 0.59
1.38 1.33 1.29 1.31 1.32 1.37 1.44 1.44 1.29 0.98 0.81 0.78 0.83 1.00 1.33 1.73 2.42 2.83 2.45 2.02 2.07 2.17 2.22 2.28 2.32 2.29 2.05 1.78 1.68 1.64 1.60 1.57 1.50 1.47 1.59 1.84 2.17 2.58 2.77 2.67 2.46 2.32 2.18 2.01 1.78 1.37 1.14 1.36 1.74 1.87 1.76 1.68 1.64 1.58 1.51 1.43 1.36 1.31 1.30 1.29 1.29 1.28 1.27 1.32 1.38 1.42 1.47 1.50 1.56 1.63 1.73 1.84 1.96 2.07 2.10 2.06 1.91 1.63 1.43 1.21 0.90 0.68 0.60 0.62
1.36 1.28 1.22 1.32 1.42 1.44 1.43 1.51 1.63 1.60 1.32 1.16 1.09 1.19 1.46 2.07 3.04 3.18 2.81 2.48 2.42 2.44 2.48 2.46 2.29 2.11 1.95 1.63 1.41 1.31 1.26 1.27 1.30 1.44 1.67 1.85 1.99 2.19 2.51 2.77 2.79 2.71 2.61 2.46 2.18 1.68 1.31 1.23 1.43 1.61 1.58 1.54 1.53 1.52 1.49 1.45 1.39 1.35 1.37 1.41 1.45 1.48 1.44 1.39 1.38 1.37 1.38 1.39 1.44 1.55 1.67 1.79 1.94 2.13 2.24 2.14 1.92 1.65 1.51 1.44 1.25 0.91 0.64 0.57
1.46 1.40 1.37 1.44 1.50 1.47 1.42 1.46 1.63 1.84 1.97 1.88 1.79 1.73 2.13 3.25 3.68 3.31 2.93 2.83 2.78 2.63 2.47 2.28 2.03 1.99 2.10 2.06 1.79 1.58 1.46 1.39 1.39 1.50 1.62 1.69 1.75 1.79 1.93 2.21 2.48 2.61 2.59 2.46 2.25 1.99 1.68 1.44 1.40 1.51 1.54 1.49 1.46 1.44 1.42 1.40 1.38 1.37 1.39 1.45 1.51 1.52 1.50 1.46 1.43 1.42 1.39 1.34 1.29 1.35 1.55 1.75 1.88 2.01 2.22 2.33 2.16 1.66 1.29 1.23 1.25 1.11 0.78 0.55
1.52 1.55 1.55 1.56 1.56 1.55 1.54 1.52 1.52 1.62 1.83 2.01 2.06 2.21 3.08 3.77 3.42 2.75 2.45 2.48 2.54 2.41 2.13 1.83 1.69 1.76 2.00 2.26 2.26 2.11 1.96 1.84 1.73 1.63 1.58 1.55 1.49 1.51 1.65 1.88 2.11 2.25 2.23 2.15 2.12 2.03 1.81 1.56 1.47 1.53 1.55 1.51 1.44 1.38 1.34 1.32 1.33 1.34 1.35 1.38 1.42 1.46 1.48 1.48 1.49 1.48 1.44 1.40 1.27 1.17 1.28 1.53 1.76 1.96 2.19 2.48 2.60 2.28 1.50 1.13 1.04 1.01 0.91 0.71
1.46 1.55 1.58 1.52 1.49 1.52 1.54 1.51 1.39 1.27 1.25 1.39 1.64 2.12 3.12 3.21 2.62 2.35 2.15 2.01 1.92 1.86 1.77 1.66 1.63 1.65 1.75 2.05 2.35 2.46 2.36 2.15 1.97 1.78 1.66 1.60 1.47 1.42 1.51 1.63 1.71 1.83 1.90 1.89 1.88 1.82 1.66 1.47 1.39 1.41 1.43 1.41 1.38 1.34 1.30 1.28 1.28 1.33 1.40 1.46 1.48 1.50 1.53 1.54 1.54 1.52 1.47 1.44 1.35 1.13 0.97 1.02 1.32 1.74 2.12 2.50 2.82 2.87 2.43 1.64 1.15 1.02 1.03 0.99
1.32 1.39 1.47 1.41 1.30 1.28 1.30 1.30 1.25 1.17 1.10 1.19 1.46 2.20 3.10 2.95 2.57 2.31 1.93 1.64 1.48 1.44 1.53 1.62 1.63 1.62 1.70 1.91 2.19 2.38 2.26 1.97 1.79 1.76 1.78 1.71 1.57 1.47 1.50 1.53 1.53 1.52 1.60 1.62 1.57 1.52 1.45 1.35 1.28 1.28 1.28 1.28 1.28 1.27 1.25 1.25 1.29 1.38 1.46 1.50 1.53 1.55 1.55 1.54 1.52 1.49 1.44 1.36 1.29 1.13 0.81 0.67 0.76 0.95 1.32 1.89 2.51 2.99 3.15 2.79 1.96 1.46 1.30 1.28
1.23 1.21 1.25 1.30 1.22 1.07 0.97 0.95 1.06 1.22 1.35 1.51 1.91 3.07 3.59 3.19 2.78 2.28 1.69 1.39 1.28 1.27 1.33 1.42 1.46 1.51 1.64 1.82 1.96 2.13 2.24 2.05 1.83 1.80 1.77 1.67 1.53 1.51 1.62 1.64 1.50 1.30 1.29 1.36 1.38 1.40 1.37 1.28 1.22 1.21 1.22 1.23 1.23 1.23 1.21 1.25 1.35 1.43 1.46 1.47 1.50 1.54 1.57 1.56 1.51 1.44 1.37 1.29 1.24 1.23 1.05 0.73 0.64 0.70 0.80 1.02 1.64 2.36 2.94 3.22 2.89 2.04 1.69 1.58
1.31 1.19 1.09 1.21 1.34 1.24 0.98 0.85 0.95 1.14 1.45 1.92 2.91 3.92 3.67 2.82 2.42 2.16 1.88 1.51 1.34 1.30 1.30 1.30 1.30 1.42 1.60 1.72 1.72 1.84 2.18 2.37 2.28 1.97 1.72 1.60 1.57 1.70 1.77 1.59 1.33 1.17 1.11 1.14 1.22 1.28 1.29 1.24 1.19 1.16 1.16 1.20 1.24 1.27 1.30 1.37 1.44 1.46 1.46 1.46 1.47 1.51 1.58 1.63 1.61 1.54 1.47 1.46 1.45 1.45 1.37 1.13 0.89 0.85 0.85 0.84 0.95 1.46 2.06 2.73 3.08 2.89 2.69 2.47
1.44 1.31 1.14 1.19 1.32 1.45 1.44 1.29 1.16 1.25 1.62 2.33 3.67 3.88 2.72 1.98 1.83 1.84 1.91 1.96 1.84 1.64 1.44 1.32 1.32 1.45 1.59 1.64 1.60 1.61 1.84 2.17 2.36 2.25 2.08 2.01 1.95 1.91 1.70 1.30 1.08 1.05 1.01 1.00 1.03 1.11 1.15 1.15 1.13 1.11 1.09 1.10 1.18 1.31 1.45 1.52 1.51 1.48 1.47 1.47 1.48 1.53 1.60 1.70 1.86 1.98 1.98 1.97 1.93 1.89 1.85 1.69 1.29 1.00 0.97 0.96 0.86 0.95 1.38 2.00 2.63 2.89 2.92 2.89
1.51 1.44 1.19 1.02 0.99 1.19 1.59 1.80 1.76 1.84 2.12 3.05 3.71 2.83 1.78 1.54 1.48 1.53 1.77 2.11 2.33 2.32 2.06 1.76 1.65 1.62 1.60 1.56 1.51 1.48 1.60 1.83 2.16 2.43 2.48 2.40 2.27 2.06 1.62 1.13 0.98 0.97 0.97 0.95 0.95 1.00 1.04 1.06 1.06 1.05 1.01 0.96 0.98 1.17 1.41 1.53 1.56 1.55 1.55 1.57 1.61 1.67 1.73 1.87 2.17 2.56 2.84 2.95 2.92 2.90 2.81 2.62 2.13 1.54 1.43 1.25 1.02 0.92 1.02 1.31 1.73 2.04 2.10 2.12
1.47 1.46 1.20 0.88 0.83 1.00 1.25 1.65 2.08 2.27 2.51 3.40 3.28 1.75 1.34 1.35 1.37 1.57 1.85 2.09 2.22 2.40 2.54 2.55 2.44 2.15 1.82 1.52 1.38 1.37 1.46 1.64 1.91 2.20 2.35 2.37 2.29 2.03 1.60 1.21 1.07 1.05 1.04 1.02 0.99 0.98 0.98 1.00 1.00 0.98 0.95 0.90 0.87 0.94 1.12 1.33 1.46 1.53 1.62 1.72 1.78 1.82 1.89 2.04 2.28 2.64 3.01 3.31 3.50 3.56 3.48 3.34 3.11 2.72 2.17 1.82 1.56 1.51 1.37 1.24 1.29 1.54 1.63 1.60
1.48 1.49 1.40 1.16 0.99 0.97 1.04 1.30 1.76 2.06 2.47 2.88 2.31 1.46 1.36 1.44 1.56 1.80 1.98 1.88 1.72 1.74 2.03 2.43 2.66 2.66 2.40 1.94 1.61 1.56 1.63 1.71 1.72 1.75 1.94 2.08 1.99 1.66 1.40 1.23 1.13 1.10 1.09 1.07 1.04 1.00 0.95 0.94 0.93 0.90 0.90 0.95 1.03 1.08 1.15 1.18 1.28 1.44 1.55 1.66 1.77 1.87 1.95 2.04 2.13 2.14 2.18 2.37 2.69 3.04 3.30 3.35 3.26 3.10 2.78 2.39 2.27 2.23 2.12 1.90 1.65 1.70 1.78 1.70
1.63 1.52 1.54 1.56 1.31 1.03 1.01 1.21 1.42 1.59 2.01 2.37 2.09 1.78 1.71 1.66 1.71 1.90 1.82 1.44 1.35 1.40 1.49 1.69 1.92 2.14 2.36 2.45 2.35 2.13 1.94 1.84 1.69 1.50 1.49 1.47 1.40 1.28 1.22 1.17 1.10 1.07 1.05 1.03 1.01 0.98 0.93 0.90 0.90 0.91 0.95 1.06 1.19 1.27 1.23 1.14 1.21 1.35 1.42 1.54 1.76 1.94 2.00 1.97 1.89 1.77 1.70 1.67 1.69 1.93 2.47 2.87 2.95 2.97 2.93 2.74 2.57 2.49 2.45 2.29 2.04 1.98 2.01 1.87
1.71 1.43 1.38 1.63 1.74 1.53 1.28 1.28 1.46 1.54 1.75 2.58 2.85 2.58 2.36 2.08 2.00 1.99 1.53 1.19 1.23 1.32 1.41 1.39 1.30 1.37 1.71 2.18 2.47 2.52 2.32 2.06 1.77 1.46 1.18 0.98 1.01 1.02 1.04 1.06 1.05 1.03 1.02 0.99 0.96 0.93 0.90 0.89 0.92 0.97 1.05 1.12 1.18 1.20 1.17 1.19 1.28 1.40 1.57 1.81 1.98 2.09 2.15 2.07 1.91 1.78 1.66 1.47 1.30 1.30 1.55 2.07 2.59 2.83 2.81 2.64 2.41 2.34 2.46 2.56 2.39 2.30 2.25 2.08
1.75 1.36 1.22 1.49 1.90 2.16 2.13 1.87 1.85 1.81 2.27 3.46 3.49 3.04 2.97 2.84 2.73 2.53 2.03 1.66 1.59 1.49 1.41 1.26 1.18 1.26 1.40 1.52 1.72 2.04 2.24 2.14 1.83 1.39 0.94 0.82 0.87 0.91 0.94 0.97 0.99 0.99 1.00 0.98 0.95 0.93 0.92 0.91 0.94 1.00 1.05 1.08 1.13 1.19 1.28 1.42 1.51 1.63 1.87 2.06 2.11 2.12 2.15 2.24 2.29 2.25 2.08 1.81 1.60 1.47 1.36 1.48 1.96 2.51 2.69 2.53 2.20 1.93 2.08 2.59 2.85 2.78 2.61 2.36
1.78 1.34 1.12 1.27 1.62 2.09 2.37 2.41 2.33 2.53 3.65 4.04 3.12 2.57 2.66 2.79 2.78 2.70 2.68 2.64 2.54 2.29 1.87 1.44 1.26 1.35 1.39 1.38 1.41 1.38 1.38 1.52 1.42 1.10 0.89 0.85 0.88 0.92 0.93 0.94 0.94 0.95 0.98 1.01 1.01 0.99 0.98 0.98 1.00 1.04 1.05 1.07 1.11 1.17 1.27 1.40 1.58 1.79 1.90 1.95 1.97 1.98 2.04 2.23 2.48 2.64 2.71 2.75 2.73 2.62 2.43 2.25 2.28 2.55 2.76 2.75 2.63 2.39 2.41 2.85 3.24 3.28 3.04 2.51
1.81 1.34 1.01 1.16 1.37 1.57 1.85 2.24 2.74 3.50 4.07 3.38 2.27 1.96 1.96 2.05 2.16 2.19 2.27 2.42 2.61 2.68 2.58 2.25 1.88 1.72 1.72 1.73 1.69 1.41 1.12 1.01 1.00 0.98 0.96 0.98 1.00 0.99 0.97 0.96 0.96 0.95 0.96 1.01 1.06 1.07 1.07 1.10 1.14 1.14 1.12 1.11 1.10 1.10 1.18 1.35 1.56 1.71 1.85 1.92 1.90 1.93 2.04 2.17 2.29 2.44 2.68 2.93 3.15 3.34 3.48 3.49 3.42 3.38 3.32 3.21 3.29 3.57 3.73 3.60 3.45 3.74 3.73 3.04
1.92 1.78 1.48 1.33 1.40 1.64 1.87 2.18 3.05 3.51 3.15 2.29 1.86 1.73 1.68 1.71 1.78 1.80 1.76 1.79 1.92 2.12 2.32 2.48 2.44 2.32 2.26 2.18 1.91 1.55 1.20 0.95 0.90 0.95 0.98 1.03 1.07 1.08 1.05 1.02 1.01 1.00 1.00 1.01 1.04 1.07 1.11 1.18 1.21 1.21 1.18 1.14 1.10 1.14 1.30 1.45 1.51 1.57 1.72 1.82 1.88 1.98 2.07 2.12 2.19 2.31 2.43 2.51 2.58 2.76 2.99 3.17 3.30 3.51 3.65 3.53 3.48 3.60 3.49 3.26 3.16 3.60 4.08 3.82
1.92 2.15 2.39 2.10 2.00 2.20 2.15 2.32 3.09 3.03 2.24 1.94 1.74 1.54 1.47 1.48 1.47 1.51 1.64 1.71 1.67 1.61 1.67 1.86 2.08 2.21 2.15 1.86 1.51 1.25 1.00 0.87 0.86 0.90 0.95 1.00 1.05 1.09 1.10 1.09 1.07 1.07 1.07 1.08 1.09 1.10 1.12 1.20 1.26 1.28 1.29 1.28 1.26 1.33 1.46 1.52 1.53 1.58 1.64 1.68 1.75 1.95 2.08 2.18 2.30 2.38 2.34 2.26 2.18 2.15 2.19 2.22 2.26 2.62 3.15 3.33 3.14 2.73 2.25 2.33 2.63 2.88 3.58 4.05
1.69 1.79 2.27 2.50 2.47 2.31 2.02 2.28 3.14 2.86 1.98 1.80 1.67 1.46 1.33 1.28 1.25 1.33 1.46 1.51 1.44 1.34 1.30 1.38 1.51 1.61 1.56 1.33 1.12 1.00 0.92 0.87 0.85 0.90 0.95 0.98 1.02 1.07 1.12 1.15 1.17 1.16 1.16 1.18 1.23 1.28 1.29 1.26 1.29 1.35 1.41 1.47 1.52 1.54 1.56 1.57 1.61 1.64 1.71 1.78 1.74 1.86 2.12 2.30 2.39 2.37 2.30 2.26 2.27 2.31 2.30 2.14 1.91 2.03 2.39 2.65 2.55 2.12 1.83 1.93 2.14 2.24 2.70 3.79
