windninja/windninja_output/Output_2025-08-09_1700-1750_Google earth_Fire_150m_10min/merlingen_7.5mi_point_08-09-2025_1720_150m_ang.asc
ncols	158
nrows	163
xllcorner	391686.332397
yllcorner	5160024.123721
cellsize	150.000000
NODATA_value	-32768.000000
[rows 84 to 125 of 163, columns 0 to 94 of 158]
308 316 325 325 326 329 337 342 341 337 329 323 319 314 311 310 309 308 308 309 310 312 314 316 320 323 323 324 325 325 326 328 328 327 324 321 320 322 324 328 331 332 332 332 331 331 330 329 329 331 334 334 333 331 329 328 327 327 327 327 327 327 327 327 327 328 328 328 328 328 329 329 329 329 330 331 332 333 335 339 346 351 355 350 332 323 318 315 315 315 315 315 316 317 319
288 293 305 306 309 314 322 325 322 322 321 321 318 314 312 311 309 306 306 306 306 307 309 313 317 321 322 322 324 325 327 328 330 331 330 327 325 322 322 324 327 329 329 328 326 325 323 321 321 322 326 329 331 332 330 328 327 326 326 326 327 327 327 327 328 328 328 328 328 328 329 329 329 329 330 330 331 333 335 339 345 349 352 343 326 320 318 316 316 316 315 315 316 317 319
282 283 287 288 285 285 297 308 313 317 320 321 318 315 311 310 308 304 301 300 300 301 301 305 312 321 324 323 323 324 326 327 330 332 333 333 333 331 327 324 324 326 328 329 327 325 322 320 319 319 321 323 326 328 328 327 326 325 325 326 326 327 327 327 328 328 328 328 328 328 329 329 329 329 330 330 331 332 334 337 342 345 345 337 323 316 315 315 315 316 315 316 318 321 325
284 281 275 277 283 294 309 315 317 320 322 319 316 315 311 309 307 302 298 298 298 297 298 304 316 328 330 328 327 327 327 326 327 328 329 332 335 336 335 332 329 327 328 329 328 326 323 321 320 319 320 321 322 324 324 323 323 323 324 325 325 326 327 328 328 328 328 328 328 328 328 329 329 329 329 329 330 331 332 334 336 338 336 330 320 315 314 313 312 312 313 315 317 320 323
295 290 289 299 308 317 322 324 323 321 321 318 317 319 316 314 310 302 298 299 303 304 308 318 329 338 335 331 330 329 329 327 326 325 323 324 328 332 334 334 333 332 331 330 329 328 326 324 323 323 323 323 323 323 323 323 321 320 320 322 324 326 327 328 328 328 328 328 328 328 328 328 328 328 329 329 329 329 330 331 331 331 328 321 314 312 312 311 312 312 313 314 312 308 305
316 313 312 316 318 322 324 326 328 323 320 322 324 325 322 318 311 304 300 303 308 313 320 330 343 347 339 334 332 331 330 329 328 327 324 322 321 324 326 328 330 332 332 331 329 329 328 326 325 325 327 328 328 328 328 328 325 320 316 318 323 326 327 328 328 328 328 328 328 328 328 328 328 328 328 328 328 328 328 328 328 326 323 315 307 304 303 304 309 310 308 308 304 296 292
318 319 319 317 316 318 321 326 332 328 324 328 331 330 327 322 314 308 302 304 312 321 330 343 353 353 343 336 333 331 330 329 328 328 327 325 323 323 325 326 326 328 329 329 328 327 326 326 325 325 326 328 329 331 332 333 330 324 319 320 325 327 328 328 328 328 328 328 328 328 328 328 328 327 327 327 327 327 327 326 325 324 322 316 309 305 303 302 305 304 299 297 296 292 292
313 318 324 324 324 324 325 330 336 333 331 337 342 340 337 333 326 317 305 305 317 330 345 355 360 357 346 338 334 331 329 327 327 327 326 326 327 326 326 327 328 329 328 327 326 325 324 323 322 323 323 325 326 329 334 337 334 330 327 328 331 331 330 329 328 328 328 328 328 327 327 327 327 327 327 327 326 326 325 324 323 322 321 318 314 311 308 305 303 298 291 284 284 281 280
311 318 328 333 335 335 336 341 347 348 343 344 347 344 341 335 331 327 319 320 326 345 358 4 7 359 346 338 333 330 328 326 325 325 325 326 327 327 326 326 329 331 330 327 326 324 322 319 317 316 317 319 322 327 333 335 332 330 331 334 336 334 331 329 329 328 328 327 327 327 327 327 327 326 326 326 325 325 324 323 322 320 318 316 312 309 306 303 297 288 274 270 271 270 270
308 315 326 332 335 337 341 346 353 355 353 352 351 351 352 348 341 335 330 330 340 360 7 11 10 359 345 338 333 329 326 323 321 322 324 325 325 326 326 327 329 332 332 330 328 325 321 318 315 313 311 314 321 326 328 327 323 323 325 330 335 335 332 330 328 328 327 327 327 327 327 326 326 326 326 325 325 324 323 322 321 319 316 313 308 303 299 294 286 275 268 269 272 272 273
302 309 321 326 327 330 338 346 352 353 352 353 354 354 355 352 347 341 335 338 357 11 17 17 10 356 343 338 333 330 325 319 317 320 323 324 324 325 325 327 330 333 335 336 336 333 328 323 319 318 317 320 326 328 326 322 316 315 319 324 329 332 331 329 328 327 327 327 327 326 326 326 326 326 325 325 324 323 322 321 320 318 316 313 308 303 298 291 283 279 279 281 282 283 283
295 301 314 319 319 322 328 336 342 342 341 346 350 353 353 347 348 344 336 343 14 29 35 26 5 347 340 336 334 332 327 322 320 322 324 323 322 323 324 325 329 332 334 337 340 341 338 333 328 326 325 329 334 332 327 323 320 318 320 322 325 329 329 328 327 326 326 326 326 326 326 326 325 325 325 324 323 323 322 321 319 318 316 313 310 306 302 297 293 291 291 291 291 291 291
291 296 307 315 316 318 321 324 325 322 319 326 338 346 346 339 339 334 328 0 66 87 81 28 343 334 333 333 332 331 327 324 323 323 323 321 320 320 321 323 326 328 330 332 336 339 340 337 333 331 331 335 338 335 328 324 321 319 320 321 323 326 326 326 325 325 325 325 325 325 325 325 325 324 324 323 323 322 321 320 319 318 316 314 311 309 306 303 300 299 298 297 297 297 297
291 294 301 308 311 313 317 317 312 307 303 301 321 342 336 331 328 326 324 93 121 121 129 306 320 327 330 331 329 324 318 316 317 318 319 317 315 316 318 321 323 326 328 327 327 331 332 331 329 328 331 335 336 335 330 325 322 319 319 318 320 322 323 323 323 324 324 325 325 325 325 324 324 324 323 323 322 321 321 320 319 318 316 314 313 311 309 307 305 304 302 302 301 301 301
286 286 288 290 295 299 305 307 304 298 281 264 252 258 283 291 296 279 165 135 127 112 318 318 328 336 335 329 323 316 308 306 308 311 314 313 311 311 314 318 321 324 327 325 322 322 321 320 320 322 327 331 333 333 330 327 325 323 321 320 320 319 318 319 320 322 323 323 324 324 324 324 323 323 322 322 322 321 320 319 319 318 316 315 314 312 311 309 308 307 306 305 305 304 304
277 275 271 273 276 276 273 273 269 257 246 236 222 216 231 238 217 185 161 149 115 330 326 333 345 350 340 326 316 309 303 301 302 304 308 311 311 311 312 314 318 322 325 326 324 323 322 321 322 326 329 331 333 333 331 329 327 326 325 324 324 322 319 317 317 318 320 322 323 323 323 323 322 322 322 321 321 320 320 319 318 317 316 315 314 313 312 311 310 309 308 308 307 307 306
280 276 271 269 267 262 256 250 242 232 228 221 208 204 202 199 193 174 160 235 321 322 325 342 13 8 337 319 309 300 293 291 292 296 301 306 309 310 311 313 317 319 323 326 326 325 324 324 326 329 331 332 334 334 334 333 332 329 327 328 328 327 324 321 319 318 318 320 322 322 322 322 321 321 321 320 320 319 319 318 318 317 317 316 315 314 313 312 312 311 310 309 309 308 308
287 284 277 271 264 257 250 245 240 235 233 226 212 203 201 212 279 335 349 329 319 318 321 16 79 21 318 299 290 282 278 280 283 287 292 297 301 305 308 312 316 318 321 324 324 324 324 325 327 330 332 334 335 334 334 335 335 333 332 331 329 328 327 325 323 322 321 321 321 320 319 319 319 319 319 319 318 318 318 318 317 317 316 316 315 315 314 313 313 312 311 311 310 310 309
295 292 283 274 266 261 256 252 249 246 244 242 243 275 325 332 334 341 344 331 320 314 257 130 121 239 267 262 263 267 272 278 282 285 288 292 296 300 303 308 313 316 318 321 324 325 326 328 330 331 333 334 335 336 334 335 335 335 335 335 333 330 328 327 326 325 324 323 322 318 315 315 316 317 317 317 317 317 316 316 316 316 316 316 315 315 315 314 313 313 312 312 312 311 310
304 301 292 284 277 272 268 262 257 255 256 263 282 310 322 325 327 333 335 327 316 195 147 145 148 186 231 251 263 273 278 281 283 286 289 291 294 296 298 302 308 312 315 318 321 323 325 328 331 333 334 334 335 336 337 337 337 336 336 337 336 335 333 330 328 328 328 327 326 321 315 313 313 313 313 313 313 314 314 315 315 315 315 315 315 315 315 314 314 313 313 313 312 312 311
317 313 305 296 287 280 275 268 259 256 260 268 282 293 297 297 301 306 304 284 203 159 150 135 138 197 274 284 283 282 284 284 284 286 288 290 293 294 295 298 304 309 312 315 318 320 321 324 330 333 334 334 334 335 335 337 339 338 337 336 336 337 335 332 331 331 332 332 332 328 322 316 312 309 306 305 306 309 311 312 313 314 314 315 315 315 315 314 314 314 313 313 313 312 311
331 327 317 307 296 287 279 271 263 261 263 266 272 277 279 277 271 261 239 207 182 179 200 79 25 331 312 305 295 290 288 287 287 287 287 290 295 299 300 302 305 309 311 312 316 319 321 324 329 333 335 336 337 337 336 336 338 339 338 337 337 337 335 332 332 332 334 336 336 332 327 324 320 313 307 304 304 305 305 306 308 311 313 314 315 315 315 314 314 314 314 313 313 312 312
349 343 333 325 316 306 295 286 282 282 291 298 298 297 291 282 269 253 232 210 206 234 285 345 347 336 325 317 305 299 297 296 295 290 287 292 300 305 306 306 307 310 311 312 315 318 321 323 327 330 333 336 338 340 339 338 338 338 339 339 339 338 336 334 333 334 334 337 338 335 331 329 327 325 320 315 312 310 306 304 306 310 312 313 314 314 314 314 314 313 313 313 313 312 312
4 359 350 342 333 327 322 322 324 323 326 330 331 327 315 297 283 273 260 241 263 293 315 335 341 338 334 326 314 308 307 307 306 295 291 298 306 309 307 306 309 311 311 313 316 318 322 324 326 328 330 332 336 339 341 342 341 339 339 340 340 338 337 336 336 337 337 338 338 337 334 331 328 327 324 321 318 318 316 312 309 310 311 312 313 314 314 314 313 313 313 312 312 312 311
15 11 2 354 346 343 341 340 339 338 338 340 343 339 329 320 314 316 325 320 311 313 324 334 335 336 335 331 318 314 315 315 315 301 298 306 312 312 308 310 314 313 312 315 318 319 322 325 327 329 330 332 334 336 339 343 344 342 341 342 342 340 338 337 337 338 339 339 339 338 337 333 328 326 325 324 322 321 320 316 313 312 311 312 312 313 313 313 312 312 312 311 311 311 310
24 18 6 355 348 345 345 345 343 342 344 350 355 347 334 329 332 345 359 348 326 320 329 336 332 330 332 330 317 314 322 323 321 306 301 309 315 313 314 317 318 311 310 315 318 319 321 325 327 329 331 334 336 337 338 341 343 343 342 343 344 343 342 341 340 338 338 339 340 340 338 333 330 328 327 326 325 323 321 317 314 313 314 313 312 312 312 311 311 310 310 309 309 309 309
27 19 4 354 348 345 346 348 350 350 350 355 358 348 336 331 338 355 2 354 340 331 336 339 333 326 328 331 323 321 325 327 324 310 302 309 315 316 320 324 322 312 311 314 316 318 322 326 328 328 330 333 337 339 339 340 342 343 342 343 344 344 345 346 344 341 338 338 340 341 339 334 331 331 329 326 325 324 322 318 315 313 314 315 313 310 309 308 308 307 306 305 305 305 306
25 18 6 358 355 353 355 356 357 357 358 358 351 342 335 334 344 359 0 354 349 346 344 342 337 328 324 326 325 327 330 328 324 313 308 314 319 322 328 330 326 320 317 316 316 317 321 325 327 327 329 332 336 339 340 341 343 343 343 343 344 344 347 349 348 345 343 340 339 340 338 333 331 331 330 328 326 325 323 319 316 314 315 317 316 313 308 305 302 300 299 299 300 301 302
29 23 13 8 6 4 2 1 2 2 1 355 346 341 336 337 349 0 358 353 354 357 356 351 341 327 320 317 319 325 331 331 325 314 312 320 327 331 335 333 328 323 317 317 320 321 320 321 323 325 328 333 337 338 339 341 343 344 344 345 345 346 347 348 348 348 348 347 343 339 336 332 330 331 331 330 329 328 327 324 319 316 317 319 320 318 311 303 296 291 291 295 299 301 301
35 30 22 17 13 8 3 1 3 4 358 350 346 345 341 340 350 357 351 350 353 0 8 5 345 329 324 320 316 318 326 330 324 313 313 321 331 336 337 334 330 320 313 316 323 325 322 320 322 323 325 331 337 338 340 341 343 344 345 347 347 348 348 347 347 349 350 351 349 345 341 336 333 334 334 332 330 330 330 328 324 320 320 319 321 321 314 306 299 294 297 303 305 304 301
37 34 28 20 14 11 6 2 3 2 351 343 346 350 347 341 345 349 347 345 348 357 9 10 352 340 338 333 324 320 322 325 321 314 314 319 326 333 337 336 331 320 316 319 326 328 326 326 326 324 325 330 335 338 340 342 343 344 345 347 348 350 350 348 347 348 350 351 350 350 347 342 337 336 336 334 332 330 330 330 326 325 327 326 326 327 321 313 309 306 309 313 313 308 301
38 35 27 19 14 11 10 8 6 356 341 338 346 354 350 340 342 348 347 343 343 350 1 3 357 349 347 346 339 334 333 330 325 318 318 321 325 330 335 335 328 322 323 326 330 331 332 332 330 327 327 329 333 337 340 342 343 344 345 346 348 350 349 348 348 349 350 350 351 351 350 347 343 338 335 334 334 333 332 331 327 327 332 334 335 337 330 321 316 312 314 319 320 314 308
37 33 27 21 16 13 12 11 6 351 338 338 348 354 348 339 343 352 351 345 343 346 349 354 358 358 355 351 342 340 340 336 333 326 321 324 329 334 335 331 327 326 329 332 332 335 335 333 329 329 329 331 335 337 340 343 344 344 344 345 348 350 350 348 348 350 350 350 351 352 352 351 349 345 338 333 333 334 334 331 325 324 332 339 341 342 334 325 319 317 319 324 326 322 317
38 34 29 25 19 15 11 6 359 350 341 342 349 351 343 339 345 352 347 341 340 339 340 344 352 358 2 358 350 345 342 336 335 334 333 332 334 338 336 331 332 333 335 335 335 337 335 332 331 332 333 336 338 340 342 344 344 345 345 344 346 349 349 348 348 351 351 350 351 352 352 352 352 351 347 340 335 335 337 335 327 324 332 341 343 340 334 327 323 323 326 330 331 324 319
41 37 32 27 20 14 7 359 351 347 346 347 350 346 340 341 345 344 339 334 331 329 331 333 338 348 353 352 354 357 351 342 338 336 340 348 348 346 340 337 340 341 340 338 337 337 337 335 335 337 338 341 342 342 344 344 345 346 345 345 345 346 347 347 350 352 352 352 352 352 351 352 352 353 352 349 345 340 339 337 333 331 336 342 340 336 333 329 326 329 333 336 335 326 320
43 39 32 27 18 11 4 354 346 344 347 349 349 343 339 340 342 341 335 328 323 321 322 324 326 330 335 339 347 353 349 344 339 336 343 356 360 355 350 351 352 350 347 342 340 340 340 337 338 340 341 344 344 344 345 345 345 346 346 345 344 344 344 344 348 351 352 353 354 352 350 350 351 351 352 355 354 349 342 338 335 335 339 341 336 333 332 330 330 334 338 340 340 330 323
44 39 31 26 20 13 3 352 344 343 345 345 347 345 343 341 340 342 338 328 321 315 313 314 315 317 320 326 332 335 338 339 336 336 343 354 1 360 358 3 4 0 355 351 349 349 346 343 343 344 344 345 346 347 348 347 345 345 345 345 343 344 344 343 346 347 346 348 351 350 350 349 348 348 350 355 358 356 350 344 339 337 339 339 334 332 332 332 333 337 339 343 344 334 325
43 37 25 18 18 15 7 358 348 344 344 339 342 346 344 342 341 342 343 337 323 310 304 303 304 307 312 319 321 320 322 327 331 335 342 348 355 359 0 5 9 8 3 359 358 356 353 352 352 350 348 348 348 350 351 349 346 345 345 344 343 346 348 348 350 338 325 327 335 342 346 348 346 345 346 351 357 360 358 353 347 342 340 338 334 334 335 336 337 338 341 347 345 332 324
37 30 16 10 11 10 7 5 0 354 345 336 339 344 341 339 339 344 349 342 325 308 300 295 293 295 302 309 311 313 318 324 328 334 340 344 351 356 356 357 4 10 10 5 359 356 355 357 357 355 352 349 350 353 353 350 347 346 346 346 347 353 358 357 354 344 334 325 323 327 337 343 343 342 343 346 351 356 359 359 355 348 342 339 338 339 341 343 342 341 344 350 343 327 320
33 25 13 7 5 4 4 5 6 5 352 338 340 346 339 332 333 346 357 347 326 311 300 290 285 288 291 296 303 310 319 324 325 332 338 341 348 355 355 354 358 5 11 10 2 354 352 353 355 356 354 351 353 355 354 351 348 347 347 350 358 4 359 354 350 345 343 339 329 323 325 331 335 337 339 341 344 349 352 356 357 353 347 344 344 345 348 349 345 344 348 350 340 324 321
32 24 13 9 4 2 1 2 5 6 360 350 348 351 338 326 324 341 358 354 330 313 304 298 292 286 286 295 306 314 325 327 326 331 336 339 345 352 355 355 355 0 9 12 7 358 352 351 354 355 355 355 357 357 357 356 355 354 353 356 1 358 354 351 348 344 344 346 342 333 322 316 318 324 330 334 337 339 343 347 352 353 352 351 350 350 354 354 349 345 347 347 336 325 325
26 21 13 8 4 1 1 0 360 1 2 5 7 358 336 321 318 328 345 349 342 325 314 304 298 297 302 312 317 325 335 333 327 329 335 337 341 347 353 355 355 357 4 10 10 3 355 352 353 355 357 359 1 1 1 1 2 2 1 360 356 352 351 351 349 346 346 347 349 347 334 317 309 309 314 322 326 329 331 335 341 348 354 357 355 356 0 359 352 347 345 343 334 325 329
