windninja/windninja_output/Output_2025-08-09_0800-0850_Google earth_Fire_150m_10min/merlingen_7.5mi_point_08-09-2025_0830_150m_vel.asc
ncols	158
nrows	163
xllcorner	391686.332397
yllcorner	5160024.123721
cellsize	150.000000
NODATA_value	-32768.000000
[rows 38 to 75 of 163, columns 0 to 83 of 158]
1.32 1.32 1.30 1.25 1.21 1.19 1.18 1.16 1.16 1.16 1.16 1.15 1.14 1.13 1.12 1.11 1.11 1.10 1.10 1.10 1.10 1.09 1.09 1.09 1.09 1.09 1.10 1.16 1.30 1.37 1.32 1.23 1.14 1.05 1.00 0.94 0.87 0.84 0.85 0.87 0.89 0.91 0.94 0.99 1.02 1.02 1.04 1.07 1.09 1.09 1.10 1.11 1.11 1.08 1.05 1.07 1.12 1.16 1.18 1.18 1.18 1.13 1.02 0.89 0.80 0.77 0.80 0.80 0.74 0.70 0.72 0.82 0.90 0.86 0.75 0.69 0.72 0.76 0.78 0.75 0.65 0.60 0.61 0.67
1.31 1.29 1.26 1.22 1.20 1.18 1.16 1.16 1.17 1.18 1.16 1.14 1.13 1.13 1.12 1.11 1.10 1.10 1.10 1.10 1.10 1.09 1.09 1.09 1.09 1.09 1.11 1.18 1.22 1.16 1.08 1.05 1.02 0.98 0.92 0.86 0.90 0.99 1.04 1.02 0.99 0.99 1.04 1.11 1.15 1.17 1.15 1.14 1.18 1.22 1.23 1.24 1.30 1.38 1.42 1.43 1.44 1.47 1.47 1.46 1.44 1.39 1.24 1.01 0.86 0.81 0.79 0.74 0.69 0.72 0.86 0.94 0.89 0.79 0.74 0.76 0.82 0.84 0.86 0.89 0.84 0.72 0.63 0.62
1.30 1.29 1.25 1.22 1.20 1.19 1.19 1.19 1.19 1.17 1.14 1.14 1.14 1.14 1.14 1.13 1.12 1.11 1.11 1.10 1.10 1.10 1.10 1.09 1.09 1.09 1.10 1.10 1.05 1.00 0.99 0.96 0.91 0.85 0.79 0.78 0.88 1.01 1.12 1.18 1.19 1.19 1.21 1.21 1.21 1.25 1.28 1.29 1.30 1.30 1.29 1.33 1.45 1.55 1.58 1.57 1.53 1.47 1.40 1.33 1.26 1.24 1.25 1.10 0.92 0.88 0.85 0.79 0.78 0.87 0.91 0.79 0.66 0.66 0.74 0.86 0.92 0.92 0.89 0.89 0.91 0.88 0.79 0.72
1.30 1.30 1.27 1.24 1.21 1.20 1.21 1.21 1.19 1.16 1.15 1.15 1.15 1.15 1.14 1.13 1.13 1.12 1.12 1.11 1.11 1.10 1.09 1.08 1.08 1.07 1.07 1.04 1.01 1.00 0.99 0.93 0.86 0.80 0.78 0.83 0.89 0.94 1.07 1.30 1.45 1.52 1.50 1.42 1.40 1.49 1.55 1.55 1.50 1.46 1.44 1.46 1.46 1.38 1.27 1.22 1.18 1.08 1.00 0.92 0.89 0.95 1.11 1.19 1.09 0.98 0.96 0.97 1.02 1.03 0.90 0.73 0.68 0.72 0.83 0.94 0.96 0.91 0.84 0.79 0.80 0.86 0.88 0.87
1.30 1.29 1.27 1.24 1.22 1.21 1.22 1.21 1.19 1.18 1.17 1.16 1.15 1.15 1.14 1.13 1.13 1.12 1.12 1.11 1.10 1.09 1.08 1.08 1.07 1.06 1.05 1.03 1.03 1.04 1.00 0.94 0.88 0.84 0.85 0.93 1.04 1.17 1.31 1.44 1.51 1.52 1.51 1.56 1.61 1.60 1.50 1.38 1.31 1.28 1.30 1.30 1.22 1.09 0.97 0.90 0.85 0.78 0.70 0.68 0.71 0.80 0.98 1.17 1.24 1.18 1.18 1.27 1.30 1.19 1.03 0.94 0.93 0.94 1.00 1.02 0.95 0.87 0.81 0.78 0.78 0.79 0.82 0.91
1.28 1.28 1.25 1.24 1.24 1.25 1.23 1.20 1.19 1.18 1.17 1.16 1.16 1.15 1.13 1.12 1.12 1.11 1.11 1.10 1.09 1.08 1.08 1.08 1.07 1.05 1.05 1.04 1.04 1.01 0.96 0.92 0.90 0.90 0.93 1.00 1.15 1.33 1.40 1.37 1.30 1.26 1.33 1.42 1.40 1.26 1.14 1.07 1.07 1.11 1.16 1.17 1.10 1.01 0.91 0.82 0.75 0.69 0.66 0.66 0.69 0.76 0.85 0.98 1.18 1.34 1.44 1.48 1.48 1.46 1.41 1.37 1.31 1.25 1.23 1.13 1.00 0.89 0.81 0.76 0.77 0.81 0.88 0.98
1.27 1.25 1.23 1.23 1.25 1.24 1.21 1.20 1.19 1.18 1.17 1.16 1.15 1.14 1.13 1.12 1.12 1.12 1.12 1.11 1.10 1.09 1.08 1.07 1.06 1.06 1.06 1.06 1.03 0.99 0.95 0.93 0.93 0.94 0.96 1.02 1.13 1.16 1.11 1.08 1.09 1.15 1.24 1.23 1.11 0.99 0.95 0.99 1.12 1.25 1.29 1.21 1.11 1.02 0.91 0.80 0.72 0.69 0.69 0.74 0.80 0.83 0.85 0.93 1.12 1.32 1.41 1.40 1.41 1.50 1.55 1.54 1.50 1.42 1.29 1.12 1.00 0.91 0.82 0.76 0.77 0.86 0.97 0.96
1.25 1.24 1.24 1.25 1.24 1.21 1.20 1.20 1.19 1.18 1.17 1.16 1.15 1.14 1.14 1.14 1.14 1.14 1.13 1.12 1.11 1.10 1.09 1.07 1.07 1.07 1.07 1.04 1.01 0.99 0.98 0.97 0.96 0.96 0.97 1.01 1.01 0.96 0.94 0.97 1.06 1.14 1.15 1.07 0.98 0.98 1.02 1.12 1.27 1.31 1.19 1.05 0.97 0.88 0.81 0.75 0.71 0.69 0.75 0.86 0.95 1.00 1.06 1.17 1.27 1.28 1.24 1.19 1.12 1.12 1.18 1.23 1.25 1.23 1.12 1.01 0.93 0.89 0.87 0.87 0.92 0.94 0.88 0.72
1.25 1.26 1.26 1.25 1.21 1.19 1.19 1.19 1.18 1.18 1.18 1.17 1.16 1.15 1.15 1.15 1.14 1.13 1.12 1.11 1.10 1.09 1.08 1.08 1.08 1.07 1.04 1.02 1.00 0.99 0.98 0.97 0.97 0.97 0.99 0.99 0.95 0.93 0.96 1.00 1.04 1.05 1.03 0.97 0.91 0.96 1.10 1.25 1.27 1.14 0.98 0.91 0.85 0.78 0.72 0.72 0.73 0.77 0.86 1.00 1.12 1.21 1.30 1.36 1.32 1.21 1.09 1.01 0.94 0.90 0.90 0.93 0.97 0.99 0.99 0.97 0.92 0.89 0.91 0.93 0.90 0.80 0.64 0.53
1.26 1.26 1.25 1.22 1.18 1.15 1.15 1.16 1.17 1.17 1.18 1.18 1.17 1.16 1.15 1.14 1.14 1.12 1.11 1.10 1.09 1.08 1.07 1.07 1.06 1.04 1.03 1.02 1.01 1.00 0.98 0.96 0.95 0.94 0.94 0.94 0.94 0.95 0.95 0.95 0.96 0.98 0.97 0.94 0.96 1.03 1.15 1.19 1.10 0.97 0.89 0.83 0.80 0.81 0.80 0.81 0.87 0.94 1.04 1.14 1.22 1.28 1.29 1.22 1.12 1.01 0.92 0.88 0.88 0.87 0.84 0.82 0.83 0.87 0.89 0.91 0.89 0.84 0.81 0.77 0.69 0.58 0.53 0.53
1.25 1.24 1.22 1.18 1.15 1.14 1.13 1.14 1.15 1.16 1.16 1.15 1.15 1.15 1.14 1.13 1.12 1.11 1.10 1.09 1.08 1.08 1.07 1.07 1.05 1.04 1.03 1.03 1.02 1.00 0.99 0.97 0.96 0.95 0.93 0.92 0.93 0.93 0.91 0.90 0.91 0.90 0.87 0.90 1.02 1.14 1.17 1.11 0.99 0.91 0.83 0.78 0.76 0.77 0.82 0.89 0.98 1.12 1.25 1.30 1.27 1.20 1.09 0.98 0.89 0.84 0.81 0.82 0.82 0.81 0.79 0.77 0.77 0.79 0.82 0.84 0.84 0.80 0.75 0.69 0.64 0.60 0.59 0.62
1.23 1.22 1.20 1.16 1.13 1.14 1.14 1.13 1.14 1.15 1.15 1.14 1.14 1.14 1.13 1.12 1.11 1.11 1.10 1.09 1.08 1.08 1.08 1.07 1.06 1.05 1.04 1.03 1.02 1.01 1.00 0.99 0.98 0.97 0.96 0.95 0.95 0.94 0.92 0.90 0.88 0.83 0.82 0.89 1.00 1.08 1.07 0.98 0.90 0.82 0.79 0.81 0.83 0.88 0.95 1.03 1.14 1.28 1.34 1.29 1.19 1.06 0.94 0.86 0.82 0.79 0.78 0.77 0.77 0.77 0.76 0.75 0.74 0.74 0.78 0.82 0.85 0.86 0.83 0.78 0.74 0.72 0.70 0.68
1.22 1.20 1.18 1.18 1.19 1.20 1.19 1.16 1.14 1.14 1.15 1.15 1.15 1.15 1.14 1.13 1.12 1.11 1.10 1.10 1.10 1.09 1.08 1.08 1.07 1.07 1.05 1.04 1.02 1.01 1.00 1.00 0.98 0.97 0.96 0.95 0.96 0.95 0.93 0.90 0.87 0.86 0.87 0.91 0.96 0.98 0.93 0.84 0.74 0.66 0.66 0.75 0.89 1.03 1.13 1.23 1.33 1.34 1.23 1.08 0.96 0.87 0.81 0.80 0.81 0.78 0.74 0.72 0.71 0.71 0.70 0.69 0.69 0.70 0.74 0.80 0.85 0.88 0.86 0.83 0.80 0.77 0.75 0.72
1.19 1.17 1.15 1.19 1.25 1.29 1.27 1.22 1.17 1.15 1.15 1.15 1.15 1.14 1.13 1.13 1.12 1.12 1.11 1.10 1.10 1.10 1.09 1.08 1.07 1.06 1.05 1.03 1.03 1.02 1.01 1.00 0.98 0.97 0.96 0.95 0.93 0.91 0.89 0.88 0.87 0.88 0.89 0.91 0.93 0.90 0.83 0.74 0.68 0.64 0.68 0.82 0.93 1.02 1.13 1.27 1.30 1.19 1.03 0.90 0.81 0.76 0.77 0.79 0.79 0.76 0.74 0.72 0.70 0.68 0.66 0.66 0.67 0.70 0.73 0.76 0.78 0.80 0.83 0.85 0.83 0.77 0.70 0.67
1.17 1.14 1.13 1.17 1.21 1.24 1.25 1.25 1.23 1.20 1.16 1.15 1.14 1.12 1.11 1.11 1.11 1.11 1.10 1.10 1.09 1.08 1.07 1.07 1.06 1.04 1.04 1.03 1.03 1.02 1.01 1.00 0.98 0.97 0.96 0.95 0.92 0.90 0.89 0.88 0.87 0.89 0.90 0.92 0.90 0.84 0.76 0.73 0.81 0.91 1.03 1.11 1.13 1.13 1.17 1.20 1.11 0.97 0.88 0.82 0.78 0.78 0.80 0.82 0.80 0.78 0.76 0.74 0.71 0.69 0.69 0.70 0.72 0.73 0.74 0.73 0.72 0.72 0.74 0.78 0.79 0.77 0.71 0.64
1.22 1.19 1.18 1.23 1.25 1.24 1.25 1.26 1.22 1.17 1.13 1.12 1.11 1.11 1.11 1.11 1.11 1.10 1.10 1.09 1.07 1.07 1.07 1.06 1.05 1.04 1.04 1.03 1.02 1.02 1.01 1.00 0.99 0.98 0.96 0.95 0.93 0.92 0.90 0.88 0.89 0.92 0.93 0.91 0.86 0.80 0.77 0.82 0.97 1.12 1.18 1.17 1.17 1.20 1.19 1.11 0.98 0.88 0.83 0.81 0.81 0.82 0.84 0.85 0.85 0.82 0.80 0.79 0.77 0.75 0.76 0.77 0.78 0.76 0.74 0.72 0.70 0.68 0.66 0.67 0.71 0.77 0.79 0.75
1.27 1.27 1.26 1.26 1.28 1.29 1.27 1.25 1.20 1.13 1.09 1.08 1.08 1.10 1.11 1.11 1.11 1.10 1.09 1.08 1.07 1.07 1.06 1.06 1.05 1.04 1.04 1.03 1.02 1.01 1.01 1.00 0.99 0.98 0.96 0.95 0.94 0.92 0.90 0.88 0.90 0.91 0.88 0.81 0.76 0.75 0.80 0.89 1.01 1.08 1.09 1.07 1.07 1.10 1.10 1.03 0.93 0.86 0.86 0.88 0.89 0.90 0.92 0.93 0.92 0.91 0.90 0.89 0.90 0.89 0.86 0.82 0.77 0.74 0.74 0.73 0.72 0.70 0.68 0.67 0.71 0.78 0.84 0.86
1.24 1.25 1.24 1.16 1.10 1.09 1.11 1.13 1.16 1.15 1.10 1.06 1.05 1.07 1.08 1.08 1.08 1.08 1.08 1.09 1.08 1.07 1.06 1.05 1.05 1.04 1.04 1.03 1.02 1.01 1.01 1.00 0.99 0.98 0.96 0.95 0.94 0.92 0.90 0.89 0.87 0.83 0.77 0.72 0.72 0.74 0.80 0.92 0.99 1.00 1.01 1.05 1.07 1.06 1.05 1.00 0.91 0.88 0.90 0.94 1.00 1.05 1.05 1.01 0.97 0.94 0.93 0.92 0.94 0.93 0.87 0.79 0.75 0.74 0.75 0.76 0.75 0.75 0.76 0.76 0.77 0.80 0.82 0.84
1.19 1.20 1.20 1.14 1.02 0.95 0.95 1.00 1.06 1.12 1.13 1.09 1.05 1.05 1.05 1.06 1.06 1.06 1.06 1.06 1.07 1.06 1.06 1.05 1.04 1.04 1.03 1.03 1.02 1.01 1.01 1.00 0.99 0.98 0.96 0.95 0.94 0.92 0.91 0.89 0.85 0.80 0.76 0.76 0.78 0.80 0.85 0.90 0.92 0.92 0.95 1.00 1.02 1.03 1.01 0.94 0.91 0.92 0.95 1.01 1.07 1.10 1.08 1.01 0.93 0.87 0.83 0.82 0.80 0.78 0.77 0.78 0.81 0.82 0.81 0.81 0.81 0.83 0.84 0.84 0.82 0.79 0.77 0.78
1.17 1.17 1.18 1.20 1.17 1.10 1.02 0.99 1.03 1.13 1.21 1.20 1.13 1.06 1.02 1.03 1.05 1.05 1.05 1.05 1.05 1.06 1.06 1.05 1.04 1.04 1.03 1.02 1.02 1.01 1.00 0.99 0.99 0.98 0.96 0.95 0.94 0.93 0.91 0.89 0.87 0.84 0.82 0.81 0.81 0.82 0.82 0.81 0.81 0.83 0.87 0.91 0.93 0.95 0.94 0.91 0.93 0.99 1.05 1.10 1.11 1.06 1.00 0.96 0.91 0.84 0.79 0.76 0.72 0.72 0.76 0.84 0.87 0.87 0.87 0.88 0.90 0.92 0.92 0.91 0.87 0.81 0.76 0.73
1.18 1.17 1.16 1.17 1.19 1.19 1.14 1.09 1.09 1.14 1.19 1.22 1.18 1.09 1.01 1.00 1.01 1.03 1.04 1.04 1.04 1.03 1.04 1.04 1.04 1.03 1.03 1.02 1.01 1.01 1.00 0.99 0.98 0.97 0.96 0.95 0.94 0.93 0.91 0.90 0.88 0.86 0.84 0.82 0.81 0.78 0.75 0.73 0.72 0.73 0.76 0.82 0.88 0.92 0.92 0.92 0.93 0.98 1.04 1.08 1.07 1.02 0.97 0.94 0.92 0.87 0.82 0.79 0.79 0.81 0.84 0.87 0.88 0.89 0.91 0.93 0.95 0.97 0.97 0.94 0.90 0.84 0.77 0.71
1.17 1.17 1.15 1.12 1.11 1.12 1.14 1.13 1.11 1.06 1.04 1.07 1.12 1.13 1.08 1.02 0.99 0.99 1.02 1.03 1.03 1.03 1.04 1.04 1.03 1.03 1.02 1.01 1.01 1.00 1.00 0.99 0.98 0.97 0.96 0.95 0.94 0.93 0.92 0.90 0.89 0.87 0.85 0.84 0.81 0.79 0.76 0.73 0.71 0.70 0.72 0.79 0.88 0.92 0.91 0.89 0.89 0.92 0.97 0.99 0.97 0.96 0.94 0.93 0.92 0.89 0.86 0.84 0.84 0.85 0.85 0.86 0.88 0.91 0.94 0.95 0.95 0.94 0.90 0.86 0.83 0.81 0.77 0.74
1.15 1.14 1.12 1.10 1.08 1.06 1.06 1.07 1.05 1.02 0.99 1.02 1.10 1.20 1.20 1.12 1.03 0.99 0.99 1.02 1.03 1.05 1.05 1.04 1.02 1.02 1.01 1.01 1.00 1.00 0.99 0.99 0.98 0.97 0.96 0.95 0.94 0.93 0.92 0.91 0.89 0.88 0.86 0.85 0.83 0.81 0.79 0.76 0.74 0.73 0.74 0.78 0.83 0.85 0.84 0.84 0.86 0.89 0.91 0.90 0.87 0.84 0.84 0.87 0.90 0.90 0.85 0.80 0.80 0.81 0.83 0.85 0.89 0.92 0.94 0.96 0.94 0.89 0.83 0.78 0.75 0.74 0.73 0.72
1.15 1.13 1.10 1.09 1.08 1.07 1.05 1.05 1.06 1.06 1.06 1.07 1.12 1.18 1.22 1.21 1.14 1.06 1.01 0.99 1.00 1.02 1.02 1.01 1.01 1.00 1.00 0.99 0.99 0.99 0.99 0.98 0.97 0.97 0.96 0.95 0.94 0.93 0.92 0.91 0.90 0.88 0.87 0.85 0.84 0.82 0.81 0.79 0.78 0.76 0.75 0.73 0.73 0.73 0.72 0.73 0.78 0.82 0.81 0.78 0.75 0.74 0.75 0.81 0.86 0.88 0.85 0.79 0.78 0.82 0.86 0.88 0.90 0.91 0.93 0.92 0.89 0.84 0.81 0.78 0.74 0.71 0.68 0.66
1.13 1.11 1.07 1.06 1.07 1.09 1.11 1.11 1.10 1.07 1.07 1.07 1.07 1.08 1.13 1.20 1.21 1.15 1.06 1.00 0.98 0.98 0.98 0.98 0.98 0.99 0.98 0.99 0.99 0.99 0.98 0.98 0.97 0.97 0.96 0.95 0.94 0.93 0.92 0.91 0.90 0.89 0.88 0.86 0.85 0.83 0.82 0.81 0.79 0.78 0.75 0.73 0.72 0.69 0.66 0.69 0.73 0.76 0.75 0.73 0.71 0.72 0.75 0.80 0.83 0.85 0.85 0.84 0.84 0.86 0.88 0.89 0.90 0.91 0.91 0.88 0.83 0.81 0.80 0.78 0.75 0.72 0.69 0.67
1.13 1.07 1.00 0.99 1.02 1.07 1.11 1.12 1.11 1.09 1.06 1.03 1.02 1.02 1.06 1.13 1.20 1.21 1.15 1.07 1.01 0.98 0.97 0.98 0.99 0.99 0.99 0.99 0.99 0.98 0.97 0.97 0.97 0.96 0.95 0.95 0.94 0.93 0.92 0.91 0.90 0.89 0.88 0.87 0.85 0.84 0.83 0.81 0.80 0.78 0.76 0.76 0.75 0.73 0.72 0.75 0.76 0.75 0.75 0.76 0.78 0.80 0.77 0.72 0.68 0.69 0.71 0.79 0.87 0.90 0.90 0.90 0.91 0.91 0.89 0.87 0.84 0.83 0.83 0.82 0.80 0.77 0.75 0.75
1.17 1.08 0.98 0.96 0.97 0.98 1.00 1.02 1.04 1.05 1.04 1.03 1.04 1.04 1.04 1.07 1.15 1.21 1.22 1.17 1.08 1.00 0.96 0.96 0.97 0.98 0.99 0.98 0.97 0.96 0.97 0.97 0.96 0.96 0.95 0.94 0.94 0.93 0.92 0.91 0.90 0.89 0.88 0.87 0.86 0.85 0.83 0.82 0.80 0.78 0.77 0.76 0.75 0.74 0.74 0.76 0.79 0.79 0.78 0.80 0.80 0.75 0.64 0.55 0.51 0.55 0.66 0.79 0.87 0.90 0.92 0.92 0.92 0.90 0.88 0.87 0.89 0.90 0.91 0.89 0.86 0.83 0.82 0.83
1.27 1.18 1.07 1.03 1.02 1.00 0.97 0.96 0.94 0.94 0.98 1.01 1.02 1.02 1.03 1.04 1.06 1.12 1.19 1.20 1.15 1.07 1.01 0.97 0.95 0.96 0.98 0.98 0.97 0.97 0.97 0.96 0.96 0.95 0.95 0.94 0.93 0.93 0.92 0.91 0.91 0.90 0.89 0.88 0.86 0.85 0.84 0.82 0.81 0.79 0.77 0.75 0.73 0.71 0.69 0.72 0.78 0.82 0.82 0.79 0.69 0.58 0.57 0.62 0.69 0.77 0.83 0.87 0.87 0.88 0.90 0.91 0.90 0.88 0.86 0.88 0.91 0.92 0.91 0.89 0.87 0.85 0.87 0.91
1.32 1.30 1.23 1.12 1.05 1.05 1.08 1.09 1.06 1.03 1.04 1.07 1.03 1.00 1.02 1.03 1.02 1.02 1.09 1.18 1.23 1.19 1.11 1.03 0.98 0.97 0.97 0.97 0.98 0.97 0.96 0.95 0.95 0.94 0.94 0.94 0.93 0.93 0.92 0.91 0.91 0.90 0.89 0.88 0.87 0.85 0.84 0.83 0.81 0.79 0.78 0.75 0.72 0.68 0.66 0.67 0.70 0.73 0.74 0.69 0.61 0.61 0.73 0.86 0.93 0.95 0.93 0.88 0.85 0.85 0.86 0.87 0.87 0.87 0.88 0.88 0.88 0.87 0.87 0.88 0.92 0.97 1.04 1.13
1.33 1.46 1.54 1.42 1.24 1.18 1.22 1.23 1.18 1.13 1.11 1.09 1.08 1.06 1.02 1.00 1.00 1.01 1.04 1.11 1.19 1.24 1.22 1.17 1.09 1.00 0.94 0.90 0.90 0.91 0.92 0.93 0.93 0.93 0.93 0.93 0.93 0.92 0.92 0.91 0.90 0.90 0.89 0.88 0.87 0.86 0.84 0.83 0.82 0.80 0.78 0.76 0.73 0.69 0.66 0.63 0.60 0.56 0.54 0.56 0.60 0.68 0.78 0.86 0.92 0.94 0.92 0.86 0.83 0.82 0.82 0.82 0.83 0.85 0.86 0.85 0.84 0.84 0.87 0.94 1.03 1.11 1.16 1.15
1.33 1.49 1.76 1.89 1.86 1.74 1.62 1.53 1.38 1.25 1.19 1.15 1.13 1.13 1.09 1.02 1.01 1.03 1.04 1.04 1.05 1.12 1.20 1.24 1.20 1.11 0.98 0.88 0.85 0.86 0.88 0.91 0.92 0.92 0.92 0.92 0.92 0.92 0.91 0.91 0.90 0.90 0.89 0.88 0.87 0.86 0.85 0.83 0.82 0.80 0.78 0.76 0.74 0.71 0.67 0.63 0.57 0.50 0.47 0.48 0.54 0.61 0.67 0.72 0.79 0.84 0.86 0.86 0.86 0.84 0.81 0.78 0.77 0.77 0.77 0.78 0.78 0.79 0.84 0.92 0.98 1.01 0.98 0.83
1.18 1.17 1.33 1.63 1.82 1.89 1.90 1.86 1.80 1.74 1.70 1.65 1.55 1.43 1.35 1.27 1.17 1.09 1.03 0.99 0.98 1.01 1.05 1.12 1.18 1.15 1.04 0.93 0.88 0.86 0.86 0.87 0.89 0.91 0.91 0.92 0.92 0.91 0.91 0.91 0.90 0.89 0.89 0.88 0.87 0.86 0.85 0.83 0.82 0.81 0.79 0.77 0.75 0.72 0.69 0.66 0.61 0.56 0.52 0.49 0.50 0.53 0.57 0.60 0.61 0.64 0.72 0.81 0.85 0.84 0.80 0.76 0.76 0.76 0.75 0.73 0.71 0.72 0.77 0.83 0.84 0.79 0.68 0.58
1.02 0.91 0.78 0.80 0.92 1.14 1.34 1.49 1.63 1.73 1.78 1.78 1.73 1.65 1.57 1.47 1.36 1.22 1.08 1.00 0.97 0.96 0.97 0.99 1.01 1.06 1.10 1.06 0.99 0.93 0.88 0.86 0.87 0.88 0.90 0.91 0.91 0.91 0.91 0.90 0.90 0.89 0.88 0.88 0.87 0.86 0.85 0.84 0.82 0.81 0.79 0.78 0.76 0.74 0.71 0.68 0.65 0.62 0.59 0.56 0.54 0.53 0.50 0.46 0.44 0.46 0.54 0.62 0.67 0.71 0.75 0.78 0.79 0.77 0.74 0.70 0.69 0.70 0.72 0.73 0.69 0.60 0.54 0.54
0.99 0.89 0.70 0.57 0.50 0.54 0.64 0.78 0.93 1.05 1.06 1.08 1.11 1.19 1.27 1.29 1.28 1.27 1.21 1.12 1.03 0.97 0.95 0.94 0.95 1.05 1.18 1.22 1.16 1.07 0.98 0.92 0.87 0.86 0.87 0.89 0.90 0.90 0.90 0.90 0.89 0.89 0.88 0.87 0.87 0.86 0.85 0.84 0.82 0.81 0.80 0.78 0.77 0.75 0.73 0.70 0.68 0.66 0.64 0.61 0.59 0.56 0.52 0.47 0.44 0.42 0.42 0.42 0.46 0.53 0.64 0.71 0.73 0.70 0.68 0.68 0.68 0.68 0.67 0.61 0.54 0.51 0.53 0.57
0.99 0.91 0.78 0.67 0.59 0.55 0.55 0.56 0.59 0.59 0.57 0.59 0.64 0.72 0.82 0.91 1.00 1.09 1.16 1.19 1.15 1.09 1.04 1.02 1.03 1.07 1.12 1.19 1.21 1.17 1.09 1.02 0.93 0.87 0.86 0.87 0.88 0.89 0.89 0.89 0.89 0.88 0.88 0.87 0.86 0.85 0.85 0.84 0.83 0.81 0.80 0.79 0.77 0.76 0.74 0.72 0.70 0.68 0.67 0.65 0.63 0.60 0.58 0.55 0.52 0.48 0.44 0.41 0.40 0.42 0.46 0.50 0.54 0.54 0.56 0.59 0.63 0.63 0.60 0.55 0.51 0.53 0.59 0.63
1.04 0.93 0.78 0.69 0.64 0.62 0.61 0.58 0.54 0.52 0.55 0.61 0.67 0.71 0.75 0.79 0.84 0.90 0.96 1.05 1.13 1.17 1.16 1.13 1.10 1.07 1.07 1.09 1.15 1.17 1.14 1.09 1.03 0.96 0.91 0.89 0.87 0.87 0.88 0.88 0.88 0.88 0.87 0.87 0.86 0.85 0.84 0.83 0.82 0.81 0.80 0.79 0.78 0.77 0.75 0.74 0.72 0.70 0.69 0.67 0.65 0.63 0.61 0.59 0.57 0.54 0.52 0.48 0.45 0.42 0.39 0.37 0.36 0.40 0.46 0.51 0.54 0.56 0.54 0.54 0.56 0.60 0.67 0.66
1.10 0.95 0.72 0.62 0.58 0.56 0.56 0.55 0.54 0.55 0.59 0.65 0.71 0.75 0.79 0.83 0.85 0.87 0.90 0.93 0.98 1.03 1.06 1.08 1.07 1.07 1.06 1.06 1.07 1.10 1.12 1.11 1.10 1.07 1.01 0.95 0.90 0.88 0.87 0.88 0.88 0.87 0.87 0.86 0.85 0.85 0.84 0.83 0.82 0.81 0.80 0.79 0.78 0.77 0.76 0.75 0.73 0.72 0.70 0.69 0.67 0.66 0.64 0.62 0.60 0.58 0.56 0.54 0.52 0.48 0.44 0.40 0.37 0.39 0.44 0.49 0.53 0.54 0.54 0.56 0.63 0.71 0.70 0.61
1.24 1.03 0.72 0.53 0.44 0.43 0.44 0.48 0.52 0.56 0.60 0.63 0.69 0.74 0.78 0.82 0.86 0.89 0.91 0.92 0.91 0.92 0.93 0.96 0.99 1.00 0.99 1.00 1.04 1.09 1.11 1.11 1.10 1.07 1.01 0.95 0.92 0.90 0.89 0.88 0.87 0.87 0.86 0.86 0.85 0.84 0.83 0.83 0.82 0.81 0.80 0.79 0.79 0.78 0.77 0.75 0.74 0.73 0.72 0.71 0.69 0.68 0.66 0.65 0.63 0.61 0.59 0.58 0.56 0.53 0.51 0.48 0.45 0.44 0.46 0.50 0.53 0.55 0.57 0.61 0.70 0.73 0.62 0.51
