windninja/windninja_output/Output_2025-08-09_0800-0850_Google earth_Fire_150m_10min/merlingen_7.5mi_point_08-09-2025_0830_150m_ang.asc
ncols	158
nrows	163
xllcorner	391686.332397
yllcorner	5160024.123721
cellsize	150.000000
NODATA_value	-32768.000000
[rows 43 to 85 of 163, columns 0 to 95 of 158]
175 175 174 173 172 170 170 169 169 169 169 168 168 168 168 168 168 167 167 167 167 167 166 166 166 165 164 162 160 159 159 160 162 164 166 169 170 169 168 170 172 175 175 172 172 176 180 182 180 175 170 171 174 177 178 181 187 191 194 195 192 185 180 182 184 180 175 175 181 186 187 184 181 176 172 175 182 185 185 184 184 183 179 173 174 182 192 193 188 181 177 176 177 178 180 183
177 177 175 173 171 171 171 170 169 169 169 168 168 168 168 168 168 167 167 167 167 167 166 166 166 165 164 163 162 161 160 161 162 163 164 163 161 161 164 168 172 173 170 169 174 182 185 182 177 171 170 174 180 182 185 188 192 195 194 190 186 181 178 175 172 172 173 175 181 186 186 185 185 182 180 184 189 191 190 186 182 177 172 171 179 192 196 194 191 186 180 176 172 174 182 188
179 178 176 173 172 172 171 170 170 169 169 168 168 168 168 168 168 167 167 167 167 167 167 166 166 165 165 164 163 163 162 162 162 163 162 160 157 158 162 166 169 169 169 171 179 185 184 177 170 168 172 180 186 189 192 195 197 194 187 183 181 179 176 171 167 167 172 176 180 184 185 187 189 189 190 193 194 194 191 185 178 172 170 176 191 196 194 192 192 190 184 176 170 174 185 191
181 179 176 175 174 173 171 170 170 170 169 169 169 168 168 168 168 167 168 168 167 167 167 167 166 165 165 165 164 163 162 162 162 162 161 160 158 158 160 163 164 166 169 175 182 182 177 171 167 170 178 185 193 197 198 199 197 188 179 175 176 175 172 168 167 169 173 179 183 183 185 188 192 195 197 199 198 193 187 181 175 173 177 187 195 194 191 189 190 191 186 176 172 179 187 191
182 179 177 177 176 173 171 170 170 170 169 169 169 169 168 168 168 168 168 168 168 168 167 167 166 166 166 166 165 164 163 162 162 161 160 160 159 157 157 159 161 163 168 178 182 177 170 167 169 176 183 191 198 199 198 195 189 182 174 170 171 171 169 167 168 171 176 182 184 184 185 188 192 197 201 203 200 193 185 181 179 181 186 190 191 190 188 187 188 188 184 180 179 184 189 191
182 180 179 179 178 175 171 169 169 169 169 169 169 169 168 168 168 168 168 168 168 168 167 167 167 166 166 166 165 165 164 164 163 161 160 160 158 157 157 157 158 160 167 175 177 172 168 168 173 181 190 198 201 199 196 190 182 175 170 169 169 169 169 169 169 172 177 182 185 186 187 189 193 198 203 204 201 194 188 186 186 186 186 186 187 186 186 186 184 182 183 186 187 188 191 194
182 181 181 181 179 175 172 169 169 169 169 169 169 169 169 168 168 168 168 168 168 168 167 167 167 167 166 166 166 166 165 164 164 163 162 160 159 158 158 158 157 159 164 169 170 168 167 171 178 186 195 199 197 194 189 183 175 169 168 171 172 173 174 173 170 172 177 181 185 187 188 191 194 200 203 202 197 193 190 189 188 187 185 184 184 184 184 182 179 180 185 191 194 194 195 200
184 182 182 183 179 175 174 171 168 168 169 170 169 169 169 169 169 168 168 168 168 168 168 168 168 167 167 167 167 166 166 165 164 164 162 161 159 159 159 159 159 160 162 164 164 164 168 176 186 195 199 195 189 185 182 177 170 167 169 174 177 178 178 174 171 173 178 182 185 187 190 193 197 200 200 196 193 191 190 190 188 187 186 185 183 181 180 178 178 182 187 194 199 202 204 205
186 184 183 181 177 176 176 174 170 168 169 170 169 169 169 169 169 169 169 168 168 168 168 168 168 168 168 167 167 167 166 166 165 164 163 161 159 158 159 160 160 159 159 161 162 163 170 182 196 200 194 187 183 179 176 170 167 170 176 180 182 183 179 173 171 175 179 183 186 189 191 194 197 198 196 193 190 190 190 189 189 190 189 185 182 179 177 177 180 184 189 196 204 209 208 203
190 187 182 179 175 175 177 176 173 170 169 170 170 170 169 169 169 169 169 169 168 168 168 168 168 168 168 168 167 167 167 166 166 165 164 163 161 159 159 159 160 159 158 159 161 164 173 186 193 189 183 180 180 177 171 165 166 175 183 187 186 183 177 172 172 176 180 184 188 190 191 193 194 194 193 192 190 188 187 187 190 193 192 187 182 178 178 179 182 187 192 198 204 206 203 189
193 188 180 177 175 175 177 177 175 173 171 170 170 170 170 169 169 169 169 169 169 169 168 168 168 168 168 168 168 167 167 167 166 166 165 164 163 161 160 159 160 159 158 158 161 166 175 181 182 180 178 178 178 176 170 165 170 180 188 190 187 182 176 172 173 177 181 186 189 189 189 190 192 193 193 192 191 189 186 186 190 192 192 190 187 182 179 180 185 191 195 197 197 197 187 167
191 188 181 176 175 176 177 178 179 176 172 170 170 170 169 169 169 169 169 169 169 169 168 168 169 169 168 168 168 168 168 167 167 166 166 165 164 163 161 160 158 157 158 159 160 165 172 175 173 174 177 178 176 174 170 169 175 185 189 188 185 180 175 173 175 178 182 185 188 188 188 191 194 195 193 192 192 190 187 185 186 187 189 190 191 190 186 184 188 192 194 193 190 186 170 154
188 187 183 177 174 176 176 178 180 179 174 170 169 168 169 169 169 169 169 170 170 169 169 169 169 169 169 168 168 168 168 168 167 167 166 166 165 164 163 161 158 156 157 160 160 161 165 167 167 171 176 177 175 173 171 172 180 186 187 185 181 178 175 175 177 180 183 185 187 189 193 197 197 194 192 192 191 189 186 184 182 183 186 188 191 192 193 193 193 194 193 189 182 176 163 153
186 186 185 183 178 176 175 175 178 179 177 173 170 167 168 169 169 169 169 169 170 170 169 169 169 169 169 169 169 168 168 168 168 167 167 167 166 165 164 163 161 159 159 160 160 159 160 161 163 169 174 175 175 173 171 176 183 186 184 180 177 175 177 179 181 182 183 185 188 194 200 198 194 191 191 191 190 187 184 183 182 182 185 187 189 192 195 198 199 199 195 185 174 166 162 161
187 186 185 185 183 180 176 174 174 176 177 177 174 169 168 168 169 169 169 169 169 169 170 169 169 169 169 169 169 169 169 169 168 168 168 167 167 166 166 165 164 163 162 161 160 158 156 156 159 164 169 172 173 172 172 177 182 183 180 176 174 175 178 183 185 184 184 187 192 198 197 193 191 190 189 188 186 184 183 183 184 184 186 188 190 195 199 201 200 197 190 175 165 162 161 167
188 187 185 185 184 183 180 176 172 172 175 179 178 175 170 167 167 168 169 169 169 169 169 169 169 169 169 169 169 169 169 169 169 168 168 168 168 167 167 166 165 165 163 162 161 159 156 154 154 157 164 170 171 171 172 177 180 179 176 173 174 177 181 186 189 187 185 188 193 194 191 189 189 189 187 186 183 182 182 184 186 188 189 192 196 200 202 201 196 187 175 165 162 160 162 177
188 187 186 185 185 183 182 178 173 171 172 177 180 179 174 169 166 167 168 169 169 169 169 169 170 170 170 169 169 169 169 169 169 169 169 169 168 168 168 167 166 166 165 164 163 161 159 157 154 154 159 164 167 168 172 177 179 175 172 172 174 177 183 189 191 189 187 188 191 191 189 188 187 186 185 184 181 180 183 186 188 190 193 195 198 201 201 196 187 173 163 160 161 162 171 193
189 189 188 187 186 183 181 179 176 173 172 173 176 178 178 175 170 166 166 167 169 169 169 170 170 170 170 170 170 170 169 169 169 169 169 169 169 169 168 168 168 167 166 165 165 164 162 160 157 155 155 158 161 165 171 178 178 172 170 171 173 178 184 190 192 191 189 190 191 190 188 186 185 184 183 182 181 183 186 189 190 193 195 197 198 199 196 188 175 164 160 161 162 170 187 202
191 191 190 188 186 184 182 179 177 175 173 171 171 174 179 179 176 170 167 166 167 168 169 170 170 170 170 170 170 170 170 170 170 170 170 170 169 169 169 169 168 168 167 167 166 165 164 163 161 157 155 154 155 160 169 176 175 170 169 170 174 178 183 189 192 192 192 192 190 187 186 184 182 181 181 180 182 186 189 191 193 195 198 200 199 195 187 178 168 160 160 165 172 186 199 208
194 193 191 188 186 184 182 179 178 176 173 171 170 171 176 179 179 176 171 168 166 167 168 170 170 170 170 169 169 170 170 170 170 170 170 170 170 170 170 169 169 169 168 168 167 166 166 164 163 160 157 156 154 157 167 174 172 169 169 171 174 177 180 185 190 193 195 193 188 184 184 183 181 180 180 182 185 189 191 193 195 198 201 202 199 191 179 167 162 160 164 174 188 199 207 214
200 198 193 189 185 182 181 180 179 177 175 172 170 170 171 175 179 179 177 172 168 167 168 169 170 170 170 169 170 170 170 170 170 170 170 170 170 170 170 170 170 169 169 169 168 167 167 166 164 162 160 157 155 157 164 171 171 169 169 170 173 175 180 187 194 197 196 190 184 183 183 182 180 179 180 184 187 189 191 194 197 199 201 200 195 185 171 162 158 162 175 188 199 208 214 220
208 203 194 188 184 181 180 180 179 178 177 173 170 170 170 171 175 179 180 177 173 170 168 168 169 170 170 170 170 170 170 170 170 170 170 171 171 171 171 170 170 170 170 170 169 168 168 167 166 164 162 158 156 157 161 167 171 171 169 168 170 177 189 200 201 196 188 182 180 181 182 181 180 179 181 184 186 187 190 193 197 199 198 195 189 176 166 162 161 171 187 197 207 216 222 229
210 204 194 188 184 182 180 180 179 178 176 173 170 169 169 169 171 175 179 180 178 175 172 169 168 169 169 170 170 170 170 170 170 171 171 171 171 171 171 171 171 171 171 170 170 169 169 168 167 166 164 160 157 156 157 161 166 170 170 168 171 186 200 198 191 185 179 177 178 180 180 181 180 180 181 182 184 186 189 195 199 199 195 191 182 170 164 165 172 185 196 206 215 223 232 240
205 201 195 190 185 182 180 181 181 178 174 173 172 169 168 169 170 171 175 179 180 179 177 173 170 168 169 170 171 170 170 170 170 171 171 171 171 171 171 171 171 171 171 171 171 170 170 169 168 167 165 163 160 157 156 155 157 164 170 172 178 186 188 186 183 181 179 178 178 178 179 180 180 181 181 180 182 186 191 196 197 194 188 181 176 171 168 172 186 197 204 213 222 232 242 248
191 193 194 193 188 181 179 182 183 180 175 174 175 172 169 169 170 170 171 174 178 181 180 178 174 171 170 170 169 170 170 170 170 171 171 171 171 171 171 172 172 172 172 171 171 171 171 170 169 168 167 166 163 161 158 154 151 154 164 173 178 178 176 178 180 181 181 181 179 178 178 179 179 179 180 180 182 185 190 190 188 184 178 173 172 173 175 186 197 205 212 220 231 238 243 246
170 180 188 190 188 184 181 185 187 182 177 175 175 174 173 171 170 170 169 171 175 178 179 180 179 178 176 172 169 168 168 169 170 170 171 171 171 171 172 172 172 172 172 172 172 172 171 171 170 170 169 168 166 165 162 159 155 153 158 168 171 169 168 170 175 180 183 182 180 178 178 179 178 178 179 180 182 184 186 184 180 176 172 172 176 177 184 195 204 212 219 229 238 240 238 237
156 163 178 184 186 187 186 187 187 184 180 179 179 178 177 176 174 172 171 171 173 174 176 178 180 184 183 177 171 168 167 167 169 170 170 171 171 172 172 172 172 172 172 173 172 172 172 172 171 171 170 169 169 167 166 164 163 161 161 164 165 162 161 162 167 175 179 180 179 179 181 181 178 177 179 181 183 183 181 179 176 174 177 184 182 180 189 201 211 219 226 233 236 234 231 228
161 161 165 172 182 189 190 186 184 183 183 183 184 184 183 181 180 178 176 173 172 173 174 175 179 185 186 181 175 171 168 167 167 168 170 170 171 172 172 172 173 173 173 173 173 173 173 173 172 172 171 171 170 170 169 168 167 167 166 166 165 162 158 156 158 164 169 172 175 179 182 180 177 177 181 183 183 181 178 176 176 181 189 189 181 181 195 207 217 225 229 230 228 224 221 218
175 173 170 171 179 187 186 181 179 181 186 188 189 189 187 185 184 183 181 178 176 174 173 174 177 179 182 182 180 177 174 170 167 167 168 170 171 171 172 172 173 173 173 173 173 173 173 173 173 173 172 172 172 171 171 170 170 170 170 169 168 166 164 161 159 158 158 161 166 171 175 176 177 179 183 185 183 180 177 178 183 191 193 185 179 186 201 213 224 230 229 225 220 214 210 204
187 186 182 181 183 183 180 175 173 179 189 192 190 188 186 185 183 182 182 182 180 177 175 175 175 174 177 181 184 181 178 176 172 168 167 168 170 171 172 172 173 173 174 174 174 174 174 174 174 174 173 173 173 173 172 172 172 172 172 171 171 170 169 168 166 164 161 159 159 159 162 167 175 181 183 183 182 180 180 186 191 192 186 179 181 195 207 220 230 230 224 221 220 213 203 182
199 196 191 189 187 184 181 176 174 180 186 187 185 183 182 181 179 178 179 180 180 179 178 177 175 174 174 179 183 184 182 180 177 173 169 168 169 170 171 172 173 173 174 174 174 174 174 174 174 174 174 174 174 174 173 173 173 173 173 173 172 172 172 171 170 169 168 166 163 159 156 158 167 176 179 180 180 181 184 189 192 187 178 177 188 204 217 225 228 224 217 215 216 210 183 167
211 208 201 195 191 187 182 179 178 179 180 181 181 180 179 178 177 176 176 176 177 177 178 178 177 175 174 177 181 184 183 182 180 177 174 172 171 171 171 172 173 174 174 174 175 175 175 175 175 175 175 175 175 174 174 174 174 174 174 174 174 174 173 173 172 172 171 170 169 166 163 162 163 168 173 174 176 181 185 188 186 178 173 180 200 216 225 225 223 219 212 205 200 183 170 163
223 220 214 206 197 189 181 177 176 176 177 177 177 177 177 176 176 175 175 175 175 175 177 177 176 175 174 176 179 182 183 182 181 180 179 176 173 172 171 172 173 174 174 175 175 175 175 175 175 175 175 175 175 175 175 175 175 175 175 175 175 175 175 174 174 174 173 172 172 171 169 169 167 166 166 168 172 180 184 183 177 172 176 194 213 223 225 221 219 219 211 197 182 168 165 165
231 230 229 224 210 191 176 170 169 170 172 173 174 174 174 174 174 174 174 175 175 175 175 176 176 176 175 173 175 180 183 183 183 184 181 177 174 172 172 172 173 174 175 175 175 175 176 176 176 176 176 176 176 176 176 176 176 176 176 176 176 176 176 175 175 175 175 174 173 173 172 172 170 168 165 164 168 175 179 176 170 172 189 214 229 231 227 225 224 221 208 187 168 161 163 171
241 241 242 243 235 196 159 152 155 160 165 168 170 171 172 172 172 172 173 174 175 174 174 175 177 179 176 172 172 176 182 185 186 185 182 178 175 174 173 172 173 174 175 175 176 176 176 176 176 176 176 176 176 176 176 176 176 176 176 177 177 177 177 176 176 176 176 175 175 175 174 173 172 170 167 164 165 168 172 171 170 183 211 230 235 236 233 227 220 205 187 174 165 162 168 177
250 249 246 251 265 247 118 128 141 151 160 166 168 170 171 171 170 171 172 174 174 174 173 174 178 180 177 174 172 174 179 184 185 183 183 181 178 177 175 173 173 174 175 176 176 176 176 176 176 176 176 176 176 176 176 177 177 177 177 177 177 177 177 177 177 177 177 176 176 176 175 174 174 172 170 168 165 165 166 168 177 198 218 224 219 217 216 208 193 183 175 169 165 167 174 180
251 249 241 234 238 170 132 133 140 149 158 164 167 169 170 170 170 170 172 173 173 173 173 174 176 178 178 176 174 174 176 180 182 184 183 182 181 181 179 175 173 174 175 176 177 177 177 176 176 176 175 175 176 176 176 177 177 177 177 178 178 178 178 178 178 178 177 177 177 177 176 176 175 174 173 171 168 165 163 168 184 201 207 206 205 205 202 191 180 173 170 169 169 171 176 180
245 239 224 210 192 175 160 154 153 156 161 165 168 170 170 170 170 171 171 172 172 172 173 174 174 175 176 177 177 176 174 176 179 183 184 184 183 183 182 180 177 175 176 176 177 177 177 177 176 174 174 174 175 176 176 177 177 178 178 178 178 178 178 178 178 178 178 178 178 177 177 177 176 175 174 173 171 168 165 169 184 194 196 197 200 200 191 178 173 171 171 171 172 174 177 180
243 239 218 192 180 182 181 174 170 169 169 169 170 171 171 170 171 171 171 170 170 171 172 173 173 173 173 175 177 176 174 174 176 180 184 187 186 184 184 184 183 180 179 179 179 178 177 177 175 171 169 171 173 175 176 177 178 178 178 178 179 179 179 179 179 179 179 178 178 178 178 177 177 176 176 174 173 171 169 171 178 186 192 196 198 193 179 171 170 172 173 174 175 177 179 181
251 242 201 176 176 191 196 190 184 182 179 176 174 174 173 172 172 171 170 168 169 170 171 171 173 172 171 173 175 176 175 173 174 177 182 187 187 186 185 185 186 185 183 183 182 180 179 178 176 173 169 168 170 173 176 177 178 178 179 179 179 179 179 179 179 179 179 179 179 179 178 178 177 177 176 176 174 173 171 171 174 181 191 197 194 180 172 169 169 172 174 177 180 181 181 182
221 204 184 183 188 199 200 199 197 193 188 182 178 177 176 174 173 171 169 167 166 167 168 170 170 170 171 172 175 176 176 176 176 178 180 184 186 187 185 185 186 185 183 182 181 181 180 178 178 178 178 175 172 173 176 178 178 179 179 179 179 179 179 179 179 179 179 179 179 179 179 179 178 178 177 176 175 174 173 171 172 178 187 191 184 172 167 168 169 171 175 179 182 184 184 186
196 191 190 199 207 208 207 209 210 203 193 185 182 181 178 175 173 171 168 166 164 164 165 167 166 167 170 173 175 176 177 178 180 182 183 183 184 184 185 185 184 183 181 180 180 180 179 178 177 180 182 181 179 178 178 178 179 179 179 179 179 179 179 180 180 180 180 180 180 180 179 179 179 178 178 177 176 175 174 173 173 177 182 183 176 169 167 168 170 171 175 179 183 187 189 189
178 193 211 218 222 222 222 222 217 204 192 187 185 183 180 178 176 173 169 165 162 160 160 161 162 164 167 172 174 175 177 180 181 184 185 185 184 185 184 182 181 181 181 180 180 180 179 178 177 178 181 183 184 183 180 179 179 179 179 179 179 179 180 180 180 180 180 180 180 180 180 180 179 179 178 177 177 176 175 173 173 174 178 177 170 167 169 171 173 174 176 180 184 189 190 190
