windninja/windninja_output/Output_2025-08-09_0800-0850_Google earth_Fire_150m_10min/merlingen_7.5mi_point_08-09-2025_0810_150m_ang.asc
ncols	158
nrows	163
xllcorner	391686.332397
yllcorner	5160024.123721
cellsize	150.000000
NODATA_value	-32768.000000
[rows 42 to 83 of 163, columns 0 to 94 of 158]
197 196 196 196 196 195 194 195 195 195 194 194 194 194 194 194 194 194 193 193 192 192 192 191 191 189 188 186 183 183 186 188 188 189 191 193 196 196 193 193 195 196 198 196 192 190 193 196 197 196 199 198 193 191 196 203 205 206 212 218 218 212 209 210 209 206 202 201 200 200 203 204 199 190 187 189 188 186 188 197 203 204 205 205 202 201 202 204 203 201 201 206 215 218 213
197 197 197 197 196 195 195 195 195 195 194 194 194 194 194 194 194 194 194 193 193 192 192 192 191 190 189 187 185 184 187 189 189 187 186 186 187 188 188 190 194 199 198 195 193 195 199 203 203 200 200 200 197 196 200 206 210 212 216 219 217 211 207 206 206 203 197 196 199 199 199 199 196 190 188 190 191 190 192 197 201 202 201 200 200 203 208 210 209 206 205 205 211 217 213
198 198 197 197 195 195 196 195 195 195 194 194 194 194 194 194 194 194 193 193 193 193 192 192 192 191 190 188 187 187 187 188 188 186 183 180 180 183 188 192 197 199 198 196 198 202 206 205 202 197 197 200 200 200 204 209 213 214 215 215 213 210 206 203 200 199 197 195 197 197 197 199 198 195 195 197 196 195 197 200 200 198 197 199 205 210 211 213 214 212 210 208 212 218 216
199 198 197 196 196 196 196 195 195 195 195 194 194 194 194 194 194 194 194 194 193 193 193 192 192 191 190 190 189 188 188 188 187 185 182 179 178 183 188 192 194 197 198 199 201 204 205 201 196 194 198 203 205 206 210 214 216 215 212 209 207 205 202 196 194 195 197 198 197 198 201 203 204 204 204 204 200 198 200 199 196 195 198 207 214 214 212 214 216 216 214 211 214 219 218
200 198 197 197 197 197 196 196 195 195 195 194 194 194 194 194 194 194 194 194 193 193 193 193 192 192 192 191 190 189 188 188 187 185 182 180 180 182 185 187 190 195 200 202 203 203 201 197 195 197 203 207 211 213 215 217 217 213 207 202 200 199 196 192 193 196 199 202 200 200 204 207 210 211 210 208 203 198 198 198 197 200 208 216 217 214 212 212 214 216 216 213 215 218 218
200 199 197 198 199 198 196 195 195 195 195 195 194 194 194 194 194 194 194 194 194 194 194 193 193 193 193 192 191 190 190 189 188 186 183 182 182 181 182 184 188 193 199 202 202 201 198 196 198 201 205 210 213 215 214 213 212 208 202 195 193 195 195 194 197 200 202 204 203 202 205 208 212 213 213 211 206 201 199 202 207 212 215 216 214 213 211 211 213 215 215 215 215 216 217
200 199 198 199 200 200 197 195 195 195 195 195 195 195 195 195 195 195 195 195 195 194 194 194 194 193 193 192 192 191 191 190 189 187 184 182 182 182 182 183 186 191 197 199 199 198 197 197 200 203 208 213 216 217 214 210 207 202 196 192 190 195 200 202 203 204 204 204 204 204 207 209 212 214 214 212 209 205 204 208 213 214 212 211 209 209 209 209 209 210 212 216 217 216 217
201 200 199 200 201 201 199 195 194 194 195 195 195 195 195 195 195 195 195 195 195 194 194 194 194 194 193 193 193 192 191 191 190 188 186 183 182 183 183 183 186 191 193 194 195 197 198 200 203 206 209 213 214 213 209 205 202 196 192 192 193 199 206 208 206 204 203 204 205 206 208 210 212 214 214 211 208 205 206 209 211 211 209 207 206 206 205 204 204 206 212 218 220 219 219
203 201 199 200 201 200 199 197 193 193 194 195 195 195 195 195 195 195 195 195 195 194 194 194 194 194 193 193 193 193 192 191 191 190 188 185 183 183 184 185 187 189 189 189 192 197 200 204 209 212 213 214 210 205 202 200 197 194 194 196 200 206 213 213 207 203 203 204 206 208 210 212 213 213 212 208 205 204 206 209 210 210 208 206 205 204 202 202 205 208 212 218 222 223 224
206 203 199 199 199 199 199 199 195 192 193 194 195 195 195 195 195 195 195 195 195 195 195 194 194 194 194 194 194 193 193 192 191 191 189 187 185 184 184 185 187 188 187 186 190 197 202 208 214 216 212 210 207 202 199 197 195 197 200 203 207 211 216 215 207 203 203 204 206 208 211 213 213 212 210 207 205 204 206 208 210 212 212 209 206 204 203 205 209 212 214 219 224 226 226
210 205 198 197 198 198 199 200 198 193 192 194 195 195 195 195 195 195 195 195 195 195 195 195 195 195 195 194 194 194 193 193 192 192 191 189 187 185 184 185 187 188 186 184 188 197 202 206 210 207 201 200 201 200 198 196 197 202 206 209 210 211 215 214 206 201 201 203 206 208 210 210 209 209 209 208 206 205 206 208 210 213 215 213 210 208 207 209 212 215 217 220 223 224 223
211 206 196 195 197 197 198 201 201 197 194 194 195 196 195 195 195 196 195 196 196 195 195 195 195 195 195 195 194 194 194 193 193 192 192 191 190 188 186 184 186 187 186 183 187 196 200 200 201 198 196 197 199 200 199 199 200 204 209 211 211 211 215 213 204 199 199 202 206 207 206 206 206 208 209 209 208 207 208 209 211 213 214 213 213 213 211 210 213 217 219 219 218 217 214
207 205 198 193 196 197 196 200 203 201 196 194 195 195 195 195 195 196 196 196 196 195 195 195 195 195 195 195 195 195 194 194 194 193 193 192 191 190 188 185 184 186 187 186 187 193 196 194 193 194 196 199 200 201 203 202 201 204 208 210 209 210 213 210 202 197 197 198 202 204 203 205 208 210 210 209 208 209 210 208 207 209 210 210 211 213 213 213 215 216 217 217 213 211 208
204 204 202 196 197 199 198 200 204 204 200 195 194 194 195 196 196 196 196 196 196 196 196 196 195 195 195 195 195 195 195 194 194 194 193 193 192 191 190 188 186 187 190 190 188 188 189 188 188 191 195 200 200 202 205 203 201 204 207 207 206 206 209 208 201 196 196 196 200 204 206 209 211 210 209 209 208 208 208 205 203 205 207 208 209 211 212 213 214 217 218 216 211 206 206
203 204 204 202 200 201 200 199 203 205 202 198 195 194 194 196 196 196 196 196 196 196 196 196 196 195 196 196 195 195 195 195 195 194 194 194 193 193 192 191 189 189 190 190 188 184 182 182 184 188 193 199 200 203 206 204 201 203 205 204 203 204 208 209 204 198 197 198 202 208 211 211 209 208 207 207 206 206 205 203 202 204 207 208 209 210 211 212 214 217 221 218 206 196 199
204 204 204 203 202 201 200 198 199 202 201 199 198 196 194 195 196 196 196 196 196 196 196 196 196 196 196 196 196 196 196 195 195 195 195 194 194 194 193 193 192 191 190 189 188 184 180 178 180 184 189 198 202 205 207 203 199 201 202 201 201 204 209 211 207 200 198 199 205 210 210 208 206 206 205 204 203 204 202 202 203 205 207 209 212 215 216 216 214 214 214 205 190 187 195
205 204 203 203 203 202 201 198 196 197 199 200 201 201 197 194 195 195 196 196 196 196 196 196 196 196 196 196 196 196 196 196 196 195 195 195 195 195 194 194 193 192 191 190 189 187 183 178 176 178 185 196 202 205 206 202 198 199 201 200 201 205 210 212 209 203 198 198 203 206 205 204 205 205 203 202 201 201 200 201 203 205 208 211 215 218 219 218 215 209 203 194 187 188 201
204 204 204 204 204 204 203 201 198 197 198 199 202 204 201 196 194 194 195 195 196 196 196 196 196 196 196 196 196 196 196 196 196 196 196 196 195 195 195 195 194 193 193 191 190 189 187 182 177 174 178 189 199 202 204 202 199 200 200 200 202 206 210 212 211 205 199 197 201 204 204 203 204 203 201 200 200 200 201 202 204 208 210 212 214 217 217 215 210 201 195 193 192 196 210
205 205 205 205 205 205 204 203 202 200 198 196 198 202 202 200 196 194 194 194 195 196 196 196 196 196 197 196 196 196 196 196 196 196 196 196 196 196 196 195 195 194 194 193 192 191 189 186 182 175 173 180 194 201 203 203 202 201 201 201 203 207 211 213 212 207 201 198 202 205 204 203 202 201 199 199 200 201 203 205 207 210 212 213 214 215 214 211 204 196 194 196 198 205 216
206 206 206 206 206 205 205 204 203 200 197 194 194 197 201 203 200 196 194 193 194 195 196 197 197 197 197 197 197 197 197 197 197 197 196 196 196 196 196 196 196 195 195 194 193 192 191 189 186 180 174 176 189 199 203 205 205 203 202 203 205 208 211 213 212 209 204 200 203 204 203 202 201 200 198 199 202 204 205 207 209 211 215 216 216 214 211 205 200 195 194 199 205 212 218
209 209 208 207 206 205 204 203 203 201 198 194 192 195 199 202 202 200 197 194 194 195 196 197 197 197 197 197 197 197 197 197 197 197 197 197 197 197 197 196 196 196 195 195 194 193 192 191 188 184 179 178 186 195 201 205 207 205 204 205 205 207 208 209 211 210 206 202 202 202 201 201 200 198 198 200 203 205 206 208 210 212 216 218 217 215 210 201 197 196 198 207 215 217 220
215 213 210 208 206 204 204 204 204 202 200 196 193 193 195 199 202 202 201 197 195 194 195 196 196 197 197 197 196 197 197 197 197 197 197 197 197 197 197 197 197 196 196 196 195 194 193 192 191 188 184 180 184 190 193 200 206 206 204 203 201 202 206 210 216 215 208 203 201 200 200 201 200 197 197 201 203 205 205 207 210 212 215 216 214 211 205 197 196 200 207 215 219 221 223
220 217 212 209 206 205 205 206 205 204 203 199 193 192 193 195 199 202 202 201 198 196 195 195 195 197 198 197 197 197 197 197 197 197 197 197 197 197 197 197 197 197 197 196 196 195 195 194 193 191 188 183 184 186 187 194 204 206 203 199 198 202 212 221 225 219 207 200 199 199 199 200 200 197 197 200 202 202 202 205 209 211 213 213 211 207 202 198 199 205 212 217 221 225 227
220 216 211 208 206 205 205 206 207 206 204 201 194 191 192 193 195 199 202 203 201 199 197 196 195 196 197 197 197 197 197 197 197 197 197 197 197 198 198 197 197 197 197 197 197 196 196 195 194 193 191 187 185 186 185 188 199 204 202 199 199 208 218 220 215 207 199 195 196 197 198 200 200 198 197 197 198 199 200 206 210 212 211 210 208 205 202 201 204 209 214 219 224 228 232
214 212 210 209 206 204 202 203 205 204 202 200 197 192 191 193 194 196 199 202 202 200 200 198 195 195 197 197 197 197 197 197 197 197 198 198 198 198 198 198 198 198 198 197 197 197 197 196 195 195 193 191 189 188 186 184 192 201 205 204 203 203 207 207 205 201 197 195 196 197 197 200 201 198 196 195 196 198 201 206 209 208 206 201 202 204 204 205 210 214 217 221 226 230 236
199 203 206 207 206 202 198 201 205 205 202 199 198 194 191 192 195 194 195 199 200 201 201 200 198 197 198 198 198 198 198 197 197 197 198 198 198 198 198 198 198 198 198 198 198 198 197 197 197 196 195 194 193 192 190 187 189 200 209 210 202 196 198 201 202 201 200 198 197 197 197 199 201 198 195 195 196 197 199 201 202 201 198 195 202 210 212 212 215 218 219 223 229 233 237
176 189 199 201 201 199 194 198 205 205 202 198 197 196 194 192 194 194 193 196 199 200 201 201 200 200 201 202 200 198 197 197 197 197 198 198 198 198 198 198 198 198 198 198 198 198 198 198 197 197 197 196 196 195 194 194 195 200 208 210 201 194 195 198 201 202 202 200 198 197 197 200 201 197 195 195 196 196 196 197 197 197 198 202 215 223 218 215 217 220 223 227 232 234 234
163 174 192 197 200 200 197 197 201 201 197 195 195 194 194 194 194 195 195 195 197 199 200 201 201 203 206 206 201 199 197 196 196 197 197 198 198 198 198 198 198 198 199 199 199 199 199 198 198 198 198 198 197 197 197 198 199 200 203 205 202 195 194 196 200 202 202 200 198 197 199 202 200 196 194 197 197 196 194 195 197 200 208 218 227 228 218 216 220 222 225 228 231 231 232
173 177 189 201 209 210 204 199 201 202 198 197 197 197 197 196 197 198 198 197 197 198 200 200 201 203 207 207 203 200 198 196 195 196 197 197 197 198 198 198 198 199 199 199 199 199 199 199 199 199 199 199 199 199 199 199 200 201 201 202 201 198 197 199 202 202 201 200 199 199 200 202 199 195 195 199 199 195 193 195 201 210 219 226 230 225 217 218 222 224 226 226 227 226 226
192 193 199 210 223 225 217 208 208 210 209 208 208 206 203 201 200 201 201 199 198 199 199 200 198 197 203 206 204 201 200 198 195 195 196 197 197 198 198 198 199 199 199 199 199 199 199 200 199 199 199 199 199 200 200 200 200 201 201 201 201 201 200 201 202 202 201 202 200 199 198 200 200 197 198 200 200 195 194 199 209 219 223 227 227 219 216 219 224 227 226 225 224 220 219
205 206 208 212 219 222 221 217 220 223 223 222 219 215 211 207 204 203 202 201 200 199 199 199 195 192 198 205 206 204 202 200 199 196 195 196 196 197 198 198 199 199 199 199 200 200 200 200 200 200 200 200 200 200 200 201 201 201 201 201 201 201 201 201 201 201 201 202 200 197 196 201 204 202 201 201 201 197 197 205 213 219 222 225 222 215 215 221 227 228 225 225 225 223 218
217 216 216 217 220 220 219 218 222 224 222 219 215 212 210 207 205 204 203 202 200 199 199 198 195 192 196 203 206 206 204 202 201 198 195 194 196 196 197 198 198 199 199 200 200 200 200 200 200 200 200 201 201 201 201 201 201 201 201 201 202 202 202 201 201 201 201 201 199 197 197 202 206 204 202 202 202 200 200 206 213 216 218 220 218 216 219 224 228 226 222 222 225 225 210
227 227 226 226 226 225 223 221 221 219 217 214 212 209 207 204 203 202 202 201 200 200 200 200 197 193 195 200 205 207 206 204 203 201 197 195 196 196 197 197 198 199 199 200 200 200 201 201 201 201 201 201 201 201 201 201 201 201 202 202 202 202 202 202 202 202 201 201 200 198 198 200 201 199 198 198 199 200 201 205 210 211 214 217 217 220 224 225 226 224 220 216 213 207 198
235 235 236 238 238 236 231 226 220 216 214 212 209 207 205 203 201 201 201 200 200 201 201 201 198 195 196 199 203 206 206 204 204 203 202 199 197 197 196 197 198 199 200 200 200 201 201 201 201 201 201 201 201 201 201 201 202 202 202 202 202 202 202 202 202 202 201 201 200 200 200 200 198 193 191 193 195 197 199 202 205 208 214 218 220 222 224 224 225 226 225 214 203 200 198
240 242 246 251 254 252 244 233 223 216 212 209 206 205 204 201 200 200 201 200 200 200 200 200 199 197 197 198 200 203 206 206 207 208 207 203 199 198 197 197 198 199 200 200 201 201 201 201 201 201 201 201 201 201 202 202 202 202 202 202 202 202 202 202 202 202 202 201 201 201 200 200 197 193 188 188 190 191 195 200 203 211 220 225 228 229 228 228 230 232 230 213 199 200 202
247 249 252 258 266 271 265 245 223 211 206 204 203 203 202 200 199 199 199 199 199 199 199 199 199 199 200 199 198 201 206 209 210 209 207 204 200 199 198 197 197 198 200 201 201 201 202 202 202 202 202 202 202 202 202 202 202 202 202 202 202 202 202 202 202 202 202 202 201 201 200 199 197 195 191 189 187 185 190 200 209 218 227 232 234 237 237 234 231 225 212 198 194 199 204
254 253 250 258 275 287 289 247 200 192 194 196 198 200 200 199 197 197 198 198 199 199 198 198 198 200 201 200 198 199 203 208 207 206 206 204 201 200 200 198 197 198 200 201 202 202 202 202 202 202 202 202 202 202 202 202 202 202 202 202 202 202 202 202 202 202 202 202 202 201 200 199 198 197 195 192 187 182 186 201 214 220 226 228 226 225 225 222 213 207 200 195 195 201 204
253 250 243 243 258 270 244 165 167 174 182 190 194 197 198 197 196 196 196 197 198 198 198 198 196 198 201 201 198 197 198 203 205 206 207 205 203 202 203 200 197 198 200 202 202 203 204 204 203 203 202 202 201 201 201 202 202 202 202 202 202 202 202 202 202 202 202 202 202 201 201 200 199 198 196 194 189 183 184 199 213 216 217 216 215 215 214 210 204 200 199 199 201 203 204
246 241 230 225 220 206 181 169 169 172 178 185 192 195 196 196 196 196 196 197 197 198 198 197 194 195 199 200 200 197 196 199 202 204 206 206 204 203 204 203 200 199 202 204 205 205 205 206 205 204 202 201 201 201 201 202 202 202 202 202 202 202 202 202 202 202 202 202 202 201 201 200 200 199 198 196 192 187 185 195 204 208 208 209 211 212 210 204 201 201 202 204 205 204 205
244 241 230 216 209 206 194 183 181 181 181 185 192 195 197 197 197 197 196 195 196 197 198 196 193 193 198 200 200 198 195 196 198 201 204 206 205 203 204 205 203 201 204 207 209 210 210 211 211 207 202 199 199 200 201 201 202 202 202 202 202 202 203 203 203 202 202 202 202 202 201 201 200 199 198 196 194 190 187 189 193 199 205 208 210 210 205 200 200 202 204 206 207 207 207
253 248 225 206 204 211 207 199 194 192 190 191 194 197 199 200 199 198 196 195 195 196 196 195 193 193 196 198 199 198 197 197 199 202 206 208 207 205 205 205 204 202 203 204 205 206 205 205 205 204 199 197 197 198 200 201 202 202 202 202 202 203 203 203 203 203 203 202 202 202 202 201 200 199 199 197 195 192 189 186 185 192 202 208 209 205 201 199 199 202 205 207 209 208 206
234 221 203 205 210 215 212 209 206 204 200 197 198 201 203 203 201 199 198 196 194 194 195 194 190 191 194 195 197 199 199 200 201 204 207 210 210 208 206 205 204 202 200 199 199 199 198 197 197 198 198 196 195 196 199 201 202 202 202 203 203 203 203 203 203 203 203 203 202 202 202 201 201 200 199 198 196 194 190 186 183 187 197 204 204 201 200 200 200 203 207 209 210 209 209
