windninja/windninja_output/Output_2025-08-09_0800-0850_Google earth_Fire_150m_10min/merlingen_7.5mi_point_08-09-2025_0810_150m_ang.asc
ncols	158
nrows	163
xllcorner	391686.332397
yllcorner	5160024.123721
cellsize	150.000000
NODATA_value	-32768.000000
[rows 0 to 41 of 163, columns 0 to 94 of 158]
203 202 200 198 197 198 198 197 197 197 198 197 197 200 204 210 214 212 210 209 202 194 194 198 201 203 202 199 199 200 201 202 204 203 202 206 209 210 210 207 205 205 207 208 208 209 211 209 200 198 198 197 198 199 201 202 203 203 203 202 201 202 202 201 200 200 201 203 204 204 203 203 204 203 203 203 205 208 208 206 205 206 208 211 212 211 209 210 212 210 210 211 210 210 211
204 202 199 197 197 199 200 199 199 199 197 196 195 198 203 207 208 204 202 202 197 190 191 197 202 203 201 199 199 201 203 203 204 203 202 205 207 206 205 203 202 203 204 204 204 204 204 203 198 197 198 199 200 202 203 203 203 202 203 202 202 202 202 201 200 200 202 204 205 204 203 203 203 203 202 203 205 207 206 204 205 207 208 210 212 210 207 209 212 211 211 212 211 211 211
202 201 198 197 198 199 200 201 200 196 193 191 192 196 201 204 202 198 197 198 195 188 186 194 202 203 201 200 201 203 205 205 204 202 201 202 203 202 201 200 199 199 199 200 199 198 198 198 197 196 198 199 202 205 204 203 202 201 202 202 201 200 200 200 200 200 203 205 206 204 203 203 202 202 202 203 204 206 206 203 204 207 209 209 210 207 203 205 209 210 211 211 209 209 208
196 198 198 197 198 197 197 196 193 191 190 190 191 194 198 201 200 198 198 199 197 192 186 189 198 201 201 200 200 201 203 203 202 201 199 199 200 201 201 198 197 196 196 196 196 196 196 198 198 197 196 198 200 202 202 201 201 201 202 202 201 200 200 201 201 201 202 205 206 205 203 203 203 203 204 203 203 206 207 205 202 206 208 207 208 207 201 201 204 205 207 207 205 204 204
189 194 198 197 197 195 192 191 190 191 193 191 190 193 196 200 201 201 202 203 201 195 188 185 191 196 198 198 197 198 199 200 200 199 198 199 200 200 198 195 194 193 193 194 195 196 197 198 198 198 199 199 200 202 202 202 202 202 201 202 202 200 200 201 201 201 202 205 207 206 205 205 205 204 205 205 205 207 208 207 204 206 208 206 207 209 202 197 198 199 201 204 201 198 197
188 191 196 197 196 194 191 190 192 194 195 192 189 192 196 199 203 206 206 206 205 199 189 182 185 190 194 197 196 196 197 198 199 198 198 197 196 195 194 193 192 192 193 195 196 198 199 199 199 200 202 202 202 203 204 203 202 201 200 201 201 201 200 201 201 201 201 204 206 205 206 206 205 203 203 205 206 206 207 208 208 207 207 206 208 210 205 196 194 194 196 198 197 194 192
191 191 192 194 195 194 193 193 195 196 194 191 189 191 197 200 204 206 205 204 204 201 193 182 180 186 192 195 195 195 196 197 198 198 198 196 194 193 194 194 194 194 196 198 199 200 201 201 201 201 202 203 203 203 204 203 202 201 200 200 199 199 199 201 201 201 201 204 205 204 203 204 203 201 200 203 205 205 205 207 209 207 205 206 208 211 209 202 195 191 190 193 195 195 194
193 193 192 192 193 195 196 198 198 196 192 189 187 190 197 200 202 204 204 203 203 202 198 187 178 181 188 191 193 194 195 196 198 199 198 197 195 196 197 197 198 199 200 201 202 202 202 202 202 202 202 202 202 204 205 204 202 201 199 197 196 196 198 200 201 202 202 203 204 202 201 203 203 202 201 202 206 208 206 206 209 207 203 203 206 208 207 204 199 192 187 191 195 198 199
193 194 194 193 193 196 199 200 198 195 191 187 185 187 195 199 200 201 203 203 203 203 200 193 183 179 184 189 192 194 196 196 198 200 200 199 199 200 202 203 204 204 204 204 204 203 203 203 202 202 203 203 203 205 206 203 200 199 198 197 198 197 198 200 203 204 202 201 202 202 202 205 206 205 204 205 208 209 208 208 210 208 201 198 200 200 201 200 196 191 189 190 192 193 193
193 194 195 195 195 196 198 199 196 193 191 186 183 184 192 199 200 200 201 201 202 202 200 195 189 182 182 188 191 192 194 195 196 199 201 202 203 204 206 207 207 206 205 205 205 204 204 204 203 202 203 205 204 204 205 204 201 201 202 203 204 203 200 203 206 205 203 201 201 204 207 208 208 207 207 208 210 209 206 205 206 205 200 195 196 196 196 195 192 191 192 192 190 189 191
194 194 195 196 196 196 196 196 195 193 191 188 184 183 190 198 200 199 198 198 200 200 200 197 193 187 184 187 191 191 194 197 198 201 204 206 206 207 208 207 206 206 206 206 207 207 206 207 208 206 207 208 206 206 207 209 209 210 212 213 213 211 208 206 207 205 205 203 203 207 210 209 207 206 208 210 212 209 201 198 201 203 202 197 194 192 192 193 192 193 197 196 193 192 196
194 195 195 196 196 195 195 195 194 193 191 189 186 184 188 194 197 198 197 197 198 200 200 199 195 193 190 191 193 195 198 201 202 204 206 208 209 208 207 206 207 208 207 207 209 210 210 212 216 217 218 217 217 219 222 224 224 223 225 227 230 230 224 215 211 210 210 208 206 208 208 208 207 204 205 206 206 203 196 193 197 201 201 198 193 189 191 195 193 193 198 201 198 195 198
195 195 196 196 196 195 195 195 195 193 192 191 188 187 188 192 194 196 197 196 197 199 201 201 201 200 199 197 197 199 201 202 203 204 206 210 210 208 207 207 208 208 208 208 211 213 215 220 226 230 231 233 237 242 246 245 240 236 237 242 247 248 246 242 235 228 222 214 205 203 205 207 206 201 197 197 197 197 195 193 195 198 198 197 194 192 194 198 195 192 198 205 203 198 201
196 195 196 196 195 195 195 195 195 194 193 192 190 189 191 194 194 193 195 196 197 199 204 207 208 206 202 199 199 200 202 203 204 204 206 208 208 207 208 208 210 213 216 219 223 224 223 223 226 230 233 235 238 245 253 258 255 245 238 237 237 234 230 230 234 241 240 224 197 192 200 204 203 197 192 193 195 198 198 197 196 196 196 198 199 198 199 202 201 197 202 210 211 208 212
196 196 196 195 195 195 196 196 195 194 194 192 190 189 192 196 195 191 191 196 200 203 207 209 209 206 201 200 201 202 204 204 203 203 203 205 207 210 213 216 222 228 234 239 239 236 231 222 219 221 224 223 223 225 229 234 233 225 219 218 219 216 211 209 211 215 213 208 187 167 184 197 198 196 194 196 199 202 205 204 199 196 198 202 205 204 206 209 210 208 214 225 227 227 230
196 196 196 196 196 196 196 196 195 195 194 193 190 187 189 194 195 193 192 196 201 203 205 207 207 204 201 201 202 202 202 201 201 202 205 211 218 223 226 231 236 236 234 232 227 224 223 219 215 216 215 211 207 206 209 212 213 207 203 206 209 208 205 203 205 207 204 201 195 171 159 181 193 196 198 198 201 206 208 205 199 199 204 209 212 214 218 222 222 222 225 232 234 234 236
196 196 196 196 196 196 196 196 195 195 194 193 191 187 185 191 196 197 196 196 198 201 203 205 205 204 201 200 201 200 200 202 205 211 220 227 231 233 232 230 227 220 216 217 215 213 213 213 211 208 208 205 202 202 204 208 210 205 198 200 204 206 205 202 202 206 205 200 197 191 174 167 183 191 194 197 201 204 203 202 202 205 211 217 223 229 233 235 235 228 222 222 224 225 227
196 196 196 196 196 196 196 195 195 195 194 193 192 189 186 189 196 198 199 199 200 202 203 204 204 205 203 200 199 201 204 209 214 220 223 223 222 220 217 215 213 211 212 214 213 211 210 208 204 202 202 202 203 204 206 208 208 205 198 198 203 205 204 201 200 203 204 202 200 198 190 180 180 182 184 192 196 200 204 209 214 218 221 225 231 236 238 235 232 225 217 218 218 219 220
196 196 196 196 196 196 196 195 195 195 195 194 193 191 189 190 195 199 202 204 204 204 203 204 206 206 205 203 203 206 211 214 215 215 215 216 215 213 211 212 212 212 213 213 212 212 209 203 202 204 204 203 204 205 205 205 205 204 201 199 202 206 204 201 199 201 204 205 203 199 193 187 186 187 184 186 195 209 222 230 232 233 230 226 224 224 223 222 223 220 212 213 217 217 216
197 197 196 196 196 196 196 195 195 195 195 195 194 192 192 193 196 200 203 205 204 203 203 204 205 205 205 205 206 208 211 212 213 215 217 218 217 213 209 209 209 208 209 210 209 208 206 202 203 207 208 205 202 201 201 201 203 204 203 202 205 209 207 203 201 202 205 206 201 195 192 190 192 194 191 190 201 220 233 235 232 229 223 216 214 216 216 217 220 219 209 204 212 216 216
197 197 196 196 196 196 196 196 196 195 195 195 194 194 194 195 197 200 201 202 201 201 201 202 203 204 205 206 206 207 207 208 211 213 212 211 209 205 203 203 205 206 208 209 207 205 206 206 204 206 207 205 202 199 199 200 202 203 204 205 207 210 209 204 202 201 201 200 197 194 195 195 197 198 195 193 197 207 215 219 217 215 214 210 209 213 216 217 220 219 209 200 208 216 216
197 197 196 196 196 196 196 196 196 195 195 195 195 195 195 196 197 198 199 200 200 200 200 201 202 203 205 206 206 206 205 205 206 205 203 202 203 203 202 203 206 207 208 207 207 208 208 206 203 203 205 204 203 201 200 200 200 202 204 207 207 209 209 204 200 197 195 195 196 198 200 202 202 202 196 190 192 200 207 210 211 212 213 210 206 209 212 215 217 215 207 198 203 213 213
197 197 197 196 196 196 196 196 196 196 195 195 196 195 195 196 196 197 198 198 199 199 200 200 201 203 204 205 206 205 203 200 200 201 201 203 205 207 207 206 206 206 206 208 209 208 205 203 202 202 204 205 204 203 200 198 199 200 202 206 207 208 208 203 196 192 192 194 199 203 204 204 204 203 196 187 187 194 201 206 210 211 212 212 205 203 205 208 211 211 205 198 201 210 211
197 197 197 196 196 196 196 196 197 196 195 195 195 196 195 196 196 196 197 198 198 199 199 200 201 203 204 207 208 206 202 198 198 202 205 208 210 211 210 207 205 205 206 208 207 203 202 203 203 203 205 206 205 203 200 198 199 199 199 203 206 208 208 200 192 191 193 199 205 208 208 207 205 202 196 190 186 189 196 204 209 210 211 212 207 201 199 203 209 211 206 200 203 210 213
197 197 196 196 196 196 196 196 196 196 195 195 195 196 196 196 196 196 197 197 198 198 199 199 201 203 206 209 211 208 202 199 199 203 207 210 211 211 209 206 203 203 204 204 203 202 203 206 206 205 206 206 204 203 201 199 199 200 199 201 206 207 204 198 193 194 200 208 213 215 213 208 203 200 197 196 192 189 193 200 206 208 208 210 209 204 199 202 210 213 207 201 205 211 213
198 197 197 197 197 196 196 196 196 196 196 195 195 195 196 196 196 196 196 197 197 198 198 199 200 202 206 209 211 209 205 202 200 200 204 207 209 211 208 204 202 200 199 200 202 204 206 208 207 206 205 206 205 203 201 198 199 202 204 204 203 201 198 197 197 199 204 210 214 216 213 205 200 199 198 199 201 197 190 193 199 202 204 206 208 205 200 200 209 211 204 198 202 209 211
198 197 197 196 196 196 196 196 196 196 196 196 195 195 196 196 196 196 196 197 197 197 198 198 199 200 203 207 210 210 208 205 202 199 200 203 206 209 207 202 199 198 196 200 203 204 205 207 206 203 204 206 206 203 198 195 199 205 207 203 197 194 196 200 203 205 206 208 211 212 208 202 199 199 197 197 203 204 191 184 191 197 200 202 205 204 200 201 208 210 201 193 198 206 209
197 197 197 196 196 196 196 196 196 196 196 196 196 195 195 195 195 195 196 196 196 196 196 196 197 197 199 204 207 208 209 209 205 201 199 199 202 207 207 201 197 196 195 198 199 198 200 204 205 203 202 203 203 201 197 193 197 203 202 197 195 196 199 204 209 211 209 208 209 208 206 203 200 199 196 194 201 206 199 185 184 192 196 199 202 204 203 204 209 211 204 192 192 202 207
197 197 197 197 196 196 196 196 196 196 196 196 196 196 195 195 195 195 195 196 196 195 195 195 195 194 195 198 202 205 208 209 207 203 198 193 195 202 203 199 195 194 194 194 195 195 197 201 205 202 197 199 201 201 199 192 191 197 200 196 196 200 203 205 209 211 208 207 206 205 205 203 201 200 197 194 198 207 208 197 185 185 192 198 204 208 209 209 212 213 208 198 191 196 202
197 197 197 197 197 196 196 196 196 196 196 196 196 195 195 194 195 195 195 195 195 195 195 194 193 191 190 193 197 200 204 207 207 203 194 187 188 194 197 194 191 191 192 193 193 193 195 197 199 198 194 196 199 202 201 194 189 195 201 201 200 204 209 210 210 210 206 203 205 205 205 205 205 204 199 195 197 207 213 208 193 182 189 200 208 212 211 210 211 212 211 206 197 193 199
198 197 197 197 197 196 195 196 196 196 196 196 196 195 195 194 194 194 194 194 194 194 194 193 192 188 187 190 194 198 203 208 206 199 191 185 186 190 193 191 189 190 191 194 194 193 193 193 194 196 196 197 200 205 205 199 196 198 203 208 208 208 214 217 216 211 203 201 208 211 210 211 211 206 198 194 195 204 211 212 201 186 187 198 205 205 205 206 208 211 213 213 209 203 204
198 197 196 197 197 196 195 196 196 195 195 195 196 195 195 195 194 194 194 194 194 193 193 192 190 187 186 189 194 201 206 206 202 198 193 186 185 189 190 191 191 192 194 197 197 195 194 193 196 200 202 202 205 210 210 204 202 204 207 213 213 209 212 217 218 210 200 200 210 216 215 212 208 199 193 192 195 201 208 211 206 195 191 196 201 203 205 209 213 216 217 218 218 217 215
198 197 197 197 197 196 195 196 196 195 195 195 195 195 195 195 194 194 194 193 193 193 192 191 189 187 186 187 191 195 198 198 198 201 198 187 184 188 190 193 196 197 198 199 199 198 198 200 203 206 208 208 209 212 212 205 201 205 210 217 217 209 206 211 215 210 198 195 207 215 210 203 198 193 190 191 193 198 205 211 210 203 200 199 201 205 211 215 218 220 222 223 222 221 217
198 198 197 196 196 196 196 196 196 195 195 195 195 195 195 195 194 194 193 193 192 192 190 190 189 186 185 184 185 187 191 195 198 203 202 187 180 188 193 196 199 199 200 202 202 202 204 206 208 210 210 210 211 213 213 207 202 205 212 217 215 204 197 204 212 212 201 193 202 210 205 198 196 193 190 189 190 193 201 209 211 208 206 203 199 203 209 212 212 216 219 221 221 219 213
197 197 197 196 196 196 195 195 196 195 195 194 195 195 195 195 194 194 193 192 192 191 190 188 187 186 185 184 182 183 188 195 198 202 201 191 182 188 196 198 201 203 204 207 209 209 210 211 213 213 213 214 215 215 214 211 207 207 213 218 215 203 193 198 210 213 208 198 197 202 201 200 200 197 193 189 188 190 197 207 210 208 207 207 202 200 207 208 207 210 213 214 214 214 211
196 196 196 196 196 195 195 195 195 195 194 194 194 195 195 195 194 194 193 192 192 191 190 188 186 186 186 185 184 185 187 191 194 196 199 196 190 192 199 203 206 209 211 212 212 212 211 211 211 211 212 213 213 212 210 209 209 210 215 221 220 209 194 193 204 211 211 203 195 197 202 206 206 202 197 191 189 193 201 207 209 209 210 213 212 202 202 206 205 205 206 207 210 214 214
197 196 196 196 196 196 196 195 195 195 195 194 194 195 194 194 194 193 193 192 192 191 190 189 187 186 185 185 186 185 183 184 188 193 199 201 199 199 206 211 213 214 213 211 211 210 208 207 209 210 210 209 208 207 205 205 207 209 212 218 221 214 198 190 197 207 211 207 200 200 207 214 214 204 197 194 192 198 206 208 208 210 213 217 219 208 196 201 204 201 201 204 210 215 212
197 196 195 196 196 196 196 195 195 195 195 194 194 194 194 194 194 193 193 193 192 191 191 189 188 186 184 184 184 182 180 181 185 193 201 204 204 209 214 215 214 212 210 208 208 208 206 206 207 209 208 204 203 205 205 204 204 207 209 213 217 213 201 190 192 204 212 211 207 207 209 212 207 198 195 197 193 194 204 208 205 207 212 215 217 212 196 194 201 200 199 203 209 211 209
196 195 195 196 196 196 196 196 195 195 194 194 194 194 194 194 194 193 193 193 192 191 191 190 188 186 184 181 179 179 180 182 187 194 201 204 208 214 215 212 210 208 205 204 205 205 202 201 202 204 203 199 199 203 204 200 198 201 204 206 208 208 204 196 193 202 214 217 213 209 206 201 197 196 197 199 191 186 199 208 205 202 206 210 215 213 202 192 195 199 200 204 210 213 213
196 195 196 196 196 196 196 196 194 194 194 194 194 194 194 194 194 193 193 192 192 191 191 190 189 186 183 178 176 179 182 183 187 194 201 205 207 209 210 210 208 206 203 200 201 202 201 198 198 200 201 197 194 196 198 195 191 194 198 200 202 206 208 205 198 202 215 219 214 207 200 197 199 201 200 197 189 182 191 204 205 204 206 210 216 216 206 193 191 197 201 205 212 217 217
196 196 196 196 196 196 195 195 194 194 194 195 194 194 194 194 193 193 193 192 192 191 191 190 189 187 183 179 178 182 184 184 186 193 201 204 204 204 206 207 206 204 200 197 198 200 199 196 194 198 201 196 187 187 193 194 191 191 196 201 204 209 213 213 204 202 213 217 210 202 198 202 208 203 198 194 188 181 185 199 205 205 207 210 214 214 204 194 192 196 199 206 216 221 219
196 196 196 196 196 196 195 195 195 194 194 194 194 194 194 194 193 193 193 193 192 192 191 191 190 188 185 183 182 183 185 186 187 192 197 200 201 202 202 201 200 198 198 197 195 193 194 193 193 195 198 195 187 185 192 198 197 197 202 209 212 212 213 214 209 204 209 211 203 200 203 207 206 196 191 191 187 183 185 197 204 204 205 208 208 205 200 197 197 197 198 206 218 223 219
