windninja/windninja_output/Output_2025-08-09_0800-0850_Google earth_Fire_150m_10min/merlingen_7.5mi_point_08-09-2025_0840_150m_ang.asc
ncols	158
nrows	163
xllcorner	391686.332397
yllcorner	5160024.123721
cellsize	150.000000
NODATA_value	-32768.000000
[rows 42 to 83 of 163, columns 0 to 93 of 158]
181 181 181 181 181 180 179 179 180 179 179 179 178 178 178 178 178 178 178 177 176 176 176 175 174 173 172 170 167 166 166 168 170 173 177 181 183 182 179 178 179 181 183 182 178 176 179 183 183 180 177 176 175 174 176 181 186 188 192 198 199 194 191 193 192 185 179 179 179 182 188 186 180 176 169 170 177 181 182 186 188 187 185 182 177 178 185 188 184 178 175 177 183 184
181 181 181 181 180 179 179 179 179 179 179 179 178 178 178 178 178 178 177 177 177 176 176 175 175 174 172 171 168 167 168 170 171 172 173 174 175 174 174 175 178 182 181 177 176 180 185 187 185 180 175 176 178 180 181 185 191 195 198 199 195 188 183 184 185 182 177 176 182 187 187 185 182 177 173 175 183 186 187 186 185 184 180 174 174 183 193 194 189 183 178 178 178 179
182 181 181 180 179 179 180 179 179 179 179 178 178 178 178 178 178 178 177 177 177 176 176 175 175 174 173 171 170 169 169 170 170 170 170 168 166 167 170 174 179 181 177 175 180 188 191 188 181 176 174 178 183 185 188 192 195 197 197 194 189 184 180 177 174 174 175 176 182 187 186 186 186 183 181 185 189 192 191 188 183 178 173 172 179 192 197 195 193 188 182 178 174 176
183 182 181 179 179 180 179 179 179 179 179 178 178 178 178 178 178 178 177 177 177 177 176 176 175 174 173 172 172 171 170 170 170 169 168 165 163 164 168 173 176 176 176 178 185 190 189 182 175 173 176 184 189 193 196 199 199 197 191 186 184 182 177 172 168 169 173 177 181 185 186 188 189 190 191 194 195 194 192 186 178 172 171 177 191 197 195 194 194 192 186 177 171 176
184 182 180 180 180 180 179 179 179 179 179 178 178 178 178 178 178 177 178 177 177 177 177 176 175 174 174 174 173 172 170 170 169 169 167 165 164 164 166 169 171 173 176 182 188 188 182 175 172 175 182 190 197 202 202 202 199 192 183 178 178 177 173 169 168 170 174 180 183 184 185 188 192 195 198 200 198 193 188 182 176 173 177 188 195 195 192 190 192 193 187 177 173 181
184 182 180 181 182 180 178 178 178 178 178 178 178 178 178 178 178 178 178 177 177 177 177 176 175 175 175 174 173 172 171 170 169 168 166 166 165 164 164 165 167 170 176 184 188 183 175 172 174 180 188 196 202 203 200 197 193 185 177 172 172 172 170 168 169 172 177 183 185 184 185 188 193 198 201 203 200 193 186 182 180 181 186 191 192 191 189 188 190 189 185 181 180 186
183 182 181 182 183 181 178 176 177 177 178 178 178 178 178 178 178 178 178 177 178 177 177 176 176 175 175 174 174 173 172 171 170 169 167 166 165 164 163 163 164 167 174 182 182 177 173 173 179 186 194 203 204 202 198 192 186 178 172 171 170 170 171 170 170 173 178 183 185 186 187 190 194 199 203 205 201 194 189 187 187 187 186 187 188 187 187 187 185 183 184 187 189 192
183 183 183 184 183 181 179 176 175 177 177 178 178 178 178 178 178 178 178 178 178 177 176 176 176 176 175 175 174 173 173 172 171 170 168 166 165 164 163 163 164 166 171 175 175 173 172 177 183 191 199 203 200 196 192 187 179 171 169 172 173 174 175 174 171 173 178 182 185 187 189 191 195 200 203 202 198 193 191 189 188 187 185 185 185 185 185 183 180 180 185 193 197 198
184 183 184 185 183 181 180 178 175 175 177 177 177 178 178 178 178 178 178 178 177 177 177 176 176 176 176 175 174 174 173 173 172 171 169 167 165 164 164 165 166 166 167 169 170 170 174 182 191 200 202 199 192 188 185 180 173 169 171 175 178 180 180 175 172 174 178 182 185 187 190 193 197 200 200 197 193 192 191 190 188 187 186 185 184 182 180 178 178 182 188 196 202 205
186 185 183 183 181 180 181 181 177 174 176 177 177 177 178 178 178 178 178 177 177 177 177 176 176 176 176 175 175 174 174 173 172 171 170 167 165 164 164 166 166 165 165 166 167 169 176 188 200 204 198 190 186 183 179 172 169 171 177 181 184 186 181 174 172 175 179 182 186 188 191 194 197 198 196 193 191 190 190 189 189 190 189 186 182 180 178 177 180 185 191 198 206 211
191 187 182 180 179 179 181 182 179 176 175 176 177 177 177 177 178 178 178 177 177 177 177 176 176 176 176 176 175 175 174 173 173 172 171 169 167 165 164 165 166 165 163 163 166 170 179 191 197 193 186 183 183 181 174 168 168 176 184 189 189 186 179 173 172 176 179 184 187 189 191 193 195 195 194 192 190 189 187 188 191 193 192 187 182 179 178 180 183 188 194 200 205 208
193 188 180 178 178 178 180 182 182 179 176 176 177 177 177 177 177 178 177 177 177 177 177 176 176 176 176 176 175 175 174 174 173 172 171 170 169 167 165 165 165 164 163 163 165 172 180 185 185 183 180 180 181 179 173 168 172 181 189 192 190 184 177 173 174 176 180 185 188 189 189 191 193 194 194 193 191 189 186 186 190 192 192 191 188 183 180 181 186 192 196 198 199 198
191 188 180 176 177 179 180 183 185 182 177 176 176 176 177 177 177 177 177 177 177 177 176 176 177 176 176 176 175 175 175 174 174 173 172 171 170 169 167 165 163 162 163 163 165 170 177 178 176 177 180 181 179 177 173 171 176 186 191 191 188 182 175 173 174 177 181 185 188 188 189 192 195 195 193 193 192 190 187 185 186 187 189 191 191 190 186 185 188 193 195 194 190 186
187 187 183 178 176 178 179 182 186 185 180 176 175 175 176 177 177 177 177 177 177 177 177 176 176 176 176 176 176 175 175 174 174 173 173 172 171 170 168 166 162 161 162 164 164 166 169 170 170 174 179 180 178 176 173 174 181 188 189 187 183 179 176 175 176 179 182 184 187 190 193 198 197 194 192 192 192 189 186 184 182 183 186 189 191 192 193 193 194 195 194 189 182 175
185 185 186 183 179 178 177 178 183 185 183 179 175 174 174 176 176 176 176 177 177 177 177 176 176 176 176 176 176 175 175 175 174 174 173 172 172 171 170 168 165 164 164 165 164 163 163 163 166 171 176 177 177 176 174 177 185 188 186 182 178 176 177 179 180 180 183 185 188 195 200 199 194 191 191 191 189 186 184 183 181 182 184 187 188 192 195 198 199 199 195 184 172 165
185 185 185 186 184 182 179 176 177 181 183 182 179 176 174 174 175 176 176 176 176 177 177 177 176 176 176 176 176 175 175 175 174 174 173 173 172 171 171 169 168 167 166 165 164 162 159 158 161 166 172 175 176 175 174 179 184 185 182 177 175 175 179 183 184 183 184 187 193 198 198 193 190 190 189 188 186 184 183 183 183 184 185 187 190 194 199 201 200 197 189 174 163 160
186 185 185 185 185 184 182 178 175 176 180 183 184 181 176 172 173 175 175 176 176 176 176 176 176 176 176 176 176 175 175 175 175 174 174 173 173 172 171 171 170 169 168 166 164 162 159 156 156 160 166 172 174 172 174 179 182 181 176 174 174 177 181 185 187 186 185 188 193 194 191 189 189 188 187 185 183 181 182 183 185 187 189 191 196 200 202 201 196 186 173 163 160 159
186 185 185 185 185 185 184 181 176 174 177 181 185 185 180 174 172 172 174 175 176 176 176 176 176 176 176 176 176 176 175 175 175 174 174 174 173 173 172 171 171 170 169 168 166 164 162 159 156 156 160 166 169 170 174 179 181 176 172 171 174 177 182 187 190 189 187 188 191 191 188 187 187 185 184 183 181 180 182 185 187 190 192 194 197 200 200 195 185 171 160 157 158 159
186 186 186 186 185 184 183 182 179 176 176 177 180 183 183 180 175 172 172 173 174 175 175 176 176 176 176 176 176 175 175 175 175 175 174 174 174 173 173 172 171 171 170 169 168 166 165 162 159 156 156 159 163 167 173 179 179 173 169 170 173 177 183 189 191 190 189 190 191 190 187 185 184 182 182 181 180 182 185 188 190 192 194 196 198 198 195 186 173 161 157 157 159 166
187 188 188 187 186 185 184 181 179 178 176 175 175 178 183 185 181 175 172 171 173 174 175 176 176 176 176 176 175 175 175 175 175 175 174 174 174 173 173 173 172 171 171 170 169 168 166 165 162 159 156 155 156 161 171 177 175 170 168 170 173 177 182 187 190 191 192 192 190 187 184 183 181 180 180 179 181 185 188 191 192 194 197 199 198 194 185 175 164 157 157 162 168 182
191 190 188 187 185 185 183 181 180 179 176 174 172 174 180 184 184 181 176 173 171 172 174 175 176 176 176 175 175 175 175 175 175 175 175 174 174 174 173 173 172 172 171 171 170 169 168 166 164 162 159 156 154 157 168 175 172 168 168 170 173 176 179 183 189 192 195 193 187 183 182 181 179 178 179 180 184 188 190 192 195 197 200 201 197 189 175 164 158 157 160 169 184 196
197 194 189 187 184 182 182 182 181 180 178 174 172 172 175 180 184 184 182 177 173 172 173 174 175 176 175 175 175 175 175 175 175 175 175 174 174 174 174 173 173 172 172 171 170 170 169 167 166 164 161 158 155 157 165 172 171 169 168 169 171 174 178 185 192 196 195 189 183 181 181 180 178 177 178 182 186 187 190 193 196 199 200 198 192 181 167 158 154 158 170 183 196 207
204 199 190 186 182 180 180 181 181 181 179 176 172 172 173 175 179 183 184 182 178 175 173 173 174 175 175 175 175 175 175 175 175 175 175 174 174 174 174 173 173 173 172 172 171 170 169 168 167 165 162 159 156 156 161 167 171 170 168 167 169 176 187 197 199 195 187 181 179 180 180 179 177 177 179 182 184 186 189 193 197 198 197 193 185 171 162 157 156 166 182 194 206 218
207 200 190 186 182 181 180 181 181 180 179 176 172 171 172 172 174 179 184 185 183 179 176 173 172 173 174 175 175 175 174 175 175 175 175 174 174 174 174 174 173 173 173 172 172 171 170 169 168 166 164 160 157 155 157 161 166 169 169 167 170 184 197 196 189 183 178 176 176 177 178 178 177 178 179 180 181 184 189 194 198 197 193 188 179 166 159 159 166 180 192 205 217 228
202 198 192 188 184 180 180 181 182 180 177 176 175 171 170 171 172 175 179 183 184 183 181 177 174 172 173 174 175 175 175 174 174 174 174 174 174 174 174 174 174 173 173 172 172 171 171 170 169 168 166 163 159 156 155 154 156 163 168 170 176 184 186 184 182 179 177 176 176 176 176 176 177 178 178 178 179 184 190 194 195 191 185 178 172 166 162 167 181 193 203 216 226 236
188 190 191 191 186 179 178 182 184 181 177 176 176 174 170 171 172 173 174 178 182 184 184 181 178 175 174 174 173 174 174 174 174 174 174 174 174 174 174 174 174 173 173 173 172 172 171 171 170 169 167 165 163 160 156 152 149 152 162 170 176 176 174 175 178 179 179 178 176 175 175 175 176 176 176 177 179 184 188 188 186 181 174 170 168 166 168 181 194 203 213 224 235 242
167 177 186 188 187 182 180 184 187 183 178 177 176 176 174 172 172 172 171 174 178 181 183 183 182 181 179 176 172 171 172 173 173 174 174 174 174 174 174 174 174 174 173 173 173 172 172 171 170 170 169 167 166 164 161 157 152 150 155 163 168 167 165 167 172 177 180 180 177 176 175 175 174 173 175 177 179 182 183 181 177 172 168 167 168 167 175 191 202 213 223 233 242 244
153 160 174 182 185 185 185 186 187 184 181 180 180 179 179 177 176 174 173 173 175 177 179 181 184 187 187 181 174 171 170 170 171 172 173 174 174 174 174 174 174 174 174 173 173 173 172 172 171 170 170 169 168 166 164 162 160 158 157 159 161 159 157 158 164 171 175 177 176 176 177 175 172 173 176 178 179 179 178 175 172 169 170 175 171 168 181 197 211 221 230 236 239 237
156 157 160 168 179 187 188 185 183 183 183 184 185 184 184 182 182 180 178 175 175 175 176 177 182 188 189 184 178 174 171 169 169 170 172 173 173 174 174 174 174 174 174 174 173 173 173 172 172 171 171 170 169 168 167 166 165 164 163 162 161 158 153 150 153 158 164 168 171 175 177 174 172 174 178 180 179 177 174 172 171 174 181 180 168 170 189 206 219 228 232 233 231 227
169 168 165 165 172 182 183 178 176 181 186 188 189 189 188 186 185 184 183 180 178 176 175 176 179 181 184 185 183 179 176 172 169 169 170 172 172 173 174 174 174 174 174 174 174 173 173 173 172 172 171 171 170 169 169 168 168 167 167 166 164 162 158 155 153 151 151 154 160 165 169 170 171 175 179 180 178 175 173 173 176 183 184 174 168 178 198 214 226 232 232 228 223 215
181 179 176 175 177 178 176 171 169 177 188 191 189 188 187 185 184 183 184 184 182 179 177 177 176 176 179 184 186 184 180 178 174 170 169 170 171 172 173 174 174 174 174 174 174 174 173 173 173 172 172 171 171 170 170 170 169 169 168 168 167 166 164 163 161 157 154 151 151 152 154 160 168 175 178 178 176 175 176 179 183 184 177 169 171 190 207 221 231 232 227 223 221 213
193 189 184 183 181 179 177 173 171 177 184 185 184 183 182 181 179 179 181 182 182 181 179 178 177 175 176 181 185 185 184 182 179 174 170 169 170 171 172 173 174 174 174 174 174 174 174 173 173 173 172 172 172 171 171 171 170 170 170 169 169 168 167 166 165 163 161 158 155 150 147 148 157 168 173 173 173 175 178 184 185 179 169 166 179 202 217 227 230 225 218 215 215 207
205 201 193 189 184 180 177 174 174 176 178 180 180 180 179 178 177 177 177 177 178 179 179 179 178 176 176 179 183 185 185 183 181 178 174 172 171 171 171 172 173 174 174 174 174 174 174 174 173 173 173 172 172 172 172 171 171 171 170 170 170 169 169 168 167 166 165 163 161 158 155 153 154 160 165 168 170 175 180 183 180 171 165 171 195 215 226 227 224 219 211 204 197 177
217 215 208 198 187 179 173 171 172 173 173 175 176 176 176 176 176 176 176 175 175 176 177 178 177 176 175 177 180 183 184 183 182 181 179 176 173 172 171 172 173 174 174 174 174 174 174 174 173 173 173 173 172 172 172 172 172 171 171 171 171 170 170 169 169 168 167 166 165 164 163 161 159 158 159 162 166 173 180 179 170 164 166 186 212 224 226 223 220 218 208 193 177 161
229 228 224 215 197 174 163 161 163 166 168 170 172 173 173 173 174 174 174 175 175 175 176 177 177 177 175 174 176 180 183 184 184 184 181 177 174 172 171 172 172 173 174 174 174 174 174 174 174 173 173 173 173 173 172 172 172 172 172 172 171 171 171 170 170 169 169 168 167 166 166 165 163 160 158 157 161 169 175 171 162 162 178 212 232 234 229 227 225 218 201 180 162 153
239 238 238 238 221 163 141 140 147 155 161 166 169 170 170 171 171 172 172 174 174 175 175 175 178 179 176 172 172 176 182 186 186 185 182 178 175 173 171 171 172 173 174 174 174 174 174 174 174 173 173 173 173 173 173 173 172 172 172 172 172 172 171 171 171 170 170 169 168 168 167 167 165 163 160 157 158 163 167 164 160 170 207 231 238 237 234 228 217 198 180 168 159 154
248 248 245 250 263 110 111 123 135 147 156 163 167 168 168 169 170 170 171 172 173 174 173 174 178 180 177 173 171 173 179 184 184 183 182 180 177 176 174 171 171 173 174 174 175 174 174 174 173 173 173 173 173 173 173 173 173 173 173 172 172 172 172 172 171 171 170 170 169 169 169 168 167 165 163 160 159 159 160 160 165 190 217 224 219 215 213 204 186 177 169 163 158 158
250 248 242 231 228 147 126 130 137 146 156 162 165 167 168 169 169 169 170 171 172 172 172 174 176 178 177 176 174 173 175 179 182 183 182 181 180 180 178 174 171 172 173 174 174 174 174 173 173 172 172 172 172 172 172 173 173 173 173 173 173 172 172 172 172 171 171 171 170 170 169 169 168 167 165 163 161 159 157 159 173 197 205 204 203 202 198 184 172 166 162 161 159 160
243 238 221 206 186 170 158 151 151 154 159 163 166 167 168 168 168 169 169 170 171 171 172 173 173 174 175 176 176 175 174 175 178 182 183 183 182 182 181 178 175 173 173 174 174 174 174 173 172 170 170 170 171 172 172 173 173 173 173 173 173 173 173 172 172 172 171 171 171 171 170 169 169 168 167 166 163 161 159 161 176 189 192 194 196 195 184 170 164 162 161 161 160 161
242 237 214 187 175 178 180 173 168 168 167 167 168 168 168 168 168 169 168 168 169 170 170 171 172 172 172 174 176 175 173 172 174 178 183 185 184 182 182 182 181 178 177 176 175 174 173 172 169 165 164 166 169 171 172 173 173 173 173 173 173 173 173 173 172 172 172 172 171 171 171 170 169 169 168 167 165 164 162 164 172 182 188 193 194 187 171 163 161 162 163 163 162 164
250 241 195 171 172 188 194 188 183 180 177 174 171 170 170 170 169 168 167 166 166 167 168 170 171 171 170 171 174 174 173 171 172 175 180 185 186 184 183 183 183 182 181 181 179 177 175 174 172 168 164 163 165 169 171 172 173 173 173 173 173 173 173 173 173 172 172 172 172 171 171 170 170 169 169 168 167 166 164 165 169 177 188 193 189 173 163 159 159 161 164 165 166 167
216 199 180 178 185 196 199 197 195 192 186 179 174 172 172 171 170 167 165 164 163 164 165 167 168 169 169 170 173 174 174 174 174 175 177 180 184 184 183 183 183 183 181 180 179 178 177 175 174 175 174 171 168 168 171 173 173 173 173 173 173 173 173 173 173 173 173 172 172 172 171 171 170 170 169 169 168 167 166 165 168 175 184 188 177 163 157 156 157 159 162 165 168 170
