windninja/windninja_output/Output_2025-08-09_0800-0850_Google earth_Fire_150m_10min/merlingen_7.5mi_point_08-09-2025_0810_150m_vel.asc
ncols	158
nrows	163
xllcorner	391686.332397
yllcorner	5160024.123721
cellsize	150.000000
NODATA_value	-32768.000000
[rows 114 to 151 of 163, columns 0 to 83 of 158]
1.66 1.59 1.43 1.34 1.32 1.28 1.19 1.15 1.17 1.21 1.25 1.37 1.44 1.40 1.41 1.33 1.05 0.99 1.16 1.35 1.69 2.20 2.41 1.81 1.39 1.33 1.27 1.08 0.89 0.90 1.28 1.85 1.98 1.67 1.30 1.03 0.99 1.01 0.97 0.93 0.88 0.89 0.94 0.95 0.90 0.85 0.87 0.88 0.84 0.82 0.82 0.84 0.91 1.03 1.16 1.23 1.24 1.27 1.39 1.49 1.47 1.42 1.45 1.49 1.43 1.41 1.48 1.53 1.51 1.41 1.26 1.15 1.07 1.02 1.07 1.13 1.08 0.98 0.92 0.95 0.98 0.90 0.73 0.62
1.66 1.67 1.61 1.50 1.43 1.41 1.37 1.27 1.17 1.13 1.17 1.27 1.41 1.54 1.63 1.51 1.14 1.01 1.03 1.07 1.34 1.89 2.48 2.53 2.14 1.75 1.62 1.55 1.47 1.19 1.26 1.74 2.15 2.03 1.55 1.16 1.03 1.06 1.05 1.03 1.08 1.19 1.24 1.18 1.09 1.06 1.04 0.99 0.92 0.90 0.89 0.90 0.91 0.98 1.11 1.22 1.24 1.24 1.33 1.45 1.49 1.46 1.46 1.52 1.50 1.44 1.47 1.52 1.53 1.48 1.39 1.30 1.21 1.06 0.98 1.07 1.14 1.07 0.94 0.91 0.97 0.97 0.85 0.75
1.62 1.66 1.66 1.59 1.49 1.43 1.43 1.44 1.36 1.24 1.19 1.19 1.29 1.49 1.70 1.66 1.25 0.97 0.95 1.03 1.31 1.75 2.26 2.68 2.74 2.33 1.93 1.80 1.70 1.50 1.54 1.86 2.29 2.39 1.84 1.34 1.24 1.29 1.31 1.28 1.33 1.42 1.41 1.34 1.25 1.15 1.01 0.94 0.96 0.98 0.99 0.99 0.98 0.98 1.06 1.18 1.23 1.22 1.26 1.37 1.45 1.46 1.47 1.50 1.52 1.48 1.47 1.51 1.54 1.54 1.49 1.45 1.43 1.32 1.07 0.97 1.06 1.13 1.02 0.89 0.90 0.93 0.85 0.80
1.56 1.62 1.64 1.58 1.48 1.40 1.38 1.46 1.53 1.51 1.37 1.17 1.14 1.31 1.63 1.77 1.35 0.93 1.00 1.18 1.43 1.72 1.96 2.31 2.76 2.94 2.72 2.36 2.26 1.79 1.56 1.62 2.10 2.65 2.58 2.03 1.77 1.67 1.66 1.71 1.78 1.69 1.56 1.49 1.39 1.23 1.14 1.14 1.16 1.17 1.17 1.14 1.08 1.05 1.06 1.17 1.25 1.25 1.25 1.30 1.38 1.44 1.50 1.55 1.55 1.52 1.50 1.53 1.56 1.57 1.56 1.55 1.59 1.60 1.46 1.18 1.02 1.09 1.12 1.00 0.93 0.92 0.84 0.77
1.55 1.56 1.60 1.59 1.50 1.42 1.36 1.37 1.44 1.55 1.56 1.29 1.07 1.16 1.46 1.86 1.61 0.94 0.99 1.10 1.19 1.33 1.47 1.66 2.03 2.65 3.02 3.06 3.10 2.84 2.16 1.89 2.24 2.78 3.10 3.26 3.05 2.59 2.40 2.38 2.26 2.04 1.80 1.61 1.48 1.43 1.39 1.41 1.40 1.36 1.28 1.20 1.14 1.09 1.08 1.16 1.26 1.28 1.26 1.28 1.32 1.36 1.44 1.56 1.63 1.63 1.61 1.61 1.60 1.58 1.56 1.55 1.59 1.69 1.74 1.59 1.28 1.14 1.15 1.13 1.08 1.01 0.87 0.76
1.61 1.58 1.59 1.61 1.48 1.38 1.34 1.28 1.25 1.32 1.52 1.43 1.07 1.06 1.27 1.74 1.82 1.15 0.85 0.87 0.86 0.87 0.98 1.15 1.35 1.65 2.04 2.34 2.82 3.18 3.08 2.93 2.77 2.66 2.85 3.34 3.61 3.53 3.36 3.25 3.01 2.58 2.22 1.99 1.90 1.81 1.63 1.50 1.45 1.37 1.28 1.19 1.13 1.09 1.07 1.12 1.21 1.27 1.29 1.30 1.32 1.31 1.33 1.41 1.52 1.59 1.60 1.62 1.64 1.60 1.52 1.48 1.52 1.62 1.77 1.84 1.67 1.40 1.24 1.16 1.10 1.05 0.93 0.80
1.64 1.60 1.61 1.68 1.52 1.30 1.25 1.19 1.15 1.15 1.32 1.41 1.13 1.08 1.23 1.62 1.87 1.50 0.87 0.72 0.69 0.64 0.65 0.76 0.90 1.02 1.16 1.35 1.73 2.19 2.59 2.65 2.35 2.19 2.32 2.68 3.17 3.39 3.27 3.29 3.43 3.31 2.99 2.72 2.52 2.30 2.05 1.86 1.68 1.48 1.34 1.25 1.18 1.14 1.10 1.10 1.17 1.25 1.28 1.31 1.33 1.31 1.27 1.21 1.12 1.12 1.13 1.19 1.39 1.53 1.51 1.44 1.41 1.46 1.61 1.83 1.91 1.75 1.49 1.29 1.15 1.07 0.96 0.85
1.62 1.60 1.65 1.85 1.91 1.67 1.54 1.43 1.23 1.08 1.17 1.34 1.13 1.05 1.25 1.61 1.93 1.74 1.13 0.71 0.53 0.51 0.47 0.44 0.52 0.66 0.82 0.99 1.19 1.34 1.47 1.63 1.73 1.83 2.07 2.29 2.42 2.62 2.44 2.42 2.88 3.23 3.16 2.77 2.50 2.36 2.24 2.08 1.87 1.65 1.45 1.32 1.27 1.23 1.18 1.16 1.22 1.27 1.28 1.28 1.26 1.19 1.11 1.04 0.93 0.87 0.77 0.63 0.79 1.17 1.37 1.39 1.33 1.30 1.38 1.60 1.87 1.99 1.86 1.61 1.37 1.20 1.03 0.91
1.56 1.59 1.65 1.82 2.08 2.16 2.17 2.10 1.79 1.29 1.16 1.31 1.11 0.91 1.02 1.32 1.82 1.92 1.35 0.83 0.46 0.37 0.39 0.37 0.31 0.35 0.47 0.66 0.88 1.04 1.13 1.29 1.51 1.62 1.84 2.00 2.00 2.23 2.08 1.82 2.00 2.43 2.82 2.63 2.17 1.95 1.86 1.77 1.71 1.61 1.48 1.38 1.32 1.25 1.21 1.21 1.25 1.29 1.28 1.22 1.14 1.05 1.00 1.00 1.03 1.09 1.00 0.67 0.49 0.64 0.97 1.16 1.23 1.21 1.20 1.30 1.55 1.88 2.05 2.00 1.77 1.48 1.20 1.06
1.41 1.44 1.45 1.48 1.65 1.88 2.07 2.27 2.32 1.95 1.49 1.43 1.12 0.76 0.72 0.88 1.39 1.96 1.74 1.10 0.62 0.33 0.26 0.35 0.39 0.34 0.32 0.40 0.67 0.92 1.05 1.14 1.27 1.39 1.63 1.83 1.84 2.09 2.15 1.78 1.64 1.94 2.54 2.82 2.39 1.92 1.68 1.57 1.59 1.59 1.55 1.47 1.36 1.27 1.21 1.14 1.09 1.10 1.06 1.05 1.07 1.05 1.05 1.08 1.13 1.25 1.33 1.14 0.73 0.48 0.57 0.79 0.95 1.04 1.05 1.06 1.20 1.49 1.83 2.08 2.14 1.95 1.59 1.31
1.37 1.37 1.34 1.31 1.37 1.55 1.72 1.96 2.29 2.32 2.14 1.83 1.13 0.68 0.57 0.58 0.89 1.63 2.03 1.62 0.96 0.51 0.31 0.31 0.35 0.39 0.46 0.64 0.98 1.08 1.04 1.09 1.19 1.27 1.46 1.71 1.68 1.81 2.06 1.86 1.60 1.66 2.08 2.74 2.82 2.33 1.91 1.70 1.65 1.70 1.71 1.63 1.47 1.35 1.27 1.17 1.08 1.06 1.00 0.93 1.03 1.18 1.22 1.24 1.26 1.28 1.36 1.40 1.20 0.74 0.48 0.49 0.56 0.67 0.79 0.85 0.91 1.10 1.40 1.71 2.00 2.15 2.00 1.61
1.40 1.43 1.43 1.38 1.42 1.53 1.63 1.77 2.10 2.32 2.46 2.42 1.65 0.78 0.51 0.43 0.57 1.05 1.73 2.05 1.80 1.05 0.58 0.46 0.52 0.63 0.92 1.46 1.47 1.23 1.09 1.13 1.19 1.16 1.31 1.59 1.56 1.55 1.84 1.86 1.60 1.48 1.65 2.27 2.79 2.64 2.20 1.90 1.78 1.75 1.71 1.66 1.59 1.48 1.38 1.34 1.35 1.40 1.39 1.23 1.21 1.33 1.38 1.38 1.37 1.36 1.34 1.40 1.43 1.23 0.81 0.56 0.46 0.39 0.43 0.54 0.61 0.71 0.91 1.14 1.36 1.76 2.06 1.95
1.30 1.37 1.41 1.36 1.39 1.47 1.57 1.68 1.89 2.13 2.41 2.82 2.51 1.32 0.83 0.59 0.56 0.76 1.17 1.74 2.01 1.88 1.28 1.10 1.52 1.95 2.02 1.87 1.49 1.20 1.19 1.28 1.36 1.21 1.20 1.49 1.56 1.39 1.48 1.61 1.49 1.34 1.40 1.81 2.51 2.73 2.47 2.19 2.00 1.84 1.71 1.63 1.58 1.51 1.41 1.36 1.40 1.52 1.63 1.59 1.49 1.44 1.41 1.38 1.36 1.36 1.35 1.36 1.43 1.46 1.31 1.02 0.74 0.49 0.33 0.27 0.30 0.37 0.48 0.68 0.89 1.20 1.69 1.98
1.27 1.33 1.37 1.32 1.34 1.47 1.62 1.68 1.73 1.90 2.23 2.82 3.09 2.48 1.66 1.02 0.79 0.87 1.08 1.43 2.06 2.64 2.79 2.76 2.66 2.48 2.06 1.47 1.16 1.09 1.15 1.34 1.61 1.62 1.42 1.42 1.49 1.36 1.22 1.27 1.27 1.13 1.12 1.39 2.07 2.58 2.51 2.25 2.05 1.86 1.75 1.67 1.56 1.47 1.40 1.32 1.31 1.43 1.55 1.56 1.50 1.43 1.38 1.34 1.34 1.35 1.35 1.36 1.38 1.43 1.45 1.35 1.08 0.78 0.52 0.30 0.15 0.16 0.25 0.40 0.63 0.91 1.22 1.59
1.28 1.32 1.35 1.29 1.26 1.34 1.51 1.63 1.66 1.72 1.94 2.47 3.14 3.38 2.91 1.72 1.16 1.17 1.40 1.98 2.51 2.74 2.94 2.86 2.52 2.11 1.58 1.14 0.94 0.90 1.00 1.19 1.59 1.92 1.95 1.71 1.46 1.31 1.15 1.07 1.03 0.93 0.88 1.00 1.50 2.28 2.50 2.20 1.99 1.84 1.71 1.67 1.62 1.54 1.46 1.38 1.35 1.38 1.45 1.46 1.42 1.40 1.38 1.37 1.36 1.36 1.36 1.36 1.38 1.38 1.42 1.45 1.31 0.99 0.71 0.48 0.22 0.06 0.07 0.16 0.33 0.61 0.91 1.20
1.25 1.27 1.25 1.16 1.09 1.08 1.13 1.29 1.42 1.50 1.64 1.96 2.46 3.09 3.41 3.15 2.12 1.65 1.86 2.22 2.08 1.72 1.95 2.18 2.03 1.81 1.58 1.26 0.95 0.81 0.86 0.95 1.20 1.66 2.13 2.30 1.94 1.38 1.11 1.01 0.92 0.81 0.70 0.70 0.96 1.75 2.39 2.43 2.22 2.04 1.88 1.75 1.63 1.56 1.48 1.41 1.40 1.40 1.43 1.43 1.42 1.42 1.41 1.40 1.40 1.39 1.37 1.37 1.38 1.39 1.41 1.49 1.50 1.29 0.95 0.68 0.41 0.14 0.03 0.04 0.02 0.19 0.45 0.78
1.28 1.30 1.30 1.19 1.07 1.05 1.01 0.97 1.00 1.10 1.20 1.29 1.44 1.82 2.49 3.13 2.89 2.33 2.06 1.76 1.25 1.09 1.39 1.97 2.20 1.96 1.65 1.47 1.27 1.04 0.88 0.81 0.87 1.23 1.76 2.39 2.61 2.05 1.40 1.16 1.02 0.86 0.73 0.66 0.73 1.11 1.98 2.43 2.41 2.18 1.97 1.82 1.61 1.50 1.43 1.38 1.37 1.41 1.46 1.46 1.42 1.40 1.40 1.39 1.39 1.40 1.38 1.37 1.37 1.39 1.42 1.48 1.55 1.54 1.34 1.02 0.68 0.36 0.15 0.04 0.09 0.10 0.05 0.21
1.34 1.36 1.43 1.38 1.22 1.21 1.26 1.18 0.96 0.75 0.68 0.71 0.81 1.07 1.46 2.03 2.47 2.18 1.60 1.10 0.99 1.02 1.14 1.59 2.23 2.29 1.80 1.61 1.53 1.36 1.10 0.90 0.88 1.01 1.35 1.96 2.71 2.91 2.39 1.82 1.52 1.32 1.19 0.99 0.82 0.83 1.32 1.93 2.22 2.11 1.89 1.76 1.62 1.50 1.42 1.33 1.27 1.31 1.38 1.40 1.35 1.29 1.28 1.33 1.35 1.37 1.38 1.35 1.35 1.37 1.43 1.49 1.54 1.59 1.55 1.38 1.06 0.67 0.44 0.27 0.06 0.11 0.15 0.09
1.34 1.32 1.35 1.43 1.36 1.30 1.40 1.55 1.52 1.08 0.69 0.60 0.67 0.85 1.13 1.43 1.89 1.94 1.33 0.87 0.87 0.99 1.11 1.29 1.80 2.41 2.23 1.59 1.31 1.17 1.00 0.86 0.80 0.88 1.13 1.56 2.18 2.90 3.15 2.93 2.50 2.13 1.88 1.59 1.27 0.97 0.94 1.32 1.82 1.95 1.79 1.68 1.60 1.51 1.43 1.34 1.27 1.27 1.32 1.34 1.32 1.28 1.22 1.25 1.30 1.31 1.33 1.32 1.31 1.33 1.39 1.47 1.53 1.60 1.59 1.52 1.33 0.99 0.76 0.64 0.40 0.12 0.10 0.15
1.34 1.28 1.25 1.37 1.44 1.36 1.32 1.49 1.81 1.86 1.37 1.00 0.89 0.91 1.00 1.26 1.74 2.11 2.14 1.62 1.19 1.15 1.23 1.30 1.50 2.25 2.51 1.84 1.22 0.96 0.79 0.66 0.65 0.77 0.98 1.28 1.65 2.17 2.77 3.09 2.98 2.66 2.43 2.23 1.94 1.51 1.17 1.16 1.50 1.72 1.66 1.57 1.54 1.50 1.45 1.39 1.34 1.33 1.38 1.43 1.45 1.43 1.35 1.31 1.32 1.29 1.28 1.25 1.21 1.24 1.32 1.40 1.47 1.60 1.69 1.62 1.42 1.08 0.83 0.77 0.67 0.40 0.13 0.10
1.44 1.40 1.34 1.40 1.49 1.44 1.31 1.30 1.53 1.97 2.08 1.80 1.64 1.45 1.29 1.39 1.64 2.01 2.36 2.36 1.95 1.43 1.23 1.18 1.28 1.86 2.60 2.63 1.93 1.34 1.06 0.86 0.72 0.74 0.81 0.96 1.24 1.59 2.01 2.46 2.76 2.73 2.56 2.43 2.26 1.99 1.64 1.41 1.48 1.65 1.65 1.56 1.49 1.46 1.41 1.38 1.35 1.35 1.39 1.43 1.47 1.47 1.42 1.38 1.37 1.35 1.30 1.24 1.13 1.06 1.17 1.31 1.38 1.47 1.67 1.78 1.64 1.19 0.78 0.69 0.71 0.59 0.33 0.12
1.49 1.53 1.51 1.49 1.53 1.54 1.46 1.33 1.28 1.48 1.87 2.01 1.95 1.85 1.61 1.37 1.29 1.46 1.74 2.09 2.14 1.69 1.19 0.95 0.99 1.31 2.08 2.81 2.73 2.09 1.64 1.42 1.15 0.86 0.75 0.73 0.84 1.17 1.58 1.97 2.32 2.49 2.41 2.30 2.29 2.18 1.91 1.63 1.58 1.69 1.70 1.62 1.51 1.42 1.36 1.32 1.33 1.35 1.35 1.36 1.40 1.44 1.43 1.41 1.42 1.42 1.37 1.33 1.19 0.94 0.88 1.06 1.24 1.36 1.57 1.84 1.92 1.61 0.98 0.69 0.64 0.59 0.48 0.30
1.40 1.54 1.60 1.48 1.47 1.49 1.48 1.41 1.25 1.11 1.18 1.36 1.50 1.61 1.54 1.13 0.88 0.99 1.23 1.50 1.72 1.56 1.20 0.93 0.87 1.00 1.44 2.25 2.81 2.69 2.23 1.86 1.58 1.21 0.86 0.75 0.74 0.90 1.28 1.62 1.81 2.08 2.25 2.18 2.16 2.11 1.91 1.65 1.56 1.61 1.62 1.57 1.49 1.42 1.35 1.30 1.30 1.34 1.37 1.41 1.44 1.46 1.47 1.46 1.47 1.47 1.42 1.40 1.35 1.07 0.69 0.62 0.84 1.09 1.36 1.73 2.02 2.00 1.60 1.02 0.69 0.59 0.54 0.46
1.21 1.34 1.53 1.48 1.35 1.27 1.24 1.27 1.25 1.16 1.06 1.07 1.14 1.33 1.54 1.36 1.10 0.96 0.98 1.14 1.28 1.21 1.09 0.98 0.85 0.86 1.08 1.64 2.34 2.72 2.48 1.96 1.60 1.36 1.12 0.89 0.81 0.82 1.11 1.46 1.52 1.70 2.02 2.05 1.96 1.92 1.79 1.57 1.48 1.50 1.50 1.47 1.43 1.38 1.32 1.28 1.28 1.34 1.38 1.42 1.47 1.49 1.49 1.47 1.47 1.49 1.46 1.40 1.41 1.29 0.85 0.44 0.34 0.45 0.71 1.20 1.75 2.07 2.08 1.77 1.15 0.75 0.62 0.57
1.10 1.11 1.27 1.45 1.40 1.18 0.99 0.96 1.06 1.20 1.27 1.25 1.20 1.41 1.72 1.87 1.79 1.49 1.13 1.03 1.05 0.93 0.81 0.76 0.70 0.69 0.78 1.17 1.76 2.38 2.68 2.39 1.82 1.49 1.27 0.99 0.81 0.79 1.00 1.45 1.56 1.55 1.73 1.83 1.84 1.87 1.78 1.58 1.48 1.48 1.48 1.46 1.42 1.37 1.30 1.26 1.29 1.34 1.37 1.39 1.43 1.48 1.51 1.50 1.48 1.48 1.46 1.43 1.42 1.43 1.21 0.69 0.30 0.16 0.18 0.47 1.08 1.63 1.97 2.08 1.77 1.10 0.80 0.68
1.23 1.12 1.04 1.27 1.54 1.50 1.17 0.89 0.84 0.97 1.21 1.34 1.35 1.45 1.62 1.80 1.95 1.97 1.84 1.53 1.24 0.94 0.73 0.61 0.51 0.50 0.59 0.77 1.21 1.77 2.42 2.78 2.55 1.95 1.47 1.10 0.91 0.90 0.96 1.33 1.58 1.56 1.57 1.62 1.69 1.78 1.76 1.62 1.52 1.48 1.46 1.45 1.44 1.42 1.37 1.32 1.32 1.35 1.37 1.39 1.40 1.44 1.49 1.54 1.58 1.57 1.54 1.54 1.53 1.53 1.46 1.13 0.60 0.25 0.08 0.12 0.48 1.02 1.42 1.81 1.93 1.62 1.33 1.11
1.43 1.30 1.08 1.07 1.34 1.69 1.72 1.38 1.07 0.95 1.00 1.20 1.31 1.27 1.21 1.32 1.56 1.78 1.96 2.16 2.04 1.52 1.05 0.73 0.52 0.45 0.47 0.53 0.75 1.14 1.63 2.35 2.79 2.61 2.09 1.66 1.39 1.17 0.99 1.15 1.46 1.54 1.53 1.48 1.51 1.61 1.64 1.58 1.52 1.47 1.42 1.38 1.37 1.41 1.44 1.40 1.36 1.36 1.37 1.38 1.39 1.43 1.46 1.54 1.71 1.86 1.85 1.82 1.78 1.75 1.71 1.53 1.06 0.52 0.24 0.14 0.23 0.60 0.96 1.33 1.66 1.66 1.50 1.38
1.49 1.49 1.25 0.92 0.87 1.16 1.69 1.89 1.76 1.52 1.18 1.07 1.09 0.96 0.89 0.98 1.13 1.28 1.42 1.86 2.37 2.48 2.08 1.45 1.01 0.68 0.47 0.42 0.49 0.69 0.99 1.59 2.35 2.79 2.69 2.28 1.89 1.61 1.28 1.20 1.39 1.51 1.51 1.45 1.45 1.51 1.55 1.54 1.50 1.45 1.38 1.30 1.18 1.17 1.31 1.38 1.40 1.40 1.42 1.44 1.45 1.48 1.50 1.56 1.79 2.10 2.31 2.38 2.35 2.32 2.23 2.10 1.72 1.01 0.61 0.43 0.35 0.50 0.70 0.87 1.16 1.31 1.21 1.08
1.40 1.55 1.45 0.95 0.68 0.70 0.97 1.48 1.89 1.96 1.72 1.26 0.93 0.70 0.65 0.72 0.86 1.00 1.05 1.21 1.73 2.40 2.69 2.59 2.18 1.60 1.03 0.59 0.43 0.43 0.57 0.93 1.56 2.25 2.67 2.54 2.18 1.92 1.66 1.45 1.49 1.61 1.60 1.55 1.51 1.50 1.50 1.49 1.48 1.43 1.37 1.32 1.12 0.87 0.89 1.12 1.28 1.37 1.43 1.50 1.54 1.54 1.54 1.55 1.66 1.91 2.21 2.46 2.63 2.73 2.70 2.59 2.39 1.90 1.16 0.87 0.77 0.85 0.90 0.85 0.92 1.10 1.06 0.85
1.34 1.54 1.69 1.35 0.89 0.67 0.60 0.71 1.12 1.55 1.84 1.67 0.99 0.63 0.59 0.65 0.79 0.91 0.91 0.84 0.93 1.33 1.94 2.49 2.63 2.50 2.20 1.58 0.91 0.61 0.57 0.64 0.86 1.42 2.20 2.43 2.20 1.91 1.73 1.60 1.59 1.67 1.68 1.63 1.59 1.55 1.50 1.47 1.46 1.42 1.37 1.37 1.29 0.99 0.76 0.81 1.03 1.22 1.30 1.39 1.48 1.53 1.51 1.47 1.43 1.40 1.43 1.61 1.92 2.33 2.61 2.65 2.57 2.33 1.78 1.31 1.23 1.29 1.36 1.25 1.03 1.09 1.10 0.88
1.45 1.47 1.67 1.77 1.40 0.96 0.63 0.45 0.45 0.66 1.23 1.82 1.40 0.90 0.84 0.82 0.82 0.85 0.78 0.63 0.56 0.63 0.91 1.41 1.83 2.11 2.34 2.38 2.04 1.50 1.04 0.74 0.67 0.84 1.58 1.96 1.89 1.72 1.65 1.62 1.61 1.65 1.67 1.64 1.60 1.56 1.52 1.48 1.46 1.45 1.41 1.38 1.36 1.19 0.88 0.70 0.81 1.03 1.15 1.20 1.34 1.49 1.51 1.40 1.27 1.17 1.06 1.02 1.11 1.41 1.92 2.32 2.48 2.43 2.08 1.67 1.46 1.44 1.57 1.54 1.26 1.18 1.16 0.97
1.63 1.37 1.28 1.69 1.92 1.68 1.19 0.76 0.47 0.40 0.73 1.64 1.88 1.71 1.59 1.40 1.24 1.10 0.87 0.63 0.46 0.41 0.46 0.63 0.86 1.07 1.38 1.95 2.25 2.24 1.90 1.35 0.95 0.82 1.21 1.59 1.60 1.51 1.50 1.55 1.60 1.63 1.65 1.63 1.58 1.54 1.51 1.48 1.48 1.49 1.47 1.41 1.34 1.20 0.94 0.70 0.70 0.88 1.10 1.23 1.32 1.47 1.57 1.52 1.36 1.25 1.13 0.96 0.85 0.89 1.10 1.63 2.25 2.43 2.14 1.76 1.45 1.34 1.55 1.73 1.52 1.34 1.26 1.13
1.89 1.41 0.97 1.23 1.80 2.18 2.19 1.74 1.19 0.75 0.86 1.49 1.95 2.24 2.35 2.30 2.19 2.07 1.82 1.42 1.07 0.80 0.58 0.46 0.48 0.52 0.57 0.79 1.23 1.73 2.06 1.97 1.54 1.12 1.18 1.44 1.47 1.41 1.39 1.45 1.55 1.61 1.64 1.65 1.61 1.56 1.54 1.51 1.49 1.48 1.47 1.44 1.35 1.19 0.99 0.81 0.74 0.83 1.07 1.26 1.31 1.37 1.48 1.60 1.63 1.59 1.50 1.30 1.12 1.02 0.93 1.08 1.73 2.26 2.15 1.83 1.49 1.16 1.23 1.68 1.78 1.61 1.48 1.32
2.18 1.53 0.85 0.82 1.08 1.70 2.24 2.44 2.12 1.47 1.43 1.63 1.79 1.91 2.10 2.31 2.39 2.47 2.56 2.59 2.48 2.17 1.70 1.19 0.74 0.51 0.39 0.35 0.42 0.62 1.09 1.71 1.68 1.33 1.28 1.45 1.48 1.45 1.43 1.45 1.52 1.59 1.64 1.69 1.70 1.64 1.58 1.56 1.53 1.50 1.49 1.50 1.41 1.15 0.91 0.74 0.67 0.76 0.90 1.05 1.16 1.21 1.29 1.44 1.62 1.77 1.86 1.87 1.82 1.75 1.61 1.49 1.72 2.15 2.19 2.02 1.84 1.49 1.30 1.63 1.97 1.98 1.82 1.47
2.39 1.70 0.87 0.66 0.62 0.79 1.23 1.98 2.43 2.18 1.88 1.69 1.57 1.42 1.35 1.54 1.89 2.04 2.10 2.34 2.69 2.85 2.86 2.68 2.12 1.33 0.96 0.84 0.75 0.60 0.66 1.18 1.49 1.40 1.39 1.55 1.61 1.56 1.51 1.49 1.54 1.60 1.62 1.66 1.73 1.71 1.65 1.65 1.63 1.59 1.57 1.60 1.53 1.24 0.86 0.61 0.52 0.59 0.72 0.89 1.03 1.10 1.17 1.24 1.32 1.47 1.68 1.86 1.99 2.10 2.19 2.22 2.32 2.50 2.49 2.28 2.15 2.10 2.05 2.02 2.13 2.39 2.34 1.86
2.37 2.11 1.49 0.98 0.68 0.65 0.84 1.25 1.94 2.14 1.95 1.68 1.51 1.30 1.10 1.07 1.36 1.66 1.63 1.57 1.82 2.23 2.62 3.00 3.10 2.73 2.01 1.58 1.37 1.14 0.93 1.06 1.38 1.42 1.42 1.55 1.67 1.67 1.62 1.57 1.58 1.64 1.63 1.62 1.67 1.68 1.64 1.66 1.68 1.66 1.67 1.71 1.67 1.42 1.00 0.60 0.41 0.43 0.54 0.67 0.87 1.03 1.09 1.12 1.16 1.23 1.34 1.44 1.51 1.58 1.71 1.91 2.18 2.53 2.68 2.46 2.16 2.09 2.03 2.01 2.12 2.38 2.64 2.41
1.95 2.25 2.52 2.06 1.44 1.11 0.99 0.99 1.28 1.60 1.73 1.80 1.65 1.32 1.05 0.86 0.89 1.23 1.52 1.50 1.39 1.49 1.73 2.10 2.70 3.07 2.70 1.83 1.41 1.27 1.07 1.06 1.28 1.40 1.41 1.47 1.61 1.70 1.71 1.68 1.65 1.68 1.68 1.64 1.67 1.68 1.58 1.58 1.67 1.70 1.75 1.86 1.85 1.63 1.24 0.74 0.44 0.37 0.49 0.54 0.62 0.87 1.01 1.07 1.12 1.17 1.20 1.22 1.24 1.18 1.07 1.08 1.31 1.79 2.26 2.34 2.06 1.71 1.47 1.64 1.84 1.96 2.40 2.67
1.35 1.61 2.30 2.54 2.35 1.73 1.08 0.88 1.06 1.29 1.46 1.74 1.91 1.67 1.19 0.85 0.66 0.73 1.06 1.32 1.30 1.22 1.21 1.39 1.85 2.56 2.83 2.10 1.32 1.23 1.22 1.19 1.28 1.39 1.44 1.46 1.54 1.64 1.71 1.73 1.72 1.74 1.73 1.69 1.73 1.80 1.72 1.55 1.59 1.70 1.78 1.92 2.02 1.89 1.51 0.98 0.59 0.41 0.47 0.59 0.59 0.66 0.90 1.04 1.08 1.10 1.13 1.17 1.24 1.26 1.14 0.99 0.94 1.15 1.56 1.97 1.99 1.60 1.30 1.39 1.54 1.59 1.90 2.60
