windninja/windninja_output/Output_2025-08-09_0800-0850_Google earth_Fire_150m_10min/merlingen_7.5mi_point_08-09-2025_0800_150m_ang.asc
ncols	158
nrows	163
xllcorner	391686.332397
yllcorner	5160024.123721
cellsize	150.000000
NODATA_value	-32768.000000
[rows 0 to 41 of 163, columns 0 to 93 of 158]
204 203 201 199 199 200 200 198 198 199 199 198 198 201 206 212 217 217 214 213 205 196 197 200 203 206 205 202 201 202 204 205 207 207 205 209 213 215 215 212 210 210 211 213 213 214 217 214 205 202 201 201 201 203 204 206 207 207 208 207 206 206 206 205 204 203 205 207 209 209 208 208 209 208 207 208 210 213 214 212 211 211 213 216 218 217 214 215 217 215 215 216 215 214
204 203 200 198 199 200 201 201 201 200 199 197 196 199 204 209 210 206 205 205 199 192 193 199 204 206 203 201 202 204 205 206 207 206 205 209 210 209 209 207 206 207 208 208 208 208 209 207 202 201 203 203 204 206 207 207 207 206 207 207 206 206 206 205 204 204 206 209 210 209 208 208 208 207 207 208 210 213 212 210 211 212 213 216 217 216 213 214 217 216 216 217 216 216
203 202 199 198 199 201 202 203 201 198 194 192 193 197 202 205 204 200 199 200 196 190 188 196 204 206 203 202 203 206 207 207 206 205 205 205 205 204 204 203 203 203 203 203 203 202 202 202 201 201 202 203 206 209 208 207 205 205 206 206 205 204 204 204 204 204 207 210 211 209 207 207 207 207 207 208 209 211 211 209 208 211 214 214 215 213 209 211 214 215 216 216 215 214
196 199 199 198 199 199 198 197 194 192 191 190 192 195 199 203 202 200 200 201 199 193 187 191 200 203 203 202 201 203 205 206 205 204 202 202 203 204 204 202 200 199 199 200 199 199 199 201 201 200 199 201 204 205 205 205 205 205 206 206 205 203 204 205 205 205 206 209 211 210 208 207 208 208 209 208 208 210 212 209 206 210 213 212 213 212 206 205 208 209 211 212 210 208
190 195 199 198 199 197 193 192 192 192 193 192 191 194 197 201 203 203 203 205 203 197 189 186 192 197 199 199 199 199 201 203 203 201 200 201 202 202 201 198 196 196 196 197 198 199 200 201 201 201 202 203 204 205 206 206 206 206 206 206 206 205 205 205 205 205 206 209 212 210 209 209 209 209 209 210 211 212 213 211 208 210 213 211 212 213 206 201 202 203 205 207 205 202
189 192 196 198 198 195 193 192 193 195 196 193 190 193 197 201 205 207 207 208 206 201 191 183 186 192 196 198 198 198 199 200 200 200 200 200 199 198 196 196 195 195 196 198 199 201 202 202 203 203 204 205 205 206 207 207 206 205 205 205 205 205 204 205 205 205 206 209 211 209 209 211 210 207 207 209 211 211 212 212 213 212 212 211 212 214 210 202 199 199 200 202 201 198
192 192 193 195 196 195 194 194 196 197 195 192 190 192 198 202 205 208 207 206 206 204 195 183 182 188 194 197 197 197 198 198 199 200 200 198 196 195 196 196 197 197 199 201 202 204 204 204 204 204 205 206 206 206 208 208 206 205 204 203 203 202 203 204 205 205 205 208 210 207 207 208 208 205 204 207 209 210 209 211 213 211 210 211 213 216 214 208 202 197 196 198 200 199
194 194 193 193 195 196 198 199 199 197 194 190 188 191 198 202 203 206 206 205 205 204 199 189 181 184 190 193 195 196 198 198 200 201 200 199 197 198 199 200 201 202 203 205 205 205 205 205 205 205 206 206 206 206 208 207 206 205 203 201 200 199 201 203 205 206 206 207 208 206 205 207 207 206 205 206 210 212 210 210 213 211 208 208 210 212 212 209 205 199 195 199 203 204
194 195 195 194 195 198 201 202 200 196 192 188 185 189 196 201 202 203 205 205 205 204 201 195 185 181 186 191 193 196 198 198 200 202 202 202 202 203 205 206 207 207 207 207 207 206 206 207 206 205 205 206 206 207 209 207 204 203 202 201 201 201 201 204 206 207 206 205 206 206 206 209 210 209 208 208 212 213 211 212 215 213 206 203 204 204 206 205 201 196 194 195 198 199
194 195 196 196 196 198 200 200 198 195 192 188 184 186 194 201 202 201 202 203 203 203 202 197 191 184 183 190 193 194 197 198 199 202 204 205 206 207 208 210 210 209 208 208 208 208 207 208 207 204 206 208 207 207 208 208 205 204 206 206 208 206 204 206 209 209 207 205 205 207 210 212 212 211 210 211 214 213 209 209 211 210 205 200 201 201 201 200 196 194 196 196 195 194
195 195 196 197 197 197 198 197 196 194 192 189 185 185 192 199 201 200 199 200 201 202 201 198 194 189 185 189 193 194 197 199 200 204 207 208 208 209 210 209 209 209 209 209 211 211 209 210 210 209 210 211 209 209 211 213 213 214 217 217 217 216 212 211 212 211 209 208 207 211 214 213 211 210 211 214 217 213 205 203 205 207 207 202 200 198 198 199 197 197 201 201 197 196
195 196 196 197 197 197 196 196 195 194 193 191 187 185 190 196 198 199 199 198 200 201 202 200 197 194 192 193 195 197 201 204 204 206 209 211 211 210 209 209 209 210 210 210 212 213 212 216 219 220 222 222 222 224 228 229 229 229 230 231 234 235 230 223 221 218 216 214 211 212 212 212 210 208 208 209 209 206 200 197 201 205 205 202 198 194 197 201 199 197 203 207 204 200
196 196 196 197 197 196 196 196 196 195 194 192 190 188 190 194 196 197 198 198 199 201 203 203 203 202 200 198 199 201 203 205 205 206 209 212 212 210 210 209 210 211 210 211 213 216 217 222 229 233 235 238 242 247 251 250 245 240 240 245 250 250 250 252 249 241 233 222 210 208 209 211 210 205 200 200 201 201 199 196 199 202 202 201 198 196 199 203 200 196 203 210 208 203
196 196 196 197 196 196 196 196 196 195 194 193 191 191 192 196 196 194 196 199 199 202 205 208 209 207 203 201 201 202 204 206 206 207 209 211 211 210 211 211 213 215 218 222 225 227 225 224 228 233 236 239 242 248 256 261 258 249 241 239 241 239 237 240 246 252 251 238 209 201 207 209 208 202 196 197 200 202 202 201 200 200 201 203 204 202 203 208 205 201 207 216 216 214
197 197 196 196 196 196 197 197 196 195 195 193 191 190 193 197 197 193 194 199 202 205 208 211 210 207 203 202 202 203 206 207 206 206 206 208 210 212 215 218 224 230 236 241 240 238 233 224 221 224 227 227 227 230 234 238 238 231 223 222 223 221 217 215 218 223 223 222 210 183 195 204 204 201 199 200 203 207 210 209 204 202 203 208 210 210 211 215 214 213 220 231 233 233
197 197 197 197 197 197 197 197 197 196 195 194 191 188 190 195 197 195 194 198 202 205 207 209 209 206 202 202 204 203 204 204 203 204 207 212 220 224 228 233 238 238 236 234 229 226 226 223 219 219 218 214 210 210 212 215 216 211 206 211 214 212 210 208 209 212 210 208 206 185 168 191 201 203 203 203 206 212 214 211 206 205 210 215 218 220 223 226 226 226 230 238 239 239
197 197 197 197 197 197 197 197 197 196 195 194 192 188 186 192 197 198 197 198 200 202 204 206 206 205 202 201 202 202 202 204 207 212 221 228 233 235 233 231 229 223 219 219 217 216 217 216 214 212 211 208 204 205 207 211 213 208 201 204 208 210 210 206 206 210 209 206 205 199 183 177 196 200 200 203 207 210 209 209 209 211 217 223 229 234 236 239 239 233 227 228 229 230
197 197 197 197 197 197 197 196 196 196 195 194 193 190 187 191 197 200 200 200 201 203 204 205 206 206 205 202 202 203 206 210 215 221 224 225 224 222 219 217 215 214 215 216 216 214 213 210 207 205 205 205 205 207 209 211 211 208 201 201 207 210 208 205 204 208 209 207 206 205 198 188 189 191 193 200 203 206 211 215 220 223 225 230 235 240 241 239 237 232 224 223 224 224
197 197 197 197 197 197 197 196 196 196 196 195 194 192 190 192 197 201 203 205 206 206 205 206 208 208 207 205 205 208 213 215 217 217 217 218 217 215 214 214 214 214 216 215 215 214 211 206 205 207 207 206 207 208 208 208 208 207 203 202 207 210 208 205 204 206 209 210 208 205 199 192 192 194 192 195 204 217 229 234 236 238 235 231 228 228 227 227 229 227 221 220 223 222
198 197 197 197 197 197 197 196 196 196 196 196 195 194 193 194 198 202 205 206 205 205 204 205 206 207 207 207 207 210 212 214 215 217 219 220 218 215 211 211 211 211 212 212 211 210 208 205 206 210 211 209 207 205 204 204 205 207 206 205 209 213 212 207 206 207 210 210 206 201 197 194 196 199 196 197 209 228 238 238 237 235 229 222 219 221 221 222 225 225 216 211 219 222
198 197 197 197 197 197 197 197 196 196 196 196 195 195 195 196 198 201 202 203 203 203 203 203 204 205 206 207 208 208 209 210 212 214 213 212 211 207 204 205 207 208 210 210 209 208 209 208 207 209 211 209 206 202 202 203 204 206 208 209 210 214 213 208 206 207 206 205 202 200 199 199 201 203 200 197 202 211 219 224 225 222 220 216 215 218 220 222 225 224 216 206 214 221
198 197 197 197 197 197 197 197 197 196 196 196 196 196 196 197 198 199 200 201 201 202 202 202 203 205 206 207 208 208 206 206 207 207 204 204 205 205 203 205 207 208 209 209 210 211 211 209 206 206 208 208 206 204 203 203 204 205 208 210 210 213 213 208 205 203 200 200 201 202 204 205 206 207 202 194 195 203 210 215 217 218 219 216 211 214 217 219 222 221 213 203 208 218
197 197 197 197 197 196 196 197 197 196 196 196 196 196 196 197 197 198 199 199 200 201 201 202 203 204 205 206 207 207 204 201 201 203 203 204 207 208 208 208 208 208 208 210 212 211 207 205 204 205 207 207 207 206 204 202 203 203 205 209 210 212 212 207 201 198 196 199 204 206 207 207 208 208 201 191 189 198 205 210 214 215 216 216 210 209 210 214 217 217 211 201 205 215
197 197 197 197 196 196 197 197 197 197 196 195 196 197 196 196 197 197 198 199 199 200 200 201 202 204 205 208 209 208 203 199 199 204 207 210 212 213 211 209 206 206 208 210 209 206 204 206 206 206 208 208 208 207 204 201 202 203 202 206 210 212 212 205 197 195 198 203 209 211 211 210 210 207 200 193 189 193 201 208 213 213 215 216 212 207 205 210 216 217 212 203 207 216
198 197 197 197 197 197 197 197 197 196 196 196 196 197 196 196 197 197 198 198 199 199 200 200 202 204 207 210 212 209 204 200 201 205 209 211 212 213 211 208 205 205 205 206 205 204 206 208 208 207 208 208 207 205 204 202 202 203 202 204 209 212 209 203 198 199 205 211 216 218 216 212 208 205 202 200 196 194 198 204 210 211 211 213 213 210 205 210 218 219 212 204 208 216
198 197 197 197 197 197 197 197 196 196 196 196 196 196 196 196 197 197 197 198 198 199 199 200 201 203 206 210 212 210 206 203 201 201 205 208 210 212 210 206 204 202 201 202 205 206 208 209 209 208 208 209 208 207 204 201 202 205 207 206 207 206 204 202 202 203 207 212 217 220 218 211 205 204 202 202 204 202 195 197 203 206 207 209 211 209 204 206 215 218 209 200 206 213
198 197 197 197 197 197 196 196 196 196 196 196 196 196 196 196 196 197 197 198 198 198 198 198 199 200 203 208 211 211 209 206 203 200 201 204 207 210 209 204 201 200 198 202 205 205 207 208 207 206 206 209 209 207 201 198 201 207 209 205 202 201 202 204 207 208 208 210 214 215 213 208 204 204 200 199 206 209 197 188 196 202 204 206 208 208 204 205 213 216 206 196 201 210
197 197 197 197 197 196 196 196 196 196 197 196 196 196 196 196 196 196 197 197 197 197 197 197 197 198 200 205 208 209 210 210 207 202 200 201 204 208 209 203 199 198 197 199 201 200 202 205 207 205 203 206 206 204 200 195 199 205 205 200 200 202 205 209 213 213 211 210 211 212 212 209 205 202 198 196 204 210 205 190 190 197 202 204 207 208 206 208 214 215 208 195 196 206
197 197 197 197 197 196 196 196 196 196 197 197 197 196 195 195 196 196 196 196 196 196 196 196 195 195 195 198 202 206 209 210 207 204 200 194 196 203 205 201 196 195 195 196 197 196 198 203 206 204 199 201 204 204 202 194 193 200 203 201 201 205 208 209 212 213 211 209 209 210 211 209 205 203 199 196 201 212 213 203 191 191 198 204 210 213 213 212 216 217 212 202 195 201
197 197 197 197 197 196 196 196 196 196 196 196 196 196 195 195 195 195 195 195 195 196 196 195 194 191 190 193 197 200 204 208 208 204 195 188 189 196 199 196 192 192 193 195 194 194 197 198 201 199 196 198 202 204 203 196 191 197 204 206 206 209 212 212 213 213 208 206 210 212 211 210 209 207 202 198 201 212 218 214 199 188 195 207 215 217 216 215 215 216 215 210 202 200
197 197 197 197 197 196 196 196 196 196 196 196 196 196 195 195 195 194 194 195 195 195 195 194 192 189 187 190 195 199 204 208 206 201 192 185 187 192 194 192 190 191 193 195 195 194 195 194 196 198 197 198 202 207 207 201 197 200 207 213 213 213 217 219 219 214 206 205 213 218 217 216 215 209 200 196 199 208 216 217 207 192 194 205 211 211 211 211 213 215 216 216 214 211
197 197 196 197 197 196 195 196 196 196 196 196 196 196 195 195 194 194 194 194 194 194 194 193 190 188 187 189 194 201 206 206 203 200 194 186 187 190 192 192 192 194 195 198 198 196 196 195 198 203 204 205 207 212 212 205 204 207 212 219 218 213 215 220 221 214 204 204 215 222 221 217 212 204 196 195 198 204 212 216 211 200 197 203 208 210 212 215 218 220 222 222 223 223
197 197 196 196 196 196 195 196 196 195 195 195 195 195 195 195 195 194 194 194 194 193 192 192 190 187 186 187 191 195 198 199 199 202 199 188 185 189 192 195 198 199 199 201 201 200 200 202 205 209 210 211 211 214 214 206 204 208 215 222 221 212 208 214 218 214 201 199 212 220 216 207 203 197 194 194 196 201 209 216 214 207 204 205 209 214 219 222 224 225 227 227 226 226
197 197 197 196 196 196 196 196 196 195 195 195 195 195 195 195 195 194 193 193 193 192 191 190 189 187 185 185 185 187 191 195 199 204 203 188 181 189 195 198 201 201 201 203 204 204 206 209 211 212 213 213 214 216 215 209 204 208 215 220 219 207 200 207 215 215 205 198 208 215 209 202 200 197 194 192 192 196 204 212 214 211 210 209 206 210 216 218 218 220 223 225 226 225
196 197 197 196 196 195 195 195 196 195 195 195 195 195 195 195 194 194 193 193 193 192 190 188 188 187 186 184 182 183 189 195 199 203 202 192 182 189 197 199 202 204 206 209 210 211 213 214 214 215 216 216 218 218 217 214 210 210 216 221 219 207 195 200 212 216 213 204 204 208 206 204 204 201 196 193 191 193 201 210 213 211 211 212 207 206 212 214 213 215 217 218 220 221
196 196 196 196 196 195 195 195 195 195 195 194 194 195 195 194 194 194 193 193 192 191 190 188 187 187 186 185 184 185 188 192 195 197 199 197 191 193 200 204 207 211 213 213 213 214 213 213 213 213 214 215 216 215 213 212 212 214 218 225 224 213 196 195 207 215 215 209 202 204 208 211 210 206 201 195 193 198 206 212 213 212 213 217 216 207 208 212 210 209 211 213 216 221
196 196 195 195 196 196 195 195 195 195 195 194 194 195 194 194 194 194 193 193 192 192 191 189 188 186 185 185 187 186 184 185 189 194 200 202 199 200 207 212 214 215 214 212 212 212 210 209 211 212 212 211 210 209 208 208 210 213 216 222 225 217 200 192 200 211 215 212 206 206 212 218 218 210 201 196 196 202 211 214 213 214 216 220 222 214 203 207 208 205 206 210 216 221
196 195 195 195 196 196 195 195 195 195 195 194 194 194 194 194 194 193 193 193 192 192 191 190 188 186 185 185 185 182 180 182 187 195 203 204 205 209 215 216 214 213 212 210 210 210 208 207 209 211 210 207 206 208 208 206 207 210 212 216 220 216 204 193 195 208 216 217 213 210 213 216 213 203 199 200 197 197 207 213 210 211 215 218 221 217 201 199 206 205 205 210 215 219
195 195 195 195 196 196 196 195 195 194 194 194 194 194 194 194 193 193 193 193 192 192 191 190 188 186 184 182 179 179 180 183 189 196 202 205 209 215 216 213 211 209 207 206 207 206 204 203 204 206 205 202 201 205 207 202 201 204 206 209 211 211 206 198 196 206 219 223 218 212 209 205 202 200 200 202 195 189 202 212 208 206 210 214 219 218 206 196 200 205 206 210 217 221
195 195 195 196 196 196 196 195 194 194 194 194 194 194 194 194 193 193 193 193 192 192 191 190 189 187 183 179 177 180 183 185 188 195 202 206 207 210 211 211 210 208 205 202 202 204 203 200 199 202 204 200 196 198 200 197 193 196 200 202 204 208 210 207 201 205 220 225 219 210 204 202 204 204 203 201 193 183 193 207 208 207 210 214 220 220 210 197 196 202 206 211 220 225
196 195 195 196 196 196 195 195 194 194 194 194 194 194 194 194 193 193 193 193 192 192 191 191 190 187 184 180 179 183 185 185 187 194 202 205 204 205 207 208 207 205 202 199 199 201 201 198 196 200 204 199 189 189 195 196 193 193 199 203 206 210 215 215 207 205 218 222 214 206 203 207 212 206 201 198 191 182 187 202 207 207 210 214 219 219 210 199 196 201 204 212 223 228
196 196 195 195 196 195 194 194 194 194 194 194 194 194 194 194 194 193 193 193 192 192 192 191 190 188 186 184 182 184 186 187 188 193 199 201 202 203 203 202 201 199 199 199 197 195 195 195 194 197 200 197 189 187 195 200 199 199 205 212 214 213 215 215 211 207 213 215 208 204 207 211 210 199 194 195 190 184 187 200 207 207 208 211 213 211 205 201 201 202 204 213 223 228
