windninja/windninja_output/Output_2025-08-09_0800-0850_Google earth_Fire_150m_10min/merlingen_7.5mi_point_08-09-2025_0840_150m_vel.asc
ncols	158
nrows	163
xllcorner	391686.332397
yllcorner	5160024.123721
cellsize	150.000000
NODATA_value	-32768.000000
[rows 76 to 113 of 163, columns 0 to 83 of 158]
1.33 1.08 0.68 0.42 0.28 0.26 0.32 0.38 0.44 0.50 0.57 0.62 0.66 0.71 0.75 0.79 0.82 0.85 0.88 0.90 0.91 0.91 0.92 0.94 0.95 0.93 0.91 0.94 1.00 1.07 1.12 1.10 1.06 1.00 0.95 0.93 0.93 0.94 0.95 0.95 0.95 0.95 0.95 0.94 0.94 0.94 0.94 0.93 0.93 0.93 0.93 0.93 0.93 0.92 0.92 0.92 0.91 0.91 0.90 0.89 0.89 0.88 0.87 0.86 0.85 0.84 0.83 0.82 0.80 0.79 0.78 0.77 0.75 0.73 0.72 0.73 0.76 0.79 0.89 1.04 1.12 0.98 0.70 0.60
1.59 1.27 0.79 0.46 0.20 0.15 0.22 0.30 0.40 0.50 0.59 0.65 0.69 0.72 0.75 0.78 0.81 0.84 0.86 0.88 0.90 0.91 0.93 0.95 0.95 0.92 0.89 0.89 0.91 0.94 1.00 1.02 1.00 1.00 1.01 0.99 0.98 0.96 0.94 0.94 0.94 0.94 0.94 0.94 0.93 0.93 0.93 0.92 0.92 0.92 0.92 0.93 0.93 0.93 0.93 0.92 0.92 0.92 0.91 0.91 0.90 0.89 0.89 0.88 0.87 0.86 0.85 0.84 0.84 0.83 0.81 0.80 0.79 0.77 0.76 0.74 0.73 0.75 0.85 0.96 0.91 0.66 0.53 0.59
1.93 1.48 0.92 0.61 0.25 0.05 0.24 0.39 0.52 0.61 0.67 0.70 0.72 0.75 0.77 0.79 0.81 0.83 0.85 0.87 0.88 0.90 0.92 0.93 0.94 0.95 0.94 0.92 0.90 0.90 0.95 1.03 1.10 1.13 1.14 1.11 1.06 1.00 0.95 0.91 0.91 0.92 0.92 0.91 0.91 0.91 0.91 0.90 0.91 0.91 0.91 0.92 0.92 0.93 0.93 0.93 0.93 0.92 0.92 0.91 0.91 0.90 0.90 0.89 0.89 0.88 0.87 0.87 0.86 0.85 0.84 0.83 0.82 0.81 0.79 0.77 0.75 0.76 0.81 0.82 0.70 0.54 0.58 0.67
2.28 1.77 1.08 0.94 0.45 0.22 0.46 0.63 0.74 0.79 0.77 0.76 0.78 0.79 0.81 0.82 0.83 0.84 0.85 0.85 0.86 0.88 0.89 0.90 0.92 0.97 1.02 1.02 0.99 0.97 0.99 1.06 1.13 1.15 1.13 1.13 1.12 1.06 0.98 0.92 0.88 0.87 0.86 0.87 0.87 0.87 0.86 0.86 0.87 0.88 0.89 0.91 0.92 0.93 0.93 0.93 0.93 0.93 0.93 0.92 0.92 0.92 0.91 0.91 0.90 0.89 0.89 0.88 0.87 0.86 0.86 0.85 0.84 0.83 0.82 0.81 0.79 0.78 0.78 0.73 0.62 0.60 0.71 0.87
2.37 1.96 1.44 1.24 1.26 1.47 1.30 1.17 1.11 0.99 0.88 0.84 0.83 0.83 0.83 0.83 0.83 0.83 0.82 0.83 0.85 0.86 0.88 0.89 0.92 0.96 1.01 1.04 1.04 1.02 1.03 1.07 1.13 1.20 1.21 1.17 1.13 1.11 1.08 1.01 0.91 0.84 0.81 0.81 0.80 0.80 0.80 0.79 0.79 0.82 0.86 0.89 0.91 0.93 0.93 0.94 0.94 0.93 0.93 0.93 0.93 0.92 0.92 0.92 0.91 0.91 0.90 0.89 0.89 0.88 0.87 0.87 0.86 0.86 0.85 0.84 0.82 0.80 0.77 0.71 0.68 0.75 0.86 0.95
2.23 1.72 1.12 1.24 1.64 1.86 1.93 1.77 1.50 1.24 1.05 0.94 0.88 0.85 0.83 0.81 0.80 0.79 0.80 0.81 0.83 0.85 0.87 0.90 0.91 0.92 0.95 0.99 1.02 1.05 1.06 1.09 1.13 1.19 1.24 1.24 1.19 1.15 1.14 1.11 1.04 0.94 0.86 0.77 0.71 0.67 0.65 0.64 0.65 0.70 0.77 0.85 0.90 0.93 0.94 0.94 0.94 0.94 0.94 0.94 0.93 0.93 0.93 0.92 0.92 0.92 0.91 0.91 0.90 0.90 0.89 0.89 0.88 0.88 0.87 0.86 0.85 0.83 0.81 0.79 0.80 0.87 0.91 0.91
2.09 1.42 1.00 1.53 1.74 1.66 1.72 1.73 1.56 1.33 1.12 0.98 0.90 0.85 0.82 0.78 0.76 0.75 0.76 0.77 0.79 0.82 0.86 0.88 0.90 0.92 0.94 0.98 1.01 1.03 1.03 1.00 0.96 0.95 1.00 1.10 1.17 1.16 1.13 1.13 1.14 1.11 1.04 0.98 0.92 0.87 0.84 0.85 0.88 0.88 0.86 0.86 0.88 0.91 0.94 0.95 0.94 0.94 0.94 0.94 0.94 0.94 0.93 0.93 0.93 0.93 0.92 0.92 0.91 0.91 0.91 0.90 0.90 0.89 0.89 0.88 0.87 0.86 0.85 0.85 0.85 0.86 0.91 0.96
1.68 1.66 1.86 1.87 1.66 1.41 1.37 1.37 1.28 1.11 0.96 0.88 0.83 0.78 0.74 0.72 0.70 0.70 0.70 0.72 0.75 0.79 0.82 0.85 0.90 0.97 1.01 1.02 1.02 1.01 0.99 0.95 0.90 0.85 0.82 0.85 0.93 1.02 1.06 1.08 1.09 1.13 1.18 1.24 1.28 1.30 1.32 1.34 1.35 1.33 1.26 1.12 1.01 0.98 0.96 0.95 0.94 0.94 0.94 0.94 0.94 0.94 0.94 0.94 0.94 0.93 0.93 0.93 0.92 0.92 0.92 0.91 0.91 0.90 0.90 0.90 0.89 0.89 0.87 0.86 0.83 0.83 0.92 1.11
1.48 1.65 1.70 1.48 1.35 1.23 1.11 0.97 0.88 0.82 0.79 0.78 0.76 0.73 0.69 0.66 0.66 0.66 0.66 0.69 0.72 0.76 0.79 0.84 0.91 0.98 1.02 1.01 1.00 1.01 1.01 1.00 0.96 0.91 0.84 0.79 0.79 0.84 0.89 0.95 1.00 1.06 1.11 1.14 1.16 1.18 1.20 1.21 1.22 1.23 1.26 1.24 1.16 1.06 0.97 0.94 0.94 0.93 0.93 0.94 0.94 0.94 0.94 0.94 0.94 0.94 0.94 0.93 0.93 0.93 0.92 0.92 0.92 0.92 0.91 0.91 0.91 0.91 0.90 0.90 0.89 0.91 0.99 1.19
1.05 0.98 0.97 0.94 0.98 0.95 0.84 0.73 0.70 0.69 0.72 0.74 0.73 0.73 0.72 0.69 0.66 0.65 0.64 0.65 0.66 0.68 0.73 0.82 0.90 0.92 0.91 0.92 0.94 0.98 0.99 0.99 1.00 1.00 0.98 0.94 0.90 0.84 0.81 0.84 0.93 0.99 1.00 0.98 0.95 0.94 0.93 0.92 0.89 0.89 0.92 0.97 0.99 0.97 0.94 0.92 0.92 0.92 0.92 0.93 0.93 0.94 0.94 0.94 0.94 0.94 0.94 0.94 0.94 0.93 0.93 0.93 0.93 0.92 0.92 0.92 0.93 0.93 0.94 0.96 0.99 1.05 1.14 1.31
0.82 0.70 0.71 0.69 0.75 0.79 0.74 0.69 0.70 0.72 0.74 0.74 0.72 0.71 0.71 0.69 0.65 0.60 0.57 0.56 0.56 0.59 0.64 0.76 0.88 0.93 0.93 0.93 0.95 0.94 0.93 0.95 0.99 1.06 1.14 1.18 1.16 1.09 0.99 0.91 0.88 0.91 0.95 0.96 0.95 0.93 0.91 0.87 0.82 0.79 0.77 0.78 0.82 0.86 0.88 0.88 0.89 0.89 0.90 0.91 0.92 0.93 0.94 0.94 0.95 0.94 0.94 0.94 0.94 0.94 0.94 0.93 0.93 0.93 0.93 0.93 0.94 0.95 0.96 0.99 1.04 1.15 1.31 1.49
0.76 0.65 0.58 0.60 0.68 0.79 0.82 0.84 0.88 0.86 0.76 0.70 0.70 0.70 0.69 0.67 0.63 0.59 0.56 0.55 0.57 0.59 0.72 0.95 1.10 1.11 1.08 1.06 1.01 0.96 0.93 0.92 0.93 0.97 1.04 1.14 1.23 1.28 1.27 1.18 1.05 0.95 0.94 0.95 0.96 0.95 0.91 0.88 0.83 0.77 0.72 0.72 0.74 0.77 0.79 0.80 0.81 0.84 0.87 0.89 0.91 0.93 0.94 0.94 0.95 0.95 0.95 0.94 0.94 0.94 0.94 0.94 0.94 0.93 0.94 0.94 0.94 0.95 0.96 0.98 1.04 1.14 1.29 1.45
1.14 0.86 0.67 0.78 0.89 1.04 1.14 1.13 1.04 0.91 0.77 0.73 0.76 0.77 0.77 0.74 0.68 0.64 0.63 0.67 0.74 0.87 1.26 1.55 1.49 1.29 1.16 1.09 1.03 0.99 0.96 0.93 0.91 0.87 0.85 0.87 0.96 1.09 1.20 1.24 1.21 1.12 1.03 0.99 1.00 1.01 0.98 0.93 0.89 0.86 0.81 0.77 0.75 0.77 0.79 0.79 0.78 0.78 0.80 0.84 0.89 0.93 0.94 0.95 0.95 0.95 0.95 0.94 0.94 0.94 0.94 0.94 0.94 0.93 0.94 0.94 0.94 0.94 0.95 0.97 1.01 1.06 1.12 1.21
1.43 1.24 1.10 1.08 1.07 1.11 1.18 1.19 1.11 1.01 0.92 0.90 0.89 0.85 0.79 0.75 0.72 0.71 0.75 0.89 1.11 1.54 1.91 1.84 1.50 1.26 1.13 1.06 1.01 0.99 0.98 0.96 0.94 0.91 0.85 0.80 0.79 0.82 0.90 0.99 1.05 1.07 1.04 1.00 0.98 0.99 1.00 0.98 0.95 0.93 0.93 0.92 0.92 0.93 0.94 0.93 0.87 0.78 0.74 0.81 0.89 0.93 0.95 0.95 0.95 0.95 0.94 0.94 0.94 0.94 0.94 0.93 0.93 0.93 0.93 0.93 0.93 0.94 0.94 0.96 0.97 0.98 0.98 0.98
1.40 1.35 1.24 1.08 0.97 0.95 1.02 1.14 1.24 1.28 1.23 1.11 0.99 0.89 0.80 0.75 0.79 0.85 0.93 1.20 1.74 2.14 2.07 1.65 1.34 1.20 1.11 1.04 1.00 0.97 0.95 0.95 0.94 0.93 0.91 0.88 0.83 0.80 0.84 0.91 0.94 0.94 0.94 0.92 0.91 0.90 0.93 0.96 0.97 0.94 0.94 0.99 1.03 1.05 1.05 1.01 0.94 0.89 0.90 0.95 0.96 0.96 0.95 0.95 0.95 0.94 0.94 0.94 0.94 0.94 0.93 0.93 0.93 0.93 0.93 0.93 0.93 0.93 0.93 0.94 0.94 0.93 0.92 0.89
1.32 1.36 1.42 1.41 1.34 1.20 1.18 1.34 1.53 1.59 1.52 1.37 1.21 1.11 1.07 1.07 1.07 1.08 1.12 1.57 2.18 2.23 1.75 1.45 1.26 1.15 1.06 1.00 0.96 0.93 0.91 0.90 0.89 0.89 0.90 0.91 0.91 0.89 0.88 0.93 0.98 0.98 0.92 0.87 0.84 0.83 0.84 0.86 0.89 0.91 0.92 0.94 0.98 1.03 1.05 1.07 1.12 1.23 1.30 1.24 1.10 1.00 0.96 0.95 0.94 0.94 0.93 0.93 0.93 0.93 0.93 0.93 0.92 0.92 0.92 0.92 0.92 0.92 0.92 0.91 0.91 0.90 0.90 0.91
1.32 1.48 1.79 2.01 2.12 2.13 2.22 2.44 2.54 2.46 2.08 1.71 1.50 1.36 1.27 1.25 1.34 1.51 1.84 2.32 2.33 1.80 1.34 1.20 1.10 1.03 0.97 0.93 0.90 0.88 0.86 0.85 0.85 0.86 0.88 0.91 0.93 0.92 0.89 0.88 0.93 0.99 0.96 0.87 0.80 0.77 0.75 0.74 0.75 0.76 0.79 0.84 0.90 0.94 1.00 1.14 1.30 1.38 1.35 1.26 1.15 1.04 0.97 0.94 0.93 0.93 0.93 0.92 0.92 0.92 0.92 0.92 0.92 0.91 0.91 0.91 0.91 0.90 0.90 0.89 0.88 0.87 0.86 0.86
1.34 1.53 1.88 2.15 2.41 2.65 2.89 3.13 3.23 3.16 3.00 2.80 2.63 2.61 2.52 2.37 2.39 2.61 2.70 2.52 2.15 1.42 1.12 1.02 0.98 0.94 0.92 0.89 0.86 0.83 0.80 0.77 0.77 0.82 0.87 0.89 0.90 0.90 0.89 0.88 0.89 0.95 1.01 0.95 0.84 0.74 0.69 0.69 0.71 0.73 0.74 0.82 0.90 0.92 0.93 0.99 1.04 1.01 0.97 0.99 1.01 0.99 0.95 0.93 0.92 0.92 0.91 0.92 0.92 0.91 0.91 0.91 0.91 0.91 0.90 0.90 0.89 0.89 0.88 0.87 0.86 0.84 0.82 0.79
1.45 1.54 1.74 1.91 2.08 2.21 2.33 2.44 2.50 2.75 3.05 3.26 3.39 3.43 3.43 3.23 3.08 2.97 2.53 1.93 1.70 1.43 1.17 1.01 0.92 0.88 0.87 0.86 0.84 0.80 0.73 0.70 0.75 0.81 0.85 0.85 0.86 0.86 0.88 0.90 0.92 0.97 1.08 1.14 1.05 0.93 0.84 0.80 0.82 0.89 0.99 1.06 1.01 0.94 0.89 0.84 0.77 0.72 0.74 0.80 0.86 0.89 0.90 0.90 0.90 0.90 0.90 0.90 0.90 0.90 0.90 0.90 0.90 0.90 0.89 0.89 0.88 0.88 0.87 0.86 0.84 0.83 0.80 0.76
1.61 1.54 1.59 1.69 1.71 1.67 1.58 1.52 1.55 1.77 1.96 2.13 2.13 1.82 1.84 1.84 2.05 1.85 1.71 1.46 1.41 1.28 1.07 0.87 0.77 0.77 0.80 0.81 0.82 0.81 0.82 0.87 0.91 0.88 0.83 0.80 0.81 0.83 0.86 0.88 0.90 0.96 1.05 1.21 1.31 1.32 1.25 1.18 1.18 1.28 1.38 1.32 1.13 0.97 0.89 0.84 0.79 0.76 0.75 0.77 0.80 0.84 0.86 0.87 0.87 0.88 0.88 0.88 0.88 0.88 0.89 0.89 0.89 0.88 0.88 0.87 0.87 0.86 0.85 0.84 0.83 0.81 0.79 0.75
1.84 1.63 1.54 1.61 1.57 1.44 1.27 1.11 0.96 0.83 0.73 0.84 0.86 0.83 0.82 0.88 1.00 1.13 1.25 1.14 1.02 1.03 0.91 0.68 0.57 0.62 0.71 0.76 0.80 0.88 0.98 1.01 0.95 0.84 0.77 0.75 0.77 0.80 0.82 0.84 0.86 0.89 0.95 1.08 1.27 1.44 1.54 1.58 1.59 1.56 1.43 1.25 1.10 0.98 0.90 0.84 0.79 0.75 0.72 0.72 0.76 0.79 0.81 0.82 0.84 0.85 0.86 0.86 0.87 0.87 0.88 0.88 0.87 0.87 0.86 0.86 0.86 0.85 0.84 0.83 0.82 0.80 0.78 0.75
2.24 1.87 1.49 1.37 1.23 1.15 1.08 0.94 0.72 0.52 0.40 0.35 0.42 0.62 0.65 0.73 0.80 0.96 1.15 1.06 0.96 0.97 0.85 0.53 0.48 0.61 0.70 0.74 0.77 0.80 0.79 0.76 0.74 0.72 0.70 0.69 0.69 0.72 0.77 0.81 0.84 0.87 0.89 0.94 1.04 1.17 1.30 1.38 1.35 1.20 1.06 1.02 1.00 0.95 0.91 0.85 0.77 0.71 0.69 0.68 0.68 0.70 0.74 0.78 0.81 0.82 0.83 0.84 0.86 0.86 0.86 0.86 0.85 0.85 0.85 0.85 0.84 0.84 0.83 0.82 0.81 0.79 0.77 0.75
2.57 1.97 1.15 0.78 0.66 0.72 0.77 0.74 0.63 0.46 0.26 0.17 0.22 0.34 0.45 0.52 0.63 0.79 0.88 1.00 1.02 0.96 0.84 0.71 0.84 0.85 0.77 0.70 0.67 0.62 0.56 0.54 0.58 0.63 0.64 0.63 0.63 0.66 0.70 0.76 0.82 0.86 0.88 0.89 0.88 0.87 0.90 0.92 0.89 0.84 0.85 0.91 0.95 0.93 0.90 0.87 0.83 0.78 0.74 0.71 0.67 0.65 0.67 0.71 0.74 0.78 0.81 0.83 0.84 0.84 0.84 0.83 0.83 0.83 0.83 0.83 0.82 0.82 0.81 0.81 0.80 0.78 0.77 0.75
2.63 1.82 0.82 0.46 0.27 0.21 0.22 0.31 0.34 0.31 0.28 0.24 0.26 0.33 0.44 0.58 0.70 0.74 0.74 0.79 0.90 1.04 1.18 1.25 1.18 0.94 0.74 0.62 0.56 0.51 0.49 0.48 0.49 0.53 0.58 0.64 0.67 0.68 0.70 0.74 0.79 0.83 0.87 0.89 0.90 0.92 0.92 0.90 0.89 0.90 0.92 0.95 0.98 0.99 0.96 0.92 0.90 0.86 0.81 0.77 0.75 0.73 0.70 0.69 0.69 0.72 0.76 0.79 0.80 0.80 0.81 0.81 0.81 0.81 0.81 0.81 0.81 0.80 0.80 0.79 0.78 0.77 0.76 0.75
2.16 1.52 0.72 0.40 0.19 0.05 0.08 0.18 0.25 0.29 0.31 0.30 0.31 0.37 0.48 0.62 0.74 0.73 0.62 0.61 0.83 1.09 1.18 1.07 0.90 0.77 0.63 0.54 0.48 0.43 0.39 0.36 0.37 0.41 0.49 0.58 0.66 0.70 0.73 0.76 0.78 0.81 0.85 0.89 0.94 0.97 0.97 0.95 0.95 0.99 1.01 1.02 1.04 1.07 1.08 1.04 0.98 0.93 0.89 0.85 0.85 0.86 0.84 0.79 0.75 0.73 0.72 0.74 0.76 0.77 0.78 0.78 0.78 0.78 0.78 0.78 0.78 0.78 0.78 0.77 0.77 0.76 0.75 0.74
1.61 1.20 0.64 0.34 0.12 0.05 0.12 0.18 0.24 0.28 0.30 0.32 0.33 0.39 0.47 0.55 0.69 0.74 0.70 0.83 0.93 0.94 0.83 0.78 0.70 0.62 0.53 0.45 0.38 0.33 0.28 0.26 0.28 0.32 0.39 0.47 0.54 0.63 0.71 0.77 0.79 0.81 0.84 0.87 0.90 0.90 0.91 0.94 0.97 1.02 1.07 1.08 1.07 1.06 1.07 1.08 1.07 1.06 1.01 0.94 0.89 0.88 0.89 0.89 0.86 0.81 0.78 0.74 0.72 0.71 0.71 0.71 0.73 0.74 0.75 0.75 0.75 0.75 0.76 0.75 0.75 0.75 0.75 0.74
1.22 0.95 0.54 0.28 0.12 0.11 0.15 0.19 0.22 0.26 0.30 0.32 0.34 0.42 0.61 0.83 0.97 1.07 1.13 1.11 0.98 0.73 0.71 0.73 0.66 0.57 0.47 0.36 0.28 0.24 0.22 0.24 0.26 0.30 0.36 0.43 0.50 0.59 0.67 0.72 0.75 0.79 0.82 0.85 0.89 0.95 1.02 1.07 1.08 1.08 1.08 1.10 1.11 1.11 1.10 1.09 1.12 1.13 1.12 1.08 1.01 0.97 0.95 0.94 0.91 0.88 0.83 0.76 0.69 0.64 0.62 0.64 0.67 0.69 0.70 0.70 0.71 0.72 0.73 0.73 0.73 0.73 0.73 0.73
1.00 0.82 0.52 0.34 0.24 0.22 0.23 0.24 0.24 0.26 0.29 0.31 0.32 0.40 0.56 0.74 0.90 0.98 1.00 0.96 0.84 0.73 0.73 0.71 0.65 0.58 0.50 0.37 0.26 0.23 0.24 0.27 0.30 0.34 0.40 0.46 0.52 0.58 0.62 0.65 0.69 0.74 0.78 0.83 0.89 0.94 1.01 1.06 1.09 1.08 1.08 1.09 1.12 1.17 1.21 1.21 1.18 1.15 1.15 1.17 1.16 1.12 1.06 1.01 0.98 0.93 0.86 0.79 0.73 0.68 0.64 0.62 0.60 0.60 0.62 0.63 0.65 0.66 0.68 0.69 0.70 0.71 0.71 0.72
0.96 0.83 0.60 0.45 0.35 0.29 0.28 0.28 0.27 0.26 0.26 0.26 0.25 0.25 0.26 0.30 0.44 0.54 0.52 0.57 0.71 0.76 0.77 0.74 0.69 0.64 0.59 0.49 0.36 0.29 0.28 0.30 0.34 0.38 0.42 0.47 0.53 0.58 0.61 0.65 0.68 0.73 0.77 0.82 0.87 0.89 0.91 0.95 1.01 1.06 1.10 1.13 1.14 1.14 1.17 1.21 1.22 1.20 1.17 1.15 1.14 1.11 1.07 1.05 1.03 0.99 0.94 0.89 0.85 0.82 0.77 0.68 0.56 0.49 0.47 0.49 0.54 0.58 0.62 0.64 0.66 0.68 0.69 0.70
0.98 0.86 0.67 0.54 0.44 0.36 0.33 0.31 0.31 0.29 0.25 0.22 0.15 0.12 0.11 0.13 0.18 0.27 0.37 0.49 0.60 0.67 0.73 0.76 0.76 0.73 0.70 0.64 0.51 0.41 0.35 0.34 0.38 0.40 0.42 0.50 0.60 0.67 0.72 0.74 0.76 0.76 0.79 0.84 0.87 0.89 0.91 0.94 1.00 1.10 1.18 1.23 1.24 1.21 1.15 1.14 1.18 1.21 1.21 1.17 1.12 1.08 1.05 1.02 1.00 0.99 0.98 0.96 0.93 0.90 0.86 0.81 0.71 0.56 0.49 0.49 0.51 0.52 0.51 0.54 0.59 0.64 0.67 0.68
1.09 0.97 0.78 0.69 0.60 0.52 0.44 0.39 0.38 0.36 0.35 0.34 0.30 0.27 0.22 0.18 0.20 0.27 0.37 0.45 0.53 0.59 0.64 0.74 0.82 0.82 0.80 0.77 0.68 0.57 0.50 0.48 0.46 0.44 0.48 0.62 0.74 0.79 0.80 0.81 0.80 0.79 0.83 0.87 0.88 0.91 0.93 0.95 1.00 1.08 1.19 1.26 1.31 1.32 1.29 1.21 1.16 1.16 1.18 1.17 1.14 1.11 1.09 1.06 1.03 1.01 0.99 0.96 0.95 0.94 0.90 0.87 0.87 0.84 0.78 0.72 0.65 0.57 0.52 0.53 0.58 0.62 0.64 0.65
1.23 1.12 0.94 0.83 0.74 0.68 0.61 0.58 0.62 0.70 0.75 0.75 0.68 0.56 0.42 0.31 0.28 0.32 0.38 0.43 0.51 0.58 0.59 0.68 0.84 0.91 0.90 0.91 0.88 0.76 0.68 0.63 0.58 0.55 0.66 0.82 0.89 0.83 0.80 0.83 0.84 0.85 0.90 0.93 0.94 0.97 0.98 1.00 1.02 1.05 1.08 1.13 1.20 1.28 1.33 1.32 1.25 1.18 1.16 1.17 1.16 1.13 1.11 1.11 1.10 1.06 1.02 0.98 0.95 0.95 0.95 0.91 0.90 0.92 0.90 0.83 0.76 0.73 0.73 0.71 0.66 0.61 0.60 0.62
1.31 1.23 1.09 0.98 0.93 0.96 1.03 1.05 1.07 1.04 0.97 0.84 0.71 0.63 0.55 0.47 0.42 0.43 0.46 0.47 0.52 0.60 0.62 0.64 0.76 0.91 0.97 1.00 1.01 0.95 0.84 0.76 0.71 0.73 0.88 0.98 0.92 0.86 0.89 0.95 0.93 0.91 0.96 1.00 1.01 1.02 1.04 1.06 1.07 1.07 1.07 1.08 1.11 1.16 1.24 1.31 1.32 1.28 1.24 1.24 1.25 1.20 1.14 1.11 1.08 1.05 1.04 1.02 0.97 0.95 0.97 0.97 0.92 0.91 0.92 0.91 0.88 0.84 0.80 0.76 0.71 0.64 0.60 0.59
1.37 1.28 1.18 1.17 1.20 1.24 1.24 1.19 1.05 0.89 0.81 0.77 0.70 0.65 0.63 0.58 0.56 0.60 0.65 0.66 0.63 0.62 0.63 0.62 0.67 0.83 0.96 1.00 1.01 1.00 0.99 0.96 0.91 0.90 0.95 0.96 0.91 0.96 1.11 1.08 0.91 0.89 1.01 1.04 1.03 1.06 1.09 1.08 1.06 1.08 1.13 1.17 1.19 1.17 1.17 1.23 1.30 1.33 1.32 1.32 1.34 1.34 1.26 1.15 1.07 1.01 0.98 1.00 1.00 0.96 0.95 0.97 0.99 0.98 0.97 0.97 0.95 0.89 0.79 0.73 0.70 0.68 0.63 0.59
1.45 1.36 1.26 1.21 1.13 1.03 0.91 0.84 0.79 0.75 0.75 0.75 0.72 0.69 0.69 0.67 0.66 0.71 0.81 0.87 0.82 0.69 0.63 0.63 0.66 0.75 0.90 1.06 1.16 1.16 1.11 1.09 1.08 1.02 0.99 1.00 1.05 1.20 1.24 1.10 0.95 1.00 1.06 1.02 1.03 1.10 1.11 1.08 1.07 1.10 1.14 1.18 1.22 1.23 1.21 1.22 1.27 1.31 1.31 1.29 1.31 1.34 1.32 1.23 1.14 1.05 0.97 0.95 0.97 0.98 0.99 1.04 1.08 1.06 1.00 0.95 0.91 0.87 0.81 0.75 0.70 0.67 0.64 0.59
1.45 1.38 1.23 1.10 0.97 0.84 0.77 0.74 0.75 0.75 0.76 0.75 0.70 0.70 0.77 0.78 0.77 0.80 0.89 0.99 1.04 0.92 0.70 0.69 0.72 0.75 0.88 1.10 1.30 1.40 1.30 1.14 1.12 1.14 1.23 1.31 1.38 1.41 1.30 1.15 1.17 1.20 1.14 1.07 1.10 1.12 1.07 1.05 1.07 1.11 1.13 1.14 1.15 1.20 1.24 1.26 1.27 1.29 1.29 1.25 1.23 1.26 1.30 1.31 1.28 1.24 1.15 1.01 0.94 0.96 1.01 1.04 1.05 1.04 1.01 0.96 0.91 0.87 0.82 0.76 0.71 0.68 0.65 0.61
1.41 1.31 1.15 1.05 0.96 0.89 0.87 0.86 0.84 0.82 0.85 0.89 0.84 0.82 0.86 0.87 0.84 0.86 0.96 1.17 1.36 1.34 1.01 0.80 0.79 0.78 0.85 0.97 1.12 1.33 1.43 1.32 1.21 1.27 1.43 1.58 1.62 1.47 1.27 1.19 1.17 1.10 1.08 1.18 1.21 1.12 1.03 1.01 1.06 1.11 1.14 1.14 1.15 1.19 1.23 1.26 1.28 1.32 1.34 1.31 1.27 1.25 1.28 1.32 1.36 1.37 1.33 1.23 1.06 0.96 0.94 0.95 0.98 1.01 1.01 0.99 0.96 0.94 0.93 0.88 0.78 0.72 0.68 0.64
1.51 1.37 1.16 1.06 0.99 0.91 0.88 0.90 0.95 0.97 0.99 1.04 1.04 1.01 0.99 0.95 0.91 0.98 1.19 1.42 1.59 1.66 1.45 1.01 0.85 0.85 0.90 0.93 0.95 1.07 1.32 1.43 1.32 1.29 1.38 1.41 1.39 1.29 1.18 1.10 1.00 0.96 1.10 1.25 1.25 1.12 1.05 1.08 1.10 1.13 1.14 1.13 1.17 1.22 1.25 1.26 1.29 1.32 1.37 1.38 1.35 1.32 1.32 1.32 1.34 1.39 1.42 1.41 1.34 1.21 1.11 1.07 1.06 1.07 1.07 1.04 1.00 0.99 1.00 0.99 0.92 0.80 0.69 0.61
