windninja/windninja_output/Output_2025-08-09_0800-0850_Google earth_Fire_150m_10min/merlingen_7.5mi_point_08-09-2025_0850_150m_ang.asc
ncols	158
nrows	163
xllcorner	391686.332397
yllcorner	5160024.123721
cellsize	150.000000
NODATA_value	-32768.000000
[rows 84 to 125 of 163, columns 0 to 93 of 158]
215 208 207 217 221 221 219 219 220 216 210 205 205 207 209 208 207 207 204 201 198 196 196 196 191 190 195 198 199 201 201 202 203 206 209 211 212 211 209 207 204 201 199 198 198 198 197 196 196 197 197 196 194 193 194 196 196 196 196 196 196 195 195 195 194 194 194 194 193 192 192 191 190 189 188 187 185 183 181 178 177 179 186 188 183 177 175 176 177 178 180 184 187 190
211 218 226 230 232 232 230 228 226 220 211 207 206 207 208 209 208 208 206 203 199 195 193 191 188 187 193 198 199 200 201 202 202 204 207 208 209 211 210 207 203 201 200 201 202 202 202 202 201 200 200 201 201 199 196 196 197 196 196 196 195 195 195 195 194 194 194 193 193 192 192 191 190 189 188 187 185 183 181 178 176 176 181 182 178 175 176 179 179 179 181 184 188 191
221 229 237 239 242 240 234 228 223 216 210 207 206 206 208 210 209 211 211 208 204 198 190 183 180 183 190 195 198 199 200 201 200 200 201 203 205 207 208 206 202 200 200 201 203 203 204 204 204 202 201 202 203 201 199 197 197 196 196 195 195 195 194 194 194 194 194 193 193 192 192 191 190 189 188 187 186 183 181 177 173 172 173 175 175 175 177 179 180 182 183 185 186 185
237 241 245 244 239 233 225 217 214 213 211 208 207 205 208 211 211 213 214 211 205 195 183 170 168 177 187 192 196 199 200 200 200 198 198 200 202 203 205 205 202 199 198 200 203 204 205 205 206 205 202 201 201 201 201 199 198 197 195 195 194 194 194 194 194 194 194 193 193 193 192 191 190 189 188 187 185 183 181 177 171 165 164 166 171 176 179 179 182 185 185 183 179 177
244 243 236 227 219 214 212 211 213 217 215 207 203 202 204 207 209 212 211 206 196 183 172 169 171 178 186 192 197 199 200 200 201 200 199 200 201 203 205 206 205 202 198 198 201 203 205 206 206 205 202 200 199 199 200 200 199 197 195 193 192 192 193 193 193 194 194 193 193 193 192 191 190 190 188 187 186 184 181 177 170 161 156 156 161 173 180 183 185 186 182 177 173 173
239 231 218 215 212 209 210 212 215 217 214 204 200 201 204 206 208 209 206 197 183 171 170 175 180 183 188 194 197 199 201 201 201 201 201 201 200 202 207 210 209 206 202 198 199 202 205 206 206 204 201 198 195 194 196 198 200 201 196 189 187 190 192 193 193 193 193 193 193 193 192 191 191 190 189 187 186 184 182 178 171 163 155 150 151 162 178 185 185 183 176 173 177 184
231 224 217 217 216 211 209 210 209 209 209 203 199 201 204 205 204 204 201 187 170 168 175 185 188 188 191 195 198 200 201 202 202 201 202 202 200 200 203 208 210 209 206 202 200 201 204 207 207 204 201 197 194 192 193 198 202 202 196 185 182 186 190 192 193 193 193 193 193 193 192 192 191 190 189 188 186 185 182 179 174 168 161 155 153 158 170 180 181 177 173 177 189 197
223 217 211 209 207 203 199 198 200 204 207 205 200 199 199 197 197 198 197 181 167 172 187 194 193 192 195 198 200 201 202 203 203 202 202 202 201 199 197 202 207 209 208 206 203 202 204 207 208 206 202 197 193 191 192 196 198 195 192 189 184 185 189 192 193 193 193 193 193 193 192 192 191 190 189 188 187 185 183 180 177 172 166 162 161 162 166 173 176 174 177 189 203 208
210 205 199 198 198 194 187 185 190 199 205 203 199 198 197 195 193 190 187 182 178 184 196 200 199 198 199 201 202 203 204 205 204 202 201 201 201 200 198 198 204 209 210 209 206 204 206 209 211 211 206 198 192 189 187 189 190 191 194 196 192 189 190 192 193 193 193 193 193 193 192 192 191 191 190 189 188 186 184 182 179 175 169 164 162 162 165 170 174 180 197 214 224 229
194 192 190 192 192 190 186 184 187 196 201 197 191 189 190 192 187 182 185 190 194 194 200 204 202 202 203 203 204 205 207 207 206 202 200 200 201 201 200 198 199 205 211 212 210 209 208 209 211 212 208 197 189 187 184 181 186 193 199 202 198 193 192 193 193 193 193 193 193 193 192 192 191 191 190 189 188 187 186 184 182 179 174 169 164 162 164 169 182 204 217 221 223 224
174 179 184 187 188 188 188 186 186 192 198 196 191 189 189 192 191 189 195 205 207 203 204 207 206 205 204 205 206 208 211 210 206 200 198 199 201 201 200 198 195 198 205 209 209 208 207 206 206 205 201 193 186 187 186 183 187 196 201 202 201 196 194 194 193 193 193 193 193 193 192 192 192 191 191 190 189 188 187 185 184 182 179 176 173 171 171 177 193 205 206 206 206 207
153 165 179 183 186 187 187 185 181 187 195 199 199 199 199 204 206 213 216 216 214 217 217 218 213 208 206 206 207 208 209 206 203 199 198 199 201 200 199 197 193 192 197 204 205 204 202 200 198 195 194 195 192 190 191 189 189 193 196 199 199 197 195 194 193 193 194 194 193 193 192 192 192 192 191 190 190 189 188 187 185 184 183 181 180 180 181 185 190 195 197 198 199 200
136 151 173 180 186 190 191 186 180 184 203 213 217 219 223 230 231 236 232 220 226 234 236 234 222 210 207 206 205 204 203 203 204 204 201 200 200 200 199 197 193 188 191 197 200 199 198 196 193 193 197 202 201 196 195 194 192 194 195 197 198 196 195 194 193 193 193 193 193 193 193 193 192 192 191 191 190 189 189 188 187 186 185 185 184 184 185 187 189 192 193 194 196 196
128 140 164 177 191 199 200 197 193 195 211 226 235 231 235 239 243 244 237 228 235 243 247 244 222 204 202 204 205 203 206 210 213 211 206 203 202 200 197 196 193 188 187 191 195 196 197 197 197 201 207 209 207 201 198 198 197 196 196 196 196 196 194 193 193 193 192 192 193 193 193 193 193 192 192 191 191 190 189 189 188 187 187 187 186 187 187 188 190 191 192 193 194 194
117 124 151 175 200 209 211 211 211 213 226 245 260 261 259 258 256 253 246 239 237 239 238 226 200 195 201 205 208 211 216 218 218 215 210 207 204 200 195 193 191 188 185 188 194 197 199 203 208 211 212 210 208 204 201 201 200 198 196 196 196 196 194 192 191 191 192 192 193 193 193 193 193 192 192 192 191 191 190 189 189 188 188 188 188 188 189 189 190 191 192 193 193 194
105 107 124 167 211 226 234 236 236 238 244 253 262 270 271 268 266 261 255 245 232 224 218 211 202 203 209 212 215 219 221 221 221 217 212 207 203 200 194 188 187 186 183 185 192 196 198 203 207 209 208 207 206 205 202 200 200 200 197 195 195 195 195 193 190 189 190 191 192 193 193 193 193 193 192 192 192 191 191 190 190 189 189 189 189 189 189 190 190 191 192 192 193 193
111 113 128 173 224 245 256 259 257 254 255 257 261 269 275 271 267 263 252 234 223 217 217 219 219 219 221 221 223 226 229 231 229 223 213 206 202 200 195 186 181 181 180 181 186 193 197 200 203 205 205 204 203 202 201 200 200 201 199 194 193 194 195 195 191 188 187 188 190 193 193 193 193 193 193 192 192 191 191 191 190 190 190 189 189 190 190 190 191 191 192 192 193 193
127 131 150 190 230 247 256 259 257 256 254 252 251 252 254 253 245 239 229 220 219 221 228 233 234 233 232 232 234 237 240 242 239 233 220 208 202 199 195 186 178 177 177 176 181 190 197 199 200 202 203 203 202 202 202 201 200 200 200 197 194 194 195 195 193 189 187 188 189 192 194 193 193 193 193 193 192 192 191 191 190 190 190 190 190 190 190 190 191 191 192 192 193 193
148 153 174 204 228 240 247 250 250 249 248 245 239 231 223 221 221 218 212 213 220 229 238 240 239 240 242 245 245 245 245 243 241 237 229 211 196 191 189 185 177 173 173 172 175 183 191 195 196 199 201 202 201 201 202 200 199 199 200 199 195 192 193 195 196 193 191 190 191 194 195 194 192 193 193 193 193 192 191 191 191 190 190 190 190 190 190 191 191 191 192 192 193 193
172 176 192 209 222 232 238 242 244 245 244 240 232 220 214 215 218 216 214 221 230 236 241 243 242 243 246 249 247 245 243 240 238 236 229 214 185 173 177 178 173 167 166 166 167 173 183 191 195 198 200 201 200 199 199 199 198 199 199 199 196 193 193 195 197 196 194 193 194 195 197 196 193 192 193 194 193 192 191 191 190 190 190 190 190 190 190 191 191 191 192 192 193 193
190 193 202 213 223 232 237 241 245 247 247 244 237 232 232 235 235 232 236 246 244 239 239 240 240 240 241 242 241 242 242 241 239 234 229 217 187 158 156 163 163 159 158 158 159 164 174 185 192 197 199 199 199 198 198 199 199 199 199 199 198 196 195 195 197 198 196 194 194 195 198 200 199 197 196 195 192 191 190 190 189 189 189 189 190 190 190 191 191 192 192 192 193 194
204 205 210 218 226 233 238 243 245 247 251 253 254 255 256 259 259 258 258 255 247 241 239 237 235 233 234 236 236 239 241 241 236 231 227 216 191 163 151 153 155 155 153 151 153 158 166 177 185 192 195 196 197 198 198 198 198 199 200 200 200 199 197 197 198 199 198 195 194 196 199 202 204 201 198 195 191 189 189 188 186 186 187 188 189 190 190 191 191 191 192 193 193 194
213 213 214 219 225 230 235 239 239 239 239 238 238 239 246 253 257 258 254 247 243 243 239 231 228 228 229 231 234 236 236 233 227 223 220 209 188 168 156 150 151 152 150 148 149 151 158 168 177 184 190 193 195 198 199 198 198 199 200 201 201 199 198 198 198 198 199 196 194 197 200 201 203 201 197 195 193 191 189 187 182 180 183 186 188 189 190 191 191 192 192 193 194 194
218 216 216 219 224 227 228 225 220 217 216 216 218 224 233 241 247 248 246 241 239 239 235 224 222 223 224 224 227 231 230 227 219 212 209 201 187 174 161 151 148 149 149 149 148 148 153 161 170 177 185 191 193 196 198 199 199 198 199 201 202 200 198 198 198 198 199 198 194 196 200 201 201 201 200 198 196 191 188 188 185 178 177 182 186 188 189 190 191 192 193 193 193 193
219 218 216 218 218 215 211 208 205 208 214 219 223 227 231 234 235 236 236 235 234 235 231 220 216 219 219 216 220 228 226 224 214 202 203 200 192 180 166 157 152 148 147 148 149 148 149 155 164 173 181 188 191 193 196 199 200 199 199 199 201 201 199 198 200 200 200 199 196 194 198 202 202 201 200 200 198 194 189 190 192 186 176 176 182 186 189 190 192 193 193 193 193 193
222 219 215 212 207 205 205 207 210 216 225 229 228 228 230 230 227 222 223 226 230 234 231 220 211 211 214 212 217 226 223 218 209 199 206 206 195 178 167 166 161 149 143 145 148 148 147 150 158 167 176 184 189 191 194 197 199 200 198 197 199 201 201 200 202 202 201 200 198 195 196 201 202 200 199 199 199 198 195 194 195 193 184 176 177 183 187 190 192 193 194 194 193 194
221 218 212 210 208 211 216 221 225 227 230 232 228 226 227 227 221 211 212 219 229 235 231 219 207 203 207 207 213 221 221 214 207 202 208 205 188 175 171 174 170 157 148 144 143 145 147 149 153 160 169 178 186 191 193 194 197 199 199 197 197 201 203 203 203 204 202 199 198 196 195 197 200 200 200 201 202 203 201 197 196 195 192 184 178 180 185 190 193 194 195 195 194 195
219 217 214 215 218 222 227 229 229 228 230 233 230 223 222 223 216 202 204 214 224 233 230 213 205 200 197 195 203 214 219 215 206 202 202 196 183 176 177 177 170 167 163 151 143 142 144 146 148 154 163 172 182 189 192 192 194 198 201 199 197 200 204 204 203 203 203 201 198 195 193 195 200 202 202 203 204 204 204 202 198 197 195 191 185 182 185 191 195 197 198 197 196 195
223 222 220 222 224 224 224 224 225 224 224 226 224 217 217 221 214 196 196 205 214 224 227 212 202 201 192 185 191 205 214 215 206 198 197 194 188 185 184 178 173 173 169 160 151 146 144 143 142 147 156 167 178 186 190 191 192 196 200 200 198 199 202 203 201 202 204 203 200 196 193 195 200 202 203 204 204 203 203 203 201 199 197 195 191 189 191 196 201 204 201 194 193 195
227 226 224 225 226 225 223 221 220 218 216 218 217 212 214 220 212 190 184 193 203 217 225 219 205 205 197 189 185 193 207 212 210 201 199 198 197 196 189 182 179 174 166 162 158 153 147 144 142 142 148 160 172 182 188 190 191 194 198 200 198 198 201 202 200 201 203 203 201 197 194 195 197 200 203 205 204 202 201 203 204 203 200 199 197 194 197 201 203 201 192 186 188 194
227 226 225 223 223 222 221 219 217 215 212 211 212 209 213 218 206 180 173 183 194 209 219 220 209 203 201 198 193 187 195 207 211 209 205 203 201 197 191 184 178 168 163 164 165 158 153 151 149 145 145 152 164 176 186 189 190 192 197 199 199 197 199 201 199 199 201 202 201 199 197 197 198 199 201 205 205 203 201 203 206 206 202 200 200 197 199 201 196 190 187 187 189 196
225 224 222 220 218 218 217 218 217 214 209 206 206 206 212 215 202 179 170 177 188 199 207 209 208 203 200 199 199 191 188 198 207 212 208 196 189 188 188 182 172 165 166 170 170 163 159 158 155 150 147 149 156 169 182 189 190 191 194 198 198 197 198 200 199 197 199 201 201 201 200 200 203 203 201 203 205 205 203 201 205 207 203 201 202 199 197 195 190 187 190 193 195 198
222 222 220 219 218 217 216 215 215 211 206 202 200 202 208 214 205 184 172 173 182 188 192 199 204 206 203 200 202 193 184 188 200 209 207 191 182 183 182 175 167 165 171 175 174 170 165 160 156 154 152 151 155 164 178 188 191 190 192 196 197 197 198 199 199 197 198 200 201 201 201 201 203 205 204 202 204 207 206 204 207 209 205 203 204 200 194 191 189 190 195 198 198 195
221 221 222 221 220 218 213 210 208 207 207 202 196 195 204 215 213 188 169 165 172 177 180 188 196 201 201 201 201 196 185 183 191 199 197 185 179 179 177 172 169 171 176 178 178 175 167 160 158 158 158 157 157 162 174 185 190 191 191 194 195 195 196 198 198 197 197 198 200 200 200 199 201 204 206 204 203 206 208 207 207 208 206 203 203 199 193 190 192 195 199 200 196 191
223 223 222 222 220 216 210 205 204 205 209 206 194 189 200 215 218 190 162 155 157 165 172 177 184 191 192 191 196 199 193 183 181 186 192 193 188 181 176 174 176 179 180 180 180 177 170 164 163 163 164 162 161 162 171 182 189 191 191 193 193 192 193 195 197 196 196 198 200 200 199 198 199 202 205 206 205 205 207 206 206 208 207 203 200 197 193 191 194 198 200 199 195 194
225 223 222 223 220 214 209 206 205 205 210 210 194 187 196 211 217 201 164 148 144 150 161 168 173 177 179 182 190 193 189 181 178 182 194 202 199 189 184 184 186 185 184 182 179 178 174 168 166 167 168 166 163 163 169 179 188 191 191 192 192 190 190 192 195 196 196 197 200 201 199 197 197 198 202 206 207 206 206 207 209 212 210 203 198 194 192 192 195 199 200 198 197 199
224 222 220 221 222 217 214 211 209 206 208 211 197 186 193 206 215 211 182 152 138 136 145 155 162 166 170 175 180 181 182 181 181 188 199 205 204 197 193 195 196 193 190 187 185 184 180 174 172 172 171 169 166 165 169 177 186 190 191 191 191 190 191 195 201 204 203 199 200 201 200 197 196 196 199 204 207 209 209 211 213 213 210 203 197 193 191 192 196 199 200 200 199 200
223 220 214 212 214 213 213 214 214 207 206 211 199 184 187 199 212 215 200 174 144 125 122 133 144 153 161 168 169 169 173 182 188 194 202 205 205 205 201 200 202 201 199 196 195 193 188 184 181 178 176 173 169 168 171 177 185 189 190 191 193 195 201 210 217 224 221 205 197 199 200 198 197 195 195 199 204 208 210 212 212 212 208 201 196 192 191 193 197 200 200 199 198 195
216 213 206 203 204 204 206 210 214 210 205 211 202 181 180 192 210 218 214 198 167 128 112 107 113 126 140 152 156 159 167 180 189 195 204 206 205 208 202 197 201 207 209 206 202 198 195 192 188 184 181 176 172 172 172 175 183 189 191 195 200 207 215 218 215 214 213 204 188 190 198 199 197 195 193 194 198 203 207 209 210 210 205 197 194 193 192 194 197 199 199 197 195 192
213 211 204 200 200 201 203 207 212 213 209 214 209 184 177 186 206 220 223 218 198 155 121 98 94 101 111 125 138 149 163 178 189 195 203 207 205 208 206 196 196 203 210 211 205 199 195 190 187 186 183 178 175 174 173 175 184 193 198 204 211 215 214 209 205 204 206 205 196 184 190 196 196 195 193 190 192 197 201 204 206 207 203 198 196 196 195 196 199 200 199 195 192 190
213 210 206 201 199 201 202 205 210 211 210 219 218 196 182 183 201 216 221 223 217 189 147 125 112 101 100 116 134 147 165 181 189 194 202 207 204 207 208 199 193 197 207 212 210 202 195 189 185 184 184 183 180 176 176 181 190 201 208 210 211 208 203 200 199 200 203 206 206 198 190 194 196 194 192 188 186 188 193 196 199 204 205 203 201 200 199 199 202 202 198 192 187 187
208 207 204 199 197 199 201 202 205 205 209 220 226 212 193 185 192 204 211 213 215 207 177 148 132 125 128 139 146 156 173 186 191 193 201 208 205 204 208 203 195 194 201 211 213 207 198 189 184 184 186 186 184 180 180 184 191 199 204 203 199 198 197 197 198 200 202 206 209 208 203 201 200 190 184 182 179 179 185 190 194 203 208 207 204 203 201 201 203 201 194 186 183 184
