windninja/windninja_output/Output_2025-08-09_0800-0850_Google earth_Fire_150m_10min/merlingen_7.5mi_point_08-09-2025_0820_150m_ang.asc
ncols	158
nrows	163
xllcorner	391686.332397
yllcorner	5160024.123721
cellsize	150.000000
NODATA_value	-32768.000000
[rows 0 to 41 of 163, columns 0 to 93 of 158]
150 146 143 143 144 146 148 146 144 144 146 145 139 125 114 114 117 120 124 132 141 145 144 144 144 145 145 141 140 143 143 141 139 137 136 137 139 136 133 134 134 135 137 137 137 140 141 142 144 148 151 153 154 156 157 155 152 149 148 149 150 151 150 149 149 149 149 149 150 150 151 151 151 149 148 149 150 148 145 146 148 147 144 142 142 139 137 135 133 132 130 129 130 129
153 149 144 144 143 145 147 145 141 141 143 147 147 140 131 128 130 133 135 138 144 147 147 146 146 146 147 145 142 142 143 142 141 141 139 139 142 142 141 142 141 141 142 143 144 146 147 147 147 147 149 150 151 153 154 154 152 151 150 150 150 151 150 150 150 150 150 150 150 151 152 152 152 151 150 151 152 150 148 149 150 150 146 145 144 142 142 141 139 137 134 133 133 133
157 152 148 147 144 145 147 145 142 142 146 154 158 154 146 141 142 144 144 144 147 150 150 149 148 149 150 149 146 144 143 143 143 143 143 144 146 148 148 149 148 148 148 148 149 151 152 153 153 151 149 150 150 151 152 153 152 152 152 152 153 152 152 152 152 152 151 150 150 151 153 154 153 152 152 153 155 153 151 153 156 154 150 150 149 148 151 151 150 149 145 142 144 145
155 152 151 150 147 149 151 149 148 150 154 161 162 157 150 144 144 146 146 147 149 150 151 151 150 152 154 154 153 152 150 148 146 145 146 147 148 148 149 150 151 151 151 150 151 152 153 155 157 156 155 155 156 155 154 153 152 152 152 153 154 154 154 153 153 153 152 151 150 152 155 154 153 152 152 153 154 153 152 155 159 158 155 154 152 151 155 156 157 158 158 154 153 154
151 150 152 153 150 151 151 148 149 152 158 164 163 157 148 143 143 144 146 147 148 147 150 152 151 153 156 158 159 159 158 156 152 150 150 150 150 150 150 151 153 153 153 153 153 154 155 156 157 158 158 158 157 156 155 154 152 152 152 152 153 154 154 154 154 154 153 151 150 153 155 154 152 152 153 152 150 150 152 157 159 157 155 156 153 151 154 155 156 159 162 162 161 160
148 148 150 153 152 151 149 147 147 152 159 162 162 155 146 142 141 142 144 145 144 144 146 150 149 150 153 157 159 160 160 158 156 156 156 154 153 153 153 153 154 153 153 153 154 154 155 156 156 158 159 159 157 155 154 153 153 152 152 153 153 155 155 155 155 155 154 152 151 155 157 155 152 153 156 156 153 150 153 159 160 154 152 154 154 153 153 151 149 153 157 159 162 163
148 147 147 149 150 150 148 147 149 153 157 159 160 153 144 141 142 143 145 146 144 142 143 146 146 147 149 151 154 157 157 155 155 157 158 157 155 155 154 155 155 153 152 151 152 152 153 154 155 158 159 159 158 157 154 153 152 152 152 153 154 157 158 157 156 156 155 152 152 157 160 158 155 157 158 158 157 156 158 162 159 155 153 154 154 153 152 150 146 145 146 149 154 158
149 148 146 145 145 146 145 147 150 152 155 157 158 154 145 142 144 145 147 148 147 145 145 145 145 146 147 148 151 153 152 151 152 154 155 154 154 154 154 154 153 152 151 151 150 150 152 153 155 157 158 157 158 158 155 153 152 152 152 153 155 158 160 160 159 158 155 153 154 157 158 157 158 160 160 158 157 159 164 164 156 153 155 156 157 157 156 154 150 145 141 141 144 148
149 148 147 145 143 142 142 145 149 150 152 154 155 153 147 144 145 146 147 148 147 146 148 149 148 149 149 148 150 151 148 147 150 151 149 148 149 151 151 151 150 149 149 149 149 149 151 151 153 157 157 155 157 157 154 152 153 153 153 153 154 155 157 159 160 158 155 154 156 158 157 154 156 159 160 158 157 161 167 163 153 151 154 157 159 159 161 160 158 157 155 153 151 152
149 148 147 146 145 144 143 145 148 149 150 151 152 151 146 144 145 146 147 149 148 148 149 151 152 151 151 150 151 151 147 146 149 148 146 146 147 148 149 148 148 148 148 148 147 148 150 150 152 155 155 154 155 154 151 150 151 151 151 151 151 150 151 153 154 153 153 153 157 159 157 153 154 157 159 159 157 160 165 161 156 155 155 154 153 155 158 158 159 163 164 162 158 158
149 148 147 147 147 147 147 147 148 149 149 150 150 150 145 143 143 144 146 147 148 149 150 152 154 155 155 153 152 150 146 145 147 145 144 145 147 148 148 148 149 148 148 148 146 145 147 148 148 150 149 149 150 148 145 143 143 143 142 143 142 141 142 144 143 144 146 149 156 158 156 154 155 158 161 161 159 157 158 157 158 159 159 155 150 151 152 150 154 161 164 160 157 159
149 149 147 147 148 147 147 148 148 149 149 149 150 150 146 141 142 143 144 144 145 147 149 152 154 156 158 155 150 147 144 143 143 142 141 142 145 146 147 147 148 147 147 149 147 145 145 144 142 140 137 136 135 132 128 127 127 127 126 125 120 118 123 128 130 131 134 140 150 153 153 154 156 160 164 165 163 160 157 155 157 160 162 160 155 154 153 149 151 160 161 154 153 157
149 148 148 148 148 148 147 147 148 148 148 149 150 150 145 139 138 140 142 142 143 144 146 149 152 155 157 153 148 145 143 142 142 141 141 141 141 143 144 146 147 146 148 150 148 147 146 142 132 126 123 119 114 108 106 108 110 111 108 99 96 100 106 111 113 115 118 127 140 146 149 152 155 158 161 162 162 161 160 160 159 159 160 159 157 158 156 152 155 162 160 154 153 156
149 148 148 148 148 148 148 148 147 148 148 148 150 151 146 138 134 136 139 140 141 142 142 144 148 153 154 151 148 146 143 141 140 141 142 142 142 142 143 145 144 142 142 140 137 136 141 144 137 129 124 120 114 105 101 101 102 103 103 105 110 116 118 118 114 110 109 115 126 136 143 147 150 154 156 156 156 156 158 160 158 156 156 155 156 158 156 153 156 160 156 151 151 151
149 149 148 148 147 147 147 148 147 147 148 148 150 152 149 141 136 136 136 136 137 139 140 142 146 149 152 151 149 148 144 140 139 141 143 143 143 142 140 138 133 127 119 113 115 119 127 138 144 144 140 138 135 129 126 123 124 127 133 133 134 136 138 139 137 130 126 122 122 128 137 142 145 149 152 152 149 149 151 151 150 150 151 151 153 155 152 151 155 155 148 139 136 136
149 149 148 148 147 147 147 147 147 147 147 148 149 151 150 144 140 140 139 137 136 139 142 144 146 147 150 151 150 149 146 145 146 146 143 140 135 132 128 122 115 115 119 125 132 136 137 138 140 144 149 153 152 150 150 152 152 152 151 144 141 143 145 150 150 145 142 138 134 133 134 133 136 142 148 149 148 148 148 145 145 146 145 145 148 148 145 145 148 149 142 132 129 129
149 149 148 148 148 147 147 147 146 146 146 147 147 148 147 142 140 142 142 141 140 142 144 146 146 147 150 151 151 150 147 146 147 145 136 127 121 119 122 127 132 138 141 143 146 147 147 149 146 143 148 154 155 154 155 158 159 160 157 149 145 145 148 153 152 148 146 145 144 144 139 130 126 133 142 146 149 150 148 145 145 146 143 141 140 136 133 128 128 138 145 145 144 143
149 149 148 148 148 147 147 147 147 146 146 146 146 146 144 139 137 139 141 142 142 142 143 144 144 145 148 149 148 147 145 144 145 143 137 134 134 137 140 143 145 146 144 145 148 148 149 152 152 148 147 150 153 154 155 156 158 160 159 152 148 148 152 155 152 149 148 148 149 148 146 141 134 133 138 143 148 148 144 141 141 141 139 137 134 129 128 131 133 137 142 147 150 150
149 149 148 148 148 147 147 147 146 146 146 146 145 145 143 139 136 136 137 139 140 141 141 141 141 142 144 145 144 142 141 144 147 148 145 143 143 143 144 143 144 145 145 146 147 147 147 149 150 149 147 147 149 152 154 155 156 157 157 153 150 150 154 155 152 149 148 149 150 148 149 151 147 142 140 138 138 136 130 125 125 126 130 138 143 146 149 148 144 142 143 146 148 150
149 148 148 148 148 147 147 146 146 146 146 145 145 144 143 140 137 135 136 138 140 141 142 142 142 143 144 145 144 143 145 149 151 147 142 140 141 143 145 146 148 149 149 150 150 148 148 149 149 147 146 147 148 150 152 154 155 156 155 153 150 150 151 151 149 147 147 149 151 150 153 156 154 152 151 147 141 131 123 123 128 131 138 145 149 151 153 152 148 145 148 151 149 148
149 149 148 148 148 147 147 146 146 146 146 145 145 144 143 141 140 139 139 141 142 143 144 144 145 145 145 146 146 147 151 155 154 150 148 147 147 149 152 152 153 153 152 151 150 148 148 150 150 147 147 148 148 148 148 150 152 154 155 154 153 150 149 149 148 147 148 150 150 153 158 160 157 154 154 157 158 155 150 145 143 145 147 149 150 151 152 153 148 147 152 156 153 150
149 149 148 148 147 147 147 146 146 146 146 145 144 144 144 143 143 142 142 143 144 144 145 145 146 146 147 147 148 150 154 158 156 152 152 152 152 153 154 154 155 154 153 151 149 147 147 150 151 150 149 150 150 149 148 148 148 151 154 156 155 151 149 150 148 148 150 150 152 156 162 163 159 152 152 158 162 163 161 157 154 153 152 151 152 152 154 153 149 150 156 162 160 155
148 148 148 148 147 147 147 146 146 146 146 145 145 145 144 144 144 144 144 145 145 146 146 147 148 148 149 150 150 151 155 158 154 150 149 148 149 151 153 153 154 154 153 150 148 148 150 152 152 152 150 150 150 150 150 149 148 149 153 156 155 150 148 150 149 150 152 153 156 162 166 164 159 153 153 158 161 162 161 162 163 163 159 156 155 153 155 154 151 153 159 167 165 157
148 148 148 147 147 147 146 146 146 145 145 146 146 145 145 145 145 145 145 146 146 147 148 149 150 150 151 151 150 149 152 153 149 147 146 144 144 146 149 151 152 152 152 151 149 150 153 154 153 152 150 150 150 150 151 151 150 150 154 155 153 149 146 146 148 151 155 156 161 167 167 163 155 152 156 161 162 157 156 160 165 167 166 163 159 154 152 150 150 153 161 170 166 157
148 148 148 147 147 147 146 146 145 145 145 145 145 145 146 146 145 145 145 146 147 148 149 150 151 153 154 153 147 146 149 148 146 145 145 145 146 146 146 149 151 152 153 151 150 153 156 155 153 151 149 150 150 151 152 153 152 153 155 153 150 146 144 145 148 151 154 159 166 167 163 156 151 152 160 167 163 153 152 157 162 166 169 170 165 157 151 147 146 151 163 173 167 158
148 148 147 147 146 147 146 146 145 145 145 145 145 145 145 146 146 146 146 146 147 148 149 151 153 156 160 157 149 147 147 146 145 145 147 149 150 147 146 148 150 151 151 149 149 155 157 155 154 152 151 150 148 148 150 153 156 157 156 151 146 143 144 148 154 157 159 166 170 166 155 148 149 155 165 172 165 152 149 153 157 162 168 171 169 164 159 155 150 152 163 172 168 162
148 148 147 147 146 146 146 145 145 145 145 145 145 145 145 145 146 146 146 147 147 148 150 152 155 160 164 159 153 151 150 146 142 142 144 148 151 148 147 149 151 150 149 147 151 158 160 157 155 155 155 153 149 148 148 154 161 163 159 152 145 141 143 151 160 165 169 174 173 163 151 147 150 157 167 174 168 156 150 150 152 156 163 166 166 166 167 165 158 156 162 167 166 165
148 148 147 147 146 146 146 145 144 145 145 145 145 145 145 145 145 146 147 147 148 149 151 153 157 163 165 160 157 158 156 150 145 143 142 144 147 146 147 150 151 149 149 150 154 159 161 160 158 157 158 157 155 152 151 159 168 166 158 152 145 141 142 150 160 167 175 177 170 157 149 149 154 160 169 173 167 159 154 151 148 152 156 157 158 162 169 169 164 162 163 162 160 162
148 148 147 146 146 146 145 144 145 145 145 145 145 145 145 145 146 146 147 148 148 150 151 154 158 163 164 160 160 164 163 157 153 150 147 148 149 148 148 153 154 152 153 153 156 160 161 161 160 159 160 159 158 156 156 164 169 163 155 149 145 145 150 156 162 168 176 174 161 151 149 153 160 165 171 170 162 156 155 153 149 149 151 150 150 155 164 165 163 165 166 162 157 156
148 147 147 146 146 145 145 144 145 145 145 145 145 145 145 146 146 147 147 147 148 150 151 154 157 160 159 158 160 165 165 163 161 155 153 156 157 153 151 155 156 156 158 158 158 161 162 161 160 161 164 162 160 160 162 168 168 160 151 145 143 148 157 163 166 168 172 167 154 147 148 156 165 170 173 169 161 156 154 152 149 148 147 145 146 152 157 157 158 164 168 164 157 152
148 147 147 146 145 145 144 145 145 145 145 145 145 145 145 145 146 147 147 147 148 150 152 154 157 157 156 155 158 161 161 160 159 155 155 160 161 155 152 154 156 157 160 160 161 163 161 158 156 159 164 162 161 162 166 172 169 156 146 141 141 149 159 166 165 162 164 159 147 142 145 154 164 168 170 168 164 162 158 154 152 151 147 145 148 153 155 155 156 161 166 165 158 148
147 147 147 146 145 144 145 145 145 145 145 145 144 145 145 145 146 146 147 147 148 150 152 154 155 156 155 156 160 163 159 155 153 151 153 161 161 153 150 154 155 156 158 158 160 161 156 152 150 153 156 156 158 161 166 175 170 155 144 138 142 156 166 168 160 157 159 156 145 140 146 153 156 160 165 167 167 165 161 158 158 158 153 148 147 148 149 150 152 155 159 162 159 147
147 147 147 146 144 144 145 145 144 145 145 145 145 145 145 146 146 146 146 147 148 150 152 153 154 154 156 158 164 166 160 155 152 148 149 158 158 149 148 152 154 155 156 155 156 156 151 147 148 149 149 150 153 156 164 171 166 157 147 140 144 160 171 169 160 155 156 154 147 145 151 155 155 160 165 167 167 166 162 160 163 165 158 151 148 145 143 146 150 152 153 155 154 148
147 147 146 145 143 144 145 144 144 144 144 144 144 145 145 146 146 147 147 147 148 149 151 152 153 154 155 158 162 160 155 152 152 149 148 154 154 148 148 152 153 155 156 154 153 151 147 146 148 147 147 148 148 151 158 161 158 154 151 147 149 160 169 168 161 158 155 150 146 148 155 158 159 163 166 166 165 164 163 165 170 171 164 156 153 153 152 152 155 157 157 155 150 146
147 147 146 144 143 144 145 145 144 144 144 144 144 144 145 146 146 146 147 148 148 149 150 151 152 154 156 157 158 154 149 147 150 150 149 153 155 151 151 155 156 156 155 152 150 146 144 145 146 145 145 146 146 147 150 151 149 148 148 150 154 162 167 166 162 160 156 149 144 146 155 161 163 166 166 164 162 159 159 165 174 175 170 163 158 158 159 158 159 161 161 158 153 148
146 146 146 144 144 145 145 145 144 144 144 144 144 144 145 145 146 146 147 147 148 148 149 149 150 152 155 157 157 152 146 146 148 148 149 155 159 155 153 156 157 157 154 151 148 145 146 147 147 147 148 149 149 151 150 149 148 146 145 145 150 159 164 163 161 161 158 151 145 145 153 161 164 166 163 161 160 155 152 157 167 173 173 169 163 159 159 161 163 162 160 158 153 149
146 146 144 143 143 145 145 144 144 144 144 144 144 145 145 145 146 146 147 147 147 148 149 149 150 151 154 157 159 152 147 147 146 145 146 153 161 161 158 156 157 156 154 152 150 149 151 151 149 150 150 152 153 154 153 152 152 151 149 147 148 156 161 160 158 159 157 152 149 150 155 156 157 158 159 161 162 160 156 152 156 165 172 173 168 160 157 160 163 161 158 156 153 150
146 145 143 142 143 144 144 144 143 143 144 144 145 145 145 145 146 146 147 147 147 148 148 149 150 151 154 158 157 150 147 146 144 142 143 150 161 167 163 159 158 155 153 153 151 151 153 154 154 153 151 153 155 155 153 153 156 157 156 153 153 157 160 159 157 153 150 149 153 161 162 155 152 155 161 164 162 165 165 160 158 161 167 171 168 163 160 160 160 158 157 155 152 150
144 144 143 143 143 143 144 143 143 143 144 145 145 145 145 145 146 146 146 147 147 148 148 149 150 151 154 156 153 146 145 144 143 143 144 152 168 173 164 161 159 156 155 154 154 154 155 157 160 159 155 156 159 159 156 155 159 161 161 160 161 164 165 164 160 152 144 145 155 167 163 156 156 161 169 165 160 165 168 167 166 165 166 166 163 164 166 163 159 159 159 156 149 146
143 143 142 142 143 143 143 143 143 144 144 145 145 145 145 145 146 146 146 146 147 148 148 148 149 150 152 151 147 142 140 141 142 143 145 157 173 170 165 162 159 156 154 155 156 157 157 158 160 159 157 157 161 162 161 160 162 163 164 164 166 171 174 171 164 155 144 145 157 161 156 156 160 170 174 161 159 167 169 171 174 174 169 161 157 161 166 163 160 161 163 157 147 146
142 142 142 142 143 143 144 143 143 144 144 145 145 145 145 146 146 146 146 146 147 147 148 148 148 149 149 147 145 141 139 139 141 142 148 161 166 164 164 163 161 158 155 156 157 158 159 160 161 160 157 156 158 159 160 162 163 163 163 163 168 177 181 176 167 157 149 150 157 155 154 157 163 171 167 157 161 170 169 170 178 180 174 164 158 158 161 163 162 162 163 157 150 149
142 142 143 143 143 143 143 143 143 144 145 145 145 145 145 146 146 146 146 147 147 147 148 148 148 148 148 147 146 143 140 140 142 144 153 162 162 160 159 160 161 160 160 161 159 158 160 163 164 162 157 155 156 156 156 158 161 162 160 162 169 176 177 174 169 160 154 155 157 157 162 164 162 165 159 155 164 173 171 172 176 177 173 167 162 160 164 167 166 162 159 156 154 154
