windninja/windninja_output/Output_2025-08-09_0800-0850_Google earth_Fire_150m_10min/merlingen_7.5mi_point_08-09-2025_0850_150m_ang.asc
ncols	158
nrows	163
xllcorner	391686.332397
yllcorner	5160024.123721
cellsize	150.000000
NODATA_value	-32768.000000
[rows 0 to 41 of 163, columns 0 to 93 of 158]
222 222 221 218 218 220 219 216 216 216 215 212 210 211 216 224 232 234 232 234 227 212 208 211 215 218 217 213 211 212 212 213 215 214 213 216 220 221 221 218 215 214 215 216 216 217 220 217 207 203 202 201 202 203 204 205 205 205 205 204 203 203 203 202 200 199 201 203 204 203 202 202 202 201 200 201 203 205 204 202 202 202 203 205 206 205 203 204 205 204 204 204 203 203
222 222 221 219 220 221 220 220 221 220 216 211 207 210 216 222 225 224 224 225 219 207 206 211 215 217 215 212 212 214 214 215 215 214 213 216 217 216 215 213 212 212 212 212 211 211 212 210 205 203 204 204 204 206 206 206 205 205 205 204 203 203 203 201 200 200 202 204 204 203 202 202 202 200 200 201 203 204 203 201 202 203 204 206 207 205 202 203 206 205 204 204 204 204
221 222 220 219 222 221 220 221 222 219 212 206 204 208 214 219 219 216 217 217 212 205 202 209 215 216 214 212 214 216 216 216 215 214 213 213 212 211 210 209 208 208 208 208 207 205 205 204 203 202 203 204 207 208 207 206 204 204 204 204 203 201 201 201 200 201 202 205 205 203 202 201 201 200 200 201 202 203 202 200 201 203 205 205 206 203 199 201 204 205 205 204 203 202
216 219 219 219 220 219 217 216 215 211 207 202 202 207 213 218 218 216 216 216 213 208 201 204 212 213 212 211 211 212 214 215 214 213 211 210 211 211 210 208 206 205 204 204 204 203 203 203 203 202 201 202 204 205 205 204 204 204 204 204 203 201 201 202 201 201 202 204 206 204 202 202 202 201 202 201 201 203 204 202 199 202 205 203 204 202 196 197 199 201 202 202 199 198
212 217 219 218 219 217 214 214 213 211 207 203 202 207 214 219 220 219 219 219 217 212 204 199 205 209 209 208 207 207 209 210 211 210 209 209 210 210 208 205 202 201 202 202 202 202 203 203 203 203 203 203 204 205 205 205 205 205 204 204 203 202 202 202 202 201 202 205 206 205 204 203 203 202 203 203 203 204 205 204 201 202 204 202 203 203 196 192 193 195 197 199 196 193
215 217 219 219 218 216 215 216 215 213 210 206 202 207 216 220 222 223 222 222 221 218 208 198 201 206 207 208 207 206 206 207 208 207 207 207 206 205 203 202 201 200 201 202 203 204 205 204 205 205 205 206 206 206 207 206 205 204 203 203 203 202 202 202 202 201 202 204 206 205 205 205 204 201 201 203 203 203 204 206 205 204 203 202 203 204 200 191 188 189 191 193 193 190
219 220 220 220 219 218 218 218 217 214 211 207 203 208 218 221 222 222 221 220 221 220 213 200 198 204 207 208 207 206 206 207 207 207 206 205 203 202 202 202 202 203 204 206 207 207 207 206 206 206 206 207 207 207 207 207 206 204 203 202 201 200 201 202 202 202 202 204 205 203 203 203 202 199 199 201 203 203 202 205 206 203 201 202 204 206 204 196 189 184 183 186 189 189
221 221 222 222 223 222 222 222 219 216 212 207 203 208 218 222 221 221 220 219 219 219 215 206 198 200 205 207 206 206 207 208 209 209 208 206 205 205 206 206 207 207 208 209 209 209 208 208 207 207 207 207 206 207 208 207 205 204 202 200 198 198 199 201 202 202 202 203 204 202 200 202 202 201 199 201 204 205 204 204 206 203 199 200 202 203 203 199 193 185 180 182 187 190
221 222 223 224 225 227 227 225 221 217 213 208 203 207 217 220 220 220 220 219 219 219 216 210 201 195 200 205 205 207 210 210 209 210 211 210 210 210 211 212 212 212 212 211 211 210 209 209 208 206 207 207 206 207 209 207 204 202 201 199 199 199 199 201 204 204 202 201 202 202 202 203 205 204 203 202 205 207 206 206 206 203 197 195 196 196 197 196 192 187 184 184 186 186
222 224 225 224 225 226 226 224 221 218 214 210 204 206 216 220 220 219 218 218 218 218 216 211 204 197 196 203 205 206 210 210 209 211 214 214 213 213 215 215 215 214 213 212 212 212 210 211 209 206 207 209 207 207 208 207 204 204 204 205 206 204 201 203 206 205 203 201 201 204 206 207 206 205 205 205 208 208 204 203 203 202 196 191 191 192 192 191 188 187 189 188 185 184
224 225 225 225 224 224 224 222 220 218 216 213 208 207 215 221 221 220 217 217 217 216 215 211 206 201 196 201 205 206 210 211 211 214 216 216 215 215 216 215 214 214 213 213 215 214 212 213 212 210 211 212 209 209 211 213 212 212 214 214 214 212 208 207 208 206 204 203 204 207 209 208 205 205 206 209 211 207 198 196 198 200 199 193 189 188 187 188 187 189 193 191 187 186
225 225 226 226 224 224 223 222 220 219 217 215 211 209 215 221 221 220 219 218 218 217 216 213 209 205 202 203 208 210 213 216 215 217 219 219 218 217 216 215 215 216 215 214 216 216 215 218 220 221 222 222 221 223 226 227 227 226 227 227 230 229 223 216 213 211 210 208 206 207 207 207 205 203 203 204 204 201 193 190 194 198 198 194 189 185 186 189 188 188 193 194 191 188
226 226 227 226 225 224 224 223 222 220 218 216 213 211 216 223 223 221 220 219 219 219 219 217 214 212 210 210 212 214 215 217 217 217 219 221 220 218 217 216 216 216 215 214 217 218 219 223 229 233 234 237 240 244 248 246 241 237 236 240 245 245 242 240 236 228 222 214 203 201 204 206 205 200 196 195 196 196 193 191 192 195 195 193 190 188 189 191 189 188 192 197 195 190
228 228 227 226 225 225 224 223 223 221 220 218 215 213 218 226 228 225 222 222 221 220 222 222 220 217 213 213 213 214 217 218 219 218 218 220 219 218 218 217 218 220 222 224 227 228 226 225 228 233 236 238 240 246 253 256 253 245 237 236 238 235 232 232 236 240 237 221 195 192 200 203 202 196 191 191 194 195 196 194 193 192 192 193 194 193 193 196 195 192 195 201 202 199
229 228 228 227 227 226 225 224 223 222 221 219 215 212 216 224 227 225 224 225 224 224 224 224 222 218 214 213 214 215 218 220 219 218 216 217 218 220 221 224 229 233 236 241 241 238 234 225 222 225 228 228 227 230 234 237 237 230 221 221 221 218 214 212 214 217 215 209 190 172 187 196 197 195 193 194 195 199 202 200 194 191 193 197 200 199 199 203 204 202 206 215 219 218
229 229 229 228 227 227 226 225 224 223 221 220 217 212 213 221 223 222 222 224 225 223 222 222 221 218 214 214 215 215 216 216 214 215 217 221 227 230 232 235 239 238 237 236 232 228 228 226 221 221 220 216 212 212 213 216 217 211 206 210 213 211 208 206 207 208 205 202 198 176 164 181 192 195 196 195 198 203 205 200 194 193 197 203 206 209 211 214 215 215 218 225 226 225
230 230 229 229 228 227 227 226 225 224 222 221 218 214 214 221 223 222 220 220 221 221 220 220 220 218 215 213 214 213 214 216 216 221 228 234 238 238 236 234 232 227 224 224 221 219 220 220 218 216 214 210 207 207 209 212 214 209 201 204 208 209 208 204 204 207 206 201 199 193 176 168 182 189 191 195 199 202 199 197 197 200 204 210 217 223 226 229 229 221 214 214 216 217
231 231 230 229 228 228 227 226 225 224 223 222 220 218 218 223 226 224 222 221 221 221 220 220 221 220 217 215 215 216 218 220 223 226 229 231 230 228 225 223 221 220 220 222 220 219 217 214 211 210 210 209 208 209 211 212 212 208 201 202 206 209 207 204 202 205 206 203 201 200 192 181 180 180 182 191 195 197 199 203 209 211 214 219 226 231 233 230 225 215 207 209 211 211
232 231 231 230 229 228 228 227 226 225 224 223 222 221 221 224 228 227 226 225 224 223 222 222 223 223 220 218 219 221 223 223 223 223 224 225 224 223 221 221 221 221 222 221 220 219 216 211 210 212 211 210 211 211 210 209 209 208 204 203 206 209 207 204 202 203 206 206 204 200 194 187 186 186 183 184 192 203 216 224 226 226 224 221 219 219 218 216 216 211 202 204 209 209
233 232 232 231 230 229 228 228 227 225 225 224 223 222 222 224 227 228 227 226 225 223 222 222 222 222 221 220 220 221 222 221 222 223 226 227 227 224 220 219 219 218 218 218 217 216 214 211 211 215 215 213 211 208 207 206 206 208 207 206 209 212 210 206 204 204 207 207 202 196 192 190 191 193 190 189 198 216 228 229 226 223 216 210 209 211 212 212 214 211 200 196 204 208
234 233 232 231 230 230 229 228 227 226 225 225 224 223 223 224 225 226 225 224 222 221 221 220 220 220 221 220 220 219 218 218 219 222 222 221 221 217 213 214 214 215 216 216 215 215 215 214 212 214 215 213 210 206 205 205 206 207 209 209 210 213 212 207 204 204 203 201 198 195 195 195 196 197 194 192 196 204 211 215 214 211 208 205 204 208 211 212 213 210 201 194 201 207
234 234 233 232 231 230 229 229 228 226 226 225 225 223 223 223 223 223 223 222 221 220 220 219 219 220 220 220 219 219 216 214 215 216 215 214 215 214 212 213 214 215 216 216 216 217 217 215 212 212 213 212 210 207 206 206 206 207 208 210 210 212 211 206 203 200 197 196 197 198 200 201 201 200 195 190 191 198 204 208 208 208 209 205 200 203 207 209 210 207 200 193 198 205
235 234 233 233 232 231 230 229 228 227 226 225 224 224 223 222 222 222 222 221 220 219 219 218 218 219 219 219 219 218 214 211 212 214 214 215 217 217 216 215 215 215 215 217 218 217 214 212 210 210 212 212 211 210 207 205 205 205 206 210 210 211 211 205 199 195 193 195 200 203 204 203 203 202 195 186 186 193 199 204 207 208 208 206 200 198 200 202 205 205 200 194 196 203
236 235 234 233 232 231 230 229 229 228 226 225 224 223 223 222 221 221 221 220 219 218 218 217 217 218 218 219 220 219 215 210 212 216 218 220 222 221 220 217 215 214 215 217 217 213 211 212 212 211 213 213 212 210 207 204 205 205 204 207 210 211 211 203 195 192 194 199 205 208 207 206 204 200 195 189 185 188 194 201 207 207 208 208 203 196 193 197 203 205 201 196 198 203
237 236 235 234 233 232 231 230 229 228 227 225 224 224 222 221 221 221 220 219 218 218 217 217 216 217 218 221 224 223 217 214 215 218 220 221 222 222 221 217 214 213 213 213 213 212 212 214 214 213 213 213 211 209 207 205 205 205 204 205 209 211 208 201 195 196 201 208 213 215 213 207 202 198 196 196 192 188 190 197 204 205 206 207 206 199 193 195 203 206 202 198 200 204
237 237 236 235 234 232 231 230 230 229 227 226 225 224 222 221 221 220 220 219 218 218 217 216 215 215 216 220 224 224 220 218 217 216 217 218 219 222 221 217 214 212 210 212 213 213 214 215 214 213 213 213 213 211 208 204 204 207 208 207 207 205 202 200 199 200 204 209 214 217 213 204 197 198 198 199 200 194 186 189 196 200 201 204 205 201 195 195 201 204 199 194 198 202
238 238 237 235 234 233 231 231 230 228 227 226 225 224 223 222 221 220 220 219 218 217 216 214 213 212 213 218 223 223 222 221 221 218 216 216 216 220 220 215 212 210 209 212 213 211 212 214 213 211 211 213 214 211 205 201 204 209 210 206 202 200 200 202 205 206 206 208 211 212 208 201 197 198 196 196 202 202 188 180 187 194 197 199 201 200 197 197 202 203 196 189 193 200
238 238 237 236 235 233 232 232 230 228 227 226 225 224 223 222 221 220 219 219 217 216 215 213 211 209 209 215 220 220 221 223 223 221 219 216 215 219 220 215 210 210 208 209 209 206 207 211 212 210 208 210 210 208 203 198 201 206 206 201 200 201 203 206 210 211 209 208 208 207 206 202 198 197 195 193 199 204 196 182 181 188 193 195 198 200 199 200 205 205 198 187 186 195
239 239 238 237 235 234 233 232 230 229 228 227 225 224 223 222 221 220 219 218 217 216 214 212 210 206 206 211 214 215 218 221 221 219 217 211 211 216 218 212 207 206 205 205 204 203 204 208 211 208 203 205 207 207 204 196 194 201 204 201 201 204 206 206 209 211 209 207 206 204 204 203 200 198 196 193 196 205 205 193 181 182 188 193 198 203 205 204 206 207 203 192 184 188
240 240 238 237 236 235 233 232 231 229 228 227 225 224 223 222 221 219 218 218 217 216 214 212 208 204 203 206 209 210 213 217 218 216 210 201 201 208 212 207 202 202 201 203 202 200 202 204 206 204 200 201 205 207 205 197 192 198 205 207 205 208 210 210 211 211 206 203 205 205 204 204 204 203 199 194 195 204 210 204 188 179 184 194 202 206 206 204 205 207 206 200 190 185
241 241 239 238 237 235 234 232 230 229 228 227 225 224 223 222 220 219 218 218 217 215 213 211 207 204 203 205 207 209 214 218 217 214 206 196 197 204 207 203 200 200 200 202 202 200 200 200 201 202 201 201 205 209 208 202 198 202 208 213 212 211 215 217 217 212 204 202 208 210 209 210 210 205 197 193 194 202 209 208 196 183 183 192 199 200 199 199 202 205 207 207 202 192
242 241 239 238 237 236 233 232 230 229 228 227 226 225 223 222 221 220 218 217 216 214 213 211 207 204 203 204 207 212 218 219 216 214 208 196 196 203 205 203 202 202 203 205 205 202 202 202 204 207 208 208 210 214 213 206 205 208 213 218 216 211 213 218 219 211 201 200 209 215 214 211 207 198 192 192 194 199 205 208 202 192 187 190 194 197 198 202 206 209 212 213 212 207
243 242 240 239 238 236 233 232 231 229 227 226 225 224 223 222 221 220 219 217 216 214 212 210 208 205 202 201 202 206 211 213 214 217 214 199 195 203 206 206 208 207 207 208 207 206 207 209 211 213 214 214 214 216 215 207 205 209 215 221 219 211 208 212 216 211 198 196 206 214 210 202 196 192 190 191 192 196 203 208 206 200 195 193 195 199 204 207 211 214 216 216 215 212
243 242 240 240 239 236 233 232 231 229 228 227 225 224 223 222 220 219 218 217 216 214 212 210 208 205 202 199 197 199 205 210 213 217 217 200 193 204 208 208 210 209 209 211 211 211 213 215 216 217 217 216 217 218 217 210 206 209 215 219 217 206 200 205 213 212 201 193 202 209 204 197 195 193 190 189 189 191 198 206 208 205 202 198 194 198 203 205 206 210 213 214 213 209
243 242 240 240 239 236 233 232 231 229 228 227 226 225 223 222 221 220 219 217 216 215 212 210 208 206 203 199 196 199 207 212 214 216 215 204 193 202 208 208 210 212 213 216 217 218 219 219 219 220 220 220 220 220 219 216 211 211 216 220 218 206 195 199 210 214 209 199 197 201 200 199 199 196 192 189 187 188 194 204 208 206 205 203 197 196 202 203 202 205 207 207 205 202
244 243 241 240 238 235 233 231 230 229 228 227 226 225 224 222 221 220 219 217 216 215 213 211 209 207 204 200 199 203 209 212 212 213 213 208 200 203 210 212 215 217 219 220 220 221 220 218 218 218 218 219 219 217 215 214 214 214 218 224 223 212 196 194 205 213 212 204 195 196 201 205 205 201 196 190 188 191 197 204 207 206 208 210 207 197 198 202 201 199 200 200 201 203
245 244 243 241 238 235 233 231 230 229 228 227 226 225 224 223 221 220 219 218 217 215 214 212 210 207 204 201 202 206 207 206 208 212 215 213 208 208 214 219 220 221 220 219 219 219 216 216 217 217 217 215 214 212 211 210 212 214 216 222 224 215 199 191 198 209 211 207 200 199 206 213 212 204 195 191 191 197 203 204 204 207 210 214 214 203 192 197 199 195 194 197 201 204
246 245 243 241 238 235 233 232 231 230 228 227 225 225 224 223 221 220 219 218 217 216 214 213 210 207 204 201 201 203 202 203 208 214 218 215 212 215 220 222 220 220 219 217 217 217 214 214 215 216 215 212 210 211 210 209 209 211 212 216 219 215 203 192 193 205 212 211 207 205 208 210 205 196 193 195 192 193 201 205 201 204 208 211 214 207 192 190 195 194 192 196 199 200
246 245 243 240 237 235 233 232 231 230 228 227 225 225 224 223 222 221 219 219 217 216 215 213 211 208 203 199 198 202 203 205 210 214 217 215 214 219 222 220 218 217 215 214 214 213 211 209 208 210 210 206 205 208 209 205 203 205 207 208 210 210 205 197 194 203 214 217 213 208 205 199 195 195 196 197 189 185 197 205 202 199 203 206 210 208 197 188 190 193 194 196 198 199
247 246 243 240 237 235 234 233 231 230 228 227 226 225 224 223 222 221 220 219 218 216 215 214 212 208 204 199 199 206 209 208 209 213 216 214 212 215 218 218 217 216 214 210 209 210 209 206 204 207 208 204 199 201 203 199 195 197 200 202 204 207 209 206 199 202 215 219 214 205 198 195 198 200 199 195 187 181 190 201 203 202 203 205 210 210 201 189 187 192 195 197 199 203
246 246 243 240 237 235 233 233 232 230 228 227 226 225 224 223 222 221 220 219 218 217 215 214 213 210 206 204 204 209 212 210 210 213 216 213 211 212 214 215 214 213 211 208 207 208 207 203 201 204 208 203 193 192 197 198 194 194 199 203 206 210 214 213 205 202 213 217 209 200 196 201 206 202 196 192 186 181 185 197 203 204 204 205 208 208 199 190 187 191 193 197 204 209
244 244 241 239 237 235 234 233 232 230 228 227 226 225 225 223 222 221 220 219 218 217 216 215 214 211 209 208 206 209 212 211 210 212 211 210 211 212 212 211 208 207 206 206 204 201 201 200 198 201 204 201 192 190 197 202 200 199 205 211 213 212 214 214 209 204 209 210 203 198 201 205 204 195 189 188 186 183 185 196 203 202 202 203 203 199 195 193 192 191 192 198 208 213
