windninja/windninja_output/Output_2025-08-09_1200-1250_Google earth_Fire_150m_10min/merlingen_7.5mi_point_08-09-2025_1220_150m_ang.asc
ncols	158
nrows	163
xllcorner	391686.332397
yllcorner	5160024.123721
cellsize	150.000000
NODATA_value	-32768.000000
[rows 55 to 109 of 163, columns 0 to 95 of 158]
31 30 26 21 20 21 19 20 22 21 17 12 10 10 11 11 11 11 12 12 13 14 14 15 15 16 17 18 19 19 20 21 22 22 23 24 24 24 24 23 23 27 31 30 27 25 23 20 22 25 28 36 39 45 53 49 38 37 41 45 48 53 58 56 46 36 30 29 33 36 36 37 41 42 42 41 40 43 46 44 43 45 46 44 44 45 46 47 49 51 54 54 52 53 65 72
32 31 30 28 26 26 23 21 23 24 21 16 13 12 12 13 13 13 14 14 15 16 16 17 17 18 19 20 21 21 22 23 24 25 25 26 26 27 27 27 28 30 33 32 28 24 19 19 21 22 26 37 41 47 54 47 36 38 42 46 49 53 56 54 47 36 30 30 35 38 38 40 41 40 40 39 40 43 44 42 42 44 45 45 44 44 43 42 44 50 57 61 60 59 65 65
34 33 32 30 28 27 25 22 21 23 22 20 18 17 14 14 15 15 16 16 17 18 18 19 19 20 21 22 23 23 24 25 26 27 27 28 29 29 30 30 31 32 32 32 30 27 23 21 21 20 25 39 45 51 54 44 34 37 43 46 50 54 56 54 47 36 30 31 35 38 38 39 40 39 39 37 38 41 41 40 40 42 44 46 47 48 47 45 44 47 55 60 60 61 67 62
36 35 33 32 31 29 27 24 20 21 22 22 23 23 19 16 16 17 18 18 19 20 21 21 21 22 23 24 24 25 26 27 28 28 29 30 31 31 32 32 33 34 34 34 34 33 32 29 24 18 24 40 48 53 54 43 34 40 46 49 51 53 55 54 47 38 30 28 30 35 37 38 39 39 38 36 38 40 38 37 37 40 44 46 48 50 50 49 48 50 56 60 59 64 68 58
38 37 35 35 34 32 31 28 24 24 24 24 26 27 24 20 19 19 19 20 21 22 22 23 23 24 25 26 26 27 28 29 30 30 31 32 33 33 34 34 35 36 36 36 37 37 36 35 30 21 22 40 50 54 53 44 38 45 51 52 52 53 54 53 48 40 31 24 27 35 38 38 39 39 37 36 39 39 37 37 38 41 43 44 45 47 49 50 52 57 65 66 64 66 63 53
39 39 38 37 36 35 34 32 30 28 26 24 24 26 26 25 23 21 21 22 22 23 24 25 25 26 27 28 28 29 30 31 31 32 33 34 34 35 36 36 37 37 38 38 39 39 39 38 36 29 22 39 53 56 52 45 44 52 55 55 54 54 55 53 49 42 33 24 29 38 39 39 40 39 36 36 39 39 38 39 40 42 44 44 44 46 48 52 58 66 69 66 63 60 56 51
42 41 41 39 38 37 36 35 33 31 27 23 22 25 27 29 27 25 24 23 24 25 26 27 28 29 29 30 30 31 32 32 33 34 35 35 36 37 37 38 39 39 40 40 40 41 41 41 40 37 31 42 59 60 54 49 53 57 58 58 57 56 56 54 49 44 34 26 33 40 39 39 40 39 37 37 39 38 38 39 40 43 45 46 47 49 52 57 65 70 67 62 58 52 51 49
45 45 44 42 40 38 37 36 35 33 31 26 24 25 27 30 31 29 28 26 26 27 28 29 30 31 32 32 32 33 34 34 35 36 36 37 38 38 39 40 40 41 41 42 42 43 43 44 44 43 39 45 62 63 56 54 60 62 61 59 57 56 55 52 49 44 34 30 36 39 39 40 41 39 37 38 39 38 38 38 40 43 46 49 51 55 62 68 71 69 62 59 55 50 49 48
50 50 48 45 42 40 39 38 37 36 35 31 28 27 27 29 32 32 31 30 29 29 30 30 31 33 33 34 34 35 35 36 37 37 38 39 39 40 41 41 42 42 43 43 44 45 45 46 46 47 46 48 59 61 53 54 61 63 61 58 55 52 52 52 53 49 39 36 38 39 39 41 42 38 36 36 37 37 36 37 40 42 45 49 52 58 68 73 73 66 57 55 52 50 49 48
55 53 51 48 45 44 43 42 41 39 38 35 30 28 28 29 32 33 33 33 32 32 32 32 33 34 36 36 36 37 37 38 38 39 40 40 41 42 42 43 43 44 44 45 46 46 47 48 48 49 50 52 59 61 54 55 61 62 61 58 53 50 52 57 61 55 45 41 39 38 39 41 42 38 34 34 35 34 32 34 38 41 44 49 54 64 70 71 68 58 52 51 49 49 49 48
55 53 50 48 46 45 45 45 46 44 42 40 35 30 30 31 32 33 35 35 35 34 35 35 35 36 38 38 38 39 39 40 40 41 41 42 43 43 44 44 45 45 46 46 47 48 49 49 50 51 53 56 61 65 61 61 63 62 60 58 52 48 52 57 56 50 43 40 39 39 39 42 43 39 34 32 32 31 29 33 39 43 47 51 58 68 70 66 58 50 48 48 48 49 50 50
50 49 48 48 48 46 43 43 44 44 43 41 38 34 32 33 34 35 36 37 36 35 36 37 36 37 39 39 40 41 41 41 42 43 43 44 44 45 45 46 46 47 47 48 48 49 50 51 52 53 55 57 61 66 68 72 72 67 62 59 49 42 48 51 50 46 42 39 39 40 41 44 44 38 33 30 30 29 29 33 40 44 47 50 58 65 65 58 50 47 45 45 46 48 51 54
39 41 43 44 46 45 41 40 43 45 44 42 40 37 34 35 37 36 36 38 37 36 37 37 37 39 42 43 44 44 44 43 44 44 45 45 46 46 47 47 48 48 49 49 50 50 51 52 53 54 56 57 60 64 69 77 82 79 71 63 50 42 49 52 50 47 43 41 41 42 42 45 45 38 32 30 29 27 27 31 37 42 47 51 60 66 62 52 48 46 43 43 46 47 51 55
22 32 38 38 39 38 33 35 42 46 45 42 40 39 36 36 38 38 38 39 40 39 39 39 38 39 43 47 48 48 47 46 46 46 46 47 47 48 48 48 49 49 50 50 51 52 52 53 54 55 56 58 60 62 66 72 78 82 78 70 60 56 60 60 55 49 45 43 42 42 43 46 47 40 34 32 29 25 25 31 38 45 53 57 69 71 60 48 46 44 42 43 46 48 50 53
20 32 41 40 40 39 33 31 38 40 37 34 34 34 33 34 37 40 41 41 42 42 42 41 39 39 44 49 50 51 50 49 48 48 48 48 49 49 49 50 50 51 51 52 52 53 53 54 55 56 57 58 60 62 64 67 70 74 76 74 70 71 74 71 64 56 51 47 44 42 42 47 48 41 34 34 31 27 26 35 45 53 58 63 76 73 56 46 44 42 41 42 45 47 50 51
39 48 61 63 61 55 45 39 42 43 38 34 35 34 34 34 36 40 42 43 44 45 46 46 42 40 45 49 49 50 51 52 51 51 50 50 50 51 51 51 51 52 52 53 53 54 54 55 56 57 58 59 60 61 63 64 66 68 69 70 71 74 79 80 78 73 65 58 52 46 45 49 49 39 34 35 34 30 29 39 50 57 62 71 78 70 52 45 43 41 40 41 43 44 47 48
51 56 67 75 77 74 67 62 63 60 53 50 49 46 43 41 40 41 42 42 44 46 48 48 42 38 43 47 47 48 49 51 53 53 53 52 52 52 52 52 53 53 53 54 54 55 55 56 57 57 58 59 60 61 62 63 64 65 66 67 68 70 74 77 80 82 81 76 68 58 53 55 51 40 35 37 37 33 32 43 54 60 67 77 75 60 45 42 41 42 41 41 42 41 43 45
59 62 67 71 74 75 74 76 78 74 67 66 64 60 56 52 49 47 45 43 43 45 47 46 41 37 43 48 48 48 48 49 52 54 54 55 54 54 53 54 54 54 55 55 55 56 56 57 57 58 59 59 60 61 62 62 63 64 64 65 66 67 69 71 73 76 79 81 79 78 75 70 59 46 40 41 42 38 35 45 56 65 74 79 69 49 39 40 43 43 42 44 46 45 46 53
65 67 71 73 74 75 75 76 78 75 70 67 65 62 60 58 56 54 52 48 46 45 45 45 42 39 45 49 50 49 48 49 51 53 54 55 55 55 55 55 55 55 56 56 56 57 57 58 58 59 59 60 60 61 62 62 63 63 64 64 65 66 66 67 68 69 71 73 77 83 88 86 73 57 50 49 48 44 38 46 59 71 78 74 59 43 38 40 44 44 42 44 48 53 59 65
69 72 76 78 79 79 79 78 77 74 71 68 65 62 60 58 57 57 56 54 52 51 49 48 45 42 45 49 51 52 51 50 51 52 52 53 55 56 57 57 56 56 57 57 57 58 58 59 59 60 60 61 61 61 62 62 63 63 63 64 64 65 65 66 66 67 67 69 72 75 79 80 77 67 59 56 51 45 40 48 64 74 75 65 48 41 40 42 45 44 44 42 43 56 64 66
73 75 80 84 86 86 85 83 80 76 74 71 68 65 63 61 59 58 57 56 55 55 54 53 50 46 48 51 52 53 52 52 53 54 54 54 56 57 58 58 57 58 58 58 58 59 59 60 60 61 61 61 62 62 62 62 63 63 63 64 64 64 65 65 65 66 66 67 69 69 69 70 71 71 68 62 53 43 41 53 70 74 68 55 43 38 40 43 46 49 52 48 49 65 66 64
75 77 82 88 93 94 93 90 86 81 77 74 71 68 65 63 61 60 58 57 56 56 56 55 53 50 52 55 54 54 54 54 55 57 58 58 58 59 59 59 58 59 59 59 60 60 60 61 61 61 62 62 62 62 63 63 63 63 63 64 64 64 64 65 65 65 66 66 67 67 66 66 67 69 71 68 57 44 44 62 74 71 61 51 44 43 45 48 51 58 64 66 73 74 68 62
77 78 82 88 96 101 101 98 93 87 82 76 72 70 68 66 64 62 61 59 58 58 57 56 53 52 55 59 59 57 56 56 57 57 59 59 59 60 61 60 59 59 60 60 61 61 62 62 62 63 63 63 63 63 63 63 63 63 64 64 64 64 64 64 65 65 65 65 65 65 65 65 66 67 68 70 64 50 53 70 73 65 56 51 50 54 58 57 58 63 67 70 74 72 65 60
80 79 77 84 98 106 108 105 100 93 85 78 74 71 70 68 66 65 63 61 60 60 60 58 53 52 57 60 60 59 57 57 56 56 57 57 57 59 61 62 61 60 61 61 62 62 63 63 64 64 64 64 64 64 64 64 64 64 64 64 64 64 64 64 65 65 65 65 65 65 65 65 65 66 66 67 65 59 65 74 69 56 49 49 48 50 53 55 59 62 65 67 69 67 60 57
78 75 69 72 88 103 110 108 103 97 86 78 74 72 70 68 67 67 65 63 62 62 62 59 54 53 57 59 59 57 57 57 57 57 59 58 57 57 60 63 63 62 63 63 63 64 65 65 66 66 66 66 65 65 65 64 64 64 64 64 64 64 64 65 65 65 65 65 65 65 65 64 65 65 64 64 64 65 71 72 62 48 43 43 42 43 48 56 63 66 66 66 67 64 59 56
71 67 62 65 72 81 93 93 92 90 81 74 72 72 71 70 69 68 66 65 64 64 64 61 56 56 59 59 58 57 57 59 58 57 58 58 57 56 58 60 61 62 65 66 66 67 67 68 69 70 69 68 67 66 66 65 65 65 65 65 65 65 65 65 65 65 65 65 65 65 65 64 64 64 64 63 63 64 68 65 51 41 39 39 40 45 56 66 69 69 68 67 66 63 60 60
69 69 68 70 77 78 66 58 66 68 67 68 70 71 72 71 71 70 68 68 67 66 65 63 58 59 63 62 60 59 59 60 59 58 57 56 55 56 57 58 57 58 62 66 69 71 71 72 74 77 76 73 69 67 66 66 65 65 65 65 65 65 65 65 65 65 65 65 65 65 65 64 64 64 64 64 63 61 60 52 37 34 38 39 42 54 69 73 70 68 67 66 65 61 60 62
79 79 79 83 85 75 62 54 54 57 58 64 69 71 72 72 71 72 71 71 70 69 68 65 60 62 65 64 62 61 62 63 64 64 62 59 57 57 58 58 55 54 57 60 63 65 67 67 70 73 75 75 73 69 67 66 66 66 66 66 66 66 66 66 66 65 65 65 65 65 65 65 64 64 64 64 63 60 57 46 25 26 36 42 51 69 75 74 71 68 66 64 62 59 58 60
79 77 76 79 77 70 64 59 57 58 60 65 70 72 73 73 73 74 74 74 74 73 71 68 64 64 65 65 63 63 63 64 65 67 67 66 64 61 60 59 57 55 55 56 56 57 58 59 62 63 63 66 68 68 67 67 67 67 67 66 66 66 66 66 66 66 66 66 65 65 65 65 65 65 65 64 63 61 58 47 20 16 31 44 65 78 79 75 72 70 68 65 63 60 59 60
74 72 73 73 70 68 65 63 63 63 65 68 70 71 73 73 74 75 76 77 78 77 74 72 70 68 67 65 64 64 63 63 63 64 66 69 69 68 66 63 61 60 60 60 61 61 62 64 66 65 62 61 62 64 66 67 67 67 67 67 67 67 67 67 66 66 66 66 66 66 66 65 65 65 65 65 64 62 59 49 19 9 28 51 74 80 79 76 74 73 71 69 66 63 62 62
74 74 74 74 73 70 66 65 67 69 70 70 70 70 70 71 73 75 77 79 81 81 80 78 76 73 70 68 67 67 64 63 61 60 62 65 67 69 70 69 67 64 64 65 66 68 70 73 74 73 70 66 64 64 65 67 68 68 68 68 68 68 68 67 67 67 67 66 66 66 66 66 66 66 66 65 65 63 60 52 24 8 32 68 80 80 77 74 72 72 72 70 67 65 63 62
77 76 76 77 75 71 66 65 69 72 72 70 69 69 70 70 71 74 77 79 82 83 85 87 83 75 71 70 69 69 66 65 63 60 60 60 60 62 65 69 71 69 66 65 66 69 71 74 75 76 75 72 69 67 67 69 70 70 70 70 70 69 68 68 67 67 67 67 67 67 67 67 67 67 67 66 66 65 64 61 45 19 49 79 82 80 77 75 72 71 71 70 69 66 61 58
80 79 78 77 73 68 64 64 67 70 70 69 70 69 69 69 68 70 73 77 80 80 84 90 88 73 66 67 68 67 67 67 67 66 65 62 58 58 60 62 66 68 68 66 66 68 71 72 74 75 75 75 72 71 71 72 73 73 73 72 71 70 69 69 68 68 68 67 67 67 67 67 67 67 67 67 68 68 69 71 75 99 108 93 83 78 76 76 74 73 73 74 74 70 62 58
81 80 78 75 69 62 60 61 64 66 68 69 70 66 65 63 63 66 69 73 75 76 82 87 81 61 62 65 65 65 66 67 69 70 72 71 67 63 61 61 62 63 65 66 66 67 68 70 71 71 72 73 73 73 72 73 74 76 77 76 74 72 70 69 69 68 68 68 68 68 68 68 68 68 68 69 69 71 72 75 85 115 132 113 96 82 77 75 75 77 79 79 76 73 72 75
81 80 76 72 67 63 61 60 60 62 67 70 67 63 62 59 58 63 68 72 75 79 84 81 58 45 57 63 64 65 66 67 68 69 71 75 75 72 68 67 66 65 65 66 67 67 67 68 70 70 70 70 71 71 70 69 70 74 80 82 79 74 71 70 69 69 69 69 68 68 68 68 69 69 69 70 71 72 74 77 86 106 126 120 108 97 87 82 80 82 83 80 75 72 73 79
80 77 72 69 69 68 63 59 55 57 65 67 62 59 58 56 56 60 66 75 83 87 82 64 41 38 54 61 64 65 67 68 68 68 69 72 74 75 73 70 69 68 68 68 70 70 69 69 69 70 71 71 71 70 67 66 66 70 77 83 81 75 71 70 70 69 69 69 69 69 69 69 69 70 70 71 72 73 75 79 85 98 113 117 111 107 100 92 90 90 86 76 74 74 73 75
76 72 64 62 63 63 60 54 50 55 62 61 53 51 50 50 52 55 63 77 89 88 68 49 35 38 53 60 64 66 68 69 70 70 71 71 72 73 74 71 68 67 68 70 72 72 71 71 71 72 74 75 75 73 67 64 65 69 72 73 73 72 71 70 70 70 70 70 70 70 70 70 70 70 71 72 73 74 76 79 84 92 103 110 110 108 104 98 95 92 84 76 79 81 80 80
72 67 58 54 53 51 46 38 37 46 55 54 47 47 48 49 51 52 61 72 78 64 51 43 36 41 54 61 65 67 69 70 72 73 73 73 72 72 74 74 69 65 66 70 72 73 74 74 74 75 78 80 81 79 73 68 70 72 71 67 64 66 69 70 70 71 71 71 71 70 70 71 71 71 72 72 73 75 76 79 83 89 97 106 107 106 104 100 96 89 80 81 86 86 86 88
71 67 58 54 53 50 43 33 28 39 46 43 35 33 34 40 44 48 63 69 61 37 36 39 38 46 57 63 66 68 70 73 76 77 76 74 74 73 74 74 71 66 65 68 70 73 74 75 75 76 79 85 86 82 80 83 82 79 74 69 66 66 68 70 71 71 72 71 71 71 71 71 72 72 72 73 74 75 77 79 82 86 91 99 104 104 102 100 94 85 81 83 86 86 86 88
70 67 61 60 61 59 52 40 30 40 46 42 34 30 30 39 46 53 64 63 49 34 33 38 42 52 60 64 66 68 70 75 79 80 78 76 76 76 76 75 73 67 65 64 65 68 71 73 75 75 79 83 84 80 81 87 88 84 79 74 71 68 69 71 72 72 72 72 72 72 72 72 72 72 73 73 74 75 77 78 80 83 87 91 96 98 98 96 90 85 83 83 83 84 83 84
68 65 63 65 67 64 59 51 47 55 59 54 49 48 49 60 61 68 68 58 45 42 41 47 52 59 63 65 65 66 69 75 78 79 78 78 78 78 78 77 76 72 68 64 61 62 64 68 72 75 78 77 73 73 78 83 85 85 81 77 74 71 71 73 74 74 73 73 73 73 73 73 73 73 73 74 75 76 77 78 80 81 84 86 88 90 91 90 87 84 83 82 81 81 81 81
66 67 67 67 66 61 57 56 64 79 81 74 67 66 72 78 77 80 72 48 45 50 55 63 67 68 67 67 67 68 71 74 76 76 78 80 81 81 80 80 80 79 75 70 65 63 63 66 71 74 74 70 66 68 74 79 83 84 82 80 77 74 74 75 75 75 75 74 74 74 74 74 74 74 74 75 75 76 77 78 79 80 82 83 84 85 85 85 84 82 81 80 79 79 78 78
65 69 70 68 66 62 59 58 64 75 81 78 77 74 78 81 84 82 68 47 45 54 64 74 78 74 70 68 70 74 78 77 76 76 78 81 84 85 84 83 83 84 83 80 76 72 70 72 74 74 71 68 67 68 72 76 80 82 82 82 81 78 78 78 78 77 76 76 76 75 75 74 75 75 75 75 76 76 77 77 78 79 80 81 82 82 82 82 81 80 79 78 78 77 77 76
69 74 75 73 74 70 65 63 64 68 73 80 86 87 88 88 86 78 62 51 49 56 68 77 76 66 65 69 73 77 80 80 79 78 79 82 85 89 90 89 87 87 87 85 82 81 81 80 78 75 71 69 68 69 71 74 76 79 81 81 81 81 82 83 82 80 79 78 77 76 76 75 75 76 76 76 76 77 77 78 78 79 79 80 80 80 80 80 79 79 78 77 77 76 76 75
74 78 79 80 82 80 78 75 72 70 72 76 80 87 90 87 81 71 61 53 53 62 72 73 61 53 62 69 74 77 80 81 82 82 82 83 86 89 93 95 93 92 92 89 84 82 82 80 76 73 71 70 69 68 70 72 73 75 78 78 77 79 81 84 85 85 83 81 79 77 77 77 77 77 77 77 77 77 78 78 78 78 79 79 79 79 79 78 78 77 77 76 76 75 74 74
73 76 79 81 82 81 81 81 77 74 73 73 74 81 84 80 77 73 64 57 65 75 76 65 52 54 63 69 73 77 79 82 85 87 89 89 89 89 92 98 100 98 97 94 88 83 81 79 76 73 71 70 69 68 69 70 71 72 75 76 75 75 76 80 84 86 86 84 81 79 78 78 78 78 78 78 78 78 78 78 79 79 79 79 78 78 78 77 77 76 76 75 75 74 74 73
74 77 80 80 79 79 79 79 78 76 75 73 70 69 70 71 71 71 65 68 80 83 72 58 55 60 66 70 73 75 79 83 87 92 96 97 95 94 95 98 103 103 102 101 95 86 82 80 77 74 72 70 70 70 70 69 68 70 72 73 75 75 75 76 79 83 85 85 83 81 80 80 80 79 79 79 79 79 79 79 79 79 79 79 78 78 77 77 76 76 75 75 74 73 73 72
76 78 80 78 77 78 78 78 77 76 74 72 68 63 61 64 67 66 64 72 79 72 60 58 60 63 68 72 73 76 80 84 88 93 98 101 103 101 100 101 105 108 107 107 103 92 84 80 77 74 72 70 70 69 70 70 69 69 69 69 71 73 74 75 77 79 81 81 81 81 82 84 84 82 81 81 81 81 81 81 80 80 80 79 79 78 77 77 76 76 75 74 74 73 72 72
76 77 78 77 77 77 77 77 76 76 75 74 72 70 71 71 70 68 68 74 70 57 57 61 61 63 68 73 76 79 83 85 88 92 96 102 107 108 106 105 108 112 112 113 112 103 91 82 77 74 72 72 71 70 69 69 69 69 68 68 69 70 71 73 75 76 76 76 76 77 81 85 87 86 84 84 83 83 83 82 82 81 81 80 79 78 78 77 76 76 75 74 73 73 72 72
76 76 76 76 77 77 78 77 76 77 78 79 80 84 87 86 81 76 75 73 63 55 58 60 59 61 66 71 76 81 85 86 88 91 94 99 106 111 110 109 111 115 118 118 119 114 101 89 80 75 73 73 72 72 71 69 68 68 69 70 69 69 70 72 73 73 72 71 70 72 75 79 84 88 88 88 88 88 87 85 85 84 83 81 80 79 78 77 76 76 75 74 73 73 72 72
77 76 75 74 76 77 77 76 76 77 80 83 87 91 92 92 87 81 76 70 62 60 60 59 58 60 65 69 73 79 84 87 90 90 91 97 104 111 114 114 115 118 120 122 124 122 112 98 86 78 75 73 72 71 72 72 69 68 68 69 69 69 70 72 72 71 71 68 67 69 71 71 75 81 85 89 91 92 91 90 90 88 86 83 82 80 79 78 77 76 75 74 73 73 72 72
76 75 73 72 73 74 75 75 75 76 80 83 86 88 89 89 85 80 73 66 63 65 63 57 57 60 62 65 71 78 83 88 90 87 88 96 105 113 116 118 119 120 122 124 127 128 122 109 96 86 79 75 71 69 69 70 70 69 69 68 68 68 70 71 71 71 70 68 65 66 68 69 69 72 76 82 87 89 89 92 95 95 90 86 84 82 80 79 78 77 76 75 74 73 73 72
74 73 70 70 71 72 73 74 73 74 76 77 77 77 80 82 80 77 71 64 62 67 66 58 55 57 59 60 66 76 84 87 86 81 87 99 108 113 114 117 121 122 123 125 129 133 133 122 107 95 85 79 74 70 68 67 68 69 69 68 67 69 70 70 70 69 68 67 65 64 66 68 70 71 73 77 81 83 85 87 92 97 96 91 86 83 81 80 78 77 76 75 74 74 73 72
73 71 68 69 70 70 70 70 71 71 72 72 70 69 72 75 76 73 67 64 66 70 70 61 55 55 58 57 62 74 82 84 81 76 89 102 108 109 110 116 123 125 124 127 131 135 139 135 119 102 90 83 78 75 71 67 66 67 68 67 66 68 70 70 69 69 67 66 65 64 63 66 70 72 72 74 76 80 83 84 86 91 98 96 91 86 83 81 79 78 77 76 75 75 74 73
72 70 69 71 71 71 70 69 69 69 69 68 66 65 69 73 74 65 58 61 69 75 73 65 57 55 56 56 63 74 79 79 77 77 89 100 104 105 111 116 120 120 123 130 134 135 141 145 133 112 95 84 79 76 73 70 67 66 67 66 64 66 67 67 68 69 69 67 65 63 63 66 69 71 72 73 74 77 80 83 83 85 92 98 96 90 85 83 81 79 78 78 77 76 75 74
