windninja/windninja_output/Output_2025-08-09_1200-1250_Google earth_Fire_150m_10min/merlingen_7.5mi_point_08-09-2025_1250_150m_ang.asc
ncols	158
nrows	163
xllcorner	391686.332397
yllcorner	5160024.123721
cellsize	150.000000
NODATA_value	-32768.000000
[rows 0 to 53 of 163, columns 0 to 95 of 158]
37 37 36 34 34 37 37 36 37 38 39 37 34 36 43 54 66 72 74 80 80 62 51 53 60 68 69 65 63 64 65 67 70 70 69 75 81 83 84 82 77 76 77 79 82 85 88 90 85 79 75 73 73 73 73 73 72 72 74 75 73 70 69 67 64 61 62 66 71 74 73 71 68 66 66 66 67 69 71 71 69 66 65 68 70 69 64 62 63 60 59 59 58 55 54 55
36 36 34 33 35 37 37 38 41 41 39 34 31 34 42 51 57 60 64 69 68 57 51 53 59 63 64 63 64 66 66 68 69 69 71 73 75 77 78 77 76 76 75 76 78 79 81 83 83 81 78 77 76 75 74 73 72 72 73 74 73 71 70 68 66 64 65 68 71 73 72 70 68 67 67 67 66 68 70 70 67 65 66 67 68 68 65 63 63 62 62 62 60 59 57 57
33 33 32 32 35 37 37 39 41 39 33 28 27 32 40 47 49 49 53 56 54 51 51 54 57 58 59 61 64 65 67 68 68 69 71 71 70 70 71 71 73 73 73 74 74 74 74 74 75 78 78 77 75 74 73 72 72 72 71 71 70 70 69 69 68 68 68 69 71 71 69 68 69 69 69 67 65 67 69 67 63 64 67 66 66 67 64 62 62 63 65 65 63 62 60 59
26 29 30 30 33 33 32 32 31 29 26 23 25 32 39 46 47 47 49 51 51 50 48 50 54 54 54 55 56 58 61 64 67 69 69 68 68 68 69 69 69 68 70 71 71 71 71 69 67 68 70 70 69 70 70 71 72 72 71 70 69 68 68 68 68 68 69 70 71 70 67 68 69 70 69 68 67 68 68 65 60 62 64 64 66 68 62 59 59 59 60 63 63 61 60 60
19 25 29 29 31 30 27 28 28 28 27 24 24 31 39 46 48 49 50 51 52 52 48 44 50 50 49 48 48 49 52 55 59 63 64 64 65 66 66 66 65 65 67 67 67 67 67 66 66 66 65 66 67 68 69 70 71 71 71 70 69 68 68 68 67 68 68 70 71 69 67 68 70 69 68 69 71 71 68 64 61 63 64 64 66 68 64 61 60 57 56 58 59 58 58 58
18 22 27 28 29 28 27 28 30 31 30 27 24 31 41 47 50 52 53 54 55 55 52 45 49 51 49 48 47 47 48 51 53 54 56 58 60 61 61 61 62 64 66 66 66 66 66 66 66 65 63 64 66 68 68 69 70 71 70 70 68 67 66 67 67 67 67 69 70 66 65 67 70 68 66 66 69 71 69 63 63 67 68 66 66 67 67 68 68 63 59 58 57 55 56 56
21 22 24 26 27 27 28 30 31 32 30 27 25 31 43 47 49 50 50 51 53 55 54 49 51 53 53 52 50 48 49 51 52 51 52 53 55 56 57 58 60 63 65 66 67 67 67 66 65 64 62 63 64 66 68 69 70 70 70 69 67 65 63 64 65 66 67 69 69 64 62 64 67 65 63 64 65 67 63 60 63 67 68 68 67 68 68 71 76 76 73 69 64 60 59 61
22 23 23 25 27 29 32 33 34 32 30 26 23 30 41 46 47 48 48 48 49 52 51 49 49 50 53 53 52 51 53 55 55 54 55 55 56 57 58 60 61 63 65 66 68 68 67 67 66 63 63 64 63 63 66 69 69 69 69 68 66 63 60 60 62 63 66 68 67 64 63 64 64 62 62 63 65 64 59 58 66 69 67 66 66 66 67 69 73 78 82 80 76 72 68 69
21 22 24 25 28 32 35 36 34 32 29 25 22 27 38 44 45 46 47 47 49 50 49 46 43 42 47 52 52 54 58 59 57 57 60 61 60 61 62 63 64 66 67 67 68 68 67 67 66 63 63 65 64 64 67 68 68 68 68 67 66 65 63 61 61 63 66 67 65 62 64 67 65 63 62 64 65 63 57 61 69 71 69 66 63 63 63 64 66 66 70 72 74 73 70 74
20 22 24 25 27 30 33 33 32 30 28 25 22 26 37 43 44 44 44 45 46 47 47 44 40 37 40 48 50 53 58 58 57 60 62 63 62 62 63 64 66 67 67 68 68 68 68 68 67 64 65 67 65 67 70 70 69 69 69 68 68 69 69 67 67 68 68 66 63 61 64 67 67 65 63 64 66 63 59 62 67 69 70 69 69 67 65 65 63 59 59 62 67 66 68 75
20 21 23 24 26 27 29 29 29 29 28 26 23 26 36 43 44 44 43 44 44 45 45 42 39 36 34 42 48 52 58 59 60 64 65 63 62 63 64 64 64 65 66 66 68 70 69 69 68 68 71 71 70 72 74 74 73 73 73 71 72 74 75 76 79 77 73 69 63 62 65 67 66 64 63 63 66 67 65 65 65 65 66 69 73 74 72 73 69 61 60 65 67 65 68 74
19 20 22 23 24 26 26 27 28 28 27 27 25 26 34 41 43 43 43 45 46 45 45 43 40 39 37 44 51 56 61 63 65 67 67 66 65 64 64 64 64 65 65 64 66 68 69 70 71 74 80 81 80 82 83 81 79 78 77 77 79 81 84 90 91 87 82 75 67 67 68 66 65 62 60 60 62 64 67 67 65 63 63 64 69 71 72 74 70 62 65 70 70 67 72 74
18 19 21 22 23 24 25 26 27 27 27 28 27 27 33 41 43 43 44 45 46 47 48 47 46 45 45 49 56 60 62 63 65 66 66 67 67 66 66 65 65 66 64 63 64 65 64 67 72 78 83 86 87 88 90 90 86 81 77 78 82 86 91 99 102 98 93 86 81 77 72 68 66 63 60 59 59 61 62 62 64 65 64 65 67 66 68 71 66 58 65 71 70 69 75 76
18 18 19 20 21 23 24 25 26 27 27 28 27 28 34 43 47 46 45 46 47 49 51 53 52 50 48 51 54 57 62 65 66 66 65 66 66 67 67 66 67 67 67 69 71 70 66 63 68 74 79 82 84 86 89 93 92 85 76 74 79 83 88 95 100 100 100 101 104 95 80 73 71 68 64 64 65 66 64 62 66 68 68 69 68 65 68 70 65 61 68 72 71 71 77 78
17 17 18 19 20 22 23 24 25 26 27 27 26 25 31 39 43 44 46 50 51 52 54 55 53 51 49 50 52 55 60 64 65 64 64 64 65 66 67 69 72 72 73 77 78 75 73 68 64 65 69 73 73 76 79 83 86 82 71 70 74 78 80 81 82 87 94 100 109 116 101 85 78 73 69 71 73 72 69 71 75 75 74 72 69 68 71 70 65 65 73 78 76 76 80 82
16 16 17 18 19 21 22 24 25 25 26 26 25 22 25 32 37 38 42 48 51 51 52 52 52 51 48 48 51 53 56 57 57 59 63 67 70 70 71 73 75 73 72 74 73 69 70 73 68 63 63 62 61 63 64 65 68 68 64 68 73 75 76 72 69 75 82 87 95 112 121 103 88 79 74 75 75 73 73 78 80 78 77 75 72 71 72 71 69 67 72 77 77 77 80 84
14 15 16 17 18 20 21 22 23 24 25 25 24 21 22 30 36 37 39 42 45 47 48 49 49 49 47 46 48 49 52 55 56 60 67 72 75 75 72 71 69 67 65 65 63 62 63 64 66 67 63 58 57 59 59 58 59 59 59 66 71 74 73 67 67 71 75 80 84 90 108 112 101 92 84 78 74 73 78 79 76 75 76 75 74 75 73 73 75 75 72 73 72 73 75 79
13 13 14 16 17 18 19 21 22 23 24 24 24 23 23 30 37 39 40 41 44 47 48 49 50 50 48 48 49 51 55 57 58 61 64 67 68 67 64 62 61 61 63 63 61 61 61 58 59 64 65 62 59 59 59 58 59 57 57 63 68 70 68 65 67 70 73 76 77 79 86 98 101 101 97 85 78 78 80 78 74 74 74 72 72 74 74 73 77 82 80 73 70 70 71 72
11 12 13 14 16 17 18 19 20 21 23 24 24 24 25 29 36 42 45 46 47 48 49 51 52 52 51 51 53 57 58 57 56 56 58 60 61 61 60 60 61 61 62 62 60 61 62 60 59 61 64 65 63 60 59 59 59 58 59 62 66 67 65 64 67 70 72 72 72 75 79 81 85 90 94 93 89 86 82 78 78 79 77 73 69 68 69 71 75 80 83 77 73 71 69 67
10 11 12 13 14 16 17 18 19 20 22 23 23 24 26 29 36 42 45 46 46 46 47 48 50 50 50 51 53 55 55 54 54 57 60 62 62 60 58 58 57 56 57 57 57 59 61 61 61 63 64 65 65 62 60 59 58 59 60 63 65 67 67 67 69 72 72 70 71 74 74 71 73 75 78 82 83 82 81 79 80 80 79 74 70 67 67 68 72 76 79 76 74 73 71 68
9 9 10 11 13 14 16 17 18 19 21 22 23 24 25 28 33 38 40 40 41 42 43 43 45 47 48 49 50 51 49 48 50 53 54 54 54 52 50 51 51 52 54 55 57 59 60 60 60 63 63 63 64 64 64 61 59 59 60 62 63 65 68 69 70 72 72 71 73 73 68 65 68 72 72 67 64 67 71 74 77 77 76 75 72 70 68 68 72 76 76 71 71 72 73 72
7 8 9 10 12 13 14 16 17 18 19 21 22 23 24 26 29 33 34 35 36 38 39 40 42 44 45 46 48 47 44 42 44 46 45 45 47 47 46 47 49 50 52 54 58 60 61 60 58 59 61 62 62 64 65 65 64 62 60 59 60 64 68 69 71 73 72 73 73 68 63 61 65 71 73 64 57 58 62 66 71 72 72 74 72 69 67 68 73 75 72 64 64 69 71 72
6 6 8 9 10 11 13 14 16 17 17 19 20 21 22 24 26 29 30 31 33 35 35 37 39 41 41 43 45 44 40 37 39 43 44 47 49 49 48 48 48 49 51 54 58 59 58 57 56 57 60 61 61 62 64 64 65 64 60 58 59 64 68 69 72 73 72 71 68 62 58 59 64 70 71 63 54 56 59 61 63 63 67 71 71 70 67 69 72 73 68 57 58 67 70 71
5 5 6 7 9 10 12 13 14 15 15 16 18 20 20 22 23 25 27 28 29 31 32 33 35 37 39 42 45 44 40 35 39 44 48 51 53 52 51 49 48 49 50 53 56 56 54 54 56 57 60 61 61 62 63 62 64 64 59 58 60 65 70 74 77 74 71 68 63 59 57 59 67 71 68 59 53 61 63 61 59 59 62 65 68 72 73 72 72 72 66 52 58 68 70 71
3 4 4 6 7 9 11 12 12 13 14 15 16 18 18 20 21 22 23 25 26 28 29 30 33 35 38 43 47 46 41 39 42 46 48 50 51 52 52 50 48 48 48 51 54 53 51 54 56 58 60 61 62 62 61 61 62 61 59 59 62 67 73 77 78 74 70 65 61 60 61 66 72 73 64 55 58 70 70 63 60 58 57 58 63 70 75 76 76 73 64 49 58 67 70 71
2 2 3 5 6 8 9 10 10 11 13 13 14 15 16 17 18 19 20 22 23 25 26 28 30 31 34 39 45 46 43 42 42 42 44 45 46 50 52 50 47 47 47 52 54 50 51 54 54 56 59 61 63 64 63 61 58 57 59 62 68 74 77 75 69 65 62 58 57 60 66 74 77 72 59 49 58 72 76 69 64 60 55 54 58 63 65 69 74 74 62 47 55 64 68 69
1 1 2 3 5 6 7 8 8 9 11 11 11 12 14 15 15 16 17 19 21 22 23 24 25 25 28 34 41 42 41 43 44 42 41 41 42 47 50 47 45 46 48 52 52 46 48 51 53 54 55 58 62 64 65 58 52 54 59 64 74 82 81 72 64 58 54 50 53 60 70 78 77 69 54 43 54 67 78 79 72 64 57 56 58 58 56 59 67 70 63 50 54 61 63 65
360 0 1 2 4 5 5 5 6 8 9 9 10 10 11 11 12 12 14 16 17 18 19 19 20 21 23 29 35 36 39 42 44 42 42 40 41 47 49 45 42 46 47 48 46 42 43 47 52 53 50 53 57 61 62 52 43 50 58 66 76 82 80 72 64 58 51 48 53 64 73 76 72 64 49 39 52 64 71 80 81 72 65 64 64 60 54 55 62 65 62 56 58 61 61 61
359 359 0 1 2 3 3 4 5 6 7 7 7 8 7 7 8 9 10 12 13 14 14 15 15 16 16 20 26 30 35 39 38 38 36 31 34 43 47 42 38 41 42 43 42 38 40 44 49 50 46 49 54 57 57 43 35 49 60 70 77 77 71 65 61 57 49 49 60 70 74 71 65 57 46 43 56 66 69 74 84 81 74 72 71 66 60 60 63 63 61 61 65 67 64 62
358 358 359 0 1 1 1 2 3 4 4 4 4 4 4 4 4 5 6 8 10 10 11 12 12 10 9 12 18 23 29 34 35 34 27 19 21 34 40 36 33 35 35 38 37 35 38 42 46 45 40 45 50 53 51 39 33 51 64 74 79 75 65 59 58 57 51 52 67 76 77 70 61 54 46 48 59 65 69 74 83 87 81 77 74 69 67 68 66 62 59 61 68 75 75 70
357 357 358 360 360 359 360 1 1 1 1 1 1 1 1 0 1 1 2 5 6 7 9 9 7 4 3 7 13 20 28 33 33 31 23 13 17 29 36 33 31 32 32 36 36 34 38 42 46 44 41 44 48 52 50 40 40 57 69 76 77 72 63 59 60 60 55 59 72 79 80 71 63 57 49 49 54 60 66 71 77 82 83 79 74 71 70 69 66 62 59 61 66 78 86 84
356 357 358 359 358 358 359 359 359 359 358 358 358 357 357 357 357 358 359 1 3 3 5 6 3 1 1 4 11 21 30 32 31 31 26 14 17 29 34 33 34 34 36 40 39 38 43 49 52 51 52 53 53 55 52 42 45 60 73 77 74 64 56 57 63 65 60 63 74 79 77 69 66 62 52 48 50 56 63 68 70 70 76 79 78 77 75 72 69 66 64 63 66 75 87 91
356 356 358 357 356 356 358 358 357 356 355 355 354 354 354 354 355 355 356 358 359 359 1 3 1 359 359 360 5 13 19 23 27 34 32 17 17 31 36 37 39 39 41 44 44 45 51 55 55 57 60 60 59 59 54 45 47 59 69 75 72 59 48 53 62 67 65 66 72 74 70 66 67 62 52 48 48 54 61 66 65 61 68 77 79 80 78 75 71 69 69 68 68 73 81 88
356 356 357 356 354 355 356 356 354 353 352 351 351 351 351 352 352 353 353 354 355 356 357 359 358 357 356 356 359 3 11 19 26 35 37 20 15 31 37 38 41 41 42 46 47 52 57 57 57 60 61 62 63 62 57 53 55 60 64 68 67 56 41 49 60 65 68 72 73 72 67 64 64 58 50 48 48 52 58 60 58 56 63 72 75 73 73 72 69 67 67 68 72 75 79 83
355 356 357 354 353 354 355 354 351 350 349 348 347 348 348 349 350 350 351 352 353 354 354 354 355 356 355 354 353 358 8 19 26 33 35 25 15 28 36 37 40 42 46 50 52 58 60 59 61 63 63 64 65 65 63 63 65 66 66 65 64 55 40 46 58 62 67 74 80 77 70 64 62 56 52 51 52 57 59 57 54 52 57 65 71 68 67 68 66 64 64 67 72 78 81 81
355 355 355 353 353 353 353 352 349 348 346 345 345 345 346 346 347 348 349 350 352 353 353 352 352 354 354 354 354 357 5 14 22 29 33 29 22 27 37 40 43 46 50 52 55 60 60 59 61 61 61 62 63 63 63 65 67 69 69 69 67 60 47 47 56 60 64 71 82 84 74 66 63 59 58 57 57 63 66 63 57 53 55 61 67 69 67 65 64 63 64 67 72 77 81 82
356 354 353 352 353 353 352 349 347 346 344 343 343 343 344 344 345 346 347 349 351 351 352 352 352 351 352 354 357 358 359 6 16 26 34 34 29 30 39 45 47 49 51 51 55 57 55 56 59 59 60 60 59 59 61 62 63 64 67 69 69 64 55 50 55 59 64 70 78 78 71 69 68 65 62 57 56 59 66 71 66 58 56 59 64 71 71 64 62 64 67 69 72 75 78 78
355 354 352 351 352 352 350 348 346 344 342 342 342 342 342 343 344 345 347 348 350 351 352 353 352 351 352 354 356 356 356 2 13 26 37 36 32 36 43 46 46 48 50 50 54 55 53 54 55 57 60 59 57 58 61 61 59 59 61 64 66 64 58 53 55 62 68 72 73 66 62 66 70 68 59 56 55 51 59 67 67 61 58 57 63 69 69 64 65 67 69 70 73 78 78 72
354 353 352 352 352 350 349 346 344 342 342 342 342 342 342 342 343 345 346 348 349 351 352 353 352 352 352 351 351 353 357 3 14 26 35 34 32 39 45 44 43 45 47 48 50 51 50 48 47 51 56 54 52 55 59 58 54 54 56 58 59 57 55 51 53 65 73 75 70 59 59 65 67 61 51 55 57 43 51 60 60 57 57 59 65 67 63 61 65 67 68 71 78 82 78 69
353 352 352 352 351 350 348 345 343 342 342 342 342 342 342 342 343 345 346 347 349 351 352 353 353 353 351 348 348 353 360 5 13 25 32 30 28 35 40 42 44 46 47 45 45 48 49 46 44 49 54 53 48 48 52 51 46 46 50 52 51 49 50 51 53 63 74 75 67 61 65 69 66 55 47 57 58 32 41 53 51 51 58 64 69 69 65 62 63 65 64 71 81 82 76 69
355 351 352 352 352 351 348 345 343 343 343 343 343 342 343 343 344 346 347 348 350 351 353 354 355 354 353 349 350 356 3 6 12 23 29 28 26 31 36 40 41 44 45 42 43 46 46 43 41 47 54 54 46 44 48 47 42 43 49 51 49 47 49 54 55 62 71 72 66 67 70 70 65 53 50 62 56 23 32 47 47 47 55 64 69 71 69 63 62 63 63 71 77 78 75 72
359 355 356 355 354 352 349 347 345 345 345 344 344 343 344 345 346 347 348 349 350 352 354 356 357 357 356 354 354 359 6 10 13 19 22 22 25 32 36 37 36 38 39 40 42 42 40 38 37 43 52 54 48 46 52 53 49 48 54 56 53 49 51 54 56 61 67 67 66 66 64 62 61 53 56 64 51 19 26 44 48 48 53 60 66 68 65 58 59 63 66 70 71 73 76 74
4 2 1 360 357 354 351 350 348 348 347 346 345 345 345 346 347 348 349 350 352 354 356 357 359 359 360 359 358 1 8 14 14 14 13 14 21 29 30 31 34 37 38 40 39 37 38 40 42 48 57 59 52 49 55 58 55 54 57 60 58 55 55 55 56 60 64 64 62 57 52 54 56 52 58 61 41 17 22 40 49 51 57 63 67 64 55 52 58 64 69 69 68 71 72 67
9 8 7 4 0 357 355 353 351 350 349 348 347 347 348 348 349 350 351 352 354 356 357 359 1 2 3 3 2 4 11 16 15 11 7 8 16 24 25 28 36 41 43 44 42 39 42 46 50 56 63 61 52 47 53 56 55 54 57 60 62 63 63 60 60 62 63 62 56 46 43 48 49 48 52 51 32 17 23 40 49 54 62 69 68 58 50 53 59 64 68 69 71 75 72 62
15 14 11 7 3 1 359 356 354 353 352 351 350 350 350 350 351 352 353 354 356 358 359 1 4 5 5 7 7 9 13 16 16 12 6 5 14 23 28 33 39 45 48 49 44 43 47 51 55 59 60 56 48 44 48 53 53 54 57 61 64 66 68 69 71 70 66 62 53 43 43 47 48 47 48 43 28 19 28 43 54 61 68 70 64 53 51 55 61 65 69 72 78 79 72 62
20 19 15 10 7 5 2 360 358 356 355 353 353 353 353 353 353 354 355 357 359 0 2 4 6 7 9 10 12 13 15 17 17 14 9 9 16 27 34 37 41 47 52 50 42 42 48 54 59 59 56 53 49 46 49 52 53 56 61 63 65 66 69 73 77 75 70 63 54 50 52 53 53 52 49 42 27 21 32 46 57 66 71 67 58 53 54 58 62 65 69 76 82 80 70 62
25 22 17 14 12 9 6 3 1 359 358 357 356 355 355 355 356 357 358 359 1 3 5 7 8 10 12 14 16 17 18 20 20 17 14 16 22 28 33 36 42 50 53 48 41 45 53 58 60 56 53 51 48 48 50 53 56 61 66 67 66 67 71 75 76 74 69 63 55 55 59 59 58 55 49 41 29 24 36 51 62 68 69 65 59 56 58 60 61 64 69 78 82 77 69 62
28 25 21 20 18 14 9 6 4 3 1 360 359 359 358 358 359 360 1 2 4 6 8 9 11 13 15 17 19 20 21 23 25 23 21 23 27 30 33 39 46 52 52 45 42 50 59 62 58 52 50 48 46 49 50 52 58 64 70 71 69 71 74 76 76 73 68 63 57 56 59 60 59 55 49 41 33 32 44 58 66 68 67 64 60 59 61 62 62 65 70 75 76 72 66 62
30 28 26 24 22 18 13 9 7 6 4 3 2 2 1 1 2 3 4 6 8 9 10 13 15 16 18 20 22 23 25 27 29 28 27 27 31 35 38 44 51 54 51 45 46 55 61 60 55 48 46 46 49 52 52 56 63 68 72 70 69 73 75 76 77 74 68 62 58 58 59 59 58 54 48 42 38 41 50 60 65 66 66 62 60 60 61 61 64 67 68 70 70 67 64 61
34 32 30 29 26 21 17 12 10 8 7 6 6 5 5 5 5 6 7 9 11 12 13 16 18 19 21 23 24 26 28 30 32 32 31 31 34 38 42 47 53 55 52 49 53 61 62 57 51 44 41 45 51 53 54 60 68 73 72 66 66 71 73 75 77 74 68 63 59 58 58 58 56 51 47 43 41 43 50 57 62 63 63 62 60 60 60 61 65 66 65 65 65 64 64 60
37 35 33 32 28 23 21 17 13 11 11 10 9 8 8 8 9 9 11 12 13 15 16 18 20 22 24 25 28 29 31 33 34 35 36 36 38 42 45 48 52 55 54 54 60 65 62 55 50 44 43 50 54 53 56 64 71 73 68 64 64 68 73 77 77 73 67 62 60 59 59 57 54 50 47 45 43 44 50 56 60 62 62 61 61 62 62 64 65 65 63 62 62 61 62 60
42 40 36 33 28 25 23 22 17 14 13 13 12 11 11 12 12 13 14 15 16 18 20 21 23 25 27 28 30 32 34 36 37 39 40 41 44 47 49 50 52 58 59 58 64 66 60 51 47 47 50 57 59 59 64 72 74 69 63 60 62 67 75 79 77 71 65 60 58 58 58 56 52 49 49 48 47 47 51 56 59 61 63 63 64 65 66 67 66 64 61 60 60 60 61 62
48 44 38 34 31 28 27 26 22 18 16 16 16 15 15 15 16 17 17 19 20 21 23 25 27 28 30 32 33 35 37 38 40 42 43 45 48 50 52 52 55 61 63 62 64 64 56 45 45 47 49 53 57 62 71 77 74 66 60 59 62 68 77 79 75 68 62 57 56 57 56 53 50 49 51 51 50 51 55 58 58 59 63 66 69 71 70 69 67 64 61 60 58 59 62 68
50 46 38 34 32 30 28 29 27 24 21 20 20 19 19 19 19 20 21 22 24 25 26 28 30 31 33 34 36 38 39 41 43 44 46 48 50 52 54 55 58 63 65 64 63 61 52 42 45 48 49 52 57 64 73 76 70 61 57 59 63 70 78 79 73 64 57 52 53 55 53 50 48 49 52 53 52 55 61 62 59 59 62 63 67 72 73 70 66 63 61 60 58 58 66 83
