windninja/windninja_output/Output_2025-08-09_1200-1250_Google earth_Fire_150m_10min/merlingen_7.5mi_point_08-09-2025_1250_150m_vel.asc
ncols	158
nrows	163
xllcorner	391686.332397
yllcorner	5160024.123721
cellsize	150.000000
NODATA_value	-32768.000000
[rows 38 to 75 of 163, columns 0 to 83 of 158]
1.20 1.18 1.09 0.99 0.91 0.86 0.83 0.81 0.80 0.80 0.79 0.77 0.76 0.74 0.74 0.72 0.71 0.70 0.69 0.69 0.68 0.67 0.66 0.65 0.64 0.63 0.62 0.65 0.69 0.69 0.65 0.61 0.61 0.68 0.83 0.91 0.93 1.02 1.11 1.09 1.07 1.08 1.09 1.13 1.23 1.26 1.22 1.25 1.33 1.46 1.47 1.35 1.36 1.55 1.63 1.49 1.51 1.77 2.02 2.24 2.46 2.36 1.84 1.26 1.12 1.64 2.52 2.77 2.15 1.67 1.63 1.71 1.68 1.43 1.19 1.23 1.06 0.89 1.45 1.88 1.49 1.35 1.65 2.12
1.20 1.17 1.08 1.00 0.94 0.89 0.86 0.85 0.86 0.85 0.83 0.80 0.79 0.78 0.77 0.76 0.74 0.73 0.72 0.71 0.70 0.69 0.68 0.67 0.65 0.63 0.63 0.63 0.62 0.57 0.53 0.52 0.55 0.63 0.75 0.84 0.93 1.08 1.20 1.19 1.14 1.12 1.12 1.14 1.25 1.35 1.31 1.23 1.29 1.51 1.61 1.43 1.33 1.56 1.80 1.68 1.55 1.75 2.07 2.31 2.48 2.63 2.48 1.84 1.35 1.66 2.56 2.73 2.09 1.71 1.69 1.72 1.64 1.41 1.30 1.40 1.16 0.79 1.23 1.96 1.90 1.58 1.62 1.96
1.21 1.19 1.11 1.04 0.99 0.96 0.94 0.93 0.92 0.89 0.86 0.84 0.83 0.83 0.82 0.80 0.78 0.76 0.75 0.73 0.72 0.71 0.70 0.68 0.66 0.64 0.62 0.58 0.53 0.49 0.47 0.45 0.46 0.53 0.65 0.73 0.83 0.99 1.20 1.30 1.29 1.25 1.21 1.17 1.22 1.37 1.40 1.30 1.28 1.48 1.70 1.53 1.26 1.38 1.75 1.83 1.64 1.64 1.92 2.19 2.31 2.54 2.83 2.51 1.73 1.76 2.60 2.69 2.11 1.87 1.76 1.68 1.55 1.28 1.30 1.53 1.20 0.81 1.05 1.73 2.05 1.99 1.96 2.13
1.22 1.21 1.16 1.10 1.05 1.02 1.01 1.00 0.97 0.93 0.91 0.90 0.88 0.87 0.86 0.84 0.82 0.80 0.78 0.76 0.75 0.73 0.71 0.69 0.67 0.65 0.61 0.57 0.53 0.50 0.49 0.46 0.44 0.47 0.57 0.69 0.77 0.85 1.01 1.24 1.39 1.45 1.43 1.35 1.29 1.36 1.47 1.48 1.42 1.51 1.76 1.68 1.30 1.17 1.42 1.68 1.59 1.47 1.67 1.95 2.04 2.14 2.59 2.85 2.33 2.02 2.52 2.70 2.27 2.03 1.85 1.73 1.60 1.24 1.29 1.55 1.17 0.89 1.00 1.43 1.83 1.99 2.20 2.40
1.22 1.21 1.18 1.14 1.11 1.09 1.07 1.04 1.01 0.98 0.96 0.94 0.93 0.91 0.89 0.86 0.84 0.82 0.81 0.79 0.76 0.74 0.72 0.70 0.68 0.66 0.63 0.59 0.56 0.54 0.52 0.51 0.48 0.49 0.56 0.66 0.78 0.89 0.98 1.13 1.30 1.42 1.47 1.47 1.40 1.36 1.42 1.46 1.42 1.43 1.68 1.72 1.36 1.14 1.26 1.49 1.51 1.44 1.55 1.79 1.85 1.82 2.13 2.64 2.75 2.49 2.44 2.63 2.49 2.17 2.06 2.02 1.81 1.41 1.42 1.54 1.16 0.99 1.04 1.33 1.68 1.82 2.08 2.43
1.22 1.22 1.20 1.18 1.17 1.15 1.12 1.08 1.05 1.02 1.00 0.98 0.96 0.94 0.91 0.88 0.86 0.84 0.82 0.80 0.78 0.76 0.74 0.72 0.70 0.67 0.65 0.62 0.58 0.54 0.52 0.52 0.52 0.52 0.55 0.60 0.71 0.86 0.95 1.01 1.12 1.25 1.33 1.36 1.33 1.27 1.30 1.37 1.39 1.41 1.62 1.69 1.43 1.26 1.32 1.45 1.49 1.49 1.57 1.74 1.79 1.70 1.79 2.10 2.55 2.70 2.49 2.48 2.54 2.41 2.38 2.45 2.23 1.82 1.73 1.62 1.32 1.17 1.13 1.30 1.59 1.78 2.04 2.39
1.22 1.21 1.20 1.20 1.20 1.17 1.14 1.11 1.08 1.05 1.03 1.01 0.99 0.96 0.93 0.91 0.89 0.87 0.85 0.83 0.81 0.79 0.76 0.74 0.72 0.70 0.68 0.65 0.61 0.57 0.54 0.54 0.54 0.53 0.52 0.52 0.57 0.67 0.74 0.83 0.96 1.13 1.24 1.26 1.22 1.22 1.27 1.33 1.41 1.48 1.61 1.69 1.55 1.41 1.46 1.53 1.51 1.52 1.61 1.75 1.82 1.78 1.73 1.81 2.19 2.53 2.49 2.33 2.25 2.31 2.44 2.61 2.59 2.32 2.10 1.83 1.51 1.37 1.32 1.38 1.53 1.73 2.08 2.39
1.24 1.23 1.23 1.23 1.21 1.18 1.16 1.14 1.11 1.08 1.06 1.04 1.01 0.99 0.97 0.95 0.93 0.91 0.88 0.86 0.84 0.82 0.79 0.76 0.74 0.73 0.70 0.67 0.63 0.60 0.58 0.58 0.56 0.54 0.51 0.47 0.45 0.50 0.59 0.70 0.85 1.03 1.20 1.22 1.15 1.22 1.32 1.36 1.42 1.47 1.55 1.63 1.60 1.46 1.49 1.60 1.57 1.54 1.62 1.73 1.83 1.89 1.83 1.85 2.15 2.32 2.33 2.19 1.85 1.80 2.07 2.34 2.54 2.50 2.31 2.00 1.62 1.48 1.50 1.57 1.64 1.81 2.09 2.29
1.27 1.26 1.26 1.25 1.21 1.18 1.16 1.14 1.13 1.11 1.09 1.07 1.04 1.02 1.00 0.98 0.95 0.93 0.90 0.88 0.85 0.82 0.81 0.79 0.76 0.74 0.71 0.69 0.66 0.63 0.61 0.59 0.57 0.54 0.50 0.47 0.43 0.44 0.52 0.62 0.74 0.92 1.13 1.18 1.11 1.17 1.29 1.41 1.44 1.41 1.48 1.55 1.59 1.53 1.49 1.59 1.65 1.62 1.64 1.66 1.76 1.93 1.98 1.98 2.15 2.22 2.14 2.05 1.74 1.61 1.82 2.05 2.32 2.44 2.34 2.12 1.77 1.55 1.57 1.71 1.80 1.93 2.09 2.12
1.31 1.29 1.27 1.25 1.21 1.16 1.14 1.14 1.14 1.12 1.11 1.09 1.07 1.04 1.02 0.99 0.97 0.94 0.91 0.89 0.86 0.84 0.82 0.80 0.78 0.75 0.73 0.71 0.69 0.67 0.64 0.61 0.58 0.52 0.48 0.46 0.46 0.45 0.46 0.53 0.64 0.82 1.02 1.11 1.13 1.18 1.28 1.40 1.42 1.36 1.42 1.51 1.57 1.64 1.59 1.62 1.72 1.75 1.75 1.60 1.60 1.93 2.12 2.08 2.12 2.16 1.99 1.90 1.74 1.65 1.78 1.91 2.14 2.30 2.27 2.14 1.86 1.60 1.55 1.78 1.95 1.99 2.04 2.02
1.31 1.29 1.27 1.25 1.22 1.18 1.14 1.12 1.13 1.12 1.11 1.09 1.07 1.05 1.02 1.00 0.97 0.95 0.92 0.90 0.88 0.86 0.84 0.82 0.79 0.77 0.76 0.74 0.72 0.70 0.68 0.65 0.61 0.56 0.51 0.47 0.47 0.46 0.45 0.48 0.57 0.71 0.85 0.95 1.07 1.23 1.34 1.37 1.37 1.33 1.39 1.48 1.54 1.60 1.60 1.64 1.77 1.84 1.85 1.63 1.54 1.93 2.23 2.19 2.12 2.05 1.87 1.76 1.70 1.68 1.77 1.87 2.00 2.12 2.15 2.08 1.90 1.71 1.69 1.90 2.09 2.07 1.99 1.95
1.32 1.30 1.29 1.28 1.24 1.20 1.16 1.12 1.11 1.12 1.12 1.10 1.08 1.06 1.04 1.01 0.99 0.96 0.94 0.92 0.90 0.88 0.86 0.85 0.83 0.81 0.79 0.77 0.76 0.74 0.71 0.69 0.66 0.62 0.56 0.51 0.50 0.50 0.48 0.49 0.55 0.63 0.70 0.78 0.94 1.20 1.35 1.32 1.30 1.29 1.36 1.52 1.61 1.63 1.63 1.70 1.86 1.92 1.84 1.66 1.62 1.94 2.31 2.38 2.18 1.94 1.75 1.64 1.62 1.67 1.76 1.86 1.92 1.97 2.03 2.03 1.95 1.88 1.93 2.08 2.20 2.19 2.05 1.91
1.34 1.32 1.31 1.32 1.31 1.28 1.24 1.17 1.12 1.11 1.12 1.11 1.09 1.08 1.06 1.04 1.01 0.99 0.96 0.94 0.92 0.91 0.89 0.87 0.86 0.85 0.82 0.80 0.78 0.77 0.75 0.73 0.71 0.67 0.62 0.55 0.52 0.52 0.52 0.53 0.57 0.62 0.64 0.67 0.85 1.15 1.28 1.26 1.22 1.17 1.21 1.41 1.57 1.60 1.66 1.80 1.98 1.98 1.80 1.64 1.68 1.95 2.38 2.57 2.24 1.83 1.65 1.55 1.55 1.62 1.71 1.79 1.83 1.85 1.89 1.91 1.90 1.93 2.07 2.23 2.31 2.28 2.15 1.96
1.37 1.32 1.30 1.34 1.36 1.36 1.35 1.28 1.17 1.13 1.12 1.12 1.11 1.09 1.07 1.05 1.03 1.00 0.98 0.97 0.95 0.93 0.91 0.89 0.88 0.87 0.85 0.84 0.82 0.80 0.79 0.77 0.75 0.72 0.68 0.62 0.55 0.53 0.53 0.54 0.59 0.63 0.62 0.62 0.80 1.07 1.17 1.19 1.22 1.16 1.14 1.35 1.48 1.49 1.62 1.88 2.02 1.97 1.81 1.70 1.73 1.96 2.50 2.73 2.23 1.74 1.57 1.51 1.54 1.60 1.68 1.74 1.75 1.77 1.80 1.79 1.76 1.82 2.04 2.30 2.42 2.40 2.27 2.03
1.45 1.35 1.27 1.30 1.32 1.33 1.36 1.35 1.27 1.18 1.15 1.13 1.12 1.09 1.06 1.05 1.03 1.01 0.99 0.98 0.96 0.94 0.93 0.91 0.90 0.89 0.88 0.87 0.85 0.84 0.82 0.81 0.79 0.77 0.73 0.69 0.63 0.58 0.55 0.54 0.59 0.67 0.64 0.60 0.75 0.99 1.05 1.07 1.24 1.28 1.26 1.39 1.54 1.58 1.72 1.97 1.96 1.85 1.80 1.79 1.81 2.01 2.65 2.85 2.17 1.66 1.51 1.49 1.56 1.63 1.67 1.71 1.71 1.74 1.79 1.76 1.68 1.69 1.88 2.18 2.41 2.55 2.49 2.18
1.57 1.45 1.30 1.32 1.35 1.33 1.35 1.39 1.33 1.21 1.13 1.11 1.11 1.10 1.08 1.06 1.04 1.03 1.01 0.99 0.97 0.95 0.94 0.93 0.92 0.91 0.90 0.90 0.89 0.88 0.86 0.85 0.83 0.81 0.79 0.76 0.72 0.66 0.60 0.56 0.59 0.70 0.70 0.61 0.67 0.88 0.94 0.93 1.13 1.27 1.30 1.38 1.54 1.73 1.96 2.06 1.83 1.70 1.77 1.87 1.91 2.14 2.80 2.88 2.14 1.61 1.46 1.48 1.61 1.68 1.67 1.69 1.72 1.77 1.82 1.79 1.70 1.69 1.82 1.97 2.19 2.52 2.68 2.49
1.61 1.56 1.40 1.31 1.37 1.39 1.37 1.41 1.40 1.26 1.13 1.08 1.08 1.09 1.08 1.07 1.05 1.04 1.03 1.02 1.00 0.98 0.96 0.96 0.95 0.94 0.93 0.93 0.92 0.91 0.90 0.89 0.88 0.86 0.84 0.82 0.79 0.74 0.68 0.61 0.60 0.70 0.74 0.65 0.61 0.73 0.82 0.81 0.94 1.12 1.23 1.37 1.50 1.76 2.16 2.11 1.69 1.59 1.74 1.92 2.03 2.33 2.90 2.86 2.11 1.61 1.44 1.48 1.69 1.80 1.74 1.72 1.75 1.80 1.84 1.83 1.75 1.80 1.93 1.87 1.96 2.33 2.63 2.66
1.55 1.58 1.49 1.29 1.24 1.27 1.25 1.32 1.41 1.38 1.21 1.09 1.05 1.06 1.06 1.06 1.05 1.05 1.04 1.04 1.03 1.01 0.99 0.98 0.97 0.97 0.97 0.96 0.95 0.95 0.94 0.93 0.92 0.91 0.89 0.88 0.85 0.82 0.77 0.71 0.66 0.70 0.74 0.69 0.62 0.61 0.65 0.69 0.81 0.95 1.10 1.38 1.53 1.78 2.26 2.08 1.59 1.55 1.72 1.92 2.11 2.48 2.95 2.85 2.13 1.59 1.42 1.42 1.65 1.84 1.82 1.78 1.80 1.82 1.84 1.84 1.81 1.91 2.03 1.91 1.88 2.16 2.44 2.55
1.53 1.56 1.56 1.43 1.27 1.20 1.15 1.17 1.31 1.41 1.34 1.18 1.08 1.04 1.03 1.05 1.05 1.04 1.04 1.03 1.04 1.04 1.02 1.01 1.00 0.99 0.99 0.99 0.99 0.98 0.98 0.97 0.96 0.96 0.95 0.93 0.91 0.89 0.85 0.81 0.77 0.75 0.76 0.74 0.67 0.60 0.55 0.59 0.68 0.77 0.94 1.33 1.53 1.82 2.29 1.97 1.52 1.56 1.73 1.93 2.17 2.51 2.92 2.90 2.21 1.55 1.33 1.32 1.50 1.71 1.77 1.84 1.89 1.87 1.88 1.84 1.87 2.01 2.07 1.99 1.93 2.06 2.27 2.39
1.57 1.56 1.57 1.57 1.49 1.38 1.26 1.15 1.20 1.36 1.42 1.35 1.24 1.10 1.01 1.03 1.05 1.05 1.05 1.04 1.04 1.06 1.06 1.05 1.03 1.02 1.02 1.02 1.02 1.02 1.02 1.01 1.01 1.00 0.99 0.98 0.97 0.95 0.93 0.90 0.87 0.84 0.81 0.78 0.73 0.66 0.57 0.54 0.57 0.59 0.76 1.23 1.51 1.84 2.25 1.84 1.45 1.57 1.79 1.98 2.23 2.51 2.82 2.91 2.38 1.66 1.32 1.30 1.44 1.60 1.72 1.86 1.92 1.91 1.92 1.86 1.93 2.10 2.10 2.05 2.05 2.11 2.22 2.29
1.63 1.60 1.56 1.57 1.57 1.54 1.45 1.29 1.20 1.27 1.36 1.41 1.41 1.28 1.07 0.99 1.01 1.04 1.06 1.06 1.06 1.06 1.07 1.07 1.06 1.05 1.06 1.06 1.06 1.06 1.06 1.05 1.05 1.05 1.04 1.03 1.02 1.01 0.99 0.97 0.95 0.92 0.89 0.85 0.81 0.75 0.66 0.57 0.51 0.45 0.57 1.05 1.50 1.86 2.15 1.76 1.39 1.55 1.84 2.03 2.22 2.47 2.73 2.86 2.53 1.86 1.43 1.34 1.47 1.65 1.74 1.83 1.92 1.92 1.91 1.87 1.96 2.11 2.10 2.08 2.13 2.24 2.31 2.32
1.68 1.65 1.60 1.57 1.55 1.54 1.53 1.43 1.29 1.22 1.21 1.27 1.41 1.44 1.27 1.08 1.00 1.01 1.04 1.07 1.08 1.09 1.09 1.09 1.09 1.09 1.09 1.09 1.09 1.09 1.09 1.10 1.09 1.09 1.09 1.08 1.08 1.07 1.05 1.03 1.02 0.99 0.96 0.93 0.89 0.84 0.77 0.67 0.55 0.43 0.45 0.85 1.44 1.82 2.01 1.70 1.41 1.60 1.90 2.03 2.13 2.35 2.62 2.80 2.59 2.03 1.56 1.39 1.48 1.69 1.76 1.79 1.89 1.92 1.88 1.88 2.00 2.06 2.04 2.04 2.09 2.27 2.40 2.40
1.70 1.69 1.65 1.62 1.59 1.54 1.52 1.48 1.39 1.28 1.19 1.16 1.30 1.48 1.49 1.33 1.13 1.02 1.01 1.05 1.08 1.11 1.13 1.12 1.12 1.12 1.12 1.13 1.13 1.13 1.13 1.13 1.14 1.14 1.14 1.13 1.13 1.12 1.11 1.09 1.08 1.06 1.03 1.01 0.97 0.93 0.87 0.79 0.67 0.52 0.47 0.72 1.29 1.71 1.82 1.63 1.53 1.75 1.93 1.98 2.03 2.16 2.42 2.65 2.56 2.17 1.66 1.35 1.43 1.70 1.76 1.75 1.84 1.89 1.83 1.88 2.05 2.04 2.00 2.02 2.05 2.21 2.36 2.39
1.75 1.73 1.70 1.66 1.64 1.61 1.57 1.53 1.47 1.38 1.26 1.16 1.19 1.36 1.52 1.55 1.39 1.18 1.05 1.02 1.06 1.10 1.14 1.15 1.15 1.15 1.16 1.16 1.16 1.16 1.17 1.17 1.18 1.18 1.18 1.18 1.18 1.17 1.16 1.15 1.14 1.12 1.10 1.07 1.05 1.01 0.97 0.90 0.81 0.67 0.55 0.68 1.12 1.53 1.61 1.52 1.67 1.89 1.93 1.92 1.93 2.00 2.20 2.42 2.43 2.21 1.76 1.40 1.46 1.71 1.75 1.77 1.83 1.84 1.78 1.84 2.01 2.03 2.00 2.04 2.08 2.19 2.31 2.34
1.81 1.78 1.73 1.69 1.66 1.67 1.66 1.62 1.55 1.46 1.34 1.18 1.13 1.20 1.35 1.55 1.60 1.44 1.24 1.09 1.05 1.09 1.12 1.15 1.17 1.19 1.19 1.19 1.19 1.20 1.20 1.21 1.22 1.22 1.22 1.23 1.22 1.22 1.22 1.21 1.20 1.18 1.16 1.14 1.12 1.09 1.05 1.01 0.93 0.82 0.67 0.70 1.05 1.34 1.37 1.47 1.81 1.97 1.92 1.87 1.83 1.89 2.04 2.17 2.26 2.17 1.79 1.56 1.60 1.70 1.73 1.81 1.87 1.79 1.76 1.84 1.94 1.99 2.00 2.05 2.13 2.21 2.33 2.37
1.92 1.85 1.76 1.70 1.65 1.65 1.68 1.69 1.63 1.55 1.44 1.27 1.15 1.13 1.19 1.39 1.60 1.63 1.48 1.29 1.16 1.11 1.12 1.15 1.19 1.23 1.25 1.23 1.22 1.23 1.24 1.25 1.26 1.26 1.27 1.27 1.27 1.27 1.27 1.26 1.25 1.24 1.22 1.21 1.19 1.16 1.14 1.10 1.04 0.95 0.82 0.79 1.04 1.21 1.16 1.41 1.90 2.02 1.90 1.83 1.76 1.79 1.91 1.99 2.10 2.00 1.63 1.55 1.66 1.69 1.73 1.84 1.91 1.77 1.70 1.80 1.90 1.96 1.98 2.06 2.19 2.26 2.37 2.48
2.09 1.96 1.80 1.74 1.68 1.63 1.65 1.68 1.66 1.62 1.55 1.39 1.20 1.14 1.15 1.23 1.45 1.64 1.67 1.54 1.36 1.23 1.16 1.15 1.18 1.25 1.30 1.28 1.26 1.27 1.27 1.28 1.29 1.30 1.31 1.31 1.32 1.32 1.32 1.31 1.31 1.30 1.29 1.27 1.26 1.24 1.21 1.18 1.14 1.08 0.99 0.92 1.04 1.16 1.04 1.23 1.89 2.09 1.93 1.81 1.65 1.61 1.78 1.96 2.03 1.78 1.49 1.49 1.58 1.64 1.73 1.87 1.94 1.77 1.63 1.70 1.84 1.91 1.96 2.09 2.25 2.31 2.40 2.55
2.20 2.09 1.93 1.83 1.77 1.71 1.67 1.70 1.69 1.63 1.60 1.52 1.27 1.13 1.16 1.18 1.27 1.47 1.67 1.71 1.59 1.42 1.30 1.22 1.17 1.24 1.32 1.32 1.31 1.31 1.31 1.31 1.33 1.34 1.35 1.35 1.36 1.36 1.36 1.36 1.36 1.35 1.35 1.33 1.32 1.31 1.29 1.26 1.23 1.19 1.14 1.07 1.10 1.17 1.04 1.11 1.70 2.09 2.04 1.84 1.48 1.32 1.65 2.04 2.09 1.80 1.54 1.46 1.48 1.55 1.67 1.86 1.96 1.75 1.57 1.58 1.72 1.81 1.87 2.06 2.23 2.30 2.40 2.57
2.16 2.19 2.16 2.00 1.88 1.80 1.73 1.77 1.81 1.73 1.65 1.60 1.40 1.18 1.16 1.21 1.24 1.30 1.48 1.69 1.73 1.63 1.53 1.40 1.26 1.26 1.33 1.35 1.36 1.37 1.35 1.35 1.37 1.38 1.39 1.39 1.40 1.41 1.41 1.41 1.41 1.41 1.40 1.40 1.39 1.37 1.36 1.34 1.32 1.29 1.26 1.22 1.20 1.21 1.14 1.17 1.51 1.92 2.07 1.88 1.36 1.14 1.58 2.04 2.12 1.93 1.67 1.46 1.44 1.51 1.58 1.80 1.93 1.73 1.55 1.50 1.57 1.66 1.74 1.96 2.20 2.32 2.47 2.73
1.86 2.18 2.44 2.31 2.14 1.92 1.75 1.81 1.96 1.92 1.77 1.63 1.52 1.36 1.19 1.20 1.28 1.29 1.33 1.52 1.67 1.72 1.75 1.65 1.47 1.38 1.37 1.37 1.38 1.39 1.39 1.38 1.40 1.41 1.42 1.43 1.44 1.45 1.45 1.46 1.46 1.46 1.46 1.45 1.45 1.44 1.43 1.42 1.40 1.39 1.37 1.34 1.32 1.30 1.28 1.30 1.45 1.66 1.89 1.83 1.29 1.06 1.43 1.86 2.03 1.97 1.78 1.56 1.47 1.50 1.53 1.73 1.86 1.68 1.50 1.45 1.44 1.49 1.62 1.82 2.10 2.35 2.66 2.88
1.38 1.89 2.44 2.58 2.60 2.33 1.91 1.95 2.17 2.14 1.91 1.69 1.59 1.51 1.35 1.25 1.32 1.35 1.32 1.39 1.50 1.60 1.75 1.81 1.71 1.62 1.56 1.50 1.43 1.40 1.39 1.40 1.43 1.44 1.45 1.47 1.48 1.49 1.50 1.50 1.51 1.51 1.51 1.51 1.51 1.50 1.49 1.49 1.48 1.47 1.45 1.44 1.43 1.41 1.41 1.42 1.47 1.53 1.68 1.69 1.30 1.12 1.38 1.66 1.82 1.83 1.78 1.67 1.58 1.54 1.54 1.68 1.80 1.59 1.37 1.35 1.32 1.30 1.40 1.65 1.96 2.36 2.90 2.96
1.16 1.43 1.95 2.29 2.58 2.60 2.25 2.11 2.41 2.48 2.17 1.93 1.83 1.71 1.59 1.49 1.46 1.47 1.39 1.36 1.42 1.49 1.61 1.73 1.76 1.80 1.87 1.78 1.58 1.47 1.41 1.40 1.43 1.46 1.48 1.50 1.51 1.53 1.53 1.54 1.55 1.55 1.56 1.56 1.56 1.56 1.56 1.55 1.55 1.54 1.53 1.53 1.52 1.52 1.51 1.52 1.53 1.54 1.58 1.59 1.39 1.28 1.41 1.55 1.58 1.57 1.62 1.65 1.60 1.57 1.56 1.70 1.79 1.51 1.29 1.29 1.22 1.15 1.18 1.51 1.96 2.41 2.91 3.14
1.49 1.55 1.71 1.91 2.19 2.38 2.12 1.89 2.25 2.55 2.31 2.08 2.06 1.99 1.86 1.76 1.71 1.70 1.57 1.43 1.42 1.48 1.55 1.61 1.56 1.70 2.07 2.10 1.83 1.63 1.52 1.44 1.43 1.45 1.49 1.53 1.55 1.56 1.57 1.58 1.59 1.60 1.61 1.61 1.62 1.62 1.62 1.62 1.61 1.61 1.61 1.60 1.60 1.60 1.60 1.60 1.60 1.61 1.60 1.57 1.49 1.43 1.47 1.50 1.45 1.42 1.48 1.52 1.49 1.45 1.49 1.76 1.80 1.43 1.27 1.29 1.23 1.10 1.09 1.40 1.93 2.41 2.73 3.39
1.96 1.92 1.90 1.97 2.11 2.17 1.95 1.74 2.06 2.39 2.13 1.90 1.92 1.92 1.89 1.82 1.82 1.88 1.82 1.65 1.55 1.54 1.58 1.59 1.40 1.46 2.01 2.31 2.14 1.88 1.72 1.59 1.49 1.46 1.48 1.53 1.57 1.59 1.61 1.62 1.63 1.64 1.65 1.66 1.67 1.67 1.68 1.68 1.68 1.68 1.67 1.67 1.67 1.67 1.67 1.67 1.66 1.66 1.65 1.62 1.58 1.55 1.54 1.51 1.46 1.44 1.43 1.42 1.36 1.26 1.33 1.69 1.75 1.35 1.22 1.29 1.29 1.15 1.08 1.34 1.78 2.29 2.73 3.79
2.34 2.27 2.17 2.11 2.12 2.15 2.03 1.90 2.11 2.26 1.99 1.85 1.82 1.77 1.76 1.72 1.73 1.83 1.88 1.82 1.75 1.71 1.68 1.62 1.40 1.31 1.75 2.27 2.35 2.17 1.97 1.82 1.70 1.54 1.48 1.54 1.57 1.60 1.63 1.66 1.67 1.68 1.70 1.71 1.72 1.72 1.73 1.73 1.74 1.74 1.74 1.74 1.73 1.73 1.73 1.73 1.72 1.72 1.70 1.68 1.66 1.64 1.62 1.58 1.54 1.50 1.44 1.40 1.32 1.24 1.27 1.51 1.58 1.23 1.13 1.22 1.30 1.20 1.08 1.30 1.69 2.19 2.99 4.11
2.72 2.60 2.38 2.22 2.21 2.23 2.15 2.09 2.14 2.10 1.97 1.92 1.85 1.76 1.73 1.69 1.68 1.74 1.77 1.77 1.81 1.84 1.81 1.72 1.48 1.34 1.59 2.05 2.34 2.36 2.18 2.04 1.97 1.78 1.58 1.55 1.58 1.61 1.65 1.68 1.70 1.72 1.74 1.75 1.76 1.77 1.78 1.79 1.79 1.80 1.79 1.79 1.79 1.79 1.79 1.78 1.78 1.77 1.76 1.74 1.72 1.70 1.68 1.66 1.62 1.57 1.50 1.44 1.38 1.35 1.33 1.36 1.32 1.09 1.04 1.13 1.22 1.17 1.03 1.23 1.71 2.37 3.38 4.02
3.12 2.96 2.59 2.32 2.31 2.33 2.24 2.20 2.14 2.02 1.96 1.94 1.87 1.80 1.76 1.72 1.71 1.74 1.72 1.70 1.75 1.82 1.85 1.80 1.59 1.42 1.56 1.88 2.21 2.40 2.32 2.19 2.18 2.05 1.79 1.63 1.63 1.64 1.66 1.69 1.72 1.75 1.78 1.80 1.81 1.82 1.83 1.84 1.84 1.85 1.85 1.85 1.85 1.84 1.84 1.83 1.83 1.82 1.81 1.79 1.78 1.76 1.74 1.71 1.68 1.63 1.58 1.52 1.49 1.45 1.37 1.28 1.17 0.99 0.97 1.08 1.12 1.08 0.98 1.16 1.86 2.77 3.54 3.51
3.54 3.31 2.85 2.49 2.39 2.43 2.33 2.21 2.14 2.03 1.96 1.93 1.88 1.84 1.80 1.75 1.74 1.77 1.75 1.72 1.73 1.78 1.83 1.82 1.67 1.48 1.54 1.78 2.08 2.35 2.38 2.30 2.30 2.25 2.02 1.81 1.72 1.72 1.71 1.70 1.73 1.78 1.81 1.84 1.86 1.87 1.88 1.89 1.90 1.90 1.90 1.90 1.90 1.90 1.89 1.89 1.88 1.87 1.86 1.85 1.83 1.82 1.79 1.77 1.73 1.69 1.65 1.60 1.58 1.52 1.42 1.30 1.18 1.02 0.96 1.04 1.00 0.93 0.93 1.24 2.17 3.03 3.30 2.88
