windninja/windninja_output/Output_2025-08-09_1200-1250_Google earth_Fire_150m_10min/merlingen_7.5mi_point_08-09-2025_1250_150m_vel.asc
ncols	158
nrows	163
xllcorner	391686.332397
yllcorner	5160024.123721
cellsize	150.000000
NODATA_value	-32768.000000
[rows 0 to 37 of 163, columns 0 to 83 of 158]
0.98 0.95 0.92 0.94 0.97 0.98 0.95 0.95 0.97 0.96 0.95 0.96 1.01 1.07 1.04 0.94 0.82 0.72 0.73 0.76 0.67 0.66 0.86 0.98 0.98 0.92 0.85 0.86 0.94 0.98 0.98 1.00 1.01 0.98 1.01 1.09 1.05 1.02 1.05 1.02 1.05 1.12 1.14 1.17 1.19 1.19 1.22 1.18 1.13 1.20 1.26 1.30 1.35 1.37 1.36 1.38 1.40 1.43 1.46 1.44 1.42 1.47 1.52 1.54 1.56 1.62 1.71 1.74 1.69 1.61 1.57 1.60 1.64 1.68 1.74 1.76 1.76 1.78 1.75 1.71 1.72 1.75 1.84 1.88
0.99 0.96 0.92 0.91 0.92 0.94 0.92 0.88 0.87 0.87 0.87 0.90 0.97 1.06 1.10 1.06 0.94 0.81 0.80 0.81 0.68 0.60 0.73 0.92 1.02 0.98 0.88 0.85 0.91 0.95 0.96 0.98 1.00 0.99 1.00 1.09 1.08 1.05 1.06 1.02 1.04 1.10 1.14 1.19 1.21 1.21 1.25 1.21 1.12 1.14 1.20 1.25 1.30 1.34 1.34 1.35 1.39 1.43 1.48 1.45 1.40 1.42 1.48 1.50 1.50 1.54 1.66 1.75 1.75 1.65 1.56 1.57 1.62 1.65 1.70 1.74 1.76 1.83 1.80 1.70 1.69 1.73 1.83 1.90
1.01 1.01 0.96 0.92 0.91 0.90 0.91 0.89 0.86 0.84 0.85 0.87 0.91 1.00 1.13 1.21 1.14 1.02 0.97 0.92 0.78 0.60 0.56 0.77 1.02 1.07 0.97 0.88 0.89 0.93 0.96 0.98 0.98 1.00 1.01 1.07 1.11 1.11 1.09 1.05 1.05 1.08 1.13 1.21 1.24 1.23 1.28 1.28 1.19 1.12 1.15 1.20 1.26 1.31 1.31 1.32 1.37 1.41 1.48 1.49 1.41 1.39 1.43 1.46 1.43 1.45 1.59 1.76 1.83 1.71 1.55 1.54 1.59 1.62 1.66 1.67 1.73 1.90 1.89 1.70 1.62 1.76 1.85 1.86
0.99 1.04 1.05 0.99 0.97 0.94 0.95 1.00 1.02 1.00 0.96 0.91 0.90 0.94 1.05 1.19 1.19 1.12 1.09 1.02 0.88 0.71 0.56 0.63 0.91 1.08 1.07 1.01 0.97 0.98 1.03 1.03 1.01 1.00 1.02 1.04 1.08 1.12 1.11 1.08 1.07 1.09 1.15 1.22 1.23 1.24 1.26 1.29 1.28 1.23 1.19 1.20 1.26 1.33 1.33 1.32 1.35 1.38 1.42 1.47 1.45 1.39 1.40 1.45 1.43 1.44 1.54 1.73 1.85 1.73 1.56 1.56 1.60 1.60 1.61 1.59 1.65 1.87 1.95 1.72 1.55 1.77 1.94 1.82
0.93 1.00 1.08 1.07 1.03 1.00 0.97 0.99 1.01 1.01 0.97 0.90 0.88 0.91 0.99 1.12 1.17 1.12 1.09 1.07 0.97 0.80 0.61 0.56 0.76 0.97 1.09 1.12 1.10 1.10 1.14 1.17 1.15 1.09 1.04 1.05 1.09 1.11 1.13 1.10 1.08 1.10 1.18 1.23 1.24 1.26 1.26 1.26 1.28 1.29 1.25 1.22 1.25 1.33 1.36 1.36 1.36 1.38 1.38 1.42 1.44 1.39 1.39 1.43 1.43 1.44 1.51 1.71 1.85 1.71 1.58 1.59 1.61 1.60 1.59 1.59 1.60 1.73 1.86 1.75 1.52 1.65 1.92 1.87
0.86 0.89 0.99 1.07 1.08 1.04 0.98 0.94 0.92 0.90 0.88 0.83 0.80 0.84 0.95 1.04 1.14 1.13 1.06 1.04 1.00 0.86 0.63 0.49 0.59 0.78 0.93 1.04 1.09 1.11 1.16 1.24 1.29 1.26 1.17 1.13 1.14 1.15 1.16 1.15 1.11 1.11 1.17 1.21 1.23 1.27 1.26 1.24 1.25 1.26 1.26 1.26 1.27 1.31 1.37 1.39 1.39 1.38 1.37 1.39 1.41 1.39 1.39 1.43 1.44 1.44 1.49 1.69 1.82 1.70 1.64 1.67 1.65 1.56 1.56 1.66 1.70 1.69 1.69 1.70 1.63 1.61 1.78 1.86
0.87 0.85 0.85 0.94 1.02 1.03 0.99 0.93 0.88 0.85 0.82 0.79 0.75 0.78 0.90 0.98 1.08 1.15 1.12 1.08 1.06 0.96 0.71 0.47 0.46 0.60 0.73 0.85 0.94 1.01 1.08 1.18 1.26 1.30 1.30 1.26 1.22 1.21 1.21 1.20 1.17 1.15 1.17 1.18 1.20 1.23 1.24 1.23 1.23 1.21 1.23 1.30 1.32 1.33 1.38 1.41 1.40 1.38 1.36 1.36 1.37 1.37 1.40 1.46 1.48 1.46 1.49 1.67 1.77 1.65 1.66 1.79 1.76 1.56 1.52 1.68 1.82 1.80 1.62 1.62 1.78 1.74 1.70 1.79
0.92 0.89 0.83 0.81 0.85 0.90 0.92 0.90 0.84 0.80 0.77 0.75 0.74 0.78 0.89 0.96 1.00 1.10 1.15 1.13 1.13 1.09 0.89 0.60 0.43 0.48 0.62 0.73 0.80 0.87 0.96 1.05 1.13 1.19 1.24 1.25 1.23 1.21 1.22 1.21 1.19 1.18 1.18 1.19 1.19 1.20 1.20 1.20 1.19 1.16 1.18 1.26 1.31 1.36 1.44 1.45 1.41 1.40 1.36 1.34 1.32 1.30 1.38 1.50 1.56 1.53 1.53 1.65 1.72 1.60 1.59 1.79 1.83 1.66 1.54 1.62 1.81 1.85 1.62 1.61 1.87 1.83 1.66 1.75
0.92 0.92 0.88 0.81 0.77 0.77 0.80 0.83 0.81 0.78 0.74 0.70 0.69 0.74 0.87 0.97 0.97 1.02 1.11 1.13 1.14 1.14 1.04 0.82 0.58 0.47 0.56 0.67 0.70 0.77 0.87 0.94 1.00 1.10 1.16 1.17 1.16 1.15 1.18 1.19 1.18 1.18 1.17 1.17 1.19 1.18 1.16 1.18 1.15 1.09 1.16 1.24 1.23 1.31 1.48 1.49 1.41 1.41 1.38 1.33 1.28 1.20 1.22 1.38 1.55 1.62 1.60 1.63 1.67 1.62 1.60 1.71 1.75 1.69 1.60 1.60 1.76 1.79 1.63 1.67 1.94 1.88 1.60 1.62
0.91 0.91 0.90 0.86 0.82 0.80 0.79 0.80 0.80 0.77 0.73 0.67 0.62 0.64 0.77 0.92 0.96 0.97 1.02 1.11 1.16 1.17 1.12 0.98 0.79 0.58 0.54 0.65 0.69 0.73 0.85 0.89 0.90 1.02 1.14 1.15 1.12 1.12 1.15 1.17 1.18 1.19 1.17 1.16 1.19 1.16 1.13 1.17 1.12 1.02 1.10 1.22 1.17 1.24 1.44 1.50 1.41 1.38 1.38 1.32 1.26 1.18 1.08 1.15 1.39 1.57 1.61 1.59 1.57 1.63 1.71 1.73 1.67 1.63 1.62 1.62 1.72 1.67 1.58 1.78 2.01 1.99 1.66 1.46
0.92 0.92 0.91 0.89 0.86 0.85 0.84 0.83 0.81 0.78 0.74 0.68 0.60 0.57 0.65 0.80 0.89 0.92 0.93 1.01 1.12 1.18 1.18 1.09 0.95 0.79 0.64 0.66 0.71 0.72 0.81 0.85 0.84 0.94 1.07 1.12 1.11 1.10 1.13 1.16 1.19 1.21 1.20 1.17 1.20 1.17 1.09 1.13 1.11 0.98 1.03 1.13 1.12 1.22 1.37 1.47 1.40 1.32 1.31 1.28 1.27 1.21 1.03 1.01 1.26 1.43 1.51 1.49 1.39 1.54 1.76 1.79 1.67 1.58 1.60 1.65 1.74 1.63 1.46 1.68 1.97 2.09 1.89 1.57
0.93 0.92 0.91 0.90 0.88 0.86 0.85 0.84 0.82 0.79 0.75 0.70 0.62 0.57 0.59 0.70 0.80 0.86 0.87 0.88 0.96 1.06 1.14 1.11 1.01 0.89 0.73 0.66 0.68 0.71 0.76 0.81 0.81 0.88 0.98 1.04 1.07 1.08 1.10 1.12 1.16 1.21 1.20 1.18 1.23 1.23 1.10 1.09 1.11 1.02 1.01 1.03 1.05 1.19 1.30 1.39 1.38 1.30 1.24 1.23 1.29 1.24 1.05 1.03 1.21 1.29 1.35 1.31 1.18 1.39 1.69 1.78 1.71 1.56 1.57 1.70 1.83 1.78 1.55 1.54 1.79 2.04 2.05 1.88
0.93 0.92 0.91 0.90 0.89 0.87 0.85 0.83 0.81 0.78 0.75 0.71 0.65 0.58 0.56 0.61 0.67 0.75 0.82 0.84 0.86 0.92 1.00 1.03 0.97 0.86 0.74 0.67 0.67 0.69 0.73 0.79 0.81 0.85 0.91 0.99 1.02 1.03 1.05 1.07 1.12 1.19 1.18 1.18 1.26 1.28 1.21 1.15 1.16 1.13 1.06 1.01 1.04 1.19 1.31 1.30 1.28 1.24 1.19 1.24 1.35 1.30 1.17 1.16 1.20 1.21 1.20 1.11 1.01 1.21 1.48 1.66 1.71 1.53 1.46 1.63 1.81 1.91 1.78 1.60 1.67 1.89 2.01 2.04
0.93 0.92 0.91 0.90 0.89 0.88 0.86 0.83 0.80 0.77 0.74 0.71 0.66 0.62 0.59 0.58 0.57 0.59 0.68 0.77 0.80 0.82 0.88 0.91 0.90 0.84 0.76 0.72 0.70 0.71 0.73 0.76 0.80 0.82 0.85 0.96 1.01 1.01 1.01 1.01 1.09 1.15 1.11 1.12 1.20 1.21 1.17 1.20 1.29 1.29 1.16 1.06 1.06 1.21 1.38 1.30 1.17 1.09 1.09 1.28 1.46 1.40 1.34 1.29 1.20 1.17 1.13 1.09 0.99 0.97 1.19 1.44 1.62 1.49 1.32 1.39 1.61 1.82 1.83 1.69 1.67 1.78 1.87 2.03
0.94 0.93 0.91 0.89 0.87 0.86 0.85 0.83 0.81 0.77 0.74 0.71 0.67 0.65 0.67 0.67 0.63 0.56 0.56 0.65 0.71 0.74 0.80 0.85 0.85 0.81 0.76 0.74 0.73 0.73 0.77 0.77 0.77 0.78 0.81 0.91 1.00 1.03 1.01 0.98 1.04 1.07 1.09 1.12 1.12 1.12 1.06 1.05 1.27 1.46 1.37 1.17 1.11 1.28 1.46 1.38 1.14 0.94 0.96 1.29 1.57 1.54 1.47 1.37 1.27 1.25 1.19 1.18 1.09 0.86 0.87 1.23 1.46 1.41 1.26 1.29 1.49 1.66 1.72 1.71 1.69 1.68 1.76 1.93
0.95 0.94 0.91 0.89 0.87 0.84 0.82 0.81 0.79 0.77 0.74 0.72 0.67 0.64 0.68 0.75 0.76 0.69 0.60 0.60 0.66 0.70 0.75 0.81 0.83 0.80 0.74 0.75 0.76 0.75 0.80 0.84 0.81 0.81 0.82 0.86 0.94 1.00 1.00 1.00 1.01 1.01 1.09 1.18 1.09 1.09 1.12 0.96 0.99 1.34 1.53 1.36 1.26 1.40 1.54 1.60 1.40 1.01 0.93 1.28 1.60 1.64 1.54 1.35 1.40 1.51 1.38 1.31 1.24 0.88 0.77 1.03 1.26 1.24 1.21 1.28 1.42 1.54 1.66 1.81 1.73 1.59 1.68 1.79
0.95 0.94 0.92 0.89 0.87 0.85 0.83 0.81 0.79 0.77 0.74 0.71 0.68 0.62 0.60 0.67 0.75 0.76 0.71 0.66 0.66 0.68 0.72 0.77 0.81 0.81 0.74 0.73 0.77 0.79 0.81 0.84 0.83 0.84 0.86 0.85 0.89 0.94 0.97 1.00 1.02 1.00 1.10 1.22 1.15 1.10 1.19 1.12 0.97 1.10 1.37 1.42 1.38 1.43 1.53 1.67 1.67 1.32 1.05 1.33 1.63 1.69 1.55 1.30 1.41 1.67 1.61 1.46 1.38 1.07 0.81 0.89 1.06 1.06 1.09 1.20 1.29 1.49 1.72 1.87 1.74 1.58 1.65 1.69
0.95 0.94 0.92 0.90 0.88 0.86 0.84 0.81 0.79 0.77 0.74 0.71 0.67 0.61 0.55 0.55 0.63 0.69 0.71 0.69 0.66 0.65 0.66 0.70 0.75 0.77 0.73 0.69 0.70 0.75 0.79 0.81 0.82 0.86 0.91 0.93 0.92 0.92 0.95 1.01 1.04 1.04 1.09 1.15 1.17 1.14 1.15 1.19 1.18 1.16 1.19 1.26 1.33 1.40 1.45 1.56 1.70 1.57 1.31 1.41 1.68 1.74 1.56 1.35 1.41 1.67 1.78 1.62 1.44 1.28 1.05 0.87 0.98 1.01 0.93 1.02 1.16 1.45 1.78 1.81 1.68 1.64 1.62 1.63
0.95 0.94 0.93 0.90 0.88 0.86 0.83 0.81 0.79 0.77 0.74 0.70 0.66 0.62 0.56 0.52 0.55 0.59 0.62 0.62 0.62 0.61 0.61 0.62 0.66 0.70 0.69 0.66 0.64 0.67 0.73 0.77 0.80 0.86 0.94 1.00 0.98 0.93 0.93 0.98 1.01 1.04 1.09 1.11 1.14 1.18 1.13 1.08 1.18 1.27 1.21 1.15 1.20 1.31 1.39 1.47 1.60 1.62 1.49 1.48 1.70 1.79 1.61 1.46 1.47 1.63 1.83 1.75 1.53 1.44 1.26 0.99 1.02 1.03 0.86 0.87 1.05 1.37 1.72 1.72 1.65 1.66 1.52 1.50
0.96 0.94 0.92 0.90 0.88 0.86 0.83 0.81 0.78 0.75 0.73 0.71 0.67 0.63 0.58 0.54 0.53 0.54 0.56 0.58 0.59 0.60 0.60 0.61 0.64 0.66 0.67 0.66 0.65 0.66 0.70 0.74 0.78 0.82 0.89 0.96 0.99 0.93 0.90 0.98 1.02 1.06 1.13 1.15 1.16 1.21 1.21 1.08 1.09 1.26 1.28 1.18 1.12 1.16 1.29 1.41 1.52 1.63 1.60 1.55 1.67 1.79 1.66 1.51 1.51 1.62 1.78 1.78 1.67 1.58 1.36 1.10 1.12 1.14 0.97 0.89 1.00 1.29 1.60 1.70 1.69 1.66 1.48 1.37
0.97 0.95 0.93 0.91 0.88 0.86 0.83 0.80 0.77 0.74 0.72 0.70 0.67 0.64 0.60 0.57 0.56 0.56 0.57 0.58 0.59 0.60 0.61 0.62 0.64 0.66 0.67 0.67 0.68 0.68 0.68 0.72 0.79 0.86 0.92 0.99 1.03 1.00 0.97 1.03 1.07 1.09 1.14 1.17 1.19 1.22 1.23 1.15 1.09 1.22 1.31 1.27 1.16 1.09 1.15 1.26 1.39 1.56 1.67 1.64 1.67 1.83 1.78 1.56 1.55 1.64 1.69 1.76 1.75 1.62 1.39 1.21 1.21 1.23 1.08 0.92 1.04 1.36 1.66 1.78 1.77 1.68 1.51 1.33
0.98 0.97 0.94 0.90 0.87 0.85 0.83 0.80 0.77 0.74 0.71 0.69 0.66 0.63 0.61 0.59 0.58 0.59 0.59 0.59 0.60 0.61 0.61 0.62 0.64 0.66 0.67 0.68 0.69 0.68 0.67 0.70 0.80 0.90 0.96 1.04 1.11 1.09 1.03 1.04 1.08 1.12 1.16 1.19 1.23 1.24 1.22 1.18 1.15 1.21 1.32 1.33 1.26 1.15 1.10 1.14 1.24 1.39 1.58 1.71 1.72 1.88 1.91 1.65 1.60 1.65 1.62 1.72 1.77 1.60 1.40 1.32 1.34 1.35 1.12 0.84 0.94 1.35 1.75 1.97 1.93 1.73 1.61 1.42
0.98 0.96 0.94 0.91 0.88 0.85 0.83 0.80 0.77 0.74 0.71 0.69 0.67 0.64 0.62 0.60 0.59 0.60 0.60 0.60 0.60 0.61 0.61 0.61 0.63 0.66 0.68 0.69 0.70 0.69 0.65 0.67 0.77 0.87 0.91 0.94 1.02 1.06 1.02 1.00 1.04 1.10 1.18 1.24 1.27 1.27 1.24 1.21 1.19 1.23 1.33 1.35 1.32 1.26 1.16 1.13 1.19 1.28 1.38 1.64 1.77 1.93 2.00 1.78 1.68 1.64 1.58 1.69 1.74 1.62 1.48 1.41 1.49 1.52 1.21 0.80 0.75 1.14 1.64 2.04 2.16 1.95 1.84 1.61
0.98 0.97 0.94 0.92 0.89 0.85 0.82 0.78 0.76 0.73 0.71 0.69 0.67 0.65 0.62 0.60 0.59 0.59 0.60 0.60 0.61 0.62 0.62 0.63 0.64 0.66 0.67 0.69 0.69 0.66 0.61 0.60 0.67 0.77 0.84 0.88 0.91 0.96 0.99 0.97 0.98 1.06 1.16 1.27 1.34 1.31 1.27 1.27 1.23 1.23 1.34 1.36 1.34 1.34 1.24 1.16 1.21 1.23 1.21 1.45 1.76 1.98 2.07 1.91 1.70 1.57 1.54 1.62 1.67 1.64 1.55 1.50 1.60 1.60 1.31 0.88 0.68 0.92 1.32 1.78 2.17 2.18 2.10 1.91
1.00 0.98 0.95 0.91 0.88 0.84 0.80 0.77 0.75 0.73 0.70 0.67 0.65 0.64 0.63 0.61 0.59 0.59 0.59 0.59 0.60 0.61 0.62 0.62 0.64 0.65 0.67 0.69 0.68 0.62 0.56 0.53 0.56 0.67 0.79 0.88 0.91 0.93 0.94 0.93 0.93 1.00 1.11 1.27 1.38 1.34 1.30 1.33 1.30 1.27 1.33 1.37 1.37 1.36 1.31 1.23 1.24 1.24 1.15 1.27 1.63 1.99 2.15 2.02 1.69 1.46 1.45 1.51 1.58 1.62 1.57 1.57 1.68 1.60 1.29 1.01 0.82 0.85 1.05 1.39 1.87 2.16 2.22 2.21
1.00 0.99 0.94 0.90 0.87 0.84 0.80 0.77 0.75 0.72 0.69 0.66 0.63 0.62 0.61 0.60 0.59 0.58 0.58 0.58 0.58 0.59 0.60 0.61 0.63 0.67 0.70 0.74 0.75 0.66 0.55 0.51 0.51 0.59 0.74 0.88 0.96 0.99 0.94 0.89 0.90 0.95 1.04 1.21 1.33 1.32 1.35 1.38 1.37 1.36 1.37 1.41 1.40 1.34 1.30 1.24 1.25 1.29 1.23 1.22 1.49 1.93 2.14 2.03 1.74 1.51 1.41 1.44 1.58 1.69 1.69 1.69 1.67 1.47 1.21 1.11 1.15 1.04 0.89 1.04 1.48 1.88 2.08 2.29
1.02 0.99 0.95 0.91 0.87 0.83 0.80 0.77 0.74 0.71 0.68 0.65 0.62 0.60 0.59 0.58 0.57 0.57 0.57 0.57 0.57 0.58 0.59 0.61 0.64 0.68 0.73 0.81 0.84 0.78 0.65 0.56 0.49 0.47 0.58 0.77 0.94 1.07 1.04 0.91 0.90 0.93 0.98 1.15 1.26 1.29 1.42 1.49 1.45 1.43 1.45 1.51 1.49 1.40 1.28 1.16 1.22 1.37 1.38 1.35 1.59 1.96 2.01 1.85 1.75 1.64 1.49 1.45 1.61 1.83 1.95 1.85 1.58 1.33 1.08 1.08 1.42 1.46 0.98 0.82 1.13 1.48 1.71 2.01
1.03 1.01 0.97 0.92 0.87 0.83 0.79 0.76 0.73 0.70 0.67 0.64 0.61 0.58 0.57 0.56 0.56 0.56 0.57 0.57 0.57 0.58 0.60 0.62 0.65 0.68 0.72 0.83 0.93 0.93 0.85 0.71 0.57 0.48 0.45 0.55 0.75 1.03 1.11 0.96 0.90 0.96 0.99 1.11 1.22 1.26 1.43 1.60 1.61 1.48 1.46 1.64 1.67 1.58 1.37 1.07 1.15 1.45 1.56 1.56 1.83 2.05 1.83 1.58 1.59 1.61 1.51 1.48 1.63 1.91 2.15 1.95 1.52 1.24 0.98 0.95 1.40 1.81 1.42 0.87 0.89 1.12 1.36 1.65
1.04 1.02 0.97 0.92 0.87 0.83 0.79 0.75 0.71 0.68 0.65 0.62 0.60 0.58 0.57 0.56 0.56 0.55 0.55 0.56 0.58 0.59 0.60 0.61 0.63 0.67 0.73 0.84 1.00 1.09 1.09 0.98 0.80 0.65 0.55 0.52 0.67 0.95 1.13 1.05 1.00 1.06 1.07 1.13 1.18 1.23 1.35 1.56 1.76 1.62 1.46 1.68 1.83 1.79 1.55 1.09 1.08 1.47 1.74 1.78 1.95 2.05 1.80 1.50 1.46 1.51 1.43 1.46 1.69 1.98 2.19 1.99 1.57 1.27 0.98 0.87 1.17 1.84 1.83 1.20 0.85 0.86 1.13 1.45
1.05 1.02 0.97 0.92 0.87 0.82 0.78 0.74 0.69 0.66 0.64 0.62 0.60 0.59 0.58 0.57 0.56 0.56 0.56 0.57 0.58 0.59 0.59 0.59 0.60 0.64 0.72 0.81 0.94 1.10 1.23 1.26 1.10 0.92 0.79 0.76 0.84 1.03 1.19 1.16 1.16 1.21 1.22 1.26 1.22 1.22 1.32 1.46 1.73 1.78 1.64 1.75 1.94 2.00 1.80 1.32 1.12 1.39 1.86 2.06 1.99 1.86 1.78 1.61 1.47 1.42 1.32 1.41 1.82 2.09 2.10 1.89 1.62 1.37 1.07 0.94 1.16 1.73 2.03 1.64 1.03 0.75 0.94 1.32
1.07 1.04 0.98 0.92 0.86 0.82 0.77 0.73 0.69 0.66 0.63 0.61 0.60 0.58 0.57 0.56 0.56 0.56 0.56 0.57 0.57 0.58 0.59 0.60 0.61 0.63 0.66 0.69 0.76 0.86 1.01 1.19 1.24 1.16 1.03 0.96 0.99 1.08 1.21 1.20 1.19 1.24 1.27 1.34 1.32 1.25 1.29 1.36 1.53 1.66 1.67 1.74 1.91 2.09 1.98 1.54 1.29 1.40 1.88 2.28 2.03 1.60 1.59 1.66 1.56 1.37 1.19 1.34 1.95 2.24 1.98 1.64 1.53 1.38 1.13 1.09 1.22 1.65 2.12 2.02 1.33 0.80 0.83 1.17
1.08 1.05 0.99 0.93 0.88 0.84 0.78 0.73 0.69 0.66 0.63 0.61 0.59 0.58 0.58 0.57 0.56 0.56 0.55 0.56 0.56 0.57 0.59 0.61 0.62 0.64 0.63 0.64 0.66 0.71 0.82 0.99 1.15 1.18 1.06 0.94 0.95 1.04 1.14 1.17 1.15 1.12 1.12 1.20 1.23 1.19 1.20 1.24 1.29 1.35 1.39 1.49 1.67 1.98 1.99 1.64 1.53 1.65 1.96 2.36 2.09 1.49 1.45 1.69 1.73 1.42 1.11 1.30 2.03 2.36 1.87 1.49 1.44 1.29 1.08 1.11 1.23 1.58 2.12 2.28 1.72 1.04 0.89 1.08
1.09 1.05 0.98 0.92 0.88 0.83 0.78 0.73 0.69 0.66 0.64 0.62 0.61 0.60 0.59 0.58 0.57 0.56 0.55 0.56 0.57 0.58 0.60 0.61 0.62 0.62 0.64 0.67 0.72 0.82 0.97 1.07 1.14 1.17 1.02 0.81 0.82 0.94 1.00 1.02 1.05 1.02 1.01 1.07 1.08 1.09 1.14 1.19 1.20 1.25 1.29 1.32 1.43 1.73 1.89 1.67 1.63 1.93 2.24 2.42 2.02 1.40 1.34 1.72 1.98 1.62 1.12 1.23 2.02 2.41 1.90 1.53 1.46 1.22 1.03 1.05 1.17 1.50 2.05 2.40 2.01 1.39 1.16 1.14
1.10 1.06 0.99 0.93 0.87 0.81 0.76 0.72 0.68 0.66 0.64 0.63 0.62 0.61 0.61 0.60 0.59 0.59 0.58 0.58 0.59 0.59 0.60 0.62 0.64 0.65 0.65 0.67 0.72 0.82 0.93 1.03 1.11 1.22 1.13 0.80 0.75 0.90 0.97 0.97 1.02 1.01 1.01 1.04 1.02 1.04 1.12 1.15 1.16 1.24 1.29 1.29 1.33 1.47 1.64 1.58 1.52 1.85 2.40 2.62 2.13 1.37 1.20 1.64 2.16 1.98 1.34 1.17 1.76 2.31 2.03 1.67 1.53 1.24 1.04 1.01 1.08 1.36 1.92 2.42 2.31 1.83 1.57 1.38
1.12 1.09 1.02 0.96 0.89 0.83 0.77 0.72 0.69 0.67 0.65 0.64 0.63 0.62 0.62 0.61 0.61 0.61 0.61 0.61 0.60 0.59 0.59 0.61 0.64 0.65 0.64 0.63 0.63 0.64 0.70 0.82 0.96 1.16 1.26 1.05 0.84 0.89 0.99 1.00 1.03 1.02 1.01 1.01 1.00 1.03 1.08 1.10 1.15 1.22 1.26 1.30 1.32 1.33 1.41 1.49 1.47 1.60 2.13 2.67 2.43 1.55 1.09 1.39 2.14 2.32 1.84 1.36 1.57 2.03 1.96 1.76 1.61 1.31 1.08 0.97 0.97 1.16 1.58 2.17 2.45 2.29 2.06 1.83
1.13 1.10 1.05 0.99 0.92 0.85 0.78 0.74 0.72 0.70 0.68 0.66 0.65 0.64 0.63 0.63 0.63 0.63 0.62 0.62 0.62 0.61 0.61 0.60 0.59 0.60 0.62 0.61 0.58 0.55 0.58 0.69 0.86 1.04 1.24 1.23 1.02 0.91 0.97 0.98 0.99 1.02 1.03 1.01 1.05 1.10 1.06 1.09 1.17 1.23 1.28 1.34 1.36 1.34 1.38 1.48 1.54 1.55 1.81 2.45 2.54 1.74 1.05 1.11 1.86 2.44 2.33 1.84 1.70 1.77 1.67 1.69 1.64 1.37 1.14 0.97 0.92 1.08 1.27 1.59 2.06 2.31 2.40 2.33
1.15 1.12 1.05 0.99 0.92 0.84 0.79 0.76 0.74 0.72 0.71 0.69 0.68 0.67 0.66 0.66 0.66 0.65 0.64 0.64 0.63 0.63 0.62 0.61 0.59 0.59 0.60 0.59 0.58 0.57 0.61 0.68 0.79 0.91 1.05 1.14 1.09 1.01 0.99 0.97 0.94 0.99 1.06 1.06 1.10 1.16 1.11 1.13 1.20 1.23 1.30 1.35 1.40 1.42 1.43 1.50 1.61 1.67 1.78 2.25 2.51 1.90 1.14 0.96 1.42 2.23 2.59 2.37 1.99 1.62 1.43 1.58 1.61 1.39 1.18 1.01 0.96 1.11 1.31 1.39 1.52 1.86 2.30 2.61
1.18 1.15 1.07 0.99 0.90 0.85 0.81 0.78 0.75 0.75 0.74 0.73 0.72 0.71 0.70 0.70 0.69 0.68 0.67 0.66 0.65 0.64 0.63 0.62 0.62 0.62 0.60 0.60 0.63 0.68 0.70 0.68 0.70 0.76 0.90 0.97 1.00 1.03 1.05 1.01 0.98 1.00 1.05 1.10 1.17 1.19 1.16 1.19 1.25 1.30 1.33 1.31 1.37 1.48 1.50 1.48 1.58 1.77 1.89 2.18 2.45 2.09 1.40 0.98 1.11 1.82 2.58 2.68 2.17 1.63 1.48 1.60 1.62 1.38 1.15 1.09 1.00 1.06 1.48 1.59 1.33 1.47 1.94 2.47
