windninja/windninja_output/Output_2025-08-09_1200-1250_Google earth_Fire_150m_10min/merlingen_7.5mi_point_08-09-2025_1240_150m_vel.asc
ncols	158
nrows	163
xllcorner	391686.332397
yllcorner	5160024.123721
cellsize	150.000000
NODATA_value	-32768.000000
[rows 114 to 151 of 163, columns 0 to 83 of 158]
2.80 2.85 2.86 2.86 2.95 2.91 2.75 2.69 2.72 2.80 2.97 3.39 3.46 3.16 3.42 3.53 2.32 1.11 1.30 2.09 3.28 4.84 5.36 3.92 3.09 3.12 2.99 2.69 2.52 2.56 3.58 5.44 6.37 6.42 5.95 4.68 3.66 3.02 2.28 1.74 1.60 1.82 2.17 2.10 1.33 0.57 0.31 0.25 0.24 0.33 0.34 0.17 0.37 1.08 1.76 2.08 2.11 2.30 2.78 3.12 3.02 2.85 3.05 3.33 3.15 3.07 3.32 3.45 3.41 3.12 2.78 2.74 2.81 2.77 2.97 3.29 3.25 2.98 2.78 2.91 3.23 3.03 2.38 2.03
2.64 2.86 3.05 3.01 3.01 3.02 2.97 2.81 2.65 2.68 2.89 3.13 3.14 3.23 3.81 3.95 2.55 0.99 0.95 1.38 2.38 3.82 5.10 5.20 4.45 3.65 3.29 3.21 3.37 2.73 2.77 4.57 6.57 7.26 6.25 4.64 3.49 2.89 2.39 1.90 1.77 2.05 2.28 2.19 1.60 0.85 0.38 0.17 0.12 0.16 0.31 0.35 0.22 0.67 1.48 1.99 2.10 2.17 2.52 2.97 3.03 2.89 3.00 3.33 3.29 3.05 3.18 3.41 3.48 3.35 3.15 3.09 3.13 2.93 2.78 3.12 3.42 3.27 2.87 2.78 3.23 3.26 2.68 2.25
2.40 2.74 3.08 3.11 3.04 2.97 2.99 3.01 2.96 2.91 3.01 2.84 2.62 2.95 3.94 4.38 2.91 1.00 0.76 0.94 1.82 2.87 3.96 5.05 5.32 4.57 3.65 3.56 3.96 3.11 2.53 3.84 6.07 7.57 6.74 4.75 3.39 2.67 2.53 2.26 2.04 2.22 2.31 2.28 1.92 1.13 0.51 0.22 0.17 0.08 0.19 0.39 0.40 0.40 1.13 1.83 2.09 2.12 2.33 2.75 2.91 2.88 3.00 3.26 3.31 3.09 3.12 3.34 3.49 3.47 3.36 3.36 3.52 3.50 3.03 2.90 3.24 3.47 3.17 2.82 3.13 3.32 2.76 2.32
2.22 2.59 2.98 3.09 3.05 2.93 2.80 2.92 3.20 3.39 3.36 2.67 2.10 2.45 3.82 4.78 3.37 1.09 0.60 0.68 1.35 2.17 2.85 3.88 4.98 5.33 4.65 4.23 4.66 3.54 2.54 3.04 4.78 7.01 7.07 4.96 3.40 2.66 2.72 2.72 2.48 2.42 2.38 2.41 2.23 1.49 0.81 0.49 0.34 0.28 0.20 0.40 0.54 0.48 0.83 1.63 2.08 2.15 2.24 2.55 2.72 2.76 2.99 3.27 3.32 3.13 3.13 3.30 3.45 3.51 3.47 3.47 3.68 3.98 3.87 3.32 3.05 3.34 3.45 3.16 3.21 3.33 2.76 2.25
2.15 2.42 2.88 3.09 3.06 2.90 2.67 2.72 3.06 3.45 3.72 2.91 1.82 1.99 3.38 4.96 4.28 1.56 0.35 0.27 0.54 1.28 1.96 2.59 3.44 4.53 4.74 4.76 5.23 4.80 3.53 2.99 3.74 5.89 6.79 6.21 4.87 3.55 3.33 3.27 2.96 2.80 2.66 2.59 2.44 1.90 1.20 0.78 0.57 0.47 0.38 0.46 0.64 0.64 0.70 1.38 2.00 2.20 2.25 2.45 2.57 2.55 2.77 3.18 3.34 3.25 3.22 3.36 3.48 3.51 3.46 3.42 3.58 4.00 4.39 4.18 3.49 3.30 3.48 3.45 3.49 3.44 2.83 2.23
2.15 2.32 2.76 3.12 3.01 2.77 2.67 2.68 2.90 3.13 3.65 3.34 1.88 1.74 2.81 4.57 4.98 2.69 0.57 0.10 0.19 0.60 1.29 1.90 2.43 2.95 3.31 3.69 4.58 5.01 4.57 3.81 3.99 5.30 6.14 6.56 6.18 4.97 4.40 4.24 3.97 3.58 3.27 3.02 2.77 2.36 1.68 1.12 0.80 0.66 0.57 0.56 0.70 0.74 0.69 1.14 1.85 2.19 2.27 2.42 2.53 2.45 2.53 2.84 3.07 3.20 3.21 3.32 3.54 3.60 3.43 3.29 3.36 3.69 4.29 4.67 4.35 3.79 3.63 3.61 3.63 3.55 2.99 2.39
2.09 2.23 2.69 3.22 3.10 2.67 2.69 2.79 2.91 2.83 3.21 3.50 2.18 1.63 2.42 4.04 5.18 3.96 1.47 0.35 0.46 0.60 1.00 1.61 2.12 2.41 2.60 2.86 3.40 3.99 4.49 4.35 4.42 5.11 5.57 5.91 5.93 5.49 4.69 4.48 4.77 4.68 4.28 3.86 3.45 3.00 2.37 1.72 1.23 0.94 0.79 0.71 0.77 0.85 0.81 1.01 1.68 2.12 2.24 2.40 2.55 2.44 2.48 2.62 2.60 2.75 2.76 2.69 3.11 3.54 3.48 3.23 3.14 3.29 3.79 4.49 4.84 4.59 4.19 3.95 3.76 3.61 3.13 2.60
1.97 2.15 2.60 3.25 3.48 3.12 3.14 3.28 3.16 2.64 2.82 3.63 2.53 1.41 2.08 3.65 5.21 4.75 2.56 0.98 0.56 0.83 1.13 1.58 2.10 2.36 2.47 2.71 3.43 4.13 4.35 4.52 4.74 4.87 5.38 5.49 5.13 5.22 4.22 3.59 4.25 4.84 4.96 4.39 3.84 3.42 2.89 2.24 1.66 1.33 1.06 0.89 0.88 0.97 0.94 1.01 1.63 2.09 2.21 2.37 2.52 2.42 2.45 2.61 2.55 2.68 2.63 2.09 2.15 2.92 3.28 3.22 3.09 3.00 3.18 3.79 4.59 5.06 4.98 4.60 4.17 3.85 3.31 2.81
1.80 2.05 2.43 2.88 3.43 3.68 3.91 4.20 3.98 2.92 2.73 3.79 2.86 1.13 1.44 2.81 4.88 5.33 3.42 1.84 1.01 1.02 1.31 1.68 2.20 2.38 2.45 2.90 3.97 4.57 4.21 4.39 4.76 4.55 5.15 5.32 4.70 5.01 4.16 2.96 3.09 3.97 5.08 4.92 4.01 3.45 2.95 2.28 1.80 1.55 1.31 1.07 0.97 1.06 1.03 1.02 1.56 2.10 2.24 2.43 2.50 2.41 2.47 2.61 2.72 3.08 3.13 2.37 1.81 2.00 2.60 2.92 3.01 2.91 2.78 2.98 3.68 4.63 5.24 5.30 4.95 4.42 3.67 3.10
1.59 1.85 2.16 2.28 2.69 3.25 3.75 4.40 4.84 4.08 3.40 4.18 3.17 1.05 0.99 1.97 3.89 5.49 4.68 2.98 2.00 1.50 1.48 1.81 2.24 2.42 2.52 3.22 4.62 4.80 3.81 4.01 4.49 4.25 4.83 5.19 4.44 4.76 4.64 3.06 2.44 3.09 4.59 5.48 4.74 3.75 3.03 2.24 1.81 1.67 1.52 1.31 1.14 1.17 1.11 1.02 1.39 1.99 2.15 2.32 2.48 2.50 2.58 2.63 2.73 3.21 3.55 3.19 2.28 1.70 1.91 2.42 2.67 2.72 2.59 2.46 2.72 3.54 4.52 5.22 5.52 5.31 4.45 3.55
1.58 1.80 2.03 2.00 2.20 2.75 3.20 3.82 4.78 4.76 4.67 4.88 3.10 1.22 1.00 1.58 2.78 4.65 5.51 4.52 3.19 2.36 1.86 1.93 2.18 2.33 2.60 3.83 5.32 4.53 3.09 3.63 4.27 4.06 4.51 5.07 4.33 4.23 4.62 3.48 2.40 2.42 3.50 5.29 5.67 4.57 3.44 2.50 1.91 1.82 1.78 1.62 1.40 1.34 1.28 1.22 1.46 2.05 2.24 2.10 2.29 2.64 2.71 2.70 2.84 3.16 3.49 3.67 3.29 2.20 1.78 2.10 2.30 2.30 2.31 2.16 2.08 2.52 3.37 4.16 4.94 5.65 5.42 4.29
1.63 1.88 2.08 1.99 2.11 2.57 2.94 3.36 4.26 4.63 5.20 5.80 4.02 1.71 1.28 1.51 2.05 3.10 4.66 5.47 5.16 3.78 2.68 2.30 2.44 2.67 3.49 5.15 5.11 3.35 2.26 3.29 4.21 3.92 4.12 4.92 4.36 3.81 4.27 3.74 2.60 2.07 2.51 4.31 5.79 5.40 4.09 2.84 2.09 1.91 1.88 1.79 1.65 1.55 1.50 1.53 1.83 2.40 2.73 2.39 2.30 2.67 2.80 2.81 3.03 3.28 3.37 3.62 3.79 3.29 2.44 2.28 2.33 2.13 2.02 1.91 1.76 1.84 2.34 2.95 3.52 4.77 5.69 5.22
1.53 1.83 2.08 1.93 2.02 2.40 2.79 3.11 3.65 4.16 4.97 6.35 5.72 2.94 2.09 1.77 1.68 2.16 3.15 4.58 5.50 5.39 3.83 2.99 3.46 4.12 4.52 4.67 3.52 2.01 1.68 2.94 4.21 3.88 3.81 4.67 4.48 3.69 3.68 3.58 2.78 1.97 1.96 3.23 5.24 5.77 4.71 3.36 2.48 2.13 2.00 1.85 1.75 1.72 1.65 1.63 1.87 2.45 2.97 2.85 2.62 2.75 2.82 2.86 3.09 3.34 3.41 3.51 3.75 3.80 3.50 3.11 2.76 2.35 2.06 1.86 1.68 1.62 1.80 2.20 2.62 3.53 4.81 5.35
1.44 1.75 2.05 1.86 1.87 2.25 2.71 3.05 3.21 3.58 4.36 5.93 6.61 5.28 3.82 2.42 1.62 1.94 2.65 3.50 4.58 5.35 4.88 3.90 4.08 4.44 4.02 3.06 2.20 1.52 1.31 2.43 4.01 4.11 3.92 4.44 4.49 3.89 3.30 3.20 2.82 2.01 1.69 2.31 4.24 5.64 5.04 3.66 2.80 2.35 2.16 2.00 1.83 1.79 1.74 1.67 1.77 2.28 2.83 2.89 2.80 2.83 2.84 2.90 3.12 3.33 3.42 3.48 3.61 3.75 3.93 3.90 3.44 2.86 2.43 2.10 1.75 1.63 1.76 1.86 2.13 2.79 3.57 4.38
1.41 1.69 2.03 1.85 1.72 1.97 2.48 2.94 3.03 3.10 3.53 4.73 6.21 6.75 6.02 3.63 2.23 2.32 2.87 3.87 4.28 4.60 4.98 4.57 4.50 4.54 3.74 2.68 1.85 1.38 1.30 1.98 3.37 4.08 4.42 4.67 4.53 4.00 3.26 3.03 2.78 2.23 1.76 1.74 3.09 5.11 5.25 3.83 2.98 2.56 2.26 2.12 2.02 1.96 1.88 1.81 1.84 2.20 2.71 2.85 2.85 2.89 2.92 3.02 3.19 3.35 3.42 3.47 3.57 3.65 3.92 4.28 4.14 3.46 2.89 2.53 2.02 1.78 1.86 1.88 1.94 2.23 2.70 3.31
1.39 1.65 1.99 1.80 1.59 1.75 2.10 2.55 2.74 2.72 2.81 3.41 4.55 5.96 6.75 6.28 4.18 3.33 4.07 4.95 4.18 3.58 4.48 5.04 5.19 5.07 4.10 2.77 1.89 1.52 1.50 1.67 2.38 3.28 4.37 5.29 5.14 4.10 3.36 3.13 2.87 2.49 2.09 1.79 2.25 4.01 4.99 4.24 3.43 2.97 2.55 2.30 2.13 2.08 1.99 1.91 1.96 2.28 2.71 2.86 2.89 2.94 3.00 3.11 3.25 3.39 3.43 3.46 3.54 3.65 3.89 4.34 4.61 4.22 3.49 3.06 2.53 1.98 1.92 2.05 2.08 2.04 2.08 2.46
1.40 1.66 2.06 1.89 1.61 1.83 2.14 2.31 2.36 2.29 2.26 2.38 2.85 3.77 5.16 6.49 6.30 5.64 5.55 4.78 3.28 2.83 3.50 4.80 5.75 5.60 4.24 2.93 2.31 1.84 1.62 1.46 1.51 2.19 3.30 5.00 5.96 5.05 3.75 3.36 3.11 2.76 2.48 2.15 2.02 2.67 3.99 4.16 3.83 3.32 2.80 2.53 2.24 2.10 2.00 1.89 1.97 2.34 2.76 2.93 2.91 2.92 3.04 3.15 3.28 3.41 3.46 3.45 3.49 3.63 3.89 4.27 4.66 4.73 4.33 3.81 3.15 2.32 2.09 2.21 2.19 2.13 1.98 1.89
1.44 1.67 2.13 2.15 1.83 1.99 2.35 2.55 2.50 2.18 1.94 1.91 2.11 2.72 3.61 4.94 6.88 7.45 6.00 3.77 2.87 2.64 2.83 3.78 5.66 6.15 4.15 3.13 2.83 2.19 1.75 1.43 1.20 1.38 2.24 3.71 5.55 6.09 5.00 4.02 3.62 3.16 2.87 2.57 2.06 1.83 2.43 3.28 3.72 3.41 2.84 2.61 2.39 2.19 2.05 1.90 1.90 2.26 2.71 2.93 2.93 2.88 2.92 3.11 3.25 3.38 3.48 3.44 3.43 3.55 3.86 4.24 4.51 4.79 4.84 4.62 3.93 2.80 2.35 2.45 2.43 2.23 1.92 1.72
1.45 1.60 1.97 2.23 2.15 2.08 2.27 2.75 3.14 2.69 2.00 1.80 1.92 2.39 3.26 4.35 6.97 8.22 5.93 3.64 2.98 2.63 2.58 3.01 4.77 6.28 5.21 3.57 3.12 2.49 1.93 1.53 1.12 0.98 1.61 2.60 4.02 5.59 5.85 5.38 4.70 3.88 3.42 3.07 2.29 1.40 1.33 2.17 3.17 3.29 2.81 2.60 2.44 2.27 2.14 2.00 1.97 2.25 2.69 2.91 2.98 3.00 2.84 3.00 3.22 3.30 3.43 3.41 3.33 3.42 3.74 4.12 4.36 4.75 4.99 5.01 4.70 3.45 2.64 2.84 2.77 2.25 1.82 1.69
1.50 1.60 1.79 2.10 2.38 2.21 2.00 2.36 3.28 3.63 2.75 2.03 2.05 2.57 3.27 4.57 7.12 7.99 6.60 4.43 3.18 2.64 2.53 2.77 3.75 5.62 6.05 4.59 3.44 2.72 2.13 1.70 1.19 1.09 1.35 1.96 2.94 4.16 5.11 5.78 5.64 4.64 4.03 3.74 2.94 1.95 1.45 1.67 2.56 2.98 2.72 2.50 2.40 2.31 2.22 2.15 2.13 2.37 2.77 3.00 3.15 3.23 3.03 3.03 3.25 3.30 3.39 3.37 3.19 3.26 3.58 3.90 4.11 4.58 5.14 5.40 5.26 3.98 2.89 3.08 3.12 2.34 1.69 1.58
1.62 1.72 1.79 2.01 2.44 2.37 2.00 1.97 2.51 3.56 3.69 2.85 2.80 3.28 4.16 6.06 7.24 7.18 6.47 5.54 4.07 2.63 2.40 2.47 2.65 4.03 5.91 6.05 4.52 3.19 2.45 1.97 1.50 1.36 1.40 1.58 2.30 3.08 4.02 5.26 5.78 5.10 4.44 4.12 3.46 2.85 2.23 1.94 2.36 2.82 2.77 2.53 2.38 2.31 2.24 2.20 2.24 2.47 2.76 2.98 3.22 3.31 3.20 3.17 3.33 3.43 3.45 3.47 3.23 3.02 3.25 3.63 3.85 4.13 4.96 5.81 5.89 4.64 3.22 3.12 3.25 2.65 1.75 1.41
1.67 1.88 1.97 2.05 2.41 2.49 2.25 2.06 2.03 2.67 3.49 3.41 3.30 4.16 6.31 7.33 6.72 6.12 5.77 5.71 5.03 3.17 2.33 2.17 1.92 2.52 4.47 6.23 5.99 4.28 2.96 2.41 2.02 1.62 1.49 1.50 1.69 2.28 3.51 4.88 5.34 5.11 4.71 4.07 3.65 3.40 2.88 2.41 2.48 2.84 2.89 2.69 2.47 2.33 2.22 2.17 2.27 2.53 2.74 2.91 3.15 3.26 3.26 3.28 3.39 3.56 3.58 3.68 3.64 3.10 2.80 3.12 3.49 3.71 4.46 5.69 6.33 5.67 3.91 3.29 3.18 2.70 2.09 1.62
1.48 1.91 2.22 2.11 2.34 2.44 2.36 2.30 2.18 2.38 2.83 3.12 3.15 4.75 7.78 7.45 5.75 5.46 5.20 5.33 5.13 3.79 2.66 2.20 1.80 1.89 3.09 5.14 6.30 5.52 3.87 2.97 2.66 2.13 1.68 1.58 1.38 1.68 3.31 4.76 4.69 4.71 4.72 3.89 3.60 3.53 3.15 2.62 2.52 2.74 2.81 2.71 2.55 2.39 2.26 2.17 2.27 2.58 2.78 2.96 3.15 3.24 3.31 3.34 3.45 3.66 3.70 3.85 4.19 3.74 2.86 2.61 2.86 3.07 3.71 5.07 6.25 6.37 5.32 3.96 3.20 2.66 2.30 2.05
1.15 1.60 2.26 2.32 2.38 2.37 2.23 2.27 2.43 2.61 2.75 3.03 3.15 5.40 8.22 7.13 5.52 5.09 4.68 4.88 4.89 3.95 3.03 2.54 1.91 1.69 2.31 3.99 5.65 5.89 4.73 3.68 3.19 2.69 2.17 1.64 1.27 1.31 3.13 4.71 4.28 4.03 4.21 3.79 3.50 3.47 3.18 2.69 2.56 2.68 2.71 2.65 2.55 2.41 2.27 2.18 2.29 2.61 2.76 2.93 3.13 3.25 3.36 3.36 3.44 3.70 3.83 3.98 4.47 4.52 3.55 2.68 2.52 2.48 2.53 3.71 5.44 6.30 6.26 5.55 4.01 2.81 2.46 2.37
1.03 1.27 1.86 2.40 2.69 2.50 2.12 2.04 2.30 2.68 3.03 3.31 3.81 6.73 8.22 6.77 5.49 4.86 4.29 4.64 4.86 4.06 3.28 2.80 2.16 1.81 2.06 3.29 4.65 5.25 5.25 4.79 3.88 3.14 2.72 1.92 1.19 1.26 2.78 4.50 4.16 3.41 3.53 3.53 3.43 3.51 3.30 2.84 2.68 2.72 2.71 2.67 2.57 2.45 2.30 2.19 2.31 2.57 2.72 2.85 3.02 3.19 3.38 3.39 3.47 3.71 3.94 4.19 4.56 4.91 4.52 3.39 2.75 2.48 2.19 2.41 3.96 5.32 5.95 6.35 5.58 3.51 2.92 2.59
1.34 1.32 1.42 2.05 2.82 2.93 2.48 2.16 2.18 2.48 3.07 3.81 5.69 7.94 7.62 5.87 5.30 5.02 4.70 4.94 5.07 4.35 3.53 2.93 2.40 2.13 2.23 2.78 3.61 3.95 4.48 5.34 5.08 3.89 3.32 2.35 1.36 1.45 2.49 3.94 3.83 3.17 3.18 3.18 3.22 3.43 3.36 3.01 2.83 2.78 2.73 2.71 2.64 2.57 2.45 2.28 2.33 2.52 2.69 2.82 2.92 3.10 3.27 3.35 3.58 3.87 4.08 4.42 4.71 4.98 5.10 4.50 3.32 2.59 2.28 2.15 2.77 4.08 4.84 5.86 6.17 4.90 3.78 2.79
1.66 1.61 1.49 1.67 2.26 2.95 3.18 2.81 2.49 2.79 3.18 4.55 7.69 8.10 5.85 4.80 4.93 4.81 4.58 5.28 5.73 4.90 3.87 3.16 2.67 2.49 2.45 2.50 2.81 2.83 3.09 4.63 5.53 5.07 4.27 3.00 1.84 1.67 2.15 3.01 3.26 3.15 3.14 2.97 2.98 3.21 3.23 3.04 2.93 2.86 2.77 2.67 2.55 2.55 2.58 2.45 2.38 2.49 2.68 2.80 2.88 3.04 3.09 3.14 3.58 4.14 4.44 4.70 4.92 5.15 5.40 5.28 4.22 2.95 2.42 2.04 2.14 3.21 3.99 4.88 5.83 5.50 4.26 3.08
1.65 1.93 1.98 1.60 1.54 2.06 3.07 3.31 3.28 3.83 4.14 6.44 8.52 6.60 4.34 4.24 4.40 4.39 4.00 4.61 5.72 5.75 4.85 3.81 3.11 2.80 2.61 2.40 2.38 2.30 2.40 3.47 4.70 5.43 5.26 3.93 2.51 2.07 1.96 2.26 2.82 3.10 3.13 2.95 2.89 3.03 3.09 3.05 3.00 2.93 2.87 2.74 2.41 2.21 2.41 2.46 2.42 2.51 2.69 2.82 2.90 3.02 2.95 2.85 3.26 4.05 4.67 5.04 5.30 5.61 5.76 5.84 5.33 3.90 2.67 1.74 1.70 2.78 3.71 4.38 5.44 5.58 4.34 3.15
1.39 2.07 2.57 1.86 1.46 1.63 2.15 2.79 3.61 4.48 5.68 8.34 8.37 4.78 3.78 3.96 4.11 4.39 4.16 3.99 4.60 5.37 5.53 5.16 4.30 3.43 2.77 2.27 2.20 2.24 2.29 2.66 3.46 4.74 5.59 4.74 3.19 2.59 2.38 2.34 2.78 3.19 3.25 3.13 3.03 3.02 3.04 3.06 3.07 3.02 2.99 3.03 2.74 2.10 1.93 2.05 2.23 2.45 2.60 2.80 2.95 2.98 2.84 2.61 2.73 3.31 4.04 4.65 5.24 5.87 6.15 6.23 6.30 5.37 2.98 1.52 1.58 2.80 3.99 4.75 5.20 5.29 4.57 3.28
1.15 1.95 2.88 2.51 1.86 1.79 2.00 2.29 3.14 4.08 6.78 8.86 6.94 4.30 3.83 3.83 4.07 4.62 4.51 3.70 3.60 4.14 4.86 5.40 5.11 4.46 3.84 3.01 2.39 2.36 2.43 2.62 2.77 3.61 5.19 5.06 3.70 2.96 2.72 2.66 2.89 3.25 3.37 3.31 3.21 3.13 3.10 3.11 3.11 3.10 3.12 3.32 3.30 2.62 1.83 1.41 1.78 2.25 2.39 2.60 2.84 2.89 2.74 2.47 2.41 2.70 3.05 3.46 4.10 5.11 5.92 6.29 6.75 6.28 3.94 1.92 1.92 2.89 4.47 5.21 4.61 4.71 4.81 3.43
1.24 1.71 2.60 3.05 2.64 2.32 2.36 2.57 3.09 3.42 6.09 9.30 7.23 4.40 3.97 3.78 4.17 4.86 4.51 3.39 3.33 3.69 4.15 4.72 4.71 4.35 4.18 4.09 3.49 2.82 2.67 2.77 2.46 2.73 4.45 4.65 3.64 3.00 2.79 2.83 2.96 3.20 3.34 3.36 3.29 3.22 3.19 3.19 3.19 3.24 3.35 3.54 3.65 3.25 2.13 1.11 1.30 1.91 2.23 2.41 2.56 2.70 2.72 2.52 2.40 2.70 2.99 3.05 3.22 3.72 4.73 5.91 6.93 6.78 4.89 2.90 2.30 2.85 4.75 5.49 4.39 4.56 4.76 3.20
1.76 1.72 1.92 2.71 3.22 3.26 3.20 3.21 3.40 3.38 5.00 9.13 8.43 4.69 3.91 3.80 4.31 4.88 4.13 3.45 3.54 3.72 3.98 4.15 4.00 3.72 3.56 3.92 3.95 3.62 3.39 3.03 2.27 2.36 3.60 3.90 3.34 2.85 2.72 2.85 3.04 3.21 3.34 3.38 3.33 3.28 3.25 3.23 3.27 3.44 3.65 3.82 3.93 3.59 2.47 1.29 1.02 1.42 2.05 2.36 2.26 2.37 2.66 2.69 2.57 2.90 3.25 3.10 3.05 3.25 3.55 4.78 6.69 7.00 5.37 3.69 2.75 2.76 4.60 5.60 4.92 4.91 4.44 2.76
2.61 2.15 1.59 1.78 2.73 3.65 4.15 4.29 4.17 3.61 5.13 8.53 7.78 4.61 3.92 4.04 4.54 4.89 4.37 3.97 3.89 3.85 4.00 3.88 3.66 3.63 3.44 3.38 3.46 3.39 3.73 3.81 2.84 2.23 2.83 3.37 3.12 2.78 2.64 2.77 3.03 3.23 3.37 3.46 3.44 3.36 3.33 3.30 3.38 3.60 3.86 4.15 4.29 3.77 2.80 1.79 1.08 1.12 1.82 2.27 2.06 2.01 2.37 2.66 2.79 3.16 3.49 3.33 3.23 3.40 3.45 3.98 5.78 6.82 5.68 4.25 3.51 3.13 3.79 5.13 5.56 5.06 3.93 3.07
3.64 2.73 1.63 1.39 1.75 2.76 3.89 5.15 5.41 4.93 6.73 7.98 6.03 3.95 3.62 3.96 4.67 4.84 4.61 4.76 4.89 4.68 4.43 4.12 3.83 3.81 3.54 3.29 3.20 2.73 2.94 3.96 3.55 2.52 2.63 3.17 3.12 2.85 2.73 2.78 3.00 3.22 3.38 3.54 3.61 3.50 3.42 3.45 3.62 3.78 4.02 4.52 4.71 3.99 3.11 2.27 1.40 1.21 1.57 2.00 1.88 1.76 2.01 2.30 2.64 3.11 3.51 3.55 3.55 3.70 3.82 4.04 5.11 6.26 5.66 4.64 4.47 4.08 3.40 4.27 5.53 5.01 4.34 3.61
4.30 3.27 1.91 1.61 1.71 1.99 2.56 4.27 6.24 6.97 7.27 6.46 4.69 3.63 3.11 3.42 4.33 4.52 4.19 4.47 5.12 5.36 5.38 5.52 5.25 4.34 3.70 3.36 3.11 2.41 2.19 3.27 3.56 2.82 2.69 3.11 3.23 3.01 2.86 2.86 3.02 3.23 3.32 3.47 3.67 3.64 3.54 3.69 3.90 3.98 4.25 4.87 5.13 4.49 3.56 2.78 1.93 1.47 1.48 1.68 1.64 1.63 1.84 2.08 2.32 2.72 3.16 3.44 3.55 3.74 3.97 4.07 4.83 5.80 5.68 4.99 4.98 4.68 3.65 4.16 5.24 5.52 5.56 4.58
4.10 3.78 2.83 2.21 2.06 2.12 2.19 3.28 6.61 7.91 6.75 5.29 4.54 3.74 3.09 3.03 3.67 4.22 4.06 3.89 4.22 4.68 4.91 5.69 6.57 6.30 4.77 3.60 3.07 2.53 1.95 2.49 3.20 2.93 2.74 3.01 3.25 3.20 3.06 3.00 3.08 3.29 3.35 3.38 3.56 3.64 3.58 3.82 4.04 4.10 4.49 5.18 5.50 5.17 4.33 3.28 2.35 1.73 1.62 1.48 1.37 1.55 1.81 2.05 2.26 2.52 2.86 3.15 3.36 3.60 3.70 3.56 4.01 5.10 5.63 5.49 5.30 4.59 3.65 4.21 4.94 5.42 6.30 5.94
3.01 3.62 4.04 3.52 3.16 2.61 2.11 3.48 7.40 8.31 6.12 5.18 4.83 4.00 3.40 3.01 3.05 3.61 4.12 3.96 3.63 3.64 3.62 4.33 6.08 7.36 6.69 4.23 3.14 2.82 2.15 2.23 2.81 2.94 2.82 2.88 3.13 3.24 3.22 3.19 3.19 3.36 3.44 3.40 3.54 3.71 3.65 3.74 4.01 4.19 4.59 5.37 5.88 5.86 5.16 3.76 2.69 2.04 1.79 1.65 1.36 1.47 1.84 2.11 2.33 2.45 2.69 2.95 3.29 3.77 3.73 2.91 2.61 3.56 4.83 5.88 5.78 4.21 3.13 3.84 4.22 4.45 5.88 6.85
1.78 2.60 3.77 4.34 4.63 3.52 2.23 3.96 7.89 7.78 5.11 4.89 5.21 4.73 3.95 3.30 2.86 3.00 3.60 3.87 3.56 3.22 3.00 3.46 4.81 6.92 7.89 5.77 3.31 2.83 2.55 2.40 2.64 2.88 2.90 2.81 2.94 3.10 3.19 3.26 3.31 3.46 3.51 3.41 3.54 3.95 4.01 3.67 3.77 4.18 4.55 5.27 6.16 6.47 5.86 4.34 3.07 2.30 1.92 1.89 1.72 1.50 1.85 2.20 2.38 2.38 2.56 2.81 3.16 3.89 3.91 2.63 1.73 2.44 3.94 5.99 6.21 4.18 2.93 3.19 3.50 3.71 4.81 6.87
