windninja/windninja_output/Output_2025-08-09_1200-1250_Google earth_Fire_150m_10min/merlingen_7.5mi_point_08-09-2025_1240_150m_vel.asc
ncols	158
nrows	163
xllcorner	391686.332397
yllcorner	5160024.123721
cellsize	150.000000
NODATA_value	-32768.000000
[rows 0 to 37 of 163, columns 0 to 83 of 158]
1.50 1.45 1.42 1.49 1.57 1.61 1.60 1.58 1.59 1.59 1.57 1.53 1.44 1.30 1.13 0.94 0.74 0.64 0.70 0.79 0.92 1.15 1.37 1.45 1.38 1.25 1.14 1.13 1.22 1.26 1.23 1.17 1.09 1.03 1.04 1.04 0.94 0.83 0.79 0.81 0.89 0.96 0.97 0.95 0.93 0.92 0.89 0.84 0.96 1.19 1.35 1.44 1.49 1.50 1.47 1.42 1.36 1.31 1.28 1.27 1.30 1.35 1.38 1.39 1.44 1.52 1.56 1.52 1.43 1.35 1.34 1.37 1.40 1.41 1.45 1.47 1.46 1.42 1.34 1.32 1.36 1.40 1.43 1.41
1.55 1.51 1.48 1.49 1.52 1.53 1.50 1.43 1.39 1.40 1.45 1.51 1.53 1.50 1.42 1.28 1.15 1.08 1.10 1.14 1.16 1.23 1.37 1.47 1.47 1.37 1.27 1.22 1.21 1.20 1.18 1.15 1.13 1.11 1.08 1.10 1.09 1.04 1.02 1.00 1.01 1.05 1.09 1.12 1.13 1.14 1.16 1.11 1.07 1.12 1.21 1.26 1.31 1.34 1.34 1.34 1.34 1.35 1.35 1.32 1.28 1.31 1.36 1.38 1.40 1.44 1.50 1.52 1.48 1.40 1.36 1.38 1.41 1.42 1.45 1.47 1.49 1.49 1.43 1.36 1.38 1.41 1.43 1.46
1.64 1.64 1.61 1.57 1.51 1.47 1.44 1.41 1.39 1.45 1.56 1.63 1.66 1.69 1.73 1.73 1.72 1.68 1.62 1.54 1.45 1.35 1.33 1.41 1.52 1.54 1.45 1.33 1.24 1.19 1.17 1.15 1.16 1.18 1.18 1.22 1.29 1.32 1.30 1.26 1.23 1.23 1.28 1.34 1.38 1.42 1.47 1.48 1.37 1.22 1.18 1.21 1.24 1.26 1.27 1.31 1.36 1.39 1.43 1.43 1.37 1.35 1.38 1.40 1.37 1.37 1.43 1.52 1.54 1.47 1.40 1.39 1.41 1.42 1.43 1.47 1.53 1.61 1.56 1.45 1.43 1.49 1.49 1.49
1.71 1.75 1.75 1.69 1.63 1.59 1.63 1.76 1.88 1.93 1.88 1.79 1.73 1.71 1.76 1.87 1.90 1.89 1.82 1.69 1.55 1.44 1.36 1.38 1.53 1.69 1.70 1.61 1.52 1.47 1.43 1.36 1.28 1.26 1.30 1.34 1.35 1.36 1.36 1.37 1.41 1.45 1.47 1.51 1.54 1.57 1.58 1.61 1.61 1.55 1.46 1.42 1.42 1.43 1.41 1.37 1.36 1.36 1.39 1.44 1.45 1.41 1.40 1.41 1.39 1.38 1.43 1.51 1.56 1.50 1.44 1.41 1.40 1.38 1.38 1.39 1.45 1.59 1.63 1.51 1.44 1.57 1.63 1.54
1.69 1.74 1.81 1.80 1.75 1.76 1.83 1.92 1.98 1.94 1.84 1.75 1.73 1.75 1.79 1.85 1.85 1.79 1.71 1.64 1.54 1.44 1.40 1.42 1.54 1.72 1.89 1.95 1.92 1.88 1.85 1.79 1.69 1.57 1.49 1.46 1.43 1.45 1.51 1.55 1.59 1.63 1.68 1.70 1.70 1.68 1.64 1.62 1.63 1.63 1.56 1.48 1.45 1.47 1.46 1.41 1.37 1.35 1.36 1.39 1.42 1.41 1.40 1.40 1.40 1.40 1.42 1.50 1.56 1.52 1.45 1.42 1.39 1.38 1.38 1.36 1.32 1.40 1.55 1.54 1.40 1.45 1.62 1.61
1.61 1.63 1.72 1.82 1.86 1.87 1.88 1.84 1.75 1.64 1.60 1.61 1.63 1.68 1.72 1.72 1.70 1.63 1.52 1.47 1.45 1.38 1.32 1.34 1.41 1.53 1.69 1.83 1.93 1.97 2.01 2.05 2.06 1.99 1.85 1.73 1.71 1.75 1.78 1.79 1.75 1.71 1.69 1.67 1.65 1.62 1.58 1.56 1.54 1.54 1.54 1.50 1.44 1.42 1.43 1.42 1.40 1.38 1.38 1.40 1.42 1.42 1.43 1.44 1.43 1.42 1.43 1.51 1.59 1.57 1.54 1.49 1.42 1.39 1.44 1.49 1.45 1.39 1.42 1.50 1.45 1.37 1.46 1.56
1.59 1.56 1.57 1.69 1.82 1.88 1.85 1.74 1.59 1.51 1.51 1.55 1.58 1.61 1.62 1.61 1.64 1.67 1.65 1.61 1.56 1.45 1.32 1.24 1.25 1.29 1.37 1.51 1.68 1.81 1.90 1.97 2.05 2.09 2.10 2.06 2.02 2.00 1.94 1.87 1.79 1.69 1.59 1.51 1.47 1.47 1.48 1.47 1.46 1.47 1.50 1.53 1.51 1.47 1.45 1.43 1.41 1.40 1.39 1.41 1.45 1.51 1.54 1.54 1.51 1.47 1.46 1.53 1.59 1.60 1.65 1.70 1.63 1.50 1.50 1.60 1.66 1.60 1.48 1.51 1.57 1.49 1.45 1.51
1.63 1.61 1.56 1.54 1.58 1.63 1.63 1.54 1.45 1.43 1.48 1.55 1.62 1.65 1.62 1.60 1.61 1.69 1.76 1.76 1.74 1.67 1.51 1.31 1.22 1.21 1.29 1.39 1.48 1.56 1.64 1.71 1.78 1.84 1.92 1.97 1.95 1.88 1.81 1.73 1.64 1.55 1.47 1.41 1.37 1.36 1.37 1.38 1.39 1.40 1.41 1.46 1.52 1.55 1.53 1.48 1.44 1.43 1.43 1.44 1.49 1.54 1.61 1.67 1.66 1.58 1.52 1.55 1.60 1.59 1.61 1.73 1.77 1.66 1.55 1.55 1.65 1.67 1.56 1.54 1.61 1.54 1.47 1.55
1.65 1.64 1.60 1.52 1.44 1.38 1.36 1.36 1.39 1.43 1.47 1.52 1.59 1.64 1.67 1.66 1.63 1.68 1.76 1.79 1.78 1.77 1.71 1.57 1.41 1.32 1.34 1.36 1.35 1.38 1.43 1.48 1.56 1.63 1.65 1.63 1.59 1.56 1.52 1.48 1.42 1.36 1.33 1.32 1.32 1.31 1.30 1.29 1.29 1.32 1.37 1.39 1.39 1.46 1.54 1.52 1.49 1.50 1.48 1.44 1.39 1.34 1.38 1.53 1.64 1.64 1.58 1.57 1.63 1.63 1.57 1.56 1.61 1.62 1.55 1.51 1.57 1.63 1.58 1.56 1.62 1.53 1.41 1.52
1.64 1.62 1.60 1.57 1.50 1.41 1.36 1.38 1.43 1.46 1.48 1.48 1.48 1.51 1.54 1.60 1.64 1.67 1.74 1.85 1.89 1.88 1.85 1.79 1.66 1.51 1.42 1.39 1.37 1.38 1.42 1.42 1.44 1.49 1.51 1.47 1.42 1.38 1.37 1.35 1.33 1.32 1.30 1.28 1.27 1.24 1.23 1.24 1.23 1.21 1.25 1.31 1.29 1.33 1.43 1.47 1.42 1.40 1.36 1.28 1.20 1.12 1.06 1.12 1.31 1.48 1.53 1.54 1.58 1.63 1.61 1.53 1.49 1.51 1.52 1.50 1.52 1.52 1.55 1.69 1.78 1.72 1.48 1.37
1.65 1.64 1.62 1.59 1.55 1.52 1.50 1.50 1.51 1.50 1.49 1.46 1.43 1.39 1.39 1.46 1.56 1.62 1.68 1.78 1.91 1.99 2.00 1.95 1.86 1.75 1.60 1.47 1.42 1.39 1.35 1.31 1.26 1.26 1.31 1.35 1.34 1.31 1.31 1.34 1.37 1.37 1.32 1.27 1.23 1.17 1.12 1.15 1.12 1.03 1.03 1.10 1.13 1.16 1.19 1.24 1.17 1.09 1.06 1.05 1.02 0.94 0.82 0.81 0.96 1.13 1.26 1.32 1.36 1.48 1.59 1.58 1.52 1.50 1.52 1.53 1.53 1.45 1.42 1.64 1.88 1.96 1.78 1.47
1.67 1.66 1.63 1.60 1.58 1.56 1.56 1.56 1.55 1.53 1.51 1.47 1.42 1.37 1.35 1.40 1.50 1.58 1.61 1.63 1.71 1.83 1.92 1.93 1.87 1.75 1.54 1.36 1.27 1.22 1.15 1.11 1.09 1.10 1.14 1.18 1.21 1.24 1.28 1.30 1.32 1.33 1.31 1.28 1.27 1.21 1.07 0.99 0.96 0.85 0.76 0.76 0.76 0.81 0.84 0.90 0.93 0.89 0.86 0.84 0.84 0.77 0.62 0.56 0.65 0.74 0.87 0.98 1.05 1.24 1.48 1.60 1.58 1.53 1.60 1.73 1.80 1.75 1.58 1.58 1.78 2.00 2.04 1.89
1.67 1.66 1.64 1.62 1.61 1.60 1.58 1.55 1.53 1.51 1.49 1.46 1.41 1.34 1.29 1.30 1.37 1.45 1.54 1.57 1.58 1.60 1.65 1.67 1.60 1.46 1.32 1.21 1.12 1.07 1.06 1.07 1.07 1.06 1.07 1.09 1.11 1.15 1.19 1.22 1.25 1.28 1.30 1.29 1.29 1.26 1.15 1.02 0.92 0.81 0.69 0.62 0.60 0.66 0.70 0.71 0.74 0.77 0.78 0.80 0.82 0.74 0.58 0.47 0.45 0.48 0.55 0.61 0.72 0.98 1.25 1.47 1.56 1.54 1.63 1.85 2.01 2.06 1.95 1.80 1.78 1.89 2.02 2.04
1.68 1.66 1.64 1.63 1.63 1.62 1.59 1.55 1.52 1.50 1.48 1.45 1.42 1.37 1.30 1.22 1.20 1.25 1.37 1.45 1.45 1.41 1.36 1.32 1.30 1.28 1.24 1.20 1.15 1.10 1.04 1.01 1.01 1.01 1.04 1.10 1.13 1.12 1.11 1.11 1.14 1.13 1.07 1.02 1.02 1.02 1.04 1.08 1.08 0.97 0.81 0.69 0.65 0.70 0.75 0.68 0.61 0.63 0.71 0.85 0.91 0.82 0.72 0.58 0.47 0.45 0.42 0.37 0.33 0.52 0.89 1.20 1.41 1.46 1.46 1.52 1.63 1.78 1.83 1.77 1.70 1.72 1.79 1.87
1.69 1.68 1.66 1.63 1.62 1.59 1.57 1.56 1.54 1.51 1.48 1.46 1.45 1.46 1.45 1.39 1.32 1.26 1.23 1.22 1.21 1.17 1.15 1.17 1.19 1.22 1.24 1.24 1.19 1.13 1.07 1.01 0.99 1.01 1.05 1.12 1.15 1.11 1.03 0.93 0.88 0.86 0.85 0.81 0.80 0.83 0.82 0.89 1.14 1.28 1.14 0.92 0.85 0.91 0.97 0.86 0.68 0.61 0.72 0.96 1.12 1.08 1.02 0.97 0.86 0.70 0.55 0.43 0.24 0.15 0.43 0.87 1.16 1.26 1.23 1.21 1.28 1.38 1.46 1.44 1.40 1.43 1.49 1.60
1.70 1.69 1.67 1.64 1.61 1.57 1.55 1.53 1.52 1.51 1.49 1.48 1.47 1.50 1.56 1.61 1.59 1.46 1.29 1.17 1.13 1.13 1.15 1.19 1.23 1.24 1.25 1.26 1.23 1.19 1.21 1.24 1.21 1.14 1.04 0.94 0.88 0.87 0.83 0.77 0.75 0.77 0.85 0.90 0.87 0.92 0.93 0.80 0.87 1.22 1.44 1.37 1.32 1.41 1.49 1.52 1.30 0.99 0.94 1.10 1.27 1.31 1.27 1.23 1.27 1.22 1.00 0.83 0.64 0.27 0.19 0.43 0.75 0.93 1.02 1.09 1.16 1.24 1.31 1.34 1.27 1.21 1.26 1.33
1.71 1.70 1.68 1.65 1.62 1.59 1.57 1.54 1.52 1.51 1.50 1.49 1.48 1.47 1.49 1.54 1.55 1.51 1.42 1.30 1.21 1.18 1.18 1.22 1.27 1.30 1.26 1.25 1.30 1.33 1.31 1.26 1.17 1.02 0.85 0.72 0.68 0.71 0.77 0.82 0.87 0.91 1.05 1.16 1.14 1.12 1.18 1.11 0.95 1.05 1.38 1.59 1.61 1.62 1.67 1.76 1.74 1.47 1.25 1.32 1.42 1.42 1.36 1.29 1.35 1.44 1.33 1.16 1.04 0.77 0.40 0.24 0.37 0.56 0.79 0.96 1.09 1.23 1.33 1.38 1.32 1.21 1.19 1.22
1.72 1.71 1.69 1.66 1.64 1.62 1.59 1.58 1.56 1.54 1.51 1.48 1.46 1.43 1.39 1.36 1.33 1.35 1.35 1.29 1.20 1.12 1.11 1.14 1.19 1.21 1.20 1.18 1.19 1.21 1.16 1.06 0.98 0.94 0.91 0.87 0.86 0.88 0.96 1.05 1.11 1.13 1.13 1.16 1.21 1.19 1.21 1.32 1.36 1.29 1.29 1.41 1.51 1.53 1.55 1.64 1.77 1.75 1.60 1.54 1.57 1.57 1.49 1.40 1.38 1.49 1.52 1.37 1.23 1.08 0.83 0.57 0.47 0.46 0.51 0.73 0.96 1.16 1.29 1.28 1.22 1.18 1.15 1.17
1.73 1.72 1.70 1.68 1.65 1.62 1.60 1.59 1.57 1.55 1.52 1.47 1.44 1.41 1.35 1.28 1.21 1.16 1.12 1.08 1.05 1.03 1.02 1.03 1.03 1.06 1.08 1.07 1.01 0.96 0.94 0.94 0.96 1.02 1.08 1.11 1.07 1.04 1.04 1.08 1.10 1.12 1.14 1.15 1.20 1.23 1.21 1.25 1.38 1.41 1.30 1.22 1.27 1.40 1.50 1.60 1.72 1.78 1.70 1.62 1.65 1.66 1.58 1.49 1.45 1.48 1.56 1.51 1.35 1.24 1.13 1.00 0.89 0.72 0.54 0.52 0.64 0.84 1.07 1.12 1.09 1.09 1.03 1.08
1.73 1.72 1.70 1.69 1.67 1.64 1.62 1.59 1.56 1.53 1.51 1.48 1.46 1.41 1.35 1.26 1.16 1.07 1.02 1.01 1.03 1.05 1.05 1.04 1.05 1.06 1.07 1.05 0.99 0.94 0.93 0.97 0.99 0.99 0.99 1.03 1.06 1.07 1.09 1.17 1.22 1.26 1.31 1.31 1.31 1.35 1.37 1.29 1.24 1.30 1.29 1.21 1.18 1.28 1.45 1.60 1.71 1.77 1.71 1.61 1.60 1.62 1.53 1.43 1.40 1.40 1.49 1.55 1.51 1.46 1.38 1.27 1.19 1.09 0.91 0.74 0.68 0.80 1.01 1.10 1.11 1.09 1.02 1.01
1.75 1.74 1.73 1.70 1.67 1.65 1.62 1.59 1.55 1.52 1.49 1.48 1.46 1.41 1.36 1.29 1.20 1.14 1.12 1.13 1.14 1.14 1.13 1.13 1.13 1.12 1.10 1.07 1.05 1.02 1.02 1.06 1.10 1.12 1.18 1.27 1.34 1.38 1.40 1.43 1.43 1.41 1.39 1.39 1.41 1.41 1.39 1.32 1.25 1.28 1.34 1.32 1.26 1.23 1.29 1.39 1.52 1.67 1.74 1.66 1.62 1.66 1.57 1.43 1.40 1.43 1.50 1.60 1.63 1.60 1.53 1.39 1.26 1.17 1.08 1.03 1.07 1.20 1.32 1.32 1.26 1.21 1.13 1.01
1.78 1.77 1.74 1.70 1.67 1.65 1.63 1.60 1.57 1.53 1.51 1.48 1.44 1.41 1.37 1.33 1.28 1.25 1.23 1.22 1.20 1.20 1.19 1.18 1.17 1.15 1.13 1.11 1.09 1.08 1.09 1.14 1.24 1.37 1.50 1.60 1.65 1.61 1.54 1.49 1.47 1.46 1.45 1.45 1.43 1.37 1.32 1.34 1.37 1.40 1.44 1.45 1.39 1.28 1.19 1.21 1.30 1.45 1.64 1.74 1.71 1.74 1.69 1.53 1.46 1.48 1.55 1.65 1.69 1.64 1.53 1.44 1.34 1.21 1.05 1.01 1.17 1.44 1.65 1.71 1.57 1.39 1.27 1.11
1.78 1.76 1.74 1.72 1.70 1.67 1.65 1.61 1.58 1.55 1.53 1.51 1.47 1.43 1.39 1.36 1.33 1.31 1.30 1.29 1.27 1.25 1.24 1.22 1.20 1.20 1.19 1.17 1.14 1.13 1.14 1.21 1.34 1.44 1.45 1.43 1.44 1.46 1.41 1.37 1.40 1.46 1.50 1.49 1.44 1.42 1.47 1.49 1.48 1.47 1.48 1.47 1.44 1.36 1.28 1.25 1.28 1.34 1.47 1.68 1.76 1.77 1.75 1.63 1.58 1.63 1.68 1.72 1.75 1.70 1.59 1.49 1.45 1.36 1.16 1.03 1.09 1.32 1.66 1.93 1.96 1.76 1.59 1.33
1.79 1.78 1.76 1.74 1.71 1.68 1.63 1.59 1.57 1.56 1.54 1.52 1.50 1.46 1.42 1.39 1.36 1.35 1.34 1.33 1.31 1.30 1.29 1.28 1.26 1.23 1.20 1.16 1.11 1.08 1.10 1.16 1.23 1.26 1.25 1.21 1.17 1.21 1.27 1.30 1.35 1.43 1.50 1.55 1.58 1.63 1.64 1.59 1.51 1.47 1.48 1.47 1.45 1.44 1.39 1.34 1.32 1.32 1.36 1.55 1.73 1.78 1.75 1.65 1.61 1.65 1.67 1.67 1.69 1.67 1.60 1.51 1.46 1.42 1.33 1.16 1.03 1.09 1.34 1.71 2.04 2.06 1.94 1.71
1.81 1.79 1.77 1.74 1.70 1.66 1.63 1.59 1.58 1.57 1.54 1.50 1.48 1.47 1.45 1.42 1.39 1.37 1.36 1.34 1.33 1.33 1.32 1.30 1.28 1.25 1.20 1.13 1.06 1.03 1.04 1.04 1.04 1.09 1.16 1.20 1.19 1.18 1.21 1.27 1.33 1.41 1.52 1.66 1.76 1.75 1.68 1.61 1.54 1.47 1.46 1.48 1.48 1.50 1.48 1.43 1.40 1.37 1.31 1.37 1.55 1.72 1.77 1.69 1.54 1.42 1.41 1.46 1.52 1.52 1.46 1.42 1.44 1.44 1.37 1.23 1.02 0.89 1.00 1.32 1.76 2.05 2.15 2.12
1.82 1.80 1.76 1.73 1.70 1.67 1.64 1.62 1.60 1.58 1.53 1.49 1.47 1.46 1.44 1.43 1.41 1.39 1.36 1.35 1.34 1.33 1.31 1.31 1.31 1.30 1.28 1.25 1.20 1.10 1.01 0.97 0.99 1.07 1.19 1.29 1.33 1.31 1.26 1.27 1.33 1.41 1.53 1.66 1.72 1.72 1.69 1.65 1.62 1.58 1.54 1.51 1.45 1.40 1.42 1.46 1.50 1.47 1.34 1.25 1.36 1.62 1.80 1.85 1.77 1.58 1.45 1.45 1.53 1.54 1.46 1.37 1.37 1.39 1.38 1.36 1.25 0.96 0.82 1.02 1.42 1.82 2.10 2.31
1.83 1.81 1.78 1.75 1.71 1.67 1.65 1.63 1.62 1.58 1.54 1.51 1.48 1.45 1.42 1.41 1.41 1.40 1.38 1.36 1.34 1.33 1.34 1.35 1.36 1.38 1.41 1.44 1.40 1.28 1.13 1.01 0.94 0.94 1.04 1.22 1.38 1.46 1.43 1.39 1.43 1.48 1.54 1.61 1.67 1.75 1.85 1.84 1.77 1.75 1.73 1.67 1.55 1.45 1.43 1.50 1.58 1.58 1.49 1.40 1.43 1.52 1.61 1.73 1.81 1.76 1.63 1.57 1.64 1.71 1.63 1.46 1.34 1.32 1.33 1.42 1.54 1.33 0.88 0.81 1.08 1.41 1.72 2.03
1.85 1.83 1.80 1.76 1.72 1.68 1.66 1.64 1.61 1.57 1.53 1.51 1.47 1.43 1.41 1.41 1.40 1.40 1.39 1.38 1.37 1.38 1.39 1.41 1.42 1.44 1.49 1.58 1.64 1.60 1.44 1.21 1.04 0.94 0.90 0.99 1.21 1.44 1.53 1.51 1.51 1.56 1.61 1.67 1.78 1.89 2.04 2.11 2.02 1.88 1.89 1.97 1.93 1.79 1.65 1.57 1.65 1.78 1.78 1.72 1.67 1.56 1.42 1.40 1.52 1.63 1.62 1.61 1.68 1.75 1.74 1.58 1.39 1.31 1.26 1.31 1.54 1.67 1.29 0.84 0.81 1.03 1.29 1.55
1.86 1.84 1.81 1.76 1.72 1.69 1.67 1.64 1.60 1.55 1.52 1.49 1.47 1.45 1.44 1.43 1.42 1.40 1.40 1.41 1.42 1.42 1.42 1.43 1.45 1.50 1.61 1.77 1.92 1.97 1.86 1.64 1.39 1.21 1.11 1.15 1.32 1.53 1.71 1.78 1.80 1.86 1.86 1.86 1.92 2.00 2.07 2.19 2.25 2.14 2.09 2.21 2.24 2.13 1.92 1.71 1.76 1.94 1.96 1.81 1.73 1.73 1.62 1.45 1.44 1.53 1.55 1.60 1.67 1.71 1.77 1.74 1.59 1.42 1.25 1.17 1.27 1.62 1.57 1.07 0.74 0.77 0.99 1.20
1.87 1.85 1.81 1.77 1.72 1.69 1.67 1.62 1.57 1.54 1.52 1.50 1.49 1.48 1.47 1.45 1.43 1.42 1.42 1.43 1.43 1.43 1.42 1.42 1.44 1.52 1.67 1.81 1.93 2.09 2.19 2.14 1.89 1.67 1.68 1.80 1.87 1.95 2.06 2.15 2.24 2.27 2.26 2.20 2.11 2.10 2.13 2.23 2.43 2.56 2.54 2.50 2.50 2.44 2.26 2.01 1.86 1.85 1.91 1.78 1.58 1.59 1.68 1.60 1.47 1.43 1.44 1.54 1.64 1.63 1.64 1.69 1.66 1.52 1.32 1.21 1.26 1.54 1.67 1.32 0.82 0.64 0.75 0.98
1.89 1.87 1.83 1.77 1.73 1.70 1.66 1.62 1.58 1.55 1.53 1.51 1.50 1.48 1.46 1.45 1.45 1.45 1.45 1.44 1.43 1.43 1.44 1.45 1.48 1.54 1.61 1.63 1.64 1.70 1.82 2.01 2.13 2.17 2.25 2.29 2.25 2.22 2.28 2.35 2.38 2.37 2.35 2.31 2.24 2.17 2.16 2.21 2.30 2.43 2.49 2.46 2.45 2.48 2.39 2.14 1.86 1.67 1.71 1.75 1.54 1.37 1.48 1.56 1.45 1.32 1.28 1.37 1.56 1.57 1.43 1.39 1.44 1.43 1.40 1.41 1.44 1.62 1.82 1.64 1.09 0.71 0.67 0.86
1.91 1.88 1.83 1.78 1.75 1.74 1.69 1.64 1.60 1.57 1.55 1.52 1.50 1.49 1.48 1.47 1.45 1.43 1.43 1.43 1.43 1.45 1.47 1.49 1.53 1.57 1.58 1.55 1.50 1.47 1.54 1.79 2.10 2.25 2.26 2.21 2.19 2.22 2.27 2.27 2.19 2.05 1.95 1.94 1.96 1.96 1.93 1.87 1.76 1.71 1.74 1.81 1.93 2.15 2.23 2.09 1.95 1.75 1.62 1.69 1.61 1.41 1.44 1.59 1.54 1.30 1.18 1.29 1.56 1.64 1.39 1.25 1.28 1.33 1.38 1.44 1.51 1.67 1.93 1.94 1.52 1.04 0.82 0.84
1.91 1.88 1.81 1.78 1.77 1.74 1.68 1.63 1.60 1.57 1.56 1.54 1.53 1.52 1.51 1.49 1.46 1.44 1.42 1.43 1.44 1.47 1.49 1.51 1.54 1.57 1.60 1.63 1.67 1.80 2.02 2.18 2.23 2.14 1.96 1.90 1.99 2.05 1.97 1.85 1.78 1.69 1.63 1.62 1.64 1.64 1.60 1.51 1.42 1.38 1.37 1.39 1.51 1.78 2.02 2.02 2.01 2.02 1.93 1.80 1.58 1.39 1.48 1.73 1.78 1.45 1.17 1.25 1.61 1.81 1.57 1.41 1.41 1.38 1.38 1.41 1.51 1.69 1.95 2.10 1.85 1.41 1.09 0.92
1.92 1.89 1.82 1.78 1.76 1.70 1.65 1.62 1.59 1.57 1.55 1.55 1.55 1.53 1.52 1.50 1.48 1.48 1.48 1.47 1.47 1.48 1.50 1.55 1.60 1.62 1.62 1.62 1.71 1.91 2.10 2.18 2.16 2.10 1.97 1.87 1.93 1.92 1.78 1.66 1.61 1.58 1.54 1.50 1.43 1.39 1.35 1.30 1.27 1.28 1.30 1.29 1.29 1.41 1.67 1.75 1.73 1.90 2.16 2.17 1.80 1.45 1.49 1.80 2.03 1.79 1.30 1.12 1.41 1.84 1.83 1.69 1.61 1.48 1.40 1.40 1.47 1.63 1.95 2.27 2.21 1.82 1.48 1.18
1.95 1.92 1.87 1.84 1.79 1.73 1.68 1.63 1.60 1.58 1.56 1.55 1.54 1.53 1.52 1.51 1.51 1.51 1.51 1.51 1.50 1.49 1.50 1.55 1.59 1.61 1.58 1.55 1.56 1.62 1.71 1.81 1.92 2.09 2.22 2.18 2.02 1.86 1.74 1.67 1.60 1.50 1.39 1.31 1.23 1.17 1.14 1.14 1.16 1.19 1.21 1.22 1.20 1.22 1.32 1.42 1.42 1.48 1.85 2.25 2.13 1.66 1.48 1.67 2.08 2.12 1.66 1.19 1.19 1.57 1.79 1.80 1.68 1.52 1.37 1.29 1.30 1.37 1.61 2.09 2.39 2.28 2.00 1.64
1.95 1.93 1.92 1.90 1.84 1.76 1.69 1.65 1.63 1.61 1.59 1.57 1.55 1.53 1.52 1.51 1.52 1.52 1.51 1.51 1.51 1.52 1.52 1.52 1.50 1.50 1.52 1.52 1.48 1.46 1.56 1.70 1.90 2.12 2.28 2.29 2.07 1.78 1.60 1.50 1.41 1.34 1.27 1.22 1.21 1.18 1.13 1.17 1.22 1.26 1.29 1.30 1.31 1.31 1.34 1.41 1.41 1.35 1.49 1.95 2.10 1.69 1.38 1.44 1.88 2.27 2.10 1.60 1.29 1.30 1.45 1.60 1.60 1.44 1.29 1.18 1.13 1.10 1.13 1.40 1.93 2.24 2.30 2.10
1.96 1.95 1.92 1.89 1.82 1.74 1.69 1.67 1.65 1.62 1.61 1.59 1.57 1.55 1.54 1.54 1.54 1.54 1.53 1.53 1.53 1.53 1.52 1.50 1.48 1.48 1.49 1.48 1.46 1.54 1.73 1.86 1.97 1.98 1.92 1.93 1.91 1.71 1.47 1.30 1.21 1.23 1.28 1.29 1.30 1.33 1.32 1.31 1.32 1.32 1.36 1.42 1.49 1.52 1.53 1.56 1.59 1.57 1.57 1.83 2.03 1.72 1.34 1.28 1.56 2.09 2.30 2.02 1.62 1.33 1.24 1.33 1.37 1.29 1.24 1.19 1.13 1.14 1.15 1.13 1.30 1.69 2.10 2.32
2.00 1.99 1.94 1.86 1.78 1.73 1.70 1.67 1.64 1.63 1.63 1.62 1.60 1.58 1.59 1.58 1.57 1.56 1.56 1.55 1.54 1.53 1.52 1.52 1.53 1.53 1.51 1.51 1.62 1.86 1.98 1.93 1.81 1.64 1.56 1.57 1.59 1.53 1.41 1.31 1.27 1.29 1.34 1.40 1.44 1.45 1.45 1.47 1.47 1.46 1.45 1.49 1.59 1.64 1.60 1.60 1.71 1.83 1.85 1.96 2.12 1.91 1.50 1.27 1.30 1.67 2.12 2.13 1.81 1.53 1.38 1.36 1.35 1.30 1.29 1.25 1.17 1.27 1.48 1.40 1.18 1.34 1.75 2.21
