windninja/windninja_output/Output_2025-08-09_1200-1250_Google earth_Fire_150m_10min/merlingen_7.5mi_point_08-09-2025_1230_150m_vel.asc
ncols	158
nrows	163
xllcorner	391686.332397
yllcorner	5160024.123721
cellsize	150.000000
NODATA_value	-32768.000000
[rows 38 to 75 of 163, columns 0 to 83 of 158]
1.44 1.44 1.45 1.43 1.42 1.43 1.45 1.45 1.46 1.48 1.50 1.51 1.51 1.51 1.51 1.51 1.52 1.53 1.54 1.54 1.55 1.55 1.56 1.57 1.57 1.58 1.61 1.70 1.86 1.92 1.84 1.74 1.66 1.64 1.70 1.75 1.73 1.75 1.79 1.78 1.76 1.77 1.80 1.86 1.93 1.95 1.97 2.06 2.14 2.17 2.13 2.11 2.17 2.21 2.15 2.12 2.27 2.47 2.62 2.70 2.80 2.73 2.35 1.92 1.71 1.74 1.95 2.03 1.90 1.81 1.81 1.91 2.03 1.99 1.81 1.67 1.66 1.81 2.04 2.10 1.78 1.66 1.80 2.10
1.42 1.41 1.41 1.41 1.42 1.42 1.43 1.45 1.48 1.50 1.50 1.50 1.50 1.52 1.52 1.52 1.52 1.52 1.53 1.54 1.55 1.56 1.57 1.57 1.57 1.57 1.60 1.66 1.68 1.59 1.50 1.49 1.50 1.52 1.55 1.63 1.77 1.97 2.08 2.03 1.93 1.88 1.91 2.03 2.18 2.24 2.19 2.17 2.27 2.40 2.41 2.35 2.45 2.69 2.84 2.81 2.84 3.00 3.13 3.21 3.30 3.36 3.10 2.42 1.93 1.85 1.96 1.99 1.87 1.83 1.96 2.08 2.06 1.98 1.91 1.88 1.90 1.98 2.17 2.48 2.42 2.05 1.83 1.87
1.41 1.40 1.40 1.41 1.43 1.45 1.47 1.49 1.50 1.49 1.49 1.50 1.52 1.53 1.54 1.54 1.54 1.54 1.54 1.55 1.56 1.57 1.57 1.57 1.57 1.56 1.55 1.52 1.45 1.38 1.37 1.35 1.32 1.31 1.36 1.47 1.66 1.91 2.18 2.30 2.28 2.20 2.18 2.21 2.25 2.35 2.42 2.41 2.43 2.52 2.54 2.50 2.64 2.89 3.08 3.13 3.08 2.99 2.96 2.97 2.97 3.14 3.31 2.89 2.20 2.03 2.16 2.16 2.02 2.02 2.01 1.84 1.69 1.72 1.90 2.05 2.13 2.17 2.21 2.41 2.63 2.57 2.33 2.14
1.42 1.42 1.43 1.44 1.45 1.46 1.49 1.51 1.51 1.49 1.50 1.52 1.53 1.54 1.55 1.56 1.56 1.56 1.56 1.56 1.57 1.57 1.56 1.56 1.55 1.54 1.51 1.46 1.41 1.39 1.38 1.32 1.25 1.22 1.32 1.50 1.63 1.73 1.99 2.40 2.68 2.79 2.75 2.61 2.52 2.67 2.85 2.89 2.82 2.77 2.77 2.76 2.68 2.53 2.45 2.52 2.48 2.29 2.20 2.22 2.30 2.50 2.96 3.17 2.74 2.33 2.37 2.50 2.44 2.39 2.18 1.92 1.80 1.80 1.97 2.15 2.24 2.20 2.10 2.09 2.30 2.53 2.64 2.60
1.43 1.43 1.45 1.45 1.46 1.47 1.49 1.51 1.52 1.52 1.53 1.53 1.54 1.54 1.55 1.56 1.56 1.56 1.56 1.56 1.55 1.55 1.55 1.54 1.53 1.52 1.50 1.47 1.46 1.46 1.41 1.35 1.29 1.28 1.38 1.58 1.82 2.03 2.25 2.48 2.67 2.75 2.78 2.82 2.85 2.86 2.77 2.65 2.54 2.46 2.48 2.49 2.34 2.10 1.93 1.91 1.91 1.80 1.73 1.80 1.91 2.06 2.46 3.01 3.17 2.87 2.77 3.01 3.08 2.91 2.70 2.51 2.36 2.25 2.28 2.33 2.30 2.18 2.06 2.07 2.22 2.30 2.43 2.63
1.43 1.43 1.44 1.46 1.49 1.52 1.52 1.51 1.52 1.53 1.53 1.54 1.54 1.54 1.54 1.54 1.55 1.55 1.55 1.55 1.55 1.54 1.54 1.55 1.54 1.53 1.51 1.50 1.48 1.42 1.36 1.33 1.34 1.38 1.47 1.63 1.88 2.16 2.31 2.31 2.26 2.28 2.40 2.53 2.53 2.36 2.21 2.16 2.15 2.14 2.20 2.26 2.21 2.07 1.90 1.79 1.75 1.72 1.71 1.77 1.81 1.83 1.99 2.38 2.93 3.20 3.26 3.38 3.57 3.69 3.62 3.52 3.29 3.04 2.91 2.73 2.53 2.31 2.13 2.08 2.17 2.30 2.44 2.60
1.43 1.42 1.43 1.46 1.49 1.51 1.51 1.51 1.52 1.53 1.53 1.54 1.54 1.54 1.54 1.54 1.55 1.55 1.56 1.57 1.57 1.56 1.55 1.55 1.54 1.54 1.54 1.53 1.48 1.41 1.37 1.37 1.40 1.44 1.48 1.59 1.72 1.80 1.80 1.83 1.89 2.04 2.18 2.20 2.10 2.00 1.96 2.02 2.18 2.33 2.40 2.40 2.32 2.18 2.02 1.88 1.76 1.74 1.78 1.87 1.94 1.93 1.92 2.07 2.47 2.93 3.17 3.22 3.41 3.75 3.92 3.92 3.85 3.62 3.28 2.93 2.65 2.45 2.26 2.10 2.08 2.27 2.49 2.52
1.43 1.43 1.45 1.47 1.48 1.48 1.49 1.51 1.52 1.53 1.53 1.53 1.54 1.55 1.55 1.56 1.57 1.58 1.58 1.58 1.58 1.58 1.57 1.55 1.55 1.55 1.54 1.51 1.47 1.44 1.43 1.44 1.44 1.45 1.48 1.50 1.48 1.45 1.46 1.57 1.76 1.95 2.02 1.96 1.92 1.98 2.06 2.15 2.30 2.37 2.30 2.23 2.16 2.01 1.91 1.88 1.79 1.73 1.82 1.99 2.14 2.23 2.28 2.39 2.55 2.65 2.75 2.78 2.71 2.76 2.99 3.20 3.35 3.32 3.10 2.83 2.57 2.46 2.42 2.38 2.38 2.36 2.24 2.12
1.45 1.46 1.47 1.48 1.46 1.46 1.47 1.49 1.51 1.53 1.54 1.55 1.55 1.55 1.56 1.57 1.57 1.58 1.57 1.57 1.57 1.57 1.56 1.56 1.56 1.54 1.52 1.49 1.47 1.45 1.44 1.43 1.44 1.46 1.47 1.45 1.38 1.36 1.41 1.53 1.66 1.76 1.83 1.86 1.84 1.92 2.10 2.27 2.28 2.14 2.03 2.02 2.01 1.90 1.80 1.84 1.87 1.83 1.88 2.08 2.36 2.55 2.66 2.70 2.65 2.53 2.45 2.43 2.33 2.24 2.30 2.48 2.69 2.83 2.87 2.80 2.60 2.47 2.49 2.48 2.34 2.09 1.85 1.81
1.48 1.48 1.47 1.46 1.44 1.42 1.42 1.45 1.49 1.51 1.54 1.55 1.56 1.56 1.56 1.56 1.57 1.56 1.56 1.57 1.56 1.55 1.55 1.55 1.54 1.52 1.51 1.50 1.49 1.48 1.45 1.43 1.41 1.40 1.38 1.36 1.36 1.37 1.40 1.45 1.52 1.60 1.70 1.83 1.92 1.98 2.07 2.12 2.05 1.96 1.93 1.93 1.96 2.00 1.97 1.98 2.04 2.07 2.10 2.22 2.43 2.59 2.58 2.44 2.30 2.21 2.15 2.17 2.21 2.19 2.17 2.19 2.34 2.54 2.67 2.70 2.57 2.38 2.23 2.12 1.92 1.73 1.71 1.80
1.48 1.48 1.47 1.44 1.43 1.41 1.40 1.41 1.45 1.48 1.50 1.52 1.54 1.55 1.55 1.55 1.55 1.55 1.55 1.55 1.55 1.55 1.55 1.55 1.53 1.52 1.52 1.52 1.51 1.50 1.48 1.45 1.42 1.39 1.35 1.34 1.35 1.35 1.35 1.36 1.38 1.41 1.50 1.69 1.92 2.06 2.07 2.01 1.94 1.91 1.89 1.89 1.89 1.93 1.99 2.05 2.13 2.27 2.44 2.52 2.49 2.40 2.27 2.08 1.91 1.87 1.91 2.00 2.07 2.06 2.06 2.08 2.17 2.34 2.49 2.55 2.48 2.31 2.12 2.00 1.95 1.87 1.84 1.92
1.47 1.47 1.46 1.44 1.42 1.43 1.42 1.40 1.42 1.46 1.49 1.50 1.52 1.53 1.54 1.54 1.54 1.55 1.55 1.55 1.55 1.55 1.56 1.56 1.55 1.55 1.54 1.53 1.52 1.51 1.49 1.47 1.45 1.42 1.40 1.39 1.39 1.40 1.38 1.34 1.30 1.27 1.34 1.53 1.74 1.88 1.91 1.86 1.81 1.80 1.85 1.96 2.02 2.08 2.16 2.23 2.33 2.46 2.57 2.56 2.42 2.23 2.10 1.95 1.79 1.77 1.82 1.87 1.93 1.98 2.02 2.06 2.12 2.22 2.36 2.48 2.51 2.48 2.39 2.30 2.24 2.18 2.09 2.05
1.48 1.47 1.46 1.48 1.50 1.51 1.51 1.46 1.42 1.44 1.48 1.50 1.52 1.54 1.55 1.56 1.56 1.56 1.56 1.56 1.57 1.57 1.57 1.57 1.58 1.57 1.56 1.54 1.53 1.52 1.50 1.49 1.47 1.45 1.43 1.41 1.41 1.40 1.38 1.33 1.30 1.31 1.38 1.48 1.59 1.67 1.69 1.66 1.61 1.55 1.58 1.79 2.04 2.25 2.40 2.50 2.57 2.57 2.44 2.25 2.09 1.98 1.92 1.86 1.78 1.74 1.75 1.76 1.79 1.84 1.89 1.94 2.01 2.10 2.22 2.35 2.46 2.52 2.52 2.48 2.40 2.33 2.25 2.15
1.47 1.45 1.44 1.50 1.57 1.63 1.63 1.58 1.49 1.45 1.48 1.51 1.52 1.53 1.54 1.55 1.56 1.56 1.56 1.57 1.57 1.58 1.58 1.57 1.57 1.57 1.56 1.55 1.54 1.52 1.51 1.50 1.49 1.47 1.45 1.41 1.36 1.32 1.30 1.31 1.32 1.34 1.38 1.44 1.50 1.52 1.55 1.58 1.59 1.53 1.55 1.79 1.98 2.10 2.27 2.43 2.47 2.38 2.22 2.05 1.89 1.84 1.86 1.84 1.76 1.72 1.74 1.77 1.79 1.80 1.83 1.88 1.95 2.04 2.12 2.17 2.22 2.31 2.44 2.53 2.52 2.40 2.21 2.07
1.47 1.42 1.40 1.46 1.52 1.57 1.62 1.63 1.59 1.52 1.49 1.50 1.51 1.51 1.52 1.53 1.54 1.55 1.56 1.57 1.57 1.56 1.56 1.56 1.55 1.55 1.55 1.55 1.54 1.53 1.52 1.51 1.50 1.48 1.46 1.42 1.36 1.32 1.30 1.31 1.33 1.34 1.36 1.41 1.43 1.43 1.44 1.56 1.79 1.95 2.09 2.24 2.31 2.27 2.23 2.21 2.15 2.09 2.05 1.98 1.90 1.89 1.93 1.89 1.79 1.77 1.81 1.84 1.84 1.85 1.88 1.95 2.02 2.08 2.10 2.08 2.04 2.05 2.15 2.33 2.47 2.51 2.34 2.04
1.56 1.49 1.45 1.52 1.56 1.57 1.62 1.66 1.62 1.52 1.46 1.46 1.48 1.50 1.52 1.53 1.54 1.54 1.55 1.55 1.54 1.54 1.55 1.56 1.55 1.55 1.55 1.55 1.55 1.54 1.53 1.52 1.51 1.49 1.47 1.44 1.40 1.36 1.32 1.31 1.34 1.39 1.40 1.39 1.36 1.38 1.46 1.62 1.94 2.21 2.31 2.30 2.34 2.39 2.27 2.10 1.98 1.96 1.99 2.00 1.97 1.95 1.98 1.98 1.92 1.90 1.93 1.97 1.99 1.99 2.02 2.09 2.14 2.15 2.12 2.08 2.02 1.95 1.90 1.98 2.21 2.48 2.58 2.41
1.64 1.62 1.56 1.55 1.60 1.64 1.64 1.66 1.64 1.53 1.43 1.41 1.43 1.47 1.51 1.52 1.53 1.54 1.55 1.55 1.55 1.55 1.55 1.55 1.55 1.56 1.55 1.55 1.55 1.54 1.54 1.53 1.51 1.50 1.48 1.46 1.43 1.39 1.35 1.32 1.32 1.34 1.33 1.25 1.20 1.27 1.46 1.65 1.87 2.04 2.12 2.12 2.12 2.17 2.18 2.07 1.98 1.98 2.05 2.13 2.14 2.12 2.13 2.13 2.11 2.12 2.15 2.22 2.31 2.32 2.27 2.21 2.15 2.11 2.11 2.11 2.07 2.03 1.98 1.95 2.09 2.38 2.64 2.76
1.62 1.64 1.60 1.45 1.38 1.39 1.43 1.51 1.62 1.60 1.48 1.39 1.39 1.42 1.45 1.47 1.49 1.51 1.54 1.56 1.56 1.56 1.55 1.55 1.55 1.55 1.56 1.55 1.55 1.55 1.54 1.53 1.52 1.51 1.49 1.47 1.45 1.42 1.38 1.33 1.27 1.20 1.14 1.11 1.11 1.18 1.35 1.58 1.74 1.84 1.95 2.07 2.11 2.10 2.10 2.07 2.02 2.01 2.09 2.19 2.30 2.38 2.42 2.37 2.26 2.21 2.23 2.26 2.36 2.41 2.34 2.20 2.12 2.10 2.13 2.16 2.16 2.17 2.18 2.15 2.18 2.34 2.54 2.71
1.55 1.58 1.59 1.49 1.32 1.23 1.23 1.30 1.46 1.59 1.57 1.47 1.39 1.37 1.39 1.43 1.46 1.49 1.51 1.52 1.54 1.55 1.55 1.55 1.55 1.55 1.56 1.56 1.55 1.55 1.54 1.54 1.53 1.52 1.50 1.49 1.47 1.44 1.41 1.36 1.29 1.20 1.15 1.16 1.19 1.24 1.34 1.47 1.55 1.65 1.78 1.92 1.99 2.02 2.04 2.03 2.03 2.07 2.13 2.23 2.34 2.43 2.51 2.49 2.29 2.09 2.03 2.02 2.04 2.11 2.15 2.22 2.26 2.27 2.27 2.27 2.30 2.33 2.36 2.35 2.30 2.29 2.38 2.50
1.54 1.54 1.58 1.62 1.57 1.46 1.34 1.28 1.36 1.55 1.68 1.68 1.55 1.41 1.34 1.38 1.43 1.46 1.48 1.49 1.52 1.54 1.56 1.56 1.55 1.55 1.55 1.56 1.55 1.55 1.55 1.54 1.53 1.53 1.51 1.50 1.48 1.46 1.43 1.40 1.35 1.30 1.27 1.25 1.25 1.26 1.25 1.25 1.30 1.40 1.54 1.70 1.80 1.87 1.96 2.00 2.05 2.16 2.26 2.34 2.38 2.36 2.40 2.47 2.36 2.11 1.95 1.90 1.90 1.97 2.12 2.29 2.37 2.38 2.40 2.43 2.48 2.53 2.55 2.56 2.50 2.41 2.36 2.34
1.57 1.56 1.56 1.59 1.62 1.62 1.55 1.44 1.40 1.49 1.63 1.72 1.69 1.53 1.36 1.31 1.36 1.41 1.45 1.48 1.50 1.51 1.52 1.54 1.55 1.55 1.55 1.55 1.55 1.55 1.55 1.54 1.54 1.53 1.52 1.51 1.49 1.48 1.45 1.43 1.40 1.36 1.33 1.29 1.25 1.20 1.13 1.08 1.08 1.16 1.30 1.49 1.68 1.79 1.90 1.95 1.98 2.07 2.19 2.26 2.28 2.32 2.38 2.49 2.46 2.24 2.05 2.00 2.06 2.17 2.24 2.33 2.39 2.42 2.47 2.52 2.57 2.64 2.69 2.69 2.66 2.59 2.47 2.35
1.59 1.58 1.56 1.53 1.52 1.54 1.56 1.53 1.44 1.37 1.38 1.49 1.64 1.67 1.54 1.38 1.31 1.34 1.41 1.46 1.49 1.50 1.51 1.53 1.54 1.55 1.55 1.55 1.55 1.55 1.55 1.55 1.54 1.54 1.53 1.52 1.51 1.49 1.47 1.45 1.43 1.40 1.38 1.34 1.29 1.23 1.17 1.11 1.06 1.07 1.15 1.32 1.56 1.70 1.82 1.88 1.88 1.91 1.99 2.04 2.08 2.19 2.33 2.47 2.49 2.33 2.18 2.14 2.19 2.25 2.25 2.29 2.39 2.47 2.53 2.57 2.57 2.57 2.58 2.55 2.53 2.54 2.53 2.50
1.59 1.58 1.56 1.54 1.51 1.49 1.48 1.47 1.42 1.35 1.33 1.40 1.56 1.76 1.79 1.63 1.42 1.33 1.35 1.40 1.46 1.51 1.54 1.54 1.54 1.54 1.54 1.54 1.54 1.55 1.55 1.55 1.54 1.54 1.53 1.53 1.52 1.50 1.49 1.47 1.45 1.43 1.41 1.38 1.34 1.30 1.26 1.20 1.14 1.09 1.09 1.16 1.34 1.52 1.68 1.80 1.82 1.81 1.82 1.84 1.87 1.94 2.10 2.32 2.44 2.39 2.21 2.06 2.08 2.15 2.19 2.25 2.35 2.44 2.50 2.56 2.57 2.51 2.43 2.38 2.35 2.38 2.45 2.46
1.59 1.58 1.55 1.54 1.54 1.52 1.49 1.47 1.47 1.45 1.43 1.45 1.53 1.67 1.83 1.85 1.68 1.48 1.37 1.36 1.40 1.44 1.48 1.51 1.52 1.52 1.52 1.52 1.53 1.54 1.55 1.55 1.55 1.54 1.54 1.53 1.52 1.51 1.50 1.49 1.47 1.45 1.43 1.41 1.38 1.35 1.31 1.26 1.20 1.14 1.09 1.06 1.10 1.25 1.42 1.54 1.62 1.64 1.62 1.60 1.62 1.70 1.85 2.10 2.30 2.36 2.25 2.07 2.03 2.13 2.22 2.28 2.33 2.39 2.43 2.45 2.47 2.45 2.42 2.40 2.36 2.34 2.35 2.33
1.59 1.55 1.50 1.49 1.51 1.54 1.57 1.57 1.54 1.49 1.45 1.42 1.42 1.48 1.64 1.83 1.87 1.72 1.52 1.38 1.35 1.38 1.42 1.46 1.49 1.50 1.51 1.51 1.53 1.54 1.54 1.54 1.54 1.54 1.54 1.54 1.53 1.52 1.51 1.50 1.49 1.47 1.45 1.43 1.41 1.38 1.34 1.30 1.25 1.19 1.13 1.09 1.06 1.09 1.23 1.39 1.46 1.48 1.48 1.48 1.51 1.61 1.77 1.98 2.18 2.28 2.26 2.20 2.16 2.19 2.25 2.30 2.32 2.35 2.39 2.39 2.38 2.40 2.42 2.44 2.43 2.40 2.39 2.35
1.63 1.53 1.43 1.41 1.43 1.50 1.57 1.60 1.58 1.54 1.47 1.40 1.36 1.38 1.47 1.66 1.85 1.88 1.76 1.57 1.43 1.38 1.39 1.44 1.48 1.51 1.52 1.52 1.53 1.53 1.53 1.54 1.54 1.54 1.54 1.54 1.54 1.53 1.52 1.51 1.50 1.49 1.47 1.45 1.43 1.40 1.37 1.34 1.29 1.24 1.19 1.16 1.13 1.13 1.24 1.41 1.49 1.47 1.46 1.52 1.62 1.73 1.79 1.80 1.84 1.90 1.90 2.04 2.18 2.24 2.27 2.31 2.34 2.35 2.36 2.39 2.42 2.46 2.52 2.55 2.57 2.54 2.56 2.57
1.72 1.56 1.40 1.38 1.37 1.38 1.41 1.46 1.50 1.51 1.49 1.42 1.39 1.40 1.42 1.51 1.71 1.90 1.94 1.82 1.63 1.47 1.39 1.38 1.43 1.48 1.51 1.51 1.51 1.51 1.52 1.53 1.54 1.54 1.54 1.54 1.54 1.53 1.53 1.52 1.51 1.50 1.48 1.47 1.45 1.42 1.40 1.37 1.33 1.28 1.23 1.16 1.12 1.12 1.18 1.33 1.52 1.57 1.54 1.56 1.62 1.65 1.61 1.54 1.52 1.52 1.66 1.90 2.10 2.24 2.32 2.35 2.35 2.33 2.32 2.38 2.50 2.61 2.70 2.75 2.75 2.72 2.72 2.75
1.88 1.73 1.55 1.48 1.44 1.40 1.37 1.38 1.37 1.37 1.41 1.41 1.37 1.37 1.40 1.43 1.51 1.70 1.89 1.94 1.83 1.65 1.50 1.40 1.38 1.43 1.48 1.51 1.51 1.52 1.52 1.52 1.53 1.54 1.54 1.54 1.54 1.54 1.53 1.53 1.52 1.51 1.50 1.48 1.46 1.44 1.42 1.39 1.36 1.31 1.25 1.16 1.09 1.05 1.06 1.15 1.39 1.60 1.63 1.54 1.42 1.38 1.52 1.68 1.79 1.85 1.92 2.00 2.06 2.13 2.22 2.29 2.30 2.26 2.27 2.36 2.51 2.62 2.69 2.75 2.78 2.77 2.79 2.88
1.97 1.95 1.83 1.64 1.51 1.48 1.51 1.55 1.55 1.49 1.47 1.49 1.42 1.34 1.37 1.42 1.42 1.47 1.65 1.88 1.99 1.93 1.76 1.58 1.46 1.43 1.45 1.49 1.51 1.52 1.51 1.51 1.52 1.53 1.54 1.54 1.54 1.54 1.54 1.53 1.53 1.52 1.51 1.49 1.48 1.46 1.44 1.41 1.38 1.34 1.28 1.21 1.12 1.03 0.98 0.99 1.08 1.31 1.48 1.44 1.34 1.41 1.72 2.03 2.20 2.23 2.15 2.05 2.00 2.00 2.05 2.13 2.21 2.25 2.31 2.35 2.39 2.47 2.56 2.71 2.89 3.01 3.12 3.28
1.96 2.16 2.32 2.14 1.86 1.70 1.73 1.79 1.77 1.67 1.57 1.54 1.54 1.48 1.38 1.36 1.39 1.41 1.50 1.68 1.89 2.02 2.01 1.88 1.70 1.53 1.42 1.38 1.39 1.42 1.46 1.48 1.50 1.51 1.52 1.53 1.54 1.54 1.54 1.54 1.53 1.53 1.52 1.51 1.49 1.48 1.46 1.43 1.40 1.37 1.32 1.26 1.18 1.09 0.99 0.89 0.81 0.83 1.01 1.19 1.28 1.43 1.63 1.88 2.10 2.19 2.16 2.04 1.94 1.92 1.93 2.00 2.09 2.17 2.24 2.25 2.26 2.35 2.54 2.78 3.04 3.22 3.26 3.18
1.90 2.17 2.62 2.84 2.80 2.57 2.36 2.29 2.14 1.91 1.76 1.67 1.64 1.62 1.53 1.43 1.41 1.44 1.45 1.50 1.61 1.78 1.96 2.04 1.97 1.81 1.58 1.39 1.30 1.31 1.36 1.41 1.46 1.49 1.51 1.52 1.53 1.54 1.54 1.54 1.54 1.53 1.53 1.52 1.50 1.49 1.47 1.45 1.42 1.39 1.36 1.31 1.25 1.18 1.08 0.96 0.81 0.71 0.75 0.92 1.03 1.14 1.27 1.45 1.69 1.91 2.04 2.07 2.02 1.97 1.94 1.93 1.95 1.98 2.00 2.03 2.09 2.18 2.38 2.59 2.73 2.80 2.71 2.37
1.65 1.63 1.91 2.39 2.72 2.83 2.83 2.78 2.74 2.65 2.54 2.46 2.32 2.14 2.01 1.88 1.71 1.57 1.46 1.42 1.46 1.55 1.67 1.84 1.98 1.99 1.84 1.57 1.37 1.29 1.29 1.33 1.39 1.44 1.48 1.51 1.52 1.53 1.54 1.54 1.54 1.54 1.53 1.52 1.51 1.50 1.49 1.47 1.45 1.42 1.39 1.35 1.31 1.25 1.18 1.10 1.00 0.90 0.84 0.85 0.88 0.89 0.95 1.05 1.19 1.40 1.64 1.86 1.98 2.01 1.97 1.91 1.89 1.89 1.89 1.88 1.88 1.94 2.06 2.22 2.27 2.18 2.08 1.97
1.41 1.24 1.03 1.08 1.35 1.74 2.02 2.18 2.40 2.59 2.68 2.69 2.65 2.56 2.42 2.27 2.10 1.88 1.65 1.49 1.44 1.45 1.48 1.55 1.66 1.86 2.00 1.87 1.64 1.47 1.35 1.29 1.31 1.38 1.44 1.48 1.50 1.52 1.53 1.54 1.54 1.54 1.54 1.53 1.52 1.51 1.50 1.48 1.46 1.44 1.42 1.39 1.35 1.31 1.26 1.21 1.15 1.09 1.03 0.98 0.94 0.87 0.78 0.73 0.73 0.83 1.06 1.29 1.49 1.66 1.80 1.87 1.87 1.86 1.85 1.82 1.79 1.80 1.84 1.88 1.87 1.82 1.82 1.92
1.43 1.26 0.95 0.76 0.74 0.87 0.98 1.10 1.29 1.55 1.64 1.69 1.77 1.91 2.01 2.04 2.04 2.04 1.95 1.77 1.58 1.48 1.46 1.47 1.53 1.74 2.06 2.18 2.04 1.80 1.60 1.44 1.33 1.32 1.36 1.42 1.47 1.50 1.52 1.53 1.54 1.54 1.54 1.54 1.53 1.52 1.51 1.50 1.48 1.46 1.44 1.42 1.39 1.36 1.32 1.29 1.25 1.21 1.17 1.13 1.08 1.00 0.90 0.79 0.71 0.66 0.67 0.75 0.91 1.11 1.39 1.62 1.70 1.70 1.71 1.74 1.76 1.73 1.68 1.58 1.53 1.63 1.75 1.90
1.51 1.37 1.13 0.97 0.87 0.85 0.83 0.78 0.79 0.91 0.98 1.01 1.08 1.19 1.33 1.46 1.60 1.76 1.89 1.93 1.86 1.74 1.63 1.60 1.62 1.68 1.85 2.11 2.20 2.07 1.89 1.71 1.51 1.36 1.32 1.36 1.42 1.47 1.50 1.52 1.53 1.54 1.54 1.54 1.54 1.53 1.52 1.51 1.49 1.48 1.46 1.44 1.42 1.40 1.37 1.34 1.32 1.29 1.26 1.23 1.19 1.14 1.08 1.01 0.93 0.83 0.74 0.68 0.68 0.73 0.84 1.00 1.22 1.28 1.38 1.47 1.56 1.56 1.51 1.46 1.47 1.57 1.74 1.94
1.65 1.46 1.19 1.05 0.97 0.93 0.90 0.84 0.78 0.82 0.92 1.00 1.05 1.10 1.15 1.23 1.30 1.40 1.52 1.68 1.82 1.88 1.86 1.80 1.73 1.68 1.70 1.87 2.07 2.14 2.05 1.93 1.78 1.58 1.43 1.39 1.41 1.43 1.47 1.51 1.53 1.54 1.54 1.54 1.54 1.53 1.53 1.52 1.51 1.49 1.48 1.46 1.45 1.43 1.41 1.39 1.37 1.35 1.32 1.30 1.27 1.23 1.19 1.15 1.10 1.04 0.96 0.87 0.78 0.68 0.59 0.56 0.68 0.87 1.05 1.20 1.33 1.38 1.39 1.44 1.53 1.64 1.79 1.99
1.88 1.61 1.19 0.98 0.89 0.85 0.82 0.80 0.82 0.84 0.91 1.01 1.09 1.15 1.20 1.24 1.27 1.30 1.35 1.42 1.52 1.64 1.72 1.75 1.71 1.67 1.68 1.77 1.91 2.02 2.05 2.01 1.96 1.86 1.69 1.55 1.48 1.45 1.45 1.48 1.52 1.54 1.54 1.54 1.54 1.54 1.53 1.52 1.51 1.50 1.49 1.48 1.47 1.45 1.44 1.42 1.41 1.39 1.37 1.35 1.33 1.30 1.27 1.24 1.21 1.17 1.11 1.04 0.96 0.86 0.75 0.66 0.66 0.77 0.94 1.11 1.24 1.33 1.36 1.43 1.63 1.81 1.87 2.01
2.19 1.85 1.29 0.92 0.74 0.69 0.65 0.67 0.74 0.80 0.85 0.93 1.02 1.09 1.16 1.22 1.27 1.31 1.35 1.38 1.40 1.44 1.50 1.56 1.58 1.57 1.57 1.64 1.80 1.96 2.03 2.03 2.00 1.93 1.78 1.62 1.52 1.47 1.46 1.47 1.50 1.52 1.54 1.54 1.54 1.54 1.53 1.52 1.52 1.51 1.50 1.49 1.48 1.47 1.46 1.45 1.44 1.43 1.41 1.39 1.37 1.35 1.33 1.31 1.28 1.24 1.20 1.16 1.10 1.05 0.99 0.93 0.87 0.85 0.89 1.00 1.14 1.27 1.38 1.49 1.68 1.79 1.81 1.89
