windninja/windninja_output/Output_2025-08-09_1200-1250_Google earth_Fire_150m_10min/merlingen_7.5mi_point_08-09-2025_1200_150m_vel.asc
ncols	158
nrows	163
xllcorner	391686.332397
yllcorner	5160024.123721
cellsize	150.000000
NODATA_value	-32768.000000
[rows 114 to 151 of 163, columns 0 to 83 of 158]
1.39 1.34 1.23 1.17 1.17 1.14 1.08 1.05 1.07 1.11 1.14 1.25 1.32 1.27 1.31 1.27 0.94 0.80 0.93 1.14 1.49 2.01 2.20 1.64 1.26 1.20 1.14 0.98 0.82 0.83 1.21 1.80 1.97 1.74 1.42 1.14 1.05 1.04 0.96 0.88 0.84 0.83 0.83 0.80 0.69 0.64 0.65 0.64 0.60 0.59 0.59 0.62 0.73 0.92 1.12 1.23 1.24 1.29 1.45 1.59 1.58 1.54 1.60 1.69 1.63 1.64 1.77 1.85 1.85 1.74 1.57 1.47 1.42 1.39 1.51 1.65 1.62 1.50 1.42 1.52 1.65 1.55 1.26 1.10
1.38 1.40 1.37 1.30 1.25 1.23 1.21 1.14 1.06 1.04 1.07 1.14 1.25 1.36 1.47 1.40 1.00 0.80 0.82 0.87 1.15 1.67 2.21 2.26 1.91 1.54 1.43 1.37 1.30 1.03 1.10 1.62 2.09 2.05 1.60 1.18 1.02 1.04 1.02 0.97 0.98 1.04 1.07 1.03 0.91 0.84 0.81 0.75 0.68 0.65 0.66 0.68 0.71 0.82 1.03 1.19 1.22 1.23 1.35 1.52 1.58 1.56 1.59 1.70 1.69 1.63 1.71 1.82 1.86 1.82 1.74 1.67 1.60 1.44 1.37 1.55 1.71 1.64 1.46 1.44 1.64 1.67 1.45 1.30
1.33 1.38 1.41 1.36 1.29 1.24 1.24 1.26 1.21 1.13 1.08 1.04 1.11 1.28 1.52 1.53 1.10 0.78 0.75 0.81 1.07 1.48 1.93 2.34 2.41 2.05 1.68 1.57 1.51 1.30 1.30 1.64 2.13 2.32 1.84 1.28 1.12 1.17 1.20 1.16 1.17 1.21 1.22 1.20 1.08 0.93 0.81 0.74 0.75 0.76 0.77 0.77 0.76 0.78 0.93 1.13 1.21 1.21 1.27 1.41 1.52 1.55 1.58 1.66 1.69 1.65 1.68 1.77 1.85 1.86 1.84 1.83 1.87 1.78 1.48 1.40 1.58 1.73 1.60 1.42 1.54 1.63 1.46 1.37
1.27 1.34 1.38 1.35 1.30 1.22 1.18 1.26 1.34 1.34 1.22 1.02 0.97 1.13 1.46 1.63 1.21 0.75 0.76 0.88 1.12 1.39 1.61 1.94 2.37 2.54 2.33 2.03 1.97 1.54 1.30 1.38 1.87 2.44 2.38 1.80 1.52 1.45 1.47 1.49 1.52 1.45 1.36 1.33 1.24 1.05 0.95 0.93 0.93 0.93 0.92 0.88 0.84 0.83 0.90 1.10 1.23 1.24 1.24 1.33 1.42 1.50 1.60 1.69 1.71 1.68 1.69 1.76 1.83 1.87 1.89 1.92 2.01 2.11 1.99 1.65 1.49 1.65 1.73 1.60 1.56 1.60 1.43 1.32
1.26 1.29 1.35 1.35 1.30 1.23 1.15 1.17 1.25 1.35 1.39 1.14 0.90 0.97 1.29 1.70 1.47 0.76 0.73 0.81 0.88 1.01 1.17 1.35 1.68 2.24 2.55 2.58 2.63 2.42 1.82 1.56 1.85 2.38 2.72 2.86 2.64 2.24 2.07 2.04 1.94 1.79 1.60 1.44 1.34 1.25 1.18 1.16 1.13 1.09 1.03 0.96 0.92 0.90 0.91 1.05 1.21 1.26 1.25 1.30 1.34 1.38 1.50 1.67 1.77 1.77 1.78 1.82 1.86 1.86 1.87 1.89 1.98 2.17 2.32 2.17 1.80 1.67 1.75 1.76 1.76 1.71 1.48 1.30
1.30 1.29 1.34 1.36 1.27 1.20 1.14 1.09 1.10 1.15 1.34 1.27 0.90 0.87 1.11 1.58 1.67 0.99 0.61 0.61 0.59 0.60 0.74 0.90 1.08 1.36 1.69 1.95 2.36 2.66 2.55 2.38 2.23 2.20 2.46 2.94 3.15 3.05 2.89 2.81 2.62 2.28 1.98 1.78 1.68 1.59 1.40 1.26 1.20 1.13 1.06 1.00 0.95 0.92 0.91 0.99 1.15 1.24 1.26 1.29 1.32 1.30 1.34 1.47 1.62 1.71 1.74 1.80 1.88 1.88 1.81 1.79 1.86 2.03 2.30 2.47 2.31 2.00 1.85 1.80 1.81 1.79 1.57 1.36
1.31 1.29 1.34 1.42 1.30 1.13 1.07 1.03 1.01 1.01 1.16 1.25 0.95 0.87 1.04 1.44 1.71 1.35 0.69 0.50 0.46 0.41 0.43 0.54 0.67 0.81 0.94 1.11 1.42 1.79 2.11 2.15 1.91 1.85 2.03 2.37 2.78 2.93 2.82 2.86 3.01 2.92 2.65 2.40 2.23 2.04 1.81 1.61 1.43 1.25 1.14 1.07 1.00 0.96 0.93 0.96 1.08 1.19 1.23 1.28 1.31 1.29 1.27 1.25 1.21 1.24 1.26 1.32 1.57 1.78 1.79 1.72 1.71 1.80 2.05 2.40 2.60 2.45 2.18 1.98 1.86 1.80 1.63 1.44
1.29 1.29 1.36 1.54 1.61 1.42 1.31 1.23 1.08 0.93 1.02 1.20 0.96 0.84 1.04 1.40 1.73 1.56 0.96 0.54 0.35 0.31 0.25 0.23 0.32 0.47 0.63 0.80 0.96 1.09 1.21 1.37 1.47 1.58 1.84 2.04 2.12 2.30 2.13 2.11 2.53 2.85 2.81 2.48 2.24 2.12 1.99 1.83 1.64 1.43 1.25 1.13 1.07 1.03 0.98 0.99 1.09 1.18 1.20 1.23 1.25 1.19 1.14 1.12 1.05 1.03 0.93 0.74 0.90 1.36 1.61 1.65 1.61 1.59 1.72 2.06 2.48 2.72 2.64 2.39 2.14 1.96 1.72 1.53
1.25 1.28 1.34 1.49 1.72 1.80 1.82 1.78 1.54 1.11 0.99 1.17 0.95 0.71 0.82 1.12 1.62 1.72 1.18 0.71 0.33 0.20 0.21 0.18 0.11 0.16 0.29 0.47 0.67 0.82 0.92 1.11 1.32 1.41 1.64 1.79 1.77 1.98 1.85 1.59 1.75 2.16 2.55 2.41 1.99 1.78 1.68 1.58 1.52 1.43 1.29 1.17 1.10 1.04 1.01 1.01 1.10 1.19 1.19 1.19 1.15 1.08 1.05 1.08 1.14 1.24 1.18 0.80 0.57 0.74 1.13 1.38 1.49 1.48 1.48 1.64 2.02 2.52 2.84 2.86 2.64 2.32 1.95 1.73
1.13 1.16 1.18 1.21 1.36 1.56 1.74 1.92 1.98 1.67 1.27 1.26 0.96 0.58 0.55 0.72 1.25 1.76 1.55 0.97 0.55 0.23 0.11 0.19 0.21 0.17 0.12 0.18 0.41 0.65 0.80 0.95 1.13 1.23 1.46 1.64 1.63 1.85 1.92 1.56 1.41 1.69 2.28 2.57 2.20 1.76 1.54 1.41 1.40 1.40 1.35 1.26 1.15 1.07 1.02 0.96 0.96 1.03 1.02 1.04 1.09 1.09 1.10 1.13 1.19 1.36 1.48 1.30 0.83 0.54 0.66 0.95 1.16 1.29 1.31 1.32 1.52 1.96 2.48 2.90 3.07 2.91 2.47 2.08
1.09 1.10 1.09 1.06 1.12 1.28 1.44 1.65 1.95 1.97 1.83 1.61 0.98 0.54 0.44 0.48 0.81 1.47 1.81 1.44 0.87 0.47 0.22 0.16 0.15 0.20 0.25 0.32 0.56 0.71 0.78 0.91 1.05 1.11 1.30 1.54 1.49 1.59 1.82 1.63 1.37 1.41 1.83 2.48 2.58 2.13 1.74 1.52 1.46 1.49 1.50 1.42 1.27 1.16 1.09 1.01 0.97 1.02 1.00 0.92 1.03 1.19 1.24 1.26 1.29 1.36 1.49 1.57 1.37 0.84 0.55 0.60 0.72 0.84 0.99 1.05 1.12 1.39 1.84 2.32 2.80 3.13 3.02 2.51
1.11 1.16 1.16 1.12 1.15 1.25 1.35 1.48 1.76 1.94 2.08 2.09 1.42 0.65 0.41 0.35 0.51 0.93 1.51 1.80 1.59 0.92 0.48 0.33 0.33 0.37 0.57 0.95 0.97 0.87 0.83 0.94 1.04 1.02 1.16 1.43 1.39 1.36 1.62 1.62 1.37 1.25 1.42 2.03 2.54 2.41 1.99 1.69 1.56 1.53 1.50 1.46 1.38 1.27 1.19 1.17 1.21 1.31 1.34 1.19 1.17 1.30 1.36 1.37 1.39 1.42 1.44 1.54 1.62 1.40 0.93 0.69 0.61 0.53 0.56 0.66 0.75 0.87 1.16 1.51 1.86 2.51 3.06 2.97
1.04 1.11 1.14 1.10 1.13 1.20 1.30 1.40 1.57 1.78 2.03 2.40 2.15 1.12 0.70 0.49 0.47 0.64 0.98 1.48 1.73 1.60 1.03 0.84 1.14 1.43 1.46 1.34 1.08 0.90 0.92 1.05 1.17 1.05 1.05 1.33 1.38 1.22 1.30 1.42 1.30 1.13 1.17 1.57 2.26 2.47 2.21 1.93 1.74 1.60 1.50 1.42 1.37 1.32 1.23 1.18 1.25 1.39 1.53 1.50 1.42 1.39 1.37 1.36 1.38 1.42 1.45 1.49 1.60 1.66 1.50 1.21 0.92 0.64 0.45 0.36 0.39 0.48 0.62 0.88 1.19 1.69 2.48 2.97
1.01 1.08 1.12 1.06 1.08 1.19 1.32 1.38 1.42 1.57 1.86 2.38 2.61 2.08 1.40 0.86 0.64 0.70 0.88 1.16 1.67 2.12 2.21 2.15 2.07 1.90 1.56 1.12 0.88 0.83 0.89 1.08 1.37 1.38 1.22 1.25 1.32 1.21 1.08 1.15 1.14 0.97 0.93 1.17 1.82 2.32 2.24 1.97 1.79 1.63 1.53 1.46 1.36 1.29 1.23 1.16 1.16 1.29 1.44 1.46 1.42 1.39 1.35 1.32 1.35 1.40 1.44 1.47 1.53 1.61 1.66 1.58 1.30 0.97 0.69 0.43 0.23 0.22 0.34 0.53 0.83 1.23 1.74 2.35
1.02 1.07 1.11 1.04 1.01 1.08 1.22 1.32 1.35 1.40 1.59 2.04 2.61 2.80 2.42 1.43 0.95 0.93 1.10 1.52 1.91 2.13 2.32 2.26 2.01 1.71 1.29 0.91 0.73 0.69 0.75 0.92 1.32 1.63 1.66 1.48 1.29 1.17 1.03 0.97 0.95 0.84 0.73 0.81 1.29 2.03 2.23 1.94 1.73 1.61 1.50 1.46 1.41 1.34 1.27 1.21 1.18 1.23 1.33 1.36 1.35 1.36 1.36 1.35 1.36 1.40 1.43 1.46 1.49 1.53 1.61 1.70 1.58 1.23 0.92 0.67 0.36 0.16 0.15 0.24 0.43 0.79 1.23 1.71
0.99 1.02 1.03 0.94 0.88 0.87 0.92 1.06 1.16 1.22 1.32 1.58 2.01 2.54 2.81 2.59 1.73 1.31 1.42 1.65 1.55 1.32 1.57 1.78 1.67 1.51 1.32 1.03 0.76 0.62 0.62 0.69 0.96 1.39 1.81 1.96 1.68 1.22 1.00 0.92 0.85 0.76 0.61 0.54 0.79 1.55 2.12 2.12 1.92 1.77 1.62 1.52 1.41 1.35 1.28 1.23 1.23 1.25 1.30 1.33 1.34 1.36 1.37 1.37 1.38 1.40 1.42 1.44 1.48 1.51 1.58 1.73 1.79 1.58 1.20 0.92 0.61 0.27 0.16 0.15 0.12 0.24 0.57 1.06
1.02 1.05 1.06 0.97 0.87 0.86 0.84 0.81 0.83 0.89 0.96 1.03 1.18 1.50 2.05 2.56 2.35 1.86 1.57 1.31 0.95 0.85 1.12 1.62 1.82 1.63 1.37 1.20 1.01 0.80 0.63 0.56 0.65 1.00 1.46 2.01 2.22 1.76 1.22 1.03 0.91 0.79 0.67 0.53 0.54 0.94 1.74 2.11 2.08 1.88 1.69 1.57 1.40 1.30 1.24 1.20 1.20 1.26 1.32 1.34 1.32 1.32 1.35 1.36 1.37 1.40 1.42 1.44 1.47 1.52 1.58 1.69 1.83 1.85 1.65 1.31 0.93 0.52 0.27 0.19 0.18 0.15 0.07 0.27
1.06 1.09 1.16 1.12 0.99 0.98 1.03 0.98 0.81 0.63 0.56 0.58 0.67 0.88 1.20 1.67 2.02 1.77 1.27 0.86 0.77 0.80 0.90 1.28 1.83 1.89 1.47 1.31 1.23 1.06 0.83 0.66 0.63 0.78 1.09 1.60 2.24 2.42 2.00 1.53 1.29 1.12 1.00 0.82 0.62 0.65 1.14 1.68 1.93 1.83 1.62 1.52 1.41 1.30 1.23 1.15 1.12 1.18 1.26 1.29 1.26 1.22 1.23 1.30 1.34 1.38 1.41 1.42 1.44 1.49 1.58 1.68 1.78 1.90 1.89 1.75 1.38 0.87 0.59 0.42 0.22 0.16 0.18 0.13
1.07 1.06 1.10 1.16 1.10 1.05 1.13 1.27 1.27 0.90 0.56 0.48 0.53 0.69 0.93 1.18 1.56 1.61 1.10 0.70 0.67 0.76 0.85 1.00 1.46 1.98 1.83 1.31 1.07 0.94 0.79 0.66 0.59 0.65 0.88 1.24 1.76 2.35 2.56 2.39 2.04 1.73 1.53 1.30 1.02 0.77 0.78 1.14 1.59 1.70 1.54 1.44 1.38 1.31 1.24 1.17 1.11 1.13 1.19 1.23 1.24 1.21 1.16 1.21 1.28 1.31 1.36 1.37 1.38 1.43 1.53 1.65 1.76 1.89 1.94 1.90 1.72 1.27 0.98 0.87 0.58 0.21 0.10 0.17
1.07 1.03 1.01 1.11 1.17 1.10 1.06 1.20 1.49 1.54 1.12 0.80 0.71 0.73 0.81 1.02 1.42 1.73 1.74 1.30 0.93 0.88 0.93 1.01 1.20 1.85 2.07 1.51 1.00 0.78 0.64 0.54 0.48 0.54 0.72 0.98 1.30 1.74 2.22 2.49 2.41 2.14 1.96 1.81 1.57 1.22 0.95 0.97 1.30 1.51 1.43 1.35 1.32 1.29 1.25 1.21 1.16 1.18 1.24 1.30 1.34 1.34 1.28 1.25 1.28 1.28 1.30 1.29 1.27 1.33 1.45 1.57 1.67 1.86 2.03 2.01 1.84 1.40 1.08 1.06 0.94 0.55 0.15 0.07
1.15 1.12 1.07 1.12 1.20 1.17 1.05 1.04 1.24 1.61 1.70 1.45 1.32 1.17 1.04 1.10 1.32 1.63 1.92 1.91 1.56 1.12 0.96 0.92 1.02 1.52 2.14 2.15 1.58 1.08 0.85 0.70 0.55 0.51 0.56 0.69 0.96 1.26 1.61 2.00 2.23 2.19 2.05 1.97 1.84 1.63 1.35 1.16 1.25 1.42 1.42 1.33 1.27 1.24 1.22 1.19 1.18 1.20 1.24 1.30 1.36 1.38 1.35 1.32 1.33 1.33 1.32 1.29 1.18 1.13 1.28 1.46 1.57 1.70 1.98 2.19 2.11 1.58 1.04 0.97 1.02 0.84 0.45 0.15
1.19 1.22 1.21 1.19 1.23 1.24 1.17 1.06 1.02 1.19 1.52 1.63 1.57 1.48 1.29 1.08 1.03 1.20 1.43 1.71 1.74 1.37 0.95 0.75 0.77 1.04 1.69 2.29 2.22 1.68 1.30 1.12 0.90 0.63 0.51 0.50 0.63 0.93 1.26 1.60 1.87 1.99 1.94 1.87 1.87 1.78 1.57 1.34 1.32 1.42 1.45 1.38 1.28 1.21 1.17 1.14 1.16 1.19 1.21 1.24 1.29 1.34 1.36 1.36 1.37 1.39 1.38 1.37 1.25 1.00 0.96 1.18 1.41 1.57 1.85 2.24 2.42 2.11 1.33 0.99 0.94 0.86 0.69 0.42
1.12 1.24 1.28 1.19 1.18 1.20 1.19 1.13 1.00 0.90 0.97 1.12 1.22 1.30 1.26 0.92 0.70 0.81 1.01 1.24 1.41 1.27 0.97 0.74 0.68 0.77 1.15 1.83 2.27 2.15 1.77 1.46 1.25 0.95 0.64 0.51 0.52 0.69 1.03 1.32 1.46 1.68 1.82 1.77 1.75 1.71 1.56 1.35 1.29 1.35 1.36 1.33 1.27 1.21 1.16 1.12 1.13 1.18 1.23 1.27 1.32 1.36 1.38 1.39 1.41 1.44 1.42 1.43 1.41 1.13 0.76 0.71 0.96 1.26 1.61 2.09 2.50 2.55 2.12 1.43 1.01 0.85 0.78 0.66
0.97 1.07 1.24 1.20 1.09 1.03 1.01 1.03 1.02 0.95 0.87 0.87 0.92 1.09 1.28 1.10 0.88 0.77 0.80 0.94 1.05 0.99 0.89 0.79 0.67 0.65 0.84 1.33 1.89 2.18 1.97 1.56 1.28 1.09 0.88 0.65 0.57 0.60 0.91 1.21 1.23 1.37 1.63 1.66 1.58 1.56 1.47 1.31 1.23 1.26 1.27 1.25 1.22 1.18 1.13 1.10 1.11 1.18 1.23 1.28 1.34 1.38 1.39 1.39 1.41 1.44 1.44 1.41 1.46 1.35 0.91 0.51 0.42 0.53 0.85 1.46 2.16 2.59 2.68 2.35 1.60 1.07 0.89 0.81
0.88 0.89 1.02 1.18 1.14 0.96 0.81 0.78 0.86 0.99 1.04 1.02 0.96 1.13 1.38 1.49 1.43 1.20 0.91 0.84 0.87 0.76 0.67 0.63 0.57 0.53 0.60 0.93 1.43 1.90 2.12 1.90 1.45 1.19 1.02 0.77 0.60 0.57 0.80 1.19 1.25 1.24 1.40 1.49 1.49 1.51 1.46 1.30 1.23 1.23 1.24 1.22 1.20 1.17 1.12 1.08 1.11 1.17 1.21 1.24 1.29 1.36 1.41 1.42 1.42 1.43 1.44 1.43 1.45 1.49 1.28 0.76 0.37 0.22 0.23 0.57 1.35 2.06 2.51 2.73 2.40 1.53 1.16 0.97
0.98 0.89 0.83 1.03 1.25 1.22 0.95 0.73 0.68 0.78 0.98 1.09 1.09 1.15 1.29 1.44 1.56 1.58 1.47 1.24 1.00 0.76 0.60 0.50 0.43 0.41 0.45 0.60 0.98 1.42 1.90 2.18 2.00 1.53 1.17 0.87 0.69 0.65 0.72 1.09 1.28 1.25 1.27 1.31 1.36 1.43 1.42 1.32 1.24 1.22 1.20 1.21 1.21 1.20 1.17 1.13 1.14 1.17 1.21 1.23 1.26 1.31 1.38 1.45 1.51 1.52 1.52 1.54 1.56 1.59 1.55 1.22 0.68 0.31 0.14 0.19 0.62 1.30 1.82 2.37 2.59 2.20 1.79 1.48
1.14 1.03 0.86 0.86 1.09 1.37 1.40 1.13 0.88 0.77 0.80 0.95 1.05 1.02 0.98 1.07 1.26 1.43 1.57 1.73 1.63 1.21 0.83 0.58 0.42 0.36 0.37 0.42 0.63 0.93 1.29 1.83 2.17 2.03 1.63 1.28 1.05 0.86 0.74 0.93 1.19 1.25 1.24 1.19 1.20 1.28 1.32 1.28 1.24 1.21 1.16 1.13 1.14 1.19 1.23 1.21 1.18 1.18 1.21 1.23 1.25 1.30 1.35 1.45 1.63 1.78 1.81 1.82 1.81 1.81 1.81 1.65 1.16 0.59 0.29 0.18 0.31 0.78 1.24 1.76 2.22 2.23 2.01 1.84
1.20 1.19 0.99 0.73 0.70 0.94 1.36 1.52 1.42 1.23 0.95 0.85 0.88 0.79 0.73 0.79 0.91 1.03 1.14 1.49 1.89 1.97 1.65 1.15 0.81 0.56 0.40 0.35 0.41 0.58 0.81 1.26 1.83 2.16 2.07 1.75 1.44 1.22 0.99 0.96 1.12 1.21 1.22 1.17 1.14 1.19 1.22 1.23 1.22 1.19 1.14 1.06 0.97 0.98 1.12 1.20 1.22 1.22 1.25 1.28 1.30 1.34 1.38 1.46 1.69 2.02 2.25 2.35 2.36 2.37 2.33 2.25 1.87 1.13 0.67 0.46 0.41 0.64 0.93 1.20 1.61 1.83 1.70 1.51
1.12 1.24 1.16 0.76 0.54 0.55 0.76 1.18 1.51 1.56 1.38 1.03 0.77 0.58 0.53 0.58 0.69 0.80 0.84 0.97 1.38 1.91 2.14 2.05 1.73 1.28 0.84 0.49 0.34 0.34 0.47 0.75 1.23 1.75 2.06 1.95 1.67 1.48 1.30 1.14 1.18 1.27 1.28 1.24 1.20 1.17 1.18 1.19 1.20 1.17 1.13 1.08 0.91 0.72 0.76 0.97 1.11 1.19 1.26 1.34 1.38 1.40 1.42 1.45 1.58 1.83 2.14 2.42 2.62 2.75 2.77 2.72 2.56 2.09 1.28 0.95 0.85 1.01 1.15 1.18 1.33 1.60 1.55 1.23
1.06 1.22 1.35 1.08 0.71 0.52 0.45 0.55 0.88 1.24 1.48 1.36 0.82 0.51 0.48 0.52 0.63 0.72 0.71 0.67 0.74 1.05 1.53 1.96 2.06 1.97 1.73 1.24 0.74 0.49 0.45 0.51 0.69 1.13 1.72 1.88 1.70 1.48 1.35 1.26 1.25 1.32 1.32 1.30 1.26 1.21 1.17 1.16 1.16 1.15 1.12 1.12 1.05 0.82 0.65 0.71 0.90 1.06 1.15 1.23 1.33 1.38 1.39 1.37 1.36 1.35 1.39 1.57 1.90 2.33 2.65 2.73 2.71 2.52 1.95 1.44 1.36 1.46 1.65 1.61 1.38 1.53 1.59 1.24
1.14 1.16 1.33 1.42 1.13 0.77 0.50 0.34 0.34 0.52 1.00 1.48 1.12 0.71 0.66 0.64 0.64 0.66 0.61 0.49 0.44 0.50 0.71 1.10 1.43 1.66 1.84 1.85 1.59 1.19 0.84 0.60 0.53 0.68 1.26 1.55 1.48 1.34 1.28 1.26 1.25 1.29 1.30 1.29 1.26 1.22 1.17 1.15 1.16 1.16 1.14 1.14 1.12 0.99 0.75 0.62 0.72 0.90 1.01 1.08 1.21 1.34 1.38 1.30 1.20 1.11 1.03 1.00 1.10 1.40 1.94 2.39 2.60 2.60 2.26 1.83 1.62 1.63 1.87 1.93 1.61 1.59 1.61 1.33
1.29 1.08 1.01 1.35 1.54 1.35 0.96 0.61 0.37 0.31 0.60 1.33 1.49 1.33 1.24 1.10 0.97 0.86 0.67 0.48 0.36 0.33 0.38 0.50 0.68 0.87 1.12 1.52 1.75 1.74 1.48 1.07 0.75 0.67 0.98 1.27 1.27 1.19 1.17 1.20 1.23 1.26 1.28 1.27 1.24 1.21 1.17 1.15 1.17 1.19 1.19 1.15 1.10 1.00 0.81 0.63 0.64 0.79 0.99 1.11 1.20 1.33 1.43 1.40 1.26 1.17 1.07 0.93 0.85 0.89 1.11 1.68 2.37 2.59 2.31 1.93 1.61 1.51 1.84 2.13 1.91 1.75 1.68 1.48
1.50 1.10 0.75 0.97 1.43 1.74 1.74 1.38 0.95 0.59 0.68 1.18 1.53 1.75 1.84 1.79 1.70 1.62 1.42 1.10 0.84 0.63 0.47 0.38 0.38 0.44 0.50 0.66 1.00 1.37 1.60 1.53 1.21 0.90 0.95 1.15 1.17 1.12 1.09 1.13 1.20 1.24 1.27 1.28 1.26 1.22 1.19 1.17 1.17 1.18 1.18 1.16 1.10 0.99 0.86 0.75 0.71 0.78 0.99 1.15 1.21 1.26 1.36 1.48 1.51 1.48 1.41 1.24 1.10 1.02 0.95 1.12 1.82 2.39 2.32 1.99 1.64 1.31 1.46 2.04 2.20 2.03 1.90 1.73
1.75 1.22 0.65 0.62 0.84 1.34 1.77 1.93 1.67 1.15 1.10 1.27 1.40 1.50 1.65 1.80 1.85 1.91 1.98 2.00 1.92 1.68 1.31 0.93 0.58 0.41 0.35 0.32 0.38 0.54 0.89 1.34 1.31 1.05 1.02 1.14 1.17 1.14 1.11 1.12 1.17 1.22 1.26 1.31 1.32 1.27 1.23 1.21 1.20 1.18 1.19 1.21 1.13 0.96 0.80 0.67 0.66 0.75 0.85 0.98 1.08 1.13 1.19 1.33 1.51 1.66 1.77 1.79 1.76 1.71 1.60 1.53 1.78 2.25 2.34 2.18 2.02 1.67 1.49 1.90 2.35 2.43 2.31 1.93
1.92 1.37 0.69 0.50 0.47 0.59 0.97 1.57 1.92 1.70 1.45 1.32 1.22 1.11 1.06 1.21 1.46 1.57 1.60 1.79 2.06 2.18 2.17 2.02 1.59 1.02 0.77 0.69 0.62 0.52 0.57 0.95 1.18 1.11 1.10 1.20 1.24 1.21 1.16 1.15 1.18 1.21 1.23 1.28 1.34 1.33 1.29 1.28 1.28 1.25 1.25 1.27 1.22 1.00 0.75 0.55 0.50 0.59 0.70 0.84 0.96 1.04 1.09 1.16 1.25 1.39 1.60 1.79 1.93 2.05 2.15 2.21 2.35 2.59 2.62 2.43 2.33 2.29 2.23 2.26 2.50 2.90 2.93 2.39
1.90 1.70 1.19 0.77 0.52 0.47 0.63 0.99 1.54 1.68 1.52 1.31 1.16 1.00 0.85 0.84 1.06 1.27 1.23 1.18 1.38 1.70 1.98 2.25 2.31 2.03 1.53 1.23 1.09 0.93 0.77 0.86 1.08 1.12 1.12 1.20 1.28 1.28 1.24 1.20 1.21 1.24 1.24 1.24 1.29 1.31 1.28 1.30 1.32 1.31 1.33 1.37 1.32 1.13 0.85 0.57 0.42 0.45 0.55 0.66 0.84 0.98 1.03 1.06 1.09 1.16 1.28 1.39 1.48 1.56 1.68 1.89 2.18 2.58 2.79 2.59 2.30 2.24 2.20 2.25 2.47 2.84 3.25 3.04
1.56 1.81 2.02 1.64 1.15 0.85 0.75 0.76 1.02 1.28 1.35 1.40 1.28 1.01 0.80 0.66 0.68 0.93 1.13 1.11 1.05 1.13 1.30 1.56 2.00 2.25 2.00 1.39 1.09 1.00 0.86 0.84 0.99 1.09 1.11 1.15 1.24 1.29 1.30 1.28 1.26 1.28 1.28 1.27 1.30 1.31 1.25 1.25 1.32 1.35 1.40 1.49 1.47 1.30 1.02 0.68 0.46 0.41 0.49 0.55 0.63 0.83 0.97 1.02 1.07 1.11 1.14 1.18 1.20 1.16 1.07 1.11 1.34 1.82 2.33 2.46 2.21 1.84 1.61 1.86 2.13 2.31 2.93 3.35
1.06 1.29 1.85 2.02 1.87 1.36 0.83 0.66 0.85 1.03 1.14 1.35 1.48 1.27 0.90 0.63 0.48 0.53 0.77 0.97 0.96 0.91 0.90 1.03 1.35 1.85 2.05 1.54 1.00 0.94 0.94 0.92 0.98 1.07 1.11 1.13 1.18 1.24 1.28 1.31 1.32 1.33 1.32 1.31 1.35 1.40 1.35 1.23 1.26 1.35 1.42 1.54 1.62 1.52 1.23 0.83 0.57 0.45 0.48 0.58 0.59 0.65 0.87 1.00 1.04 1.06 1.08 1.13 1.20 1.24 1.14 1.01 1.00 1.21 1.61 2.07 2.14 1.74 1.44 1.57 1.76 1.85 2.30 3.24
