windninja/windninja_output/Output_2025-08-09_1200-1250_Google earth_Fire_150m_10min/merlingen_7.5mi_point_08-09-2025_1230_150m_ang.asc
ncols	158
nrows	163
xllcorner	391686.332397
yllcorner	5160024.123721
cellsize	150.000000
NODATA_value	-32768.000000
[rows 56 to 111 of 163, columns 0 to 95 of 158]
12 13 13 11 9 9 7 8 12 15 12 8 5 3 4 5 6 6 6 6 7 7 7 6 6 6 6 6 6 6 6 6 5 5 5 4 3 2 1 360 358 357 358 358 356 353 351 352 355 360 6 11 12 14 16 16 16 19 20 18 16 17 21 22 18 13 13 14 19 25 28 28 26 24 24 23 22 22 21 19 18 19 22 24 25 27 29 30 31 34 37 33 19 9 11 11
13 13 13 14 12 11 9 6 7 11 12 11 9 6 4 4 5 6 6 6 7 7 7 7 7 7 7 7 7 7 7 6 6 6 5 5 4 4 3 2 1 0 359 358 356 352 348 347 350 355 1 9 13 15 17 16 15 17 16 14 14 17 22 25 22 16 14 16 22 27 27 24 23 22 22 20 19 19 18 17 18 20 23 25 28 31 33 33 32 32 30 19 3 360 7 16
14 13 13 14 13 13 12 8 5 6 10 12 13 12 7 3 4 5 6 6 7 7 7 7 7 7 7 7 7 7 7 7 7 7 6 6 5 5 4 4 3 2 1 360 357 354 350 346 345 348 355 6 11 14 17 16 13 14 13 12 14 18 23 26 25 19 15 16 20 23 21 21 22 21 19 17 16 16 16 16 18 21 25 28 32 35 36 36 31 25 16 6 359 0 12 25
14 14 14 14 15 14 14 11 7 5 8 11 15 15 11 6 3 4 5 6 7 7 7 7 8 8 8 8 8 8 8 7 7 7 7 7 6 6 5 5 4 4 3 2 360 358 355 350 345 343 347 359 8 12 16 16 14 12 11 11 14 19 24 27 27 22 16 15 18 20 20 19 20 18 17 16 15 15 16 18 20 24 27 28 31 34 34 32 25 14 6 3 3 7 23 34
15 15 16 16 16 15 15 13 11 8 7 8 10 13 14 11 7 4 4 5 6 7 7 8 8 8 8 8 8 8 8 8 8 8 8 7 7 7 6 6 6 5 4 3 2 1 358 355 350 345 342 349 1 10 14 16 14 12 11 12 15 19 25 29 28 24 18 16 19 21 20 18 17 16 14 14 15 16 18 21 23 26 29 30 31 32 31 26 17 7 4 6 9 18 32 38
16 17 17 17 17 16 16 14 12 10 7 5 5 9 14 15 12 7 4 4 5 6 7 8 9 9 9 9 8 8 8 8 8 8 8 8 8 8 7 7 7 6 5 5 4 2 1 358 355 349 344 344 354 5 13 16 15 13 12 13 17 21 25 28 27 25 21 18 19 19 18 16 15 14 13 13 16 19 21 23 25 28 31 33 32 31 26 18 11 5 4 11 19 28 37 41
20 20 19 18 17 16 15 14 13 11 9 5 3 6 11 15 16 13 9 5 4 5 7 8 9 9 9 9 8 9 9 9 9 9 9 9 9 8 8 8 7 7 6 6 5 4 3 1 358 354 349 346 350 359 10 15 16 15 14 15 17 19 21 24 26 26 23 20 18 17 16 15 14 13 12 14 17 20 22 24 26 29 33 35 33 30 22 11 6 6 9 20 32 36 40 44
27 24 21 19 16 15 14 14 14 13 11 7 4 4 6 11 15 16 13 10 6 5 6 7 8 9 9 9 9 9 9 9 9 9 9 9 9 9 9 9 8 8 7 7 6 6 5 3 1 358 353 349 350 356 3 11 16 16 14 13 13 15 19 25 31 30 25 20 16 15 14 14 14 11 11 15 18 19 21 23 27 29 32 33 30 25 16 6 4 10 21 31 37 41 45 48
34 29 23 20 16 14 15 16 15 15 13 9 5 3 4 7 11 15 16 14 11 8 7 7 8 9 10 9 9 9 9 9 10 10 10 10 10 10 9 9 9 9 8 8 7 7 6 5 3 1 357 351 351 353 356 5 14 16 13 10 9 15 26 37 40 34 22 14 12 13 13 13 13 11 11 14 16 16 18 22 26 28 29 28 25 19 12 7 9 18 28 36 40 45 49 52
36 31 23 19 16 15 15 16 17 16 14 11 6 3 4 4 7 12 16 17 15 12 10 8 7 8 9 10 10 10 9 10 10 10 10 10 10 10 10 10 10 9 9 9 8 8 7 6 5 3 0 356 353 352 352 356 8 14 13 10 11 21 33 35 30 21 13 9 10 11 12 13 13 12 11 11 12 14 17 22 27 28 27 25 21 16 12 12 17 25 32 39 44 50 54 58
30 27 23 20 18 15 13 15 17 15 12 11 9 4 2 4 6 8 12 16 16 15 14 11 8 7 9 10 10 10 10 10 10 10 10 10 11 11 10 10 10 10 10 10 9 9 8 8 7 6 4 1 358 355 352 350 358 10 15 15 15 18 21 21 19 15 11 9 9 10 11 13 14 12 10 9 10 13 17 22 25 24 20 16 15 16 16 18 26 31 36 42 47 53 59 63
15 18 20 21 19 13 10 14 17 16 13 11 10 7 3 4 7 6 8 11 14 16 16 14 11 10 10 11 11 11 10 10 10 11 11 11 11 11 11 11 11 11 11 10 10 10 9 9 8 7 6 5 3 0 357 352 352 3 17 20 15 10 11 14 16 15 14 12 11 10 10 12 13 10 8 8 9 12 15 17 17 15 11 9 14 22 25 28 33 36 40 45 51 55 58 63
353 5 14 16 16 12 9 13 18 17 13 11 10 9 7 5 6 6 6 8 12 14 16 16 15 14 15 14 12 10 10 10 10 11 11 11 11 11 11 11 11 11 11 11 11 11 10 10 10 9 8 7 6 5 3 0 359 2 13 19 12 5 5 9 13 15 15 14 12 10 10 11 11 9 8 9 9 10 10 11 10 10 10 14 26 35 33 32 36 40 44 49 54 56 56 58
340 349 5 12 15 15 13 13 16 15 11 10 10 9 9 8 8 8 7 8 10 12 14 15 16 19 21 19 14 10 9 9 9 10 11 11 11 12 12 12 12 12 12 12 12 11 11 11 11 10 10 9 9 8 7 7 7 7 10 13 10 2 1 4 8 12 14 13 11 11 11 12 11 8 8 10 10 8 7 8 10 12 20 30 39 41 35 34 39 43 46 49 52 52 53 52
347 349 358 8 18 23 19 14 14 15 14 13 13 13 13 12 12 13 12 10 10 11 13 14 16 20 23 22 16 13 10 8 8 9 10 11 11 12 12 12 12 12 12 12 12 12 12 12 12 11 11 11 11 10 10 10 10 11 11 11 10 5 1 3 5 7 9 10 10 11 12 13 10 8 10 12 10 7 4 6 13 22 32 39 42 39 34 38 42 45 46 47 47 46 46 44
4 5 7 14 28 34 28 19 18 21 22 22 22 21 19 17 16 16 16 14 12 12 13 14 13 13 18 21 19 16 14 11 8 8 9 10 11 12 12 12 13 13 13 13 13 13 13 13 13 13 12 12 12 12 12 12 12 12 12 12 11 9 7 7 6 4 3 5 6 7 8 11 11 10 11 13 11 7 5 10 20 31 36 40 40 34 34 39 44 47 47 45 44 39 37 34
18 18 19 21 27 31 28 23 25 32 35 34 32 28 25 22 19 18 17 16 15 14 13 12 9 8 13 20 21 19 17 15 12 9 8 9 10 11 12 12 13 13 13 13 13 14 14 13 13 13 13 13 13 13 13 13 13 13 13 13 13 12 11 11 10 7 4 2 1 358 359 7 13 12 12 13 11 8 8 16 26 32 35 37 36 33 35 42 47 48 45 44 44 40 34 20
31 29 28 28 30 30 28 25 28 32 33 31 28 25 24 21 18 17 17 17 16 15 14 12 10 7 11 18 22 21 19 18 17 13 9 8 9 10 11 12 13 13 14 14 14 14 14 14 14 14 14 14 14 14 14 14 14 14 14 14 14 13 13 13 12 10 8 6 3 359 355 1 10 11 12 11 11 10 11 19 27 29 29 32 33 35 39 44 48 46 41 40 42 41 22 6
42 41 39 38 37 35 32 30 30 28 27 26 24 22 20 18 16 16 16 15 15 15 15 14 12 9 10 15 20 22 21 20 18 16 12 10 10 11 11 12 13 13 14 14 15 15 15 15 15 15 15 15 15 15 15 15 15 15 15 15 15 14 14 14 13 12 11 10 8 7 4 2 1 2 4 6 8 10 13 18 23 22 24 30 34 39 43 45 46 43 39 33 29 19 9 3
51 52 53 53 50 47 40 33 30 27 24 23 21 19 18 16 15 15 14 14 14 15 16 16 13 10 11 14 18 21 21 20 20 19 17 14 12 12 11 11 12 14 14 15 15 15 15 15 15 15 15 15 15 15 15 15 15 15 15 15 15 15 15 15 14 13 13 12 11 10 8 5 1 356 355 359 2 7 12 15 15 17 25 34 39 42 44 44 44 45 42 29 16 9 6 7
59 61 64 67 70 66 52 38 30 24 20 19 18 17 16 15 14 13 13 13 13 14 15 15 14 12 12 13 15 19 21 22 23 24 23 18 14 13 11 11 12 14 15 15 16 16 16 16 16 16 16 16 16 16 16 16 16 16 16 16 16 16 15 15 15 14 14 13 12 11 10 8 5 359 354 353 355 1 7 10 12 20 35 44 49 49 48 49 49 50 45 25 8 6 9 15
66 67 70 77 85 88 81 48 21 15 13 13 15 15 13 13 13 12 12 13 13 14 14 14 15 15 14 13 12 16 22 25 26 25 24 19 15 14 12 11 12 13 15 16 16 17 17 17 17 17 16 16 16 16 16 16 16 16 16 16 16 16 16 16 15 15 15 14 13 12 11 10 8 3 358 352 350 353 359 7 16 29 45 53 55 57 57 54 49 40 24 9 3 6 12 19
73 72 71 79 96 110 118 350 348 355 2 7 11 12 11 11 11 10 11 12 13 13 13 13 14 16 16 14 12 13 19 23 23 22 22 20 17 16 15 13 12 13 15 17 17 18 18 18 17 17 17 17 16 16 16 16 17 17 17 17 17 17 16 16 16 16 15 15 14 13 12 11 9 6 2 356 351 348 352 6 23 36 45 48 45 43 44 39 28 19 11 5 3 9 15 18
73 71 66 62 75 86 358 324 332 343 354 3 7 9 10 10 10 9 9 11 12 13 13 13 12 14 16 15 13 12 14 18 21 22 23 22 19 19 19 16 13 14 16 18 18 19 19 19 18 18 17 17 16 16 16 17 17 17 17 17 17 17 17 17 17 16 16 15 15 14 13 12 11 8 5 1 355 349 349 4 23 33 34 33 32 32 31 24 16 11 8 8 9 11 15 17
65 61 49 43 34 16 354 342 342 347 353 360 6 8 9 10 10 10 9 10 12 12 13 12 10 10 14 15 15 12 11 14 17 20 22 22 21 20 20 20 16 15 18 19 20 21 21 21 21 19 17 16 16 16 16 17 17 17 17 17 17 17 17 17 17 17 16 16 15 15 14 13 12 10 7 4 359 354 352 0 15 22 24 25 27 28 24 15 10 10 12 13 14 14 16 19
64 61 48 31 21 18 11 1 358 358 358 2 6 9 9 10 11 11 9 9 10 11 12 11 9 9 12 15 15 13 11 11 13 17 21 23 22 20 21 22 20 18 19 23 24 26 26 27 26 21 15 14 14 15 16 17 17 17 18 18 18 18 18 18 17 17 17 16 16 15 14 13 12 11 9 6 3 358 355 357 3 12 19 23 25 25 16 9 9 12 14 16 17 17 18 21
72 67 40 18 16 25 25 17 12 10 8 8 9 11 12 12 13 12 10 9 9 10 11 10 8 9 11 12 14 14 12 12 14 17 22 25 24 22 22 22 21 19 20 21 22 22 21 21 21 18 13 11 11 13 15 16 17 18 18 18 18 18 18 18 18 17 17 17 16 16 15 14 13 12 10 8 5 1 357 355 356 4 17 24 23 16 10 7 7 12 15 17 19 19 18 21
51 37 18 19 25 31 31 27 25 23 19 15 14 15 16 16 16 14 11 9 8 7 9 8 6 6 9 10 13 14 15 15 17 20 23 26 27 26 24 23 22 20 18 17 16 16 14 13 14 15 14 12 10 11 14 16 18 18 18 18 18 18 18 18 18 18 18 17 17 16 15 15 14 13 11 9 7 3 359 355 352 359 11 18 16 10 7 7 8 12 16 19 21 22 22 24
33 27 25 34 39 39 39 39 40 36 27 20 17 19 20 19 18 16 13 9 6 4 6 5 2 2 7 10 12 14 15 16 18 21 24 27 28 28 26 25 22 19 17 16 17 17 16 15 15 17 18 17 15 14 15 17 18 18 18 19 18 18 18 18 18 18 18 18 17 17 16 15 14 14 12 10 8 5 1 356 353 356 4 10 11 8 8 10 12 14 18 21 25 27 28 29
29 37 47 50 52 52 51 50 48 39 29 23 19 20 22 21 19 18 16 11 6 3 1 360 358 359 5 11 12 13 15 17 18 20 24 25 26 28 28 25 21 19 19 19 21 22 22 21 21 21 21 22 22 20 18 18 19 19 19 19 19 19 19 18 18 18 18 18 18 17 17 16 15 14 13 11 9 6 2 357 352 353 359 5 7 7 9 13 15 16 18 22 26 29 29 28
40 50 59 61 63 62 57 50 43 35 27 23 21 20 23 23 23 23 22 17 9 2 355 349 350 356 3 8 12 13 15 17 16 17 19 21 23 25 26 24 21 18 19 21 22 23 24 25 25 24 23 24 25 23 21 20 20 19 19 19 19 18 18 18 19 19 19 18 18 18 17 16 16 15 14 12 9 6 3 357 350 348 352 358 4 8 11 14 17 18 21 23 24 22 20 20
58 63 68 66 62 55 47 39 34 32 29 25 22 21 23 26 26 27 26 21 12 2 348 338 341 352 1 7 11 14 15 16 16 14 15 18 20 22 24 24 22 18 17 20 22 25 26 27 28 27 25 24 24 25 24 22 22 21 19 19 18 18 18 18 19 19 19 19 18 18 18 17 16 15 14 13 11 8 4 358 349 341 341 348 0 10 14 17 21 24 25 23 18 14 14 18
66 64 58 50 42 36 33 32 33 36 33 25 20 18 20 24 26 27 25 18 7 354 344 343 347 355 2 8 13 16 17 17 17 17 16 17 19 21 24 25 24 21 18 18 21 24 27 28 28 27 25 23 23 23 24 24 24 22 20 18 17 17 18 18 19 19 19 19 19 19 18 18 17 16 15 14 12 9 5 359 349 338 333 336 351 9 17 22 25 27 24 19 15 16 22 34
60 54 41 37 34 30 31 33 34 36 32 22 17 18 22 24 25 25 20 10 357 346 346 351 358 1 6 11 14 17 18 18 19 19 19 19 18 21 26 30 29 26 22 20 20 23 27 29 28 27 24 22 19 18 19 21 24 26 23 16 13 14 17 18 19 19 19 19 19 19 19 18 18 17 16 15 13 11 7 2 353 342 332 328 338 5 26 31 29 28 24 19 24 33 40 50
53 47 39 39 37 33 30 31 29 28 28 22 18 19 23 23 21 20 16 1 346 345 353 3 7 7 10 13 16 18 19 20 20 20 21 21 19 19 23 28 31 30 27 24 22 24 27 30 30 28 25 21 17 15 17 21 25 27 22 12 7 11 15 18 19 19 20 20 20 20 19 19 18 18 17 16 14 12 9 5 359 350 341 335 338 359 27 36 34 33 31 29 40 48 48 52
46 40 33 31 28 24 20 19 20 23 26 24 19 18 17 16 15 15 12 355 344 350 6 13 12 12 14 16 18 20 21 22 22 21 22 22 21 19 18 23 29 31 30 28 26 25 27 31 32 30 26 21 18 15 15 19 22 19 18 14 9 10 15 18 19 20 20 20 20 20 20 20 19 19 18 17 16 14 12 9 5 358 350 347 350 359 14 30 37 42 43 47 59 66 66 68
34 28 21 20 18 14 7 5 10 18 24 22 19 17 16 14 10 8 4 0 356 3 16 20 19 18 19 20 21 22 23 24 24 23 22 22 21 20 19 19 25 30 33 32 29 28 30 33 36 36 32 24 18 14 11 12 14 15 19 21 17 13 15 18 20 20 21 21 21 21 21 20 20 20 19 18 17 16 15 13 10 6 359 354 356 3 16 35 49 55 63 73 81 83 83 85
17 15 12 13 13 10 7 5 7 16 20 17 11 9 10 11 6 1 3 9 14 15 20 25 23 22 23 23 24 25 26 28 27 23 21 21 22 22 21 19 20 27 33 34 33 32 33 34 36 37 35 25 15 12 8 6 12 20 26 28 24 19 18 19 20 21 21 21 21 21 21 21 21 20 20 19 19 18 17 16 14 12 9 6 6 16 34 57 70 73 75 79 82 82 82 83
357 1 6 8 9 8 8 7 6 12 17 16 11 9 9 11 10 9 14 25 28 24 25 28 27 26 25 26 27 29 32 32 28 22 20 21 22 23 22 20 17 20 27 31 32 31 31 30 31 31 28 21 12 12 12 10 16 26 30 30 28 23 20 21 21 21 22 22 22 22 22 22 22 21 21 21 20 20 19 18 18 17 16 16 19 28 44 62 69 69 68 67 68 69 69 70
335 347 1 4 7 8 8 6 3 7 15 19 19 20 20 24 26 33 36 37 35 38 38 39 34 30 28 27 28 30 31 28 25 21 20 22 23 23 22 20 16 14 20 26 27 26 25 24 23 20 20 21 17 15 17 16 18 23 26 28 28 24 22 22 22 22 22 22 23 23 23 22 22 22 22 22 22 21 21 21 21 21 21 22 25 30 39 48 53 55 56 56 57 58 59 60
317 332 353 2 8 12 12 9 3 7 27 35 40 42 47 53 54 58 54 42 47 55 57 56 45 34 29 28 28 26 25 26 27 27 25 24 24 23 22 20 16 11 13 20 22 22 21 20 18 18 22 27 26 21 21 22 21 24 26 27 27 25 24 23 23 23 23 23 23 23 23 23 23 23 23 23 23 23 23 23 23 23 24 25 28 31 35 40 44 47 48 49 50 51 52 53
308 320 345 0 13 22 23 20 17 22 41 53 58 53 58 62 67 67 59 49 55 63 67 66 46 28 25 27 27 26 29 34 36 35 31 28 27 25 22 20 17 11 9 15 19 20 21 22 23 27 33 35 32 27 25 26 27 27 27 28 28 26 25 24 24 23 23 23 24 24 24 24 24 24 24 24 24 24 24 24 25 25 26 27 29 31 34 37 39 42 43 45 46 47 48 48
296 304 333 0 25 33 35 35 36 40 57 76 87 87 85 83 80 76 67 60 58 59 60 51 25 19 25 29 32 36 41 43 43 40 36 32 31 27 22 18 16 11 8 12 19 23 26 31 35 38 38 36 34 31 28 29 29 28 27 27 28 28 27 25 24 23 23 23 24 24 25 25 25 25 25 25 25 26 26 26 26 27 27 28 30 32 33 35 37 39 40 42 43 44 45 46
285 287 305 4 49 59 64 64 64 67 74 83 92 98 97 92 88 82 75 65 54 47 42 36 25 26 33 36 40 45 47 48 47 44 39 34 31 29 23 15 13 10 7 9 17 22 25 30 34 35 35 34 32 31 29 29 29 29 27 26 26 27 27 27 25 23 22 23 24 25 26 26 26 26 27 27 27 27 27 27 27 28 29 29 30 32 33 35 36 38 39 40 41 42 43 44
292 293 312 25 67 78 85 87 84 82 82 83 89 96 99 94 88 85 74 57 47 43 41 41 42 42 44 46 48 52 55 57 57 53 45 37 32 29 24 15 8 7 5 5 11 19 24 28 31 32 32 31 30 29 29 28 28 30 28 25 23 24 26 26 25 23 22 23 24 26 27 27 27 28 28 28 28 28 28 28 29 29 29 30 31 32 33 34 36 37 38 39 40 41 42 42
310 315 343 38 69 79 85 88 86 83 82 80 79 78 78 76 69 63 53 44 45 47 52 54 55 55 55 55 57 60 64 66 68 67 60 48 37 31 26 17 6 3 1 360 6 17 24 27 28 29 30 30 29 29 29 28 27 28 28 26 23 23 25 26 26 24 22 22 24 27 29 30 29 29 29 29 30 30 29 30 30 30 30 31 31 32 33 34 35 36 37 38 39 40 41 41
334 342 12 46 66 75 79 80 80 79 77 75 69 59 50 47 46 42 36 38 46 53 59 61 60 61 64 67 68 69 70 70 71 73 71 62 43 32 27 18 6 359 357 356 359 9 18 22 23 26 28 29 28 28 29 28 26 27 28 27 24 22 23 26 28 26 23 23 25 30 34 33 31 31 32 32 32 31 31 31 31 31 31 32 32 33 33 34 35 36 37 37 38 39 40 41
1 9 28 45 58 67 71 73 75 76 75 72 64 52 43 43 44 41 39 47 54 57 62 64 63 64 68 72 72 71 70 69 69 69 68 64 52 33 27 18 4 353 350 350 350 358 10 18 22 25 27 28 27 26 26 26 26 27 27 26 24 22 23 25 28 28 26 25 26 30 35 37 35 35 35 35 35 34 33 33 32 32 32 32 32 33 34 34 35 36 37 37 38 39 40 40
21 25 35 46 57 64 69 73 75 78 78 75 70 66 65 66 62 58 61 68 65 60 60 61 61 61 63 65 66 68 69 69 67 67 65 64 59 38 16 8 356 345 342 341 341 347 360 12 19 23 26 26 27 26 26 26 26 26 27 27 26 25 24 25 27 29 27 25 25 27 33 38 41 43 45 45 42 38 36 35 34 33 33 33 33 33 34 35 35 36 37 37 38 39 40 40
34 36 41 50 57 64 69 71 73 76 79 81 83 85 86 87 84 80 79 76 69 63 60 58 56 55 56 59 60 63 66 67 66 64 63 62 52 23 354 349 346 340 335 333 334 338 349 2 12 18 22 23 24 26 26 26 26 26 27 28 28 27 27 27 29 30 28 25 24 27 31 35 39 41 44 46 46 43 43 41 38 34 33 33 33 34 34 35 36 36 37 38 39 39 39 39
42 42 44 48 53 59 64 65 66 67 67 66 67 70 75 81 82 81 77 70 65 64 60 53 50 50 51 53 56 59 60 61 59 57 57 55 43 17 355 344 340 336 331 329 328 330 338 351 2 10 17 20 22 24 26 25 25 26 28 29 29 28 27 28 28 29 29 26 24 27 31 33 35 35 34 36 39 40 42 44 40 34 32 33 33 34 35 35 36 37 38 38 39 39 40 40
45 44 44 47 51 54 56 53 49 46 44 44 46 52 61 70 73 73 70 64 61 62 58 47 44 45 46 45 49 55 56 55 50 45 47 47 37 19 3 345 336 333 330 328 327 327 331 342 353 3 12 18 21 23 25 26 26 26 28 29 30 29 28 28 28 28 29 28 24 26 30 33 33 34 34 36 36 33 31 35 38 34 31 33 33 34 35 36 37 38 38 39 39 40 40 41
46 45 44 45 45 43 39 35 32 35 40 45 49 52 56 59 61 61 59 57 57 58 54 43 37 40 41 38 43 51 52 51 42 34 41 44 36 20 6 351 339 332 329 329 328 327 327 333 346 357 7 15 19 21 24 26 26 26 26 27 29 30 29 28 29 30 29 29 25 24 28 33 34 34 35 35 35 33 31 34 38 37 32 31 33 35 36 38 38 39 40 40 40 41 42 42
48 46 43 40 35 33 33 34 36 42 50 53 52 52 54 55 52 46 45 48 53 57 53 42 33 33 36 34 40 49 48 44 36 30 43 46 35 17 4 360 350 335 326 326 327 326 325 327 337 350 1 10 16 19 22 24 26 27 26 24 26 29 30 29 31 32 31 29 27 24 26 32 34 33 34 35 35 36 35 37 39 39 35 31 32 35 38 40 40 41 42 42 43 43 43 44
47 44 40 38 37 39 43 48 51 52 54 55 52 50 51 52 46 34 34 42 51 58 53 41 30 27 30 30 36 45 45 40 34 32 43 45 29 13 6 5 359 347 334 326 322 322 324 325 330 341 352 3 12 18 20 21 24 27 27 25 25 29 31 30 31 34 33 30 28 25 24 29 32 33 34 36 38 39 39 38 40 42 40 35 34 37 41 43 44 45 46 46 47 47 46 46
46 44 43 44 47 50 53 55 54 53 53 56 54 48 47 48 40 24 26 36 46 55 52 36 28 24 21 19 27 37 43 40 33 32 37 35 23 13 10 6 359 357 353 335 322 320 321 322 324 332 344 356 7 16 19 19 21 26 28 26 25 28 31 31 30 32 32 31 28 25 23 27 32 34 35 37 39 39 41 41 42 43 42 39 35 37 44 48 51 52 54 54 53 52 50 49
