windninja/windninja_output/Output_2025-08-09_1200-1250_Google earth_Fire_150m_10min/merlingen_7.5mi_point_08-09-2025_1200_150m_vel.asc
ncols	158
nrows	163
xllcorner	391686.332397
yllcorner	5160024.123721
cellsize	150.000000
NODATA_value	-32768.000000
[rows 0 to 37 of 163, columns 0 to 83 of 158]
0.69 0.68 0.66 0.66 0.67 0.67 0.65 0.66 0.69 0.69 0.69 0.70 0.76 0.83 0.83 0.75 0.65 0.58 0.58 0.59 0.53 0.53 0.69 0.78 0.77 0.71 0.65 0.67 0.73 0.75 0.75 0.75 0.74 0.72 0.73 0.76 0.71 0.67 0.67 0.66 0.69 0.73 0.74 0.74 0.73 0.72 0.71 0.67 0.68 0.77 0.85 0.90 0.94 0.96 0.95 0.94 0.92 0.92 0.91 0.89 0.90 0.94 0.96 0.97 1.01 1.07 1.10 1.08 1.02 0.97 0.96 0.98 1.00 1.02 1.05 1.06 1.05 1.03 0.98 0.96 0.99 1.02 1.05 1.03
0.70 0.69 0.66 0.64 0.65 0.66 0.64 0.63 0.64 0.64 0.64 0.65 0.71 0.80 0.86 0.83 0.75 0.65 0.63 0.63 0.55 0.49 0.60 0.74 0.80 0.76 0.69 0.66 0.70 0.72 0.73 0.74 0.74 0.73 0.72 0.76 0.75 0.72 0.72 0.69 0.70 0.74 0.76 0.78 0.78 0.78 0.79 0.75 0.70 0.72 0.78 0.82 0.86 0.89 0.89 0.90 0.91 0.93 0.94 0.91 0.89 0.91 0.95 0.96 0.97 1.01 1.06 1.08 1.05 0.99 0.96 0.98 1.00 1.01 1.04 1.06 1.07 1.08 1.03 0.99 1.00 1.02 1.04 1.06
0.71 0.72 0.69 0.65 0.66 0.65 0.64 0.64 0.63 0.61 0.60 0.60 0.64 0.73 0.86 0.93 0.89 0.79 0.75 0.71 0.62 0.49 0.48 0.63 0.80 0.84 0.76 0.70 0.69 0.71 0.72 0.72 0.73 0.73 0.74 0.77 0.81 0.81 0.79 0.77 0.75 0.77 0.79 0.83 0.85 0.85 0.88 0.89 0.82 0.75 0.75 0.78 0.82 0.85 0.86 0.88 0.91 0.93 0.96 0.97 0.93 0.91 0.93 0.95 0.94 0.95 1.00 1.07 1.09 1.03 0.98 0.98 0.99 0.99 1.02 1.05 1.09 1.15 1.12 1.04 1.03 1.08 1.08 1.08
0.68 0.74 0.74 0.70 0.70 0.66 0.65 0.69 0.70 0.68 0.64 0.60 0.61 0.67 0.79 0.92 0.91 0.86 0.83 0.79 0.69 0.56 0.47 0.52 0.73 0.85 0.85 0.81 0.77 0.78 0.79 0.78 0.75 0.74 0.75 0.77 0.79 0.82 0.82 0.80 0.80 0.81 0.83 0.86 0.88 0.89 0.91 0.94 0.94 0.90 0.86 0.85 0.88 0.91 0.91 0.89 0.89 0.90 0.93 0.97 0.97 0.93 0.93 0.95 0.94 0.94 0.98 1.06 1.10 1.05 1.00 0.99 0.99 0.97 0.98 0.99 1.03 1.13 1.17 1.07 1.02 1.12 1.18 1.12
0.62 0.70 0.77 0.74 0.73 0.69 0.65 0.67 0.69 0.68 0.64 0.59 0.59 0.64 0.74 0.86 0.91 0.87 0.84 0.82 0.75 0.62 0.49 0.47 0.62 0.78 0.87 0.90 0.89 0.90 0.92 0.93 0.89 0.83 0.79 0.79 0.80 0.82 0.84 0.82 0.82 0.85 0.89 0.91 0.92 0.93 0.92 0.93 0.94 0.95 0.93 0.90 0.89 0.92 0.94 0.92 0.90 0.90 0.90 0.93 0.95 0.93 0.93 0.94 0.94 0.94 0.97 1.05 1.10 1.06 1.01 0.99 0.98 0.97 0.98 0.97 0.94 1.00 1.11 1.09 0.99 1.03 1.17 1.16
0.59 0.63 0.71 0.75 0.76 0.71 0.66 0.65 0.63 0.61 0.59 0.55 0.53 0.60 0.72 0.81 0.88 0.88 0.82 0.81 0.77 0.67 0.51 0.41 0.49 0.63 0.74 0.84 0.89 0.91 0.95 0.99 1.01 0.98 0.92 0.88 0.87 0.88 0.90 0.89 0.87 0.86 0.88 0.90 0.91 0.92 0.92 0.91 0.91 0.92 0.94 0.93 0.90 0.90 0.93 0.93 0.92 0.91 0.90 0.91 0.94 0.94 0.94 0.95 0.95 0.95 0.97 1.05 1.10 1.08 1.06 1.04 1.00 0.97 1.00 1.04 1.03 0.99 1.02 1.07 1.03 0.98 1.06 1.12
0.63 0.61 0.61 0.67 0.73 0.72 0.69 0.66 0.62 0.59 0.56 0.53 0.50 0.55 0.69 0.77 0.84 0.89 0.87 0.83 0.82 0.75 0.56 0.39 0.38 0.48 0.59 0.68 0.75 0.82 0.87 0.93 0.99 1.02 1.02 1.00 0.96 0.95 0.94 0.93 0.90 0.87 0.86 0.85 0.85 0.87 0.88 0.88 0.88 0.88 0.91 0.94 0.94 0.94 0.94 0.94 0.92 0.91 0.90 0.91 0.94 0.97 1.00 1.01 1.00 0.98 0.98 1.04 1.10 1.08 1.12 1.17 1.12 1.03 1.02 1.10 1.16 1.12 1.05 1.07 1.11 1.06 1.04 1.07
0.67 0.65 0.61 0.60 0.64 0.67 0.68 0.66 0.61 0.57 0.53 0.50 0.49 0.55 0.68 0.75 0.78 0.86 0.89 0.87 0.87 0.84 0.69 0.47 0.35 0.39 0.49 0.57 0.63 0.70 0.77 0.83 0.88 0.92 0.95 0.97 0.95 0.93 0.92 0.91 0.88 0.86 0.85 0.84 0.83 0.83 0.83 0.84 0.85 0.85 0.87 0.90 0.94 0.97 0.98 0.96 0.94 0.93 0.92 0.92 0.93 0.96 1.02 1.07 1.08 1.05 1.01 1.05 1.09 1.06 1.08 1.17 1.20 1.13 1.05 1.06 1.15 1.17 1.10 1.08 1.14 1.09 1.05 1.10
0.67 0.68 0.65 0.61 0.60 0.62 0.64 0.64 0.60 0.56 0.51 0.47 0.45 0.51 0.66 0.76 0.76 0.79 0.86 0.87 0.88 0.88 0.80 0.64 0.46 0.39 0.46 0.54 0.57 0.62 0.70 0.73 0.78 0.83 0.86 0.87 0.86 0.85 0.86 0.86 0.84 0.83 0.82 0.82 0.82 0.81 0.81 0.82 0.81 0.81 0.85 0.88 0.87 0.93 1.00 0.99 0.96 0.96 0.94 0.91 0.89 0.86 0.89 1.00 1.08 1.09 1.06 1.06 1.10 1.09 1.05 1.07 1.11 1.11 1.06 1.03 1.09 1.14 1.11 1.10 1.14 1.09 1.00 1.07
0.67 0.68 0.68 0.65 0.62 0.62 0.62 0.61 0.59 0.56 0.51 0.46 0.41 0.43 0.58 0.72 0.75 0.75 0.80 0.86 0.90 0.90 0.86 0.76 0.62 0.48 0.46 0.53 0.56 0.58 0.67 0.69 0.70 0.77 0.84 0.84 0.82 0.81 0.83 0.84 0.84 0.83 0.82 0.81 0.81 0.79 0.78 0.80 0.78 0.75 0.79 0.84 0.83 0.86 0.95 0.98 0.93 0.92 0.90 0.86 0.82 0.77 0.73 0.78 0.91 1.01 1.04 1.04 1.06 1.10 1.10 1.06 1.03 1.04 1.04 1.03 1.06 1.06 1.08 1.17 1.24 1.20 1.03 0.95
0.68 0.68 0.69 0.67 0.65 0.64 0.63 0.61 0.59 0.56 0.52 0.47 0.40 0.39 0.50 0.64 0.71 0.73 0.73 0.79 0.87 0.91 0.91 0.83 0.73 0.62 0.52 0.53 0.57 0.58 0.64 0.68 0.66 0.71 0.78 0.82 0.82 0.80 0.81 0.84 0.85 0.85 0.83 0.82 0.82 0.78 0.73 0.76 0.75 0.68 0.70 0.75 0.75 0.78 0.84 0.90 0.85 0.79 0.79 0.78 0.76 0.70 0.61 0.61 0.71 0.82 0.90 0.93 0.94 1.03 1.11 1.10 1.05 1.03 1.05 1.06 1.07 1.01 0.97 1.12 1.29 1.35 1.23 1.01
0.69 0.69 0.69 0.68 0.66 0.64 0.63 0.62 0.59 0.57 0.54 0.49 0.43 0.39 0.45 0.57 0.65 0.69 0.70 0.70 0.76 0.83 0.88 0.86 0.78 0.70 0.59 0.55 0.56 0.57 0.61 0.64 0.64 0.66 0.72 0.77 0.79 0.79 0.80 0.81 0.83 0.85 0.84 0.83 0.85 0.83 0.74 0.71 0.72 0.65 0.61 0.61 0.61 0.66 0.72 0.78 0.78 0.73 0.70 0.70 0.70 0.65 0.54 0.51 0.56 0.61 0.68 0.74 0.77 0.90 1.05 1.12 1.09 1.05 1.09 1.17 1.23 1.19 1.05 1.05 1.20 1.37 1.40 1.30
0.69 0.69 0.68 0.68 0.66 0.65 0.63 0.61 0.59 0.57 0.54 0.51 0.46 0.41 0.43 0.52 0.57 0.62 0.67 0.68 0.69 0.74 0.79 0.81 0.77 0.69 0.61 0.56 0.55 0.55 0.58 0.62 0.64 0.65 0.69 0.73 0.74 0.75 0.76 0.78 0.81 0.84 0.84 0.85 0.88 0.88 0.83 0.76 0.73 0.69 0.62 0.57 0.57 0.63 0.68 0.69 0.69 0.68 0.67 0.69 0.71 0.66 0.56 0.50 0.49 0.49 0.51 0.52 0.56 0.72 0.90 1.03 1.09 1.05 1.08 1.21 1.33 1.37 1.29 1.19 1.19 1.28 1.38 1.41
0.70 0.69 0.68 0.67 0.66 0.65 0.63 0.61 0.59 0.57 0.55 0.52 0.48 0.44 0.46 0.52 0.54 0.52 0.58 0.65 0.66 0.68 0.71 0.74 0.72 0.68 0.62 0.59 0.58 0.58 0.59 0.60 0.62 0.63 0.66 0.72 0.75 0.74 0.74 0.74 0.77 0.80 0.78 0.77 0.80 0.82 0.80 0.83 0.85 0.81 0.70 0.62 0.60 0.66 0.73 0.68 0.61 0.59 0.63 0.73 0.79 0.73 0.65 0.58 0.51 0.47 0.44 0.40 0.34 0.42 0.66 0.86 0.99 0.99 0.96 1.00 1.10 1.21 1.24 1.20 1.15 1.17 1.22 1.30
0.71 0.70 0.68 0.67 0.65 0.64 0.63 0.62 0.60 0.57 0.55 0.53 0.48 0.46 0.51 0.58 0.58 0.51 0.50 0.57 0.62 0.63 0.66 0.69 0.70 0.67 0.63 0.62 0.61 0.61 0.63 0.62 0.61 0.62 0.64 0.70 0.76 0.77 0.74 0.71 0.72 0.74 0.74 0.73 0.72 0.74 0.71 0.72 0.87 0.98 0.89 0.74 0.69 0.76 0.83 0.77 0.62 0.54 0.58 0.76 0.90 0.86 0.80 0.75 0.68 0.59 0.51 0.45 0.33 0.21 0.34 0.64 0.83 0.88 0.85 0.84 0.90 0.97 1.02 1.01 0.97 0.98 1.02 1.12
0.71 0.70 0.68 0.67 0.65 0.63 0.62 0.61 0.60 0.58 0.55 0.53 0.49 0.44 0.49 0.61 0.65 0.59 0.52 0.54 0.58 0.61 0.64 0.68 0.70 0.67 0.62 0.63 0.64 0.63 0.66 0.69 0.67 0.66 0.66 0.66 0.69 0.74 0.72 0.71 0.71 0.70 0.76 0.79 0.74 0.75 0.75 0.64 0.67 0.91 1.04 0.94 0.88 0.94 1.01 1.04 0.90 0.68 0.64 0.78 0.94 0.95 0.90 0.86 0.89 0.87 0.74 0.64 0.52 0.24 0.14 0.34 0.58 0.69 0.74 0.78 0.84 0.89 0.94 0.96 0.89 0.85 0.88 0.95
0.71 0.71 0.69 0.67 0.65 0.64 0.62 0.60 0.59 0.58 0.56 0.53 0.50 0.43 0.43 0.56 0.65 0.65 0.60 0.57 0.58 0.59 0.61 0.65 0.69 0.69 0.63 0.62 0.66 0.67 0.68 0.70 0.69 0.68 0.67 0.65 0.65 0.69 0.71 0.73 0.75 0.74 0.79 0.86 0.83 0.80 0.84 0.79 0.68 0.74 0.94 1.01 1.00 1.01 1.06 1.14 1.14 0.94 0.78 0.86 0.98 0.99 0.94 0.87 0.91 1.00 0.94 0.82 0.74 0.54 0.27 0.21 0.33 0.44 0.57 0.69 0.78 0.88 0.95 0.98 0.94 0.85 0.85 0.88
0.71 0.71 0.69 0.67 0.65 0.64 0.62 0.61 0.59 0.58 0.56 0.53 0.51 0.46 0.42 0.49 0.59 0.62 0.61 0.60 0.58 0.58 0.58 0.61 0.65 0.67 0.64 0.60 0.61 0.65 0.67 0.68 0.68 0.71 0.73 0.73 0.71 0.71 0.74 0.77 0.80 0.79 0.80 0.84 0.86 0.83 0.83 0.87 0.86 0.82 0.82 0.88 0.94 0.98 1.00 1.07 1.15 1.10 0.96 0.95 1.04 1.06 0.99 0.91 0.91 1.01 1.05 0.95 0.86 0.75 0.58 0.38 0.34 0.35 0.38 0.52 0.68 0.83 0.93 0.93 0.89 0.85 0.83 0.86
0.71 0.70 0.69 0.67 0.65 0.63 0.62 0.60 0.59 0.58 0.57 0.54 0.52 0.48 0.45 0.47 0.53 0.57 0.58 0.58 0.58 0.57 0.56 0.57 0.60 0.62 0.62 0.60 0.57 0.60 0.64 0.66 0.69 0.73 0.78 0.81 0.79 0.75 0.73 0.76 0.78 0.79 0.81 0.81 0.84 0.85 0.81 0.80 0.86 0.90 0.84 0.79 0.82 0.91 0.97 1.02 1.10 1.12 1.04 1.00 1.07 1.10 1.03 0.96 0.94 0.99 1.07 1.04 0.93 0.85 0.75 0.64 0.58 0.49 0.38 0.38 0.49 0.64 0.81 0.85 0.81 0.79 0.76 0.80
0.71 0.70 0.68 0.66 0.65 0.64 0.62 0.60 0.59 0.57 0.57 0.56 0.53 0.51 0.49 0.49 0.52 0.54 0.55 0.56 0.57 0.57 0.57 0.57 0.59 0.61 0.62 0.62 0.60 0.60 0.63 0.66 0.69 0.71 0.75 0.79 0.80 0.75 0.73 0.77 0.80 0.82 0.86 0.86 0.86 0.88 0.87 0.80 0.79 0.88 0.88 0.81 0.76 0.80 0.90 0.99 1.06 1.11 1.08 1.02 1.05 1.09 1.02 0.94 0.92 0.94 1.02 1.06 1.02 0.96 0.89 0.81 0.77 0.72 0.61 0.51 0.51 0.62 0.77 0.85 0.83 0.80 0.75 0.74
0.71 0.70 0.68 0.66 0.64 0.63 0.62 0.61 0.59 0.57 0.56 0.56 0.54 0.52 0.51 0.51 0.53 0.55 0.55 0.56 0.57 0.58 0.58 0.59 0.60 0.61 0.62 0.63 0.63 0.62 0.63 0.66 0.71 0.75 0.79 0.84 0.86 0.83 0.80 0.83 0.85 0.86 0.88 0.89 0.90 0.89 0.89 0.84 0.80 0.86 0.90 0.87 0.80 0.75 0.78 0.86 0.96 1.05 1.11 1.08 1.08 1.13 1.06 0.94 0.93 0.95 0.99 1.06 1.06 1.02 0.97 0.89 0.83 0.79 0.72 0.69 0.74 0.85 0.95 0.96 0.92 0.87 0.81 0.73
0.71 0.70 0.67 0.66 0.64 0.63 0.62 0.61 0.59 0.57 0.56 0.56 0.55 0.53 0.53 0.53 0.54 0.55 0.56 0.56 0.57 0.58 0.58 0.59 0.60 0.62 0.64 0.64 0.64 0.63 0.63 0.65 0.73 0.80 0.84 0.89 0.94 0.91 0.86 0.86 0.88 0.90 0.91 0.92 0.91 0.90 0.88 0.86 0.84 0.87 0.92 0.92 0.88 0.80 0.74 0.76 0.83 0.92 1.05 1.13 1.13 1.17 1.14 0.99 0.95 0.96 0.98 1.04 1.08 1.04 0.99 0.95 0.90 0.83 0.71 0.66 0.78 0.99 1.15 1.20 1.11 0.98 0.89 0.79
0.71 0.69 0.67 0.66 0.64 0.62 0.61 0.60 0.59 0.57 0.56 0.56 0.55 0.54 0.53 0.53 0.54 0.56 0.56 0.57 0.58 0.58 0.59 0.60 0.61 0.62 0.65 0.66 0.66 0.65 0.63 0.64 0.71 0.78 0.80 0.82 0.87 0.89 0.86 0.83 0.85 0.89 0.93 0.95 0.94 0.92 0.91 0.89 0.89 0.90 0.94 0.94 0.92 0.87 0.79 0.77 0.79 0.83 0.92 1.09 1.17 1.19 1.18 1.06 0.99 1.00 1.01 1.06 1.12 1.10 1.03 0.99 0.98 0.93 0.78 0.66 0.69 0.88 1.14 1.34 1.37 1.24 1.11 0.94
0.70 0.69 0.67 0.65 0.63 0.62 0.60 0.59 0.59 0.58 0.55 0.55 0.55 0.55 0.54 0.54 0.54 0.55 0.56 0.57 0.58 0.59 0.60 0.61 0.62 0.63 0.65 0.67 0.67 0.64 0.60 0.58 0.64 0.72 0.77 0.78 0.79 0.82 0.83 0.81 0.81 0.86 0.92 0.98 1.00 0.97 0.95 0.95 0.92 0.90 0.94 0.94 0.93 0.92 0.86 0.81 0.81 0.82 0.84 0.99 1.15 1.21 1.20 1.08 0.98 0.98 1.01 1.05 1.10 1.10 1.05 1.00 1.00 0.98 0.88 0.73 0.64 0.71 0.90 1.18 1.42 1.44 1.35 1.19
0.70 0.68 0.66 0.65 0.63 0.61 0.60 0.59 0.58 0.57 0.56 0.54 0.54 0.55 0.55 0.54 0.54 0.55 0.56 0.56 0.57 0.59 0.59 0.61 0.62 0.64 0.66 0.69 0.69 0.62 0.56 0.54 0.57 0.65 0.74 0.80 0.81 0.81 0.80 0.79 0.79 0.82 0.90 0.99 1.04 1.01 0.98 0.98 0.96 0.91 0.92 0.94 0.93 0.93 0.91 0.87 0.86 0.84 0.80 0.87 1.04 1.18 1.20 1.11 0.95 0.87 0.90 0.96 1.01 1.03 1.00 0.96 0.98 0.98 0.91 0.80 0.66 0.59 0.68 0.91 1.22 1.43 1.50 1.47
0.69 0.68 0.66 0.64 0.62 0.61 0.59 0.59 0.58 0.57 0.55 0.54 0.53 0.54 0.54 0.54 0.55 0.55 0.55 0.56 0.57 0.58 0.59 0.60 0.62 0.65 0.69 0.75 0.76 0.67 0.57 0.53 0.53 0.59 0.71 0.80 0.86 0.87 0.81 0.76 0.76 0.78 0.85 0.94 1.00 1.01 1.01 1.00 0.99 0.97 0.96 0.96 0.92 0.89 0.88 0.88 0.90 0.90 0.84 0.81 0.92 1.09 1.18 1.18 1.09 0.98 0.93 0.95 1.02 1.06 1.01 0.93 0.92 0.93 0.92 0.90 0.84 0.65 0.55 0.69 0.98 1.26 1.46 1.60
0.69 0.68 0.65 0.63 0.62 0.60 0.58 0.58 0.58 0.56 0.55 0.54 0.53 0.53 0.53 0.53 0.54 0.55 0.55 0.56 0.56 0.57 0.59 0.60 0.62 0.65 0.71 0.80 0.84 0.77 0.65 0.57 0.52 0.50 0.58 0.72 0.84 0.94 0.89 0.78 0.76 0.78 0.80 0.89 0.96 1.00 1.07 1.10 1.06 1.04 1.04 1.04 0.99 0.91 0.86 0.86 0.92 0.97 0.95 0.89 0.93 1.00 1.04 1.10 1.14 1.12 1.04 1.02 1.08 1.15 1.13 0.99 0.89 0.87 0.87 0.93 1.04 0.92 0.59 0.53 0.72 0.97 1.19 1.41
0.68 0.67 0.65 0.63 0.61 0.59 0.58 0.57 0.57 0.55 0.55 0.54 0.53 0.52 0.52 0.53 0.53 0.54 0.55 0.56 0.57 0.57 0.58 0.59 0.61 0.63 0.68 0.82 0.91 0.89 0.81 0.70 0.58 0.50 0.48 0.55 0.70 0.91 0.95 0.83 0.77 0.79 0.81 0.88 0.96 1.00 1.11 1.21 1.18 1.08 1.08 1.16 1.15 1.06 0.94 0.85 0.93 1.07 1.08 1.04 1.05 1.04 0.94 0.92 1.01 1.07 1.05 1.05 1.10 1.18 1.20 1.07 0.92 0.85 0.81 0.85 1.04 1.16 0.89 0.55 0.54 0.70 0.90 1.09
0.67 0.66 0.64 0.62 0.60 0.58 0.57 0.57 0.56 0.54 0.54 0.54 0.54 0.53 0.52 0.52 0.53 0.53 0.54 0.56 0.57 0.57 0.57 0.58 0.59 0.61 0.67 0.80 0.94 1.01 1.01 0.92 0.76 0.63 0.54 0.51 0.63 0.85 0.98 0.91 0.86 0.88 0.89 0.91 0.95 1.00 1.07 1.20 1.30 1.20 1.12 1.23 1.29 1.23 1.09 0.90 0.94 1.12 1.17 1.10 1.10 1.14 1.06 0.94 0.94 1.01 1.01 1.04 1.10 1.16 1.22 1.17 1.04 0.92 0.81 0.75 0.85 1.14 1.11 0.74 0.51 0.53 0.69 0.87
0.66 0.65 0.63 0.62 0.60 0.58 0.56 0.56 0.55 0.54 0.53 0.54 0.53 0.53 0.52 0.52 0.52 0.53 0.54 0.55 0.56 0.56 0.57 0.57 0.57 0.58 0.62 0.73 0.87 1.01 1.12 1.15 1.02 0.84 0.71 0.66 0.72 0.89 1.02 0.99 0.99 1.02 1.03 1.04 1.01 1.01 1.07 1.16 1.32 1.36 1.31 1.33 1.40 1.41 1.29 1.08 0.98 1.05 1.18 1.16 1.06 1.07 1.11 1.05 0.96 0.94 0.93 0.99 1.10 1.13 1.13 1.14 1.10 1.00 0.87 0.79 0.84 1.07 1.19 0.94 0.57 0.44 0.52 0.71
0.65 0.64 0.62 0.61 0.60 0.57 0.55 0.55 0.54 0.53 0.53 0.53 0.53 0.53 0.52 0.52 0.52 0.52 0.53 0.55 0.55 0.56 0.57 0.57 0.56 0.55 0.56 0.62 0.71 0.81 0.95 1.11 1.13 1.03 0.89 0.80 0.83 0.93 1.03 1.03 1.02 1.05 1.07 1.11 1.09 1.05 1.07 1.10 1.18 1.28 1.31 1.33 1.39 1.47 1.41 1.20 1.03 0.98 1.10 1.22 1.08 0.93 1.00 1.05 0.97 0.88 0.83 0.89 1.08 1.13 1.01 0.95 0.98 0.96 0.91 0.91 0.94 1.10 1.28 1.16 0.76 0.48 0.47 0.62
0.65 0.63 0.60 0.60 0.59 0.57 0.54 0.54 0.54 0.53 0.52 0.53 0.53 0.53 0.52 0.52 0.52 0.52 0.53 0.54 0.55 0.55 0.56 0.56 0.55 0.54 0.54 0.57 0.63 0.71 0.82 0.96 1.05 1.06 0.93 0.79 0.80 0.90 0.98 1.00 0.99 0.96 0.95 0.99 1.02 0.99 0.98 0.97 0.98 1.01 1.03 1.08 1.18 1.35 1.38 1.22 1.14 1.09 1.09 1.22 1.13 0.93 0.96 1.07 1.04 0.87 0.75 0.83 1.08 1.19 0.99 0.86 0.87 0.88 0.89 0.94 0.99 1.12 1.33 1.36 1.06 0.71 0.57 0.60
0.64 0.62 0.59 0.58 0.59 0.56 0.53 0.53 0.53 0.52 0.52 0.52 0.53 0.53 0.53 0.52 0.52 0.52 0.52 0.53 0.54 0.54 0.55 0.56 0.55 0.53 0.54 0.57 0.64 0.75 0.89 0.98 1.03 1.07 0.93 0.71 0.71 0.83 0.88 0.88 0.91 0.88 0.86 0.88 0.90 0.89 0.89 0.89 0.89 0.90 0.90 0.91 0.98 1.16 1.29 1.22 1.19 1.27 1.30 1.29 1.10 0.91 0.95 1.13 1.19 0.96 0.74 0.79 1.10 1.28 1.09 0.94 0.92 0.89 0.88 0.91 0.98 1.11 1.32 1.46 1.28 0.97 0.76 0.66
0.62 0.61 0.58 0.57 0.57 0.54 0.52 0.52 0.52 0.51 0.51 0.52 0.52 0.52 0.53 0.53 0.53 0.53 0.53 0.53 0.53 0.53 0.53 0.55 0.56 0.54 0.53 0.55 0.59 0.69 0.82 0.95 1.02 1.12 1.04 0.71 0.65 0.79 0.85 0.84 0.88 0.87 0.85 0.86 0.84 0.83 0.84 0.85 0.85 0.88 0.89 0.88 0.88 0.97 1.10 1.09 1.06 1.22 1.45 1.50 1.22 0.91 0.91 1.14 1.34 1.19 0.84 0.71 0.95 1.27 1.24 1.10 1.03 0.95 0.90 0.89 0.94 1.07 1.30 1.55 1.53 1.26 1.02 0.83
0.60 0.59 0.57 0.57 0.56 0.53 0.51 0.51 0.52 0.51 0.50 0.51 0.52 0.52 0.53 0.53 0.53 0.53 0.54 0.54 0.54 0.53 0.52 0.52 0.54 0.54 0.53 0.52 0.52 0.55 0.65 0.80 0.93 1.08 1.14 0.92 0.72 0.78 0.87 0.87 0.89 0.88 0.84 0.83 0.81 0.79 0.79 0.81 0.83 0.85 0.87 0.87 0.86 0.86 0.92 0.95 0.92 0.99 1.27 1.56 1.44 1.04 0.87 1.02 1.36 1.41 1.10 0.78 0.79 1.06 1.20 1.18 1.10 0.98 0.89 0.84 0.83 0.90 1.07 1.42 1.64 1.58 1.39 1.14
0.58 0.57 0.56 0.56 0.55 0.52 0.50 0.51 0.51 0.51 0.51 0.51 0.51 0.52 0.52 0.53 0.53 0.53 0.54 0.54 0.54 0.54 0.53 0.51 0.51 0.51 0.51 0.51 0.49 0.49 0.56 0.68 0.83 0.98 1.12 1.08 0.90 0.81 0.85 0.85 0.85 0.87 0.85 0.83 0.84 0.83 0.79 0.81 0.84 0.88 0.90 0.91 0.91 0.89 0.90 0.94 0.94 0.93 1.05 1.39 1.45 1.09 0.81 0.85 1.20 1.50 1.40 1.05 0.84 0.87 0.97 1.07 1.07 0.95 0.85 0.77 0.74 0.74 0.77 0.96 1.32 1.54 1.59 1.46
0.56 0.55 0.54 0.54 0.53 0.51 0.50 0.50 0.51 0.51 0.51 0.51 0.51 0.52 0.52 0.53 0.53 0.54 0.54 0.54 0.54 0.54 0.53 0.52 0.51 0.49 0.49 0.49 0.50 0.51 0.55 0.62 0.74 0.86 0.98 1.03 0.98 0.90 0.87 0.84 0.81 0.84 0.87 0.87 0.87 0.89 0.86 0.85 0.87 0.89 0.92 0.94 0.97 0.98 0.97 0.99 1.03 1.04 1.07 1.29 1.41 1.14 0.81 0.73 0.96 1.37 1.54 1.35 1.06 0.87 0.83 0.91 0.94 0.88 0.82 0.78 0.75 0.78 0.80 0.79 0.90 1.16 1.46 1.61
0.54 0.53 0.52 0.52 0.51 0.50 0.50 0.49 0.50 0.51 0.51 0.51 0.52 0.52 0.53 0.53 0.54 0.54 0.54 0.55 0.55 0.54 0.54 0.53 0.52 0.50 0.49 0.49 0.52 0.56 0.58 0.60 0.66 0.76 0.88 0.91 0.91 0.92 0.92 0.88 0.84 0.84 0.88 0.91 0.92 0.92 0.90 0.91 0.93 0.94 0.94 0.93 0.98 1.03 1.01 0.99 1.06 1.16 1.20 1.31 1.43 1.26 0.93 0.73 0.77 1.08 1.43 1.45 1.20 1.00 0.91 0.93 0.93 0.88 0.85 0.82 0.78 0.85 1.02 0.98 0.82 0.92 1.22 1.54
