windninja/windninja_output/Output_2025-08-09_1200-1250_Google earth_Fire_150m_10min/merlingen_7.5mi_point_08-09-2025_1220_150m_vel.asc
ncols	158
nrows	163
xllcorner	391686.332397
yllcorner	5160024.123721
cellsize	150.000000
NODATA_value	-32768.000000
[rows 38 to 75 of 163, columns 0 to 83 of 158]
1.00 0.99 0.96 0.90 0.86 0.84 0.82 0.82 0.82 0.83 0.83 0.82 0.81 0.81 0.81 0.80 0.80 0.80 0.80 0.80 0.80 0.79 0.79 0.79 0.79 0.79 0.79 0.84 0.92 0.94 0.90 0.84 0.79 0.79 0.85 0.91 0.92 0.96 1.01 1.00 0.99 1.00 1.01 1.05 1.11 1.13 1.12 1.17 1.25 1.31 1.28 1.22 1.25 1.36 1.36 1.28 1.36 1.56 1.73 1.86 2.01 1.97 1.61 1.18 1.04 1.27 1.78 1.95 1.63 1.40 1.38 1.40 1.40 1.30 1.18 1.15 1.02 1.02 1.41 1.65 1.34 1.23 1.45 1.81
1.00 0.98 0.94 0.89 0.87 0.85 0.84 0.84 0.86 0.86 0.85 0.83 0.83 0.83 0.82 0.82 0.82 0.81 0.81 0.80 0.80 0.81 0.80 0.80 0.79 0.79 0.81 0.84 0.84 0.78 0.72 0.71 0.71 0.74 0.78 0.85 0.94 1.07 1.14 1.12 1.07 1.04 1.05 1.10 1.20 1.26 1.22 1.19 1.26 1.39 1.42 1.32 1.33 1.51 1.66 1.59 1.56 1.72 1.91 2.05 2.19 2.32 2.18 1.65 1.23 1.32 1.80 1.93 1.60 1.41 1.39 1.40 1.41 1.34 1.29 1.28 1.12 1.05 1.34 1.83 1.79 1.51 1.44 1.62
1.00 0.99 0.95 0.92 0.90 0.89 0.89 0.89 0.89 0.88 0.86 0.85 0.85 0.86 0.85 0.85 0.84 0.83 0.82 0.82 0.82 0.82 0.81 0.81 0.80 0.79 0.79 0.77 0.72 0.67 0.65 0.64 0.62 0.64 0.68 0.76 0.86 1.01 1.18 1.25 1.24 1.20 1.17 1.17 1.20 1.30 1.34 1.30 1.30 1.41 1.50 1.39 1.33 1.47 1.70 1.77 1.68 1.66 1.78 1.92 2.02 2.22 2.43 2.14 1.50 1.43 1.89 1.97 1.65 1.49 1.39 1.34 1.30 1.20 1.25 1.35 1.22 1.14 1.27 1.69 1.96 1.92 1.80 1.80
1.00 1.00 0.98 0.95 0.93 0.92 0.93 0.93 0.92 0.89 0.88 0.88 0.88 0.88 0.88 0.87 0.86 0.85 0.85 0.84 0.84 0.83 0.82 0.81 0.80 0.79 0.77 0.74 0.70 0.68 0.67 0.63 0.60 0.59 0.65 0.76 0.83 0.89 1.03 1.26 1.41 1.47 1.45 1.38 1.32 1.39 1.51 1.53 1.49 1.50 1.58 1.52 1.34 1.24 1.33 1.50 1.47 1.36 1.42 1.59 1.68 1.81 2.19 2.38 1.98 1.66 1.91 2.06 1.81 1.66 1.56 1.46 1.36 1.17 1.22 1.36 1.26 1.20 1.22 1.43 1.73 1.89 2.03 2.09
1.00 1.00 0.99 0.97 0.96 0.96 0.96 0.95 0.94 0.93 0.92 0.91 0.90 0.90 0.89 0.88 0.87 0.86 0.86 0.85 0.84 0.83 0.82 0.81 0.80 0.78 0.77 0.74 0.73 0.72 0.69 0.66 0.63 0.62 0.68 0.78 0.90 1.01 1.11 1.24 1.36 1.43 1.47 1.49 1.46 1.45 1.45 1.44 1.39 1.35 1.42 1.44 1.26 1.11 1.10 1.22 1.26 1.21 1.25 1.40 1.47 1.50 1.77 2.20 2.32 2.06 1.96 2.13 2.10 1.95 1.88 1.81 1.62 1.38 1.35 1.41 1.32 1.25 1.24 1.38 1.60 1.70 1.86 2.08
0.99 0.99 0.99 0.99 1.00 1.00 0.99 0.97 0.95 0.95 0.94 0.93 0.92 0.91 0.90 0.89 0.88 0.87 0.86 0.85 0.84 0.83 0.83 0.82 0.81 0.79 0.78 0.76 0.74 0.71 0.67 0.66 0.66 0.67 0.71 0.78 0.90 1.04 1.12 1.14 1.15 1.20 1.27 1.32 1.31 1.25 1.23 1.24 1.24 1.22 1.28 1.35 1.27 1.18 1.15 1.18 1.21 1.22 1.26 1.36 1.39 1.34 1.41 1.69 2.09 2.21 2.08 2.13 2.30 2.36 2.35 2.34 2.14 1.85 1.72 1.64 1.51 1.40 1.31 1.36 1.52 1.65 1.79 1.96
0.98 0.98 0.98 1.00 1.01 1.01 0.99 0.98 0.97 0.96 0.95 0.95 0.93 0.92 0.91 0.90 0.89 0.88 0.88 0.87 0.86 0.85 0.84 0.82 0.81 0.81 0.80 0.78 0.75 0.71 0.68 0.67 0.68 0.69 0.70 0.74 0.80 0.84 0.86 0.90 0.97 1.07 1.14 1.15 1.13 1.13 1.14 1.17 1.23 1.27 1.34 1.42 1.38 1.30 1.28 1.27 1.24 1.24 1.30 1.38 1.42 1.38 1.33 1.39 1.65 1.94 2.02 2.00 2.12 2.33 2.46 2.54 2.52 2.30 2.08 1.88 1.67 1.54 1.45 1.40 1.44 1.56 1.74 1.91
0.98 0.98 0.99 1.01 1.01 1.00 0.99 0.99 0.98 0.97 0.96 0.96 0.94 0.93 0.93 0.92 0.91 0.91 0.90 0.89 0.88 0.87 0.85 0.83 0.82 0.82 0.81 0.78 0.75 0.73 0.72 0.71 0.71 0.70 0.70 0.69 0.66 0.66 0.69 0.77 0.88 0.99 1.06 1.07 1.07 1.13 1.19 1.20 1.22 1.26 1.31 1.38 1.37 1.28 1.28 1.32 1.28 1.25 1.29 1.37 1.46 1.49 1.44 1.42 1.54 1.67 1.79 1.82 1.70 1.72 1.94 2.16 2.32 2.31 2.17 1.96 1.70 1.60 1.59 1.58 1.55 1.55 1.66 1.82
1.00 1.00 1.01 1.01 1.00 0.98 0.99 0.99 0.99 0.98 0.98 0.97 0.96 0.95 0.94 0.94 0.93 0.92 0.90 0.89 0.88 0.86 0.85 0.84 0.84 0.82 0.80 0.78 0.76 0.74 0.72 0.71 0.70 0.70 0.69 0.67 0.63 0.61 0.65 0.72 0.79 0.87 0.98 1.04 1.03 1.07 1.16 1.22 1.21 1.20 1.24 1.30 1.34 1.29 1.24 1.30 1.33 1.29 1.27 1.31 1.43 1.56 1.56 1.51 1.56 1.62 1.64 1.67 1.54 1.45 1.58 1.77 2.00 2.14 2.13 2.02 1.79 1.64 1.64 1.65 1.59 1.55 1.62 1.70
1.01 1.01 1.01 1.00 0.98 0.96 0.96 0.97 0.98 0.99 0.99 0.98 0.97 0.96 0.95 0.94 0.93 0.92 0.90 0.89 0.88 0.86 0.85 0.84 0.83 0.81 0.80 0.79 0.78 0.76 0.73 0.71 0.69 0.67 0.65 0.63 0.63 0.62 0.62 0.64 0.69 0.77 0.90 1.01 1.06 1.07 1.09 1.13 1.16 1.15 1.20 1.27 1.32 1.37 1.34 1.35 1.40 1.38 1.33 1.25 1.32 1.50 1.55 1.48 1.49 1.55 1.52 1.54 1.51 1.46 1.52 1.61 1.80 1.98 2.04 2.00 1.82 1.62 1.52 1.55 1.57 1.54 1.60 1.65
1.01 1.00 1.00 0.98 0.97 0.95 0.94 0.95 0.97 0.97 0.97 0.97 0.97 0.96 0.95 0.93 0.92 0.91 0.90 0.89 0.88 0.87 0.86 0.85 0.83 0.82 0.81 0.80 0.79 0.77 0.75 0.73 0.71 0.68 0.64 0.62 0.61 0.60 0.58 0.58 0.61 0.67 0.78 0.91 1.03 1.09 1.10 1.11 1.14 1.15 1.20 1.25 1.28 1.32 1.34 1.36 1.40 1.42 1.41 1.33 1.29 1.43 1.55 1.49 1.43 1.43 1.41 1.43 1.44 1.44 1.49 1.56 1.68 1.83 1.92 1.92 1.80 1.64 1.55 1.59 1.68 1.65 1.61 1.63
1.00 1.00 0.99 0.98 0.96 0.96 0.95 0.94 0.95 0.97 0.97 0.96 0.96 0.95 0.95 0.94 0.93 0.92 0.91 0.89 0.88 0.88 0.87 0.86 0.85 0.84 0.82 0.81 0.80 0.79 0.77 0.75 0.73 0.70 0.67 0.65 0.63 0.62 0.60 0.58 0.58 0.60 0.66 0.76 0.88 1.00 1.06 1.07 1.09 1.12 1.18 1.29 1.34 1.36 1.38 1.41 1.43 1.42 1.40 1.38 1.34 1.43 1.60 1.60 1.46 1.35 1.32 1.32 1.36 1.42 1.48 1.56 1.63 1.71 1.81 1.86 1.83 1.78 1.76 1.80 1.83 1.81 1.71 1.64
1.00 0.99 0.99 1.00 1.01 1.01 1.00 0.97 0.95 0.95 0.96 0.97 0.97 0.96 0.96 0.95 0.94 0.93 0.91 0.91 0.90 0.89 0.88 0.87 0.87 0.86 0.84 0.82 0.81 0.80 0.78 0.77 0.75 0.73 0.69 0.66 0.63 0.62 0.61 0.60 0.59 0.61 0.64 0.68 0.76 0.89 0.98 1.01 1.02 1.00 1.03 1.18 1.31 1.38 1.43 1.47 1.48 1.45 1.39 1.32 1.33 1.43 1.63 1.69 1.49 1.30 1.26 1.25 1.28 1.35 1.42 1.50 1.56 1.62 1.69 1.74 1.77 1.81 1.87 1.94 1.94 1.91 1.82 1.69
0.99 0.98 0.98 1.02 1.06 1.08 1.08 1.04 0.98 0.96 0.96 0.97 0.97 0.96 0.95 0.95 0.94 0.93 0.92 0.91 0.91 0.90 0.89 0.88 0.87 0.86 0.85 0.84 0.82 0.81 0.79 0.78 0.76 0.74 0.71 0.67 0.63 0.60 0.59 0.59 0.60 0.61 0.61 0.63 0.70 0.81 0.91 0.98 1.03 0.99 0.97 1.12 1.22 1.25 1.31 1.39 1.43 1.44 1.41 1.35 1.34 1.43 1.67 1.75 1.47 1.26 1.23 1.24 1.28 1.33 1.39 1.45 1.50 1.55 1.59 1.60 1.61 1.67 1.82 1.98 2.04 2.00 1.87 1.70
1.02 0.98 0.96 0.99 1.02 1.04 1.07 1.07 1.04 1.00 0.97 0.97 0.96 0.95 0.94 0.94 0.93 0.93 0.92 0.92 0.91 0.90 0.89 0.88 0.87 0.86 0.85 0.84 0.83 0.82 0.81 0.79 0.78 0.76 0.73 0.70 0.65 0.61 0.58 0.59 0.60 0.61 0.60 0.59 0.66 0.77 0.85 0.94 1.10 1.16 1.17 1.25 1.33 1.31 1.28 1.32 1.34 1.37 1.40 1.40 1.39 1.46 1.75 1.81 1.46 1.25 1.23 1.26 1.31 1.36 1.41 1.46 1.50 1.54 1.57 1.55 1.50 1.50 1.62 1.84 2.03 2.13 2.04 1.77
1.09 1.03 0.98 1.01 1.04 1.04 1.07 1.09 1.06 0.99 0.95 0.94 0.94 0.95 0.94 0.94 0.93 0.93 0.92 0.91 0.90 0.89 0.88 0.88 0.87 0.86 0.86 0.85 0.84 0.83 0.82 0.81 0.79 0.77 0.75 0.73 0.69 0.65 0.61 0.58 0.59 0.63 0.62 0.58 0.61 0.73 0.82 0.90 1.07 1.20 1.24 1.26 1.33 1.39 1.38 1.35 1.28 1.31 1.40 1.45 1.45 1.52 1.82 1.85 1.48 1.27 1.25 1.31 1.39 1.43 1.44 1.49 1.54 1.57 1.59 1.56 1.50 1.47 1.50 1.61 1.82 2.10 2.22 2.07
1.13 1.11 1.04 1.02 1.06 1.08 1.08 1.10 1.08 0.99 0.92 0.91 0.92 0.93 0.94 0.94 0.93 0.93 0.92 0.91 0.90 0.89 0.89 0.88 0.88 0.87 0.86 0.86 0.85 0.84 0.83 0.82 0.81 0.79 0.77 0.75 0.72 0.69 0.64 0.59 0.57 0.60 0.61 0.56 0.54 0.63 0.76 0.83 0.94 1.05 1.14 1.19 1.23 1.31 1.46 1.40 1.27 1.29 1.40 1.50 1.54 1.64 1.88 1.86 1.53 1.35 1.32 1.39 1.53 1.59 1.56 1.55 1.56 1.57 1.59 1.59 1.54 1.55 1.57 1.53 1.64 1.94 2.20 2.27
1.10 1.12 1.07 0.96 0.91 0.93 0.95 1.00 1.07 1.05 0.96 0.89 0.88 0.89 0.91 0.91 0.91 0.92 0.92 0.92 0.92 0.90 0.89 0.88 0.88 0.88 0.87 0.86 0.86 0.85 0.84 0.83 0.82 0.81 0.79 0.77 0.75 0.72 0.69 0.63 0.57 0.55 0.56 0.54 0.51 0.53 0.62 0.72 0.81 0.91 1.03 1.16 1.22 1.29 1.49 1.44 1.27 1.29 1.39 1.50 1.58 1.74 1.97 1.93 1.59 1.38 1.34 1.38 1.53 1.65 1.64 1.59 1.57 1.57 1.59 1.60 1.59 1.63 1.68 1.60 1.60 1.80 2.04 2.19
1.06 1.08 1.09 1.01 0.90 0.84 0.83 0.87 0.97 1.05 1.02 0.94 0.88 0.86 0.87 0.89 0.89 0.89 0.90 0.90 0.91 0.91 0.90 0.89 0.88 0.88 0.88 0.87 0.87 0.86 0.85 0.85 0.83 0.82 0.81 0.79 0.78 0.75 0.72 0.68 0.63 0.58 0.57 0.57 0.55 0.52 0.53 0.59 0.67 0.77 0.90 1.08 1.18 1.29 1.49 1.40 1.27 1.31 1.38 1.46 1.56 1.72 1.98 2.02 1.67 1.33 1.24 1.25 1.35 1.49 1.56 1.62 1.64 1.64 1.64 1.63 1.65 1.71 1.74 1.70 1.65 1.73 1.89 2.02
1.07 1.06 1.08 1.10 1.06 0.99 0.90 0.85 0.89 1.01 1.09 1.07 0.98 0.88 0.84 0.85 0.88 0.89 0.89 0.89 0.89 0.90 0.91 0.90 0.89 0.88 0.88 0.88 0.87 0.87 0.86 0.86 0.85 0.84 0.83 0.82 0.80 0.78 0.76 0.73 0.70 0.66 0.63 0.61 0.58 0.53 0.47 0.46 0.51 0.60 0.73 0.96 1.10 1.24 1.46 1.35 1.24 1.32 1.41 1.46 1.56 1.70 1.92 2.05 1.80 1.41 1.22 1.21 1.29 1.41 1.52 1.63 1.68 1.68 1.69 1.68 1.72 1.80 1.80 1.80 1.79 1.81 1.86 1.91
1.09 1.08 1.07 1.09 1.10 1.10 1.04 0.95 0.91 0.96 1.04 1.10 1.09 0.98 0.85 0.81 0.83 0.86 0.88 0.88 0.89 0.88 0.89 0.89 0.89 0.89 0.89 0.88 0.88 0.88 0.87 0.87 0.86 0.85 0.85 0.84 0.82 0.81 0.79 0.77 0.74 0.71 0.68 0.65 0.60 0.55 0.47 0.40 0.37 0.41 0.53 0.79 1.03 1.21 1.41 1.30 1.17 1.24 1.35 1.42 1.53 1.70 1.90 2.04 1.92 1.55 1.30 1.26 1.36 1.49 1.54 1.61 1.68 1.69 1.69 1.69 1.73 1.81 1.84 1.87 1.91 1.95 1.96 1.95
1.11 1.10 1.08 1.07 1.06 1.06 1.07 1.02 0.94 0.89 0.89 0.96 1.06 1.08 0.98 0.85 0.80 0.81 0.85 0.87 0.88 0.89 0.89 0.89 0.89 0.89 0.89 0.89 0.89 0.88 0.88 0.88 0.87 0.87 0.86 0.85 0.84 0.83 0.82 0.80 0.78 0.76 0.73 0.70 0.66 0.61 0.54 0.46 0.37 0.31 0.37 0.60 0.93 1.16 1.32 1.25 1.13 1.17 1.27 1.34 1.43 1.62 1.85 2.02 1.96 1.67 1.41 1.34 1.41 1.51 1.53 1.56 1.64 1.68 1.67 1.69 1.72 1.75 1.78 1.81 1.85 1.96 2.04 2.05
1.12 1.11 1.10 1.08 1.06 1.04 1.03 1.01 0.96 0.89 0.86 0.88 0.99 1.12 1.14 1.02 0.87 0.80 0.80 0.84 0.87 0.89 0.90 0.90 0.90 0.90 0.89 0.89 0.89 0.89 0.89 0.89 0.89 0.88 0.88 0.87 0.86 0.85 0.84 0.83 0.81 0.79 0.77 0.74 0.71 0.67 0.62 0.55 0.45 0.33 0.29 0.42 0.76 1.05 1.20 1.19 1.14 1.17 1.22 1.27 1.34 1.47 1.69 1.91 1.94 1.75 1.47 1.29 1.34 1.47 1.50 1.51 1.58 1.62 1.62 1.66 1.73 1.74 1.73 1.76 1.78 1.88 2.00 2.04
1.14 1.13 1.11 1.10 1.09 1.07 1.04 1.02 0.99 0.95 0.91 0.89 0.93 1.04 1.15 1.17 1.05 0.90 0.81 0.80 0.83 0.86 0.88 0.89 0.90 0.90 0.89 0.89 0.89 0.90 0.90 0.90 0.90 0.90 0.89 0.89 0.88 0.88 0.87 0.85 0.84 0.82 0.81 0.78 0.76 0.72 0.68 0.62 0.54 0.42 0.30 0.32 0.57 0.87 1.03 1.06 1.12 1.17 1.18 1.19 1.24 1.34 1.51 1.73 1.82 1.76 1.53 1.32 1.32 1.44 1.48 1.50 1.53 1.56 1.55 1.59 1.69 1.74 1.75 1.78 1.80 1.85 1.94 1.96
1.17 1.14 1.11 1.09 1.08 1.10 1.10 1.08 1.04 0.99 0.93 0.87 0.86 0.90 1.02 1.16 1.19 1.08 0.93 0.82 0.79 0.82 0.85 0.87 0.89 0.90 0.90 0.89 0.90 0.90 0.90 0.91 0.91 0.91 0.91 0.90 0.90 0.90 0.89 0.88 0.87 0.85 0.84 0.82 0.79 0.77 0.73 0.69 0.62 0.52 0.39 0.34 0.50 0.71 0.85 0.97 1.12 1.17 1.16 1.16 1.18 1.25 1.39 1.55 1.70 1.71 1.56 1.43 1.40 1.43 1.46 1.50 1.53 1.50 1.52 1.57 1.65 1.71 1.75 1.79 1.84 1.89 1.96 1.97
1.23 1.17 1.10 1.06 1.04 1.06 1.09 1.10 1.08 1.04 0.97 0.88 0.83 0.83 0.89 1.03 1.17 1.20 1.10 0.96 0.85 0.81 0.83 0.86 0.88 0.91 0.91 0.90 0.90 0.91 0.91 0.91 0.92 0.92 0.92 0.92 0.92 0.91 0.91 0.90 0.89 0.88 0.87 0.85 0.83 0.81 0.78 0.74 0.68 0.61 0.49 0.42 0.51 0.63 0.70 0.91 1.16 1.20 1.14 1.13 1.15 1.21 1.33 1.43 1.53 1.52 1.36 1.35 1.39 1.42 1.45 1.50 1.54 1.48 1.48 1.57 1.66 1.72 1.77 1.84 1.92 1.96 2.03 2.08
1.33 1.23 1.10 1.06 1.02 1.00 1.02 1.05 1.05 1.04 1.01 0.92 0.84 0.83 0.84 0.90 1.05 1.19 1.22 1.13 1.00 0.89 0.83 0.83 0.86 0.90 0.92 0.91 0.90 0.91 0.91 0.92 0.93 0.93 0.93 0.93 0.93 0.93 0.93 0.92 0.92 0.91 0.89 0.88 0.86 0.84 0.82 0.79 0.75 0.69 0.59 0.49 0.51 0.59 0.57 0.75 1.15 1.27 1.17 1.10 1.06 1.13 1.28 1.39 1.41 1.29 1.18 1.20 1.30 1.38 1.45 1.51 1.54 1.47 1.44 1.53 1.65 1.74 1.82 1.92 2.01 2.04 2.07 2.13
1.43 1.34 1.19 1.11 1.07 1.03 1.01 1.02 1.02 0.99 0.99 0.96 0.85 0.80 0.83 0.84 0.91 1.05 1.20 1.24 1.15 1.03 0.92 0.85 0.82 0.87 0.92 0.93 0.92 0.92 0.92 0.92 0.93 0.94 0.94 0.94 0.95 0.95 0.95 0.94 0.94 0.93 0.92 0.91 0.90 0.88 0.86 0.83 0.80 0.75 0.69 0.59 0.55 0.57 0.51 0.58 0.98 1.26 1.25 1.12 0.97 0.98 1.22 1.45 1.48 1.34 1.20 1.17 1.22 1.28 1.37 1.48 1.53 1.45 1.39 1.45 1.58 1.69 1.77 1.90 2.01 2.03 2.05 2.12
1.43 1.43 1.37 1.23 1.13 1.08 1.07 1.10 1.12 1.06 1.01 1.00 0.91 0.80 0.80 0.84 0.85 0.90 1.03 1.20 1.25 1.20 1.11 0.98 0.88 0.86 0.90 0.92 0.94 0.94 0.93 0.93 0.94 0.94 0.95 0.96 0.96 0.96 0.96 0.96 0.96 0.95 0.95 0.94 0.93 0.91 0.90 0.88 0.85 0.81 0.77 0.71 0.64 0.61 0.54 0.52 0.74 1.07 1.24 1.17 0.95 0.91 1.20 1.48 1.56 1.47 1.31 1.19 1.17 1.20 1.26 1.39 1.49 1.43 1.39 1.39 1.45 1.56 1.67 1.83 2.00 2.06 2.09 2.15
1.29 1.48 1.62 1.51 1.33 1.17 1.12 1.18 1.23 1.17 1.07 1.01 0.99 0.91 0.80 0.81 0.85 0.86 0.90 1.04 1.18 1.26 1.27 1.18 1.04 0.94 0.90 0.89 0.89 0.91 0.92 0.93 0.94 0.95 0.96 0.97 0.97 0.97 0.98 0.98 0.98 0.98 0.97 0.97 0.96 0.95 0.93 0.92 0.90 0.87 0.84 0.80 0.75 0.70 0.64 0.59 0.65 0.82 1.06 1.11 0.90 0.82 1.00 1.28 1.45 1.47 1.39 1.25 1.17 1.16 1.18 1.30 1.41 1.37 1.33 1.33 1.35 1.44 1.59 1.75 1.93 2.04 2.07 2.06
1.02 1.31 1.69 1.82 1.79 1.59 1.38 1.40 1.44 1.32 1.17 1.07 1.03 1.00 0.92 0.84 0.86 0.88 0.87 0.92 1.01 1.12 1.24 1.28 1.23 1.15 1.05 0.95 0.88 0.87 0.88 0.90 0.93 0.95 0.96 0.97 0.98 0.99 0.99 0.99 1.00 1.00 0.99 0.99 0.99 0.98 0.97 0.96 0.94 0.92 0.90 0.87 0.84 0.80 0.76 0.72 0.71 0.75 0.88 0.96 0.79 0.68 0.81 1.01 1.20 1.31 1.35 1.32 1.24 1.19 1.18 1.25 1.31 1.24 1.18 1.21 1.24 1.28 1.40 1.55 1.67 1.81 2.00 1.98
0.76 0.86 1.20 1.52 1.73 1.79 1.68 1.63 1.70 1.67 1.51 1.41 1.34 1.24 1.17 1.09 1.01 0.96 0.89 0.87 0.92 0.98 1.07 1.18 1.25 1.29 1.27 1.13 0.96 0.88 0.85 0.86 0.90 0.93 0.95 0.97 0.98 0.99 1.00 1.01 1.01 1.01 1.02 1.02 1.01 1.01 1.00 0.99 0.98 0.97 0.95 0.93 0.91 0.89 0.87 0.84 0.82 0.81 0.84 0.86 0.77 0.66 0.72 0.83 0.91 1.01 1.14 1.21 1.22 1.22 1.22 1.26 1.27 1.17 1.12 1.13 1.11 1.11 1.16 1.31 1.48 1.65 1.95 2.11
0.80 0.76 0.79 0.93 1.15 1.37 1.38 1.33 1.50 1.66 1.61 1.56 1.55 1.50 1.41 1.32 1.25 1.17 1.04 0.93 0.91 0.94 0.98 1.03 1.08 1.22 1.40 1.36 1.15 1.00 0.91 0.86 0.86 0.90 0.94 0.97 0.99 1.00 1.01 1.02 1.03 1.03 1.04 1.04 1.04 1.03 1.03 1.02 1.02 1.01 1.00 0.98 0.97 0.96 0.94 0.93 0.92 0.91 0.90 0.88 0.82 0.75 0.73 0.75 0.74 0.76 0.85 0.94 1.00 1.05 1.14 1.27 1.27 1.13 1.10 1.11 1.07 1.01 1.00 1.11 1.36 1.64 1.87 2.25
1.05 0.98 0.89 0.90 0.99 1.07 1.00 0.91 1.05 1.28 1.25 1.19 1.23 1.28 1.30 1.28 1.28 1.30 1.24 1.12 1.01 0.97 0.97 0.99 0.95 1.06 1.37 1.53 1.41 1.22 1.09 0.97 0.88 0.86 0.89 0.94 0.98 1.00 1.02 1.03 1.04 1.05 1.05 1.06 1.06 1.06 1.06 1.06 1.05 1.04 1.04 1.03 1.02 1.01 1.00 0.99 0.98 0.97 0.96 0.94 0.90 0.86 0.83 0.79 0.74 0.72 0.72 0.74 0.75 0.77 0.89 1.13 1.20 1.06 1.04 1.09 1.08 0.99 0.94 1.02 1.25 1.58 1.84 2.42
1.27 1.19 1.08 1.03 1.02 1.04 0.98 0.89 0.97 1.10 1.05 1.00 1.00 1.01 1.04 1.06 1.10 1.18 1.24 1.24 1.19 1.12 1.06 1.03 0.96 0.94 1.17 1.47 1.55 1.43 1.28 1.17 1.04 0.91 0.87 0.91 0.95 0.99 1.02 1.04 1.05 1.06 1.07 1.08 1.08 1.08 1.08 1.08 1.08 1.08 1.07 1.07 1.06 1.05 1.05 1.04 1.03 1.03 1.01 1.00 0.98 0.95 0.92 0.89 0.84 0.79 0.74 0.70 0.66 0.62 0.64 0.83 0.99 0.89 0.89 0.95 1.01 0.95 0.90 1.01 1.22 1.49 1.92 2.55
1.49 1.39 1.21 1.11 1.09 1.09 1.03 0.98 1.00 1.02 1.01 1.01 0.99 0.97 0.97 0.97 0.98 1.01 1.07 1.13 1.19 1.21 1.19 1.13 1.01 0.94 1.04 1.30 1.50 1.53 1.43 1.33 1.25 1.09 0.94 0.91 0.94 0.97 1.01 1.04 1.06 1.07 1.08 1.09 1.10 1.10 1.11 1.11 1.11 1.11 1.10 1.10 1.10 1.09 1.09 1.08 1.08 1.07 1.06 1.05 1.03 1.01 0.99 0.97 0.93 0.89 0.83 0.77 0.71 0.66 0.62 0.66 0.71 0.68 0.71 0.79 0.87 0.88 0.85 0.98 1.23 1.54 2.04 2.50
1.74 1.60 1.33 1.15 1.13 1.12 1.06 1.04 1.02 0.99 0.98 1.00 0.99 0.98 0.97 0.97 0.97 0.98 0.99 1.00 1.05 1.12 1.16 1.15 1.05 0.96 1.02 1.19 1.39 1.51 1.48 1.42 1.39 1.29 1.12 1.00 0.98 0.98 1.00 1.02 1.06 1.08 1.10 1.11 1.12 1.13 1.13 1.13 1.13 1.14 1.13 1.13 1.13 1.13 1.12 1.12 1.11 1.11 1.10 1.09 1.07 1.06 1.04 1.02 0.99 0.96 0.92 0.87 0.83 0.78 0.70 0.64 0.59 0.54 0.57 0.68 0.75 0.80 0.81 0.92 1.26 1.68 2.11 2.29
2.02 1.83 1.49 1.24 1.14 1.14 1.08 1.02 1.01 0.97 0.95 0.96 0.96 0.96 0.96 0.95 0.96 0.99 1.00 0.99 1.00 1.04 1.08 1.10 1.05 0.96 0.98 1.10 1.29 1.46 1.50 1.46 1.45 1.41 1.26 1.12 1.04 1.03 1.02 1.02 1.05 1.09 1.11 1.13 1.14 1.15 1.15 1.15 1.16 1.16 1.16 1.16 1.16 1.15 1.15 1.15 1.14 1.14 1.13 1.13 1.12 1.10 1.09 1.07 1.04 1.01 0.98 0.94 0.91 0.87 0.80 0.71 0.62 0.51 0.48 0.56 0.62 0.70 0.78 0.90 1.31 1.77 2.05 2.02
