windninja/windninja_output/Output_2025-08-09_1200-1250_Google earth_Fire_150m_10min/merlingen_7.5mi_point_08-09-2025_1240_150m_ang.asc
ncols	158
nrows	163
xllcorner	391686.332397
yllcorner	5160024.123721
cellsize	150.000000
NODATA_value	-32768.000000
[rows 0 to 54 of 163, columns 0 to 95 of 158]
7 5 2 2 2 3 4 4 3 4 5 6 8 11 14 17 19 16 13 12 7 4 7 10 14 16 16 13 13 15 17 20 22 22 21 26 31 34 35 32 30 30 32 35 36 38 42 39 29 25 25 24 25 27 29 31 32 34 35 35 33 33 34 33 31 30 32 36 39 40 39 39 39 38 38 39 41 44 46 45 44 43 44 48 51 50 46 46 48 46 45 46 45 44 44 46
8 5 1 0 1 3 5 5 3 3 3 5 7 10 13 15 14 9 6 6 4 0 3 9 14 16 15 12 13 16 19 20 21 21 20 24 27 26 26 25 25 26 27 28 28 29 30 29 25 24 26 26 28 31 32 32 32 32 33 34 33 33 33 32 31 31 34 37 39 39 38 38 38 37 38 39 41 43 44 42 42 43 45 47 49 49 45 46 48 47 47 48 47 46 45 46
7 5 1 0 1 3 6 6 2 0 360 2 5 8 11 12 9 6 5 5 4 359 357 5 14 17 15 13 15 18 20 20 20 19 19 20 21 21 21 20 20 20 21 22 22 21 22 22 22 22 24 26 30 33 33 31 30 30 32 32 31 31 31 31 31 32 35 38 39 38 36 36 37 37 38 38 39 41 42 40 38 41 45 45 46 45 40 41 44 46 47 48 46 45 43 43
1 2 2 1 2 3 3 1 359 359 360 2 5 6 8 8 7 6 7 8 7 2 357 1 10 14 15 14 14 16 18 19 18 16 15 16 18 20 20 18 16 16 16 17 18 18 19 21 22 21 21 23 26 29 29 29 29 30 31 31 30 29 30 31 31 32 34 37 40 38 36 36 37 38 39 38 38 40 42 39 35 39 43 41 44 44 36 35 38 38 40 42 41 39 39 38
354 358 2 3 2 1 359 356 357 360 3 4 4 5 4 5 7 8 10 12 10 4 358 357 2 8 11 12 13 13 15 16 16 14 13 15 17 17 16 13 12 12 13 14 16 17 19 20 21 22 23 24 26 28 29 29 30 30 30 31 31 30 30 31 31 31 33 37 40 38 37 38 39 39 39 40 41 43 43 40 37 39 42 40 43 45 37 32 32 32 34 36 35 32 32 31
351 354 359 2 1 360 357 355 357 2 6 5 2 2 2 4 9 12 14 15 13 7 358 353 356 2 7 11 12 12 13 14 14 14 14 14 13 12 11 11 11 11 13 15 17 19 21 22 23 24 25 26 27 29 30 30 30 29 29 29 30 29 29 30 31 31 32 36 38 37 36 39 39 36 36 38 40 42 42 41 41 42 43 42 43 44 41 35 33 31 30 31 30 27 26 27
353 352 354 357 359 358 357 357 360 4 4 3 1 0 1 4 9 13 14 13 12 9 0 351 350 356 3 7 9 10 11 11 12 14 14 12 10 10 11 12 13 13 15 18 20 22 23 23 24 25 26 27 28 28 30 31 30 29 28 27 27 26 27 29 30 31 32 35 37 34 33 35 35 33 32 35 37 39 37 38 41 41 40 41 43 46 45 41 38 34 31 32 32 30 29 31
355 354 352 352 354 356 358 1 3 3 2 360 359 359 1 3 7 11 12 12 12 10 5 355 348 352 359 2 5 8 9 10 12 14 14 12 11 12 14 15 17 18 20 22 23 24 24 25 25 25 26 27 27 28 30 30 28 28 26 25 23 23 25 27 29 30 31 34 35 32 31 33 34 32 32 34 38 39 36 37 42 41 38 38 40 42 42 41 39 36 35 38 40 39 37 36
354 354 354 353 353 354 358 2 3 1 359 356 355 356 360 4 6 8 10 11 11 10 8 2 354 351 354 359 3 6 8 8 11 14 14 14 15 17 19 21 22 24 24 24 24 25 25 26 26 25 26 27 27 29 31 29 27 26 25 24 25 25 25 28 30 32 31 31 32 32 33 36 37 36 35 36 39 40 37 39 44 43 36 33 33 34 35 35 31 27 26 29 33 33 32 35
354 354 355 355 355 356 358 360 360 358 357 354 352 353 357 3 5 5 7 9 10 10 8 5 0 354 353 359 3 4 6 7 9 13 15 17 18 21 23 25 26 25 25 24 26 26 26 27 26 24 27 29 28 28 30 30 28 28 29 30 32 31 29 31 35 34 32 31 30 33 36 39 39 38 37 38 41 40 35 36 39 40 36 31 32 31 31 30 26 23 24 26 26 25 29 37
354 354 355 355 356 357 357 358 358 357 356 354 352 351 354 360 2 3 3 5 7 8 8 6 4 360 357 360 3 3 5 8 10 13 17 20 21 23 24 24 24 25 25 26 29 29 27 29 30 29 31 32 30 31 34 36 37 38 41 42 43 42 39 38 40 38 36 34 32 36 40 40 37 36 37 40 43 41 33 31 34 36 35 32 32 31 31 32 29 26 30 32 29 28 33 41
354 354 355 356 356 357 357 357 357 357 356 355 353 351 353 355 358 0 1 1 3 6 8 8 6 5 4 3 4 5 8 11 12 14 18 22 24 24 23 23 25 26 26 27 30 31 31 36 41 42 44 45 46 49 53 54 54 55 56 58 61 63 60 55 53 50 46 41 37 38 39 38 37 34 33 35 35 34 28 26 30 33 33 31 28 26 29 35 32 27 33 40 37 33 38 44
354 354 354 355 356 356 356 356 357 357 356 355 354 353 352 351 352 356 359 359 360 3 7 10 11 12 11 8 7 8 10 12 12 14 19 23 24 22 22 23 25 26 27 28 32 34 37 43 51 56 59 64 69 74 78 78 72 67 66 71 76 78 80 87 87 77 67 54 40 36 37 37 36 31 26 25 27 28 26 24 27 31 31 30 29 26 30 36 31 25 34 43 42 37 44 51
354 354 354 355 355 355 356 356 356 356 356 355 355 355 354 350 347 349 354 357 359 3 8 14 17 17 14 10 9 9 11 11 12 14 18 21 21 21 23 25 27 31 35 40 45 47 46 46 49 55 60 64 68 74 82 88 86 76 67 65 66 65 66 71 81 87 87 80 54 35 36 37 35 29 22 23 27 30 30 28 29 30 31 33 34 32 35 40 36 31 39 49 49 48 55 60
354 354 354 354 354 355 356 356 356 356 356 355 355 355 356 354 349 347 348 354 359 4 11 16 18 16 12 11 10 11 13 12 12 14 15 17 21 25 28 33 41 49 57 62 62 60 55 45 41 44 48 48 48 51 56 61 63 56 46 46 47 46 43 41 45 52 57 62 67 38 31 34 33 29 27 29 33 37 39 39 36 34 36 39 41 40 43 46 44 43 53 62 63 64 68 71
354 354 354 354 354 355 355 356 356 356 355 355 354 353 354 354 353 352 351 353 359 4 10 14 15 13 10 11 12 11 11 10 10 13 16 22 31 38 44 51 58 59 56 53 48 45 44 41 38 38 37 33 29 29 32 35 37 32 27 33 37 36 34 32 33 37 37 38 40 25 3 30 35 33 32 32 36 41 44 44 40 39 44 48 49 51 54 56 55 54 60 67 68 68 71 75
353 353 353 354 354 355 355 355 355 355 355 354 353 351 349 350 354 356 357 357 359 3 8 11 12 11 9 9 10 9 8 11 16 23 32 42 48 51 50 49 46 39 34 34 34 32 33 33 31 28 28 25 22 23 26 30 33 28 21 25 31 34 33 29 30 35 35 33 33 29 16 19 40 36 32 33 36 40 41 42 42 44 50 54 58 62 64 65 67 63 58 58 59 60 63 67
353 353 353 354 354 354 355 355 355 355 355 354 353 351 347 346 351 356 359 360 1 4 7 8 9 11 11 8 7 9 12 18 26 34 38 38 36 34 31 30 28 27 28 31 31 30 28 26 23 21 21 22 23 25 28 30 31 28 21 22 28 32 31 28 28 32 35 33 33 32 26 18 25 30 29 32 33 38 44 48 51 53 56 58 62 66 67 65 66 66 59 55 54 55 56 58
352 353 353 354 354 354 354 354 354 355 355 354 353 351 348 347 348 354 359 2 4 5 5 6 9 11 11 9 8 12 19 25 29 30 29 29 28 25 24 25 25 26 28 29 29 28 25 20 20 22 22 22 24 26 27 26 27 27 23 23 28 32 31 28 27 30 35 35 34 32 26 18 21 26 26 30 40 52 61 63 65 67 64 59 56 56 55 56 59 61 58 55 55 54 52 52
352 352 353 353 354 354 354 354 354 354 355 354 353 352 350 349 350 354 359 1 3 4 4 5 7 9 9 10 11 14 19 24 27 28 29 29 27 23 20 21 21 22 24 24 24 23 21 18 20 25 26 25 23 22 22 22 24 26 26 26 30 35 34 30 30 32 35 35 31 28 23 20 23 26 25 27 42 59 66 66 66 65 60 53 49 50 50 51 55 57 52 46 52 54 53 51
353 352 352 353 353 353 354 354 354 354 354 354 353 353 352 352 353 356 358 359 0 2 3 4 5 7 9 11 13 14 17 20 23 24 21 20 18 15 14 16 18 19 22 23 21 20 22 22 21 23 25 25 21 18 19 21 23 26 28 29 31 36 36 31 30 31 31 30 28 26 24 24 27 30 27 24 28 38 47 53 55 53 51 48 46 48 50 51 55 56 49 40 47 53 54 52
352 352 352 352 353 353 353 354 354 354 354 353 353 353 353 354 355 356 357 358 359 1 2 3 5 7 9 11 13 14 14 15 17 14 11 11 13 13 13 15 18 20 21 21 21 23 24 22 19 20 23 23 21 20 20 20 22 24 27 30 31 34 35 31 29 27 25 26 27 28 29 29 32 34 30 20 20 29 37 43 46 47 48 47 43 45 46 49 53 53 46 34 39 49 51 50
351 351 352 352 352 352 353 353 354 354 353 353 354 353 353 354 355 356 356 357 359 0 1 2 5 7 9 11 12 12 11 9 8 8 8 10 14 17 17 17 18 19 19 21 23 22 19 18 18 19 22 23 23 23 20 19 20 22 24 29 31 33 35 30 25 22 21 24 29 31 31 32 34 35 29 16 13 23 31 37 41 41 45 46 41 40 41 44 49 49 42 30 34 46 49 48
351 351 351 352 352 352 353 353 353 353 353 353 354 354 354 354 354 355 356 357 358 360 1 2 4 6 9 12 14 12 8 4 3 7 11 14 16 19 19 17 16 16 18 21 20 17 16 19 19 20 22 23 24 23 20 18 20 21 21 26 30 34 35 29 22 20 22 28 33 35 35 34 36 35 27 18 13 19 28 34 39 39 41 43 42 39 38 43 48 49 42 30 35 46 50 49
351 351 351 351 352 352 353 353 352 352 352 352 353 354 354 354 354 354 355 356 358 359 0 2 4 7 11 15 16 10 5 2 1 6 11 15 17 18 17 14 13 13 15 16 15 16 18 21 21 21 22 23 22 21 20 19 20 22 21 24 30 33 32 28 23 24 30 36 40 41 40 38 36 33 28 24 21 22 26 32 37 37 37 39 41 40 39 44 51 51 41 30 37 46 50 49
351 350 350 351 351 352 352 352 352 352 352 352 352 352 353 354 354 354 355 356 357 358 360 1 4 8 13 16 15 11 6 2 359 1 7 12 16 17 14 11 10 10 10 11 14 18 21 22 22 21 22 24 24 22 20 18 20 24 26 26 28 29 27 26 26 27 31 35 40 43 43 39 35 32 27 25 29 30 25 26 32 33 33 35 38 38 34 38 48 50 38 26 34 43 47 48
350 350 350 350 351 351 352 351 351 352 352 352 352 352 352 353 353 353 354 355 356 357 358 0 3 7 11 13 14 13 9 4 358 356 0 7 13 15 13 8 7 7 5 9 14 17 20 21 21 20 21 24 25 22 18 15 19 26 28 25 23 25 26 28 30 31 31 33 36 39 40 38 34 31 24 22 31 36 27 19 26 30 31 32 35 35 31 34 43 46 36 23 29 39 43 45
350 350 350 350 351 351 351 350 350 352 352 352 351 351 351 351 352 353 354 355 355 356 357 359 1 5 8 10 12 14 14 10 3 357 355 359 6 11 12 8 5 4 4 7 11 12 15 19 21 19 18 21 22 20 16 12 17 24 24 21 22 26 30 33 36 36 33 32 34 37 39 38 33 28 22 18 28 37 34 21 22 28 31 33 36 36 33 34 42 44 37 24 26 36 40 41
350 350 350 350 350 351 350 350 350 351 351 351 351 351 351 350 351 352 352 353 354 355 356 357 359 2 3 3 8 13 16 14 9 3 357 354 359 5 8 6 4 3 3 5 7 9 12 17 21 18 14 17 20 21 19 12 11 18 22 21 24 29 31 32 35 36 32 31 34 37 39 37 31 28 22 19 27 39 41 33 24 24 30 36 41 42 40 40 44 45 41 32 28 34 39 39
350 350 350 350 350 350 349 350 350 351 351 351 351 350 350 350 350 351 351 352 353 354 355 356 357 358 356 357 2 8 12 14 13 6 357 354 357 1 3 2 1 2 4 6 6 7 10 12 15 14 12 15 19 22 21 14 10 16 25 28 29 33 35 35 36 36 31 29 36 40 40 37 34 31 25 21 26 39 46 44 33 22 29 41 47 47 45 45 45 44 42 39 35 37 42 42
350 349 350 350 350 349 349 350 350 350 350 350 350 350 349 349 349 350 350 351 352 353 354 355 355 353 351 353 359 5 10 13 11 4 357 355 357 358 360 0 360 1 4 7 8 8 8 8 10 13 14 15 19 25 25 19 16 20 28 35 37 37 40 41 41 37 29 29 40 47 46 43 40 33 24 20 24 34 43 46 39 25 28 40 44 43 42 43 44 44 44 44 45 48 56 56
349 349 350 350 349 348 349 350 349 350 349 349 349 349 348 348 348 348 349 350 350 351 352 353 352 351 350 352 358 6 9 8 5 1 357 356 356 356 357 360 1 3 6 9 10 9 8 7 11 16 19 20 24 30 30 24 23 26 33 42 41 35 36 41 44 38 27 29 42 50 48 43 39 30 20 19 22 30 39 44 40 29 29 38 43 44 45 47 48 49 49 50 51 56 65 68
349 349 350 349 348 348 349 349 349 349 349 348 348 348 348 348 348 348 348 348 349 349 351 352 350 349 349 352 357 2 2 0 1 2 360 355 354 354 356 1 6 7 9 11 11 11 11 13 18 22 24 26 28 32 32 25 23 28 36 44 44 33 29 35 41 39 26 25 39 47 43 34 30 23 18 18 20 26 36 43 41 34 34 39 44 49 53 53 53 54 55 55 54 57 60 61
349 350 350 349 347 348 349 349 348 348 348 347 347 347 347 348 348 348 347 348 348 348 349 349 349 349 348 350 353 354 354 356 0 5 3 354 350 354 359 4 8 10 11 13 14 14 16 19 23 25 27 28 30 33 33 28 23 28 36 42 41 28 21 28 38 39 30 24 36 42 36 29 27 22 18 16 17 22 31 39 39 37 38 40 39 42 47 49 48 49 51 54 56 58 56 50
350 350 350 348 347 348 349 349 348 347 347 346 346 346 347 347 347 347 347 347 347 347 347 346 347 348 348 348 348 347 348 353 359 3 4 357 351 355 3 7 10 13 16 18 19 20 22 25 26 28 29 31 33 34 34 32 28 29 37 43 41 28 16 22 35 40 37 31 34 38 34 31 30 26 20 17 16 20 28 36 37 36 38 41 39 36 42 44 43 44 46 49 52 56 56 50
350 350 349 348 348 349 349 348 347 347 346 346 345 346 346 346 346 346 346 346 347 346 346 345 345 346 347 348 348 346 344 348 353 357 1 3 360 360 7 12 16 20 22 22 22 23 23 24 25 26 28 30 31 31 30 30 31 33 39 46 46 35 18 17 30 38 39 35 33 36 36 37 36 31 26 20 19 25 34 39 39 37 39 43 45 38 39 41 39 39 42 44 49 56 59 53
350 349 348 348 348 349 349 348 347 346 346 345 345 345 345 345 345 346 346 346 346 346 346 345 345 345 346 348 350 345 341 343 347 351 359 6 8 9 15 20 23 23 23 21 21 21 20 20 23 25 26 26 26 26 25 26 29 32 36 44 47 39 22 15 23 35 39 38 36 36 39 45 44 36 27 22 21 28 39 43 41 40 41 45 49 45 35 37 37 36 38 43 49 55 56 48
350 349 348 347 349 349 348 347 346 346 345 345 345 345 345 345 345 345 345 345 345 345 346 345 345 345 345 348 348 342 340 341 343 350 360 7 12 19 24 24 23 21 20 19 19 19 18 19 22 24 24 21 21 24 24 24 25 29 32 37 42 38 27 16 18 32 42 44 40 37 38 42 41 31 25 25 22 22 34 41 38 38 41 43 47 47 33 29 36 37 38 43 49 55 53 44
349 349 348 348 349 348 348 347 346 345 345 345 345 345 344 344 345 345 345 345 345 345 346 345 345 344 345 345 342 339 339 340 343 351 359 8 18 26 26 22 19 17 15 15 16 17 15 15 17 20 19 16 17 22 24 20 19 23 26 30 33 33 29 21 19 31 45 50 45 37 34 33 30 26 24 27 21 12 27 38 35 33 37 40 47 46 35 25 32 37 38 43 54 59 56 48
349 349 349 349 349 348 348 346 345 345 345 345 345 345 344 344 345 345 345 345 345 345 345 345 345 344 343 341 337 336 337 339 343 350 359 10 17 19 20 19 18 15 12 10 12 15 14 12 13 17 18 15 12 15 18 15 12 15 20 23 26 29 32 29 23 30 46 51 44 36 31 30 31 29 26 27 19 6 17 32 33 32 37 43 50 50 40 27 27 34 37 45 58 62 56 50
351 349 349 349 349 349 348 346 345 345 345 345 345 345 345 345 345 345 345 345 345 345 346 346 345 344 342 339 336 336 336 337 340 347 360 10 12 12 16 17 16 13 10 8 10 13 13 11 10 14 19 14 6 7 13 15 12 13 19 24 27 31 36 37 30 30 44 48 40 33 32 35 38 30 25 26 17 3 10 26 31 31 36 42 49 50 42 29 27 32 35 46 57 61 58 53
353 352 351 351 350 349 348 346 346 346 346 345 345 345 345 345 345 345 345 345 345 346 346 346 345 344 343 340 339 338 337 338 341 347 358 5 7 8 9 10 10 9 9 10 8 7 9 10 9 12 16 13 5 4 12 19 18 18 25 33 35 34 36 37 34 32 39 41 34 31 33 36 35 25 21 24 15 5 9 24 31 31 34 39 42 42 36 30 30 33 37 46 54 58 59 52
355 355 354 353 352 349 348 347 347 347 346 346 345 345 345 346 346 346 346 345 345 346 346 346 346 345 344 342 341 339 340 342 344 347 353 358 2 3 1 1 4 7 10 9 6 5 8 12 13 13 16 17 12 10 16 24 27 28 35 41 40 35 33 35 34 33 32 32 30 28 30 31 29 20 18 21 15 7 10 22 29 31 35 38 39 36 33 33 35 37 40 46 51 55 53 43
358 358 357 355 353 351 350 349 348 348 347 347 346 346 346 346 346 346 346 346 346 347 347 347 347 346 345 344 342 341 342 344 346 347 348 351 354 355 355 358 3 9 9 7 6 10 15 18 19 17 18 19 16 15 20 27 31 34 38 42 41 36 33 33 33 31 27 26 27 25 24 26 24 18 18 20 15 11 14 22 28 32 35 38 38 36 35 38 40 41 43 45 51 57 52 42
1 0 359 356 354 352 352 351 349 349 348 347 347 347 347 347 347 347 346 347 347 347 347 347 348 347 346 345 344 344 344 345 346 346 346 346 345 347 352 358 4 8 7 7 11 17 21 20 18 14 15 18 19 19 24 30 33 35 37 38 37 35 33 31 31 30 27 25 24 23 22 25 25 23 23 23 18 15 19 25 29 31 34 38 40 38 39 42 45 46 47 48 56 61 54 45
4 3 0 357 356 355 353 352 351 350 349 348 348 348 348 348 347 347 347 348 348 348 349 348 348 348 347 347 347 346 346 346 347 346 345 342 341 344 350 356 1 4 7 10 14 19 20 17 13 11 16 22 25 26 30 34 36 37 35 33 32 32 29 26 27 29 30 29 25 25 28 30 32 32 31 29 21 18 22 26 28 30 37 43 43 41 41 43 47 49 50 53 61 61 55 48
7 5 1 360 358 357 354 353 352 351 351 350 349 349 349 348 348 348 348 349 349 349 350 349 349 349 349 349 349 348 347 347 347 346 345 343 342 344 348 352 356 1 8 13 16 18 16 13 11 14 21 26 30 33 35 37 37 36 32 27 26 26 25 23 26 29 31 32 28 28 33 36 38 38 36 31 24 19 22 27 30 36 44 48 45 43 43 44 46 49 52 56 60 59 54 48
9 6 3 3 2 358 355 354 353 352 351 351 351 350 350 349 349 349 349 350 350 350 350 350 350 350 350 350 350 350 349 348 348 346 345 345 345 344 345 348 353 359 7 14 16 15 12 11 14 18 24 29 32 34 34 34 34 32 28 22 20 24 26 27 31 34 34 34 31 30 34 37 40 40 38 34 27 23 26 33 41 46 48 47 44 43 43 44 45 48 51 55 57 55 52 48
9 8 6 6 5 1 356 354 354 353 352 352 352 351 351 350 350 350 350 351 351 351 351 351 351 351 351 351 351 351 351 350 350 348 346 346 345 345 344 346 350 356 4 11 12 12 11 13 17 21 26 32 35 36 34 32 31 27 23 18 17 25 33 36 38 39 36 34 33 33 36 38 40 40 38 35 31 29 32 39 45 47 46 43 40 40 41 42 44 46 49 53 54 52 50 48
11 10 9 10 7 2 358 355 354 354 354 353 353 352 352 352 351 351 352 352 352 352 352 352 353 353 353 353 353 353 353 352 352 351 349 347 346 346 346 347 350 355 0 4 7 10 13 16 20 23 27 32 33 32 30 29 27 23 19 19 21 29 38 42 42 39 36 34 34 35 37 38 39 39 38 34 31 30 33 38 42 43 42 40 38 38 38 38 41 44 47 51 52 51 51 50
13 12 12 12 7 3 1 358 355 354 355 355 354 353 353 353 353 353 353 353 353 353 353 353 354 354 354 354 354 354 354 354 354 353 352 349 347 348 349 350 352 355 356 359 3 9 15 20 25 29 31 32 30 26 25 24 23 21 21 23 28 36 44 47 43 38 35 34 35 37 38 40 40 38 36 33 30 30 33 38 41 42 41 39 38 38 37 38 42 45 47 50 52 52 52 51
17 15 13 11 6 4 4 2 358 355 356 356 355 355 354 354 354 354 354 354 354 354 355 355 355 355 356 356 356 356 356 356 355 355 354 352 349 349 350 351 354 354 354 356 1 9 16 23 31 33 31 29 27 24 23 22 22 24 26 29 34 40 48 50 44 36 34 33 35 37 39 40 39 37 36 34 31 31 33 38 40 43 44 42 40 40 40 42 45 47 47 49 52 53 53 52
22 19 13 10 6 4 6 5 1 358 357 357 357 356 356 355 355 355 355 355 355 355 356 356 356 357 357 357 357 357 357 357 357 357 356 355 353 351 351 352 354 355 354 354 360 10 17 22 27 24 20 20 22 23 23 24 25 28 31 34 37 41 49 50 42 34 31 32 34 36 37 37 36 35 35 35 33 33 35 38 40 43 46 47 46 46 46 46 48 49 48 50 50 51 52 51
25 21 12 9 6 5 6 7 5 2 359 358 358 358 357 357 356 357 356 356 357 357 357 357 357 358 358 358 358 359 359 359 359 359 358 358 357 355 353 352 354 356 355 354 358 9 15 15 17 16 15 17 20 23 25 27 27 30 34 37 38 42 49 49 39 31 28 29 33 35 34 33 32 34 36 36 35 36 40 41 41 43 45 45 47 50 50 48 48 49 49 49 47 47 50 53
24 21 13 7 7 7 7 8 9 7 2 359 359 359 358 358 358 358 358 358 358 358 358 358 359 359 359 359 360 360 0 0 0 0 0 0 360 358 357 354 353 355 357 357 359 6 10 9 9 12 15 19 21 25 31 30 27 29 33 36 37 41 48 46 35 27 24 24 29 31 30 31 33 36 37 37 36 38 42 41 39 41 42 41 42 46 49 49 48 48 48 48 46 46 55 64
