windninja/windninja_output/Output_2025-08-09_1200-1250_Google earth_Fire_150m_10min/merlingen_7.5mi_point_08-09-2025_1200_150m_ang.asc
ncols	158
nrows	163
xllcorner	391686.332397
yllcorner	5160024.123721
cellsize	150.000000
NODATA_value	-32768.000000
[rows 0 to 54 of 163, columns 0 to 95 of 158]
50 50 50 49 49 51 51 48 48 49 48 43 38 38 44 54 64 67 67 72 70 52 43 45 50 55 55 50 48 49 49 50 52 52 50 55 59 61 62 59 55 54 54 56 57 59 63 62 54 47 44 42 42 43 43 44 45 46 47 46 44 43 43 41 38 37 39 42 45 46 45 44 43 42 42 42 44 47 48 47 45 44 45 48 50 49 45 46 47 45 44 45 43 42 42 45
50 51 51 50 52 53 52 52 53 53 49 42 36 38 45 52 58 60 62 65 61 49 43 46 50 53 52 50 50 51 51 51 52 51 52 54 55 55 56 54 52 52 52 52 53 53 54 54 51 48 46 45 46 46 46 45 45 45 46 46 44 44 43 41 39 39 41 43 46 45 44 43 42 42 42 42 43 46 46 45 44 44 46 48 49 48 45 45 47 46 46 46 45 44 43 44
48 50 50 50 53 53 51 53 55 53 46 37 32 37 44 50 52 51 54 55 52 45 42 46 50 50 49 49 51 52 53 53 52 51 52 52 50 49 49 47 47 48 48 48 48 46 45 45 44 45 46 47 48 48 47 45 44 44 44 44 43 42 41 41 40 41 42 45 46 45 43 42 42 42 42 42 42 44 45 42 40 43 46 46 47 46 41 41 44 45 46 47 45 43 42 42
44 48 49 49 51 50 48 48 47 44 39 31 31 37 45 51 51 50 51 51 50 46 41 42 47 47 45 45 45 46 48 50 51 51 50 49 48 48 48 46 44 43 44 44 44 43 42 42 41 40 40 41 42 44 44 44 44 44 44 43 42 41 41 41 41 41 42 45 47 45 42 42 43 43 44 42 42 44 45 42 37 41 44 43 45 44 37 36 38 38 40 42 40 38 38 37
42 46 48 48 50 48 46 47 46 43 38 31 31 38 47 52 53 53 52 52 51 49 43 38 43 43 41 40 39 40 41 43 46 46 46 46 47 46 45 43 41 40 40 40 41 41 41 41 40 40 40 40 41 43 44 44 44 44 44 44 43 41 41 41 41 41 42 45 47 45 43 44 44 44 44 44 46 47 46 43 39 41 44 42 44 45 38 33 33 32 34 36 35 32 31 30
46 48 49 48 49 48 48 50 49 46 41 35 32 40 50 54 55 55 54 54 54 53 48 39 40 42 41 40 38 38 38 40 41 41 41 42 42 41 41 39 38 38 40 41 41 42 42 41 41 41 41 41 42 44 45 45 44 44 43 43 42 41 40 41 41 41 41 45 46 43 42 44 45 42 41 43 45 46 45 43 43 44 46 43 44 46 42 36 34 31 31 32 30 26 25 26
50 51 52 51 50 49 50 51 49 46 42 38 35 42 53 55 55 54 53 52 53 55 52 43 40 44 44 43 41 39 39 41 41 39 39 38 38 38 38 38 38 40 42 44 45 45 44 43 43 42 41 42 42 43 44 45 45 44 43 41 40 38 37 39 40 40 41 44 45 41 39 41 42 39 37 39 42 43 41 41 43 44 43 44 45 47 46 43 40 35 33 33 32 30 29 30
51 52 53 55 55 54 54 53 51 48 44 39 36 42 52 55 54 53 51 50 51 53 51 46 41 43 45 45 42 41 42 43 43 42 41 41 40 40 41 42 42 44 45 46 47 47 46 45 44 42 42 42 41 42 44 45 44 43 41 39 37 35 35 37 38 39 41 43 43 40 38 40 40 38 37 39 42 43 40 40 45 45 41 41 42 44 44 43 41 38 37 38 40 40 36 35
51 52 54 56 59 59 58 56 52 50 47 42 38 41 51 54 52 52 51 51 52 52 49 45 39 36 40 43 41 43 46 46 45 45 47 47 45 45 46 47 47 48 48 48 48 47 46 46 44 41 42 43 42 43 45 45 42 41 40 38 38 37 36 37 39 40 41 41 40 39 40 43 43 41 40 41 44 44 40 42 47 47 40 36 36 36 37 37 33 29 27 30 34 34 31 34
52 54 55 56 57 58 58 56 54 51 49 45 41 43 51 54 53 52 50 50 50 50 48 44 39 33 34 40 41 43 48 47 45 47 49 49 48 48 49 50 50 50 49 49 50 49 47 48 46 42 44 45 43 44 46 46 44 43 43 43 44 43 41 41 44 44 42 40 39 40 43 46 45 44 43 43 46 44 39 40 43 44 40 35 35 34 33 33 28 24 25 26 27 25 28 36
54 55 56 56 56 56 55 55 53 52 50 48 45 46 52 55 54 53 51 50 49 48 47 43 39 34 31 36 40 43 48 48 47 50 52 51 49 49 49 49 49 49 49 50 51 51 50 50 49 47 49 50 47 48 52 53 53 53 53 52 53 53 51 51 52 50 47 44 41 43 46 46 44 42 43 45 47 45 38 36 38 40 39 37 37 35 33 35 31 27 31 32 29 27 33 40
55 55 56 56 56 56 55 54 53 52 51 50 48 47 53 57 56 54 53 53 52 50 48 45 41 37 34 37 43 46 49 51 51 53 54 53 52 51 50 50 50 50 50 49 50 52 52 53 56 58 62 62 62 64 67 67 65 63 63 64 66 68 68 68 68 64 58 51 45 45 46 45 43 40 39 39 40 39 35 32 35 37 36 34 32 29 32 38 34 27 34 40 37 32 37 42
56 57 57 57 56 56 56 55 54 53 52 51 49 49 54 60 60 57 55 54 54 53 51 48 45 43 41 42 47 50 52 53 53 53 54 55 55 53 52 51 50 51 49 48 50 51 51 55 62 67 71 74 77 79 82 81 76 71 69 71 76 79 82 88 90 85 76 65 52 47 46 45 43 38 33 31 32 33 31 29 32 34 34 34 32 29 32 38 33 25 34 43 41 35 42 48
57 57 57 57 57 56 56 55 55 54 53 52 50 48 54 62 65 63 59 57 55 54 54 53 51 47 44 45 47 49 52 54 55 54 53 54 54 53 53 52 53 54 55 57 59 59 56 54 58 65 69 72 75 79 84 88 86 78 69 67 70 73 75 81 88 91 90 88 77 57 49 46 44 38 31 31 34 36 35 33 33 34 35 37 37 34 37 41 37 32 39 48 48 46 53 57
58 58 58 58 58 57 56 56 55 55 54 53 50 47 51 59 64 64 63 61 59 57 56 55 52 49 45 45 47 48 52 55 55 54 52 52 52 53 55 57 61 63 65 69 70 67 64 57 53 55 59 61 62 65 68 73 75 69 58 56 59 60 59 58 61 67 72 80 91 88 57 48 45 39 35 36 41 43 44 44 42 39 39 43 43 42 45 47 45 44 53 61 62 62 67 69
59 59 59 58 58 58 58 57 56 55 55 53 51 47 48 55 58 58 59 60 59 56 54 52 51 49 46 45 47 47 49 50 49 49 52 55 59 61 62 64 67 66 64 65 63 60 60 60 55 52 51 49 46 47 48 50 52 49 44 48 53 53 51 47 46 50 54 57 63 74 76 59 51 44 41 41 44 47 49 50 47 44 47 51 51 52 54 56 54 54 59 66 67 67 70 73
59 59 59 59 59 58 58 57 57 56 56 54 53 51 51 56 57 55 54 55 55 54 52 51 50 49 46 44 45 45 47 49 49 52 59 64 67 67 65 63 61 57 55 55 53 51 52 52 52 52 49 43 40 41 43 44 46 42 37 42 49 51 49 43 43 48 49 49 50 49 52 70 67 55 45 43 44 46 48 48 46 47 52 56 60 63 64 64 66 62 57 58 58 59 62 65
60 60 60 59 59 59 58 58 57 56 56 55 54 54 56 60 61 57 54 53 54 53 52 52 52 51 48 47 47 48 50 51 52 55 58 60 60 58 55 53 52 52 53 53 52 51 50 47 45 46 47 44 43 43 44 44 44 41 36 39 46 49 46 42 42 46 48 47 47 46 44 45 55 57 50 45 44 46 50 53 54 55 58 60 63 66 67 65 66 65 59 55 53 54 55 57
61 61 60 60 59 59 59 58 58 57 56 56 56 56 57 61 62 61 58 56 55 55 54 54 54 53 51 50 51 53 54 52 51 51 52 53 54 53 52 52 52 52 53 52 51 51 50 46 44 46 47 47 46 45 43 43 43 42 39 40 45 48 45 42 42 44 48 48 47 46 41 35 38 44 46 50 54 60 64 66 67 67 64 60 57 57 56 56 59 61 58 54 54 53 51 50
62 62 61 60 60 59 59 59 58 57 57 56 56 56 57 59 61 61 59 57 56 55 54 53 53 52 51 51 51 52 51 49 49 51 54 56 56 54 51 51 49 48 49 49 48 48 47 45 46 49 50 49 47 44 42 41 41 42 42 43 47 50 48 45 45 47 49 48 44 41 37 32 34 37 37 40 52 64 69 69 67 66 62 55 52 51 51 52 56 58 52 47 52 54 52 49
62 62 62 61 60 60 60 59 59 58 57 57 56 56 56 57 58 58 56 55 54 53 51 51 50 50 50 50 49 48 46 45 47 49 50 51 50 47 44 44 44 45 47 47 47 47 48 47 46 49 50 48 47 44 43 42 42 42 43 44 46 50 50 47 46 47 46 44 42 39 36 35 37 40 37 32 36 44 52 57 58 57 55 52 49 50 51 52 55 57 50 40 46 53 53 51
63 62 62 62 61 61 60 59 59 58 57 57 56 56 55 55 55 55 54 53 52 51 50 50 49 49 49 49 48 47 44 42 43 44 44 43 44 43 41 42 43 44 45 46 48 49 49 47 45 46 47 46 46 45 44 44 44 43 43 44 45 48 49 46 45 45 41 41 41 39 37 38 40 44 40 28 27 34 42 47 50 52 52 50 46 47 48 50 54 54 46 35 39 49 50 49
63 63 62 62 62 61 60 60 59 58 57 56 56 55 55 54 53 53 52 51 50 49 49 48 47 47 47 47 47 45 42 38 40 43 44 45 46 46 44 44 43 43 44 47 49 49 47 45 44 44 46 46 46 45 44 43 44 43 41 43 45 47 49 46 43 40 37 38 40 39 38 39 42 44 38 25 20 29 36 41 44 45 47 48 44 43 42 45 50 50 43 31 35 46 49 48
64 64 63 63 62 61 61 60 59 59 57 56 55 54 54 53 52 52 51 49 49 48 47 46 46 45 46 47 48 47 43 39 41 45 47 49 50 50 48 45 43 43 44 46 48 46 43 43 44 44 46 47 46 45 44 42 43 42 39 41 44 48 50 47 42 37 37 40 42 42 41 41 44 44 37 26 20 27 34 39 42 42 44 46 44 42 41 45 49 50 43 31 36 47 49 48
65 64 64 64 63 62 61 60 60 59 58 56 55 54 53 52 51 51 50 49 48 47 46 45 44 43 44 48 51 50 46 43 45 47 48 49 50 50 49 46 44 42 42 44 45 43 42 44 45 46 47 47 46 45 43 41 41 41 38 40 45 49 50 48 43 41 43 45 46 47 47 45 45 43 36 30 28 31 35 38 40 40 40 41 43 44 43 47 52 52 42 31 37 46 49 48
66 65 65 64 63 62 61 61 60 59 58 56 55 54 53 51 51 50 49 48 47 46 45 43 42 41 41 46 51 51 49 48 47 45 46 46 46 49 50 47 44 42 41 44 45 43 43 45 46 46 46 47 48 47 44 41 39 40 41 43 47 49 48 45 41 39 41 43 45 48 50 49 46 42 35 30 35 39 35 33 36 37 36 37 40 40 38 40 50 51 39 28 34 43 46 47
66 66 65 65 64 63 62 61 60 59 57 56 55 54 53 52 50 49 48 48 46 45 43 41 40 37 37 43 49 49 49 50 51 48 46 43 43 48 49 45 42 41 42 44 44 40 41 43 44 43 43 46 48 47 44 37 36 40 43 43 47 51 50 45 42 40 38 38 41 45 49 49 45 40 31 26 36 43 37 28 32 35 34 35 38 37 33 35 45 48 37 24 30 39 42 44
67 66 66 65 64 63 62 62 61 58 57 56 55 54 52 51 50 48 47 46 45 43 42 39 37 34 33 40 45 45 46 50 52 51 49 45 43 47 49 45 41 41 41 41 39 35 36 40 42 41 39 41 43 43 41 32 30 36 40 40 46 52 52 48 46 43 39 37 40 44 49 48 42 37 28 23 33 42 41 29 30 34 35 37 39 38 34 35 43 45 38 25 26 35 39 40
67 67 66 66 65 64 63 62 60 58 57 56 55 54 52 51 49 48 46 45 44 42 41 38 35 30 30 35 39 39 42 46 47 47 46 41 39 44 46 41 37 37 36 36 35 32 33 37 41 39 34 36 39 41 39 27 22 32 39 43 48 49 47 44 44 43 38 36 41 46 49 45 39 34 28 24 32 44 46 39 32 31 35 41 44 44 41 41 45 45 40 32 27 33 37 38
68 68 67 66 65 64 63 62 60 58 57 56 54 53 51 50 48 47 46 45 44 42 40 37 33 28 27 31 33 33 36 41 43 43 38 29 29 37 41 36 31 31 30 32 31 29 31 33 36 34 29 31 36 38 37 26 20 31 43 50 52 50 47 44 43 43 37 36 45 51 51 46 40 36 29 26 32 44 50 49 40 31 36 45 49 49 47 46 45 44 42 39 35 35 40 40
69 69 68 66 66 65 63 62 60 58 57 55 54 52 51 49 48 46 45 44 43 41 39 36 32 28 27 29 31 32 37 41 42 40 34 23 23 32 37 32 29 29 28 30 29 27 29 31 33 32 30 31 35 39 38 29 27 37 48 55 56 51 49 48 48 45 37 38 50 57 57 50 45 38 29 25 29 38 47 50 45 33 36 45 47 45 44 44 44 44 44 44 44 46 53 53
70 69 68 67 66 65 63 61 60 58 56 55 54 52 51 49 47 46 45 44 42 40 38 36 32 28 27 28 30 35 41 44 42 41 36 22 21 31 35 32 31 31 31 33 33 30 32 35 37 39 38 39 41 44 42 33 33 43 53 60 56 47 45 48 51 47 38 39 52 59 57 50 46 36 26 25 27 34 43 48 45 35 35 43 46 47 47 48 49 49 50 49 50 55 63 64
70 70 68 67 67 65 62 61 59 57 55 54 53 51 50 48 47 46 45 44 42 40 37 35 33 29 26 25 25 29 35 38 40 44 42 25 22 33 37 35 36 36 35 37 37 36 39 42 43 45 47 47 46 47 44 35 34 43 52 59 57 45 38 43 49 49 38 37 49 55 51 43 38 31 24 23 25 30 40 47 45 38 38 43 47 52 55 55 54 54 55 54 54 56 59 57
71 70 69 68 68 65 62 61 59 57 55 54 52 51 49 47 46 45 44 43 41 40 37 34 33 29 25 22 19 22 30 36 39 44 44 28 20 34 37 37 38 37 37 39 41 42 45 46 47 49 49 49 50 50 46 40 38 43 49 54 52 40 30 36 46 48 42 39 47 50 44 37 34 29 24 22 22 26 35 42 42 40 41 43 42 45 50 50 49 50 52 53 55 57 54 46
71 70 69 69 68 65 62 60 59 57 55 53 52 50 49 47 46 45 43 42 41 39 37 34 33 29 26 22 19 23 33 38 40 42 42 32 20 31 36 36 38 39 41 44 47 49 50 50 50 52 52 52 53 52 51 48 47 48 51 53 51 39 25 30 43 47 47 45 47 49 43 38 36 32 27 23 22 25 32 39 40 38 40 43 41 39 44 46 44 44 46 48 51 54 53 45
72 71 70 69 67 64 61 59 58 56 54 53 51 50 48 47 46 45 43 42 41 39 37 35 33 30 27 23 22 28 36 38 39 40 41 34 26 30 37 39 41 44 46 47 49 51 50 49 50 50 50 50 50 50 49 49 50 52 54 57 55 45 28 26 39 45 47 47 47 49 46 44 42 37 32 27 25 32 40 43 41 39 41 45 46 40 40 43 41 40 41 43 48 53 55 49
73 72 71 69 66 63 60 59 57 55 53 52 51 49 48 47 46 44 43 42 41 39 38 36 34 31 27 24 25 31 34 34 37 40 42 38 32 33 40 44 46 47 47 47 48 48 46 46 48 48 48 47 46 45 44 45 46 49 52 56 57 50 34 25 33 42 47 47 47 47 48 51 50 42 34 29 27 34 44 48 45 43 43 47 50 46 37 38 39 37 38 42 47 53 53 44
74 73 72 69 66 62 60 58 56 55 53 51 50 49 47 46 45 44 43 42 41 40 38 37 34 31 27 23 24 29 30 31 36 42 45 41 36 39 44 46 46 46 46 46 46 46 44 44 45 46 47 44 42 43 44 43 42 44 46 50 52 49 39 27 30 42 50 52 49 44 44 48 47 39 32 30 27 27 37 45 43 42 43 44 49 48 35 31 37 37 37 42 47 52 50 41
74 73 71 68 65 62 59 57 56 54 52 50 49 48 47 46 45 44 43 42 41 40 39 37 35 32 27 22 23 29 31 33 38 42 43 40 37 42 46 45 43 43 43 43 43 43 40 38 38 40 42 38 36 40 42 39 35 37 39 42 43 42 38 30 29 41 55 58 51 42 40 39 37 33 30 32 26 17 30 41 39 35 38 42 48 47 36 27 32 36 37 42 51 56 52 45
74 74 71 67 64 61 58 57 55 53 52 50 49 48 47 46 45 44 43 42 41 40 39 38 36 33 29 24 26 33 37 36 38 41 42 38 35 39 42 43 43 43 42 40 39 39 38 36 33 37 39 36 30 31 34 31 26 28 32 34 35 36 38 36 32 40 56 59 50 42 38 37 37 34 30 32 24 9 20 35 35 34 38 44 50 50 40 28 27 33 36 43 55 58 54 47
74 74 70 66 62 59 57 56 55 53 51 50 49 47 47 46 45 44 43 42 41 40 39 38 37 35 32 30 31 36 40 39 38 41 40 36 34 36 38 40 40 40 39 37 36 37 36 33 30 34 39 35 24 23 29 29 24 24 30 34 35 37 41 42 37 39 52 54 46 41 39 41 43 35 29 31 22 7 13 29 33 33 37 43 49 50 42 30 27 31 34 44 54 58 55 50
72 71 68 64 61 59 57 56 54 52 50 50 48 47 47 46 44 44 43 42 42 40 39 39 38 36 35 33 33 36 41 40 38 38 35 33 35 37 37 36 35 34 34 33 33 31 29 28 26 30 36 34 24 22 30 34 31 30 37 42 42 40 41 43 40 40 47 47 41 38 38 41 40 29 26 29 20 7 12 26 33 33 35 40 43 42 36 30 30 32 35 44 52 56 55 48
70 69 66 63 60 59 57 55 54 52 50 49 48 47 47 46 45 44 44 43 42 41 40 40 39 38 37 35 34 36 39 39 37 33 29 28 31 33 31 31 31 32 33 32 29 26 27 30 31 33 39 38 31 28 34 40 40 40 45 49 47 42 41 41 40 40 39 38 36 33 33 35 33 24 23 26 18 10 13 24 32 33 36 39 38 36 33 33 35 35 38 43 49 52 49 40
67 66 64 62 60 58 56 54 53 52 50 49 48 47 47 46 45 44 44 43 43 41 41 40 40 38 38 37 35 37 39 39 36 30 25 23 26 28 27 28 33 36 36 34 31 30 33 37 38 39 42 41 33 31 36 41 42 43 46 50 49 45 43 41 40 38 34 32 31 28 27 29 27 22 22 23 17 13 16 24 30 33 35 38 37 35 35 38 40 40 41 42 48 53 48 39
65 64 63 61 60 58 56 54 53 52 50 49 48 47 47 46 45 45 44 44 42 42 41 40 40 39 38 38 37 37 38 38 34 29 24 21 24 28 30 32 35 38 39 38 35 35 38 40 39 38 38 37 33 32 36 41 43 43 46 47 47 45 44 41 40 38 34 31 28 25 25 28 28 25 25 25 20 17 20 27 31 31 34 38 39 38 38 41 44 45 45 45 52 56 51 43
62 62 61 60 59 57 56 54 53 52 51 50 48 47 47 46 45 45 44 44 43 42 41 41 41 40 39 39 38 37 37 37 34 30 26 24 26 30 33 34 35 38 41 39 35 35 38 39 37 36 37 38 37 36 40 44 44 45 45 44 43 42 40 37 38 38 37 34 28 28 31 33 34 34 33 30 23 19 23 28 28 30 36 43 43 40 40 43 45 48 48 49 56 57 51 45
60 60 59 59 58 57 56 55 53 52 51 49 48 47 47 46 45 45 45 44 43 42 42 41 41 41 40 40 39 38 37 37 35 31 28 27 29 31 32 33 34 39 42 39 35 36 38 38 37 36 38 39 40 42 44 45 46 45 44 40 38 37 35 34 36 37 37 36 32 31 36 38 40 40 37 33 25 20 23 28 31 36 44 48 45 42 42 42 44 47 49 52 55 55 51 46
58 58 58 57 56 58 57 55 53 52 51 49 48 47 47 47 46 45 45 44 44 43 42 42 42 41 41 40 39 39 38 38 36 34 31 30 31 31 31 32 35 39 41 37 35 37 39 39 38 37 38 40 41 43 42 42 43 43 42 36 33 35 37 37 39 41 39 38 34 33 37 39 42 42 39 35 28 24 27 34 41 46 48 47 44 42 42 42 44 46 48 51 52 51 49 46
56 56 56 55 55 58 58 56 54 52 51 50 49 48 48 47 46 46 45 45 44 43 43 43 42 42 41 40 40 39 39 38 37 36 33 31 32 33 32 33 36 39 39 36 35 38 39 39 38 36 38 41 43 45 43 42 42 41 37 32 30 37 42 44 45 45 41 38 36 36 38 40 42 41 39 36 32 30 33 40 45 46 45 43 40 39 39 40 41 43 46 50 51 49 47 46
55 54 53 53 55 58 58 56 54 52 51 50 49 48 48 47 47 46 46 45 44 44 43 43 43 42 41 40 40 40 39 39 38 37 34 32 32 33 32 33 36 39 38 35 36 41 41 39 38 36 36 40 43 42 41 40 41 38 34 30 31 39 45 49 48 44 40 37 37 37 39 40 40 40 38 35 32 31 33 38 42 42 41 39 37 36 36 36 38 40 44 49 50 49 49 48
55 53 51 51 54 56 56 55 54 52 51 50 49 48 48 47 47 46 46 45 44 44 43 43 43 42 41 41 41 40 40 39 38 37 36 33 33 33 33 33 36 38 36 34 38 43 42 40 41 40 39 42 41 38 36 37 38 36 33 33 36 43 50 53 49 42 39 38 38 39 40 41 41 39 37 34 31 30 33 38 40 41 40 38 37 36 34 35 38 41 44 48 50 50 51 50
56 53 49 50 53 54 53 54 53 52 50 50 49 48 48 48 47 46 46 45 45 44 43 43 43 42 42 41 41 41 40 40 39 38 37 36 35 35 35 34 35 37 35 33 38 43 42 40 43 43 41 42 41 38 37 38 38 37 36 37 41 46 53 56 49 41 38 36 37 39 40 41 40 38 36 35 32 31 33 37 40 42 43 41 38 36 36 39 42 44 45 47 50 51 52 49
58 54 48 50 54 53 52 53 53 50 49 49 49 48 48 48 48 46 46 46 45 44 44 44 43 43 42 42 41 41 41 40 39 39 38 38 37 36 35 33 35 38 36 32 36 41 40 37 39 37 33 34 36 37 39 42 41 39 39 41 43 46 54 56 46 38 35 34 36 38 38 38 37 36 36 36 34 33 35 38 39 42 45 45 44 42 42 43 45 46 46 47 48 49 49 46
55 53 47 49 53 52 50 52 53 51 49 49 49 49 48 48 48 47 46 46 46 45 44 44 44 43 43 42 42 41 41 41 40 40 39 39 38 37 36 33 34 38 36 32 34 38 36 31 32 31 29 31 34 37 41 44 40 38 40 42 44 47 55 54 43 34 31 31 35 36 35 34 34 35 37 37 35 36 39 40 40 42 44 44 45 47 46 45 45 46 47 47 45 44 45 40
50 50 47 47 51 50 48 51 53 52 51 50 50 49 49 48 47 47 47 46 46 45 45 44 44 43 43 42 42 42 41 41 41 40 40 39 39 38 37 35 35 38 38 35 34 35 32 28 28 29 29 34 36 39 45 44 37 36 38 41 43 47 53 50 39 30 26 27 31 32 31 32 35 37 38 37 36 37 41 39 38 40 41 40 40 43 45 46 45 45 46 45 42 40 46 46
