windninja/windninja_output/Output_2025-08-09_1200-1250_Google earth_Fire_150m_10min/merlingen_7.5mi_point_08-09-2025_1210_150m_vel.asc
ncols	158
nrows	163
xllcorner	391686.332397
yllcorner	5160024.123721
cellsize	150.000000
NODATA_value	-32768.000000
[rows 76 to 113 of 163, columns 0 to 83 of 158]
1.42 1.22 0.87 0.62 0.46 0.39 0.35 0.34 0.37 0.42 0.46 0.51 0.55 0.59 0.62 0.65 0.68 0.71 0.74 0.76 0.78 0.79 0.82 0.84 0.85 0.82 0.80 0.82 0.91 1.05 1.14 1.14 1.11 1.08 1.00 0.90 0.85 0.83 0.83 0.83 0.84 0.87 0.89 0.90 0.90 0.90 0.90 0.90 0.90 0.90 0.90 0.90 0.90 0.90 0.90 0.89 0.89 0.89 0.88 0.87 0.87 0.86 0.85 0.83 0.82 0.80 0.77 0.75 0.73 0.70 0.67 0.62 0.56 0.48 0.42 0.42 0.48 0.58 0.71 0.81 0.91 1.05 1.23 1.26
1.66 1.42 1.05 0.77 0.54 0.38 0.28 0.24 0.27 0.34 0.41 0.48 0.54 0.57 0.59 0.62 0.65 0.68 0.71 0.74 0.77 0.79 0.81 0.84 0.86 0.84 0.80 0.78 0.79 0.88 1.03 1.11 1.10 1.10 1.08 0.98 0.91 0.87 0.83 0.82 0.84 0.86 0.89 0.90 0.90 0.91 0.91 0.90 0.90 0.90 0.90 0.90 0.90 0.91 0.91 0.91 0.91 0.90 0.90 0.89 0.89 0.88 0.87 0.86 0.85 0.83 0.81 0.79 0.77 0.75 0.71 0.68 0.63 0.57 0.48 0.42 0.41 0.46 0.56 0.71 0.87 0.97 1.12 1.20
1.96 1.59 1.18 1.01 0.72 0.43 0.23 0.13 0.18 0.29 0.39 0.47 0.53 0.57 0.59 0.61 0.63 0.66 0.69 0.72 0.75 0.77 0.79 0.81 0.85 0.89 0.88 0.82 0.78 0.80 0.92 1.09 1.17 1.18 1.18 1.12 1.02 0.95 0.88 0.81 0.80 0.84 0.87 0.89 0.90 0.90 0.90 0.90 0.90 0.90 0.90 0.90 0.90 0.91 0.91 0.92 0.92 0.92 0.92 0.91 0.91 0.90 0.89 0.88 0.87 0.86 0.84 0.83 0.81 0.78 0.75 0.72 0.69 0.64 0.56 0.48 0.42 0.40 0.44 0.60 0.83 0.93 1.06 1.23
2.20 1.77 1.29 1.32 0.96 0.47 0.15 0.13 0.23 0.33 0.41 0.49 0.55 0.58 0.61 0.63 0.64 0.65 0.67 0.70 0.73 0.75 0.76 0.77 0.80 0.88 0.94 0.94 0.88 0.84 0.89 1.03 1.15 1.20 1.20 1.17 1.12 1.06 0.98 0.87 0.78 0.79 0.83 0.86 0.87 0.88 0.88 0.88 0.87 0.87 0.88 0.89 0.90 0.91 0.92 0.92 0.93 0.93 0.93 0.93 0.92 0.92 0.91 0.91 0.90 0.89 0.87 0.85 0.83 0.81 0.79 0.76 0.73 0.69 0.63 0.56 0.48 0.41 0.40 0.51 0.75 0.91 1.06 1.27
2.18 1.87 1.52 1.41 1.28 1.03 0.65 0.55 0.52 0.49 0.49 0.53 0.58 0.60 0.62 0.63 0.64 0.64 0.64 0.67 0.70 0.73 0.75 0.76 0.77 0.82 0.91 0.96 0.95 0.90 0.89 0.96 1.09 1.22 1.28 1.23 1.16 1.14 1.12 1.03 0.87 0.79 0.80 0.81 0.82 0.84 0.85 0.85 0.83 0.82 0.83 0.85 0.88 0.90 0.91 0.93 0.93 0.94 0.94 0.94 0.94 0.94 0.93 0.92 0.92 0.91 0.89 0.88 0.86 0.84 0.82 0.79 0.77 0.74 0.69 0.63 0.55 0.46 0.42 0.48 0.68 0.89 1.04 1.20
2.00 1.65 1.23 1.19 1.28 1.34 1.31 1.14 0.93 0.77 0.67 0.63 0.63 0.63 0.62 0.62 0.62 0.63 0.63 0.64 0.67 0.71 0.74 0.75 0.75 0.77 0.83 0.89 0.94 0.94 0.91 0.93 1.01 1.14 1.28 1.34 1.26 1.19 1.19 1.18 1.07 0.94 0.88 0.83 0.79 0.77 0.76 0.77 0.76 0.72 0.70 0.76 0.83 0.88 0.91 0.93 0.94 0.94 0.95 0.95 0.95 0.95 0.95 0.94 0.94 0.93 0.92 0.90 0.88 0.87 0.84 0.82 0.80 0.77 0.73 0.68 0.61 0.54 0.50 0.52 0.64 0.84 0.99 1.07
1.95 1.47 1.01 1.10 1.18 1.30 1.36 1.30 1.14 0.96 0.81 0.71 0.67 0.65 0.64 0.62 0.61 0.61 0.60 0.60 0.63 0.67 0.71 0.73 0.73 0.76 0.80 0.85 0.91 0.93 0.90 0.87 0.86 0.90 1.03 1.21 1.29 1.24 1.20 1.21 1.20 1.14 1.09 1.05 0.99 0.94 0.90 0.91 0.93 0.86 0.76 0.72 0.76 0.83 0.89 0.93 0.94 0.95 0.95 0.96 0.96 0.96 0.96 0.95 0.95 0.94 0.93 0.92 0.91 0.89 0.87 0.84 0.82 0.80 0.76 0.72 0.66 0.60 0.55 0.54 0.60 0.72 0.92 1.04
1.73 1.49 1.38 1.38 1.32 1.25 1.20 1.16 1.08 0.93 0.79 0.70 0.66 0.64 0.62 0.60 0.59 0.58 0.56 0.56 0.57 0.61 0.66 0.68 0.71 0.77 0.83 0.86 0.89 0.92 0.90 0.87 0.85 0.83 0.86 0.95 1.07 1.15 1.16 1.16 1.17 1.18 1.20 1.23 1.26 1.27 1.26 1.25 1.27 1.26 1.17 1.00 0.87 0.85 0.89 0.93 0.95 0.95 0.96 0.96 0.96 0.96 0.96 0.96 0.96 0.96 0.95 0.94 0.93 0.91 0.89 0.87 0.85 0.82 0.79 0.75 0.70 0.64 0.59 0.54 0.54 0.60 0.81 1.03
1.49 1.47 1.41 1.37 1.36 1.25 1.09 0.96 0.90 0.82 0.73 0.67 0.65 0.65 0.63 0.59 0.58 0.57 0.55 0.53 0.53 0.55 0.60 0.64 0.66 0.72 0.80 0.86 0.88 0.91 0.94 0.94 0.93 0.93 0.91 0.89 0.92 0.97 1.02 1.05 1.07 1.08 1.10 1.12 1.14 1.16 1.16 1.14 1.15 1.20 1.25 1.22 1.11 0.98 0.93 0.93 0.95 0.95 0.96 0.96 0.96 0.97 0.97 0.97 0.97 0.97 0.96 0.95 0.94 0.93 0.91 0.89 0.86 0.84 0.82 0.78 0.73 0.68 0.62 0.57 0.55 0.58 0.70 0.90
1.16 1.19 1.19 1.18 1.23 1.18 1.00 0.88 0.83 0.76 0.70 0.67 0.65 0.66 0.68 0.65 0.61 0.59 0.56 0.51 0.48 0.47 0.50 0.56 0.61 0.63 0.69 0.78 0.82 0.86 0.91 0.95 0.97 1.02 1.06 1.04 1.01 0.98 0.94 0.93 0.95 0.99 1.01 1.01 1.00 0.99 0.98 0.95 0.92 0.92 0.97 1.05 1.08 1.02 0.95 0.94 0.94 0.95 0.95 0.96 0.96 0.97 0.97 0.97 0.98 0.98 0.97 0.97 0.96 0.94 0.93 0.91 0.89 0.86 0.84 0.81 0.76 0.71 0.66 0.61 0.59 0.62 0.67 0.80
1.15 1.17 1.13 1.09 1.14 1.13 0.98 0.89 0.85 0.77 0.71 0.68 0.66 0.66 0.69 0.69 0.65 0.62 0.56 0.50 0.44 0.40 0.39 0.41 0.50 0.61 0.68 0.75 0.81 0.82 0.85 0.90 0.94 1.01 1.14 1.23 1.25 1.22 1.13 0.99 0.89 0.89 0.95 1.01 1.02 1.02 1.00 0.98 0.92 0.85 0.82 0.87 0.94 0.97 0.95 0.92 0.92 0.93 0.93 0.94 0.95 0.96 0.97 0.98 0.98 0.98 0.98 0.98 0.97 0.96 0.94 0.92 0.90 0.88 0.86 0.82 0.78 0.73 0.67 0.60 0.56 0.59 0.66 0.79
1.46 1.30 1.12 1.06 1.07 1.13 1.07 0.99 0.97 0.89 0.76 0.69 0.67 0.66 0.69 0.71 0.70 0.69 0.63 0.55 0.48 0.43 0.40 0.44 0.57 0.70 0.79 0.84 0.87 0.87 0.85 0.86 0.87 0.88 0.96 1.12 1.27 1.38 1.41 1.31 1.11 0.94 0.91 0.98 1.05 1.07 1.06 1.04 1.00 0.90 0.81 0.79 0.83 0.88 0.89 0.88 0.88 0.88 0.89 0.91 0.92 0.94 0.96 0.97 0.98 0.99 0.99 0.99 0.98 0.97 0.96 0.94 0.92 0.90 0.87 0.84 0.80 0.74 0.67 0.58 0.50 0.48 0.51 0.59
1.83 1.47 1.13 1.10 1.10 1.20 1.26 1.21 1.13 1.03 0.84 0.72 0.70 0.71 0.76 0.79 0.78 0.77 0.74 0.67 0.60 0.59 0.69 0.83 0.88 0.86 0.86 0.88 0.90 0.92 0.90 0.88 0.86 0.81 0.78 0.82 0.96 1.15 1.34 1.42 1.36 1.18 1.01 0.98 1.05 1.13 1.16 1.13 1.08 1.03 0.93 0.84 0.81 0.85 0.89 0.89 0.87 0.84 0.82 0.83 0.87 0.91 0.95 0.97 0.98 0.99 1.00 0.99 0.99 0.98 0.97 0.95 0.93 0.91 0.88 0.85 0.81 0.76 0.69 0.60 0.47 0.36 0.30 0.29
1.93 1.63 1.29 1.21 1.16 1.17 1.27 1.32 1.27 1.19 1.03 0.84 0.79 0.79 0.80 0.82 0.85 0.86 0.84 0.79 0.77 0.89 1.07 1.11 1.02 0.93 0.89 0.89 0.91 0.93 0.94 0.93 0.91 0.89 0.83 0.77 0.75 0.83 1.03 1.21 1.28 1.24 1.12 1.02 1.02 1.10 1.20 1.23 1.17 1.10 1.05 0.98 0.93 0.93 0.97 1.01 1.00 0.93 0.81 0.73 0.77 0.86 0.93 0.96 0.98 0.99 1.00 1.00 1.00 0.99 0.98 0.96 0.95 0.92 0.90 0.87 0.83 0.78 0.71 0.62 0.49 0.33 0.19 0.16
1.78 1.62 1.41 1.26 1.12 1.05 1.11 1.26 1.37 1.41 1.30 1.04 0.90 0.86 0.83 0.83 0.89 0.97 0.96 0.89 0.97 1.18 1.25 1.18 1.05 0.96 0.93 0.92 0.92 0.93 0.94 0.94 0.93 0.93 0.93 0.89 0.80 0.77 0.87 1.09 1.20 1.17 1.10 1.01 0.97 1.00 1.11 1.23 1.24 1.15 1.07 1.03 1.00 0.99 1.03 1.09 1.13 1.11 0.99 0.80 0.73 0.82 0.91 0.96 0.98 1.00 1.00 1.00 1.00 1.00 0.99 0.97 0.96 0.94 0.91 0.89 0.85 0.81 0.75 0.66 0.55 0.40 0.25 0.22
1.64 1.58 1.56 1.53 1.41 1.21 1.15 1.30 1.51 1.63 1.56 1.33 1.15 1.08 1.06 1.06 1.08 1.12 1.13 1.05 1.15 1.29 1.25 1.19 1.08 1.00 0.95 0.93 0.92 0.92 0.93 0.93 0.92 0.91 0.92 0.94 0.91 0.85 0.84 0.99 1.20 1.25 1.15 1.03 0.95 0.94 1.00 1.12 1.21 1.18 1.07 0.98 0.95 0.94 0.99 1.12 1.24 1.29 1.30 1.14 0.90 0.85 0.91 0.96 0.98 1.00 1.00 1.01 1.01 1.00 0.99 0.98 0.97 0.95 0.93 0.90 0.87 0.83 0.78 0.71 0.62 0.50 0.37 0.32
1.49 1.56 1.75 1.94 2.01 1.93 1.90 2.07 2.25 2.33 2.07 1.67 1.43 1.31 1.22 1.19 1.24 1.37 1.56 1.68 1.51 1.27 1.11 1.10 1.02 0.97 0.94 0.92 0.91 0.91 0.91 0.91 0.90 0.89 0.89 0.92 0.94 0.92 0.87 0.87 1.05 1.27 1.28 1.13 0.98 0.91 0.93 1.01 1.10 1.13 1.03 0.91 0.85 0.82 0.85 1.01 1.21 1.30 1.38 1.35 1.14 0.96 0.93 0.96 0.98 1.00 1.00 1.01 1.01 1.00 1.00 0.99 0.98 0.96 0.94 0.92 0.89 0.86 0.81 0.76 0.69 0.59 0.48 0.40
1.26 1.40 1.67 1.92 2.15 2.29 2.43 2.61 2.76 2.87 2.86 2.61 2.39 2.33 2.26 2.13 2.04 2.11 2.10 2.01 1.86 1.28 1.08 1.04 0.99 0.95 0.93 0.93 0.92 0.90 0.89 0.88 0.86 0.84 0.85 0.89 0.92 0.93 0.91 0.86 0.91 1.14 1.36 1.31 1.11 0.96 0.91 0.96 1.07 1.12 1.06 0.88 0.77 0.77 0.73 0.73 0.88 1.02 1.14 1.23 1.17 1.03 0.96 0.97 0.98 0.99 1.00 1.01 1.01 1.01 1.00 1.00 0.99 0.97 0.96 0.94 0.91 0.89 0.85 0.81 0.75 0.69 0.61 0.52
1.10 1.24 1.46 1.61 1.76 1.85 1.96 2.04 2.08 2.37 2.80 3.00 3.03 3.03 3.02 2.86 2.68 2.50 2.20 2.00 1.84 1.55 1.30 1.11 0.99 0.94 0.92 0.93 0.93 0.93 0.90 0.88 0.84 0.79 0.80 0.85 0.89 0.90 0.90 0.89 0.87 1.00 1.31 1.50 1.38 1.21 1.07 1.03 1.10 1.18 1.21 1.06 0.82 0.79 0.75 0.65 0.68 0.81 0.94 1.05 1.07 1.00 0.97 0.97 0.97 0.98 0.99 1.00 1.01 1.00 1.00 1.00 0.99 0.98 0.97 0.95 0.94 0.91 0.88 0.85 0.81 0.77 0.72 0.67
1.01 1.11 1.30 1.38 1.43 1.43 1.37 1.28 1.22 1.41 1.73 2.02 2.03 1.75 1.73 1.79 2.05 2.02 2.06 1.91 1.73 1.64 1.38 1.11 0.93 0.88 0.88 0.90 0.93 0.97 0.99 0.99 0.94 0.85 0.79 0.81 0.85 0.87 0.88 0.87 0.84 0.87 1.09 1.44 1.61 1.58 1.46 1.34 1.31 1.33 1.40 1.35 1.08 0.91 0.85 0.77 0.74 0.79 0.85 0.94 1.00 0.96 0.94 0.95 0.96 0.97 0.98 0.99 1.00 1.00 1.00 1.00 1.00 0.99 0.98 0.97 0.95 0.93 0.91 0.89 0.86 0.84 0.81 0.79
1.04 1.01 1.17 1.30 1.38 1.37 1.23 1.01 0.77 0.63 0.71 0.99 1.06 1.04 1.05 1.24 1.45 1.77 2.03 1.71 1.49 1.55 1.37 1.05 0.80 0.75 0.79 0.86 0.90 0.96 1.05 1.09 1.05 0.93 0.81 0.77 0.80 0.82 0.83 0.83 0.79 0.75 0.85 1.12 1.42 1.60 1.68 1.65 1.59 1.54 1.52 1.49 1.29 1.06 0.96 0.89 0.81 0.80 0.81 0.85 0.91 0.91 0.91 0.93 0.94 0.95 0.96 0.98 0.99 1.00 1.00 1.00 1.00 0.99 0.99 0.98 0.97 0.95 0.94 0.92 0.91 0.89 0.87 0.87
1.28 1.05 1.02 1.12 1.21 1.29 1.25 1.06 0.76 0.54 0.54 0.59 0.67 0.88 0.99 1.19 1.39 1.74 2.03 1.78 1.54 1.55 1.48 1.07 0.70 0.65 0.73 0.82 0.86 0.86 0.89 0.96 1.00 0.95 0.83 0.76 0.74 0.75 0.76 0.78 0.77 0.71 0.71 0.85 1.05 1.22 1.39 1.48 1.47 1.44 1.43 1.45 1.36 1.17 1.07 1.01 0.90 0.82 0.80 0.80 0.81 0.83 0.85 0.87 0.90 0.92 0.93 0.95 0.98 0.99 0.99 0.99 1.00 1.00 0.99 0.99 0.98 0.97 0.96 0.95 0.94 0.93 0.92 0.92
1.42 0.98 0.65 0.66 0.81 1.01 1.10 1.06 0.92 0.73 0.60 0.52 0.53 0.69 0.93 1.16 1.39 1.63 1.60 1.69 1.70 1.65 1.60 1.18 0.83 0.80 0.81 0.80 0.81 0.81 0.81 0.84 0.90 0.92 0.85 0.78 0.73 0.69 0.66 0.68 0.71 0.69 0.67 0.74 0.86 0.93 1.02 1.17 1.27 1.31 1.32 1.37 1.37 1.25 1.14 1.10 1.05 0.94 0.86 0.84 0.81 0.79 0.79 0.80 0.82 0.85 0.89 0.92 0.95 0.97 0.98 0.98 0.99 1.00 0.99 0.99 0.99 0.98 0.98 0.97 0.96 0.96 0.96 0.96
1.39 0.77 0.23 0.36 0.52 0.63 0.70 0.82 0.86 0.78 0.72 0.64 0.58 0.67 0.93 1.24 1.45 1.41 1.28 1.36 1.59 1.72 1.69 1.51 1.23 1.03 0.91 0.82 0.80 0.82 0.83 0.82 0.82 0.83 0.82 0.80 0.78 0.73 0.64 0.59 0.61 0.64 0.64 0.69 0.83 0.95 1.02 1.14 1.26 1.33 1.34 1.34 1.37 1.35 1.25 1.18 1.16 1.09 0.97 0.90 0.90 0.88 0.84 0.79 0.76 0.77 0.81 0.86 0.91 0.95 0.96 0.97 0.98 0.99 0.99 0.99 0.99 0.99 0.99 0.98 0.98 0.98 0.98 0.99
1.08 0.61 0.24 0.37 0.49 0.57 0.62 0.72 0.78 0.77 0.77 0.73 0.67 0.74 0.92 1.20 1.43 1.32 1.11 1.15 1.37 1.53 1.60 1.48 1.24 1.09 0.97 0.87 0.82 0.83 0.84 0.82 0.78 0.74 0.71 0.72 0.75 0.76 0.70 0.57 0.53 0.56 0.58 0.63 0.77 0.95 1.06 1.14 1.25 1.34 1.39 1.37 1.36 1.41 1.39 1.32 1.26 1.23 1.12 0.98 0.96 1.00 1.00 0.94 0.84 0.76 0.75 0.78 0.84 0.91 0.94 0.96 0.97 0.98 0.98 0.99 0.99 0.99 0.99 0.99 0.99 0.99 1.00 1.01
0.79 0.53 0.37 0.46 0.54 0.61 0.66 0.70 0.74 0.76 0.78 0.76 0.73 0.80 0.95 1.15 1.39 1.33 1.12 1.22 1.31 1.37 1.44 1.38 1.21 1.08 0.99 0.90 0.84 0.84 0.87 0.85 0.79 0.72 0.63 0.58 0.61 0.67 0.69 0.60 0.50 0.49 0.52 0.54 0.64 0.84 1.01 1.10 1.18 1.29 1.38 1.41 1.38 1.38 1.41 1.39 1.36 1.36 1.30 1.13 1.00 1.00 1.07 1.09 1.01 0.88 0.80 0.77 0.79 0.86 0.90 0.92 0.93 0.95 0.97 0.97 0.98 0.98 0.98 0.99 0.99 1.00 1.00 1.01
0.70 0.57 0.50 0.56 0.61 0.66 0.71 0.72 0.73 0.76 0.78 0.77 0.73 0.79 1.02 1.28 1.47 1.48 1.40 1.42 1.46 1.36 1.37 1.38 1.26 1.14 1.04 0.93 0.85 0.86 0.90 0.90 0.85 0.76 0.64 0.53 0.49 0.53 0.59 0.57 0.47 0.43 0.45 0.46 0.54 0.74 0.98 1.13 1.21 1.28 1.35 1.41 1.42 1.42 1.43 1.40 1.39 1.42 1.43 1.34 1.17 1.08 1.10 1.15 1.14 1.02 0.91 0.84 0.80 0.83 0.88 0.87 0.87 0.90 0.93 0.95 0.96 0.96 0.97 0.98 0.98 0.99 1.00 1.01
0.80 0.73 0.67 0.67 0.69 0.73 0.75 0.76 0.75 0.76 0.77 0.75 0.69 0.67 0.80 1.04 1.30 1.37 1.34 1.47 1.59 1.48 1.42 1.40 1.31 1.23 1.16 1.02 0.89 0.89 0.91 0.92 0.91 0.83 0.71 0.57 0.46 0.43 0.47 0.48 0.40 0.34 0.36 0.38 0.43 0.56 0.81 1.04 1.18 1.27 1.32 1.38 1.40 1.43 1.49 1.49 1.45 1.44 1.46 1.45 1.37 1.26 1.21 1.23 1.24 1.16 1.03 0.94 0.90 0.91 0.95 0.90 0.81 0.82 0.87 0.91 0.92 0.93 0.94 0.95 0.96 0.97 0.98 1.00
0.96 0.90 0.83 0.80 0.78 0.79 0.79 0.79 0.78 0.77 0.75 0.72 0.63 0.56 0.56 0.68 0.96 1.09 1.10 1.33 1.52 1.54 1.53 1.48 1.39 1.34 1.33 1.21 1.03 0.97 0.94 0.93 0.94 0.90 0.79 0.66 0.51 0.41 0.39 0.39 0.34 0.28 0.27 0.30 0.33 0.41 0.57 0.81 1.04 1.21 1.32 1.37 1.39 1.38 1.41 1.48 1.51 1.50 1.48 1.45 1.41 1.34 1.28 1.28 1.31 1.29 1.18 1.07 1.03 1.06 1.12 1.08 0.90 0.79 0.80 0.83 0.84 0.85 0.87 0.90 0.92 0.94 0.95 0.98
1.10 1.03 0.94 0.92 0.88 0.86 0.84 0.82 0.82 0.82 0.79 0.72 0.63 0.56 0.55 0.63 0.81 0.95 1.04 1.19 1.31 1.41 1.51 1.52 1.47 1.46 1.48 1.42 1.26 1.16 1.04 0.97 0.93 0.92 0.88 0.77 0.61 0.43 0.34 0.32 0.30 0.25 0.23 0.24 0.26 0.33 0.45 0.65 0.88 1.12 1.31 1.40 1.46 1.46 1.40 1.38 1.45 1.51 1.54 1.51 1.44 1.37 1.32 1.29 1.30 1.33 1.27 1.17 1.13 1.16 1.23 1.29 1.21 0.97 0.86 0.86 0.83 0.79 0.80 0.83 0.84 0.86 0.90 0.94
1.24 1.15 1.05 1.04 1.03 0.99 0.93 0.87 0.86 0.89 0.86 0.80 0.72 0.65 0.62 0.65 0.76 0.90 0.98 1.07 1.20 1.31 1.36 1.44 1.54 1.55 1.59 1.60 1.53 1.39 1.23 1.08 0.95 0.93 0.97 0.90 0.69 0.47 0.35 0.29 0.26 0.24 0.22 0.22 0.23 0.28 0.37 0.52 0.70 0.92 1.18 1.35 1.47 1.57 1.57 1.46 1.40 1.44 1.52 1.56 1.51 1.43 1.40 1.37 1.33 1.34 1.31 1.20 1.16 1.24 1.30 1.35 1.41 1.33 1.17 1.08 0.97 0.84 0.82 0.84 0.79 0.75 0.80 0.87
1.35 1.28 1.18 1.15 1.15 1.12 1.06 0.98 0.98 1.06 1.08 1.03 0.96 0.89 0.81 0.74 0.77 0.87 0.91 0.98 1.14 1.31 1.23 1.23 1.48 1.64 1.66 1.71 1.80 1.66 1.40 1.20 0.99 0.98 1.09 1.01 0.76 0.52 0.40 0.31 0.23 0.22 0.23 0.23 0.24 0.28 0.34 0.45 0.60 0.76 0.96 1.16 1.31 1.47 1.61 1.63 1.54 1.47 1.49 1.56 1.58 1.50 1.43 1.43 1.42 1.39 1.38 1.27 1.16 1.23 1.37 1.39 1.41 1.45 1.39 1.29 1.16 1.00 0.94 0.98 0.90 0.72 0.68 0.77
1.39 1.35 1.29 1.27 1.25 1.27 1.30 1.25 1.23 1.25 1.27 1.19 1.07 1.03 1.00 0.90 0.85 0.88 0.92 0.96 1.10 1.28 1.20 1.05 1.24 1.56 1.67 1.70 1.94 1.95 1.57 1.34 1.08 1.09 1.25 1.10 0.81 0.60 0.49 0.38 0.25 0.22 0.23 0.26 0.28 0.30 0.35 0.42 0.54 0.70 0.87 1.04 1.15 1.28 1.46 1.62 1.67 1.60 1.55 1.58 1.65 1.63 1.49 1.43 1.45 1.42 1.40 1.37 1.22 1.19 1.37 1.50 1.46 1.43 1.47 1.45 1.36 1.19 1.04 1.07 1.07 0.86 0.67 0.66
1.41 1.36 1.33 1.35 1.36 1.38 1.39 1.37 1.29 1.22 1.26 1.25 1.13 1.10 1.11 1.04 0.93 0.91 1.02 1.14 1.20 1.24 1.15 0.97 0.99 1.32 1.58 1.64 1.88 2.02 1.73 1.52 1.29 1.25 1.40 1.21 0.87 0.69 0.59 0.51 0.36 0.26 0.22 0.23 0.28 0.32 0.36 0.41 0.48 0.62 0.82 1.02 1.17 1.23 1.31 1.46 1.62 1.69 1.63 1.60 1.70 1.79 1.69 1.52 1.49 1.44 1.36 1.36 1.31 1.21 1.28 1.51 1.58 1.49 1.49 1.52 1.50 1.38 1.18 1.10 1.14 1.07 0.82 0.65
1.44 1.39 1.35 1.33 1.27 1.22 1.19 1.20 1.21 1.19 1.24 1.26 1.17 1.15 1.19 1.13 0.96 0.89 1.10 1.36 1.45 1.32 1.06 0.92 0.87 1.03 1.35 1.60 1.96 2.13 1.84 1.63 1.50 1.48 1.57 1.32 0.95 0.78 0.67 0.61 0.55 0.45 0.31 0.22 0.25 0.31 0.37 0.41 0.46 0.55 0.70 0.92 1.13 1.27 1.32 1.37 1.50 1.66 1.66 1.57 1.61 1.79 1.85 1.70 1.61 1.57 1.40 1.29 1.29 1.25 1.27 1.47 1.65 1.61 1.56 1.54 1.53 1.50 1.37 1.23 1.17 1.15 1.01 0.77
1.41 1.39 1.34 1.28 1.22 1.17 1.15 1.16 1.19 1.19 1.25 1.28 1.17 1.13 1.23 1.22 0.98 0.86 1.08 1.43 1.71 1.61 1.08 0.85 0.86 0.90 1.06 1.37 1.86 2.29 2.16 1.72 1.55 1.66 1.75 1.47 1.10 0.89 0.77 0.73 0.72 0.71 0.59 0.35 0.28 0.31 0.35 0.40 0.45 0.51 0.61 0.77 0.98 1.20 1.32 1.36 1.44 1.60 1.67 1.57 1.51 1.66 1.83 1.85 1.79 1.78 1.66 1.41 1.25 1.22 1.25 1.40 1.61 1.66 1.64 1.63 1.58 1.56 1.52 1.39 1.26 1.20 1.10 0.91
1.40 1.36 1.31 1.30 1.26 1.21 1.22 1.23 1.24 1.23 1.29 1.41 1.29 1.15 1.24 1.27 1.01 0.84 1.03 1.47 1.91 2.03 1.46 0.90 0.88 0.91 0.85 0.91 1.28 2.00 2.38 2.09 1.67 1.67 1.74 1.59 1.32 1.06 0.88 0.81 0.77 0.77 0.73 0.58 0.40 0.35 0.35 0.38 0.44 0.48 0.56 0.70 0.88 1.10 1.27 1.33 1.39 1.56 1.71 1.67 1.56 1.60 1.75 1.83 1.85 1.90 1.91 1.75 1.45 1.23 1.19 1.30 1.50 1.63 1.68 1.71 1.66 1.62 1.65 1.61 1.45 1.30 1.16 1.02
1.52 1.43 1.32 1.31 1.29 1.22 1.19 1.23 1.29 1.31 1.35 1.49 1.44 1.27 1.32 1.34 1.03 0.85 1.08 1.49 1.95 2.31 2.06 1.22 0.96 1.02 0.91 0.82 0.86 1.29 2.04 2.34 2.05 1.75 1.68 1.52 1.36 1.19 0.97 0.86 0.80 0.78 0.77 0.69 0.52 0.45 0.42 0.43 0.47 0.50 0.53 0.63 0.81 1.04 1.23 1.31 1.34 1.49 1.70 1.76 1.67 1.64 1.75 1.81 1.78 1.87 1.99 1.99 1.85 1.57 1.40 1.40 1.49 1.61 1.74 1.79 1.73 1.65 1.67 1.76 1.74 1.51 1.24 1.10
