windninja/windninja_output/Output_2025-08-09_1200-1250_Google earth_Fire_150m_10min/merlingen_7.5mi_point_08-09-2025_1240_150m_ang.asc
ncols	158
nrows	163
xllcorner	391686.332397
yllcorner	5160024.123721
cellsize	150.000000
NODATA_value	-32768.000000
[rows 55 to 109 of 163, columns 0 to 95 of 158]
22 21 17 11 9 10 9 10 12 11 6 1 359 359 359 359 359 359 359 359 360 359 359 359 360 0 1 1 1 1 2 2 2 2 2 2 2 1 0 358 355 356 0 2 0 1 3 3 4 9 15 20 22 27 33 31 26 28 32 34 35 39 44 43 34 25 22 22 27 30 31 33 36 37 37 36 35 38 40 38 36 39 40 40 40 42 42 43 46 48 51 51 49 49 61 67
22 21 20 18 14 13 11 9 11 13 10 5 1 359 359 360 360 360 360 0 1 1 1 1 1 1 2 2 2 3 3 3 4 4 4 4 4 4 3 2 1 0 2 3 1 358 356 357 0 5 12 20 24 29 35 31 26 28 31 33 34 38 42 42 35 27 23 24 29 34 35 36 36 35 35 34 35 37 38 36 35 38 40 40 40 41 40 40 42 47 54 57 55 53 60 60
24 23 21 20 18 15 13 9 9 10 10 9 6 3 360 360 1 1 1 1 1 2 2 2 2 3 3 3 4 4 5 5 5 6 6 6 6 6 6 6 5 5 4 4 3 359 354 353 356 1 8 20 26 31 36 30 24 27 29 31 34 39 43 44 38 28 24 25 30 34 34 34 34 33 33 32 33 35 34 33 34 37 40 41 43 45 44 43 42 45 51 54 51 53 61 58
25 24 22 21 20 18 16 11 7 7 9 11 12 9 3 0 1 2 2 2 2 3 3 4 4 4 4 5 5 6 6 6 7 7 8 8 8 8 8 8 8 8 7 7 5 3 359 354 351 354 3 19 27 33 36 29 23 26 30 32 35 39 43 44 39 31 24 23 26 30 31 32 33 33 32 30 32 33 32 31 32 36 39 42 45 47 47 47 46 46 50 53 51 56 63 55
26 26 24 23 22 20 19 15 10 8 9 11 14 13 9 4 1 1 2 3 4 4 4 4 5 5 6 6 7 7 7 8 8 9 9 10 10 10 10 10 11 10 10 10 9 8 5 1 354 349 355 12 26 32 35 30 26 29 33 34 36 40 43 44 40 33 25 20 24 30 32 32 33 32 30 30 32 32 32 32 33 37 39 40 42 45 46 47 48 51 57 59 57 60 60 52
28 28 27 26 24 23 21 18 15 12 10 9 11 13 13 10 6 2 2 3 4 5 5 6 6 7 7 8 8 8 9 9 10 10 11 11 12 12 12 12 13 13 13 12 12 11 10 7 2 353 350 3 23 32 34 31 30 33 35 37 38 41 44 45 41 35 27 20 25 32 33 32 32 32 30 30 32 33 33 34 36 38 41 41 42 44 45 48 52 59 61 60 58 56 54 50
30 30 29 27 26 24 22 20 17 14 11 8 7 10 14 15 12 7 4 3 4 5 7 8 8 8 9 9 9 10 10 11 11 12 12 13 13 14 14 14 15 15 15 15 15 14 13 12 8 1 353 359 20 32 34 34 36 38 39 40 41 43 45 45 42 37 29 23 28 33 32 32 32 32 30 30 33 33 34 35 36 39 42 44 44 46 48 51 58 62 60 57 54 50 49 48
34 33 32 29 27 25 23 21 18 16 13 9 7 8 12 15 16 13 9 6 5 6 7 9 10 10 10 10 10 11 12 12 13 13 14 14 15 15 16 16 16 17 17 17 17 17 16 15 13 9 2 2 17 30 33 36 41 43 42 42 42 42 43 42 41 38 30 26 30 32 31 32 33 31 29 31 33 34 34 35 37 40 43 46 48 51 56 60 63 62 56 55 53 49 48 48
40 39 35 32 28 25 23 22 21 19 16 12 9 8 9 13 16 17 15 11 8 7 8 9 10 11 11 11 12 12 13 13 14 15 15 16 16 17 17 18 18 19 19 19 19 19 19 19 18 15 10 7 15 24 26 33 42 44 42 40 38 38 40 42 46 43 34 30 31 30 31 33 33 30 29 30 32 33 32 34 37 39 42 46 48 53 61 65 66 61 54 52 51 49 48 48
46 43 38 34 30 27 26 25 23 22 20 16 10 9 9 10 14 17 18 16 13 11 10 10 10 12 13 13 13 14 14 15 15 16 17 17 18 18 19 19 20 20 21 21 21 21 21 21 21 20 17 13 17 22 21 29 41 44 42 39 35 36 43 51 55 49 37 31 30 29 31 33 33 30 28 29 30 29 29 31 35 38 42 45 49 58 63 63 61 54 50 49 48 49 49 48
46 43 37 33 30 28 27 27 27 25 22 19 13 10 10 9 11 15 19 19 18 16 13 12 11 12 14 15 15 15 15 16 17 17 18 19 19 20 20 21 21 22 22 23 23 23 24 24 24 23 22 20 21 25 22 26 39 43 42 39 36 37 45 50 48 40 32 29 28 29 30 33 34 31 27 26 27 27 26 31 36 40 43 46 52 61 63 59 53 47 46 47 47 49 50 51
41 39 36 34 32 29 26 26 26 25 22 19 17 11 10 11 11 13 17 19 20 18 17 16 13 13 15 16 16 17 17 17 18 19 19 20 21 21 22 22 23 23 24 24 25 25 26 26 26 26 26 26 27 29 28 29 40 45 45 43 36 32 38 41 39 35 31 28 28 30 31 34 36 31 26 24 25 25 26 31 37 40 42 43 51 58 59 54 47 45 44 44 46 48 52 55
28 30 32 32 31 27 23 24 27 26 23 21 19 15 11 12 13 13 14 17 19 20 20 19 17 16 17 18 19 19 19 19 20 20 21 21 22 23 23 24 24 25 25 26 26 27 27 28 28 29 30 30 31 33 35 38 48 54 54 49 36 28 34 39 38 36 33 30 30 32 32 35 36 31 26 24 24 23 24 29 33 36 40 43 53 60 58 49 46 44 43 43 46 48 51 56
8 19 26 26 26 23 19 22 28 28 24 21 19 18 15 13 14 14 13 16 19 20 21 21 20 20 22 23 22 21 20 20 21 21 22 23 23 24 24 25 26 26 27 27 28 29 29 30 30 31 32 33 34 35 38 42 50 57 60 54 42 35 39 42 41 37 35 33 32 32 32 36 37 32 26 25 24 22 22 27 32 38 45 50 64 67 57 46 45 43 43 44 47 49 50 53
358 10 23 25 26 25 21 20 24 24 20 18 17 17 16 15 16 17 16 17 19 20 21 22 22 24 28 28 25 23 22 21 22 22 23 24 25 25 26 26 27 28 28 29 29 30 31 31 32 33 34 35 36 37 39 42 46 50 55 55 50 47 49 49 46 42 39 36 33 32 33 37 39 31 26 27 26 23 22 29 37 46 53 59 72 70 54 45 44 42 42 43 46 47 50 52
13 19 32 39 41 38 31 24 25 26 22 20 20 20 19 19 19 21 21 20 20 21 22 23 23 25 30 30 27 25 24 23 22 23 24 25 26 26 27 28 28 29 30 30 31 32 32 33 34 34 35 36 37 39 40 42 44 46 49 50 50 52 57 60 59 54 49 44 39 36 35 39 38 30 27 29 29 25 24 32 43 52 58 67 74 67 50 44 43 42 41 42 44 44 47 49
31 34 43 53 60 58 50 40 39 39 35 33 33 30 28 25 24 24 24 23 22 23 24 25 22 21 26 30 29 27 26 25 24 24 25 26 27 27 28 29 30 30 31 32 32 33 34 34 35 36 37 38 38 40 41 42 44 45 46 47 48 51 54 58 62 64 64 60 52 43 39 42 40 32 29 31 31 28 27 36 48 56 63 73 72 57 44 42 42 42 42 42 43 42 43 46
42 44 48 52 56 58 56 54 56 55 52 50 48 43 38 33 29 28 27 25 24 24 24 24 19 16 23 30 31 30 28 28 28 26 26 27 27 28 29 30 31 32 32 33 34 34 35 36 36 37 38 39 40 41 41 43 44 45 46 46 47 49 50 52 55 58 62 64 62 57 55 55 49 38 34 35 35 32 29 39 51 60 69 74 66 47 39 40 43 44 43 44 46 46 47 53
51 52 54 55 57 58 56 56 58 57 53 50 46 43 39 36 33 32 30 28 26 25 25 24 20 18 22 29 32 32 31 30 31 29 27 27 28 30 31 31 32 33 33 34 35 36 36 37 38 38 39 40 41 41 42 43 44 45 46 46 47 48 49 50 51 53 54 56 58 63 70 72 62 47 41 40 40 37 32 40 53 64 72 70 56 42 39 41 45 45 42 44 48 53 60 65
59 60 63 63 64 63 61 60 59 56 52 48 44 41 37 35 34 33 32 30 29 28 28 27 23 20 22 28 33 35 33 32 32 31 29 28 29 31 32 32 33 34 35 36 36 37 38 38 39 40 40 41 42 42 43 44 44 45 46 46 47 48 49 50 50 51 51 52 54 58 63 65 62 51 44 43 41 37 34 41 56 67 70 61 47 41 40 42 46 45 44 42 43 56 63 66
65 67 70 73 74 73 71 67 61 56 52 49 45 42 39 36 34 33 31 30 30 31 32 31 27 23 24 28 32 35 35 34 34 34 33 32 31 32 32 33 34 35 36 37 38 38 39 40 40 41 41 42 42 43 44 44 45 45 46 47 47 48 49 49 50 50 50 51 53 54 54 54 53 50 46 45 40 35 34 45 61 67 63 53 43 39 40 43 46 49 52 47 48 64 66 64
68 70 75 81 85 87 83 76 68 61 55 50 46 43 40 36 35 34 33 32 32 32 32 32 30 27 28 30 31 34 36 37 38 40 40 37 35 34 34 34 35 36 37 38 39 40 40 41 42 42 43 43 44 44 44 45 45 46 46 47 47 48 48 49 49 50 50 51 52 52 52 51 50 50 49 48 40 32 34 52 64 65 58 50 45 44 46 48 51 58 64 65 71 73 68 62
72 73 78 84 92 97 96 88 77 65 56 49 45 43 40 38 36 35 34 33 33 33 32 32 31 30 32 33 33 34 38 40 41 41 41 39 36 36 36 36 35 37 38 39 40 41 42 42 43 43 44 44 45 45 45 46 46 46 47 47 48 48 49 49 49 50 50 51 51 51 51 50 50 50 49 48 42 31 39 59 65 60 54 51 50 54 58 56 58 62 65 68 72 71 64 60
77 77 75 82 97 106 108 100 81 63 51 46 44 42 41 39 37 36 34 34 34 34 34 32 30 31 34 35 34 34 37 39 39 39 40 39 37 38 38 38 37 37 39 41 42 43 43 44 45 45 45 46 46 46 46 46 47 47 47 48 48 49 49 49 50 50 50 51 51 51 51 51 51 50 50 48 43 34 44 62 63 53 48 49 48 50 52 53 57 60 62 64 67 66 60 57
76 74 68 69 84 100 105 92 68 51 42 41 41 41 40 39 37 36 35 36 36 36 36 34 30 30 35 36 34 32 33 37 39 40 41 41 38 38 40 41 39 39 42 43 44 45 46 47 47 47 47 47 47 47 47 47 47 48 48 48 49 49 49 50 50 50 51 51 51 51 51 51 50 50 50 48 44 38 46 60 56 45 42 42 41 42 46 54 60 63 64 64 65 63 58 56
69 65 56 56 57 54 43 28 30 30 30 34 38 40 41 40 39 38 37 37 37 37 37 35 29 30 35 36 35 33 32 35 37 39 41 41 39 38 40 42 40 40 44 46 47 48 49 50 51 51 50 49 48 48 48 48 48 48 49 49 49 49 50 50 50 51 51 51 51 51 51 51 51 50 50 48 46 42 45 51 44 38 37 37 39 43 53 62 65 66 65 65 65 62 60 60
67 65 60 55 54 50 33 19 21 23 24 30 37 41 43 42 41 41 40 39 39 39 39 36 30 31 37 38 37 35 33 35 36 37 40 41 40 39 40 41 40 39 44 49 52 55 55 56 59 59 56 52 49 48 48 48 48 49 49 49 50 50 50 51 51 51 51 52 52 52 51 51 51 51 50 49 47 43 41 38 29 30 35 37 41 50 65 68 66 65 64 64 63 60 60 62
76 74 64 58 56 51 41 32 28 28 28 32 39 43 45 44 44 44 43 41 41 41 40 37 32 34 38 38 38 38 37 38 40 42 44 44 42 41 42 42 40 38 40 43 46 49 49 50 53 55 55 53 51 49 49 49 49 50 50 50 50 51 51 51 51 52 52 52 52 52 52 52 51 51 51 50 48 45 39 30 18 22 33 40 48 63 69 69 67 65 63 62 61 58 57 60
68 61 50 52 53 52 47 42 39 39 37 39 43 46 49 48 48 48 48 45 44 43 42 39 33 33 37 38 38 40 40 41 43 46 48 50 49 46 45 43 41 39 38 38 38 39 39 40 42 44 44 45 46 47 48 49 50 50 51 51 51 51 52 52 52 52 52 52 52 52 52 52 52 52 52 51 49 46 41 31 13 14 28 40 58 71 73 70 68 67 65 63 61 59 58 60
60 55 52 57 57 55 52 51 51 49 47 45 46 49 51 51 50 51 51 49 48 46 44 41 35 33 37 38 39 41 41 41 42 44 48 52 53 52 50 47 45 42 41 42 42 43 43 45 47 46 45 44 44 45 47 50 51 51 52 52 52 52 52 52 52 53 53 53 53 53 53 53 53 53 52 52 51 48 43 33 12 7 22 43 66 73 74 72 70 70 69 67 64 62 61 62
62 63 64 66 65 63 59 58 59 56 52 48 49 50 50 51 51 53 54 54 54 52 49 45 39 35 38 41 42 42 42 42 41 42 45 48 51 53 54 52 48 46 46 47 49 51 53 56 58 56 54 51 49 48 49 51 52 53 53 53 53 53 53 53 53 53 53 53 54 54 54 54 53 53 53 53 52 50 46 36 14 4 21 54 73 74 71 69 68 69 69 68 66 64 63 62
69 69 70 72 71 68 63 59 59 57 52 50 50 49 50 51 52 55 58 60 61 60 58 54 43 34 36 41 43 44 43 44 42 40 42 43 44 47 50 52 52 49 48 48 50 52 55 59 61 61 59 57 55 52 52 53 54 55 55 55 54 54 54 54 54 54 54 54 54 54 54 54 54 54 54 54 53 52 49 42 22 5 23 63 74 74 72 70 68 68 68 68 67 65 61 58
74 74 75 74 70 64 58 54 54 55 53 51 51 49 51 52 51 54 57 60 61 59 58 52 31 22 30 37 42 43 44 46 45 43 43 43 42 43 45 47 49 49 48 49 50 53 56 58 60 61 60 59 58 56 56 57 58 58 58 57 56 55 55 54 54 54 55 55 55 55 55 55 55 55 55 55 55 54 53 51 41 23 45 73 75 72 72 72 70 70 70 71 71 67 61 58
76 76 73 67 59 53 50 49 51 54 54 52 50 47 46 47 48 52 55 56 54 47 42 32 17 14 27 36 41 43 44 46 47 49 51 51 48 46 47 47 47 47 47 48 49 51 55 57 58 58 58 58 58 57 58 58 60 62 62 61 58 56 55 55 55 55 55 55 56 56 56 56 56 56 56 57 57 57 58 58 60 70 103 99 87 77 72 71 71 74 75 76 74 71 70 74
75 72 64 60 55 50 49 49 49 52 53 50 46 44 44 44 45 49 52 52 46 36 32 26 15 15 27 37 41 44 45 47 48 49 52 55 55 54 53 54 53 51 49 48 50 52 54 56 57 57 56 55 54 54 53 54 57 61 66 67 61 57 55 55 55 55 56 56 56 56 57 57 57 57 58 58 59 60 61 63 67 80 108 111 102 92 83 78 76 79 80 77 73 71 71 76
71 67 60 59 58 55 51 48 44 46 50 47 41 41 42 42 42 44 49 51 43 32 29 26 18 18 29 37 42 45 47 48 49 50 51 54 55 55 55 56 56 55 54 52 53 55 55 56 57 58 57 55 53 51 50 51 54 58 64 66 60 55 55 55 56 56 56 57 57 57 57 58 58 58 59 59 60 61 63 65 70 80 97 106 105 101 96 89 86 87 83 74 72 72 71 72
66 61 53 50 49 48 43 39 37 41 47 44 36 35 35 33 35 39 45 51 41 29 29 27 21 22 32 40 44 47 49 51 52 53 53 54 53 54 54 54 54 55 55 56 57 57 58 59 60 60 60 60 58 54 49 48 51 54 57 56 51 51 54 55 56 57 57 58 58 58 58 58 59 59 60 61 61 63 64 67 71 79 90 99 101 102 99 95 92 89 81 74 77 79 77 78
60 53 43 39 38 34 26 21 23 32 40 39 33 32 32 32 32 32 37 41 38 26 30 30 26 28 37 43 47 50 52 54 55 55 55 55 54 54 55 55 54 53 55 57 59 59 61 62 64 66 66 66 64 59 51 48 52 55 55 53 49 49 53 55 57 58 58 58 59 59 59 59 60 60 61 62 63 64 66 68 72 77 86 95 100 100 99 96 93 86 78 79 83 84 83 85
55 48 39 36 34 30 24 17 16 26 33 30 23 20 21 25 23 23 34 42 39 25 28 31 30 34 41 46 49 52 55 58 60 59 57 57 57 57 57 56 54 53 55 57 59 61 63 64 66 67 69 72 69 62 57 59 64 64 62 58 54 51 53 56 58 59 59 59 59 60 60 60 61 61 62 62 63 65 66 69 72 76 82 90 97 98 98 96 91 83 78 81 84 84 83 85
47 43 38 37 38 35 30 22 16 24 32 28 22 19 19 24 27 30 42 48 40 29 29 33 34 40 45 48 51 54 57 62 64 63 60 59 59 59 59 57 53 50 52 54 54 56 59 61 64 64 67 69 64 59 61 68 74 72 68 63 59 55 55 58 59 60 60 60 61 61 61 61 62 62 63 63 64 65 67 69 71 74 78 83 89 93 94 92 87 82 80 80 81 81 81 81
36 38 39 41 44 42 37 28 21 29 38 38 35 34 35 44 46 55 57 51 41 40 40 43 45 47 49 50 51 53 56 60 63 62 61 62 62 62 61 60 56 50 51 51 49 49 51 54 58 60 62 61 54 54 61 66 70 71 69 65 62 59 58 60 61 61 61 62 62 62 62 62 62 63 64 64 65 66 67 69 71 73 76 79 82 85 86 86 83 81 80 79 78 78 78 78
18 33 41 42 45 43 40 36 37 51 64 61 57 56 63 69 69 73 66 46 45 51 55 60 59 55 53 53 52 53 56 60 61 62 62 64 66 66 65 63 61 56 54 53 51 48 48 50 54 57 59 57 53 53 59 65 69 71 70 68 65 62 62 62 63 63 63 63 63 63 63 63 64 64 65 65 66 67 68 69 71 72 74 76 78 79 80 80 80 79 77 77 76 76 76 76
357 25 43 45 49 49 46 45 49 61 71 72 72 68 72 75 79 78 65 48 49 57 65 72 69 59 54 54 56 59 64 66 65 65 65 68 71 71 70 67 65 62 59 60 59 56 55 57 60 62 60 58 57 55 59 63 67 70 70 70 69 66 66 66 65 65 65 65 64 64 64 64 65 65 66 66 67 68 68 69 70 72 73 74 75 76 77 77 77 76 76 75 75 74 74 74
338 19 53 59 63 61 57 55 56 61 69 79 87 88 87 86 84 77 64 54 51 57 66 70 60 47 50 56 61 66 71 72 70 69 69 71 75 77 77 73 70 67 64 65 66 66 67 68 68 65 62 60 59 58 59 62 64 66 68 69 69 70 71 71 69 68 67 67 66 65 65 66 66 66 67 67 68 68 69 70 71 71 72 73 74 74 75 75 75 75 74 74 74 73 73 73
328 34 71 74 77 77 75 73 70 69 72 77 82 88 90 88 82 74 65 57 53 57 63 61 47 42 51 59 64 69 72 74 75 74 73 74 76 78 81 81 77 73 69 66 66 67 69 68 66 63 62 60 58 58 59 61 62 63 66 66 65 67 70 73 74 74 72 69 68 67 67 67 67 68 68 68 69 69 70 70 71 72 72 73 73 73 74 74 74 73 73 73 73 72 72 72
5 47 73 78 80 81 82 82 79 76 76 76 77 84 87 83 80 76 66 57 60 66 66 57 48 49 56 62 67 71 74 77 80 82 82 81 79 79 81 85 85 81 76 70 67 67 67 66 64 61 61 59 58 57 57 58 59 61 64 63 62 62 65 69 73 75 75 73 70 68 68 69 69 69 69 70 70 70 71 71 72 72 72 73 73 73 73 73 73 73 72 72 72 72 71 71
36 54 72 77 78 79 81 81 80 78 76 74 72 71 72 72 70 68 61 61 71 74 67 57 55 58 62 66 69 72 76 80 85 89 91 91 88 86 85 87 90 87 83 79 74 70 68 67 64 62 60 59 58 58 59 58 57 59 60 61 61 62 63 65 68 71 73 73 72 71 71 71 71 71 71 71 72 72 72 72 73 73 73 73 73 73 73 72 72 72 72 72 71 71 71 70
52 61 71 74 75 77 79 78 78 77 75 73 68 61 57 58 60 58 55 62 70 67 60 59 60 62 67 70 72 75 78 82 86 90 95 99 99 96 94 93 94 95 92 88 81 72 67 64 62 61 60 59 58 57 59 58 57 58 58 58 59 60 62 64 66 68 69 69 70 72 74 76 75 74 73 73 74 74 74 74 74 74 74 73 73 73 73 72 72 72 72 71 71 70 70 70
58 62 69 72 73 74 76 76 76 75 74 73 69 64 63 62 62 60 59 66 65 56 58 61 62 63 67 72 74 77 81 82 84 88 93 100 106 106 103 100 101 103 102 99 93 82 72 65 61 60 60 60 59 57 57 56 57 57 57 57 56 56 58 61 64 65 65 65 65 67 73 78 79 78 77 77 77 77 76 76 76 75 75 75 74 73 73 73 72 72 72 71 71 70 70 70
61 63 67 70 72 74 75 75 76 76 77 77 77 80 82 81 76 71 71 72 63 56 58 60 60 61 65 69 73 78 82 83 85 88 91 97 105 110 109 107 107 110 111 110 107 97 82 71 63 60 60 60 60 59 58 57 56 56 57 58 58 57 57 60 62 62 61 60 59 62 67 72 78 82 83 83 83 82 81 80 79 78 77 76 75 74 74 73 73 72 72 71 71 70 70 70
64 64 66 68 71 74 75 75 75 77 80 83 86 89 91 90 86 81 77 71 63 60 60 58 57 59 62 66 70 76 81 84 86 87 89 94 102 109 113 113 112 115 116 118 118 111 93 77 66 61 59 58 58 58 59 59 57 56 57 58 58 57 59 61 62 61 60 57 56 59 63 64 68 75 80 84 87 87 86 85 85 83 80 78 77 76 75 74 73 73 72 72 71 70 70 70
65 64 64 65 68 70 72 73 73 74 77 79 82 84 86 87 84 80 73 66 63 64 62 56 55 57 59 62 67 74 79 84 85 83 85 93 102 109 114 117 117 117 118 121 125 123 108 86 72 64 61 58 56 56 56 57 58 57 57 58 57 57 58 60 61 61 60 57 54 57 60 61 63 65 69 76 81 84 85 87 91 90 85 81 79 77 76 75 74 73 73 72 71 71 71 70
64 63 62 63 65 67 68 68 66 66 67 68 68 70 75 78 78 75 70 63 62 65 64 55 52 54 56 57 63 72 78 82 80 75 82 94 103 108 110 115 120 120 120 122 128 132 127 102 80 70 65 62 58 56 55 55 55 57 57 57 57 58 59 59 59 59 59 57 55 55 58 60 63 64 66 71 74 77 79 82 87 92 91 86 82 79 77 76 75 74 74 73 72 72 71 71
63 61 59 61 62 61 60 59 58 60 62 64 63 64 67 71 72 69 65 62 63 67 66 56 50 51 53 52 58 69 76 78 74 69 83 96 101 101 103 111 120 122 121 125 130 135 141 126 90 72 66 64 61 59 56 55 54 55 56 55 56 58 59 59 59 59 58 57 55 53 55 59 63 65 66 68 70 74 77 79 80 86 93 92 86 82 79 78 76 75 75 74 73 73 72 72
62 60 59 60 59 58 57 57 58 61 63 63 61 61 65 69 68 60 54 58 65 70 68 59 50 49 51 50 57 69 72 71 69 69 83 94 96 96 102 107 112 115 121 129 135 137 147 153 115 77 65 61 60 59 58 56 55 55 55 54 53 56 57 57 58 60 59 58 55 53 54 59 63 65 66 67 68 71 74 77 78 81 87 94 92 86 82 80 78 77 76 76 75 74 74 73
