windninja/windninja_output/Output_2025-08-09_1200-1250_Google earth_Fire_150m_10min/merlingen_7.5mi_point_08-09-2025_1220_150m_ang.asc
ncols	158
nrows	163
xllcorner	391686.332397
yllcorner	5160024.123721
cellsize	150.000000
NODATA_value	-32768.000000
[rows 0 to 54 of 163, columns 0 to 95 of 158]
21 20 18 17 17 19 19 19 19 20 21 21 21 24 30 39 48 50 49 50 42 29 26 30 36 41 41 38 37 39 41 44 47 47 46 52 58 62 63 60 56 55 57 59 61 63 68 68 58 50 47 46 46 47 48 49 50 52 53 53 51 50 50 48 45 44 45 49 53 55 54 52 51 50 49 50 52 55 57 56 54 52 53 56 59 57 53 52 54 52 50 51 50 48 47 49
21 20 17 16 17 19 20 21 21 21 20 18 18 22 28 34 37 35 35 37 32 22 22 29 35 39 38 36 38 40 42 44 45 45 46 50 52 53 53 52 51 51 52 53 54 54 56 56 54 51 50 49 50 51 51 51 50 50 52 52 51 50 50 48 46 45 47 51 53 54 52 51 51 50 50 50 51 54 55 54 52 52 54 55 57 57 53 52 54 53 53 53 52 51 49 50
20 19 16 15 17 19 21 22 21 18 14 13 15 19 25 29 28 26 26 28 25 18 16 25 34 36 35 35 38 41 43 44 44 43 44 45 44 44 44 44 44 45 45 46 46 45 45 45 45 47 49 50 51 52 51 50 49 49 49 49 49 48 48 47 47 47 49 52 53 52 50 50 50 50 50 50 49 52 53 50 48 50 54 53 54 54 49 49 51 52 54 54 52 51 49 48
14 16 16 16 17 18 17 16 14 12 11 11 13 17 22 26 26 24 26 27 26 21 14 19 29 32 31 31 32 35 37 40 41 41 40 40 41 42 42 40 39 38 39 41 41 41 41 41 41 40 41 43 45 46 47 47 48 49 49 48 47 46 46 47 47 47 49 52 54 52 49 49 51 51 51 50 49 52 52 49 45 48 51 50 53 53 45 43 45 45 47 49 48 46 45 45
7 12 16 16 17 15 12 10 11 12 14 13 12 16 19 24 26 27 29 30 29 24 15 12 20 25 27 27 27 28 30 33 35 35 35 37 38 39 38 36 34 33 35 36 37 38 39 39 40 40 40 41 43 45 46 47 48 49 48 48 47 46 46 47 47 47 48 51 53 51 49 51 52 51 51 52 54 55 53 49 46 48 51 49 52 53 47 42 41 40 41 43 42 40 39 38
6 8 13 16 16 13 10 10 12 15 17 14 12 14 19 23 28 31 32 34 32 28 18 9 13 20 24 26 26 26 27 29 30 30 31 32 33 32 31 31 30 31 34 36 37 39 40 40 41 41 41 42 44 46 47 48 48 48 47 47 46 45 45 46 46 46 47 51 52 49 48 51 52 49 47 49 52 54 52 49 49 51 53 51 51 53 50 46 45 41 39 39 37 34 34 34
9 8 10 12 13 13 12 13 15 17 16 13 11 13 19 24 28 31 31 31 32 30 22 9 8 16 23 25 25 25 26 27 28 29 29 29 28 28 29 30 31 33 36 39 41 42 42 42 42 41 41 42 43 44 47 48 48 47 46 45 43 41 41 43 45 45 46 49 50 46 44 47 48 45 44 45 48 50 47 46 49 51 51 51 52 54 53 52 52 48 45 44 41 38 38 39
10 10 9 9 11 13 15 17 18 17 14 11 9 11 19 23 25 28 29 28 29 29 25 14 6 11 18 21 23 25 26 28 29 30 31 30 29 30 32 34 35 38 40 42 43 44 43 43 43 41 42 43 42 43 46 47 46 45 44 42 40 38 38 40 42 44 45 48 48 45 43 45 45 43 43 45 48 49 44 45 51 52 48 48 49 50 51 51 51 51 53 53 52 50 46 45
10 10 10 10 11 14 17 19 18 15 12 8 6 9 16 22 23 25 27 27 28 28 26 19 10 6 12 18 21 24 28 29 30 32 34 34 35 36 38 40 41 43 44 44 44 44 44 45 43 41 42 43 42 43 46 46 44 44 43 42 41 40 39 41 42 44 45 46 45 43 45 48 48 46 45 46 49 49 45 47 53 54 48 44 43 43 44 44 42 38 39 42 46 45 42 46
9 10 11 11 12 14 16 17 16 13 11 7 4 5 14 21 22 22 23 25 26 26 25 21 15 7 7 16 20 23 27 28 29 33 36 37 38 40 42 43 44 45 44 44 46 46 45 46 44 41 43 45 44 45 48 48 46 45 46 46 47 47 45 46 48 48 47 45 43 44 47 51 50 48 47 48 51 49 44 45 50 51 48 44 44 43 42 41 36 32 33 35 37 36 39 48
10 10 11 12 12 13 14 14 13 12 10 8 4 4 11 18 21 20 20 21 23 24 24 21 17 12 9 14 19 21 26 29 31 35 39 40 40 41 42 42 43 43 44 45 47 48 47 48 48 46 49 50 48 49 53 54 54 55 56 56 57 57 55 56 58 56 52 49 45 46 50 51 49 47 47 49 52 51 44 43 45 46 46 45 47 46 44 46 41 36 38 41 40 37 43 51
10 10 11 12 12 12 12 12 12 11 10 9 6 4 8 14 17 18 19 19 21 23 24 23 20 18 16 18 22 25 30 34 35 38 41 43 43 42 42 42 43 44 44 44 47 49 49 52 55 58 63 64 64 66 69 69 67 67 67 67 70 72 73 74 74 70 64 57 49 50 51 49 47 44 43 44 45 45 41 40 42 43 43 41 42 40 43 49 44 36 42 49 47 42 48 53
9 10 10 11 11 11 11 11 12 11 11 10 8 6 8 11 13 15 17 18 19 22 25 26 26 26 24 24 26 29 32 34 36 38 41 44 45 43 42 43 43 44 44 44 47 49 50 55 62 68 73 76 79 83 85 85 79 74 72 74 79 82 86 94 96 90 82 71 58 53 51 49 48 43 37 36 37 39 38 36 39 42 41 41 41 38 42 48 42 34 43 52 50 46 54 58
9 9 9 10 10 10 11 11 11 11 10 10 9 9 10 11 11 11 14 17 19 22 27 31 33 31 28 27 27 29 33 35 37 38 40 42 43 43 43 44 46 48 51 54 57 58 55 54 58 65 70 74 76 80 86 91 89 81 71 69 73 75 78 85 93 95 95 93 86 67 55 52 50 43 37 37 40 43 41 39 41 43 43 45 45 43 46 50 45 40 48 57 56 55 62 66
9 9 9 9 9 10 11 11 11 11 10 9 8 8 10 12 11 8 10 17 21 25 30 34 34 31 27 27 27 30 34 36 36 37 36 39 41 44 46 51 57 61 65 70 70 68 64 56 52 54 58 61 61 64 68 73 76 70 59 58 61 62 62 61 64 71 78 86 98 101 70 57 52 46 42 44 49 50 50 51 51 49 49 51 51 50 53 54 51 50 60 68 68 68 73 75
9 8 8 9 9 10 10 10 10 10 9 9 7 5 6 10 11 11 11 15 21 25 28 31 31 29 25 26 28 28 29 30 30 32 37 43 50 55 58 63 67 66 64 64 61 57 57 57 53 50 49 46 43 44 47 49 51 48 43 49 54 54 53 49 49 54 58 63 70 87 97 73 61 52 48 49 51 54 55 58 57 55 57 59 58 58 61 61 60 59 64 71 71 71 74 78
8 8 8 8 9 9 9 9 10 9 9 8 7 3 2 6 11 13 14 15 18 22 25 27 28 27 25 24 25 25 26 29 33 40 49 58 63 64 62 60 57 52 49 50 48 46 48 48 48 47 44 40 37 38 40 43 45 41 36 43 49 52 51 45 45 51 53 54 56 57 68 87 79 66 54 51 51 53 56 57 55 56 60 62 65 67 67 68 70 67 63 63 63 64 67 71
7 7 8 8 8 8 8 9 8 8 8 8 6 4 1 3 10 14 16 17 19 22 24 25 26 28 26 24 24 26 30 35 41 47 51 52 52 50 47 45 44 43 45 46 45 45 44 41 39 40 41 39 39 40 41 42 43 40 35 39 46 49 47 43 44 49 51 52 52 52 53 57 68 71 64 55 51 54 59 60 60 62 63 64 66 69 69 68 70 72 66 61 59 60 61 62
6 7 7 7 7 8 8 8 7 8 8 8 6 5 3 3 8 14 18 21 22 24 24 25 28 29 28 26 27 31 37 40 41 42 43 44 44 42 41 42 42 43 44 45 44 44 42 38 37 40 41 41 41 41 41 40 41 40 38 39 45 48 46 43 44 47 51 52 50 51 48 42 47 55 59 62 64 68 70 70 71 72 69 64 61 60 60 61 65 68 67 63 61 60 57 56
6 6 6 6 7 7 7 7 7 7 8 7 6 6 5 5 8 14 18 20 21 22 22 23 25 26 27 27 29 32 35 37 39 41 44 45 44 41 38 38 38 38 39 40 40 40 39 37 38 43 44 43 42 40 38 37 38 40 41 42 46 49 49 46 47 50 52 51 48 46 43 38 41 45 45 49 60 70 73 72 72 71 67 61 57 56 56 57 62 64 61 56 59 61 59 56
6 5 5 5 6 6 6 6 6 6 7 7 6 6 6 7 9 13 15 16 17 18 19 20 22 24 25 27 28 29 30 32 35 37 36 36 35 32 29 31 33 34 37 37 37 38 39 39 39 42 43 43 41 39 38 38 39 40 42 43 45 49 51 48 48 49 49 47 47 44 41 39 42 46 44 38 41 49 57 62 64 63 61 58 56 56 56 57 61 63 58 49 54 59 60 58
4 4 4 5 5 5 5 6 6 6 6 6 6 6 6 7 9 11 12 13 15 16 17 18 20 22 24 26 27 27 26 27 28 28 26 26 28 28 27 29 32 33 35 36 38 41 41 39 37 38 40 41 40 39 39 40 41 41 42 43 44 48 50 47 47 47 45 45 46 44 41 41 44 49 46 34 32 39 46 52 56 57 58 57 53 53 53 55 60 61 54 43 47 55 57 57
3 4 4 4 4 4 4 5 5 5 5 5 6 5 6 6 8 9 10 11 13 14 15 16 19 20 22 24 26 25 22 20 21 23 24 26 29 31 31 31 31 32 34 37 40 40 37 35 35 36 39 40 41 41 39 39 40 40 39 42 44 47 50 47 45 43 40 43 44 43 41 42 46 49 45 30 25 34 41 46 49 49 52 55 52 51 49 52 57 57 50 37 41 53 56 55
3 3 3 3 3 3 4 4 5 4 3 4 5 5 5 5 6 7 8 9 11 12 13 15 17 19 22 25 27 25 20 16 18 23 27 31 34 35 34 31 30 30 33 36 37 34 33 34 35 37 40 41 41 41 39 37 39 39 37 39 44 48 51 49 45 41 41 44 45 45 44 44 48 49 42 31 24 32 40 44 46 46 48 51 51 50 50 53 56 56 49 36 42 53 56 56
2 2 2 2 2 3 3 3 3 3 3 3 3 4 4 5 5 5 7 8 9 10 12 14 16 18 22 27 29 25 20 16 18 23 28 31 33 35 33 31 28 28 30 31 33 32 33 36 37 38 40 41 40 39 38 37 38 38 37 39 44 49 51 50 47 45 46 48 48 49 49 49 51 48 41 34 33 38 42 43 45 45 44 45 48 50 52 56 60 58 48 35 43 53 56 56
1 1 1 1 2 2 2 2 2 1 2 2 2 2 3 4 4 4 5 6 8 9 10 12 14 17 21 26 28 26 21 18 16 18 23 27 30 33 32 29 26 26 26 29 32 33 35 37 37 37 39 41 42 41 39 36 36 38 40 42 46 50 50 47 43 42 43 44 47 50 53 54 53 47 39 33 39 46 43 41 42 42 40 41 44 46 44 48 57 58 45 32 40 49 53 54
1 0 0 0 1 1 1 1 0 1 1 1 1 1 2 2 2 3 4 5 6 7 8 9 12 14 18 23 26 26 23 20 17 14 18 22 26 31 31 25 23 23 24 28 31 30 32 35 35 35 36 40 42 42 38 32 33 38 41 42 46 53 52 47 44 42 40 40 43 48 53 55 52 45 34 29 39 48 46 39 41 42 39 40 42 42 39 41 51 54 44 29 36 45 48 50
360 360 359 360 360 0 360 359 359 0 0 0 360 360 360 360 1 1 2 4 4 5 6 7 9 12 14 18 22 24 25 25 21 16 14 17 22 28 30 24 21 22 22 25 26 24 27 31 35 34 32 35 38 38 35 27 27 35 38 39 46 54 54 50 48 45 40 38 42 48 54 54 48 41 31 25 36 47 48 40 42 43 42 43 45 44 39 40 48 51 45 32 34 43 45 46
359 359 359 359 359 359 358 358 358 359 359 359 359 359 358 358 359 359 0 2 2 3 4 5 7 8 8 11 16 21 24 25 22 18 14 9 13 22 26 21 18 18 19 21 21 21 23 28 33 32 27 31 34 36 35 23 20 30 38 42 48 51 49 46 46 44 39 38 44 50 54 51 44 38 30 26 37 49 51 48 45 43 45 49 52 50 46 46 50 50 46 40 37 43 45 45
358 358 358 358 358 358 357 357 358 358 358 358 357 357 357 357 357 358 358 359 0 1 3 3 4 3 2 4 10 15 19 23 23 18 10 4 6 14 19 16 14 15 16 19 18 18 21 24 28 27 23 26 31 35 33 23 18 29 42 50 54 52 48 45 45 44 38 38 48 56 56 50 44 39 32 30 37 49 55 56 52 45 48 54 57 55 53 52 52 49 47 46 44 47 51 50
357 357 357 358 357 356 356 356 356 356 356 356 356 355 355 355 355 356 357 358 359 360 1 1 1 359 357 359 5 11 18 22 21 16 7 2 4 11 14 13 12 13 15 19 19 18 20 21 24 25 24 27 31 36 35 27 25 35 47 55 57 53 50 49 49 47 39 40 54 62 62 55 49 42 32 29 33 43 52 56 53 45 48 55 55 52 51 51 51 49 48 49 51 57 66 65
357 356 357 357 356 355 355 356 355 355 355 354 354 354 354 354 354 354 355 356 357 357 359 359 358 356 356 358 4 13 19 19 16 14 9 3 4 9 11 13 14 16 18 21 22 20 22 24 28 31 33 34 37 41 40 31 31 41 53 60 57 48 45 49 52 49 40 42 57 64 61 54 50 41 30 28 31 38 48 53 51 43 45 53 56 56 56 55 55 55 54 54 55 62 72 76
356 356 356 356 354 354 355 354 354 353 353 353 352 352 352 352 353 353 353 354 355 355 357 358 356 354 354 356 2 8 10 10 12 16 14 4 2 8 12 16 20 21 22 25 25 25 28 31 34 38 41 41 42 44 42 33 33 41 52 60 58 45 37 43 51 51 41 41 54 59 55 47 44 36 28 27 28 35 45 51 49 43 45 52 57 61 63 61 59 59 59 59 58 62 67 70
356 356 356 354 352 353 354 353 352 351 351 351 351 351 351 352 352 352 352 352 353 353 354 355 355 354 353 354 356 359 2 6 12 18 18 4 359 8 14 18 22 23 24 27 28 31 35 37 39 42 43 44 45 46 44 38 36 42 49 54 53 40 29 37 47 50 45 44 52 55 49 42 40 34 28 25 26 31 40 46 46 43 46 51 52 53 57 57 55 55 56 58 61 63 63 60
355 355 355 353 352 352 353 352 351 350 349 349 349 349 350 350 351 351 351 352 352 352 352 352 352 353 353 352 352 352 357 4 11 17 18 9 360 8 17 20 23 26 29 33 35 38 41 41 43 45 46 47 49 49 48 46 45 46 51 53 51 40 25 31 44 49 50 50 54 55 48 43 41 36 31 27 26 31 38 43 43 42 44 49 49 47 50 52 50 50 51 54 58 63 64 58
355 354 354 352 351 352 352 351 350 349 348 348 348 348 348 349 349 350 350 351 351 352 351 350 350 351 352 353 352 351 353 359 6 10 15 14 9 11 20 24 28 33 36 36 38 41 41 40 42 43 44 46 46 46 45 46 47 50 54 57 56 46 29 27 40 47 50 51 55 57 52 48 46 41 37 32 30 38 46 48 45 42 44 50 52 48 48 49 47 46 48 51 56 62 65 61
354 353 352 351 351 352 351 350 348 348 347 347 347 347 347 348 348 349 349 350 351 351 351 351 350 350 350 353 355 352 349 352 358 5 14 19 17 18 26 32 34 36 36 35 36 38 36 37 39 41 42 42 41 41 41 42 44 47 51 56 57 50 35 27 35 45 49 52 54 54 53 55 54 47 40 33 32 39 49 54 51 46 47 50 54 53 46 45 45 44 46 51 56 61 62 56
354 352 351 350 351 351 350 348 347 346 346 346 346 346 347 347 347 348 349 350 350 351 351 351 350 350 350 353 353 349 348 350 355 5 16 20 22 27 34 35 34 34 34 33 34 35 34 34 36 39 40 38 37 39 40 40 40 42 45 50 53 50 40 29 32 45 53 56 54 48 48 52 52 45 36 35 33 31 42 50 49 46 46 48 53 54 44 39 45 46 47 51 56 61 60 51
352 351 350 350 350 350 349 347 346 345 345 346 346 346 346 346 347 348 349 349 350 351 351 351 350 350 350 350 347 346 347 350 356 6 15 20 25 32 35 32 30 30 30 30 31 32 30 29 30 33 35 32 31 36 39 36 33 36 39 42 44 43 39 32 31 45 58 62 55 46 44 45 44 39 33 37 33 21 35 45 43 40 43 46 53 53 43 35 41 45 46 51 61 66 62 53
351 350 350 350 350 349 348 346 345 345 345 346 346 346 346 346 347 348 348 349 350 351 351 351 351 350 349 346 343 344 347 350 356 4 14 20 23 27 30 30 29 29 27 25 26 29 29 26 25 30 33 30 25 28 31 29 24 27 31 34 36 37 39 37 34 43 59 62 54 45 44 44 44 38 33 38 31 12 24 39 38 38 43 50 56 56 48 36 36 42 44 52 65 68 62 55
352 349 350 350 350 349 348 346 345 345 346 346 346 346 346 347 347 348 349 349 350 351 351 352 351 351 349 345 344 346 348 349 354 3 14 19 19 21 25 27 27 26 24 22 23 27 27 24 22 27 33 30 19 19 26 27 22 23 30 35 36 38 41 43 39 43 56 58 51 46 46 48 48 39 33 38 29 8 16 33 36 36 41 49 55 57 50 38 36 40 42 53 63 66 63 58
354 352 352 352 351 350 348 347 346 347 347 346 346 346 347 347 348 349 349 350 350 351 352 352 352 352 350 348 347 348 350 352 354 1 10 14 16 19 21 21 21 21 21 22 21 20 21 20 20 24 31 29 20 18 27 32 30 30 37 43 42 40 42 44 42 43 51 52 47 44 44 46 45 34 32 37 25 8 13 30 37 36 40 45 50 50 44 37 37 41 44 53 59 62 63 57
357 356 356 355 353 351 349 348 348 348 348 347 347 347 347 348 349 350 350 350 351 352 353 353 353 353 353 351 350 349 352 356 357 360 3 6 11 13 12 13 16 19 21 21 18 16 19 23 25 27 33 34 27 24 32 38 39 39 45 49 48 43 42 43 42 43 44 44 42 38 38 39 38 30 30 34 22 10 14 27 36 37 41 46 47 44 39 38 41 44 48 52 56 59 58 49
1 360 359 358 355 352 351 351 350 349 349 348 348 348 349 349 350 350 351 351 352 353 353 354 355 355 355 354 352 352 355 358 359 358 358 359 3 6 7 9 16 22 23 22 20 21 26 31 32 33 37 37 30 28 34 40 42 43 46 50 50 47 45 43 43 43 40 38 37 31 30 33 32 27 28 29 20 13 16 27 34 38 43 47 47 42 39 42 45 47 50 51 57 61 57 46
4 3 2 359 356 355 354 353 352 351 350 350 350 350 350 350 351 351 352 353 353 354 355 355 356 356 356 356 355 355 357 359 359 358 355 354 356 0 6 12 18 23 24 24 24 28 32 33 33 32 33 34 31 29 34 40 42 43 46 48 48 48 47 46 46 45 42 38 33 29 29 32 32 30 31 29 21 16 21 30 36 39 44 48 47 42 42 46 49 52 53 54 62 65 59 49
8 7 4 1 359 358 356 355 354 353 352 351 351 352 352 352 352 352 353 354 355 356 356 357 357 357 358 358 359 358 359 360 360 358 356 353 353 359 6 12 16 21 26 27 26 29 32 32 31 30 32 35 35 34 38 43 44 45 46 46 45 45 44 44 47 47 45 41 34 33 36 38 39 38 37 33 23 19 25 31 36 40 47 51 48 44 44 47 51 53 55 59 67 66 58 51
12 9 5 4 3 0 358 357 356 355 354 354 353 353 353 353 353 354 354 355 356 357 358 358 359 359 360 1 1 1 1 1 1 359 357 356 356 358 3 8 13 21 28 29 27 29 31 31 31 31 35 37 38 40 42 44 45 46 46 43 41 42 42 42 45 47 46 43 38 37 42 44 45 44 40 35 25 20 26 33 39 46 52 53 49 46 47 48 50 53 56 62 66 63 57 51
14 11 8 8 7 3 360 358 358 357 356 356 355 355 355 355 355 355 356 357 358 359 359 360 0 1 2 3 3 3 3 3 3 1 359 359 360 359 1 6 12 20 27 28 27 29 31 32 33 33 35 37 39 41 41 42 44 45 45 40 37 41 45 46 49 50 48 45 40 39 43 45 47 46 41 36 29 25 31 41 49 53 54 52 49 47 48 48 50 53 56 60 61 59 55 51
15 13 12 11 10 6 2 359 359 358 357 357 357 357 357 356 357 357 358 359 360 0 1 2 2 3 4 4 5 5 5 6 5 4 2 1 1 2 2 5 11 18 24 25 26 29 32 33 33 33 35 38 41 43 42 41 44 44 42 37 35 44 50 53 55 54 49 45 42 42 44 46 47 45 42 37 33 32 37 46 51 53 52 49 46 45 46 47 49 51 54 57 58 55 53 51
17 16 15 15 13 8 5 1 360 360 359 359 359 359 359 359 359 359 360 1 1 2 2 3 4 5 5 6 7 7 8 8 8 7 5 3 3 5 5 7 12 18 21 22 25 32 34 34 33 32 34 38 41 41 40 41 43 43 39 35 37 46 53 57 57 54 48 44 43 43 44 45 45 43 41 37 34 34 38 44 48 49 48 46 44 44 44 44 47 49 52 55 55 54 54 52
20 19 19 18 14 10 8 5 2 1 1 1 1 1 0 1 1 1 2 2 3 3 4 5 6 7 7 8 9 9 10 10 11 10 9 6 5 7 8 10 14 18 18 19 25 34 37 36 37 36 37 40 40 37 37 39 42 42 39 38 42 49 57 61 58 52 48 45 44 45 46 46 45 42 40 37 34 34 38 43 46 47 47 45 44 44 43 44 47 49 50 53 54 54 54 53
25 23 20 18 13 11 10 9 5 2 3 3 3 2 2 3 3 3 4 4 4 5 6 7 8 9 9 10 11 11 12 13 13 13 12 11 9 10 11 12 15 18 18 18 26 35 36 35 39 40 39 40 40 38 39 42 44 43 41 41 45 51 60 64 58 50 46 43 43 45 46 45 43 41 40 38 36 35 38 43 46 48 49 48 46 46 46 48 50 51 50 52 54 54 55 54
30 27 21 18 14 12 13 13 9 5 5 5 5 5 4 5 5 5 5 6 6 7 8 9 9 11 11 12 13 13 14 15 15 15 15 15 14 13 13 13 16 21 19 17 24 34 34 32 35 34 31 32 36 38 42 47 47 44 43 44 47 52 61 64 56 47 43 41 42 44 44 43 40 39 40 40 38 38 41 44 45 48 51 52 52 52 52 52 53 52 51 52 52 53 54 54
33 29 21 17 15 14 14 15 14 10 8 7 7 7 7 7 7 7 7 8 9 9 10 11 12 12 13 14 15 15 16 17 17 18 18 18 18 17 16 15 17 22 22 18 23 31 31 26 28 28 27 30 34 39 46 50 46 42 43 46 48 54 63 63 53 43 38 37 40 41 40 38 37 39 41 41 40 41 46 47 46 47 49 50 52 56 56 54 53 52 52 51 49 49 53 58
32 29 22 16 16 16 15 17 19 16 12 9 9 9 9 9 9 9 10 10 11 11 12 13 14 14 15 16 17 17 18 19 20 20 21 21 21 21 20 18 18 23 26 24 24 28 27 22 24 26 28 33 38 43 50 50 42 39 42 45 48 54 61 60 49 38 33 31 35 37 36 36 38 41 42 42 40 43 48 47 45 47 47 46 47 51 54 54 52 51 51 51 49 48 59 70
