windninja/windninja_output/Output_2025-08-09_1200-1250_Google earth_Fire_150m_10min/merlingen_7.5mi_point_08-09-2025_1210_150m_ang.asc
ncols	158
nrows	163
xllcorner	391686.332397
yllcorner	5160024.123721
cellsize	150.000000
NODATA_value	-32768.000000
[rows 0 to 54 of 163, columns 0 to 95 of 158]
15 14 12 11 11 12 13 12 12 13 14 14 15 18 23 29 35 33 29 28 21 14 14 18 22 25 25 22 21 23 25 27 29 29 28 33 37 40 41 38 35 35 36 38 39 40 44 42 32 27 26 25 26 28 29 31 32 33 34 34 32 32 33 31 29 29 31 34 36 37 36 36 36 35 35 36 38 41 42 41 40 39 41 44 46 46 42 42 44 42 42 42 41 40 40 43
17 15 11 10 11 13 14 14 14 13 13 12 13 16 21 26 26 22 19 20 15 9 10 17 22 25 23 20 22 24 26 27 28 27 27 31 33 33 32 31 30 31 32 32 32 33 34 33 28 27 27 28 29 31 32 32 32 32 33 33 32 32 32 31 29 30 32 35 37 36 35 35 35 34 34 36 37 40 40 38 38 39 41 44 45 44 41 42 44 43 43 44 43 42 41 42
17 15 11 11 12 14 16 16 14 10 8 8 10 14 19 21 19 16 14 15 13 6 4 13 22 24 22 21 22 25 27 28 27 26 26 27 27 26 26 25 25 25 25 26 26 25 25 25 24 24 26 28 31 34 33 32 31 30 31 32 31 30 30 30 30 30 33 36 37 36 34 34 34 34 34 35 35 38 38 36 35 38 41 41 43 41 36 37 40 42 43 43 42 40 39 39
11 12 13 12 13 13 12 11 8 6 6 7 9 12 15 17 16 15 16 17 15 9 3 7 17 21 21 20 20 22 24 25 25 23 22 22 24 25 25 23 21 21 21 21 21 21 22 23 24 23 23 25 27 29 29 29 30 30 31 31 30 28 29 30 30 30 32 36 38 36 34 34 35 35 36 35 35 37 39 36 32 36 39 38 40 39 32 31 34 35 36 38 36 34 34 33
5 9 13 13 13 11 8 6 5 7 9 9 8 10 12 15 17 17 19 21 19 12 4 2 9 15 17 17 17 18 20 21 21 20 19 21 22 22 21 18 17 16 17 18 19 20 21 23 23 24 24 25 27 28 30 30 30 30 30 30 30 29 29 30 30 30 31 35 38 36 35 35 36 35 36 37 38 39 39 37 34 36 39 37 39 40 32 27 28 28 30 32 31 27 27 26
4 6 11 13 12 10 6 5 6 10 12 10 7 8 11 14 19 21 23 23 22 16 6 359 2 8 13 16 16 16 17 18 19 18 18 19 18 17 16 15 15 15 16 18 20 22 23 24 25 26 27 28 28 29 31 31 30 30 29 29 29 29 29 29 30 30 31 34 36 34 34 36 36 33 33 35 37 38 38 38 38 38 39 38 38 40 36 29 27 25 25 27 26 22 21 22
7 7 7 10 11 9 8 8 10 12 12 9 6 7 11 14 19 22 23 22 21 18 9 357 356 4 10 13 14 15 16 16 17 18 18 17 15 14 15 16 16 17 19 22 24 25 26 26 26 26 27 28 29 29 31 31 31 29 28 27 26 26 26 28 29 29 30 33 35 32 31 33 33 30 29 32 34 36 35 36 38 37 36 37 39 41 41 36 31 26 24 26 26 25 24 25
9 9 7 6 8 10 11 13 13 12 9 6 4 6 11 14 16 20 21 20 20 18 13 3 355 359 6 8 11 13 15 15 17 18 18 17 16 16 18 20 21 22 23 25 26 27 27 27 27 27 28 28 28 29 31 31 29 28 26 24 23 22 24 27 28 29 30 32 33 30 29 31 32 30 29 31 35 37 34 34 39 37 34 34 36 38 38 36 33 28 26 29 32 32 31 29
9 10 9 8 8 10 13 15 14 11 7 3 1 3 9 13 15 17 19 19 19 18 16 9 0 356 0 5 8 12 14 15 17 19 19 19 20 21 23 25 26 27 27 27 27 27 27 28 27 26 27 28 28 29 31 30 27 26 25 24 24 24 24 27 29 30 30 30 30 30 30 34 35 33 32 33 37 38 35 36 40 39 32 29 29 29 31 30 26 22 20 22 26 26 25 27
10 10 11 10 10 11 13 13 12 9 6 2 359 0 7 13 14 14 15 16 17 17 16 12 6 359 358 4 8 10 13 14 15 19 21 22 23 25 27 29 29 29 28 28 29 29 28 29 28 26 28 30 28 28 30 30 28 28 29 30 31 30 27 30 33 32 30 29 29 31 34 37 36 35 35 36 39 38 33 33 36 36 31 26 27 26 26 26 21 19 20 21 20 19 22 29
10 11 11 11 11 11 11 10 9 8 6 3 359 359 4 10 12 12 11 12 15 15 15 13 9 4 1 5 8 9 12 15 16 19 23 25 26 27 28 28 28 28 28 29 31 32 30 31 32 30 32 33 30 31 34 37 37 38 40 41 41 40 37 36 37 35 34 32 31 34 38 37 35 34 35 38 41 38 30 28 30 33 32 28 27 25 25 26 23 22 26 26 23 22 27 33
11 11 11 11 11 11 10 9 9 8 6 4 1 359 1 6 8 10 10 10 12 14 15 15 12 10 8 8 10 11 15 18 19 20 24 27 28 28 27 27 28 29 29 30 32 33 33 37 41 42 45 45 45 48 52 54 54 54 55 56 59 60 57 52 49 46 43 39 35 35 36 36 34 32 31 32 33 31 25 22 26 30 30 27 24 20 23 29 26 22 28 33 31 26 31 37
11 11 11 11 11 10 10 9 9 8 7 5 3 1 1 2 4 6 8 9 9 12 15 17 17 17 15 13 13 15 17 18 19 21 25 29 29 28 27 27 29 30 30 30 33 36 38 44 51 56 60 63 68 73 77 76 70 65 65 69 74 75 77 82 81 72 63 50 35 32 34 35 34 29 24 23 24 25 23 21 23 27 27 26 24 21 25 30 26 20 28 37 35 30 36 43
12 11 11 11 10 10 10 9 9 8 7 5 4 4 3 3 1 0 4 8 9 12 17 21 23 22 18 16 15 16 18 19 20 22 24 27 27 27 27 28 31 34 38 41 46 47 46 45 49 55 59 62 67 73 80 85 83 74 65 63 65 64 64 69 78 84 83 73 44 30 33 34 32 26 20 20 24 27 26 25 25 26 26 28 29 27 29 34 31 27 33 43 43 41 48 54
12 11 11 10 10 10 10 10 9 8 7 5 4 3 5 5 2 359 360 6 10 14 20 23 24 21 18 16 16 18 20 20 20 21 21 23 26 29 32 37 44 50 56 62 62 59 54 45 42 45 48 49 49 52 56 61 63 56 46 45 47 45 42 41 44 50 52 55 57 26 25 30 29 26 23 25 29 33 35 34 31 28 29 34 36 36 38 41 40 39 47 57 59 60 64 67
12 12 11 10 10 10 10 9 9 8 6 5 3 1 2 4 4 3 2 5 10 14 18 21 22 19 16 16 18 18 17 17 17 19 22 27 35 41 46 53 58 58 55 53 49 46 45 43 40 39 39 35 31 30 33 36 38 33 28 33 36 36 34 31 33 36 35 35 36 18 355 22 29 29 27 28 32 37 39 39 34 33 37 43 45 47 49 52 51 51 56 64 65 65 68 71
12 12 11 10 10 10 9 9 8 7 6 5 3 359 357 1 5 7 6 6 9 12 16 18 18 17 15 15 16 15 15 17 21 27 37 45 50 53 52 50 47 41 37 37 36 34 36 36 33 31 30 27 24 25 28 31 34 29 22 25 31 33 33 29 29 34 34 31 31 26 12 10 30 29 27 29 32 36 36 37 36 38 44 50 55 59 61 62 64 59 53 54 55 56 59 62
12 11 11 11 10 9 9 8 7 7 6 5 3 360 356 358 3 7 9 9 11 13 15 16 17 18 17 15 14 16 19 24 31 37 41 42 40 38 36 34 32 31 32 34 34 33 32 29 26 24 24 24 25 27 29 31 32 29 22 23 29 32 31 28 28 31 33 32 31 30 24 16 19 22 22 27 30 33 38 43 46 49 52 55 59 64 65 63 63 60 53 50 50 50 51 54
11 11 11 10 10 9 8 8 7 6 6 5 3 1 358 358 2 7 10 12 14 15 14 15 17 19 18 16 16 19 25 30 32 33 33 33 33 31 29 30 30 31 33 33 33 32 29 23 23 25 25 25 27 28 28 28 28 28 24 24 29 33 31 28 27 29 33 34 33 30 24 17 18 21 21 25 35 46 56 60 62 63 60 56 53 53 52 52 55 55 51 48 50 49 48 47
12 11 11 10 9 9 8 7 6 6 6 5 4 2 1 0 3 7 10 12 13 14 13 14 16 17 17 18 19 21 25 28 30 32 33 34 33 30 27 26 26 27 29 29 28 27 25 22 24 28 30 28 27 25 24 24 26 27 27 27 31 36 34 30 29 31 34 34 30 26 22 19 21 23 22 23 37 55 63 64 62 61 55 48 46 46 46 47 52 53 45 39 46 49 48 46
12 11 10 10 9 8 8 7 7 6 5 5 4 3 3 3 5 7 8 9 11 11 12 12 14 15 17 18 19 20 22 25 27 28 27 26 25 22 19 21 23 25 26 27 25 25 26 26 25 28 30 28 25 22 21 23 25 27 29 30 33 36 36 31 30 30 30 29 27 24 23 23 25 27 24 21 26 36 44 50 51 49 47 44 41 44 46 47 51 51 43 33 41 48 49 47
11 11 10 9 9 8 7 7 6 6 5 5 4 3 3 4 5 6 7 8 9 10 10 11 13 15 17 18 19 19 20 20 21 20 18 18 19 19 18 20 23 24 25 25 26 27 28 26 24 25 27 26 25 23 22 23 25 26 28 31 32 35 35 30 28 27 24 24 26 27 27 28 30 32 27 18 19 27 34 39 43 44 45 42 38 40 42 44 48 48 40 29 34 44 45 44
10 10 10 9 8 7 7 7 6 5 4 4 4 4 3 4 4 5 6 7 8 9 9 11 12 14 16 18 19 18 16 14 14 15 16 17 20 23 23 23 23 23 24 26 28 27 24 23 22 23 25 26 26 26 23 22 23 24 25 30 32 34 35 30 25 21 20 23 28 30 30 30 32 33 26 14 12 21 28 34 38 39 41 41 36 35 36 39 44 44 37 26 30 41 44 43
10 10 9 8 7 7 7 6 6 5 4 3 4 4 3 3 3 4 5 6 7 8 9 10 12 13 16 19 20 18 14 10 11 15 18 21 24 26 25 23 21 21 23 26 26 22 21 23 23 24 26 27 27 26 24 22 22 23 22 27 31 34 35 28 21 19 21 27 32 34 34 33 34 32 25 16 11 17 25 32 36 37 38 40 37 34 32 37 43 44 38 27 31 42 45 44
10 9 8 8 7 7 6 6 5 4 3 3 3 3 3 3 3 3 4 5 6 7 8 10 11 14 18 22 23 18 13 10 10 15 19 23 25 26 24 21 19 19 20 21 21 21 23 25 26 25 27 27 26 24 23 22 22 23 22 25 31 34 32 27 22 23 29 34 39 41 40 36 33 30 26 23 19 19 23 29 34 35 35 37 38 36 33 38 45 46 37 27 33 41 44 44
10 9 8 7 7 6 6 5 4 3 3 3 2 2 2 3 3 3 4 4 5 6 7 9 10 13 18 22 23 19 15 11 9 11 16 20 23 25 23 19 17 16 16 17 21 23 26 26 26 26 26 27 27 26 23 21 22 25 27 27 29 29 27 26 25 26 30 35 39 42 42 36 31 29 26 24 28 27 20 22 27 30 30 32 35 34 30 33 43 45 34 24 30 38 42 43
9 9 8 7 6 6 5 4 3 3 3 2 1 1 1 2 2 3 3 4 5 5 6 7 9 12 16 20 22 21 18 14 10 7 10 16 20 23 21 16 14 14 13 16 20 22 24 25 25 24 25 28 28 26 21 18 21 27 29 26 24 25 26 28 30 30 30 32 36 38 38 34 30 28 23 21 29 33 23 14 21 26 28 29 32 32 28 30 39 42 31 20 25 34 38 40
9 8 7 6 5 5 4 3 2 2 2 2 1 1 0 1 1 2 2 3 3 4 4 6 8 10 12 16 19 21 21 19 14 9 7 10 15 20 21 16 13 12 11 14 16 16 19 23 25 23 22 24 25 23 19 15 19 25 25 21 23 26 29 32 35 36 33 32 33 35 37 35 30 26 21 17 26 35 30 15 16 23 27 29 32 33 30 31 38 40 33 20 20 31 35 37
8 7 7 6 5 4 3 2 2 2 2 1 1 0 360 360 0 0 1 2 2 3 3 4 6 7 7 10 14 19 21 21 17 13 8 4 7 14 17 14 10 9 9 11 12 13 16 20 24 21 17 20 23 23 21 14 13 20 23 22 24 29 31 32 34 35 32 30 32 34 36 34 29 26 21 18 24 36 38 28 17 18 24 31 36 38 37 36 40 41 36 27 21 27 33 34
7 7 6 5 4 3 2 1 1 1 1 0 360 359 359 359 359 359 360 0 1 2 3 3 3 3 1 3 9 14 17 20 20 14 5 0 2 8 11 9 7 7 9 11 10 11 14 16 18 17 14 17 21 23 23 15 11 17 25 29 29 32 35 35 35 35 30 28 33 37 37 35 32 29 24 20 24 36 43 40 27 15 22 34 41 43 41 40 40 40 38 35 29 28 33 35
7 6 5 5 4 2 1 1 0 360 360 359 359 359 358 358 358 358 359 360 0 1 2 2 1 359 357 360 5 10 16 20 18 12 3 360 2 5 7 6 5 7 8 11 12 11 12 11 13 15 16 17 21 26 26 20 17 21 29 35 36 36 40 41 41 36 28 28 38 44 43 40 38 32 22 19 22 31 40 42 34 19 22 33 38 38 37 37 39 40 40 41 40 40 45 46
6 5 4 4 2 1 0 0 359 359 359 358 358 358 358 357 357 358 358 359 359 360 1 1 359 357 357 359 5 12 17 16 13 10 5 1 1 3 4 6 7 8 10 13 14 13 12 12 15 20 21 23 26 31 31 25 24 27 34 42 40 35 37 42 43 37 26 28 40 47 46 41 36 27 19 18 21 27 36 41 36 25 23 31 36 38 40 42 44 45 46 46 47 50 56 57
5 5 4 3 1 360 360 359 358 358 358 357 357 357 357 357 357 357 357 357 358 358 359 359 358 356 356 358 3 8 9 8 9 11 9 1 359 1 4 8 12 13 14 15 16 16 16 17 21 26 27 28 30 33 33 26 23 29 36 44 43 34 30 36 41 37 25 23 37 44 41 32 27 21 17 17 18 24 33 40 38 31 30 32 37 43 48 48 49 50 51 51 51 52 53 50
5 4 3 1 359 359 359 358 357 357 356 356 356 356 356 357 357 357 356 357 357 357 357 357 357 356 355 356 358 359 1 4 9 14 12 360 355 1 7 11 15 15 16 18 19 19 21 24 27 29 30 31 32 34 34 28 24 28 36 42 40 29 21 28 37 38 28 22 33 39 34 26 24 21 17 15 15 19 28 36 37 35 35 35 34 37 43 44 43 45 48 50 51 52 49 40
3 3 2 360 358 358 358 357 357 356 355 355 355 355 356 356 356 356 356 357 356 356 356 355 355 356 355 355 354 354 356 2 8 12 12 4 356 2 10 13 16 19 21 24 25 25 27 29 30 32 32 34 35 36 36 33 29 30 37 42 40 29 16 21 34 38 36 29 30 34 31 28 28 24 19 16 14 17 25 33 35 34 35 37 34 32 38 40 38 40 42 44 46 49 48 40
2 2 0 359 357 357 357 356 356 355 354 354 354 355 355 355 355 356 356 356 356 356 355 354 354 355 355 355 355 353 353 358 3 6 9 9 5 6 13 17 22 26 28 27 27 28 28 28 29 29 31 33 34 33 32 31 32 34 39 46 46 35 18 16 29 37 38 33 29 31 33 35 34 30 24 18 16 22 31 36 36 35 37 41 41 33 34 37 35 34 36 39 43 49 51 44
1 360 358 357 357 357 356 355 355 354 354 354 354 354 354 355 355 355 355 355 356 356 355 355 354 354 354 356 357 354 351 352 356 1 9 13 13 14 20 26 28 29 28 26 26 26 25 25 27 28 29 29 29 28 26 27 30 33 37 44 46 38 22 14 22 33 37 36 32 32 37 43 42 34 25 20 19 26 36 39 38 37 39 43 46 40 30 32 33 31 32 37 43 49 48 39
360 358 356 355 356 356 355 354 354 353 353 353 354 354 354 354 354 355 355 355 356 356 356 355 354 354 354 355 355 351 349 350 353 1 10 15 18 24 29 30 28 26 25 24 24 24 23 23 25 27 27 25 24 26 26 25 26 30 33 37 41 38 26 15 17 30 39 41 38 34 37 40 37 28 22 23 20 20 31 37 35 35 38 41 45 43 28 25 31 31 31 37 43 47 45 37
357 356 355 355 355 355 354 354 353 352 353 353 354 354 354 354 354 355 355 355 356 356 356 355 354 354 353 352 349 347 348 350 354 2 10 16 23 30 31 27 24 22 21 21 22 21 20 19 20 23 23 19 19 24 25 21 20 24 27 29 32 32 28 20 18 29 43 47 42 35 32 29 27 24 23 25 18 11 25 35 32 29 33 37 43 42 31 21 26 31 32 37 46 51 48 42
355 354 354 354 354 354 353 353 352 352 353 353 354 354 354 354 354 355 355 355 355 356 356 355 355 354 352 349 346 346 348 350 354 1 9 18 22 24 25 25 23 21 19 16 17 19 18 16 16 20 21 17 14 17 19 16 13 16 20 23 25 29 31 28 22 28 44 49 42 33 28 26 28 28 25 25 16 4 15 29 30 29 33 39 45 45 35 22 21 28 31 38 50 54 50 45
354 352 352 353 353 353 353 352 351 352 353 353 353 354 354 354 354 355 355 355 355 356 356 356 355 354 352 348 346 348 349 349 352 360 10 17 17 18 21 22 21 19 15 13 14 17 17 15 13 17 21 16 8 8 14 16 12 13 19 24 27 31 35 36 28 28 41 45 38 30 28 32 36 29 23 23 14 3 9 24 29 30 33 38 44 45 36 24 21 26 30 39 50 55 52 46
353 352 353 353 353 353 352 352 352 353 353 353 353 354 354 354 355 355 355 355 356 356 356 356 356 355 353 351 349 349 350 351 353 359 8 13 14 15 15 16 15 14 14 14 12 11 12 12 12 14 18 15 7 6 13 19 19 19 25 32 34 34 35 36 33 30 36 38 31 28 30 34 33 22 18 20 13 5 8 22 30 29 31 35 37 36 31 25 25 27 30 40 49 54 52 45
353 353 354 354 354 353 352 352 353 353 353 353 354 354 354 355 355 356 356 356 356 357 357 357 356 356 355 353 351 350 352 355 356 359 2 5 9 9 7 7 9 12 14 13 9 8 11 15 16 16 18 18 13 11 17 25 27 29 34 40 39 34 32 33 33 31 29 29 27 26 28 29 26 17 15 17 13 7 10 21 27 28 31 34 33 31 29 30 31 31 33 39 46 50 46 37
354 354 355 355 354 353 353 353 354 354 354 354 354 354 355 355 356 356 356 357 357 357 357 357 358 357 356 355 353 352 354 357 358 357 357 359 0 1 2 4 8 14 14 11 10 13 18 22 22 20 20 20 17 17 21 28 31 34 37 41 39 34 31 30 30 28 23 22 24 23 22 23 22 16 15 17 14 11 14 20 25 28 30 31 31 31 33 35 36 36 36 38 45 50 45 36
356 356 356 355 354 354 355 355 354 354 355 355 355 355 356 356 356 357 357 357 358 358 358 358 358 358 357 356 355 355 356 357 357 356 355 353 353 355 360 5 11 14 13 12 15 20 24 23 20 16 17 20 20 20 25 31 33 35 37 37 35 33 30 28 27 26 24 22 22 21 21 23 23 21 20 21 17 15 18 23 26 26 27 31 34 35 36 39 41 42 41 41 48 53 48 41
358 357 356 355 355 356 355 355 355 355 355 355 356 356 356 357 357 357 357 358 358 359 359 359 359 358 358 358 358 357 357 358 357 356 354 351 350 353 359 4 8 11 13 15 18 22 23 20 15 13 17 23 26 27 31 35 36 35 34 32 30 29 26 22 22 23 25 25 22 22 25 28 29 29 29 27 21 18 21 23 23 24 29 37 39 38 38 40 43 45 45 45 52 54 49 43
360 358 356 357 357 357 356 356 356 356 356 356 357 357 357 357 357 358 358 359 359 359 360 360 359 359 360 360 359 359 358 358 357 356 354 353 352 353 357 0 4 8 15 18 20 21 19 15 13 16 22 27 31 34 36 37 37 34 30 25 23 23 21 18 21 24 26 28 25 25 30 32 35 36 34 30 23 18 20 23 25 30 39 44 42 39 39 39 41 44 46 48 52 52 49 44
0 359 357 359 359 358 356 356 357 357 357 357 358 358 358 358 358 359 359 360 0 0 1 0 0 1 1 1 1 0 360 359 358 357 355 354 354 353 354 357 1 6 14 18 19 18 15 14 16 20 25 30 33 35 34 33 33 30 26 19 17 20 21 22 25 29 30 30 28 27 30 34 37 38 36 33 27 22 23 29 35 41 44 43 41 39 38 39 41 43 45 48 49 48 47 44
0 360 360 1 2 359 357 356 357 357 357 358 358 359 359 359 359 360 0 1 1 1 1 1 2 2 2 2 2 2 1 1 0 359 357 355 355 355 354 355 359 4 11 15 16 15 14 15 19 22 27 33 36 36 33 31 29 25 20 15 14 21 27 30 32 33 32 30 29 30 32 35 37 38 37 34 30 27 29 35 40 42 41 39 36 35 36 37 38 40 43 47 48 47 46 44
1 1 2 4 3 1 358 357 356 358 358 359 359 359 360 360 0 0 1 1 2 2 2 2 3 3 3 3 3 3 3 2 2 1 359 357 356 356 356 356 359 4 8 10 12 14 16 18 22 25 29 33 34 32 30 28 25 20 16 16 18 25 33 37 36 33 31 30 30 31 33 35 36 37 36 33 30 28 30 34 37 38 37 35 33 33 33 32 34 37 41 47 48 47 47 47
3 3 4 5 3 1 0 359 357 357 359 359 360 0 1 1 1 1 2 2 3 3 3 3 4 4 4 4 4 4 4 4 3 3 1 358 357 357 357 359 1 3 4 5 9 14 18 22 27 31 32 32 30 26 24 22 20 18 18 20 24 31 39 42 37 32 30 30 31 33 35 36 37 36 34 31 28 27 30 34 36 36 36 34 33 32 30 31 34 38 41 46 48 49 49 49
6 5 5 4 2 1 3 2 359 358 359 0 1 1 1 2 2 2 3 3 3 3 4 4 4 5 5 5 5 5 5 5 5 4 3 1 359 358 359 360 2 3 2 2 7 14 19 25 32 34 31 29 26 23 21 20 19 21 23 26 31 36 43 44 37 31 29 29 31 33 35 36 36 35 33 31 28 27 30 33 36 38 39 37 34 32 32 35 38 41 42 46 49 50 50 48
11 8 4 3 1 1 4 5 3 360 360 1 2 2 2 3 3 3 4 4 4 4 5 5 5 6 6 6 6 6 6 6 6 6 5 4 2 0 360 360 2 3 1 0 5 14 20 24 28 26 20 19 22 22 20 20 22 25 29 32 34 37 43 44 35 28 27 28 31 33 34 34 33 32 33 32 30 29 31 34 36 39 41 41 39 38 38 39 41 43 44 46 47 48 48 44
14 10 3 1 1 2 4 6 6 3 2 2 2 3 3 3 4 4 4 5 5 5 6 6 6 7 7 7 7 7 7 7 7 7 7 6 5 3 1 0 1 3 2 0 4 14 18 18 19 17 15 17 20 21 22 23 24 27 31 34 35 37 43 42 32 25 24 26 29 31 30 30 30 31 33 33 31 32 35 36 36 38 40 40 41 43 42 41 42 44 45 45 43 43 43 38
13 10 4 0 1 3 4 7 10 8 4 3 3 3 4 4 5 5 5 6 6 6 6 7 7 8 8 8 8 8 8 8 8 8 8 8 7 6 4 1 360 2 4 3 4 10 13 11 11 13 15 19 21 23 27 26 24 26 30 33 34 37 41 39 29 22 20 22 26 27 27 28 31 33 34 33 32 33 36 35 34 36 37 36 37 40 42 42 42 43 44 43 40 39 44 44
