windninja/windninja_output/Output_2025-08-09_1200-1250_Google earth_Fire_150m_10min/merlingen_7.5mi_point_08-09-2025_1230_150m_ang.asc
ncols	158
nrows	163
xllcorner	391686.332397
yllcorner	5160024.123721
cellsize	150.000000
NODATA_value	-32768.000000
[rows 0 to 55 of 163, columns 0 to 95 of 158]
13 12 10 8 8 10 10 9 9 9 10 10 11 14 18 22 25 21 17 16 11 6 8 11 14 15 15 12 12 14 15 16 18 17 16 19 22 23 23 21 19 19 20 21 21 22 24 21 14 12 12 12 13 15 16 18 18 18 19 18 17 17 18 17 15 16 17 19 20 20 19 19 20 19 19 20 22 25 24 22 22 23 25 27 29 28 26 27 29 28 27 28 27 26 28 31
15 13 9 8 8 10 11 11 10 9 9 9 10 13 17 20 19 14 11 11 8 3 4 10 15 16 15 12 12 15 16 17 17 16 16 18 20 19 18 17 16 16 17 18 17 17 18 16 11 11 12 13 15 17 19 19 18 18 18 18 17 17 17 16 15 16 18 20 21 20 19 19 19 19 19 20 22 24 23 21 22 24 25 28 29 27 24 26 29 28 28 28 28 27 27 30
15 12 9 8 9 11 13 13 10 6 4 6 8 11 15 17 14 10 8 8 7 1 359 7 15 17 15 13 14 16 18 17 17 15 14 15 16 15 15 14 13 13 13 13 13 12 13 13 11 10 11 13 17 19 19 18 17 16 17 18 16 15 16 16 15 16 18 21 22 20 19 19 19 18 19 20 21 23 22 20 21 24 26 27 28 24 20 22 26 28 27 27 26 25 24 24
9 10 10 10 10 10 10 8 5 3 3 5 7 9 12 13 12 10 11 11 10 4 359 2 10 14 15 14 14 15 17 17 15 13 12 12 13 15 14 12 11 10 10 10 10 10 10 12 13 12 11 13 15 17 17 16 16 16 17 17 16 15 15 16 16 16 18 21 22 21 19 19 19 19 20 20 20 22 23 21 19 23 26 24 25 23 17 17 21 22 23 23 21 19 19 18
2 6 11 11 10 9 5 3 2 4 7 7 6 8 8 10 12 13 14 15 13 7 360 358 3 9 12 12 12 13 14 15 14 12 10 12 13 13 11 9 8 7 7 8 9 10 11 12 13 14 14 15 16 17 17 17 17 17 16 17 17 16 16 16 16 16 17 20 22 22 21 21 20 20 20 21 21 22 24 24 21 22 25 23 24 24 17 12 13 15 18 19 17 14 13 12
1 3 8 10 10 7 3 2 3 7 10 7 5 6 7 9 14 17 18 18 16 9 0 354 357 3 8 11 11 11 12 13 13 12 12 11 10 9 8 7 6 6 7 8 10 12 13 14 14 16 17 18 17 18 18 18 17 17 16 15 16 16 16 16 16 16 17 20 21 21 21 22 20 18 19 21 22 21 23 26 25 23 23 23 23 25 20 11 8 9 11 14 13 10 8 9
4 3 4 7 8 7 5 5 7 9 8 6 4 4 7 10 14 18 18 17 16 12 3 353 352 358 4 7 9 10 11 11 11 12 12 10 8 7 8 8 8 8 10 11 13 15 15 15 16 17 18 19 18 18 19 19 18 16 15 14 14 14 15 16 17 17 17 19 20 19 19 20 19 17 17 19 21 21 22 24 26 22 21 22 24 26 24 17 8 3 3 7 10 10 10 11
6 5 3 3 5 7 7 9 10 9 6 4 2 3 7 10 12 16 17 16 15 13 8 357 350 354 360 2 5 8 9 9 11 12 12 10 9 9 11 11 12 13 14 15 16 16 16 17 17 18 18 18 18 19 20 19 17 15 13 11 11 11 14 16 17 18 17 18 19 18 17 18 19 18 17 18 22 24 24 24 25 22 18 20 21 23 23 19 13 4 359 1 7 11 13 12
6 6 6 4 4 7 9 12 11 8 4 1 359 1 6 10 11 13 15 16 15 14 11 4 356 352 356 360 2 6 7 8 10 12 12 12 12 13 15 17 17 17 17 17 17 16 17 18 17 17 18 18 17 19 20 18 15 13 12 11 12 12 13 16 19 19 17 16 17 18 18 20 22 21 20 20 23 26 26 25 25 22 16 14 15 15 17 16 11 6 3 4 6 7 7 7
6 7 7 7 6 8 9 10 9 6 3 359 356 357 3 9 11 11 12 13 13 13 11 7 2 355 354 359 3 4 6 7 9 12 13 14 15 16 19 20 20 19 18 18 18 18 18 19 18 16 18 19 18 18 19 18 15 15 16 17 18 16 14 17 20 19 17 16 17 20 22 23 23 23 23 23 26 26 23 21 21 20 15 10 10 10 12 11 7 7 8 8 5 4 6 8
7 7 8 8 8 8 8 8 7 5 3 360 356 356 0 7 9 9 8 9 11 12 12 9 6 1 358 1 3 4 6 8 9 11 14 17 18 19 20 20 19 19 19 19 21 21 19 21 21 19 20 21 19 19 21 23 23 24 27 28 27 25 21 20 19 18 18 18 19 23 25 24 22 22 24 26 28 24 16 14 16 19 17 12 8 6 6 7 6 9 13 11 7 7 10 13
8 8 8 8 8 8 8 7 6 5 4 1 358 356 358 2 5 7 6 6 8 11 12 11 9 6 5 4 5 5 8 11 11 12 16 19 21 20 19 19 20 21 21 21 23 24 23 26 30 31 31 30 30 32 36 39 40 41 43 45 47 46 38 27 20 19 20 21 21 22 23 23 22 20 21 22 21 18 11 8 12 16 17 13 7 4 5 8 7 8 13 15 12 10 13 16
8 8 8 9 8 8 7 7 6 5 4 2 0 358 358 359 0 3 5 6 6 9 12 13 13 14 12 9 8 8 10 12 12 13 17 21 22 20 19 19 21 21 22 23 26 28 31 36 44 47 48 51 57 64 68 66 60 57 58 64 70 69 63 54 40 30 27 21 14 14 18 21 21 16 13 12 13 13 10 8 10 13 13 12 9 7 8 11 10 8 13 19 17 12 16 22
9 9 8 8 8 8 8 7 7 5 4 3 2 1 1 360 357 357 1 5 6 9 13 17 19 18 15 12 10 11 12 12 13 14 18 20 20 18 19 20 23 26 30 34 38 40 40 40 43 47 50 54 59 67 76 81 78 68 60 57 56 51 43 40 43 48 39 4 349 360 12 17 17 12 7 7 10 12 13 12 10 10 10 12 13 12 13 16 16 13 17 24 25 23 27 33
10 9 9 8 8 8 8 8 7 6 5 3 2 1 2 3 360 356 357 2 7 11 16 20 20 18 14 12 12 13 14 14 13 14 15 16 19 22 24 29 36 44 51 57 56 53 48 38 35 38 41 41 40 42 45 49 49 43 35 33 33 29 23 21 23 22 15 0 332 327 352 6 10 9 8 9 11 15 18 17 12 9 11 16 20 20 20 24 26 25 30 40 45 45 48 50
10 10 9 8 8 8 8 7 7 6 5 3 1 359 0 2 2 1 359 2 7 11 15 18 18 16 13 13 14 14 13 12 12 13 16 21 28 35 40 47 53 53 51 47 42 39 38 34 31 32 31 27 22 21 23 26 27 22 17 19 21 20 18 17 18 19 14 9 1 336 325 344 360 7 9 10 13 19 21 17 11 10 16 23 28 31 34 38 39 39 43 51 53 54 55 58
10 10 9 9 9 8 8 7 7 6 4 3 1 358 356 359 3 5 4 4 7 10 13 15 16 15 13 12 13 12 11 13 16 22 32 40 45 48 47 45 42 35 30 31 30 28 29 29 25 22 22 20 16 16 19 23 25 20 13 13 16 18 18 16 16 19 16 11 8 2 343 328 339 354 3 8 14 18 16 15 15 18 24 32 40 47 51 54 55 47 40 40 42 43 45 48
10 10 10 9 9 8 8 7 6 6 5 3 2 359 355 356 2 6 7 7 9 11 13 13 14 16 15 12 11 12 15 20 27 34 38 37 35 33 31 29 27 25 25 28 28 27 25 23 18 15 14 15 16 18 20 22 23 20 13 11 15 18 18 16 14 16 17 14 13 11 2 350 343 344 351 2 10 13 16 21 27 31 35 42 49 55 57 54 51 42 34 35 36 37 38 40
10 10 10 9 9 8 8 7 6 6 5 4 2 0 357 357 1 5 8 11 13 13 13 13 15 17 16 14 13 16 22 27 30 30 30 30 28 26 25 24 25 25 27 27 27 26 21 15 15 16 15 15 17 19 19 18 19 19 15 13 16 20 19 16 13 14 17 18 17 12 6 0 357 355 352 354 5 18 33 44 48 49 46 43 42 43 41 40 40 37 28 29 34 34 34 35
11 10 10 9 9 8 8 7 6 6 6 5 3 2 0 360 2 6 9 11 12 12 12 13 14 15 15 16 16 18 22 26 28 29 30 31 29 25 22 21 21 22 23 23 22 20 17 14 15 19 20 18 15 14 14 14 16 18 17 16 19 23 21 17 14 14 18 19 14 9 6 4 5 6 3 2 11 31 47 50 47 44 38 32 32 33 34 35 38 36 24 20 29 33 33 31
11 10 9 9 9 8 8 7 7 6 5 5 4 3 3 3 4 6 8 9 10 11 11 12 12 14 16 17 17 18 20 23 25 26 24 23 21 18 15 16 18 20 21 21 19 17 18 18 17 19 20 18 15 10 10 13 15 17 19 20 22 25 22 16 14 14 14 13 10 9 10 10 11 11 8 7 13 22 29 34 33 31 29 26 25 29 33 35 37 34 24 16 24 32 32 30
11 10 10 9 9 8 8 7 7 6 5 5 5 4 4 4 5 6 7 8 9 10 10 11 12 14 16 17 18 18 18 19 19 18 15 15 16 16 15 17 19 20 20 19 19 19 20 19 16 16 17 17 15 12 10 12 13 15 19 22 22 23 21 16 13 11 8 8 10 12 15 17 17 15 9 5 8 16 22 26 28 29 29 25 21 24 28 31 33 30 23 15 20 29 29 27
11 11 10 9 8 8 8 7 7 6 5 5 5 5 4 4 5 6 7 7 8 9 10 11 12 14 15 17 18 17 15 13 13 13 13 14 17 19 19 19 19 19 19 20 21 20 17 16 15 15 16 16 16 15 12 11 11 12 15 21 22 22 21 15 9 6 5 8 13 18 20 20 19 17 10 2 2 10 17 23 27 27 28 26 20 19 20 24 27 27 22 15 19 27 28 26
11 10 10 9 8 8 8 7 7 6 5 5 5 5 5 4 5 5 6 7 8 8 9 11 12 13 16 19 19 17 13 10 9 13 16 18 21 23 22 19 17 17 19 20 19 15 15 16 16 15 17 17 17 16 13 11 11 11 12 17 21 22 20 12 4 4 7 13 20 24 24 22 20 15 10 5 2 4 11 20 26 27 27 28 23 16 14 18 25 28 24 18 20 27 29 27
11 10 9 9 9 8 8 7 7 6 5 5 5 5 5 5 5 5 6 6 7 8 9 10 12 14 18 22 22 18 12 9 9 13 17 20 22 22 20 17 15 15 16 15 15 15 17 19 19 17 17 17 16 15 13 12 12 13 12 14 19 20 16 9 5 7 14 22 29 32 30 23 16 13 13 13 8 3 6 15 22 24 25 27 26 20 14 17 25 29 24 19 22 27 29 28
11 10 9 9 9 8 8 7 6 5 5 5 4 4 5 5 5 5 6 6 7 8 8 9 11 14 19 23 23 19 14 10 8 9 14 18 21 22 19 15 13 12 11 11 14 18 20 20 19 18 17 18 17 15 13 11 12 16 17 16 15 12 9 10 11 13 18 26 31 34 29 18 12 13 15 16 17 9 1 5 13 18 21 24 25 22 16 16 24 27 21 15 19 25 27 28
11 10 9 9 8 8 7 6 6 6 6 5 4 4 4 4 5 5 6 6 6 6 7 8 10 13 17 21 22 21 18 13 9 6 9 14 18 20 18 13 10 9 7 10 14 17 19 19 18 16 17 19 18 14 9 8 14 19 20 14 8 4 6 13 18 21 22 26 29 29 23 14 11 14 14 14 19 18 3 356 4 12 17 19 21 21 17 18 24 26 18 10 14 22 26 27
11 10 9 9 8 8 7 6 5 6 6 5 5 4 4 4 4 5 5 5 5 5 6 7 9 11 13 17 20 21 21 19 13 7 5 8 12 17 17 12 9 7 6 8 11 12 14 17 18 16 15 17 17 13 9 7 13 18 15 9 6 6 9 17 24 27 26 26 25 23 20 16 14 13 12 11 17 21 13 358 357 6 12 15 18 20 20 21 26 27 20 8 8 17 23 24
10 10 10 9 8 7 6 6 6 6 5 5 5 4 3 3 4 4 4 4 5 5 6 6 7 8 8 11 15 19 22 21 17 12 6 2 5 11 13 10 7 5 5 6 7 9 11 15 18 15 11 13 15 14 12 8 8 12 13 9 7 11 16 20 24 28 26 24 22 19 19 18 16 15 13 10 13 22 23 10 358 359 6 12 18 24 25 25 28 29 25 14 6 11 18 20
10 10 9 9 8 7 6 6 6 5 5 5 4 4 3 3 3 3 3 4 4 5 5 5 5 4 3 5 10 14 18 20 20 13 4 359 1 6 8 6 4 4 5 6 6 7 9 11 13 12 10 11 14 16 16 10 6 9 14 13 11 17 23 25 27 27 23 20 20 19 19 20 21 20 16 11 12 22 28 22 5 355 0 12 22 27 27 25 27 29 28 23 12 8 12 16
10 10 9 9 8 6 5 6 5 5 5 4 4 4 3 3 2 3 3 3 3 4 4 4 3 1 359 1 7 11 16 20 18 11 2 359 0 3 4 3 2 3 5 7 8 7 7 6 7 10 11 12 15 19 20 16 12 12 15 18 18 22 30 34 33 27 19 17 22 24 23 26 27 22 14 10 11 19 27 27 14 360 359 9 18 21 21 21 24 28 30 30 25 17 13 16
10 9 9 9 8 6 5 5 5 4 4 4 4 3 3 3 2 2 2 2 2 3 3 3 1 359 358 0 6 13 18 17 13 9 4 360 360 0 1 3 4 5 7 9 10 8 7 5 8 13 15 16 19 24 25 20 18 18 19 24 25 25 30 35 34 25 16 15 23 28 28 26 23 15 9 9 12 17 24 27 21 10 5 8 14 17 20 24 29 32 34 36 36 32 25 18
10 9 9 8 7 6 5 5 5 4 4 4 3 3 3 3 2 2 1 1 2 2 2 2 0 358 358 360 4 9 10 9 9 10 7 360 357 358 0 5 8 9 10 11 11 11 9 10 14 18 19 20 22 26 27 21 18 20 24 29 30 25 24 29 32 25 13 10 20 28 26 18 12 9 7 8 10 14 21 27 26 19 14 12 14 20 26 30 34 38 40 40 39 37 30 17
10 9 9 7 6 6 5 5 4 4 3 3 3 3 3 2 2 2 1 1 1 0 360 0 360 358 357 358 359 0 2 5 9 13 11 359 353 358 3 8 11 12 12 14 14 14 14 17 20 22 22 22 23 26 27 22 16 19 26 31 30 21 16 21 28 27 15 7 15 23 20 13 11 10 8 6 6 9 16 25 28 25 22 18 15 18 25 27 29 33 36 37 37 35 27 15
9 9 8 6 5 5 5 4 4 3 2 2 2 2 2 2 2 2 1 1 0 360 359 358 358 358 357 356 355 355 357 3 8 11 11 3 355 359 7 10 13 16 17 19 20 19 19 22 23 24 24 25 26 27 27 24 19 19 27 33 31 20 10 14 25 29 24 12 9 15 16 16 16 14 10 6 4 5 12 23 27 26 25 24 18 16 23 25 24 27 30 30 30 29 24 17
8 8 7 6 5 5 4 4 4 3 2 2 2 2 2 2 2 1 1 1 0 360 359 357 357 357 357 357 356 355 355 358 3 5 8 8 4 4 10 15 19 23 24 23 22 22 21 21 21 22 23 25 25 24 23 21 20 21 27 36 36 25 10 9 20 28 27 18 7 8 17 22 23 19 13 7 4 8 14 22 26 27 28 31 27 18 19 24 22 21 22 23 26 29 28 20
8 7 6 5 5 5 4 3 3 3 2 2 2 2 2 1 1 1 1 0 0 360 359 358 357 356 356 357 358 355 351 353 356 1 7 12 12 13 18 24 26 26 25 23 21 20 19 19 20 21 22 21 21 20 17 17 20 23 26 33 36 28 13 6 13 24 26 21 14 13 22 30 29 20 12 8 8 14 21 22 24 27 31 35 35 25 13 18 20 17 16 20 25 30 27 18
7 6 5 4 5 5 4 3 3 3 2 2 2 2 1 1 1 1 1 0 0 360 359 358 357 356 355 357 356 351 349 350 353 0 9 14 17 23 28 28 26 24 22 20 19 19 18 17 19 21 20 17 17 18 17 16 18 21 23 27 31 28 17 7 8 18 26 26 22 22 26 27 22 13 11 12 9 10 19 23 21 23 28 32 35 29 13 11 17 16 15 19 24 26 24 20
6 5 4 4 4 4 4 3 2 2 2 2 2 2 1 1 1 1 1 1 0 360 359 358 357 356 355 353 350 348 348 350 354 1 9 15 23 30 30 26 22 19 18 17 17 16 14 14 15 17 16 12 12 16 17 13 12 16 18 21 24 24 20 12 9 16 27 31 29 26 22 16 12 12 14 14 6 3 15 24 21 18 23 27 32 30 18 9 11 15 16 19 24 27 28 28
5 4 4 4 4 4 3 3 1 1 2 2 2 2 1 1 1 1 1 0 0 360 359 358 357 355 353 350 346 347 348 350 354 0 9 18 22 24 24 23 21 18 15 12 13 14 13 11 11 14 14 10 8 10 12 9 7 9 13 16 18 23 25 22 14 16 28 34 30 23 14 11 15 18 17 12 4 359 8 20 22 21 23 26 31 31 22 10 8 13 17 21 26 31 33 30
4 3 3 4 3 3 3 2 1 1 2 2 1 1 1 1 1 1 1 0 360 360 359 359 357 356 353 349 347 348 349 349 352 360 10 18 17 17 20 20 19 16 12 9 10 12 12 10 8 11 14 9 2 2 8 9 6 7 12 16 21 26 31 30 20 17 27 32 26 16 12 17 23 19 14 9 3 359 3 15 22 23 24 26 29 30 21 11 9 12 16 22 31 37 35 30
4 3 3 3 3 3 2 2 2 2 2 1 1 1 1 1 1 1 1 0 360 360 360 359 358 357 354 352 350 349 350 351 353 359 8 13 14 14 14 14 13 11 10 10 8 7 8 8 8 9 11 8 1 359 6 12 12 12 17 25 28 29 30 30 25 19 24 26 19 15 18 22 21 12 6 6 4 1 3 14 22 22 22 24 24 21 17 14 13 13 14 23 34 39 35 27
4 4 4 4 4 3 1 2 2 2 1 1 1 1 1 2 1 1 1 1 0 0 360 359 359 358 356 354 351 350 352 354 356 358 2 5 8 8 5 5 7 9 11 10 6 4 7 11 12 10 10 10 6 5 9 16 19 22 27 33 33 27 25 26 25 21 17 17 15 16 20 20 15 8 3 4 5 4 7 15 20 20 21 21 18 17 20 21 20 17 17 23 32 35 30 22
4 4 4 4 3 2 2 2 2 2 2 2 2 1 2 2 2 2 1 1 1 1 0 360 360 359 357 355 353 352 354 356 357 357 356 358 359 360 360 2 6 11 11 7 6 9 14 17 16 12 11 11 10 11 14 20 24 28 31 34 32 25 21 21 21 18 12 11 14 16 16 16 13 8 5 7 9 9 11 14 17 18 17 15 15 20 25 27 26 23 21 22 28 33 29 24
5 5 5 4 3 3 3 3 2 2 2 2 2 2 2 2 2 2 1 1 1 1 0 0 0 359 358 356 355 355 355 356 356 355 353 352 351 353 357 2 8 10 8 7 10 16 20 18 14 9 8 12 14 15 19 24 27 29 30 30 26 22 19 15 13 12 11 11 13 15 15 16 16 13 12 14 14 14 15 17 16 13 12 14 20 27 29 31 31 29 26 24 28 33 33 29
6 6 4 3 3 3 3 3 3 3 3 2 2 2 2 2 2 2 2 2 2 2 1 1 0 360 359 358 358 357 356 356 355 354 352 349 348 351 356 1 5 7 8 10 14 18 18 14 7 5 10 17 20 22 26 30 31 29 26 23 21 18 14 9 7 8 11 13 13 15 17 20 21 21 22 22 18 16 17 16 12 9 12 22 30 30 30 31 33 34 31 27 29 34 35 33
7 6 4 4 4 4 3 3 3 3 3 3 3 3 3 2 2 2 2 2 2 2 2 2 1 0 0 360 359 358 357 356 356 354 352 350 350 350 353 357 360 3 9 13 16 17 13 8 5 8 15 21 27 30 32 32 31 27 20 15 13 12 9 5 6 8 12 16 16 16 20 23 26 28 28 26 21 16 15 14 12 14 23 32 33 31 29 29 31 34 33 29 30 34 36 34
8 6 4 5 6 5 3 3 3 3 3 3 3 3 3 3 3 3 3 3 3 3 3 2 1 1 1 1 0 359 358 357 356 354 352 352 351 350 351 353 356 1 8 14 16 13 8 6 8 13 19 26 30 31 30 28 26 21 14 7 6 8 7 7 9 13 16 19 19 18 20 24 28 31 31 29 24 18 16 18 22 26 31 32 31 29 28 28 30 32 31 31 32 34 36 34
7 7 6 7 8 7 4 2 2 3 3 3 3 3 3 3 3 3 3 3 3 3 3 3 2 2 2 1 1 0 359 358 357 356 354 352 351 351 350 351 353 358 6 11 12 9 6 7 12 17 23 30 32 32 29 25 21 14 8 4 4 8 11 13 14 16 18 19 20 20 23 25 29 31 32 31 27 22 21 24 28 29 28 27 26 25 25 26 26 26 29 33 35 35 36 35
8 7 8 9 9 7 5 2 1 2 3 3 3 4 4 4 4 4 4 4 4 3 3 3 3 3 2 2 2 1 1 360 359 358 355 353 352 351 351 351 353 357 2 5 6 6 7 11 15 21 26 30 30 27 24 20 15 8 4 5 7 12 18 20 18 17 17 19 20 22 24 26 28 31 31 29 25 22 23 25 27 26 25 23 22 22 22 21 20 23 28 36 38 38 38 39
9 8 9 10 9 7 6 4 1 1 3 3 4 4 4 4 4 4 4 4 4 4 4 4 4 3 3 3 2 2 2 1 0 359 357 354 352 352 352 353 355 357 358 359 2 5 9 15 22 27 29 28 24 20 17 14 9 5 6 9 14 19 25 25 19 16 17 19 21 23 25 28 30 31 29 26 23 21 23 25 26 26 25 23 22 20 18 18 20 25 30 36 40 41 42 42
12 10 9 8 7 6 7 7 3 1 2 3 4 4 4 5 5 5 5 5 4 4 4 4 4 4 4 4 3 3 2 2 1 360 358 356 353 352 353 354 356 356 355 356 359 4 11 20 29 31 27 23 19 16 13 9 6 8 13 17 21 26 29 26 19 16 17 19 21 24 26 28 29 29 27 25 22 21 22 24 26 28 28 25 21 19 18 20 24 29 32 37 42 45 45 41
17 12 8 7 5 6 8 9 6 2 2 3 4 4 5 5 5 5 5 5 5 5 5 5 4 5 5 4 4 4 3 3 2 1 360 358 356 354 353 354 355 355 353 353 357 5 12 20 25 21 15 13 15 14 10 6 8 13 19 23 26 26 28 26 18 15 16 18 22 24 25 26 26 26 26 25 23 21 22 24 27 30 31 29 25 23 22 24 28 32 35 38 41 42 41 32
19 14 6 4 5 5 7 10 9 6 4 4 4 5 5 5 5 6 5 5 5 5 5 5 5 5 5 5 5 4 4 3 3 2 1 0 359 357 355 353 354 355 353 352 356 5 11 13 14 12 9 10 13 13 10 8 11 17 23 27 27 25 27 24 17 13 14 18 21 22 22 23 24 25 26 26 24 24 24 25 27 29 30 30 29 28 26 26 29 34 36 37 36 35 30 12
17 14 7 2 4 6 6 10 13 10 6 4 4 4 5 5 6 6 6 6 6 6 5 6 6 6 5 5 5 5 5 4 4 3 3 2 1 359 357 354 352 353 354 355 356 2 7 6 5 6 9 12 13 13 14 12 13 18 23 25 25 24 24 21 15 12 12 15 19 20 20 22 25 27 26 26 25 25 25 23 23 25 27 27 28 29 28 28 31 33 35 34 30 27 22 4
13 13 10 5 5 7 7 10 14 14 9 5 4 4 4 5 6 6 6 6 6 6 6 6 6 6 6 6 6 5 5 5 5 4 4 3 2 1 359 357 353 353 356 357 356 357 359 359 359 3 9 12 12 13 15 15 15 19 22 22 21 20 21 20 15 12 12 13 17 20 23 27 28 27 26 25 24 24 24 21 19 21 24 25 26 28 29 29 31 34 35 32 26 20 18 7
