windninja/windninja_output/Output_2025-08-24_1100-1150_Google earth_Fire_150m_10min/merlingen_7.5mi_point_08-24-2025_1110_150m_vel.asc
ncols	158
nrows	163
xllcorner	391686.332397
yllcorner	5160024.123721
cellsize	150.000000
NODATA_value	-32768.000000
[rows 76 to 113 of 163, columns 0 to 83 of 158]
2.61 2.22 1.57 1.09 0.79 0.66 0.55 0.50 0.54 0.60 0.68 0.77 0.85 0.93 0.99 1.05 1.10 1.16 1.22 1.26 1.29 1.32 1.37 1.42 1.44 1.40 1.38 1.42 1.56 1.78 1.93 1.92 1.84 1.75 1.63 1.51 1.45 1.43 1.43 1.44 1.45 1.48 1.51 1.52 1.52 1.53 1.54 1.54 1.55 1.55 1.56 1.57 1.57 1.57 1.58 1.58 1.58 1.58 1.58 1.58 1.58 1.57 1.57 1.56 1.55 1.55 1.54 1.53 1.51 1.49 1.48 1.48 1.48 1.48 1.50 1.53 1.58 1.70 1.93 2.24 2.41 2.10 1.53 1.31
3.05 2.61 1.92 1.40 0.98 0.70 0.49 0.36 0.36 0.46 0.59 0.72 0.82 0.89 0.95 0.99 1.04 1.10 1.17 1.22 1.27 1.31 1.35 1.41 1.45 1.43 1.37 1.33 1.36 1.50 1.73 1.85 1.82 1.80 1.77 1.63 1.54 1.47 1.42 1.42 1.45 1.48 1.50 1.51 1.52 1.52 1.52 1.53 1.53 1.54 1.54 1.55 1.57 1.58 1.58 1.59 1.60 1.60 1.61 1.60 1.60 1.60 1.60 1.60 1.60 1.59 1.59 1.58 1.57 1.57 1.57 1.57 1.57 1.55 1.53 1.51 1.51 1.60 1.80 2.03 1.93 1.44 1.21 1.33
3.63 2.94 2.18 1.88 1.36 0.81 0.45 0.22 0.21 0.38 0.56 0.71 0.81 0.89 0.94 0.98 1.01 1.06 1.13 1.19 1.24 1.28 1.31 1.35 1.42 1.50 1.49 1.40 1.34 1.38 1.57 1.83 1.96 1.98 1.97 1.88 1.73 1.60 1.49 1.41 1.41 1.45 1.49 1.50 1.51 1.51 1.51 1.51 1.51 1.51 1.52 1.54 1.56 1.58 1.59 1.60 1.61 1.61 1.62 1.63 1.63 1.63 1.63 1.63 1.63 1.63 1.62 1.62 1.62 1.62 1.63 1.62 1.60 1.59 1.57 1.55 1.54 1.58 1.69 1.75 1.53 1.25 1.34 1.55
4.12 3.31 2.42 2.52 1.86 0.92 0.30 0.12 0.30 0.46 0.61 0.74 0.85 0.92 0.97 1.00 1.02 1.05 1.09 1.14 1.19 1.24 1.27 1.29 1.35 1.48 1.60 1.59 1.50 1.46 1.54 1.76 1.96 2.02 1.99 1.95 1.89 1.79 1.65 1.47 1.36 1.37 1.42 1.44 1.45 1.45 1.45 1.44 1.45 1.46 1.48 1.51 1.54 1.57 1.59 1.61 1.62 1.63 1.63 1.64 1.64 1.65 1.65 1.65 1.66 1.66 1.66 1.66 1.66 1.66 1.66 1.65 1.65 1.65 1.64 1.63 1.62 1.63 1.66 1.58 1.37 1.38 1.63 1.98
4.09 3.50 2.87 2.69 2.47 1.91 1.09 0.90 0.83 0.76 0.77 0.84 0.91 0.96 0.99 1.01 1.02 1.03 1.04 1.09 1.15 1.19 1.23 1.25 1.29 1.39 1.54 1.64 1.63 1.56 1.55 1.67 1.88 2.08 2.16 2.08 1.97 1.92 1.87 1.71 1.48 1.35 1.33 1.33 1.33 1.34 1.35 1.35 1.33 1.35 1.40 1.46 1.51 1.55 1.58 1.60 1.62 1.63 1.64 1.65 1.66 1.67 1.67 1.68 1.68 1.68 1.69 1.69 1.69 1.69 1.69 1.69 1.69 1.70 1.70 1.70 1.70 1.68 1.65 1.54 1.50 1.69 1.95 2.16
3.75 3.14 2.38 2.29 2.43 2.47 2.29 1.94 1.55 1.26 1.08 1.01 1.00 1.00 0.99 0.98 0.98 0.99 1.00 1.03 1.09 1.15 1.20 1.24 1.26 1.30 1.39 1.51 1.60 1.61 1.59 1.63 1.76 1.97 2.18 2.26 2.13 2.00 1.99 1.95 1.79 1.57 1.42 1.31 1.22 1.16 1.14 1.13 1.11 1.10 1.17 1.32 1.46 1.54 1.58 1.60 1.62 1.63 1.64 1.65 1.66 1.67 1.68 1.69 1.70 1.70 1.71 1.72 1.72 1.72 1.72 1.72 1.73 1.74 1.75 1.76 1.76 1.75 1.73 1.70 1.78 1.97 2.09 2.11
3.71 2.82 1.99 2.07 2.18 2.39 2.42 2.27 1.93 1.60 1.32 1.14 1.07 1.05 1.03 0.99 0.95 0.95 0.95 0.95 1.00 1.08 1.15 1.19 1.22 1.26 1.34 1.43 1.54 1.59 1.56 1.51 1.48 1.54 1.75 2.03 2.16 2.09 2.01 2.02 2.01 1.92 1.81 1.72 1.61 1.50 1.44 1.43 1.46 1.39 1.30 1.29 1.36 1.47 1.56 1.61 1.63 1.64 1.65 1.65 1.67 1.68 1.69 1.70 1.71 1.72 1.72 1.73 1.73 1.74 1.74 1.76 1.77 1.78 1.79 1.80 1.81 1.81 1.81 1.83 1.88 1.95 2.07 2.22
3.39 2.86 2.56 2.56 2.46 2.31 2.17 2.05 1.87 1.58 1.32 1.15 1.08 1.04 1.01 0.97 0.94 0.91 0.89 0.88 0.91 0.98 1.06 1.11 1.17 1.28 1.39 1.46 1.51 1.55 1.54 1.49 1.44 1.41 1.44 1.58 1.78 1.92 1.95 1.94 1.96 2.00 2.05 2.12 2.17 2.19 2.19 2.19 2.21 2.20 2.06 1.79 1.60 1.56 1.59 1.60 1.61 1.63 1.64 1.65 1.66 1.68 1.69 1.71 1.72 1.73 1.74 1.74 1.75 1.76 1.77 1.78 1.79 1.81 1.82 1.83 1.85 1.86 1.86 1.86 1.85 1.88 2.11 2.55
2.96 2.85 2.67 2.62 2.59 2.35 2.00 1.75 1.61 1.43 1.25 1.14 1.09 1.07 1.03 0.97 0.93 0.91 0.87 0.83 0.83 0.86 0.95 1.05 1.10 1.20 1.36 1.44 1.48 1.55 1.59 1.60 1.59 1.56 1.51 1.47 1.51 1.59 1.68 1.75 1.80 1.85 1.88 1.91 1.96 2.00 2.01 2.00 1.99 2.05 2.13 2.10 1.94 1.75 1.63 1.60 1.61 1.61 1.62 1.64 1.66 1.67 1.69 1.70 1.72 1.73 1.74 1.75 1.76 1.77 1.78 1.80 1.81 1.82 1.84 1.86 1.88 1.90 1.92 1.94 1.95 2.03 2.27 2.74
2.43 2.44 2.36 2.33 2.43 2.26 1.87 1.63 1.52 1.36 1.21 1.14 1.11 1.12 1.13 1.08 1.00 0.95 0.88 0.81 0.76 0.74 0.79 0.90 1.00 1.05 1.15 1.29 1.38 1.46 1.55 1.62 1.66 1.73 1.78 1.74 1.67 1.61 1.54 1.53 1.60 1.68 1.71 1.69 1.66 1.63 1.59 1.53 1.47 1.47 1.57 1.69 1.74 1.69 1.61 1.58 1.58 1.59 1.60 1.62 1.64 1.66 1.69 1.70 1.72 1.73 1.75 1.76 1.77 1.78 1.79 1.80 1.82 1.83 1.86 1.88 1.90 1.93 1.97 2.05 2.15 2.31 2.58 3.00
2.53 2.50 2.30 2.20 2.31 2.23 1.88 1.68 1.59 1.40 1.25 1.18 1.15 1.14 1.18 1.17 1.11 1.03 0.92 0.80 0.69 0.61 0.58 0.64 0.82 1.02 1.14 1.26 1.36 1.39 1.44 1.53 1.62 1.75 1.96 2.11 2.12 2.05 1.88 1.65 1.50 1.50 1.61 1.69 1.69 1.64 1.58 1.51 1.41 1.31 1.28 1.34 1.45 1.53 1.54 1.52 1.52 1.54 1.56 1.58 1.62 1.65 1.68 1.70 1.72 1.74 1.75 1.76 1.78 1.79 1.80 1.81 1.83 1.84 1.86 1.88 1.91 1.96 2.03 2.13 2.29 2.54 2.94 3.39
3.17 2.79 2.33 2.18 2.19 2.25 2.06 1.90 1.83 1.64 1.35 1.22 1.19 1.16 1.21 1.23 1.21 1.19 1.07 0.92 0.78 0.66 0.61 0.71 0.96 1.20 1.35 1.43 1.47 1.47 1.44 1.46 1.49 1.52 1.67 1.94 2.18 2.35 2.38 2.20 1.87 1.59 1.54 1.63 1.71 1.71 1.66 1.60 1.52 1.36 1.23 1.23 1.29 1.37 1.39 1.39 1.39 1.42 1.48 1.53 1.58 1.62 1.66 1.69 1.72 1.73 1.75 1.76 1.77 1.79 1.80 1.81 1.83 1.84 1.86 1.89 1.93 1.98 2.05 2.14 2.29 2.54 2.90 3.29
3.86 3.12 2.38 2.23 2.19 2.35 2.45 2.34 2.17 1.96 1.55 1.30 1.26 1.26 1.34 1.41 1.39 1.39 1.31 1.17 1.01 0.97 1.15 1.40 1.50 1.48 1.47 1.52 1.55 1.57 1.55 1.50 1.46 1.38 1.33 1.40 1.63 1.96 2.27 2.39 2.28 2.00 1.71 1.64 1.74 1.84 1.85 1.75 1.67 1.58 1.44 1.31 1.27 1.32 1.39 1.39 1.35 1.32 1.33 1.40 1.50 1.59 1.65 1.69 1.71 1.73 1.75 1.76 1.77 1.78 1.79 1.81 1.82 1.84 1.86 1.88 1.92 1.97 2.02 2.09 2.19 2.34 2.53 2.79
4.02 3.38 2.63 2.43 2.29 2.31 2.49 2.58 2.47 2.32 1.97 1.56 1.43 1.42 1.44 1.50 1.55 1.58 1.53 1.43 1.33 1.52 1.82 1.90 1.76 1.60 1.54 1.54 1.57 1.60 1.61 1.59 1.56 1.51 1.42 1.31 1.26 1.40 1.72 2.01 2.12 2.06 1.89 1.72 1.69 1.80 1.92 1.92 1.80 1.71 1.65 1.57 1.52 1.53 1.60 1.63 1.56 1.38 1.22 1.24 1.42 1.57 1.65 1.68 1.71 1.72 1.74 1.75 1.76 1.77 1.79 1.80 1.81 1.83 1.85 1.87 1.90 1.93 1.97 2.02 2.09 2.17 2.22 2.28
3.73 3.34 2.85 2.54 2.25 2.10 2.22 2.50 2.68 2.75 2.52 1.97 1.68 1.61 1.56 1.55 1.69 1.85 1.83 1.64 1.68 2.02 2.16 2.04 1.82 1.67 1.60 1.59 1.60 1.61 1.62 1.61 1.59 1.57 1.57 1.51 1.35 1.28 1.46 1.80 1.98 1.92 1.81 1.68 1.59 1.63 1.77 1.92 1.92 1.78 1.68 1.66 1.67 1.69 1.73 1.77 1.75 1.65 1.51 1.43 1.48 1.57 1.64 1.68 1.70 1.71 1.73 1.74 1.75 1.76 1.78 1.79 1.80 1.82 1.83 1.85 1.87 1.89 1.92 1.96 2.02 2.06 2.07 2.07
3.45 3.29 3.18 3.09 2.83 2.43 2.29 2.58 2.98 3.23 3.09 2.57 2.20 2.06 2.01 2.01 2.06 2.16 2.19 1.97 2.00 2.23 2.18 2.08 1.90 1.75 1.66 1.62 1.61 1.61 1.60 1.60 1.57 1.52 1.55 1.61 1.56 1.44 1.43 1.67 2.02 2.08 1.90 1.69 1.54 1.51 1.60 1.75 1.85 1.79 1.65 1.56 1.55 1.60 1.72 1.87 2.02 2.14 2.19 2.02 1.77 1.65 1.65 1.67 1.69 1.71 1.72 1.73 1.74 1.75 1.76 1.77 1.78 1.79 1.81 1.82 1.84 1.86 1.88 1.91 1.94 1.97 2.02 2.09
3.09 3.18 3.52 3.87 4.01 3.79 3.70 4.03 4.42 4.66 4.18 3.33 2.83 2.55 2.36 2.30 2.38 2.64 3.01 3.17 2.74 2.24 1.95 1.95 1.81 1.71 1.66 1.63 1.60 1.60 1.59 1.58 1.56 1.51 1.51 1.58 1.61 1.57 1.45 1.45 1.77 2.14 2.14 1.86 1.59 1.46 1.45 1.55 1.64 1.64 1.50 1.37 1.36 1.41 1.53 1.81 2.11 2.26 2.31 2.23 1.99 1.76 1.68 1.67 1.67 1.68 1.69 1.70 1.71 1.73 1.74 1.75 1.76 1.77 1.78 1.79 1.80 1.81 1.84 1.85 1.87 1.88 1.91 1.96
2.58 2.81 3.32 3.82 4.26 4.52 4.73 5.08 5.44 5.74 5.78 5.25 4.74 4.60 4.45 4.21 4.00 4.09 4.05 3.87 3.51 2.34 1.95 1.86 1.77 1.69 1.65 1.64 1.62 1.61 1.59 1.55 1.50 1.43 1.44 1.51 1.55 1.56 1.52 1.44 1.51 1.91 2.26 2.16 1.79 1.53 1.42 1.47 1.59 1.63 1.48 1.27 1.24 1.31 1.33 1.39 1.51 1.61 1.71 1.85 1.86 1.75 1.66 1.63 1.64 1.65 1.67 1.68 1.69 1.70 1.71 1.73 1.74 1.74 1.75 1.76 1.77 1.78 1.78 1.78 1.79 1.80 1.80 1.79
2.19 2.47 2.91 3.21 3.50 3.68 3.85 3.96 4.06 4.71 5.63 6.03 6.06 6.01 5.98 5.68 5.31 4.93 4.38 4.00 3.59 2.94 2.43 2.05 1.81 1.70 1.66 1.65 1.66 1.66 1.63 1.57 1.47 1.35 1.34 1.43 1.50 1.52 1.52 1.49 1.47 1.69 2.21 2.51 2.29 1.97 1.73 1.64 1.70 1.79 1.80 1.63 1.41 1.37 1.31 1.16 1.06 1.14 1.32 1.50 1.60 1.60 1.58 1.58 1.59 1.61 1.63 1.64 1.65 1.67 1.68 1.69 1.70 1.71 1.72 1.72 1.73 1.74 1.74 1.74 1.73 1.72 1.72 1.70
1.90 2.16 2.58 2.75 2.88 2.87 2.71 2.46 2.31 2.76 3.49 4.10 4.10 3.53 3.49 3.65 4.18 4.19 4.32 3.93 3.43 3.20 2.66 2.10 1.72 1.60 1.61 1.64 1.68 1.76 1.82 1.78 1.66 1.47 1.34 1.36 1.43 1.46 1.46 1.43 1.39 1.48 1.88 2.47 2.74 2.68 2.47 2.25 2.16 2.21 2.30 2.20 1.81 1.53 1.39 1.25 1.16 1.16 1.24 1.36 1.46 1.49 1.50 1.52 1.54 1.56 1.58 1.60 1.62 1.64 1.65 1.66 1.67 1.68 1.68 1.69 1.69 1.69 1.69 1.69 1.69 1.68 1.65 1.62
1.85 1.88 2.30 2.58 2.79 2.81 2.52 2.00 1.48 1.22 1.46 2.07 2.21 2.17 2.21 2.66 3.12 3.85 4.37 3.54 3.04 3.14 2.75 2.09 1.54 1.38 1.45 1.56 1.64 1.74 1.91 1.98 1.88 1.64 1.39 1.31 1.35 1.37 1.38 1.37 1.29 1.25 1.44 1.92 2.44 2.78 2.91 2.86 2.75 2.64 2.54 2.40 2.07 1.71 1.53 1.37 1.23 1.16 1.16 1.22 1.33 1.40 1.42 1.44 1.46 1.49 1.53 1.56 1.58 1.60 1.60 1.61 1.62 1.63 1.64 1.65 1.65 1.65 1.65 1.64 1.64 1.63 1.61 1.58
2.21 1.85 1.98 2.22 2.48 2.70 2.60 2.17 1.56 1.13 1.14 1.21 1.35 1.85 2.13 2.61 3.06 3.83 4.41 3.76 3.22 3.21 3.08 2.24 1.40 1.20 1.33 1.49 1.57 1.58 1.67 1.80 1.84 1.70 1.46 1.30 1.25 1.24 1.25 1.27 1.24 1.15 1.18 1.43 1.78 2.10 2.39 2.53 2.48 2.36 2.29 2.28 2.12 1.83 1.64 1.50 1.31 1.16 1.11 1.11 1.15 1.22 1.28 1.32 1.38 1.43 1.47 1.50 1.52 1.53 1.54 1.56 1.58 1.58 1.59 1.59 1.60 1.60 1.60 1.60 1.59 1.58 1.56 1.55
2.42 1.63 1.28 1.40 1.77 2.20 2.34 2.24 1.95 1.57 1.30 1.11 1.14 1.51 2.09 2.62 3.14 3.59 3.46 3.61 3.62 3.51 3.43 2.50 1.59 1.44 1.47 1.50 1.53 1.55 1.59 1.64 1.70 1.67 1.52 1.36 1.25 1.15 1.08 1.09 1.12 1.08 1.06 1.19 1.41 1.53 1.68 1.90 2.02 2.07 2.08 2.14 2.12 1.92 1.73 1.65 1.55 1.37 1.23 1.17 1.12 1.09 1.10 1.14 1.21 1.29 1.36 1.40 1.44 1.47 1.50 1.52 1.53 1.53 1.54 1.54 1.55 1.55 1.55 1.55 1.55 1.54 1.53 1.51
2.27 1.14 0.62 0.97 1.28 1.50 1.65 1.87 1.92 1.74 1.60 1.42 1.28 1.48 2.09 2.82 3.25 3.07 2.76 2.96 3.45 3.73 3.63 3.11 2.33 1.92 1.73 1.59 1.57 1.63 1.67 1.64 1.61 1.58 1.51 1.42 1.35 1.23 1.05 0.92 0.93 0.97 0.97 1.08 1.34 1.55 1.66 1.85 2.04 2.15 2.16 2.14 2.18 2.13 1.94 1.81 1.75 1.63 1.42 1.32 1.30 1.25 1.17 1.09 1.05 1.10 1.19 1.29 1.37 1.42 1.44 1.44 1.45 1.46 1.47 1.48 1.49 1.49 1.50 1.50 1.50 1.49 1.49 1.48
1.69 0.87 0.72 1.05 1.26 1.38 1.51 1.70 1.79 1.74 1.75 1.63 1.47 1.63 2.07 2.73 3.21 2.90 2.43 2.54 3.00 3.39 3.48 3.06 2.47 2.12 1.91 1.75 1.67 1.71 1.76 1.72 1.62 1.50 1.39 1.33 1.32 1.30 1.16 0.90 0.76 0.81 0.84 0.94 1.20 1.53 1.72 1.86 2.03 2.19 2.27 2.24 2.22 2.28 2.23 2.08 1.95 1.86 1.67 1.48 1.46 1.49 1.46 1.33 1.18 1.10 1.11 1.18 1.27 1.32 1.35 1.37 1.38 1.39 1.40 1.41 1.42 1.43 1.43 1.44 1.44 1.45 1.45 1.45
1.30 0.95 1.00 1.25 1.38 1.47 1.58 1.69 1.75 1.75 1.78 1.70 1.59 1.77 2.14 2.61 3.14 2.96 2.43 2.66 2.97 3.13 3.18 2.93 2.53 2.23 2.04 1.90 1.78 1.79 1.87 1.86 1.73 1.55 1.34 1.20 1.16 1.19 1.18 0.95 0.69 0.66 0.70 0.75 0.94 1.29 1.61 1.78 1.93 2.11 2.29 2.34 2.27 2.25 2.26 2.22 2.15 2.13 2.01 1.73 1.52 1.50 1.57 1.58 1.46 1.31 1.20 1.15 1.15 1.19 1.23 1.26 1.29 1.31 1.32 1.33 1.34 1.35 1.36 1.37 1.38 1.39 1.40 1.40
1.34 1.22 1.30 1.47 1.55 1.60 1.67 1.73 1.77 1.77 1.77 1.73 1.62 1.73 2.21 2.80 3.22 3.21 2.96 3.10 3.34 3.09 3.04 3.02 2.74 2.45 2.22 2.04 1.90 1.90 2.00 2.03 1.90 1.71 1.46 1.22 1.08 1.06 1.07 0.92 0.64 0.50 0.53 0.58 0.74 1.10 1.55 1.84 1.98 2.10 2.24 2.34 2.36 2.34 2.32 2.26 2.24 2.26 2.25 2.10 1.83 1.68 1.69 1.71 1.65 1.49 1.34 1.24 1.15 1.10 1.08 1.09 1.13 1.18 1.21 1.23 1.24 1.25 1.28 1.30 1.31 1.34 1.35 1.36
1.73 1.65 1.62 1.69 1.73 1.77 1.80 1.80 1.83 1.81 1.77 1.73 1.56 1.48 1.73 2.29 2.89 3.01 2.94 3.33 3.67 3.36 3.19 3.16 2.93 2.74 2.57 2.28 2.05 2.06 2.11 2.13 2.10 1.92 1.67 1.39 1.14 1.03 0.98 0.85 0.60 0.38 0.34 0.40 0.53 0.79 1.23 1.65 1.93 2.09 2.20 2.29 2.35 2.39 2.49 2.48 2.38 2.33 2.34 2.33 2.22 2.04 1.93 1.88 1.83 1.69 1.51 1.38 1.30 1.23 1.15 1.03 0.96 0.98 1.03 1.07 1.10 1.13 1.17 1.20 1.22 1.25 1.27 1.30
2.13 2.04 1.94 1.92 1.91 1.92 1.92 1.90 1.89 1.88 1.80 1.69 1.53 1.36 1.39 1.70 2.32 2.59 2.63 3.16 3.51 3.54 3.52 3.38 3.13 3.03 3.03 2.75 2.38 2.33 2.24 2.19 2.24 2.12 1.89 1.63 1.31 1.08 0.95 0.80 0.58 0.34 0.20 0.21 0.32 0.49 0.80 1.24 1.65 1.99 2.18 2.29 2.34 2.33 2.37 2.49 2.54 2.50 2.43 2.36 2.27 2.13 2.02 2.00 1.99 1.91 1.75 1.62 1.55 1.51 1.46 1.27 0.98 0.79 0.73 0.75 0.83 0.92 1.00 1.06 1.11 1.16 1.20 1.23
2.44 2.31 2.19 2.18 2.17 2.10 2.03 2.00 1.98 2.01 1.92 1.75 1.62 1.47 1.46 1.65 2.06 2.35 2.52 2.85 3.07 3.30 3.54 3.53 3.38 3.33 3.43 3.27 2.94 2.79 2.53 2.37 2.31 2.23 2.10 1.91 1.56 1.17 0.94 0.76 0.57 0.33 0.16 0.07 0.18 0.34 0.57 0.93 1.37 1.83 2.18 2.36 2.48 2.49 2.38 2.33 2.44 2.54 2.56 2.47 2.33 2.20 2.08 1.99 1.98 1.98 1.90 1.81 1.75 1.71 1.68 1.64 1.44 1.05 0.82 0.73 0.72 0.73 0.74 0.80 0.92 1.03 1.11 1.16
2.75 2.57 2.39 2.43 2.47 2.39 2.25 2.14 2.10 2.20 2.14 1.96 1.80 1.64 1.60 1.67 1.96 2.23 2.36 2.56 2.85 3.14 3.22 3.38 3.58 3.60 3.72 3.75 3.64 3.36 3.00 2.69 2.37 2.26 2.36 2.28 1.82 1.28 0.95 0.74 0.54 0.31 0.16 0.02 0.15 0.29 0.43 0.69 1.05 1.48 1.97 2.30 2.52 2.70 2.71 2.52 2.39 2.44 2.55 2.58 2.48 2.33 2.24 2.15 2.06 2.04 1.99 1.86 1.82 1.84 1.81 1.79 1.80 1.67 1.43 1.21 1.01 0.84 0.75 0.75 0.81 0.91 1.00 1.07
2.96 2.81 2.63 2.65 2.72 2.67 2.53 2.36 2.33 2.52 2.53 2.38 2.21 2.06 1.95 1.84 1.96 2.14 2.18 2.31 2.74 3.19 2.97 2.88 3.43 3.85 3.93 4.05 4.33 4.06 3.48 2.99 2.38 2.34 2.75 2.65 2.02 1.35 1.00 0.77 0.50 0.30 0.17 0.01 0.17 0.32 0.43 0.59 0.86 1.17 1.55 1.93 2.23 2.54 2.81 2.86 2.68 2.53 2.54 2.61 2.61 2.44 2.31 2.29 2.26 2.18 2.12 1.96 1.82 1.88 1.98 1.92 1.87 1.87 1.74 1.53 1.32 1.17 1.13 1.08 0.94 0.86 0.89 0.97
3.02 2.94 2.86 2.89 2.91 2.94 2.98 2.83 2.77 2.87 2.94 2.75 2.45 2.38 2.38 2.19 2.08 2.12 2.16 2.27 2.66 3.14 2.92 2.46 2.88 3.67 3.97 4.04 4.70 4.83 3.90 3.29 2.51 2.56 3.22 2.94 2.09 1.43 1.13 0.86 0.48 0.27 0.16 0.03 0.19 0.34 0.49 0.60 0.78 1.05 1.37 1.70 1.94 2.18 2.52 2.84 2.93 2.79 2.68 2.71 2.80 2.72 2.46 2.32 2.30 2.23 2.19 2.12 1.93 1.88 2.04 2.11 1.97 1.87 1.85 1.78 1.62 1.43 1.27 1.18 1.08 0.92 0.85 0.87
3.03 2.95 2.95 3.05 3.06 3.10 3.13 3.09 2.97 2.90 3.04 2.98 2.65 2.59 2.70 2.55 2.23 2.11 2.34 2.69 2.96 3.11 2.81 2.30 2.31 3.12 3.79 3.94 4.66 5.14 4.32 3.67 3.00 2.96 3.68 3.18 2.15 1.61 1.28 0.95 0.52 0.31 0.22 0.10 0.22 0.36 0.53 0.65 0.72 0.92 1.28 1.68 1.98 2.12 2.28 2.57 2.88 2.98 2.88 2.84 2.96 3.06 2.84 2.51 2.39 2.27 2.12 2.13 2.07 1.92 1.95 2.14 2.17 2.03 1.96 1.92 1.83 1.62 1.34 1.15 1.08 1.02 0.90 0.83
3.04 2.97 2.99 3.00 2.92 2.88 2.83 2.88 2.93 2.93 3.08 3.09 2.79 2.75 2.93 2.82 2.29 1.95 2.47 3.21 3.59 3.37 2.65 2.17 2.03 2.41 3.25 3.87 4.88 5.48 4.67 3.97 3.55 3.62 4.15 3.47 2.31 1.80 1.41 1.00 0.72 0.57 0.35 0.11 0.28 0.40 0.56 0.71 0.76 0.85 1.10 1.49 1.92 2.20 2.31 2.44 2.71 2.97 2.97 2.80 2.85 3.10 3.15 2.86 2.65 2.51 2.21 2.03 2.04 2.01 2.01 2.19 2.34 2.25 2.09 1.95 1.85 1.73 1.51 1.28 1.11 1.04 0.95 0.82
2.99 3.00 3.02 2.99 2.90 2.84 2.80 2.85 2.92 2.94 3.11 3.21 2.88 2.77 3.07 3.05 2.32 1.79 2.37 3.40 4.22 4.08 2.72 1.99 1.98 2.11 2.52 3.24 4.58 5.83 5.51 4.32 3.78 4.13 4.62 3.86 2.67 1.96 1.44 1.10 0.94 0.94 0.79 0.22 0.23 0.42 0.57 0.74 0.83 0.88 1.00 1.26 1.65 2.07 2.33 2.43 2.61 2.89 3.01 2.83 2.71 2.93 3.18 3.17 3.02 2.94 2.70 2.26 2.00 1.98 2.03 2.15 2.30 2.33 2.23 2.08 1.92 1.81 1.66 1.42 1.21 1.08 0.98 0.88
2.99 2.98 3.00 3.06 3.02 2.93 2.92 2.98 3.03 3.00 3.20 3.55 3.22 2.82 3.11 3.22 2.35 1.68 2.16 3.38 4.62 5.04 3.62 2.06 2.01 2.25 2.08 2.17 3.14 5.04 6.07 5.31 4.20 4.33 4.73 4.14 3.10 2.23 1.50 1.21 1.06 1.12 1.13 0.73 0.23 0.41 0.59 0.75 0.89 0.95 0.99 1.17 1.50 1.91 2.24 2.40 2.56 2.87 3.13 3.06 2.85 2.89 3.11 3.21 3.21 3.23 3.19 2.89 2.37 2.02 1.93 2.00 2.16 2.29 2.31 2.23 2.08 1.97 1.91 1.77 1.45 1.21 1.06 0.93
3.28 3.16 3.05 3.11 3.12 2.98 2.88 2.97 3.12 3.14 3.28 3.73 3.63 3.08 3.26 3.38 2.40 1.61 2.13 3.24 4.55 5.66 5.07 2.89 2.24 2.60 2.34 2.10 2.20 3.28 5.23 6.03 5.36 4.85 4.85 4.12 3.23 2.50 1.73 1.37 1.21 1.23 1.30 1.07 0.51 0.46 0.64 0.79 0.94 1.04 1.06 1.14 1.41 1.81 2.18 2.37 2.49 2.77 3.15 3.26 3.10 3.04 3.19 3.24 3.17 3.28 3.43 3.38 3.10 2.63 2.32 2.24 2.28 2.37 2.45 2.41 2.24 2.08 2.05 2.05 1.86 1.48 1.16 0.96
