windninja/windninja_output/Output_2025-08-24_1100-1150_Google earth_Fire_150m_10min/merlingen_7.5mi_point_08-24-2025_1110_150m_vel.asc
ncols	158
nrows	163
xllcorner	391686.332397
yllcorner	5160024.123721
cellsize	150.000000
NODATA_value	-32768.000000
[rows 114 to 151 of 163, columns 0 to 83 of 158]
3.46 3.42 3.30 3.21 3.26 3.20 2.99 2.92 2.96 3.06 3.21 3.61 3.71 3.47 3.68 3.68 2.51 1.59 1.90 2.65 3.83 5.47 6.08 4.48 3.45 3.34 3.17 2.77 2.46 2.48 3.61 5.51 6.26 5.90 5.12 3.91 3.09 2.61 2.03 1.64 1.49 1.47 1.51 1.37 0.94 0.73 0.85 0.94 0.98 1.08 1.16 1.21 1.34 1.69 2.13 2.39 2.47 2.63 3.00 3.30 3.26 3.17 3.30 3.45 3.30 3.26 3.46 3.57 3.52 3.27 2.92 2.68 2.51 2.39 2.49 2.60 2.46 2.20 2.04 2.07 2.09 1.86 1.50 1.24
3.35 3.52 3.61 3.47 3.41 3.40 3.33 3.13 2.93 2.92 3.08 3.33 3.45 3.66 4.18 4.16 2.73 1.51 1.56 1.89 2.87 4.45 5.98 6.10 5.15 4.14 3.75 3.64 3.65 2.86 2.98 4.79 6.62 6.93 5.63 3.99 2.94 2.52 2.20 1.89 1.78 1.80 1.85 1.77 1.39 1.06 1.03 1.06 1.06 1.13 1.26 1.35 1.38 1.54 1.97 2.34 2.46 2.53 2.81 3.19 3.31 3.26 3.32 3.50 3.48 3.33 3.43 3.58 3.61 3.50 3.29 3.08 2.85 2.50 2.31 2.51 2.66 2.44 2.13 2.03 2.12 2.05 1.81 1.60
3.16 3.44 3.69 3.65 3.51 3.41 3.42 3.44 3.35 3.17 3.15 3.02 2.98 3.43 4.36 4.63 3.10 1.48 1.35 1.55 2.40 3.59 4.89 6.11 6.37 5.43 4.36 4.17 4.33 3.44 3.06 4.34 6.39 7.56 6.31 4.17 2.95 2.57 2.56 2.32 2.10 2.10 2.15 2.12 1.80 1.32 1.08 1.07 1.16 1.25 1.37 1.49 1.51 1.52 1.80 2.22 2.43 2.48 2.65 3.00 3.22 3.27 3.34 3.48 3.53 3.43 3.45 3.57 3.67 3.66 3.55 3.47 3.43 3.17 2.55 2.30 2.51 2.63 2.36 2.02 1.99 2.01 1.83 1.72
3.00 3.31 3.63 3.66 3.54 3.37 3.26 3.41 3.67 3.76 3.60 2.89 2.48 2.92 4.23 5.07 3.61 1.48 1.26 1.49 2.13 2.96 3.71 4.87 6.15 6.59 5.89 5.24 5.38 4.05 3.09 3.50 5.24 7.35 7.17 4.87 3.45 3.00 3.06 2.99 2.80 2.63 2.52 2.48 2.26 1.73 1.42 1.42 1.46 1.51 1.58 1.65 1.68 1.66 1.74 2.16 2.48 2.54 2.60 2.83 3.04 3.20 3.41 3.59 3.62 3.53 3.53 3.62 3.71 3.76 3.73 3.73 3.83 3.89 3.54 2.83 2.45 2.58 2.62 2.33 2.11 2.04 1.85 1.72
2.95 3.16 3.54 3.70 3.58 3.38 3.16 3.19 3.48 3.85 4.08 3.23 2.21 2.41 3.75 5.34 4.60 1.78 1.04 1.11 1.30 1.86 2.50 3.17 4.21 5.67 6.20 6.23 6.59 6.04 4.41 3.64 4.39 6.33 7.36 7.17 6.02 4.69 4.26 4.07 3.74 3.44 3.11 2.83 2.59 2.23 1.90 1.82 1.80 1.77 1.73 1.74 1.78 1.77 1.78 2.08 2.47 2.61 2.65 2.78 2.91 3.00 3.25 3.59 3.79 3.80 3.77 3.81 3.83 3.80 3.76 3.76 3.87 4.13 4.26 3.88 3.12 2.75 2.76 2.68 2.52 2.31 1.99 1.76
3.01 3.11 3.46 3.74 3.54 3.26 3.15 3.09 3.21 3.43 4.02 3.71 2.26 2.13 3.15 4.95 5.35 2.87 0.84 0.65 0.57 0.71 1.38 2.01 2.61 3.35 4.03 4.61 5.79 6.44 5.87 4.95 4.68 5.54 6.68 7.64 7.64 6.68 6.03 5.78 5.39 4.67 4.07 3.61 3.31 2.96 2.43 2.07 1.95 1.85 1.77 1.75 1.81 1.82 1.81 1.97 2.36 2.61 2.70 2.80 2.88 2.88 2.96 3.23 3.53 3.73 3.77 3.85 3.96 3.89 3.70 3.62 3.71 3.97 4.36 4.55 4.13 3.44 3.04 2.81 2.64 2.46 2.16 1.88
3.00 3.08 3.44 3.89 3.66 3.13 3.09 3.12 3.15 3.08 3.53 3.82 2.52 2.06 2.83 4.45 5.57 4.25 1.57 0.37 0.34 0.09 0.55 1.26 1.81 2.16 2.48 2.90 3.60 4.38 5.05 4.92 4.62 5.21 5.89 6.56 7.06 6.90 6.15 6.07 6.45 6.25 5.61 4.98 4.49 3.99 3.35 2.81 2.43 2.11 1.94 1.89 1.91 1.95 1.92 1.94 2.25 2.55 2.68 2.80 2.90 2.87 2.84 2.81 2.70 2.78 2.80 2.90 3.39 3.76 3.72 3.53 3.47 3.60 4.01 4.56 4.78 4.37 3.71 3.20 2.81 2.57 2.28 2.01
2.90 3.02 3.41 4.07 4.31 3.83 3.72 3.72 3.45 2.88 3.12 3.89 2.77 1.84 2.57 4.14 5.68 5.15 2.81 1.00 0.04 0.40 0.54 0.94 1.48 1.77 2.00 2.34 2.92 3.47 3.82 4.26 4.60 4.88 5.58 5.89 5.73 5.97 5.05 4.59 5.54 6.30 6.27 5.44 4.78 4.35 3.87 3.34 2.87 2.50 2.20 2.05 2.07 2.11 2.06 2.05 2.30 2.57 2.67 2.75 2.82 2.72 2.62 2.60 2.42 2.37 2.15 1.71 2.00 2.93 3.41 3.44 3.30 3.21 3.43 4.02 4.71 5.01 4.69 4.06 3.43 2.97 2.52 2.21
2.73 2.94 3.26 3.75 4.42 4.69 4.87 5.04 4.59 3.32 3.05 4.00 3.02 1.46 1.84 3.22 5.37 5.86 3.83 2.02 0.82 0.54 0.84 1.13 1.52 1.66 1.74 2.15 3.04 3.57 3.41 3.88 4.49 4.49 5.23 5.52 5.03 5.49 4.69 3.53 3.83 4.90 6.06 5.74 4.61 3.95 3.49 3.02 2.75 2.57 2.36 2.19 2.15 2.15 2.13 2.15 2.35 2.63 2.71 2.73 2.68 2.54 2.50 2.59 2.69 2.90 2.75 1.88 1.33 1.67 2.47 2.94 3.09 3.03 2.99 3.26 3.93 4.77 5.22 5.09 4.49 3.74 3.02 2.64
2.44 2.66 2.87 3.00 3.48 4.11 4.68 5.38 5.76 4.85 3.90 4.44 3.32 1.26 1.20 2.15 4.23 6.08 5.27 3.30 1.99 1.17 1.00 1.28 1.60 1.73 1.78 2.30 3.36 3.53 2.91 3.42 4.12 4.10 4.81 5.28 4.70 5.18 5.14 3.58 3.01 3.79 5.46 6.37 5.40 4.16 3.39 2.81 2.65 2.64 2.55 2.40 2.28 2.24 2.18 2.06 2.07 2.34 2.37 2.48 2.62 2.62 2.67 2.75 2.87 3.23 3.45 3.00 1.94 1.27 1.52 2.10 2.48 2.66 2.65 2.65 3.01 3.79 4.69 5.33 5.46 4.98 4.06 3.33
2.40 2.56 2.69 2.64 2.86 3.45 3.96 4.68 5.73 5.74 5.51 5.41 3.36 1.41 1.10 1.59 2.91 5.14 6.23 5.07 3.37 2.21 1.48 1.36 1.50 1.62 1.79 2.61 3.63 3.08 2.26 3.14 3.90 3.83 4.42 5.11 4.50 4.51 5.03 3.96 2.93 3.03 4.25 6.18 6.51 5.21 3.96 3.14 2.81 2.86 2.88 2.75 2.54 2.43 2.34 2.19 2.13 2.34 2.36 2.24 2.51 2.90 3.00 3.02 3.10 3.26 3.51 3.65 3.16 1.96 1.33 1.46 1.65 1.82 2.06 2.14 2.27 2.76 3.57 4.41 5.16 5.55 5.15 4.14
2.46 2.68 2.81 2.71 2.84 3.28 3.67 4.15 5.15 5.65 6.23 6.72 4.62 1.97 1.35 1.46 2.04 3.36 5.27 6.23 5.74 3.89 2.45 1.82 1.75 1.79 2.22 3.22 3.22 2.07 1.66 2.95 3.91 3.66 4.00 4.93 4.43 3.95 4.56 4.15 3.05 2.59 3.12 5.04 6.59 6.14 4.74 3.60 3.07 2.97 2.94 2.90 2.81 2.69 2.59 2.57 2.74 3.06 3.21 2.85 2.79 3.13 3.29 3.31 3.39 3.46 3.47 3.66 3.78 3.24 2.20 1.68 1.50 1.28 1.27 1.43 1.53 1.74 2.27 2.93 3.55 4.58 5.35 5.04
2.30 2.59 2.80 2.65 2.74 3.12 3.52 3.84 4.46 5.11 6.05 7.56 6.80 3.48 2.33 1.81 1.69 2.31 3.51 5.18 6.17 5.85 3.82 2.65 2.71 2.82 2.84 2.85 2.12 1.15 1.21 2.75 4.07 3.71 3.66 4.66 4.55 3.74 3.78 3.81 3.09 2.35 2.43 3.79 5.93 6.49 5.46 4.27 3.57 3.22 3.03 2.90 2.86 2.82 2.71 2.66 2.84 3.28 3.69 3.60 3.36 3.34 3.36 3.35 3.44 3.56 3.56 3.61 3.81 3.86 3.47 2.80 2.14 1.52 1.12 0.90 0.86 0.97 1.21 1.71 2.28 3.13 4.41 5.15
2.21 2.49 2.75 2.56 2.58 2.98 3.48 3.77 3.94 4.43 5.40 7.25 8.06 6.44 4.49 2.73 1.81 2.15 2.92 3.87 5.09 5.91 5.41 4.25 3.96 3.74 3.05 2.20 1.45 0.83 0.82 2.29 4.07 4.23 3.95 4.44 4.55 3.91 3.29 3.25 2.92 2.14 1.87 2.64 4.75 6.26 5.76 4.56 3.84 3.39 3.18 3.05 2.89 2.82 2.75 2.65 2.71 3.09 3.54 3.61 3.49 3.42 3.36 3.34 3.45 3.57 3.61 3.64 3.73 3.84 3.92 3.69 3.00 2.23 1.60 1.06 0.64 0.55 0.72 1.03 1.57 2.31 3.17 4.15
2.20 2.45 2.72 2.52 2.39 2.64 3.16 3.62 3.73 3.89 4.46 5.94 7.76 8.42 7.41 4.37 2.67 2.65 3.07 3.64 3.94 4.74 5.57 5.25 4.88 4.66 3.62 2.34 1.34 0.76 0.63 1.58 3.43 4.47 4.87 4.93 4.62 4.03 3.27 3.00 2.72 2.13 1.61 1.69 3.27 5.57 5.92 4.67 3.93 3.52 3.23 3.15 3.10 3.03 2.92 2.82 2.81 3.02 3.37 3.47 3.45 3.46 3.45 3.48 3.55 3.64 3.67 3.69 3.75 3.77 3.92 4.08 3.72 2.88 2.14 1.57 0.90 0.51 0.45 0.53 0.83 1.49 2.30 3.10
2.16 2.38 2.62 2.38 2.14 2.23 2.52 3.01 3.29 3.37 3.58 4.35 5.78 7.53 8.47 7.85 5.12 3.69 3.65 3.86 3.19 3.21 4.77 5.66 5.68 5.35 4.21 2.69 1.59 0.96 0.77 1.00 2.19 3.58 5.00 5.97 5.58 4.26 3.39 3.09 2.73 2.25 1.72 1.32 1.94 4.20 5.63 5.22 4.50 4.03 3.63 3.37 3.20 3.11 3.00 2.93 2.95 3.11 3.38 3.49 3.50 3.54 3.57 3.61 3.67 3.73 3.73 3.74 3.78 3.83 3.95 4.22 4.29 3.73 2.82 2.14 1.44 0.74 0.50 0.43 0.32 0.47 1.07 1.96
2.20 2.43 2.73 2.49 2.14 2.27 2.48 2.57 2.63 2.65 2.69 2.88 3.46 4.59 6.34 7.98 7.46 5.92 4.87 3.81 2.65 2.48 3.56 5.33 6.40 6.00 4.46 3.13 2.30 1.45 0.97 0.77 1.04 2.23 3.77 5.82 6.86 5.65 3.98 3.42 3.03 2.53 2.08 1.55 1.32 2.42 4.47 5.15 4.96 4.42 3.91 3.61 3.25 3.07 2.98 2.89 2.94 3.19 3.49 3.58 3.53 3.53 3.60 3.65 3.72 3.79 3.80 3.76 3.78 3.86 4.01 4.22 4.45 4.40 3.84 3.02 2.12 1.22 0.72 0.53 0.40 0.29 0.13 0.50
2.29 2.49 2.89 2.86 2.46 2.53 2.86 2.98 2.75 2.28 2.01 2.02 2.31 3.06 4.12 5.68 7.57 7.58 5.61 3.34 2.49 2.26 2.60 4.00 6.31 6.80 4.58 3.47 3.04 2.13 1.37 0.81 0.55 1.16 2.45 4.32 6.56 7.21 5.85 4.50 3.85 3.19 2.70 2.15 1.42 1.40 2.66 4.03 4.69 4.42 3.86 3.61 3.37 3.15 3.00 2.83 2.77 3.02 3.38 3.55 3.49 3.38 3.40 3.58 3.68 3.77 3.84 3.77 3.75 3.84 4.04 4.27 4.41 4.56 4.43 3.98 3.06 1.88 1.25 0.91 0.51 0.35 0.34 0.23
2.29 2.41 2.71 2.97 2.82 2.66 2.91 3.47 3.77 3.02 2.10 1.85 2.02 2.56 3.50 4.63 7.23 8.36 5.86 3.37 2.58 2.18 2.18 2.82 5.10 7.08 6.01 3.97 3.27 2.50 1.73 1.08 0.49 0.45 1.56 2.88 4.71 6.71 7.19 6.58 5.57 4.47 3.81 3.18 2.22 1.42 1.57 2.65 3.91 4.18 3.76 3.55 3.40 3.23 3.08 2.92 2.83 3.00 3.32 3.49 3.53 3.48 3.29 3.44 3.63 3.68 3.78 3.74 3.67 3.73 3.95 4.22 4.40 4.61 4.62 4.39 3.85 2.68 1.92 1.67 1.11 0.40 0.28 0.35
2.34 2.37 2.48 2.81 3.06 2.82 2.62 3.09 4.14 4.49 3.30 2.34 2.26 2.69 3.32 4.53 7.05 8.16 7.01 4.58 2.84 2.12 2.01 2.40 3.85 6.43 7.09 5.23 3.66 2.76 2.00 1.37 0.66 0.45 0.85 1.86 3.17 4.81 6.21 7.05 6.79 5.61 4.86 4.43 3.59 2.60 2.00 2.19 3.19 3.77 3.57 3.38 3.32 3.25 3.17 3.08 3.03 3.16 3.49 3.70 3.81 3.83 3.61 3.55 3.70 3.69 3.72 3.66 3.49 3.54 3.79 4.03 4.21 4.57 4.90 4.79 4.27 3.11 2.18 2.03 1.78 0.98 0.20 0.23
2.53 2.57 2.54 2.74 3.14 3.03 2.62 2.55 3.21 4.50 4.70 3.72 3.50 3.68 4.12 5.56 6.82 7.27 7.08 6.25 4.39 2.32 1.90 2.11 2.66 4.66 7.04 7.19 5.20 3.46 2.50 1.80 1.06 0.71 0.66 1.02 2.18 3.35 4.60 6.06 6.75 6.12 5.37 5.03 4.48 3.84 3.09 2.69 3.09 3.63 3.64 3.42 3.28 3.23 3.16 3.12 3.14 3.28 3.50 3.71 3.90 3.96 3.85 3.77 3.85 3.88 3.82 3.74 3.41 3.16 3.40 3.77 3.96 4.21 4.83 5.28 4.95 3.63 2.27 1.96 1.95 1.53 0.75 0.18
2.61 2.82 2.83 2.84 3.15 3.23 2.95 2.63 2.53 3.26 4.34 4.39 4.19 4.71 6.14 6.71 6.24 6.09 6.10 6.34 5.68 3.46 2.14 1.91 1.79 2.75 5.27 7.50 7.18 5.01 3.36 2.60 1.90 1.09 0.82 0.78 1.20 2.27 3.76 5.30 5.99 5.95 5.56 5.00 4.74 4.49 3.88 3.31 3.35 3.73 3.82 3.63 3.38 3.22 3.10 3.05 3.13 3.33 3.46 3.59 3.80 3.93 3.93 3.91 3.99 4.09 4.03 4.01 3.77 3.05 2.72 3.12 3.57 3.85 4.47 5.36 5.64 4.77 2.93 2.10 1.89 1.60 1.19 0.66
2.36 2.83 3.12 2.89 3.05 3.14 3.07 2.94 2.67 2.72 3.21 3.62 3.71 5.07 7.65 7.08 5.45 5.33 5.30 5.70 5.70 4.27 2.80 2.09 1.57 1.79 3.43 6.05 7.53 6.65 4.69 3.51 2.92 2.04 1.14 0.88 0.71 1.38 3.32 4.94 5.02 5.31 5.51 4.83 4.63 4.56 4.12 3.51 3.38 3.60 3.70 3.61 3.44 3.27 3.14 3.04 3.11 3.36 3.53 3.69 3.87 3.97 4.04 4.04 4.12 4.26 4.21 4.24 4.35 3.64 2.54 2.23 2.63 3.07 3.78 4.95 5.82 5.73 4.57 2.97 2.05 1.62 1.37 1.08
1.95 2.41 3.11 3.11 3.02 2.91 2.76 2.84 2.96 3.02 3.07 3.31 3.37 5.45 8.15 7.03 5.38 4.98 4.73 5.16 5.32 4.33 3.24 2.56 1.70 1.40 2.31 4.46 6.56 7.07 5.79 4.38 3.58 2.83 1.95 1.03 0.59 0.76 3.02 4.81 4.46 4.44 4.94 4.69 4.42 4.39 4.06 3.53 3.36 3.49 3.54 3.49 3.40 3.27 3.12 3.03 3.11 3.39 3.54 3.71 3.92 4.04 4.12 4.10 4.16 4.35 4.38 4.37 4.64 4.45 3.23 2.13 1.83 1.82 2.14 3.47 5.07 5.86 5.77 4.87 3.14 1.96 1.56 1.35
1.75 1.95 2.57 3.19 3.37 3.01 2.52 2.41 2.70 3.12 3.44 3.61 3.86 6.48 8.08 6.92 5.77 5.15 4.55 4.97 5.25 4.35 3.43 2.83 2.02 1.52 1.81 3.38 5.19 6.26 6.49 5.83 4.47 3.40 2.73 1.62 0.59 0.61 2.51 4.56 4.41 3.85 4.19 4.32 4.29 4.42 4.20 3.69 3.49 3.54 3.55 3.51 3.42 3.30 3.14 3.02 3.12 3.36 3.51 3.63 3.82 4.01 4.19 4.20 4.24 4.39 4.51 4.59 4.76 4.91 4.31 2.90 1.98 1.59 1.31 1.67 3.36 4.80 5.53 5.78 4.87 2.86 2.03 1.62
2.13 2.01 2.01 2.72 3.58 3.67 3.02 2.49 2.41 2.72 3.37 3.98 5.43 7.45 7.40 6.17 5.92 5.78 5.48 5.61 5.60 4.69 3.71 2.97 2.31 1.92 1.94 2.60 3.77 4.56 5.59 6.64 6.18 4.54 3.58 2.29 0.97 0.77 2.02 3.96 4.22 3.76 3.81 3.88 4.03 4.31 4.26 3.88 3.67 3.62 3.57 3.56 3.52 3.46 3.32 3.13 3.15 3.33 3.49 3.62 3.73 3.91 4.11 4.25 4.48 4.67 4.74 4.90 5.02 5.10 5.00 4.12 2.63 1.70 1.28 1.15 1.88 3.31 4.22 5.17 5.41 4.29 3.23 2.51
2.58 2.42 2.09 2.18 2.92 3.84 4.06 3.42 2.86 2.97 3.23 4.43 7.23 7.63 5.79 5.11 5.48 5.55 5.46 6.33 6.72 5.55 4.23 3.32 2.64 2.33 2.21 2.22 2.67 2.97 3.63 5.65 6.81 6.22 4.98 3.34 1.89 1.26 1.76 3.07 3.73 3.77 3.79 3.64 3.70 4.02 4.09 3.90 3.78 3.69 3.59 3.48 3.40 3.45 3.49 3.32 3.23 3.33 3.50 3.61 3.70 3.86 3.95 4.11 4.64 5.21 5.37 5.45 5.47 5.50 5.50 5.09 3.75 2.19 1.42 1.01 1.21 2.28 3.11 3.98 4.76 4.51 3.73 3.20
2.63 2.87 2.66 1.99 1.90 2.59 3.89 4.24 4.07 4.25 4.12 6.08 8.09 6.40 4.43 4.50 4.81 4.89 4.52 5.38 6.87 6.98 5.82 4.36 3.32 2.74 2.44 2.16 2.12 2.13 2.40 3.95 5.71 6.69 6.37 4.73 3.02 2.35 2.13 2.59 3.36 3.74 3.81 3.64 3.62 3.82 3.93 3.90 3.85 3.76 3.66 3.50 3.11 2.91 3.18 3.31 3.31 3.40 3.57 3.69 3.77 3.91 3.89 3.91 4.47 5.38 6.03 6.32 6.40 6.48 6.36 6.16 5.27 3.36 1.90 1.02 1.04 1.91 2.59 3.02 3.73 3.92 3.31 2.69
2.33 3.05 3.37 2.31 1.68 1.74 2.39 3.39 4.37 5.12 5.95 8.13 8.13 4.80 3.91 4.17 4.40 4.73 4.42 4.23 5.26 6.55 6.91 6.45 5.26 3.91 2.85 2.10 1.97 2.01 2.06 2.60 3.85 5.61 6.73 5.80 4.04 3.33 3.08 2.99 3.47 3.96 4.03 3.92 3.83 3.84 3.87 3.91 3.92 3.85 3.78 3.78 3.33 2.49 2.33 2.68 3.03 3.31 3.49 3.73 3.89 3.93 3.83 3.68 3.86 4.51 5.37 6.10 6.68 7.16 7.26 7.09 6.74 5.36 2.84 1.68 1.63 2.37 2.98 3.11 3.27 3.53 3.12 2.25
2.09 2.93 3.84 3.22 2.20 1.89 1.96 2.21 3.23 4.43 7.17 9.12 7.05 4.41 3.97 3.98 4.29 4.88 4.70 3.79 3.83 4.69 5.80 6.67 6.42 5.64 4.80 3.54 2.40 2.18 2.17 2.35 2.61 3.93 6.06 6.10 4.67 3.84 3.57 3.46 3.68 4.10 4.24 4.18 4.09 4.01 3.96 3.97 3.97 3.94 3.92 4.09 3.96 3.04 2.05 1.78 2.38 2.98 3.17 3.42 3.72 3.82 3.69 3.42 3.28 3.39 3.63 4.13 4.98 6.18 7.06 7.26 7.28 6.56 4.40 2.69 2.59 3.10 3.84 3.85 3.17 3.27 3.21 2.27
2.27 2.66 3.56 4.01 3.32 2.67 2.40 2.38 2.85 3.24 6.26 9.83 7.64 4.56 4.12 3.94 4.39 5.13 4.74 3.56 3.53 3.95 4.57 5.41 5.60 5.38 5.35 5.25 4.30 3.12 2.61 2.54 2.18 2.67 4.99 5.49 4.52 3.84 3.62 3.67 3.80 4.07 4.25 4.27 4.20 4.13 4.09 4.08 4.07 4.12 4.16 4.28 4.31 3.76 2.44 1.37 1.69 2.47 2.87 3.05 3.29 3.59 3.64 3.34 3.09 3.17 3.22 3.15 3.38 4.09 5.40 6.61 7.33 7.08 5.46 3.78 3.16 3.37 4.33 4.50 3.51 3.34 3.24 2.39
2.84 2.56 2.59 3.61 4.25 4.07 3.59 3.24 3.21 3.11 4.97 9.52 8.91 5.08 4.31 4.21 4.70 5.26 4.48 3.75 3.80 3.98 4.29 4.53 4.45 4.20 4.13 4.78 4.94 4.55 4.03 3.22 2.15 2.31 3.99 4.60 4.09 3.59 3.49 3.68 3.90 4.10 4.27 4.32 4.26 4.19 4.17 4.15 4.20 4.35 4.49 4.55 4.55 4.10 2.84 1.50 1.20 1.80 2.60 2.92 2.91 3.21 3.61 3.60 3.35 3.44 3.54 3.22 3.06 3.19 3.57 4.99 6.95 7.29 5.90 4.40 3.41 3.17 4.25 4.91 4.20 3.69 3.32 2.67
3.80 2.97 1.98 2.33 3.64 4.74 5.18 4.91 4.33 3.44 4.96 8.51 8.02 5.31 4.87 5.03 5.46 5.81 5.28 4.67 4.38 4.23 4.36 4.24 4.00 3.93 3.68 3.63 3.88 4.07 4.63 4.63 3.33 2.50 3.28 4.03 3.82 3.48 3.37 3.56 3.90 4.15 4.34 4.45 4.42 4.32 4.29 4.26 4.32 4.50 4.70 4.91 4.92 4.27 3.17 1.97 1.10 1.24 2.14 2.71 2.64 2.72 3.22 3.63 3.75 3.95 4.12 3.78 3.49 3.46 3.35 3.81 5.75 7.02 6.16 4.88 3.92 3.07 3.38 4.65 4.84 4.22 3.66 3.19
4.95 3.59 1.91 1.51 1.97 3.42 4.93 6.23 6.19 5.03 6.32 7.70 6.26 4.61 4.50 5.02 5.82 6.12 6.03 6.21 6.27 5.86 5.34 4.79 4.30 4.15 3.78 3.46 3.33 2.84 3.34 4.80 4.36 3.11 3.23 3.89 3.88 3.61 3.51 3.60 3.88 4.16 4.37 4.59 4.67 4.54 4.43 4.45 4.58 4.69 4.88 5.33 5.39 4.49 3.40 2.35 1.19 0.85 1.47 2.18 2.29 2.31 2.62 3.03 3.47 4.01 4.44 4.48 4.39 4.41 4.30 4.26 5.24 6.52 6.22 5.37 4.93 4.01 3.21 4.08 5.09 4.99 4.57 3.73
5.71 4.24 2.26 1.62 1.49 1.79 2.74 5.02 7.09 7.25 7.03 6.47 5.14 4.10 3.52 4.03 5.27 5.61 5.31 5.79 6.72 7.10 7.18 7.25 6.57 5.06 4.10 3.62 3.27 2.47 2.36 3.87 4.37 3.55 3.42 3.93 4.10 3.86 3.71 3.74 3.95 4.21 4.33 4.52 4.78 4.74 4.61 4.75 4.92 4.95 5.17 5.75 5.91 5.05 3.83 2.76 1.59 0.87 0.98 1.57 1.84 2.00 2.22 2.45 2.72 3.22 3.81 4.22 4.42 4.68 4.93 5.06 5.73 6.67 6.63 5.90 5.51 5.05 4.45 4.61 5.36 6.07 6.00 4.81
5.49 4.99 3.58 2.48 1.92 1.71 1.80 3.25 6.85 8.19 7.10 5.84 5.15 4.22 3.42 3.35 4.28 5.11 4.96 4.71 5.24 6.05 6.62 7.69 8.64 8.07 5.86 4.23 3.58 2.97 2.28 3.01 3.97 3.72 3.52 3.87 4.20 4.17 4.02 3.96 4.07 4.33 4.39 4.42 4.65 4.73 4.64 4.87 5.10 5.12 5.49 6.15 6.38 5.84 4.65 3.23 2.04 1.20 0.99 0.91 1.25 1.67 1.94 2.15 2.34 2.62 3.05 3.44 3.66 3.80 3.96 4.23 5.03 6.29 6.85 6.33 5.49 4.92 4.56 4.81 5.42 6.10 6.86 6.32
4.09 4.87 5.46 4.56 3.51 2.34 1.58 3.09 7.23 8.50 6.71 6.02 5.65 4.62 3.81 3.27 3.38 4.25 4.98 4.77 4.37 4.51 4.72 5.71 7.93 9.51 8.53 5.31 3.90 3.51 2.72 2.82 3.56 3.76 3.62 3.71 4.08 4.27 4.27 4.23 4.24 4.44 4.53 4.46 4.64 4.81 4.67 4.72 5.05 5.25 5.66 6.45 6.89 6.63 5.59 3.79 2.44 1.57 1.26 1.08 0.71 1.22 1.73 1.99 2.18 2.33 2.65 2.99 3.33 3.57 3.27 2.66 2.96 4.33 5.72 6.24 5.60 4.32 3.61 4.23 4.76 5.05 6.36 7.17
2.39 3.37 5.00 5.65 5.68 4.01 2.05 3.59 7.66 7.85 5.59 5.73 6.28 5.69 4.57 3.67 3.10 3.30 4.15 4.62 4.31 3.94 3.75 4.36 6.11 8.83 10.04 7.33 4.17 3.62 3.33 3.14 3.43 3.74 3.76 3.67 3.87 4.12 4.26 4.36 4.42 4.58 4.64 4.52 4.67 5.12 5.10 4.63 4.75 5.23 5.62 6.38 7.25 7.37 6.44 4.52 2.88 1.87 1.35 1.36 1.17 0.78 1.42 1.88 2.07 2.13 2.39 2.73 3.12 3.66 3.44 2.32 1.86 2.67 4.08 5.76 5.89 4.34 3.34 3.62 4.00 4.18 5.15 7.12
