windninja/windninja_output/Output_2025-08-24_1100-1150_Google earth_Fire_150m_10min/merlingen_7.5mi_point_08-24-2025_1150_150m_vel.asc
ncols	158
nrows	163
xllcorner	391686.332397
yllcorner	5160024.123721
cellsize	150.000000
NODATA_value	-32768.000000
[rows 76 to 113 of 163, columns 0 to 83 of 158]
3.51 3.00 2.13 1.50 1.10 0.91 0.75 0.67 0.72 0.80 0.90 1.01 1.10 1.20 1.28 1.35 1.42 1.50 1.57 1.62 1.65 1.69 1.74 1.80 1.83 1.79 1.75 1.80 1.97 2.24 2.42 2.40 2.31 2.20 2.04 1.90 1.84 1.81 1.82 1.82 1.84 1.88 1.90 1.91 1.92 1.93 1.93 1.94 1.95 1.95 1.96 1.97 1.98 1.99 1.99 2.00 2.00 2.00 2.00 2.01 2.00 2.00 2.00 1.99 1.99 1.98 1.98 1.97 1.95 1.93 1.92 1.92 1.93 1.93 1.95 2.01 2.08 2.24 2.57 2.99 3.22 2.81 2.07 1.83
4.10 3.52 2.59 1.90 1.34 0.95 0.66 0.49 0.49 0.61 0.78 0.95 1.07 1.16 1.22 1.28 1.34 1.42 1.50 1.56 1.62 1.67 1.72 1.79 1.83 1.81 1.73 1.69 1.72 1.89 2.16 2.30 2.27 2.25 2.21 2.05 1.94 1.86 1.80 1.80 1.83 1.86 1.88 1.90 1.91 1.91 1.91 1.92 1.92 1.93 1.94 1.96 1.97 1.99 2.00 2.01 2.02 2.03 2.03 2.03 2.03 2.03 2.03 2.04 2.04 2.04 2.03 2.02 2.02 2.02 2.03 2.04 2.03 2.01 2.00 1.99 2.00 2.11 2.39 2.71 2.57 1.92 1.66 1.86
4.83 3.94 2.94 2.51 1.82 1.09 0.61 0.30 0.30 0.53 0.75 0.94 1.06 1.16 1.22 1.26 1.31 1.37 1.44 1.51 1.57 1.62 1.66 1.72 1.80 1.89 1.87 1.75 1.68 1.73 1.96 2.28 2.44 2.47 2.47 2.36 2.17 2.01 1.87 1.77 1.77 1.82 1.86 1.88 1.89 1.89 1.89 1.88 1.88 1.89 1.91 1.93 1.96 1.98 2.00 2.01 2.03 2.04 2.05 2.05 2.06 2.07 2.07 2.08 2.08 2.08 2.08 2.08 2.08 2.09 2.09 2.09 2.08 2.07 2.06 2.04 2.03 2.09 2.25 2.34 2.04 1.67 1.83 2.14
5.46 4.41 3.25 3.34 2.44 1.21 0.40 0.18 0.41 0.63 0.82 0.98 1.11 1.20 1.26 1.29 1.32 1.34 1.39 1.45 1.51 1.56 1.60 1.63 1.70 1.86 2.00 1.99 1.88 1.82 1.93 2.20 2.44 2.52 2.48 2.44 2.37 2.24 2.06 1.84 1.71 1.71 1.76 1.79 1.81 1.81 1.80 1.80 1.81 1.82 1.85 1.89 1.93 1.96 1.99 2.02 2.03 2.05 2.06 2.07 2.08 2.09 2.10 2.10 2.11 2.11 2.12 2.13 2.13 2.14 2.13 2.13 2.13 2.14 2.14 2.13 2.13 2.15 2.20 2.10 1.81 1.85 2.21 2.73
5.42 4.66 3.83 3.56 3.22 2.48 1.42 1.17 1.10 1.02 1.03 1.11 1.20 1.24 1.28 1.30 1.31 1.32 1.33 1.38 1.45 1.51 1.55 1.58 1.63 1.75 1.92 2.04 2.03 1.95 1.94 2.08 2.33 2.59 2.68 2.58 2.45 2.40 2.33 2.13 1.84 1.68 1.65 1.65 1.65 1.67 1.68 1.67 1.65 1.67 1.74 1.81 1.88 1.94 1.98 2.01 2.03 2.05 2.07 2.08 2.09 2.11 2.11 2.12 2.13 2.14 2.15 2.16 2.17 2.17 2.17 2.18 2.19 2.21 2.22 2.23 2.22 2.20 2.17 2.04 1.99 2.28 2.64 2.97
4.96 4.18 3.20 3.05 3.19 3.22 2.98 2.53 2.03 1.65 1.42 1.32 1.31 1.30 1.28 1.26 1.26 1.27 1.27 1.31 1.37 1.45 1.51 1.56 1.58 1.63 1.74 1.88 1.99 2.01 1.98 2.03 2.19 2.44 2.71 2.80 2.64 2.49 2.48 2.43 2.23 1.96 1.77 1.62 1.51 1.44 1.40 1.40 1.38 1.36 1.46 1.65 1.82 1.92 1.97 2.00 2.03 2.05 2.07 2.08 2.10 2.11 2.13 2.14 2.15 2.16 2.18 2.19 2.19 2.20 2.21 2.22 2.24 2.26 2.28 2.29 2.30 2.30 2.28 2.25 2.37 2.63 2.82 2.87
4.90 3.76 2.67 2.74 2.86 3.11 3.15 2.94 2.51 2.08 1.73 1.50 1.39 1.36 1.32 1.26 1.22 1.22 1.20 1.21 1.27 1.36 1.44 1.50 1.53 1.58 1.66 1.78 1.91 1.98 1.94 1.87 1.84 1.90 2.15 2.50 2.67 2.59 2.50 2.50 2.50 2.39 2.25 2.14 2.00 1.87 1.78 1.78 1.82 1.73 1.61 1.61 1.70 1.84 1.95 2.00 2.03 2.05 2.06 2.08 2.10 2.11 2.13 2.15 2.16 2.18 2.19 2.20 2.21 2.23 2.24 2.26 2.28 2.30 2.32 2.34 2.36 2.37 2.39 2.42 2.50 2.60 2.78 3.00
4.46 3.76 3.33 3.33 3.18 2.99 2.80 2.64 2.41 2.05 1.71 1.50 1.40 1.34 1.29 1.24 1.19 1.16 1.13 1.12 1.15 1.23 1.33 1.39 1.46 1.60 1.73 1.80 1.87 1.92 1.90 1.84 1.77 1.73 1.77 1.93 2.19 2.36 2.40 2.40 2.43 2.48 2.55 2.64 2.71 2.73 2.72 2.72 2.75 2.73 2.56 2.23 1.98 1.94 1.97 2.00 2.02 2.03 2.05 2.07 2.09 2.11 2.13 2.15 2.17 2.19 2.20 2.22 2.23 2.25 2.27 2.29 2.31 2.33 2.36 2.38 2.41 2.43 2.45 2.45 2.44 2.49 2.82 3.44
3.88 3.72 3.46 3.39 3.33 3.02 2.58 2.25 2.08 1.85 1.62 1.47 1.40 1.38 1.32 1.24 1.19 1.16 1.10 1.06 1.05 1.09 1.20 1.30 1.37 1.50 1.68 1.78 1.83 1.90 1.96 1.97 1.95 1.91 1.85 1.80 1.85 1.95 2.06 2.14 2.21 2.28 2.33 2.38 2.43 2.48 2.49 2.47 2.47 2.55 2.65 2.61 2.41 2.17 2.02 1.99 2.00 2.01 2.03 2.05 2.07 2.10 2.12 2.15 2.17 2.19 2.21 2.23 2.25 2.27 2.28 2.31 2.33 2.35 2.38 2.41 2.44 2.48 2.52 2.55 2.58 2.69 3.03 3.69
3.20 3.21 3.08 3.02 3.13 2.91 2.42 2.11 1.97 1.76 1.57 1.48 1.43 1.43 1.44 1.38 1.28 1.21 1.12 1.02 0.95 0.93 0.98 1.13 1.24 1.30 1.42 1.59 1.70 1.80 1.90 1.98 2.03 2.12 2.18 2.13 2.05 1.97 1.88 1.88 1.97 2.06 2.11 2.08 2.04 2.00 1.96 1.88 1.81 1.81 1.94 2.09 2.16 2.09 2.00 1.96 1.96 1.97 1.99 2.02 2.05 2.08 2.11 2.14 2.17 2.19 2.21 2.23 2.25 2.27 2.29 2.31 2.34 2.36 2.40 2.43 2.47 2.52 2.59 2.70 2.85 3.07 3.43 4.01
3.34 3.28 3.00 2.86 2.97 2.87 2.42 2.17 2.05 1.80 1.61 1.53 1.48 1.46 1.51 1.49 1.41 1.30 1.17 1.02 0.87 0.77 0.74 0.80 1.02 1.25 1.41 1.55 1.66 1.70 1.76 1.88 1.97 2.14 2.40 2.57 2.59 2.52 2.31 2.02 1.83 1.85 1.98 2.08 2.07 2.02 1.95 1.86 1.73 1.60 1.57 1.65 1.79 1.89 1.90 1.88 1.88 1.90 1.93 1.97 2.01 2.06 2.09 2.13 2.16 2.19 2.21 2.23 2.25 2.27 2.29 2.32 2.34 2.37 2.40 2.43 2.48 2.56 2.66 2.80 3.02 3.37 3.91 4.52
4.14 3.65 3.05 2.85 2.83 2.89 2.65 2.43 2.34 2.10 1.74 1.58 1.52 1.49 1.55 1.56 1.53 1.50 1.36 1.18 0.99 0.83 0.77 0.88 1.19 1.47 1.66 1.75 1.80 1.80 1.76 1.78 1.82 1.85 2.04 2.37 2.67 2.88 2.92 2.70 2.29 1.95 1.88 2.00 2.11 2.11 2.04 1.97 1.87 1.67 1.50 1.49 1.58 1.68 1.71 1.71 1.71 1.75 1.82 1.89 1.96 2.02 2.07 2.12 2.15 2.18 2.20 2.23 2.25 2.27 2.29 2.31 2.34 2.36 2.39 2.44 2.50 2.57 2.67 2.80 3.00 3.35 3.84 4.37
5.00 4.06 3.11 2.91 2.81 3.00 3.11 2.96 2.75 2.48 1.98 1.67 1.61 1.60 1.70 1.79 1.76 1.75 1.65 1.48 1.29 1.23 1.43 1.72 1.84 1.80 1.80 1.85 1.89 1.91 1.89 1.83 1.78 1.68 1.61 1.70 1.98 2.40 2.78 2.94 2.80 2.45 2.10 2.01 2.14 2.27 2.27 2.16 2.05 1.94 1.77 1.61 1.55 1.62 1.70 1.70 1.66 1.61 1.63 1.72 1.85 1.97 2.05 2.10 2.14 2.17 2.19 2.21 2.24 2.26 2.28 2.30 2.32 2.35 2.38 2.43 2.48 2.54 2.61 2.71 2.85 3.07 3.33 3.68
5.18 4.36 3.38 3.11 2.93 2.93 3.15 3.25 3.11 2.93 2.50 1.98 1.81 1.80 1.82 1.88 1.96 1.99 1.92 1.79 1.67 1.88 2.22 2.31 2.14 1.95 1.87 1.87 1.91 1.95 1.96 1.94 1.89 1.83 1.72 1.58 1.52 1.70 2.09 2.46 2.59 2.52 2.31 2.10 2.07 2.21 2.36 2.37 2.23 2.11 2.04 1.94 1.86 1.88 1.96 2.00 1.92 1.71 1.50 1.52 1.74 1.93 2.04 2.09 2.13 2.15 2.18 2.20 2.22 2.24 2.26 2.29 2.31 2.33 2.36 2.40 2.44 2.48 2.54 2.62 2.72 2.83 2.90 2.98
4.80 4.30 3.65 3.25 2.88 2.67 2.79 3.15 3.36 3.45 3.17 2.47 2.10 2.02 1.96 1.95 2.12 2.31 2.29 2.05 2.07 2.45 2.61 2.46 2.20 2.03 1.95 1.93 1.94 1.96 1.97 1.96 1.93 1.91 1.92 1.83 1.63 1.56 1.77 2.20 2.43 2.36 2.22 2.05 1.94 1.99 2.17 2.36 2.37 2.19 2.07 2.04 2.04 2.07 2.13 2.18 2.16 2.04 1.86 1.74 1.81 1.92 2.03 2.08 2.11 2.13 2.16 2.18 2.20 2.22 2.24 2.26 2.28 2.31 2.34 2.36 2.39 2.43 2.47 2.53 2.61 2.67 2.68 2.68
4.44 4.20 4.02 3.90 3.57 3.05 2.86 3.21 3.70 4.01 3.83 3.18 2.72 2.55 2.49 2.50 2.57 2.69 2.73 2.44 2.42 2.68 2.63 2.52 2.29 2.11 2.01 1.97 1.95 1.95 1.95 1.94 1.91 1.86 1.89 1.96 1.89 1.74 1.73 2.03 2.46 2.54 2.32 2.06 1.88 1.85 1.96 2.15 2.28 2.22 2.03 1.91 1.89 1.95 2.09 2.30 2.48 2.63 2.69 2.48 2.16 2.02 2.03 2.07 2.10 2.12 2.14 2.16 2.18 2.20 2.21 2.24 2.26 2.27 2.30 2.32 2.34 2.38 2.42 2.45 2.49 2.52 2.59 2.68
3.97 4.04 4.39 4.79 4.94 4.66 4.51 4.89 5.37 5.68 5.12 4.08 3.46 3.13 2.91 2.84 2.93 3.25 3.68 3.85 3.29 2.68 2.35 2.35 2.19 2.07 2.02 1.98 1.95 1.94 1.93 1.92 1.90 1.84 1.84 1.92 1.96 1.90 1.76 1.76 2.15 2.60 2.61 2.28 1.95 1.78 1.78 1.91 2.04 2.04 1.86 1.68 1.65 1.70 1.86 2.20 2.58 2.77 2.84 2.74 2.44 2.16 2.05 2.05 2.07 2.08 2.10 2.12 2.14 2.16 2.18 2.20 2.22 2.24 2.26 2.27 2.29 2.31 2.34 2.36 2.38 2.40 2.44 2.50
3.29 3.54 4.09 4.68 5.20 5.48 5.71 6.11 6.53 6.93 7.00 6.35 5.72 5.56 5.38 5.09 4.83 4.93 4.88 4.67 4.23 2.81 2.36 2.25 2.14 2.05 2.00 1.99 1.98 1.96 1.93 1.90 1.83 1.75 1.76 1.84 1.89 1.89 1.84 1.74 1.83 2.32 2.77 2.65 2.20 1.88 1.75 1.81 1.98 2.03 1.85 1.57 1.49 1.57 1.59 1.66 1.82 1.96 2.10 2.27 2.28 2.14 2.04 2.01 2.01 2.04 2.06 2.08 2.10 2.12 2.14 2.16 2.18 2.20 2.21 2.23 2.25 2.26 2.26 2.27 2.27 2.28 2.28 2.26
2.74 3.06 3.55 3.91 4.25 4.45 4.62 4.73 4.82 5.61 6.76 7.23 7.25 7.20 7.16 6.79 6.35 5.89 5.27 4.84 4.32 3.54 2.94 2.49 2.20 2.07 2.01 2.01 2.03 2.03 1.99 1.93 1.81 1.66 1.64 1.74 1.83 1.84 1.84 1.79 1.76 2.04 2.68 3.06 2.80 2.41 2.12 2.02 2.11 2.23 2.24 2.01 1.69 1.64 1.56 1.37 1.26 1.37 1.60 1.83 1.96 1.96 1.94 1.94 1.96 1.99 2.01 2.03 2.05 2.07 2.10 2.12 2.14 2.15 2.16 2.18 2.19 2.19 2.20 2.21 2.20 2.18 2.16 2.12
2.28 2.64 3.15 3.35 3.51 3.49 3.27 2.94 2.71 3.23 4.14 4.89 4.89 4.21 4.15 4.36 5.01 5.04 5.23 4.76 4.14 3.88 3.23 2.56 2.11 1.96 1.96 1.99 2.05 2.16 2.23 2.19 2.05 1.80 1.63 1.66 1.75 1.78 1.78 1.74 1.67 1.77 2.26 2.99 3.33 3.25 2.99 2.74 2.64 2.69 2.80 2.68 2.19 1.85 1.68 1.50 1.38 1.39 1.50 1.66 1.78 1.82 1.83 1.86 1.88 1.91 1.94 1.97 2.00 2.03 2.05 2.07 2.09 2.10 2.11 2.12 2.13 2.13 2.13 2.13 2.12 2.11 2.08 2.03
2.06 2.22 2.80 3.13 3.41 3.43 3.06 2.41 1.76 1.46 1.81 2.53 2.68 2.61 2.66 3.24 3.80 4.69 5.32 4.30 3.69 3.83 3.36 2.56 1.90 1.70 1.78 1.92 2.01 2.13 2.34 2.42 2.31 2.01 1.70 1.61 1.66 1.68 1.69 1.66 1.55 1.48 1.72 2.31 2.94 3.35 3.50 3.44 3.31 3.18 3.08 2.93 2.52 2.07 1.85 1.66 1.48 1.40 1.40 1.48 1.62 1.70 1.73 1.76 1.79 1.82 1.87 1.92 1.95 1.98 1.99 2.01 2.02 2.04 2.05 2.06 2.07 2.07 2.07 2.07 2.05 2.04 2.01 1.97
2.37 2.07 2.39 2.71 3.07 3.33 3.19 2.65 1.91 1.42 1.46 1.56 1.70 2.26 2.60 3.18 3.75 4.68 5.37 4.58 3.93 3.92 3.78 2.77 1.74 1.50 1.64 1.84 1.94 1.96 2.06 2.23 2.28 2.12 1.81 1.61 1.56 1.55 1.54 1.55 1.49 1.37 1.39 1.71 2.14 2.53 2.88 3.05 2.99 2.87 2.80 2.80 2.60 2.23 2.01 1.84 1.60 1.42 1.35 1.35 1.39 1.48 1.55 1.61 1.67 1.74 1.80 1.84 1.88 1.90 1.92 1.94 1.96 1.98 1.99 2.00 2.00 2.01 2.01 2.01 2.00 1.98 1.95 1.93
2.50 1.69 1.62 1.84 2.29 2.78 2.92 2.79 2.43 1.97 1.66 1.44 1.46 1.88 2.57 3.22 3.86 4.41 4.23 4.41 4.41 4.29 4.21 3.08 1.95 1.75 1.81 1.85 1.89 1.94 1.99 2.05 2.12 2.10 1.91 1.71 1.59 1.47 1.36 1.35 1.37 1.30 1.24 1.41 1.69 1.85 2.04 2.32 2.49 2.55 2.56 2.63 2.61 2.36 2.12 2.03 1.90 1.67 1.50 1.43 1.37 1.33 1.34 1.38 1.47 1.57 1.66 1.72 1.77 1.82 1.85 1.88 1.90 1.91 1.92 1.93 1.93 1.94 1.94 1.94 1.94 1.93 1.91 1.89
2.24 1.02 1.01 1.42 1.76 2.00 2.14 2.40 2.44 2.20 2.02 1.80 1.62 1.84 2.58 3.47 3.99 3.78 3.39 3.62 4.22 4.56 4.44 3.78 2.81 2.34 2.12 1.98 1.95 2.05 2.11 2.07 2.03 2.01 1.91 1.81 1.72 1.58 1.35 1.16 1.15 1.17 1.14 1.27 1.60 1.86 2.02 2.25 2.50 2.63 2.64 2.62 2.67 2.61 2.38 2.22 2.14 1.99 1.74 1.61 1.59 1.54 1.43 1.33 1.28 1.33 1.45 1.57 1.68 1.74 1.77 1.79 1.81 1.82 1.84 1.85 1.86 1.87 1.87 1.88 1.88 1.87 1.87 1.85
1.63 0.86 1.15 1.54 1.76 1.87 1.99 2.20 2.30 2.21 2.21 2.05 1.84 2.03 2.55 3.34 3.94 3.56 2.99 3.11 3.68 4.17 4.27 3.73 3.01 2.61 2.37 2.19 2.09 2.15 2.22 2.18 2.06 1.93 1.80 1.72 1.71 1.68 1.51 1.17 0.97 0.99 1.00 1.09 1.42 1.83 2.08 2.26 2.48 2.66 2.77 2.73 2.70 2.77 2.72 2.55 2.39 2.29 2.05 1.81 1.78 1.83 1.80 1.63 1.43 1.32 1.34 1.43 1.54 1.63 1.67 1.69 1.71 1.73 1.75 1.76 1.77 1.78 1.79 1.80 1.81 1.81 1.81 1.81
1.40 1.19 1.48 1.77 1.89 1.97 2.08 2.19 2.24 2.22 2.24 2.14 1.99 2.20 2.64 3.21 3.84 3.61 2.97 3.26 3.67 3.87 3.91 3.59 3.10 2.74 2.53 2.38 2.23 2.26 2.37 2.37 2.22 2.01 1.77 1.58 1.54 1.58 1.56 1.27 0.90 0.82 0.84 0.86 1.10 1.54 1.94 2.16 2.33 2.56 2.77 2.84 2.76 2.73 2.76 2.71 2.63 2.61 2.47 2.11 1.86 1.84 1.94 1.95 1.80 1.59 1.46 1.39 1.40 1.46 1.51 1.55 1.58 1.62 1.64 1.66 1.68 1.69 1.70 1.72 1.73 1.74 1.75 1.76
1.67 1.63 1.81 2.00 2.08 2.13 2.19 2.24 2.26 2.25 2.24 2.18 2.03 2.14 2.70 3.40 3.90 3.88 3.57 3.77 4.10 3.80 3.72 3.70 3.37 3.01 2.76 2.55 2.38 2.39 2.54 2.58 2.44 2.23 1.92 1.63 1.46 1.46 1.47 1.28 0.89 0.68 0.67 0.67 0.83 1.29 1.84 2.20 2.37 2.53 2.70 2.83 2.86 2.84 2.82 2.75 2.73 2.77 2.76 2.58 2.24 2.05 2.06 2.10 2.04 1.83 1.64 1.51 1.40 1.35 1.33 1.34 1.39 1.45 1.50 1.53 1.54 1.56 1.59 1.62 1.64 1.67 1.69 1.70
2.23 2.16 2.16 2.24 2.27 2.32 2.34 2.32 2.32 2.29 2.24 2.17 1.95 1.84 2.13 2.80 3.52 3.66 3.55 4.06 4.49 4.11 3.90 3.86 3.60 3.37 3.18 2.84 2.56 2.59 2.68 2.73 2.70 2.49 2.20 1.85 1.56 1.45 1.39 1.23 0.90 0.60 0.49 0.48 0.56 0.88 1.43 1.96 2.29 2.50 2.64 2.76 2.83 2.88 3.01 3.00 2.89 2.84 2.85 2.84 2.70 2.48 2.35 2.31 2.26 2.09 1.86 1.70 1.60 1.53 1.43 1.27 1.17 1.20 1.27 1.32 1.36 1.40 1.44 1.48 1.52 1.56 1.59 1.62
2.71 2.61 2.51 2.50 2.48 2.48 2.47 2.44 2.40 2.37 2.28 2.14 1.92 1.73 1.77 2.13 2.89 3.19 3.22 3.86 4.29 4.33 4.30 4.12 3.84 3.72 3.73 3.42 2.99 2.94 2.84 2.81 2.89 2.75 2.49 2.18 1.79 1.52 1.37 1.20 0.93 0.61 0.40 0.30 0.31 0.49 0.90 1.44 1.95 2.36 2.60 2.74 2.81 2.79 2.85 3.00 3.06 3.03 2.96 2.88 2.77 2.61 2.47 2.45 2.46 2.36 2.17 2.00 1.91 1.88 1.83 1.61 1.23 0.98 0.91 0.93 1.01 1.12 1.22 1.30 1.37 1.43 1.49 1.54
3.07 2.93 2.79 2.79 2.77 2.69 2.59 2.55 2.51 2.53 2.43 2.23 2.05 1.87 1.85 2.07 2.57 2.91 3.10 3.49 3.76 4.04 4.32 4.31 4.14 4.09 4.22 4.05 3.68 3.51 3.20 3.04 2.98 2.90 2.77 2.56 2.14 1.66 1.38 1.17 0.94 0.63 0.41 0.25 0.12 0.26 0.58 1.04 1.57 2.13 2.57 2.80 2.95 2.98 2.84 2.80 2.94 3.07 3.11 3.01 2.84 2.69 2.55 2.45 2.45 2.45 2.36 2.23 2.17 2.13 2.12 2.09 1.84 1.34 1.04 0.92 0.87 0.87 0.90 0.97 1.11 1.26 1.37 1.43
3.39 3.21 3.01 3.06 3.11 3.01 2.84 2.70 2.65 2.75 2.68 2.47 2.26 2.07 2.01 2.10 2.43 2.75 2.90 3.14 3.49 3.84 3.94 4.12 4.37 4.41 4.56 4.62 4.51 4.20 3.80 3.44 3.05 2.94 3.11 3.05 2.50 1.83 1.42 1.17 0.92 0.64 0.45 0.28 0.07 0.11 0.33 0.70 1.15 1.68 2.28 2.69 2.96 3.20 3.22 3.00 2.86 2.93 3.08 3.14 3.02 2.84 2.74 2.65 2.54 2.52 2.46 2.30 2.26 2.31 2.30 2.29 2.31 2.15 1.83 1.54 1.27 1.04 0.92 0.89 0.94 1.07 1.21 1.31
3.60 3.45 3.26 3.30 3.38 3.33 3.16 2.94 2.90 3.10 3.12 2.93 2.71 2.54 2.42 2.27 2.42 2.63 2.68 2.85 3.37 3.90 3.64 3.53 4.21 4.70 4.80 4.97 5.34 5.05 4.37 3.79 3.05 3.04 3.62 3.55 2.76 1.91 1.50 1.24 0.90 0.64 0.49 0.30 0.09 0.13 0.26 0.49 0.86 1.27 1.78 2.24 2.60 2.98 3.32 3.39 3.19 3.02 3.06 3.17 3.18 2.99 2.83 2.81 2.78 2.69 2.63 2.43 2.26 2.35 2.50 2.45 2.41 2.41 2.25 1.98 1.70 1.49 1.42 1.34 1.13 1.00 1.04 1.16
3.64 3.55 3.49 3.55 3.58 3.60 3.62 3.43 3.34 3.46 3.57 3.35 2.98 2.91 2.92 2.68 2.55 2.59 2.64 2.79 3.26 3.85 3.58 3.02 3.53 4.50 4.85 4.94 5.78 5.98 4.86 4.14 3.18 3.31 4.25 3.92 2.84 1.99 1.67 1.38 0.89 0.62 0.52 0.32 0.10 0.15 0.31 0.43 0.69 1.08 1.52 1.95 2.24 2.54 2.96 3.36 3.47 3.33 3.22 3.27 3.39 3.31 3.00 2.84 2.84 2.77 2.73 2.64 2.40 2.33 2.57 2.69 2.54 2.42 2.40 2.31 2.10 1.84 1.62 1.51 1.38 1.12 0.99 1.01
3.61 3.53 3.57 3.71 3.70 3.73 3.76 3.72 3.58 3.51 3.68 3.62 3.21 3.15 3.29 3.11 2.72 2.55 2.83 3.27 3.60 3.80 3.44 2.82 2.84 3.81 4.63 4.80 5.74 6.35 5.35 4.58 3.78 3.81 4.83 4.23 2.89 2.23 1.87 1.47 0.90 0.68 0.62 0.39 0.19 0.17 0.35 0.49 0.57 0.86 1.35 1.88 2.25 2.44 2.65 3.01 3.39 3.53 3.43 3.38 3.56 3.71 3.47 3.07 2.95 2.81 2.64 2.66 2.59 2.40 2.46 2.73 2.79 2.61 2.54 2.51 2.39 2.13 1.75 1.50 1.43 1.32 1.11 0.97
3.58 3.53 3.59 3.63 3.55 3.50 3.45 3.52 3.57 3.55 3.72 3.74 3.38 3.33 3.55 3.43 2.77 2.34 2.95 3.85 4.34 4.09 3.22 2.65 2.49 2.97 3.97 4.71 5.97 6.72 5.75 4.91 4.43 4.60 5.39 4.59 3.15 2.53 2.02 1.42 1.05 0.95 0.79 0.43 0.27 0.23 0.38 0.57 0.62 0.72 1.06 1.59 2.14 2.50 2.65 2.82 3.16 3.50 3.52 3.33 3.40 3.75 3.83 3.49 3.26 3.11 2.75 2.53 2.54 2.52 2.53 2.79 3.00 2.90 2.71 2.55 2.44 2.30 2.01 1.71 1.49 1.38 1.23 1.00
3.49 3.55 3.63 3.63 3.54 3.46 3.42 3.48 3.55 3.57 3.75 3.87 3.48 3.36 3.72 3.69 2.79 2.12 2.80 4.06 5.05 4.89 3.27 2.41 2.41 2.59 3.08 3.94 5.56 7.10 6.73 5.33 4.70 5.22 5.95 5.06 3.61 2.73 2.01 1.44 1.22 1.30 1.17 0.53 0.21 0.28 0.42 0.62 0.72 0.73 0.89 1.26 1.79 2.33 2.65 2.79 3.01 3.38 3.56 3.35 3.22 3.51 3.85 3.86 3.70 3.62 3.36 2.81 2.49 2.47 2.54 2.72 2.96 3.01 2.90 2.73 2.55 2.43 2.24 1.93 1.64 1.46 1.31 1.14
3.50 3.54 3.61 3.70 3.67 3.55 3.54 3.61 3.66 3.62 3.83 4.26 3.87 3.41 3.77 3.88 2.81 1.95 2.52 3.98 5.45 5.96 4.29 2.44 2.42 2.74 2.57 2.69 3.85 6.13 7.38 6.50 5.21 5.48 6.12 5.41 4.10 2.97 1.97 1.56 1.36 1.47 1.55 1.09 0.30 0.21 0.42 0.63 0.79 0.82 0.85 1.10 1.55 2.09 2.52 2.71 2.92 3.32 3.68 3.60 3.36 3.45 3.75 3.89 3.91 3.96 3.95 3.58 2.95 2.52 2.42 2.53 2.78 2.98 3.01 2.93 2.77 2.64 2.59 2.41 1.99 1.66 1.44 1.26
3.82 3.73 3.65 3.74 3.76 3.60 3.48 3.57 3.74 3.75 3.91 4.46 4.33 3.68 3.92 4.08 2.85 1.82 2.41 3.72 5.30 6.63 5.94 3.37 2.66 3.15 2.87 2.62 2.74 4.02 6.36 7.35 6.61 6.19 6.33 5.42 4.22 3.22 2.20 1.74 1.53 1.59 1.77 1.52 0.66 0.15 0.42 0.60 0.80 0.93 0.93 1.01 1.37 1.92 2.42 2.66 2.80 3.17 3.67 3.82 3.64 3.59 3.80 3.90 3.84 4.00 4.21 4.17 3.85 3.27 2.90 2.83 2.90 3.06 3.20 3.17 2.97 2.78 2.76 2.79 2.57 2.06 1.60 1.35
