windninja/windninja_output/Output_2025-08-24_1100-1150_Google earth_Fire_150m_10min/merlingen_7.5mi_point_08-24-2025_1150_150m_ang.asc
ncols	158
nrows	163
xllcorner	391686.332397
yllcorner	5160024.123721
cellsize	150.000000
NODATA_value	-32768.000000
[rows 0 to 47 of 163, columns 0 to 95 of 158]
358 356 353 352 353 354 355 354 353 354 355 356 357 358 356 354 351 345 344 345 347 349 352 355 356 356 355 353 352 355 356 356 356 354 353 355 356 355 352 351 352 353 355 354 353 354 354 351 349 351 354 355 355 357 358 358 358 356 355 354 355 355 355 354 354 355 355 355 355 354 354 355 355 354 353 353 355 355 352 351 352 353 352 352 351 349 348 349 348 347 346 345 345 345 346 344
1 358 353 352 352 353 356 355 352 352 353 356 358 360 359 358 355 350 347 347 348 348 350 354 357 358 357 354 353 355 356 356 356 355 353 355 357 356 354 353 353 353 355 354 353 354 355 353 350 350 352 353 355 357 358 359 357 356 355 355 355 355 355 354 354 354 355 356 355 354 354 355 355 354 353 354 357 356 352 352 354 355 353 354 353 350 349 351 351 349 347 346 346 346 347 348
2 359 355 353 352 354 357 356 352 350 351 355 359 360 1 359 356 353 351 350 351 348 347 352 358 0 359 356 355 357 358 356 356 355 353 354 356 356 356 355 354 353 354 353 353 354 354 355 354 352 351 353 355 358 358 357 356 356 356 356 356 355 355 354 354 355 355 356 355 355 356 356 355 353 353 355 357 356 354 354 357 357 355 356 355 352 352 354 356 355 351 349 349 350 350 351
357 358 357 355 355 356 356 354 352 351 353 357 359 359 358 356 354 354 354 354 354 350 347 349 355 359 0 359 359 360 359 358 356 353 353 353 354 356 356 354 353 353 352 352 353 353 354 356 357 356 354 356 358 358 357 356 355 355 356 356 356 355 355 355 355 355 355 355 355 356 357 356 354 353 354 355 355 355 356 357 358 358 358 357 354 352 353 354 356 357 357 354 352 352 352 351
351 354 358 357 356 356 353 350 350 353 358 359 359 358 354 352 354 354 356 358 356 351 347 347 350 355 359 0 1 0 1 1 358 355 354 354 355 355 354 352 352 352 352 352 353 354 355 356 357 357 358 359 358 358 358 357 356 355 355 355 355 356 356 356 355 355 355 355 355 357 358 356 354 354 355 355 353 353 356 359 358 357 358 356 354 353 352 350 351 354 357 357 354 353 352 351
349 351 355 358 357 354 351 348 350 355 360 359 357 355 351 351 354 357 358 359 357 351 346 344 345 349 354 358 360 359 0 0 359 358 358 356 355 353 352 352 352 351 351 352 354 355 356 357 357 359 1 1 359 359 359 358 356 355 354 354 355 356 356 356 355 355 355 355 356 358 360 358 354 354 356 357 355 353 355 1 1 356 354 354 354 354 352 346 343 346 350 352 353 352 351 351
351 350 351 353 354 354 352 350 353 357 358 357 356 353 350 350 355 359 360 359 357 352 346 341 340 344 349 353 355 357 358 357 357 359 359 357 354 353 353 354 353 353 352 353 355 356 357 357 358 359 1 2 1 360 359 357 355 354 354 354 354 355 357 357 357 356 355 355 356 358 360 358 356 355 356 357 357 356 358 2 1 355 353 353 354 355 353 346 339 337 338 341 346 348 349 349
353 352 350 349 350 351 352 354 356 357 355 354 353 352 350 351 354 358 359 359 358 355 350 343 338 341 346 348 351 354 354 353 355 357 357 355 354 354 355 355 355 355 355 355 355 355 356 357 358 360 1 0 0 1 360 357 355 354 353 352 352 355 357 358 359 358 356 354 356 357 357 357 357 358 357 357 358 360 3 3 358 353 353 354 355 356 354 350 344 337 332 333 336 341 346 346
353 353 352 350 348 349 352 355 356 354 352 350 350 350 350 352 354 355 357 358 357 356 354 349 343 341 343 345 349 351 350 350 353 355 354 353 354 356 357 357 357 357 356 356 355 355 356 357 357 359 360 359 359 1 359 356 354 353 352 352 352 353 355 358 360 359 356 354 356 357 356 355 358 360 359 358 358 2 6 2 356 351 350 351 352 353 354 353 349 346 343 342 341 342 344 342
354 354 353 352 351 351 352 354 354 352 350 348 347 346 348 351 353 353 355 357 357 356 355 353 349 345 343 346 349 350 348 348 351 353 353 353 355 357 358 359 358 357 356 355 355 356 356 356 356 357 359 359 359 357 355 354 353 353 353 354 354 352 352 354 356 355 354 353 356 359 359 357 357 359 360 360 0 2 2 359 355 352 350 347 346 348 349 349 349 350 352 349 346 346 345 341
355 354 354 353 353 353 353 353 352 351 350 348 346 345 346 348 350 351 351 353 354 355 355 355 353 350 348 349 350 349 347 349 350 351 352 355 357 358 359 358 358 358 357 357 357 356 355 356 357 357 357 357 357 354 352 353 353 352 354 356 355 351 350 349 346 347 348 351 356 1 0 358 357 358 1 3 2 358 354 352 353 355 354 348 343 342 342 341 344 350 353 349 345 347 347 342
355 354 354 354 354 353 353 352 352 351 350 349 346 345 344 344 346 348 349 349 350 353 355 356 355 354 354 351 349 348 348 349 349 349 351 355 357 358 357 357 358 358 358 359 360 359 358 359 2 0 354 353 352 349 347 350 353 354 356 358 354 345 338 333 331 333 338 346 354 356 356 357 357 358 1 2 0 356 350 348 351 354 355 352 346 344 343 340 342 349 350 346 344 346 345 342
355 355 354 355 354 353 352 352 352 351 350 349 348 346 343 340 340 344 347 347 347 349 353 356 358 359 358 354 350 349 349 349 349 349 352 355 356 355 355 357 358 358 359 2 3 4 7 11 13 7 357 353 347 339 332 334 344 356 7 13 354 329 312 304 304 310 317 329 340 345 349 354 355 355 355 355 355 354 352 351 351 352 352 350 347 347 346 344 345 350 350 347 345 345 342 340
356 355 355 354 354 353 353 352 352 351 350 349 349 348 345 339 335 337 341 344 345 348 352 356 1 2 360 355 352 351 350 348 348 349 353 355 354 353 354 357 358 360 4 8 10 13 17 20 19 14 9 4 359 351 333 315 319 347 12 10 354 341 329 318 309 301 298 305 316 329 341 347 349 349 348 348 349 350 352 352 350 348 348 347 348 350 348 346 348 350 348 347 346 345 340 338
356 356 355 354 354 353 353 353 352 351 350 349 349 349 348 344 338 335 336 339 343 347 353 358 1 360 358 356 354 354 352 349 347 350 351 352 355 357 358 360 4 14 25 26 22 24 19 12 12 15 13 7 4 1 358 353 348 351 357 356 352 347 343 344 342 332 322 314 308 313 326 337 340 343 346 345 344 346 349 348 344 343 344 345 349 350 347 348 352 352 347 342 343 341 335 330
357 356 355 354 354 353 353 352 352 351 350 349 348 347 347 345 343 341 339 339 343 348 353 358 359 357 356 356 356 355 352 351 351 353 352 354 359 3 9 15 23 29 25 15 11 12 9 2 3 8 8 5 1 358 359 2 3 358 354 351 349 348 347 351 353 348 340 334 327 319 317 321 328 337 342 343 344 347 347 342 339 340 341 343 348 350 349 351 356 357 351 343 342 342 335 327
357 356 355 355 354 354 353 352 351 350 349 349 347 345 343 342 343 345 345 344 345 349 353 356 357 356 355 356 356 354 352 352 356 0 3 6 8 12 16 17 15 9 4 5 6 5 5 5 359 355 358 0 358 357 360 4 7 3 355 350 349 349 350 353 353 350 346 342 339 336 325 314 314 324 334 340 345 347 343 340 341 343 342 344 348 352 356 359 353 351 351 350 351 350 346 341
357 356 356 355 354 354 353 352 351 350 349 348 347 344 341 338 340 344 347 348 348 350 352 353 354 355 356 354 353 353 354 358 6 12 14 11 6 5 5 5 4 2 1 4 6 4 2 2 358 353 352 355 357 358 1 3 5 2 356 352 351 351 354 354 351 349 348 346 345 343 337 329 322 322 326 334 341 342 340 340 344 345 345 350 357 0 4 2 348 339 341 348 352 352 352 352
357 356 356 355 354 354 353 352 351 350 350 348 347 344 341 338 338 341 345 348 349 350 350 351 352 354 355 353 351 353 358 5 11 11 10 7 4 2 1 1 1 2 2 3 4 2 358 354 355 355 353 352 355 358 360 359 360 360 357 353 352 354 356 354 350 348 348 350 349 344 341 340 336 332 329 327 330 332 333 337 341 340 344 353 358 1 0 357 350 343 338 343 348 350 352 356
357 357 356 355 355 354 353 352 351 350 350 349 347 345 343 340 340 342 345 347 349 350 350 351 352 353 354 354 355 356 1 7 10 9 8 6 3 0 359 359 360 1 2 3 2 359 356 354 354 355 356 354 353 354 355 356 358 359 357 354 354 357 356 353 349 347 348 350 348 344 344 346 345 343 341 337 335 333 335 340 342 342 345 348 353 356 358 357 353 347 344 344 346 347 349 353
358 357 356 355 354 354 353 352 351 350 350 348 347 346 345 344 344 345 346 347 349 350 351 351 352 353 355 356 357 359 2 7 9 8 4 2 360 358 358 359 0 2 2 2 359 356 356 357 355 355 356 355 352 350 350 352 355 357 358 357 358 359 356 351 348 347 347 348 346 346 350 352 350 347 346 348 351 353 354 352 348 347 348 348 349 353 356 357 353 348 347 348 348 349 348 348
357 357 356 355 354 353 353 352 351 350 349 348 348 347 346 346 346 347 347 348 349 350 351 351 353 355 356 358 359 360 2 4 5 1 358 358 358 359 359 0 2 3 3 1 358 358 358 357 356 355 356 355 354 351 349 349 351 353 357 0 0 358 355 352 347 345 345 346 346 351 356 357 354 348 345 348 352 356 358 358 354 353 353 350 349 351 354 355 350 348 350 352 353 351 350 348
357 357 356 355 354 353 352 352 351 350 349 349 348 347 347 347 347 347 348 348 350 351 351 352 354 355 357 359 0 0 360 360 358 355 355 355 358 1 2 2 2 2 2 1 0 358 356 356 356 356 355 355 355 354 351 349 349 350 355 360 1 357 354 350 345 344 345 347 351 358 1 0 356 350 346 346 349 352 356 359 1 2 359 355 350 348 351 351 349 350 352 356 356 353 350 349
357 357 356 355 354 353 352 352 351 350 349 349 349 348 348 347 347 347 348 349 350 351 352 353 355 356 359 1 1 359 357 354 352 353 356 357 358 2 2 1 360 360 1 2 359 356 356 358 357 357 356 356 356 354 352 351 350 350 353 357 359 356 351 345 342 344 348 352 359 5 5 1 354 348 349 350 349 347 350 357 3 5 4 2 355 347 345 345 347 350 355 360 357 353 351 350
357 356 355 354 354 353 353 352 350 349 349 348 348 348 348 348 347 347 348 349 350 351 352 354 356 358 2 5 3 358 354 351 350 352 356 359 1 1 359 358 357 358 359 358 355 357 360 1 359 357 356 356 355 353 353 352 352 353 354 355 356 353 346 342 342 345 351 359 8 10 6 357 348 347 352 357 352 343 344 351 359 3 5 6 2 352 344 341 343 349 357 2 359 353 352 351
357 356 355 354 354 353 352 351 350 349 349 348 348 347 348 348 348 348 348 349 350 351 352 354 356 360 5 7 4 359 355 351 348 350 354 359 2 1 357 355 355 355 354 353 355 1 4 2 0 359 357 356 354 352 351 352 354 358 358 354 349 344 342 345 350 353 358 6 13 12 1 347 344 349 357 2 358 345 340 345 351 356 2 5 4 358 352 348 346 348 356 0 359 356 354 353
357 356 355 354 353 353 352 350 349 349 349 349 347 347 347 347 347 348 348 349 350 350 352 354 356 1 5 6 5 3 359 353 347 345 349 355 0 0 357 354 353 352 350 351 356 1 4 3 1 359 360 359 356 352 349 351 359 3 1 353 343 337 339 348 358 2 6 11 13 7 353 345 345 351 358 3 2 353 341 338 342 349 356 359 360 359 358 357 354 352 353 354 355 357 357 357
357 356 355 354 353 352 351 350 349 349 349 348 348 347 347 347 347 347 348 349 349 350 351 353 356 0 3 4 5 6 5 360 352 346 344 348 354 357 356 354 352 350 349 351 355 359 1 3 2 360 360 0 358 354 350 354 2 4 358 350 342 338 340 351 2 9 12 13 9 359 349 347 349 353 359 1 0 356 348 339 337 342 348 350 352 357 1 1 360 358 355 350 349 353 357 358
356 356 355 354 353 352 351 349 349 349 349 348 348 347 346 346 346 347 348 348 349 350 351 353 355 358 359 359 2 7 9 5 360 354 348 346 349 353 354 354 353 350 351 352 354 357 359 2 3 0 358 359 359 357 356 357 360 359 354 347 342 344 350 357 4 9 12 10 1 352 349 351 355 358 1 359 355 355 353 345 337 338 342 343 346 353 0 0 0 2 360 352 345 345 351 354
356 355 355 354 352 351 350 349 349 349 348 348 347 347 346 346 346 347 347 348 348 349 351 352 353 354 353 354 358 4 7 8 6 358 350 349 351 352 352 352 352 352 353 354 355 357 358 359 359 359 359 359 360 1 1 1 358 355 352 346 342 349 0 6 8 9 8 4 355 347 347 354 1 5 4 359 354 355 356 349 339 336 337 339 343 351 355 354 356 1 3 357 347 340 340 345
356 355 354 354 352 350 349 349 349 348 348 347 347 346 346 346 346 346 347 347 348 349 350 351 352 351 349 350 355 0 4 7 4 356 350 351 352 351 350 351 351 352 355 356 357 357 356 354 353 357 360 359 1 5 6 6 2 355 350 347 346 354 7 14 12 7 2 357 350 345 347 357 4 4 1 357 356 358 359 354 345 339 337 338 343 348 350 350 353 359 3 2 353 339 330 330
355 355 354 353 351 350 349 349 348 348 347 347 346 346 346 345 345 346 346 347 347 348 349 350 350 349 348 350 355 2 4 1 357 353 351 352 352 348 347 350 351 353 355 356 358 357 354 350 351 356 358 359 3 8 11 10 6 358 350 348 352 1 11 17 12 2 356 353 349 347 352 357 356 355 355 356 358 359 359 358 354 349 343 339 340 342 344 347 352 357 1 3 359 344 328 322
355 355 354 352 350 349 349 349 348 347 347 347 346 346 345 346 346 345 345 346 346 347 348 349 348 347 347 350 355 359 358 355 354 353 351 350 349 345 345 350 353 355 356 356 357 356 353 351 354 358 358 359 1 7 12 9 4 1 357 354 358 4 10 13 10 0 352 349 350 353 356 354 350 351 354 355 357 358 359 0 1 359 351 343 340 340 341 346 353 357 359 1 358 349 337 330
355 355 354 351 349 349 349 348 347 346 346 346 345 345 345 346 346 346 345 345 345 346 347 347 347 347 347 348 351 352 351 351 354 356 353 347 345 345 348 353 355 357 358 357 357 356 353 355 359 359 359 359 360 4 9 6 360 359 2 4 3 2 4 7 8 3 353 345 346 352 355 353 352 354 355 354 354 354 357 3 8 7 359 350 345 347 349 350 354 358 0 358 352 345 341 339
354 354 353 350 348 348 348 348 347 346 345 345 345 345 345 346 345 345 345 345 345 345 345 345 345 346 347 347 347 345 344 347 352 355 354 350 346 347 352 356 358 0 1 1 0 357 356 359 360 359 360 1 1 3 4 2 356 355 1 8 8 3 0 2 6 7 359 347 341 345 352 356 356 357 356 352 351 349 353 3 10 10 5 358 351 351 355 355 355 358 359 356 349 342 340 342
354 353 352 350 348 348 348 348 346 346 345 345 344 345 345 345 345 345 345 345 345 345 344 343 343 345 346 347 347 344 341 343 347 349 352 355 353 352 356 360 3 6 6 4 2 359 359 359 359 360 1 2 3 2 0 358 356 355 359 7 11 6 359 356 2 7 4 352 341 341 351 359 1 360 356 351 349 348 349 357 5 9 9 8 1 353 353 356 357 356 354 352 348 343 340 341
353 352 350 348 348 349 348 347 346 346 345 345 344 345 345 344 345 345 345 345 345 345 344 344 343 344 345 347 349 344 339 340 342 344 349 357 0 1 4 7 9 9 7 4 2 0 360 359 359 1 1 1 1 0 358 358 359 0 1 5 9 6 358 352 356 3 3 355 347 347 355 1 0 356 353 352 352 354 355 352 356 5 11 14 10 356 348 354 357 353 350 349 347 345 342 344
352 351 348 347 348 348 347 346 345 345 345 345 345 345 344 344 345 345 345 345 344 344 344 344 344 344 344 347 347 341 338 338 339 342 349 357 5 12 14 13 10 7 4 3 1 0 360 360 2 3 359 358 359 360 358 357 359 2 3 4 7 7 359 352 352 356 359 356 355 360 3 359 353 350 353 355 353 356 0 358 355 0 7 12 10 1 351 351 352 350 348 347 346 342 344 350
350 349 348 347 347 347 347 346 345 344 344 345 345 345 344 344 344 345 345 345 345 345 344 344 344 344 344 345 341 337 336 337 338 343 349 359 12 19 16 11 8 4 2 0 0 360 359 359 2 2 359 357 358 1 359 356 358 1 3 4 6 7 4 358 355 354 355 356 2 6 2 354 351 354 360 358 351 353 0 4 1 0 3 4 4 3 358 352 349 350 350 348 341 338 345 356
348 347 347 347 347 347 346 345 344 344 345 345 345 345 344 344 344 345 345 344 345 345 344 344 344 343 342 340 336 334 334 335 338 343 350 3 13 13 12 10 7 3 359 357 359 360 359 358 359 360 359 356 356 358 359 357 356 358 1 2 5 10 13 9 360 355 355 359 5 1 353 351 355 3 4 355 349 352 357 4 8 7 4 0 359 1 359 352 349 351 353 349 340 339 348 355
347 346 346 346 347 347 346 345 344 344 345 345 345 345 345 345 345 345 345 345 345 345 345 344 344 343 341 338 335 334 333 333 336 341 352 4 6 6 8 8 6 2 358 356 357 359 359 358 357 359 359 355 351 352 356 358 356 357 359 3 8 15 20 17 5 357 358 2 1 354 351 354 1 5 359 350 350 354 355 2 10 11 8 2 359 357 354 352 351 351 353 349 344 346 350 352
347 346 347 347 347 346 346 345 345 345 345 345 345 345 345 345 345 345 345 345 345 345 345 344 344 343 341 339 337 336 334 335 337 341 352 0 2 1 1 2 1 359 359 359 356 355 357 358 358 358 357 354 350 349 353 358 359 359 2 8 14 17 19 17 10 1 359 1 357 354 359 3 1 357 351 347 352 357 357 2 9 9 6 3 358 355 355 357 355 352 350 349 352 353 349 350
347 347 348 348 347 346 345 345 346 346 346 345 345 345 345 346 346 346 345 345 345 345 345 345 344 343 342 340 339 337 336 338 340 343 349 354 358 357 354 354 355 357 360 358 354 354 357 0 0 357 354 353 352 352 354 358 3 5 10 16 17 13 10 11 11 4 358 357 358 1 6 5 359 354 347 348 356 1 2 4 6 5 3 359 354 355 2 5 1 354 350 350 354 353 351 353
348 348 349 348 347 346 346 346 346 346 346 346 346 346 346 346 346 346 346 345 346 346 345 345 345 344 343 342 339 338 338 340 342 344 346 349 350 349 349 350 353 357 357 353 353 357 2 4 2 357 352 353 356 358 359 3 8 12 15 17 14 6 2 3 4 360 355 355 0 6 6 4 0 355 352 354 2 6 6 5 4 2 358 351 351 360 10 11 5 358 353 351 350 349 353 359
349 349 349 348 347 347 348 347 347 347 347 346 346 347 346 346 347 346 346 346 346 346 346 346 345 345 344 343 341 340 340 341 342 343 343 343 341 341 344 349 353 355 352 351 356 4 7 4 359 353 352 356 1 3 6 10 13 16 15 12 8 3 359 356 353 352 353 355 0 5 5 4 4 1 360 4 9 11 11 7 1 356 351 349 356 10 14 12 8 2 356 351 345 344 354 4
351 351 349 348 348 348 348 348 348 348 347 347 347 347 347 347 347 347 347 347 347 347 347 346 346 345 344 344 343 342 342 342 342 342 342 339 337 338 342 347 350 351 351 353 1 6 5 359 352 350 354 2 7 10 14 17 18 15 9 5 3 0 356 351 347 347 351 355 359 3 4 6 8 8 10 13 15 14 12 5 357 350 348 353 8 15 13 10 9 6 360 350 342 345 358 6
353 351 350 350 350 349 348 348 348 348 348 348 348 348 348 348 347 347 347 348 348 348 348 347 346 346 346 345 345 343 343 342 342 342 341 339 338 338 340 343 345 347 351 357 4 4 359 353 350 352 360 7 15 19 19 20 18 11 2 357 357 356 352 348 347 348 352 358 1 2 3 6 10 14 17 19 18 14 8 1 354 351 354 4 13 13 9 6 7 7 1 349 344 351 1 8
353 352 350 351 352 350 348 348 348 348 348 349 349 349 348 348 348 348 348 348 348 348 348 348 347 347 347 346 346 345 344 343 342 341 340 339 339 337 338 340 342 345 350 359 4 359 353 349 352 358 5 13 20 21 19 17 12 4 356 351 351 351 349 347 347 350 355 0 3 3 3 6 11 16 20 23 20 13 5 0 358 358 3 8 10 8 5 5 5 4 358 353 352 358 5 8
