windninja/windninja_output/Output_2025-08-24_1100-1150_Google earth_Fire_150m_10min/merlingen_7.5mi_point_08-24-2025_1110_150m_ang.asc
ncols	158
nrows	163
xllcorner	391686.332397
yllcorner	5160024.123721
cellsize	150.000000
NODATA_value	-32768.000000
[rows 96 to 143 of 163, columns 0 to 95 of 158]
335 357 16 21 27 28 26 21 18 28 47 49 49 49 55 63 63 67 62 44 46 53 56 59 55 47 43 42 41 40 43 45 46 45 43 43 44 43 41 37 31 24 24 30 30 28 27 26 24 24 27 30 27 21 21 21 19 20 20 20 19 16 14 12 11 10 9 8 7 6 5 4 3 1 359 358 356 354 351 349 346 343 340 336 332 329 325 322 320 318 317 315 315 314 313 311
320 342 12 22 33 37 36 34 36 46 61 67 69 64 68 71 74 74 63 48 51 60 67 71 64 49 43 43 44 46 51 54 54 52 50 50 51 49 45 41 35 26 23 28 31 30 29 30 31 34 38 38 34 28 26 27 26 24 22 21 19 17 15 13 12 10 9 9 8 7 6 5 3 2 0 359 357 355 352 350 347 345 342 339 336 333 330 328 326 324 323 321 320 318 317 316
306 324 15 37 50 51 48 48 50 54 65 79 90 89 86 85 83 77 65 56 54 59 65 65 48 36 40 46 51 56 62 63 62 59 57 57 58 57 52 45 39 31 24 27 34 37 39 42 44 45 43 40 37 33 30 30 29 26 23 22 21 19 18 14 11 10 10 10 9 8 7 6 4 3 2 360 358 356 354 351 349 347 344 341 339 337 334 332 330 328 326 325 324 322 321 319
293 304 43 63 71 72 72 70 68 68 72 79 85 91 92 89 84 77 69 60 54 55 56 52 38 35 44 52 57 62 66 68 68 66 63 61 60 59 58 52 43 35 26 25 33 37 39 42 43 42 41 39 36 34 31 30 30 29 26 22 21 20 20 16 12 10 9 9 9 9 8 7 6 4 3 1 359 357 355 353 350 348 346 344 341 339 337 335 333 332 330 328 327 325 324 322
306 325 54 72 79 81 84 84 80 78 79 80 82 88 91 87 82 79 69 58 56 59 59 52 46 48 53 58 63 67 71 74 77 77 74 69 64 62 61 57 47 38 28 23 28 35 38 40 40 39 39 37 34 33 32 30 30 31 28 22 19 20 21 19 15 10 8 7 8 10 9 8 7 5 4 2 360 358 356 354 352 349 347 345 343 341 339 338 336 334 333 331 329 328 326 325
340 5 55 71 77 81 83 83 82 81 80 77 76 75 75 74 70 66 59 57 64 67 63 57 57 59 62 66 69 73 76 80 84 87 88 85 79 73 69 63 51 41 31 22 25 35 39 40 39 38 37 36 34 34 33 32 30 30 29 25 21 20 21 21 18 13 10 8 9 11 11 9 8 6 5 3 1 359 357 355 353 351 349 347 345 343 341 340 338 336 335 333 332 330 329 327
14 31 57 68 73 77 79 80 80 79 77 74 69 62 56 55 56 53 49 55 64 64 61 61 62 64 68 72 74 76 79 82 85 89 94 98 97 90 82 75 64 50 36 23 20 28 34 35 35 35 36 36 34 33 34 32 29 29 30 28 23 19 20 22 22 18 14 12 12 14 14 11 8 7 6 4 2 360 358 355 353 351 350 348 346 344 343 341 339 338 336 335 334 332 331 329
36 43 56 64 69 72 75 76 77 76 75 73 69 62 58 57 57 55 54 60 62 57 60 64 64 65 69 74 76 78 81 82 84 88 93 100 108 107 100 92 84 69 46 24 13 19 29 32 33 35 36 36 35 32 32 31 30 30 29 28 24 20 20 22 24 22 18 16 15 17 18 15 10 8 7 6 3 0 358 356 353 351 350 348 347 345 344 342 341 339 338 336 335 334 332 330
45 48 56 63 67 71 74 75 76 78 78 78 77 79 81 80 74 69 70 72 64 58 60 62 62 62 66 70 73 78 82 83 85 87 91 97 106 114 113 107 101 93 68 26 3 8 23 30 32 34 35 35 34 33 32 31 30 30 30 29 27 25 23 23 25 24 21 18 16 17 20 22 19 14 11 7 2 359 357 355 353 351 349 348 347 346 345 343 342 341 339 338 337 335 334 332
52 53 57 61 67 71 73 75 76 78 81 85 88 91 92 92 88 83 79 74 66 62 61 60 58 59 62 66 69 75 80 83 86 86 87 93 101 111 117 116 112 110 101 38 339 348 9 22 26 30 32 32 32 33 33 32 31 30 31 31 30 28 26 26 27 27 24 19 17 19 22 25 26 22 17 10 2 358 355 351 348 348 348 348 347 346 345 344 343 341 340 339 338 337 335 333
55 55 56 59 63 67 69 71 72 74 76 78 80 82 86 88 86 82 75 68 64 65 63 57 55 56 58 61 66 72 77 81 82 80 82 90 99 107 115 120 121 118 115 103 302 319 344 7 17 23 28 30 30 31 32 32 31 31 32 32 31 29 28 28 27 27 26 21 18 20 24 25 26 23 18 14 9 3 358 350 343 342 344 346 346 346 346 345 343 342 341 340 340 338 336 334
56 55 54 57 61 63 64 64 62 61 62 62 63 66 72 78 79 76 71 65 63 65 64 55 51 52 54 55 60 69 74 78 75 70 77 88 97 101 106 115 125 129 124 141 293 301 319 346 5 16 25 29 29 30 32 32 31 31 32 33 33 31 29 28 28 27 27 24 19 20 25 26 26 25 23 20 16 8 2 359 352 341 338 342 345 346 346 345 344 343 343 342 340 338 336 335
55 54 53 55 56 55 53 51 50 52 56 59 60 61 65 70 71 69 65 63 63 66 65 55 48 49 51 49 54 65 71 73 68 63 76 89 93 90 93 102 116 132 132 220 292 297 303 323 349 7 20 27 29 30 31 32 32 32 31 31 32 33 31 29 30 29 28 27 22 19 24 27 28 26 25 23 20 13 6 5 3 353 339 337 341 345 346 345 345 344 344 342 341 339 336 335
55 53 52 52 50 49 49 49 51 56 60 61 59 60 63 66 65 58 53 56 64 69 66 57 47 46 47 46 53 65 67 66 62 61 77 88 86 82 85 88 91 107 131 205 274 291 296 305 328 354 11 21 26 28 29 31 32 32 31 29 29 32 32 30 32 33 30 28 25 21 23 28 29 27 25 24 23 20 15 11 9 3 351 339 337 341 344 345 345 345 344 342 340 338 337 336
54 53 52 53 54 55 57 59 60 60 61 62 59 58 62 66 62 47 43 51 61 70 69 58 49 44 45 44 51 61 65 62 58 60 74 84 82 80 82 74 61 67 93 191 262 283 293 298 312 336 357 13 22 26 28 29 30 33 33 30 29 33 34 32 33 35 33 30 27 23 22 25 29 28 27 27 27 27 23 18 13 9 2 350 339 337 341 344 345 345 344 341 338 336 335 336
53 53 56 58 60 61 62 62 62 60 60 63 62 59 61 65 59 36 34 46 56 67 70 58 49 47 44 40 45 54 60 62 57 58 70 77 79 79 75 58 45 49 57 51 275 277 285 290 299 318 342 2 16 24 27 27 28 32 35 32 30 33 35 33 32 33 34 32 28 24 21 24 29 31 30 30 30 30 29 25 19 14 10 1 351 343 341 342 344 343 341 337 334 333 333 335
57 58 60 61 61 60 59 59 59 57 55 59 61 59 60 64 57 28 26 38 47 58 65 55 46 52 52 47 45 48 54 59 58 61 72 76 75 74 65 53 46 48 53 51 351 287 285 286 290 302 325 349 7 20 26 26 26 30 34 33 30 31 34 33 32 32 33 33 30 26 24 27 30 32 33 33 32 30 29 28 25 20 16 10 2 356 353 351 350 344 332 327 329 332 333 336
60 60 61 61 62 61 59 57 55 52 50 54 58 55 58 64 57 22 15 27 38 50 58 56 48 57 59 58 54 48 50 54 59 69 79 82 77 70 60 51 45 44 52 54 28 319 300 296 294 296 308 331 356 14 23 25 25 28 32 33 31 29 32 34 32 31 32 32 30 27 25 26 29 30 32 34 33 30 28 29 29 27 23 19 13 7 7 8 6 352 336 331 333 337 340 339
58 58 59 60 59 59 58 57 53 50 50 54 54 50 54 62 56 14 360 18 30 42 50 53 51 53 54 55 58 54 48 51 59 71 81 85 78 69 57 43 34 35 43 46 30 346 321 314 308 301 302 315 340 5 19 24 24 25 31 33 31 28 30 33 31 29 31 31 31 29 26 27 30 31 32 34 35 32 30 30 32 32 26 23 20 15 15 16 7 353 346 345 345 350 354 348
55 55 56 56 55 54 54 54 53 52 54 56 50 44 51 61 58 16 351 11 27 36 41 45 48 49 47 46 51 52 43 46 56 67 76 78 72 63 52 38 27 30 37 40 31 3 337 327 321 312 307 309 324 351 14 23 24 25 29 32 31 29 30 33 32 29 29 31 31 30 29 30 33 35 33 34 36 36 33 30 34 35 29 25 25 20 16 13 4 355 355 358 1 4 2 354
52 53 54 54 54 53 51 50 51 54 59 57 45 39 48 62 62 25 351 3 22 28 31 37 43 46 44 43 53 50 34 38 49 61 71 73 63 49 40 32 25 29 35 37 33 16 351 333 327 323 316 313 319 338 5 21 25 25 27 31 31 29 30 33 32 29 29 31 31 31 30 30 33 36 37 36 37 38 37 35 37 39 33 28 28 23 15 11 6 3 6 11 11 7 359 356
50 53 55 56 55 54 50 46 48 52 58 56 41 35 49 61 65 34 349 351 10 20 25 31 36 39 39 41 49 49 37 37 43 53 58 56 45 33 29 28 25 28 32 34 34 23 359 341 334 332 328 322 321 331 355 17 24 25 27 30 30 28 29 32 32 29 29 30 31 31 30 29 30 34 37 37 37 38 39 38 39 40 36 30 29 24 15 11 11 12 15 17 13 5 359 359
52 53 55 56 56 53 49 46 49 52 56 55 40 35 48 59 64 50 349 335 352 13 24 30 33 35 32 33 40 43 42 39 40 50 52 45 35 23 21 24 24 27 29 32 33 24 6 351 343 341 338 330 324 328 347 11 23 26 27 29 30 27 28 30 30 28 27 29 31 31 30 28 28 31 35 37 36 37 38 37 38 40 38 32 27 23 17 14 15 18 19 18 14 9 6 4
52 52 53 57 57 53 49 51 55 55 56 56 44 37 47 56 63 62 19 321 317 8 32 39 41 39 34 34 37 39 40 37 42 53 55 50 41 28 24 25 25 26 27 28 26 23 13 360 351 348 345 336 328 328 340 5 21 26 27 29 30 27 27 29 29 28 28 28 31 32 31 29 28 29 32 36 37 37 38 40 42 43 40 33 27 22 18 16 18 20 21 19 18 17 14 4
51 50 51 56 59 56 56 59 62 59 57 60 51 37 43 53 62 65 55 355 274 269 59 60 59 57 54 52 51 49 48 47 54 60 61 57 49 40 35 33 31 29 28 27 26 24 18 8 360 354 350 343 333 331 338 360 19 26 27 29 30 28 29 33 36 40 39 34 33 34 33 30 28 28 30 33 36 38 40 43 45 46 42 34 28 22 18 18 20 22 23 22 21 20 13 359
48 48 47 48 49 49 53 59 65 61 57 64 59 36 37 48 59 65 63 53 145 188 148 104 87 78 71 68 72 75 72 68 68 66 65 62 57 53 46 41 39 36 37 37 35 32 27 19 9 3 357 348 339 335 339 356 16 26 27 29 32 32 37 44 49 57 61 53 41 38 35 33 31 29 28 30 33 36 39 42 43 44 41 33 28 22 19 19 23 25 24 23 20 15 8 358
42 43 42 40 39 38 42 49 57 59 57 67 67 40 35 45 57 63 64 62 75 137 152 139 117 103 94 90 90 88 83 78 74 70 69 66 62 59 51 44 44 45 47 46 44 43 39 29 18 10 3 354 344 338 341 352 13 25 28 33 38 41 46 49 47 51 55 57 51 44 40 37 35 32 29 27 29 33 35 38 40 41 38 30 26 23 20 21 23 25 24 21 18 12 4 358
40 43 44 39 37 38 39 43 50 52 56 70 74 50 41 51 57 60 61 66 74 93 122 135 129 122 117 109 105 99 90 84 79 74 73 69 63 60 54 44 42 45 48 48 46 45 41 30 18 12 7 0 349 342 343 351 13 30 36 40 43 45 46 44 42 44 46 48 49 49 48 45 40 36 32 28 26 29 31 33 35 36 34 29 27 26 23 23 26 27 25 20 15 10 3 0
42 45 45 41 39 41 41 42 47 48 52 67 75 60 54 63 61 57 56 62 73 83 95 108 114 118 120 118 115 108 93 85 81 78 76 72 65 63 58 47 40 41 46 49 48 44 39 29 16 11 9 5 355 346 347 356 16 35 44 44 42 41 40 38 39 43 44 45 47 49 55 60 56 47 39 32 26 25 28 28 30 34 35 32 30 29 26 26 29 29 25 17 10 8 6 5
38 42 42 38 36 40 41 42 45 44 48 60 68 64 67 74 67 56 51 54 62 75 84 88 92 98 108 117 118 110 89 83 82 80 78 74 68 66 62 53 44 40 43 51 52 47 40 29 15 11 12 9 1 352 350 359 14 29 37 36 33 36 36 35 38 42 44 45 47 47 51 62 69 67 56 42 31 27 28 28 29 35 37 35 33 31 28 27 30 29 21 11 6 6 8 10
34 40 43 37 35 38 42 43 43 42 45 53 59 63 66 73 68 58 51 51 56 64 71 71 74 85 98 110 113 102 82 78 78 78 79 75 70 68 67 59 51 43 42 51 54 51 44 31 19 14 14 11 3 357 354 358 11 25 33 31 29 33 35 36 40 43 44 45 46 46 47 52 59 65 69 66 51 40 37 36 36 38 38 36 34 32 28 28 30 28 20 10 6 6 9 13
34 40 44 38 34 36 40 43 42 41 40 45 51 56 64 67 58 55 56 55 56 59 58 55 63 75 87 97 101 99 80 75 72 69 72 75 72 70 70 66 60 53 48 51 56 55 48 35 25 18 16 12 5 0 358 0 10 25 33 33 33 35 37 39 42 45 45 45 46 46 47 51 55 58 64 73 80 70 55 42 37 38 37 35 33 29 24 24 25 26 22 13 6 7 12 16
33 39 44 40 34 35 40 43 42 39 36 38 41 46 53 61 55 54 58 66 66 62 60 59 66 73 77 85 95 107 103 82 70 63 62 68 73 72 70 69 67 63 62 58 60 58 51 38 28 22 18 13 6 2 2 4 12 25 34 36 37 38 38 40 43 45 45 45 46 46 48 52 56 60 64 71 83 100 91 64 42 34 32 32 29 24 20 18 19 22 22 16 10 12 17 19
34 41 48 45 40 42 47 48 45 41 36 34 34 37 43 49 54 59 72 84 83 78 71 68 70 73 73 74 81 102 123 102 76 64 59 60 65 69 70 70 71 71 74 77 70 62 53 38 28 24 19 14 8 6 5 6 14 26 35 37 37 38 39 41 43 45 45 45 45 46 48 51 54 58 63 70 78 95 116 121 104 50 32 29 27 22 17 16 17 20 20 18 15 17 20 21
36 42 49 48 43 48 56 59 57 50 44 40 38 39 40 47 55 67 82 92 93 89 79 70 69 71 71 65 66 80 108 121 89 68 61 58 58 59 62 65 68 70 74 81 84 69 55 41 33 28 22 18 11 9 9 8 15 27 35 38 39 39 41 43 44 46 46 46 45 46 47 50 52 54 57 63 71 77 91 119 142 159 120 40 31 23 18 19 21 20 20 21 20 19 20 22
37 40 45 46 43 46 51 56 64 68 65 59 55 54 53 54 63 76 87 92 93 93 88 77 71 69 65 62 64 68 82 107 109 72 63 59 56 53 50 52 56 58 60 67 75 69 54 44 40 34 26 21 15 12 12 12 17 29 37 41 42 43 44 45 46 46 47 46 46 45 47 50 51 52 54 57 62 63 63 75 103 161 188 188 72 29 22 23 24 21 21 24 23 20 21 24
38 41 45 46 45 45 44 45 54 66 72 71 67 65 65 68 75 80 83 89 96 99 95 88 79 70 61 64 72 74 81 96 130 91 68 62 58 53 48 45 47 47 47 51 51 44 39 44 45 39 29 23 19 16 16 17 21 31 40 44 46 47 47 47 48 48 49 48 46 46 47 49 49 51 54 56 59 57 51 55 66 97 182 204 205 206 12 16 20 21 21 25 26 23 24 28
43 45 46 45 47 47 42 40 45 51 58 61 65 71 76 81 84 80 72 71 86 98 100 94 84 70 62 62 71 76 82 93 124 146 86 69 65 59 53 50 50 46 44 44 39 29 25 33 42 40 32 25 21 19 19 20 23 32 40 42 44 46 45 46 49 50 51 51 49 47 48 49 48 48 51 56 63 62 54 55 59 62 83 198 208 219 243 317 10 23 24 26 30 28 28 31
44 45 43 43 47 47 44 42 41 45 48 47 52 65 82 95 92 82 71 66 67 84 99 96 84 70 62 58 59 65 69 75 93 137 138 89 72 66 62 61 58 51 47 45 37 30 24 25 34 36 31 26 22 22 22 22 26 34 39 42 45 46 45 46 48 50 52 54 54 52 50 49 48 47 49 55 62 66 64 63 63 61 57 69 198 221 231 239 269 18 25 28 36 35 31 30
37 39 40 41 46 46 44 45 45 47 48 44 47 63 87 99 98 88 81 74 69 69 86 96 90 78 68 61 57 55 56 58 67 96 137 135 91 72 71 71 65 57 53 47 38 33 29 24 27 32 31 27 25 26 25 24 29 37 42 44 47 47 46 47 48 50 51 54 59 62 58 52 49 46 47 52 56 61 66 69 71 66 59 53 46 270 239 237 236 235 44 45 48 44 35 32
23 34 41 42 46 47 45 46 49 57 59 56 55 71 88 97 99 95 89 83 76 71 76 89 99 92 79 69 62 56 51 53 59 69 99 138 127 84 80 78 71 64 57 46 41 39 34 27 27 33 33 30 29 29 28 27 32 39 43 44 46 46 46 46 47 50 51 54 60 67 72 69 58 48 44 47 51 54 57 63 69 65 56 49 37 16 351 282 246 231 200 106 76 59 47 40
15 32 43 45 51 54 51 49 51 59 65 69 71 82 88 90 92 94 92 86 81 78 79 86 100 107 91 79 70 61 54 56 62 67 77 107 144 101 85 80 74 67 58 47 44 43 39 30 30 35 35 34 33 32 31 31 35 41 43 43 45 45 47 47 47 50 52 56 62 68 77 87 87 74 55 48 50 50 50 52 57 55 50 45 36 26 25 14 318 295 321 76 90 86 67 38
27 37 43 47 55 60 60 58 57 59 64 71 82 93 90 83 79 79 82 84 84 84 88 92 102 119 112 91 78 65 56 55 60 65 71 83 122 122 88 79 71 63 56 49 45 43 39 32 32 36 36 36 36 35 34 34 38 42 43 44 45 45 47 47 48 51 55 59 64 68 74 85 99 105 97 70 56 51 48 49 52 49 46 42 32 26 21 10 357 356 7 30 56 73 66 0
42 44 45 48 52 56 61 67 69 68 68 77 93 99 93 82 74 68 65 71 78 83 88 94 104 120 127 107 87 71 58 56 56 57 65 72 83 112 95 79 65 55 53 49 45 44 41 35 35 37 38 38 37 36 37 38 40 42 44 45 45 47 47 45 47 52 56 60 63 65 70 77 89 102 112 105 76 60 53 51 51 46 38 31 20 13 7 6 8 11 16 25 35 39 30 344
44 46 50 52 48 47 53 61 67 76 82 88 99 101 93 84 78 71 64 63 66 71 77 86 98 113 126 124 102 83 69 63 58 54 57 58 56 75 86 73 59 53 52 48 46 46 42 38 38 40 41 41 39 38 40 40 41 42 44 46 46 48 46 42 43 48 53 56 59 62 65 70 78 88 100 111 92 72 62 56 54 50 42 33 21 13 12 15 22 24 23 25 23 22 20 6
37 47 58 61 56 51 50 51 56 71 87 100 102 98 91 87 83 79 76 71 65 61 60 66 78 95 115 128 119 103 89 75 63 58 57 53 48 51 57 55 52 52 50 47 46 45 43 41 42 43 44 46 47 45 44 42 41 42 44 45 46 47 44 39 37 40 43 46 49 52 55 59 65 73 76 77 75 74 72 69 67 63 56 47 34 26 28 32 34 33 29 25 19 17 20 18
29 48 62 67 71 71 63 54 55 64 79 98 102 94 91 90 87 86 88 89 77 65 58 55 57 65 81 104 116 116 111 94 77 67 62 55 47 43 41 39 44 47 46 44 44 44 43 43 44 45 46 52 58 60 55 47 42 43 44 44 46 46 43 37 34 35 36 37 39 43 46 49 54 59 58 43 43 56 67 76 77 71 65 57 44 38 37 34 32 32 31 29 26 25 31 35
30 48 59 64 71 79 84 82 72 67 76 87 93 91 91 91 89 91 94 97 93 83 72 64 58 55 55 62 82 102 112 112 100 82 70 61 49 43 38 36 41 45 44 43 43 43 43 45 46 47 50 56 61 65 65 52 46 47 46 46 47 46 44 40 39 42 44 42 40 41 43 46 53 56 50 33 32 41 55 66 69 65 64 57 45 42 36 29 27 28 31 34 37 39 43 41
