windninja/windninja_output/Output_2025-08-24_1100-1150_Google earth_Fire_150m_10min/merlingen_7.5mi_point_08-24-2025_1130_150m_ang.asc
ncols	158
nrows	163
xllcorner	391686.332397
yllcorner	5160024.123721
cellsize	150.000000
NODATA_value	-32768.000000
[rows 0 to 46 of 163, columns 0 to 95 of 158]
7 6 3 1 2 2 3 2 2 2 3 3 5 7 8 9 8 2 359 357 356 356 358 1 2 2 1 359 358 360 1 1 1 359 358 359 1 359 357 355 355 356 357 356 355 355 355 352 350 352 354 354 355 356 357 357 356 355 353 352 353 353 353 352 351 352 352 352 351 350 350 351 350 349 347 348 350 349 345 344 346 346 344 343 342 339 338 338 336 335 333 332 331 331 329 325
9 7 3 1 1 3 4 4 2 1 1 3 5 7 9 9 6 1 358 357 356 354 355 360 3 4 2 359 358 1 2 1 1 360 358 359 1 360 357 357 356 356 357 356 355 356 356 354 350 350 352 353 354 356 358 357 356 355 354 353 353 353 353 352 351 351 352 352 351 350 351 351 351 349 348 349 351 349 346 346 348 348 345 345 344 341 340 341 340 338 335 333 333 333 333 333
10 7 3 2 2 3 6 5 2 359 358 1 4 6 8 8 4 1 358 358 357 353 351 357 4 6 4 1 1 3 3 2 1 359 358 358 360 359 359 358 356 356 356 355 355 355 355 355 354 352 351 352 355 357 357 356 355 354 354 354 354 353 352 352 352 352 352 352 351 351 352 352 351 349 349 351 352 350 348 348 351 351 348 348 347 344 345 346 346 345 341 338 339 340 340 340
4 5 5 3 3 4 4 1 359 358 359 1 3 4 5 4 3 1 1 1 0 356 351 354 1 4 5 4 3 4 4 3 1 358 357 357 358 359 358 357 355 355 354 353 354 354 354 356 357 356 354 355 357 357 356 355 354 354 354 354 354 353 353 353 353 352 352 351 351 351 353 352 350 349 349 350 350 349 350 351 352 352 351 350 346 345 347 348 349 350 349 346 344 344 344 343
358 2 6 5 4 3 360 357 357 359 3 3 3 3 1 1 2 3 4 5 3 357 352 351 355 360 3 4 4 4 4 4 2 359 357 358 358 358 356 355 354 354 353 353 354 355 355 357 357 357 358 358 358 358 357 356 355 354 353 353 353 353 353 353 353 352 352 351 351 353 354 352 350 349 350 349 347 347 350 353 353 351 350 350 347 345 346 345 345 348 351 350 348 347 346 346
356 358 3 5 4 2 358 356 357 2 5 3 1 0 359 360 4 6 7 7 5 359 352 348 349 354 359 2 3 3 3 3 2 1 1 359 358 356 355 354 354 353 352 354 355 356 357 357 357 359 0 0 359 358 358 356 355 353 353 353 353 354 354 353 353 352 352 351 351 354 355 353 350 349 351 352 349 347 349 354 355 349 347 347 347 346 345 340 338 341 344 346 348 347 346 346
359 358 359 1 2 1 359 358 1 4 4 2 360 358 358 0 4 8 8 7 5 0 353 346 344 348 354 358 359 1 1 0 0 2 2 360 357 356 355 356 355 354 354 355 356 357 357 358 358 359 1 1 360 359 358 356 354 353 352 352 352 354 355 355 354 353 352 351 352 354 356 354 351 351 352 352 352 351 353 357 354 349 346 346 347 347 345 339 334 333 333 335 340 343 343 343
1 0 358 357 358 360 1 3 4 3 1 359 358 358 359 0 3 7 7 6 5 3 357 349 343 345 350 352 355 358 358 357 359 1 0 358 357 357 357 358 357 357 357 357 357 356 357 357 358 360 1 360 360 0 359 355 353 352 351 350 351 353 355 356 356 355 352 351 352 353 353 353 353 354 353 352 352 354 358 357 351 347 347 348 348 348 347 343 338 332 327 327 330 334 339 339
1 1 0 358 358 359 2 5 4 1 359 356 354 355 358 1 2 4 6 6 5 4 1 355 348 345 347 350 353 356 355 354 357 359 358 356 357 359 360 360 360 359 358 358 357 356 357 357 357 359 360 358 359 360 358 354 353 352 351 350 351 351 353 355 357 356 352 350 352 354 352 351 353 355 354 353 353 356 0 356 348 344 344 346 347 348 348 347 344 342 339 337 336 337 339 336
1 2 2 1 0 1 2 3 2 360 357 354 352 352 356 0 2 1 3 4 4 3 2 358 354 348 347 351 354 354 353 353 355 357 357 358 359 1 2 2 1 360 358 357 357 357 357 357 357 358 358 359 359 357 354 353 351 351 351 352 352 350 349 352 353 352 350 350 352 355 355 352 352 354 355 354 354 356 357 353 349 346 344 342 341 342 344 344 344 347 347 345 341 341 340 335
3 2 2 2 2 2 2 1 0 359 357 354 351 350 353 358 360 360 359 1 2 3 2 0 358 354 351 352 354 353 352 354 355 356 357 360 1 2 2 2 1 0 359 359 359 357 356 357 358 358 356 357 356 353 351 351 351 350 351 353 351 347 347 345 343 343 345 347 353 357 355 353 352 354 356 358 356 352 349 347 348 349 348 343 337 337 337 336 338 345 348 343 340 342 341 335
3 3 3 3 3 2 1 1 0 359 357 355 352 351 352 354 356 357 358 357 358 0 2 2 0 359 357 355 354 353 353 355 355 355 357 0 2 2 1 0 1 1 1 1 2 0 359 0 3 0 354 353 351 348 346 347 350 350 351 352 347 340 335 330 328 330 334 341 350 352 351 352 352 354 357 358 355 351 346 344 346 349 350 346 341 339 338 334 336 344 344 339 337 340 338 334
4 4 3 3 3 2 1 1 0 359 358 356 354 353 351 350 350 354 356 355 355 357 1 3 4 5 3 359 356 355 355 356 355 355 358 1 1 360 359 0 1 1 2 4 4 6 8 12 14 7 357 353 347 339 332 332 340 349 358 358 337 320 310 304 304 308 314 325 337 342 345 349 351 351 351 351 351 350 348 347 346 347 347 345 342 343 341 337 340 345 343 338 337 338 334 330
5 4 4 3 3 2 2 1 0 359 358 357 356 355 353 349 346 347 351 353 354 357 1 5 9 8 5 1 358 357 356 355 354 356 359 0 359 359 359 1 2 4 8 11 12 16 19 20 19 15 9 4 357 349 331 315 317 339 2 0 345 335 325 316 308 300 298 304 316 326 337 343 345 345 345 345 345 345 347 348 345 343 343 342 342 344 341 338 341 344 341 336 335 334 328 324
5 5 4 3 3 2 2 2 1 360 358 357 356 355 356 354 349 345 346 350 354 358 3 8 9 7 4 2 0 360 359 356 355 356 357 358 0 2 3 5 10 19 29 30 27 27 22 13 13 16 14 7 3 360 356 351 345 347 353 353 348 343 339 340 338 328 319 312 308 313 325 333 336 339 342 341 339 340 343 341 338 337 338 338 341 342 339 338 342 342 335 326 323 322 316 312
6 5 4 4 3 3 2 2 1 360 359 357 355 353 354 354 353 351 349 350 354 359 3 7 8 5 2 2 3 1 359 357 357 358 358 1 7 12 16 23 31 35 30 21 16 15 12 5 5 9 9 5 1 358 359 1 1 356 352 349 346 345 344 348 349 343 337 330 324 318 317 319 325 332 338 338 338 340 339 335 333 334 333 334 337 338 336 335 339 340 331 319 316 316 311 307
6 6 5 4 4 3 2 2 1 360 358 357 355 352 350 351 354 355 355 354 355 359 2 5 5 4 2 2 2 0 358 359 3 7 12 17 20 23 25 25 22 14 9 9 10 8 7 7 1 356 359 1 359 357 359 4 6 2 354 349 346 346 347 350 349 346 342 338 335 332 323 314 312 321 331 335 340 341 337 334 334 335 332 332 332 331 330 327 324 330 333 331 331 329 325 320
6 6 5 5 4 3 3 2 1 360 359 357 355 352 348 347 351 355 357 358 358 360 2 2 3 4 4 1 359 360 1 5 13 20 22 19 15 13 12 11 9 6 6 8 9 6 4 4 360 354 353 355 357 358 1 3 4 1 355 350 348 349 351 351 348 346 344 342 341 339 333 326 320 320 324 330 336 337 333 332 334 333 331 332 332 328 328 329 325 324 328 332 336 335 334 333
6 6 6 5 4 3 3 2 1 0 359 358 356 353 350 348 350 354 357 360 1 1 1 1 2 4 4 1 360 1 7 13 17 18 16 14 12 9 7 7 6 7 7 7 7 6 1 357 356 356 354 353 355 358 360 359 359 359 355 351 350 352 353 352 348 345 344 345 344 340 337 337 333 329 326 324 326 325 322 321 323 322 325 333 339 342 342 339 333 329 327 331 333 334 336 339
7 7 6 5 4 4 3 2 1 0 360 359 357 355 353 351 351 355 358 0 1 1 1 1 2 3 3 3 3 5 10 14 17 17 16 14 11 8 5 5 5 5 6 7 5 2 359 356 355 357 357 355 353 354 355 355 357 358 356 352 352 354 353 350 346 343 343 346 344 340 341 343 341 339 337 333 329 323 319 321 324 325 330 336 341 343 344 342 337 333 334 335 333 332 334 338
8 7 6 5 5 4 3 2 1 0 360 359 358 356 355 354 355 357 358 359 360 0 1 1 1 3 4 5 6 7 9 13 15 15 11 9 7 4 3 3 5 6 7 6 3 360 359 359 357 357 357 356 353 350 350 352 354 356 356 355 355 355 352 348 345 343 343 344 342 342 346 348 346 342 341 344 346 345 344 340 336 336 337 338 340 341 342 342 337 334 337 340 337 334 334 334
7 7 6 5 5 4 3 3 2 1 360 359 358 357 356 356 357 358 358 359 359 0 0 1 2 4 5 6 7 8 8 10 11 7 4 3 4 4 4 5 6 7 7 4 2 1 1 359 357 356 357 356 354 351 349 349 350 352 356 358 358 356 352 348 344 341 342 342 343 347 352 353 349 342 341 344 349 351 351 349 345 344 342 340 341 341 343 342 336 336 340 345 344 339 337 336
7 7 7 6 4 4 3 3 2 1 360 359 359 358 357 357 358 358 358 359 360 0 0 1 3 4 6 7 8 8 7 5 4 2 1 2 4 7 7 7 7 7 6 5 4 1 359 358 358 357 357 356 356 354 351 349 348 349 353 358 358 354 351 347 342 341 342 343 347 354 357 356 350 344 342 343 346 348 350 352 353 353 350 346 342 340 342 341 338 338 343 350 348 341 338 337
8 7 6 5 5 4 3 3 2 1 360 359 359 359 358 358 358 358 358 359 360 0 1 2 3 5 7 9 10 8 4 1 359 1 3 5 6 9 9 6 5 4 5 6 3 359 359 0 359 358 357 357 357 355 352 350 349 349 352 356 357 353 348 342 339 341 344 348 355 0 0 356 348 343 344 347 347 343 345 350 356 358 356 353 347 340 338 336 336 339 346 354 350 341 338 338
8 7 6 6 5 4 4 3 2 1 360 359 359 359 359 358 358 358 358 359 359 0 1 2 4 6 10 13 12 7 3 359 357 1 4 7 9 8 6 4 2 2 3 2 359 360 2 3 2 359 358 357 355 354 353 352 351 352 352 353 353 350 343 339 339 342 347 354 3 4 0 351 342 342 348 353 348 339 339 346 352 355 358 359 354 344 337 333 332 337 349 357 351 342 339 339
8 7 6 6 5 4 4 3 2 1 0 360 359 358 359 359 358 358 358 359 359 0 1 2 4 8 12 15 13 9 4 359 356 357 2 6 9 9 4 1 0 359 358 357 358 4 6 5 3 1 359 357 355 352 351 352 354 357 357 352 347 342 339 342 346 349 353 2 8 6 354 341 338 344 353 359 353 340 336 340 345 350 355 359 357 351 345 340 335 337 348 355 352 346 343 341
8 8 6 5 5 4 3 2 1 1 1 360 359 358 358 358 358 358 358 359 359 360 1 2 4 7 11 14 14 12 8 2 356 353 356 3 7 8 4 360 358 356 354 355 360 4 6 6 3 1 1 0 357 352 349 351 358 3 360 352 341 335 337 345 354 359 3 7 8 1 347 339 340 346 355 360 357 346 336 335 337 343 350 353 353 352 352 350 344 341 346 350 349 348 347 345
8 8 7 6 5 4 3 2 1 1 1 0 359 359 358 358 358 358 358 359 359 359 360 1 3 6 8 11 13 14 13 9 1 355 353 356 1 4 3 359 357 354 353 355 359 1 3 5 4 1 1 1 359 354 350 353 1 3 357 348 340 335 337 347 357 4 8 9 5 353 343 341 344 349 356 358 355 349 342 335 333 337 342 344 345 349 354 354 350 347 347 345 343 345 348 348
8 7 7 6 5 4 3 2 1 1 1 0 360 359 358 357 357 358 358 358 358 359 359 0 2 4 4 5 9 13 15 13 8 2 356 353 356 360 0 359 356 354 354 355 357 359 1 4 5 2 359 360 360 357 356 357 359 359 353 345 340 341 347 353 359 5 9 7 357 346 342 345 350 354 358 356 351 347 346 339 333 334 336 336 337 343 351 352 349 351 350 345 340 338 342 345
8 7 7 6 5 3 2 2 2 1 1 0 359 359 358 357 357 357 357 357 358 358 359 359 360 360 358 359 4 9 12 14 12 5 356 353 355 357 357 357 355 355 356 357 357 359 360 1 1 1 360 359 0 1 1 1 358 355 351 344 340 346 357 2 4 5 5 0 349 341 341 348 356 0 0 355 349 347 347 341 334 332 332 332 333 339 345 344 345 350 353 348 339 333 332 335
8 7 6 6 5 3 2 2 1 1 0 360 359 358 358 357 357 357 357 357 357 358 358 359 358 356 354 356 1 6 10 14 11 3 356 354 355 355 354 354 354 355 357 359 359 359 358 356 355 359 1 360 2 5 6 6 2 354 348 344 343 350 3 10 8 2 358 353 344 338 340 350 358 359 357 354 352 352 350 344 339 335 332 331 334 339 341 341 342 347 352 350 341 330 322 321
8 7 6 6 5 3 2 2 1 1 360 359 359 358 358 357 357 356 356 357 357 357 357 358 356 354 353 355 1 8 11 9 5 360 356 355 355 352 352 354 355 356 358 359 1 359 356 352 353 358 360 0 3 8 11 10 6 357 348 345 349 357 8 13 7 357 352 349 342 339 343 350 349 350 352 353 354 353 351 349 347 344 338 333 333 334 335 336 339 343 346 348 343 330 318 314
8 7 6 5 4 3 2 2 1 0 360 359 358 358 357 357 357 356 356 356 356 356 356 356 355 353 353 355 360 4 4 2 1 1 358 354 352 350 350 355 358 359 360 360 0 359 355 354 357 360 360 0 2 7 12 9 4 360 354 351 354 1 7 10 5 355 349 345 344 345 349 348 345 347 350 352 353 353 352 352 354 353 345 336 333 331 330 333 338 341 341 341 338 330 324 321
8 7 6 4 3 2 2 1 1 360 359 358 358 358 358 357 357 357 356 355 355 355 355 354 354 353 352 353 355 356 357 358 1 4 1 352 348 349 353 357 360 1 1 1 1 359 357 359 2 2 1 1 1 5 9 6 359 358 0 1 359 359 2 5 4 359 349 342 341 345 349 348 347 350 351 351 351 350 351 355 1 0 351 342 338 339 339 339 342 345 344 341 334 328 328 330
7 7 6 4 3 2 2 1 0 359 358 358 358 357 357 357 357 356 356 355 355 354 353 352 352 352 352 352 351 350 351 355 360 3 1 355 349 351 357 1 3 5 5 5 5 1 0 3 3 2 3 3 3 4 5 2 356 354 360 5 4 1 359 360 3 2 355 343 336 339 347 351 351 353 352 349 347 345 347 356 4 4 358 350 344 345 346 345 345 347 346 342 335 329 329 333
6 6 5 4 3 2 2 1 0 359 358 358 357 357 357 357 356 356 356 355 355 354 353 351 350 351 352 352 352 350 348 351 355 357 359 0 357 356 1 5 8 11 11 10 7 4 3 3 3 3 4 4 4 3 1 358 356 355 357 4 7 3 357 355 359 3 359 347 336 336 345 353 355 355 351 347 345 343 343 349 358 2 2 358 352 346 345 348 349 347 344 341 335 330 327 331
6 5 3 3 3 2 1 0 360 359 358 358 357 357 357 356 356 356 356 355 354 354 353 352 351 350 350 352 354 349 345 346 349 352 357 3 5 5 9 13 15 15 13 10 7 5 4 3 3 4 4 3 3 1 359 358 359 359 359 2 6 4 356 350 353 359 358 350 342 341 348 353 352 350 348 348 348 349 348 344 347 357 3 4 360 347 342 346 349 345 341 338 335 331 330 335
5 4 2 2 2 2 1 0 359 359 358 358 357 357 357 356 356 356 356 355 354 354 353 352 351 350 350 352 352 346 344 344 345 351 358 4 10 16 19 18 16 13 10 8 6 5 4 3 5 5 2 360 0 0 359 357 359 2 2 2 5 4 357 350 349 352 353 350 349 354 357 352 346 345 349 351 349 352 354 350 348 352 359 2 359 351 345 345 345 343 340 337 334 330 333 341
4 3 2 2 2 2 1 0 359 358 358 358 358 357 357 356 356 356 355 355 354 354 353 352 351 350 350 349 346 343 342 343 346 351 358 6 17 23 21 17 13 10 7 5 5 4 2 2 4 4 1 358 359 2 360 356 357 1 2 2 4 5 2 356 352 350 348 349 355 1 356 348 346 350 356 353 347 350 356 358 356 354 356 355 353 353 352 347 343 342 342 338 330 326 333 345
3 2 2 2 2 1 1 360 358 358 358 358 358 357 357 356 356 356 355 355 355 354 353 353 351 350 348 345 341 340 341 342 345 351 358 10 17 18 17 15 12 8 4 1 2 3 2 1 1 2 1 358 357 359 359 357 356 358 0 1 4 9 11 6 358 352 348 351 358 355 348 346 350 359 0 350 346 350 354 359 3 2 357 351 347 350 351 347 343 344 346 339 328 326 334 342
2 1 1 1 1 1 0 359 358 358 358 358 358 357 357 357 356 356 356 355 355 354 354 353 352 350 347 343 341 341 340 340 343 349 360 10 11 11 13 13 11 7 2 0 1 2 2 0 359 1 1 356 352 353 356 358 356 356 359 1 6 14 19 15 3 354 352 355 355 348 346 349 356 0 355 345 347 353 353 358 5 7 2 354 348 346 346 347 345 345 346 338 330 329 333 338
2 2 2 2 1 1 360 359 359 359 358 358 358 357 357 357 357 357 356 355 355 354 354 353 352 351 348 345 344 342 341 342 344 349 359 6 7 7 7 7 5 3 3 2 360 358 359 0 360 360 359 355 350 349 353 358 359 358 1 7 13 16 17 15 8 357 354 355 352 350 354 357 355 353 346 342 349 356 356 358 4 4 0 356 350 346 348 351 349 345 342 337 335 333 333 337
3 2 3 2 2 1 359 359 360 359 359 358 358 358 358 358 357 357 357 356 355 355 355 354 353 352 350 347 345 343 344 345 347 350 354 359 3 2 359 359 360 1 3 1 357 356 359 2 2 359 356 354 353 352 354 358 3 5 8 14 16 11 8 9 8 0 354 353 354 357 2 0 354 350 344 344 354 360 360 1 2 0 356 351 346 347 356 359 354 347 341 338 338 336 338 343
3 3 4 3 2 1 0 0 360 360 359 359 358 358 358 358 358 357 357 356 356 356 355 354 354 353 351 349 346 345 345 347 348 349 350 353 354 353 353 355 358 2 1 357 356 360 4 6 4 359 354 354 357 358 359 3 8 12 15 16 12 4 360 1 1 357 352 352 357 3 4 0 357 352 348 351 360 5 4 2 360 357 351 344 344 352 4 5 357 349 343 341 336 333 339 349
5 5 5 3 2 2 2 1 0 0 360 359 359 359 359 358 358 358 357 357 357 356 355 355 355 354 352 350 349 347 347 348 348 348 348 347 345 346 350 354 358 0 357 356 360 7 9 7 1 356 354 357 2 3 6 10 13 15 15 11 6 1 357 353 350 349 350 351 357 3 3 1 1 358 356 0 7 11 9 3 357 351 345 342 348 3 8 4 358 351 345 340 332 329 339 352
7 6 5 3 3 3 3 2 1 1 1 360 360 360 359 359 359 358 358 358 357 357 357 356 355 354 353 352 351 350 349 349 348 348 346 343 341 343 348 352 355 356 356 358 4 9 8 2 355 352 356 3 8 11 14 17 18 15 9 4 2 359 355 349 344 344 347 352 356 360 1 2 4 4 6 10 13 14 10 2 352 345 341 344 358 7 5 1 358 354 347 338 329 330 341 353
9 7 5 5 5 4 3 2 2 2 1 1 0 0 360 359 359 359 359 358 358 358 358 357 356 355 354 354 352 351 350 349 348 347 346 344 342 342 345 348 350 353 357 2 7 7 3 356 352 354 2 8 15 19 20 20 18 11 1 356 356 355 350 346 344 344 348 353 357 358 359 1 5 9 13 16 17 13 5 357 349 344 345 353 3 4 360 357 356 355 348 337 331 335 345 354
