windninja/windninja_output/Output_2025-08-24_1100-1150_Google earth_Fire_150m_10min/merlingen_7.5mi_point_08-24-2025_1100_150m_ang.asc
ncols	158
nrows	163
xllcorner	391686.332397
yllcorner	5160024.123721
cellsize	150.000000
NODATA_value	-32768.000000
[rows 94 to 140 of 163, columns 0 to 95 of 158]
44 41 36 36 37 34 29 20 15 24 31 28 21 18 18 24 26 29 41 47 39 29 28 32 33 38 43 46 48 51 55 59 61 58 53 52 52 51 50 47 41 39 43 46 45 46 46 47 49 48 47 42 27 22 21 19 26 33 32 30 26 19 16 15 14 13 12 10 9 7 5 3 2 359 357 355 352 349 346 343 339 335 330 325 319 312 305 298 291 287 288 289 289 289 289 289
32 35 37 39 42 41 35 26 19 27 37 37 34 33 34 43 45 54 56 50 40 40 40 43 44 46 47 49 50 50 54 58 59 58 55 55 56 55 53 50 44 37 40 42 41 40 40 40 41 40 40 38 28 24 27 27 28 31 30 30 27 22 18 17 15 14 13 12 10 8 6 5 3 1 358 356 353 350 347 344 341 337 332 328 323 318 312 306 302 300 299 298 298 297 296 294
13 30 39 40 44 42 39 34 34 49 63 59 56 55 61 68 69 72 66 46 45 51 55 60 60 56 52 52 51 51 55 57 58 58 58 60 61 60 58 55 50 42 40 42 41 38 36 36 36 37 40 40 35 30 32 33 33 33 32 30 28 23 20 19 17 16 14 13 11 10 8 6 4 2 360 357 354 352 349 345 342 338 335 330 326 322 318 314 311 308 306 304 303 302 301 299
351 21 40 43 48 48 46 44 48 60 71 72 72 67 72 75 78 77 65 48 49 57 66 73 71 60 54 54 55 58 63 65 64 63 63 65 67 67 64 60 55 48 43 46 46 43 42 42 44 47 47 46 42 36 36 38 38 37 35 33 30 26 24 21 19 16 15 14 13 11 9 7 5 3 1 358 356 353 350 347 344 340 337 333 329 325 322 319 316 313 311 309 307 305 304 302
333 14 51 58 62 60 56 54 56 60 68 79 87 88 86 86 84 77 64 54 52 58 67 71 61 48 50 56 61 66 71 72 70 69 68 70 73 75 73 68 62 55 49 50 53 54 55 56 56 55 52 49 46 42 40 40 40 38 36 34 32 30 28 24 20 18 17 16 14 12 10 8 7 5 2 360 357 354 351 348 345 342 338 335 332 328 325 322 319 316 314 312 310 308 307 305
322 27 70 74 77 76 75 72 70 69 72 77 83 89 90 88 82 74 65 57 53 58 64 62 48 42 52 60 65 70 73 75 76 75 74 74 75 77 79 77 71 64 55 51 53 55 56 57 55 53 50 48 45 43 41 40 40 40 37 33 31 31 31 28 23 20 18 16 15 14 12 10 9 6 4 1 359 356 353 350 347 343 340 337 334 331 328 325 322 320 317 315 313 311 309 307
358 43 72 78 80 81 82 82 79 76 76 77 78 84 88 84 80 76 67 58 61 67 67 58 49 50 58 64 68 72 76 79 82 84 84 82 79 79 81 83 81 73 64 55 53 55 55 55 53 50 49 47 44 42 41 40 39 41 39 33 29 29 30 30 26 21 18 15 15 15 14 12 10 8 5 3 0 357 354 351 348 345 342 339 336 333 330 327 324 322 320 317 315 313 311 309
32 52 71 76 78 80 81 81 80 79 77 75 73 72 73 73 70 68 62 62 73 76 68 58 56 60 64 68 71 75 79 83 87 91 94 94 90 87 86 87 88 83 75 65 59 58 58 56 53 50 49 46 44 44 43 41 39 39 39 36 31 30 31 31 29 24 19 17 17 17 16 15 12 10 7 5 2 359 356 352 349 346 343 340 337 334 332 329 327 324 321 319 317 315 313 311
49 59 71 74 75 77 79 79 78 78 76 73 69 62 58 59 61 59 55 63 71 68 61 60 61 64 69 72 75 77 81 84 88 93 98 102 103 100 97 95 96 96 89 79 66 58 55 53 50 49 48 47 45 44 44 42 39 39 39 37 32 29 30 32 32 28 23 20 19 21 21 18 14 12 10 7 4 0 357 354 350 347 345 342 339 336 333 330 328 326 323 321 319 317 314 312
57 62 68 71 73 74 76 77 77 76 75 74 70 66 64 63 63 61 61 67 66 57 58 62 63 64 69 74 77 80 83 85 87 91 96 103 110 111 108 105 106 109 106 98 84 66 58 53 49 49 48 48 46 43 42 41 40 40 39 37 33 29 29 32 33 31 27 24 22 24 26 24 18 14 12 10 6 2 358 355 351 348 345 342 340 337 335 332 329 327 324 322 320 318 315 313
60 62 66 70 72 74 76 76 76 77 78 78 78 82 84 83 78 73 72 72 63 56 59 61 61 62 66 71 75 81 85 86 87 90 95 100 109 115 115 113 114 118 120 118 111 89 68 58 51 49 48 48 47 45 44 41 40 39 39 39 37 34 32 33 34 33 29 25 22 23 27 30 27 22 19 14 7 2 358 355 352 348 345 343 340 338 336 333 331 328 326 323 321 319 316 314
63 64 65 68 71 74 75 76 76 78 81 84 88 91 93 92 88 82 78 72 64 61 61 59 59 60 64 68 72 78 83 86 89 90 92 97 106 114 120 120 121 125 128 131 133 119 81 61 51 47 47 46 45 45 45 43 41 40 40 40 39 36 35 36 36 35 31 26 23 25 28 31 32 29 25 19 10 3 358 352 348 346 345 343 341 339 337 334 331 329 326 324 322 320 317 314
64 64 64 65 68 70 72 73 73 76 78 81 84 85 88 89 85 81 74 67 63 65 63 57 56 58 61 64 69 76 81 86 88 86 87 95 105 114 121 125 126 129 131 135 145 146 113 69 53 47 47 45 43 43 43 43 42 41 42 42 40 38 37 37 36 36 34 28 24 26 30 31 31 29 24 21 16 9 2 353 343 340 341 342 341 339 337 335 332 330 327 325 323 320 317 315
63 62 61 63 65 67 68 69 67 68 69 70 70 72 76 80 80 77 71 65 63 66 65 57 53 55 57 58 64 73 80 85 83 78 84 96 106 112 116 122 129 133 133 137 148 159 159 90 55 48 49 47 44 43 42 42 41 41 42 42 42 40 39 37 36 35 35 32 26 26 31 32 32 31 29 26 22 13 5 1 353 340 336 338 340 339 338 335 333 330 328 326 324 321 318 315
62 61 59 61 63 62 61 60 59 61 64 65 65 65 69 73 74 71 66 63 65 69 68 59 51 52 55 53 59 70 78 80 77 72 85 98 104 105 108 117 129 135 135 141 151 163 181 177 50 44 47 48 46 44 43 42 42 41 41 40 40 42 40 38 39 38 36 34 29 25 30 33 34 33 32 29 26 19 11 8 5 352 337 333 336 338 338 336 333 331 329 327 324 321 318 315
62 60 59 60 59 59 58 58 59 62 64 64 63 63 67 70 70 62 56 59 67 72 70 61 52 50 52 51 59 70 74 74 72 71 85 97 99 100 106 113 121 127 133 145 157 165 186 211 252 35 40 43 44 43 43 42 42 42 41 38 38 41 41 39 40 41 38 36 32 27 29 35 36 34 32 31 29 26 20 15 12 4 350 336 332 335 336 335 334 332 329 326 323 320 317 314
60 60 61 63 64 64 64 64 64 64 64 65 62 62 66 71 69 53 47 55 65 74 74 65 57 52 51 51 58 68 72 71 68 70 83 93 97 100 107 107 103 108 123 143 161 168 188 219 239 350 31 38 40 41 42 41 41 43 43 39 38 41 42 40 40 42 42 38 35 30 28 33 36 35 35 34 34 33 29 23 17 11 3 348 334 330 332 334 333 331 328 323 320 317 314 313
60 61 64 66 68 67 67 66 65 63 63 65 66 64 67 72 67 43 39 50 60 72 77 67 59 57 55 50 54 61 67 70 67 69 80 90 96 102 105 97 94 96 102 125 153 170 192 219 236 267 2 28 36 40 41 40 40 43 45 42 39 41 42 40 39 40 41 40 36 32 29 33 37 38 38 38 37 36 35 31 24 18 12 0 347 336 331 330 329 326 322 317 313 312 310 309
64 66 67 67 67 66 64 63 63 61 59 62 67 66 68 72 67 36 32 44 53 63 72 66 57 63 66 63 57 56 60 66 68 72 83 91 95 99 98 93 91 87 89 102 134 169 195 219 234 251 301 6 27 37 41 39 38 41 44 43 39 40 42 41 39 39 40 40 38 34 33 36 39 40 40 41 39 36 35 34 31 26 20 10 359 351 344 337 330 319 309 307 309 310 309 307
66 66 67 67 67 67 65 62 60 56 55 60 65 64 66 71 67 31 23 35 45 55 63 64 58 68 73 75 70 60 58 61 68 79 90 95 94 91 88 85 80 77 84 96 115 160 201 223 238 248 267 321 11 32 39 39 37 39 42 42 39 38 40 42 40 38 39 39 37 35 33 36 38 39 40 42 41 37 35 35 35 33 28 22 13 4 1 359 351 330 318 315 315 314 311 305
63 63 65 65 65 65 64 63 59 55 57 62 63 59 62 70 69 29 7 29 39 49 55 60 61 66 68 70 73 70 60 59 67 80 91 96 92 87 81 72 64 69 81 89 95 111 208 238 247 252 262 287 341 21 35 38 36 37 41 43 40 37 38 41 40 37 38 38 37 35 33 35 39 39 40 42 42 40 37 36 39 38 32 27 23 15 12 12 1 343 335 331 328 325 318 307
59 60 61 62 62 61 60 60 59 59 63 66 60 52 58 70 74 39 354 24 39 44 47 52 59 63 61 59 65 70 60 57 65 76 86 91 90 84 76 63 58 69 78 80 81 82 111 266 270 268 271 280 308 1 30 37 37 37 40 43 40 37 38 41 40 37 37 38 38 37 36 37 41 44 42 42 43 43 40 38 41 41 35 30 28 22 16 13 0 349 346 347 346 344 337 328
56 59 60 60 60 59 57 55 57 63 70 70 57 47 57 71 77 50 351 18 40 42 42 47 52 57 57 55 66 68 55 53 59 69 81 88 86 75 64 59 60 70 73 72 74 73 51 312 302 299 288 286 297 334 20 35 38 37 39 42 40 38 39 42 41 37 37 38 38 38 37 37 39 43 45 46 45 45 44 43 45 46 40 34 32 26 17 12 5 359 0 3 3 355 344 340
55 58 60 61 61 60 56 53 56 62 70 70 54 46 58 70 76 60 350 6 35 41 43 45 47 50 49 52 63 67 59 56 57 65 72 76 72 58 52 56 59 64 64 65 66 61 35 354 331 325 311 298 299 318 2 30 37 38 39 42 41 38 38 41 41 37 36 37 38 38 37 35 37 40 43 46 46 46 46 45 47 49 44 37 34 28 19 14 12 12 13 14 9 357 347 347
56 58 60 61 62 60 56 56 59 62 66 67 55 50 59 66 72 74 30 334 45 50 52 52 51 49 45 47 54 57 60 63 64 70 69 62 53 41 42 49 51 52 55 58 60 54 37 13 353 342 331 311 304 313 345 23 36 38 39 41 41 38 38 40 39 36 35 36 38 38 37 35 35 37 41 43 44 45 46 45 46 49 46 39 34 29 22 18 18 20 20 18 13 3 357 355
56 56 58 63 64 61 58 61 66 66 65 66 60 55 59 64 71 78 88 168 152 92 74 70 68 62 55 54 54 55 61 66 74 78 72 63 54 42 41 44 42 43 46 49 49 47 39 25 8 355 344 322 310 312 333 14 34 38 39 41 42 39 39 40 38 36 35 35 38 40 39 36 35 36 39 42 43 43 46 48 50 51 48 41 35 30 24 21 22 24 23 21 18 15 9 357
54 54 56 62 66 64 64 68 72 70 66 70 67 57 57 63 70 76 84 128 163 140 107 92 86 82 79 76 75 74 73 75 80 80 76 70 61 54 51 47 43 40 42 44 45 43 37 28 15 3 353 335 319 316 329 5 31 39 40 41 42 40 40 44 45 48 47 42 41 42 41 38 36 36 37 39 41 43 46 50 53 54 50 43 38 32 26 24 26 27 26 24 22 20 11 355
51 52 53 55 56 57 61 68 75 73 67 73 75 60 55 60 68 74 79 94 143 149 134 114 102 97 92 91 94 96 92 87 85 82 79 75 70 66 61 56 51 47 48 51 50 48 44 36 22 11 1 345 328 322 329 357 28 39 40 42 44 42 45 50 54 62 68 64 53 48 44 41 40 39 37 37 39 41 44 48 50 52 50 43 38 33 27 27 29 30 29 26 22 16 7 354
45 49 51 49 46 46 50 57 66 70 69 77 81 72 59 59 65 70 74 79 104 132 137 129 115 108 104 104 104 103 101 95 89 85 82 78 75 70 64 61 59 56 56 56 57 58 56 46 30 18 8 355 336 326 331 352 24 37 39 44 47 47 51 53 52 57 63 69 69 60 52 47 45 42 39 36 36 38 41 43 46 49 47 40 36 32 28 28 30 31 29 25 20 14 4 355
45 51 54 50 46 46 47 51 57 60 66 80 87 81 71 68 66 65 67 74 87 106 121 125 120 117 115 112 111 110 107 101 93 88 86 81 76 71 66 60 59 59 57 56 56 58 57 46 30 19 13 4 344 331 334 349 22 42 46 48 48 49 51 51 50 53 55 58 63 69 64 58 52 47 43 39 36 37 38 39 40 43 43 38 36 34 31 29 32 33 31 24 19 13 4 358
48 54 56 52 49 51 50 50 54 55 60 75 86 81 80 80 71 62 60 68 81 93 105 112 113 114 114 117 120 119 114 102 95 92 89 82 77 75 70 61 58 57 57 57 56 55 53 44 27 18 15 9 352 338 339 354 21 43 52 51 47 48 48 47 49 53 54 54 56 62 70 73 69 62 53 46 40 38 38 36 37 40 42 40 38 37 32 32 36 37 31 22 15 11 8 5
45 50 53 49 47 50 51 51 54 52 55 66 75 77 84 89 79 64 57 60 70 85 96 100 102 106 114 124 127 127 119 101 95 94 90 84 80 79 74 66 61 58 57 61 60 56 52 43 26 19 18 12 358 345 344 356 18 35 44 43 41 45 45 44 48 52 53 53 54 55 61 74 80 81 74 63 53 47 44 41 39 42 44 41 39 38 33 33 37 36 28 17 11 10 10 10
41 49 53 48 46 49 52 54 54 51 52 58 64 70 77 87 83 70 61 59 65 76 88 93 101 113 122 129 132 135 125 100 92 92 92 86 81 81 79 72 67 63 61 64 63 60 55 43 28 21 20 13 1 352 348 355 13 31 40 39 38 43 44 45 49 52 53 53 53 53 54 61 70 79 85 87 79 70 63 56 50 49 46 42 40 37 33 33 36 35 28 17 11 11 12 14
41 49 55 50 46 48 52 56 55 51 48 51 56 62 73 81 78 73 71 70 74 80 85 91 99 108 118 125 130 139 135 104 89 83 86 86 82 81 82 78 74 73 74 71 68 64 58 46 33 25 21 15 2 355 352 356 11 31 41 41 41 44 45 48 51 53 53 53 53 52 54 59 65 71 79 90 100 97 87 73 60 54 49 44 40 34 29 29 31 32 29 20 12 12 15 18
40 49 56 52 47 49 54 57 55 51 46 46 48 52 61 72 73 75 81 96 100 93 87 87 92 95 99 108 123 138 142 117 91 78 75 78 82 82 80 80 80 82 89 88 77 69 60 47 35 28 22 15 3 357 357 0 13 31 42 44 44 45 46 49 51 53 53 53 53 53 55 59 64 70 76 84 98 112 109 98 81 62 51 45 39 31 25 23 24 27 27 21 15 16 21 22
41 51 59 58 54 58 63 63 59 54 49 46 44 45 50 57 68 81 99 110 113 106 91 83 85 87 90 97 109 128 141 131 102 82 71 70 73 78 78 80 82 86 94 104 95 76 62 46 34 30 23 15 5 1 1 3 16 32 43 45 45 45 47 49 51 53 53 53 53 53 55 58 61 65 72 80 90 106 116 118 115 96 69 50 41 32 25 23 23 25 25 22 19 20 23 24
43 51 59 60 57 63 70 73 70 65 61 56 52 49 49 56 68 87 104 113 114 110 98 85 81 84 87 86 92 111 130 138 122 93 76 68 65 66 71 75 79 84 91 103 111 91 66 48 39 34 25 18 8 4 5 6 17 32 42 46 46 46 48 50 52 53 54 53 53 53 55 57 59 61 65 72 82 92 104 116 124 128 120 87 59 42 32 30 31 29 27 26 24 22 23 24
43 50 56 57 56 61 65 69 76 81 79 74 69 66 64 65 75 89 101 109 112 114 109 95 84 81 81 82 87 99 116 134 141 114 87 73 65 61 60 63 69 74 80 90 104 100 71 52 46 39 28 20 12 8 10 12 20 34 44 48 49 51 52 53 53 54 54 54 53 53 54 57 58 59 62 66 73 80 85 96 113 133 141 134 108 73 49 40 39 35 31 32 29 24 24 26
45 51 56 56 59 62 59 58 65 77 85 84 81 78 78 81 85 89 93 102 111 117 117 110 95 81 73 80 89 95 108 124 148 142 104 85 73 64 58 56 61 64 67 73 80 79 61 53 50 43 30 21 16 13 15 17 23 36 46 50 52 54 55 55 56 56 56 56 54 54 55 57 56 58 61 65 70 73 72 78 92 118 142 149 143 126 91 55 44 39 35 35 34 28 27 31
51 55 58 57 61 63 59 55 56 62 71 79 82 86 89 94 96 91 85 88 105 119 123 118 103 82 71 73 84 91 100 113 139 152 128 102 87 75 64 61 62 61 60 62 58 45 37 42 48 42 31 23 19 17 19 21 26 37 46 49 51 54 53 54 56 57 59 59 57 56 57 58 57 57 59 65 72 75 73 75 80 92 122 145 150 150 143 112 70 54 44 39 38 34 32 35
52 55 56 58 62 62 61 61 58 58 60 62 69 81 97 107 104 95 85 81 88 111 123 120 107 85 72 68 71 81 88 97 116 142 145 124 99 84 76 73 69 64 62 59 48 38 31 30 36 37 31 24 21 21 23 23 28 39 46 49 52 53 52 53 56 58 60 61 63 63 61 59 58 56 58 63 70 76 80 81 81 82 90 115 137 150 157 156 127 82 59 47 47 42 36 35
44 50 54 57 61 61 60 65 65 64 61 59 63 80 100 109 108 100 93 87 84 92 111 117 115 99 81 71 67 70 76 82 95 120 141 141 119 95 87 83 76 69 65 58 46 39 33 26 27 32 31 26 24 26 26 26 32 43 49 52 55 54 53 54 55 57 58 61 67 73 71 65 61 57 57 60 64 69 78 84 86 83 80 87 106 128 148 158 153 129 96 72 61 53 42 39
30 45 54 56 61 62 61 63 67 73 72 70 71 84 97 105 107 104 99 94 87 86 96 109 121 117 97 81 72 68 69 75 83 97 123 142 142 114 96 89 83 75 67 53 46 42 37 27 26 32 33 30 29 30 29 29 36 46 51 53 54 54 54 54 55 57 58 60 67 75 83 82 72 62 57 57 60 62 66 75 83 81 77 78 84 94 110 134 148 144 127 103 85 70 57 49
23 44 54 57 64 68 66 64 65 72 77 81 86 93 97 98 101 103 101 95 89 89 94 104 120 129 112 94 82 72 66 71 80 88 103 129 150 135 100 91 85 78 66 52 47 45 39 29 28 34 35 34 35 34 33 34 41 49 52 52 53 53 54 54 54 56 58 62 67 74 85 95 96 88 73 61 59 58 58 61 70 74 73 75 73 71 79 95 115 127 114 100 95 89 76 54
39 51 56 57 65 72 73 71 71 72 77 85 97 103 100 96 93 92 92 91 90 92 98 104 116 132 128 107 91 77 66 66 75 83 92 109 143 145 107 91 82 73 62 53 46 44 39 31 31 35 36 38 38 37 37 40 46 52 52 53 53 54 54 54 54 57 60 65 69 73 80 92 105 109 106 87 69 61 56 57 62 65 68 72 64 54 54 52 38 29 38 57 72 83 84 50
54 58 60 61 63 65 71 79 82 82 82 92 106 109 104 95 87 81 77 80 85 90 96 103 113 127 133 119 101 85 70 67 68 72 82 94 119 137 115 92 75 61 57 51 46 44 40 33 34 37 39 40 39 40 43 46 50 53 53 54 54 55 55 52 53 57 62 66 69 72 76 85 98 110 118 114 90 72 63 60 61 60 59 56 43 33 28 24 22 20 24 36 47 53 55 34
53 57 66 70 62 57 63 73 81 89 96 102 108 109 103 95 88 82 76 74 75 80 87 96 106 119 130 129 114 100 87 76 68 65 72 79 91 114 110 87 66 56 54 49 45 45 42 37 38 41 43 44 42 44 48 50 52 53 54 55 56 57 55 50 49 54 60 64 67 70 73 79 88 101 112 121 106 84 73 68 66 65 60 52 39 31 30 29 30 29 28 32 33 36 37 29
