windninja/windninja_output/Output_2025-08-24_1100-1150_Google earth_Fire_150m_10min/merlingen_7.5mi_point_08-24-2025_1120_150m_ang.asc
ncols	158
nrows	163
xllcorner	391686.332397
yllcorner	5160024.123721
cellsize	150.000000
NODATA_value	-32768.000000
[rows 0 to 45 of 163, columns 0 to 95 of 158]
351 348 345 345 345 346 348 347 346 347 348 349 349 347 342 337 333 329 330 334 339 342 344 346 346 346 345 343 342 344 345 344 343 341 339 340 341 339 335 335 336 337 339 337 336 338 337 336 337 340 343 344 345 346 347 346 344 342 340 340 341 341 341 339 339 340 340 339 338 338 339 339 338 336 335 336 337 335 332 332 333 333 330 328 326 324 322 320 318 316 313 312 312 310 306 299
353 350 345 345 344 346 348 347 344 344 346 349 352 352 349 346 342 339 338 338 341 342 343 346 348 348 347 344 343 344 345 344 344 343 341 341 344 342 341 340 340 340 341 340 340 341 342 340 339 339 341 342 343 345 346 346 344 343 341 341 341 341 341 340 340 340 340 339 338 338 339 340 339 337 336 337 338 336 334 334 335 334 331 330 328 326 326 325 322 320 316 315 314 313 313 311
355 351 347 346 345 346 350 348 344 342 345 350 355 354 353 350 347 345 343 342 344 343 342 345 349 351 350 347 346 346 346 345 344 343 342 343 345 345 345 345 343 343 343 342 342 343 344 344 344 342 340 341 343 344 344 344 344 343 343 343 342 342 342 341 341 341 340 339 338 339 341 341 340 338 337 339 340 338 336 337 340 338 334 334 332 330 333 333 332 330 325 323 324 325 325 325
351 350 350 348 347 349 350 347 345 346 348 353 355 354 351 347 346 346 346 347 347 344 342 344 348 351 352 352 351 351 350 348 345 343 343 343 344 345 345 344 344 344 343 342 343 344 344 346 347 346 345 345 346 346 345 344 343 342 342 343 343 343 342 342 342 341 340 339 338 339 342 341 339 337 337 339 339 337 337 339 342 340 338 337 333 332 336 338 338 338 337 334 332 333 333 333
345 347 351 350 349 349 347 344 344 348 353 356 355 353 348 344 345 346 348 349 348 344 343 343 345 348 352 354 354 353 353 353 349 346 345 345 345 345 344 343 344 344 343 343 344 345 345 347 348 348 348 348 347 346 346 345 343 342 342 342 342 343 343 342 342 342 341 339 338 340 342 340 338 338 338 338 335 334 337 341 342 339 337 338 334 333 336 336 337 339 341 341 339 339 339 338
342 344 348 350 350 348 345 342 344 349 355 355 353 350 345 343 345 347 349 349 347 343 340 340 340 343 348 352 353 353 354 353 351 350 350 348 346 345 344 345 345 344 343 343 345 345 346 347 347 348 350 350 348 346 346 345 343 342 341 342 342 343 343 343 342 342 341 339 339 342 344 341 338 338 341 340 337 335 337 342 342 337 334 335 335 334 334 332 330 333 337 338 341 341 340 340
344 343 343 346 347 347 345 344 346 351 353 353 352 348 343 342 346 350 351 350 348 343 339 337 336 338 343 346 349 351 351 350 350 351 352 350 347 346 346 346 346 344 343 343 344 345 346 346 347 349 350 350 349 348 346 344 342 341 341 342 342 344 345 345 343 343 341 339 339 343 345 343 340 341 342 342 341 339 342 345 341 337 335 335 335 334 333 330 326 326 326 328 333 336 336 336
345 344 342 341 342 344 345 346 349 350 350 350 350 347 344 343 346 349 351 351 349 346 343 338 335 337 340 342 344 347 347 346 347 349 349 347 346 346 347 347 346 345 344 344 344 344 345 345 346 349 350 348 349 349 347 343 342 341 341 341 342 344 346 347 346 344 342 340 340 343 343 342 342 344 343 342 341 342 347 346 338 335 337 337 337 337 336 333 330 325 321 321 323 326 331 332
345 345 344 342 340 341 343 347 348 348 347 346 346 346 344 345 346 347 349 351 349 347 346 343 339 338 339 340 343 345 343 342 345 347 345 343 344 346 346 346 346 345 344 344 343 343 344 344 345 348 348 347 347 348 345 342 341 341 340 340 341 342 344 346 346 345 342 340 341 343 342 339 341 344 344 342 340 344 350 345 335 333 335 337 338 339 340 339 337 336 333 331 330 330 333 330
345 345 345 344 343 343 344 346 346 346 345 343 343 342 342 344 346 346 348 349 349 348 347 346 344 341 340 341 344 344 341 341 343 344 343 343 344 346 347 346 346 344 343 343 342 343 343 343 344 346 346 346 347 345 341 340 340 339 339 339 339 338 338 341 341 340 339 339 342 345 342 339 340 342 343 343 341 344 347 343 337 335 335 335 333 335 337 337 338 341 342 339 336 336 335 328
346 346 345 345 345 345 345 345 345 345 344 343 342 340 340 341 343 344 345 346 347 348 348 348 348 345 344 344 344 343 340 341 342 341 341 343 345 347 347 346 346 345 344 344 343 341 341 342 343 344 342 342 343 339 336 335 334 334 334 335 333 331 332 332 330 331 332 335 341 344 342 340 340 342 345 345 342 340 340 338 339 339 339 335 330 330 331 329 332 339 342 337 334 336 334 328
347 346 346 346 346 346 345 345 346 345 344 343 342 341 340 338 339 341 342 342 343 345 348 349 349 349 349 346 343 341 339 340 340 339 340 342 345 346 345 345 345 345 344 346 345 343 342 341 341 339 333 332 330 326 322 322 322 323 323 322 316 312 314 316 316 317 320 326 336 339 338 339 340 343 347 347 345 342 338 336 338 340 341 339 334 333 332 327 329 338 337 331 330 334 331 326
347 346 346 346 346 346 345 345 345 345 344 344 343 342 339 335 334 338 340 340 340 342 345 348 351 353 352 348 343 341 340 340 339 339 341 342 342 342 342 344 345 344 346 348 347 347 348 348 342 332 323 318 311 302 297 299 304 308 307 296 288 289 293 295 297 299 303 312 325 331 333 336 339 341 343 344 344 342 341 340 339 339 339 338 336 337 334 329 333 339 336 329 328 331 326 321
347 347 346 346 346 346 346 345 345 344 344 343 344 344 340 333 330 331 335 337 338 340 343 348 352 354 353 348 345 343 341 339 338 339 342 342 341 341 341 343 343 343 346 347 345 347 353 356 350 338 329 322 314 300 290 287 289 294 302 304 304 307 306 303 299 294 292 298 309 319 327 331 334 336 338 337 337 337 339 340 338 336 335 334 334 336 333 329 332 336 332 325 324 324 318 312
348 347 346 346 346 346 346 346 345 345 344 343 344 345 343 338 332 330 331 333 336 339 343 348 352 352 351 349 347 346 343 339 338 340 341 341 342 343 342 342 341 344 347 338 336 341 344 346 349 351 346 339 336 329 323 318 316 320 328 327 325 324 324 326 323 314 309 305 304 310 319 325 327 331 334 333 330 330 331 331 330 330 330 329 331 332 329 327 329 330 322 312 307 306 303 300
348 347 347 346 346 346 345 345 345 345 344 343 343 343 343 340 337 336 334 333 336 340 345 349 350 349 349 349 349 347 344 342 343 343 342 341 341 342 343 343 342 348 347 341 343 347 344 340 342 347 348 348 346 342 342 344 344 342 339 333 330 330 331 335 336 330 325 320 316 315 315 315 317 323 329 329 329 328 328 325 324 325 324 323 325 324 320 317 319 320 312 302 298 298 297 295
348 348 347 347 347 346 346 345 345 344 344 343 342 341 339 337 338 339 339 338 339 342 346 348 349 348 348 349 349 347 344 344 347 348 346 343 339 339 345 349 349 348 346 347 349 349 348 348 343 338 342 347 346 344 346 349 351 349 344 336 332 332 334 339 337 333 330 328 326 325 319 311 308 315 323 327 330 330 327 325 325 324 320 317 315 310 305 299 299 309 316 314 313 310 308 305
348 348 348 347 347 346 346 345 345 344 344 343 342 340 337 333 334 338 341 341 341 343 345 346 346 348 349 347 346 345 345 347 354 358 357 351 347 346 348 349 349 347 345 347 350 348 347 348 345 340 339 342 344 345 346 348 349 349 345 339 335 335 338 340 337 333 332 331 331 330 326 322 316 315 318 323 329 328 323 320 320 318 315 311 306 299 297 300 304 310 316 318 319 318 317 315
348 348 348 347 347 346 346 345 345 345 344 343 342 340 337 334 333 335 338 340 342 343 343 343 344 346 347 345 344 343 347 354 359 359 357 353 350 348 348 347 346 347 347 347 348 347 344 342 342 342 340 339 341 344 346 346 346 346 344 340 337 338 341 340 337 333 332 333 333 330 330 331 328 323 321 319 319 316 308 303 303 303 305 311 316 318 320 319 316 315 317 319 318 319 321 323
349 348 348 347 347 347 346 345 344 344 344 343 342 341 338 336 334 336 338 340 342 343 343 343 344 345 346 346 346 347 351 357 360 357 354 351 348 347 347 347 348 349 349 350 348 345 343 342 341 340 340 339 339 341 342 343 345 345 343 340 338 338 339 337 334 331 331 333 333 332 334 337 335 332 331 327 320 310 302 302 305 308 314 321 325 326 326 324 319 318 323 326 321 318 320 323
349 348 348 347 347 347 346 345 345 345 344 343 342 342 340 339 338 339 340 341 343 344 344 345 345 346 347 348 349 351 354 358 1 357 353 351 349 348 349 349 350 351 351 350 347 344 343 344 343 341 341 341 339 338 338 339 342 343 343 342 341 339 337 336 333 331 332 333 333 334 339 341 338 334 334 337 338 334 328 323 321 322 323 325 327 326 326 324 320 320 326 331 326 320 320 321
349 349 348 348 347 346 346 346 345 345 344 343 343 342 341 341 341 342 342 342 343 345 345 345 346 348 349 350 351 352 355 358 358 353 350 350 350 350 351 351 352 353 352 349 346 344 343 344 343 342 342 342 341 339 337 336 337 339 342 344 344 340 337 336 333 331 333 333 334 338 343 344 339 333 333 338 342 342 340 336 331 330 328 328 330 328 328 326 321 322 330 337 334 326 324 324
349 349 348 348 347 346 346 346 346 345 344 344 344 343 342 342 343 343 343 344 345 345 346 347 348 349 351 352 353 353 354 354 352 348 347 347 348 352 353 352 353 352 351 349 347 345 344 344 344 344 342 342 342 340 338 337 336 337 341 344 344 339 335 335 332 333 334 335 338 344 347 346 339 333 334 338 342 341 341 341 340 340 336 333 332 330 331 329 325 326 333 343 339 329 326 326
349 349 348 348 347 347 346 346 346 345 344 344 344 344 343 343 343 343 343 344 345 346 347 348 349 351 353 355 354 352 351 349 346 346 347 347 348 351 352 351 351 350 350 350 346 344 346 346 346 344 342 342 342 341 340 339 337 337 340 343 342 338 333 330 331 334 337 339 344 349 349 345 336 333 336 342 342 337 336 340 344 345 343 340 336 331 329 326 324 327 336 346 340 328 326 326
349 349 348 348 347 347 347 346 345 345 344 344 344 344 344 344 344 343 344 345 346 346 348 349 351 353 356 358 355 350 348 346 343 344 347 349 350 350 348 348 348 348 349 347 345 346 349 349 347 345 343 342 341 340 341 341 340 340 341 341 339 334 329 328 330 333 337 342 349 350 346 338 331 333 340 347 342 333 332 336 341 344 346 347 342 334 328 323 321 324 338 349 341 329 326 327
349 349 348 347 347 347 347 346 345 345 345 344 344 344 344 344 344 344 344 345 346 347 348 350 352 356 1 2 356 351 348 344 342 343 346 350 353 351 347 346 346 346 345 343 344 350 352 350 348 346 344 342 340 338 339 341 343 345 344 339 333 329 329 332 337 339 342 349 354 349 338 330 329 335 345 352 344 332 329 333 336 340 346 349 346 340 336 331 324 325 338 348 343 334 330 329
349 349 348 348 347 347 347 346 345 345 345 345 344 344 344 344 344 344 345 345 346 347 348 350 353 357 2 2 358 356 353 346 340 339 342 348 352 351 347 346 345 344 342 341 345 352 354 352 349 348 348 345 342 338 337 341 348 351 347 339 330 325 327 334 343 348 352 357 356 346 333 328 331 337 348 354 348 336 330 330 331 335 341 344 343 343 344 341 332 330 337 344 341 337 335 334
349 349 348 348 347 347 346 345 345 345 345 345 344 344 344 344 344 344 345 346 346 347 348 350 353 357 0 360 360 1 359 353 345 340 338 341 346 347 346 346 345 342 341 342 347 351 353 354 351 349 349 348 346 341 339 345 354 353 346 338 330 325 326 334 344 352 358 360 353 339 331 330 334 340 349 353 347 338 334 330 328 330 334 335 335 339 345 345 337 335 338 339 337 336 337 337
349 349 348 348 347 347 346 345 345 345 345 345 345 344 344 343 344 344 345 346 346 347 348 350 353 356 357 356 358 3 4 359 353 348 342 341 344 345 345 347 346 344 344 345 347 350 352 353 353 351 349 349 348 345 345 350 354 350 342 335 330 330 334 341 346 352 358 357 345 334 330 334 340 346 352 351 342 335 334 331 328 328 329 328 327 331 339 339 336 337 339 338 333 331 333 335
349 349 348 348 347 346 345 345 345 345 345 345 345 344 344 344 344 344 345 345 346 347 348 349 351 352 351 351 355 1 3 3 0 353 346 345 347 346 345 347 347 346 348 348 348 351 351 351 351 351 352 350 350 350 351 354 353 346 339 331 328 333 343 349 350 352 355 350 337 329 329 337 346 351 354 349 341 335 332 329 328 327 326 323 322 326 331 331 332 336 340 337 332 327 325 327
349 349 348 348 347 346 345 345 345 345 345 345 344 344 344 344 344 344 345 345 345 347 348 349 350 349 347 348 352 357 360 2 359 351 346 348 349 346 344 345 346 347 349 350 351 352 350 347 345 349 352 351 351 353 356 359 355 343 334 328 328 335 347 354 351 348 347 342 330 324 326 336 345 349 350 348 344 341 336 331 330 330 327 323 324 328 330 330 330 333 337 336 330 321 315 314
349 349 349 348 347 346 346 346 345 345 345 345 344 344 344 344 344 344 344 345 345 346 347 348 348 347 346 348 353 359 360 356 352 347 346 349 349 343 342 345 346 347 349 350 351 351 346 342 341 345 348 348 351 354 358 2 357 344 332 327 330 342 354 357 348 342 342 338 328 323 328 335 336 340 345 347 347 345 339 335 336 337 331 325 324 324 324 324 325 326 328 329 325 317 310 307
349 349 349 348 346 346 346 346 345 345 345 345 344 344 344 344 344 344 344 344 344 345 346 347 346 346 346 348 354 357 355 351 349 347 345 347 345 340 340 344 347 348 349 348 349 348 343 340 342 344 344 344 347 351 358 359 354 346 337 330 333 347 357 357 347 340 339 336 330 328 334 336 335 340 345 347 348 345 341 338 342 344 336 328 324 321 319 319 321 322 321 320 318 315 313 314
349 349 349 347 345 345 346 346 345 345 345 344 344 344 344 344 344 344 344 344 344 344 345 345 346 345 345 347 350 350 348 347 349 349 347 344 342 340 342 346 348 350 350 349 348 346 342 342 345 344 343 343 343 347 353 353 347 344 342 339 339 347 354 354 348 343 338 333 329 330 337 339 339 343 346 346 345 344 342 343 349 350 341 332 330 329 327 326 327 328 326 322 317 315 318 323
349 349 349 347 345 346 346 346 345 344 344 344 344 344 344 344 344 344 344 344 344 344 344 343 344 345 346 346 346 344 342 343 347 349 348 345 343 342 346 349 351 352 352 350 349 344 342 344 344 343 343 343 343 344 346 344 340 338 340 343 345 349 352 351 348 346 341 333 326 328 336 341 342 346 346 344 342 339 339 344 352 353 347 338 335 336 334 333 333 333 331 328 322 318 320 326
349 349 348 347 346 346 346 346 345 345 344 344 344 344 344 344 344 344 344 344 344 343 343 342 342 343 345 346 346 342 338 340 343 344 346 349 349 347 349 353 355 357 355 353 349 345 345 345 344 345 346 346 346 345 344 341 339 337 337 339 344 348 350 347 346 347 344 335 327 326 335 342 344 345 344 341 339 335 332 336 345 351 350 344 339 336 335 336 338 336 333 329 324 318 318 323
349 348 347 346 346 347 346 346 345 345 344 344 344 344 344 344 343 344 344 343 343 343 343 342 342 342 344 346 348 342 337 337 338 339 343 351 355 356 357 359 360 359 356 353 349 347 348 347 346 347 346 346 347 346 344 343 344 343 341 340 342 346 347 343 342 344 342 336 331 331 336 337 337 339 340 341 341 341 336 332 335 343 348 348 343 336 334 337 339 336 332 328 324 319 320 327
349 348 346 345 346 347 346 345 345 344 344 344 344 344 344 344 344 344 344 343 343 343 343 342 342 342 343 346 346 339 336 336 335 337 342 350 359 6 7 4 1 357 354 352 349 348 349 349 350 350 346 345 347 347 344 344 346 347 347 345 345 347 346 342 340 339 336 334 336 342 343 336 332 336 342 344 343 346 345 338 337 340 345 347 342 338 338 338 336 334 331 328 323 320 324 333
347 347 346 346 346 346 346 345 344 344 344 344 344 344 343 343 343 343 343 343 343 343 343 342 342 342 343 344 340 335 334 334 335 338 343 352 7 14 8 3 360 356 353 351 350 350 349 350 353 351 348 347 349 349 347 345 347 350 350 349 350 352 351 348 344 337 330 330 339 348 344 337 337 342 349 345 341 345 348 346 346 345 344 342 337 339 344 341 336 334 333 329 320 317 323 334
346 346 346 346 346 346 346 345 344 344 344 344 344 344 344 343 343 343 343 343 343 343 342 342 342 341 341 339 335 332 331 332 335 338 343 357 9 8 5 3 359 354 350 349 350 351 350 350 351 351 348 347 348 350 349 348 348 350 351 351 353 358 1 357 349 339 330 330 341 343 337 337 341 351 353 342 340 347 349 350 354 353 347 338 332 335 341 341 337 336 337 330 318 316 322 331
347 346 346 346 346 346 346 344 344 344 344 344 344 344 344 344 344 344 343 343 343 343 343 342 342 341 339 336 333 331 330 330 333 336 346 360 2 0 2 1 359 354 350 349 350 350 351 351 350 350 349 345 344 345 348 349 349 349 350 351 356 4 9 3 352 342 335 336 340 337 336 338 344 352 348 337 341 350 350 350 357 359 352 341 334 332 336 340 339 337 337 328 318 316 320 327
347 347 347 346 346 346 345 344 344 344 345 344 344 344 344 344 344 344 343 343 343 343 343 342 341 341 339 337 335 333 331 331 333 337 347 356 358 356 355 356 355 353 353 353 350 348 350 352 352 351 348 344 343 342 344 347 349 349 349 353 360 5 6 3 356 346 339 340 340 340 343 346 344 346 340 335 344 354 352 352 356 356 351 345 338 336 340 344 342 338 334 327 320 317 320 327
347 347 347 347 347 345 345 345 345 345 345 344 344 344 344 344 344 344 344 343 343 343 343 342 341 341 339 338 336 334 333 334 336 339 345 351 354 352 349 349 350 351 353 352 348 348 350 353 353 349 344 342 343 344 343 345 350 352 354 357 0 358 355 357 356 349 342 342 344 348 354 351 345 343 337 337 349 358 357 355 354 352 346 341 336 339 348 351 345 338 332 328 324 322 326 335
348 348 348 348 347 346 345 345 345 345 345 345 344 344 344 344 344 344 343 343 343 343 343 342 342 341 340 338 337 335 334 336 338 340 343 346 347 345 345 345 347 350 349 346 346 350 354 355 352 346 341 341 346 349 348 349 354 358 360 359 355 350 346 348 349 346 343 343 349 356 358 353 350 346 342 345 356 3 2 356 352 349 342 335 335 343 355 355 346 339 333 330 324 321 328 340
349 349 349 347 346 346 346 346 345 345 345 345 345 345 345 344 344 344 344 344 344 343 343 342 342 342 340 339 338 337 336 337 338 339 340 341 338 337 340 343 347 347 344 343 348 356 358 354 349 344 342 345 351 354 355 357 360 2 0 355 351 347 344 341 338 338 340 343 350 357 357 355 354 352 350 355 4 9 6 358 349 343 337 333 337 351 357 352 345 338 334 330 321 318 326 341
351 350 349 347 347 347 347 346 346 346 346 345 345 345 345 345 345 344 344 344 344 344 344 343 342 342 341 340 339 338 338 338 338 339 339 337 334 334 337 341 344 343 342 344 353 359 357 350 343 341 344 350 356 0 3 4 5 1 354 350 348 346 344 339 335 334 337 342 349 353 354 354 356 356 358 4 11 13 7 356 345 338 333 332 344 355 352 347 343 339 334 327 319 318 327 340
