windninja/windninja_output/Output_2025-08-24_1100-1150_Google earth_Fire_150m_10min/merlingen_7.5mi_point_08-24-2025_1100_150m_vel.asc
ncols	158
nrows	163
xllcorner	391686.332397
yllcorner	5160024.123721
cellsize	150.000000
NODATA_value	-32768.000000
[rows 38 to 75 of 163, columns 0 to 83 of 158]
1.09 1.10 1.09 1.07 1.05 1.05 1.06 1.07 1.08 1.10 1.12 1.12 1.12 1.13 1.13 1.14 1.14 1.15 1.16 1.17 1.18 1.19 1.20 1.21 1.23 1.24 1.26 1.35 1.52 1.63 1.58 1.49 1.39 1.30 1.26 1.20 1.11 1.08 1.11 1.15 1.18 1.23 1.28 1.35 1.40 1.42 1.46 1.52 1.56 1.58 1.60 1.63 1.64 1.62 1.59 1.65 1.73 1.81 1.86 1.87 1.88 1.81 1.65 1.47 1.35 1.33 1.42 1.44 1.29 1.18 1.25 1.51 1.73 1.63 1.39 1.30 1.41 1.51 1.52 1.44 1.30 1.21 1.20 1.31
1.08 1.08 1.07 1.06 1.06 1.06 1.06 1.08 1.11 1.13 1.13 1.12 1.12 1.13 1.14 1.14 1.15 1.15 1.16 1.17 1.18 1.19 1.21 1.21 1.22 1.24 1.28 1.37 1.44 1.39 1.30 1.28 1.26 1.23 1.16 1.09 1.15 1.29 1.36 1.34 1.31 1.33 1.41 1.52 1.60 1.63 1.62 1.63 1.70 1.77 1.79 1.82 1.93 2.08 2.17 2.20 2.25 2.30 2.33 2.33 2.31 2.22 1.99 1.64 1.44 1.40 1.40 1.31 1.18 1.27 1.58 1.79 1.68 1.45 1.35 1.47 1.65 1.69 1.69 1.70 1.60 1.39 1.26 1.30
1.08 1.08 1.07 1.07 1.07 1.08 1.10 1.12 1.14 1.13 1.12 1.13 1.14 1.16 1.16 1.17 1.17 1.17 1.18 1.18 1.19 1.21 1.21 1.22 1.23 1.24 1.27 1.28 1.24 1.19 1.19 1.18 1.13 1.08 1.00 1.00 1.13 1.32 1.48 1.56 1.59 1.60 1.64 1.67 1.68 1.75 1.81 1.84 1.87 1.89 1.89 1.97 2.18 2.36 2.42 2.42 2.40 2.33 2.24 2.14 2.02 1.98 1.98 1.77 1.54 1.52 1.50 1.39 1.38 1.60 1.73 1.51 1.22 1.20 1.38 1.72 1.88 1.84 1.77 1.72 1.71 1.67 1.56 1.49
1.09 1.09 1.09 1.09 1.09 1.11 1.13 1.15 1.15 1.14 1.13 1.15 1.16 1.17 1.17 1.18 1.18 1.18 1.19 1.19 1.20 1.21 1.20 1.21 1.22 1.22 1.23 1.21 1.18 1.19 1.19 1.14 1.07 1.01 0.99 1.07 1.16 1.23 1.42 1.73 1.95 2.05 2.04 1.95 1.94 2.07 2.18 2.20 2.15 2.12 2.12 2.17 2.21 2.11 1.96 1.92 1.87 1.74 1.61 1.49 1.44 1.53 1.79 1.94 1.82 1.70 1.68 1.72 1.85 1.92 1.66 1.33 1.26 1.37 1.64 1.93 1.93 1.80 1.67 1.55 1.54 1.66 1.75 1.79
1.09 1.10 1.10 1.10 1.11 1.13 1.15 1.16 1.15 1.15 1.16 1.17 1.17 1.18 1.18 1.18 1.18 1.19 1.19 1.20 1.20 1.19 1.19 1.20 1.21 1.20 1.20 1.20 1.21 1.23 1.21 1.14 1.09 1.05 1.08 1.20 1.35 1.53 1.73 1.91 2.02 2.05 2.06 2.14 2.22 2.23 2.12 1.98 1.90 1.89 1.93 1.95 1.86 1.68 1.53 1.43 1.36 1.26 1.14 1.09 1.15 1.33 1.63 1.95 2.08 2.04 2.10 2.30 2.36 2.15 1.84 1.70 1.74 1.82 2.03 2.09 1.88 1.72 1.60 1.53 1.53 1.58 1.69 1.96
1.09 1.09 1.10 1.11 1.14 1.17 1.17 1.16 1.16 1.16 1.17 1.18 1.18 1.18 1.17 1.17 1.18 1.18 1.19 1.19 1.19 1.19 1.20 1.20 1.20 1.20 1.20 1.21 1.22 1.20 1.15 1.12 1.10 1.12 1.18 1.29 1.49 1.74 1.85 1.82 1.74 1.71 1.82 1.96 1.95 1.78 1.63 1.56 1.58 1.64 1.74 1.76 1.68 1.57 1.43 1.29 1.19 1.12 1.06 1.07 1.15 1.28 1.45 1.69 2.05 2.37 2.60 2.71 2.69 2.63 2.54 2.51 2.46 2.43 2.44 2.25 1.95 1.74 1.59 1.51 1.55 1.68 1.92 2.28
1.08 1.08 1.08 1.12 1.15 1.16 1.16 1.16 1.16 1.17 1.17 1.18 1.18 1.17 1.17 1.17 1.18 1.19 1.20 1.20 1.20 1.20 1.20 1.20 1.20 1.21 1.22 1.23 1.21 1.17 1.14 1.13 1.14 1.17 1.21 1.32 1.46 1.52 1.47 1.45 1.47 1.57 1.70 1.71 1.56 1.43 1.39 1.46 1.64 1.85 1.92 1.83 1.70 1.58 1.43 1.26 1.15 1.10 1.13 1.22 1.33 1.42 1.48 1.65 2.03 2.42 2.60 2.60 2.59 2.74 2.86 2.87 2.82 2.73 2.50 2.16 1.91 1.74 1.60 1.51 1.58 1.88 2.24 2.27
1.07 1.08 1.10 1.14 1.15 1.14 1.15 1.16 1.17 1.17 1.17 1.18 1.18 1.18 1.19 1.19 1.20 1.21 1.21 1.21 1.21 1.21 1.21 1.20 1.20 1.22 1.23 1.21 1.18 1.17 1.17 1.17 1.18 1.20 1.23 1.28 1.30 1.26 1.24 1.30 1.43 1.56 1.58 1.49 1.40 1.42 1.49 1.64 1.86 1.94 1.80 1.61 1.50 1.37 1.27 1.20 1.13 1.12 1.24 1.43 1.59 1.71 1.85 2.09 2.34 2.40 2.32 2.21 2.08 2.08 2.22 2.31 2.35 2.31 2.11 1.90 1.75 1.70 1.69 1.77 1.96 2.15 2.08 1.66
1.08 1.10 1.13 1.14 1.12 1.12 1.14 1.15 1.16 1.17 1.18 1.19 1.19 1.19 1.20 1.20 1.21 1.21 1.21 1.20 1.20 1.20 1.20 1.21 1.21 1.21 1.20 1.18 1.17 1.17 1.17 1.17 1.18 1.20 1.24 1.25 1.22 1.21 1.25 1.32 1.39 1.43 1.43 1.37 1.32 1.40 1.60 1.82 1.87 1.71 1.50 1.40 1.33 1.22 1.15 1.15 1.18 1.25 1.42 1.66 1.89 2.08 2.30 2.46 2.43 2.26 2.05 1.86 1.74 1.70 1.71 1.76 1.81 1.83 1.81 1.77 1.71 1.71 1.80 1.93 1.97 1.83 1.45 1.10
1.10 1.11 1.12 1.11 1.09 1.08 1.10 1.13 1.15 1.17 1.18 1.19 1.19 1.19 1.20 1.20 1.20 1.20 1.20 1.20 1.19 1.19 1.19 1.20 1.20 1.19 1.18 1.18 1.18 1.18 1.17 1.16 1.16 1.16 1.18 1.19 1.20 1.22 1.23 1.25 1.29 1.34 1.35 1.35 1.39 1.49 1.66 1.74 1.63 1.46 1.37 1.29 1.26 1.28 1.28 1.30 1.40 1.54 1.71 1.92 2.10 2.23 2.29 2.22 2.06 1.89 1.72 1.63 1.62 1.63 1.60 1.56 1.55 1.58 1.62 1.64 1.65 1.63 1.63 1.61 1.49 1.28 1.12 1.09
1.10 1.10 1.10 1.08 1.07 1.07 1.09 1.11 1.13 1.15 1.16 1.17 1.18 1.18 1.18 1.18 1.18 1.19 1.18 1.18 1.18 1.19 1.19 1.19 1.19 1.18 1.19 1.19 1.19 1.18 1.18 1.17 1.17 1.17 1.16 1.16 1.17 1.18 1.18 1.19 1.22 1.23 1.22 1.29 1.47 1.64 1.70 1.62 1.48 1.38 1.29 1.22 1.20 1.24 1.32 1.43 1.59 1.83 2.09 2.21 2.19 2.10 1.96 1.79 1.67 1.57 1.51 1.51 1.53 1.52 1.48 1.45 1.42 1.43 1.47 1.52 1.56 1.54 1.49 1.42 1.33 1.26 1.26 1.31
1.09 1.10 1.09 1.06 1.06 1.08 1.09 1.10 1.12 1.14 1.16 1.16 1.16 1.17 1.18 1.18 1.18 1.18 1.18 1.18 1.18 1.19 1.20 1.20 1.20 1.20 1.20 1.19 1.19 1.19 1.19 1.19 1.19 1.18 1.18 1.18 1.19 1.20 1.20 1.20 1.17 1.12 1.13 1.26 1.44 1.56 1.55 1.45 1.35 1.27 1.25 1.29 1.34 1.42 1.53 1.66 1.86 2.11 2.24 2.18 2.05 1.86 1.68 1.57 1.52 1.48 1.45 1.43 1.43 1.43 1.42 1.40 1.36 1.35 1.41 1.52 1.62 1.67 1.64 1.57 1.52 1.51 1.50 1.49
1.09 1.08 1.08 1.08 1.11 1.14 1.14 1.12 1.12 1.13 1.15 1.16 1.17 1.18 1.19 1.19 1.19 1.19 1.18 1.19 1.19 1.20 1.20 1.20 1.21 1.21 1.20 1.20 1.19 1.19 1.19 1.19 1.19 1.18 1.18 1.19 1.20 1.21 1.21 1.18 1.15 1.15 1.20 1.28 1.36 1.40 1.35 1.25 1.13 1.04 1.06 1.21 1.44 1.65 1.82 1.99 2.17 2.22 2.06 1.83 1.67 1.53 1.44 1.46 1.50 1.46 1.39 1.34 1.32 1.31 1.30 1.27 1.26 1.29 1.38 1.52 1.65 1.72 1.72 1.68 1.65 1.63 1.60 1.56
1.07 1.06 1.06 1.11 1.18 1.23 1.22 1.19 1.15 1.14 1.15 1.16 1.17 1.17 1.17 1.18 1.18 1.19 1.19 1.19 1.20 1.21 1.20 1.20 1.20 1.20 1.20 1.20 1.20 1.20 1.19 1.19 1.18 1.18 1.18 1.18 1.17 1.15 1.15 1.15 1.15 1.18 1.22 1.27 1.31 1.29 1.22 1.13 1.06 1.02 1.08 1.31 1.49 1.63 1.83 2.05 2.13 1.97 1.74 1.55 1.40 1.33 1.36 1.45 1.48 1.42 1.37 1.33 1.30 1.27 1.23 1.22 1.24 1.30 1.39 1.47 1.54 1.60 1.68 1.73 1.70 1.59 1.49 1.49
1.06 1.04 1.05 1.10 1.15 1.18 1.21 1.21 1.20 1.18 1.16 1.16 1.16 1.16 1.15 1.16 1.17 1.18 1.18 1.19 1.19 1.19 1.19 1.19 1.19 1.19 1.19 1.19 1.19 1.19 1.19 1.19 1.19 1.19 1.18 1.17 1.15 1.14 1.13 1.14 1.15 1.18 1.22 1.26 1.26 1.20 1.12 1.12 1.26 1.42 1.60 1.74 1.79 1.81 1.88 1.94 1.84 1.64 1.50 1.41 1.35 1.36 1.43 1.50 1.49 1.44 1.40 1.36 1.32 1.29 1.29 1.31 1.35 1.40 1.42 1.43 1.43 1.46 1.54 1.62 1.63 1.57 1.48 1.42
1.11 1.09 1.10 1.15 1.18 1.19 1.21 1.23 1.20 1.15 1.12 1.12 1.13 1.14 1.15 1.16 1.16 1.17 1.17 1.17 1.17 1.17 1.18 1.18 1.18 1.18 1.19 1.19 1.19 1.19 1.19 1.19 1.19 1.19 1.18 1.18 1.16 1.15 1.14 1.14 1.17 1.21 1.24 1.24 1.20 1.15 1.14 1.24 1.48 1.72 1.83 1.83 1.86 1.92 1.91 1.81 1.63 1.48 1.42 1.39 1.39 1.44 1.51 1.57 1.56 1.52 1.49 1.46 1.42 1.41 1.43 1.47 1.49 1.47 1.45 1.44 1.42 1.39 1.39 1.43 1.49 1.59 1.66 1.61
1.17 1.17 1.17 1.19 1.22 1.23 1.23 1.23 1.19 1.13 1.08 1.08 1.10 1.12 1.14 1.15 1.16 1.17 1.17 1.17 1.17 1.17 1.17 1.18 1.18 1.18 1.19 1.19 1.19 1.19 1.19 1.19 1.19 1.19 1.18 1.18 1.17 1.15 1.14 1.13 1.16 1.19 1.18 1.12 1.06 1.08 1.18 1.33 1.53 1.66 1.69 1.69 1.71 1.76 1.77 1.70 1.55 1.47 1.48 1.52 1.56 1.60 1.67 1.70 1.69 1.68 1.66 1.67 1.68 1.68 1.65 1.57 1.48 1.44 1.45 1.46 1.46 1.45 1.45 1.46 1.54 1.69 1.82 1.86
1.16 1.18 1.17 1.10 1.04 1.05 1.07 1.12 1.17 1.16 1.10 1.06 1.06 1.09 1.11 1.12 1.13 1.14 1.16 1.17 1.17 1.17 1.17 1.17 1.17 1.18 1.18 1.19 1.19 1.19 1.19 1.19 1.19 1.19 1.18 1.18 1.17 1.16 1.15 1.13 1.11 1.08 1.03 0.99 1.00 1.05 1.17 1.36 1.49 1.53 1.58 1.66 1.70 1.71 1.71 1.65 1.54 1.51 1.55 1.64 1.76 1.87 1.90 1.84 1.77 1.73 1.72 1.73 1.77 1.76 1.64 1.50 1.44 1.47 1.51 1.53 1.55 1.58 1.63 1.67 1.74 1.81 1.84 1.87
1.13 1.14 1.15 1.09 0.98 0.92 0.92 0.97 1.07 1.15 1.15 1.10 1.05 1.05 1.07 1.09 1.10 1.12 1.13 1.14 1.15 1.16 1.17 1.16 1.17 1.17 1.18 1.18 1.18 1.19 1.19 1.19 1.19 1.18 1.18 1.18 1.17 1.16 1.15 1.14 1.10 1.05 1.01 1.03 1.07 1.12 1.21 1.31 1.37 1.41 1.49 1.58 1.63 1.66 1.64 1.57 1.54 1.57 1.64 1.76 1.90 1.98 1.95 1.84 1.71 1.60 1.56 1.56 1.53 1.47 1.44 1.50 1.59 1.64 1.65 1.66 1.70 1.77 1.83 1.87 1.86 1.80 1.76 1.76
1.12 1.12 1.14 1.17 1.15 1.07 0.99 0.96 1.01 1.13 1.22 1.22 1.15 1.06 1.03 1.05 1.09 1.10 1.11 1.12 1.13 1.15 1.16 1.17 1.17 1.17 1.17 1.18 1.18 1.18 1.18 1.19 1.18 1.18 1.18 1.18 1.17 1.17 1.16 1.14 1.12 1.10 1.09 1.09 1.10 1.13 1.15 1.17 1.20 1.26 1.35 1.43 1.48 1.53 1.55 1.53 1.59 1.70 1.82 1.93 1.97 1.92 1.82 1.74 1.66 1.56 1.49 1.44 1.38 1.37 1.48 1.65 1.74 1.77 1.80 1.85 1.93 2.00 2.05 2.03 1.95 1.83 1.73 1.64
1.14 1.14 1.13 1.15 1.18 1.18 1.14 1.07 1.06 1.12 1.20 1.26 1.24 1.13 1.02 1.00 1.03 1.07 1.10 1.11 1.12 1.12 1.14 1.15 1.16 1.16 1.17 1.17 1.17 1.18 1.18 1.18 1.18 1.18 1.18 1.18 1.17 1.17 1.16 1.15 1.14 1.13 1.12 1.10 1.09 1.08 1.05 1.04 1.05 1.09 1.17 1.29 1.42 1.50 1.52 1.54 1.59 1.69 1.82 1.90 1.90 1.85 1.77 1.72 1.69 1.62 1.54 1.51 1.51 1.58 1.67 1.75 1.79 1.84 1.91 1.98 2.07 2.15 2.16 2.11 2.02 1.89 1.74 1.57
1.15 1.15 1.13 1.11 1.11 1.12 1.14 1.13 1.08 1.03 1.02 1.09 1.19 1.21 1.13 1.03 1.00 1.02 1.06 1.09 1.11 1.12 1.13 1.14 1.15 1.16 1.16 1.16 1.17 1.17 1.18 1.18 1.18 1.18 1.18 1.18 1.18 1.17 1.17 1.16 1.15 1.14 1.13 1.12 1.10 1.08 1.06 1.04 1.02 1.03 1.10 1.24 1.40 1.47 1.49 1.48 1.51 1.59 1.70 1.75 1.74 1.74 1.72 1.71 1.69 1.66 1.63 1.62 1.64 1.68 1.72 1.76 1.83 1.92 2.00 2.06 2.11 2.10 2.02 1.93 1.86 1.80 1.72 1.63
1.15 1.14 1.13 1.11 1.09 1.07 1.07 1.08 1.05 1.00 0.98 1.02 1.14 1.27 1.29 1.19 1.05 1.00 1.02 1.06 1.10 1.13 1.15 1.15 1.14 1.14 1.15 1.15 1.16 1.16 1.17 1.17 1.18 1.18 1.18 1.18 1.18 1.17 1.17 1.17 1.16 1.15 1.15 1.14 1.13 1.11 1.10 1.08 1.07 1.08 1.11 1.18 1.27 1.33 1.36 1.41 1.47 1.54 1.59 1.59 1.57 1.55 1.55 1.61 1.67 1.68 1.62 1.56 1.57 1.63 1.69 1.76 1.87 1.96 2.04 2.11 2.11 2.00 1.85 1.75 1.69 1.65 1.62 1.58
1.17 1.15 1.13 1.12 1.12 1.10 1.08 1.07 1.06 1.06 1.04 1.06 1.12 1.21 1.31 1.32 1.22 1.09 1.02 1.02 1.05 1.08 1.11 1.12 1.12 1.12 1.13 1.13 1.14 1.15 1.16 1.17 1.17 1.17 1.18 1.18 1.18 1.18 1.18 1.17 1.17 1.16 1.16 1.15 1.14 1.13 1.13 1.12 1.11 1.11 1.10 1.08 1.10 1.15 1.18 1.24 1.35 1.42 1.42 1.39 1.37 1.37 1.41 1.51 1.61 1.66 1.63 1.55 1.56 1.66 1.76 1.84 1.91 1.98 2.03 2.05 1.98 1.87 1.80 1.74 1.68 1.60 1.53 1.47
1.17 1.14 1.11 1.09 1.11 1.13 1.14 1.14 1.11 1.09 1.06 1.04 1.04 1.08 1.19 1.32 1.34 1.25 1.12 1.03 1.01 1.03 1.06 1.08 1.10 1.11 1.11 1.12 1.14 1.15 1.15 1.16 1.17 1.17 1.17 1.17 1.18 1.18 1.18 1.18 1.17 1.17 1.16 1.16 1.15 1.15 1.14 1.14 1.13 1.11 1.09 1.07 1.08 1.07 1.08 1.16 1.25 1.30 1.31 1.30 1.30 1.34 1.41 1.50 1.58 1.62 1.65 1.66 1.69 1.76 1.83 1.89 1.94 1.99 2.02 1.97 1.87 1.81 1.81 1.78 1.72 1.64 1.57 1.51
1.20 1.13 1.06 1.04 1.06 1.10 1.15 1.16 1.15 1.12 1.07 1.02 0.99 1.01 1.07 1.20 1.33 1.36 1.27 1.15 1.06 1.02 1.03 1.06 1.09 1.11 1.12 1.13 1.13 1.14 1.14 1.15 1.16 1.16 1.17 1.17 1.17 1.18 1.18 1.18 1.18 1.17 1.17 1.17 1.16 1.16 1.15 1.14 1.13 1.11 1.10 1.12 1.13 1.12 1.16 1.24 1.28 1.28 1.29 1.34 1.42 1.47 1.44 1.35 1.30 1.33 1.39 1.59 1.77 1.85 1.88 1.93 1.98 2.01 2.00 1.95 1.91 1.91 1.92 1.89 1.84 1.77 1.74 1.77
1.29 1.18 1.05 1.03 1.02 1.01 1.03 1.06 1.09 1.10 1.08 1.03 1.01 1.02 1.03 1.09 1.23 1.36 1.39 1.30 1.18 1.07 1.02 1.03 1.06 1.10 1.11 1.12 1.11 1.12 1.13 1.14 1.15 1.16 1.16 1.17 1.17 1.17 1.18 1.18 1.18 1.18 1.18 1.17 1.17 1.16 1.16 1.15 1.14 1.12 1.12 1.12 1.12 1.13 1.16 1.23 1.31 1.34 1.35 1.40 1.44 1.38 1.20 1.03 0.98 1.07 1.32 1.60 1.78 1.88 1.94 1.98 2.02 2.02 1.99 1.98 2.03 2.09 2.12 2.08 2.01 1.95 1.96 2.06
1.42 1.31 1.17 1.11 1.08 1.05 1.02 1.02 1.00 1.00 1.03 1.02 0.99 0.99 1.01 1.03 1.09 1.22 1.36 1.39 1.31 1.20 1.10 1.03 1.02 1.06 1.09 1.11 1.12 1.12 1.12 1.13 1.14 1.15 1.15 1.16 1.17 1.17 1.18 1.18 1.18 1.18 1.18 1.18 1.17 1.17 1.16 1.15 1.14 1.13 1.12 1.10 1.08 1.06 1.07 1.15 1.28 1.39 1.42 1.37 1.23 1.07 1.08 1.18 1.33 1.49 1.66 1.76 1.79 1.85 1.92 1.98 2.00 1.96 1.95 2.02 2.11 2.16 2.14 2.09 2.05 2.07 2.18 2.42
1.48 1.46 1.38 1.24 1.14 1.11 1.13 1.16 1.15 1.10 1.07 1.08 1.03 0.96 0.99 1.03 1.03 1.07 1.20 1.36 1.43 1.38 1.28 1.16 1.07 1.05 1.07 1.10 1.12 1.12 1.12 1.12 1.13 1.13 1.14 1.15 1.16 1.17 1.17 1.18 1.18 1.18 1.18 1.18 1.18 1.17 1.17 1.16 1.15 1.14 1.13 1.10 1.06 1.02 1.00 1.05 1.13 1.22 1.28 1.21 1.10 1.14 1.38 1.63 1.79 1.85 1.84 1.79 1.77 1.80 1.84 1.90 1.94 1.96 2.00 2.05 2.07 2.08 2.07 2.13 2.27 2.47 2.79 3.23
1.45 1.62 1.75 1.61 1.39 1.25 1.26 1.31 1.31 1.23 1.15 1.11 1.11 1.06 0.99 0.98 1.02 1.03 1.09 1.22 1.38 1.46 1.45 1.36 1.24 1.12 1.05 1.02 1.02 1.05 1.08 1.09 1.11 1.12 1.13 1.14 1.15 1.16 1.17 1.18 1.18 1.18 1.18 1.18 1.18 1.18 1.17 1.17 1.16 1.15 1.13 1.10 1.07 1.03 1.00 0.97 0.94 0.91 0.93 0.99 1.09 1.26 1.45 1.62 1.76 1.83 1.82 1.75 1.72 1.74 1.77 1.81 1.85 1.92 1.98 1.99 1.99 2.02 2.13 2.33 2.64 2.97 3.28 3.42
1.36 1.58 1.95 2.10 2.06 1.87 1.69 1.66 1.58 1.40 1.26 1.19 1.17 1.16 1.10 1.03 1.02 1.04 1.06 1.09 1.17 1.29 1.42 1.48 1.44 1.32 1.17 1.02 0.96 0.97 1.00 1.05 1.08 1.10 1.12 1.13 1.14 1.15 1.16 1.17 1.17 1.18 1.18 1.18 1.18 1.18 1.18 1.17 1.16 1.15 1.14 1.12 1.09 1.07 1.02 0.96 0.88 0.80 0.77 0.84 0.97 1.11 1.24 1.37 1.52 1.64 1.71 1.76 1.78 1.78 1.75 1.72 1.74 1.78 1.81 1.86 1.89 1.93 2.10 2.35 2.60 2.82 2.84 2.49
1.13 1.12 1.38 1.76 2.01 2.09 2.06 2.02 2.01 1.93 1.81 1.74 1.65 1.53 1.44 1.34 1.22 1.13 1.06 1.03 1.06 1.13 1.21 1.33 1.44 1.46 1.35 1.16 1.02 0.96 0.95 0.98 1.03 1.07 1.10 1.12 1.13 1.15 1.16 1.17 1.17 1.18 1.18 1.18 1.18 1.18 1.18 1.18 1.17 1.16 1.15 1.13 1.12 1.09 1.05 1.01 0.96 0.90 0.85 0.84 0.88 0.96 1.05 1.13 1.19 1.28 1.46 1.66 1.77 1.78 1.72 1.69 1.73 1.78 1.79 1.77 1.75 1.81 1.97 2.18 2.30 2.25 1.96 1.71
0.96 0.84 0.72 0.80 1.04 1.36 1.53 1.61 1.76 1.91 1.94 1.93 1.90 1.84 1.73 1.62 1.50 1.36 1.19 1.07 1.04 1.06 1.09 1.14 1.22 1.37 1.47 1.38 1.21 1.09 1.00 0.96 0.97 1.02 1.06 1.10 1.12 1.13 1.15 1.16 1.16 1.17 1.18 1.18 1.18 1.18 1.18 1.18 1.17 1.17 1.16 1.15 1.13 1.11 1.09 1.06 1.03 1.00 0.97 0.94 0.94 0.93 0.91 0.87 0.86 0.94 1.12 1.29 1.41 1.51 1.62 1.74 1.80 1.79 1.74 1.68 1.69 1.76 1.87 1.94 1.88 1.66 1.46 1.60
1.05 0.92 0.70 0.61 0.66 0.77 0.81 0.84 0.99 1.22 1.26 1.27 1.32 1.40 1.47 1.48 1.48 1.48 1.42 1.28 1.15 1.08 1.07 1.08 1.11 1.27 1.52 1.61 1.50 1.33 1.18 1.06 0.98 0.97 1.01 1.06 1.09 1.12 1.14 1.15 1.16 1.17 1.17 1.18 1.18 1.18 1.18 1.18 1.18 1.17 1.17 1.16 1.15 1.13 1.11 1.10 1.08 1.06 1.04 1.03 1.02 0.99 0.94 0.88 0.85 0.85 0.86 0.90 0.99 1.16 1.42 1.62 1.66 1.61 1.59 1.61 1.68 1.73 1.73 1.61 1.45 1.36 1.47 1.85
1.20 1.08 0.90 0.79 0.75 0.75 0.70 0.63 0.68 0.81 0.84 0.84 0.87 0.92 1.01 1.09 1.17 1.28 1.38 1.40 1.35 1.27 1.19 1.17 1.17 1.22 1.36 1.57 1.63 1.53 1.39 1.26 1.11 1.00 0.97 1.01 1.06 1.09 1.12 1.14 1.15 1.16 1.17 1.18 1.18 1.18 1.18 1.18 1.18 1.18 1.17 1.17 1.16 1.15 1.14 1.13 1.12 1.11 1.10 1.09 1.07 1.06 1.04 1.02 0.99 0.94 0.88 0.85 0.87 0.96 1.09 1.20 1.26 1.25 1.33 1.43 1.54 1.59 1.54 1.44 1.37 1.45 1.77 2.11
1.39 1.24 1.00 0.88 0.84 0.81 0.76 0.69 0.67 0.73 0.79 0.84 0.86 0.87 0.90 0.93 0.97 1.03 1.12 1.23 1.33 1.37 1.36 1.31 1.25 1.21 1.24 1.40 1.56 1.60 1.52 1.42 1.32 1.17 1.05 1.02 1.03 1.05 1.09 1.12 1.14 1.15 1.16 1.17 1.17 1.18 1.18 1.18 1.18 1.18 1.18 1.17 1.17 1.16 1.16 1.15 1.14 1.13 1.13 1.12 1.12 1.11 1.10 1.09 1.07 1.04 1.01 0.99 0.97 0.96 0.94 0.90 0.88 0.96 1.11 1.24 1.37 1.42 1.41 1.43 1.50 1.74 2.12 2.13
1.64 1.43 1.09 0.89 0.84 0.81 0.76 0.73 0.71 0.71 0.75 0.82 0.86 0.89 0.91 0.93 0.95 0.98 1.00 1.04 1.12 1.20 1.27 1.28 1.25 1.21 1.23 1.32 1.44 1.53 1.54 1.50 1.45 1.37 1.24 1.13 1.08 1.06 1.07 1.10 1.13 1.15 1.16 1.16 1.17 1.17 1.18 1.18 1.18 1.18 1.18 1.18 1.18 1.18 1.17 1.17 1.17 1.16 1.16 1.15 1.15 1.14 1.14 1.13 1.12 1.10 1.10 1.09 1.09 1.05 1.00 0.93 0.89 0.96 1.10 1.26 1.36 1.39 1.40 1.49 1.76 2.13 2.23 1.79
1.96 1.69 1.24 0.95 0.82 0.78 0.71 0.68 0.69 0.69 0.71 0.75 0.79 0.84 0.87 0.90 0.94 0.98 1.01 1.02 1.03 1.06 1.11 1.16 1.16 1.14 1.15 1.21 1.35 1.49 1.54 1.52 1.49 1.43 1.32 1.20 1.13 1.10 1.09 1.09 1.11 1.14 1.15 1.16 1.17 1.17 1.17 1.17 1.17 1.18 1.18 1.18 1.18 1.18 1.18 1.18 1.18 1.18 1.18 1.18 1.18 1.17 1.17 1.16 1.16 1.16 1.16 1.15 1.15 1.13 1.10 1.07 1.07 1.10 1.17 1.29 1.36 1.41 1.49 1.67 2.04 2.21 1.86 1.22
