windninja/windninja_output/Output_2025-08-24_1100-1150_Google earth_Fire_150m_10min/merlingen_7.5mi_point_08-24-2025_1140_150m_ang.asc
ncols	158
nrows	163
xllcorner	391686.332397
yllcorner	5160024.123721
cellsize	150.000000
NODATA_value	-32768.000000
[rows 0 to 46 of 163, columns 0 to 95 of 158]
359 357 354 353 353 354 355 355 354 354 355 356 358 358 357 355 351 346 345 346 347 349 352 354 355 356 355 352 352 354 355 355 354 352 351 353 354 352 349 348 349 350 351 351 349 350 350 348 346 349 351 352 353 354 355 355 354 353 351 350 351 352 351 350 350 350 351 351 350 350 350 350 350 349 347 348 350 349 346 345 346 347 345 344 343 341 340 340 338 337 336 334 334 334 333 329
1 358 354 353 352 354 356 356 353 353 354 356 359 360 360 359 355 351 348 348 349 348 350 354 357 358 356 353 352 354 355 355 355 353 352 353 355 354 352 351 350 351 352 351 351 352 352 350 347 348 350 350 352 354 355 355 354 353 352 351 351 351 351 350 350 350 351 351 350 350 350 351 351 349 348 349 351 350 347 346 348 348 346 346 346 342 342 342 342 340 337 336 336 336 336 336
2 359 355 354 353 355 358 357 352 350 351 356 359 0 1 359 356 353 351 351 351 348 347 352 358 360 358 356 355 356 357 355 354 353 352 353 354 354 354 354 352 351 352 351 351 352 352 352 351 349 349 350 352 354 355 354 353 352 353 353 352 351 351 351 351 351 351 351 350 350 351 352 350 349 349 351 352 351 348 349 352 352 349 349 348 345 346 347 348 347 343 341 341 342 342 343
357 358 357 356 355 356 356 354 352 352 353 357 359 359 358 356 355 354 354 355 354 350 347 350 355 359 360 359 358 359 359 357 355 352 352 352 353 354 354 353 352 352 351 350 351 351 352 353 355 354 352 353 355 355 354 353 352 352 352 353 353 352 351 351 352 351 351 351 350 351 352 352 350 349 349 350 350 350 350 352 353 353 352 351 348 346 348 349 350 351 351 348 346 346 346 345
351 354 358 358 357 356 353 350 350 353 358 360 359 358 355 353 354 355 356 358 356 351 348 348 350 355 358 360 0 360 0 360 357 354 353 353 354 353 352 351 351 351 350 350 351 352 353 354 355 355 356 356 356 356 355 354 353 352 351 352 352 352 352 352 352 351 351 350 350 352 353 352 350 349 350 350 347 347 350 353 354 352 352 351 348 347 347 346 347 349 352 352 350 348 348 347
349 351 355 358 357 355 351 349 350 355 360 359 357 355 352 352 355 357 359 359 357 351 346 344 345 349 354 358 359 359 360 359 358 357 357 355 354 352 351 351 351 350 350 351 352 353 354 355 355 356 358 358 357 356 356 354 353 352 351 351 352 352 353 352 352 352 351 351 351 354 355 353 350 349 352 352 350 347 350 355 356 350 348 349 348 348 346 341 339 342 346 348 349 349 347 347
351 350 350 353 354 354 352 351 353 357 358 357 356 353 351 351 355 360 0 359 357 353 346 341 340 344 349 353 355 357 357 356 356 358 359 356 353 352 352 353 352 351 351 352 353 354 354 355 356 357 359 359 358 357 356 354 352 351 351 351 351 352 354 354 353 352 352 350 351 354 356 354 351 351 352 353 352 351 353 357 355 350 347 348 348 349 347 341 335 334 334 337 342 344 345 345
353 352 350 349 350 351 353 354 356 357 356 354 354 352 351 352 355 359 360 359 358 355 351 344 339 341 346 348 351 354 354 353 354 357 356 354 353 353 354 354 354 353 353 353 353 353 354 355 356 357 358 358 358 358 357 353 352 351 350 349 350 352 354 355 355 354 352 350 351 353 353 352 353 354 353 352 353 355 359 358 352 348 348 349 350 350 348 345 339 333 328 329 331 336 341 341
353 353 352 349 348 349 352 356 356 355 353 351 350 350 351 353 355 356 358 359 358 356 354 350 344 342 344 346 349 351 350 349 353 355 353 352 353 354 355 356 356 355 354 354 353 353 354 354 355 357 358 356 357 358 356 352 351 350 349 349 349 350 352 355 356 355 352 350 352 354 352 351 353 355 355 353 353 357 1 357 349 346 345 347 348 349 350 349 346 343 340 338 337 338 340 338
353 353 353 352 351 351 352 354 354 353 351 348 347 347 349 352 354 354 356 357 357 357 355 353 350 345 344 347 350 350 348 348 351 352 352 353 354 356 357 357 357 355 354 353 353 353 354 354 354 355 356 356 356 355 352 351 350 349 349 350 350 349 348 351 352 351 350 349 352 355 355 352 352 354 355 355 355 357 358 354 350 347 345 343 342 344 345 345 345 348 349 346 342 342 342 337
354 354 353 353 353 353 353 353 353 352 350 348 346 345 346 349 351 352 352 354 355 356 356 355 353 350 348 349 350 349 347 349 350 350 352 354 356 357 357 357 357 356 355 355 355 353 353 354 355 355 354 354 354 350 348 348 348 348 349 351 349 346 345 344 342 342 344 346 352 356 355 353 352 354 357 358 357 353 350 348 349 350 349 344 338 338 339 337 340 347 350 345 342 344 343 337
354 354 354 354 354 354 353 353 352 352 350 349 347 346 345 346 347 349 350 350 351 353 355 356 356 355 354 352 350 348 348 349 349 349 351 354 357 357 356 356 357 357 356 357 357 356 355 356 358 356 350 348 347 343 341 342 345 346 347 348 343 335 331 328 326 328 333 340 349 352 351 352 353 354 357 358 356 352 347 344 347 350 351 348 342 340 339 336 338 345 346 341 340 342 340 337
355 354 354 354 354 353 353 352 352 352 351 350 348 347 344 341 342 345 348 348 348 350 354 357 358 360 359 354 351 349 349 349 349 349 352 355 355 354 354 355 356 356 358 360 0 2 4 7 8 360 349 344 337 327 320 321 331 341 350 348 324 311 305 301 302 306 312 323 336 341 344 349 351 351 351 352 352 351 349 347 347 348 348 346 344 344 343 339 341 347 345 341 340 340 337 334
355 355 354 354 354 353 353 353 352 351 351 350 349 349 346 341 337 339 343 345 346 349 353 358 2 3 0 356 353 351 350 349 348 349 353 354 353 353 353 355 356 358 2 5 6 10 14 16 14 8 1 355 347 334 314 302 306 326 353 352 338 329 321 313 305 298 296 303 314 326 336 343 345 345 345 345 345 346 348 349 346 344 344 343 344 345 343 341 343 346 343 339 339 338 332 328
356 355 355 354 354 353 353 353 353 352 351 350 349 350 349 345 340 337 338 341 345 349 354 359 2 1 358 356 355 354 353 349 348 350 351 352 354 356 357 358 2 11 21 20 16 18 14 8 8 11 9 2 358 354 349 344 339 342 350 349 345 341 337 338 336 326 318 311 307 312 324 333 336 340 342 341 339 341 344 343 339 339 339 340 343 344 341 341 345 345 338 331 329 328 321 317
356 356 355 354 354 354 353 353 352 352 351 350 349 348 348 347 345 343 341 341 345 350 355 359 0 358 356 357 357 356 353 351 352 353 352 354 358 2 7 12 20 25 21 11 7 8 5 359 359 4 4 2 358 355 356 358 359 354 351 347 344 343 343 346 348 342 336 329 323 318 316 319 324 332 338 339 339 341 341 336 334 335 335 336 340 342 339 340 344 345 337 326 323 323 318 312
356 356 355 355 354 354 353 353 352 351 350 350 348 346 344 343 345 347 347 346 347 351 355 358 358 357 356 356 357 355 352 353 357 0 3 5 7 10 14 15 13 7 2 3 4 3 3 3 357 352 355 358 356 354 357 1 3 360 352 347 344 344 346 349 348 345 342 337 335 332 323 313 312 321 331 336 341 342 338 335 336 337 335 335 336 337 337 336 331 335 338 337 337 336 332 326
356 356 356 355 355 354 354 353 352 351 351 349 348 346 342 340 342 346 349 349 350 352 354 355 355 357 357 355 354 354 354 359 6 13 14 11 6 4 4 4 3 1 360 2 4 2 360 360 356 351 349 352 354 356 358 0 1 359 354 348 347 347 350 350 347 345 343 341 341 339 333 326 320 319 324 331 337 338 334 333 336 336 335 337 339 337 338 339 331 328 332 337 341 341 340 339
356 356 356 355 355 354 354 353 352 352 351 350 348 346 343 340 340 344 348 350 352 353 353 353 354 356 356 355 353 354 359 6 11 12 10 7 4 2 1 0 360 1 1 1 2 1 356 353 353 353 351 350 352 355 357 357 357 357 354 350 348 350 352 350 347 344 343 345 344 340 337 337 334 329 326 324 326 326 324 324 326 325 329 338 344 347 348 344 338 333 330 334 338 339 342 345
357 357 356 355 355 354 354 353 352 352 351 350 349 347 345 343 342 345 348 350 352 352 352 353 354 355 356 356 356 358 2 8 11 10 8 6 3 0 359 359 359 0 1 2 0 357 354 352 352 353 353 351 350 351 352 353 355 356 354 351 350 352 352 348 345 342 343 345 344 341 341 343 342 340 338 334 330 325 322 325 327 329 334 339 344 347 348 347 342 337 336 338 337 337 339 343
358 357 356 355 355 354 354 353 352 352 351 350 349 348 347 346 346 347 349 350 351 352 353 353 354 355 357 358 359 0 3 8 10 8 4 2 0 358 358 359 360 1 1 1 358 355 355 355 353 352 353 352 350 347 347 349 352 354 355 354 354 354 351 347 344 342 343 343 342 343 347 349 346 343 342 345 347 347 346 342 339 339 340 340 342 344 346 347 342 338 340 342 340 339 339 339
357 357 356 356 355 354 354 353 353 352 351 350 350 349 348 348 349 349 350 350 351 353 353 354 355 357 358 359 1 2 3 6 6 2 359 358 359 359 359 360 2 3 2 359 357 356 356 355 354 353 353 353 351 348 346 346 348 350 354 356 356 354 350 347 343 341 342 342 343 347 352 354 349 343 341 345 349 352 353 351 347 346 345 343 343 344 346 346 340 339 343 347 347 343 341 340
357 357 357 356 355 354 354 354 353 352 351 351 350 350 349 349 350 350 350 351 352 353 353 354 356 357 359 1 2 2 1 1 359 356 356 356 358 1 2 2 2 2 1 0 359 356 355 354 354 354 353 353 353 351 348 347 346 347 351 356 357 352 349 346 342 341 342 343 348 354 357 356 351 345 342 344 347 349 351 354 355 355 352 348 345 342 345 344 341 342 346 352 351 345 342 341
357 357 356 356 355 354 354 354 353 352 351 351 351 351 350 350 350 350 351 352 353 353 354 355 357 358 1 3 3 1 359 356 354 354 357 358 359 2 2 1 360 360 0 1 358 354 355 356 356 355 353 353 353 351 349 348 347 347 350 354 355 351 346 341 339 341 344 348 355 1 1 357 349 344 345 348 347 344 346 352 358 359 358 356 349 342 340 339 340 343 349 356 352 345 343 342
357 357 356 355 355 354 354 354 352 352 351 351 351 351 351 351 350 350 351 352 353 353 355 356 358 0 4 7 5 360 356 353 351 354 357 360 2 1 359 358 357 357 358 357 354 356 359 359 358 355 354 353 352 351 350 350 349 350 351 351 351 348 342 338 338 342 347 355 3 5 1 351 343 343 349 354 349 340 340 347 354 357 359 1 356 346 339 335 335 341 351 359 353 346 343 343
357 357 356 355 355 355 354 353 352 352 352 351 350 350 351 351 351 350 351 352 352 353 355 356 358 2 7 9 6 1 357 353 350 351 355 360 3 2 358 355 355 354 354 352 354 359 2 0 359 357 355 354 351 349 349 349 352 355 355 350 345 340 338 341 346 349 353 2 8 6 355 342 339 345 353 359 354 341 336 341 346 351 357 0 359 353 347 343 339 340 350 357 354 349 347 346
358 357 356 355 355 354 354 353 352 352 352 351 350 350 350 350 350 351 351 352 352 353 355 356 359 3 7 9 7 5 1 355 349 347 350 357 1 1 357 354 353 352 350 350 355 0 2 1 359 357 358 356 353 349 346 349 356 1 358 350 340 334 336 344 354 359 3 7 9 1 347 339 340 347 355 1 358 348 337 335 339 344 351 355 355 354 354 352 347 345 348 351 351 351 351 349
357 357 356 355 355 354 353 352 352 352 352 352 351 350 350 350 350 351 351 352 352 353 354 356 358 2 5 6 7 8 7 2 354 348 346 350 355 357 356 354 352 350 348 350 355 358 0 2 1 358 358 358 356 351 348 352 360 2 355 347 339 334 336 346 357 4 9 10 5 353 344 342 344 350 356 359 356 351 344 336 334 338 344 346 347 351 356 357 353 351 350 347 345 347 351 351
357 357 356 356 355 354 353 352 352 352 352 352 351 351 350 350 350 350 351 352 352 352 354 355 357 0 1 1 4 9 11 7 1 356 350 348 350 353 354 354 352 350 350 351 353 356 358 1 2 359 356 357 357 355 353 356 358 357 351 344 339 340 346 352 359 5 9 7 357 346 343 346 351 355 359 357 351 349 347 341 334 334 338 338 340 346 354 354 353 354 354 348 341 341 345 348
357 357 356 356 355 353 353 352 352 352 352 351 351 351 350 350 350 350 351 351 351 352 353 354 356 356 355 355 0 5 8 9 7 360 351 350 351 352 352 353 352 351 353 354 354 356 357 358 358 358 358 357 358 359 359 359 357 353 349 342 338 345 356 1 3 5 5 0 349 342 341 349 357 1 1 356 350 349 349 343 335 333 333 334 336 343 348 347 348 354 356 351 342 336 335 339
357 357 356 356 355 353 352 352 352 352 351 351 351 350 350 350 349 350 350 350 351 352 353 354 354 352 351 352 357 2 6 8 6 358 351 351 352 351 350 351 351 352 354 356 357 357 355 353 352 356 359 358 359 3 4 5 1 352 346 342 341 349 2 10 7 2 358 353 344 338 340 351 359 360 358 354 352 353 352 347 340 336 333 333 337 342 343 343 346 351 356 354 345 333 324 324
357 356 356 356 354 353 353 352 352 352 351 351 350 350 350 349 349 349 350 350 351 351 352 353 352 351 350 352 357 4 6 3 359 354 352 352 352 348 348 350 351 353 355 356 357 357 353 349 349 354 357 357 1 5 8 9 4 354 345 342 346 356 7 12 6 356 352 349 342 339 344 351 350 350 352 353 355 355 353 351 349 345 339 335 335 336 337 339 343 347 351 353 349 335 321 316
357 357 356 355 353 352 353 352 352 351 351 351 350 350 350 350 350 349 349 349 350 350 351 352 350 349 349 352 357 1 360 357 355 354 352 351 349 346 346 350 353 355 356 356 356 356 351 349 353 355 355 356 359 4 9 7 2 357 352 347 351 360 7 9 4 355 349 345 343 345 349 348 346 348 351 353 354 354 353 354 355 355 346 338 335 333 333 337 342 346 347 348 345 337 328 324
357 357 356 354 352 352 353 352 351 351 351 350 350 350 350 350 350 350 349 349 349 349 349 350 350 349 349 350 353 353 352 353 355 357 355 348 345 345 348 353 355 357 357 357 357 355 352 354 357 357 356 356 357 1 6 3 357 355 357 358 357 358 2 4 3 358 349 341 341 346 349 348 348 350 352 352 351 351 352 357 3 2 354 344 340 341 342 342 345 349 350 347 340 334 332 333
357 357 356 354 352 352 352 352 351 351 350 349 349 349 350 350 350 349 349 349 349 348 348 347 348 349 349 349 349 347 346 349 354 356 355 351 346 347 352 356 358 0 0 0 359 355 354 357 358 357 357 358 358 359 0 358 352 351 356 2 2 360 358 359 2 2 354 343 336 340 347 351 352 354 353 350 348 346 348 357 5 5 360 352 346 346 348 348 348 350 351 347 340 334 333 336
356 356 355 353 353 353 352 352 351 351 350 349 349 349 349 349 349 349 349 349 348 348 347 346 346 347 348 349 349 346 343 345 349 351 353 355 354 353 356 0 4 6 6 4 1 358 357 358 357 357 359 359 359 359 357 354 352 351 353 0 4 2 356 354 358 2 358 347 336 336 346 354 356 356 352 348 346 344 344 351 360 4 4 1 355 348 347 350 351 350 347 344 340 334 332 335
356 355 353 352 353 353 352 351 351 351 350 349 349 349 349 349 349 349 349 348 348 348 347 347 346 346 347 349 351 345 341 342 343 346 351 358 1 2 4 8 10 9 7 4 1 359 359 358 357 359 359 358 359 358 355 354 356 356 356 359 3 1 355 350 352 358 357 350 342 342 349 354 354 351 349 349 349 350 349 346 349 359 5 7 3 350 344 348 351 347 344 342 339 335 334 338
355 354 352 352 353 353 352 351 351 350 350 350 350 349 349 349 349 349 349 348 348 348 347 347 346 346 346 349 349 342 340 340 340 344 351 358 6 13 15 13 11 7 4 2 360 359 359 358 360 0 357 355 357 357 355 354 356 359 359 360 2 2 356 350 348 351 352 349 349 354 358 353 347 346 350 352 350 353 356 352 349 354 1 5 2 354 347 346 347 345 342 341 338 334 337 345
354 353 352 352 352 352 352 351 350 350 349 350 350 349 349 349 349 349 349 348 348 348 347 347 346 346 346 346 343 339 338 338 340 345 351 360 13 20 17 12 8 4 1 360 359 359 358 358 0 0 357 355 357 358 356 353 355 359 360 360 2 4 1 356 352 349 347 348 355 1 357 349 347 351 357 354 348 350 357 359 357 356 357 358 356 356 354 348 345 345 344 341 334 330 337 349
353 352 352 352 352 352 352 351 350 349 350 350 350 349 349 349 349 349 348 348 348 348 347 347 346 345 344 342 338 335 336 337 340 344 351 5 14 14 12 10 7 3 359 357 358 359 358 357 358 358 357 355 355 357 357 355 354 356 358 359 2 7 10 6 357 351 347 350 358 356 348 346 351 359 1 351 346 350 355 0 4 3 359 353 350 353 353 349 345 346 348 343 332 330 339 347
353 352 352 352 352 352 351 350 349 349 350 350 350 349 349 349 349 349 348 348 348 348 347 347 346 345 343 339 337 335 334 335 338 343 353 6 8 6 8 8 6 2 357 356 357 358 358 357 356 357 357 353 350 351 354 356 355 355 357 360 5 13 18 14 2 353 351 355 355 349 346 350 356 1 356 346 347 353 354 359 6 8 3 356 351 349 348 348 347 347 348 342 335 335 339 343
353 352 352 352 352 352 351 350 350 350 350 350 350 349 349 349 349 349 349 348 348 348 348 347 346 345 343 341 339 337 336 336 338 343 354 2 3 2 2 2 1 359 359 359 356 354 356 357 357 357 355 352 348 347 351 355 357 357 359 4 11 15 16 14 6 356 354 355 352 350 354 358 356 354 347 343 350 356 356 359 5 5 2 358 352 348 350 353 351 347 345 341 341 340 339 342
353 353 353 353 353 351 350 350 351 351 350 350 350 349 350 350 350 349 349 348 348 348 348 347 346 346 344 342 340 338 338 339 341 345 350 355 359 357 354 354 355 357 359 358 354 353 356 359 359 356 352 351 350 350 351 355 0 3 6 12 13 9 6 8 7 359 353 353 354 357 3 1 355 351 344 344 354 0 0 1 3 1 358 353 348 349 358 1 356 349 344 342 344 343 343 347
354 354 354 354 353 352 351 351 351 351 351 350 350 350 350 350 350 350 349 349 349 348 348 348 347 346 345 343 341 339 339 341 343 345 347 350 351 349 349 350 353 357 356 353 352 356 1 3 0 355 350 350 354 356 356 360 5 9 12 13 9 2 357 359 360 356 351 351 357 3 4 1 357 353 349 351 0 5 5 2 0 358 353 346 346 354 6 7 360 352 346 344 341 339 344 353
355 355 355 354 352 352 352 352 351 351 351 351 350 350 350 350 350 350 349 349 349 349 348 348 348 347 345 344 343 342 341 342 343 344 344 344 342 342 345 349 353 355 352 350 355 3 6 2 357 351 350 354 359 1 4 7 10 13 12 8 4 358 354 352 348 348 349 351 357 3 3 2 1 358 357 1 8 11 9 4 358 352 346 343 350 5 10 7 1 355 349 344 336 335 345 357
357 356 355 353 353 353 353 352 352 352 351 351 351 351 351 351 350 350 350 350 350 350 349 349 348 347 346 345 345 344 343 343 343 343 343 340 337 338 342 347 350 350 350 352 360 5 4 358 351 348 352 359 5 8 11 14 15 12 6 1 359 356 353 347 343 343 347 351 356 0 1 3 5 5 7 10 14 14 10 3 353 346 343 346 1 9 7 4 2 358 352 342 333 335 348 359
359 357 355 355 355 354 353 352 352 352 352 352 351 351 351 351 351 350 350 350 350 350 350 349 348 347 347 347 346 345 344 343 343 342 342 340 338 338 340 343 345 347 350 356 3 3 358 352 348 350 357 5 13 17 17 17 15 7 358 354 354 353 349 345 343 344 347 353 358 359 359 2 6 10 14 17 17 13 6 357 350 346 347 356 6 7 2 360 360 359 352 341 336 341 351 360
