windninja/windninja_output/Output_2025-08-24_1100-1150_Google earth_Fire_150m_10min/merlingen_7.5mi_point_08-24-2025_1120_150m_vel.asc
ncols	158
nrows	163
xllcorner	391686.332397
yllcorner	5160024.123721
cellsize	150.000000
NODATA_value	-32768.000000
[rows 114 to 151 of 163, columns 0 to 83 of 158]
3.01 2.99 2.90 2.83 2.87 2.81 2.62 2.55 2.57 2.65 2.78 3.12 3.19 2.96 3.16 3.17 2.15 1.30 1.55 2.20 3.20 4.58 5.08 3.74 2.88 2.81 2.67 2.34 2.10 2.12 3.06 4.66 5.33 5.10 4.50 3.46 2.70 2.24 1.70 1.32 1.18 1.18 1.24 1.12 0.69 0.46 0.58 0.68 0.75 0.86 0.94 0.98 1.07 1.33 1.65 1.85 1.93 2.06 2.34 2.56 2.56 2.51 2.61 2.71 2.61 2.61 2.75 2.84 2.81 2.65 2.40 2.19 2.02 1.92 1.96 1.98 1.87 1.72 1.63 1.62 1.59 1.46 1.28 1.12
2.89 3.05 3.15 3.04 2.98 2.96 2.89 2.72 2.55 2.53 2.67 2.88 2.96 3.11 3.58 3.59 2.34 1.21 1.24 1.54 2.38 3.71 4.96 5.04 4.25 3.43 3.11 3.02 3.06 2.40 2.48 4.02 5.62 5.98 4.94 3.54 2.59 2.16 1.82 1.51 1.38 1.40 1.46 1.38 1.03 0.69 0.66 0.72 0.76 0.85 0.99 1.08 1.10 1.21 1.52 1.80 1.91 1.98 2.20 2.48 2.59 2.58 2.63 2.76 2.76 2.68 2.75 2.86 2.88 2.81 2.66 2.48 2.24 1.95 1.82 1.94 2.01 1.85 1.67 1.61 1.60 1.54 1.46 1.35
2.69 2.96 3.20 3.17 3.05 2.96 2.96 2.97 2.89 2.75 2.75 2.62 2.54 2.90 3.73 4.00 2.67 1.18 1.05 1.22 1.94 2.92 3.98 4.98 5.20 4.44 3.56 3.43 3.63 2.84 2.46 3.55 5.35 6.45 5.52 3.72 2.59 2.12 2.06 1.82 1.60 1.60 1.64 1.62 1.34 0.89 0.68 0.71 0.81 0.90 1.03 1.16 1.19 1.20 1.39 1.71 1.88 1.94 2.07 2.34 2.52 2.59 2.65 2.74 2.80 2.76 2.77 2.86 2.94 2.94 2.86 2.79 2.71 2.46 1.98 1.78 1.90 1.96 1.77 1.54 1.46 1.45 1.43 1.39
2.54 2.83 3.14 3.17 3.07 2.92 2.81 2.93 3.15 3.24 3.12 2.50 2.09 2.46 3.62 4.39 3.12 1.19 0.94 1.09 1.63 2.33 2.95 3.92 4.96 5.30 4.69 4.20 4.40 3.31 2.46 2.84 4.32 6.16 6.07 4.14 2.84 2.32 2.36 2.30 2.07 1.94 1.88 1.86 1.68 1.22 0.93 0.93 0.98 1.04 1.13 1.24 1.30 1.30 1.35 1.65 1.90 1.97 2.03 2.21 2.39 2.54 2.71 2.84 2.88 2.84 2.85 2.92 2.98 3.02 3.02 3.03 3.08 3.07 2.75 2.19 1.89 1.94 1.93 1.73 1.54 1.49 1.43 1.36
2.48 2.69 3.05 3.20 3.10 2.92 2.71 2.73 2.99 3.31 3.52 2.77 1.85 2.02 3.21 4.62 3.99 1.51 0.71 0.73 0.89 1.41 1.98 2.55 3.38 4.51 4.84 4.85 5.19 4.75 3.45 2.85 3.45 5.20 6.03 5.67 4.57 3.43 3.12 2.98 2.69 2.49 2.28 2.11 1.93 1.60 1.26 1.17 1.18 1.19 1.20 1.26 1.35 1.37 1.37 1.59 1.89 2.02 2.07 2.17 2.29 2.39 2.60 2.87 3.03 3.06 3.06 3.09 3.09 3.07 3.05 3.06 3.15 3.31 3.36 3.03 2.44 2.11 2.07 2.02 1.89 1.70 1.51 1.40
2.50 2.62 2.96 3.23 3.06 2.81 2.70 2.67 2.79 2.97 3.47 3.19 1.90 1.77 2.69 4.29 4.65 2.50 0.62 0.33 0.25 0.49 1.13 1.68 2.18 2.74 3.19 3.61 4.52 4.98 4.49 3.69 3.61 4.59 5.46 6.03 5.82 4.84 4.29 4.09 3.81 3.34 2.95 2.64 2.39 2.10 1.65 1.35 1.26 1.22 1.20 1.25 1.35 1.40 1.39 1.51 1.81 2.01 2.10 2.19 2.26 2.29 2.37 2.59 2.83 3.01 3.06 3.13 3.20 3.14 3.00 2.96 3.04 3.23 3.49 3.58 3.23 2.68 2.32 2.11 1.93 1.76 1.59 1.48
2.46 2.56 2.92 3.34 3.16 2.70 2.67 2.72 2.77 2.68 3.05 3.31 2.14 1.70 2.39 3.84 4.86 3.72 1.37 0.19 0.18 0.19 0.64 1.25 1.71 1.99 2.21 2.50 3.03 3.61 4.10 3.94 3.84 4.42 4.91 5.30 5.45 5.14 4.41 4.27 4.55 4.44 4.00 3.55 3.17 2.79 2.30 1.86 1.58 1.38 1.30 1.32 1.40 1.47 1.47 1.48 1.71 1.96 2.08 2.19 2.28 2.27 2.26 2.23 2.13 2.18 2.21 2.34 2.74 3.03 3.02 2.89 2.86 2.97 3.26 3.64 3.77 3.41 2.85 2.39 2.03 1.83 1.68 1.58
2.35 2.48 2.86 3.44 3.63 3.23 3.17 3.21 3.01 2.51 2.70 3.41 2.40 1.49 2.13 3.54 4.94 4.51 2.46 0.89 0.24 0.49 0.74 1.15 1.64 1.88 2.02 2.27 2.88 3.46 3.67 3.89 4.10 4.23 4.72 4.85 4.56 4.66 3.77 3.24 3.91 4.48 4.53 3.93 3.43 3.08 2.68 2.24 1.88 1.64 1.47 1.41 1.49 1.57 1.56 1.55 1.75 1.97 2.06 2.14 2.20 2.14 2.06 2.02 1.87 1.79 1.61 1.31 1.60 2.36 2.76 2.81 2.71 2.66 2.83 3.27 3.78 3.96 3.65 3.10 2.57 2.19 1.90 1.76
2.18 2.39 2.70 3.12 3.66 3.88 4.06 4.25 3.92 2.85 2.64 3.54 2.67 1.18 1.50 2.74 4.67 5.12 3.34 1.78 0.84 0.71 0.97 1.30 1.76 1.92 2.00 2.41 3.35 3.87 3.56 3.77 4.14 3.97 4.51 4.66 4.11 4.39 3.61 2.54 2.70 3.51 4.47 4.27 3.42 2.90 2.50 2.06 1.82 1.70 1.58 1.50 1.52 1.59 1.61 1.63 1.79 2.01 2.09 2.12 2.08 1.98 1.95 2.01 2.11 2.26 2.12 1.44 1.04 1.34 1.98 2.39 2.53 2.51 2.50 2.72 3.23 3.84 4.14 4.00 3.47 2.85 2.36 2.19
1.94 2.16 2.39 2.49 2.88 3.41 3.89 4.49 4.85 4.08 3.34 3.93 2.96 1.05 1.00 1.88 3.71 5.32 4.59 2.90 1.86 1.26 1.18 1.45 1.83 2.02 2.11 2.73 3.97 4.13 3.26 3.45 3.91 3.71 4.23 4.54 3.87 4.16 4.03 2.61 2.07 2.66 4.00 4.77 4.07 3.12 2.49 1.94 1.76 1.75 1.71 1.63 1.60 1.64 1.64 1.56 1.57 1.78 1.82 1.92 2.04 2.05 2.10 2.18 2.29 2.57 2.73 2.37 1.54 1.02 1.21 1.68 2.01 2.20 2.22 2.25 2.54 3.14 3.81 4.29 4.35 3.93 3.25 2.78
1.90 2.09 2.25 2.19 2.37 2.87 3.30 3.91 4.81 4.80 4.65 4.70 2.95 1.20 0.96 1.44 2.61 4.51 5.42 4.44 3.07 2.16 1.63 1.62 1.82 1.97 2.22 3.31 4.65 3.96 2.68 3.18 3.75 3.56 3.96 4.45 3.77 3.67 4.00 2.95 2.01 2.05 3.02 4.60 4.91 3.92 2.92 2.19 1.85 1.89 1.92 1.87 1.78 1.77 1.74 1.65 1.61 1.79 1.81 1.74 1.97 2.30 2.39 2.42 2.49 2.61 2.80 2.90 2.51 1.56 1.04 1.10 1.26 1.45 1.71 1.83 1.98 2.38 3.00 3.66 4.22 4.45 4.10 3.36
1.94 2.17 2.32 2.21 2.31 2.71 3.05 3.45 4.31 4.70 5.22 5.73 3.95 1.68 1.20 1.37 1.88 2.99 4.60 5.42 5.08 3.63 2.48 2.06 2.15 2.33 3.07 4.57 4.55 2.99 2.00 2.92 3.75 3.46 3.64 4.34 3.81 3.29 3.67 3.17 2.15 1.71 2.13 3.72 5.00 4.66 3.52 2.52 2.03 1.95 1.96 1.97 1.96 1.94 1.92 1.93 2.07 2.35 2.49 2.23 2.20 2.49 2.63 2.66 2.73 2.78 2.79 2.93 3.02 2.59 1.75 1.28 1.09 0.93 0.98 1.20 1.36 1.57 1.97 2.48 2.95 3.68 4.23 4.01
1.81 2.10 2.31 2.15 2.22 2.56 2.91 3.19 3.71 4.23 5.03 6.35 5.73 2.94 2.03 1.65 1.56 2.08 3.11 4.54 5.44 5.30 3.69 2.82 3.20 3.75 4.10 4.25 3.24 1.88 1.52 2.63 3.80 3.47 3.38 4.15 3.94 3.18 3.13 3.01 2.29 1.58 1.60 2.74 4.51 4.96 4.08 3.01 2.38 2.13 2.03 1.97 1.99 2.03 2.01 2.00 2.16 2.53 2.88 2.83 2.66 2.66 2.69 2.70 2.77 2.87 2.87 2.91 3.06 3.10 2.79 2.23 1.66 1.14 0.80 0.67 0.73 0.88 1.08 1.46 1.91 2.54 3.50 4.11
1.72 2.01 2.27 2.07 2.07 2.42 2.85 3.13 3.26 3.65 4.44 6.01 6.69 5.36 3.81 2.37 1.58 1.90 2.60 3.43 4.50 5.27 4.82 3.81 3.92 4.22 3.80 2.92 2.12 1.50 1.27 2.20 3.65 3.71 3.53 3.98 3.98 3.37 2.79 2.67 2.29 1.57 1.29 1.88 3.61 4.84 4.35 3.25 2.61 2.27 2.14 2.09 2.03 2.04 2.04 2.00 2.06 2.39 2.77 2.84 2.76 2.73 2.70 2.70 2.79 2.89 2.92 2.95 3.01 3.10 3.16 2.95 2.38 1.74 1.22 0.75 0.43 0.43 0.63 0.94 1.40 1.96 2.61 3.37
1.69 1.96 2.24 2.05 1.92 2.13 2.60 3.00 3.08 3.18 3.62 4.85 6.35 6.91 6.13 3.67 2.26 2.32 2.79 3.66 4.06 4.48 4.96 4.58 4.48 4.52 3.70 2.65 1.84 1.43 1.36 1.86 3.07 3.69 4.01 4.23 4.06 3.51 2.80 2.54 2.26 1.74 1.31 1.30 2.52 4.34 4.52 3.38 2.72 2.41 2.20 2.17 2.19 2.20 2.16 2.13 2.14 2.33 2.64 2.75 2.75 2.78 2.79 2.82 2.89 2.96 2.99 3.01 3.05 3.07 3.17 3.27 2.95 2.25 1.65 1.16 0.59 0.24 0.27 0.48 0.84 1.40 2.03 2.65
1.66 1.90 2.18 1.97 1.74 1.85 2.14 2.56 2.76 2.77 2.89 3.50 4.68 6.13 6.92 6.45 4.28 3.31 3.89 4.70 4.01 3.53 4.50 5.11 5.25 5.12 4.13 2.76 1.88 1.58 1.60 1.68 2.18 2.94 3.95 4.84 4.69 3.67 2.93 2.68 2.38 2.00 1.61 1.32 1.69 3.31 4.28 3.77 3.14 2.79 2.49 2.34 2.27 2.27 2.24 2.21 2.25 2.41 2.66 2.78 2.80 2.86 2.90 2.94 3.00 3.05 3.05 3.06 3.10 3.13 3.22 3.41 3.43 2.95 2.20 1.62 1.02 0.41 0.12 0.06 0.24 0.57 1.09 1.79
1.68 1.93 2.27 2.07 1.75 1.91 2.16 2.28 2.31 2.27 2.26 2.38 2.86 3.81 5.24 6.62 6.39 5.62 5.43 4.70 3.32 2.90 3.58 4.88 5.85 5.70 4.31 2.92 2.28 1.88 1.74 1.58 1.47 1.95 2.96 4.58 5.49 4.61 3.35 2.94 2.66 2.29 1.98 1.65 1.47 2.04 3.36 3.68 3.49 3.09 2.72 2.54 2.34 2.26 2.22 2.18 2.25 2.48 2.76 2.87 2.84 2.86 2.94 2.99 3.05 3.12 3.12 3.09 3.11 3.17 3.28 3.43 3.59 3.52 3.04 2.34 1.59 0.86 0.39 0.08 0.15 0.29 0.37 0.61
1.73 1.94 2.35 2.35 2.00 2.09 2.42 2.57 2.44 2.09 1.84 1.83 2.04 2.67 3.57 4.94 6.90 7.48 6.04 3.88 3.02 2.80 2.98 3.91 5.80 6.29 4.22 3.15 2.83 2.19 1.83 1.59 1.32 1.28 1.98 3.37 5.11 5.63 4.58 3.61 3.20 2.72 2.38 2.05 1.55 1.31 1.91 2.83 3.33 3.13 2.72 2.58 2.45 2.33 2.25 2.15 2.14 2.37 2.70 2.86 2.84 2.76 2.80 2.95 3.04 3.12 3.18 3.12 3.10 3.17 3.33 3.49 3.59 3.67 3.54 3.13 2.37 1.44 0.94 0.58 0.17 0.26 0.37 0.36
1.73 1.88 2.19 2.43 2.31 2.19 2.38 2.84 3.17 2.66 1.92 1.72 1.85 2.32 3.19 4.30 6.97 8.32 6.11 3.84 3.22 2.89 2.83 3.25 4.99 6.46 5.30 3.62 3.17 2.52 2.00 1.67 1.33 1.08 1.48 2.35 3.68 5.16 5.41 4.94 4.28 3.44 2.96 2.58 1.82 1.02 0.98 1.79 2.77 2.98 2.68 2.57 2.50 2.41 2.32 2.23 2.20 2.37 2.67 2.84 2.89 2.87 2.72 2.85 3.02 3.06 3.15 3.12 3.06 3.11 3.27 3.47 3.60 3.74 3.71 3.48 3.00 2.10 1.54 1.28 0.78 0.25 0.29 0.41
1.78 1.86 2.00 2.29 2.52 2.32 2.11 2.48 3.39 3.71 2.77 2.01 2.01 2.50 3.18 4.49 7.16 8.16 6.85 4.69 3.49 3.00 2.89 3.10 4.02 5.80 6.15 4.68 3.55 2.83 2.23 1.82 1.38 1.30 1.40 1.83 2.68 3.81 4.71 5.34 5.20 4.20 3.57 3.27 2.52 1.65 1.22 1.42 2.23 2.70 2.58 2.48 2.46 2.44 2.40 2.37 2.36 2.51 2.82 3.02 3.12 3.16 2.99 2.96 3.09 3.09 3.11 3.07 2.93 2.97 3.16 3.34 3.47 3.74 3.96 3.81 3.33 2.41 1.72 1.56 1.32 0.74 0.29 0.32
1.92 1.99 2.01 2.20 2.58 2.49 2.12 2.05 2.59 3.67 3.81 2.94 2.86 3.28 4.10 6.05 7.37 7.44 6.78 5.85 4.37 3.02 2.82 2.85 2.93 4.18 6.02 6.15 4.61 3.31 2.56 2.06 1.64 1.59 1.58 1.58 2.12 2.79 3.67 4.87 5.35 4.66 3.98 3.65 3.06 2.53 2.00 1.76 2.15 2.62 2.66 2.52 2.46 2.44 2.41 2.41 2.46 2.62 2.84 3.03 3.22 3.28 3.20 3.15 3.23 3.26 3.22 3.16 2.89 2.67 2.87 3.16 3.29 3.46 3.93 4.22 3.88 2.79 1.73 1.46 1.42 1.12 0.61 0.28
1.95 2.17 2.22 2.25 2.57 2.63 2.38 2.14 2.07 2.72 3.58 3.53 3.40 4.22 6.38 7.48 6.99 6.47 6.15 6.10 5.38 3.48 2.71 2.55 2.25 2.74 4.61 6.36 6.08 4.34 3.01 2.44 2.09 1.80 1.72 1.64 1.64 2.06 3.22 4.55 4.95 4.68 4.26 3.63 3.26 3.07 2.63 2.25 2.35 2.71 2.82 2.71 2.55 2.45 2.39 2.37 2.48 2.68 2.83 2.96 3.16 3.28 3.28 3.28 3.36 3.45 3.41 3.40 3.21 2.60 2.32 2.64 2.99 3.20 3.67 4.32 4.46 3.71 2.23 1.53 1.34 1.14 0.88 0.54
1.71 2.16 2.47 2.30 2.49 2.57 2.49 2.40 2.23 2.39 2.84 3.17 3.21 4.83 7.98 7.74 6.13 5.88 5.65 5.80 5.57 4.13 2.98 2.60 2.21 2.25 3.34 5.34 6.46 5.59 3.86 2.94 2.65 2.19 1.87 1.80 1.51 1.58 3.08 4.49 4.35 4.30 4.28 3.47 3.23 3.20 2.89 2.47 2.42 2.65 2.76 2.72 2.62 2.52 2.44 2.39 2.48 2.73 2.90 3.05 3.22 3.32 3.38 3.40 3.47 3.60 3.58 3.61 3.71 3.13 2.20 1.92 2.23 2.58 3.13 4.02 4.65 4.51 3.55 2.24 1.48 1.16 1.01 0.84
1.36 1.83 2.49 2.52 2.53 2.47 2.32 2.36 2.49 2.64 2.76 3.05 3.16 5.50 8.51 7.53 5.97 5.58 5.16 5.38 5.40 4.39 3.41 2.95 2.36 2.15 2.70 4.32 5.92 6.02 4.70 3.64 3.18 2.71 2.26 1.86 1.52 1.36 2.95 4.49 3.99 3.66 3.78 3.39 3.15 3.16 2.94 2.56 2.48 2.61 2.68 2.68 2.63 2.54 2.45 2.40 2.50 2.77 2.91 3.07 3.27 3.38 3.46 3.45 3.51 3.70 3.73 3.74 3.98 3.83 2.80 1.86 1.59 1.56 1.81 2.85 4.08 4.65 4.54 3.78 2.38 1.47 1.19 1.07
1.24 1.48 2.05 2.60 2.84 2.60 2.19 2.09 2.35 2.72 3.06 3.33 3.84 6.91 8.60 7.24 5.97 5.34 4.77 5.17 5.42 4.58 3.77 3.28 2.64 2.34 2.59 3.75 5.01 5.42 5.24 4.75 3.91 3.18 2.76 2.03 1.44 1.41 2.67 4.29 3.88 3.05 3.13 3.15 3.12 3.25 3.11 2.74 2.62 2.69 2.72 2.72 2.67 2.59 2.48 2.41 2.52 2.75 2.90 3.02 3.19 3.36 3.53 3.54 3.59 3.75 3.86 3.95 4.10 4.22 3.71 2.53 1.74 1.39 1.13 1.41 2.73 3.84 4.38 4.52 3.77 2.20 1.56 1.30
1.58 1.54 1.60 2.22 2.98 3.08 2.59 2.21 2.20 2.50 3.11 3.86 5.84 8.30 8.10 6.36 5.78 5.48 5.15 5.48 5.69 4.95 4.10 3.46 2.94 2.72 2.85 3.36 4.04 4.17 4.51 5.34 5.09 3.87 3.33 2.39 1.48 1.62 2.49 3.73 3.50 2.82 2.82 2.85 2.96 3.22 3.21 2.93 2.80 2.79 2.77 2.79 2.77 2.74 2.65 2.50 2.55 2.74 2.89 3.02 3.13 3.30 3.47 3.58 3.79 3.99 4.07 4.22 4.32 4.39 4.30 3.55 2.30 1.51 1.13 1.00 1.56 2.66 3.36 4.05 4.20 3.34 2.58 2.10
1.92 1.85 1.67 1.81 2.39 3.13 3.35 2.91 2.54 2.83 3.23 4.67 8.03 8.60 6.35 5.27 5.42 5.29 5.01 5.81 6.37 5.54 4.48 3.74 3.25 3.13 3.13 3.15 3.33 3.18 3.27 4.74 5.55 5.02 4.25 2.98 1.81 1.74 2.14 2.76 2.89 2.80 2.83 2.71 2.78 3.05 3.12 3.00 2.93 2.89 2.83 2.77 2.71 2.75 2.80 2.68 2.62 2.74 2.91 3.03 3.12 3.27 3.34 3.45 3.90 4.40 4.56 4.64 4.66 4.69 4.68 4.33 3.21 1.92 1.27 0.91 1.04 1.85 2.48 3.11 3.68 3.48 2.95 2.64
1.91 2.19 2.18 1.72 1.62 2.16 3.22 3.46 3.40 3.93 4.24 6.71 9.00 7.11 4.80 4.73 4.93 4.94 4.53 5.19 6.37 6.36 5.40 4.39 3.73 3.46 3.32 3.07 2.97 2.79 2.78 3.72 4.79 5.44 5.26 3.84 2.34 1.91 1.75 1.93 2.47 2.78 2.86 2.75 2.75 2.94 3.04 3.05 3.03 2.99 2.95 2.86 2.56 2.38 2.61 2.70 2.70 2.79 2.97 3.10 3.18 3.30 3.27 3.24 3.69 4.46 5.01 5.25 5.32 5.40 5.31 5.13 4.40 2.86 1.66 0.91 0.90 1.57 2.07 2.35 2.81 2.91 2.48 2.10
1.62 2.33 2.78 1.99 1.53 1.65 2.19 2.89 3.74 4.63 5.91 8.80 8.94 5.24 4.24 4.49 4.67 5.04 4.86 4.71 5.30 5.98 6.07 5.69 4.84 3.98 3.39 2.88 2.77 2.80 2.82 3.10 3.74 4.88 5.65 4.67 2.96 2.25 2.00 1.99 2.49 2.95 3.05 2.98 2.95 2.99 3.04 3.10 3.14 3.12 3.10 3.16 2.86 2.19 2.03 2.24 2.49 2.74 2.90 3.11 3.27 3.31 3.20 3.03 3.16 3.70 4.41 5.00 5.46 5.88 5.97 5.82 5.54 4.41 2.34 1.37 1.34 1.93 2.37 2.40 2.43 2.57 2.26 1.66
1.38 2.20 3.12 2.69 1.95 1.83 2.01 2.29 3.20 4.21 7.10 9.41 7.51 4.78 4.34 4.39 4.70 5.38 5.34 4.46 4.33 4.86 5.55 6.05 5.68 4.92 4.22 3.43 2.92 2.97 3.06 3.24 3.27 3.88 5.33 5.05 3.46 2.59 2.36 2.36 2.64 3.06 3.22 3.21 3.17 3.16 3.15 3.19 3.23 3.24 3.27 3.49 3.47 2.74 1.90 1.54 2.00 2.52 2.67 2.89 3.15 3.23 3.09 2.84 2.73 2.88 3.11 3.49 4.14 5.10 5.81 5.97 5.99 5.37 3.54 2.13 2.07 2.50 3.06 2.99 2.40 2.42 2.33 1.67
1.52 1.96 2.84 3.26 2.79 2.42 2.40 2.58 3.13 3.50 6.39 9.92 7.86 4.93 4.52 4.36 4.86 5.72 5.35 4.09 4.06 4.48 4.99 5.56 5.43 4.90 4.57 4.46 3.89 3.33 3.29 3.45 3.04 3.09 4.66 4.66 3.41 2.70 2.51 2.60 2.78 3.06 3.25 3.31 3.29 3.29 3.30 3.32 3.35 3.43 3.54 3.73 3.85 3.42 2.25 1.22 1.47 2.14 2.49 2.66 2.84 3.03 3.06 2.82 2.63 2.79 2.90 2.85 2.98 3.50 4.51 5.48 6.07 5.81 4.41 3.00 2.51 2.71 3.44 3.52 2.70 2.50 2.38 1.79
2.04 1.95 2.09 2.90 3.43 3.44 3.31 3.28 3.48 3.47 5.25 9.77 9.16 5.25 4.45 4.37 5.03 5.73 4.88 4.12 4.30 4.56 4.89 5.06 4.81 4.40 4.17 4.47 4.40 3.96 3.81 3.57 2.77 2.69 3.77 3.85 3.14 2.62 2.53 2.70 2.92 3.12 3.31 3.40 3.38 3.37 3.40 3.41 3.48 3.68 3.89 4.05 4.16 3.79 2.63 1.40 1.13 1.61 2.29 2.58 2.51 2.69 3.02 3.03 2.85 3.01 3.20 2.94 2.79 2.89 3.13 4.23 5.81 6.02 4.80 3.53 2.72 2.54 3.38 3.85 3.25 2.79 2.49 2.04
2.92 2.38 1.72 1.91 2.90 3.85 4.36 4.47 4.34 3.75 5.42 9.19 8.51 5.16 4.43 4.60 5.23 5.65 5.05 4.65 4.67 4.70 4.90 4.77 4.50 4.45 4.25 4.14 4.11 3.84 4.09 4.17 3.07 2.36 2.81 3.26 2.95 2.61 2.51 2.67 2.96 3.21 3.40 3.54 3.55 3.50 3.52 3.52 3.63 3.88 4.15 4.44 4.56 4.01 2.99 1.92 1.15 1.21 1.98 2.45 2.29 2.27 2.69 3.02 3.12 3.37 3.59 3.33 3.10 3.11 3.01 3.35 4.89 5.84 5.04 3.94 3.16 2.49 2.70 3.65 3.75 3.23 2.80 2.45
3.95 2.97 1.74 1.45 1.82 2.88 4.09 5.42 5.71 5.22 7.21 8.67 6.69 4.48 4.14 4.54 5.36 5.55 5.25 5.42 5.60 5.43 5.21 4.93 4.69 4.72 4.42 4.12 4.00 3.37 3.39 4.32 3.73 2.46 2.52 3.06 3.00 2.73 2.64 2.73 3.00 3.25 3.46 3.67 3.78 3.69 3.63 3.70 3.92 4.10 4.35 4.87 5.05 4.28 3.31 2.41 1.44 1.17 1.60 2.12 2.07 1.98 2.23 2.54 2.89 3.35 3.73 3.74 3.66 3.71 3.65 3.64 4.43 5.43 5.08 4.33 3.97 3.23 2.56 3.20 3.95 3.85 3.52 2.87
4.63 3.53 2.04 1.67 1.73 2.00 2.62 4.48 6.59 7.42 7.85 7.10 5.26 4.14 3.63 4.01 5.04 5.25 4.87 5.18 5.87 6.10 6.11 6.30 6.12 5.26 4.60 4.22 3.92 3.03 2.61 3.62 3.77 2.81 2.61 3.04 3.15 2.93 2.80 2.85 3.07 3.32 3.44 3.63 3.88 3.87 3.79 3.99 4.24 4.34 4.63 5.28 5.54 4.84 3.82 2.93 1.98 1.41 1.44 1.74 1.77 1.79 1.98 2.18 2.39 2.79 3.25 3.53 3.63 3.81 4.00 4.08 4.65 5.42 5.35 4.73 4.41 4.00 3.49 3.61 4.17 4.70 4.64 3.72
4.42 4.07 3.04 2.31 2.10 2.13 2.21 3.38 6.97 8.46 7.37 5.89 5.12 4.29 3.63 3.63 4.36 4.96 4.80 4.63 5.00 5.44 5.62 6.46 7.52 7.32 5.67 4.37 3.71 3.01 2.22 2.70 3.39 2.98 2.71 2.97 3.22 3.17 3.05 3.04 3.17 3.43 3.51 3.57 3.80 3.90 3.86 4.15 4.42 4.49 4.91 5.64 5.96 5.59 4.66 3.47 2.44 1.73 1.56 1.43 1.41 1.62 1.85 2.05 2.21 2.44 2.77 3.04 3.18 3.28 3.35 3.43 4.02 5.04 5.48 5.07 4.39 3.88 3.57 3.75 4.22 4.74 5.33 4.91
3.25 3.90 4.34 3.74 3.28 2.67 2.14 3.60 7.83 8.94 6.73 5.80 5.46 4.59 3.97 3.60 3.69 4.31 4.89 4.73 4.37 4.36 4.30 5.08 7.06 8.56 7.83 4.97 3.67 3.22 2.35 2.39 2.99 3.05 2.84 2.87 3.14 3.27 3.27 3.25 3.30 3.53 3.63 3.60 3.79 4.02 3.97 4.08 4.39 4.61 5.05 5.87 6.39 6.33 5.55 4.01 2.83 2.10 1.77 1.59 1.28 1.44 1.80 2.03 2.20 2.29 2.50 2.75 3.01 3.27 3.03 2.36 2.42 3.48 4.60 5.04 4.51 3.42 2.83 3.30 3.72 3.95 4.97 5.59
1.92 2.78 4.01 4.60 4.88 3.69 2.31 4.14 8.37 8.39 5.65 5.48 5.89 5.41 4.58 3.90 3.45 3.67 4.36 4.65 4.29 3.89 3.66 4.19 5.74 8.17 9.29 6.79 3.86 3.25 2.84 2.60 2.83 3.05 3.00 2.84 2.98 3.17 3.27 3.36 3.45 3.65 3.74 3.64 3.80 4.30 4.40 4.03 4.14 4.60 5.00 5.77 6.69 6.99 6.31 4.65 3.25 2.40 1.94 1.84 1.63 1.39 1.76 2.08 2.22 2.18 2.33 2.55 2.84 3.35 3.19 2.10 1.53 2.18 3.36 4.73 4.77 3.44 2.62 2.84 3.14 3.28 4.05 5.58
