windninja/windninja_output/Output_2025-08-24_1100-1150_Google earth_Fire_150m_10min/merlingen_7.5mi_point_08-24-2025_1110_150m_ang.asc
ncols	158
nrows	163
xllcorner	391686.332397
yllcorner	5160024.123721
cellsize	150.000000
NODATA_value	-32768.000000
[rows 48 to 95 of 163, columns 0 to 95 of 158]
352 352 352 355 356 354 352 351 352 353 353 354 354 354 354 354 354 354 354 355 355 354 354 354 353 353 353 352 352 351 350 349 348 347 345 344 343 342 341 342 343 346 353 1 2 358 353 354 359 5 13 21 24 22 19 13 6 359 353 351 351 350 350 349 348 351 355 360 2 3 5 7 11 17 22 24 20 13 7 3 2 2 1 2 3 2 1 1 357 353 352 353 354 357 1 5
353 353 354 357 357 355 353 351 352 353 354 354 355 355 355 355 355 355 355 355 355 355 355 355 355 354 354 353 353 352 352 351 350 348 347 345 343 343 343 342 343 345 350 354 355 354 354 358 4 11 18 22 21 18 13 7 360 352 350 352 353 353 354 353 350 351 355 359 3 5 6 9 13 18 22 21 17 12 9 6 5 3 1 1 0 360 359 357 353 352 355 359 2 3 6 13
354 354 356 358 357 355 355 354 352 352 354 355 355 355 356 356 356 356 356 356 356 356 355 355 355 355 355 354 354 353 353 352 351 350 348 346 344 343 344 344 345 346 347 349 350 351 355 2 11 19 22 19 14 10 6 1 354 351 352 355 358 359 359 354 350 352 356 360 3 5 8 11 16 19 19 16 12 10 9 8 5 3 2 1 359 357 355 352 351 353 358 4 9 12 16 19
357 356 357 357 356 356 358 357 354 353 354 355 356 356 356 357 357 357 357 357 356 356 356 356 356 356 356 355 355 354 354 353 352 351 350 347 345 343 344 345 346 345 345 346 347 350 357 8 21 24 18 12 8 4 0 354 350 353 358 2 4 5 1 353 350 353 357 1 4 7 9 13 16 17 15 12 10 9 8 7 6 6 5 1 358 355 352 351 353 356 0 7 14 20 20 14
2 359 356 355 354 355 359 360 357 355 355 356 357 357 357 357 357 358 357 357 357 357 357 357 357 357 357 356 356 355 355 354 353 352 351 349 347 345 344 345 346 345 343 343 346 351 359 11 18 13 7 5 5 2 356 350 351 358 5 9 8 5 359 353 352 355 359 3 6 8 10 12 14 14 13 11 9 8 5 5 8 10 8 3 357 353 352 353 355 359 4 10 15 17 12 357
5 1 356 354 354 355 359 1 0 358 356 356 357 358 358 358 358 358 358 358 358 358 358 358 357 357 357 357 356 356 356 355 354 353 352 351 350 348 346 345 345 345 344 343 346 353 0 6 7 4 2 2 2 1 355 351 354 3 10 12 9 4 358 353 353 356 360 5 8 8 8 10 12 13 13 12 10 8 5 4 7 9 9 6 2 357 353 354 358 4 7 9 9 6 352 335
5 2 357 353 355 357 359 2 4 2 358 357 357 358 358 358 359 359 359 359 359 359 358 358 358 358 358 358 357 357 357 356 355 355 354 353 351 350 348 345 344 343 344 344 345 351 357 359 357 358 1 3 1 359 356 354 359 7 11 11 8 3 357 354 354 357 1 5 7 7 8 11 14 14 13 12 11 9 5 3 4 4 5 7 7 5 0 359 2 6 7 4 0 355 333 322
2 2 360 355 355 357 359 2 6 6 2 358 357 357 358 359 359 359 360 360 360 359 359 359 359 359 359 358 358 358 357 357 356 356 355 354 353 352 350 347 344 343 344 346 345 346 350 351 351 355 1 2 1 359 357 358 3 9 10 8 4 0 357 356 357 359 2 4 6 9 13 17 17 13 12 12 11 8 5 3 0 0 2 5 7 9 9 9 9 8 5 358 352 343 326 319
1 2 3 2 359 358 358 360 5 7 6 2 359 357 358 359 360 360 360 0 0 0 0 360 359 359 359 359 359 359 358 358 357 357 356 355 355 353 352 350 348 346 346 347 346 344 344 345 347 352 358 360 360 359 358 1 6 9 7 4 360 357 359 0 0 1 3 4 7 14 20 18 14 11 10 10 9 5 3 2 360 360 2 4 6 8 12 15 16 14 5 353 343 337 328 325
3 2 3 5 4 3 1 359 1 4 6 5 3 360 358 359 360 0 0 0 1 1 1 1 0 0 0 360 360 359 359 359 358 358 357 357 356 355 354 353 351 350 348 347 346 344 340 340 342 347 353 358 359 359 359 2 5 6 3 359 357 357 0 4 5 3 3 6 12 18 17 13 11 10 9 8 6 3 1 2 2 2 3 5 7 11 16 18 17 11 0 345 337 334 329 329
4 4 4 5 6 6 5 2 359 360 4 7 8 6 1 358 359 0 1 1 1 1 1 1 1 1 1 1 0 0 360 360 359 359 358 358 357 356 355 354 353 352 351 349 347 344 341 338 337 341 348 355 358 357 359 2 3 2 359 357 357 359 3 7 9 7 5 7 12 14 10 9 9 8 7 5 2 0 1 3 5 6 7 9 13 17 19 17 11 360 345 336 334 331 328 333
5 5 6 7 7 8 8 5 1 360 2 6 10 11 7 1 359 359 0 1 2 2 2 2 2 2 2 1 1 1 1 0 0 360 359 359 358 358 357 356 355 354 353 351 349 347 345 341 337 336 342 349 353 355 359 2 2 359 356 355 356 360 5 9 11 9 6 8 11 11 8 7 7 5 4 3 0 359 2 5 7 9 11 13 16 18 17 11 360 345 333 330 330 329 330 346
7 8 8 9 9 9 9 8 5 3 3 3 6 9 10 8 3 359 359 0 1 2 2 2 3 3 2 2 2 2 1 1 1 1 0 360 359 359 358 357 356 355 354 353 352 350 348 345 341 338 337 341 347 352 358 2 1 356 353 354 356 0 6 11 13 11 9 9 11 9 8 6 4 3 2 1 360 1 5 8 9 11 14 15 16 16 12 2 347 335 330 328 328 332 342 360
10 10 11 11 11 11 10 9 7 6 4 1 2 6 11 12 9 4 0 360 1 2 3 3 4 4 3 3 3 2 2 2 2 1 1 1 0 360 359 358 358 357 356 355 354 352 350 348 345 341 337 337 340 347 356 1 360 355 353 354 357 0 5 10 12 12 12 12 10 7 6 4 1 1 0 359 1 6 9 10 12 14 17 19 17 11 1 350 338 330 329 331 334 344 358 13
14 14 13 12 11 11 11 10 9 8 5 2 1 3 8 12 12 10 5 2 0 1 3 4 4 4 4 3 3 3 3 3 2 2 2 2 1 1 0 360 359 358 357 356 355 354 352 350 348 344 340 339 338 343 353 359 357 354 353 355 357 359 2 7 11 13 15 12 7 4 4 2 0 359 359 0 4 8 10 12 14 17 20 20 16 6 350 339 332 329 331 336 345 359 12 27
22 19 16 14 12 11 11 11 11 10 8 4 2 2 4 9 13 13 11 7 3 2 3 4 4 5 5 4 4 4 4 3 3 3 3 2 2 2 1 1 0 359 359 358 356 355 354 352 350 347 344 341 340 342 349 356 357 355 353 354 355 357 2 8 14 17 15 9 4 3 2 1 359 358 359 3 6 8 10 13 16 19 20 18 11 358 341 333 328 329 337 346 358 14 28 42
30 25 18 15 12 11 12 13 13 13 11 7 3 2 3 5 9 13 14 12 8 5 4 3 4 5 5 5 5 4 4 4 4 4 3 3 3 2 2 2 1 0 360 359 358 357 355 354 352 350 346 342 340 341 344 351 356 356 353 352 353 359 10 20 22 17 8 2 0 1 1 0 358 358 360 3 5 7 9 13 17 19 17 13 3 347 336 331 329 334 348 359 14 31 45 60
32 27 19 15 13 13 13 15 15 15 13 10 4 2 3 3 5 10 14 15 13 10 7 5 4 5 6 6 6 5 5 5 5 4 4 4 4 3 3 2 2 1 1 360 359 358 357 356 354 352 349 345 341 340 341 344 351 355 354 352 354 7 19 19 12 6 359 357 358 359 359 359 358 359 0 1 3 5 9 15 18 18 13 7 356 341 333 332 336 349 0 14 32 48 63 78
27 24 21 18 16 13 12 14 16 15 12 10 8 3 2 4 5 7 11 15 15 13 12 9 6 4 6 6 6 6 6 5 5 5 5 5 4 4 4 3 3 2 2 1 0 359 358 357 356 354 352 349 345 341 339 338 341 350 354 356 0 6 8 7 5 2 359 358 358 357 358 358 358 359 359 359 1 5 10 15 16 12 5 357 349 340 335 338 350 3 15 31 46 62 77 86
12 16 19 20 18 13 10 14 17 17 13 11 10 7 3 4 6 6 7 11 13 14 15 13 10 8 8 8 7 7 6 6 6 6 5 5 5 5 4 4 4 3 3 2 1 1 360 359 357 356 354 352 349 346 342 337 334 339 350 358 360 358 357 359 1 1 1 0 358 356 356 357 357 358 358 359 0 4 9 9 6 1 354 348 344 339 339 350 4 16 30 44 60 72 78 82
351 3 13 16 16 13 9 14 19 19 14 12 11 10 7 5 6 6 6 8 12 14 15 15 14 13 13 12 9 7 6 6 6 6 6 6 6 5 5 5 4 4 4 3 2 2 1 360 359 358 356 355 353 350 347 343 339 338 344 352 353 350 350 352 355 360 2 2 359 357 357 357 356 356 357 358 0 3 4 2 358 352 346 345 343 337 343 2 15 30 43 58 70 73 71 69
338 348 5 12 15 16 13 13 17 17 13 11 11 10 10 9 9 9 8 9 11 12 13 15 15 18 20 17 12 8 6 5 6 6 6 6 6 6 6 5 5 5 5 4 4 3 2 1 0 359 358 357 355 354 352 350 348 346 346 348 347 344 342 343 347 355 358 358 358 358 359 358 355 355 357 359 0 1 359 356 353 349 349 352 344 338 351 11 27 41 53 63 66 64 61 56
347 349 357 10 21 25 20 15 17 18 15 14 14 14 14 13 13 14 13 11 11 12 13 14 15 19 22 21 15 11 8 5 5 5 6 6 6 6 6 6 6 6 5 5 4 4 3 3 2 1 360 359 358 356 355 354 353 352 351 350 348 344 339 336 338 343 348 351 353 357 360 357 354 355 358 1 1 359 356 353 352 354 360 355 341 341 1 23 39 50 57 58 56 51 44 39
6 6 9 20 34 39 32 23 23 26 25 24 25 23 21 18 17 18 17 15 13 13 14 14 13 13 18 21 18 15 12 9 6 5 5 6 7 7 7 7 7 6 6 6 5 5 4 4 3 2 1 1 360 359 358 357 356 355 354 353 351 348 345 342 339 337 336 339 344 349 353 353 353 356 360 1 0 357 355 355 358 3 3 350 341 351 14 32 48 56 56 52 46 37 29 18
21 21 23 27 34 38 36 32 35 40 40 40 37 32 28 24 21 20 19 18 17 15 14 14 10 8 13 20 21 19 16 14 11 7 5 5 6 7 7 7 7 7 7 7 6 6 5 5 4 4 3 2 1 0 360 359 358 357 356 355 354 352 351 349 346 343 340 337 336 337 338 343 351 357 359 359 358 357 358 2 5 5 356 345 346 5 25 42 55 56 50 46 43 34 16 350
34 34 34 35 38 39 38 36 40 42 41 38 34 30 28 25 22 21 20 19 18 16 15 14 11 8 11 18 22 21 19 17 15 11 6 5 6 7 7 8 8 8 8 8 7 7 6 6 5 5 4 3 3 2 1 0 360 359 358 357 356 355 354 352 350 349 347 344 340 335 331 332 341 352 355 355 356 357 1 6 7 359 348 344 356 21 38 49 52 48 40 36 37 26 351 335
46 47 47 46 47 47 44 43 42 40 37 34 31 28 25 23 21 21 20 18 18 18 18 17 13 10 11 16 21 23 22 19 18 15 11 8 7 7 7 8 8 9 9 8 8 8 7 7 6 6 5 4 4 3 2 2 1 0 359 359 358 357 356 354 353 352 350 348 346 343 339 337 338 344 348 350 352 358 3 4 1 351 343 349 14 37 47 48 46 41 31 23 16 351 338 330
56 57 59 61 63 61 57 51 45 39 35 33 30 28 25 22 20 20 19 18 18 19 19 19 15 12 12 15 19 22 22 20 19 19 16 13 10 9 8 8 9 9 9 9 9 9 8 8 7 7 6 5 5 4 3 3 2 1 1 360 359 358 357 356 355 354 353 351 349 348 346 345 343 341 343 345 349 356 2 359 351 345 345 5 33 45 47 44 41 38 26 12 353 334 330 328
61 63 68 75 81 82 76 63 51 41 36 32 29 26 24 22 20 20 20 19 19 19 19 18 17 15 15 15 17 20 23 23 24 24 22 17 13 11 9 9 9 10 10 10 10 10 9 9 8 8 7 6 6 5 4 4 3 2 2 1 0 359 359 358 357 355 354 353 352 351 349 348 346 344 341 340 344 352 356 352 344 343 359 32 52 54 50 48 45 37 19 358 337 326 325 328
67 69 74 82 92 100 99 84 60 41 32 28 26 25 24 22 20 20 20 19 19 19 18 18 18 18 18 16 15 19 24 27 27 26 24 19 15 13 11 9 9 10 11 11 11 11 10 10 9 8 8 7 6 6 5 5 4 3 3 2 1 0 360 359 358 357 356 354 353 352 351 350 348 346 343 340 341 345 348 345 342 354 27 51 57 57 54 47 37 16 357 344 334 327 327 332
74 74 73 80 98 111 120 107 47 23 20 22 23 23 23 21 19 19 19 19 20 19 18 18 18 19 20 19 16 16 21 25 25 24 23 21 17 16 14 11 9 11 12 12 12 12 12 11 10 9 8 8 7 6 6 5 5 4 4 3 2 1 1 360 359 358 357 356 355 353 352 351 350 348 346 343 341 342 342 342 348 13 36 43 39 36 34 24 5 353 345 338 332 329 332 336
74 72 66 65 81 97 99 13 356 0 8 16 19 22 22 21 19 19 19 20 20 20 19 18 16 17 20 20 17 15 17 21 23 24 25 23 20 19 18 15 11 11 13 14 14 14 14 13 12 10 9 8 7 7 6 6 5 5 4 4 3 2 1 1 360 359 358 357 356 355 354 353 352 350 348 346 344 342 340 342 357 18 25 24 24 23 18 4 350 342 337 334 332 331 334 337
67 62 52 49 46 34 11 354 354 357 3 11 17 21 22 22 21 21 20 20 20 20 21 19 14 15 19 21 19 16 15 17 21 23 24 24 22 21 21 19 15 13 15 16 17 16 16 15 14 11 9 8 7 7 7 6 6 6 5 4 4 3 2 1 1 360 359 358 357 356 355 354 353 351 350 348 346 344 341 345 360 11 13 15 18 16 4 349 342 338 335 333 331 331 333 334
65 63 53 43 38 33 19 7 6 6 6 11 18 23 25 24 23 23 22 20 21 21 21 18 14 15 19 21 21 18 15 15 17 20 24 25 24 22 22 22 19 17 18 21 21 21 21 20 19 13 7 5 6 6 7 7 7 6 6 5 4 4 3 2 1 0 360 359 358 357 356 355 354 352 351 350 348 346 345 347 355 3 10 14 15 8 350 341 338 337 335 334 332 333 334 333
74 70 52 38 36 38 32 23 18 16 15 17 22 26 28 28 27 26 24 22 21 21 21 18 15 15 18 20 20 19 18 17 19 22 25 27 26 24 23 23 21 19 19 20 20 20 18 17 16 12 6 3 3 5 6 7 7 7 6 6 5 4 4 3 2 1 0 359 358 357 357 355 354 353 352 351 349 348 347 348 351 359 9 14 11 353 342 337 336 336 336 336 335 336 336 334
59 48 32 34 38 41 38 34 31 29 26 26 28 31 33 32 31 30 28 24 22 21 21 19 14 14 17 18 19 21 21 21 22 25 28 30 30 28 26 24 23 20 18 17 16 15 13 11 11 11 10 7 4 4 6 8 8 8 7 6 6 5 4 3 3 2 1 0 359 358 357 356 355 354 352 351 350 349 348 348 350 357 6 9 358 343 336 334 334 333 334 335 336 337 337 335
47 41 38 45 48 48 45 45 46 42 37 33 33 36 37 36 35 34 32 28 24 21 20 18 12 10 15 18 20 22 22 22 24 26 29 32 33 32 29 27 24 21 18 17 16 16 15 13 13 14 14 12 10 8 8 9 9 8 8 7 6 5 5 4 3 2 2 1 360 359 358 357 355 354 353 352 351 350 349 349 351 355 0 359 347 338 334 332 331 331 331 332 334 335 336 335
49 52 56 59 60 58 56 55 54 49 41 37 36 37 38 38 37 38 36 33 30 25 20 16 11 8 14 20 21 22 22 24 24 25 28 30 31 33 32 28 24 21 20 20 21 21 21 20 19 18 17 17 17 14 11 10 10 9 8 7 6 6 5 4 4 3 2 1 0 359 358 357 356 355 353 352 351 350 349 348 350 352 356 352 340 335 334 334 333 332 331 332 334 335 336 336
58 61 65 68 68 66 60 56 53 48 42 39 38 37 38 39 40 42 43 42 40 32 24 13 5 6 12 18 21 22 23 25 23 22 24 26 27 29 30 29 25 22 21 22 23 24 24 25 23 20 19 19 19 17 14 12 11 10 9 8 7 6 5 5 4 3 3 2 1 360 359 358 356 355 354 352 351 350 348 347 347 347 349 345 337 333 332 333 333 333 332 333 334 335 338 339
68 70 72 71 67 60 53 47 46 46 43 41 40 38 40 41 41 44 46 46 42 33 20 2 353 359 9 16 21 23 24 25 24 22 22 24 25 27 28 28 26 22 21 23 25 26 27 27 27 25 22 19 18 18 17 15 13 11 9 8 7 6 5 5 4 4 3 2 1 0 359 358 357 355 354 353 351 349 347 345 343 341 339 336 333 332 332 331 331 331 332 331 330 331 334 336
72 71 67 60 51 45 42 41 43 47 46 41 37 35 35 37 39 42 43 41 33 18 4 356 354 358 9 17 22 25 26 26 27 26 26 27 26 27 29 30 29 26 22 22 24 26 28 28 28 26 23 19 18 17 17 16 15 12 9 6 5 5 5 5 5 4 4 3 2 1 360 359 357 356 354 353 351 349 346 344 340 335 331 326 324 328 331 331 331 330 328 327 324 320 316 316
69 64 54 49 45 41 40 42 43 45 45 38 33 33 34 35 37 39 39 34 20 4 360 1 2 3 11 19 24 26 28 28 28 28 29 30 29 30 33 36 35 31 27 23 23 26 28 30 30 27 23 20 16 14 14 16 17 17 12 3 1 3 5 5 5 5 4 3 3 2 0 359 358 356 355 353 351 348 346 343 338 333 327 320 315 315 321 326 329 327 322 319 316 310 306 305
63 58 50 50 49 45 41 40 38 38 40 36 30 31 33 33 33 34 36 29 9 360 4 10 9 9 15 22 25 28 30 31 31 30 31 32 31 29 32 36 38 36 32 28 26 27 30 32 31 28 25 20 15 12 13 17 20 20 13 1 357 1 4 5 6 5 5 4 3 2 1 360 358 357 355 353 351 349 346 343 338 334 328 322 315 314 316 318 321 318 313 311 313 311 311 311
57 51 43 41 39 36 32 29 28 33 38 34 27 27 27 25 26 28 32 25 5 2 14 18 15 14 20 25 28 31 33 34 34 33 33 33 32 29 28 31 35 36 36 33 30 29 31 34 35 32 27 22 16 12 12 16 18 15 12 7 1 1 4 6 6 6 6 5 4 3 2 0 359 357 356 354 351 349 346 343 339 334 330 326 322 320 318 317 315 309 303 300 301 297 295 298
48 41 32 29 28 23 16 12 16 25 32 30 26 25 25 23 21 20 21 20 13 12 21 24 21 21 26 30 32 35 36 37 37 35 34 34 33 32 30 29 33 36 38 37 35 33 35 38 40 39 34 25 17 12 8 9 11 11 13 15 10 5 5 7 7 7 6 5 4 3 2 1 360 358 356 354 352 350 347 344 340 335 330 325 321 319 316 313 308 299 286 280 280 279 278 282
37 31 24 23 23 20 14 10 11 21 27 23 17 14 15 18 14 11 18 25 26 19 23 27 25 27 31 34 36 38 40 42 42 39 35 35 36 35 33 30 30 34 39 40 39 38 39 40 41 42 39 29 16 11 6 2 8 15 20 21 17 10 8 8 8 8 7 6 5 4 3 2 0 359 357 355 353 350 347 344 341 337 332 325 318 313 309 304 295 284 278 280 282 282 283 285
22 21 20 21 22 21 18 13 10 17 24 22 16 13 13 17 18 19 28 37 34 26 27 30 30 33 35 37 39 42 45 48 47 42 37 37 38 37 35 32 27 28 35 38 38 37 37 36 38 37 33 25 13 11 10 6 11 19 22 23 20 14 11 10 9 9 8 7 6 5 3 2 1 359 358 356 354 351 349 346 342 339 334 329 322 315 309 302 295 292 294 295 296 296 296 296
0 10 19 21 25 25 22 15 9 16 26 29 26 27 27 34 37 46 48 45 38 39 39 42 41 39 39 40 40 42 44 46 45 42 39 39 40 39 38 34 28 23 28 33 33 32 31 30 29 27 26 25 18 15 16 14 14 18 19 21 20 16 13 11 10 10 9 8 7 5 4 3 2 0 359 357 355 352 350 347 344 341 337 333 328 323 317 312 309 309 308 308 308 307 306 305
