windninja/windninja_output/Output_2025-08-24_1100-1150_Google earth_Fire_150m_10min/merlingen_7.5mi_point_08-24-2025_1140_150m_vel.asc
ncols	158
nrows	163
xllcorner	391686.332397
yllcorner	5160024.123721
cellsize	150.000000
NODATA_value	-32768.000000
[rows 76 to 113 of 163, columns 0 to 83 of 158]
3.60 3.07 2.17 1.51 1.09 0.89 0.73 0.66 0.71 0.80 0.91 1.01 1.11 1.21 1.29 1.37 1.44 1.51 1.58 1.63 1.65 1.68 1.73 1.79 1.81 1.78 1.74 1.79 1.95 2.19 2.35 2.33 2.23 2.12 1.98 1.86 1.82 1.81 1.81 1.82 1.84 1.86 1.88 1.89 1.90 1.91 1.92 1.93 1.94 1.95 1.96 1.97 1.99 2.00 2.01 2.02 2.03 2.03 2.04 2.05 2.05 2.06 2.06 2.07 2.07 2.08 2.09 2.09 2.08 2.07 2.07 2.08 2.10 2.11 2.15 2.22 2.27 2.39 2.71 3.23 3.59 3.13 2.10 1.56
4.19 3.59 2.62 1.91 1.32 0.92 0.62 0.46 0.47 0.61 0.79 0.96 1.08 1.17 1.23 1.29 1.35 1.43 1.50 1.56 1.61 1.66 1.71 1.77 1.82 1.78 1.71 1.67 1.70 1.85 2.09 2.21 2.18 2.16 2.13 2.00 1.91 1.84 1.78 1.79 1.82 1.84 1.86 1.87 1.88 1.88 1.89 1.90 1.91 1.92 1.93 1.95 1.97 1.99 2.01 2.02 2.04 2.05 2.06 2.07 2.07 2.08 2.09 2.10 2.11 2.12 2.13 2.13 2.13 2.15 2.17 2.19 2.19 2.19 2.19 2.20 2.19 2.28 2.59 2.99 2.88 2.03 1.46 1.59
4.93 4.02 2.97 2.51 1.80 1.05 0.55 0.24 0.30 0.55 0.78 0.96 1.08 1.17 1.23 1.27 1.32 1.38 1.45 1.51 1.57 1.61 1.65 1.70 1.78 1.86 1.83 1.73 1.66 1.71 1.91 2.19 2.35 2.38 2.38 2.29 2.12 1.97 1.84 1.75 1.76 1.80 1.83 1.84 1.85 1.85 1.85 1.85 1.86 1.88 1.90 1.93 1.95 1.98 2.00 2.02 2.04 2.05 2.07 2.08 2.10 2.11 2.12 2.14 2.15 2.15 2.16 2.18 2.19 2.21 2.23 2.23 2.23 2.23 2.24 2.24 2.23 2.29 2.47 2.60 2.22 1.59 1.63 1.92
5.57 4.50 3.29 3.34 2.40 1.14 0.33 0.22 0.48 0.70 0.87 1.02 1.13 1.21 1.27 1.30 1.33 1.35 1.39 1.45 1.50 1.55 1.59 1.61 1.69 1.84 1.96 1.95 1.85 1.80 1.89 2.13 2.35 2.42 2.38 2.35 2.29 2.17 1.99 1.80 1.69 1.69 1.73 1.75 1.76 1.76 1.76 1.76 1.78 1.80 1.84 1.88 1.92 1.96 2.00 2.02 2.04 2.06 2.07 2.09 2.11 2.12 2.14 2.15 2.17 2.18 2.20 2.22 2.23 2.25 2.26 2.26 2.28 2.29 2.31 2.32 2.33 2.36 2.43 2.33 1.90 1.76 2.09 2.60
5.52 4.74 3.88 3.58 3.22 2.51 1.50 1.27 1.19 1.10 1.09 1.15 1.23 1.26 1.29 1.31 1.32 1.32 1.33 1.38 1.45 1.49 1.53 1.56 1.62 1.73 1.89 1.99 1.99 1.91 1.91 2.03 2.27 2.49 2.57 2.47 2.36 2.31 2.24 2.06 1.80 1.65 1.61 1.60 1.60 1.61 1.63 1.62 1.61 1.65 1.73 1.81 1.88 1.93 1.98 2.01 2.04 2.06 2.08 2.09 2.11 2.13 2.15 2.17 2.19 2.20 2.22 2.24 2.26 2.28 2.29 2.31 2.33 2.36 2.38 2.41 2.42 2.41 2.39 2.23 2.07 2.27 2.62 2.93
5.05 4.24 3.22 3.07 3.21 3.28 3.08 2.64 2.13 1.73 1.48 1.37 1.33 1.32 1.29 1.26 1.26 1.26 1.27 1.30 1.37 1.43 1.49 1.54 1.57 1.61 1.71 1.83 1.94 1.97 1.95 2.00 2.14 2.37 2.60 2.67 2.53 2.39 2.37 2.32 2.14 1.89 1.71 1.55 1.43 1.36 1.33 1.33 1.32 1.34 1.48 1.67 1.83 1.92 1.97 2.00 2.03 2.05 2.07 2.09 2.11 2.13 2.15 2.18 2.20 2.22 2.24 2.26 2.28 2.30 2.32 2.34 2.37 2.41 2.44 2.46 2.48 2.50 2.49 2.43 2.49 2.71 2.85 2.87
4.97 3.80 2.67 2.76 2.90 3.15 3.20 3.01 2.58 2.15 1.78 1.53 1.41 1.36 1.32 1.26 1.21 1.20 1.19 1.20 1.26 1.34 1.42 1.48 1.52 1.56 1.63 1.74 1.86 1.93 1.90 1.83 1.79 1.84 2.05 2.37 2.53 2.46 2.38 2.39 2.39 2.30 2.16 2.04 1.91 1.78 1.71 1.71 1.76 1.71 1.64 1.65 1.73 1.85 1.95 2.00 2.02 2.04 2.06 2.08 2.10 2.13 2.15 2.18 2.20 2.23 2.25 2.27 2.29 2.32 2.34 2.38 2.41 2.44 2.48 2.51 2.55 2.57 2.59 2.61 2.66 2.72 2.84 3.05
4.47 3.78 3.37 3.36 3.20 3.00 2.82 2.67 2.44 2.07 1.73 1.51 1.40 1.33 1.27 1.21 1.17 1.14 1.11 1.10 1.14 1.22 1.31 1.37 1.46 1.59 1.71 1.77 1.83 1.86 1.84 1.78 1.70 1.65 1.67 1.82 2.05 2.23 2.28 2.28 2.31 2.37 2.45 2.55 2.62 2.65 2.66 2.67 2.70 2.69 2.53 2.22 2.00 1.96 1.97 1.99 2.00 2.02 2.05 2.07 2.09 2.12 2.15 2.18 2.20 2.23 2.25 2.28 2.30 2.33 2.37 2.40 2.43 2.47 2.51 2.55 2.59 2.62 2.65 2.65 2.62 2.64 2.93 3.58
3.86 3.72 3.47 3.38 3.32 3.00 2.58 2.25 2.07 1.83 1.61 1.46 1.39 1.35 1.28 1.20 1.15 1.12 1.07 1.03 1.04 1.08 1.18 1.29 1.37 1.50 1.66 1.75 1.78 1.84 1.89 1.89 1.87 1.82 1.74 1.68 1.72 1.82 1.92 2.02 2.10 2.18 2.24 2.29 2.35 2.40 2.42 2.42 2.42 2.49 2.58 2.55 2.38 2.15 2.01 1.97 1.97 1.99 2.01 2.04 2.07 2.10 2.13 2.17 2.20 2.23 2.25 2.28 2.31 2.34 2.38 2.41 2.45 2.48 2.53 2.58 2.63 2.68 2.73 2.76 2.78 2.89 3.22 3.95
3.13 3.15 3.03 2.97 3.08 2.86 2.38 2.07 1.93 1.73 1.55 1.46 1.41 1.40 1.40 1.34 1.23 1.16 1.07 0.98 0.92 0.91 0.98 1.13 1.25 1.31 1.41 1.55 1.65 1.74 1.83 1.90 1.94 2.01 2.05 2.00 1.91 1.82 1.75 1.76 1.86 1.97 2.01 1.99 1.94 1.90 1.86 1.80 1.74 1.75 1.87 2.01 2.07 2.03 1.95 1.92 1.93 1.95 1.98 2.01 2.05 2.08 2.12 2.16 2.19 2.22 2.25 2.28 2.31 2.34 2.38 2.41 2.45 2.50 2.55 2.60 2.65 2.72 2.80 2.92 3.08 3.32 3.72 4.40
3.23 3.18 2.93 2.79 2.90 2.80 2.36 2.12 2.00 1.76 1.58 1.50 1.44 1.42 1.46 1.43 1.34 1.23 1.09 0.95 0.81 0.73 0.72 0.82 1.05 1.27 1.40 1.51 1.61 1.64 1.69 1.80 1.89 2.05 2.28 2.44 2.45 2.36 2.15 1.89 1.73 1.76 1.89 1.97 1.96 1.90 1.83 1.74 1.63 1.53 1.50 1.57 1.70 1.81 1.83 1.83 1.85 1.88 1.91 1.95 2.01 2.06 2.10 2.14 2.18 2.21 2.24 2.28 2.31 2.34 2.37 2.41 2.45 2.50 2.55 2.60 2.67 2.76 2.89 3.05 3.29 3.68 4.30 5.04
4.00 3.54 2.97 2.76 2.75 2.82 2.58 2.37 2.28 2.04 1.70 1.53 1.48 1.44 1.49 1.49 1.45 1.41 1.26 1.08 0.91 0.78 0.76 0.93 1.26 1.51 1.65 1.72 1.74 1.73 1.69 1.70 1.73 1.78 1.95 2.25 2.53 2.72 2.74 2.53 2.15 1.86 1.80 1.89 1.98 1.97 1.90 1.83 1.73 1.55 1.42 1.42 1.51 1.59 1.64 1.65 1.67 1.72 1.80 1.88 1.96 2.02 2.08 2.13 2.17 2.20 2.23 2.26 2.29 2.33 2.36 2.40 2.44 2.49 2.54 2.60 2.68 2.79 2.91 3.07 3.32 3.72 4.30 4.95
4.87 3.95 3.02 2.83 2.74 2.93 3.04 2.89 2.68 2.41 1.92 1.62 1.56 1.55 1.64 1.72 1.67 1.64 1.54 1.37 1.22 1.20 1.46 1.80 1.91 1.84 1.79 1.81 1.82 1.83 1.80 1.74 1.69 1.60 1.53 1.61 1.87 2.26 2.60 2.74 2.62 2.30 1.99 1.91 2.01 2.11 2.10 1.99 1.89 1.79 1.65 1.52 1.48 1.55 1.62 1.63 1.60 1.58 1.62 1.73 1.87 1.98 2.06 2.11 2.15 2.18 2.22 2.25 2.28 2.31 2.35 2.38 2.43 2.47 2.53 2.59 2.67 2.77 2.87 3.00 3.20 3.47 3.80 4.27
5.06 4.25 3.30 3.04 2.86 2.87 3.07 3.16 3.02 2.83 2.41 1.92 1.76 1.75 1.75 1.80 1.86 1.87 1.79 1.69 1.62 1.92 2.30 2.37 2.17 1.95 1.85 1.82 1.83 1.85 1.86 1.83 1.79 1.73 1.62 1.48 1.43 1.59 1.93 2.25 2.38 2.33 2.16 1.98 1.95 2.06 2.18 2.17 2.04 1.95 1.91 1.83 1.79 1.82 1.89 1.92 1.82 1.62 1.48 1.57 1.80 1.96 2.05 2.10 2.13 2.16 2.19 2.22 2.25 2.29 2.33 2.37 2.41 2.45 2.50 2.57 2.63 2.71 2.80 2.92 3.07 3.24 3.37 3.54
4.68 4.19 3.56 3.16 2.80 2.59 2.71 3.05 3.26 3.34 3.06 2.39 2.04 1.96 1.89 1.86 2.02 2.18 2.15 1.95 2.09 2.53 2.67 2.47 2.18 2.00 1.91 1.87 1.86 1.86 1.86 1.84 1.82 1.80 1.79 1.71 1.53 1.46 1.64 2.01 2.20 2.15 2.04 1.91 1.82 1.85 1.99 2.15 2.15 2.01 1.93 1.94 1.97 2.02 2.06 2.08 2.03 1.91 1.82 1.82 1.89 1.97 2.04 2.08 2.11 2.14 2.17 2.20 2.23 2.26 2.30 2.33 2.38 2.42 2.47 2.53 2.58 2.65 2.73 2.83 2.96 3.07 3.13 3.20
4.33 4.10 3.92 3.80 3.47 2.96 2.78 3.12 3.59 3.88 3.69 3.08 2.64 2.47 2.41 2.42 2.46 2.56 2.57 2.33 2.48 2.75 2.62 2.47 2.24 2.06 1.95 1.89 1.86 1.84 1.83 1.82 1.78 1.73 1.76 1.82 1.76 1.63 1.62 1.88 2.25 2.31 2.11 1.89 1.73 1.70 1.79 1.94 2.05 2.00 1.87 1.81 1.83 1.91 2.04 2.20 2.36 2.53 2.63 2.48 2.21 2.06 2.04 2.06 2.09 2.11 2.14 2.17 2.20 2.23 2.26 2.30 2.34 2.38 2.42 2.47 2.53 2.59 2.67 2.75 2.83 2.91 3.04 3.20
3.87 3.94 4.29 4.67 4.82 4.55 4.41 4.79 5.24 5.51 4.94 3.95 3.35 3.04 2.82 2.75 2.83 3.13 3.54 3.75 3.27 2.67 2.30 2.27 2.12 2.00 1.93 1.88 1.84 1.82 1.80 1.78 1.76 1.71 1.71 1.78 1.82 1.77 1.64 1.64 1.98 2.37 2.37 2.06 1.77 1.62 1.61 1.69 1.79 1.79 1.66 1.56 1.59 1.67 1.84 2.17 2.53 2.71 2.75 2.64 2.39 2.16 2.05 2.04 2.05 2.07 2.10 2.13 2.16 2.19 2.22 2.26 2.30 2.34 2.38 2.42 2.46 2.52 2.58 2.65 2.71 2.78 2.89 3.00
3.21 3.45 4.00 4.57 5.07 5.35 5.58 5.97 6.38 6.73 6.76 6.15 5.55 5.40 5.22 4.93 4.69 4.80 4.74 4.51 4.08 2.71 2.27 2.16 2.05 1.96 1.90 1.88 1.86 1.82 1.79 1.74 1.67 1.61 1.63 1.70 1.74 1.75 1.70 1.62 1.70 2.12 2.50 2.38 1.98 1.69 1.56 1.60 1.72 1.76 1.61 1.43 1.46 1.55 1.60 1.69 1.83 1.90 1.98 2.12 2.16 2.09 2.01 1.98 1.99 2.02 2.05 2.08 2.11 2.14 2.18 2.21 2.25 2.29 2.32 2.36 2.41 2.45 2.49 2.53 2.58 2.65 2.70 2.75
2.67 2.99 3.47 3.81 4.14 4.33 4.50 4.62 4.70 5.44 6.53 6.99 7.02 6.97 6.93 6.57 6.14 5.69 5.04 4.57 4.09 3.36 2.79 2.36 2.09 1.96 1.90 1.89 1.90 1.88 1.82 1.75 1.65 1.52 1.52 1.61 1.68 1.69 1.69 1.66 1.65 1.90 2.45 2.77 2.54 2.18 1.91 1.80 1.87 1.97 2.00 1.87 1.66 1.61 1.54 1.39 1.26 1.30 1.48 1.69 1.83 1.88 1.89 1.90 1.93 1.96 1.99 2.02 2.05 2.09 2.13 2.17 2.20 2.23 2.26 2.30 2.34 2.38 2.42 2.46 2.49 2.52 2.54 2.57
2.23 2.56 3.06 3.25 3.40 3.37 3.16 2.85 2.64 3.14 3.99 4.69 4.69 4.04 3.98 4.15 4.75 4.74 4.88 4.45 3.89 3.64 3.03 2.40 1.98 1.84 1.84 1.86 1.91 2.00 2.05 2.00 1.87 1.65 1.51 1.53 1.60 1.63 1.63 1.60 1.56 1.66 2.10 2.74 3.05 2.98 2.74 2.51 2.42 2.48 2.59 2.49 2.08 1.78 1.61 1.46 1.35 1.33 1.41 1.55 1.67 1.73 1.77 1.81 1.85 1.88 1.92 1.96 2.00 2.04 2.08 2.11 2.14 2.17 2.20 2.23 2.27 2.30 2.33 2.36 2.39 2.42 2.43 2.42
2.02 2.16 2.71 3.02 3.28 3.29 2.93 2.31 1.69 1.40 1.71 2.38 2.53 2.46 2.50 3.01 3.52 4.33 4.92 4.00 3.43 3.55 3.12 2.37 1.76 1.58 1.66 1.79 1.87 1.98 2.16 2.23 2.11 1.84 1.56 1.47 1.50 1.52 1.53 1.52 1.44 1.40 1.62 2.13 2.70 3.09 3.24 3.20 3.09 2.96 2.84 2.67 2.31 1.93 1.73 1.55 1.40 1.32 1.31 1.39 1.52 1.61 1.66 1.70 1.75 1.79 1.85 1.90 1.95 1.98 2.01 2.03 2.06 2.09 2.13 2.16 2.19 2.22 2.25 2.28 2.30 2.31 2.32 2.32
2.32 2.02 2.31 2.60 2.93 3.18 3.03 2.51 1.81 1.33 1.36 1.45 1.59 2.11 2.42 2.95 3.46 4.31 4.95 4.24 3.64 3.63 3.48 2.53 1.59 1.38 1.53 1.71 1.80 1.80 1.88 2.01 2.06 1.91 1.64 1.45 1.40 1.38 1.39 1.40 1.37 1.28 1.31 1.58 1.96 2.32 2.64 2.79 2.73 2.58 2.49 2.49 2.33 2.03 1.83 1.67 1.45 1.30 1.25 1.25 1.30 1.40 1.48 1.56 1.63 1.71 1.77 1.82 1.86 1.89 1.92 1.95 1.99 2.03 2.06 2.08 2.11 2.14 2.17 2.20 2.21 2.23 2.23 2.24
2.46 1.66 1.55 1.75 2.17 2.63 2.76 2.63 2.28 1.84 1.54 1.34 1.36 1.75 2.38 2.97 3.55 4.06 3.90 4.07 4.08 3.97 3.87 2.81 1.80 1.65 1.69 1.71 1.73 1.75 1.78 1.83 1.90 1.88 1.71 1.53 1.40 1.29 1.20 1.21 1.25 1.21 1.18 1.31 1.53 1.66 1.81 2.04 2.16 2.21 2.24 2.31 2.31 2.10 1.90 1.82 1.70 1.52 1.38 1.32 1.26 1.24 1.27 1.34 1.44 1.55 1.64 1.70 1.76 1.80 1.85 1.89 1.92 1.95 1.97 2.00 2.03 2.06 2.08 2.11 2.13 2.15 2.16 2.16
2.21 1.02 0.94 1.33 1.66 1.89 2.02 2.25 2.29 2.06 1.88 1.68 1.50 1.71 2.39 3.21 3.68 3.48 3.13 3.34 3.90 4.20 4.08 3.49 2.64 2.20 1.97 1.82 1.78 1.84 1.88 1.84 1.80 1.78 1.70 1.60 1.52 1.38 1.17 1.02 1.03 1.07 1.07 1.18 1.45 1.67 1.79 1.97 2.18 2.30 2.32 2.31 2.36 2.32 2.12 1.99 1.92 1.79 1.58 1.48 1.47 1.42 1.34 1.27 1.26 1.33 1.45 1.57 1.66 1.72 1.76 1.79 1.82 1.85 1.88 1.91 1.94 1.97 2.00 2.03 2.05 2.07 2.09 2.09
1.59 0.83 1.08 1.44 1.65 1.76 1.88 2.06 2.16 2.07 2.06 1.91 1.72 1.89 2.36 3.09 3.64 3.29 2.76 2.87 3.39 3.82 3.91 3.44 2.80 2.42 2.18 2.00 1.89 1.93 1.98 1.93 1.82 1.69 1.57 1.50 1.50 1.47 1.31 1.01 0.85 0.90 0.93 1.03 1.31 1.64 1.85 1.99 2.18 2.35 2.44 2.42 2.40 2.47 2.43 2.28 2.15 2.04 1.84 1.67 1.66 1.70 1.66 1.52 1.38 1.32 1.35 1.44 1.54 1.61 1.65 1.68 1.71 1.75 1.78 1.82 1.85 1.88 1.91 1.94 1.97 1.99 2.01 2.03
1.34 1.13 1.39 1.67 1.78 1.86 1.96 2.05 2.10 2.07 2.09 2.00 1.85 2.04 2.44 2.96 3.55 3.34 2.74 3.01 3.35 3.53 3.58 3.30 2.86 2.52 2.32 2.16 2.02 2.02 2.11 2.10 1.95 1.75 1.52 1.35 1.32 1.36 1.34 1.09 0.78 0.73 0.77 0.82 1.02 1.38 1.72 1.90 2.06 2.27 2.46 2.52 2.46 2.43 2.45 2.42 2.36 2.34 2.21 1.92 1.72 1.70 1.78 1.80 1.69 1.54 1.45 1.40 1.39 1.43 1.48 1.53 1.58 1.63 1.67 1.70 1.74 1.77 1.81 1.84 1.88 1.91 1.94 1.96
1.60 1.55 1.71 1.89 1.96 2.00 2.06 2.10 2.12 2.10 2.09 2.03 1.88 1.98 2.51 3.15 3.61 3.59 3.31 3.47 3.75 3.47 3.41 3.40 3.08 2.75 2.52 2.31 2.14 2.15 2.26 2.29 2.15 1.94 1.66 1.38 1.23 1.22 1.24 1.07 0.74 0.58 0.59 0.63 0.78 1.17 1.65 1.97 2.12 2.25 2.39 2.51 2.54 2.53 2.51 2.45 2.45 2.48 2.47 2.32 2.05 1.90 1.91 1.93 1.87 1.72 1.58 1.46 1.36 1.30 1.28 1.32 1.40 1.47 1.52 1.56 1.60 1.64 1.69 1.74 1.78 1.82 1.86 1.89
2.13 2.06 2.05 2.12 2.14 2.18 2.20 2.18 2.17 2.14 2.09 2.02 1.81 1.71 1.98 2.59 3.26 3.38 3.28 3.72 4.11 3.77 3.58 3.54 3.29 3.08 2.90 2.58 2.31 2.33 2.39 2.42 2.39 2.19 1.91 1.58 1.31 1.20 1.15 1.01 0.72 0.46 0.40 0.43 0.55 0.82 1.29 1.76 2.05 2.22 2.34 2.45 2.52 2.57 2.69 2.68 2.59 2.54 2.56 2.56 2.46 2.29 2.17 2.11 2.05 1.92 1.74 1.60 1.51 1.43 1.33 1.22 1.18 1.22 1.29 1.35 1.41 1.48 1.55 1.60 1.66 1.71 1.76 1.80
2.59 2.49 2.39 2.37 2.34 2.34 2.32 2.28 2.24 2.21 2.12 1.99 1.78 1.60 1.63 1.95 2.65 2.93 2.95 3.54 3.93 3.97 3.94 3.77 3.52 3.41 3.40 3.11 2.70 2.64 2.54 2.50 2.56 2.43 2.18 1.89 1.52 1.27 1.13 0.98 0.73 0.45 0.27 0.23 0.31 0.49 0.82 1.29 1.74 2.10 2.31 2.43 2.50 2.49 2.54 2.68 2.74 2.71 2.65 2.58 2.50 2.37 2.26 2.23 2.22 2.14 1.99 1.86 1.79 1.75 1.67 1.45 1.14 0.96 0.91 0.97 1.10 1.23 1.35 1.44 1.52 1.59 1.66 1.72
2.93 2.79 2.65 2.64 2.61 2.53 2.44 2.39 2.34 2.36 2.26 2.07 1.89 1.72 1.69 1.89 2.35 2.66 2.84 3.19 3.45 3.70 3.96 3.95 3.79 3.75 3.86 3.69 3.34 3.16 2.87 2.71 2.65 2.57 2.45 2.23 1.84 1.40 1.14 0.95 0.74 0.47 0.26 0.12 0.13 0.30 0.56 0.95 1.42 1.91 2.29 2.50 2.63 2.65 2.53 2.49 2.62 2.75 2.77 2.68 2.54 2.41 2.30 2.21 2.20 2.20 2.14 2.07 2.02 1.96 1.92 1.85 1.62 1.20 0.97 0.93 0.97 1.01 1.05 1.15 1.31 1.46 1.56 1.62
3.24 3.06 2.86 2.90 2.94 2.83 2.67 2.53 2.48 2.57 2.50 2.29 2.09 1.91 1.85 1.92 2.22 2.52 2.66 2.88 3.20 3.52 3.61 3.78 4.01 4.04 4.17 4.22 4.10 3.80 3.42 3.08 2.72 2.62 2.76 2.68 2.17 1.56 1.18 0.95 0.73 0.47 0.30 0.14 0.05 0.21 0.38 0.67 1.06 1.52 2.04 2.41 2.65 2.85 2.87 2.67 2.55 2.61 2.73 2.79 2.68 2.54 2.46 2.37 2.28 2.26 2.22 2.11 2.09 2.11 2.06 2.03 2.04 1.92 1.69 1.47 1.27 1.10 1.03 1.08 1.21 1.34 1.44 1.51
3.43 3.29 3.10 3.12 3.19 3.13 2.97 2.75 2.71 2.89 2.90 2.72 2.51 2.35 2.24 2.09 2.22 2.42 2.46 2.62 3.09 3.58 3.33 3.24 3.86 4.32 4.40 4.55 4.86 4.58 3.94 3.41 2.74 2.73 3.23 3.13 2.41 1.64 1.27 1.02 0.71 0.48 0.34 0.16 0.06 0.21 0.34 0.52 0.82 1.17 1.59 2.00 2.32 2.66 2.96 3.02 2.84 2.69 2.71 2.81 2.81 2.65 2.53 2.52 2.49 2.42 2.36 2.20 2.08 2.14 2.24 2.18 2.13 2.14 2.02 1.81 1.60 1.48 1.48 1.44 1.33 1.27 1.32 1.39
3.46 3.38 3.31 3.36 3.37 3.38 3.40 3.21 3.13 3.23 3.33 3.12 2.77 2.70 2.70 2.47 2.35 2.39 2.43 2.57 3.00 3.53 3.28 2.78 3.25 4.13 4.45 4.52 5.28 5.44 4.41 3.74 2.88 2.99 3.80 3.48 2.50 1.74 1.44 1.16 0.72 0.47 0.37 0.18 0.06 0.22 0.38 0.50 0.70 1.01 1.38 1.74 2.00 2.26 2.64 2.98 3.09 2.96 2.86 2.91 3.01 2.93 2.67 2.54 2.53 2.46 2.44 2.37 2.18 2.14 2.31 2.38 2.24 2.14 2.13 2.07 1.92 1.76 1.63 1.53 1.42 1.29 1.26 1.29
3.43 3.36 3.38 3.50 3.49 3.50 3.53 3.48 3.34 3.27 3.42 3.36 2.98 2.92 3.04 2.87 2.51 2.35 2.62 3.01 3.31 3.48 3.15 2.59 2.61 3.51 4.25 4.41 5.24 5.77 4.86 4.16 3.43 3.45 4.33 3.78 2.57 1.97 1.63 1.27 0.76 0.54 0.47 0.26 0.13 0.22 0.40 0.54 0.61 0.84 1.24 1.69 2.01 2.18 2.36 2.68 3.01 3.14 3.05 3.03 3.18 3.29 3.07 2.73 2.61 2.48 2.35 2.37 2.34 2.20 2.22 2.41 2.45 2.32 2.26 2.24 2.15 1.94 1.65 1.45 1.39 1.35 1.28 1.22
3.40 3.35 3.40 3.43 3.35 3.29 3.24 3.29 3.33 3.31 3.46 3.47 3.14 3.09 3.29 3.17 2.56 2.16 2.73 3.55 3.98 3.75 2.95 2.44 2.29 2.73 3.65 4.32 5.45 6.12 5.23 4.47 4.03 4.18 4.86 4.13 2.82 2.25 1.78 1.25 0.92 0.81 0.64 0.31 0.22 0.25 0.41 0.60 0.65 0.74 1.01 1.45 1.92 2.23 2.37 2.52 2.81 3.10 3.13 2.97 3.04 3.32 3.39 3.10 2.88 2.73 2.43 2.26 2.29 2.29 2.31 2.50 2.65 2.57 2.40 2.25 2.14 2.01 1.79 1.56 1.40 1.34 1.28 1.16
3.31 3.36 3.43 3.42 3.34 3.25 3.20 3.25 3.32 3.32 3.49 3.60 3.23 3.11 3.44 3.41 2.58 1.97 2.60 3.74 4.64 4.48 3.00 2.22 2.22 2.38 2.84 3.62 5.09 6.47 6.13 4.85 4.28 4.74 5.38 4.57 3.25 2.45 1.79 1.29 1.09 1.15 1.02 0.42 0.15 0.28 0.43 0.62 0.72 0.75 0.87 1.18 1.62 2.08 2.36 2.49 2.69 3.00 3.15 2.97 2.87 3.12 3.40 3.42 3.29 3.21 2.96 2.49 2.23 2.24 2.33 2.45 2.61 2.64 2.53 2.37 2.20 2.09 1.92 1.67 1.47 1.35 1.26 1.18
3.32 3.35 3.41 3.49 3.45 3.33 3.32 3.37 3.42 3.37 3.56 3.95 3.59 3.16 3.49 3.59 2.60 1.82 2.34 3.67 5.02 5.47 3.93 2.24 2.22 2.52 2.36 2.46 3.52 5.60 6.73 5.93 4.74 4.98 5.55 4.90 3.71 2.68 1.78 1.40 1.21 1.31 1.37 0.95 0.22 0.21 0.43 0.62 0.78 0.82 0.85 1.05 1.42 1.87 2.25 2.42 2.61 2.95 3.25 3.20 3.00 3.07 3.32 3.45 3.48 3.53 3.50 3.18 2.64 2.28 2.19 2.26 2.45 2.60 2.62 2.54 2.39 2.29 2.24 2.08 1.73 1.48 1.34 1.22
3.61 3.52 3.44 3.52 3.53 3.37 3.26 3.34 3.48 3.49 3.64 4.14 4.02 3.41 3.63 3.76 2.63 1.69 2.23 3.43 4.87 6.08 5.44 3.09 2.44 2.89 2.63 2.39 2.50 3.67 5.80 6.70 6.02 5.63 5.75 4.93 3.83 2.92 1.99 1.57 1.38 1.42 1.58 1.34 0.57 0.18 0.42 0.60 0.78 0.90 0.92 0.98 1.28 1.73 2.16 2.37 2.51 2.83 3.25 3.39 3.24 3.21 3.38 3.46 3.42 3.57 3.74 3.72 3.45 2.96 2.63 2.54 2.58 2.70 2.79 2.74 2.57 2.42 2.42 2.41 2.20 1.77 1.42 1.21
