windninja/windninja_output/Output_2025-08-24_1100-1150_Google earth_Fire_150m_10min/merlingen_7.5mi_point_08-24-2025_1140_150m_ang.asc
ncols	158
nrows	163
xllcorner	391686.332397
yllcorner	5160024.123721
cellsize	150.000000
NODATA_value	-32768.000000
[rows 94 to 140 of 163, columns 0 to 95 of 158]
27 26 24 24 25 23 20 14 11 18 25 22 16 13 13 17 18 18 27 37 33 26 27 30 30 32 33 35 37 39 43 45 43 38 34 34 35 34 32 29 24 25 32 36 35 34 33 32 33 31 27 18 7 5 3 358 360 8 13 15 12 7 4 2 1 360 359 358 357 355 354 353 351 350 348 346 344 342 339 336 333 330 325 321 314 307 301 294 287 283 283 285 286 287 287 287
9 17 23 25 28 27 24 18 11 18 27 29 27 27 27 34 37 45 48 45 38 39 39 42 40 38 37 38 38 40 42 43 42 39 36 37 38 37 35 31 25 21 26 31 31 29 28 27 25 22 21 20 14 10 9 6 5 7 10 12 12 8 5 3 1 0 360 358 357 356 355 353 352 350 349 347 345 342 340 337 334 331 328 323 319 314 308 303 299 298 297 297 297 297 297 296
344 5 22 25 30 31 29 24 21 32 50 51 50 51 57 63 64 68 62 44 46 53 56 59 53 45 41 40 39 38 40 42 43 43 41 41 42 40 38 35 29 21 21 27 28 26 25 23 21 21 24 27 24 17 16 14 11 10 10 10 11 8 5 3 2 1 360 359 358 356 355 354 353 351 349 347 345 343 341 338 336 333 330 326 322 319 315 312 309 308 306 305 305 305 304 303
326 351 19 28 37 40 39 37 39 50 64 68 70 65 69 71 75 74 63 49 51 60 66 71 62 46 41 41 42 44 48 52 52 50 48 48 48 47 43 38 32 24 20 25 28 27 27 27 28 31 35 35 31 24 21 21 18 15 13 11 10 9 6 4 2 1 360 359 358 357 356 355 353 352 350 348 346 344 342 339 337 334 331 329 326 323 320 318 316 314 313 312 311 310 309 308
310 333 26 44 54 54 51 50 52 56 67 81 90 89 87 86 83 77 65 56 54 59 64 65 47 34 38 44 49 54 60 61 60 57 55 54 56 55 50 43 36 29 22 25 31 34 36 39 42 43 41 38 35 30 26 25 23 19 16 14 12 10 7 3 1 0 360 359 359 358 357 355 354 352 351 349 347 345 343 340 338 336 333 331 329 326 324 322 320 318 317 316 315 314 313 312
297 316 56 68 74 75 74 71 69 69 73 80 85 91 92 89 84 77 68 60 54 54 56 52 38 34 43 50 55 60 64 66 66 64 61 59 58 58 56 50 41 33 24 23 30 35 37 40 42 41 39 36 34 31 28 26 25 24 19 15 13 12 10 5 0 358 358 358 359 358 357 356 355 353 351 350 348 346 344 341 339 337 335 333 331 329 327 325 323 322 321 319 318 317 316 315
315 346 64 75 80 82 84 84 81 79 79 80 82 88 91 86 82 79 69 58 56 59 59 52 46 47 52 57 61 65 69 72 75 75 72 67 63 61 60 56 46 37 27 21 27 33 37 38 39 38 37 35 32 31 29 27 26 26 23 16 13 13 13 10 4 359 357 356 358 359 358 357 355 354 352 350 348 346 344 342 340 338 336 334 333 331 329 328 326 324 323 322 321 320 319 318
355 23 63 74 79 81 83 84 83 81 80 78 76 75 75 74 70 67 59 57 65 67 63 57 56 58 60 64 67 70 74 78 82 85 86 83 77 71 68 63 52 41 31 22 24 34 39 39 37 36 36 34 32 31 31 29 26 26 25 20 15 14 14 14 10 4 359 357 358 359 359 357 356 354 353 351 349 347 345 343 341 339 337 336 334 332 331 330 328 327 326 325 324 323 322 321
28 43 64 71 75 78 80 81 80 79 77 75 70 62 56 56 57 54 50 56 64 64 60 60 61 63 67 70 72 74 77 80 83 87 92 96 94 88 81 74 65 51 38 25 20 28 34 35 34 34 35 35 33 31 32 30 27 26 26 24 18 14 14 15 15 10 5 3 2 2 1 357 355 354 353 351 349 347 345 343 341 340 338 337 335 334 332 331 330 329 328 327 326 325 324 323
44 51 62 68 71 74 76 77 78 77 76 74 70 63 59 58 58 56 54 61 63 57 59 63 62 64 68 72 74 76 79 79 82 86 91 98 105 104 98 91 84 73 53 30 15 20 29 33 33 34 35 35 33 31 30 29 27 27 26 25 21 16 15 17 18 15 11 8 7 7 6 1 355 353 353 351 349 346 344 343 341 340 338 337 336 335 334 333 332 330 329 328 328 327 326 324
51 54 61 66 70 73 75 76 77 78 79 78 77 79 81 80 74 69 70 71 64 57 59 61 61 61 65 68 71 76 80 81 82 85 89 95 104 111 110 105 99 94 78 43 12 12 25 31 33 34 35 34 34 32 30 29 28 28 27 26 24 21 19 19 19 19 16 12 10 10 11 11 5 356 352 348 344 343 342 341 340 339 338 337 336 336 335 334 333 332 331 330 329 328 327 326
56 58 61 64 69 73 75 76 76 78 81 84 87 90 92 91 87 82 78 73 65 61 60 59 57 58 61 64 68 74 79 82 84 84 86 91 99 108 114 112 109 108 105 85 0 355 13 24 27 30 32 32 32 32 32 30 29 28 28 28 27 24 22 22 22 21 18 14 12 12 14 17 16 9 359 350 342 339 337 334 334 335 336 336 336 336 335 334 334 333 332 331 331 330 328 327
59 59 60 62 65 68 71 72 73 74 76 78 81 83 86 87 85 81 74 67 63 64 62 56 54 55 57 60 65 71 76 80 81 79 81 89 98 106 113 117 116 114 113 119 292 321 349 11 19 25 29 30 30 31 32 31 30 29 30 30 29 26 24 24 23 22 21 17 13 15 17 18 19 15 8 2 355 347 340 333 329 330 333 335 336 336 336 335 334 333 333 332 332 331 329 328
59 58 58 60 63 65 66 66 64 63 63 64 64 67 73 77 78 75 70 64 62 64 63 54 50 52 53 54 60 69 74 77 74 70 77 89 97 101 105 113 120 121 117 120 257 292 316 348 8 18 27 30 30 30 31 31 30 30 30 31 31 29 26 25 24 23 23 20 15 16 19 20 19 18 14 10 5 357 350 346 338 329 328 332 335 336 336 335 335 334 334 333 333 331 330 329
59 57 56 58 59 58 56 54 53 55 58 60 61 62 66 69 71 68 64 62 62 65 63 53 47 49 51 49 54 65 71 73 68 63 77 90 94 92 95 103 115 123 122 129 245 284 296 321 351 10 22 29 30 30 31 32 31 31 30 29 30 31 28 26 27 26 25 23 18 15 19 22 21 19 17 15 11 3 356 353 350 340 329 327 331 334 336 336 335 335 335 334 333 332 331 330
59 57 55 56 54 53 52 52 54 57 61 62 60 60 63 66 66 57 52 56 63 68 65 56 46 45 47 46 54 65 68 66 62 62 77 88 88 86 90 94 97 109 122 147 216 270 284 298 326 356 14 23 27 29 30 31 32 32 30 28 28 31 30 28 29 30 27 25 21 17 18 23 24 20 18 17 15 12 5 359 356 351 339 330 328 331 334 335 335 335 335 333 332 331 331 331
58 56 56 58 58 59 60 61 61 61 62 62 59 59 63 66 63 47 43 51 61 70 68 58 49 44 45 44 52 62 65 63 59 62 75 85 84 85 88 83 72 80 103 143 211 255 278 288 305 335 360 15 23 27 29 29 30 32 32 29 28 31 33 31 31 32 30 26 23 20 18 21 23 22 21 20 20 19 15 8 1 357 350 340 330 328 330 333 335 335 334 332 330 329 330 330
57 57 59 62 63 64 64 64 63 61 61 63 63 60 62 66 60 37 35 46 57 68 71 58 49 47 45 41 46 55 61 63 59 60 72 80 83 85 84 69 60 64 73 93 190 243 266 278 291 313 342 4 18 26 28 27 28 32 34 31 29 31 33 32 30 31 31 29 25 20 18 20 24 25 25 24 24 23 21 16 8 2 358 351 342 334 330 331 331 330 328 326 325 325 327 330
61 62 63 64 64 62 61 60 60 58 56 60 62 60 62 65 59 29 27 39 48 59 66 56 47 53 53 49 47 49 55 60 60 64 75 80 81 82 75 65 60 61 66 72 84 249 265 273 280 294 321 349 9 22 28 27 27 31 34 33 29 30 33 32 30 30 31 30 27 22 20 22 26 27 28 28 26 24 23 21 16 10 5 360 353 348 343 338 333 325 317 317 321 326 328 331
63 64 64 64 64 63 61 59 56 53 51 56 59 57 60 65 59 23 16 28 39 51 59 57 49 58 61 61 57 50 51 55 61 71 82 86 82 77 69 62 56 56 65 72 69 318 286 284 283 286 301 328 357 16 25 26 25 28 32 33 30 29 31 33 30 29 31 30 28 24 21 22 24 26 28 30 28 24 22 23 23 19 13 9 4 360 359 358 352 337 325 325 328 332 335 335
61 61 62 62 62 61 61 59 55 52 52 56 57 52 56 64 60 17 2 20 32 44 51 54 53 56 57 58 61 58 51 53 61 73 84 89 83 75 66 54 45 48 59 65 56 5 321 308 300 291 293 309 338 6 21 25 24 26 31 33 31 28 29 32 30 28 29 29 29 26 24 24 26 26 28 30 30 27 24 25 26 25 20 16 14 10 9 8 359 345 339 340 342 346 349 344
58 58 59 59 58 57 56 56 55 54 57 59 53 47 53 64 63 21 353 14 30 38 42 46 51 53 51 49 55 57 48 50 59 70 80 83 80 71 62 48 40 47 54 57 51 24 345 325 316 304 299 302 320 351 16 25 25 25 29 33 31 28 29 32 31 27 28 29 30 29 27 27 30 31 29 30 32 31 28 25 28 29 24 20 20 17 12 8 358 349 349 355 358 1 359 352
55 56 57 57 57 56 53 52 53 57 63 61 49 41 51 65 67 30 352 7 27 33 34 40 46 50 48 47 57 56 41 43 53 64 75 79 74 61 51 45 41 48 52 53 51 36 4 335 326 320 310 306 312 335 7 23 26 26 28 32 31 29 30 32 31 28 27 29 30 29 28 28 30 33 33 32 33 34 32 30 32 33 28 24 25 20 12 6 360 357 1 7 9 5 357 355
53 56 58 58 58 57 52 49 51 56 62 61 45 38 52 64 68 41 350 354 17 27 31 36 40 43 43 45 55 56 45 45 49 59 65 66 59 46 41 42 42 45 47 49 49 39 11 347 336 332 324 315 314 326 354 18 26 26 28 31 31 28 29 31 31 28 27 28 29 29 28 27 28 31 34 34 33 34 35 34 33 34 31 27 26 21 12 7 5 7 11 14 11 3 357 358
55 56 57 59 59 56 52 50 53 55 60 59 45 40 52 61 67 58 356 337 2 26 35 39 41 41 37 39 46 49 50 50 52 61 62 55 45 34 33 38 38 40 42 45 46 38 18 359 347 342 336 324 318 323 344 12 25 27 28 30 30 27 27 29 29 27 26 28 29 29 28 26 27 29 33 34 33 34 35 33 33 35 33 28 24 19 13 9 10 14 16 16 13 7 4 2
55 55 56 60 61 56 53 55 59 59 59 60 49 43 51 59 66 68 40 320 315 42 51 54 55 51 45 44 46 48 51 53 61 69 66 58 49 37 35 36 35 35 37 39 39 35 25 10 358 350 344 331 322 322 336 5 23 28 28 30 30 28 27 29 28 27 27 27 30 31 29 27 26 27 30 34 34 34 35 36 38 39 36 29 23 18 14 12 14 17 18 17 16 15 11 2
54 53 54 59 62 60 59 63 66 63 60 64 57 44 48 57 66 70 66 57 202 140 89 79 75 73 70 68 66 66 65 65 72 75 72 67 58 50 46 42 39 36 36 37 37 34 28 17 7 358 351 340 328 324 334 358 20 28 29 30 31 28 29 33 36 39 37 32 32 33 31 28 26 26 28 31 34 35 37 40 42 42 38 30 24 18 14 14 17 19 20 20 19 18 11 357
51 51 51 52 52 53 57 63 69 66 61 67 66 45 44 53 63 69 70 70 134 157 135 110 97 91 86 85 89 92 88 84 82 79 76 72 67 64 57 52 48 44 44 45 45 41 36 28 16 7 358 347 334 329 334 354 18 27 29 31 33 32 37 43 49 56 60 51 39 36 33 31 29 27 26 28 31 34 37 39 40 40 37 30 23 18 15 16 19 21 21 21 18 13 5 355
45 47 47 45 43 42 46 53 61 64 62 71 73 52 44 51 60 66 68 69 89 129 138 130 115 106 102 101 102 101 99 93 87 83 81 77 73 69 62 58 56 54 54 53 53 52 49 39 24 14 6 354 340 333 335 350 14 27 29 34 38 41 46 48 47 50 55 56 48 41 38 35 32 29 26 25 27 31 33 36 38 38 34 26 22 19 17 18 21 22 22 20 16 9 0 355
44 49 50 45 42 42 44 47 53 56 60 75 80 62 53 59 61 62 63 69 80 98 118 125 121 118 115 111 111 109 106 100 92 88 85 80 75 71 65 58 57 57 56 54 53 54 52 41 26 16 10 1 346 336 337 348 13 32 37 41 43 45 46 44 42 44 46 47 48 46 44 42 37 33 29 25 24 26 29 31 33 34 31 26 23 23 21 21 23 24 23 18 13 6 359 356
47 51 52 47 45 47 46 46 51 51 56 71 80 68 65 70 65 59 58 64 76 88 99 108 112 113 114 117 119 118 113 102 95 92 88 82 77 75 69 60 56 56 56 56 54 52 49 39 23 15 12 6 353 341 342 353 15 36 45 45 42 42 41 39 39 43 44 45 47 47 52 56 52 43 35 28 22 22 25 25 27 31 33 30 27 26 24 24 27 27 22 15 8 3 1 2
43 48 49 45 42 45 47 47 50 48 52 63 71 69 74 81 73 60 54 57 66 80 90 94 98 103 113 123 127 127 118 101 96 94 91 84 80 79 74 66 60 57 57 60 58 54 49 39 23 16 15 10 359 348 346 356 13 30 38 37 34 37 36 36 38 42 44 45 46 46 49 59 66 63 51 37 26 22 23 24 26 32 35 33 30 29 26 26 28 26 18 9 3 1 4 7
40 47 50 44 41 45 47 49 49 47 49 56 61 66 71 79 75 64 56 55 61 72 83 87 95 108 119 127 131 134 125 101 93 92 92 86 81 82 80 73 67 63 60 63 62 59 52 40 25 19 17 11 1 353 349 355 10 26 34 32 31 34 36 37 41 44 44 45 46 45 46 50 57 61 64 57 41 31 29 30 30 34 35 34 32 30 27 26 27 25 17 8 2 1 5 10
39 47 51 46 41 43 47 50 50 47 45 48 53 59 68 74 69 65 65 65 69 75 79 84 93 104 115 123 129 138 135 105 90 84 87 87 83 82 83 79 75 74 74 69 67 63 56 44 31 23 19 13 2 356 353 356 9 25 34 34 34 37 38 40 43 45 45 45 45 45 46 50 54 56 60 66 68 54 41 32 30 32 32 32 31 27 23 22 23 23 19 10 3 3 8 13
39 47 52 48 42 44 48 51 50 46 42 43 45 49 58 67 65 67 74 90 94 88 82 82 88 93 98 107 123 138 142 118 93 80 76 80 83 83 82 82 81 82 89 87 76 68 59 46 34 27 21 14 4 358 357 360 10 25 36 38 38 39 39 41 44 45 46 45 46 46 47 51 56 59 62 67 75 86 69 42 28 25 26 27 26 22 18 16 17 20 19 13 7 9 14 17
39 48 56 53 48 52 57 57 54 49 45 42 40 42 48 54 63 74 93 106 109 103 89 82 84 87 90 97 109 128 141 132 104 84 73 71 75 79 80 81 83 87 95 105 95 75 62 45 33 28 21 14 5 1 1 3 12 26 36 39 39 39 40 42 44 46 46 46 46 46 47 50 54 57 62 67 74 86 106 109 66 23 20 22 22 18 14 13 14 17 17 15 13 15 18 19
42 49 56 56 52 58 65 68 66 60 55 50 47 46 46 53 65 83 101 111 113 109 97 85 81 84 88 87 94 112 131 139 125 97 79 70 67 68 73 76 80 84 91 104 111 91 66 48 38 33 24 17 8 4 5 5 14 27 36 40 40 40 42 43 45 46 47 46 46 46 47 50 52 53 56 62 68 73 83 113 150 195 329 15 20 17 13 15 17 16 16 17 17 17 19 20
43 47 53 53 52 56 60 64 72 77 75 69 64 62 61 62 73 87 99 107 111 113 109 95 84 81 81 84 89 101 118 135 142 118 91 76 67 63 62 65 71 76 81 91 105 101 70 52 45 38 27 20 12 8 9 10 16 29 39 42 43 45 45 46 47 47 48 47 46 45 47 50 51 52 53 56 60 60 58 67 91 183 221 240 349 10 13 16 17 15 15 19 20 18 19 22
45 49 53 53 54 56 54 54 61 73 81 80 77 74 75 78 83 88 92 101 111 117 117 111 95 82 74 82 91 98 110 126 148 144 109 90 76 66 60 58 62 66 69 75 81 80 61 53 50 42 29 21 15 12 14 15 19 31 41 45 47 49 48 48 49 49 49 49 47 46 47 49 49 51 53 55 59 56 48 52 59 75 216 233 243 280 348 4 10 13 14 19 22 20 22 26
49 53 54 54 57 58 54 50 53 59 67 74 78 83 87 92 94 90 84 87 105 118 123 118 104 83 72 75 86 94 103 115 139 152 132 108 91 78 67 63 64 63 62 63 59 47 38 42 47 42 30 22 18 16 17 18 22 33 41 44 46 48 47 47 50 51 52 52 50 48 49 49 48 48 51 56 62 61 52 52 55 55 42 237 235 249 279 318 352 9 14 18 24 24 25 29
51 53 53 53 57 58 56 55 53 54 57 58 65 78 95 106 103 94 85 81 88 112 124 121 109 87 74 69 73 83 91 101 119 143 146 127 104 88 79 75 71 66 64 61 50 39 32 29 36 36 30 23 20 20 20 21 25 34 41 44 47 48 47 47 50 52 53 55 55 53 50 49 48 47 49 55 62 66 63 61 61 57 49 33 250 248 255 266 296 349 9 18 29 31 28 27
43 48 50 52 56 56 55 59 60 60 58 55 59 77 98 108 108 99 93 87 84 93 112 118 117 102 83 72 69 73 81 87 100 123 142 142 123 100 90 86 79 71 67 60 47 40 33 25 27 31 30 25 23 24 23 23 28 38 44 47 49 49 48 48 49 51 52 55 60 63 59 53 50 46 48 52 56 61 65 68 69 64 55 45 24 306 267 260 263 275 336 23 39 38 31 28
30 43 50 52 57 58 57 58 62 69 69 67 68 82 97 104 107 104 99 94 87 87 98 111 123 119 100 83 74 71 73 80 89 102 126 143 144 120 99 92 85 77 69 55 47 43 37 26 25 31 31 29 28 27 26 26 32 41 45 47 48 48 48 48 49 51 52 55 61 68 73 70 59 48 45 48 52 54 56 62 67 63 53 45 31 7 344 303 273 261 253 72 62 50 40 34
23 42 51 54 61 64 62 60 62 69 75 79 83 92 96 98 101 103 102 95 90 90 95 105 121 130 116 97 84 75 70 75 84 93 108 132 152 139 104 94 88 81 68 54 48 45 39 28 27 33 33 32 32 31 30 30 36 44 46 47 47 48 49 49 49 51 54 57 62 69 78 87 86 75 56 49 50 50 50 52 56 54 48 42 32 21 18 2 320 308 327 39 74 74 53 26
37 48 53 54 62 69 70 68 68 69 74 83 95 102 99 95 93 92 93 92 91 93 99 105 117 132 129 110 94 80 69 69 78 88 97 114 145 147 111 94 86 76 64 54 46 44 39 30 29 34 34 35 35 34 34 36 41 46 47 47 48 48 49 49 49 53 56 60 65 69 74 86 99 103 96 71 57 51 48 49 52 49 44 40 30 24 18 6 355 355 6 26 48 62 42 348
52 55 57 58 60 63 69 76 79 79 80 90 104 108 103 95 87 81 78 81 85 90 97 104 114 127 134 121 104 89 74 70 72 77 86 99 124 140 119 95 78 64 58 52 45 43 39 32 32 36 37 38 36 36 39 41 45 47 48 49 49 50 49 47 48 53 57 61 64 67 71 79 90 102 110 104 76 61 53 51 51 46 38 30 19 12 6 4 8 11 16 24 31 33 19 336
52 55 62 66 59 55 60 70 78 87 94 100 108 109 103 95 89 83 77 75 76 81 88 97 107 119 129 129 116 104 92 80 72 69 76 85 100 120 116 92 69 58 54 49 45 44 40 36 36 39 40 41 39 40 43 45 46 47 49 50 50 51 49 45 45 50 55 59 61 64 67 72 80 90 102 110 92 73 62 56 54 50 42 33 21 12 10 14 22 25 24 24 21 18 13 357
