windninja/windninja_output/Output_2025-08-24_1100-1150_Google earth_Fire_150m_10min/merlingen_7.5mi_point_08-24-2025_1130_150m_vel.asc
ncols	158
nrows	163
xllcorner	391686.332397
yllcorner	5160024.123721
cellsize	150.000000
NODATA_value	-32768.000000
[rows 37 to 73 of 163, columns 0 to 83 of 158]
1.53 1.53 1.52 1.51 1.50 1.51 1.51 1.51 1.51 1.52 1.54 1.55 1.56 1.57 1.59 1.60 1.61 1.62 1.64 1.65 1.66 1.68 1.69 1.70 1.73 1.75 1.76 1.79 1.94 2.23 2.39 2.39 2.28 2.11 2.03 2.04 2.05 1.96 1.79 1.66 1.63 1.67 1.75 1.87 1.93 1.96 1.98 2.01 1.99 1.96 2.00 2.14 2.27 2.32 2.31 2.34 2.44 2.48 2.43 2.40 2.40 2.32 2.24 2.23 2.23 2.34 2.63 2.84 2.72 2.23 1.80 1.71 2.02 2.40 2.45 2.28 2.26 2.35 2.34 2.17 1.98 1.94 2.12 2.39
1.53 1.53 1.53 1.50 1.49 1.49 1.50 1.51 1.52 1.54 1.56 1.57 1.58 1.58 1.59 1.60 1.61 1.62 1.64 1.66 1.67 1.68 1.70 1.71 1.73 1.75 1.79 1.92 2.15 2.27 2.21 2.09 1.96 1.89 1.90 1.90 1.83 1.82 1.86 1.89 1.92 1.96 2.03 2.13 2.22 2.26 2.31 2.42 2.51 2.55 2.58 2.62 2.67 2.64 2.61 2.69 2.86 3.01 3.12 3.16 3.19 3.09 2.81 2.49 2.28 2.26 2.39 2.43 2.22 2.07 2.18 2.62 2.98 2.85 2.46 2.30 2.49 2.69 2.73 2.61 2.35 2.19 2.20 2.42
1.50 1.49 1.48 1.48 1.49 1.49 1.49 1.51 1.54 1.56 1.57 1.56 1.57 1.58 1.59 1.60 1.61 1.62 1.63 1.65 1.66 1.68 1.70 1.71 1.72 1.74 1.80 1.92 1.99 1.90 1.79 1.77 1.77 1.78 1.74 1.75 1.89 2.11 2.22 2.18 2.11 2.12 2.21 2.38 2.52 2.59 2.57 2.59 2.72 2.85 2.89 2.93 3.12 3.38 3.55 3.61 3.69 3.82 3.90 3.93 3.92 3.81 3.44 2.82 2.45 2.38 2.37 2.22 2.06 2.21 2.74 3.08 2.93 2.56 2.41 2.60 2.91 3.01 3.05 3.10 2.96 2.57 2.31 2.37
1.50 1.49 1.48 1.48 1.50 1.51 1.53 1.55 1.56 1.56 1.56 1.57 1.58 1.60 1.62 1.63 1.63 1.63 1.64 1.65 1.67 1.69 1.70 1.71 1.72 1.74 1.76 1.76 1.69 1.62 1.61 1.61 1.58 1.54 1.51 1.58 1.81 2.10 2.37 2.51 2.53 2.52 2.56 2.60 2.65 2.78 2.89 2.92 2.98 3.04 3.06 3.17 3.50 3.81 3.94 3.97 3.96 3.85 3.73 3.60 3.45 3.44 3.47 3.10 2.66 2.59 2.56 2.40 2.39 2.77 2.97 2.60 2.15 2.14 2.46 3.03 3.32 3.29 3.20 3.15 3.18 3.12 2.91 2.75
1.51 1.51 1.51 1.52 1.52 1.53 1.56 1.58 1.58 1.56 1.57 1.59 1.60 1.61 1.62 1.63 1.64 1.65 1.65 1.66 1.67 1.68 1.68 1.69 1.70 1.70 1.69 1.66 1.62 1.62 1.62 1.56 1.49 1.43 1.47 1.65 1.80 1.91 2.22 2.71 3.05 3.21 3.20 3.06 3.04 3.26 3.46 3.50 3.44 3.40 3.41 3.49 3.54 3.38 3.18 3.14 3.08 2.88 2.68 2.52 2.48 2.67 3.14 3.40 3.16 2.92 2.90 2.99 3.21 3.32 2.89 2.36 2.23 2.42 2.89 3.40 3.44 3.25 3.03 2.83 2.85 3.10 3.28 3.32
1.52 1.52 1.53 1.53 1.54 1.55 1.57 1.58 1.59 1.59 1.59 1.60 1.61 1.62 1.63 1.63 1.64 1.65 1.65 1.66 1.66 1.66 1.66 1.68 1.68 1.67 1.66 1.65 1.66 1.68 1.65 1.58 1.52 1.49 1.58 1.78 2.04 2.32 2.61 2.91 3.12 3.19 3.23 3.36 3.47 3.49 3.35 3.16 3.05 3.02 3.08 3.11 2.98 2.71 2.47 2.34 2.26 2.10 1.92 1.87 1.99 2.29 2.81 3.38 3.62 3.53 3.63 3.99 4.12 3.79 3.28 3.04 3.09 3.21 3.57 3.69 3.37 3.10 2.90 2.80 2.84 2.93 3.14 3.62
1.52 1.52 1.53 1.54 1.57 1.59 1.59 1.58 1.59 1.60 1.60 1.61 1.61 1.61 1.61 1.62 1.62 1.63 1.64 1.65 1.64 1.65 1.66 1.67 1.67 1.66 1.66 1.67 1.67 1.63 1.58 1.55 1.55 1.59 1.69 1.88 2.20 2.57 2.75 2.74 2.66 2.66 2.83 3.04 3.04 2.80 2.60 2.51 2.53 2.61 2.75 2.80 2.71 2.54 2.33 2.12 1.98 1.87 1.80 1.83 1.96 2.16 2.46 2.90 3.54 4.10 4.49 4.70 4.72 4.66 4.53 4.49 4.39 4.31 4.33 4.00 3.51 3.16 2.90 2.77 2.85 3.10 3.52 4.14
1.52 1.51 1.51 1.54 1.57 1.59 1.58 1.58 1.58 1.59 1.60 1.60 1.61 1.61 1.61 1.61 1.62 1.63 1.64 1.66 1.66 1.66 1.66 1.66 1.66 1.67 1.68 1.69 1.66 1.61 1.57 1.56 1.59 1.65 1.72 1.88 2.09 2.18 2.15 2.17 2.23 2.41 2.60 2.62 2.45 2.27 2.23 2.34 2.61 2.91 3.03 2.92 2.76 2.57 2.34 2.09 1.92 1.86 1.90 2.05 2.25 2.38 2.49 2.79 3.45 4.14 4.47 4.51 4.55 4.85 5.08 5.10 5.04 4.87 4.48 3.90 3.47 3.19 2.93 2.76 2.89 3.42 4.06 4.10
1.52 1.52 1.54 1.56 1.57 1.56 1.57 1.58 1.59 1.59 1.60 1.60 1.60 1.61 1.62 1.63 1.64 1.66 1.66 1.66 1.67 1.67 1.67 1.66 1.66 1.68 1.69 1.66 1.63 1.62 1.61 1.62 1.65 1.68 1.73 1.80 1.82 1.78 1.79 1.92 2.13 2.34 2.40 2.30 2.21 2.25 2.37 2.57 2.89 3.03 2.84 2.59 2.44 2.25 2.09 1.99 1.90 1.88 2.07 2.38 2.65 2.87 3.11 3.52 3.95 4.07 3.97 3.82 3.63 3.66 3.92 4.11 4.21 4.15 3.82 3.45 3.19 3.11 3.11 3.23 3.56 3.86 3.73 3.00
1.54 1.55 1.57 1.57 1.55 1.54 1.55 1.56 1.58 1.59 1.61 1.61 1.61 1.62 1.63 1.64 1.65 1.65 1.65 1.65 1.65 1.65 1.66 1.66 1.67 1.67 1.65 1.63 1.62 1.61 1.61 1.62 1.64 1.67 1.73 1.75 1.71 1.70 1.78 1.91 2.03 2.12 2.15 2.11 2.07 2.20 2.49 2.81 2.89 2.66 2.39 2.27 2.18 2.03 1.90 1.92 1.98 2.07 2.34 2.74 3.13 3.47 3.84 4.12 4.10 3.83 3.50 3.22 3.03 2.96 3.00 3.11 3.23 3.29 3.28 3.24 3.14 3.12 3.29 3.50 3.55 3.28 2.61 2.03
1.57 1.57 1.56 1.55 1.53 1.49 1.49 1.52 1.55 1.58 1.60 1.62 1.62 1.62 1.62 1.63 1.63 1.63 1.63 1.64 1.64 1.63 1.63 1.64 1.64 1.63 1.63 1.63 1.63 1.62 1.61 1.60 1.60 1.61 1.63 1.65 1.67 1.70 1.73 1.77 1.86 1.95 2.01 2.07 2.16 2.31 2.54 2.66 2.51 2.30 2.18 2.10 2.08 2.11 2.11 2.16 2.31 2.52 2.80 3.14 3.46 3.70 3.81 3.71 3.46 3.20 2.93 2.81 2.81 2.83 2.79 2.73 2.76 2.84 2.94 3.02 3.03 2.98 2.97 2.92 2.68 2.30 2.04 2.03
1.57 1.56 1.55 1.53 1.52 1.50 1.47 1.48 1.52 1.55 1.56 1.58 1.59 1.60 1.60 1.60 1.61 1.61 1.61 1.61 1.62 1.63 1.63 1.63 1.63 1.63 1.63 1.64 1.64 1.63 1.62 1.61 1.61 1.61 1.60 1.60 1.62 1.64 1.65 1.67 1.73 1.76 1.80 1.95 2.25 2.49 2.58 2.47 2.30 2.18 2.07 1.99 1.98 2.04 2.17 2.35 2.60 2.98 3.40 3.61 3.60 3.47 3.25 2.99 2.79 2.64 2.57 2.59 2.63 2.63 2.58 2.53 2.51 2.56 2.68 2.79 2.85 2.82 2.71 2.57 2.42 2.30 2.31 2.42
1.57 1.56 1.55 1.53 1.51 1.51 1.49 1.46 1.48 1.52 1.55 1.56 1.57 1.59 1.60 1.60 1.60 1.60 1.61 1.61 1.62 1.62 1.63 1.64 1.64 1.64 1.64 1.64 1.64 1.64 1.64 1.64 1.64 1.63 1.62 1.63 1.65 1.67 1.68 1.67 1.64 1.59 1.64 1.86 2.14 2.33 2.34 2.21 2.10 2.01 2.01 2.09 2.18 2.30 2.48 2.69 2.99 3.41 3.64 3.57 3.37 3.08 2.78 2.61 2.54 2.49 2.44 2.43 2.45 2.47 2.46 2.44 2.40 2.41 2.56 2.76 2.95 3.04 2.99 2.87 2.78 2.77 2.75 2.75
1.57 1.55 1.54 1.57 1.58 1.60 1.58 1.52 1.48 1.49 1.53 1.56 1.57 1.59 1.60 1.61 1.61 1.61 1.61 1.62 1.63 1.64 1.64 1.65 1.66 1.66 1.66 1.65 1.64 1.65 1.65 1.64 1.64 1.63 1.63 1.63 1.66 1.68 1.68 1.65 1.62 1.63 1.72 1.85 1.99 2.07 2.03 1.92 1.77 1.66 1.70 1.95 2.30 2.64 2.92 3.19 3.48 3.58 3.34 3.00 2.75 2.53 2.38 2.41 2.49 2.44 2.34 2.28 2.25 2.25 2.25 2.22 2.22 2.30 2.48 2.74 2.98 3.13 3.13 3.07 3.02 2.99 2.94 2.89
1.56 1.53 1.51 1.58 1.65 1.71 1.71 1.65 1.54 1.50 1.53 1.56 1.57 1.58 1.58 1.59 1.60 1.61 1.61 1.62 1.63 1.64 1.64 1.64 1.65 1.65 1.65 1.65 1.65 1.65 1.64 1.64 1.63 1.63 1.63 1.62 1.60 1.59 1.59 1.60 1.61 1.66 1.73 1.82 1.89 1.88 1.82 1.74 1.68 1.62 1.72 2.07 2.35 2.59 2.90 3.26 3.40 3.18 2.82 2.54 2.31 2.19 2.24 2.39 2.45 2.37 2.30 2.25 2.21 2.17 2.13 2.12 2.18 2.31 2.47 2.63 2.76 2.90 3.05 3.16 3.12 2.94 2.76 2.75
1.59 1.52 1.48 1.54 1.59 1.63 1.69 1.71 1.65 1.57 1.54 1.55 1.56 1.56 1.55 1.56 1.58 1.60 1.60 1.61 1.61 1.61 1.62 1.62 1.62 1.63 1.63 1.64 1.64 1.64 1.64 1.64 1.64 1.64 1.63 1.62 1.59 1.56 1.56 1.58 1.61 1.66 1.72 1.79 1.81 1.75 1.67 1.72 1.97 2.22 2.49 2.71 2.82 2.85 2.96 3.07 2.93 2.64 2.44 2.30 2.22 2.24 2.36 2.47 2.46 2.40 2.35 2.30 2.24 2.21 2.22 2.27 2.37 2.47 2.52 2.55 2.57 2.63 2.78 2.95 3.00 2.92 2.76 2.63
1.70 1.61 1.54 1.59 1.63 1.64 1.68 1.73 1.69 1.58 1.50 1.50 1.52 1.54 1.55 1.56 1.57 1.58 1.58 1.59 1.58 1.59 1.60 1.61 1.61 1.62 1.62 1.63 1.64 1.64 1.64 1.64 1.64 1.64 1.63 1.62 1.60 1.58 1.56 1.57 1.62 1.70 1.75 1.76 1.72 1.68 1.70 1.87 2.27 2.65 2.82 2.84 2.91 3.01 3.00 2.85 2.59 2.39 2.31 2.27 2.28 2.35 2.48 2.59 2.59 2.54 2.50 2.46 2.42 2.41 2.46 2.55 2.60 2.58 2.56 2.55 2.53 2.50 2.51 2.59 2.74 2.96 3.09 3.00
1.78 1.75 1.65 1.61 1.67 1.70 1.71 1.74 1.72 1.59 1.47 1.44 1.46 1.50 1.53 1.55 1.56 1.57 1.58 1.58 1.58 1.58 1.59 1.60 1.61 1.62 1.62 1.63 1.63 1.63 1.63 1.64 1.64 1.63 1.63 1.62 1.61 1.59 1.57 1.56 1.60 1.65 1.65 1.58 1.51 1.55 1.73 1.99 2.30 2.52 2.60 2.62 2.66 2.75 2.78 2.67 2.47 2.36 2.39 2.47 2.54 2.62 2.73 2.81 2.81 2.80 2.80 2.82 2.86 2.87 2.84 2.72 2.58 2.53 2.57 2.61 2.61 2.60 2.61 2.65 2.81 3.12 3.38 3.48
1.73 1.76 1.69 1.51 1.43 1.46 1.49 1.57 1.69 1.67 1.52 1.42 1.41 1.44 1.48 1.50 1.52 1.54 1.56 1.58 1.59 1.58 1.58 1.58 1.59 1.60 1.61 1.62 1.62 1.63 1.63 1.63 1.63 1.63 1.63 1.62 1.61 1.60 1.58 1.56 1.53 1.48 1.43 1.39 1.41 1.50 1.70 1.99 2.22 2.31 2.41 2.56 2.64 2.65 2.67 2.60 2.46 2.41 2.50 2.66 2.86 3.05 3.11 3.04 2.94 2.89 2.89 2.92 3.00 3.00 2.83 2.60 2.51 2.57 2.66 2.72 2.77 2.85 2.94 3.03 3.17 3.32 3.41 3.49
1.67 1.70 1.71 1.58 1.39 1.29 1.28 1.35 1.52 1.67 1.63 1.50 1.40 1.38 1.41 1.45 1.48 1.49 1.52 1.54 1.56 1.58 1.58 1.58 1.58 1.59 1.60 1.61 1.62 1.62 1.63 1.63 1.63 1.63 1.63 1.62 1.61 1.61 1.59 1.57 1.51 1.45 1.41 1.44 1.51 1.59 1.74 1.91 2.01 2.10 2.25 2.42 2.51 2.57 2.56 2.47 2.45 2.51 2.64 2.84 3.07 3.22 3.19 3.04 2.83 2.67 2.61 2.63 2.59 2.51 2.49 2.60 2.77 2.87 2.90 2.95 3.05 3.17 3.31 3.39 3.38 3.30 3.25 3.28
1.67 1.66 1.70 1.73 1.67 1.53 1.39 1.32 1.39 1.59 1.73 1.71 1.58 1.42 1.36 1.39 1.45 1.47 1.49 1.50 1.52 1.56 1.57 1.58 1.58 1.59 1.59 1.60 1.61 1.62 1.62 1.62 1.62 1.62 1.62 1.62 1.62 1.61 1.60 1.58 1.56 1.53 1.51 1.52 1.55 1.60 1.64 1.68 1.75 1.86 2.01 2.16 2.26 2.35 2.40 2.40 2.51 2.70 2.90 3.09 3.18 3.11 2.98 2.87 2.75 2.60 2.48 2.42 2.33 2.33 2.54 2.85 3.02 3.09 3.17 3.28 3.44 3.59 3.69 3.69 3.57 3.37 3.19 3.06
1.71 1.69 1.67 1.70 1.73 1.71 1.63 1.49 1.43 1.51 1.66 1.77 1.75 1.57 1.37 1.31 1.36 1.42 1.46 1.49 1.50 1.51 1.53 1.56 1.57 1.57 1.58 1.59 1.60 1.60 1.61 1.61 1.62 1.62 1.62 1.62 1.62 1.61 1.60 1.59 1.58 1.57 1.55 1.54 1.53 1.52 1.50 1.49 1.52 1.59 1.72 1.93 2.14 2.29 2.35 2.40 2.49 2.66 2.88 3.04 3.06 2.99 2.89 2.83 2.79 2.68 2.57 2.52 2.55 2.69 2.86 3.01 3.11 3.22 3.36 3.52 3.69 3.84 3.90 3.83 3.69 3.48 3.22 2.95
1.74 1.72 1.69 1.65 1.63 1.64 1.66 1.60 1.48 1.39 1.40 1.52 1.69 1.72 1.56 1.37 1.30 1.33 1.40 1.45 1.48 1.50 1.51 1.53 1.55 1.56 1.57 1.57 1.58 1.59 1.60 1.61 1.61 1.61 1.62 1.62 1.62 1.62 1.61 1.60 1.60 1.59 1.58 1.57 1.55 1.52 1.50 1.47 1.46 1.49 1.61 1.84 2.09 2.23 2.27 2.29 2.34 2.49 2.68 2.78 2.80 2.80 2.80 2.79 2.78 2.74 2.71 2.70 2.75 2.85 2.93 3.02 3.17 3.36 3.52 3.65 3.75 3.77 3.65 3.51 3.40 3.32 3.20 3.07
1.74 1.72 1.69 1.66 1.62 1.59 1.57 1.55 1.48 1.38 1.33 1.38 1.57 1.78 1.82 1.64 1.41 1.31 1.33 1.39 1.46 1.50 1.53 1.54 1.54 1.54 1.55 1.56 1.57 1.58 1.59 1.59 1.60 1.61 1.61 1.61 1.62 1.62 1.61 1.61 1.61 1.60 1.59 1.59 1.58 1.56 1.55 1.54 1.53 1.55 1.61 1.73 1.88 2.00 2.07 2.15 2.27 2.40 2.49 2.51 2.50 2.48 2.51 2.61 2.73 2.77 2.69 2.59 2.63 2.76 2.88 3.03 3.23 3.42 3.58 3.72 3.75 3.57 3.33 3.17 3.08 3.05 3.02 2.98
1.77 1.75 1.71 1.68 1.66 1.63 1.59 1.55 1.52 1.47 1.42 1.41 1.48 1.66 1.85 1.87 1.69 1.47 1.34 1.33 1.38 1.43 1.47 1.50 1.51 1.51 1.52 1.53 1.54 1.56 1.57 1.58 1.59 1.60 1.60 1.61 1.61 1.62 1.62 1.62 1.61 1.61 1.61 1.60 1.59 1.59 1.59 1.59 1.59 1.59 1.59 1.57 1.62 1.70 1.78 1.88 2.06 2.20 2.22 2.18 2.16 2.18 2.26 2.43 2.62 2.72 2.69 2.57 2.61 2.81 2.99 3.15 3.30 3.44 3.56 3.61 3.52 3.35 3.23 3.16 3.06 2.95 2.84 2.77
1.79 1.75 1.69 1.65 1.65 1.68 1.68 1.65 1.60 1.53 1.46 1.39 1.37 1.44 1.63 1.85 1.89 1.73 1.51 1.35 1.32 1.35 1.40 1.44 1.47 1.49 1.50 1.51 1.53 1.54 1.56 1.57 1.58 1.59 1.60 1.60 1.61 1.61 1.62 1.62 1.62 1.62 1.61 1.61 1.61 1.61 1.61 1.61 1.60 1.59 1.57 1.55 1.58 1.58 1.61 1.74 1.90 1.99 2.03 2.02 2.03 2.11 2.24 2.40 2.55 2.64 2.70 2.74 2.82 2.97 3.11 3.24 3.35 3.46 3.53 3.47 3.30 3.23 3.24 3.22 3.14 3.02 2.92 2.84
1.87 1.76 1.63 1.59 1.58 1.62 1.67 1.69 1.66 1.59 1.49 1.38 1.31 1.33 1.44 1.65 1.86 1.91 1.76 1.55 1.40 1.34 1.36 1.41 1.46 1.49 1.50 1.51 1.51 1.52 1.54 1.55 1.56 1.57 1.58 1.59 1.60 1.61 1.61 1.62 1.62 1.62 1.62 1.62 1.62 1.62 1.62 1.61 1.60 1.59 1.58 1.62 1.65 1.65 1.72 1.85 1.93 1.95 1.99 2.08 2.21 2.31 2.28 2.15 2.08 2.14 2.26 2.61 2.95 3.11 3.19 3.29 3.41 3.49 3.50 3.42 3.38 3.40 3.43 3.42 3.35 3.26 3.23 3.30
2.04 1.85 1.64 1.57 1.53 1.50 1.52 1.57 1.59 1.59 1.53 1.42 1.33 1.34 1.36 1.45 1.68 1.90 1.95 1.80 1.60 1.43 1.35 1.35 1.41 1.46 1.49 1.49 1.49 1.49 1.51 1.53 1.55 1.56 1.57 1.58 1.59 1.60 1.61 1.61 1.62 1.62 1.63 1.63 1.63 1.62 1.62 1.61 1.60 1.60 1.60 1.61 1.63 1.66 1.71 1.83 1.97 2.03 2.07 2.16 2.24 2.15 1.87 1.61 1.54 1.72 2.14 2.64 2.97 3.15 3.28 3.38 3.47 3.50 3.46 3.47 3.59 3.72 3.79 3.75 3.65 3.58 3.63 3.84
2.22 2.04 1.81 1.69 1.61 1.55 1.51 1.52 1.50 1.46 1.48 1.44 1.32 1.29 1.33 1.36 1.45 1.67 1.90 1.95 1.81 1.63 1.48 1.37 1.34 1.40 1.46 1.48 1.49 1.49 1.50 1.51 1.53 1.54 1.56 1.57 1.58 1.59 1.60 1.61 1.62 1.62 1.63 1.63 1.63 1.62 1.62 1.61 1.61 1.61 1.60 1.58 1.56 1.55 1.58 1.71 1.92 2.09 2.15 2.11 1.90 1.63 1.65 1.83 2.12 2.40 2.71 2.90 2.98 3.09 3.24 3.37 3.42 3.39 3.38 3.53 3.72 3.82 3.82 3.76 3.72 3.78 4.03 4.51
2.26 2.24 2.12 1.89 1.72 1.65 1.65 1.70 1.70 1.60 1.52 1.51 1.40 1.26 1.28 1.35 1.36 1.42 1.64 1.89 1.98 1.91 1.75 1.56 1.42 1.39 1.42 1.47 1.49 1.49 1.49 1.49 1.51 1.52 1.54 1.55 1.57 1.58 1.59 1.60 1.61 1.62 1.62 1.63 1.63 1.63 1.62 1.62 1.62 1.61 1.59 1.57 1.52 1.47 1.47 1.56 1.69 1.84 1.93 1.83 1.66 1.73 2.13 2.56 2.85 2.99 3.00 2.94 2.93 3.00 3.10 3.22 3.31 3.36 3.47 3.57 3.63 3.66 3.68 3.81 4.10 4.51 5.14 5.99
2.12 2.41 2.62 2.42 2.09 1.83 1.80 1.89 1.92 1.80 1.64 1.56 1.53 1.42 1.29 1.29 1.35 1.36 1.44 1.66 1.89 2.02 2.00 1.87 1.67 1.49 1.39 1.36 1.36 1.39 1.43 1.45 1.47 1.50 1.52 1.54 1.55 1.57 1.58 1.59 1.61 1.61 1.62 1.62 1.63 1.63 1.63 1.62 1.62 1.61 1.59 1.57 1.53 1.48 1.45 1.43 1.41 1.37 1.39 1.48 1.64 1.93 2.25 2.55 2.80 2.93 2.94 2.86 2.83 2.89 2.97 3.05 3.15 3.28 3.41 3.46 3.47 3.54 3.76 4.17 4.77 5.41 6.03 6.33
1.84 2.23 2.83 3.06 3.01 2.68 2.36 2.35 2.30 2.05 1.81 1.67 1.62 1.59 1.48 1.36 1.35 1.38 1.39 1.45 1.59 1.77 1.95 2.03 1.96 1.80 1.58 1.38 1.28 1.27 1.32 1.38 1.43 1.46 1.49 1.51 1.53 1.55 1.57 1.58 1.59 1.60 1.61 1.62 1.63 1.63 1.63 1.63 1.62 1.61 1.60 1.58 1.55 1.52 1.48 1.40 1.30 1.19 1.16 1.26 1.46 1.71 1.94 2.17 2.41 2.60 2.74 2.84 2.92 2.94 2.91 2.89 2.94 3.03 3.11 3.20 3.28 3.38 3.69 4.19 4.69 5.12 5.21 4.58
1.44 1.49 1.96 2.53 2.90 3.01 2.90 2.83 2.87 2.75 2.52 2.39 2.26 2.08 1.94 1.80 1.63 1.50 1.40 1.37 1.42 1.52 1.65 1.82 1.96 2.00 1.87 1.60 1.37 1.26 1.24 1.28 1.35 1.41 1.46 1.49 1.51 1.53 1.55 1.57 1.58 1.60 1.61 1.61 1.62 1.63 1.63 1.63 1.62 1.62 1.61 1.59 1.58 1.55 1.51 1.46 1.39 1.31 1.26 1.26 1.33 1.47 1.64 1.80 1.88 2.03 2.33 2.67 2.88 2.91 2.84 2.82 2.92 3.01 3.04 3.03 3.02 3.15 3.47 3.88 4.13 4.08 3.57 3.10
1.29 1.14 1.05 1.24 1.64 2.08 2.23 2.25 2.50 2.72 2.71 2.66 2.62 2.52 2.36 2.20 2.03 1.84 1.61 1.43 1.39 1.42 1.47 1.54 1.65 1.87 2.05 1.92 1.65 1.46 1.32 1.25 1.27 1.34 1.40 1.45 1.48 1.51 1.53 1.55 1.57 1.58 1.60 1.61 1.61 1.62 1.62 1.63 1.62 1.62 1.61 1.60 1.59 1.57 1.55 1.52 1.49 1.45 1.42 1.39 1.40 1.43 1.42 1.38 1.38 1.51 1.81 2.08 2.29 2.46 2.66 2.89 3.01 3.00 2.94 2.86 2.89 3.04 3.27 3.43 3.36 2.98 2.62 2.89
1.56 1.38 1.12 1.07 1.21 1.36 1.33 1.28 1.51 1.86 1.87 1.83 1.89 1.99 2.05 2.04 2.03 2.03 1.93 1.73 1.54 1.45 1.43 1.45 1.49 1.70 2.08 2.24 2.06 1.80 1.59 1.40 1.28 1.26 1.32 1.39 1.44 1.48 1.51 1.53 1.55 1.57 1.58 1.59 1.61 1.61 1.62 1.62 1.62 1.62 1.62 1.61 1.61 1.59 1.58 1.57 1.55 1.53 1.52 1.52 1.51 1.49 1.44 1.37 1.35 1.37 1.41 1.48 1.63 1.89 2.34 2.70 2.77 2.69 2.66 2.72 2.86 2.98 3.01 2.83 2.56 2.40 2.61 3.32
1.86 1.69 1.44 1.31 1.29 1.30 1.21 1.08 1.18 1.39 1.36 1.33 1.35 1.38 1.47 1.54 1.62 1.77 1.89 1.91 1.83 1.70 1.60 1.56 1.54 1.59 1.82 2.16 2.25 2.10 1.89 1.70 1.48 1.30 1.26 1.32 1.39 1.44 1.48 1.51 1.53 1.55 1.57 1.58 1.59 1.60 1.61 1.62 1.62 1.62 1.62 1.62 1.62 1.62 1.61 1.60 1.60 1.59 1.59 1.59 1.59 1.58 1.56 1.55 1.53 1.48 1.42 1.39 1.43 1.59 1.83 2.02 2.10 2.06 2.21 2.39 2.61 2.72 2.66 2.48 2.37 2.55 3.15 3.80
2.20 1.98 1.64 1.46 1.40 1.38 1.29 1.19 1.18 1.25 1.29 1.31 1.31 1.29 1.30 1.32 1.35 1.43 1.54 1.67 1.79 1.84 1.82 1.74 1.64 1.57 1.64 1.89 2.15 2.20 2.07 1.93 1.77 1.55 1.37 1.33 1.35 1.38 1.43 1.48 1.51 1.54 1.55 1.57 1.58 1.59 1.60 1.61 1.61 1.62 1.62 1.63 1.63 1.63 1.63 1.63 1.63 1.63 1.63 1.64 1.64 1.65 1.65 1.65 1.63 1.61 1.59 1.58 1.57 1.59 1.58 1.54 1.48 1.57 1.83 2.08 2.30 2.41 2.39 2.44 2.60 3.07 3.80 3.82
