windninja/windninja_output/Output_2025-08-09_2000-2050_Google earth_Fire_150m_10min/merlingen_7.5mi_point_08-09-2025_2010_150m_vel.asc
ncols	158
nrows	163
xllcorner	391686.332397
yllcorner	5160024.123721
cellsize	150.000000
NODATA_value	-32768.000000
[rows 38 to 75 of 163, columns 0 to 83 of 158]
0.85 0.85 0.85 0.84 0.84 0.85 0.85 0.85 0.84 0.85 0.86 0.86 0.86 0.86 0.85 0.85 0.85 0.86 0.86 0.86 0.86 0.85 0.84 0.84 0.82 0.81 0.80 0.82 0.86 0.88 0.86 0.84 0.86 0.93 1.05 1.12 1.13 1.18 1.22 1.18 1.14 1.13 1.14 1.17 1.21 1.21 1.20 1.24 1.30 1.35 1.31 1.25 1.28 1.35 1.33 1.27 1.34 1.51 1.63 1.72 1.82 1.78 1.48 1.14 1.00 1.11 1.41 1.51 1.32 1.21 1.19 1.22 1.25 1.21 1.12 1.05 0.98 1.05 1.29 1.41 1.16 1.07 1.21 1.47
0.83 0.83 0.83 0.84 0.84 0.84 0.84 0.84 0.85 0.85 0.86 0.86 0.86 0.86 0.86 0.86 0.85 0.85 0.85 0.85 0.85 0.85 0.85 0.84 0.82 0.80 0.79 0.78 0.76 0.74 0.72 0.73 0.77 0.86 0.96 1.05 1.14 1.27 1.35 1.31 1.23 1.18 1.17 1.21 1.30 1.35 1.30 1.26 1.32 1.44 1.46 1.36 1.38 1.55 1.67 1.61 1.60 1.72 1.86 1.96 2.06 2.14 2.00 1.52 1.16 1.16 1.42 1.49 1.31 1.21 1.22 1.25 1.27 1.24 1.20 1.17 1.11 1.12 1.30 1.61 1.58 1.33 1.22 1.30
0.83 0.82 0.82 0.83 0.84 0.85 0.85 0.85 0.85 0.85 0.85 0.86 0.86 0.87 0.87 0.87 0.86 0.86 0.86 0.86 0.86 0.85 0.85 0.84 0.83 0.80 0.76 0.71 0.67 0.66 0.67 0.66 0.67 0.74 0.85 0.94 1.03 1.19 1.37 1.44 1.41 1.34 1.28 1.26 1.30 1.38 1.42 1.38 1.37 1.47 1.53 1.44 1.41 1.55 1.74 1.80 1.73 1.70 1.75 1.83 1.88 2.04 2.19 1.91 1.37 1.27 1.52 1.56 1.37 1.29 1.22 1.16 1.11 1.09 1.17 1.24 1.22 1.23 1.29 1.53 1.72 1.69 1.55 1.46
0.83 0.83 0.84 0.84 0.84 0.85 0.85 0.86 0.86 0.85 0.85 0.86 0.86 0.86 0.87 0.87 0.87 0.87 0.87 0.86 0.86 0.85 0.85 0.84 0.82 0.80 0.76 0.71 0.67 0.67 0.68 0.66 0.64 0.68 0.78 0.90 0.98 1.04 1.19 1.43 1.57 1.61 1.58 1.49 1.42 1.48 1.60 1.62 1.58 1.57 1.63 1.57 1.43 1.34 1.37 1.49 1.47 1.36 1.37 1.46 1.53 1.65 1.97 2.11 1.77 1.47 1.59 1.70 1.56 1.47 1.37 1.25 1.16 1.09 1.17 1.27 1.28 1.26 1.23 1.31 1.51 1.66 1.74 1.74
0.83 0.84 0.84 0.85 0.85 0.85 0.85 0.86 0.87 0.86 0.86 0.86 0.87 0.87 0.87 0.88 0.87 0.87 0.87 0.86 0.85 0.85 0.84 0.84 0.82 0.80 0.78 0.74 0.71 0.70 0.71 0.70 0.68 0.69 0.75 0.88 1.02 1.13 1.23 1.37 1.50 1.57 1.61 1.61 1.57 1.56 1.55 1.53 1.47 1.41 1.46 1.46 1.32 1.17 1.12 1.19 1.22 1.16 1.16 1.26 1.32 1.36 1.60 1.97 2.06 1.83 1.73 1.88 1.89 1.78 1.69 1.59 1.46 1.32 1.31 1.35 1.34 1.27 1.23 1.29 1.43 1.49 1.59 1.74
0.83 0.84 0.84 0.85 0.86 0.87 0.86 0.86 0.87 0.87 0.86 0.86 0.87 0.87 0.87 0.87 0.87 0.87 0.87 0.86 0.86 0.85 0.84 0.84 0.84 0.82 0.79 0.77 0.73 0.70 0.70 0.71 0.71 0.72 0.75 0.83 0.97 1.13 1.21 1.25 1.28 1.34 1.40 1.44 1.42 1.36 1.31 1.32 1.30 1.27 1.31 1.36 1.31 1.21 1.15 1.14 1.15 1.15 1.17 1.23 1.24 1.21 1.28 1.53 1.87 1.99 1.93 1.99 2.15 2.23 2.21 2.16 1.99 1.79 1.69 1.60 1.50 1.38 1.29 1.28 1.37 1.47 1.56 1.66
0.84 0.83 0.84 0.84 0.85 0.86 0.86 0.86 0.86 0.87 0.86 0.86 0.87 0.87 0.87 0.87 0.87 0.87 0.87 0.87 0.87 0.86 0.85 0.84 0.84 0.83 0.81 0.79 0.76 0.72 0.71 0.72 0.73 0.73 0.73 0.76 0.82 0.89 0.95 1.01 1.09 1.20 1.27 1.27 1.24 1.22 1.22 1.24 1.29 1.33 1.38 1.44 1.40 1.32 1.27 1.23 1.17 1.16 1.20 1.26 1.28 1.24 1.21 1.27 1.49 1.76 1.87 1.89 2.02 2.25 2.36 2.39 2.35 2.18 1.97 1.78 1.61 1.49 1.39 1.30 1.30 1.40 1.54 1.60
0.85 0.84 0.84 0.85 0.85 0.85 0.86 0.86 0.86 0.87 0.87 0.86 0.86 0.87 0.87 0.87 0.88 0.88 0.88 0.88 0.87 0.87 0.86 0.85 0.84 0.84 0.82 0.80 0.77 0.75 0.74 0.75 0.74 0.73 0.72 0.70 0.68 0.70 0.76 0.86 0.98 1.11 1.18 1.18 1.17 1.21 1.26 1.27 1.30 1.32 1.35 1.39 1.37 1.28 1.25 1.26 1.20 1.16 1.20 1.28 1.35 1.38 1.36 1.36 1.44 1.53 1.63 1.68 1.62 1.65 1.82 1.98 2.09 2.08 1.96 1.79 1.60 1.52 1.50 1.47 1.44 1.42 1.40 1.44
0.86 0.85 0.85 0.85 0.85 0.85 0.84 0.85 0.86 0.86 0.87 0.87 0.87 0.87 0.88 0.88 0.88 0.88 0.88 0.88 0.87 0.87 0.87 0.86 0.85 0.84 0.82 0.81 0.79 0.77 0.75 0.74 0.74 0.72 0.71 0.69 0.65 0.65 0.70 0.79 0.88 0.98 1.10 1.15 1.13 1.16 1.24 1.29 1.27 1.24 1.26 1.30 1.32 1.26 1.20 1.24 1.25 1.20 1.19 1.25 1.39 1.49 1.51 1.48 1.48 1.47 1.48 1.51 1.43 1.36 1.43 1.57 1.74 1.85 1.87 1.80 1.64 1.54 1.54 1.53 1.43 1.31 1.26 1.30
0.88 0.86 0.85 0.85 0.86 0.84 0.82 0.82 0.84 0.85 0.86 0.87 0.87 0.87 0.88 0.88 0.88 0.87 0.88 0.88 0.87 0.86 0.86 0.86 0.85 0.84 0.83 0.82 0.81 0.79 0.77 0.75 0.73 0.70 0.67 0.66 0.66 0.65 0.66 0.71 0.77 0.87 1.02 1.13 1.16 1.17 1.18 1.20 1.21 1.19 1.22 1.26 1.30 1.33 1.30 1.30 1.32 1.30 1.26 1.24 1.34 1.46 1.47 1.39 1.35 1.35 1.34 1.38 1.38 1.35 1.36 1.41 1.54 1.68 1.76 1.76 1.64 1.49 1.39 1.35 1.28 1.20 1.22 1.28
0.88 0.87 0.86 0.85 0.86 0.86 0.81 0.79 0.81 0.83 0.85 0.86 0.86 0.87 0.87 0.87 0.87 0.87 0.87 0.87 0.87 0.87 0.86 0.86 0.85 0.84 0.83 0.83 0.82 0.81 0.79 0.77 0.74 0.71 0.67 0.65 0.65 0.64 0.63 0.64 0.68 0.75 0.87 1.00 1.12 1.18 1.18 1.16 1.18 1.19 1.22 1.24 1.26 1.28 1.30 1.31 1.34 1.35 1.38 1.36 1.34 1.36 1.37 1.28 1.21 1.20 1.22 1.27 1.30 1.30 1.32 1.35 1.43 1.56 1.65 1.67 1.60 1.47 1.36 1.32 1.33 1.29 1.27 1.31
0.88 0.87 0.87 0.86 0.87 0.88 0.84 0.78 0.78 0.81 0.83 0.84 0.85 0.86 0.87 0.87 0.87 0.87 0.87 0.87 0.87 0.87 0.87 0.87 0.87 0.86 0.84 0.84 0.83 0.82 0.81 0.79 0.77 0.74 0.71 0.68 0.67 0.67 0.65 0.64 0.64 0.67 0.74 0.85 0.97 1.07 1.12 1.12 1.13 1.14 1.20 1.28 1.32 1.33 1.35 1.37 1.38 1.38 1.40 1.41 1.36 1.33 1.35 1.30 1.18 1.13 1.15 1.18 1.22 1.26 1.30 1.35 1.40 1.47 1.56 1.62 1.62 1.58 1.54 1.51 1.50 1.46 1.40 1.36
0.89 0.87 0.86 0.89 0.90 0.91 0.90 0.84 0.77 0.78 0.82 0.84 0.85 0.86 0.87 0.88 0.88 0.87 0.88 0.88 0.88 0.88 0.87 0.87 0.88 0.87 0.86 0.85 0.84 0.83 0.82 0.80 0.79 0.77 0.73 0.70 0.67 0.67 0.67 0.65 0.66 0.68 0.72 0.77 0.85 0.96 1.03 1.05 1.05 1.02 1.03 1.17 1.29 1.37 1.43 1.46 1.45 1.43 1.37 1.30 1.26 1.26 1.32 1.32 1.19 1.11 1.10 1.12 1.14 1.19 1.23 1.28 1.33 1.39 1.46 1.53 1.57 1.61 1.63 1.63 1.60 1.56 1.50 1.42
0.91 0.87 0.84 0.87 0.92 0.95 0.97 0.93 0.83 0.78 0.81 0.84 0.85 0.85 0.86 0.88 0.88 0.88 0.88 0.88 0.88 0.88 0.88 0.87 0.87 0.88 0.87 0.86 0.85 0.84 0.83 0.82 0.80 0.78 0.75 0.71 0.67 0.64 0.64 0.65 0.67 0.68 0.69 0.72 0.78 0.88 0.96 1.02 1.06 1.01 0.98 1.12 1.21 1.25 1.32 1.37 1.38 1.37 1.33 1.26 1.21 1.23 1.32 1.32 1.17 1.09 1.09 1.11 1.14 1.17 1.20 1.24 1.29 1.34 1.38 1.41 1.42 1.48 1.58 1.66 1.68 1.62 1.50 1.39
0.95 0.86 0.80 0.84 0.88 0.91 0.95 0.98 0.92 0.83 0.81 0.83 0.84 0.85 0.85 0.86 0.87 0.88 0.88 0.88 0.88 0.87 0.88 0.87 0.87 0.87 0.87 0.86 0.86 0.85 0.84 0.83 0.81 0.80 0.77 0.74 0.69 0.65 0.63 0.64 0.66 0.68 0.67 0.68 0.74 0.83 0.89 0.98 1.13 1.19 1.21 1.29 1.35 1.32 1.27 1.25 1.25 1.27 1.29 1.28 1.24 1.25 1.37 1.36 1.17 1.10 1.12 1.15 1.17 1.19 1.22 1.27 1.31 1.35 1.37 1.35 1.31 1.31 1.39 1.53 1.66 1.71 1.61 1.40
1.02 0.92 0.81 0.83 0.89 0.90 0.93 1.00 0.97 0.87 0.80 0.80 0.82 0.84 0.85 0.86 0.87 0.87 0.87 0.87 0.87 0.87 0.87 0.87 0.87 0.87 0.87 0.87 0.86 0.86 0.85 0.84 0.83 0.81 0.79 0.77 0.73 0.70 0.66 0.64 0.65 0.69 0.69 0.67 0.69 0.79 0.88 0.96 1.13 1.26 1.30 1.31 1.35 1.38 1.32 1.23 1.19 1.22 1.28 1.31 1.29 1.29 1.40 1.39 1.23 1.15 1.17 1.22 1.26 1.26 1.28 1.33 1.37 1.38 1.38 1.35 1.30 1.26 1.24 1.31 1.48 1.68 1.76 1.64
1.04 1.00 0.88 0.82 0.89 0.93 0.93 0.99 1.02 0.92 0.81 0.78 0.80 0.82 0.84 0.86 0.87 0.87 0.88 0.88 0.88 0.87 0.87 0.87 0.87 0.87 0.87 0.87 0.87 0.86 0.85 0.85 0.83 0.82 0.81 0.79 0.76 0.73 0.69 0.64 0.63 0.66 0.67 0.63 0.61 0.70 0.82 0.91 1.02 1.13 1.19 1.22 1.23 1.27 1.33 1.27 1.20 1.22 1.30 1.36 1.37 1.38 1.46 1.44 1.31 1.26 1.28 1.34 1.42 1.44 1.42 1.40 1.38 1.37 1.37 1.37 1.34 1.32 1.30 1.27 1.36 1.58 1.77 1.85
0.99 1.01 0.95 0.80 0.78 0.82 0.82 0.90 1.02 1.01 0.88 0.78 0.77 0.78 0.81 0.83 0.84 0.86 0.87 0.88 0.89 0.88 0.87 0.87 0.87 0.87 0.87 0.87 0.87 0.86 0.86 0.85 0.84 0.83 0.82 0.80 0.79 0.76 0.73 0.68 0.62 0.60 0.60 0.59 0.57 0.60 0.70 0.81 0.90 0.99 1.09 1.19 1.22 1.24 1.32 1.29 1.22 1.23 1.30 1.37 1.43 1.49 1.58 1.55 1.39 1.31 1.32 1.35 1.44 1.50 1.48 1.41 1.37 1.36 1.37 1.39 1.38 1.39 1.41 1.37 1.38 1.51 1.67 1.80
0.94 0.97 0.99 0.90 0.79 0.75 0.73 0.76 0.90 1.01 0.97 0.85 0.78 0.75 0.77 0.80 0.82 0.84 0.85 0.86 0.88 0.88 0.88 0.87 0.87 0.87 0.88 0.87 0.87 0.87 0.86 0.86 0.85 0.84 0.83 0.82 0.80 0.78 0.76 0.72 0.67 0.62 0.61 0.61 0.60 0.60 0.63 0.70 0.77 0.86 0.96 1.10 1.16 1.21 1.30 1.27 1.23 1.25 1.30 1.35 1.41 1.49 1.62 1.64 1.44 1.25 1.21 1.21 1.26 1.34 1.39 1.43 1.44 1.44 1.44 1.44 1.45 1.48 1.49 1.48 1.44 1.46 1.55 1.65
0.94 0.94 0.98 0.99 0.95 0.88 0.79 0.73 0.79 0.94 1.02 0.99 0.90 0.79 0.74 0.76 0.80 0.82 0.83 0.84 0.86 0.88 0.88 0.88 0.87 0.87 0.88 0.88 0.88 0.87 0.87 0.87 0.86 0.85 0.84 0.83 0.82 0.80 0.78 0.75 0.73 0.70 0.67 0.65 0.63 0.60 0.57 0.56 0.61 0.69 0.80 0.97 1.07 1.14 1.26 1.24 1.22 1.28 1.34 1.37 1.40 1.45 1.57 1.66 1.52 1.29 1.17 1.15 1.18 1.26 1.35 1.45 1.50 1.49 1.50 1.51 1.54 1.58 1.59 1.59 1.57 1.54 1.54 1.55
0.97 0.96 0.95 0.97 0.99 0.98 0.93 0.83 0.78 0.85 0.95 1.01 1.02 0.92 0.77 0.72 0.74 0.79 0.82 0.83 0.84 0.85 0.87 0.88 0.88 0.87 0.88 0.88 0.88 0.88 0.87 0.87 0.87 0.86 0.85 0.84 0.83 0.82 0.80 0.78 0.76 0.74 0.71 0.68 0.64 0.59 0.53 0.48 0.47 0.52 0.63 0.82 0.98 1.09 1.22 1.20 1.16 1.21 1.27 1.31 1.36 1.44 1.55 1.66 1.61 1.40 1.24 1.21 1.27 1.35 1.39 1.45 1.50 1.51 1.53 1.54 1.57 1.62 1.65 1.67 1.67 1.66 1.61 1.57
0.98 0.97 0.96 0.95 0.94 0.95 0.96 0.91 0.82 0.77 0.80 0.88 0.99 1.03 0.92 0.77 0.71 0.73 0.78 0.81 0.83 0.85 0.86 0.86 0.87 0.87 0.88 0.88 0.88 0.88 0.88 0.87 0.87 0.87 0.86 0.85 0.84 0.83 0.82 0.80 0.79 0.77 0.75 0.72 0.68 0.63 0.58 0.52 0.46 0.44 0.49 0.66 0.88 1.03 1.16 1.16 1.10 1.11 1.16 1.19 1.25 1.37 1.52 1.65 1.64 1.48 1.33 1.29 1.33 1.39 1.39 1.41 1.48 1.52 1.54 1.56 1.56 1.57 1.59 1.59 1.60 1.64 1.67 1.66
0.98 0.98 0.97 0.96 0.95 0.93 0.92 0.91 0.86 0.79 0.76 0.79 0.90 1.05 1.08 0.96 0.80 0.72 0.73 0.77 0.81 0.84 0.87 0.87 0.87 0.87 0.87 0.87 0.87 0.88 0.88 0.88 0.87 0.87 0.87 0.86 0.85 0.84 0.83 0.82 0.81 0.79 0.77 0.75 0.72 0.69 0.65 0.59 0.52 0.45 0.43 0.50 0.72 0.92 1.05 1.10 1.08 1.06 1.07 1.10 1.14 1.23 1.38 1.55 1.62 1.53 1.36 1.24 1.27 1.33 1.35 1.38 1.43 1.48 1.50 1.54 1.56 1.54 1.52 1.51 1.51 1.55 1.62 1.64
0.98 0.98 0.97 0.96 0.96 0.95 0.93 0.92 0.89 0.85 0.81 0.78 0.82 0.95 1.09 1.12 0.99 0.83 0.74 0.73 0.76 0.80 0.83 0.85 0.86 0.86 0.87 0.87 0.87 0.87 0.88 0.88 0.88 0.87 0.87 0.87 0.86 0.85 0.84 0.83 0.82 0.81 0.79 0.77 0.75 0.73 0.69 0.64 0.58 0.51 0.44 0.42 0.53 0.74 0.89 0.96 0.99 0.99 0.98 0.98 1.02 1.09 1.22 1.40 1.52 1.52 1.40 1.26 1.24 1.30 1.35 1.38 1.40 1.43 1.45 1.47 1.51 1.53 1.52 1.53 1.52 1.53 1.56 1.57
0.99 0.97 0.95 0.94 0.94 0.96 0.97 0.96 0.93 0.89 0.83 0.77 0.75 0.81 0.94 1.10 1.13 1.01 0.86 0.75 0.73 0.76 0.79 0.82 0.85 0.86 0.86 0.86 0.86 0.87 0.87 0.88 0.88 0.88 0.87 0.87 0.87 0.86 0.85 0.84 0.83 0.82 0.81 0.79 0.77 0.75 0.72 0.68 0.64 0.57 0.49 0.44 0.48 0.60 0.74 0.86 0.92 0.93 0.93 0.93 0.96 1.02 1.13 1.28 1.42 1.47 1.42 1.34 1.30 1.32 1.35 1.38 1.39 1.39 1.42 1.44 1.46 1.50 1.52 1.55 1.56 1.56 1.59 1.57
1.04 0.98 0.92 0.90 0.89 0.92 0.96 0.98 0.96 0.93 0.87 0.78 0.72 0.73 0.80 0.96 1.11 1.13 1.03 0.89 0.79 0.75 0.76 0.80 0.83 0.86 0.87 0.86 0.86 0.87 0.87 0.87 0.88 0.88 0.88 0.87 0.87 0.87 0.86 0.85 0.84 0.83 0.82 0.81 0.79 0.77 0.75 0.72 0.68 0.62 0.55 0.50 0.50 0.57 0.66 0.82 0.94 0.94 0.91 0.93 0.98 1.04 1.12 1.18 1.24 1.26 1.21 1.25 1.30 1.33 1.35 1.37 1.39 1.38 1.39 1.44 1.48 1.52 1.56 1.61 1.64 1.64 1.67 1.69
1.11 1.02 0.91 0.89 0.86 0.85 0.88 0.92 0.93 0.93 0.90 0.82 0.74 0.73 0.75 0.82 0.98 1.12 1.15 1.07 0.93 0.81 0.76 0.76 0.79 0.84 0.86 0.86 0.85 0.86 0.86 0.87 0.87 0.88 0.88 0.88 0.88 0.87 0.87 0.86 0.85 0.85 0.83 0.82 0.81 0.79 0.77 0.75 0.71 0.67 0.60 0.53 0.50 0.54 0.58 0.71 0.94 1.00 0.95 0.92 0.94 1.00 1.05 1.08 1.08 1.03 1.03 1.12 1.23 1.31 1.36 1.39 1.40 1.37 1.36 1.42 1.51 1.59 1.65 1.71 1.74 1.74 1.74 1.77
1.20 1.11 0.99 0.93 0.89 0.87 0.85 0.88 0.89 0.86 0.87 0.84 0.74 0.71 0.73 0.76 0.83 0.97 1.11 1.16 1.08 0.95 0.85 0.78 0.76 0.80 0.84 0.86 0.86 0.86 0.86 0.86 0.87 0.88 0.88 0.88 0.88 0.88 0.87 0.87 0.86 0.86 0.85 0.84 0.82 0.81 0.79 0.77 0.74 0.70 0.65 0.57 0.51 0.50 0.49 0.55 0.80 1.00 1.00 0.92 0.85 0.87 1.01 1.15 1.19 1.15 1.12 1.14 1.18 1.23 1.29 1.35 1.37 1.34 1.33 1.39 1.49 1.58 1.64 1.71 1.75 1.75 1.76 1.80
1.21 1.21 1.15 1.03 0.94 0.90 0.90 0.94 0.96 0.92 0.88 0.88 0.80 0.70 0.70 0.75 0.76 0.81 0.95 1.11 1.17 1.12 1.02 0.90 0.80 0.79 0.82 0.84 0.86 0.86 0.86 0.86 0.87 0.87 0.88 0.88 0.88 0.88 0.88 0.87 0.87 0.86 0.86 0.85 0.84 0.82 0.81 0.79 0.77 0.73 0.69 0.63 0.56 0.51 0.46 0.43 0.55 0.80 0.95 0.92 0.83 0.86 1.06 1.26 1.35 1.33 1.24 1.16 1.14 1.15 1.18 1.25 1.32 1.33 1.34 1.36 1.41 1.48 1.55 1.66 1.78 1.84 1.88 1.94
1.11 1.27 1.40 1.30 1.14 1.00 0.97 1.03 1.07 1.02 0.93 0.89 0.87 0.80 0.71 0.71 0.76 0.76 0.81 0.96 1.09 1.17 1.17 1.08 0.95 0.85 0.80 0.79 0.80 0.82 0.83 0.84 0.85 0.86 0.87 0.87 0.88 0.88 0.88 0.88 0.87 0.87 0.86 0.86 0.85 0.84 0.82 0.81 0.79 0.76 0.73 0.69 0.64 0.57 0.50 0.42 0.40 0.51 0.71 0.82 0.79 0.82 0.93 1.12 1.26 1.31 1.27 1.19 1.12 1.10 1.11 1.17 1.24 1.27 1.29 1.30 1.32 1.39 1.52 1.66 1.81 1.90 1.90 1.84
0.96 1.17 1.50 1.63 1.61 1.43 1.26 1.27 1.27 1.16 1.03 0.95 0.91 0.89 0.82 0.75 0.76 0.77 0.77 0.82 0.92 1.03 1.14 1.18 1.13 1.04 0.93 0.83 0.76 0.75 0.77 0.80 0.83 0.85 0.86 0.87 0.87 0.88 0.88 0.88 0.88 0.88 0.87 0.87 0.86 0.85 0.84 0.82 0.81 0.79 0.77 0.74 0.70 0.65 0.59 0.52 0.45 0.43 0.53 0.65 0.63 0.62 0.70 0.84 1.01 1.15 1.22 1.22 1.18 1.14 1.11 1.13 1.15 1.15 1.15 1.18 1.22 1.28 1.39 1.51 1.59 1.63 1.62 1.48
0.75 0.78 1.03 1.34 1.54 1.61 1.55 1.51 1.55 1.51 1.39 1.32 1.25 1.15 1.08 1.00 0.92 0.85 0.79 0.77 0.82 0.88 0.96 1.07 1.14 1.17 1.12 0.97 0.81 0.74 0.73 0.75 0.78 0.82 0.84 0.86 0.87 0.88 0.88 0.88 0.88 0.88 0.88 0.87 0.87 0.86 0.85 0.84 0.83 0.81 0.79 0.77 0.75 0.71 0.68 0.63 0.58 0.54 0.53 0.57 0.54 0.49 0.51 0.60 0.70 0.83 0.98 1.10 1.15 1.16 1.14 1.13 1.11 1.09 1.09 1.09 1.09 1.12 1.18 1.28 1.33 1.32 1.37 1.38
0.67 0.59 0.56 0.66 0.88 1.12 1.19 1.20 1.34 1.49 1.49 1.46 1.45 1.40 1.32 1.24 1.15 1.05 0.92 0.82 0.80 0.82 0.85 0.90 0.96 1.10 1.23 1.16 0.98 0.85 0.77 0.72 0.73 0.77 0.81 0.84 0.85 0.87 0.88 0.88 0.88 0.88 0.88 0.88 0.88 0.87 0.86 0.85 0.84 0.83 0.82 0.80 0.78 0.76 0.74 0.71 0.68 0.66 0.63 0.61 0.57 0.50 0.44 0.44 0.45 0.50 0.63 0.76 0.87 0.97 1.05 1.11 1.10 1.07 1.08 1.07 1.05 1.03 1.04 1.07 1.13 1.19 1.26 1.40
0.80 0.71 0.59 0.56 0.64 0.73 0.72 0.70 0.82 1.03 1.05 1.03 1.07 1.13 1.17 1.16 1.16 1.17 1.11 1.00 0.89 0.84 0.84 0.85 0.86 0.96 1.21 1.32 1.21 1.05 0.92 0.81 0.74 0.72 0.76 0.80 0.83 0.86 0.87 0.88 0.88 0.89 0.89 0.88 0.88 0.88 0.87 0.87 0.86 0.85 0.84 0.82 0.81 0.80 0.78 0.76 0.75 0.73 0.71 0.69 0.65 0.60 0.54 0.49 0.44 0.40 0.40 0.45 0.53 0.63 0.79 0.95 1.02 1.00 1.01 1.04 1.03 0.99 0.95 0.92 0.97 1.11 1.22 1.42
0.93 0.86 0.74 0.68 0.67 0.69 0.66 0.59 0.65 0.77 0.77 0.76 0.77 0.80 0.86 0.90 0.95 1.03 1.10 1.11 1.06 0.99 0.93 0.90 0.87 0.88 1.04 1.27 1.33 1.23 1.10 0.99 0.86 0.75 0.72 0.75 0.80 0.83 0.85 0.87 0.88 0.89 0.89 0.89 0.89 0.88 0.88 0.88 0.87 0.86 0.85 0.84 0.83 0.82 0.81 0.80 0.79 0.77 0.76 0.74 0.72 0.69 0.65 0.61 0.56 0.50 0.43 0.40 0.39 0.39 0.45 0.59 0.76 0.78 0.82 0.88 0.92 0.90 0.87 0.88 0.94 1.05 1.21 1.45
1.08 0.98 0.81 0.74 0.72 0.71 0.69 0.65 0.65 0.69 0.72 0.74 0.74 0.74 0.76 0.78 0.79 0.84 0.91 0.98 1.04 1.07 1.05 1.00 0.92 0.87 0.93 1.10 1.26 1.29 1.21 1.13 1.04 0.90 0.78 0.76 0.78 0.80 0.83 0.86 0.87 0.88 0.89 0.89 0.89 0.89 0.89 0.88 0.88 0.87 0.87 0.86 0.85 0.84 0.83 0.83 0.82 0.81 0.79 0.78 0.76 0.75 0.72 0.70 0.66 0.62 0.57 0.51 0.44 0.37 0.32 0.33 0.44 0.53 0.62 0.71 0.78 0.81 0.81 0.87 0.96 1.07 1.22 1.45
1.27 1.12 0.87 0.74 0.71 0.70 0.67 0.66 0.67 0.66 0.68 0.72 0.74 0.74 0.76 0.77 0.77 0.78 0.80 0.83 0.88 0.95 0.99 0.99 0.93 0.88 0.91 1.01 1.15 1.23 1.23 1.19 1.15 1.07 0.94 0.84 0.81 0.80 0.81 0.83 0.86 0.88 0.89 0.89 0.89 0.89 0.89 0.89 0.89 0.88 0.88 0.87 0.87 0.86 0.85 0.85 0.84 0.83 0.82 0.81 0.80 0.78 0.77 0.75 0.73 0.70 0.66 0.62 0.56 0.50 0.43 0.37 0.37 0.42 0.51 0.62 0.70 0.77 0.79 0.85 0.99 1.13 1.26 1.43
1.48 1.30 0.98 0.77 0.67 0.66 0.62 0.60 0.63 0.63 0.63 0.66 0.69 0.71 0.73 0.75 0.76 0.77 0.79 0.80 0.81 0.84 0.88 0.91 0.89 0.84 0.85 0.92 1.06 1.18 1.22 1.20 1.18 1.14 1.03 0.91 0.85 0.82 0.81 0.82 0.85 0.87 0.89 0.89 0.90 0.90 0.90 0.89 0.89 0.89 0.88 0.88 0.88 0.87 0.87 0.86 0.86 0.85 0.84 0.84 0.83 0.81 0.80 0.79 0.77 0.74 0.72 0.69 0.66 0.62 0.57 0.52 0.46 0.42 0.44 0.52 0.61 0.71 0.79 0.85 0.98 1.12 1.26 1.35
