windninja/windninja_output/Output_2025-08-09_2000-2050_Google earth_Fire_150m_10min/merlingen_7.5mi_point_08-09-2025_2030_150m_ang.asc
ncols	158
nrows	163
xllcorner	391686.332397
yllcorner	5160024.123721
cellsize	150.000000
NODATA_value	-32768.000000
[rows 84 to 125 of 163, columns 0 to 93 of 158]
215 208 206 215 219 220 219 219 220 216 207 201 198 200 202 201 199 198 195 191 188 187 188 187 183 183 188 192 193 195 196 197 198 201 204 207 208 207 206 204 201 198 196 195 195 196 195 193 193 195 196 195 193 191 192 194 195 195 195 195 195 194 194 194 194 194 193 193 192 191 191 190 189 188 187 185 183 180 177 174 172 175 183 187 183 178 176 177 178 181 184 188 192 195
210 218 227 231 232 232 231 230 227 219 209 203 200 201 203 202 200 200 198 193 188 185 182 181 180 180 186 192 193 194 196 197 198 200 203 204 205 207 207 204 200 198 197 198 199 199 199 198 198 198 199 200 200 197 195 195 195 195 195 195 195 194 194 194 194 194 193 193 192 192 191 190 189 188 187 185 183 181 178 174 171 172 178 181 178 176 177 180 182 183 185 188 193 197
221 230 238 241 243 241 236 229 223 215 207 203 201 201 203 204 203 204 203 198 191 184 176 170 171 177 183 189 192 193 195 197 196 196 199 200 202 204 205 203 199 197 197 199 200 201 201 202 202 200 200 201 202 200 198 196 196 196 195 195 194 194 194 194 194 194 193 193 193 192 191 191 190 189 187 186 184 181 178 173 169 167 170 173 175 176 178 181 183 185 187 190 191 190
238 243 247 246 241 234 226 218 214 211 208 204 202 201 203 206 206 207 207 201 192 182 169 159 162 172 182 187 192 194 195 196 195 193 195 197 199 201 203 202 200 196 195 198 200 202 203 204 204 203 201 200 200 201 200 198 197 196 195 194 194 193 193 194 194 194 194 193 193 192 192 191 190 189 188 186 184 182 178 173 166 160 160 163 171 177 181 182 186 190 191 188 184 181
245 244 238 229 221 215 213 211 212 215 212 204 199 198 200 204 206 207 205 197 187 175 164 163 168 175 182 188 193 195 196 196 196 195 195 196 198 200 203 204 202 199 196 196 199 201 204 205 205 204 202 199 199 199 199 199 199 197 195 193 192 192 193 193 194 194 194 194 193 193 192 191 191 189 188 187 185 183 179 173 165 156 151 152 160 174 182 186 189 191 188 182 179 178
240 233 221 217 213 210 210 212 214 215 211 201 197 198 201 203 204 204 200 190 176 165 165 171 178 181 185 190 194 196 197 197 197 197 197 196 196 199 204 207 207 204 200 197 198 200 204 206 205 203 201 198 195 194 195 198 200 201 197 189 187 189 192 193 194 194 194 194 194 193 192 192 191 190 189 188 186 183 180 175 167 158 149 144 146 161 182 191 191 189 183 179 184 192
233 227 219 218 217 213 210 210 209 208 207 202 197 199 202 202 201 199 195 180 165 164 172 183 187 187 189 193 195 197 198 198 198 198 199 198 197 197 200 206 209 208 205 201 199 201 204 206 206 204 201 197 194 192 193 198 202 202 196 185 182 186 190 192 193 194 194 194 194 193 193 192 191 191 190 188 187 184 181 177 171 163 155 148 145 153 173 188 189 186 183 186 200 209
225 220 213 211 208 204 200 198 199 203 206 204 199 197 197 195 194 194 191 174 163 170 185 193 192 192 194 195 197 198 199 200 200 199 199 200 198 196 196 200 206 208 207 205 202 202 204 207 208 206 202 197 193 191 191 196 198 195 193 189 185 185 190 192 194 194 194 194 194 194 193 193 192 191 190 189 188 186 183 180 175 169 161 157 156 159 166 179 185 187 191 204 221 230
214 208 201 200 198 194 187 185 190 198 204 202 198 196 195 193 189 187 183 179 175 183 195 200 198 197 198 199 199 200 201 201 201 200 199 199 198 197 196 197 202 208 210 209 206 204 205 209 211 211 206 198 192 189 187 189 190 191 194 196 193 189 191 193 194 194 195 195 194 194 194 193 193 192 191 190 189 187 185 183 179 174 167 161 159 161 165 176 189 201 224 243 255 259
197 195 193 193 193 190 187 184 187 195 200 197 191 189 190 190 185 180 182 187 193 194 200 204 202 201 201 202 202 203 204 205 203 200 198 198 198 198 198 196 197 204 210 211 209 208 208 209 211 212 209 198 189 187 184 181 186 194 200 203 200 194 193 194 194 195 195 195 195 194 194 194 193 193 192 191 190 189 187 185 183 179 175 168 163 162 167 184 215 238 248 254 257 258
177 182 186 188 189 188 188 187 186 192 197 195 191 189 189 191 189 188 192 203 207 203 205 207 205 204 203 203 204 206 208 209 204 198 196 197 199 199 198 196 194 197 205 209 209 208 207 206 206 205 202 194 187 187 186 183 188 197 203 204 203 198 195 195 195 195 195 195 195 195 195 194 194 193 193 192 191 190 189 188 186 184 182 179 176 176 181 201 225 234 235 234 235 236
156 168 181 185 187 188 188 186 183 187 195 199 198 200 199 203 205 212 214 215 214 217 218 218 212 208 205 204 205 207 207 204 200 197 196 198 199 199 198 196 192 191 197 203 205 204 202 200 198 195 195 196 193 191 192 190 191 195 199 202 202 198 196 196 196 195 195 195 196 196 195 195 194 194 193 193 192 192 191 190 189 188 187 186 186 188 192 201 210 215 218 220 221 223
138 154 174 182 188 191 192 188 182 186 205 214 218 221 225 231 232 236 232 220 227 234 237 234 221 210 205 205 204 202 201 201 202 202 200 199 199 198 197 196 192 188 190 197 199 199 198 196 194 193 197 203 202 197 196 195 194 196 198 200 200 199 197 197 196 196 195 196 196 196 195 195 195 195 194 194 193 193 192 192 191 191 190 190 191 193 196 200 204 208 211 213 215 216
129 141 165 180 193 201 202 199 195 198 217 230 234 231 236 239 244 245 238 229 236 243 247 243 220 203 201 203 203 201 203 208 211 210 205 202 200 198 196 195 192 187 186 190 195 196 197 197 198 202 208 211 208 203 200 200 199 199 199 199 200 199 198 197 196 196 195 196 196 196 196 196 196 196 195 195 194 194 194 193 193 193 193 193 194 196 198 200 203 205 208 210 211 213
117 124 154 180 204 212 213 213 214 217 234 252 263 264 262 261 258 255 247 240 238 239 238 225 199 194 200 204 206 209 213 216 216 213 209 205 203 199 195 192 190 187 184 187 194 197 200 204 209 213 213 212 210 206 203 203 202 201 199 199 200 200 198 196 196 195 195 195 196 196 196 196 197 196 196 196 195 195 195 195 195 194 195 195 196 197 199 200 202 204 206 207 209 210
106 107 126 180 224 235 241 241 241 244 251 260 270 277 276 271 268 262 256 246 233 225 217 210 202 203 208 211 214 218 219 219 219 216 211 206 203 200 194 188 186 185 183 185 192 196 199 204 209 211 210 209 208 207 204 203 203 203 200 199 199 199 199 197 195 193 193 194 195 196 197 197 197 197 197 197 196 196 196 196 196 196 196 197 197 198 199 201 202 204 205 206 208 209
112 113 132 194 240 254 262 265 262 259 259 261 267 275 280 275 269 266 255 236 223 217 216 218 220 220 220 220 221 224 227 228 226 221 213 206 202 200 195 186 181 182 181 181 187 193 198 202 205 207 207 206 205 205 204 203 203 204 202 199 197 197 198 198 195 193 191 193 195 196 197 198 198 198 198 198 197 197 197 197 197 197 197 198 198 199 200 201 202 203 205 206 207 208
129 134 159 210 243 255 261 265 264 261 259 258 257 257 258 256 248 241 230 219 218 220 228 233 233 232 231 229 230 233 236 237 236 231 221 209 202 199 195 187 179 177 177 176 181 191 198 201 202 204 205 205 204 204 205 204 202 203 203 200 197 196 198 199 198 195 192 192 194 197 199 199 199 199 199 199 198 198 198 198 198 198 198 198 199 200 200 201 202 203 205 206 207 208
152 159 187 219 241 251 255 256 256 255 254 251 245 236 227 223 223 218 211 213 220 229 238 240 239 239 240 242 242 243 242 240 240 238 230 211 195 191 191 186 179 174 173 172 175 184 192 196 198 201 203 204 204 203 204 203 201 202 203 201 198 196 196 199 200 198 195 194 196 200 203 201 199 199 200 200 200 199 199 199 198 198 199 199 199 200 201 202 203 204 204 206 207 208
178 185 203 220 234 242 247 249 251 252 251 248 239 226 217 217 219 216 214 221 230 236 241 243 241 241 245 249 247 245 242 239 237 234 227 210 185 177 182 181 175 169 167 167 168 174 185 193 197 200 202 203 202 201 201 201 201 202 202 201 199 197 197 199 201 200 198 198 199 201 204 204 201 201 202 202 201 200 200 199 199 199 199 199 200 200 201 202 203 204 205 206 207 208
198 202 211 222 232 240 245 249 252 255 255 251 244 237 235 237 236 233 237 245 244 239 239 239 239 238 240 241 241 241 240 238 234 231 225 213 191 165 163 168 166 162 160 160 161 165 176 187 194 199 201 202 202 200 200 201 201 201 202 202 201 200 199 199 201 202 201 199 198 200 204 207 208 208 208 208 204 202 200 200 199 199 199 199 200 201 202 202 203 204 205 206 207 208
211 213 218 226 233 240 246 247 249 252 255 257 257 257 258 260 260 258 257 255 248 241 238 236 234 232 233 235 235 236 237 234 231 228 225 215 194 169 157 158 160 158 155 153 155 158 167 178 187 194 197 199 200 201 201 201 201 201 202 203 202 202 201 201 202 203 202 199 198 200 204 207 210 210 209 209 206 203 203 203 199 197 198 199 200 201 202 203 204 205 206 207 208 208
220 219 221 225 230 235 240 242 243 244 242 240 240 241 246 254 258 258 254 248 244 242 238 230 228 227 228 229 231 232 231 229 225 222 220 210 190 172 162 156 156 156 152 151 151 152 159 169 178 186 192 195 198 200 201 200 200 201 203 204 204 203 202 202 202 203 203 200 198 201 204 206 208 207 204 204 204 203 204 203 197 193 196 198 200 201 202 203 204 205 206 207 208 208
223 221 221 224 228 231 232 229 224 222 219 217 220 225 234 243 248 249 247 241 238 239 234 223 220 222 222 221 225 229 227 225 218 212 210 203 190 178 167 157 154 153 152 151 150 150 153 162 171 179 187 193 196 198 200 201 201 201 202 204 205 204 202 202 202 202 203 202 198 200 204 206 206 207 206 206 205 201 198 199 198 192 191 196 198 200 202 204 205 206 207 207 208 209
224 223 222 223 222 219 215 211 207 211 216 220 224 228 232 234 235 236 236 234 233 233 229 218 213 216 217 214 218 225 224 222 213 202 204 202 195 183 171 162 157 153 150 151 151 150 150 155 165 175 183 190 194 196 199 201 202 202 201 202 204 205 203 202 204 204 204 203 200 198 202 206 207 206 207 207 206 203 199 201 204 199 192 192 196 200 203 205 206 207 208 208 209 210
226 224 220 216 212 209 209 209 212 218 226 229 229 228 230 229 226 221 222 225 228 231 228 217 207 208 212 210 215 223 221 216 208 199 206 207 197 183 172 170 166 154 147 149 150 149 148 151 159 169 178 186 191 194 197 199 201 202 201 199 201 204 204 203 205 206 205 204 201 198 201 206 207 205 205 206 207 207 204 204 206 205 199 191 193 199 203 206 207 208 209 210 211 212
226 222 217 214 213 215 219 224 227 229 231 232 229 226 227 226 220 210 211 218 226 232 227 215 204 201 205 205 211 219 218 212 206 202 208 207 192 179 176 178 174 162 152 148 146 146 148 149 153 162 171 180 188 194 195 196 199 202 202 199 200 204 206 205 206 208 206 203 202 199 198 202 205 205 206 208 209 210 209 207 208 209 206 199 195 198 204 208 210 211 213 214 214 215
224 222 219 220 223 226 230 231 231 230 230 233 230 224 222 222 214 201 203 212 222 230 226 210 202 198 194 193 201 211 217 213 205 202 204 200 188 181 181 181 175 172 168 155 145 144 146 147 148 155 164 174 184 192 194 195 197 201 203 201 200 203 206 206 205 206 207 205 202 199 197 200 205 207 208 210 210 211 212 212 210 210 210 205 200 201 206 212 215 218 220 220 220 219
227 226 226 226 228 228 226 226 227 226 224 226 225 217 217 219 212 195 195 203 212 222 224 209 200 198 188 182 189 203 212 213 205 199 199 197 192 190 188 183 178 179 175 164 154 149 146 143 142 147 156 168 179 188 193 194 195 199 202 202 200 202 205 205 204 205 206 206 203 199 197 200 205 207 209 210 210 210 211 212 212 211 210 209 205 204 210 217 224 229 230 224 220 219
231 230 229 229 229 228 225 223 221 219 216 218 217 211 213 218 209 189 184 191 202 215 223 216 202 200 193 185 182 191 205 211 209 202 202 202 202 200 193 187 185 180 173 168 162 156 149 144 142 142 148 160 173 184 191 193 193 196 201 202 200 200 203 204 203 203 205 206 204 201 198 199 202 204 208 210 210 209 208 211 213 214 213 213 211 209 213 219 222 223 221 215 213 217
230 230 229 227 226 224 223 221 218 216 213 212 211 208 212 216 204 180 173 182 193 207 217 218 207 200 198 195 190 185 193 206 210 209 208 208 207 202 196 189 184 175 170 170 168 161 155 153 149 145 144 152 164 178 188 191 192 194 198 201 201 199 201 203 202 201 203 204 204 202 200 200 203 204 206 209 211 210 208 210 214 215 212 211 212 209 211 214 212 209 209 208 210 216
228 227 225 223 222 220 220 220 218 215 209 206 205 205 210 214 201 179 170 176 186 198 206 208 206 201 198 197 197 189 187 197 207 213 211 202 196 195 194 187 177 171 172 176 173 166 162 161 157 150 147 148 156 170 184 191 193 193 196 200 200 199 199 202 202 200 201 203 204 203 202 203 206 207 206 208 211 212 209 209 213 215 212 210 211 207 206 207 204 204 208 209 211 214
225 225 224 222 221 219 218 217 215 212 206 202 200 201 207 212 204 184 173 172 181 187 191 198 203 204 201 199 200 192 183 187 200 210 210 196 188 188 188 181 172 171 176 181 179 172 168 163 158 155 152 151 154 164 179 190 193 192 193 197 199 198 199 201 201 199 200 202 203 203 203 203 206 209 208 208 210 212 213 211 215 217 214 211 212 208 202 202 203 206 211 212 210 208
224 225 225 224 223 220 215 211 209 208 207 202 196 195 203 213 211 187 170 165 171 176 179 186 195 200 201 200 200 194 184 182 191 200 199 190 183 183 182 177 174 176 181 184 184 178 170 163 160 160 158 157 157 162 174 186 192 192 193 195 197 196 197 199 200 199 199 200 202 202 202 201 203 207 209 209 209 212 214 213 215 217 214 211 210 207 201 200 204 208 211 211 208 204
226 226 225 225 223 218 211 206 205 206 209 205 193 189 199 213 216 189 163 156 157 164 170 175 183 191 192 191 196 199 193 183 182 187 195 196 191 184 180 178 180 183 184 185 186 180 172 167 165 164 164 162 160 162 170 182 190 192 193 194 195 193 194 197 198 197 197 199 201 202 201 200 201 204 208 210 209 210 212 211 212 216 215 210 208 205 200 200 205 209 210 208 206 205
228 226 224 225 222 216 210 206 206 206 210 209 194 186 195 210 215 199 165 149 144 150 160 166 171 176 179 181 189 194 189 182 178 184 198 205 202 191 187 187 189 188 188 186 184 182 177 171 168 168 168 166 163 163 168 179 189 192 192 193 194 192 192 194 196 197 197 198 201 202 201 199 199 200 205 209 210 210 211 212 215 218 216 210 206 203 200 201 205 208 208 207 206 209
227 225 222 224 224 219 215 212 210 206 208 210 196 186 192 205 214 209 181 153 140 138 145 153 160 165 169 175 180 181 183 182 182 192 204 210 207 200 196 198 199 196 193 190 189 187 183 177 174 173 172 170 167 165 168 177 187 191 192 193 193 191 193 197 202 205 204 200 201 203 201 199 198 198 201 206 209 211 213 215 218 219 216 210 205 202 199 201 205 208 208 207 206 208
226 222 217 215 215 215 215 215 214 207 205 210 198 184 187 198 211 214 199 174 146 128 125 133 142 151 160 168 170 170 175 185 192 199 208 210 210 210 206 204 206 204 202 200 198 196 191 187 183 180 177 174 170 168 170 176 185 190 191 192 194 196 202 210 218 225 223 206 198 201 201 200 198 197 197 201 206 210 213 215 216 217 214 208 203 200 199 201 205 208 208 206 204 204
219 216 209 206 206 206 207 210 214 210 205 210 201 181 180 191 209 217 212 197 167 131 115 111 114 124 139 152 158 161 170 184 194 201 210 212 211 214 208 202 206 210 212 210 206 203 199 195 190 186 182 177 172 171 171 175 183 190 192 196 202 208 216 218 216 215 215 206 191 193 200 200 199 197 195 195 200 205 208 211 213 214 210 204 201 200 199 201 204 207 206 203 201 201
216 214 208 203 202 203 204 207 212 213 208 213 207 184 177 185 205 219 222 216 195 157 123 102 96 101 111 124 138 151 166 183 195 203 211 214 211 214 211 201 201 208 214 214 209 204 200 194 190 188 184 180 176 174 173 175 184 194 199 204 212 216 215 210 205 205 207 206 199 188 193 198 198 197 194 192 194 198 203 205 208 209 207 202 202 202 201 201 205 206 205 201 199 200
216 214 209 204 202 203 203 205 211 211 210 218 216 195 181 181 200 215 220 222 215 188 149 128 114 102 100 116 134 148 168 186 197 202 211 216 212 214 214 205 198 202 211 216 213 206 199 193 188 187 185 184 180 176 176 180 189 202 209 211 211 208 204 201 200 201 205 208 208 201 193 196 197 196 194 190 187 190 195 198 201 206 208 206 205 205 203 204 208 208 204 197 194 196
211 211 208 202 199 201 202 203 206 206 209 220 225 210 191 182 191 203 209 212 214 206 177 151 136 128 128 140 146 158 175 191 200 203 211 217 213 212 215 209 201 199 206 216 217 211 202 193 187 186 187 188 185 181 179 183 191 200 205 203 199 198 198 197 199 201 204 207 210 210 206 203 203 196 189 185 182 182 187 192 196 205 210 210 208 206 204 204 207 207 199 192 190 194
