windninja/windninja_output/Output_2025-08-09_2000-2050_Google earth_Fire_150m_10min/merlingen_7.5mi_point_08-09-2025_2020_150m_vel.asc
ncols	158
nrows	163
xllcorner	391686.332397
yllcorner	5160024.123721
cellsize	150.000000
NODATA_value	-32768.000000
[rows 38 to 75 of 163, columns 0 to 83 of 158]
0.94 0.94 0.94 0.94 0.94 0.95 0.96 0.96 0.96 0.98 0.99 1.00 1.00 1.00 1.00 1.01 1.01 1.02 1.02 1.03 1.03 1.03 1.04 1.03 1.03 1.03 1.04 1.09 1.17 1.20 1.16 1.11 1.09 1.12 1.23 1.30 1.31 1.35 1.39 1.37 1.34 1.34 1.36 1.40 1.45 1.46 1.47 1.53 1.61 1.65 1.61 1.57 1.63 1.69 1.65 1.61 1.72 1.91 2.05 2.14 2.25 2.21 1.88 1.50 1.33 1.40 1.67 1.76 1.61 1.51 1.51 1.57 1.65 1.62 1.49 1.39 1.35 1.47 1.72 1.81 1.53 1.42 1.58 1.88
0.92 0.91 0.92 0.93 0.94 0.94 0.95 0.96 0.97 0.98 0.99 0.99 1.00 1.01 1.01 1.01 1.01 1.01 1.02 1.02 1.03 1.04 1.04 1.04 1.03 1.02 1.03 1.05 1.04 0.99 0.95 0.95 0.98 1.04 1.12 1.22 1.33 1.49 1.57 1.54 1.45 1.40 1.41 1.49 1.60 1.66 1.62 1.59 1.67 1.80 1.81 1.74 1.80 2.00 2.13 2.10 2.11 2.26 2.40 2.50 2.61 2.69 2.50 1.94 1.52 1.48 1.67 1.74 1.59 1.53 1.59 1.67 1.68 1.63 1.59 1.55 1.54 1.60 1.79 2.12 2.08 1.76 1.59 1.67
0.91 0.90 0.91 0.92 0.94 0.95 0.97 0.98 0.98 0.98 0.99 0.99 1.00 1.01 1.02 1.02 1.02 1.02 1.02 1.03 1.03 1.04 1.04 1.04 1.03 1.02 0.99 0.95 0.90 0.87 0.86 0.86 0.85 0.90 0.99 1.10 1.23 1.41 1.62 1.72 1.69 1.62 1.58 1.58 1.63 1.72 1.77 1.75 1.76 1.86 1.91 1.84 1.89 2.08 2.27 2.34 2.29 2.24 2.26 2.32 2.36 2.53 2.71 2.37 1.76 1.63 1.82 1.86 1.70 1.65 1.61 1.50 1.41 1.42 1.57 1.68 1.72 1.75 1.81 2.04 2.27 2.23 2.03 1.89
0.92 0.91 0.93 0.94 0.95 0.96 0.97 0.99 0.99 0.98 0.99 1.00 1.01 1.01 1.03 1.03 1.03 1.04 1.04 1.03 1.04 1.04 1.03 1.03 1.02 1.00 0.97 0.93 0.89 0.88 0.87 0.84 0.81 0.83 0.94 1.09 1.18 1.25 1.44 1.74 1.93 2.00 1.97 1.87 1.80 1.90 2.04 2.08 2.03 2.01 2.05 2.01 1.91 1.81 1.80 1.90 1.88 1.74 1.71 1.78 1.87 2.03 2.43 2.61 2.23 1.87 1.96 2.09 1.99 1.93 1.78 1.60 1.49 1.47 1.59 1.74 1.80 1.78 1.72 1.77 1.98 2.19 2.29 2.27
0.92 0.92 0.94 0.95 0.96 0.96 0.97 0.98 1.00 1.00 1.00 1.01 1.01 1.02 1.03 1.03 1.04 1.04 1.04 1.03 1.03 1.03 1.02 1.02 1.01 1.00 0.98 0.95 0.93 0.92 0.91 0.88 0.86 0.86 0.95 1.10 1.27 1.42 1.56 1.73 1.88 1.96 2.00 2.02 2.02 2.01 1.99 1.93 1.86 1.79 1.82 1.84 1.71 1.53 1.43 1.46 1.49 1.42 1.39 1.48 1.57 1.67 1.99 2.45 2.58 2.32 2.22 2.43 2.48 2.35 2.21 2.07 1.93 1.81 1.82 1.87 1.86 1.78 1.69 1.74 1.89 1.98 2.10 2.29
0.92 0.92 0.94 0.95 0.97 0.98 0.99 0.98 0.99 1.00 1.01 1.01 1.01 1.02 1.02 1.02 1.03 1.03 1.03 1.03 1.03 1.02 1.02 1.03 1.02 1.01 0.99 0.97 0.94 0.91 0.88 0.88 0.89 0.92 0.98 1.09 1.26 1.46 1.57 1.59 1.60 1.64 1.73 1.80 1.80 1.70 1.63 1.61 1.60 1.58 1.62 1.68 1.65 1.54 1.44 1.39 1.38 1.38 1.39 1.45 1.48 1.48 1.59 1.91 2.36 2.56 2.56 2.66 2.85 2.96 2.93 2.86 2.67 2.45 2.33 2.21 2.07 1.90 1.76 1.74 1.84 1.96 2.09 2.24
0.92 0.92 0.93 0.94 0.96 0.98 0.98 0.98 0.99 1.00 1.00 1.01 1.01 1.02 1.02 1.02 1.02 1.03 1.03 1.04 1.04 1.03 1.03 1.02 1.02 1.02 1.01 0.99 0.96 0.92 0.90 0.90 0.92 0.94 0.97 1.02 1.11 1.18 1.21 1.27 1.34 1.47 1.56 1.57 1.52 1.48 1.47 1.51 1.60 1.68 1.75 1.79 1.75 1.65 1.56 1.48 1.40 1.39 1.44 1.52 1.56 1.54 1.51 1.62 1.93 2.30 2.48 2.52 2.70 3.00 3.15 3.18 3.13 2.94 2.67 2.40 2.19 2.03 1.88 1.76 1.76 1.92 2.11 2.16
0.93 0.93 0.94 0.95 0.96 0.96 0.97 0.99 0.99 1.00 1.00 1.00 1.01 1.02 1.03 1.03 1.04 1.04 1.05 1.04 1.05 1.05 1.04 1.03 1.02 1.03 1.02 0.99 0.96 0.95 0.94 0.94 0.94 0.95 0.95 0.95 0.93 0.93 0.98 1.08 1.23 1.37 1.44 1.42 1.41 1.47 1.53 1.57 1.64 1.69 1.68 1.69 1.66 1.55 1.50 1.49 1.43 1.39 1.45 1.57 1.68 1.74 1.76 1.81 1.93 2.03 2.14 2.20 2.15 2.20 2.41 2.60 2.74 2.73 2.57 2.36 2.13 2.05 2.02 1.99 1.99 1.97 1.89 1.86
0.95 0.94 0.95 0.96 0.95 0.95 0.96 0.97 0.98 1.00 1.01 1.01 1.01 1.02 1.03 1.04 1.04 1.04 1.04 1.04 1.04 1.04 1.04 1.03 1.03 1.02 1.01 0.99 0.97 0.96 0.94 0.94 0.94 0.94 0.95 0.92 0.88 0.87 0.92 1.02 1.13 1.22 1.32 1.37 1.36 1.42 1.53 1.62 1.62 1.55 1.52 1.56 1.57 1.50 1.43 1.47 1.49 1.45 1.47 1.60 1.80 1.95 2.01 2.02 1.99 1.94 1.92 1.94 1.86 1.79 1.86 2.03 2.22 2.36 2.41 2.35 2.17 2.06 2.08 2.08 1.95 1.76 1.61 1.62
0.96 0.96 0.95 0.95 0.95 0.93 0.92 0.94 0.96 0.99 1.00 1.02 1.02 1.02 1.03 1.03 1.03 1.03 1.04 1.04 1.03 1.03 1.03 1.03 1.02 1.01 1.00 1.00 0.99 0.98 0.96 0.94 0.92 0.90 0.88 0.87 0.87 0.87 0.89 0.94 1.01 1.10 1.22 1.35 1.41 1.44 1.47 1.50 1.49 1.46 1.47 1.50 1.54 1.58 1.55 1.56 1.60 1.61 1.59 1.64 1.80 1.94 1.94 1.84 1.76 1.73 1.70 1.75 1.77 1.75 1.76 1.80 1.95 2.13 2.25 2.27 2.16 1.99 1.86 1.79 1.65 1.51 1.52 1.61
0.97 0.97 0.96 0.95 0.95 0.94 0.91 0.91 0.94 0.96 0.98 0.99 1.01 1.02 1.02 1.02 1.02 1.02 1.03 1.03 1.03 1.03 1.03 1.03 1.02 1.01 1.01 1.01 1.00 0.99 0.98 0.96 0.93 0.90 0.87 0.86 0.86 0.86 0.85 0.86 0.89 0.95 1.06 1.22 1.38 1.47 1.47 1.44 1.43 1.44 1.45 1.47 1.48 1.52 1.56 1.60 1.65 1.71 1.80 1.84 1.82 1.79 1.74 1.61 1.50 1.49 1.53 1.61 1.66 1.67 1.68 1.71 1.81 1.97 2.10 2.15 2.09 1.94 1.79 1.71 1.69 1.64 1.62 1.69
0.97 0.96 0.96 0.96 0.95 0.95 0.93 0.90 0.91 0.94 0.97 0.98 0.99 1.00 1.02 1.02 1.02 1.02 1.03 1.03 1.03 1.03 1.03 1.04 1.04 1.03 1.02 1.02 1.01 1.00 0.99 0.98 0.96 0.93 0.91 0.89 0.89 0.89 0.88 0.86 0.84 0.85 0.92 1.07 1.22 1.33 1.37 1.36 1.36 1.37 1.43 1.52 1.57 1.61 1.66 1.70 1.75 1.80 1.87 1.88 1.80 1.70 1.65 1.56 1.43 1.40 1.44 1.50 1.56 1.60 1.65 1.70 1.76 1.86 1.99 2.09 2.11 2.09 2.03 1.97 1.93 1.89 1.82 1.79
0.98 0.96 0.96 0.98 1.00 1.00 1.00 0.95 0.90 0.92 0.96 0.98 0.99 1.00 1.02 1.03 1.03 1.03 1.03 1.04 1.04 1.04 1.04 1.04 1.05 1.05 1.04 1.03 1.02 1.01 1.00 0.99 0.98 0.96 0.93 0.91 0.89 0.89 0.88 0.86 0.85 0.87 0.92 0.99 1.08 1.17 1.23 1.24 1.23 1.19 1.22 1.39 1.56 1.70 1.80 1.85 1.88 1.87 1.79 1.68 1.60 1.55 1.56 1.53 1.42 1.38 1.39 1.41 1.45 1.50 1.55 1.61 1.68 1.76 1.86 1.98 2.06 2.12 2.14 2.12 2.07 2.02 1.96 1.88
0.98 0.95 0.94 0.98 1.03 1.07 1.08 1.04 0.96 0.92 0.94 0.98 0.99 1.00 1.01 1.02 1.03 1.03 1.03 1.04 1.04 1.05 1.05 1.04 1.04 1.05 1.04 1.03 1.02 1.02 1.01 1.00 0.99 0.98 0.95 0.91 0.87 0.84 0.84 0.85 0.86 0.88 0.90 0.95 1.01 1.07 1.14 1.20 1.23 1.18 1.18 1.36 1.49 1.56 1.67 1.77 1.79 1.76 1.68 1.57 1.48 1.47 1.53 1.51 1.40 1.36 1.38 1.41 1.44 1.47 1.50 1.56 1.63 1.71 1.77 1.82 1.86 1.94 2.06 2.17 2.18 2.09 1.94 1.81
1.00 0.94 0.91 0.95 0.99 1.02 1.07 1.09 1.04 0.97 0.95 0.97 0.98 0.99 0.99 1.00 1.02 1.03 1.03 1.04 1.04 1.04 1.04 1.04 1.03 1.04 1.04 1.04 1.03 1.03 1.02 1.01 1.00 0.98 0.96 0.93 0.89 0.85 0.83 0.84 0.86 0.88 0.88 0.91 0.96 1.01 1.06 1.17 1.35 1.46 1.53 1.63 1.70 1.67 1.62 1.60 1.58 1.58 1.58 1.55 1.51 1.51 1.58 1.56 1.42 1.39 1.43 1.46 1.48 1.51 1.54 1.61 1.67 1.73 1.76 1.74 1.71 1.72 1.82 1.99 2.14 2.19 2.06 1.80
1.08 1.00 0.93 0.96 1.01 1.02 1.06 1.11 1.08 0.99 0.94 0.94 0.96 0.98 0.99 1.00 1.01 1.02 1.03 1.03 1.03 1.02 1.03 1.04 1.04 1.04 1.04 1.04 1.03 1.03 1.02 1.02 1.01 0.99 0.98 0.95 0.92 0.89 0.85 0.84 0.86 0.90 0.91 0.90 0.90 0.97 1.06 1.18 1.41 1.59 1.66 1.67 1.71 1.75 1.66 1.53 1.47 1.50 1.55 1.58 1.56 1.55 1.61 1.62 1.51 1.48 1.51 1.56 1.60 1.61 1.64 1.71 1.76 1.78 1.77 1.74 1.69 1.64 1.61 1.69 1.91 2.16 2.26 2.12
1.13 1.10 1.01 0.97 1.02 1.06 1.06 1.11 1.12 1.03 0.93 0.91 0.93 0.96 0.98 1.00 1.01 1.02 1.02 1.03 1.03 1.03 1.03 1.03 1.04 1.04 1.04 1.04 1.04 1.03 1.03 1.02 1.01 1.00 0.99 0.97 0.95 0.92 0.88 0.84 0.84 0.86 0.86 0.82 0.80 0.87 1.03 1.16 1.31 1.45 1.52 1.54 1.55 1.59 1.62 1.54 1.48 1.51 1.59 1.66 1.68 1.67 1.71 1.71 1.65 1.64 1.67 1.75 1.84 1.86 1.83 1.80 1.77 1.75 1.76 1.76 1.73 1.71 1.68 1.65 1.78 2.06 2.31 2.42
1.09 1.11 1.06 0.92 0.88 0.91 0.93 1.01 1.11 1.10 0.99 0.90 0.89 0.91 0.94 0.97 0.98 1.00 1.01 1.03 1.04 1.03 1.03 1.03 1.03 1.04 1.04 1.04 1.04 1.04 1.03 1.03 1.02 1.01 1.00 0.99 0.97 0.94 0.91 0.87 0.81 0.77 0.75 0.74 0.73 0.78 0.91 1.07 1.19 1.29 1.39 1.50 1.53 1.54 1.58 1.56 1.52 1.53 1.60 1.69 1.77 1.85 1.91 1.88 1.76 1.71 1.73 1.77 1.87 1.94 1.89 1.80 1.75 1.74 1.77 1.80 1.80 1.82 1.84 1.81 1.84 2.00 2.20 2.36
1.04 1.06 1.08 0.99 0.87 0.82 0.81 0.85 0.99 1.10 1.07 0.97 0.90 0.88 0.90 0.93 0.96 0.98 0.99 1.01 1.02 1.03 1.03 1.03 1.03 1.04 1.04 1.04 1.04 1.04 1.04 1.03 1.03 1.02 1.01 1.00 0.98 0.96 0.94 0.90 0.84 0.78 0.76 0.77 0.78 0.80 0.87 0.96 1.04 1.13 1.25 1.38 1.45 1.49 1.54 1.53 1.53 1.57 1.62 1.69 1.78 1.86 1.98 1.99 1.80 1.62 1.58 1.58 1.62 1.70 1.75 1.82 1.85 1.86 1.87 1.88 1.91 1.94 1.97 1.98 1.94 1.95 2.05 2.18
1.04 1.04 1.07 1.10 1.05 0.97 0.89 0.83 0.89 1.04 1.14 1.12 1.03 0.92 0.86 0.89 0.93 0.96 0.97 0.98 1.00 1.03 1.04 1.04 1.03 1.04 1.04 1.04 1.04 1.04 1.04 1.04 1.03 1.03 1.02 1.01 1.00 0.98 0.96 0.93 0.90 0.87 0.84 0.82 0.82 0.81 0.79 0.79 0.84 0.94 1.06 1.22 1.31 1.38 1.49 1.51 1.53 1.61 1.69 1.74 1.78 1.81 1.90 1.99 1.87 1.65 1.52 1.49 1.51 1.59 1.71 1.86 1.93 1.95 1.97 2.00 2.05 2.10 2.13 2.14 2.11 2.05 2.03 2.04
1.07 1.05 1.05 1.08 1.10 1.09 1.04 0.94 0.90 0.97 1.08 1.15 1.15 1.03 0.89 0.84 0.87 0.92 0.95 0.98 0.99 1.00 1.01 1.03 1.03 1.03 1.04 1.04 1.04 1.04 1.04 1.04 1.04 1.03 1.02 1.02 1.01 0.99 0.98 0.96 0.94 0.92 0.89 0.86 0.82 0.78 0.72 0.67 0.68 0.74 0.86 1.04 1.21 1.32 1.44 1.46 1.46 1.53 1.62 1.67 1.72 1.78 1.88 1.99 1.97 1.77 1.60 1.57 1.63 1.74 1.80 1.88 1.94 1.97 2.02 2.06 2.11 2.18 2.23 2.25 2.25 2.21 2.13 2.05
1.08 1.07 1.06 1.04 1.04 1.05 1.06 1.02 0.93 0.88 0.90 1.00 1.12 1.15 1.04 0.90 0.84 0.86 0.91 0.95 0.98 0.99 1.00 1.01 1.03 1.03 1.03 1.04 1.04 1.04 1.04 1.04 1.04 1.04 1.03 1.02 1.02 1.01 0.99 0.98 0.96 0.95 0.93 0.90 0.86 0.81 0.76 0.70 0.66 0.66 0.73 0.88 1.10 1.24 1.37 1.41 1.38 1.40 1.46 1.51 1.56 1.68 1.84 1.98 1.99 1.85 1.71 1.68 1.73 1.79 1.80 1.84 1.93 2.00 2.05 2.09 2.10 2.11 2.14 2.14 2.14 2.17 2.19 2.18
1.08 1.08 1.07 1.05 1.04 1.02 1.01 1.00 0.95 0.89 0.86 0.91 1.03 1.19 1.22 1.10 0.93 0.85 0.86 0.91 0.95 0.99 1.02 1.02 1.02 1.03 1.03 1.03 1.03 1.04 1.04 1.04 1.04 1.04 1.04 1.03 1.02 1.02 1.01 0.99 0.98 0.97 0.95 0.93 0.90 0.87 0.83 0.78 0.72 0.67 0.67 0.73 0.91 1.10 1.25 1.34 1.34 1.33 1.33 1.37 1.41 1.50 1.66 1.86 1.96 1.90 1.73 1.61 1.64 1.71 1.75 1.80 1.89 1.96 2.02 2.08 2.10 2.06 2.02 2.00 1.99 2.04 2.12 2.15
1.08 1.08 1.07 1.05 1.05 1.05 1.02 1.00 0.99 0.96 0.93 0.92 0.97 1.10 1.24 1.26 1.13 0.97 0.88 0.87 0.90 0.94 0.98 1.00 1.01 1.01 1.02 1.02 1.03 1.03 1.04 1.04 1.04 1.04 1.04 1.04 1.03 1.02 1.02 1.01 1.00 0.98 0.97 0.95 0.93 0.91 0.87 0.83 0.77 0.71 0.66 0.64 0.70 0.88 1.05 1.15 1.21 1.20 1.19 1.20 1.23 1.31 1.46 1.67 1.84 1.87 1.77 1.62 1.60 1.69 1.76 1.81 1.86 1.91 1.95 1.98 2.01 2.03 2.01 2.01 2.00 2.00 2.03 2.03
1.09 1.07 1.04 1.03 1.03 1.06 1.07 1.06 1.04 1.00 0.94 0.90 0.89 0.95 1.08 1.24 1.27 1.16 1.00 0.89 0.86 0.89 0.93 0.96 0.99 1.00 1.01 1.01 1.02 1.03 1.03 1.04 1.04 1.04 1.04 1.04 1.04 1.03 1.03 1.02 1.01 1.00 0.99 0.97 0.95 0.93 0.90 0.87 0.82 0.76 0.70 0.66 0.66 0.74 0.89 1.02 1.09 1.10 1.10 1.11 1.15 1.23 1.37 1.55 1.73 1.81 1.78 1.73 1.69 1.72 1.77 1.82 1.85 1.87 1.91 1.93 1.95 1.98 2.02 2.05 2.06 2.05 2.07 2.05
1.13 1.07 1.00 0.98 0.98 1.01 1.06 1.08 1.07 1.03 0.97 0.90 0.85 0.87 0.94 1.10 1.25 1.28 1.18 1.04 0.93 0.88 0.90 0.94 0.98 1.01 1.02 1.02 1.02 1.02 1.03 1.03 1.04 1.04 1.04 1.04 1.04 1.04 1.03 1.03 1.02 1.01 1.00 0.99 0.97 0.95 0.93 0.90 0.86 0.81 0.76 0.72 0.70 0.74 0.85 1.01 1.11 1.10 1.08 1.13 1.20 1.29 1.37 1.41 1.47 1.52 1.50 1.60 1.70 1.75 1.78 1.82 1.85 1.86 1.89 1.93 1.98 2.03 2.09 2.14 2.17 2.17 2.20 2.22
1.22 1.10 0.99 0.96 0.94 0.93 0.96 1.00 1.02 1.02 1.00 0.93 0.87 0.87 0.89 0.97 1.13 1.28 1.32 1.23 1.08 0.96 0.90 0.90 0.94 0.98 1.01 1.01 1.01 1.01 1.02 1.03 1.04 1.04 1.04 1.04 1.04 1.04 1.04 1.03 1.03 1.02 1.01 1.00 0.98 0.97 0.95 0.93 0.89 0.85 0.79 0.73 0.70 0.72 0.78 0.92 1.12 1.17 1.14 1.14 1.19 1.24 1.26 1.25 1.24 1.22 1.29 1.46 1.62 1.74 1.81 1.84 1.86 1.85 1.85 1.92 2.03 2.14 2.23 2.29 2.32 2.31 2.32 2.37
1.32 1.22 1.08 1.01 0.98 0.95 0.93 0.95 0.95 0.94 0.96 0.94 0.87 0.85 0.87 0.90 0.97 1.12 1.28 1.32 1.24 1.10 0.99 0.91 0.89 0.93 0.98 1.01 1.01 1.01 1.01 1.02 1.03 1.04 1.04 1.04 1.04 1.04 1.04 1.04 1.03 1.03 1.02 1.01 1.00 0.98 0.97 0.95 0.92 0.88 0.82 0.75 0.69 0.66 0.67 0.75 0.98 1.18 1.21 1.13 1.05 1.05 1.19 1.34 1.42 1.43 1.46 1.51 1.57 1.64 1.72 1.79 1.81 1.79 1.80 1.89 2.03 2.14 2.21 2.29 2.33 2.34 2.37 2.45
1.36 1.35 1.27 1.13 1.03 1.00 1.01 1.04 1.06 1.01 0.98 0.98 0.92 0.83 0.84 0.89 0.90 0.94 1.10 1.27 1.34 1.30 1.18 1.04 0.95 0.93 0.96 0.99 1.01 1.01 1.01 1.01 1.02 1.03 1.04 1.04 1.04 1.05 1.04 1.04 1.04 1.03 1.03 1.02 1.01 1.00 0.98 0.96 0.94 0.91 0.86 0.80 0.73 0.66 0.61 0.61 0.71 0.94 1.11 1.09 1.01 1.06 1.31 1.56 1.69 1.70 1.63 1.55 1.52 1.53 1.58 1.66 1.74 1.78 1.83 1.87 1.92 2.01 2.10 2.24 2.41 2.52 2.62 2.75
1.29 1.45 1.58 1.46 1.26 1.12 1.11 1.17 1.19 1.13 1.04 1.00 1.00 0.94 0.85 0.85 0.88 0.90 0.96 1.11 1.26 1.36 1.36 1.26 1.12 1.00 0.94 0.92 0.92 0.95 0.97 0.99 1.01 1.02 1.03 1.03 1.04 1.04 1.05 1.05 1.04 1.04 1.04 1.03 1.02 1.01 1.00 0.98 0.96 0.93 0.90 0.85 0.79 0.72 0.64 0.55 0.50 0.57 0.77 0.92 0.96 1.05 1.20 1.41 1.59 1.67 1.64 1.55 1.48 1.46 1.48 1.55 1.63 1.70 1.76 1.79 1.81 1.90 2.08 2.28 2.51 2.67 2.70 2.64
1.18 1.39 1.73 1.88 1.85 1.67 1.50 1.48 1.44 1.29 1.16 1.08 1.06 1.04 0.97 0.89 0.89 0.91 0.91 0.96 1.06 1.19 1.32 1.38 1.32 1.21 1.07 0.94 0.87 0.87 0.90 0.94 0.97 1.00 1.01 1.03 1.04 1.04 1.05 1.05 1.05 1.04 1.04 1.04 1.03 1.02 1.01 1.00 0.98 0.96 0.93 0.90 0.86 0.80 0.72 0.63 0.53 0.48 0.55 0.70 0.76 0.81 0.91 1.06 1.27 1.45 1.56 1.58 1.54 1.51 1.49 1.49 1.52 1.55 1.57 1.61 1.67 1.76 1.93 2.11 2.23 2.30 2.25 1.99
0.97 0.97 1.22 1.55 1.78 1.86 1.83 1.79 1.80 1.74 1.63 1.57 1.48 1.37 1.28 1.19 1.09 1.00 0.93 0.90 0.95 1.01 1.11 1.23 1.33 1.36 1.28 1.09 0.93 0.86 0.85 0.88 0.92 0.96 0.99 1.01 1.03 1.04 1.04 1.05 1.05 1.05 1.05 1.04 1.04 1.03 1.02 1.01 1.00 0.98 0.96 0.93 0.90 0.87 0.82 0.76 0.69 0.62 0.60 0.62 0.63 0.62 0.65 0.75 0.88 1.04 1.24 1.41 1.50 1.53 1.51 1.48 1.47 1.47 1.48 1.48 1.49 1.55 1.66 1.80 1.85 1.80 1.76 1.70
0.83 0.73 0.63 0.71 0.94 1.22 1.35 1.41 1.56 1.70 1.73 1.73 1.71 1.65 1.56 1.46 1.36 1.23 1.07 0.96 0.93 0.94 0.98 1.03 1.12 1.27 1.39 1.31 1.12 0.99 0.89 0.85 0.86 0.91 0.95 0.99 1.01 1.03 1.04 1.04 1.05 1.05 1.05 1.05 1.04 1.04 1.03 1.02 1.01 1.00 0.98 0.96 0.94 0.92 0.88 0.85 0.81 0.77 0.73 0.71 0.67 0.61 0.53 0.50 0.52 0.60 0.78 0.97 1.13 1.26 1.38 1.45 1.45 1.44 1.45 1.44 1.42 1.43 1.47 1.52 1.53 1.52 1.55 1.67
0.92 0.81 0.63 0.55 0.60 0.71 0.74 0.75 0.88 1.09 1.14 1.15 1.20 1.28 1.34 1.35 1.35 1.35 1.29 1.16 1.03 0.97 0.96 0.98 1.00 1.14 1.40 1.51 1.40 1.22 1.08 0.95 0.87 0.86 0.90 0.95 0.98 1.01 1.03 1.04 1.05 1.05 1.05 1.05 1.05 1.05 1.04 1.03 1.03 1.01 1.00 0.99 0.97 0.95 0.93 0.91 0.89 0.87 0.84 0.82 0.77 0.71 0.63 0.56 0.50 0.46 0.47 0.54 0.67 0.83 1.05 1.24 1.32 1.32 1.34 1.38 1.39 1.37 1.34 1.27 1.26 1.37 1.49 1.66
1.04 0.94 0.79 0.70 0.67 0.68 0.65 0.59 0.62 0.74 0.77 0.78 0.80 0.86 0.93 1.00 1.07 1.17 1.26 1.28 1.23 1.14 1.07 1.05 1.04 1.07 1.22 1.45 1.52 1.42 1.28 1.15 1.01 0.88 0.86 0.89 0.94 0.98 1.01 1.03 1.04 1.05 1.05 1.05 1.05 1.05 1.05 1.04 1.04 1.03 1.02 1.01 1.00 0.98 0.97 0.95 0.94 0.92 0.91 0.89 0.86 0.83 0.78 0.73 0.67 0.59 0.52 0.47 0.47 0.51 0.59 0.75 0.94 1.00 1.08 1.16 1.23 1.23 1.20 1.17 1.20 1.31 1.47 1.69
1.18 1.05 0.86 0.77 0.74 0.72 0.69 0.64 0.63 0.67 0.72 0.76 0.77 0.79 0.82 0.85 0.88 0.94 1.03 1.12 1.21 1.24 1.22 1.17 1.10 1.06 1.10 1.26 1.43 1.47 1.40 1.31 1.21 1.05 0.93 0.90 0.92 0.95 0.99 1.02 1.03 1.05 1.05 1.06 1.06 1.06 1.05 1.05 1.04 1.04 1.03 1.03 1.02 1.01 1.00 0.99 0.98 0.96 0.95 0.94 0.92 0.90 0.87 0.84 0.80 0.75 0.69 0.62 0.54 0.46 0.39 0.39 0.51 0.66 0.81 0.93 1.04 1.09 1.10 1.15 1.25 1.36 1.50 1.72
1.37 1.19 0.91 0.76 0.71 0.69 0.66 0.64 0.66 0.66 0.69 0.75 0.78 0.80 0.83 0.84 0.85 0.87 0.90 0.94 1.01 1.09 1.14 1.15 1.10 1.06 1.08 1.17 1.31 1.40 1.41 1.38 1.34 1.25 1.12 1.01 0.97 0.96 0.96 0.99 1.02 1.04 1.05 1.06 1.06 1.06 1.06 1.06 1.05 1.05 1.04 1.04 1.03 1.03 1.02 1.01 1.00 1.00 0.99 0.97 0.96 0.94 0.93 0.91 0.88 0.85 0.81 0.76 0.69 0.62 0.53 0.47 0.47 0.55 0.70 0.84 0.95 1.04 1.07 1.14 1.31 1.47 1.57 1.73
1.60 1.38 1.02 0.77 0.65 0.62 0.58 0.57 0.61 0.63 0.64 0.68 0.73 0.76 0.80 0.83 0.85 0.87 0.89 0.91 0.92 0.95 1.00 1.03 1.03 1.00 1.00 1.07 1.21 1.35 1.39 1.38 1.37 1.32 1.20 1.08 1.01 0.98 0.96 0.97 1.00 1.03 1.05 1.06 1.06 1.06 1.06 1.06 1.06 1.05 1.05 1.05 1.04 1.04 1.04 1.03 1.03 1.02 1.01 1.00 0.99 0.98 0.97 0.95 0.93 0.91 0.88 0.85 0.81 0.77 0.72 0.67 0.62 0.60 0.64 0.74 0.86 0.98 1.08 1.18 1.33 1.46 1.54 1.63
