windninja/windninja_output/Output_2025-08-09_2000-2050_Google earth_Fire_150m_10min/merlingen_7.5mi_point_08-09-2025_2040_150m_ang.asc
ncols	158
nrows	163
xllcorner	391686.332397
yllcorner	5160024.123721
cellsize	150.000000
NODATA_value	-32768.000000
[rows 42 to 83 of 163, columns 0 to 93 of 158]
202 202 202 201 201 201 200 200 200 200 199 199 199 198 199 199 198 198 198 198 197 197 196 196 195 194 192 190 188 188 192 194 194 194 194 196 199 199 197 197 198 200 202 200 197 194 197 200 201 201 205 204 198 196 201 208 210 211 217 222 221 215 213 214 213 211 209 208 206 205 207 208 204 196 193 195 191 187 190 200 206 207 209 211 209 207 207 208 208 207 208 214 222 225
202 202 202 202 201 200 200 200 200 200 199 199 199 199 199 199 199 199 198 198 198 197 197 196 196 195 194 192 189 190 193 195 194 191 189 189 191 192 192 194 199 203 203 200 198 199 203 207 208 206 207 206 202 201 205 211 214 216 220 223 222 216 213 212 211 209 203 202 203 202 201 202 200 195 193 195 193 191 193 199 204 206 207 207 207 208 211 213 213 212 212 213 219 224
204 203 203 202 201 201 201 201 200 200 200 199 199 199 199 199 199 199 199 198 198 198 197 197 197 196 194 193 192 192 194 194 193 190 186 184 184 188 192 197 202 204 204 202 203 206 209 210 207 203 203 205 204 204 208 214 216 217 219 220 218 215 212 209 208 206 203 201 201 200 200 202 202 199 199 199 197 195 198 202 204 203 203 207 211 213 214 217 218 218 216 215 222 227
205 204 203 202 202 202 202 201 200 200 200 200 199 199 199 199 199 199 199 199 198 198 198 197 197 196 195 195 195 194 193 193 192 189 186 183 183 187 193 197 200 202 205 205 205 207 209 207 202 200 203 208 209 210 214 218 219 218 217 215 213 211 208 203 202 203 204 204 201 202 205 207 208 208 208 206 201 198 200 202 200 200 205 214 217 216 216 218 220 222 220 219 225 228
206 205 203 203 203 203 202 201 201 201 200 200 200 199 199 199 199 199 199 199 199 198 198 198 197 197 197 197 196 195 194 194 192 189 186 185 185 187 190 193 196 201 206 207 207 207 206 203 201 202 207 211 214 217 219 220 219 217 213 208 206 205 202 199 201 204 206 207 205 204 209 211 214 215 213 210 203 198 199 201 202 206 215 221 220 217 216 217 219 221 222 222 225 226
207 205 204 204 205 205 203 202 201 201 200 200 200 200 200 200 200 200 200 200 199 199 199 199 198 198 198 198 197 196 195 194 193 191 188 187 188 187 187 190 194 199 205 207 206 206 204 203 204 206 210 213 216 218 217 216 216 213 209 202 199 202 202 202 205 208 209 210 207 206 209 212 216 217 215 212 206 201 202 207 213 217 221 221 218 216 215 216 218 220 221 222 224 224
207 206 205 205 206 207 204 201 201 201 201 201 200 200 200 200 200 200 200 200 200 200 199 199 199 199 198 198 198 197 196 196 195 193 190 188 188 188 187 189 193 198 203 204 204 204 203 204 206 207 211 216 219 219 217 214 213 208 203 198 196 202 208 210 212 213 211 210 209 209 211 214 216 217 216 214 210 206 208 213 218 219 218 216 214 212 213 214 215 215 218 223 224 223
208 207 206 206 207 208 206 202 200 201 201 201 201 201 201 201 201 200 201 201 200 200 200 200 200 199 199 198 198 198 197 197 196 194 192 189 188 189 188 189 193 198 200 200 201 204 205 206 208 209 212 216 217 216 213 211 208 203 199 198 199 206 214 217 216 212 210 209 210 211 212 214 215 216 215 213 209 207 208 212 215 215 214 212 211 210 210 209 210 212 217 223 225 224
209 208 206 206 207 207 206 204 200 200 201 201 201 201 201 201 201 201 201 201 200 200 200 200 200 200 199 199 199 199 198 198 197 196 194 190 189 189 190 191 194 196 196 196 199 205 207 209 213 215 215 216 214 209 207 206 203 201 200 202 206 213 220 222 217 211 210 210 211 212 214 215 216 216 214 211 207 206 209 212 214 214 213 211 210 208 207 207 210 214 218 223 226 226
213 210 206 205 206 205 206 206 202 199 200 201 201 201 201 201 201 201 201 201 201 201 200 200 200 200 200 200 200 199 199 199 198 197 195 193 191 191 191 192 194 195 194 193 198 205 208 211 217 218 215 213 211 208 205 204 203 203 205 208 212 218 224 224 217 210 209 209 210 213 214 216 215 214 212 210 208 206 208 212 214 216 216 214 211 208 208 210 214 217 219 223 227 228
217 212 206 205 206 205 206 207 204 200 199 201 201 201 202 202 202 202 201 201 201 201 201 201 201 201 201 201 200 200 200 199 199 198 197 196 194 193 191 191 193 195 193 191 196 204 208 210 213 210 204 204 206 206 205 205 205 207 210 213 216 218 224 224 215 208 207 207 210 212 213 213 212 212 212 211 209 208 209 212 214 217 219 218 216 214 213 215 218 220 221 224 225 226
218 213 204 203 205 205 204 207 207 203 200 201 202 202 202 202 202 202 202 202 202 202 202 202 201 201 201 201 201 201 200 200 200 199 198 198 196 195 193 191 192 195 193 190 194 203 205 203 204 202 199 201 204 206 207 208 207 209 213 216 217 218 224 222 212 205 204 205 209 210 209 209 209 211 212 212 210 210 213 214 214 216 218 218 218 219 217 216 218 221 223 223 221 220
215 212 205 201 204 204 203 207 210 208 203 202 202 202 202 202 202 202 202 203 202 202 202 202 202 202 202 202 201 201 201 201 200 200 200 199 198 197 195 192 191 194 195 194 194 199 200 197 197 198 200 204 205 207 211 210 206 208 212 214 215 218 222 219 209 202 200 201 205 207 206 208 210 213 213 212 211 212 214 212 211 213 215 214 215 217 218 218 219 220 221 220 217 214
211 212 209 204 206 208 206 207 211 211 207 203 202 202 202 203 203 203 203 203 203 203 202 202 202 202 202 202 202 202 202 201 201 201 201 200 199 198 197 195 193 195 199 198 196 194 194 192 193 195 199 205 206 208 214 211 206 207 211 212 213 214 217 215 207 201 199 199 203 206 208 211 214 213 212 211 210 211 212 209 207 210 212 212 213 214 215 216 218 220 222 220 215 211
211 212 212 210 210 211 209 207 210 212 209 205 203 202 202 203 203 203 203 203 203 203 203 203 202 202 203 202 202 202 202 202 202 202 201 201 201 200 199 198 197 198 199 198 195 190 187 187 189 192 197 204 206 210 215 210 205 207 210 210 210 212 216 216 209 202 199 200 205 210 213 213 212 210 210 209 209 210 209 207 206 208 211 211 212 213 214 214 216 220 225 223 213 204
213 212 212 211 210 210 209 206 207 210 209 206 205 204 202 202 203 203 203 203 203 203 203 203 203 203 203 203 203 203 203 203 203 202 202 202 201 201 200 200 200 199 199 197 194 190 186 184 186 187 194 204 208 212 216 209 203 206 207 207 208 212 217 218 212 204 200 202 207 212 212 210 210 209 208 206 206 207 206 205 206 208 211 213 215 217 218 218 216 217 219 212 197 195
213 212 212 211 210 210 209 207 204 206 207 207 208 208 205 202 202 203 203 203 203 204 204 204 203 203 203 203 203 203 203 203 203 203 203 203 202 202 202 201 201 201 200 198 196 194 190 186 183 182 188 203 209 213 215 208 203 205 206 206 208 213 217 218 214 206 201 201 205 208 207 208 209 208 206 204 204 204 203 203 205 208 211 214 218 221 222 221 217 213 209 201 194 197
213 213 212 212 212 212 211 209 206 207 208 208 209 210 208 204 202 202 203 203 204 204 204 204 204 204 204 204 204 204 204 204 204 204 203 203 203 203 202 202 202 201 201 200 198 197 195 190 184 178 181 196 207 212 213 209 204 206 207 208 209 213 216 218 216 209 202 199 202 206 207 207 207 206 204 203 203 203 203 205 207 210 213 214 216 219 220 218 214 207 203 202 201 206
213 213 213 213 213 213 213 212 211 209 207 205 206 208 209 207 204 202 202 203 203 204 204 204 204 204 204 204 204 204 204 204 204 204 204 204 204 203 203 203 203 202 202 201 200 199 197 194 189 181 176 187 204 211 212 209 207 208 209 209 211 214 217 219 217 211 204 199 203 207 207 206 206 204 202 202 203 204 205 208 209 212 214 215 216 217 217 214 209 205 204 206 207 213
214 215 215 214 214 214 214 213 212 209 206 202 202 205 208 209 207 204 203 202 203 203 204 205 205 205 205 205 205 205 205 205 205 205 205 204 204 204 204 204 203 203 203 202 201 201 199 197 194 187 178 182 201 211 212 211 211 212 212 212 213 216 218 219 217 213 206 202 205 207 206 205 204 203 201 201 204 206 207 209 210 213 216 218 218 217 215 211 207 205 203 208 213 217
217 217 217 216 214 214 213 212 212 210 207 203 201 203 206 209 209 207 205 203 203 203 204 205 205 206 206 205 205 205 205 205 205 205 205 205 205 205 205 204 204 204 203 203 203 202 201 199 197 193 185 184 196 207 210 213 216 216 214 214 214 215 215 216 216 213 208 204 205 205 204 204 204 202 200 202 205 207 208 209 211 214 218 220 219 218 216 209 206 206 206 214 220 221
222 221 220 218 215 213 213 213 212 211 210 206 202 202 203 207 209 209 208 205 204 203 203 204 205 206 206 205 205 205 205 205 205 205 205 205 205 205 205 205 205 205 204 204 204 203 202 201 200 197 191 187 193 201 202 209 216 217 214 212 210 209 212 216 220 218 211 206 204 203 203 203 203 200 199 202 205 206 206 208 211 214 217 218 217 216 213 207 207 210 214 220 223 224
227 225 221 219 216 215 215 215 214 213 212 209 203 201 201 204 207 208 209 208 206 204 204 204 204 205 206 206 206 206 206 206 206 206 206 206 206 206 206 206 205 205 205 205 204 204 204 203 202 200 196 191 193 197 196 203 214 216 212 209 206 208 217 226 230 223 211 204 202 201 202 203 203 200 199 201 203 202 203 206 210 213 214 215 214 213 211 208 209 213 217 221 223 227
227 224 220 218 216 216 216 217 217 216 214 211 205 201 201 202 204 207 209 210 209 207 206 205 204 205 206 206 206 206 206 206 206 206 206 206 206 206 206 206 206 206 206 205 205 205 205 204 203 202 200 197 196 198 194 197 210 214 212 209 207 212 221 224 221 212 203 199 199 200 201 203 204 201 199 198 199 200 201 206 211 213 213 213 213 213 212 210 211 214 218 222 226 230
221 220 218 218 217 215 213 213 215 214 212 211 207 202 200 202 204 205 207 209 209 207 207 206 204 204 206 206 206 207 206 206 207 207 207 207 207 207 207 207 206 206 206 206 206 206 206 205 205 204 203 202 200 200 198 196 205 214 215 213 209 207 212 213 210 206 201 198 199 200 200 203 204 200 197 196 197 199 201 206 210 210 208 205 208 212 213 212 215 217 219 223 227 231
207 210 213 214 215 212 207 209 213 214 212 210 208 204 200 202 204 204 204 207 208 208 208 207 206 206 207 208 208 208 207 207 207 207 207 207 207 207 207 207 207 207 207 207 207 207 206 206 206 206 205 205 204 204 203 202 208 218 223 219 209 201 204 208 208 206 204 201 201 201 200 203 203 199 196 195 196 197 199 201 203 203 201 200 208 218 219 216 218 220 221 224 229 232
185 198 206 207 208 206 201 204 212 214 211 208 206 205 202 202 204 204 203 205 207 208 208 208 207 207 210 212 211 209 208 207 207 207 207 207 207 207 207 207 207 207 207 207 207 207 207 207 207 207 207 207 207 207 207 208 212 220 226 223 211 202 204 207 208 207 205 204 202 201 200 203 203 199 196 196 196 194 195 197 198 200 203 208 222 230 224 218 220 221 223 227 231 233
174 187 202 206 208 207 202 201 207 209 204 202 202 201 201 201 202 204 204 205 207 208 209 209 208 209 213 215 212 210 208 207 207 207 207 207 208 208 208 208 208 208 208 208 208 208 208 208 208 208 208 208 208 208 209 210 212 215 219 221 214 207 206 209 208 207 207 204 202 201 201 204 203 198 197 197 196 194 192 195 200 205 213 223 235 235 223 219 221 222 224 227 229 230
187 194 210 219 222 220 212 205 208 210 206 203 203 203 202 202 204 206 207 206 206 208 209 210 209 209 214 215 212 210 209 208 207 207 207 208 208 208 208 208 208 208 208 208 208 208 209 209 209 209 209 209 209 210 210 211 212 213 215 215 214 211 213 216 216 213 210 207 204 202 203 205 203 198 197 199 198 194 191 195 204 214 223 232 238 232 221 220 222 224 224 225 226 225
206 209 220 232 240 239 230 221 222 222 218 215 215 213 210 208 207 208 208 207 207 208 209 210 206 204 210 213 212 210 209 208 207 207 207 207 208 208 208 208 209 209 209 209 209 209 209 209 209 209 210 210 210 210 211 211 212 212 213 213 213 213 214 216 218 217 216 213 209 204 203 205 204 199 199 200 199 194 193 200 212 222 228 236 236 224 218 220 223 226 225 224 223 220
218 220 224 229 235 237 236 234 238 237 233 231 229 224 220 216 213 211 210 208 207 208 208 207 202 199 206 213 213 211 210 209 209 207 206 207 207 208 208 209 209 209 209 209 209 210 210 210 210 210 210 210 210 211 211 211 212 212 212 212 212 212 213 213 214 214 214 214 213 208 205 209 209 203 201 202 201 197 197 205 216 224 230 235 230 218 216 221 226 227 224 224 225 222
228 228 230 232 234 235 234 234 238 237 233 230 227 224 222 219 215 214 213 210 209 208 207 206 202 199 205 212 214 213 212 211 211 209 206 206 207 208 208 209 209 209 210 210 210 210 210 210 210 211 211 211 211 211 211 212 212 212 212 212 212 212 212 213 212 212 211 211 212 212 212 217 216 208 204 204 203 201 200 208 217 224 228 229 223 218 219 223 227 225 221 221 224 224
235 236 238 240 240 240 239 237 236 233 230 227 224 221 219 217 215 214 214 212 211 210 209 208 205 201 204 209 214 215 213 212 211 210 207 205 206 208 208 208 209 209 210 210 210 211 211 211 211 211 211 211 211 211 212 212 212 212 212 212 212 212 212 212 212 211 211 211 211 211 211 211 209 203 200 201 200 200 201 207 216 220 223 223 220 220 222 224 226 224 220 216 213 209
241 243 247 250 251 251 248 243 238 233 229 227 223 220 218 216 214 213 212 212 211 212 212 211 208 204 205 208 212 214 214 213 212 213 211 209 208 208 208 208 209 210 210 210 211 211 211 211 211 212 212 212 212 212 212 212 212 212 212 212 212 212 212 212 212 211 211 211 210 210 209 206 202 196 193 195 196 197 200 205 211 217 222 222 221 221 223 224 225 226 225 215 205 205
246 248 253 258 263 264 259 251 243 236 230 225 223 220 218 216 214 212 212 211 211 211 211 211 209 206 207 209 210 213 214 215 216 217 217 213 210 209 208 208 208 209 210 211 211 212 212 212 212 212 212 212 212 212 212 212 212 212 212 212 212 212 212 212 212 212 211 211 210 209 208 206 204 198 192 191 189 191 197 204 212 220 225 227 228 228 228 229 230 233 231 217 205 207
251 252 255 262 271 276 275 266 250 237 228 223 221 219 217 215 214 212 211 211 211 211 211 210 209 209 210 211 210 212 215 218 218 218 217 214 211 210 209 208 208 209 211 211 212 212 213 213 213 213 213 213 212 212 212 212 212 212 212 213 212 212 212 212 212 212 211 211 210 209 208 207 205 201 195 190 185 184 191 206 217 224 229 233 234 236 237 235 232 227 216 203 200 206
256 255 253 261 277 287 289 275 249 230 220 218 218 217 215 214 213 211 210 211 211 211 211 210 208 209 211 212 210 210 213 216 216 215 215 213 211 211 211 210 208 209 211 212 213 213 214 214 214 214 213 213 213 213 213 212 213 213 213 213 213 213 212 212 212 212 211 211 210 210 209 208 206 203 199 193 186 179 186 208 221 224 227 229 226 226 227 224 216 211 204 199 200 207
255 252 246 247 262 277 279 249 219 208 207 211 214 214 213 213 212 211 209 210 211 211 211 210 206 207 211 211 209 207 208 212 214 215 216 215 212 212 213 212 209 210 213 214 215 215 215 216 215 215 214 213 213 213 213 213 213 213 213 213 213 213 213 212 212 212 212 211 211 210 209 208 207 204 201 197 190 181 184 204 218 219 218 217 215 215 216 212 208 205 204 205 206 208
247 243 234 232 231 224 204 187 189 192 197 204 210 212 212 212 212 211 209 210 211 211 211 209 204 205 210 211 210 207 206 209 211 213 215 215 213 212 213 213 211 211 214 216 217 218 218 219 219 217 215 214 213 213 212 213 213 213 213 213 213 213 213 213 212 212 212 211 211 210 209 208 207 206 203 200 194 187 186 197 206 208 209 209 211 213 213 208 206 207 208 210 210 209
245 244 236 228 225 219 204 191 191 192 194 200 208 211 211 212 213 212 210 210 210 211 211 208 204 205 210 211 211 208 206 206 208 210 213 215 213 212 213 214 212 211 214 218 221 223 224 225 226 224 218 214 212 212 212 212 213 213 213 213 213 213 213 213 213 212 212 212 211 211 210 209 208 206 204 202 197 192 188 188 191 198 205 208 210 213 211 206 206 208 210 211 213 211
254 251 237 225 223 222 215 206 201 200 199 202 208 211 213 214 215 214 212 211 211 211 211 208 204 205 209 210 210 209 208 209 210 213 216 217 215 213 214 214 212 210 211 214 216 217 217 217 218 218 215 212 211 211 211 212 213 213 213 213 213 213 213 213 213 213 212 212 211 211 210 209 208 207 205 203 199 195 190 184 182 190 202 209 211 210 208 205 205 208 211 212 213 212
241 231 217 220 223 224 220 215 213 212 210 209 212 215 217 217 217 217 215 213 212 211 210 208 203 203 207 208 209 210 211 211 213 216 219 221 220 218 216 215 213 211 209 208 208 207 207 206 208 209 208 208 207 208 210 212 213 213 214 214 214 213 213 213 213 213 213 212 212 211 210 210 209 208 206 204 201 197 192 184 177 183 196 204 208 208 208 207 207 210 213 214 215 214
