windninja/windninja_output/Output_2025-08-09_2000-2050_Google earth_Fire_150m_10min/merlingen_7.5mi_point_08-09-2025_2030_150m_vel.asc
ncols	158
nrows	163
xllcorner	391686.332397
yllcorner	5160024.123721
cellsize	150.000000
NODATA_value	-32768.000000
[rows 76 to 113 of 163, columns 0 to 83 of 158]
1.67 1.43 1.00 0.67 0.48 0.39 0.35 0.35 0.40 0.46 0.52 0.57 0.63 0.67 0.70 0.74 0.78 0.81 0.84 0.87 0.88 0.90 0.92 0.95 0.95 0.92 0.90 0.92 1.01 1.16 1.25 1.25 1.21 1.16 1.07 0.98 0.95 0.93 0.93 0.94 0.95 0.97 0.98 0.98 0.99 0.99 0.98 0.98 0.98 0.98 0.98 0.97 0.97 0.97 0.97 0.97 0.96 0.96 0.95 0.95 0.94 0.93 0.92 0.91 0.90 0.89 0.87 0.85 0.84 0.82 0.79 0.76 0.72 0.69 0.67 0.68 0.74 0.84 0.98 1.11 1.13 1.06 1.05 1.10
1.97 1.65 1.18 0.84 0.54 0.36 0.25 0.20 0.26 0.37 0.47 0.55 0.61 0.65 0.68 0.71 0.74 0.77 0.81 0.85 0.87 0.89 0.92 0.95 0.96 0.94 0.90 0.87 0.88 0.97 1.12 1.19 1.17 1.17 1.15 1.06 0.99 0.96 0.93 0.92 0.94 0.95 0.97 0.98 0.98 0.98 0.98 0.97 0.97 0.97 0.97 0.97 0.97 0.98 0.98 0.98 0.98 0.97 0.97 0.97 0.96 0.95 0.95 0.94 0.93 0.92 0.90 0.89 0.88 0.86 0.84 0.82 0.79 0.76 0.72 0.69 0.70 0.75 0.87 0.96 0.93 0.86 0.96 1.07
2.33 1.86 1.33 1.10 0.73 0.40 0.17 0.08 0.20 0.34 0.46 0.55 0.61 0.65 0.68 0.71 0.73 0.75 0.78 0.82 0.85 0.87 0.89 0.91 0.95 0.98 0.97 0.91 0.87 0.89 1.01 1.17 1.26 1.27 1.28 1.22 1.11 1.03 0.96 0.90 0.89 0.92 0.94 0.95 0.95 0.95 0.95 0.95 0.95 0.95 0.96 0.96 0.97 0.98 0.98 0.98 0.98 0.98 0.98 0.98 0.98 0.97 0.96 0.96 0.95 0.94 0.93 0.92 0.91 0.89 0.88 0.86 0.84 0.82 0.78 0.74 0.72 0.73 0.77 0.79 0.80 0.84 0.98 1.14
2.62 2.09 1.47 1.47 1.01 0.42 0.09 0.22 0.35 0.45 0.52 0.58 0.63 0.67 0.70 0.72 0.73 0.74 0.76 0.79 0.82 0.84 0.86 0.87 0.91 0.98 1.04 1.03 0.98 0.94 0.99 1.12 1.25 1.29 1.28 1.26 1.21 1.14 1.05 0.93 0.86 0.86 0.88 0.90 0.91 0.92 0.91 0.91 0.91 0.92 0.93 0.94 0.96 0.97 0.98 0.99 0.99 0.99 0.99 0.99 0.99 0.99 0.98 0.97 0.97 0.96 0.95 0.94 0.93 0.92 0.91 0.90 0.88 0.86 0.83 0.80 0.76 0.74 0.73 0.71 0.75 0.89 1.07 1.30
2.60 2.21 1.76 1.60 1.46 1.26 0.88 0.77 0.72 0.66 0.63 0.64 0.68 0.69 0.71 0.73 0.74 0.73 0.73 0.76 0.79 0.82 0.84 0.86 0.88 0.93 1.01 1.06 1.06 1.01 1.00 1.07 1.19 1.32 1.37 1.32 1.25 1.22 1.19 1.09 0.94 0.86 0.84 0.85 0.85 0.85 0.85 0.85 0.83 0.84 0.87 0.90 0.94 0.96 0.98 0.99 1.00 1.00 1.00 1.00 1.00 1.00 0.99 0.99 0.99 0.98 0.97 0.96 0.95 0.95 0.94 0.93 0.91 0.90 0.87 0.84 0.81 0.77 0.73 0.71 0.80 0.98 1.16 1.32
2.37 1.95 1.40 1.36 1.53 1.65 1.66 1.47 1.20 0.98 0.84 0.76 0.74 0.72 0.72 0.71 0.71 0.71 0.71 0.73 0.76 0.80 0.82 0.85 0.86 0.87 0.92 0.98 1.03 1.04 1.03 1.05 1.12 1.25 1.38 1.42 1.35 1.28 1.27 1.25 1.14 1.01 0.92 0.85 0.78 0.74 0.72 0.72 0.70 0.69 0.73 0.82 0.90 0.95 0.98 0.99 1.00 1.00 1.01 1.01 1.01 1.01 1.00 1.00 1.00 0.99 0.99 0.98 0.97 0.97 0.96 0.95 0.94 0.93 0.91 0.89 0.86 0.83 0.80 0.80 0.89 1.05 1.17 1.22
2.29 1.70 1.14 1.32 1.45 1.58 1.66 1.62 1.42 1.19 0.99 0.85 0.78 0.76 0.73 0.70 0.68 0.67 0.67 0.68 0.70 0.74 0.79 0.82 0.84 0.86 0.89 0.94 1.00 1.03 1.01 0.97 0.94 0.97 1.09 1.26 1.35 1.32 1.27 1.27 1.28 1.23 1.15 1.10 1.03 0.96 0.92 0.92 0.94 0.88 0.81 0.80 0.84 0.91 0.97 0.99 1.00 1.01 1.01 1.01 1.01 1.01 1.01 1.01 1.01 1.00 1.00 0.99 0.99 0.98 0.98 0.97 0.96 0.95 0.93 0.92 0.90 0.88 0.86 0.87 0.91 1.00 1.13 1.24
1.99 1.74 1.68 1.68 1.59 1.48 1.43 1.39 1.28 1.10 0.92 0.81 0.75 0.72 0.69 0.66 0.64 0.63 0.61 0.61 0.64 0.68 0.73 0.77 0.82 0.88 0.94 0.96 0.99 1.00 0.99 0.95 0.91 0.88 0.88 0.95 1.08 1.18 1.21 1.21 1.23 1.26 1.30 1.35 1.38 1.40 1.39 1.39 1.41 1.40 1.31 1.13 0.99 0.97 0.98 0.99 1.00 1.00 1.01 1.01 1.01 1.02 1.02 1.02 1.02 1.02 1.01 1.01 1.00 1.00 0.99 0.98 0.97 0.97 0.95 0.94 0.93 0.91 0.89 0.88 0.88 0.92 1.09 1.34
1.67 1.70 1.67 1.58 1.55 1.42 1.25 1.10 1.00 0.91 0.82 0.76 0.72 0.71 0.67 0.63 0.61 0.60 0.58 0.57 0.59 0.62 0.67 0.73 0.78 0.85 0.92 0.96 0.97 1.00 1.02 1.02 1.00 0.97 0.92 0.88 0.90 0.96 1.02 1.07 1.11 1.15 1.18 1.21 1.23 1.25 1.26 1.25 1.26 1.30 1.36 1.33 1.23 1.09 1.01 0.99 0.99 1.00 1.00 1.01 1.01 1.01 1.02 1.02 1.02 1.02 1.02 1.02 1.01 1.01 1.00 0.99 0.99 0.98 0.97 0.96 0.95 0.94 0.93 0.93 0.93 0.97 1.10 1.33
1.20 1.25 1.28 1.27 1.33 1.27 1.09 0.95 0.88 0.81 0.76 0.73 0.71 0.72 0.72 0.68 0.63 0.61 0.57 0.53 0.52 0.53 0.57 0.66 0.73 0.76 0.80 0.86 0.91 0.95 0.99 1.02 1.04 1.08 1.09 1.06 1.01 0.96 0.92 0.93 0.99 1.05 1.06 1.05 1.02 1.01 0.99 0.96 0.92 0.93 0.99 1.07 1.11 1.07 1.01 0.98 0.98 0.98 0.99 0.99 1.00 1.01 1.02 1.02 1.03 1.03 1.03 1.03 1.02 1.02 1.01 1.00 1.00 0.99 0.99 0.98 0.97 0.97 0.97 0.99 1.03 1.09 1.20 1.36
1.11 1.16 1.17 1.13 1.18 1.18 1.04 0.95 0.90 0.82 0.77 0.74 0.72 0.71 0.73 0.72 0.67 0.61 0.54 0.48 0.43 0.42 0.44 0.52 0.65 0.76 0.81 0.86 0.90 0.90 0.92 0.96 1.01 1.10 1.22 1.29 1.29 1.24 1.13 1.00 0.92 0.93 1.00 1.04 1.04 1.02 0.99 0.94 0.88 0.82 0.81 0.84 0.92 0.96 0.96 0.95 0.94 0.95 0.96 0.97 0.99 1.00 1.01 1.02 1.03 1.03 1.03 1.03 1.03 1.02 1.02 1.01 1.01 1.00 1.00 0.99 0.98 0.98 0.98 0.99 1.05 1.15 1.32 1.49
1.42 1.27 1.11 1.08 1.10 1.17 1.13 1.08 1.05 0.96 0.82 0.74 0.71 0.71 0.72 0.72 0.69 0.66 0.59 0.51 0.47 0.44 0.47 0.63 0.81 0.92 0.96 0.97 0.97 0.94 0.92 0.92 0.93 0.96 1.05 1.21 1.35 1.44 1.45 1.34 1.14 0.99 0.97 1.02 1.06 1.06 1.02 0.98 0.93 0.84 0.77 0.76 0.81 0.85 0.87 0.86 0.86 0.87 0.90 0.93 0.96 0.98 1.00 1.02 1.03 1.03 1.03 1.03 1.03 1.03 1.02 1.02 1.01 1.01 1.00 0.99 0.98 0.97 0.97 0.97 1.01 1.10 1.23 1.36
1.87 1.47 1.12 1.14 1.18 1.30 1.38 1.33 1.23 1.10 0.90 0.78 0.77 0.78 0.81 0.81 0.77 0.74 0.70 0.65 0.63 0.69 0.93 1.18 1.21 1.11 1.04 1.01 1.00 0.99 0.97 0.94 0.91 0.86 0.82 0.87 1.00 1.20 1.37 1.44 1.38 1.23 1.08 1.04 1.08 1.13 1.12 1.07 1.02 0.97 0.90 0.82 0.80 0.83 0.86 0.86 0.83 0.81 0.81 0.84 0.90 0.96 1.00 1.02 1.03 1.03 1.03 1.03 1.03 1.03 1.03 1.02 1.01 1.01 1.00 0.99 0.98 0.97 0.96 0.95 0.96 0.98 1.01 1.03
2.01 1.70 1.38 1.31 1.27 1.30 1.39 1.43 1.36 1.26 1.09 0.94 0.89 0.88 0.85 0.85 0.85 0.84 0.81 0.82 0.90 1.20 1.50 1.51 1.32 1.15 1.06 1.01 1.00 1.00 1.00 0.98 0.96 0.92 0.86 0.79 0.77 0.85 1.02 1.18 1.25 1.24 1.15 1.07 1.05 1.10 1.16 1.16 1.10 1.06 1.03 1.00 0.96 0.97 1.00 1.02 0.97 0.86 0.75 0.75 0.85 0.94 0.99 1.01 1.02 1.03 1.03 1.03 1.03 1.03 1.03 1.02 1.01 1.01 1.00 0.99 0.98 0.96 0.95 0.93 0.91 0.87 0.84 0.77
1.86 1.71 1.52 1.35 1.20 1.13 1.21 1.37 1.48 1.52 1.40 1.17 1.01 0.94 0.89 0.86 0.91 0.97 0.96 0.99 1.33 1.68 1.71 1.49 1.27 1.15 1.08 1.03 1.00 0.99 0.99 0.98 0.97 0.96 0.95 0.90 0.82 0.80 0.88 1.04 1.13 1.12 1.07 1.02 0.98 0.99 1.06 1.15 1.15 1.09 1.05 1.05 1.07 1.08 1.11 1.12 1.10 1.03 0.94 0.87 0.89 0.94 0.99 1.01 1.02 1.03 1.03 1.03 1.03 1.03 1.02 1.02 1.01 1.00 0.99 0.98 0.97 0.96 0.94 0.91 0.86 0.82 0.76 0.68
1.71 1.68 1.70 1.67 1.55 1.34 1.29 1.47 1.71 1.80 1.70 1.48 1.28 1.18 1.15 1.15 1.15 1.17 1.16 1.25 1.66 1.81 1.58 1.41 1.26 1.15 1.07 1.01 0.98 0.97 0.96 0.95 0.94 0.93 0.94 0.95 0.93 0.88 0.88 0.99 1.15 1.17 1.09 0.99 0.92 0.91 0.94 1.02 1.09 1.08 1.02 0.99 1.00 1.03 1.10 1.19 1.27 1.34 1.37 1.26 1.08 1.00 1.00 1.01 1.01 1.02 1.02 1.02 1.02 1.02 1.02 1.01 1.01 1.00 0.99 0.98 0.97 0.95 0.92 0.89 0.84 0.79 0.75 0.71
1.57 1.70 1.97 2.20 2.30 2.24 2.26 2.47 2.64 2.66 2.31 1.87 1.61 1.46 1.36 1.32 1.38 1.53 1.78 2.05 1.97 1.62 1.31 1.25 1.15 1.08 1.02 0.98 0.95 0.93 0.91 0.91 0.90 0.90 0.90 0.93 0.95 0.94 0.90 0.90 1.04 1.20 1.19 1.04 0.91 0.85 0.85 0.88 0.93 0.95 0.89 0.86 0.88 0.91 1.00 1.16 1.34 1.43 1.45 1.40 1.25 1.09 1.02 1.01 1.00 1.01 1.01 1.01 1.01 1.01 1.01 1.01 1.00 0.99 0.98 0.97 0.96 0.94 0.91 0.87 0.83 0.78 0.71 0.65
1.38 1.58 1.94 2.23 2.50 2.70 2.90 3.13 3.28 3.33 3.26 3.00 2.77 2.72 2.62 2.45 2.39 2.53 2.53 2.38 2.15 1.47 1.20 1.12 1.07 1.02 0.99 0.96 0.93 0.90 0.88 0.85 0.82 0.83 0.86 0.90 0.92 0.93 0.92 0.90 0.93 1.11 1.27 1.20 1.01 0.87 0.81 0.82 0.88 0.91 0.86 0.79 0.82 0.86 0.87 0.91 0.98 1.02 1.09 1.17 1.17 1.09 1.03 1.00 0.99 1.00 1.00 1.00 1.00 1.00 1.00 1.00 0.99 0.98 0.98 0.97 0.95 0.93 0.90 0.87 0.83 0.77 0.70 0.60
1.30 1.45 1.71 1.89 2.07 2.19 2.33 2.44 2.50 2.80 3.23 3.46 3.54 3.55 3.54 3.33 3.12 2.95 2.52 2.12 1.96 1.65 1.36 1.16 1.04 0.98 0.95 0.94 0.93 0.90 0.85 0.80 0.77 0.78 0.82 0.86 0.88 0.90 0.91 0.91 0.93 1.04 1.28 1.41 1.30 1.12 0.98 0.93 0.96 1.03 1.07 1.03 0.93 0.89 0.84 0.74 0.67 0.71 0.82 0.94 1.01 1.01 0.99 0.98 0.98 0.97 0.98 0.99 0.99 0.99 0.99 0.99 0.98 0.98 0.97 0.96 0.94 0.92 0.90 0.87 0.83 0.79 0.72 0.64
1.31 1.35 1.53 1.63 1.67 1.66 1.59 1.51 1.50 1.72 2.01 2.27 2.28 1.96 1.96 1.98 2.23 2.11 2.06 1.87 1.75 1.63 1.36 1.09 0.92 0.88 0.88 0.90 0.91 0.93 0.94 0.94 0.92 0.86 0.81 0.81 0.83 0.85 0.87 0.88 0.89 0.95 1.13 1.41 1.57 1.55 1.44 1.33 1.28 1.33 1.42 1.37 1.16 0.98 0.88 0.79 0.73 0.72 0.77 0.84 0.91 0.93 0.94 0.94 0.94 0.95 0.96 0.97 0.97 0.97 0.97 0.97 0.97 0.97 0.96 0.95 0.93 0.92 0.90 0.87 0.84 0.80 0.75 0.69
1.46 1.34 1.41 1.53 1.56 1.51 1.35 1.14 0.92 0.75 0.75 1.00 1.06 1.04 1.04 1.18 1.36 1.62 1.84 1.61 1.42 1.46 1.28 0.96 0.74 0.72 0.78 0.84 0.88 0.95 1.04 1.07 1.01 0.90 0.79 0.76 0.77 0.79 0.81 0.83 0.83 0.84 0.93 1.15 1.42 1.63 1.72 1.72 1.68 1.62 1.53 1.44 1.27 1.07 0.95 0.86 0.77 0.73 0.72 0.76 0.82 0.86 0.87 0.89 0.90 0.92 0.93 0.94 0.95 0.95 0.96 0.96 0.96 0.95 0.95 0.94 0.93 0.91 0.90 0.87 0.85 0.82 0.78 0.74
1.81 1.48 1.26 1.28 1.29 1.33 1.28 1.09 0.79 0.54 0.49 0.55 0.63 0.85 0.93 1.08 1.23 1.53 1.81 1.61 1.40 1.41 1.31 0.89 0.60 0.65 0.74 0.80 0.84 0.84 0.84 0.86 0.88 0.84 0.76 0.70 0.69 0.70 0.73 0.78 0.80 0.80 0.82 0.91 1.06 1.24 1.41 1.49 1.45 1.36 1.30 1.30 1.24 1.12 1.02 0.93 0.81 0.73 0.70 0.69 0.71 0.75 0.78 0.81 0.84 0.87 0.89 0.91 0.92 0.94 0.94 0.95 0.94 0.94 0.93 0.92 0.92 0.90 0.89 0.87 0.85 0.83 0.80 0.77
2.07 1.50 0.84 0.68 0.76 0.95 1.05 1.01 0.86 0.65 0.49 0.42 0.44 0.59 0.80 0.98 1.18 1.40 1.42 1.51 1.52 1.46 1.36 1.00 0.86 0.87 0.82 0.78 0.75 0.70 0.66 0.67 0.73 0.77 0.74 0.68 0.64 0.61 0.63 0.69 0.75 0.77 0.79 0.81 0.86 0.88 0.93 1.02 1.07 1.09 1.12 1.19 1.21 1.14 1.05 1.00 0.94 0.85 0.78 0.74 0.71 0.68 0.68 0.71 0.75 0.79 0.84 0.87 0.90 0.91 0.92 0.92 0.92 0.92 0.91 0.91 0.90 0.89 0.88 0.87 0.86 0.84 0.82 0.80
2.08 1.31 0.41 0.24 0.33 0.46 0.54 0.67 0.71 0.65 0.59 0.52 0.48 0.58 0.79 1.06 1.24 1.23 1.14 1.21 1.40 1.52 1.53 1.45 1.29 1.06 0.87 0.74 0.68 0.66 0.63 0.61 0.61 0.65 0.67 0.68 0.68 0.64 0.60 0.61 0.67 0.73 0.76 0.80 0.86 0.91 0.94 0.99 1.07 1.14 1.16 1.18 1.22 1.22 1.14 1.08 1.04 0.98 0.88 0.83 0.82 0.78 0.72 0.68 0.67 0.70 0.75 0.81 0.85 0.87 0.88 0.89 0.89 0.90 0.89 0.89 0.89 0.88 0.87 0.86 0.85 0.84 0.83 0.82
1.66 1.06 0.33 0.18 0.27 0.37 0.45 0.54 0.62 0.63 0.64 0.60 0.56 0.63 0.80 1.03 1.23 1.16 0.97 1.00 1.20 1.37 1.45 1.37 1.17 1.01 0.86 0.73 0.66 0.63 0.60 0.55 0.51 0.50 0.52 0.58 0.63 0.66 0.64 0.60 0.62 0.67 0.71 0.77 0.86 0.96 1.00 1.03 1.10 1.19 1.23 1.23 1.24 1.29 1.28 1.22 1.15 1.10 1.01 0.93 0.92 0.93 0.91 0.83 0.75 0.70 0.69 0.72 0.77 0.81 0.84 0.85 0.86 0.86 0.86 0.86 0.86 0.86 0.86 0.85 0.85 0.84 0.84 0.83
1.22 0.83 0.35 0.24 0.32 0.42 0.49 0.53 0.57 0.61 0.63 0.62 0.61 0.68 0.81 0.97 1.18 1.15 1.00 1.10 1.14 1.16 1.22 1.18 1.05 0.94 0.83 0.71 0.64 0.61 0.58 0.52 0.46 0.39 0.35 0.36 0.44 0.53 0.59 0.61 0.60 0.62 0.67 0.71 0.78 0.86 0.95 1.01 1.08 1.18 1.26 1.29 1.27 1.26 1.28 1.28 1.26 1.25 1.19 1.06 0.97 0.96 0.99 0.99 0.92 0.82 0.75 0.71 0.72 0.75 0.76 0.77 0.79 0.81 0.82 0.83 0.83 0.83 0.83 0.83 0.83 0.83 0.83 0.83
0.94 0.70 0.41 0.35 0.39 0.46 0.52 0.55 0.56 0.59 0.62 0.63 0.61 0.68 0.91 1.17 1.33 1.37 1.35 1.33 1.25 1.12 1.15 1.16 1.05 0.94 0.82 0.69 0.60 0.58 0.56 0.53 0.47 0.38 0.28 0.23 0.28 0.37 0.47 0.52 0.55 0.58 0.62 0.66 0.73 0.85 1.00 1.11 1.16 1.20 1.25 1.29 1.31 1.31 1.31 1.29 1.31 1.33 1.33 1.26 1.14 1.06 1.05 1.06 1.03 0.94 0.86 0.78 0.72 0.68 0.67 0.67 0.70 0.73 0.75 0.77 0.78 0.79 0.79 0.80 0.81 0.81 0.81 0.82
0.89 0.74 0.56 0.50 0.51 0.53 0.56 0.58 0.59 0.59 0.60 0.60 0.56 0.57 0.71 0.95 1.18 1.24 1.23 1.27 1.31 1.22 1.18 1.16 1.07 0.99 0.91 0.75 0.61 0.57 0.55 0.54 0.51 0.43 0.33 0.24 0.21 0.25 0.32 0.39 0.44 0.50 0.55 0.61 0.67 0.77 0.91 1.06 1.16 1.21 1.24 1.27 1.30 1.34 1.41 1.41 1.37 1.35 1.37 1.38 1.33 1.25 1.18 1.15 1.13 1.06 0.96 0.87 0.81 0.76 0.72 0.65 0.60 0.61 0.65 0.67 0.69 0.71 0.73 0.75 0.76 0.78 0.79 0.81
0.98 0.88 0.73 0.65 0.62 0.60 0.60 0.60 0.61 0.60 0.57 0.55 0.48 0.41 0.41 0.51 0.74 0.87 0.87 1.04 1.23 1.27 1.25 1.21 1.13 1.07 1.04 0.91 0.72 0.62 0.57 0.53 0.52 0.48 0.39 0.29 0.20 0.19 0.23 0.31 0.38 0.45 0.50 0.56 0.62 0.66 0.74 0.88 1.04 1.17 1.24 1.28 1.30 1.29 1.33 1.40 1.43 1.41 1.38 1.36 1.33 1.28 1.23 1.21 1.21 1.17 1.09 1.02 0.98 0.95 0.92 0.81 0.63 0.51 0.49 0.50 0.53 0.58 0.63 0.67 0.70 0.72 0.75 0.78
1.11 1.00 0.85 0.78 0.72 0.68 0.65 0.63 0.65 0.65 0.58 0.52 0.44 0.36 0.35 0.41 0.55 0.69 0.78 0.93 1.06 1.15 1.22 1.24 1.20 1.18 1.17 1.09 0.92 0.78 0.65 0.55 0.51 0.50 0.44 0.35 0.28 0.28 0.32 0.37 0.42 0.46 0.50 0.55 0.59 0.64 0.70 0.80 0.95 1.14 1.28 1.36 1.40 1.37 1.31 1.30 1.36 1.42 1.43 1.39 1.33 1.28 1.23 1.18 1.18 1.19 1.17 1.13 1.10 1.07 1.06 1.04 0.93 0.69 0.55 0.50 0.48 0.47 0.48 0.51 0.56 0.63 0.69 0.74
1.26 1.15 0.99 0.93 0.89 0.83 0.76 0.69 0.69 0.71 0.66 0.61 0.54 0.46 0.43 0.44 0.53 0.65 0.74 0.83 0.94 1.04 1.08 1.17 1.26 1.26 1.27 1.25 1.15 0.99 0.82 0.67 0.58 0.55 0.51 0.43 0.39 0.40 0.41 0.43 0.45 0.48 0.52 0.56 0.59 0.64 0.69 0.76 0.87 1.03 1.21 1.36 1.45 1.50 1.48 1.39 1.33 1.35 1.40 1.42 1.38 1.33 1.29 1.25 1.21 1.21 1.19 1.14 1.12 1.15 1.13 1.13 1.16 1.09 0.95 0.82 0.69 0.57 0.50 0.48 0.48 0.53 0.61 0.68
1.40 1.30 1.15 1.07 1.02 0.98 0.91 0.83 0.85 0.94 0.95 0.91 0.86 0.75 0.64 0.55 0.57 0.65 0.70 0.76 0.90 1.02 0.97 1.01 1.23 1.36 1.36 1.38 1.39 1.21 0.99 0.84 0.70 0.66 0.64 0.57 0.53 0.48 0.44 0.45 0.48 0.53 0.58 0.61 0.65 0.69 0.73 0.78 0.85 0.93 1.03 1.16 1.29 1.43 1.53 1.54 1.45 1.37 1.37 1.41 1.42 1.36 1.32 1.32 1.31 1.28 1.25 1.18 1.12 1.16 1.22 1.19 1.18 1.21 1.15 1.03 0.91 0.80 0.76 0.72 0.61 0.50 0.51 0.59
1.46 1.39 1.28 1.21 1.17 1.19 1.23 1.20 1.20 1.21 1.18 1.06 0.95 0.88 0.82 0.72 0.66 0.70 0.74 0.77 0.86 1.00 0.96 0.89 1.05 1.30 1.39 1.41 1.52 1.45 1.17 1.00 0.85 0.83 0.81 0.72 0.64 0.59 0.56 0.57 0.58 0.58 0.63 0.68 0.72 0.74 0.78 0.82 0.87 0.93 1.00 1.07 1.15 1.25 1.39 1.52 1.56 1.50 1.45 1.47 1.51 1.48 1.36 1.31 1.31 1.28 1.28 1.25 1.17 1.14 1.24 1.28 1.22 1.19 1.21 1.18 1.11 0.98 0.88 0.84 0.78 0.62 0.49 0.50
1.50 1.42 1.35 1.35 1.36 1.38 1.39 1.34 1.22 1.12 1.11 1.08 0.98 0.94 0.92 0.86 0.77 0.79 0.89 0.95 0.96 0.97 0.92 0.83 0.87 1.12 1.32 1.37 1.47 1.50 1.35 1.22 1.08 1.00 0.93 0.82 0.72 0.71 0.76 0.74 0.63 0.58 0.65 0.70 0.73 0.77 0.82 0.84 0.85 0.91 1.02 1.13 1.21 1.24 1.28 1.39 1.52 1.57 1.54 1.53 1.60 1.64 1.54 1.39 1.33 1.26 1.21 1.23 1.22 1.16 1.18 1.29 1.31 1.26 1.26 1.26 1.23 1.12 0.95 0.85 0.83 0.78 0.62 0.50
1.56 1.47 1.39 1.34 1.26 1.18 1.11 1.08 1.06 1.04 1.06 1.08 1.01 0.98 0.98 0.94 0.83 0.83 1.01 1.17 1.18 1.03 0.86 0.79 0.79 0.90 1.15 1.37 1.58 1.64 1.46 1.35 1.28 1.18 1.06 0.91 0.84 0.88 0.91 0.86 0.76 0.71 0.70 0.69 0.72 0.80 0.83 0.84 0.85 0.90 0.98 1.10 1.22 1.29 1.30 1.33 1.43 1.53 1.54 1.49 1.53 1.63 1.66 1.54 1.44 1.36 1.22 1.16 1.19 1.19 1.21 1.31 1.40 1.37 1.32 1.26 1.23 1.19 1.08 0.95 0.86 0.82 0.73 0.58
1.55 1.48 1.36 1.26 1.16 1.07 1.02 1.02 1.03 1.03 1.07 1.08 1.00 0.96 1.03 1.02 0.90 0.87 1.03 1.27 1.42 1.30 0.90 0.79 0.81 0.83 0.97 1.25 1.60 1.86 1.73 1.42 1.32 1.33 1.30 1.19 1.11 1.09 1.03 0.98 0.98 0.97 0.86 0.75 0.78 0.81 0.80 0.81 0.85 0.90 0.95 1.02 1.12 1.25 1.33 1.35 1.40 1.49 1.52 1.46 1.43 1.52 1.64 1.67 1.62 1.58 1.47 1.26 1.15 1.16 1.20 1.27 1.36 1.39 1.37 1.32 1.26 1.23 1.17 1.04 0.92 0.86 0.80 0.70
1.51 1.43 1.31 1.24 1.18 1.12 1.10 1.11 1.10 1.08 1.13 1.21 1.11 1.01 1.07 1.08 0.94 0.89 1.05 1.38 1.69 1.74 1.26 0.87 0.85 0.84 0.83 0.92 1.18 1.66 1.91 1.70 1.41 1.37 1.39 1.42 1.39 1.25 1.11 1.04 1.01 0.94 0.88 0.89 0.90 0.83 0.77 0.78 0.84 0.89 0.94 1.00 1.07 1.18 1.28 1.34 1.39 1.49 1.57 1.54 1.47 1.49 1.58 1.66 1.70 1.73 1.72 1.58 1.33 1.16 1.12 1.16 1.26 1.35 1.39 1.38 1.34 1.32 1.32 1.26 1.08 0.94 0.86 0.78
1.62 1.50 1.32 1.26 1.21 1.13 1.10 1.13 1.18 1.20 1.23 1.31 1.28 1.17 1.18 1.15 1.00 0.97 1.21 1.52 1.84 2.05 1.82 1.16 0.92 0.92 0.87 0.84 0.87 1.15 1.67 1.88 1.63 1.35 1.26 1.27 1.30 1.23 1.11 1.02 0.93 0.87 0.90 0.96 0.95 0.87 0.82 0.84 0.88 0.91 0.93 0.96 1.06 1.18 1.28 1.33 1.37 1.46 1.58 1.62 1.57 1.55 1.61 1.64 1.65 1.73 1.82 1.82 1.71 1.49 1.34 1.29 1.32 1.39 1.46 1.46 1.41 1.36 1.38 1.43 1.35 1.13 0.93 0.82
