windninja/windninja_output/Output_2025-08-09_2000-2050_Google earth_Fire_150m_10min/merlingen_7.5mi_point_08-09-2025_2040_150m_vel.asc
ncols	158
nrows	163
xllcorner	391686.332397
yllcorner	5160024.123721
cellsize	150.000000
NODATA_value	-32768.000000
[rows 0 to 37 of 163, columns 0 to 83 of 158]
1.06 1.03 1.01 1.04 1.09 1.11 1.10 1.12 1.15 1.17 1.17 1.19 1.23 1.24 1.15 0.99 0.81 0.70 0.72 0.75 0.76 0.91 1.14 1.24 1.19 1.08 0.99 1.01 1.09 1.12 1.10 1.07 1.03 0.98 1.00 1.00 0.92 0.84 0.82 0.82 0.87 0.93 0.94 0.93 0.91 0.89 0.87 0.82 0.89 1.06 1.19 1.27 1.32 1.33 1.30 1.26 1.21 1.17 1.15 1.13 1.16 1.20 1.21 1.22 1.27 1.33 1.35 1.31 1.24 1.18 1.17 1.19 1.21 1.22 1.24 1.25 1.23 1.18 1.11 1.10 1.14 1.16 1.17 1.13
1.09 1.06 1.02 1.03 1.05 1.07 1.06 1.03 1.02 1.03 1.07 1.14 1.23 1.29 1.29 1.19 1.05 0.93 0.90 0.91 0.88 0.91 1.06 1.21 1.24 1.17 1.07 1.04 1.05 1.07 1.07 1.06 1.05 1.03 1.00 1.03 1.02 0.97 0.96 0.93 0.94 0.98 1.01 1.03 1.03 1.03 1.05 1.00 0.96 1.00 1.08 1.13 1.16 1.19 1.19 1.19 1.20 1.20 1.20 1.16 1.14 1.16 1.20 1.21 1.23 1.26 1.30 1.31 1.27 1.21 1.18 1.19 1.21 1.22 1.24 1.26 1.26 1.25 1.19 1.15 1.16 1.17 1.17 1.17
1.13 1.13 1.09 1.05 1.03 1.03 1.04 1.03 1.00 1.01 1.07 1.15 1.22 1.30 1.41 1.45 1.39 1.30 1.22 1.16 1.08 0.96 0.95 1.09 1.27 1.30 1.21 1.11 1.06 1.05 1.04 1.03 1.04 1.05 1.06 1.09 1.15 1.17 1.15 1.12 1.09 1.10 1.12 1.17 1.20 1.22 1.27 1.28 1.19 1.08 1.05 1.07 1.09 1.11 1.13 1.16 1.20 1.22 1.26 1.25 1.20 1.18 1.21 1.22 1.20 1.20 1.25 1.30 1.31 1.26 1.21 1.20 1.20 1.21 1.23 1.26 1.30 1.35 1.31 1.23 1.21 1.25 1.22 1.22
1.13 1.18 1.19 1.14 1.12 1.10 1.12 1.19 1.25 1.27 1.26 1.23 1.23 1.26 1.35 1.47 1.47 1.43 1.38 1.29 1.17 1.04 0.95 1.01 1.22 1.38 1.40 1.32 1.26 1.23 1.21 1.16 1.10 1.09 1.12 1.15 1.17 1.19 1.19 1.18 1.20 1.23 1.25 1.27 1.31 1.33 1.34 1.37 1.37 1.31 1.24 1.21 1.22 1.24 1.22 1.20 1.19 1.19 1.21 1.26 1.26 1.22 1.21 1.21 1.20 1.20 1.23 1.29 1.32 1.28 1.23 1.21 1.20 1.17 1.17 1.19 1.23 1.33 1.36 1.27 1.23 1.32 1.35 1.28
1.06 1.14 1.23 1.22 1.20 1.18 1.19 1.23 1.27 1.29 1.26 1.21 1.21 1.25 1.30 1.39 1.43 1.38 1.34 1.31 1.21 1.07 0.97 0.97 1.13 1.33 1.49 1.54 1.53 1.51 1.51 1.48 1.40 1.29 1.22 1.21 1.21 1.23 1.26 1.27 1.29 1.34 1.38 1.40 1.41 1.40 1.37 1.36 1.38 1.38 1.33 1.27 1.24 1.26 1.26 1.22 1.19 1.17 1.18 1.20 1.22 1.21 1.20 1.21 1.21 1.20 1.22 1.28 1.32 1.28 1.24 1.21 1.18 1.17 1.17 1.15 1.11 1.16 1.29 1.29 1.19 1.21 1.34 1.34
0.98 1.02 1.13 1.23 1.26 1.23 1.19 1.16 1.13 1.11 1.12 1.11 1.12 1.17 1.23 1.29 1.36 1.34 1.27 1.23 1.19 1.07 0.93 0.90 0.98 1.13 1.30 1.44 1.53 1.57 1.60 1.64 1.64 1.58 1.48 1.40 1.38 1.40 1.43 1.43 1.41 1.39 1.38 1.38 1.37 1.36 1.34 1.32 1.31 1.31 1.32 1.29 1.24 1.22 1.23 1.23 1.21 1.19 1.18 1.19 1.22 1.23 1.22 1.23 1.22 1.21 1.22 1.28 1.33 1.32 1.30 1.26 1.20 1.18 1.22 1.25 1.22 1.16 1.18 1.25 1.20 1.14 1.21 1.29
0.99 0.97 0.98 1.09 1.20 1.23 1.19 1.12 1.07 1.05 1.05 1.06 1.06 1.09 1.15 1.20 1.29 1.37 1.35 1.30 1.26 1.15 0.95 0.82 0.82 0.90 1.02 1.15 1.29 1.40 1.48 1.55 1.62 1.67 1.67 1.63 1.58 1.56 1.53 1.49 1.43 1.36 1.29 1.25 1.23 1.24 1.24 1.24 1.24 1.24 1.27 1.30 1.29 1.27 1.25 1.23 1.20 1.19 1.18 1.20 1.24 1.29 1.32 1.32 1.29 1.25 1.25 1.29 1.34 1.35 1.40 1.43 1.37 1.28 1.28 1.35 1.39 1.34 1.25 1.26 1.29 1.24 1.21 1.24
1.03 1.01 0.96 0.94 1.00 1.07 1.09 1.06 1.02 1.00 1.00 1.02 1.05 1.09 1.15 1.19 1.24 1.36 1.42 1.41 1.38 1.31 1.12 0.88 0.75 0.78 0.89 1.00 1.10 1.20 1.28 1.36 1.42 1.48 1.53 1.55 1.53 1.48 1.44 1.39 1.33 1.27 1.23 1.19 1.16 1.15 1.16 1.17 1.18 1.19 1.20 1.24 1.29 1.31 1.30 1.26 1.23 1.23 1.22 1.24 1.27 1.31 1.37 1.42 1.40 1.34 1.29 1.30 1.34 1.33 1.36 1.45 1.49 1.41 1.32 1.31 1.37 1.39 1.32 1.29 1.32 1.27 1.25 1.30
1.04 1.04 1.01 0.94 0.90 0.91 0.94 0.97 0.98 0.97 0.96 0.96 0.99 1.05 1.16 1.23 1.23 1.28 1.38 1.41 1.40 1.39 1.30 1.12 0.93 0.86 0.92 0.98 1.01 1.06 1.12 1.17 1.23 1.30 1.32 1.31 1.29 1.28 1.27 1.25 1.20 1.16 1.14 1.14 1.13 1.12 1.11 1.12 1.12 1.13 1.18 1.19 1.19 1.25 1.31 1.30 1.28 1.29 1.27 1.23 1.19 1.15 1.18 1.30 1.39 1.39 1.34 1.33 1.37 1.37 1.31 1.30 1.34 1.35 1.30 1.26 1.29 1.34 1.32 1.30 1.31 1.26 1.20 1.30
1.03 1.03 1.02 0.99 0.95 0.93 0.93 0.94 0.96 0.97 0.95 0.91 0.90 0.93 1.04 1.17 1.22 1.24 1.32 1.42 1.47 1.47 1.43 1.33 1.18 1.02 0.95 0.99 1.00 1.01 1.07 1.09 1.12 1.19 1.24 1.23 1.20 1.17 1.17 1.17 1.15 1.14 1.12 1.10 1.09 1.07 1.06 1.07 1.05 1.04 1.08 1.13 1.12 1.15 1.24 1.27 1.22 1.20 1.17 1.10 1.03 0.97 0.93 0.98 1.13 1.26 1.30 1.31 1.34 1.37 1.33 1.26 1.22 1.24 1.25 1.23 1.24 1.25 1.30 1.41 1.47 1.41 1.25 1.18
1.03 1.03 1.03 1.02 1.00 0.99 0.99 0.99 0.99 0.98 0.95 0.91 0.86 0.84 0.90 1.04 1.15 1.20 1.23 1.33 1.45 1.52 1.51 1.44 1.33 1.20 1.08 1.03 1.02 1.01 1.03 1.05 1.03 1.06 1.12 1.17 1.16 1.14 1.14 1.17 1.18 1.17 1.14 1.10 1.08 1.02 0.97 0.99 0.97 0.90 0.90 0.96 0.98 1.01 1.04 1.08 1.02 0.94 0.93 0.91 0.88 0.81 0.72 0.71 0.83 0.96 1.07 1.12 1.15 1.24 1.32 1.31 1.26 1.24 1.26 1.25 1.24 1.19 1.19 1.38 1.57 1.63 1.49 1.25
1.04 1.04 1.04 1.03 1.02 1.01 1.01 1.02 1.01 0.99 0.96 0.92 0.86 0.82 0.84 0.93 1.05 1.14 1.16 1.17 1.25 1.37 1.45 1.45 1.39 1.28 1.13 1.02 0.97 0.94 0.94 0.95 0.94 0.95 1.00 1.05 1.09 1.09 1.11 1.13 1.15 1.16 1.14 1.12 1.12 1.07 0.95 0.89 0.87 0.78 0.71 0.70 0.69 0.73 0.76 0.83 0.84 0.78 0.75 0.74 0.73 0.66 0.54 0.50 0.56 0.62 0.73 0.84 0.91 1.07 1.25 1.33 1.32 1.29 1.35 1.43 1.49 1.46 1.33 1.34 1.50 1.67 1.72 1.61
1.04 1.04 1.03 1.04 1.04 1.03 1.01 1.00 0.99 0.98 0.96 0.93 0.88 0.83 0.79 0.83 0.90 1.00 1.09 1.11 1.13 1.19 1.27 1.32 1.28 1.16 1.04 0.95 0.89 0.86 0.87 0.90 0.92 0.92 0.95 0.98 0.99 1.01 1.04 1.07 1.09 1.13 1.13 1.14 1.15 1.13 1.04 0.93 0.85 0.76 0.66 0.59 0.57 0.61 0.66 0.67 0.68 0.70 0.70 0.71 0.71 0.63 0.50 0.41 0.38 0.39 0.44 0.51 0.63 0.85 1.06 1.23 1.30 1.30 1.38 1.56 1.69 1.74 1.66 1.55 1.52 1.60 1.72 1.75
1.05 1.04 1.03 1.03 1.03 1.04 1.03 1.01 0.99 0.97 0.96 0.93 0.91 0.87 0.84 0.80 0.78 0.80 0.92 1.02 1.05 1.07 1.10 1.12 1.11 1.08 1.02 0.97 0.93 0.90 0.87 0.86 0.87 0.88 0.91 0.98 1.01 1.00 0.99 1.00 1.02 1.03 0.99 0.96 0.97 0.98 0.98 1.00 1.01 0.92 0.76 0.66 0.62 0.65 0.70 0.64 0.58 0.58 0.64 0.75 0.80 0.72 0.61 0.50 0.41 0.36 0.33 0.28 0.28 0.47 0.77 1.01 1.18 1.24 1.26 1.30 1.39 1.50 1.55 1.51 1.46 1.47 1.53 1.59
1.06 1.05 1.03 1.03 1.02 1.02 1.02 1.01 1.00 0.98 0.96 0.94 0.92 0.93 0.95 0.93 0.86 0.77 0.77 0.85 0.92 0.94 0.98 1.03 1.05 1.05 1.03 1.01 0.98 0.94 0.92 0.87 0.84 0.87 0.91 0.99 1.04 1.02 0.96 0.89 0.88 0.87 0.87 0.83 0.81 0.83 0.82 0.86 1.05 1.17 1.04 0.85 0.78 0.82 0.87 0.78 0.62 0.55 0.63 0.83 0.97 0.93 0.87 0.83 0.72 0.58 0.46 0.35 0.19 0.15 0.40 0.75 1.00 1.09 1.08 1.05 1.09 1.15 1.20 1.19 1.17 1.20 1.24 1.31
1.06 1.05 1.04 1.03 1.01 1.00 0.99 0.99 0.99 0.98 0.96 0.95 0.92 0.92 0.98 1.06 1.06 0.96 0.85 0.82 0.86 0.91 0.97 1.03 1.06 1.04 1.01 1.02 1.01 0.98 1.00 1.02 1.00 0.97 0.92 0.88 0.88 0.90 0.87 0.83 0.82 0.81 0.88 0.91 0.86 0.89 0.89 0.76 0.81 1.10 1.27 1.18 1.12 1.18 1.26 1.28 1.09 0.84 0.80 0.93 1.08 1.11 1.07 1.05 1.07 1.02 0.84 0.70 0.53 0.24 0.20 0.39 0.65 0.81 0.89 0.95 0.99 1.02 1.06 1.08 1.03 0.99 1.00 1.04
1.06 1.05 1.04 1.03 1.02 1.01 1.00 0.99 0.98 0.97 0.96 0.94 0.92 0.88 0.88 0.97 1.06 1.06 0.99 0.93 0.91 0.93 0.97 1.02 1.07 1.08 1.03 1.01 1.05 1.07 1.06 1.05 1.02 0.94 0.86 0.79 0.76 0.81 0.84 0.87 0.90 0.90 0.98 1.07 1.04 1.01 1.06 0.99 0.84 0.91 1.18 1.33 1.34 1.34 1.37 1.45 1.44 1.22 1.04 1.10 1.19 1.19 1.14 1.09 1.13 1.19 1.11 0.97 0.88 0.67 0.37 0.23 0.30 0.47 0.68 0.83 0.92 1.02 1.09 1.12 1.07 0.96 0.92 0.92
1.06 1.06 1.05 1.04 1.03 1.02 1.01 1.00 1.00 0.99 0.97 0.94 0.91 0.86 0.81 0.82 0.90 0.97 0.99 0.97 0.93 0.91 0.91 0.95 1.00 1.02 1.00 0.95 0.96 1.00 0.99 0.96 0.94 0.94 0.94 0.92 0.89 0.89 0.94 0.99 1.03 1.03 1.02 1.06 1.09 1.05 1.06 1.12 1.13 1.07 1.07 1.16 1.25 1.28 1.29 1.36 1.46 1.44 1.30 1.25 1.29 1.29 1.22 1.15 1.14 1.23 1.25 1.14 1.03 0.91 0.72 0.51 0.40 0.39 0.45 0.63 0.82 0.97 1.04 1.01 0.95 0.90 0.86 0.88
1.06 1.06 1.05 1.04 1.03 1.02 1.01 1.00 1.00 0.99 0.98 0.95 0.91 0.87 0.81 0.78 0.80 0.85 0.87 0.88 0.88 0.87 0.86 0.87 0.89 0.93 0.94 0.91 0.86 0.86 0.89 0.92 0.95 1.00 1.06 1.08 1.04 0.98 0.96 0.99 1.01 1.02 1.04 1.04 1.06 1.08 1.05 1.06 1.15 1.18 1.09 1.02 1.06 1.17 1.25 1.32 1.41 1.45 1.37 1.31 1.33 1.34 1.28 1.21 1.18 1.22 1.28 1.23 1.11 1.02 0.95 0.87 0.77 0.62 0.47 0.45 0.53 0.66 0.80 0.84 0.80 0.78 0.76 0.82
1.06 1.05 1.04 1.04 1.04 1.03 1.01 1.00 0.99 0.98 0.98 0.96 0.93 0.90 0.85 0.81 0.79 0.80 0.82 0.84 0.86 0.88 0.88 0.88 0.90 0.92 0.94 0.92 0.88 0.87 0.90 0.94 0.97 0.98 1.00 1.03 1.03 0.99 0.97 1.02 1.07 1.10 1.14 1.14 1.13 1.16 1.15 1.08 1.05 1.11 1.10 1.02 0.97 1.04 1.18 1.30 1.38 1.43 1.39 1.31 1.30 1.31 1.23 1.16 1.14 1.14 1.20 1.26 1.24 1.21 1.16 1.09 1.02 0.92 0.78 0.64 0.56 0.61 0.74 0.83 0.82 0.79 0.77 0.79
1.07 1.06 1.04 1.04 1.03 1.03 1.02 1.01 0.99 0.97 0.97 0.96 0.95 0.92 0.89 0.86 0.85 0.85 0.86 0.88 0.90 0.91 0.92 0.93 0.94 0.95 0.95 0.95 0.93 0.93 0.94 0.98 1.03 1.06 1.10 1.16 1.18 1.17 1.16 1.19 1.20 1.19 1.19 1.19 1.19 1.18 1.17 1.11 1.05 1.09 1.13 1.10 1.03 0.98 1.03 1.12 1.24 1.35 1.41 1.36 1.32 1.34 1.26 1.15 1.13 1.15 1.21 1.29 1.33 1.31 1.27 1.16 1.05 0.98 0.92 0.89 0.92 0.98 1.04 1.02 0.97 0.92 0.87 0.80
1.07 1.06 1.05 1.03 1.03 1.02 1.02 1.02 1.00 0.98 0.97 0.96 0.95 0.93 0.92 0.91 0.91 0.91 0.92 0.92 0.93 0.94 0.94 0.95 0.95 0.97 0.98 0.98 0.96 0.95 0.96 1.00 1.09 1.18 1.25 1.32 1.37 1.34 1.26 1.24 1.24 1.24 1.25 1.23 1.21 1.17 1.13 1.12 1.12 1.14 1.18 1.19 1.14 1.04 0.96 0.98 1.06 1.17 1.32 1.41 1.39 1.40 1.35 1.22 1.18 1.19 1.25 1.33 1.37 1.33 1.25 1.19 1.10 0.99 0.88 0.87 1.01 1.21 1.35 1.36 1.24 1.08 0.98 0.87
1.06 1.06 1.05 1.04 1.03 1.03 1.02 1.02 1.01 0.99 0.98 0.98 0.98 0.95 0.94 0.93 0.93 0.94 0.95 0.96 0.96 0.97 0.97 0.98 0.98 1.00 1.01 1.02 1.01 0.99 0.98 1.02 1.11 1.18 1.20 1.19 1.23 1.26 1.21 1.17 1.19 1.24 1.28 1.27 1.23 1.20 1.20 1.20 1.20 1.20 1.22 1.21 1.18 1.12 1.03 1.00 1.02 1.07 1.18 1.37 1.44 1.44 1.41 1.30 1.27 1.31 1.35 1.39 1.42 1.38 1.29 1.22 1.18 1.11 0.97 0.89 0.94 1.13 1.38 1.56 1.58 1.42 1.25 1.06
1.06 1.05 1.05 1.05 1.04 1.03 1.02 1.01 1.01 1.00 0.98 0.98 0.99 0.99 0.97 0.95 0.95 0.96 0.97 0.98 0.99 1.00 1.00 1.01 1.02 1.02 1.03 1.03 1.00 0.96 0.93 0.94 0.99 1.06 1.09 1.08 1.07 1.11 1.13 1.13 1.14 1.20 1.26 1.31 1.32 1.31 1.31 1.29 1.24 1.20 1.21 1.21 1.19 1.18 1.12 1.07 1.06 1.06 1.10 1.26 1.41 1.44 1.41 1.32 1.29 1.33 1.35 1.35 1.36 1.34 1.28 1.21 1.19 1.17 1.11 0.98 0.88 0.93 1.11 1.39 1.64 1.67 1.56 1.36
1.06 1.05 1.04 1.04 1.03 1.02 1.01 1.01 1.00 1.00 0.99 0.97 0.98 0.99 0.99 0.98 0.97 0.97 0.98 0.98 0.99 1.00 1.01 1.03 1.04 1.05 1.05 1.05 1.00 0.91 0.86 0.84 0.85 0.94 1.04 1.09 1.10 1.09 1.08 1.08 1.10 1.15 1.25 1.36 1.42 1.40 1.35 1.32 1.26 1.19 1.19 1.20 1.20 1.21 1.19 1.15 1.13 1.10 1.06 1.11 1.27 1.40 1.43 1.36 1.24 1.14 1.13 1.17 1.21 1.21 1.16 1.13 1.16 1.19 1.14 1.02 0.85 0.76 0.84 1.09 1.43 1.67 1.75 1.71
1.06 1.05 1.04 1.03 1.03 1.02 1.02 1.01 1.01 1.00 0.99 0.98 0.97 0.97 0.98 0.99 0.99 0.98 0.98 0.98 0.99 1.00 1.01 1.03 1.06 1.09 1.12 1.15 1.11 0.98 0.85 0.79 0.79 0.87 1.01 1.13 1.19 1.18 1.09 1.05 1.07 1.12 1.20 1.31 1.37 1.38 1.36 1.33 1.31 1.28 1.25 1.23 1.17 1.14 1.15 1.17 1.19 1.18 1.08 1.01 1.12 1.31 1.45 1.49 1.41 1.26 1.16 1.16 1.21 1.23 1.16 1.08 1.10 1.14 1.15 1.13 1.03 0.80 0.70 0.87 1.18 1.50 1.73 1.88
1.06 1.05 1.04 1.03 1.03 1.02 1.01 1.01 1.01 1.01 1.00 0.99 0.98 0.96 0.97 0.97 0.98 0.98 0.99 0.99 0.99 1.01 1.03 1.05 1.08 1.12 1.19 1.27 1.26 1.14 0.97 0.83 0.74 0.72 0.84 1.03 1.19 1.29 1.21 1.11 1.10 1.12 1.15 1.24 1.31 1.39 1.48 1.48 1.43 1.40 1.39 1.35 1.25 1.15 1.13 1.18 1.25 1.27 1.20 1.13 1.16 1.21 1.28 1.38 1.45 1.41 1.31 1.26 1.30 1.36 1.30 1.16 1.08 1.08 1.11 1.19 1.27 1.09 0.75 0.72 0.91 1.17 1.42 1.67
1.06 1.06 1.05 1.04 1.03 1.02 1.01 1.01 1.01 1.01 1.00 0.99 0.98 0.96 0.96 0.96 0.97 0.98 0.99 1.01 1.01 1.02 1.03 1.05 1.09 1.13 1.20 1.34 1.42 1.37 1.23 1.03 0.83 0.71 0.68 0.79 1.00 1.25 1.30 1.19 1.13 1.16 1.18 1.26 1.38 1.46 1.59 1.67 1.61 1.48 1.48 1.55 1.52 1.40 1.27 1.21 1.30 1.42 1.42 1.37 1.33 1.24 1.13 1.12 1.22 1.31 1.30 1.29 1.34 1.40 1.39 1.26 1.12 1.07 1.05 1.10 1.28 1.36 1.06 0.74 0.71 0.87 1.08 1.29
1.06 1.06 1.05 1.04 1.02 1.02 1.01 1.01 1.00 1.00 1.00 0.99 0.98 0.97 0.96 0.96 0.97 0.98 0.99 1.01 1.02 1.02 1.03 1.04 1.07 1.13 1.22 1.38 1.56 1.63 1.58 1.39 1.14 0.94 0.81 0.80 0.97 1.22 1.38 1.36 1.32 1.35 1.36 1.38 1.43 1.50 1.57 1.70 1.78 1.67 1.60 1.71 1.75 1.66 1.49 1.32 1.37 1.53 1.55 1.44 1.39 1.39 1.29 1.16 1.15 1.22 1.25 1.29 1.34 1.37 1.42 1.40 1.28 1.16 1.03 0.98 1.05 1.31 1.27 0.90 0.67 0.69 0.85 1.01
1.05 1.05 1.04 1.04 1.03 1.01 1.00 1.00 1.00 0.99 0.99 0.99 0.99 0.99 0.98 0.97 0.98 0.99 0.99 1.00 1.01 1.02 1.03 1.04 1.06 1.10 1.18 1.31 1.49 1.69 1.81 1.80 1.57 1.30 1.17 1.18 1.26 1.41 1.53 1.56 1.60 1.63 1.63 1.61 1.56 1.56 1.61 1.71 1.88 1.96 1.93 1.91 1.94 1.90 1.76 1.55 1.43 1.45 1.51 1.42 1.27 1.29 1.35 1.28 1.17 1.14 1.16 1.24 1.31 1.29 1.30 1.35 1.34 1.24 1.10 1.01 1.04 1.23 1.31 1.05 0.70 0.59 0.65 0.80
1.05 1.04 1.04 1.04 1.03 1.01 1.00 1.00 1.00 0.99 0.99 0.99 1.00 0.99 0.99 0.98 0.97 0.98 0.99 1.00 1.01 1.02 1.04 1.05 1.05 1.06 1.08 1.14 1.24 1.36 1.51 1.71 1.75 1.64 1.53 1.50 1.51 1.55 1.63 1.67 1.68 1.70 1.71 1.72 1.68 1.63 1.62 1.66 1.73 1.86 1.91 1.89 1.91 1.96 1.88 1.66 1.44 1.30 1.36 1.41 1.24 1.10 1.19 1.24 1.15 1.05 1.03 1.10 1.23 1.22 1.11 1.09 1.15 1.16 1.15 1.17 1.19 1.30 1.44 1.29 0.88 0.63 0.59 0.70
1.05 1.05 1.04 1.04 1.04 1.02 1.01 1.01 1.01 1.00 1.00 1.00 0.99 0.99 0.99 0.98 0.97 0.97 0.98 0.99 1.01 1.02 1.03 1.04 1.05 1.05 1.05 1.07 1.11 1.18 1.29 1.47 1.64 1.67 1.56 1.47 1.47 1.52 1.59 1.62 1.58 1.51 1.47 1.49 1.52 1.50 1.47 1.42 1.37 1.37 1.39 1.45 1.55 1.73 1.78 1.65 1.53 1.39 1.29 1.35 1.28 1.13 1.15 1.26 1.21 1.03 0.95 1.02 1.21 1.26 1.08 0.98 1.01 1.08 1.15 1.21 1.25 1.35 1.53 1.53 1.23 0.88 0.71 0.69
1.05 1.04 1.02 1.02 1.03 1.02 1.01 1.01 1.00 1.00 1.00 1.00 1.01 1.00 1.00 0.99 0.99 0.98 0.97 0.97 0.98 1.00 1.02 1.04 1.04 1.03 1.04 1.08 1.17 1.33 1.50 1.61 1.65 1.63 1.44 1.28 1.31 1.38 1.38 1.36 1.36 1.31 1.27 1.28 1.29 1.28 1.25 1.21 1.16 1.15 1.14 1.15 1.24 1.45 1.63 1.61 1.59 1.61 1.54 1.43 1.25 1.10 1.18 1.37 1.39 1.14 0.94 1.01 1.26 1.41 1.23 1.11 1.13 1.15 1.15 1.18 1.26 1.38 1.55 1.66 1.48 1.15 0.91 0.77
1.05 1.05 1.03 1.01 1.01 1.00 1.00 1.00 1.00 0.99 0.99 1.00 1.00 1.01 1.01 1.00 1.00 1.00 0.99 0.98 0.98 0.99 1.00 1.03 1.05 1.04 1.04 1.06 1.14 1.30 1.45 1.57 1.62 1.68 1.54 1.25 1.23 1.30 1.30 1.27 1.28 1.27 1.23 1.21 1.16 1.12 1.11 1.09 1.07 1.09 1.10 1.08 1.08 1.18 1.36 1.40 1.38 1.53 1.73 1.73 1.42 1.14 1.18 1.42 1.60 1.41 1.04 0.91 1.11 1.43 1.46 1.36 1.30 1.23 1.17 1.17 1.23 1.35 1.57 1.80 1.76 1.47 1.19 0.96
1.05 1.05 1.05 1.04 1.02 1.01 1.01 1.00 1.00 0.99 0.99 0.99 0.99 0.99 1.00 1.00 1.00 1.00 1.00 1.00 0.99 0.98 0.98 0.99 1.02 1.04 1.03 1.01 1.02 1.04 1.13 1.29 1.45 1.64 1.72 1.53 1.33 1.28 1.31 1.30 1.29 1.24 1.16 1.11 1.06 1.00 0.99 1.00 1.01 1.04 1.05 1.05 1.03 1.03 1.10 1.15 1.14 1.20 1.49 1.80 1.68 1.31 1.17 1.32 1.63 1.66 1.31 0.94 0.93 1.23 1.45 1.46 1.36 1.24 1.15 1.09 1.10 1.15 1.31 1.65 1.90 1.84 1.61 1.31
1.04 1.04 1.05 1.06 1.05 1.03 1.02 1.01 1.01 1.01 1.00 0.99 0.99 0.99 0.99 0.99 0.99 0.99 0.99 1.00 1.00 0.99 0.98 0.96 0.95 0.96 0.98 0.98 0.95 0.91 0.96 1.12 1.33 1.53 1.72 1.71 1.49 1.30 1.25 1.22 1.19 1.17 1.12 1.07 1.07 1.04 0.99 1.01 1.05 1.08 1.10 1.10 1.10 1.09 1.10 1.14 1.14 1.10 1.21 1.56 1.66 1.33 1.08 1.13 1.48 1.77 1.64 1.25 1.02 1.03 1.16 1.28 1.27 1.16 1.06 0.99 0.95 0.91 0.89 1.09 1.51 1.78 1.82 1.64
1.03 1.03 1.03 1.04 1.05 1.03 1.01 1.01 1.01 1.01 1.00 0.99 0.99 0.99 0.99 0.99 0.99 1.00 1.00 0.99 0.99 0.99 0.97 0.96 0.94 0.93 0.94 0.95 0.94 0.95 1.01 1.11 1.24 1.35 1.46 1.54 1.50 1.36 1.24 1.14 1.08 1.10 1.14 1.13 1.12 1.14 1.11 1.09 1.10 1.11 1.14 1.17 1.21 1.23 1.22 1.24 1.27 1.25 1.25 1.46 1.60 1.35 1.05 0.99 1.22 1.63 1.79 1.58 1.27 1.04 0.96 1.03 1.06 1.03 1.01 0.99 0.95 0.94 0.91 0.88 1.01 1.31 1.64 1.80
1.04 1.03 1.02 1.02 1.02 1.03 1.02 1.00 1.00 1.00 1.00 1.00 1.00 1.00 1.00 1.00 1.00 1.00 1.00 1.00 0.99 0.98 0.98 0.97 0.96 0.95 0.94 0.95 1.01 1.08 1.12 1.11 1.10 1.14 1.24 1.30 1.33 1.32 1.26 1.18 1.12 1.12 1.16 1.19 1.20 1.19 1.18 1.19 1.20 1.20 1.18 1.19 1.27 1.31 1.28 1.26 1.35 1.44 1.47 1.56 1.67 1.50 1.18 0.99 1.01 1.30 1.64 1.64 1.40 1.19 1.07 1.04 1.05 1.06 1.06 1.02 0.97 1.06 1.20 1.11 0.94 1.05 1.37 1.72
