windninja/windninja_output/Output_2025-08-09_2000-2050_Google earth_Fire_150m_10min/merlingen_7.5mi_point_08-09-2025_2010_150m_ang.asc
ncols	158
nrows	163
xllcorner	391686.332397
yllcorner	5160024.123721
cellsize	150.000000
NODATA_value	-32768.000000
[rows 42 to 83 of 163, columns 0 to 93 of 158]
209 209 209 208 208 208 207 207 207 206 205 205 205 205 205 205 204 204 204 204 203 203 202 202 201 200 198 196 194 195 199 200 200 200 198 199 202 203 201 201 202 203 205 204 200 197 199 203 204 204 208 208 201 199 205 211 213 214 219 224 223 217 215 216 215 213 211 211 209 207 208 210 206 198 195 197 193 187 191 201 207 208 210 212 211 209 208 209 209 208 210 216 223 226
209 209 209 209 208 207 207 207 207 206 206 206 205 205 205 205 205 205 205 204 204 203 203 202 202 201 200 198 196 196 200 201 200 196 193 192 195 196 196 198 202 207 207 204 202 202 206 210 211 210 211 210 205 203 208 214 217 218 222 225 224 219 215 214 213 211 206 204 205 204 203 204 202 196 195 196 194 191 194 200 205 207 209 210 209 209 212 214 215 213 213 215 221 226
210 209 209 209 208 208 208 207 207 207 206 206 206 206 206 206 205 205 205 205 204 204 203 203 203 202 201 199 199 199 200 201 198 195 191 188 189 193 197 201 205 208 208 206 206 209 212 213 210 207 207 208 206 206 210 216 218 219 221 222 220 218 215 212 211 209 206 204 203 201 201 203 203 201 200 201 198 195 198 203 205 205 205 209 212 214 215 218 219 219 218 217 224 229
211 210 209 209 208 208 208 208 207 207 207 206 206 206 206 206 205 205 205 205 204 204 204 203 203 202 202 201 201 200 200 200 198 195 191 188 189 193 199 202 204 207 209 209 208 210 212 210 206 204 207 211 211 212 216 219 220 220 219 217 215 214 211 207 206 207 207 206 203 203 206 208 209 209 209 207 201 198 201 203 202 202 207 216 218 217 217 219 221 223 222 221 227 230
211 210 209 209 209 209 209 208 208 207 207 206 206 206 206 206 205 205 206 205 205 205 204 204 204 203 203 203 202 201 200 200 198 195 192 191 191 193 196 199 201 206 211 211 209 210 210 207 205 206 211 214 216 218 220 221 221 219 216 211 209 208 206 203 205 207 209 210 206 206 210 213 215 216 214 210 204 199 200 202 204 208 217 223 221 218 217 218 220 223 223 224 227 228
212 210 209 210 211 211 210 208 208 207 207 207 206 206 206 206 206 206 206 206 206 205 205 205 205 204 204 204 203 202 201 201 199 197 194 193 194 193 193 196 200 205 210 210 209 209 208 207 208 209 212 215 218 219 219 218 218 216 212 206 203 205 206 206 209 211 212 212 209 208 211 214 217 218 216 213 207 202 203 208 215 219 222 222 220 217 217 217 219 221 222 224 225 225
212 211 210 210 212 213 211 209 208 208 208 207 207 207 207 207 207 207 207 207 206 206 205 205 206 205 204 204 204 203 203 202 201 199 196 194 195 195 194 195 199 204 208 208 207 208 208 208 209 210 213 217 220 221 218 216 215 212 207 201 200 206 212 214 215 216 214 212 210 211 213 215 217 218 217 214 210 207 209 215 219 220 220 218 215 214 214 215 216 217 220 224 225 224
213 212 211 211 213 214 213 209 207 208 208 207 207 207 207 207 207 207 207 207 207 206 206 206 206 205 205 204 204 204 203 203 202 201 198 195 195 195 195 196 200 204 206 204 205 209 210 210 211 211 213 217 219 218 215 213 212 207 203 201 202 209 217 220 219 216 213 211 211 212 214 215 217 217 216 213 210 208 209 214 217 217 216 214 212 211 211 210 211 214 219 224 226 225
214 213 211 211 212 213 213 211 207 207 208 207 207 207 207 208 207 207 207 207 207 206 206 206 206 206 205 205 205 205 204 204 203 202 200 197 195 196 196 197 200 202 202 201 205 210 212 213 215 216 216 218 216 212 210 209 207 205 203 205 209 215 223 225 220 214 212 212 212 214 215 217 217 216 215 211 208 207 210 213 215 215 214 213 211 210 208 208 211 215 219 224 226 227
217 214 210 210 211 211 212 212 209 206 207 207 207 207 208 208 208 207 207 207 207 207 207 206 206 206 206 206 206 205 205 205 204 203 201 199 198 197 198 198 200 202 200 199 204 210 212 214 219 220 217 216 214 210 209 208 207 207 208 210 215 220 227 228 220 213 211 211 212 214 216 217 216 215 213 211 208 207 209 213 215 217 218 216 212 210 209 212 216 219 220 224 227 229
222 217 210 210 212 211 212 213 211 206 206 207 208 208 208 208 208 208 208 208 207 207 207 207 207 207 207 206 206 206 206 205 205 204 203 202 201 199 198 197 199 202 200 197 202 210 212 212 215 212 207 207 209 209 209 210 210 211 213 215 218 220 227 228 218 210 209 209 212 214 214 214 213 213 213 212 210 209 210 213 215 218 220 220 217 215 215 216 219 221 222 224 226 227
222 217 209 208 211 210 210 213 213 210 207 208 208 208 208 208 209 208 208 208 208 208 208 208 208 207 207 207 207 207 206 206 205 205 204 204 203 201 199 197 198 201 200 196 200 208 208 205 206 204 202 204 207 209 211 212 211 211 215 218 219 221 227 226 215 207 205 207 210 212 211 210 210 212 213 213 211 212 214 215 215 217 219 219 220 220 219 218 220 222 223 223 222 221
218 216 210 206 209 210 208 213 215 213 210 208 208 208 208 209 209 209 209 209 209 208 208 208 208 208 208 207 207 207 207 207 206 206 206 205 204 203 201 198 197 201 202 200 200 204 204 200 200 201 202 207 209 211 215 214 209 210 214 216 218 220 225 222 211 204 202 203 207 208 207 209 211 214 214 213 212 213 215 214 213 215 216 215 216 218 219 219 220 221 222 221 218 215
215 216 214 210 212 214 211 213 216 216 213 210 209 209 209 209 209 209 209 209 209 209 209 209 208 208 208 208 208 208 207 207 207 207 206 206 205 204 203 201 200 203 206 205 202 200 198 196 196 198 202 208 209 212 218 214 208 209 213 215 215 217 220 218 210 202 200 200 204 208 209 212 214 214 213 212 211 213 214 211 209 211 213 213 213 215 216 217 219 221 223 221 216 213
215 216 216 215 215 217 215 213 216 217 215 211 210 210 209 210 210 210 209 209 210 210 209 209 209 208 208 208 208 208 208 208 208 207 207 207 206 206 205 204 204 205 206 205 201 196 192 191 193 195 200 208 210 214 219 214 207 209 212 213 213 215 219 218 211 203 201 202 206 211 213 214 213 212 211 210 210 211 211 208 207 209 212 213 213 214 214 215 217 221 226 225 215 206
216 216 216 215 214 215 215 212 213 216 214 211 212 211 209 209 210 210 210 210 210 210 210 209 209 209 209 209 209 209 209 208 208 208 208 208 207 207 206 206 206 206 205 203 201 197 192 190 191 191 197 208 212 216 219 212 205 208 210 210 211 215 219 220 214 205 201 203 208 213 212 211 211 210 209 207 207 208 207 206 207 209 212 214 216 218 219 218 217 218 220 214 199 197
217 216 215 215 215 214 214 212 211 213 213 212 213 214 212 210 210 210 210 210 210 210 210 210 209 209 209 209 209 209 209 209 209 209 208 208 208 208 207 207 207 206 206 204 202 201 197 192 189 187 193 207 213 217 219 211 205 207 209 209 211 216 219 220 216 208 202 202 205 209 208 209 210 209 207 205 205 205 204 205 206 209 213 215 219 221 222 221 218 214 210 203 196 199
217 216 216 217 217 216 216 214 213 214 214 213 214 216 214 211 210 210 210 210 210 210 210 210 210 210 210 210 210 210 210 209 209 209 209 209 209 208 208 208 207 207 206 205 204 203 201 197 190 184 185 201 212 216 217 211 207 209 211 211 213 216 219 220 217 210 203 199 203 207 208 208 209 207 205 204 204 204 204 206 207 211 214 215 217 220 220 219 215 209 206 205 203 208
217 217 217 217 218 218 218 218 217 215 214 211 211 213 214 213 211 210 210 210 210 210 210 210 210 210 210 210 210 210 210 210 210 210 210 209 209 209 209 208 208 208 207 207 206 205 203 200 195 187 181 192 210 216 216 212 210 211 213 213 214 217 220 221 218 212 205 200 204 209 208 207 207 206 203 203 204 205 206 209 210 213 215 216 216 218 218 215 211 207 206 208 209 214
218 218 218 218 218 218 219 219 218 215 212 208 208 210 213 214 213 211 210 209 210 210 211 211 211 211 211 211 211 210 210 210 210 210 210 210 210 210 209 209 209 208 208 208 207 206 205 203 200 193 184 188 208 217 216 214 215 216 216 216 217 218 220 221 218 214 207 202 205 208 207 206 206 204 202 203 205 207 208 210 211 214 217 218 218 218 216 212 210 207 206 210 214 218
220 220 220 220 219 218 218 218 217 216 214 209 208 209 211 214 214 213 211 210 210 210 211 211 211 212 212 211 211 211 211 211 211 211 210 210 210 210 210 210 209 209 209 208 208 207 206 205 203 199 191 190 205 214 215 216 219 220 218 218 217 218 218 218 217 215 209 205 206 206 205 205 205 203 202 203 206 208 208 210 212 215 218 221 220 219 217 211 209 209 208 215 221 222
225 224 223 222 220 218 218 218 218 217 216 212 209 208 209 212 214 214 213 211 210 210 210 211 211 212 212 211 211 211 211 211 211 211 211 211 211 211 210 210 210 210 209 209 209 208 208 207 205 202 197 193 201 207 207 213 220 221 218 215 213 212 214 218 222 219 212 207 205 205 204 205 205 202 201 203 206 207 207 209 212 215 217 219 218 217 215 210 210 212 215 221 224 224
230 228 225 223 221 220 220 221 220 218 218 215 210 207 208 210 212 213 213 213 212 211 211 211 210 212 213 212 212 212 211 211 211 211 211 211 211 211 211 211 210 210 210 210 210 209 209 208 207 205 202 198 200 204 201 208 218 220 216 212 209 211 219 227 231 225 212 205 203 203 203 204 205 202 200 202 203 203 204 207 211 213 215 216 216 215 213 211 212 214 218 222 224 227
229 227 223 222 221 221 221 222 223 221 220 218 212 207 208 209 210 212 213 214 214 212 212 211 210 212 213 212 212 212 212 212 212 212 212 212 211 211 211 211 211 211 211 210 210 210 210 209 208 207 206 203 203 205 201 203 215 218 216 212 210 214 222 226 223 214 205 201 201 201 202 204 205 202 200 199 200 200 202 206 211 214 214 214 214 215 214 213 213 215 218 222 226 230
223 222 221 221 221 220 218 218 220 220 219 217 214 208 207 209 210 211 213 214 213 212 212 212 210 211 212 212 212 212 212 212 212 212 212 212 212 212 212 212 211 211 211 211 211 211 210 210 210 209 209 208 207 207 205 203 212 219 219 217 211 209 213 215 212 208 203 200 201 201 202 205 205 202 198 197 197 199 202 206 210 211 209 206 209 214 215 214 215 217 219 223 227 231
209 212 216 217 219 217 212 213 218 219 218 216 213 210 207 209 211 210 210 213 212 212 212 212 211 212 213 215 215 214 213 213 212 212 212 212 212 212 212 212 212 212 212 212 212 211 211 211 211 211 210 210 210 210 210 211 217 225 227 223 211 203 206 210 210 208 205 203 202 202 202 204 205 200 197 196 197 197 199 202 203 204 202 201 210 220 220 217 219 220 221 224 229 232
187 200 208 210 211 209 205 207 216 219 217 213 212 210 208 208 210 210 209 212 213 213 213 212 211 212 215 217 217 216 214 213 213 213 213 213 213 213 212 212 212 212 212 212 212 212 212 212 212 212 212 212 212 212 213 215 220 227 231 227 214 205 207 211 210 209 207 205 203 202 202 204 205 200 197 197 196 195 195 198 199 201 204 209 224 232 225 219 220 221 223 227 231 233
177 190 206 209 211 210 205 204 210 213 209 206 206 206 205 205 208 210 211 211 213 213 214 214 212 212 217 220 218 216 215 214 213 213 213 213 213 213 213 213 213 213 213 213 213 213 213 213 213 213 213 213 213 213 214 216 218 221 225 225 219 212 212 214 212 210 209 206 203 202 203 206 205 200 198 198 197 194 193 196 201 206 215 224 236 237 224 219 221 222 224 227 229 230
192 200 217 225 227 224 215 208 212 214 209 206 207 206 206 206 208 211 212 212 212 214 215 215 213 213 218 220 217 216 215 214 213 213 213 213 213 213 213 213 213 213 213 213 213 213 213 213 213 213 213 213 214 214 215 216 217 218 220 220 219 217 219 222 221 217 213 209 206 204 204 207 204 199 198 200 198 194 192 196 206 216 224 233 240 233 222 220 222 224 224 225 226 225
210 214 226 238 245 243 235 227 228 228 223 219 219 216 213 211 211 212 212 211 212 214 215 216 211 208 214 217 216 215 214 214 214 213 213 213 213 213 213 213 213 213 213 213 214 214 214 214 214 214 214 214 214 215 215 216 216 217 217 217 217 217 219 222 223 223 221 217 212 207 205 207 206 200 199 201 200 195 194 201 213 223 230 237 237 225 219 220 223 225 225 224 223 220
221 224 229 234 240 242 241 240 244 242 237 235 233 228 225 220 217 215 214 212 212 212 213 213 207 204 211 217 217 215 214 214 215 213 213 213 213 213 213 214 214 214 214 214 214 214 214 214 214 214 214 215 215 215 215 216 216 216 216 216 216 216 217 218 218 218 219 219 218 213 209 212 211 205 202 203 202 198 197 206 217 226 232 236 231 219 216 221 226 227 224 224 225 222
231 232 234 236 239 240 239 240 243 242 237 234 231 229 227 224 221 219 217 215 213 212 212 211 207 204 209 216 218 217 215 215 215 214 212 212 213 213 213 214 214 214 214 214 214 214 215 215 215 215 215 215 215 215 215 216 216 216 216 216 216 216 216 216 216 215 215 215 216 217 218 221 219 210 206 205 204 202 200 208 218 226 230 231 224 218 219 223 227 225 221 221 224 224
238 239 242 244 245 245 244 243 242 238 235 232 229 226 224 222 220 220 219 217 216 215 214 213 209 206 208 214 218 219 217 216 215 214 212 210 212 213 213 213 214 214 214 215 215 215 215 215 215 215 215 215 215 215 216 216 216 216 216 216 216 216 216 216 215 214 214 214 215 215 215 215 213 205 202 202 202 201 202 208 217 222 225 224 220 220 222 224 226 224 220 216 213 210
243 245 249 253 255 255 252 248 243 239 235 232 229 226 224 222 220 218 218 217 217 217 217 216 213 208 210 213 216 218 218 216 216 217 215 213 213 213 213 213 213 214 215 215 215 215 215 216 216 216 216 216 216 216 216 216 216 216 216 216 216 216 216 215 215 215 214 214 214 213 212 209 206 199 196 197 197 198 201 206 213 219 223 222 221 221 222 224 225 226 225 215 205 206
247 249 255 260 266 267 263 256 249 242 236 232 229 226 224 222 220 218 217 217 216 217 217 216 214 211 212 214 215 217 218 219 220 221 221 218 215 214 213 213 213 214 215 215 216 216 216 216 216 216 216 216 216 216 216 216 216 216 216 216 216 216 215 215 215 215 214 214 213 212 211 209 206 201 195 193 191 192 198 205 214 222 226 227 228 227 227 229 230 233 231 217 206 208
252 253 256 263 273 278 277 269 257 245 236 230 228 226 224 222 220 218 217 217 216 216 216 215 214 213 215 216 216 217 220 221 222 222 221 218 215 215 214 213 213 214 215 216 216 216 217 217 217 217 217 216 216 216 216 216 216 216 216 216 216 216 215 215 215 215 214 214 213 212 211 210 208 204 198 192 187 185 192 208 219 225 230 233 234 236 237 235 233 228 217 204 201 207
256 255 253 261 277 287 289 279 260 242 230 226 225 224 222 221 219 218 217 217 217 217 216 215 213 213 216 217 216 216 218 220 219 219 219 217 215 215 216 215 213 214 216 217 217 218 218 218 218 218 217 217 217 216 216 216 216 216 216 216 216 216 216 215 215 215 214 214 213 212 211 210 209 206 201 195 187 181 187 210 223 225 227 229 226 226 227 224 217 211 205 200 201 208
255 252 247 247 263 279 282 266 242 225 219 220 222 221 220 219 219 217 216 216 217 217 217 215 211 211 215 216 215 213 213 216 218 219 220 218 216 215 217 217 214 215 217 218 219 219 220 220 219 219 218 217 217 216 216 216 216 216 216 216 216 216 216 216 215 215 214 214 213 213 211 210 209 207 204 199 192 183 186 207 219 219 218 217 216 216 216 213 209 206 205 205 207 208
247 243 235 234 235 230 215 198 201 203 206 212 217 219 219 218 218 217 216 216 217 217 217 215 209 210 215 216 215 212 211 213 215 217 218 218 216 215 217 217 215 215 219 220 221 222 222 223 223 222 220 218 217 216 216 216 216 216 216 216 216 216 216 216 215 215 215 214 213 213 212 211 210 208 205 202 196 189 188 199 207 209 209 209 211 213 213 209 207 208 209 211 211 210
245 244 238 231 230 225 209 195 196 198 199 206 214 218 218 219 220 219 217 216 217 217 217 214 209 210 215 217 216 213 211 211 213 214 217 218 216 215 216 217 215 214 218 222 226 228 228 229 230 229 223 219 217 216 216 216 216 216 216 216 216 216 216 216 216 215 215 214 214 213 212 211 210 209 207 204 199 194 190 190 192 199 205 209 211 214 212 207 207 209 211 212 214 212
255 252 240 231 230 226 218 209 204 203 203 207 214 218 219 220 221 220 218 217 217 217 217 214 209 211 215 215 215 214 213 214 215 218 220 220 218 217 217 217 215 213 214 217 219 221 221 221 222 222 220 217 216 215 215 216 216 216 217 217 216 216 216 216 216 215 215 215 214 213 212 211 211 209 208 205 201 196 191 185 182 190 203 209 211 211 209 206 206 209 212 213 214 212
243 234 222 225 227 227 223 218 215 215 213 214 217 221 223 223 223 223 222 220 219 218 217 214 209 209 212 213 214 215 215 216 218 221 224 225 224 221 219 218 216 214 212 211 211 211 210 209 211 212 211 211 211 212 214 216 216 217 217 217 217 216 216 216 216 216 215 215 214 214 213 212 211 210 209 206 203 198 193 185 178 183 197 205 209 210 210 208 208 211 214 215 216 215
