windninja/windninja_output/Output_2025-08-09_2000-2050_Google earth_Fire_150m_10min/merlingen_7.5mi_point_08-09-2025_2000_150m_vel.asc
ncols	158
nrows	163
xllcorner	391686.332397
yllcorner	5160024.123721
cellsize	150.000000
NODATA_value	-32768.000000
[rows 0 to 37 of 163, columns 0 to 83 of 158]
0.81 0.81 0.81 0.81 0.83 0.84 0.80 0.80 0.85 0.85 0.84 0.84 0.91 1.03 1.06 1.00 0.90 0.81 0.82 0.85 0.74 0.67 0.82 0.93 0.94 0.89 0.82 0.83 0.89 0.91 0.91 0.92 0.92 0.90 0.91 0.97 0.92 0.88 0.90 0.87 0.89 0.94 0.95 0.95 0.96 0.95 0.96 0.91 0.88 0.93 0.97 1.00 1.03 1.04 1.03 1.04 1.05 1.06 1.07 1.05 1.04 1.07 1.10 1.11 1.13 1.18 1.23 1.23 1.19 1.13 1.10 1.12 1.15 1.17 1.21 1.22 1.22 1.22 1.20 1.17 1.18 1.20 1.26 1.28
0.80 0.81 0.80 0.78 0.81 0.83 0.79 0.78 0.82 0.82 0.79 0.77 0.83 0.96 1.06 1.07 0.99 0.87 0.87 0.88 0.73 0.61 0.71 0.88 0.97 0.94 0.84 0.81 0.86 0.89 0.90 0.91 0.92 0.90 0.91 0.97 0.95 0.91 0.92 0.88 0.88 0.93 0.95 0.98 0.99 0.97 0.99 0.95 0.88 0.89 0.93 0.96 0.99 1.01 1.01 1.02 1.04 1.06 1.09 1.06 1.02 1.04 1.07 1.09 1.08 1.12 1.19 1.24 1.23 1.16 1.10 1.11 1.13 1.15 1.19 1.21 1.22 1.26 1.24 1.17 1.16 1.19 1.25 1.30
0.78 0.82 0.81 0.77 0.81 0.80 0.78 0.80 0.81 0.79 0.73 0.67 0.69 0.82 1.02 1.15 1.10 0.99 0.96 0.92 0.77 0.59 0.55 0.74 0.96 1.00 0.90 0.83 0.84 0.87 0.89 0.90 0.90 0.91 0.92 0.96 0.97 0.96 0.94 0.90 0.89 0.91 0.94 1.00 1.01 1.00 1.02 1.01 0.93 0.87 0.89 0.92 0.96 0.99 0.99 1.00 1.02 1.05 1.09 1.10 1.04 1.02 1.04 1.06 1.04 1.05 1.14 1.25 1.29 1.20 1.10 1.09 1.12 1.13 1.16 1.17 1.21 1.32 1.31 1.18 1.13 1.22 1.27 1.28
0.73 0.82 0.84 0.80 0.83 0.78 0.76 0.83 0.84 0.80 0.71 0.62 0.63 0.74 0.92 1.13 1.14 1.06 1.03 0.97 0.84 0.67 0.54 0.60 0.85 0.98 0.97 0.91 0.87 0.89 0.93 0.94 0.92 0.92 0.92 0.93 0.95 0.97 0.96 0.92 0.91 0.92 0.96 1.00 1.01 1.00 1.01 1.02 1.00 0.96 0.93 0.93 0.97 1.01 1.01 1.00 1.01 1.03 1.05 1.09 1.07 1.02 1.02 1.05 1.04 1.04 1.11 1.23 1.30 1.22 1.11 1.10 1.12 1.12 1.12 1.12 1.15 1.30 1.35 1.20 1.09 1.24 1.35 1.27
0.67 0.78 0.86 0.84 0.85 0.79 0.76 0.80 0.81 0.77 0.69 0.60 0.60 0.70 0.89 1.09 1.14 1.08 1.03 1.01 0.92 0.77 0.58 0.52 0.71 0.88 0.95 0.96 0.94 0.94 0.99 1.02 1.02 0.97 0.92 0.93 0.95 0.96 0.97 0.94 0.91 0.92 0.98 1.01 1.01 1.01 1.00 1.00 1.00 1.01 0.97 0.94 0.96 1.01 1.04 1.03 1.02 1.03 1.03 1.05 1.06 1.03 1.02 1.04 1.04 1.04 1.08 1.22 1.30 1.21 1.12 1.12 1.13 1.12 1.11 1.11 1.11 1.20 1.30 1.22 1.07 1.15 1.33 1.30
0.65 0.71 0.79 0.84 0.86 0.81 0.78 0.79 0.77 0.71 0.65 0.58 0.54 0.66 0.89 1.04 1.13 1.11 1.03 1.01 0.97 0.86 0.64 0.48 0.57 0.73 0.83 0.90 0.93 0.94 0.98 1.06 1.10 1.07 1.00 0.97 0.98 0.98 0.99 0.97 0.93 0.93 0.97 0.99 1.00 1.02 1.00 0.99 0.99 0.98 0.98 0.98 0.98 1.00 1.04 1.05 1.04 1.03 1.02 1.03 1.04 1.03 1.02 1.04 1.05 1.04 1.07 1.21 1.29 1.21 1.17 1.18 1.16 1.10 1.10 1.17 1.19 1.17 1.18 1.19 1.14 1.12 1.23 1.28
0.70 0.70 0.71 0.77 0.83 0.83 0.82 0.80 0.74 0.67 0.62 0.56 0.51 0.62 0.88 0.99 1.07 1.12 1.07 1.03 1.02 0.96 0.74 0.50 0.48 0.60 0.69 0.78 0.83 0.87 0.92 1.01 1.08 1.09 1.08 1.05 1.02 1.01 1.01 0.99 0.96 0.96 0.97 0.97 0.98 0.99 0.99 0.98 0.97 0.95 0.96 1.00 1.02 1.02 1.05 1.07 1.05 1.04 1.02 1.01 1.02 1.02 1.04 1.07 1.08 1.06 1.08 1.20 1.26 1.18 1.19 1.27 1.24 1.11 1.08 1.19 1.28 1.26 1.14 1.15 1.24 1.21 1.18 1.24
0.74 0.74 0.70 0.70 0.76 0.80 0.83 0.80 0.72 0.66 0.60 0.54 0.50 0.62 0.86 0.97 0.98 1.06 1.09 1.05 1.07 1.05 0.87 0.60 0.47 0.50 0.61 0.69 0.73 0.78 0.86 0.95 0.99 1.02 1.06 1.07 1.04 1.02 1.02 1.01 0.99 0.98 0.98 0.98 0.97 0.97 0.96 0.96 0.94 0.92 0.93 0.98 1.01 1.04 1.10 1.10 1.06 1.05 1.02 1.00 0.98 0.97 1.02 1.10 1.14 1.11 1.11 1.18 1.23 1.15 1.14 1.27 1.30 1.19 1.10 1.14 1.27 1.30 1.15 1.14 1.30 1.26 1.16 1.22
0.74 0.76 0.75 0.72 0.72 0.76 0.79 0.77 0.72 0.65 0.59 0.52 0.48 0.57 0.82 0.96 0.95 0.98 1.05 1.06 1.08 1.09 0.98 0.77 0.55 0.45 0.54 0.65 0.66 0.71 0.83 0.88 0.91 0.97 1.03 1.04 1.01 0.99 1.00 1.01 1.00 0.99 0.98 0.97 0.98 0.96 0.94 0.95 0.91 0.87 0.92 0.97 0.95 1.01 1.13 1.13 1.07 1.06 1.03 0.99 0.95 0.90 0.91 1.02 1.13 1.17 1.16 1.17 1.20 1.16 1.14 1.21 1.24 1.20 1.14 1.13 1.23 1.26 1.17 1.18 1.34 1.30 1.11 1.13
0.74 0.76 0.78 0.76 0.74 0.75 0.76 0.74 0.71 0.66 0.60 0.53 0.46 0.51 0.73 0.91 0.94 0.94 0.97 1.04 1.09 1.10 1.04 0.88 0.69 0.51 0.49 0.61 0.64 0.68 0.82 0.85 0.83 0.93 1.03 1.04 0.99 0.97 0.99 1.01 1.01 1.00 0.98 0.97 0.98 0.95 0.92 0.94 0.90 0.82 0.88 0.95 0.91 0.96 1.11 1.14 1.07 1.04 1.03 0.98 0.94 0.88 0.80 0.85 1.02 1.14 1.17 1.15 1.13 1.17 1.22 1.22 1.18 1.16 1.15 1.15 1.21 1.18 1.13 1.25 1.40 1.38 1.15 1.01
0.75 0.76 0.79 0.78 0.75 0.75 0.75 0.74 0.71 0.67 0.62 0.56 0.47 0.47 0.64 0.83 0.91 0.92 0.91 0.97 1.06 1.09 1.07 0.96 0.80 0.65 0.52 0.58 0.65 0.68 0.80 0.83 0.80 0.88 0.99 1.02 0.99 0.96 0.98 1.00 1.02 1.02 1.01 0.98 0.99 0.96 0.89 0.91 0.90 0.80 0.83 0.90 0.88 0.95 1.05 1.13 1.07 1.00 0.99 0.96 0.95 0.90 0.77 0.75 0.91 1.03 1.09 1.07 1.01 1.12 1.26 1.27 1.18 1.13 1.15 1.17 1.22 1.15 1.03 1.18 1.38 1.46 1.32 1.09
0.76 0.77 0.78 0.78 0.76 0.75 0.75 0.74 0.71 0.67 0.64 0.59 0.51 0.47 0.58 0.76 0.85 0.90 0.89 0.90 0.96 1.02 1.05 0.99 0.87 0.74 0.60 0.58 0.65 0.69 0.76 0.81 0.80 0.85 0.93 0.96 0.97 0.96 0.97 0.98 1.00 1.03 1.02 0.99 1.02 1.01 0.91 0.89 0.90 0.83 0.82 0.83 0.83 0.93 1.01 1.07 1.06 0.98 0.94 0.93 0.96 0.92 0.78 0.76 0.88 0.93 0.97 0.94 0.87 1.01 1.21 1.27 1.22 1.12 1.13 1.22 1.30 1.26 1.09 1.08 1.25 1.43 1.44 1.32
0.77 0.77 0.78 0.77 0.76 0.75 0.75 0.73 0.71 0.68 0.65 0.61 0.55 0.50 0.57 0.72 0.80 0.83 0.88 0.89 0.91 0.94 0.98 0.97 0.89 0.77 0.66 0.63 0.66 0.70 0.74 0.79 0.82 0.84 0.88 0.93 0.94 0.94 0.95 0.95 0.98 1.02 1.00 0.99 1.04 1.06 0.99 0.93 0.94 0.92 0.86 0.82 0.82 0.93 1.02 1.01 0.99 0.95 0.91 0.94 1.01 0.97 0.87 0.84 0.87 0.87 0.85 0.80 0.74 0.87 1.06 1.19 1.22 1.10 1.05 1.17 1.29 1.36 1.26 1.14 1.18 1.32 1.40 1.43
0.78 0.78 0.77 0.77 0.76 0.76 0.75 0.73 0.71 0.69 0.66 0.63 0.57 0.53 0.60 0.73 0.79 0.77 0.81 0.87 0.88 0.88 0.92 0.92 0.88 0.79 0.71 0.68 0.69 0.71 0.75 0.78 0.82 0.82 0.83 0.91 0.95 0.94 0.93 0.91 0.96 1.00 0.96 0.96 1.01 1.02 0.97 0.98 1.05 1.04 0.94 0.86 0.84 0.95 1.08 1.01 0.90 0.84 0.84 0.97 1.09 1.05 0.99 0.94 0.88 0.84 0.81 0.78 0.70 0.68 0.85 1.03 1.15 1.06 0.95 0.99 1.13 1.28 1.28 1.19 1.17 1.23 1.29 1.40
0.78 0.78 0.77 0.76 0.75 0.75 0.74 0.73 0.72 0.70 0.67 0.64 0.58 0.54 0.62 0.78 0.83 0.75 0.74 0.82 0.85 0.84 0.86 0.88 0.86 0.79 0.73 0.72 0.72 0.73 0.78 0.81 0.80 0.79 0.80 0.88 0.94 0.96 0.93 0.90 0.93 0.95 0.96 0.97 0.96 0.96 0.90 0.88 1.04 1.18 1.10 0.94 0.89 1.01 1.14 1.08 0.89 0.74 0.75 0.98 1.18 1.15 1.09 1.02 0.94 0.90 0.86 0.84 0.76 0.59 0.61 0.87 1.03 1.00 0.90 0.91 1.04 1.15 1.19 1.18 1.15 1.14 1.19 1.31
0.79 0.78 0.77 0.76 0.75 0.74 0.74 0.73 0.72 0.70 0.68 0.65 0.59 0.52 0.59 0.79 0.88 0.80 0.73 0.76 0.80 0.79 0.81 0.84 0.85 0.81 0.73 0.73 0.75 0.74 0.80 0.85 0.81 0.80 0.81 0.84 0.90 0.95 0.93 0.92 0.93 0.91 0.97 1.03 0.95 0.94 0.95 0.82 0.83 1.09 1.22 1.08 0.99 1.09 1.19 1.22 1.07 0.78 0.72 0.96 1.20 1.22 1.13 1.01 1.03 1.09 1.00 0.94 0.87 0.61 0.52 0.70 0.88 0.88 0.86 0.90 1.00 1.08 1.15 1.23 1.16 1.07 1.13 1.21
0.79 0.78 0.77 0.76 0.75 0.74 0.74 0.73 0.72 0.70 0.68 0.65 0.62 0.54 0.55 0.74 0.87 0.85 0.78 0.75 0.76 0.76 0.76 0.80 0.84 0.83 0.74 0.71 0.75 0.78 0.81 0.85 0.82 0.82 0.85 0.85 0.88 0.91 0.92 0.93 0.94 0.91 0.97 1.06 0.99 0.94 1.00 0.94 0.82 0.92 1.10 1.12 1.07 1.11 1.16 1.25 1.26 1.00 0.80 1.00 1.22 1.25 1.14 0.97 1.03 1.21 1.16 1.05 0.98 0.76 0.56 0.61 0.73 0.73 0.76 0.85 0.92 1.04 1.18 1.26 1.18 1.07 1.11 1.15
0.79 0.78 0.78 0.77 0.75 0.74 0.74 0.73 0.72 0.71 0.69 0.66 0.63 0.58 0.56 0.68 0.81 0.83 0.80 0.77 0.75 0.73 0.73 0.76 0.81 0.82 0.76 0.70 0.72 0.78 0.82 0.82 0.81 0.85 0.90 0.92 0.90 0.90 0.90 0.93 0.95 0.94 0.97 1.01 1.01 0.97 0.97 0.98 0.97 0.96 0.98 1.01 1.05 1.08 1.11 1.18 1.27 1.17 0.98 1.05 1.24 1.28 1.15 1.00 1.02 1.21 1.28 1.16 1.04 0.91 0.75 0.61 0.67 0.69 0.64 0.71 0.82 1.01 1.21 1.24 1.15 1.11 1.10 1.11
0.78 0.78 0.78 0.76 0.75 0.75 0.74 0.73 0.72 0.71 0.70 0.68 0.65 0.62 0.60 0.65 0.75 0.78 0.77 0.76 0.74 0.73 0.72 0.73 0.77 0.78 0.76 0.72 0.71 0.75 0.79 0.79 0.80 0.85 0.93 0.98 0.96 0.90 0.88 0.92 0.94 0.94 0.98 0.97 0.99 1.01 0.96 0.91 0.97 1.04 0.99 0.94 0.96 1.02 1.07 1.12 1.20 1.21 1.10 1.09 1.25 1.31 1.17 1.06 1.07 1.17 1.31 1.25 1.10 1.03 0.90 0.71 0.72 0.71 0.59 0.60 0.73 0.93 1.17 1.18 1.13 1.12 1.04 1.03
0.78 0.78 0.77 0.76 0.75 0.75 0.74 0.73 0.72 0.70 0.70 0.70 0.67 0.65 0.64 0.66 0.71 0.74 0.74 0.74 0.73 0.72 0.72 0.72 0.74 0.76 0.76 0.74 0.73 0.73 0.75 0.76 0.79 0.83 0.90 0.97 0.98 0.91 0.87 0.91 0.93 0.95 0.99 0.99 0.99 1.03 1.02 0.92 0.91 1.04 1.05 0.96 0.90 0.92 1.01 1.08 1.15 1.21 1.19 1.14 1.23 1.31 1.21 1.09 1.09 1.16 1.26 1.27 1.19 1.11 0.97 0.80 0.81 0.81 0.69 0.63 0.71 0.89 1.10 1.17 1.15 1.12 1.01 0.94
0.79 0.78 0.76 0.76 0.75 0.75 0.74 0.73 0.72 0.70 0.69 0.70 0.69 0.67 0.66 0.67 0.70 0.72 0.73 0.72 0.72 0.72 0.72 0.72 0.73 0.75 0.76 0.75 0.74 0.73 0.71 0.73 0.79 0.86 0.92 0.98 1.00 0.95 0.89 0.92 0.94 0.96 0.99 1.01 1.03 1.04 1.05 0.97 0.91 1.01 1.07 1.02 0.94 0.88 0.91 0.98 1.06 1.16 1.23 1.21 1.23 1.34 1.29 1.13 1.12 1.17 1.20 1.25 1.24 1.14 1.00 0.88 0.87 0.88 0.78 0.67 0.76 0.97 1.16 1.23 1.21 1.15 1.04 0.91
0.79 0.78 0.76 0.75 0.75 0.74 0.74 0.73 0.72 0.70 0.69 0.70 0.69 0.67 0.67 0.68 0.69 0.71 0.72 0.71 0.71 0.71 0.71 0.71 0.72 0.74 0.75 0.75 0.75 0.72 0.69 0.69 0.78 0.89 0.93 0.97 1.03 1.00 0.92 0.92 0.95 0.98 1.01 1.04 1.06 1.06 1.04 0.99 0.95 1.00 1.07 1.06 1.01 0.92 0.87 0.90 0.96 1.05 1.17 1.26 1.26 1.37 1.38 1.18 1.15 1.18 1.15 1.22 1.25 1.13 1.00 0.95 0.96 0.96 0.80 0.62 0.70 0.98 1.24 1.38 1.33 1.19 1.10 0.97
0.78 0.77 0.76 0.75 0.75 0.74 0.73 0.73 0.73 0.71 0.69 0.70 0.70 0.68 0.67 0.67 0.68 0.70 0.71 0.70 0.70 0.71 0.71 0.71 0.71 0.73 0.75 0.76 0.75 0.73 0.67 0.65 0.75 0.87 0.90 0.93 0.98 1.00 0.94 0.91 0.93 0.97 1.02 1.08 1.10 1.09 1.05 1.00 0.98 1.00 1.07 1.08 1.05 1.00 0.91 0.88 0.93 0.97 1.02 1.20 1.30 1.40 1.44 1.27 1.19 1.17 1.12 1.19 1.23 1.15 1.05 1.01 1.06 1.07 0.86 0.59 0.56 0.83 1.17 1.44 1.51 1.37 1.28 1.11
0.78 0.77 0.76 0.75 0.74 0.73 0.73 0.72 0.72 0.71 0.69 0.68 0.69 0.69 0.68 0.67 0.67 0.69 0.70 0.69 0.70 0.70 0.70 0.70 0.71 0.72 0.74 0.76 0.76 0.73 0.65 0.61 0.70 0.82 0.89 0.92 0.93 0.95 0.94 0.90 0.89 0.94 1.01 1.10 1.15 1.11 1.05 1.04 1.01 1.00 1.08 1.09 1.06 1.05 0.97 0.91 0.93 0.93 0.90 1.07 1.29 1.43 1.49 1.36 1.21 1.11 1.09 1.15 1.18 1.16 1.10 1.07 1.13 1.13 0.93 0.65 0.51 0.67 0.94 1.26 1.52 1.54 1.47 1.33
0.77 0.76 0.75 0.75 0.74 0.73 0.72 0.72 0.72 0.71 0.69 0.67 0.68 0.69 0.68 0.67 0.67 0.68 0.68 0.68 0.68 0.69 0.69 0.69 0.70 0.71 0.73 0.77 0.80 0.74 0.64 0.60 0.64 0.76 0.86 0.92 0.94 0.94 0.92 0.89 0.86 0.89 0.97 1.09 1.18 1.11 1.05 1.08 1.06 1.03 1.07 1.09 1.07 1.06 1.01 0.95 0.95 0.93 0.86 0.94 1.20 1.44 1.54 1.44 1.19 1.03 1.02 1.07 1.11 1.14 1.11 1.10 1.17 1.12 0.92 0.73 0.60 0.61 0.74 0.98 1.31 1.52 1.57 1.56
0.77 0.76 0.75 0.74 0.74 0.72 0.71 0.72 0.72 0.71 0.69 0.67 0.67 0.67 0.67 0.67 0.67 0.67 0.67 0.67 0.67 0.68 0.68 0.67 0.68 0.69 0.73 0.81 0.87 0.79 0.66 0.62 0.62 0.67 0.80 0.89 0.95 1.00 0.95 0.86 0.84 0.85 0.92 1.07 1.14 1.09 1.08 1.11 1.11 1.09 1.09 1.11 1.10 1.05 1.01 0.95 0.94 0.96 0.91 0.91 1.10 1.40 1.53 1.44 1.22 1.06 1.00 1.01 1.11 1.18 1.18 1.17 1.14 1.04 0.88 0.81 0.83 0.74 0.63 0.73 1.04 1.32 1.47 1.63
0.77 0.76 0.75 0.74 0.73 0.72 0.71 0.71 0.72 0.70 0.69 0.68 0.67 0.66 0.66 0.66 0.66 0.66 0.66 0.66 0.66 0.66 0.66 0.66 0.66 0.66 0.71 0.85 0.94 0.87 0.74 0.67 0.63 0.60 0.67 0.79 0.91 1.06 1.03 0.87 0.83 0.85 0.89 1.03 1.08 1.04 1.12 1.18 1.16 1.13 1.13 1.18 1.16 1.09 1.00 0.89 0.91 1.00 1.02 1.00 1.17 1.42 1.43 1.31 1.23 1.15 1.05 1.02 1.13 1.28 1.35 1.26 1.08 0.94 0.79 0.80 1.02 1.03 0.68 0.56 0.78 1.03 1.21 1.42
0.76 0.76 0.75 0.73 0.73 0.71 0.70 0.71 0.71 0.69 0.69 0.68 0.67 0.66 0.65 0.65 0.65 0.65 0.65 0.66 0.66 0.65 0.64 0.63 0.63 0.62 0.66 0.84 0.98 0.95 0.88 0.80 0.70 0.61 0.58 0.62 0.78 1.03 1.10 0.92 0.82 0.87 0.90 0.97 1.02 0.99 1.10 1.24 1.26 1.15 1.11 1.24 1.27 1.20 1.05 0.80 0.83 1.05 1.14 1.15 1.34 1.47 1.30 1.11 1.12 1.13 1.06 1.04 1.14 1.33 1.48 1.33 1.05 0.88 0.71 0.71 1.01 1.27 0.99 0.59 0.60 0.77 0.95 1.15
0.75 0.75 0.74 0.73 0.72 0.71 0.70 0.71 0.69 0.68 0.68 0.68 0.67 0.66 0.64 0.64 0.64 0.63 0.64 0.65 0.65 0.64 0.62 0.61 0.59 0.57 0.62 0.78 0.95 1.02 1.04 0.99 0.83 0.71 0.62 0.56 0.67 0.95 1.11 0.96 0.86 0.92 0.91 0.94 0.95 0.94 1.02 1.20 1.35 1.24 1.09 1.24 1.36 1.33 1.15 0.78 0.75 1.06 1.26 1.30 1.42 1.46 1.27 1.06 1.03 1.06 1.01 1.03 1.18 1.36 1.50 1.37 1.10 0.90 0.71 0.64 0.83 1.28 1.27 0.83 0.58 0.58 0.77 0.99
0.74 0.74 0.74 0.73 0.72 0.70 0.70 0.70 0.69 0.67 0.67 0.67 0.67 0.66 0.64 0.63 0.63 0.62 0.62 0.63 0.63 0.63 0.61 0.59 0.55 0.53 0.56 0.69 0.83 0.96 1.10 1.18 1.05 0.88 0.73 0.60 0.65 0.91 1.09 0.99 0.93 0.96 0.95 0.99 0.94 0.91 0.99 1.10 1.31 1.32 1.18 1.26 1.41 1.45 1.30 0.92 0.77 1.00 1.35 1.49 1.43 1.32 1.25 1.13 1.03 1.00 0.93 0.99 1.26 1.43 1.43 1.30 1.14 0.98 0.77 0.69 0.82 1.20 1.40 1.12 0.69 0.50 0.63 0.89
0.74 0.73 0.73 0.73 0.72 0.70 0.69 0.69 0.68 0.67 0.66 0.66 0.66 0.65 0.64 0.63 0.62 0.61 0.61 0.62 0.62 0.61 0.60 0.58 0.54 0.50 0.51 0.58 0.68 0.78 0.96 1.15 1.17 1.06 0.86 0.63 0.66 0.89 1.07 0.99 0.93 0.95 0.95 1.02 0.99 0.92 0.97 1.04 1.17 1.24 1.21 1.26 1.39 1.52 1.42 1.07 0.90 1.01 1.36 1.64 1.45 1.13 1.13 1.17 1.09 0.96 0.84 0.93 1.34 1.52 1.34 1.13 1.07 0.97 0.82 0.79 0.88 1.15 1.46 1.38 0.91 0.54 0.56 0.79
0.74 0.73 0.71 0.72 0.73 0.71 0.68 0.68 0.67 0.66 0.66 0.66 0.65 0.65 0.64 0.63 0.61 0.61 0.60 0.61 0.61 0.59 0.59 0.57 0.53 0.50 0.49 0.52 0.58 0.68 0.84 1.02 1.12 1.14 0.94 0.62 0.63 0.87 1.01 0.97 0.93 0.90 0.89 0.96 0.97 0.91 0.95 1.01 1.05 1.07 1.07 1.13 1.24 1.45 1.44 1.15 1.08 1.20 1.42 1.68 1.48 1.06 1.02 1.18 1.20 0.99 0.78 0.90 1.39 1.60 1.28 1.03 1.00 0.90 0.78 0.81 0.89 1.11 1.46 1.56 1.19 0.72 0.61 0.73
0.74 0.73 0.70 0.70 0.72 0.70 0.67 0.67 0.67 0.66 0.65 0.65 0.65 0.65 0.64 0.63 0.61 0.61 0.60 0.60 0.60 0.58 0.57 0.56 0.53 0.49 0.48 0.48 0.53 0.65 0.85 1.00 1.09 1.19 1.00 0.60 0.58 0.86 0.94 0.90 0.92 0.87 0.85 0.90 0.90 0.89 0.95 1.01 0.99 1.01 1.03 1.04 1.10 1.29 1.38 1.19 1.16 1.38 1.60 1.72 1.42 0.99 0.95 1.20 1.37 1.12 0.78 0.85 1.37 1.63 1.30 1.06 1.01 0.86 0.75 0.77 0.85 1.06 1.41 1.65 1.40 0.98 0.81 0.78
0.73 0.72 0.70 0.70 0.71 0.69 0.66 0.66 0.66 0.65 0.64 0.64 0.64 0.64 0.64 0.63 0.62 0.61 0.60 0.59 0.59 0.57 0.55 0.54 0.54 0.50 0.46 0.44 0.45 0.56 0.77 0.96 1.06 1.23 1.15 0.66 0.53 0.83 0.91 0.86 0.90 0.88 0.86 0.90 0.88 0.89 0.97 0.98 0.96 1.02 1.04 1.02 1.04 1.12 1.22 1.15 1.10 1.34 1.70 1.84 1.49 0.97 0.84 1.14 1.49 1.36 0.93 0.81 1.19 1.56 1.40 1.15 1.05 0.88 0.76 0.74 0.78 0.96 1.33 1.67 1.61 1.29 1.09 0.94
0.71 0.71 0.70 0.71 0.71 0.68 0.66 0.65 0.66 0.65 0.63 0.63 0.63 0.63 0.63 0.62 0.62 0.61 0.60 0.59 0.59 0.57 0.54 0.52 0.52 0.50 0.46 0.41 0.39 0.45 0.65 0.85 0.98 1.16 1.24 0.90 0.59 0.77 0.90 0.87 0.90 0.90 0.88 0.90 0.90 0.92 0.95 0.94 0.96 1.01 1.03 1.04 1.03 1.03 1.07 1.11 1.09 1.17 1.52 1.87 1.69 1.08 0.76 0.96 1.47 1.59 1.26 0.94 1.05 1.36 1.34 1.22 1.11 0.92 0.78 0.71 0.70 0.82 1.09 1.49 1.70 1.60 1.44 1.25
0.70 0.69 0.70 0.71 0.70 0.67 0.65 0.65 0.65 0.65 0.63 0.63 0.63 0.63 0.62 0.62 0.61 0.61 0.60 0.59 0.59 0.57 0.55 0.52 0.50 0.48 0.45 0.41 0.38 0.43 0.58 0.73 0.88 1.05 1.20 1.07 0.78 0.76 0.87 0.87 0.88 0.91 0.91 0.91 0.94 0.97 0.92 0.93 0.98 1.01 1.03 1.06 1.06 1.03 1.05 1.11 1.14 1.14 1.30 1.72 1.76 1.21 0.73 0.77 1.27 1.66 1.58 1.25 1.13 1.17 1.13 1.17 1.13 0.96 0.81 0.70 0.66 0.75 0.87 1.08 1.42 1.60 1.66 1.60
0.69 0.68 0.68 0.70 0.69 0.67 0.65 0.64 0.65 0.65 0.64 0.63 0.62 0.62 0.62 0.62 0.61 0.61 0.60 0.60 0.59 0.58 0.56 0.53 0.50 0.46 0.43 0.40 0.40 0.47 0.57 0.65 0.79 0.96 1.09 1.06 0.92 0.85 0.89 0.89 0.86 0.90 0.95 0.94 0.97 1.01 0.95 0.95 0.99 1.00 1.04 1.05 1.07 1.08 1.08 1.11 1.17 1.21 1.27 1.58 1.73 1.32 0.80 0.66 0.97 1.51 1.75 1.59 1.32 1.08 0.97 1.08 1.10 0.96 0.83 0.72 0.68 0.78 0.90 0.94 1.03 1.27 1.58 1.78
0.68 0.68 0.68 0.68 0.67 0.66 0.65 0.64 0.64 0.64 0.64 0.63 0.62 0.62 0.62 0.62 0.61 0.61 0.61 0.60 0.59 0.58 0.57 0.55 0.51 0.47 0.42 0.38 0.41 0.53 0.57 0.61 0.72 0.86 1.00 0.97 0.89 0.91 0.95 0.93 0.89 0.90 0.94 0.97 1.01 1.01 0.97 0.98 1.01 1.03 1.05 1.02 1.04 1.11 1.12 1.09 1.15 1.26 1.34 1.52 1.69 1.43 0.96 0.68 0.76 1.23 1.72 1.79 1.44 1.09 1.01 1.08 1.10 0.95 0.81 0.77 0.71 0.76 1.03 1.09 0.91 1.00 1.32 1.69
