windninja/windninja_output/Output_2025-08-09_2000-2050_Google earth_Fire_150m_10min/merlingen_7.5mi_point_08-09-2025_2020_150m_ang.asc
ncols	158
nrows	163
xllcorner	391686.332397
yllcorner	5160024.123721
cellsize	150.000000
NODATA_value	-32768.000000
[rows 84 to 125 of 163, columns 0 to 93 of 158]
226 219 216 224 227 226 225 224 226 222 217 212 211 213 216 216 215 215 213 210 207 204 204 202 197 195 200 203 205 206 207 207 209 212 216 219 220 219 217 214 211 208 206 205 205 206 205 204 205 206 206 205 203 202 204 206 207 208 208 207 207 207 207 206 206 206 205 205 204 203 202 201 200 199 197 195 191 188 183 177 172 175 184 191 194 192 191 193 194 197 200 203 206 208
226 230 235 237 238 237 235 234 233 227 220 215 212 213 216 216 215 216 216 213 210 206 202 199 195 194 199 205 206 206 207 208 208 210 213 215 217 219 219 216 212 209 208 209 211 212 213 213 213 213 212 211 210 208 207 207 208 208 208 208 207 207 207 207 206 206 206 205 204 204 203 202 201 199 198 196 192 189 184 178 171 172 179 186 191 191 192 196 197 198 200 204 207 210
235 240 244 246 247 244 239 234 230 225 219 215 213 213 216 217 217 220 222 220 216 211 205 196 190 190 196 202 205 206 207 208 207 206 208 210 211 214 216 215 212 209 209 210 212 214 215 217 217 217 215 215 215 212 210 209 210 209 209 208 208 207 207 207 207 206 206 205 205 204 203 202 201 200 199 196 194 190 185 178 170 166 171 180 188 193 195 198 199 201 203 205 206 203
246 249 251 249 245 238 231 225 222 222 219 216 214 213 216 218 218 221 223 221 217 210 199 183 176 182 192 199 204 206 207 208 207 205 206 207 208 210 212 212 211 209 208 210 212 215 217 218 219 219 218 216 215 215 214 213 212 211 210 209 208 207 207 207 207 207 206 206 205 205 204 203 202 201 199 198 195 192 187 179 168 160 160 169 184 194 198 200 204 207 208 205 200 195
250 250 245 237 229 222 220 219 220 223 222 216 212 210 212 215 216 219 219 216 208 196 183 176 176 181 191 199 204 207 207 208 209 209 209 210 210 210 212 213 212 209 207 208 211 213 216 218 218 218 216 214 214 214 214 214 215 214 212 210 208 207 206 207 207 207 207 206 206 205 205 204 203 202 200 199 197 194 189 181 170 156 151 157 175 194 202 205 208 210 208 201 197 197
246 241 231 227 222 218 218 219 221 222 221 213 208 208 212 213 214 216 215 209 195 181 178 181 184 186 194 201 204 207 208 209 210 210 211 212 212 213 216 218 217 214 211 209 210 212 216 218 218 216 214 212 209 208 209 211 214 217 216 210 204 204 206 206 207 207 207 207 207 206 205 205 204 203 202 200 198 195 191 185 175 162 150 147 162 194 213 216 213 212 209 202 207 215
241 236 228 227 226 222 219 218 215 215 217 212 206 208 211 211 210 211 210 201 182 176 182 190 191 191 197 202 205 208 210 210 211 211 211 212 212 212 214 218 220 219 216 213 212 214 216 218 219 217 214 211 207 205 205 209 214 216 214 206 198 201 204 206 207 207 208 207 207 207 206 205 205 204 203 202 200 197 194 189 183 172 160 154 161 192 220 225 221 220 217 213 222 230
235 229 221 219 217 214 209 206 206 210 214 212 206 205 204 203 203 204 206 195 177 179 192 198 196 196 201 205 207 210 211 212 213 212 213 213 212 211 210 213 218 219 219 218 216 216 218 220 221 220 217 213 209 205 203 207 209 208 207 204 197 198 203 206 207 208 208 208 208 207 207 206 206 205 204 203 202 200 197 194 190 182 173 169 175 188 207 222 227 230 228 231 243 249
225 219 210 207 206 201 194 190 194 203 210 209 204 202 202 201 198 196 195 192 187 189 200 204 202 202 206 208 210 212 213 214 215 214 213 213 212 211 211 211 215 218 220 221 220 219 220 223 226 226 223 217 211 205 200 200 203 204 207 208 204 201 203 207 208 208 209 209 209 208 208 207 207 206 205 204 203 202 201 199 196 191 185 180 184 195 211 229 240 243 248 257 265 267
213 208 202 201 201 197 192 189 190 199 205 201 195 193 194 195 191 187 192 198 201 198 203 207 205 206 209 211 213 215 216 218 219 216 214 213 213 213 212 211 211 216 220 222 222 222 223 224 226 228 227 221 210 205 199 197 205 212 216 216 211 206 206 208 209 209 209 209 209 209 209 208 208 207 207 206 205 204 204 202 201 199 197 195 200 216 236 253 259 259 260 264 267 267
197 198 198 198 199 198 196 192 190 196 202 200 195 192 192 195 195 195 202 213 211 205 207 210 209 211 212 213 215 217 220 223 222 216 213 213 214 214 213 211 208 209 215 219 219 219 220 221 222 221 220 215 205 203 204 204 213 221 221 220 216 211 209 209 210 210 210 210 210 210 210 209 209 208 208 208 207 207 206 205 205 205 205 206 212 224 241 255 258 255 254 253 254 254
176 186 195 198 201 200 198 194 189 194 203 206 204 205 205 211 213 221 223 222 217 218 219 221 217 216 215 215 216 217 219 219 217 214 213 214 215 215 214 212 207 204 209 214 214 213 213 213 213 211 211 212 206 205 209 210 213 218 219 219 217 213 211 211 211 211 211 211 211 211 211 210 210 210 209 209 209 208 208 208 208 208 209 211 215 222 231 239 242 243 243 243 243 243
153 172 191 197 202 204 203 198 194 202 222 225 226 228 233 239 240 244 238 223 227 234 236 236 229 220 216 216 215 214 214 216 217 218 216 216 217 217 215 213 209 203 205 209 211 209 208 207 207 208 212 216 213 210 212 214 215 218 219 219 218 215 213 213 213 212 212 212 212 212 212 211 211 211 211 211 210 210 210 210 210 211 212 214 217 220 225 229 232 234 235 236 236 237
139 157 186 198 208 213 212 210 209 217 234 241 242 238 243 247 251 251 241 229 233 241 246 247 233 217 213 215 215 215 220 224 225 225 222 220 221 220 217 214 211 205 202 207 211 210 210 211 213 217 221 222 219 215 215 217 219 220 221 221 220 218 216 215 214 213 213 213 213 213 212 212 212 212 212 212 212 212 212 212 212 213 214 215 217 220 222 225 227 229 230 231 232 232
124 137 185 208 223 225 223 223 224 228 242 255 263 265 264 264 261 256 246 238 236 238 241 236 214 206 211 216 220 225 230 233 232 229 226 224 225 224 220 215 212 206 202 206 213 216 219 223 226 227 226 224 222 219 217 218 219 219 219 220 220 220 220 218 217 215 213 213 213 214 213 213 214 214 213 213 213 213 213 214 214 214 215 216 218 219 221 223 224 226 227 228 228 229
111 118 197 234 246 248 249 247 246 246 251 258 266 274 274 270 266 259 251 242 233 230 228 222 210 210 217 222 227 232 234 236 236 234 229 226 225 225 222 216 212 207 202 204 211 216 219 223 225 224 223 222 220 219 218 218 218 219 218 217 217 218 220 220 219 216 214 214 214 215 215 215 215 215 215 215 215 215 215 215 215 216 216 217 218 219 221 222 223 224 225 226 227 227
121 131 212 244 254 258 262 263 260 257 257 259 263 271 275 270 265 262 251 236 230 229 228 226 223 223 227 229 232 236 240 243 243 241 236 231 227 225 223 217 210 207 203 201 206 213 217 220 221 221 221 219 218 217 217 216 217 219 218 215 214 214 216 218 218 217 216 215 215 216 216 216 216 216 216 216 216 216 216 216 217 217 217 218 219 220 220 221 222 223 224 225 226 226
147 164 219 243 253 257 260 262 261 259 258 256 255 254 255 255 249 244 235 228 232 235 236 234 233 234 235 236 238 242 246 249 251 252 250 244 236 231 227 220 210 206 202 198 203 212 217 219 219 219 219 218 217 217 218 217 215 216 217 215 213 213 214 216 217 216 215 215 216 218 219 220 219 219 218 218 218 218 218 218 218 218 218 219 219 220 220 221 222 223 223 224 225 225
178 194 226 242 250 255 257 257 257 256 254 252 247 238 232 230 230 226 220 224 233 237 239 239 239 240 243 245 246 248 249 251 253 256 258 256 247 239 233 226 214 205 201 197 197 205 212 214 214 216 217 218 217 216 217 216 214 215 215 215 212 211 213 216 217 216 214 215 217 221 225 225 222 221 221 221 221 220 220 220 219 219 219 220 220 220 221 221 222 222 223 223 224 225
203 212 228 238 245 249 252 253 253 254 253 250 244 234 228 228 228 226 224 232 237 236 240 242 241 242 246 250 250 250 251 251 252 254 256 257 257 251 243 235 221 208 201 196 192 197 206 211 213 215 216 217 216 214 214 214 214 214 215 214 212 210 211 214 217 217 215 215 216 220 226 229 227 226 226 226 225 224 223 222 221 221 220 220 220 221 221 221 222 222 223 223 224 225
216 220 229 236 243 248 251 252 254 256 256 254 250 248 249 249 246 241 244 248 243 238 238 239 239 239 242 245 246 249 251 251 251 251 252 254 259 261 254 242 227 210 199 193 187 189 201 209 212 214 215 216 216 215 214 214 214 214 215 215 214 213 212 214 216 217 215 213 213 215 221 227 231 235 237 236 234 230 227 225 224 223 222 221 221 221 222 222 222 223 223 223 224 225
225 227 231 237 243 247 251 251 252 254 257 259 261 263 265 265 263 259 257 253 246 241 239 237 235 234 237 239 241 245 249 250 250 249 250 253 254 252 245 235 223 208 196 188 181 181 191 201 206 210 212 213 214 214 215 215 214 214 215 216 216 215 215 216 217 217 216 212 211 214 219 222 226 230 234 238 238 237 235 234 230 225 223 222 222 222 222 222 223 223 223 224 225 225
230 230 231 235 238 243 246 247 247 249 249 249 250 252 256 260 260 258 254 247 243 243 239 233 230 231 232 234 238 242 245 247 246 244 245 250 250 243 234 227 217 205 194 184 175 172 179 191 199 204 209 210 211 213 214 214 214 214 216 217 216 215 215 216 216 217 216 213 211 214 218 220 221 221 222 226 230 232 234 237 235 228 224 223 223 223 223 223 223 224 224 224 225 225
231 230 230 233 236 238 240 237 234 232 231 230 232 236 243 250 253 252 248 242 240 241 238 228 225 227 228 227 232 239 241 242 237 233 239 246 245 237 232 225 210 198 190 182 173 166 168 179 191 199 206 210 211 212 213 213 213 214 215 216 217 217 215 215 215 216 216 215 211 212 216 219 220 221 221 223 225 223 222 226 231 230 226 225 224 223 224 224 224 225 225 225 225 225
231 230 229 231 231 229 225 222 219 222 226 229 232 234 238 241 243 242 239 237 237 239 236 224 219 222 223 220 226 235 238 237 230 224 236 243 240 229 224 218 202 192 186 178 172 165 160 167 182 193 202 208 211 212 212 213 214 214 214 214 215 217 216 215 217 217 216 215 212 210 214 219 220 221 222 222 223 222 221 224 228 229 228 227 225 225 225 226 226 226 226 226 226 227
232 230 228 226 222 220 220 220 222 227 233 235 234 234 236 237 235 228 227 230 235 239 236 225 216 216 219 217 224 234 234 230 224 221 236 243 235 223 216 211 203 195 184 174 169 165 158 158 170 185 196 203 207 210 211 212 213 214 213 211 212 216 216 215 218 219 217 216 213 210 212 218 220 219 220 221 222 224 224 226 228 229 228 227 226 227 228 228 228 228 228 228 229 229
231 229 226 225 225 226 229 232 234 235 236 237 234 232 234 236 230 217 216 224 233 241 236 225 215 212 214 214 221 230 231 226 221 222 235 240 229 219 213 208 202 198 191 175 163 160 157 153 160 175 187 197 204 208 210 210 212 214 214 212 211 215 217 216 217 220 219 217 214 211 210 215 218 219 220 222 224 225 225 226 228 230 230 228 228 231 232 232 232 232 232 233 233 233
230 229 229 230 232 235 237 238 237 235 235 237 236 232 232 233 226 207 208 219 229 238 237 221 214 211 208 206 213 223 228 227 220 221 229 232 224 216 211 204 197 199 201 185 162 156 154 149 151 163 177 189 199 207 209 208 210 214 216 214 212 215 217 216 215 217 218 217 215 211 209 213 218 220 221 223 225 225 227 228 229 231 231 228 227 229 235 238 238 239 240 240 239 237
233 233 234 235 235 235 234 233 233 232 230 232 233 228 228 232 223 201 201 210 219 230 234 220 211 213 207 201 206 216 223 226 221 221 228 228 222 218 211 204 201 205 207 197 174 162 155 146 142 150 165 180 193 204 208 208 208 211 215 214 212 213 216 215 214 214 216 216 215 212 211 214 219 220 222 223 224 223 224 226 229 231 230 229 227 227 233 239 243 246 248 246 241 239
236 236 236 236 236 235 233 230 228 226 223 226 227 223 225 230 221 194 189 199 209 222 230 225 213 217 214 209 205 209 217 222 224 227 235 235 229 223 214 208 206 206 206 203 186 170 160 150 142 142 151 168 185 198 206 207 206 209 213 214 211 211 213 215 213 213 214 214 214 211 210 212 216 217 220 223 223 222 221 223 227 230 230 231 230 227 230 235 238 241 244 241 237 236
235 235 234 234 233 232 231 229 226 223 221 223 222 218 222 229 218 185 177 189 201 215 223 225 218 215 214 213 211 207 210 219 225 233 240 241 234 225 216 208 202 199 200 201 191 175 166 161 154 146 145 154 172 191 202 205 205 207 211 213 212 209 211 214 212 211 212 213 213 211 209 211 215 216 218 221 223 223 222 222 226 228 226 226 227 224 225 229 228 229 232 231 230 233
232 232 231 230 229 227 227 227 226 224 222 220 216 214 220 227 217 185 172 182 195 206 213 216 216 213 211 210 212 207 203 211 222 233 238 234 225 219 214 205 195 193 197 200 195 180 172 170 164 155 148 148 159 180 198 205 206 206 209 212 211 209 210 213 212 209 210 212 213 212 211 213 217 219 219 220 222 224 222 222 226 228 224 222 223 219 218 221 222 226 229 228 226 228
229 230 229 229 228 226 224 223 223 223 223 218 211 209 218 227 221 191 174 177 190 197 200 206 212 214 211 210 215 207 195 201 214 227 234 227 215 208 206 199 191 192 198 202 200 189 180 173 168 162 155 150 154 170 191 204 207 205 207 210 210 209 209 212 212 209 209 211 212 212 211 212 215 219 221 221 222 224 224 224 228 230 226 221 221 217 214 216 220 225 228 226 223 221
228 229 230 230 229 227 222 218 218 220 223 218 206 204 215 228 226 196 171 169 178 186 189 196 205 209 209 209 214 209 197 197 206 217 220 213 204 199 197 195 191 194 199 203 203 195 182 173 169 167 163 158 156 164 182 199 205 205 206 209 209 207 208 210 211 208 208 210 211 211 210 209 211 215 219 221 221 223 224 224 228 231 227 221 220 216 212 214 220 224 225 223 219 217
229 230 230 231 229 226 219 215 216 218 222 219 204 199 212 226 229 204 167 158 162 175 183 189 196 201 201 200 206 209 205 198 198 208 214 212 203 195 193 193 194 197 200 203 204 197 184 177 173 172 170 165 159 162 175 194 204 205 206 208 208 205 206 208 208 206 206 208 210 210 209 208 209 212 216 218 219 220 222 222 224 228 226 220 218 216 213 214 219 222 221 218 216 218
230 229 229 231 230 225 220 218 220 220 222 222 206 198 209 223 229 218 174 150 146 161 177 186 191 194 194 195 202 205 202 196 195 207 218 219 213 201 197 198 199 200 201 201 199 196 190 182 178 176 175 170 163 162 171 189 202 205 205 207 207 204 204 206 207 206 206 207 209 211 210 207 207 208 212 216 218 218 221 223 226 229 226 220 217 216 213 214 218 219 218 216 215 219
230 228 227 230 231 228 226 225 226 222 222 225 211 197 206 219 228 227 199 158 139 142 163 180 190 195 197 201 203 202 203 202 206 218 226 227 220 212 207 207 207 204 203 202 201 199 195 187 183 181 179 174 167 164 169 185 200 205 205 206 207 205 206 210 214 217 215 210 210 212 210 208 206 206 209 213 216 218 221 225 228 229 226 220 218 215 213 214 217 218 218 215 213 217
227 225 222 222 222 223 224 227 230 224 220 227 216 195 199 212 226 229 217 190 152 126 128 163 190 197 200 205 209 211 215 220 225 228 231 230 227 225 219 216 215 213 212 211 210 207 203 197 191 187 184 179 172 167 170 182 197 204 205 207 209 209 214 221 227 235 238 227 215 213 211 209 208 207 206 208 212 215 219 222 224 226 224 219 216 214 212 213 216 218 217 213 211 213
221 220 216 213 213 212 214 219 226 224 220 229 222 193 192 206 223 230 227 215 193 141 103 87 153 204 207 213 220 222 223 230 232 232 236 235 231 231 224 218 219 222 223 221 219 217 214 207 200 194 190 183 175 171 171 179 194 203 206 210 215 219 225 227 225 227 230 229 220 215 214 212 210 208 205 204 207 211 214 217 220 222 220 215 213 212 210 210 214 216 214 210 209 212
218 219 217 211 210 211 212 215 221 222 222 233 231 197 191 205 222 230 231 229 223 207 152 59 31 16 296 243 237 229 224 233 238 237 240 238 233 232 228 217 216 222 225 224 221 219 216 208 201 197 192 187 179 173 173 179 195 209 214 218 222 224 224 220 217 218 220 221 220 216 216 215 212 209 206 202 202 206 209 211 214 217 216 212 212 212 210 209 213 215 213 207 207 212
219 220 218 213 211 213 213 214 219 219 220 233 235 211 199 208 222 226 228 232 235 230 211 190 176 36 32 246 223 218 220 236 241 240 243 241 235 234 232 221 215 218 224 227 224 219 214 206 198 195 193 190 183 176 176 184 198 214 223 223 220 218 215 212 212 215 218 219 221 219 221 227 224 216 210 203 199 200 204 205 208 213 216 214 213 213 210 210 215 217 212 204 203 209
215 217 216 211 208 210 212 213 216 215 218 230 236 224 214 217 221 221 220 223 229 234 225 207 195 181 168 178 193 202 215 236 244 243 244 244 239 237 235 226 218 216 221 228 228 223 216 206 197 195 195 194 188 181 179 186 197 208 215 213 209 210 209 208 210 214 217 219 221 221 222 230 237 234 221 208 199 197 200 203 206 213 217 216 214 213 210 210 214 215 208 200 200 208
