windninja/windninja_output/Output_2025-08-09_2000-2050_Google earth_Fire_150m_10min/merlingen_7.5mi_point_08-09-2025_2020_150m_ang.asc
ncols	158
nrows	163
xllcorner	391686.332397
yllcorner	5160024.123721
cellsize	150.000000
NODATA_value	-32768.000000
[rows 42 to 83 of 163, columns 0 to 93 of 158]
197 197 197 197 197 196 195 195 195 195 194 194 194 193 193 193 193 193 193 192 192 191 191 191 190 188 187 184 182 181 184 186 187 188 189 192 195 195 192 192 194 196 197 196 192 190 192 196 197 197 199 198 193 191 196 203 205 207 213 218 217 211 209 210 210 206 203 203 201 201 203 204 200 192 188 189 188 185 188 197 203 203 204 205 203 201 203 204 203 201 202 208 216 219
197 197 197 197 196 195 195 195 195 195 194 194 194 194 194 194 194 193 193 193 192 192 191 191 191 189 188 186 183 183 186 188 188 186 184 184 186 187 187 189 193 198 198 195 193 195 199 203 203 200 200 200 197 196 200 206 210 212 216 219 217 211 207 206 206 203 198 196 199 199 199 199 197 191 189 190 191 190 192 197 200 201 201 201 200 203 208 210 209 207 206 207 213 218
197 197 197 197 196 196 196 196 195 195 195 194 194 194 194 194 194 194 193 193 193 192 192 191 191 190 189 188 186 186 187 188 186 184 181 179 179 182 186 191 196 199 197 196 197 202 205 205 201 197 197 199 200 200 204 210 212 214 215 215 212 209 206 202 200 199 197 196 197 197 197 199 199 196 195 196 195 194 196 199 199 197 197 200 205 209 211 213 214 213 210 209 214 219
199 198 197 196 196 196 196 196 195 195 195 195 195 195 194 194 194 194 194 194 193 193 192 192 192 191 190 189 189 188 187 187 186 184 181 177 176 180 186 191 194 196 198 199 201 204 205 201 196 194 198 203 205 207 211 214 215 214 212 209 207 205 201 196 194 195 198 198 197 198 201 203 204 204 204 204 199 197 198 199 196 194 198 207 213 213 212 214 216 217 215 212 216 220
200 198 197 197 197 197 196 196 196 196 195 195 195 195 195 194 194 194 194 194 194 194 193 193 192 192 191 191 190 189 188 187 186 184 181 179 179 180 183 187 189 194 199 202 202 203 201 197 194 196 202 207 211 214 216 217 216 212 207 202 200 199 195 192 193 196 199 202 200 200 204 207 210 211 210 208 202 197 197 197 196 199 208 216 216 213 212 212 215 217 216 214 216 219
200 198 197 198 199 199 197 196 196 196 195 195 195 195 195 195 195 195 195 195 194 194 194 194 193 193 193 192 191 190 189 188 187 185 182 181 181 180 180 183 186 192 198 202 202 200 197 195 197 200 205 210 213 215 214 213 211 207 202 195 193 195 195 194 197 200 202 204 203 202 204 208 212 214 213 210 205 199 198 202 206 211 215 216 214 212 211 211 213 215 215 216 217 218
199 199 198 199 200 201 198 196 195 196 196 196 196 196 196 196 195 195 195 195 195 195 194 194 194 194 193 193 192 191 191 190 189 187 184 182 181 181 180 181 184 190 196 199 199 198 196 197 200 203 208 213 216 216 213 210 207 202 196 191 190 195 200 202 203 205 204 204 204 204 207 209 212 214 214 212 208 204 204 208 212 213 212 211 209 208 208 209 209 210 213 217 219 218
200 199 199 200 201 202 200 196 195 195 196 196 196 196 196 196 196 196 196 196 196 195 195 195 195 194 194 193 193 192 192 191 190 188 186 183 182 182 181 181 185 189 193 194 195 197 198 199 202 205 209 213 214 212 209 206 202 196 192 191 193 199 206 209 207 205 204 204 205 206 208 209 211 213 213 211 207 204 205 208 210 210 209 207 206 205 205 204 204 206 212 219 221 220
202 200 200 201 201 201 200 198 195 195 196 196 196 196 196 197 196 196 196 196 196 196 195 195 195 195 194 194 194 193 193 192 191 190 187 184 182 182 183 183 186 188 188 189 192 197 200 203 208 212 212 213 209 205 202 200 196 193 193 196 200 206 213 214 208 203 203 204 205 207 209 211 213 213 211 208 204 203 205 208 209 209 208 206 205 203 201 201 204 208 213 219 223 223
205 202 200 200 200 199 200 200 197 194 195 196 196 196 197 197 197 197 197 197 196 196 196 196 196 196 195 195 195 194 194 193 192 191 189 187 184 184 184 184 186 187 186 186 190 196 201 207 214 215 212 209 206 202 199 197 195 196 199 203 207 212 217 216 208 203 203 203 205 208 210 212 212 211 209 207 204 203 205 207 209 211 211 209 205 202 202 204 208 212 215 220 224 226
210 205 199 198 199 199 200 202 199 195 194 196 197 197 197 197 197 197 197 197 197 197 197 196 196 196 196 196 195 195 194 194 193 192 191 189 188 186 184 184 186 187 185 183 188 196 201 206 209 206 200 199 201 201 198 196 197 201 205 209 211 212 217 216 207 201 201 202 205 208 209 209 209 208 208 207 205 204 204 207 210 213 214 213 209 207 206 208 212 215 217 220 223 224
211 206 197 196 198 198 199 202 202 198 196 196 197 197 197 197 198 198 198 198 198 197 197 197 197 197 197 196 196 196 195 195 194 193 193 192 190 188 186 184 184 186 185 182 186 195 199 199 200 197 195 196 199 200 199 199 199 203 208 211 212 212 216 214 204 199 198 201 205 206 205 205 206 207 209 208 206 206 207 208 209 212 213 213 213 212 210 210 213 216 219 219 218 217
208 206 198 194 197 198 198 202 205 203 198 197 197 197 197 198 198 198 198 198 198 198 197 197 197 197 197 197 197 196 196 196 195 195 194 193 192 190 188 185 183 185 186 185 186 192 194 192 192 193 195 198 199 201 203 202 200 203 208 210 210 211 213 211 202 196 196 198 201 203 202 204 207 209 209 208 207 207 209 207 206 208 210 210 211 212 212 212 214 216 217 216 212 209
204 205 203 197 199 201 200 202 206 206 202 198 197 197 197 198 199 198 198 198 199 198 198 198 198 198 198 197 197 197 197 196 196 195 195 194 193 192 191 188 185 186 190 190 187 187 187 186 186 190 194 199 199 201 205 203 200 203 206 207 207 207 209 208 201 196 195 195 199 203 205 208 210 209 208 207 206 207 207 204 202 204 207 208 208 210 211 212 214 216 217 215 209 204
204 205 206 204 203 204 202 201 205 207 205 201 199 197 197 198 199 199 198 199 199 199 199 198 198 198 198 198 198 198 197 197 197 196 196 195 195 194 193 191 190 190 191 190 187 183 180 180 182 186 191 198 200 203 206 204 201 203 205 204 203 204 208 209 203 197 196 197 201 207 210 210 208 206 206 205 205 205 204 202 201 202 205 207 207 209 210 211 213 216 220 216 203 193
205 205 205 205 204 204 203 200 201 205 204 202 201 200 198 198 198 199 199 199 199 199 199 199 198 198 198 198 198 198 198 198 197 197 197 196 196 195 194 193 193 192 191 189 186 182 177 176 178 181 188 198 201 204 207 203 199 201 202 200 201 204 210 212 207 199 196 198 204 209 208 207 206 205 204 202 201 202 201 200 201 203 205 208 210 213 215 215 214 213 213 203 187 184
206 205 205 205 205 205 204 201 198 200 202 203 204 204 201 198 198 198 199 199 199 200 200 199 199 199 199 199 199 199 199 198 198 198 197 197 197 196 195 195 194 194 193 191 188 185 181 176 174 175 182 195 201 204 207 202 198 199 200 199 201 205 210 212 209 202 197 198 202 205 204 203 204 203 202 200 199 199 198 199 201 204 207 210 214 217 218 217 213 208 200 190 183 184
206 206 206 206 207 206 206 204 201 201 202 203 206 207 204 200 197 198 198 199 199 200 200 200 199 199 199 199 199 199 199 199 199 199 198 198 197 197 197 196 196 195 194 193 191 189 186 181 175 170 173 187 198 203 205 202 199 199 199 199 201 206 210 213 211 205 198 196 199 203 202 202 203 201 199 198 198 197 198 200 202 206 209 210 213 216 216 214 208 198 191 189 188 192
206 207 207 208 208 208 208 207 205 203 202 200 202 204 205 203 200 198 197 198 199 199 200 200 200 200 200 200 200 200 200 199 199 199 199 199 198 198 197 197 197 196 195 194 193 191 189 185 180 172 168 177 193 201 204 203 201 200 199 200 202 206 211 214 212 207 200 197 200 203 202 201 200 199 197 196 197 198 201 203 205 208 210 211 212 213 213 208 200 192 189 192 194 202
208 208 209 209 208 209 208 208 206 204 201 197 197 200 204 206 204 200 198 197 198 199 200 200 201 201 201 201 200 200 200 200 200 200 199 199 199 199 198 198 197 197 196 195 194 193 191 189 185 178 170 172 187 199 203 204 204 202 202 202 205 208 211 213 212 208 203 199 201 202 201 199 199 197 196 196 198 201 203 205 206 209 213 214 214 213 208 202 195 190 189 196 203 211
211 211 211 210 209 209 208 207 206 205 202 198 196 198 202 206 206 204 201 199 198 199 200 201 201 201 201 201 200 200 200 200 200 200 200 200 200 199 199 199 198 198 197 197 196 195 193 192 189 184 176 174 183 194 201 205 206 205 204 204 205 207 208 209 210 209 205 201 200 200 198 198 198 195 195 196 199 202 203 205 208 210 214 216 215 212 206 196 192 191 194 204 214 218
217 215 213 212 209 208 207 208 207 206 205 201 197 197 199 203 206 206 204 202 199 198 199 200 201 201 202 201 201 201 201 201 201 201 201 200 200 200 200 199 199 199 198 198 197 196 195 194 191 188 182 177 181 188 193 201 207 207 204 202 201 201 205 210 215 214 207 202 199 198 197 197 197 194 194 197 200 201 202 205 208 211 213 214 212 208 201 192 190 196 205 214 219 222
223 220 215 213 210 209 209 210 209 208 207 203 198 196 197 199 203 205 206 205 202 200 200 200 200 201 202 202 201 201 201 201 201 201 201 201 201 201 200 200 200 199 199 198 198 197 197 195 194 191 187 181 181 185 185 194 205 206 203 199 197 201 211 221 225 218 205 198 196 196 196 196 196 194 193 196 198 198 199 203 207 210 210 210 208 203 197 193 195 203 211 217 221 226
223 220 214 212 210 210 210 211 212 210 209 206 200 196 197 198 200 203 206 207 205 203 202 200 200 201 202 202 202 202 201 201 202 202 201 201 201 201 201 201 200 200 200 199 199 198 198 197 196 194 191 187 184 185 182 186 199 205 203 199 198 206 217 220 215 206 197 193 193 194 195 196 197 195 193 193 194 195 198 203 208 209 208 207 204 200 197 197 202 208 214 220 225 230
217 215 213 212 211 209 207 208 210 209 207 206 202 197 195 197 199 201 204 206 206 205 204 203 200 200 201 202 202 202 202 202 202 202 202 202 202 202 201 201 201 201 200 200 200 199 199 198 197 196 195 192 189 188 184 182 191 202 205 204 202 202 206 207 204 200 195 192 193 193 194 196 197 194 192 190 192 194 198 203 206 205 202 198 198 201 201 202 209 213 217 222 227 232
203 206 209 210 210 206 202 205 209 209 207 205 203 199 196 197 200 199 200 203 205 205 205 204 202 202 203 204 204 203 203 202 202 202 202 202 202 202 202 202 202 201 201 201 201 200 200 199 199 198 197 196 194 193 190 186 189 201 211 210 201 195 196 200 201 200 197 195 194 193 193 195 196 192 190 190 191 193 195 198 198 197 194 191 198 207 209 210 215 217 220 225 230 234
181 193 202 204 204 202 197 201 208 210 206 203 202 201 198 198 199 199 198 201 204 205 205 205 204 204 206 207 206 204 203 202 202 202 202 202 202 202 202 202 202 202 202 202 201 201 201 201 200 200 199 198 198 197 196 195 196 202 211 212 201 192 193 197 199 199 199 197 195 194 193 195 195 191 190 190 190 190 191 192 192 192 193 197 211 220 217 214 217 220 223 228 233 235
169 180 197 201 204 203 200 199 204 205 201 198 199 198 198 198 199 200 200 201 203 204 205 206 205 206 210 211 207 205 203 202 202 202 203 203 203 203 203 203 203 203 202 202 202 202 202 201 201 201 201 200 200 199 199 199 200 202 206 208 202 193 191 194 196 198 199 197 195 194 194 196 194 190 190 191 191 189 187 189 192 195 203 214 224 226 217 216 220 222 225 229 231 232
180 186 200 210 215 215 208 202 204 206 202 200 201 200 200 200 201 203 203 202 202 204 205 206 205 207 211 212 208 205 204 202 202 202 202 203 203 203 203 203 203 203 203 203 203 203 202 202 202 202 202 201 201 201 201 202 202 203 204 204 202 197 195 197 198 197 197 196 194 194 195 196 194 190 191 193 191 188 185 188 195 205 215 223 227 223 217 218 222 225 225 226 227 226
199 202 210 222 232 233 225 215 215 217 214 212 212 210 207 205 205 205 205 204 203 205 205 206 203 201 207 210 209 206 205 204 202 201 202 202 203 203 203 203 203 203 203 203 203 203 203 203 203 203 203 203 202 202 202 203 203 203 203 203 202 201 200 200 200 197 195 195 193 192 192 195 195 192 192 194 192 188 186 191 202 214 220 225 225 218 215 219 224 227 226 225 223 219
212 213 217 222 228 231 229 227 230 232 229 228 225 220 217 213 209 208 207 205 205 204 204 204 199 196 203 209 210 208 206 206 205 202 201 202 202 203 203 204 204 204 204 204 204 204 204 204 204 204 203 203 203 203 203 203 204 204 203 203 203 202 201 201 201 198 195 193 191 187 186 193 197 195 194 195 193 189 189 198 208 216 219 222 221 214 215 221 227 228 224 224 224 220
223 223 224 226 228 229 228 227 231 232 228 225 222 220 218 215 211 210 209 207 206 205 204 202 199 196 201 208 211 210 208 207 207 204 201 201 202 202 203 204 204 204 204 204 204 204 204 204 204 204 204 204 204 204 204 204 204 204 204 204 203 203 202 202 201 199 197 195 194 190 186 191 197 195 194 194 193 192 192 200 209 213 215 217 216 215 218 223 227 225 220 220 222 221
231 232 233 234 234 234 233 231 230 228 224 222 219 216 214 212 211 210 209 208 207 207 206 205 202 198 200 206 210 212 210 209 208 206 203 201 201 203 203 203 204 204 205 205 205 205 205 205 205 205 205 205 205 205 205 205 204 204 204 204 204 203 203 202 201 200 199 198 197 195 192 190 188 186 187 189 190 192 194 200 206 207 210 213 216 219 223 225 225 223 218 213 209 201
238 240 243 246 246 246 242 236 232 227 224 221 218 215 213 211 210 209 208 207 207 208 208 207 204 200 201 205 208 211 211 209 209 209 207 204 203 203 203 203 204 204 205 205 206 206 206 206 206 206 205 205 205 205 205 205 205 205 205 204 204 204 203 203 202 201 201 200 199 197 195 192 186 180 178 181 184 188 193 197 199 202 210 216 219 221 223 223 224 225 222 210 197 191
244 246 251 256 260 261 254 245 236 229 223 219 217 215 213 211 209 208 207 207 207 207 207 207 206 203 203 205 206 209 211 212 212 214 213 209 206 204 203 202 203 204 205 206 206 206 206 206 206 206 206 206 206 206 205 205 205 205 205 205 205 204 204 203 203 202 202 201 199 198 196 194 190 183 176 175 177 182 189 193 196 205 217 224 229 229 228 228 229 230 225 206 190 188
250 250 254 261 270 275 273 261 242 228 220 216 215 213 211 210 209 207 207 207 207 207 207 206 206 205 206 206 206 208 212 215 215 215 214 210 206 205 204 203 203 204 206 206 207 207 207 207 207 207 207 206 206 206 206 206 206 205 205 205 205 205 204 204 203 203 202 201 200 199 197 196 193 188 181 175 171 173 181 191 201 213 226 232 235 236 237 234 230 221 206 190 184 188
255 254 252 260 276 287 289 269 234 216 210 210 211 211 209 209 208 206 206 206 207 207 207 206 205 206 208 207 206 206 209 213 212 212 212 210 207 207 206 205 203 204 206 207 208 208 208 208 208 208 207 207 206 206 206 206 206 206 206 206 205 205 205 204 204 203 203 202 201 200 199 197 195 191 186 179 172 168 173 191 207 218 225 228 225 224 224 219 209 201 193 187 185 191
254 252 246 245 260 275 273 217 195 193 198 204 207 208 208 207 207 205 205 206 207 207 207 206 203 204 207 207 205 203 204 208 210 212 213 211 208 208 209 208 204 205 208 209 210 210 210 210 210 209 208 207 207 206 206 206 206 206 206 206 206 205 205 205 204 204 203 202 201 200 199 198 196 193 189 184 177 170 171 188 207 214 215 214 213 212 212 205 197 193 190 190 191 193
246 242 232 229 226 216 194 178 180 184 190 198 204 206 206 206 207 206 205 205 206 207 207 205 201 202 206 207 206 203 202 205 207 210 212 211 210 209 210 210 207 206 209 211 212 212 213 213 213 211 209 207 207 206 206 206 206 206 206 206 206 206 205 205 205 204 204 203 202 201 200 199 197 195 192 188 182 175 173 182 197 203 204 205 207 209 206 197 192 193 194 195 195 195
245 243 234 223 218 213 200 188 187 188 190 195 202 206 206 207 208 207 205 205 206 206 206 204 200 201 205 207 207 204 202 202 204 207 210 212 210 209 209 210 208 207 210 214 216 218 219 220 220 216 210 206 205 205 206 206 206 206 207 206 206 206 206 205 205 205 204 203 203 202 200 199 198 196 193 190 186 180 177 178 184 192 200 204 206 206 198 192 191 194 196 197 199 198
254 250 232 217 215 217 212 203 199 197 197 199 204 206 208 209 210 209 207 206 206 206 206 204 200 201 204 206 206 205 204 204 206 209 212 213 212 210 210 210 209 207 208 210 211 212 212 212 212 211 207 204 203 204 205 206 207 207 207 207 207 206 206 206 205 205 204 204 203 202 201 200 199 197 195 192 188 183 179 175 175 184 197 204 205 198 193 189 190 194 197 199 201 200
239 227 211 213 217 220 218 213 211 210 208 206 208 210 212 213 213 212 210 208 206 205 205 203 199 199 202 203 205 206 207 207 209 212 215 217 217 215 213 211 210 207 205 204 204 204 202 202 203 203 203 202 201 201 204 206 207 207 207 207 207 207 206 206 206 205 205 204 203 203 202 200 199 198 196 193 190 186 181 175 171 178 191 199 198 193 190 190 190 194 198 201 203 203
