windninja/windninja_output/Output_2025-08-09_2000-2050_Google earth_Fire_150m_10min/merlingen_7.5mi_point_08-09-2025_2040_150m_ang.asc
ncols	158
nrows	163
xllcorner	391686.332397
yllcorner	5160024.123721
cellsize	150.000000
NODATA_value	-32768.000000
[rows 0 to 41 of 163, columns 0 to 93 of 158]
208 207 206 204 203 205 204 202 202 203 203 202 201 204 209 216 222 222 219 220 212 201 200 204 208 210 210 207 206 207 208 210 212 211 210 214 218 220 221 218 215 215 216 217 218 219 222 220 211 207 206 205 205 207 208 209 210 211 212 211 210 210 210 208 207 206 208 210 213 213 212 212 211 211 211 211 213 216 217 215 214 214 216 219 221 220 217 218 219 218 217 218 216 215
208 207 205 203 204 205 206 205 206 205 203 200 199 202 208 213 215 212 211 211 206 197 197 203 208 210 208 206 207 209 210 211 211 211 210 214 215 215 214 213 212 212 212 213 213 213 214 213 208 206 207 207 209 210 211 211 210 210 211 211 210 210 209 208 207 207 209 212 213 212 211 211 211 210 211 211 213 215 215 213 213 215 217 219 220 219 216 217 219 219 218 219 218 217
206 206 204 203 205 206 206 207 206 203 198 195 196 200 206 209 208 205 204 205 202 194 192 200 208 210 208 206 208 210 212 212 211 210 210 210 210 209 209 207 207 207 208 208 207 206 206 206 205 205 206 208 211 213 212 210 209 209 210 210 209 208 208 208 207 208 210 213 214 212 211 211 210 210 211 211 212 214 214 211 211 214 217 217 218 216 211 213 216 217 218 218 217 215
200 203 203 203 204 204 202 201 199 196 194 193 194 198 203 207 207 205 205 206 204 198 191 194 204 206 206 205 205 207 209 210 210 208 207 207 208 208 208 206 204 204 204 204 204 203 203 204 205 204 204 205 207 209 209 208 209 209 210 210 208 207 207 208 208 208 210 213 215 213 211 211 211 211 212 211 211 213 215 212 209 212 216 214 216 215 207 207 210 211 212 214 211 209
194 199 203 203 203 201 198 196 196 196 196 194 193 197 202 206 208 208 208 209 207 201 193 190 196 201 202 202 202 203 204 206 206 205 204 205 207 206 205 202 200 200 200 201 202 202 203 204 205 205 205 206 207 208 209 209 210 210 209 209 209 208 208 208 208 208 209 213 215 213 212 212 212 212 212 213 214 215 216 213 210 212 215 213 214 215 208 203 203 204 206 208 206 203
194 197 201 202 202 200 197 196 197 199 199 195 192 196 202 206 210 212 212 212 211 206 196 187 190 196 199 201 201 201 202 203 204 203 203 203 203 201 200 200 198 198 200 201 203 205 205 205 206 207 208 208 209 210 211 211 210 210 209 208 209 208 208 208 208 208 209 212 214 212 212 214 213 211 210 212 214 214 215 215 214 214 215 214 214 216 212 204 201 200 201 203 202 198
197 198 198 200 201 200 199 199 200 201 198 195 192 195 203 207 210 212 212 211 211 209 200 187 185 192 198 200 201 201 201 202 203 203 202 201 200 199 199 200 200 201 203 205 207 208 208 208 208 208 208 209 209 209 211 211 211 210 208 207 206 205 205 207 208 208 209 211 213 210 209 211 211 208 207 209 212 213 212 213 215 214 213 213 215 218 216 211 205 199 198 200 201 200
199 199 198 199 201 202 203 204 203 201 197 193 191 195 203 207 208 210 210 209 209 209 204 193 185 188 195 197 199 200 202 202 203 204 204 202 201 201 203 204 205 206 207 209 210 210 209 210 209 209 209 209 209 210 212 212 210 208 206 204 203 202 204 206 208 208 209 210 211 209 207 209 210 208 207 209 213 214 212 212 215 214 210 211 212 214 214 212 207 201 197 200 204 206
199 200 200 200 202 204 206 207 204 201 196 192 189 192 201 206 206 208 209 209 209 209 206 198 189 184 190 195 196 200 203 203 204 206 207 206 206 207 208 210 211 211 212 211 211 210 210 211 210 208 209 209 209 210 212 211 208 206 205 204 204 204 204 206 209 210 209 209 209 208 209 212 213 212 210 211 214 215 213 214 217 215 208 205 206 206 207 207 202 197 195 196 200 200
199 201 202 202 202 204 206 205 203 200 196 192 188 190 199 206 207 206 206 207 208 207 205 201 194 187 186 193 196 198 203 203 204 207 209 209 210 210 212 214 214 213 213 212 213 212 212 212 211 208 210 211 210 210 212 212 209 208 209 210 211 210 207 209 212 212 210 208 208 210 213 215 215 214 213 214 217 216 211 211 213 213 208 203 203 202 203 202 197 195 197 197 196 195
200 201 202 202 202 203 203 203 201 199 197 193 189 189 197 204 206 205 204 204 206 206 205 202 198 192 188 193 197 198 202 205 205 208 211 212 212 213 214 214 213 213 213 214 216 216 214 215 215 213 215 215 213 213 216 219 219 219 221 221 221 220 217 217 217 215 213 211 210 214 216 216 214 212 214 216 218 216 207 205 208 210 209 204 202 200 200 201 199 198 202 202 198 197
201 201 202 203 203 203 202 201 200 199 198 195 192 190 195 202 204 204 204 204 205 206 206 204 200 197 195 196 199 201 205 208 209 210 213 215 215 215 214 213 214 215 215 215 217 218 217 220 223 225 228 228 228 230 234 235 234 234 235 236 239 240 237 232 229 225 222 218 214 214 215 214 213 210 210 211 211 209 203 200 204 207 207 204 200 196 198 203 201 198 204 208 205 201
202 202 202 203 203 202 202 202 201 200 199 197 194 192 195 201 202 203 204 204 205 206 207 207 206 205 203 202 204 205 208 210 211 211 214 218 218 216 215 214 215 216 215 215 218 220 221 226 233 239 242 245 249 254 257 256 250 245 245 248 253 255 256 260 259 252 242 229 215 212 213 214 213 207 203 202 203 203 201 198 201 204 204 203 200 197 200 205 201 197 204 212 210 204
202 202 202 203 202 202 202 202 201 200 199 198 196 195 198 202 203 201 203 205 205 207 210 212 213 210 207 205 205 207 209 211 212 213 214 217 216 215 215 216 218 220 223 226 229 230 228 227 231 237 241 245 248 254 261 266 263 254 245 243 245 245 244 249 258 263 262 251 223 209 212 213 211 205 199 199 202 204 204 202 202 202 202 205 206 203 205 210 207 203 209 218 218 216
203 203 202 202 202 202 203 202 202 201 200 198 196 194 198 203 204 201 201 206 209 211 214 215 214 211 207 206 206 208 211 213 213 213 212 213 215 217 220 224 229 234 239 244 244 241 237 228 225 227 231 232 232 235 239 244 245 239 228 227 228 226 223 222 225 230 232 235 234 202 202 208 208 204 201 203 206 210 212 211 207 204 205 210 213 212 214 217 216 215 223 233 235 235
203 203 203 203 203 203 203 202 202 201 200 199 196 192 194 201 203 202 201 205 209 210 212 213 213 210 206 206 208 208 209 209 208 209 213 218 224 229 232 237 241 240 239 237 234 230 230 228 224 223 222 218 214 214 216 219 220 215 210 215 218 217 215 212 213 216 215 215 215 195 171 198 206 206 205 206 209 214 217 215 210 208 213 219 221 223 226 228 228 228 233 240 242 242
203 203 203 203 203 203 203 202 202 201 200 199 197 192 191 198 203 204 203 204 206 208 209 210 211 209 207 206 207 206 206 209 211 217 226 233 238 239 237 235 232 227 223 224 222 220 221 221 219 217 215 211 208 208 211 214 215 211 204 207 213 215 214 210 210 214 214 211 209 204 189 184 204 206 204 206 210 213 213 213 212 214 220 226 232 237 239 240 242 236 230 231 232 233
203 203 203 203 203 203 202 202 202 201 201 199 198 195 193 198 205 206 205 205 207 209 209 210 211 211 209 207 206 208 211 215 220 225 228 229 228 227 224 221 220 219 219 221 220 219 218 215 211 210 210 209 209 211 212 213 214 210 204 205 211 214 212 209 208 211 213 211 210 209 202 193 194 197 198 204 207 211 215 219 223 225 229 233 237 242 243 241 240 236 228 226 226 227
203 203 203 203 203 203 202 202 201 201 201 200 199 198 196 199 204 208 209 210 211 211 210 211 213 213 212 210 210 213 217 219 220 220 221 222 222 220 219 219 219 219 220 220 219 219 215 210 209 211 211 211 211 212 211 210 211 210 207 206 211 214 212 209 207 209 213 214 212 209 203 196 195 198 197 201 211 222 233 238 240 240 237 233 231 231 230 230 232 231 225 223 226 225
204 204 203 203 203 203 202 202 202 201 202 201 200 199 199 201 205 209 211 211 211 210 210 210 211 211 211 212 212 214 216 217 218 220 222 224 223 220 217 216 215 215 216 216 215 214 212 209 210 214 215 213 211 209 208 207 208 210 209 209 213 217 215 211 210 211 214 214 210 205 201 197 199 201 199 200 213 232 241 242 240 237 232 226 223 223 224 225 229 229 220 214 222 225
204 204 203 203 203 203 203 203 202 202 202 202 201 200 201 202 205 207 208 208 208 208 208 208 209 210 211 212 212 212 213 213 215 217 217 217 216 212 209 209 211 212 214 214 213 212 213 212 211 214 215 213 210 207 206 207 208 209 211 212 215 218 217 212 210 211 210 209 206 203 202 202 204 205 202 199 204 214 222 228 228 226 224 221 218 221 223 224 228 227 218 209 216 224
204 204 203 203 203 203 203 203 203 202 201 202 202 201 201 202 204 205 205 206 206 207 207 207 208 209 211 211 212 211 210 209 210 210 208 208 209 208 207 209 210 212 213 213 213 214 215 213 211 211 212 211 210 208 207 208 209 209 211 213 214 216 216 211 209 208 204 204 205 205 206 207 209 210 204 196 197 205 212 217 220 222 222 219 214 217 219 221 225 224 215 205 211 220
204 204 204 203 203 202 202 203 203 202 201 202 202 202 202 202 203 204 204 204 205 205 206 206 207 208 209 211 211 210 207 204 205 207 207 208 211 212 212 211 211 211 212 213 215 214 212 210 209 209 211 211 211 210 208 207 207 207 208 212 214 215 216 211 206 202 200 202 207 209 209 210 211 211 204 192 191 199 207 212 216 217 218 218 213 212 212 216 220 220 213 203 207 218
204 204 203 203 203 203 203 203 203 202 201 201 202 202 201 202 202 203 203 203 204 204 205 205 206 207 209 212 213 211 207 202 204 208 211 214 216 217 215 212 210 210 211 213 213 210 208 209 209 209 212 212 212 210 208 206 206 206 205 209 213 216 216 210 202 199 201 206 211 214 213 212 212 210 203 195 190 195 203 210 214 215 216 217 214 210 208 213 219 220 214 205 209 218
204 204 203 203 203 203 203 203 203 202 201 201 201 202 201 201 202 202 203 203 203 204 204 205 205 207 210 214 216 213 208 204 205 209 213 215 216 217 215 211 209 208 209 209 209 208 209 211 212 212 212 212 211 209 208 206 206 206 205 207 213 215 214 208 203 203 208 214 218 220 219 215 211 208 205 201 198 197 201 207 212 213 213 215 215 212 209 213 221 222 214 205 210 218
204 204 203 203 203 203 202 203 202 202 202 201 201 201 201 201 201 202 202 203 203 203 203 203 204 206 209 214 216 215 210 207 206 206 209 212 214 216 215 210 208 206 205 207 209 210 212 213 213 212 211 213 212 211 208 205 205 208 209 210 211 211 208 207 206 206 210 215 219 222 221 214 209 208 205 203 206 205 197 199 205 208 209 211 213 212 207 209 218 221 211 202 207 215
204 204 203 203 203 203 202 202 202 202 202 201 201 201 201 201 201 202 202 202 202 202 202 202 203 203 205 211 215 215 213 211 209 206 206 208 210 214 214 208 205 204 203 206 209 208 209 211 211 209 210 213 213 211 206 202 204 209 211 209 207 207 207 209 210 210 210 212 215 218 217 212 208 207 202 200 208 211 199 190 197 204 206 208 210 209 205 207 215 218 208 197 202 211
204 204 203 203 203 202 202 202 202 202 202 202 201 201 201 201 201 201 201 201 201 200 200 200 201 200 202 207 212 212 213 214 212 208 206 205 207 212 213 208 203 202 201 203 204 202 204 208 210 208 207 209 209 208 204 198 201 207 207 204 206 209 211 213 215 216 213 211 213 214 216 213 208 205 200 197 205 212 207 192 192 200 204 206 209 210 207 209 215 217 209 197 197 207
203 203 203 203 203 202 202 202 202 202 202 202 202 201 201 200 200 200 200 200 200 200 200 199 199 197 197 201 206 208 211 213 211 208 204 199 200 207 209 205 200 199 198 199 199 199 201 205 209 207 202 204 207 207 205 196 194 202 205 205 207 210 211 212 215 216 212 210 212 213 215 212 208 205 200 197 202 214 215 205 193 194 201 207 212 215 214 214 217 218 213 204 196 202
203 204 203 203 203 202 202 202 202 202 202 202 201 201 200 200 200 199 199 200 200 200 199 198 196 194 192 195 200 203 206 210 211 207 198 191 192 199 203 199 196 195 196 197 197 197 199 201 203 202 198 200 204 207 206 197 192 200 208 212 212 214 215 215 216 216 210 208 213 216 216 214 211 208 202 199 202 214 220 217 202 191 198 210 217 219 218 216 217 217 216 212 204 201
204 203 203 203 203 202 202 202 202 201 201 201 201 201 200 199 199 199 199 199 199 199 198 197 195 191 190 193 197 201 206 210 209 204 195 188 189 195 198 195 193 194 195 198 197 196 197 197 199 200 200 201 205 209 209 202 199 204 212 218 219 218 220 222 221 217 208 208 217 223 222 219 217 210 201 198 200 209 218 220 210 195 197 208 214 214 213 213 215 217 217 218 216 213
204 203 203 203 203 202 201 201 201 201 201 201 201 201 200 200 199 199 199 198 198 198 197 196 193 190 189 191 197 203 209 210 206 203 197 189 188 193 195 195 195 196 198 200 200 198 198 199 202 206 206 207 210 214 214 207 206 210 217 224 222 216 218 222 224 217 207 208 219 226 224 220 215 206 197 196 199 206 214 219 214 202 199 206 211 213 215 218 220 222 223 224 224 225
204 203 203 203 203 202 201 201 201 201 201 201 200 200 200 199 199 199 198 198 198 197 196 195 193 190 189 190 193 198 201 202 203 206 203 190 187 192 196 198 201 202 202 204 204 203 204 206 209 212 214 214 215 217 216 208 206 212 219 226 225 216 211 216 221 218 205 203 216 223 220 211 205 199 195 195 197 202 211 218 216 209 207 208 212 218 223 224 226 227 229 228 228 228
204 203 203 202 203 202 201 201 201 201 200 200 200 200 200 199 199 198 198 197 197 196 194 194 193 190 188 187 187 189 194 198 202 208 207 191 183 193 199 201 204 204 204 206 207 208 210 212 214 216 217 217 217 219 218 211 207 211 218 224 222 211 203 209 218 218 209 202 212 218 213 205 202 199 196 194 194 197 206 214 216 213 212 211 209 212 219 220 220 223 225 227 228 228
203 203 202 202 202 201 201 201 201 201 200 200 200 200 199 199 199 198 198 197 196 195 194 192 192 190 188 186 184 186 192 199 203 206 206 195 185 193 200 202 205 208 209 212 214 215 216 217 218 219 219 220 221 221 220 217 214 214 220 224 222 210 197 202 215 219 216 209 209 213 210 207 206 203 198 194 192 195 202 211 214 213 213 214 210 208 214 217 215 217 219 220 222 223
202 202 202 202 202 201 201 201 201 200 200 200 200 199 199 199 199 198 198 197 196 195 194 192 191 190 189 187 186 188 191 196 199 201 203 200 193 196 203 207 210 214 216 216 217 218 217 216 217 217 218 219 219 218 217 216 216 218 223 228 227 216 199 197 210 217 218 213 207 209 212 214 213 208 203 197 194 200 208 214 214 213 215 219 218 209 210 214 212 211 213 214 218 223
202 202 201 201 202 201 201 200 200 200 200 199 199 199 199 199 198 198 197 197 196 196 194 193 191 189 188 188 189 189 187 189 193 198 204 205 202 203 209 215 217 218 217 216 215 215 213 213 215 215 216 215 214 213 211 212 214 217 220 226 228 220 204 195 203 214 217 215 211 211 216 222 221 212 203 198 197 204 213 216 216 216 218 221 223 216 205 209 210 207 208 212 218 223
202 201 201 201 202 202 201 200 200 200 200 199 199 199 199 198 198 198 197 197 197 196 195 193 192 189 187 187 187 185 184 185 191 200 207 208 207 212 217 218 217 216 215 214 214 213 211 211 212 214 214 211 209 211 211 210 210 213 215 219 223 219 208 196 198 211 219 221 217 214 216 219 215 206 201 201 198 198 209 215 213 213 216 219 223 220 204 201 207 207 207 212 217 221
201 201 201 201 202 201 201 201 200 200 199 199 199 199 199 198 198 198 197 197 197 196 195 194 192 190 187 184 182 182 184 187 193 200 207 208 211 217 219 216 213 212 211 210 211 210 207 206 206 209 209 205 204 208 210 206 204 207 209 211 214 213 209 201 199 209 223 227 221 215 212 208 205 203 202 203 196 189 203 213 210 207 211 215 221 219 207 197 202 206 207 212 219 223
201 201 201 202 202 201 201 201 200 199 199 199 199 199 199 198 198 198 198 197 197 196 195 194 193 190 186 182 180 184 188 189 193 199 206 208 209 212 214 213 212 211 208 206 205 206 205 203 202 205 207 203 198 200 203 200 196 198 202 205 207 210 212 209 203 208 224 228 221 213 207 204 206 206 204 202 194 184 194 208 209 208 211 216 222 222 212 199 197 204 207 213 223 227
201 201 201 201 201 201 200 200 199 199 199 199 199 199 199 198 198 198 197 197 197 196 195 195 193 191 188 184 183 187 190 190 192 199 206 208 206 207 209 210 210 208 205 202 203 204 204 201 198 202 207 202 192 192 198 199 195 195 201 205 208 212 216 217 209 208 221 225 217 209 206 210 214 207 201 200 192 182 188 202 208 208 211 215 220 221 212 200 198 202 205 214 225 230
202 201 201 201 201 201 200 200 200 199 199 199 199 198 199 198 198 198 198 197 197 196 196 195 194 192 190 188 186 188 191 192 193 198 202 203 204 206 206 205 203 202 201 201 200 198 198 198 197 199 204 201 192 190 197 203 201 201 207 214 216 215 216 217 213 210 216 218 211 207 208 212 211 200 196 197 191 184 187 200 208 208 209 212 214 212 207 202 202 203 205 215 225 229
