windninja/windninja_output/Output_2025-08-09_2000-2050_Google earth_Fire_150m_10min/merlingen_7.5mi_point_08-09-2025_2000_150m_ang.asc
ncols	158
nrows	163
xllcorner	391686.332397
yllcorner	5160024.123721
cellsize	150.000000
NODATA_value	-32768.000000
[rows 42 to 83 of 163, columns 0 to 93 of 158]
246 245 245 244 244 245 245 245 244 244 244 244 244 244 244 244 244 244 245 245 245 245 245 246 246 246 248 249 252 254 255 253 250 245 237 232 234 239 240 238 237 236 235 236 237 234 232 232 233 239 246 246 240 237 242 243 239 237 240 242 240 236 236 236 235 240 242 242 240 235 230 232 234 228 233 236 218 198 203 218 226 228 233 238 241 238 230 227 232 237 241 243 243 246
246 246 245 245 245 245 245 244 244 244 244 244 244 244 244 244 244 244 245 245 245 245 245 246 246 246 247 249 251 253 253 251 248 244 239 236 238 241 239 239 239 239 240 242 239 234 234 236 240 246 250 247 238 234 239 241 239 237 239 243 244 244 244 241 239 241 241 239 234 224 221 226 227 224 228 227 211 198 204 218 226 231 237 243 242 233 227 229 234 238 242 242 246 249
247 246 246 246 246 245 245 244 245 244 244 244 244 244 244 244 244 245 245 245 245 245 245 246 246 247 248 249 250 251 252 251 249 246 244 244 248 248 244 242 242 243 246 245 238 234 236 241 245 248 248 243 234 231 234 237 237 237 239 243 245 247 248 248 249 247 243 239 230 221 221 225 225 224 225 221 208 200 208 221 230 235 241 244 239 230 228 232 237 240 243 245 252 254
247 247 247 247 246 246 245 245 245 244 244 244 244 244 244 244 244 245 245 245 245 245 245 246 246 247 248 248 249 250 250 250 249 248 247 252 255 254 250 247 245 248 249 244 235 233 238 245 249 248 244 239 234 231 234 236 237 239 243 245 245 247 248 251 254 252 247 240 231 227 230 231 231 229 227 221 208 202 212 223 232 239 244 243 236 230 231 235 238 241 244 250 256 254
248 247 247 247 246 246 246 246 245 245 245 244 244 244 244 244 245 245 245 245 245 245 245 246 247 247 248 248 249 249 250 251 250 250 250 253 256 256 254 251 251 251 249 242 234 237 244 249 250 246 241 237 233 233 235 237 239 243 248 248 246 247 250 252 253 251 246 240 233 232 237 237 236 234 228 221 210 204 215 227 236 242 245 242 236 233 235 236 237 240 244 252 256 251
248 248 248 247 246 248 248 247 246 246 245 245 244 244 245 245 245 245 245 245 245 245 246 247 247 248 248 248 248 249 250 251 252 252 253 254 255 257 257 256 255 253 249 239 235 243 251 252 248 241 237 233 231 233 234 236 241 246 251 252 248 250 252 253 253 251 245 240 234 234 237 238 238 234 228 221 213 212 222 234 242 245 244 241 237 236 237 237 238 240 244 249 250 246
249 249 248 246 246 249 250 249 248 247 246 246 245 245 245 246 246 246 246 246 246 246 246 247 247 248 248 248 248 249 250 251 251 253 254 255 256 258 260 260 259 256 249 241 240 248 252 250 243 236 232 231 234 237 237 239 245 250 252 250 248 251 253 253 254 252 245 240 236 236 237 238 237 233 228 222 218 220 228 237 242 243 242 239 235 235 235 236 238 241 243 245 245 242
250 249 247 246 247 249 250 250 249 248 247 246 246 246 246 246 246 246 246 246 246 246 247 247 247 248 248 248 248 249 250 250 251 252 253 255 257 258 259 260 259 257 253 248 249 253 252 246 240 232 227 231 236 238 239 243 249 254 252 246 245 249 251 253 254 251 245 240 237 237 237 236 235 231 227 223 221 222 227 234 238 239 239 237 235 234 234 234 237 239 240 241 241 240
251 250 247 245 247 249 249 250 250 249 248 247 247 246 246 246 246 246 246 246 246 247 247 247 247 247 247 248 249 249 250 250 251 251 253 255 258 259 258 258 258 257 256 254 256 256 251 244 238 232 230 236 239 238 240 246 252 253 248 244 244 247 251 255 255 250 244 240 238 238 237 236 233 230 227 224 222 222 227 233 237 238 237 236 235 235 235 236 238 238 238 238 238 238
253 252 248 247 249 249 248 248 250 250 249 248 247 247 247 247 247 246 246 247 247 247 247 247 248 248 247 248 249 249 250 250 251 251 253 255 258 259 259 258 257 259 259 258 259 256 249 239 235 234 237 243 245 244 247 253 255 250 243 241 242 246 253 257 255 248 243 238 237 237 237 235 232 229 228 227 225 224 228 233 235 237 239 239 238 238 239 240 240 239 237 237 237 238
255 253 249 249 251 250 248 248 249 249 249 248 248 247 248 248 248 247 247 247 247 247 247 248 248 248 248 248 249 249 250 250 251 251 253 254 256 258 259 259 258 260 261 261 259 255 246 235 233 235 237 240 242 246 253 258 254 246 240 239 242 247 255 258 253 245 239 235 235 236 235 233 230 228 230 230 228 228 231 234 234 236 239 242 243 244 243 242 241 240 237 236 235 236
253 252 251 251 252 251 248 248 249 249 249 249 249 248 248 248 248 248 248 248 248 248 248 248 248 248 248 249 249 249 250 250 251 252 253 254 255 257 259 260 260 261 261 261 258 252 243 233 235 237 237 239 242 247 254 257 251 242 238 239 243 249 257 257 250 242 235 231 232 234 232 229 227 228 231 231 230 232 237 238 235 236 238 239 242 246 247 244 241 239 237 236 234 233
250 251 251 253 252 250 248 248 248 249 250 251 250 250 249 249 248 248 248 248 248 249 249 249 249 249 249 249 249 250 250 250 251 252 252 253 254 256 258 260 263 263 261 260 258 253 244 238 242 241 238 242 246 250 255 254 245 237 237 240 244 251 256 255 246 237 229 225 228 229 227 226 227 230 232 232 230 233 239 239 236 236 236 234 235 239 243 244 241 237 237 237 235 234
250 250 251 254 256 254 251 249 248 248 250 252 252 252 251 250 250 249 249 249 249 249 249 249 249 249 249 249 250 250 250 251 251 252 252 253 254 255 256 259 263 264 262 260 260 258 253 249 248 243 239 245 248 252 255 251 238 234 238 242 246 251 254 251 244 233 225 222 226 227 225 225 230 232 232 231 230 234 238 237 235 236 236 233 232 233 233 234 236 238 240 241 240 242
252 252 251 251 254 256 255 253 250 249 249 250 253 254 252 251 251 251 250 250 249 249 250 250 250 250 250 250 250 250 251 251 251 252 252 253 254 254 256 257 260 262 261 260 261 262 262 259 254 245 242 248 249 253 255 247 234 235 240 246 250 253 252 248 241 232 225 223 227 228 226 228 231 231 231 230 231 235 237 235 235 236 236 234 232 231 229 227 229 235 243 248 251 254
253 253 251 249 250 252 254 255 254 252 249 247 250 253 254 253 252 252 251 251 251 250 250 250 250 250 250 250 250 251 251 251 252 252 252 253 253 254 255 256 257 258 260 260 261 264 267 267 261 252 247 251 252 256 255 245 233 237 244 249 252 252 251 247 240 230 224 223 225 226 227 230 231 230 230 228 230 234 234 232 231 233 235 235 235 235 232 230 229 233 242 252 259 261
253 253 252 251 250 250 251 253 256 256 251 246 247 250 254 256 255 253 252 252 252 251 251 251 250 250 251 251 251 251 251 251 252 252 253 253 253 254 255 255 256 257 258 260 261 264 267 270 270 265 257 256 256 258 254 244 235 242 249 252 252 251 249 246 239 229 222 219 219 224 228 230 231 231 230 229 231 233 231 228 228 230 233 234 235 236 235 234 234 238 249 257 259 262
253 252 252 252 252 251 251 253 256 258 255 250 247 248 251 255 257 256 254 253 252 252 252 252 251 251 251 251 251 252 252 252 252 252 253 253 253 254 254 255 256 256 257 258 260 262 264 268 273 277 273 265 261 259 253 244 240 250 255 255 252 250 248 244 238 230 222 214 216 226 230 230 231 232 230 229 233 233 230 228 227 229 231 231 231 233 234 237 241 251 260 261 259 259
253 252 252 252 252 253 253 254 256 257 256 253 250 249 248 250 254 257 256 255 253 253 252 252 251 251 252 252 252 252 252 252 252 253 253 253 253 254 254 255 255 256 257 257 258 260 262 264 269 278 284 276 267 261 254 246 246 255 258 256 253 251 248 244 239 232 223 213 219 230 232 232 233 233 230 230 233 231 229 228 228 230 231 230 230 232 235 241 251 261 263 259 255 249
253 253 253 252 252 253 254 255 256 256 256 255 254 251 247 247 250 254 257 257 256 255 254 252 252 252 252 253 253 253 253 253 253 253 253 253 254 254 254 255 255 256 256 257 258 259 260 263 266 273 283 283 274 265 256 250 254 259 259 257 255 252 249 246 240 234 224 214 224 233 233 234 235 234 232 232 233 229 228 228 228 231 232 232 233 236 241 250 259 264 261 254 247 238
254 254 254 254 253 253 254 255 255 256 256 257 258 255 250 248 247 250 254 256 258 257 255 254 253 253 253 254 253 253 253 253 253 253 253 254 254 254 254 255 255 255 256 257 257 258 260 261 264 268 276 282 278 270 259 255 260 261 259 257 255 253 250 246 240 234 223 218 228 234 234 235 237 235 232 232 231 229 227 227 228 230 232 235 237 243 253 262 264 262 255 248 240 234
256 256 256 256 256 256 255 255 255 255 256 258 259 258 255 251 248 248 249 253 256 257 256 255 254 253 254 254 254 254 254 254 254 254 254 254 254 254 254 255 255 255 256 256 257 258 259 261 262 266 272 278 277 272 264 259 260 261 260 258 254 251 248 245 243 238 228 228 233 234 234 236 238 235 231 229 228 227 225 225 227 229 231 236 240 249 261 267 266 258 246 241 236 232
257 257 258 258 258 259 258 257 256 256 256 258 259 259 257 255 252 248 247 249 252 255 256 256 255 254 255 255 254 255 255 254 254 254 254 254 254 254 255 255 255 255 256 256 257 258 259 260 261 264 268 275 276 274 270 264 261 260 260 259 255 248 245 246 249 245 238 237 237 235 234 237 238 234 229 227 227 224 221 221 225 227 232 237 244 256 263 264 260 247 238 235 232 231
255 255 256 257 258 259 259 258 258 258 258 259 260 260 258 258 256 251 248 247 249 251 254 257 257 256 256 255 255 255 255 255 255 255 255 255 255 255 255 255 255 255 256 256 257 257 258 259 261 263 266 271 275 275 275 273 265 260 258 258 252 243 242 246 248 245 242 240 238 236 236 238 239 234 228 226 225 221 217 220 225 230 236 241 250 260 262 257 247 236 232 231 229 230
251 251 252 255 257 258 257 256 256 257 259 259 259 260 260 259 258 256 252 249 247 247 250 253 256 257 257 256 255 255 255 255 255 255 255 255 255 255 255 255 255 256 256 256 257 257 258 259 260 262 264 267 271 274 277 281 275 265 259 255 246 237 242 246 245 242 240 238 238 239 239 241 239 233 228 225 223 220 217 221 227 233 239 244 252 256 255 247 236 231 228 226 227 228
244 245 246 249 253 258 256 253 254 257 260 259 257 258 261 260 258 258 257 254 249 246 247 249 252 255 257 258 258 257 257 256 256 256 256 256 256 256 256 256 256 256 256 256 257 257 258 259 259 261 262 264 267 270 274 279 280 274 264 256 248 244 250 250 247 243 239 238 239 241 241 242 240 234 228 225 222 218 215 221 228 235 242 247 252 254 249 238 232 228 225 224 225 226
239 243 243 243 246 249 248 245 250 255 258 257 256 256 256 258 259 259 259 258 254 250 248 247 247 249 252 257 260 260 259 258 257 257 257 256 256 256 256 256 256 256 256 256 257 257 258 258 259 260 261 262 264 266 269 273 276 276 271 263 258 260 262 259 253 245 240 239 239 240 241 243 243 237 230 227 223 217 215 224 233 241 247 249 257 257 245 232 229 225 223 223 225 227
249 255 254 250 249 247 241 238 246 250 251 248 248 249 249 250 254 258 259 259 257 255 254 251 246 243 247 254 259 261 262 261 259 258 258 257 257 256 256 256 256 256 256 256 257 257 257 258 258 259 260 261 262 264 265 267 269 270 270 268 266 270 272 268 261 253 248 244 241 240 239 243 245 238 230 229 225 221 220 231 241 247 248 251 262 258 241 230 226 223 221 221 224 226
258 264 270 269 264 257 249 248 252 253 249 245 244 243 243 245 248 251 255 257 258 257 257 255 249 242 246 251 255 258 261 262 262 261 259 258 257 257 257 257 257 256 257 257 257 257 257 258 258 259 259 260 261 262 263 264 265 265 266 266 267 271 274 273 271 268 262 256 250 244 241 245 245 236 230 229 229 226 227 237 245 248 249 257 264 255 236 227 224 221 219 220 223 224
259 263 271 274 273 268 265 267 268 263 256 253 252 250 248 247 247 248 249 251 254 257 258 257 251 246 247 249 250 253 256 260 262 263 261 260 259 258 257 257 257 257 257 257 257 257 257 258 258 258 259 259 260 260 261 262 262 263 263 263 265 266 269 271 273 275 274 270 263 257 252 251 247 236 230 231 232 230 231 239 246 249 255 264 261 245 228 223 221 221 220 221 223 222
260 263 268 271 271 270 271 274 275 268 261 261 261 259 257 255 254 252 250 249 250 253 256 255 253 251 251 250 248 249 252 254 258 262 263 262 260 259 258 258 257 257 257 257 257 257 257 258 258 258 259 259 259 260 260 260 261 261 261 262 262 263 264 266 268 270 272 273 273 274 272 265 253 241 236 237 237 235 232 239 247 255 263 265 255 233 221 221 223 223 222 224 227 226
262 265 269 270 271 271 272 274 274 269 264 263 263 262 261 260 260 259 256 253 252 252 253 253 253 253 254 253 250 249 249 251 254 258 261 262 261 260 259 258 258 258 257 257 257 257 257 258 258 258 258 259 259 259 259 260 260 260 260 260 261 261 262 263 263 264 266 268 272 276 279 276 266 253 247 247 245 240 234 239 250 261 267 262 244 226 219 220 224 225 222 225 229 236
263 266 271 273 273 273 274 273 272 270 267 265 264 263 262 262 261 261 260 259 258 256 255 254 253 253 254 254 252 251 250 250 252 254 257 259 260 261 260 260 259 258 258 258 257 258 258 258 258 258 258 258 259 259 259 259 259 259 259 260 260 260 260 261 261 262 263 264 267 269 272 273 271 266 260 256 251 243 236 243 257 266 265 252 232 222 220 222 226 226 226 224 227 245
264 266 271 276 277 277 277 275 273 271 270 268 266 265 265 264 263 262 261 261 260 259 258 256 255 255 256 256 254 252 251 251 252 253 255 257 259 260 261 260 259 258 258 258 258 258 258 258 258 258 258 258 258 259 259 259 259 259 259 259 259 259 259 260 260 260 261 262 263 264 265 266 269 272 271 265 256 244 239 251 265 265 257 240 225 218 220 223 227 230 235 232 238 255
263 265 270 276 280 281 281 279 277 274 273 271 269 268 267 266 265 264 262 261 261 260 259 258 257 256 257 259 257 254 252 252 252 253 255 257 259 261 261 261 260 259 258 258 258 258 258 258 258 258 258 258 259 259 259 258 258 258 259 259 259 259 259 259 259 260 260 261 261 261 262 263 265 269 274 272 265 251 247 261 267 261 248 234 225 223 226 228 232 240 248 256 265 264
264 264 267 272 280 285 285 284 282 279 277 274 272 270 269 268 267 266 264 263 262 261 260 259 256 254 258 262 262 258 253 252 252 253 254 256 258 260 261 261 260 259 259 258 258 258 258 259 259 259 259 259 259 259 259 258 258 258 258 258 258 258 258 258 259 259 259 259 260 260 260 261 263 265 270 274 273 265 262 267 264 252 240 233 231 235 239 238 241 248 256 264 267 262
265 263 259 266 279 287 289 289 288 286 283 277 274 272 270 269 269 268 266 264 263 262 262 260 255 253 257 261 263 261 256 253 252 252 254 254 256 258 260 262 262 260 259 258 258 259 259 259 259 259 259 259 259 259 259 259 258 258 258 258 258 258 258 258 258 258 259 259 259 259 260 260 261 262 265 269 274 277 275 269 259 242 232 231 230 233 236 239 247 253 257 260 262 257
262 258 251 256 271 285 293 294 293 293 288 280 275 273 271 270 269 269 267 265 264 263 263 261 257 255 257 259 260 260 258 256 253 253 254 254 253 254 257 260 262 261 260 259 259 259 259 260 260 261 261 261 260 260 259 259 258 258 258 258 258 258 258 258 258 258 258 258 258 259 259 259 260 261 262 265 270 278 280 268 252 234 227 227 226 227 233 244 254 257 257 257 257 253
255 251 249 254 264 279 294 297 295 295 289 281 275 273 272 271 270 269 268 266 265 264 264 262 260 259 259 258 258 259 260 259 256 253 253 253 252 252 253 256 258 260 261 261 260 260 260 261 262 263 263 262 261 260 260 259 259 258 258 258 258 258 258 258 258 258 258 258 258 258 258 258 259 259 260 262 266 272 276 265 245 230 227 225 225 230 244 257 260 259 257 256 254 252
252 254 258 264 274 279 283 287 288 287 284 279 274 272 272 271 270 269 268 268 267 265 264 263 262 262 262 261 259 259 261 262 259 255 252 250 250 251 252 252 253 255 257 259 261 262 262 262 264 267 268 266 263 261 260 259 259 259 258 258 258 258 258 258 258 258 258 258 258 258 258 258 258 259 259 261 263 265 268 260 238 227 227 227 229 243 260 264 261 258 256 254 252 249
264 266 271 279 282 276 266 266 270 272 272 272 272 271 270 270 269 269 269 269 269 267 266 265 263 263 264 263 261 260 261 263 262 261 257 252 250 250 252 252 250 249 251 254 256 258 259 260 261 265 268 269 267 264 261 260 259 259 258 258 258 258 258 258 258 258 258 257 257 258 258 258 258 258 259 260 261 262 263 258 236 223 226 231 242 261 266 265 262 258 254 252 250 247
269 273 277 279 275 265 260 257 256 259 262 267 269 269 269 268 268 269 270 270 271 270 268 267 266 266 265 264 262 261 261 261 261 261 261 258 255 253 253 253 251 250 250 251 252 253 254 255 257 258 258 261 264 263 261 260 259 259 259 259 258 258 258 258 258 258 258 257 257 257 258 258 258 258 259 259 260 261 262 260 241 220 225 236 259 270 269 265 262 259 256 253 250 247
