windninja/windninja_output/Output_2025-08-09_2000-2050_Google earth_Fire_150m_10min/merlingen_7.5mi_point_08-09-2025_2000_150m_vel.asc
ncols	158
nrows	163
xllcorner	391686.332397
yllcorner	5160024.123721
cellsize	150.000000
NODATA_value	-32768.000000
[rows 76 to 113 of 163, columns 0 to 83 of 158]
1.65 1.56 1.38 1.18 1.10 1.12 1.06 0.99 0.98 0.95 0.92 0.91 0.89 0.89 0.88 0.86 0.85 0.86 0.88 0.87 0.87 0.89 0.90 0.91 0.86 0.77 0.79 0.87 0.95 1.08 1.18 1.18 1.16 1.17 1.10 0.97 0.91 0.90 0.88 0.86 0.87 0.90 0.93 0.94 0.95 0.96 0.96 0.97 0.97 0.97 0.97 0.97 0.97 0.97 0.97 0.97 0.96 0.96 0.96 0.95 0.95 0.94 0.93 0.91 0.90 0.88 0.86 0.84 0.82 0.79 0.74 0.69 0.63 0.54 0.47 0.46 0.42 0.39 0.46 0.75 1.16 1.38 1.45 1.31
1.72 1.64 1.50 1.34 1.23 1.16 1.05 0.98 0.96 0.93 0.90 0.88 0.87 0.89 0.88 0.86 0.84 0.85 0.86 0.86 0.87 0.88 0.90 0.90 0.85 0.81 0.84 0.89 0.89 0.96 1.11 1.20 1.19 1.20 1.18 1.05 0.96 0.93 0.89 0.86 0.86 0.89 0.93 0.94 0.96 0.97 0.97 0.98 0.98 0.98 0.98 0.98 0.98 0.98 0.98 0.98 0.98 0.97 0.97 0.96 0.96 0.95 0.94 0.93 0.92 0.90 0.89 0.87 0.84 0.81 0.77 0.72 0.68 0.61 0.52 0.45 0.38 0.31 0.41 0.81 1.16 1.18 1.19 1.21
1.79 1.60 1.52 1.61 1.47 1.23 1.05 0.97 0.96 0.91 0.86 0.83 0.85 0.88 0.87 0.85 0.84 0.84 0.84 0.85 0.86 0.88 0.90 0.87 0.80 0.83 0.93 0.94 0.89 0.87 0.98 1.15 1.21 1.22 1.23 1.15 1.02 0.98 0.94 0.88 0.84 0.87 0.92 0.95 0.96 0.98 0.98 0.99 0.99 0.99 0.99 0.99 0.99 0.99 0.99 0.98 0.98 0.98 0.98 0.98 0.97 0.97 0.96 0.95 0.94 0.92 0.91 0.89 0.86 0.83 0.79 0.75 0.72 0.66 0.58 0.49 0.39 0.30 0.39 0.77 1.05 0.99 1.03 1.18
1.73 1.50 1.48 1.88 1.88 1.49 1.13 0.97 0.97 0.88 0.78 0.78 0.83 0.86 0.86 0.85 0.84 0.83 0.82 0.83 0.86 0.88 0.90 0.84 0.75 0.81 0.97 1.00 0.93 0.85 0.88 1.06 1.18 1.24 1.26 1.20 1.09 1.03 1.03 0.95 0.84 0.84 0.91 0.94 0.97 0.98 1.00 1.00 1.00 1.00 1.00 0.99 0.99 0.99 0.99 0.99 0.99 0.99 0.99 0.99 0.98 0.98 0.97 0.96 0.95 0.94 0.93 0.91 0.88 0.86 0.82 0.78 0.75 0.70 0.63 0.54 0.43 0.34 0.39 0.64 0.84 0.85 0.94 1.12
1.47 1.38 1.49 1.80 2.04 1.80 1.17 0.91 0.90 0.79 0.68 0.71 0.80 0.84 0.85 0.84 0.84 0.83 0.80 0.81 0.85 0.88 0.90 0.83 0.72 0.77 0.96 1.03 0.98 0.87 0.86 0.97 1.09 1.21 1.29 1.24 1.12 1.08 1.11 1.06 0.89 0.83 0.90 0.94 0.96 0.99 1.00 1.02 1.03 1.02 1.00 0.99 0.98 0.98 0.99 0.99 0.99 1.00 1.00 1.00 0.99 0.99 0.98 0.98 0.97 0.96 0.94 0.93 0.90 0.88 0.84 0.81 0.78 0.74 0.67 0.60 0.50 0.40 0.39 0.49 0.60 0.71 0.83 0.97
1.17 1.25 1.44 1.72 2.06 1.81 1.03 0.73 0.75 0.66 0.59 0.65 0.77 0.84 0.85 0.84 0.84 0.83 0.80 0.80 0.84 0.88 0.89 0.83 0.72 0.76 0.92 1.00 0.99 0.93 0.89 0.93 1.00 1.11 1.25 1.29 1.19 1.11 1.14 1.14 1.01 0.89 0.93 0.97 0.98 1.00 1.00 1.03 1.08 1.06 0.99 0.96 0.96 0.97 0.98 0.99 1.00 1.00 1.00 1.00 1.00 1.00 0.99 0.99 0.98 0.97 0.96 0.94 0.92 0.90 0.87 0.83 0.80 0.77 0.71 0.65 0.56 0.45 0.40 0.38 0.39 0.55 0.72 0.83
1.29 1.33 1.52 1.91 1.97 1.45 0.96 0.75 0.66 0.61 0.56 0.63 0.76 0.83 0.85 0.84 0.83 0.83 0.81 0.80 0.83 0.86 0.88 0.82 0.72 0.77 0.91 0.96 0.97 0.96 0.93 0.93 0.95 1.01 1.12 1.23 1.24 1.17 1.15 1.15 1.08 1.00 0.99 1.03 1.04 1.04 1.02 1.05 1.14 1.13 1.01 0.94 0.92 0.93 0.96 0.98 1.00 1.01 1.01 1.01 1.01 1.01 1.00 1.00 0.99 0.99 0.97 0.96 0.94 0.92 0.89 0.85 0.82 0.79 0.75 0.69 0.61 0.51 0.42 0.32 0.25 0.38 0.62 0.75
1.95 1.68 1.63 1.81 1.61 1.26 1.00 0.82 0.72 0.66 0.61 0.66 0.76 0.83 0.86 0.84 0.84 0.85 0.83 0.81 0.83 0.84 0.87 0.82 0.73 0.78 0.91 0.93 0.94 0.97 0.97 0.95 0.95 0.98 1.04 1.11 1.19 1.20 1.17 1.13 1.08 1.04 1.03 1.06 1.10 1.11 1.09 1.10 1.18 1.19 1.10 0.99 0.92 0.90 0.93 0.97 1.00 1.01 1.02 1.02 1.02 1.01 1.01 1.01 1.00 1.00 0.99 0.97 0.96 0.93 0.91 0.88 0.85 0.82 0.78 0.72 0.65 0.55 0.44 0.31 0.17 0.22 0.45 0.67
2.18 1.91 1.60 1.57 1.47 1.29 1.02 0.84 0.80 0.74 0.70 0.72 0.76 0.83 0.88 0.85 0.85 0.88 0.86 0.84 0.84 0.83 0.84 0.83 0.76 0.76 0.87 0.92 0.92 0.96 0.98 0.96 0.96 0.99 1.04 1.09 1.14 1.16 1.15 1.11 1.06 1.03 1.02 1.04 1.08 1.11 1.12 1.13 1.17 1.17 1.14 1.09 1.01 0.92 0.92 0.97 1.00 1.02 1.02 1.02 1.02 1.02 1.02 1.02 1.01 1.01 1.00 0.99 0.97 0.95 0.93 0.90 0.87 0.84 0.80 0.75 0.68 0.59 0.48 0.33 0.14 0.12 0.26 0.56
2.41 2.08 1.64 1.56 1.53 1.36 1.06 0.90 0.88 0.83 0.79 0.76 0.76 0.83 0.89 0.89 0.87 0.90 0.91 0.88 0.86 0.84 0.83 0.85 0.80 0.73 0.80 0.88 0.91 0.94 0.95 0.95 0.95 0.99 1.08 1.13 1.15 1.17 1.14 1.09 1.04 1.02 1.03 1.05 1.08 1.12 1.15 1.18 1.17 1.12 1.08 1.08 1.06 0.99 0.95 0.98 1.01 1.02 1.03 1.03 1.03 1.03 1.02 1.02 1.02 1.02 1.01 1.00 0.99 0.97 0.95 0.92 0.89 0.86 0.83 0.78 0.71 0.63 0.52 0.36 0.16 0.08 0.18 0.58
2.62 2.22 1.70 1.57 1.53 1.39 1.11 1.00 1.00 0.93 0.83 0.77 0.78 0.82 0.90 0.92 0.90 0.94 0.96 0.93 0.90 0.86 0.86 0.88 0.81 0.70 0.73 0.84 0.92 0.92 0.90 0.94 0.93 0.93 1.06 1.15 1.18 1.23 1.22 1.15 1.05 0.99 1.00 1.05 1.10 1.15 1.20 1.22 1.20 1.11 1.03 1.02 1.04 1.02 0.99 1.00 1.02 1.03 1.03 1.03 1.03 1.03 1.03 1.02 1.02 1.02 1.02 1.01 1.00 0.99 0.97 0.94 0.92 0.89 0.85 0.81 0.75 0.67 0.57 0.42 0.22 0.14 0.23 0.71
2.72 2.24 1.74 1.59 1.47 1.39 1.21 1.11 1.13 1.05 0.85 0.79 0.82 0.81 0.89 0.93 0.92 1.00 1.03 1.01 0.95 0.89 0.95 0.98 0.79 0.61 0.68 0.81 0.90 0.91 0.89 0.92 0.92 0.90 0.96 1.07 1.14 1.24 1.32 1.29 1.15 1.01 0.96 1.02 1.11 1.19 1.24 1.26 1.24 1.15 1.03 0.98 0.99 1.01 1.02 1.03 1.03 1.04 1.03 1.03 1.03 1.02 1.02 1.02 1.03 1.03 1.03 1.02 1.01 1.00 0.98 0.96 0.94 0.91 0.88 0.84 0.79 0.72 0.63 0.49 0.33 0.27 0.36 0.71
2.66 2.24 1.75 1.56 1.37 1.31 1.31 1.25 1.21 1.15 0.95 0.85 0.84 0.80 0.87 0.92 0.94 1.05 1.13 1.13 1.02 0.98 1.13 1.06 0.69 0.46 0.61 0.78 0.87 0.91 0.91 0.93 0.94 0.93 0.92 0.96 1.01 1.12 1.29 1.37 1.31 1.14 0.99 0.98 1.08 1.19 1.29 1.30 1.27 1.20 1.09 1.00 0.97 1.00 1.04 1.05 1.07 1.06 1.04 1.03 1.01 1.00 1.01 1.02 1.03 1.03 1.03 1.03 1.03 1.01 1.00 0.98 0.96 0.93 0.90 0.87 0.83 0.77 0.69 0.58 0.46 0.40 0.49 0.77
2.46 2.18 1.74 1.49 1.32 1.24 1.30 1.34 1.28 1.27 1.17 0.96 0.83 0.80 0.83 0.88 0.97 1.12 1.23 1.26 1.16 1.18 1.23 0.95 0.46 0.35 0.57 0.76 0.85 0.90 0.94 0.95 0.97 0.97 0.96 0.96 0.95 0.98 1.15 1.32 1.35 1.25 1.10 1.00 1.04 1.15 1.28 1.35 1.32 1.24 1.15 1.06 0.99 0.99 1.02 1.07 1.12 1.14 1.12 1.04 0.96 0.96 0.99 1.01 1.03 1.03 1.04 1.04 1.04 1.03 1.02 1.00 0.98 0.96 0.93 0.90 0.87 0.82 0.76 0.68 0.58 0.52 0.58 0.78
2.29 2.04 1.68 1.48 1.34 1.21 1.20 1.28 1.29 1.39 1.39 1.06 0.81 0.80 0.81 0.84 0.98 1.18 1.39 1.49 1.42 1.32 1.08 0.66 0.36 0.36 0.57 0.75 0.84 0.90 0.95 0.98 0.98 0.98 1.01 1.03 0.97 0.93 1.02 1.23 1.35 1.29 1.17 1.07 1.04 1.10 1.22 1.36 1.38 1.29 1.19 1.11 1.03 0.99 0.97 1.05 1.15 1.24 1.27 1.09 0.89 0.88 0.95 1.00 1.02 1.04 1.05 1.05 1.05 1.04 1.03 1.02 1.00 0.98 0.96 0.94 0.91 0.87 0.82 0.76 0.70 0.64 0.64 0.78
2.16 1.92 1.65 1.58 1.47 1.25 1.12 1.14 1.24 1.46 1.52 1.17 0.86 0.83 0.84 0.87 0.98 1.18 1.51 1.77 1.56 1.14 0.70 0.53 0.41 0.43 0.61 0.76 0.84 0.91 0.96 0.99 1.00 0.99 1.02 1.06 1.02 0.96 0.96 1.09 1.29 1.34 1.25 1.14 1.07 1.07 1.15 1.30 1.40 1.38 1.26 1.15 1.06 0.97 0.89 0.98 1.16 1.30 1.39 1.19 0.86 0.82 0.92 0.98 1.02 1.04 1.05 1.06 1.06 1.05 1.05 1.04 1.02 1.01 0.99 0.97 0.94 0.92 0.88 0.84 0.80 0.75 0.73 0.81
1.96 1.78 1.59 1.61 1.62 1.44 1.21 1.11 1.22 1.56 1.66 1.30 0.99 0.91 0.89 0.92 1.00 1.16 1.59 1.85 1.47 0.64 0.49 0.53 0.48 0.51 0.67 0.79 0.87 0.92 0.97 1.01 1.03 1.01 1.02 1.05 1.05 1.02 0.98 0.98 1.13 1.32 1.36 1.25 1.13 1.07 1.12 1.25 1.39 1.45 1.36 1.21 1.08 0.94 0.80 0.87 1.15 1.31 1.38 1.27 0.97 0.84 0.90 0.98 1.02 1.05 1.06 1.07 1.07 1.06 1.06 1.05 1.04 1.03 1.02 1.00 0.98 0.96 0.94 0.91 0.88 0.85 0.84 0.88
1.74 1.62 1.46 1.50 1.60 1.54 1.33 1.13 1.13 1.54 1.83 1.58 1.27 1.17 1.14 1.19 1.17 1.28 1.69 1.83 1.36 0.59 0.55 0.58 0.54 0.59 0.72 0.82 0.89 0.95 0.99 1.05 1.07 1.04 1.02 1.03 1.05 1.05 1.03 0.97 0.96 1.16 1.40 1.40 1.23 1.12 1.11 1.21 1.37 1.48 1.48 1.33 1.07 0.92 0.80 0.85 1.11 1.26 1.29 1.27 1.10 0.92 0.91 0.98 1.02 1.05 1.07 1.07 1.07 1.07 1.07 1.07 1.06 1.05 1.04 1.03 1.02 1.00 0.99 0.97 0.96 0.94 0.94 0.96
1.61 1.51 1.36 1.39 1.52 1.46 1.25 0.96 0.76 1.13 1.68 1.70 1.48 1.36 1.32 1.44 1.48 1.56 1.88 1.82 1.34 1.00 0.85 0.72 0.64 0.67 0.77 0.85 0.91 0.97 1.03 1.11 1.14 1.06 0.98 1.00 1.05 1.06 1.05 1.00 0.90 0.96 1.28 1.48 1.37 1.24 1.19 1.22 1.37 1.49 1.60 1.45 1.00 0.87 0.88 0.90 1.06 1.17 1.19 1.20 1.13 0.98 0.94 1.00 1.03 1.06 1.07 1.08 1.08 1.09 1.09 1.08 1.08 1.07 1.07 1.06 1.05 1.04 1.03 1.02 1.01 1.01 1.02 1.04
1.47 1.44 1.37 1.40 1.53 1.42 1.14 0.80 0.55 0.80 1.27 1.45 1.32 1.12 1.08 1.38 1.63 1.87 2.13 1.83 1.37 1.32 1.10 0.87 0.73 0.74 0.80 0.86 0.91 0.98 1.09 1.20 1.21 1.07 0.96 0.98 1.05 1.07 1.06 1.01 0.89 0.83 1.04 1.36 1.44 1.40 1.34 1.32 1.40 1.51 1.63 1.48 1.01 0.88 0.96 0.98 1.04 1.10 1.11 1.13 1.12 1.01 0.97 1.02 1.04 1.06 1.07 1.08 1.09 1.10 1.10 1.09 1.09 1.09 1.09 1.08 1.08 1.07 1.07 1.06 1.06 1.07 1.08 1.10
1.27 1.37 1.42 1.44 1.54 1.44 1.20 0.88 0.66 0.73 0.99 1.17 1.08 1.01 1.06 1.39 1.62 2.07 2.32 1.67 1.40 1.47 1.29 1.01 0.80 0.76 0.79 0.85 0.90 0.97 1.15 1.27 1.26 1.12 0.98 0.99 1.05 1.08 1.06 1.03 0.92 0.81 0.87 1.12 1.32 1.39 1.43 1.46 1.51 1.58 1.58 1.46 1.18 0.98 1.03 1.07 1.06 1.08 1.06 1.07 1.08 1.01 1.00 1.03 1.05 1.06 1.07 1.09 1.10 1.11 1.10 1.10 1.10 1.11 1.11 1.11 1.10 1.10 1.10 1.10 1.10 1.11 1.12 1.14
1.15 1.32 1.43 1.41 1.49 1.50 1.36 1.12 0.90 0.80 0.87 0.85 0.79 0.94 1.12 1.42 1.70 2.11 2.30 1.85 1.58 1.56 1.56 1.26 0.88 0.74 0.75 0.83 0.91 1.00 1.16 1.26 1.27 1.19 1.06 1.03 1.07 1.09 1.06 1.03 0.97 0.84 0.80 0.98 1.17 1.26 1.39 1.52 1.59 1.59 1.51 1.46 1.32 1.12 1.12 1.16 1.12 1.08 1.06 1.05 1.04 1.01 1.02 1.04 1.05 1.06 1.07 1.09 1.10 1.11 1.11 1.11 1.12 1.12 1.12 1.13 1.13 1.13 1.13 1.13 1.13 1.14 1.15 1.17
1.17 1.31 1.40 1.31 1.36 1.45 1.39 1.29 1.16 0.99 0.89 0.78 0.71 0.84 1.16 1.49 1.80 1.97 1.78 1.79 1.77 1.72 1.81 1.49 0.93 0.70 0.75 0.84 0.94 1.06 1.17 1.22 1.25 1.23 1.14 1.10 1.13 1.13 1.07 1.02 0.99 0.88 0.80 0.91 1.10 1.20 1.34 1.52 1.59 1.55 1.46 1.44 1.39 1.26 1.19 1.22 1.21 1.14 1.08 1.06 1.03 1.02 1.04 1.05 1.04 1.05 1.06 1.08 1.10 1.11 1.11 1.11 1.13 1.13 1.14 1.14 1.14 1.15 1.15 1.15 1.16 1.17 1.18 1.19
1.26 1.31 1.32 1.24 1.24 1.25 1.20 1.25 1.24 1.10 1.01 0.89 0.76 0.83 1.15 1.55 1.77 1.65 1.43 1.50 1.71 1.86 1.95 1.63 0.98 0.78 0.84 0.91 0.98 1.10 1.20 1.22 1.24 1.24 1.19 1.17 1.19 1.20 1.12 1.03 0.98 0.91 0.82 0.85 1.04 1.20 1.32 1.46 1.53 1.50 1.46 1.42 1.39 1.36 1.28 1.26 1.26 1.23 1.13 1.06 1.04 1.06 1.09 1.08 1.05 1.04 1.05 1.06 1.08 1.11 1.11 1.12 1.13 1.15 1.15 1.16 1.16 1.16 1.17 1.17 1.18 1.18 1.19 1.21
1.27 1.29 1.30 1.27 1.21 1.17 1.14 1.17 1.18 1.10 1.07 0.98 0.86 0.92 1.12 1.46 1.70 1.49 1.23 1.28 1.55 1.90 1.94 1.46 1.06 0.96 0.98 1.00 1.03 1.14 1.24 1.28 1.28 1.26 1.22 1.21 1.23 1.24 1.21 1.08 0.96 0.92 0.85 0.81 0.96 1.17 1.30 1.38 1.43 1.46 1.47 1.42 1.37 1.39 1.38 1.32 1.29 1.31 1.23 1.08 1.04 1.09 1.15 1.15 1.11 1.05 1.03 1.03 1.04 1.09 1.12 1.13 1.14 1.16 1.16 1.17 1.17 1.18 1.18 1.19 1.19 1.20 1.21 1.22
1.24 1.25 1.31 1.30 1.20 1.15 1.16 1.15 1.12 1.08 1.08 1.01 0.92 0.98 1.15 1.39 1.63 1.47 1.15 1.35 1.75 1.90 1.70 1.42 1.20 1.10 1.10 1.09 1.09 1.17 1.30 1.37 1.36 1.34 1.28 1.23 1.22 1.26 1.30 1.17 0.98 0.91 0.87 0.80 0.87 1.07 1.25 1.33 1.35 1.40 1.44 1.43 1.37 1.37 1.41 1.37 1.31 1.37 1.34 1.16 1.06 1.08 1.17 1.23 1.20 1.10 1.05 1.00 1.00 1.07 1.12 1.13 1.14 1.16 1.17 1.18 1.19 1.19 1.19 1.20 1.20 1.21 1.21 1.22
1.24 1.24 1.28 1.27 1.20 1.16 1.17 1.15 1.11 1.08 1.06 1.01 0.90 0.91 1.10 1.37 1.57 1.49 1.30 1.57 1.90 1.66 1.50 1.46 1.33 1.23 1.20 1.17 1.14 1.22 1.37 1.47 1.48 1.45 1.37 1.27 1.23 1.29 1.34 1.23 1.02 0.91 0.88 0.82 0.81 0.96 1.17 1.27 1.30 1.34 1.38 1.42 1.40 1.38 1.42 1.37 1.34 1.38 1.38 1.30 1.15 1.10 1.16 1.26 1.29 1.19 1.08 1.01 0.98 1.05 1.14 1.16 1.14 1.15 1.17 1.19 1.20 1.20 1.20 1.20 1.21 1.21 1.22 1.23
1.25 1.24 1.24 1.23 1.20 1.18 1.17 1.15 1.12 1.08 1.05 1.00 0.88 0.81 0.93 1.19 1.48 1.47 1.40 1.72 1.90 1.65 1.54 1.52 1.42 1.37 1.35 1.27 1.21 1.31 1.43 1.52 1.58 1.56 1.48 1.37 1.30 1.31 1.33 1.26 1.07 0.93 0.90 0.85 0.81 0.87 1.04 1.18 1.23 1.29 1.34 1.40 1.40 1.37 1.42 1.40 1.36 1.37 1.38 1.37 1.27 1.17 1.17 1.26 1.34 1.27 1.12 1.03 0.99 1.06 1.21 1.22 1.13 1.12 1.16 1.19 1.21 1.21 1.21 1.21 1.21 1.21 1.22 1.22
1.24 1.22 1.21 1.21 1.20 1.19 1.17 1.13 1.12 1.10 1.06 1.00 0.90 0.85 0.91 1.07 1.36 1.42 1.41 1.64 1.75 1.71 1.68 1.60 1.50 1.48 1.54 1.47 1.36 1.44 1.50 1.55 1.65 1.66 1.59 1.52 1.41 1.34 1.31 1.27 1.13 0.98 0.92 0.88 0.83 0.82 0.91 1.04 1.12 1.23 1.32 1.37 1.40 1.37 1.37 1.39 1.39 1.39 1.40 1.39 1.33 1.24 1.21 1.28 1.36 1.32 1.19 1.06 1.01 1.10 1.28 1.32 1.20 1.13 1.15 1.20 1.22 1.21 1.20 1.20 1.21 1.21 1.21 1.21
1.21 1.18 1.17 1.20 1.22 1.21 1.17 1.12 1.12 1.15 1.11 1.04 0.98 0.94 0.94 1.04 1.23 1.34 1.36 1.46 1.52 1.60 1.68 1.64 1.57 1.59 1.69 1.67 1.60 1.64 1.61 1.63 1.68 1.69 1.69 1.69 1.59 1.42 1.33 1.28 1.17 1.02 0.95 0.92 0.85 0.80 0.83 0.90 0.98 1.12 1.28 1.34 1.38 1.40 1.37 1.34 1.35 1.39 1.43 1.44 1.37 1.29 1.27 1.31 1.34 1.34 1.25 1.09 1.04 1.14 1.30 1.40 1.38 1.22 1.19 1.26 1.26 1.20 1.18 1.21 1.21 1.19 1.18 1.19
1.15 1.13 1.13 1.19 1.25 1.24 1.19 1.13 1.13 1.22 1.20 1.12 1.06 0.99 0.98 1.01 1.13 1.23 1.24 1.28 1.40 1.53 1.54 1.55 1.62 1.67 1.76 1.82 1.88 1.88 1.82 1.77 1.65 1.64 1.83 1.96 1.80 1.52 1.36 1.28 1.16 1.03 0.99 0.96 0.87 0.80 0.77 0.80 0.87 0.99 1.18 1.28 1.32 1.41 1.43 1.36 1.32 1.35 1.42 1.47 1.41 1.34 1.33 1.35 1.33 1.34 1.29 1.12 1.04 1.17 1.30 1.39 1.48 1.43 1.35 1.37 1.32 1.20 1.19 1.26 1.24 1.15 1.12 1.15
1.07 1.07 1.10 1.17 1.26 1.27 1.24 1.16 1.15 1.27 1.29 1.20 1.11 1.05 1.04 1.01 1.06 1.13 1.11 1.14 1.33 1.55 1.42 1.31 1.53 1.73 1.78 1.88 2.12 2.15 2.00 1.83 1.52 1.59 2.07 2.23 1.92 1.51 1.36 1.30 1.15 1.05 1.03 0.98 0.89 0.82 0.75 0.75 0.80 0.89 1.06 1.19 1.23 1.33 1.43 1.43 1.37 1.35 1.39 1.45 1.46 1.41 1.36 1.37 1.37 1.33 1.31 1.18 1.03 1.12 1.32 1.40 1.47 1.53 1.51 1.49 1.41 1.26 1.23 1.34 1.32 1.14 1.06 1.09
0.96 0.99 1.06 1.17 1.24 1.27 1.28 1.22 1.19 1.27 1.33 1.25 1.11 1.10 1.14 1.09 1.05 1.05 1.03 1.08 1.28 1.53 1.39 1.11 1.27 1.62 1.75 1.79 2.21 2.45 2.11 1.85 1.46 1.63 2.35 2.35 1.84 1.45 1.42 1.38 1.15 1.05 1.07 1.01 0.91 0.84 0.77 0.72 0.73 0.80 0.95 1.09 1.15 1.22 1.32 1.41 1.43 1.41 1.39 1.40 1.48 1.52 1.42 1.35 1.38 1.34 1.31 1.26 1.09 1.05 1.27 1.48 1.52 1.54 1.59 1.60 1.53 1.40 1.28 1.36 1.41 1.23 1.05 1.02
0.86 0.90 1.03 1.16 1.21 1.24 1.26 1.25 1.23 1.24 1.32 1.30 1.14 1.14 1.24 1.21 1.07 0.93 0.98 1.18 1.39 1.51 1.33 1.03 1.01 1.36 1.64 1.70 2.18 2.55 2.18 1.89 1.60 1.80 2.53 2.35 1.73 1.53 1.55 1.39 1.06 1.05 1.15 1.04 0.91 0.87 0.80 0.70 0.66 0.71 0.83 0.99 1.10 1.15 1.21 1.29 1.40 1.47 1.43 1.36 1.43 1.59 1.54 1.37 1.39 1.39 1.30 1.27 1.17 1.04 1.16 1.48 1.63 1.57 1.60 1.64 1.64 1.55 1.39 1.37 1.44 1.38 1.16 1.00
0.78 0.84 1.02 1.15 1.19 1.21 1.20 1.22 1.24 1.23 1.30 1.31 1.18 1.18 1.32 1.33 1.05 0.74 0.91 1.30 1.59 1.57 1.23 0.97 0.89 1.07 1.40 1.63 2.19 2.58 2.24 1.93 1.76 2.04 2.65 2.42 1.85 1.73 1.57 1.20 0.97 1.13 1.22 1.04 0.92 0.91 0.82 0.68 0.62 0.65 0.74 0.86 1.00 1.11 1.17 1.20 1.29 1.45 1.48 1.33 1.34 1.56 1.63 1.46 1.44 1.48 1.36 1.24 1.17 1.08 1.11 1.42 1.68 1.65 1.63 1.67 1.68 1.65 1.54 1.46 1.45 1.47 1.31 1.06
0.74 0.85 1.04 1.14 1.16 1.16 1.16 1.18 1.20 1.21 1.27 1.33 1.22 1.20 1.38 1.42 1.01 0.55 0.77 1.30 1.74 1.76 1.22 0.87 0.85 0.95 1.12 1.37 1.98 2.55 2.47 2.03 1.82 2.20 2.78 2.58 2.10 1.82 1.43 1.04 1.00 1.19 1.24 1.06 0.97 0.91 0.78 0.66 0.62 0.62 0.66 0.72 0.84 1.04 1.16 1.14 1.19 1.40 1.50 1.37 1.29 1.45 1.59 1.55 1.51 1.57 1.52 1.31 1.15 1.09 1.11 1.36 1.64 1.69 1.69 1.73 1.70 1.68 1.67 1.60 1.52 1.51 1.39 1.16
0.75 0.85 1.01 1.11 1.13 1.12 1.14 1.16 1.18 1.17 1.24 1.42 1.35 1.21 1.39 1.45 0.96 0.42 0.60 1.17 1.71 1.95 1.46 0.82 0.80 1.04 1.07 1.14 1.49 2.17 2.58 2.33 1.98 2.33 2.87 2.68 2.19 1.73 1.20 1.01 1.00 1.10 1.26 1.24 1.03 0.87 0.74 0.65 0.62 0.61 0.60 0.60 0.70 0.94 1.12 1.10 1.12 1.31 1.49 1.43 1.30 1.35 1.50 1.55 1.53 1.59 1.64 1.51 1.28 1.12 1.12 1.31 1.55 1.67 1.73 1.78 1.75 1.69 1.74 1.76 1.67 1.59 1.43 1.24
0.80 0.86 0.96 1.06 1.11 1.10 1.09 1.12 1.15 1.13 1.20 1.46 1.47 1.25 1.39 1.49 0.97 0.33 0.43 0.92 1.50 2.00 1.80 0.99 0.85 1.20 1.21 1.20 1.24 1.54 2.23 2.55 2.45 2.67 2.99 2.64 2.04 1.54 1.12 0.97 0.91 1.03 1.35 1.42 1.08 0.78 0.68 0.66 0.63 0.61 0.57 0.51 0.57 0.82 1.04 1.07 1.06 1.19 1.42 1.47 1.35 1.30 1.44 1.54 1.49 1.54 1.65 1.64 1.53 1.31 1.22 1.34 1.50 1.60 1.73 1.83 1.80 1.71 1.73 1.83 1.89 1.74 1.46 1.30
