windninja/windninja_output/Output_2025-08-09_2000-2050_Google earth_Fire_150m_10min/merlingen_7.5mi_point_08-09-2025_2050_150m_ang.asc
ncols	158
nrows	163
xllcorner	391686.332397
yllcorner	5160024.123721
cellsize	150.000000
NODATA_value	-32768.000000
[rows 84 to 125 of 163, columns 0 to 93 of 158]
237 231 229 235 235 233 231 230 231 229 226 225 225 227 230 230 230 231 230 229 227 224 223 220 214 212 215 217 217 218 218 218 219 222 225 228 229 228 226 223 219 217 214 214 214 214 214 214 214 215 213 212 211 210 212 214 215 215 215 214 214 213 213 212 212 211 210 210 209 208 207 205 204 203 201 198 195 191 186 180 174 177 186 193 195 192 191 192 193 194 197 199 202 204
239 240 242 244 243 241 238 237 237 234 230 228 225 227 229 230 230 232 233 233 232 229 226 222 216 213 216 219 219 219 219 219 218 219 222 224 226 229 229 226 222 219 218 219 221 222 223 224 225 223 221 219 218 215 214 215 216 216 216 215 214 214 213 213 212 212 211 210 209 208 207 206 205 203 202 199 196 192 187 181 174 174 180 188 192 192 192 195 196 196 197 200 203 205
246 247 248 250 249 247 241 237 236 235 231 227 226 227 229 230 230 233 237 238 238 236 234 228 218 211 214 218 220 220 220 220 218 216 217 218 219 222 225 226 224 221 219 220 222 224 226 227 228 227 226 224 223 220 218 218 218 217 217 216 215 214 214 213 213 212 211 211 210 209 208 207 206 204 203 200 197 194 189 181 172 169 173 181 190 193 194 196 197 198 199 201 201 199
252 253 253 252 248 242 235 231 231 232 231 228 228 227 229 230 230 233 236 238 237 234 232 224 204 200 207 214 218 220 220 221 220 218 218 218 217 218 220 221 221 220 219 220 222 224 226 228 229 229 228 226 224 224 223 222 221 220 219 217 216 215 214 213 213 212 212 211 211 210 209 208 206 205 203 201 199 195 190 183 171 162 162 171 186 195 197 199 201 204 204 200 195 190
255 254 250 244 236 229 227 227 229 232 232 229 226 223 224 226 227 230 232 233 229 221 214 203 192 192 204 213 217 219 220 221 222 223 224 223 221 220 221 221 221 219 217 218 220 223 225 227 227 227 225 224 224 224 223 223 224 224 222 219 217 215 214 214 213 213 212 212 211 211 210 209 207 206 204 203 200 197 193 185 174 160 154 160 177 194 201 203 205 206 203 196 191 190
252 248 241 236 231 227 226 227 227 230 231 227 222 221 223 223 223 227 229 228 220 208 202 199 193 194 205 213 217 219 221 221 222 223 225 227 227 226 227 228 226 223 220 219 220 222 224 226 227 225 223 221 219 218 218 219 222 226 227 222 215 213 213 214 214 213 213 213 212 211 210 210 208 207 206 204 202 199 195 189 179 166 154 152 167 195 211 213 210 207 202 196 199 206
248 244 237 236 235 232 228 226 223 224 227 225 219 219 221 220 220 223 226 225 212 201 201 202 198 197 207 214 218 220 222 223 223 223 224 226 227 227 227 229 229 228 226 224 223 224 226 227 227 226 224 221 217 215 214 217 221 224 225 219 210 210 212 214 214 214 214 213 213 212 211 210 209 208 207 206 204 201 198 193 187 176 165 160 169 193 216 220 215 213 209 205 214 221
243 238 230 227 226 225 220 216 215 219 225 222 215 214 213 212 214 216 221 223 208 199 205 206 201 201 210 216 219 222 224 225 225 225 226 226 225 225 225 225 227 228 228 228 227 227 228 230 230 229 227 224 220 216 212 214 217 217 217 213 206 207 211 214 214 215 215 214 214 213 212 211 211 210 209 207 206 204 201 198 194 186 177 174 180 190 204 216 220 222 220 222 234 241
236 230 220 216 215 211 204 198 201 211 219 218 212 210 211 211 209 208 211 213 208 201 208 209 205 207 215 219 222 224 226 227 228 227 227 227 226 225 225 225 226 227 229 230 230 230 231 233 235 235 234 231 225 218 211 209 213 214 216 216 210 208 211 214 215 215 215 215 215 214 213 213 212 211 210 209 207 206 204 202 199 195 188 183 187 195 206 221 232 236 242 251 259 261
230 223 215 212 211 207 201 195 195 205 212 208 201 199 200 203 200 199 207 215 213 203 207 211 209 212 218 222 224 227 228 231 233 231 229 228 227 227 226 225 224 225 228 230 231 232 233 234 236 237 238 236 227 219 213 212 219 223 225 223 218 213 213 215 216 216 216 216 215 215 214 214 213 212 211 210 209 208 207 206 204 202 200 197 200 212 227 243 252 253 254 258 260 260
220 218 213 213 214 212 207 200 195 203 210 207 200 197 197 202 204 206 216 224 217 208 208 212 213 217 221 224 226 228 232 236 237 234 230 228 229 228 228 226 222 220 224 227 227 228 230 231 233 233 233 231 221 217 218 221 230 234 231 228 224 218 216 217 217 217 217 217 216 216 216 215 214 213 213 212 211 210 209 209 208 207 207 207 211 221 234 247 251 250 248 246 246 246
207 211 214 216 219 217 212 205 199 206 215 216 212 213 213 221 223 231 233 228 220 220 220 223 222 224 225 226 226 228 230 233 233 231 229 230 231 231 230 228 223 218 221 223 222 221 222 223 225 224 225 224 217 216 221 224 228 231 230 228 226 221 219 219 219 219 218 218 218 217 217 216 215 215 214 214 213 212 212 211 211 211 211 212 215 220 227 234 237 237 237 236 236 236
188 204 214 217 220 219 217 213 211 225 239 237 235 235 240 247 247 250 244 225 226 232 235 239 236 231 228 227 227 226 228 231 232 232 232 233 234 234 232 230 227 221 220 222 221 219 218 218 219 221 224 225 222 219 223 227 229 231 231 230 228 223 222 222 221 220 219 219 219 219 218 217 217 216 216 215 215 214 214 213 213 213 214 215 216 219 222 225 228 229 230 230 230 230
166 193 215 220 224 225 223 222 224 234 247 249 249 244 249 252 256 256 244 228 230 238 245 250 244 232 227 228 228 230 235 237 237 237 236 237 239 238 236 233 230 225 221 225 226 223 222 224 226 229 230 229 227 224 225 228 231 232 233 233 231 227 226 225 223 222 221 220 220 220 219 218 218 218 217 217 216 216 215 215 215 215 216 216 217 219 221 222 224 225 226 226 226 226
146 181 225 233 238 236 233 231 232 236 247 256 263 265 265 265 263 257 244 235 233 237 244 245 230 219 224 229 233 239 243 244 243 241 239 240 242 244 242 237 233 228 223 227 231 233 235 237 237 237 234 232 230 227 227 228 229 230 231 231 231 231 231 229 227 224 223 222 221 221 220 220 220 219 219 218 218 217 217 217 217 217 217 217 218 219 220 221 222 223 223 223 224 224
132 181 245 251 255 254 253 251 248 247 251 256 262 270 271 268 263 256 246 238 233 235 238 235 221 217 226 233 238 243 245 247 248 246 243 242 243 245 245 243 238 232 226 226 230 233 235 237 236 234 233 231 229 227 227 228 228 229 229 228 227 229 231 232 231 228 225 223 223 223 222 221 221 221 220 220 220 219 219 218 218 218 218 219 219 219 220 221 221 222 222 222 223 223
158 204 248 255 258 259 261 261 258 254 255 255 259 265 269 265 261 258 248 237 236 241 241 233 226 227 233 237 241 245 249 252 254 254 251 248 246 245 246 246 241 236 231 226 228 231 233 234 233 232 231 229 227 226 226 226 226 228 228 226 224 224 226 228 230 229 228 226 225 224 224 223 223 223 222 222 221 221 220 220 220 220 219 219 220 220 220 220 221 221 221 222 222 222
197 220 246 253 255 257 259 260 258 257 256 254 252 251 252 253 250 247 239 237 245 249 243 236 234 236 240 242 245 248 252 255 259 261 263 261 256 252 250 248 244 240 235 229 229 232 234 234 232 231 229 228 227 227 227 226 224 226 226 225 224 224 225 226 227 227 227 226 226 226 227 227 226 225 224 224 223 223 222 222 221 221 221 220 220 220 221 221 221 221 221 221 221 222
219 231 246 251 253 255 257 256 256 255 254 252 247 240 235 236 237 234 229 236 245 244 240 239 239 241 245 248 249 251 254 257 260 264 268 270 268 263 258 254 250 245 240 234 229 229 230 230 229 229 229 228 227 226 227 226 224 224 224 224 222 222 223 225 227 226 225 225 226 230 233 233 230 228 228 227 226 225 225 224 223 223 222 222 221 221 221 221 221 221 221 221 222 222
230 235 244 248 250 252 254 254 254 254 253 251 247 241 238 238 238 235 234 242 243 237 238 241 241 242 247 251 252 254 256 257 259 263 267 271 275 274 268 263 259 254 249 242 233 230 230 229 228 228 228 229 227 225 225 224 224 224 224 223 221 220 221 223 226 226 225 224 224 227 233 237 235 234 233 232 231 229 228 227 225 224 223 223 222 222 222 222 222 222 221 221 222 222
235 237 242 246 249 252 254 254 254 256 256 256 254 255 258 257 253 248 249 251 243 237 238 240 239 240 244 248 250 255 258 259 260 262 264 269 275 280 277 272 268 264 259 252 243 235 233 231 228 228 228 228 228 227 226 225 223 223 224 225 224 222 221 223 225 225 223 221 220 222 228 234 238 242 243 242 240 236 233 230 229 227 225 224 223 223 223 222 222 222 222 222 222 223
238 239 242 245 249 252 253 253 253 255 258 261 263 266 268 268 265 260 256 251 245 240 239 238 237 237 240 244 247 252 257 260 261 260 261 266 273 278 280 276 272 268 265 261 252 240 233 231 227 226 226 226 226 226 227 226 224 224 224 225 225 224 224 225 226 226 224 220 218 221 225 228 232 236 241 244 245 243 241 239 235 230 227 226 225 224 223 223 223 223 223 223 223 223
240 240 241 242 245 248 250 250 250 252 254 256 258 260 263 264 262 259 253 247 243 244 241 235 233 235 237 239 244 249 254 258 259 256 258 265 272 276 278 278 275 270 268 266 259 247 233 229 226 225 226 225 224 224 225 225 225 225 225 226 225 224 224 225 225 225 224 221 217 220 224 225 227 227 228 233 237 239 240 243 242 235 229 227 226 225 224 224 224 224 224 224 223 223
240 239 238 240 243 244 245 245 243 242 243 243 243 246 251 256 256 254 249 243 241 244 242 233 229 232 233 234 239 248 253 255 252 248 255 266 272 273 274 277 277 272 268 265 260 249 230 224 224 225 227 227 225 224 224 224 224 225 225 226 226 226 225 224 224 224 224 222 218 219 222 225 226 226 227 230 231 230 229 233 238 237 233 230 228 226 226 226 225 225 225 224 224 224
239 237 237 238 239 238 236 234 232 235 238 239 240 241 245 248 249 247 243 240 241 245 243 233 227 228 230 228 234 245 250 251 245 241 255 267 269 265 266 272 275 272 269 266 258 247 225 213 218 221 225 227 227 226 225 224 223 224 224 223 224 226 226 225 225 225 224 223 219 217 220 224 227 227 228 228 229 229 228 230 234 235 235 233 230 228 228 227 227 227 226 226 226 226
239 237 236 236 234 233 232 232 234 237 240 241 239 239 243 245 244 236 232 235 242 247 245 235 226 225 227 226 233 244 246 244 240 239 255 265 263 260 262 265 264 267 273 272 261 249 228 196 207 216 220 223 224 225 225 224 224 224 223 221 221 224 225 224 226 227 226 224 221 217 219 224 227 226 227 227 228 229 230 232 234 234 234 234 233 231 230 230 230 229 229 229 228 228
238 237 237 237 238 239 240 241 241 241 242 242 239 238 242 246 242 226 222 231 241 250 247 237 228 225 225 225 232 242 244 241 237 239 253 261 260 260 261 254 245 253 267 274 272 260 236 176 185 208 216 219 221 223 224 223 223 225 225 222 221 224 225 223 225 227 228 225 222 218 217 222 225 225 227 229 230 231 231 232 234 236 235 234 235 235 235 235 234 233 233 233 233 232
237 238 240 242 243 243 244 244 243 241 241 242 242 240 242 246 240 217 215 227 237 247 249 237 230 228 225 221 227 234 240 242 237 238 250 257 258 259 256 242 236 242 250 260 270 270 246 160 156 192 208 214 219 223 224 222 222 225 226 224 222 224 225 223 222 224 226 225 223 219 217 221 226 226 227 229 230 231 232 233 235 237 236 234 232 234 238 240 240 240 240 240 239 237
241 242 243 243 243 242 241 240 240 238 236 239 242 240 241 245 239 210 209 220 229 239 246 237 228 233 232 228 227 229 234 239 238 241 252 257 257 256 248 239 237 240 245 250 255 256 239 158 126 158 193 205 214 221 224 222 220 223 226 224 222 222 224 223 221 222 223 223 222 221 220 223 227 227 228 229 229 228 229 231 234 236 236 234 232 231 236 242 245 247 249 247 242 239
243 243 244 243 244 243 241 239 236 233 231 236 239 237 239 244 238 205 199 210 220 231 239 237 229 238 241 241 236 229 230 234 240 249 259 263 258 252 243 238 235 237 244 251 250 234 221 187 133 129 160 188 205 217 223 222 220 221 224 224 221 220 222 224 222 221 221 221 220 219 218 221 224 225 226 229 229 228 227 228 231 235 236 236 234 231 234 238 240 243 246 244 239 237
241 241 241 242 241 241 240 238 234 231 232 236 236 232 235 244 239 199 185 202 213 225 232 235 233 236 237 238 241 236 230 232 240 251 262 265 259 251 242 233 227 230 240 246 241 220 205 194 172 142 138 160 190 211 220 221 220 220 223 224 222 218 220 223 221 219 220 220 220 218 217 219 224 224 225 227 229 229 227 227 231 233 231 231 231 228 229 232 231 233 236 235 233 235
238 238 238 238 238 237 236 236 235 234 237 238 232 226 232 243 243 202 177 196 211 219 223 227 231 233 231 230 235 236 227 229 238 249 258 260 255 247 239 228 221 228 235 239 235 220 205 197 189 168 144 142 165 199 216 221 221 220 222 223 222 218 219 222 221 218 218 220 220 219 218 220 224 227 227 227 228 230 228 227 231 233 229 226 226 222 221 225 226 230 233 231 229 230
234 236 237 237 237 236 233 231 233 237 242 240 229 222 231 244 246 210 177 191 209 214 215 220 226 229 228 227 236 234 220 222 232 243 254 257 250 238 230 225 222 229 233 234 234 225 211 200 194 183 161 145 151 182 210 220 222 220 221 223 222 219 219 222 222 218 217 219 220 219 218 218 221 225 228 229 229 229 230 229 233 235 231 225 225 221 217 220 225 230 232 229 225 223
233 235 237 238 238 237 232 228 231 236 242 240 225 218 231 244 247 219 177 181 200 209 211 215 220 223 223 225 234 235 223 223 228 237 243 244 236 225 221 223 223 226 229 231 233 225 209 198 192 189 176 157 150 166 198 217 221 220 220 223 222 218 219 221 221 217 216 218 219 218 217 216 217 221 225 228 229 229 229 229 233 236 232 225 223 220 217 219 224 228 229 226 222 220
234 235 237 238 238 236 231 229 233 235 239 238 224 218 231 241 246 236 184 165 188 209 215 218 220 220 217 218 225 228 228 228 230 239 240 233 224 213 214 218 220 221 224 228 230 223 209 201 196 192 185 167 154 159 185 211 220 221 220 222 222 218 218 219 218 215 214 216 218 218 216 215 215 217 221 224 225 227 228 228 230 234 231 225 222 220 218 219 224 226 224 221 219 221
234 234 236 239 240 236 233 235 239 239 238 239 228 222 230 238 245 246 220 155 161 223 229 231 232 229 223 222 225 226 228 229 237 246 244 237 229 216 215 217 216 217 220 222 223 220 213 207 201 195 190 175 160 157 174 205 219 221 221 222 222 219 218 220 217 215 214 215 217 218 218 215 214 215 218 221 223 224 227 229 232 234 231 225 223 221 219 220 223 223 222 219 217 222
233 232 234 239 241 239 239 242 245 242 239 243 235 223 228 236 244 248 243 219 42 288 260 253 250 248 246 244 243 242 241 241 248 252 250 246 237 229 225 223 220 217 218 220 220 218 214 208 202 198 193 182 167 159 169 199 218 222 221 222 223 220 220 224 225 227 226 220 219 220 219 216 214 214 216 218 220 222 226 230 233 235 231 226 224 222 219 220 222 222 221 218 216 220
230 230 231 232 232 233 237 243 248 245 240 246 243 223 223 232 242 248 246 241 284 325 303 283 273 266 260 259 264 267 264 260 259 257 254 250 246 243 237 233 229 225 226 228 227 224 221 215 207 201 197 188 173 163 168 192 215 222 222 224 225 223 226 231 234 242 247 242 230 225 221 218 217 216 214 215 217 220 223 227 229 231 230 225 223 221 218 219 221 222 221 216 213 216
224 227 228 225 223 223 226 232 241 243 241 250 251 229 221 230 240 245 246 244 259 300 311 305 292 283 278 276 277 276 274 269 264 261 259 255 251 248 241 238 237 236 235 235 234 235 233 225 215 208 202 194 178 167 169 187 211 221 223 226 228 229 232 234 232 236 241 246 244 235 227 222 220 218 214 212 213 216 219 221 225 228 226 222 220 218 216 215 218 220 218 213 212 216
222 229 231 225 222 223 224 227 233 235 240 254 258 237 228 237 240 241 242 246 255 273 294 302 299 296 292 288 287 285 281 275 268 264 263 258 253 249 244 238 238 239 238 236 234 236 235 227 216 210 205 198 183 170 172 186 212 226 230 231 231 231 232 230 228 230 232 234 238 242 236 231 226 221 217 212 211 213 215 216 219 222 222 219 218 218 215 214 218 220 217 210 210 217
225 231 233 227 225 227 227 227 231 231 235 250 258 244 241 249 245 238 237 244 254 264 274 284 289 293 294 295 296 294 286 276 271 268 266 260 255 254 248 240 238 239 238 238 235 233 232 225 213 208 206 201 188 174 175 189 211 228 235 234 229 228 227 225 225 229 230 230 232 236 243 247 242 233 224 217 211 211 212 212 213 218 221 219 218 218 214 214 220 221 216 208 207 215
221 228 230 225 223 226 227 227 230 228 231 242 250 247 252 259 251 239 232 235 245 259 266 269 273 280 290 299 302 300 288 275 272 270 267 262 258 258 253 245 241 240 240 241 239 236 232 224 212 208 208 204 192 180 178 189 205 219 226 225 222 224 223 221 224 227 229 229 230 231 235 247 255 254 244 230 219 214 214 213 214 219 222 220 219 218 213 214 219 220 213 204 205 214
