windninja/windninja_output/Output_2025-08-09_2000-2050_Google earth_Fire_150m_10min/merlingen_7.5mi_point_08-09-2025_2030_150m_ang.asc
ncols	158
nrows	163
xllcorner	391686.332397
yllcorner	5160024.123721
cellsize	150.000000
NODATA_value	-32768.000000
[rows 42 to 83 of 163, columns 0 to 93 of 158]
201 201 201 201 201 201 200 200 200 199 198 198 198 197 197 197 197 196 196 195 195 194 194 193 192 190 189 186 183 183 186 188 188 189 190 192 195 195 192 192 193 195 196 195 191 188 191 195 195 194 195 194 190 188 192 199 202 204 209 215 214 208 206 207 206 202 198 197 196 196 200 200 195 187 183 184 185 184 187 194 199 199 199 199 195 195 198 200 198 195 194 200 208 211
201 201 201 201 201 200 200 200 200 199 198 198 198 198 198 198 197 197 196 196 195 195 194 193 193 191 190 188 185 185 187 189 189 187 185 185 186 187 187 188 193 197 197 193 191 193 198 201 201 197 196 196 194 193 197 203 207 210 213 216 213 206 202 202 202 198 192 191 194 196 196 195 193 188 185 186 189 189 191 194 197 197 196 193 193 198 204 206 204 200 198 199 204 208
201 201 201 201 200 200 200 200 200 199 199 198 198 198 198 198 197 197 196 196 196 195 194 194 193 192 191 189 188 187 188 189 187 185 182 180 179 182 186 190 195 198 196 194 196 201 204 203 199 194 193 196 197 198 202 207 210 211 212 211 208 204 200 197 194 193 191 191 193 195 195 195 195 192 191 193 194 194 195 196 195 192 190 192 198 205 208 209 209 207 203 200 203 208
201 201 200 200 200 200 200 200 199 199 199 198 198 198 198 198 197 197 197 196 196 195 195 194 194 192 191 191 190 189 188 188 187 184 181 178 177 181 186 190 193 195 196 197 199 203 203 199 192 190 194 200 203 205 208 212 213 211 208 205 202 200 195 190 187 188 191 193 193 195 197 199 201 201 201 201 198 196 197 195 191 187 190 199 208 209 208 209 211 211 208 203 203 209
202 201 199 200 201 201 200 200 200 199 199 199 198 198 198 198 197 197 197 197 196 196 195 195 194 193 193 192 191 190 189 188 187 184 181 180 179 180 183 186 188 192 197 200 201 201 198 194 191 193 199 205 209 212 214 214 213 209 202 197 195 194 190 186 186 189 192 196 196 196 199 202 205 207 208 206 201 196 195 193 191 192 200 210 212 209 208 207 209 211 209 204 204 210
202 201 199 200 202 202 201 199 199 199 199 199 198 198 198 198 198 197 197 197 197 196 196 195 195 194 194 193 192 191 190 189 187 185 182 181 181 180 180 182 185 190 196 200 201 198 194 192 194 197 203 208 212 213 212 210 208 203 196 189 188 189 188 187 190 193 196 199 199 197 200 203 208 210 210 209 204 198 195 197 200 204 209 210 209 207 206 206 208 209 208 206 207 210
201 201 200 201 203 204 201 199 198 199 199 199 198 198 198 198 198 198 198 197 197 196 196 196 195 195 194 193 193 192 191 190 189 187 184 182 181 180 179 180 183 188 194 198 197 195 193 193 197 200 206 212 214 214 211 207 203 197 190 186 185 189 192 194 195 197 198 199 199 200 202 205 208 210 211 210 206 202 200 203 206 207 206 205 204 203 203 204 203 203 205 210 212 212
202 201 201 202 203 204 202 199 197 198 198 198 198 198 199 199 198 198 198 198 197 197 196 196 196 195 194 194 193 192 192 191 190 188 185 182 181 181 180 180 183 188 191 192 193 194 194 196 200 204 208 212 212 210 206 202 197 190 186 187 188 193 199 201 198 197 197 198 200 201 203 205 208 210 211 209 205 202 201 203 205 205 203 201 200 200 200 199 198 199 205 213 216 215
203 201 201 202 203 203 202 200 197 197 198 198 198 198 198 199 198 198 198 198 197 197 196 196 196 195 195 194 194 193 193 192 191 189 187 183 181 181 182 182 184 186 186 187 189 193 196 201 206 210 212 211 207 202 199 196 191 188 188 191 195 200 206 205 199 196 197 199 200 203 205 207 209 210 209 205 202 200 202 204 204 204 203 201 199 198 196 195 197 201 207 214 218 219
206 203 200 200 201 201 202 202 198 195 196 197 198 198 198 199 198 198 198 198 197 197 197 196 196 196 195 195 194 194 193 192 191 190 188 185 183 182 182 183 184 185 183 183 187 192 198 205 212 214 210 206 203 199 196 191 189 190 194 198 202 207 209 206 199 196 197 198 201 203 206 208 209 208 206 204 201 200 201 203 204 206 206 203 199 196 195 197 201 205 209 215 220 223
210 205 199 199 200 200 201 203 200 196 195 197 198 198 198 198 199 198 198 198 197 197 197 197 196 196 196 195 195 194 194 193 192 191 190 188 186 184 182 182 184 184 182 180 185 193 199 204 208 204 198 196 198 197 193 189 190 195 201 205 206 207 208 206 198 195 195 198 201 203 204 205 206 205 205 204 202 200 200 202 205 208 209 206 202 199 199 201 205 209 212 216 219 220
211 206 197 196 199 199 200 203 203 199 196 197 198 198 198 198 198 198 198 198 198 197 197 197 197 196 196 195 195 195 194 193 193 192 191 190 188 186 183 182 182 183 182 180 183 192 197 197 198 195 192 193 196 196 194 191 193 199 205 208 207 206 207 204 197 193 194 197 201 202 201 202 203 204 205 205 203 202 202 203 205 207 208 208 207 205 202 202 206 211 214 215 214 212
208 205 197 193 197 198 198 202 206 203 198 197 197 197 198 198 198 198 198 198 198 197 197 197 197 196 196 196 195 195 194 194 193 193 192 191 189 188 186 182 180 182 183 182 183 189 192 190 189 190 192 195 196 196 197 195 195 200 204 206 205 205 205 201 194 191 192 194 198 199 199 201 205 206 206 205 204 203 203 201 201 203 205 205 206 207 205 205 208 211 212 211 207 204
203 204 202 196 198 201 199 202 206 206 202 198 197 197 197 198 198 198 198 198 198 198 197 197 197 197 196 196 196 195 195 194 194 193 192 192 191 189 188 185 182 182 185 186 184 183 185 184 184 187 192 196 195 196 198 197 197 200 203 203 202 200 201 200 194 191 192 193 196 200 202 206 207 206 204 204 203 202 202 199 197 198 201 203 204 206 206 207 209 211 212 209 202 195
202 203 204 202 201 203 201 200 204 207 204 200 198 197 197 198 198 198 198 198 198 198 198 197 197 197 196 196 196 196 195 195 194 194 193 192 192 191 189 187 186 186 186 186 183 179 177 177 180 184 189 194 195 197 199 198 197 200 201 199 197 197 200 202 197 193 192 194 198 204 208 208 205 203 203 202 201 200 199 197 196 197 200 202 203 205 207 208 210 212 214 208 194 183
203 203 204 204 202 202 201 199 200 204 203 201 200 199 196 196 197 198 198 198 198 198 198 197 197 197 197 196 196 196 195 195 195 194 194 193 192 191 191 190 189 188 187 185 182 178 174 173 175 179 185 193 196 198 200 198 196 198 197 195 194 197 202 205 201 195 193 196 201 207 206 204 202 201 201 199 198 197 196 196 196 198 200 203 206 209 211 212 210 209 207 193 178 175
204 203 203 203 203 203 202 199 196 199 201 202 203 203 199 196 196 197 197 197 197 198 198 198 197 197 197 197 196 196 196 195 195 195 194 194 193 192 192 191 190 189 188 186 183 180 177 172 170 172 179 190 195 197 200 197 195 195 194 192 194 198 203 206 204 198 195 195 200 202 201 200 201 200 198 196 195 194 194 195 197 199 202 205 210 213 215 214 209 202 191 180 174 174
204 203 203 204 204 204 204 202 198 198 200 202 204 205 202 198 195 195 196 197 197 198 198 197 197 197 197 197 196 196 196 196 195 195 195 194 194 193 192 192 191 190 189 188 186 184 181 176 171 167 171 183 192 195 198 198 195 194 192 192 194 199 203 207 206 201 196 194 198 200 199 198 199 197 195 194 193 193 194 196 199 202 205 206 209 212 212 209 201 189 179 177 176 179
203 204 204 205 205 205 205 204 202 200 199 198 200 202 203 201 198 195 195 196 196 197 197 197 197 197 197 197 197 196 196 196 196 195 195 194 194 193 193 192 192 191 190 189 188 186 183 180 175 169 166 173 186 193 197 198 196 193 192 192 195 199 205 208 207 203 198 195 198 200 199 197 196 195 193 192 193 194 197 200 201 204 207 208 209 210 208 202 191 180 177 179 181 190
204 205 206 205 205 206 205 205 203 201 198 194 194 198 202 204 201 197 195 194 195 196 197 197 198 198 197 197 197 196 196 196 196 196 195 195 194 194 193 193 192 192 191 190 189 187 186 183 180 174 167 168 178 189 196 198 197 194 193 194 197 200 204 207 207 204 201 198 199 199 196 195 194 193 192 192 194 197 199 201 203 206 209 211 210 208 202 193 184 177 177 184 192 203
207 207 207 206 205 205 204 204 203 202 199 194 193 195 199 203 204 201 198 195 194 195 196 197 198 198 198 197 197 196 196 196 196 196 195 195 195 194 194 193 193 192 192 191 190 189 187 185 183 178 172 169 174 184 193 198 198 196 195 195 197 199 201 203 205 205 203 200 197 196 194 194 193 191 191 192 196 199 200 202 205 207 211 213 211 206 196 184 179 178 182 193 206 213
213 211 209 208 205 204 203 204 204 203 201 196 193 193 195 200 203 203 201 198 195 194 195 196 197 197 198 197 196 197 196 196 196 196 196 195 195 195 194 194 193 193 192 191 191 190 189 187 185 182 176 172 174 179 185 193 198 197 195 194 193 194 198 204 210 210 205 199 195 193 193 193 192 190 190 193 196 198 199 202 205 208 210 210 207 200 189 178 176 182 194 206 214 218
219 216 211 208 205 204 204 206 205 204 203 199 194 192 193 195 199 202 203 201 199 196 195 195 196 197 197 197 197 197 196 196 196 196 196 196 195 195 195 194 194 193 193 192 192 191 190 188 187 184 180 174 174 176 178 186 196 197 193 190 189 194 205 216 219 213 201 193 191 191 192 192 191 189 190 193 194 195 197 200 205 207 207 206 201 192 184 179 180 191 203 212 218 224
220 216 210 207 205 204 204 206 207 206 204 201 195 191 192 193 195 199 202 203 202 199 197 196 195 196 197 197 197 196 196 196 196 196 196 196 195 195 195 195 194 194 193 193 192 191 191 190 188 186 183 179 176 175 174 178 189 195 193 190 190 201 212 214 209 200 192 188 188 189 190 191 191 190 190 190 191 192 195 201 205 206 204 201 196 188 183 184 190 200 208 216 223 230
213 211 209 207 206 203 202 203 205 204 202 200 197 192 190 192 194 196 200 202 202 201 200 198 195 194 196 197 197 197 196 196 196 196 196 196 196 195 195 195 194 194 194 193 193 192 191 191 190 188 186 183 180 177 174 172 179 190 195 195 195 198 201 201 198 194 190 188 188 188 189 191 191 190 188 187 188 192 196 201 203 201 197 192 189 189 188 191 201 208 214 221 227 234
198 202 205 206 205 201 197 200 204 204 201 199 198 194 190 192 194 194 195 198 201 201 201 200 197 196 197 198 197 197 197 196 196 196 196 196 196 196 195 195 195 194 194 194 193 193 192 192 191 190 188 187 185 182 178 174 173 184 197 200 195 190 190 193 194 194 192 191 189 188 188 190 190 188 186 187 188 191 194 195 194 192 188 184 188 194 197 202 210 214 219 225 232 236
176 189 198 200 201 197 193 197 204 204 201 198 197 195 193 192 193 193 193 195 199 200 201 201 200 199 201 201 198 197 196 196 196 196 196 196 196 196 195 195 195 195 194 194 194 193 193 192 192 191 190 189 188 186 184 181 180 182 193 198 191 184 184 187 191 193 194 193 190 189 188 189 189 186 186 187 188 188 189 189 187 186 185 187 197 205 207 209 214 219 223 230 235 237
163 173 191 196 199 199 196 196 200 201 197 194 194 194 193 193 194 194 194 195 197 198 200 201 201 203 206 205 200 197 195 194 195 195 195 195 196 196 196 195 195 195 195 194 194 194 193 193 193 192 191 191 190 189 188 187 187 187 189 192 189 181 179 182 186 190 192 191 190 189 189 190 188 185 186 188 188 186 185 185 186 187 193 203 209 212 209 212 218 222 227 231 233 233
171 175 187 198 206 209 204 198 199 201 198 196 197 197 196 196 196 198 198 196 196 198 199 200 200 203 207 206 201 198 196 194 193 194 194 195 195 195 195 195 195 195 195 195 195 194 194 194 193 193 192 192 191 191 190 190 190 190 190 190 188 183 178 179 182 184 186 187 187 188 190 190 187 186 188 190 188 185 182 183 188 196 206 211 212 210 210 216 222 226 227 228 228 226
189 191 196 206 219 223 216 206 206 209 208 207 207 205 203 201 200 201 200 198 198 198 198 199 197 197 202 205 203 200 198 196 193 192 193 194 195 195 195 195 195 195 195 195 195 195 194 194 194 194 193 193 192 192 192 192 192 192 191 191 189 187 185 184 183 180 178 180 182 183 185 187 188 187 189 190 188 184 182 186 195 205 210 211 210 208 212 218 225 228 228 226 223 218
203 204 206 209 216 219 218 214 217 222 221 220 217 214 210 206 203 202 201 200 199 198 198 197 193 191 197 204 205 203 200 199 196 193 192 193 194 194 195 195 195 195 195 195 195 195 195 195 194 194 194 194 193 193 193 193 193 192 192 192 191 190 189 188 187 183 179 177 176 173 174 182 188 189 190 190 189 185 186 192 201 206 207 206 207 208 213 222 228 229 225 224 223 219
215 214 213 214 216 217 216 214 218 221 219 217 214 211 209 207 204 203 202 201 200 199 198 196 193 191 195 202 205 205 202 201 200 196 192 191 192 193 194 195 195 195 196 196 195 195 195 195 195 195 194 194 194 194 194 193 193 193 193 192 192 191 191 190 189 187 184 182 179 174 169 173 184 187 188 188 188 187 189 196 202 202 200 202 207 212 219 225 228 226 220 219 221 218
225 224 223 223 223 222 220 218 218 216 213 212 210 207 205 204 202 201 201 200 199 200 199 198 195 192 194 199 204 206 204 202 201 198 195 192 192 193 193 194 195 195 196 196 196 196 196 195 195 195 195 195 194 194 194 194 194 193 193 193 193 192 192 191 190 189 187 186 184 181 178 175 175 177 180 182 184 187 190 195 197 194 194 201 211 218 224 226 225 222 217 211 206 193
233 234 235 236 235 233 228 221 218 214 211 209 207 205 203 202 201 200 199 199 199 200 200 200 197 193 194 197 201 204 204 203 202 201 199 196 194 194 193 193 194 195 196 196 196 196 196 196 196 195 195 195 195 195 194 194 194 194 194 193 193 193 192 191 191 190 189 188 187 185 183 181 176 172 172 175 179 184 190 191 188 188 196 209 217 222 224 223 223 224 219 205 190 180
240 242 246 249 252 250 239 227 218 213 208 205 205 203 201 200 199 198 198 198 198 198 199 199 198 196 195 196 198 201 204 204 205 206 205 200 196 194 193 193 193 195 196 196 196 196 196 196 196 196 195 195 195 195 195 194 194 194 194 194 193 193 193 192 191 191 190 189 188 187 185 184 180 175 170 169 172 178 185 185 183 190 208 222 230 230 229 229 228 228 219 197 178 174
247 248 251 258 266 269 263 239 214 205 201 200 201 200 199 198 198 197 196 197 197 198 198 197 198 198 197 196 196 199 204 207 208 207 205 200 196 195 194 193 193 194 196 196 197 197 197 197 196 196 196 195 195 195 195 195 194 194 194 194 194 193 193 193 192 191 191 190 189 188 187 186 183 179 173 169 167 170 176 181 187 201 222 233 236 237 236 233 227 215 197 181 174 174
253 252 250 258 275 288 291 215 184 185 189 194 197 197 196 196 196 195 195 196 197 197 197 196 197 198 199 197 195 196 201 205 205 204 204 201 198 197 196 194 193 194 196 197 197 198 198 197 197 196 196 195 195 195 195 195 195 194 194 194 194 194 193 193 192 192 191 190 190 189 188 187 185 181 177 172 168 166 169 179 194 211 224 227 224 222 221 215 201 192 184 177 174 178
253 251 245 242 255 267 214 153 159 169 179 188 192 194 194 195 194 193 193 195 196 196 196 196 195 196 198 198 196 194 196 200 202 203 204 202 200 199 199 197 193 194 197 198 198 199 199 198 197 197 196 195 195 195 195 195 195 195 194 194 194 194 194 193 193 192 192 191 190 190 189 187 186 183 180 177 171 166 166 177 197 210 212 211 210 210 208 198 188 182 179 179 178 181
245 241 229 224 216 200 178 165 166 170 176 184 190 192 193 193 194 193 193 194 195 195 196 195 192 193 196 198 197 194 193 195 199 201 203 203 201 201 201 200 196 195 198 199 200 200 200 200 199 197 195 194 194 194 194 194 195 195 195 194 194 194 194 193 193 193 192 192 191 190 189 188 187 185 183 180 175 170 168 175 190 200 201 202 204 205 199 187 181 180 181 182 182 183
244 241 229 213 204 201 193 182 179 180 180 184 189 192 192 193 194 194 192 192 193 194 195 193 191 191 195 197 197 195 192 192 194 198 202 204 202 200 201 202 200 197 199 202 204 205 205 205 204 199 193 191 192 193 194 194 195 195 195 195 194 194 194 194 193 193 192 192 191 190 189 189 188 186 184 182 178 174 172 173 181 190 197 201 203 200 188 180 179 181 184 185 186 186
252 248 222 201 199 207 206 198 192 191 189 189 191 193 194 195 196 195 193 191 192 193 193 192 190 191 193 194 195 195 193 193 194 198 202 205 204 202 202 202 201 199 199 201 201 201 200 199 199 195 190 188 189 191 193 194 194 195 195 195 195 194 194 194 194 193 193 192 192 191 190 189 188 187 185 183 180 177 174 172 174 183 195 201 200 189 181 177 177 181 185 187 189 189
232 218 199 201 206 212 211 208 205 204 200 196 195 197 198 198 198 196 194 192 190 190 191 190 188 188 190 192 194 195 196 196 197 200 203 206 207 205 203 202 201 199 197 196 195 195 193 192 192 193 192 190 188 188 191 194 195 195 195 195 195 194 194 194 194 193 193 193 192 191 190 189 189 188 186 184 182 179 176 172 171 178 189 195 190 181 176 176 177 180 185 188 190 191
