windninja/windninja_output/Output_2025-08-09_2000-2050_Google earth_Fire_150m_10min/merlingen_7.5mi_point_08-09-2025_2000_150m_ang.asc
ncols	158
nrows	163
xllcorner	391686.332397
yllcorner	5160024.123721
cellsize	150.000000
NODATA_value	-32768.000000
[rows 0 to 41 of 163, columns 0 to 93 of 158]
246 246 246 245 244 247 247 243 242 243 242 236 228 225 231 241 252 257 259 266 269 254 241 241 247 253 253 248 246 246 247 247 249 248 247 252 257 258 259 257 253 252 252 254 257 259 263 265 260 254 250 248 248 249 248 248 247 247 249 250 248 245 244 242 239 236 237 241 246 249 248 245 243 241 241 242 242 245 247 246 244 241 241 244 246 245 240 239 240 237 236 236 235 233
246 247 247 246 247 247 246 245 247 247 243 235 226 226 233 241 248 253 257 262 262 254 245 244 247 250 250 249 248 248 248 248 249 248 250 252 253 254 255 254 253 252 252 253 255 256 257 259 259 256 253 252 251 250 249 248 247 247 248 249 248 246 245 243 241 239 240 243 246 248 247 245 243 242 242 242 242 244 246 245 243 241 242 243 244 244 241 239 240 239 239 239 238 236
244 246 247 247 249 247 244 246 249 248 243 232 225 229 236 242 246 248 252 255 253 253 251 248 247 246 246 248 249 249 250 250 250 250 252 252 250 250 251 250 251 252 251 252 253 252 252 251 252 254 254 253 251 250 249 248 248 247 247 246 246 246 245 244 243 243 244 245 247 246 244 243 244 244 244 242 240 243 244 242 238 240 243 242 242 243 239 238 238 239 241 242 240 238
241 243 244 244 246 245 243 244 245 243 237 227 225 232 239 246 247 247 249 249 249 250 251 250 247 245 243 243 244 245 246 248 250 252 252 251 250 250 250 250 250 249 251 252 251 251 250 248 246 246 248 247 246 246 247 248 248 248 247 246 245 244 244 244 243 243 244 246 247 246 243 243 245 245 245 243 242 244 244 240 236 238 241 240 242 243 237 234 235 234 236 238 238 236
240 242 242 242 244 243 244 246 246 241 234 226 226 234 244 249 249 249 248 247 248 250 252 250 249 245 241 239 238 239 240 243 246 249 250 249 249 249 250 250 249 248 249 249 249 248 248 246 245 245 244 244 245 245 246 247 248 248 248 247 246 245 244 244 244 244 244 246 247 245 243 244 245 245 244 245 247 247 244 240 237 239 241 240 242 243 239 235 234 231 231 233 234 232
243 245 244 242 243 244 246 249 247 242 235 231 229 238 248 250 250 249 248 248 249 252 255 256 253 249 244 240 238 238 238 240 242 243 243 245 246 247 248 247 247 248 249 249 248 247 246 246 246 244 242 243 244 246 246 247 248 248 247 247 246 244 243 244 244 244 244 246 246 243 241 244 246 244 242 242 245 247 245 240 239 243 244 242 242 243 242 242 242 237 233 232 230 228
246 247 248 246 245 245 247 248 245 241 238 235 234 243 251 252 249 247 246 247 249 252 255 259 260 255 250 247 244 241 241 242 242 240 240 242 244 245 245 245 246 247 249 249 249 248 247 247 245 243 242 242 243 244 246 247 248 248 247 246 245 242 241 241 242 243 244 246 246 241 239 241 243 241 239 240 242 243 240 237 240 243 244 243 243 244 244 246 250 248 245 241 236 233
245 247 249 251 251 250 249 247 245 243 241 239 238 244 250 252 249 247 246 245 247 249 251 255 260 258 254 252 248 245 246 247 245 244 244 245 245 245 245 245 246 247 248 249 249 250 248 247 246 243 243 244 243 242 245 247 248 248 247 246 244 240 238 238 239 241 243 245 244 241 239 241 241 238 238 240 242 241 236 235 242 245 243 242 241 242 243 244 247 251 254 253 249 245
245 246 248 251 253 253 252 248 246 245 245 244 243 245 250 250 249 248 247 246 247 248 248 249 253 256 254 252 249 248 251 251 248 247 249 249 248 247 247 247 248 249 250 250 250 250 249 248 247 244 244 245 244 243 246 248 247 247 247 246 244 242 240 239 239 241 243 244 242 240 241 244 243 240 239 240 242 240 235 238 245 248 244 240 238 238 238 239 239 238 240 243 245 244
246 247 248 249 251 251 251 249 248 248 248 248 248 250 252 250 249 249 248 246 247 247 246 245 246 249 251 251 249 250 253 252 249 250 251 250 249 248 248 248 249 249 250 250 251 250 249 249 248 245 246 247 245 247 249 249 249 248 247 246 246 247 246 245 245 246 245 244 240 238 242 245 244 242 241 241 243 240 236 239 243 245 245 243 242 240 239 238 235 230 230 233 237 236
246 247 248 249 249 249 249 249 249 248 249 250 251 253 255 253 251 251 250 249 247 246 245 244 242 242 243 246 248 251 253 252 251 253 253 250 248 248 248 248 248 249 249 249 250 251 251 250 249 249 251 251 249 252 254 253 252 252 251 250 250 252 252 253 256 254 251 246 240 240 243 245 243 241 240 241 243 244 241 240 241 241 241 243 247 247 245 246 241 233 233 238 239 235
247 247 248 248 248 249 249 249 249 249 249 250 252 254 257 257 255 253 253 253 252 249 247 244 242 240 239 244 249 252 254 253 254 255 254 252 250 249 250 249 249 249 249 247 248 250 250 251 251 253 258 259 259 260 261 260 257 256 255 255 257 259 262 267 268 265 260 252 245 245 246 244 242 240 237 237 239 241 242 242 240 239 238 239 243 243 245 248 243 234 238 244 243 239
247 247 248 248 248 249 249 249 249 249 250 250 251 253 258 261 260 257 255 254 254 252 250 246 244 241 241 246 251 253 254 254 255 255 254 252 252 252 252 250 250 250 247 246 247 246 245 247 252 257 262 264 265 266 268 268 264 259 255 256 260 264 269 277 279 276 270 264 258 253 249 245 243 240 236 235 235 237 237 237 238 239 238 239 240 239 241 245 239 230 239 245 244 242
247 248 248 248 248 249 249 249 250 250 250 251 250 251 256 262 264 264 260 257 255 254 252 249 246 243 243 246 249 251 254 256 256 255 253 252 253 253 253 251 251 251 249 250 251 250 246 243 247 254 258 261 262 264 268 271 270 263 254 253 258 262 266 273 278 278 277 279 280 271 256 250 248 244 240 239 241 242 239 237 240 243 243 243 242 239 242 245 239 235 243 248 246 246
247 248 248 249 249 249 249 249 250 250 250 251 251 250 253 258 262 265 264 261 257 254 252 249 247 245 244 246 248 249 252 255 256 254 253 253 252 251 251 252 253 252 252 256 257 255 253 249 245 246 250 253 254 256 259 263 266 261 251 250 254 257 260 260 261 266 272 278 287 293 277 261 255 249 245 246 249 248 246 247 250 250 248 248 245 243 246 246 241 241 250 255 253 254
248 248 248 249 249 249 250 250 250 250 251 251 252 251 252 255 257 258 260 260 257 254 251 248 247 247 246 245 246 248 250 252 251 251 252 254 254 253 252 253 254 253 252 254 254 251 252 254 250 245 245 245 244 246 247 247 250 250 246 249 253 255 255 251 248 253 260 265 272 290 298 279 265 255 250 251 251 249 250 254 256 254 253 252 249 248 249 249 246 245 250 256 255 255
248 248 248 249 249 249 250 250 250 251 251 252 253 254 257 258 256 254 254 255 255 252 250 248 248 247 246 245 245 247 250 250 248 249 252 255 257 256 253 252 251 250 249 250 248 247 247 247 250 251 247 243 241 243 242 241 242 242 241 247 252 254 253 248 246 250 254 258 261 267 284 288 278 269 260 254 250 250 254 255 252 251 252 252 252 253 252 251 254 253 250 250 250 250
248 248 248 248 249 249 249 250 250 251 251 252 253 256 260 261 259 255 253 252 252 251 250 250 250 248 247 247 248 249 250 248 246 246 248 250 252 251 249 248 248 248 249 248 246 246 246 244 245 250 251 247 244 243 242 242 241 240 240 245 250 251 249 245 247 250 252 255 255 256 263 273 277 277 273 261 254 254 256 255 251 251 252 251 251 253 253 252 255 259 256 250 247 247
248 248 248 248 249 249 250 250 250 251 251 252 253 255 259 261 260 257 255 253 252 252 252 252 252 250 249 249 251 252 250 246 243 243 245 247 249 249 248 248 249 248 249 248 247 247 249 248 247 248 250 250 248 244 243 242 242 241 241 244 248 249 246 245 247 250 251 251 251 253 256 257 261 266 270 269 266 263 260 257 257 258 256 251 248 247 247 248 252 257 259 253 249 248
248 248 248 248 249 249 250 250 251 251 251 252 253 254 256 259 259 257 255 254 252 252 252 252 251 250 249 249 250 249 247 243 242 244 247 249 250 250 249 248 247 246 246 245 246 247 249 249 248 249 250 250 250 248 245 243 242 242 243 245 247 248 248 248 250 252 252 250 249 252 251 248 249 252 254 258 260 261 260 258 258 259 256 252 247 245 244 245 249 253 254 250 250 249
248 248 248 248 249 249 250 250 251 251 251 252 252 253 254 255 256 255 254 253 252 251 250 250 249 249 248 248 247 246 243 240 240 243 246 247 247 246 244 244 243 243 244 244 246 248 249 247 248 249 249 249 250 251 249 246 244 243 243 244 245 247 249 250 251 252 251 250 251 251 246 243 245 249 249 244 241 244 249 252 255 255 253 252 248 247 245 245 249 253 251 245 246 248
248 248 248 249 249 249 250 250 250 251 251 252 252 253 253 253 253 253 252 251 251 250 249 249 248 248 247 246 246 244 241 238 239 242 243 243 243 243 241 241 241 241 242 245 247 249 249 248 247 247 248 248 249 250 251 250 248 246 243 242 242 246 249 249 251 253 252 252 251 247 241 239 243 249 250 240 233 235 240 244 248 249 250 251 248 246 244 245 250 251 247 238 239 245
248 248 248 249 249 249 250 250 250 250 251 251 251 252 252 252 252 252 251 250 250 249 248 248 247 246 245 244 244 243 240 237 240 244 244 245 245 243 241 241 241 241 242 244 247 248 248 246 246 246 248 248 248 248 249 250 250 248 243 241 242 246 249 250 252 253 252 251 247 241 237 238 242 248 248 239 230 233 237 239 240 241 244 248 247 246 243 244 248 248 243 231 233 243
248 248 248 249 249 249 249 250 250 251 251 251 250 250 251 251 251 251 250 249 248 248 247 246 245 244 243 243 244 245 243 241 244 246 246 247 247 245 244 243 242 242 242 244 246 247 245 244 245 246 248 248 248 248 248 248 249 248 243 241 243 246 251 255 257 254 250 248 243 239 237 239 245 249 245 236 230 237 240 238 237 237 239 242 244 247 247 247 248 248 241 228 233 243
248 248 248 249 249 249 249 250 250 251 251 251 251 250 250 250 250 250 250 249 248 247 246 245 243 242 241 242 246 248 247 247 248 248 246 246 246 246 247 245 244 243 242 244 246 245 242 243 245 246 248 248 248 248 248 247 247 246 243 243 245 249 254 258 258 254 250 245 241 240 241 245 250 250 242 233 235 245 246 240 238 236 235 236 240 246 250 251 252 249 239 225 233 243
248 248 249 249 249 249 249 250 251 251 250 250 251 251 250 250 250 249 249 248 247 246 245 244 241 238 236 239 245 249 249 251 251 249 246 243 242 245 248 248 245 244 244 247 247 242 241 243 244 245 247 248 250 250 249 247 244 242 243 246 250 255 258 255 249 245 242 238 237 240 246 253 255 249 237 228 236 249 252 245 240 236 232 231 235 239 241 244 250 250 238 223 230 239
248 248 248 249 249 249 249 250 251 250 250 250 251 251 250 250 249 249 248 247 247 246 244 242 239 234 231 237 243 245 247 251 255 254 249 242 240 244 248 247 245 246 247 249 245 239 238 241 243 244 243 246 249 251 251 246 238 238 242 248 257 263 262 253 244 239 234 231 233 240 249 256 255 247 232 222 233 245 254 253 246 240 234 232 234 235 231 234 243 246 238 223 228 235
248 248 248 249 249 249 250 251 251 250 250 250 250 250 250 250 249 248 247 247 246 245 243 240 237 231 229 236 240 240 242 248 253 256 255 248 243 245 248 247 245 247 248 247 242 236 235 238 241 242 240 241 244 247 249 240 230 235 242 249 258 263 261 252 245 238 231 228 233 243 252 254 250 242 228 219 231 242 248 254 254 246 241 239 239 236 230 231 238 241 237 229 230 235
248 248 248 249 249 249 250 251 250 250 250 250 250 250 250 249 249 248 247 246 246 244 242 239 235 230 229 233 235 233 236 242 246 249 252 250 246 246 248 245 243 245 244 243 240 235 234 236 239 240 236 238 241 244 244 231 222 234 244 253 259 258 252 246 242 237 230 229 239 249 252 249 243 236 226 222 234 244 246 250 257 254 248 248 247 242 236 236 240 239 236 234 236 239
248 248 248 249 249 250 250 250 250 250 250 249 249 249 249 249 248 248 247 246 245 244 242 239 236 231 230 232 231 228 230 235 239 243 246 242 239 243 246 242 239 240 237 238 236 232 233 235 237 235 231 233 237 239 237 226 220 236 247 257 261 256 246 240 239 237 231 232 246 255 255 248 239 233 226 226 236 243 247 251 257 260 256 253 250 246 243 244 242 238 236 236 240 246
248 248 248 248 249 250 250 250 250 250 249 249 249 249 249 249 248 247 246 246 245 243 242 239 236 233 234 234 231 229 232 235 237 241 242 234 231 240 244 241 238 236 233 234 233 230 234 237 239 235 230 233 235 237 235 225 225 242 252 257 259 253 245 240 241 241 236 238 251 258 258 250 242 236 227 227 231 238 244 249 253 256 257 255 250 246 245 244 242 239 236 237 242 252
248 248 248 248 249 250 249 249 249 249 249 249 249 249 249 248 248 247 247 246 245 243 241 239 237 236 235 234 231 232 238 241 241 244 243 232 231 243 245 241 238 237 236 237 235 233 238 243 244 241 240 240 239 240 236 226 229 244 256 259 255 246 238 239 243 246 241 243 253 258 256 248 245 240 229 226 228 233 241 245 247 245 250 255 254 252 250 248 245 243 242 241 242 251
248 248 248 248 250 250 249 249 249 249 249 248 248 248 248 247 247 247 247 246 245 244 241 240 239 237 235 230 225 227 235 240 242 245 246 236 236 247 247 242 241 239 238 240 239 239 245 247 245 245 247 246 245 243 238 229 232 242 252 257 254 241 230 234 243 248 246 246 251 253 249 245 244 239 229 226 226 231 239 244 242 238 244 252 255 256 255 251 248 247 246 245 245 249
247 247 248 249 250 250 249 249 249 249 249 248 248 248 247 247 246 246 246 246 245 244 242 241 240 237 235 229 223 227 236 240 240 243 245 240 239 247 245 241 241 239 239 241 242 245 248 247 245 247 248 248 249 247 242 237 239 244 247 249 248 238 225 231 241 245 248 252 252 250 246 242 242 235 228 225 225 229 235 238 236 234 240 247 250 249 249 249 245 244 244 245 248 251
247 247 247 249 250 249 248 248 249 249 248 248 248 248 247 246 246 246 245 245 245 245 244 243 241 238 234 230 228 235 243 244 242 243 244 239 235 242 241 238 239 238 240 243 245 249 250 248 248 250 250 249 250 249 247 247 249 250 248 247 245 237 224 228 238 242 247 254 258 255 248 242 239 234 230 229 229 233 236 235 232 231 235 242 246 243 243 244 242 240 240 243 247 253
247 247 247 248 249 248 248 248 248 248 248 248 248 247 247 246 246 246 245 245 245 245 244 244 243 240 236 233 233 242 250 249 246 246 244 237 231 236 239 238 238 239 242 244 246 250 249 248 249 249 248 248 248 248 248 250 251 252 252 250 248 242 230 229 236 240 244 251 260 261 252 244 241 237 236 234 234 240 244 241 235 231 233 239 244 244 242 241 239 238 239 242 246 252
247 247 248 249 248 247 247 247 247 247 247 247 247 247 246 246 246 245 245 245 245 245 244 244 244 242 239 235 236 247 254 253 250 249 246 238 231 231 237 239 240 241 243 244 247 248 246 247 248 247 247 247 245 246 247 247 247 248 250 251 250 246 238 233 236 240 243 249 256 256 250 248 246 243 240 235 233 237 244 249 244 237 235 237 242 247 244 239 237 238 240 243 246 250
247 247 248 249 248 247 247 247 247 247 247 246 246 246 246 246 245 245 245 245 245 245 244 244 244 242 240 236 239 250 253 253 252 250 247 240 232 231 236 239 240 242 244 244 246 247 245 245 245 245 248 247 244 245 247 246 244 243 245 247 248 246 241 235 237 243 248 252 252 244 241 245 248 245 237 233 232 229 237 244 244 239 236 235 240 245 242 237 239 240 242 243 247 252
246 247 247 247 247 247 246 246 247 246 246 245 245 245 246 245 245 245 245 245 245 245 245 244 244 243 241 239 246 253 253 252 252 250 246 238 229 232 238 239 240 242 243 244 244 244 243 241 239 241 245 244 241 242 245 245 240 239 239 241 241 239 236 233 235 245 253 255 249 238 238 242 244 239 229 233 234 220 229 238 237 235 234 236 242 243 237 233 238 240 240 244 252 257
246 247 247 247 246 246 246 246 246 246 245 245 245 245 245 245 245 245 245 245 245 245 245 245 245 244 244 246 252 255 255 254 252 249 244 233 225 231 236 238 240 243 244 243 242 242 242 240 237 239 243 242 237 236 239 237 232 232 234 234 233 231 231 232 234 243 254 255 246 240 243 246 243 233 226 235 234 209 219 231 229 229 234 241 246 246 240 234 234 237 237 244 255 257
246 246 246 246 246 245 245 246 246 245 245 245 244 245 245 245 244 245 245 245 245 245 245 245 245 246 247 251 254 256 257 257 255 250 242 231 228 232 234 236 239 241 244 242 240 241 240 238 235 237 242 243 238 235 236 234 229 228 233 234 231 229 231 235 236 242 250 251 245 245 248 247 243 232 228 238 231 201 210 225 225 224 232 241 246 247 244 235 233 235 236 244 252 253
246 245 245 245 245 245 245 245 245 245 244 244 244 244 244 244 244 244 245 245 245 245 245 245 246 246 248 250 252 255 257 256 254 249 239 231 233 237 238 237 236 237 237 237 239 238 235 232 230 234 241 243 238 237 239 238 234 233 237 238 235 231 232 235 236 241 246 246 244 243 242 240 240 231 232 239 226 198 205 222 226 225 230 236 241 243 238 231 231 235 238 244 247 249
