windninja/windninja_output/Output_2025-10-23_1000-1050_Google earth_Fire_150m_10min/merlingen_7.5mi_point_10-23-2025_1000_150m_vel.asc
ncols	158
nrows	163
xllcorner	391686.332397
yllcorner	5160024.123721
cellsize	150.000000
NODATA_value	-32768.000000
[rows 0 to 37 of 163, columns 0 to 83 of 158]
1.25 1.29 1.32 1.30 1.34 1.36 1.28 1.25 1.33 1.35 1.30 1.24 1.30 1.51 1.64 1.59 1.49 1.38 1.42 1.51 1.38 1.18 1.26 1.38 1.44 1.41 1.32 1.30 1.38 1.38 1.35 1.37 1.39 1.35 1.37 1.47 1.41 1.38 1.42 1.37 1.37 1.42 1.42 1.44 1.49 1.50 1.54 1.54 1.55 1.61 1.62 1.63 1.67 1.65 1.58 1.52 1.49 1.51 1.56 1.57 1.52 1.49 1.49 1.48 1.46 1.44 1.48 1.55 1.60 1.59 1.56 1.51 1.47 1.45 1.50 1.51 1.45 1.45 1.49 1.49 1.44 1.35 1.38 1.43
1.17 1.25 1.29 1.27 1.33 1.34 1.24 1.23 1.32 1.34 1.25 1.13 1.12 1.33 1.57 1.65 1.58 1.46 1.51 1.58 1.36 1.13 1.17 1.34 1.46 1.44 1.31 1.28 1.36 1.37 1.35 1.37 1.38 1.36 1.40 1.49 1.44 1.41 1.45 1.39 1.39 1.45 1.45 1.52 1.57 1.57 1.62 1.62 1.60 1.61 1.60 1.60 1.60 1.55 1.48 1.46 1.49 1.53 1.58 1.57 1.50 1.48 1.50 1.50 1.47 1.45 1.51 1.59 1.64 1.61 1.54 1.48 1.47 1.49 1.53 1.50 1.42 1.48 1.56 1.50 1.38 1.32 1.39 1.42
1.05 1.19 1.24 1.22 1.30 1.25 1.17 1.23 1.33 1.32 1.16 0.92 0.85 1.07 1.45 1.73 1.73 1.62 1.66 1.62 1.36 1.13 1.08 1.23 1.45 1.46 1.34 1.29 1.32 1.33 1.35 1.38 1.39 1.42 1.47 1.51 1.50 1.49 1.48 1.43 1.46 1.50 1.54 1.66 1.71 1.70 1.73 1.72 1.65 1.59 1.59 1.57 1.51 1.46 1.44 1.47 1.54 1.58 1.60 1.57 1.52 1.51 1.53 1.53 1.48 1.47 1.54 1.64 1.71 1.64 1.49 1.45 1.50 1.54 1.55 1.47 1.42 1.57 1.64 1.47 1.27 1.29 1.41 1.36
0.97 1.14 1.19 1.17 1.25 1.16 1.13 1.28 1.36 1.29 1.06 0.77 0.75 0.97 1.35 1.78 1.83 1.73 1.70 1.59 1.38 1.21 1.08 1.12 1.37 1.45 1.38 1.32 1.28 1.30 1.36 1.41 1.44 1.51 1.53 1.53 1.53 1.53 1.52 1.52 1.55 1.58 1.68 1.79 1.80 1.79 1.77 1.71 1.62 1.60 1.59 1.51 1.46 1.48 1.51 1.53 1.57 1.57 1.57 1.58 1.57 1.53 1.51 1.51 1.48 1.48 1.54 1.67 1.75 1.63 1.45 1.46 1.52 1.53 1.49 1.44 1.47 1.60 1.61 1.40 1.21 1.30 1.42 1.36
0.93 1.07 1.14 1.14 1.21 1.14 1.17 1.33 1.36 1.19 0.93 0.70 0.70 0.96 1.42 1.81 1.88 1.77 1.66 1.57 1.46 1.33 1.16 1.09 1.30 1.41 1.39 1.35 1.29 1.31 1.37 1.45 1.56 1.60 1.55 1.53 1.53 1.57 1.64 1.66 1.65 1.69 1.81 1.86 1.84 1.79 1.72 1.64 1.60 1.57 1.48 1.41 1.42 1.47 1.51 1.53 1.55 1.57 1.57 1.58 1.57 1.51 1.47 1.49 1.50 1.50 1.54 1.67 1.75 1.58 1.43 1.47 1.52 1.50 1.45 1.43 1.48 1.57 1.55 1.35 1.17 1.26 1.44 1.44
0.94 1.01 1.07 1.11 1.19 1.19 1.25 1.34 1.26 1.04 0.84 0.72 0.69 0.98 1.50 1.76 1.85 1.78 1.61 1.57 1.55 1.49 1.28 1.13 1.24 1.36 1.35 1.34 1.32 1.33 1.38 1.52 1.65 1.63 1.55 1.55 1.63 1.71 1.78 1.77 1.73 1.78 1.84 1.81 1.74 1.69 1.62 1.57 1.54 1.46 1.37 1.35 1.38 1.43 1.49 1.54 1.57 1.59 1.59 1.59 1.56 1.50 1.48 1.51 1.52 1.51 1.53 1.67 1.74 1.54 1.41 1.49 1.57 1.52 1.43 1.45 1.53 1.58 1.47 1.25 1.16 1.31 1.49 1.51
0.95 0.98 1.02 1.08 1.18 1.23 1.29 1.27 1.12 0.95 0.83 0.75 0.72 1.01 1.52 1.71 1.75 1.74 1.64 1.59 1.63 1.63 1.41 1.18 1.19 1.27 1.28 1.33 1.35 1.35 1.42 1.59 1.67 1.61 1.60 1.67 1.76 1.81 1.80 1.75 1.71 1.73 1.72 1.67 1.61 1.59 1.55 1.51 1.45 1.36 1.30 1.34 1.38 1.42 1.50 1.57 1.59 1.61 1.62 1.61 1.60 1.55 1.51 1.51 1.52 1.50 1.54 1.70 1.72 1.53 1.46 1.60 1.67 1.54 1.45 1.51 1.59 1.58 1.34 1.15 1.29 1.49 1.55 1.55
0.94 0.98 1.01 1.06 1.15 1.22 1.26 1.18 1.04 0.94 0.87 0.81 0.78 1.02 1.48 1.67 1.63 1.67 1.67 1.62 1.68 1.73 1.54 1.27 1.17 1.17 1.26 1.36 1.35 1.33 1.47 1.62 1.63 1.60 1.68 1.78 1.78 1.73 1.69 1.65 1.62 1.61 1.59 1.57 1.55 1.55 1.51 1.47 1.39 1.29 1.27 1.36 1.39 1.41 1.53 1.62 1.64 1.67 1.69 1.69 1.66 1.56 1.49 1.49 1.51 1.51 1.59 1.72 1.71 1.54 1.54 1.70 1.68 1.52 1.45 1.48 1.55 1.47 1.17 1.13 1.48 1.64 1.59 1.58
0.92 0.97 1.02 1.05 1.10 1.17 1.19 1.12 1.03 0.98 0.92 0.87 0.84 1.00 1.42 1.63 1.58 1.61 1.66 1.66 1.73 1.78 1.63 1.40 1.23 1.17 1.26 1.35 1.29 1.31 1.53 1.62 1.56 1.60 1.74 1.78 1.68 1.60 1.58 1.56 1.53 1.53 1.53 1.53 1.56 1.53 1.46 1.44 1.36 1.25 1.30 1.40 1.35 1.38 1.60 1.71 1.72 1.74 1.74 1.68 1.56 1.43 1.39 1.41 1.44 1.54 1.67 1.74 1.67 1.54 1.55 1.64 1.57 1.44 1.40 1.42 1.47 1.33 1.08 1.21 1.62 1.76 1.69 1.70
0.90 0.95 1.02 1.04 1.06 1.10 1.12 1.09 1.06 1.02 0.98 0.93 0.88 0.98 1.32 1.56 1.58 1.60 1.61 1.68 1.77 1.78 1.70 1.50 1.31 1.20 1.21 1.28 1.26 1.32 1.57 1.60 1.50 1.61 1.75 1.73 1.60 1.52 1.51 1.51 1.51 1.53 1.54 1.53 1.55 1.49 1.42 1.42 1.35 1.24 1.29 1.38 1.32 1.44 1.69 1.78 1.73 1.69 1.61 1.46 1.37 1.33 1.27 1.25 1.41 1.62 1.74 1.72 1.55 1.43 1.49 1.56 1.50 1.41 1.35 1.34 1.36 1.26 1.20 1.49 1.81 1.90 1.82 1.79
0.88 0.93 1.01 1.03 1.03 1.06 1.09 1.09 1.07 1.05 1.02 0.98 0.92 0.96 1.22 1.49 1.59 1.62 1.61 1.68 1.77 1.78 1.74 1.56 1.38 1.25 1.14 1.19 1.26 1.35 1.53 1.53 1.46 1.58 1.70 1.65 1.53 1.47 1.48 1.51 1.53 1.56 1.55 1.50 1.50 1.48 1.39 1.37 1.32 1.19 1.26 1.35 1.34 1.50 1.66 1.71 1.60 1.47 1.37 1.27 1.29 1.28 1.16 1.19 1.50 1.69 1.73 1.59 1.31 1.28 1.49 1.59 1.52 1.40 1.31 1.26 1.33 1.40 1.50 1.81 1.98 1.98 1.89 1.85
0.88 0.92 0.98 1.01 1.01 1.04 1.08 1.09 1.08 1.06 1.05 1.01 0.96 0.96 1.16 1.46 1.59 1.64 1.65 1.68 1.75 1.77 1.74 1.59 1.42 1.24 1.04 1.09 1.24 1.33 1.43 1.47 1.45 1.55 1.62 1.56 1.49 1.48 1.51 1.52 1.52 1.55 1.52 1.43 1.46 1.46 1.32 1.25 1.23 1.17 1.23 1.27 1.28 1.42 1.53 1.56 1.48 1.33 1.22 1.18 1.26 1.27 1.18 1.30 1.58 1.66 1.62 1.41 1.16 1.33 1.60 1.62 1.54 1.43 1.35 1.41 1.59 1.77 1.91 2.04 2.05 2.02 2.01 2.10
0.87 0.90 0.95 0.98 1.00 1.04 1.08 1.08 1.08 1.07 1.06 1.04 0.99 0.97 1.14 1.46 1.60 1.63 1.67 1.70 1.72 1.72 1.69 1.58 1.40 1.16 1.01 1.07 1.22 1.30 1.37 1.44 1.49 1.51 1.50 1.49 1.51 1.53 1.53 1.49 1.50 1.55 1.46 1.37 1.41 1.38 1.22 1.14 1.18 1.23 1.23 1.19 1.20 1.36 1.50 1.49 1.39 1.25 1.12 1.15 1.30 1.34 1.34 1.45 1.58 1.58 1.49 1.37 1.32 1.52 1.62 1.60 1.62 1.59 1.64 1.81 1.96 2.11 2.17 2.11 2.08 2.12 2.19 2.37
0.87 0.89 0.93 0.97 1.00 1.04 1.07 1.07 1.09 1.08 1.07 1.06 1.00 0.97 1.15 1.47 1.65 1.62 1.65 1.71 1.69 1.64 1.60 1.51 1.34 1.16 1.07 1.13 1.22 1.27 1.35 1.44 1.49 1.45 1.39 1.48 1.56 1.56 1.51 1.44 1.47 1.46 1.33 1.28 1.33 1.28 1.13 1.08 1.20 1.30 1.24 1.16 1.15 1.33 1.54 1.48 1.30 1.13 1.02 1.16 1.40 1.47 1.53 1.60 1.56 1.50 1.45 1.52 1.60 1.58 1.55 1.64 1.80 1.82 1.82 1.85 1.97 2.10 2.01 1.92 2.04 2.20 2.28 2.35
0.86 0.88 0.92 0.95 0.99 1.03 1.05 1.07 1.09 1.09 1.09 1.08 1.02 0.98 1.15 1.50 1.70 1.63 1.59 1.65 1.62 1.53 1.48 1.42 1.32 1.22 1.14 1.18 1.22 1.23 1.35 1.45 1.46 1.41 1.40 1.50 1.54 1.51 1.43 1.34 1.34 1.28 1.25 1.28 1.28 1.23 1.13 1.08 1.20 1.33 1.31 1.18 1.14 1.35 1.56 1.51 1.29 1.04 0.95 1.24 1.60 1.70 1.76 1.68 1.53 1.54 1.60 1.73 1.76 1.58 1.56 1.81 1.97 1.88 1.69 1.69 1.87 1.86 1.70 1.79 2.06 2.18 2.14 2.07
0.85 0.87 0.91 0.95 0.98 1.01 1.04 1.07 1.10 1.10 1.11 1.10 1.06 1.00 1.14 1.53 1.71 1.62 1.53 1.55 1.53 1.44 1.38 1.35 1.34 1.30 1.20 1.18 1.21 1.24 1.39 1.50 1.43 1.38 1.39 1.39 1.40 1.40 1.31 1.26 1.26 1.19 1.25 1.36 1.27 1.21 1.23 1.13 1.10 1.30 1.43 1.31 1.31 1.51 1.61 1.56 1.39 1.12 1.06 1.41 1.81 1.95 1.89 1.63 1.53 1.73 1.81 1.86 1.91 1.70 1.64 1.87 1.94 1.72 1.58 1.68 1.72 1.60 1.65 2.02 2.16 1.98 1.84 1.74
0.84 0.86 0.90 0.94 0.97 1.00 1.04 1.06 1.10 1.12 1.12 1.11 1.11 1.06 1.16 1.50 1.67 1.60 1.50 1.46 1.44 1.37 1.31 1.32 1.37 1.35 1.22 1.17 1.23 1.31 1.44 1.46 1.31 1.25 1.27 1.27 1.30 1.31 1.26 1.24 1.24 1.21 1.33 1.42 1.30 1.22 1.28 1.20 1.16 1.38 1.56 1.51 1.52 1.60 1.56 1.49 1.45 1.29 1.26 1.64 1.98 2.03 1.85 1.54 1.56 1.84 1.93 1.97 2.00 1.81 1.68 1.74 1.79 1.70 1.68 1.66 1.55 1.62 1.97 2.21 1.97 1.63 1.55 1.44
0.83 0.85 0.89 0.93 0.96 1.00 1.04 1.07 1.10 1.13 1.14 1.13 1.14 1.14 1.20 1.43 1.59 1.57 1.48 1.42 1.37 1.31 1.27 1.31 1.37 1.34 1.24 1.19 1.25 1.34 1.38 1.29 1.15 1.13 1.21 1.28 1.29 1.28 1.26 1.28 1.31 1.32 1.38 1.38 1.31 1.28 1.30 1.31 1.40 1.57 1.65 1.60 1.55 1.51 1.44 1.45 1.52 1.50 1.52 1.77 2.01 2.02 1.77 1.55 1.65 1.91 2.06 2.05 1.90 1.75 1.74 1.73 1.82 1.84 1.68 1.58 1.60 1.83 2.06 1.89 1.51 1.38 1.30 1.18
0.82 0.84 0.88 0.92 0.96 1.00 1.03 1.07 1.10 1.13 1.15 1.15 1.17 1.19 1.23 1.36 1.50 1.50 1.43 1.38 1.32 1.28 1.27 1.30 1.33 1.31 1.27 1.23 1.24 1.27 1.24 1.13 1.05 1.09 1.23 1.34 1.35 1.30 1.27 1.33 1.35 1.33 1.36 1.33 1.31 1.36 1.43 1.46 1.53 1.62 1.62 1.55 1.47 1.43 1.45 1.53 1.62 1.63 1.65 1.78 1.96 1.93 1.70 1.63 1.78 1.97 2.09 1.96 1.77 1.84 1.93 1.85 1.88 1.81 1.56 1.49 1.54 1.61 1.66 1.45 1.31 1.30 1.17 1.07
0.81 0.83 0.87 0.91 0.96 1.00 1.04 1.08 1.11 1.12 1.14 1.18 1.20 1.21 1.25 1.32 1.41 1.42 1.38 1.34 1.30 1.29 1.28 1.28 1.29 1.30 1.28 1.24 1.21 1.19 1.11 1.02 1.01 1.10 1.25 1.37 1.40 1.34 1.30 1.36 1.36 1.33 1.36 1.34 1.37 1.50 1.60 1.52 1.47 1.57 1.58 1.51 1.46 1.47 1.58 1.64 1.65 1.67 1.70 1.75 1.81 1.79 1.69 1.71 1.83 1.95 2.00 1.93 1.98 2.16 2.09 1.86 1.78 1.70 1.55 1.44 1.32 1.29 1.38 1.38 1.36 1.36 1.24 1.14
0.81 0.83 0.87 0.91 0.95 1.00 1.04 1.08 1.11 1.11 1.14 1.20 1.21 1.22 1.25 1.29 1.33 1.36 1.35 1.32 1.30 1.29 1.28 1.26 1.27 1.27 1.25 1.22 1.19 1.13 1.02 0.94 1.00 1.15 1.30 1.42 1.49 1.45 1.37 1.37 1.34 1.32 1.35 1.39 1.50 1.61 1.61 1.47 1.41 1.54 1.60 1.56 1.55 1.59 1.63 1.62 1.62 1.66 1.69 1.68 1.65 1.74 1.83 1.81 1.88 2.01 2.05 2.15 2.32 2.28 1.93 1.63 1.56 1.59 1.55 1.36 1.23 1.25 1.38 1.48 1.53 1.49 1.34 1.22
0.81 0.83 0.86 0.90 0.95 1.00 1.04 1.08 1.11 1.12 1.15 1.20 1.22 1.22 1.24 1.26 1.29 1.33 1.33 1.30 1.29 1.28 1.27 1.25 1.24 1.23 1.22 1.19 1.16 1.09 0.97 0.90 1.03 1.28 1.41 1.48 1.56 1.49 1.35 1.30 1.28 1.29 1.36 1.47 1.58 1.59 1.56 1.49 1.47 1.56 1.64 1.65 1.65 1.62 1.58 1.58 1.61 1.64 1.63 1.60 1.58 1.80 1.98 1.90 2.00 2.20 2.27 2.40 2.39 2.00 1.55 1.37 1.41 1.55 1.50 1.31 1.27 1.34 1.46 1.60 1.62 1.46 1.34 1.30
0.81 0.82 0.86 0.91 0.96 1.00 1.04 1.08 1.12 1.14 1.15 1.19 1.22 1.22 1.23 1.25 1.27 1.30 1.31 1.28 1.27 1.27 1.25 1.22 1.20 1.20 1.19 1.16 1.14 1.08 0.98 0.93 1.14 1.38 1.45 1.48 1.50 1.41 1.29 1.24 1.25 1.30 1.40 1.50 1.58 1.62 1.63 1.57 1.54 1.57 1.67 1.68 1.65 1.61 1.59 1.60 1.64 1.65 1.54 1.53 1.63 1.90 2.09 2.09 2.32 2.51 2.49 2.42 2.10 1.59 1.30 1.25 1.41 1.63 1.58 1.41 1.31 1.38 1.54 1.63 1.58 1.42 1.41 1.38
0.81 0.82 0.86 0.92 0.96 0.99 1.04 1.08 1.12 1.16 1.16 1.17 1.21 1.22 1.23 1.24 1.26 1.28 1.29 1.27 1.26 1.25 1.23 1.19 1.17 1.16 1.13 1.12 1.14 1.11 1.03 1.02 1.20 1.35 1.40 1.43 1.40 1.34 1.30 1.27 1.28 1.33 1.39 1.51 1.69 1.78 1.65 1.57 1.54 1.56 1.67 1.67 1.64 1.67 1.66 1.63 1.66 1.63 1.46 1.48 1.69 1.97 2.26 2.53 2.71 2.59 2.32 2.02 1.57 1.25 1.15 1.22 1.54 1.80 1.70 1.40 1.24 1.37 1.53 1.53 1.49 1.45 1.46 1.40
0.81 0.82 0.86 0.92 0.96 0.99 1.03 1.08 1.13 1.17 1.17 1.16 1.19 1.23 1.23 1.24 1.25 1.26 1.27 1.25 1.24 1.23 1.20 1.16 1.14 1.09 1.04 1.08 1.18 1.18 1.09 1.08 1.17 1.27 1.34 1.37 1.34 1.35 1.37 1.34 1.33 1.35 1.42 1.65 1.89 1.76 1.52 1.50 1.53 1.56 1.65 1.68 1.72 1.75 1.71 1.65 1.65 1.56 1.39 1.42 1.68 2.12 2.62 2.89 2.66 2.17 1.77 1.39 1.10 1.03 1.10 1.39 1.86 1.96 1.56 1.15 1.10 1.33 1.45 1.43 1.48 1.53 1.49 1.43
0.81 0.82 0.87 0.92 0.97 1.00 1.03 1.09 1.15 1.17 1.17 1.17 1.19 1.22 1.23 1.23 1.25 1.25 1.25 1.23 1.22 1.20 1.18 1.13 1.09 1.00 0.94 1.06 1.27 1.25 1.12 1.12 1.18 1.23 1.29 1.30 1.31 1.41 1.47 1.41 1.38 1.41 1.54 1.83 1.87 1.53 1.41 1.51 1.56 1.62 1.66 1.71 1.76 1.77 1.75 1.70 1.58 1.41 1.31 1.40 1.83 2.59 3.07 2.87 2.27 1.78 1.38 1.03 0.91 1.02 1.34 1.87 2.13 1.83 1.33 1.01 1.11 1.38 1.46 1.47 1.60 1.65 1.55 1.52
0.82 0.84 0.87 0.92 0.97 1.00 1.04 1.10 1.16 1.17 1.17 1.18 1.20 1.21 1.22 1.23 1.24 1.23 1.23 1.22 1.20 1.19 1.16 1.10 1.03 0.90 0.85 1.09 1.32 1.28 1.16 1.17 1.22 1.21 1.22 1.21 1.26 1.50 1.60 1.49 1.44 1.52 1.69 1.85 1.72 1.43 1.44 1.58 1.66 1.68 1.64 1.71 1.79 1.84 1.90 1.71 1.38 1.25 1.36 1.65 2.37 3.13 3.09 2.42 1.81 1.43 1.09 0.84 0.88 1.25 1.88 2.25 2.06 1.61 1.20 1.00 1.18 1.49 1.55 1.58 1.68 1.65 1.55 1.63
0.82 0.85 0.89 0.93 0.98 1.01 1.05 1.12 1.15 1.16 1.17 1.19 1.21 1.21 1.21 1.23 1.23 1.21 1.21 1.21 1.20 1.18 1.14 1.07 0.97 0.83 0.82 1.10 1.32 1.27 1.21 1.25 1.25 1.21 1.17 1.14 1.23 1.57 1.73 1.57 1.49 1.66 1.78 1.79 1.68 1.49 1.51 1.63 1.74 1.71 1.63 1.76 1.90 2.02 2.01 1.57 1.18 1.30 1.73 2.21 2.87 3.17 2.63 1.84 1.40 1.13 0.85 0.76 1.03 1.65 2.25 2.24 1.83 1.45 1.10 0.98 1.21 1.60 1.69 1.63 1.63 1.57 1.56 1.72
0.83 0.86 0.90 0.95 0.99 1.02 1.07 1.13 1.14 1.15 1.17 1.20 1.21 1.22 1.21 1.22 1.21 1.20 1.20 1.21 1.20 1.17 1.11 1.04 0.94 0.82 0.87 1.12 1.26 1.21 1.24 1.35 1.30 1.24 1.22 1.20 1.30 1.60 1.86 1.71 1.63 1.83 1.82 1.79 1.71 1.54 1.54 1.63 1.79 1.82 1.73 1.86 2.02 2.11 1.95 1.40 1.21 1.56 2.11 2.61 3.00 2.84 2.16 1.51 1.20 1.01 0.79 0.84 1.40 2.06 2.38 2.14 1.69 1.30 0.98 0.93 1.17 1.61 1.67 1.58 1.56 1.53 1.59 1.73
0.84 0.87 0.92 0.97 1.01 1.04 1.08 1.13 1.14 1.15 1.17 1.20 1.22 1.22 1.22 1.21 1.21 1.20 1.19 1.21 1.19 1.15 1.09 1.03 0.94 0.88 0.96 1.13 1.16 1.12 1.25 1.41 1.38 1.39 1.49 1.45 1.44 1.71 2.01 1.89 1.87 1.95 1.83 1.82 1.71 1.55 1.59 1.72 1.98 2.02 1.85 1.93 2.06 2.06 1.82 1.36 1.29 1.67 2.25 2.79 2.86 2.31 1.67 1.25 1.05 0.95 0.86 1.08 1.78 2.33 2.37 1.93 1.44 1.12 0.93 1.01 1.28 1.51 1.61 1.59 1.54 1.48 1.52 1.59
0.87 0.88 0.93 0.99 1.04 1.07 1.09 1.12 1.15 1.16 1.17 1.20 1.22 1.23 1.23 1.21 1.20 1.19 1.18 1.20 1.18 1.13 1.10 1.04 0.97 0.95 1.02 1.07 1.04 1.01 1.18 1.42 1.55 1.75 1.82 1.60 1.53 1.83 2.13 2.04 1.98 1.92 1.76 1.76 1.65 1.55 1.69 1.93 2.14 1.99 1.77 1.86 1.91 1.88 1.65 1.20 1.19 1.68 2.33 2.81 2.52 1.74 1.26 1.04 0.99 1.02 1.01 1.25 1.96 2.41 2.14 1.51 1.16 1.08 1.09 1.25 1.35 1.41 1.61 1.72 1.60 1.43 1.41 1.48
0.90 0.91 0.94 1.00 1.07 1.10 1.09 1.12 1.15 1.17 1.17 1.20 1.22 1.23 1.23 1.21 1.19 1.18 1.18 1.19 1.18 1.13 1.10 1.06 1.02 1.02 1.03 1.00 0.92 0.90 1.13 1.49 1.77 2.03 1.91 1.49 1.50 1.96 2.19 2.00 1.85 1.69 1.55 1.58 1.53 1.50 1.74 1.97 1.92 1.68 1.60 1.65 1.64 1.70 1.50 1.03 1.19 1.78 2.39 2.73 2.25 1.37 0.96 0.97 1.16 1.24 1.18 1.37 2.04 2.34 1.81 1.30 1.28 1.34 1.32 1.33 1.31 1.40 1.65 1.82 1.67 1.41 1.37 1.45
0.94 0.94 0.95 1.02 1.10 1.11 1.10 1.13 1.16 1.17 1.18 1.20 1.23 1.23 1.23 1.21 1.19 1.18 1.18 1.19 1.17 1.13 1.10 1.08 1.08 1.06 1.03 0.97 0.87 0.94 1.31 1.69 1.88 2.08 1.88 1.40 1.50 2.02 2.06 1.73 1.59 1.46 1.39 1.46 1.44 1.47 1.71 1.80 1.59 1.51 1.55 1.53 1.53 1.59 1.42 1.13 1.38 1.89 2.37 2.56 1.97 1.15 0.82 1.00 1.40 1.47 1.38 1.58 2.09 2.22 1.73 1.53 1.68 1.60 1.41 1.34 1.36 1.47 1.69 1.84 1.60 1.30 1.31 1.40
0.96 0.98 0.99 1.05 1.13 1.12 1.11 1.14 1.17 1.18 1.18 1.20 1.22 1.22 1.22 1.20 1.19 1.20 1.19 1.18 1.17 1.15 1.11 1.11 1.12 1.07 1.03 0.95 0.91 1.10 1.47 1.75 1.80 1.98 1.97 1.54 1.58 1.92 1.81 1.51 1.46 1.37 1.33 1.39 1.37 1.46 1.63 1.55 1.40 1.48 1.53 1.50 1.51 1.48 1.39 1.33 1.55 1.92 2.25 2.33 1.87 1.18 0.89 1.10 1.55 1.64 1.56 1.69 2.01 2.21 2.00 1.90 1.84 1.57 1.40 1.41 1.47 1.59 1.77 1.77 1.46 1.22 1.30 1.42
0.99 1.01 1.04 1.11 1.15 1.13 1.13 1.15 1.18 1.19 1.18 1.20 1.22 1.22 1.22 1.20 1.20 1.20 1.19 1.18 1.18 1.17 1.14 1.14 1.13 1.08 1.01 0.95 0.97 1.14 1.47 1.68 1.73 1.95 2.10 1.78 1.58 1.70 1.60 1.40 1.35 1.26 1.23 1.27 1.31 1.45 1.49 1.38 1.39 1.49 1.50 1.48 1.46 1.40 1.39 1.51 1.69 1.86 2.04 2.19 1.92 1.32 1.05 1.18 1.56 1.70 1.69 1.77 2.10 2.40 2.19 1.88 1.65 1.41 1.34 1.38 1.46 1.60 1.67 1.55 1.35 1.28 1.36 1.47
1.02 1.04 1.09 1.16 1.19 1.16 1.14 1.16 1.20 1.21 1.19 1.20 1.21 1.21 1.21 1.20 1.20 1.20 1.19 1.18 1.20 1.18 1.16 1.15 1.12 1.08 1.02 0.98 0.97 1.14 1.48 1.68 1.83 2.07 2.16 1.79 1.42 1.40 1.39 1.25 1.16 1.12 1.17 1.23 1.34 1.47 1.40 1.37 1.47 1.51 1.48 1.47 1.46 1.43 1.51 1.67 1.77 1.78 1.85 2.09 1.99 1.44 1.14 1.22 1.48 1.72 1.86 2.03 2.40 2.46 1.93 1.55 1.39 1.24 1.27 1.34 1.35 1.37 1.34 1.29 1.30 1.27 1.30 1.39
1.07 1.07 1.12 1.19 1.21 1.18 1.17 1.18 1.20 1.21 1.20 1.20 1.20 1.21 1.21 1.20 1.20 1.20 1.19 1.20 1.20 1.18 1.17 1.15 1.13 1.09 1.04 0.96 0.98 1.27 1.64 1.81 1.96 2.09 2.01 1.62 1.25 1.13 1.14 1.09 1.03 1.09 1.21 1.29 1.42 1.51 1.42 1.44 1.51 1.47 1.50 1.52 1.53 1.58 1.69 1.75 1.74 1.73 1.76 1.99 2.05 1.60 1.25 1.25 1.41 1.74 2.07 2.35 2.46 2.04 1.42 1.26 1.25 1.28 1.37 1.32 1.22 1.16 1.19 1.29 1.27 1.17 1.18 1.26
1.14 1.14 1.17 1.21 1.22 1.21 1.20 1.19 1.20 1.22 1.21 1.20 1.20 1.20 1.21 1.20 1.20 1.20 1.20 1.20 1.20 1.19 1.18 1.17 1.15 1.11 1.06 0.99 1.14 1.59 1.80 1.83 1.88 1.87 1.79 1.47 1.06 0.90 1.00 1.04 1.05 1.17 1.30 1.40 1.51 1.54 1.48 1.50 1.48 1.48 1.61 1.64 1.62 1.69 1.77 1.77 1.72 1.72 1.77 1.96 2.04 1.74 1.41 1.29 1.35 1.70 2.24 2.52 2.18 1.47 1.13 1.26 1.51 1.60 1.41 1.21 1.22 1.22 1.29 1.37 1.25 1.15 1.15 1.23
