windninja/windninja_output/Output_2025-10-23_1000-1050_Google earth_Fire_150m_10min/merlingen_7.5mi_point_10-23-2025_1050_150m_ang.asc
ncols	158
nrows	163
xllcorner	391686.332397
yllcorner	5160024.123721
cellsize	150.000000
NODATA_value	-32768.000000
[rows 0 to 45 of 163, columns 0 to 95 of 158]
261 260 257 254 251 252 250 245 243 242 239 232 222 220 225 233 241 245 248 255 255 238 228 229 235 239 237 231 230 230 230 231 232 231 230 234 238 239 240 238 234 234 234 236 238 240 244 244 238 233 230 229 229 230 229 229 229 229 231 231 229 228 227 225 224 222 223 226 230 232 231 229 228 227 227 227 228 230 232 231 229 228 228 231 232 231 228 228 229 227 226 227 225 224 223 225
261 261 259 256 254 253 249 247 247 246 241 232 221 221 227 234 240 243 247 251 249 238 231 232 235 237 235 233 233 233 232 232 232 232 233 235 236 237 237 236 235 235 234 236 237 238 239 240 237 235 233 233 233 232 231 230 230 230 231 231 230 229 228 227 225 224 226 228 231 232 231 229 228 228 228 228 228 231 232 231 229 228 230 231 232 232 229 229 230 229 229 229 228 227 226 227
261 261 260 258 257 254 248 248 250 248 241 228 220 224 231 237 241 241 245 246 242 237 236 236 236 235 234 234 235 235 235 236 235 235 236 236 235 235 235 234 235 235 235 237 237 236 235 235 235 235 235 235 235 234 233 232 231 231 232 232 231 230 229 229 229 228 230 232 234 233 231 229 230 231 231 230 229 232 233 230 227 229 232 231 233 233 229 229 230 231 233 234 232 231 230 229
259 259 257 256 255 252 249 250 250 246 238 223 220 227 235 242 244 244 244 243 240 239 237 235 237 235 234 234 233 233 235 237 238 239 238 237 237 237 237 236 236 235 237 238 238 236 236 235 232 232 233 232 232 233 233 233 234 234 234 233 232 231 230 231 231 231 232 235 237 235 232 231 233 234 234 232 232 234 235 231 226 229 232 231 234 235 229 227 228 229 231 233 233 231 231 231
260 258 255 254 254 252 252 254 252 245 234 222 221 230 240 246 246 245 244 242 242 243 240 236 238 237 234 232 229 230 232 233 236 238 238 238 238 239 239 238 237 236 238 238 237 236 236 235 233 233 232 231 232 234 234 235 235 236 236 236 235 233 233 233 233 233 234 237 238 236 233 234 236 236 235 235 237 238 237 232 229 232 234 233 236 238 233 229 229 228 229 231 232 230 230 230
263 262 259 255 254 254 256 257 253 244 234 227 225 235 246 248 247 245 244 244 244 246 245 242 243 241 237 234 231 231 231 232 235 236 235 236 238 238 239 238 237 238 239 239 238 237 237 236 235 234 232 232 234 236 236 237 237 237 237 237 236 235 234 235 235 235 236 238 239 236 234 236 238 237 235 236 238 240 238 233 233 237 239 237 238 240 238 237 237 234 232 232 231 229 230 230
264 265 264 260 257 256 257 256 250 242 237 233 230 240 249 250 248 245 244 244 245 247 248 248 249 246 242 239 236 233 233 236 237 235 234 236 238 238 239 238 238 239 241 241 240 240 239 238 237 235 233 234 235 236 237 239 239 240 239 239 237 235 234 235 236 236 237 240 240 236 234 237 239 236 234 235 238 239 235 232 236 240 241 240 240 242 242 243 246 246 245 242 238 235 234 236
263 263 265 265 263 259 257 254 249 245 242 239 237 245 251 251 248 246 244 243 245 247 247 249 252 248 245 243 240 237 239 241 241 238 239 240 240 240 240 239 240 241 242 242 242 242 241 240 239 236 235 236 236 236 238 241 242 242 241 240 238 235 233 234 235 237 239 241 241 237 236 239 238 236 235 237 239 239 233 232 240 244 242 240 241 242 243 244 247 252 255 254 251 247 243 245
262 262 263 264 264 262 258 254 250 249 248 246 245 248 251 250 248 248 246 244 246 246 246 247 248 247 246 246 243 241 245 246 243 242 244 245 244 242 242 242 242 243 243 243 243 243 242 242 240 237 237 239 238 238 242 243 243 243 242 241 240 238 237 236 236 239 241 242 241 238 239 242 241 238 237 239 241 239 234 237 245 248 245 241 241 241 241 242 243 244 246 249 250 249 248 251
263 262 262 262 262 260 258 255 254 252 252 253 252 252 253 251 250 250 247 246 247 247 247 246 244 244 245 245 243 244 248 248 245 246 247 246 245 243 243 243 244 244 245 245 245 244 243 243 242 239 240 242 240 242 246 246 245 245 244 243 243 243 243 241 243 244 244 243 240 239 241 244 244 242 241 241 243 241 237 240 246 248 247 246 246 245 244 244 243 238 238 242 246 245 247 253
263 263 262 261 260 259 257 257 256 255 255 255 256 257 256 254 252 252 251 249 248 247 247 245 241 240 240 242 243 246 250 248 247 249 249 247 245 244 244 245 245 245 245 245 245 246 246 245 244 243 246 246 245 248 250 250 249 249 248 246 246 248 247 249 254 253 250 247 242 241 244 245 245 243 241 242 245 245 244 245 246 245 245 248 253 253 251 252 248 241 240 245 246 244 248 252
263 263 262 261 260 259 259 258 256 256 256 256 257 257 258 258 257 254 253 253 253 250 248 245 241 239 236 240 245 248 249 249 249 251 250 248 246 245 246 247 245 245 245 244 245 246 246 246 246 247 252 253 253 255 257 255 253 252 251 250 252 254 256 261 264 262 258 253 246 246 247 246 245 243 240 241 244 246 248 249 247 245 244 246 251 252 252 254 250 242 245 249 249 247 251 253
263 263 262 261 260 260 260 259 257 257 257 257 256 257 260 263 262 258 256 256 256 254 251 247 243 239 237 241 246 249 249 250 251 252 250 249 249 249 249 248 246 247 245 243 244 244 242 243 247 252 255 257 258 260 262 262 259 254 251 252 256 259 264 271 274 271 267 262 258 255 253 249 248 245 243 243 243 245 246 246 247 247 246 248 249 248 250 252 247 240 246 251 249 249 254 255
264 263 263 262 261 260 259 258 258 258 257 257 256 256 260 264 265 265 261 259 257 255 252 247 243 239 239 242 246 248 250 252 253 252 249 250 251 251 250 248 248 248 246 246 248 246 242 240 245 251 254 256 257 259 263 267 265 258 251 251 256 260 265 271 274 274 273 274 276 272 261 256 253 251 250 250 250 249 247 246 249 251 252 251 249 247 250 251 246 243 249 253 251 251 256 258
264 263 263 262 261 261 259 258 258 258 257 258 257 256 257 261 265 267 266 262 258 254 251 247 244 242 241 243 245 246 249 252 253 252 251 251 250 249 249 249 250 249 248 252 254 251 249 246 244 245 249 253 254 256 259 263 264 260 252 251 256 260 263 264 264 267 272 276 283 289 278 267 262 258 255 256 257 255 252 253 257 258 257 254 250 249 252 251 246 245 253 257 256 256 259 261
264 263 263 262 261 261 260 259 258 258 258 258 259 259 259 260 261 262 263 261 257 253 250 246 245 245 244 243 244 246 249 251 250 249 251 251 251 250 250 250 251 249 249 253 253 250 251 253 249 246 248 249 249 251 252 253 255 255 252 254 257 260 262 259 255 259 266 270 276 289 294 281 270 262 259 259 258 255 256 260 262 261 259 257 254 252 253 252 249 247 253 258 257 257 260 263
264 263 263 262 261 260 260 259 259 259 259 259 259 262 264 263 260 258 257 257 256 253 249 246 246 246 244 244 245 247 250 250 247 246 248 251 253 253 251 250 249 249 250 251 249 248 249 250 252 254 253 249 249 250 249 248 248 249 251 255 259 261 261 256 254 257 262 266 270 275 287 288 279 273 267 262 258 258 262 263 259 257 258 257 256 256 254 253 255 255 255 255 255 255 258 261
264 263 263 262 261 260 260 259 259 259 259 259 260 262 266 266 262 258 256 254 253 251 249 249 249 248 246 247 249 249 250 247 244 244 245 248 251 251 249 249 250 250 252 251 249 250 251 249 251 257 258 254 252 251 250 248 248 249 250 255 258 259 258 255 256 258 260 264 265 266 272 281 281 281 278 269 264 264 264 261 256 256 257 255 254 255 255 254 258 264 263 257 254 254 255 256
264 264 263 262 261 260 260 260 260 259 258 259 260 262 264 266 263 260 256 254 252 251 251 252 252 250 249 249 251 251 248 244 241 242 244 247 250 251 250 251 252 251 252 252 251 252 254 255 255 256 257 258 255 252 251 251 251 251 252 255 257 257 255 255 257 260 260 260 261 263 268 272 274 276 278 277 274 269 264 259 259 261 260 256 253 252 253 254 258 263 267 262 258 257 255 253
264 264 263 262 261 260 260 260 260 259 258 258 259 260 262 263 262 259 256 254 253 252 252 252 251 250 250 249 249 249 246 242 241 243 247 250 252 253 253 253 252 251 251 251 251 253 256 257 257 256 257 258 258 256 254 253 252 251 253 256 256 256 256 257 259 261 261 259 260 264 266 265 265 266 269 271 269 265 263 262 262 263 262 260 256 253 252 253 257 261 265 264 260 259 258 255
264 264 263 262 261 260 260 260 259 259 258 259 259 259 260 260 259 257 255 254 253 252 251 251 251 250 249 248 247 246 243 241 241 245 249 251 252 253 251 250 250 250 250 251 253 256 256 256 256 257 257 258 260 261 260 257 254 253 253 254 254 255 258 260 261 262 262 262 264 265 262 258 259 262 264 261 257 256 258 260 262 262 262 262 260 256 255 254 258 262 264 262 259 259 260 259
264 264 263 262 262 261 260 259 259 258 258 258 258 258 258 258 257 255 255 254 253 252 251 251 250 249 248 248 247 245 244 241 241 247 250 250 251 250 249 249 249 249 250 252 255 256 256 257 257 258 258 258 259 261 262 260 259 257 254 253 253 255 258 260 262 265 265 265 264 261 254 251 255 260 263 261 254 252 252 255 258 260 260 262 262 258 256 256 259 262 262 258 256 258 260 262
264 264 263 262 262 261 260 259 258 258 258 258 257 258 258 257 256 255 255 254 253 252 251 251 250 248 248 247 246 246 245 242 246 250 252 252 252 250 249 249 249 249 250 253 255 257 258 258 258 258 258 259 258 259 261 262 262 260 256 253 252 255 258 261 266 268 268 265 260 253 248 248 253 259 263 262 256 253 252 251 252 253 256 260 262 261 258 258 260 261 259 252 252 257 260 262
264 264 263 262 262 261 260 259 258 258 259 258 257 256 257 256 256 255 255 254 253 251 251 250 248 247 247 246 247 248 247 248 251 253 252 253 253 252 251 251 251 251 252 253 256 258 257 257 257 258 258 258 258 260 262 263 263 262 258 254 253 256 260 266 271 270 266 261 254 248 246 249 256 261 262 258 257 260 257 252 249 249 251 255 260 264 265 262 261 260 257 248 252 258 260 262
265 264 263 262 261 260 259 259 259 259 258 258 257 256 256 255 255 255 255 254 252 252 251 249 247 246 244 244 248 251 252 253 255 254 253 252 252 253 254 254 254 254 253 255 258 257 254 255 257 258 259 259 260 261 262 262 262 260 258 256 256 259 265 270 272 268 263 255 249 247 249 254 262 264 258 251 257 267 265 257 251 249 248 249 254 262 267 267 264 262 256 246 252 259 261 262
265 264 263 262 261 260 259 259 259 259 258 257 257 257 256 255 255 255 255 254 253 252 251 249 246 243 241 243 249 253 254 256 258 257 254 251 250 253 257 257 256 256 257 259 259 254 253 255 256 257 259 260 261 262 263 263 260 257 257 259 262 266 270 268 264 259 255 248 245 247 254 263 267 264 254 245 253 266 271 265 259 253 247 246 249 255 260 262 264 263 256 246 251 257 259 260
265 264 263 262 261 260 259 260 259 258 257 257 257 257 256 256 256 255 255 254 253 252 250 248 245 240 237 243 248 251 253 258 262 262 259 252 249 253 258 259 259 260 262 262 259 253 252 254 256 257 256 258 261 263 266 264 256 253 256 262 269 275 274 266 257 251 245 241 242 249 259 267 268 262 251 241 248 259 271 276 268 260 252 249 250 251 251 253 258 261 259 253 253 255 256 258
265 264 263 262 261 260 260 260 259 258 257 257 257 257 256 256 256 256 255 254 253 252 250 248 244 239 237 243 246 247 250 256 262 264 264 259 254 255 258 261 261 263 264 262 258 253 251 251 254 257 255 255 258 262 265 261 249 250 257 265 272 275 272 264 255 248 241 238 244 254 262 266 264 259 248 240 247 256 264 277 277 269 262 259 257 253 247 248 253 256 257 260 261 257 255 255
265 264 263 262 261 260 260 260 259 258 257 257 256 256 257 257 257 256 255 254 253 252 251 249 245 239 238 243 244 242 245 252 257 261 265 266 261 259 260 261 261 263 263 261 258 253 251 251 252 255 254 254 255 258 260 253 243 251 259 268 272 270 264 257 252 247 241 240 251 261 264 262 258 253 245 244 252 257 260 269 280 278 271 267 264 257 252 252 253 253 254 259 267 265 260 257
265 264 263 262 261 261 261 260 258 258 257 257 257 257 257 257 257 256 255 255 254 253 252 251 247 242 244 247 243 238 241 246 250 257 264 266 262 260 262 262 261 261 259 258 256 253 252 252 253 252 249 251 252 253 252 245 243 254 261 268 272 267 257 250 248 248 244 246 258 265 266 261 252 247 244 248 256 258 258 265 277 283 277 271 266 261 259 260 257 253 251 255 265 272 270 265
266 265 263 262 261 261 261 259 258 258 257 257 257 257 257 257 257 257 256 256 255 254 253 251 248 248 251 251 245 241 242 245 249 257 264 264 261 262 262 261 260 258 255 254 252 250 253 256 256 252 248 249 250 249 247 240 243 257 264 267 267 262 253 247 249 251 250 253 261 267 268 260 252 249 247 250 254 254 257 262 271 280 279 273 268 265 264 263 260 255 251 252 259 271 277 274
266 265 263 261 261 261 260 259 258 258 258 257 257 258 258 258 258 258 258 257 256 255 254 252 252 253 254 252 247 244 248 252 255 259 262 261 261 264 263 260 258 256 254 253 251 251 256 260 258 255 253 253 251 250 247 238 243 257 265 266 263 255 247 246 251 256 257 258 263 266 265 258 257 257 253 251 251 252 256 259 264 269 275 275 273 271 269 265 261 258 255 254 256 265 276 279
265 265 263 262 262 262 260 259 259 258 258 258 258 258 258 258 258 258 258 257 257 257 256 255 256 257 256 252 246 245 251 256 257 258 260 261 263 266 263 258 256 254 253 254 253 254 258 259 257 256 257 256 255 253 248 241 246 255 261 264 261 252 242 244 252 259 263 263 263 262 260 257 260 260 255 252 251 252 255 258 258 258 265 273 274 273 271 267 263 261 260 258 257 262 270 278
265 264 263 263 263 261 260 259 259 259 259 259 259 258 258 258 258 258 258 258 259 259 258 258 258 259 259 256 251 252 256 257 256 255 258 262 267 264 260 255 254 252 252 254 254 257 259 257 256 257 258 258 259 256 252 250 253 256 257 257 257 252 241 243 251 257 264 269 265 261 259 259 260 258 254 253 254 255 255 253 250 250 257 267 272 270 267 267 264 260 259 260 261 265 270 277
265 264 262 263 263 261 260 259 259 259 259 260 259 259 259 259 259 259 259 260 260 260 260 262 262 261 260 259 259 261 263 260 257 257 257 259 262 261 256 253 252 250 252 254 255 259 260 258 258 259 259 259 259 259 258 258 261 262 258 255 254 251 243 244 250 254 260 269 271 267 262 258 257 254 253 257 260 261 257 250 245 245 251 260 268 268 264 265 264 260 258 260 264 269 273 276
265 264 263 263 262 261 260 259 259 260 260 260 260 260 260 260 260 260 260 261 261 261 262 264 265 264 261 260 262 267 270 267 263 262 258 253 251 254 253 251 250 250 252 254 256 259 260 259 260 260 259 258 258 259 261 262 263 263 262 258 256 254 249 249 251 252 256 265 274 274 265 257 255 254 256 260 263 264 263 257 250 246 247 254 261 268 266 264 263 262 261 263 265 268 271 275
266 266 265 264 262 260 260 260 260 260 261 261 261 260 261 261 261 261 261 261 262 262 263 264 265 265 265 264 265 272 275 273 269 265 259 251 245 245 248 249 250 251 253 255 257 259 259 260 260 259 259 259 259 260 262 262 260 260 261 260 258 256 254 256 254 252 255 261 269 270 262 258 258 258 259 260 260 259 262 265 262 253 249 250 255 267 273 265 262 265 266 265 264 266 269 273
266 266 266 265 262 261 261 261 261 261 262 262 261 261 262 262 262 262 262 262 263 264 264 265 266 267 268 267 271 276 277 275 271 266 259 252 244 241 245 249 251 253 255 256 258 260 259 259 258 258 261 262 260 260 262 262 259 258 258 258 258 256 256 260 259 256 258 261 263 258 254 256 261 263 259 257 259 256 256 262 265 259 252 249 253 263 272 269 265 267 269 266 265 268 269 267
267 267 266 264 263 262 262 262 263 263 263 262 262 262 263 263 263 263 263 263 264 264 265 265 267 268 270 273 278 278 276 274 270 265 259 250 240 242 248 250 252 254 257 258 259 259 259 258 256 257 261 262 260 259 261 262 259 255 254 254 253 251 251 254 257 259 262 263 258 250 251 258 262 259 252 255 260 256 252 256 259 258 255 253 257 260 263 268 267 267 268 267 269 272 269 262
267 267 266 264 263 263 263 263 265 265 264 263 263 264 264 264 264 264 264 265 265 265 266 266 267 269 272 278 281 277 275 274 271 266 259 247 238 244 248 250 253 256 259 260 259 258 259 258 256 257 259 261 260 257 257 258 256 252 251 250 247 243 243 247 253 257 262 262 256 253 259 263 260 251 246 255 261 254 249 250 249 251 256 260 262 261 261 266 268 266 264 267 272 271 266 262
267 267 266 265 265 265 265 265 266 266 265 264 265 265 265 265 265 265 265 266 266 266 266 267 268 270 273 278 279 277 275 275 272 267 258 248 245 248 249 250 253 258 261 261 259 258 258 258 257 256 258 261 262 260 256 253 251 250 250 248 244 240 240 245 251 256 260 260 256 259 264 262 257 249 248 257 259 245 245 248 244 243 251 259 262 263 265 266 267 265 263 265 268 267 266 266
267 267 267 267 266 267 267 267 267 267 266 266 266 266 266 266 266 266 266 266 267 267 267 267 268 270 273 276 277 277 275 273 272 267 259 252 253 255 255 255 255 256 257 257 259 259 256 254 253 255 258 260 262 261 258 254 250 249 251 250 246 241 242 245 248 255 258 257 258 259 257 254 254 250 253 259 255 234 238 247 247 245 249 255 259 262 262 259 262 265 266 265 262 262 266 268
267 267 267 268 268 269 269 269 268 268 268 268 268 267 267 267 267 267 267 267 268 267 268 268 269 270 272 274 277 277 275 272 271 269 264 260 258 260 262 261 258 256 254 256 258 257 253 251 252 257 261 260 258 257 258 255 251 250 252 251 249 248 249 247 247 253 257 256 255 250 244 246 249 248 255 258 245 225 232 245 249 250 253 257 261 259 252 250 257 263 267 265 260 261 264 265
267 267 268 268 269 270 270 270 269 269 269 269 269 268 268 268 268 268 268 268 268 268 269 269 269 270 271 273 276 276 274 272 271 271 271 269 267 267 266 263 259 257 258 260 257 253 251 252 255 260 263 260 254 251 253 253 251 249 250 252 254 257 258 254 252 254 256 255 248 238 234 239 241 242 248 247 232 219 230 245 250 254 259 264 262 254 245 247 254 260 265 266 264 265 264 259
267 267 268 270 271 271 271 271 271 270 270 270 270 269 269 269 269 269 269 269 268 269 269 269 269 270 271 273 274 275 274 273 273 273 274 277 277 273 268 263 261 261 262 260 254 249 251 255 259 263 262 256 249 245 247 249 248 248 251 254 257 260 262 262 262 260 257 253 244 234 234 237 238 238 240 236 224 217 229 245 253 260 265 264 258 247 245 249 254 259 264 267 270 269 264 257
266 267 269 271 272 271 271 272 272 271 271 271 271 270 270 270 270 270 270 269 269 269 269 270 270 271 272 272 273 274 274 274 274 274 276 280 281 276 271 267 266 265 263 258 251 249 253 259 264 264 259 252 247 244 246 247 248 250 255 258 259 261 263 266 267 264 258 251 244 241 242 242 241 240 237 232 221 217 231 246 257 264 265 260 251 247 249 252 254 258 263 269 273 270 263 257
