windninja/windninja_output/Output_2025-10-23_1000-1050_Google earth_Fire_150m_10min/merlingen_7.5mi_point_10-23-2025_1020_150m_ang.asc
ncols	158
nrows	163
xllcorner	391686.332397
yllcorner	5160024.123721
cellsize	150.000000
NODATA_value	-32768.000000
[rows 44 to 87 of 163, columns 0 to 95 of 158]
327 326 325 323 321 320 319 318 317 316 316 316 315 315 314 314 314 314 314 314 314 314 314 314 314 314 315 315 314 313 312 311 313 316 320 323 320 316 314 314 314 313 312 312 314 318 317 317 317 316 315 315 320 324 321 316 314 314 313 313 315 317 318 319 318 320 324 328 337 346 347 344 344 342 341 347 359 5 360 347 338 333 328 324 327 339 345 341 336 332 329 326 320 318 327 341
329 328 326 323 322 321 319 319 318 317 317 316 316 315 315 315 315 314 314 314 315 315 315 314 314 314 314 314 314 314 313 313 314 317 319 319 316 313 311 313 315 312 309 309 315 319 318 317 316 315 315 315 318 321 319 314 314 314 314 317 319 320 322 322 319 318 321 325 334 340 340 341 342 344 347 355 6 8 359 346 336 329 324 321 328 338 338 336 334 331 329 324 318 318 328 340
331 329 326 324 323 321 320 319 319 318 317 317 317 316 316 315 315 315 314 314 315 315 315 314 314 314 314 314 314 314 314 314 314 316 318 318 316 314 314 314 314 310 306 308 316 318 317 315 314 313 313 313 316 317 316 314 314 315 316 319 322 323 322 322 320 318 320 324 332 335 333 335 338 342 351 1 9 5 351 340 331 325 320 320 328 334 333 332 332 331 328 323 320 322 330 339
331 329 327 326 324 320 319 319 319 319 318 318 318 317 316 316 315 315 315 315 315 315 314 314 314 314 314 314 314 314 314 314 314 315 316 317 316 314 314 313 312 310 307 311 318 316 314 312 310 312 313 314 316 316 319 320 318 317 317 320 323 321 319 318 316 316 319 324 330 333 332 332 335 341 353 5 9 359 343 333 325 320 320 325 330 332 332 331 331 330 328 325 325 329 334 340
331 329 328 328 324 320 318 319 320 319 318 318 318 317 316 316 316 315 315 315 315 315 315 314 314 314 314 314 314 314 314 314 314 314 316 316 315 313 313 312 311 309 308 313 318 315 312 310 310 313 315 315 314 314 319 320 318 318 319 323 324 318 313 312 311 312 317 323 328 331 331 332 334 342 355 5 4 353 341 331 326 325 326 330 333 333 333 334 332 330 329 328 330 334 338 343
330 330 330 330 325 319 318 319 320 319 319 319 318 318 317 316 316 316 315 315 315 315 315 315 314 314 315 315 314 314 314 315 315 315 316 317 315 314 314 313 311 308 309 314 315 311 309 309 310 314 319 318 317 320 323 321 318 317 319 323 323 317 310 307 308 312 317 323 327 330 331 332 335 344 355 359 356 349 342 335 331 330 331 333 334 333 334 335 331 330 331 331 334 338 341 348
330 331 333 332 325 321 320 320 321 320 320 319 319 318 318 317 317 316 316 316 316 316 316 315 315 315 315 315 315 315 315 315 315 315 315 316 316 315 314 314 312 310 312 315 313 308 306 307 308 312 315 315 317 323 324 321 318 317 318 320 319 314 307 304 308 313 318 323 326 328 329 331 337 345 350 350 348 346 342 337 333 332 333 334 333 332 332 331 329 329 331 334 337 343 347 353
330 332 335 333 325 323 323 321 321 322 321 320 320 319 318 317 317 317 317 316 316 316 316 316 315 315 315 315 315 315 315 315 315 315 315 315 314 314 314 314 313 311 312 315 312 307 305 307 309 314 318 318 318 320 320 317 315 315 317 318 316 312 305 303 308 315 320 325 327 328 329 332 338 343 344 343 343 343 340 336 333 332 331 331 331 330 328 327 326 327 330 334 338 347 351 350
332 333 335 331 324 323 325 322 321 323 323 321 320 319 318 318 317 317 317 317 316 316 316 316 315 315 315 315 315 315 315 315 315 315 315 315 314 314 314 315 314 311 312 314 312 308 307 313 320 325 326 324 323 321 317 312 311 313 316 317 316 312 305 303 309 318 323 328 330 330 331 335 340 342 341 340 340 338 335 332 334 334 332 329 327 326 325 325 325 327 330 334 339 345 346 340
335 335 335 331 325 325 326 323 321 323 323 322 321 320 319 318 318 318 317 317 316 316 316 316 316 316 316 316 315 315 315 315 315 315 315 315 315 314 314 315 315 312 312 314 313 310 312 322 324 325 326 324 323 320 314 310 311 315 317 316 316 312 305 304 312 321 328 333 334 332 334 338 342 342 340 339 339 336 330 329 332 334 333 333 330 326 325 326 327 328 331 334 338 341 334 328
336 335 334 332 327 327 329 325 321 321 322 322 321 320 319 319 319 318 318 317 317 317 316 316 316 316 316 316 316 316 315 315 315 315 315 315 315 314 314 315 314 312 310 312 312 311 316 323 322 322 324 322 319 315 310 308 314 320 321 319 317 313 307 307 315 326 334 339 339 337 338 342 344 341 338 339 339 336 330 330 332 332 334 337 338 335 331 329 330 332 333 334 335 335 321 318
335 333 331 330 325 324 326 325 321 320 321 321 321 320 319 319 318 318 318 318 317 317 317 317 316 316 316 316 316 316 316 316 316 315 315 315 315 315 314 314 313 310 308 309 311 313 317 321 320 321 324 321 318 314 308 309 319 325 323 320 319 316 311 311 318 330 337 341 340 339 343 347 343 339 338 339 340 335 332 333 333 332 333 336 339 341 342 341 339 336 332 330 330 328 318 315
334 332 330 330 325 321 322 324 321 319 320 322 320 319 320 319 318 318 318 318 318 317 317 317 317 317 317 316 316 316 316 316 316 316 315 315 315 315 314 314 312 311 310 311 313 315 317 318 318 321 324 319 317 313 307 310 323 326 323 320 318 315 312 312 319 330 337 340 339 341 348 346 341 339 339 341 339 335 333 334 334 332 332 334 337 340 346 350 350 345 334 328 328 328 322 321
334 332 331 332 330 326 324 324 322 320 322 325 322 320 320 319 319 319 318 318 318 317 317 317 317 317 317 317 316 316 316 316 316 316 316 315 315 315 315 314 314 313 313 313 313 314 315 315 316 320 322 317 314 310 305 311 325 326 322 320 317 314 311 311 318 329 336 340 342 345 345 341 339 339 340 341 339 335 334 336 336 334 333 334 334 337 343 350 352 347 338 332 330 328 323 325
334 333 332 331 331 329 327 326 324 321 323 326 324 320 319 319 318 319 319 318 318 317 317 317 318 318 317 317 317 317 316 316 316 316 316 316 316 315 315 315 314 314 314 314 313 313 312 313 314 317 320 317 313 309 306 313 324 323 319 317 316 314 312 312 318 329 337 343 348 345 340 338 339 338 339 339 336 334 335 337 339 338 336 336 337 339 343 346 345 340 331 328 328 326 322 328
334 334 333 331 330 328 327 325 323 320 321 325 324 321 320 319 319 318 318 319 318 318 317 318 318 318 317 317 317 317 317 317 316 316 316 316 316 316 315 315 315 315 315 314 314 313 313 313 314 316 320 318 312 309 307 313 321 318 315 314 314 313 313 314 319 329 338 346 349 342 337 337 337 336 338 337 333 332 335 337 339 339 339 341 343 345 346 344 339 330 324 322 323 323 323 341
335 335 334 332 330 327 325 323 321 320 321 324 325 323 322 321 320 318 318 319 319 319 318 318 318 318 318 317 317 317 317 317 317 317 316 316 316 316 316 316 315 315 315 315 315 314 314 315 315 317 320 318 311 307 307 313 317 314 312 312 312 312 312 314 319 327 337 349 347 337 335 335 334 334 336 335 332 333 336 338 339 339 340 343 345 346 345 339 331 324 321 320 321 325 334 357
338 337 335 333 331 328 325 322 321 322 323 325 325 324 324 323 322 320 319 319 319 318 318 319 318 318 317 317 317 317 317 317 317 317 317 317 317 316 316 316 316 316 316 315 315 315 315 316 316 317 319 317 309 305 305 310 311 309 309 309 309 310 311 314 319 327 339 350 342 334 334 334 332 332 334 333 332 335 339 340 341 341 342 344 343 340 336 332 325 320 321 323 325 335 353 12
341 339 336 333 331 328 326 323 322 322 323 325 324 324 324 324 323 322 321 320 319 318 318 318 318 318 317 317 318 318 317 317 317 317 317 317 317 317 317 317 316 316 316 316 316 316 316 316 316 317 318 317 310 306 307 310 308 307 307 308 309 311 313 316 320 327 342 348 337 332 333 332 331 331 333 333 334 337 340 343 344 345 346 345 342 335 328 324 321 320 322 325 332 349 8 28
346 343 336 332 329 327 326 324 323 323 322 323 324 324 324 323 324 324 323 322 320 319 319 319 319 318 318 318 318 318 318 318 318 318 317 317 317 317 317 317 317 317 317 317 316 316 316 316 316 316 318 318 313 310 313 314 309 307 308 309 312 314 315 316 316 321 335 337 333 332 333 331 329 331 333 335 337 339 343 346 347 350 350 346 342 333 324 321 318 318 324 331 344 7 26 44
354 347 336 331 327 325 324 322 322 322 322 322 324 325 324 323 324 325 324 323 323 321 319 319 319 319 318 318 318 318 318 318 318 318 318 318 318 318 317 317 317 317 317 317 317 317 317 316 316 316 317 317 314 311 315 316 310 308 309 311 314 316 314 308 306 314 326 329 330 332 332 331 329 330 334 337 339 341 346 349 351 352 349 345 339 327 322 319 317 320 331 342 3 27 47 66
360 352 338 332 328 326 324 321 319 320 319 320 324 326 325 323 323 324 324 324 324 323 321 320 320 319 318 318 319 318 318 318 318 318 318 318 318 318 318 318 318 318 318 317 317 317 317 317 316 316 316 315 314 311 313 316 311 309 309 310 312 317 317 314 317 323 327 329 330 330 331 330 328 331 335 337 338 341 348 352 354 352 347 343 334 323 319 318 321 331 342 360 26 49 69 86
359 353 342 334 329 327 327 326 323 322 320 321 324 325 325 324 323 323 323 324 326 326 324 322 321 319 318 319 319 319 319 319 318 318 318 318 318 318 318 318 318 318 318 318 318 318 317 317 317 316 316 315 313 311 312 313 310 307 306 306 312 324 325 323 324 326 328 329 330 329 329 328 327 331 335 336 337 342 350 354 353 349 344 339 330 322 318 320 329 343 358 23 47 70 86 94
352 349 346 341 333 329 331 331 327 323 322 323 325 326 325 324 323 323 323 323 326 328 327 325 324 321 319 318 317 317 318 318 318 318 318 318 318 318 318 318 318 318 318 318 318 318 318 317 317 317 316 315 314 312 311 310 307 303 300 301 313 324 322 321 322 325 328 330 329 328 328 327 326 330 334 336 338 343 350 350 346 342 335 331 325 317 315 323 338 356 18 44 68 81 87 87
337 340 345 346 341 337 339 340 333 325 323 325 326 327 328 326 324 323 323 322 323 325 326 327 327 325 321 317 316 316 317 318 318 318 319 319 319 319 319 319 319 319 319 319 319 318 318 318 318 317 316 316 315 314 312 309 306 303 300 301 309 316 316 316 318 322 327 329 329 328 328 326 324 327 332 334 337 343 346 342 337 332 325 321 316 307 307 328 348 15 40 66 81 84 77 65
324 326 334 339 338 340 346 348 340 333 333 335 335 334 334 332 329 325 324 323 323 323 323 324 328 329 324 318 316 316 316 317 318 318 319 319 319 319 319 319 319 319 319 319 319 319 319 318 318 318 317 316 316 315 313 311 309 307 305 304 307 310 310 310 311 315 321 325 327 328 329 326 323 327 332 334 336 340 341 336 330 323 317 315 311 304 309 337 5 36 60 74 76 68 55 41
323 321 318 319 321 329 340 343 336 332 336 341 341 340 340 338 335 330 327 325 323 322 321 321 326 331 324 320 319 318 317 317 318 318 319 319 319 319 320 320 320 320 320 319 319 319 319 319 318 318 318 317 316 316 315 313 312 311 309 308 308 308 306 304 303 307 311 315 319 324 328 325 323 328 334 335 336 337 336 331 325 319 317 314 308 305 317 349 27 56 68 67 56 43 31 20
328 325 319 314 310 310 318 324 321 319 325 333 334 336 337 337 336 333 331 329 326 323 321 321 327 331 326 323 323 322 321 319 318 318 319 319 319 320 320 320 320 320 320 320 320 320 319 319 319 319 318 318 317 316 316 315 314 313 313 312 312 310 308 306 304 304 304 305 308 315 322 321 321 328 334 335 334 334 333 329 324 321 321 314 307 309 332 8 53 69 66 52 36 22 13 3
333 331 326 322 317 313 313 315 311 306 308 314 318 322 324 328 329 329 330 331 330 327 324 324 328 330 326 323 324 325 324 322 320 319 319 319 319 320 320 320 320 320 320 320 320 320 320 320 319 319 319 318 318 318 317 316 316 315 315 314 314 313 312 312 310 308 306 304 305 307 310 311 314 322 329 330 330 330 333 332 330 327 321 314 309 319 355 38 67 66 49 35 25 11 356 341
339 335 330 326 322 318 316 314 310 307 310 314 318 320 321 323 324 323 324 327 329 329 328 328 330 331 326 322 323 324 325 325 323 322 321 320 320 320 320 320 321 321 321 321 321 320 320 320 320 320 319 319 319 318 318 318 317 317 317 316 316 315 315 314 314 313 312 310 309 307 305 304 305 314 321 324 325 328 334 337 335 328 319 313 314 339 26 58 59 43 25 17 16 2 340 331
347 341 332 327 322 317 315 313 311 312 314 316 319 321 322 323 323 322 322 324 325 325 326 327 329 330 327 324 322 322 324 325 324 324 324 323 322 321 321 321 321 321 321 321 321 321 321 320 320 320 320 320 320 319 319 319 319 318 318 318 318 317 317 316 316 315 315 314 313 312 310 308 308 313 319 321 324 329 336 339 334 325 316 312 324 16 56 54 35 24 9 2 359 341 332 328
359 350 335 327 319 313 311 311 311 313 314 315 318 319 321 323 324 323 323 323 323 322 323 324 326 329 326 324 323 322 324 324 324 324 325 325 323 322 322 322 322 322 322 321 321 321 321 321 321 320 320 320 320 320 320 320 320 320 319 319 319 319 319 318 318 318 317 317 316 316 315 314 314 316 319 320 323 331 338 337 327 319 312 312 351 49 53 35 22 13 353 347 340 328 326 327
17 5 342 326 313 307 306 306 308 311 313 316 318 318 320 322 323 322 322 323 324 323 323 323 325 327 325 322 322 323 323 323 322 321 321 322 322 322 322 323 322 322 322 322 322 321 321 321 321 321 321 321 321 321 321 321 321 321 321 321 320 320 320 320 320 320 319 319 319 319 318 318 318 319 320 319 322 330 336 330 319 313 308 316 59 67 43 33 20 357 342 339 328 320 321 328
37 28 356 320 305 300 300 301 304 309 313 317 318 319 320 321 322 321 322 324 323 323 323 324 327 328 324 321 320 321 322 322 322 322 322 322 323 322 322 323 323 323 322 322 322 321 321 321 321 321 321 321 321 321 321 322 322 322 322 322 322 322 322 322 321 321 321 321 321 321 321 321 321 321 321 319 321 327 329 322 313 308 313 1 75 56 36 17 2 348 341 335 328 321 324 334
57 55 33 310 291 291 293 298 305 312 317 320 320 320 321 322 322 322 323 324 323 323 323 324 329 330 324 321 321 322 323 323 324 324 324 325 325 324 323 323 324 324 323 322 322 322 321 321 321 321 321 321 322 322 322 322 322 323 323 323 323 323 323 323 323 323 323 323 323 323 323 323 323 323 322 321 322 325 325 317 310 315 342 9 9 10 9 358 345 340 335 332 327 325 330 339
65 66 52 333 295 294 301 305 310 317 322 324 323 322 323 323 323 323 324 324 323 323 322 324 330 330 325 323 323 325 325 324 324 325 324 325 327 328 325 323 324 324 323 322 322 321 321 320 320 320 320 321 322 322 323 323 323 323 323 324 324 324 324 324 324 324 324 324 324 324 324 324 324 325 324 324 324 325 323 317 316 332 350 355 359 2 359 346 336 331 328 328 327 327 334 342
61 56 24 340 321 323 325 324 323 326 329 328 326 325 324 324 323 324 324 324 323 322 322 324 329 328 325 324 325 327 326 325 325 327 326 326 328 330 328 326 326 325 322 321 321 320 319 318 318 318 319 321 322 323 323 324 324 324 324 324 325 325 325 325 325 325 325 325 325 326 326 326 326 326 326 326 326 326 324 321 328 341 347 351 356 356 345 334 330 327 325 326 327 330 335 341
62 52 2 330 325 333 345 344 339 338 337 334 330 327 325 324 324 324 324 323 322 322 322 324 328 327 323 323 325 327 327 326 326 327 328 329 330 330 329 329 330 329 324 321 318 316 315 314 312 313 316 319 322 323 324 324 325 325 325 325 325 326 326 326 326 326 326 327 327 327 327 327 327 327 328 328 328 328 327 327 335 343 348 352 355 349 334 328 327 327 327 327 329 333 339 342
67 47 338 326 327 343 358 357 353 350 347 341 333 329 326 324 324 323 322 322 321 321 322 324 328 327 323 323 325 326 326 324 323 323 324 327 329 330 330 330 333 334 332 328 326 323 322 321 319 317 318 319 321 323 325 325 325 325 326 326 326 326 327 327 327 327 327 328 328 328 328 328 328 329 329 329 329 329 330 331 336 343 349 355 353 337 328 325 325 327 329 331 334 339 343 346
5 353 339 335 338 348 357 2 2 358 353 343 335 330 326 324 323 321 320 320 320 320 320 323 327 327 324 325 325 325 325 324 323 322 321 321 323 327 328 330 332 334 334 334 333 333 332 332 330 330 330 328 326 326 326 326 326 326 326 326 327 327 327 328 328 328 328 329 329 329 329 329 329 330 330 330 330 331 331 333 337 343 350 353 343 329 323 323 324 325 327 332 337 342 347 351
328 334 341 345 350 353 360 7 9 2 351 343 337 331 325 323 321 320 318 318 318 318 319 321 324 326 325 326 326 326 326 327 327 326 323 321 320 321 324 327 329 331 331 331 330 330 330 329 328 330 333 333 332 331 329 327 327 327 327 327 327 327 328 328 329 329 329 329 330 330 330 330 330 331 331 331 331 332 333 335 340 345 349 348 334 326 322 321 322 323 325 329 336 344 350 356
300 310 331 340 349 355 9 18 7 353 345 342 338 332 326 324 322 319 317 316 315 315 316 318 321 324 324 324 325 325 327 328 329 330 328 325 323 322 322 323 326 328 328 327 326 325 324 322 321 323 326 329 331 331 330 328 327 327 327 327 327 328 328 329 329 330 330 330 330 331 331 331 331 331 332 332 332 333 334 336 340 345 348 343 328 323 323 323 325 326 327 331 337 345 353 358
292 296 312 321 338 1 24 9 348 342 341 342 338 331 327 325 323 318 313 311 309 309 309 310 317 325 327 325 325 325 327 328 330 332 332 331 331 330 327 324 324 326 328 328 327 325 323 321 319 320 322 324 327 328 328 327 327 327 327 327 328 328 329 329 330 330 331 331 331 331 332 332 332 332 332 333 333 333 334 335 338 341 343 337 325 321 321 323 326 328 330 334 339 344 350 357
296 295 292 298 330 357 359 347 340 339 342 342 335 331 327 325 323 317 311 308 308 306 304 309 320 330 333 330 328 328 328 327 328 329 329 331 334 334 333 331 329 328 328 328 328 326 324 322 321 321 322 323 324 326 326 325 325 325 326 326 327 328 329 330 330 331 331 332 332 332 332 333 333 333 333 333 333 333 334 334 335 336 335 330 323 321 322 322 324 327 331 334 336 340 347 356
