windninja/windninja_output/Output_2025-10-23_1000-1050_Google earth_Fire_150m_10min/merlingen_7.5mi_point_10-23-2025_1020_150m_ang.asc
ncols	158
nrows	163
xllcorner	391686.332397
yllcorner	5160024.123721
cellsize	150.000000
NODATA_value	-32768.000000
[rows 88 to 131 of 163, columns 0 to 95 of 158]
321 313 311 324 338 348 349 347 344 343 343 338 334 334 332 330 327 318 312 310 311 311 313 321 332 340 338 334 332 331 330 329 327 326 324 324 327 331 333 333 333 333 331 330 330 329 327 325 324 325 325 325 325 326 326 325 324 323 323 325 327 329 330 331 331 332 332 332 333 333 333 333 333 334 334 334 334 333 333 333 332 330 327 321 317 318 321 323 326 328 330 331 332 335 344 359
350 340 333 339 342 344 347 350 351 347 339 337 338 338 337 336 329 319 312 312 314 317 323 332 345 349 342 337 335 333 332 331 329 329 326 323 323 325 326 328 330 332 332 331 330 330 329 327 326 327 329 329 329 330 330 330 329 324 320 321 326 329 331 331 332 332 333 333 333 334 334 334 334 334 334 334 334 334 333 332 330 327 323 315 308 306 310 317 323 326 325 327 333 342 354 13
346 343 342 344 341 340 344 349 352 346 339 340 344 343 342 340 332 322 312 310 317 324 333 346 356 355 347 340 337 334 333 331 330 330 329 326 325 325 326 326 327 328 330 330 329 329 328 327 327 327 328 330 331 332 334 335 333 329 323 323 328 331 332 333 333 333 333 334 334 334 334 335 335 335 335 335 334 334 333 332 330 327 324 317 310 306 308 311 317 318 317 324 342 358 11 24
338 343 349 348 343 341 342 346 350 347 343 347 351 350 348 344 337 328 313 310 320 333 349 358 3 360 350 342 338 335 333 331 330 330 329 328 328 328 327 329 330 330 330 329 328 328 327 326 326 326 326 328 329 332 336 339 337 333 331 332 335 334 334 334 334 334 334 334 334 335 335 335 335 335 335 335 335 334 333 332 330 328 326 322 318 316 315 314 315 313 311 322 346 6 28 46
332 339 347 348 348 347 345 348 354 355 352 352 354 354 350 345 339 334 325 324 329 349 3 9 10 3 351 344 339 336 333 331 329 329 329 329 329 329 328 328 330 333 333 330 328 327 326 323 321 320 321 323 326 330 335 337 335 333 335 339 341 339 336 335 335 334 334 335 335 335 335 336 336 336 336 336 335 335 334 333 331 329 326 322 319 316 315 313 310 306 298 297 313 28 63 73
323 330 340 345 346 346 348 352 358 0 359 357 356 355 355 352 344 338 333 334 345 3 12 17 14 3 352 345 340 336 333 330 327 327 328 329 328 328 328 328 330 333 335 333 331 329 325 323 320 318 316 318 325 329 331 329 326 327 331 337 341 341 338 336 335 335 335 335 335 336 336 336 336 337 336 336 336 335 335 334 332 330 327 323 317 312 310 306 300 294 294 305 326 5 35 49
313 321 333 337 337 340 347 353 358 357 357 358 358 357 358 354 349 344 338 344 5 14 21 22 15 3 352 345 341 338 333 327 324 326 328 329 328 328 328 329 332 335 336 337 338 336 332 328 324 323 322 324 330 332 330 326 321 321 326 332 336 339 338 336 335 335 335 335 336 336 336 337 337 337 337 337 337 336 336 335 334 332 330 327 322 317 312 308 305 310 320 332 345 358 10 21
302 310 325 329 329 332 339 346 349 348 348 353 356 359 357 351 351 349 343 354 22 33 37 31 14 359 350 345 342 341 335 329 327 329 330 328 327 327 328 329 331 334 335 338 342 343 340 336 332 329 329 333 338 337 332 328 325 324 327 330 333 336 336 335 335 335 335 335 336 336 337 337 338 338 338 338 337 337 337 336 335 334 333 331 328 326 323 322 324 328 334 341 349 357 5 13
295 302 316 323 325 329 334 337 336 332 330 338 351 360 358 348 348 344 341 17 59 72 67 39 3 349 346 343 341 339 334 331 331 331 331 328 326 325 326 327 329 331 332 334 338 341 342 340 337 334 335 340 344 340 335 331 328 326 327 329 332 335 335 334 334 335 335 335 336 336 337 338 338 338 338 338 338 338 338 337 337 336 335 334 333 332 332 332 334 337 341 346 352 358 3 10
294 298 308 316 320 325 330 332 326 319 314 307 345 11 359 345 341 341 351 63 93 96 88 6 338 340 343 342 339 333 328 327 328 329 328 325 323 323 324 326 328 329 330 329 330 333 335 334 333 334 338 343 343 341 337 333 329 327 327 327 330 332 332 333 333 334 335 335 336 337 338 338 338 338 338 339 339 339 338 338 338 338 337 337 336 336 337 338 340 342 345 349 354 358 3 9
288 290 294 297 304 310 318 324 319 309 280 233 182 144 104 304 309 307 115 101 91 72 8 334 337 345 347 343 336 329 323 321 322 324 325 323 320 319 321 324 326 328 330 328 326 325 324 324 326 330 336 340 342 341 338 335 333 331 330 330 330 330 329 329 331 332 333 334 335 337 338 338 338 338 339 339 339 339 339 339 339 339 339 339 339 340 340 341 343 346 348 352 355 359 4 8
279 277 273 275 278 277 274 274 264 244 224 203 168 149 165 201 188 159 141 120 51 355 341 343 353 358 353 344 335 327 322 319 318 319 321 322 321 319 319 321 324 326 329 329 328 327 326 326 329 334 337 339 342 342 340 338 337 336 334 334 335 333 330 328 328 329 331 333 335 336 337 338 338 339 339 339 339 340 340 340 340 340 341 341 341 342 343 344 346 348 351 354 357 0 4 8
282 278 271 267 261 250 240 231 220 208 199 184 170 167 166 169 164 144 127 23 342 334 337 358 21 15 359 345 334 324 316 312 310 312 315 318 319 320 319 320 322 325 327 329 329 328 328 329 332 336 338 340 342 343 343 342 341 340 338 337 338 338 336 333 330 329 330 332 335 336 337 337 338 338 339 339 339 340 340 340 341 341 342 342 343 344 345 347 348 350 352 355 358 1 4 8
292 289 279 269 254 240 229 219 211 206 199 184 168 156 150 152 9 9 4 343 329 329 343 36 51 28 1 345 330 316 307 304 304 305 308 311 313 315 316 319 322 324 325 327 327 327 328 330 333 336 339 342 342 343 343 344 344 343 342 341 339 339 338 338 336 334 333 333 334 335 336 336 337 338 338 339 339 340 340 341 341 342 342 343 344 345 347 348 350 352 354 356 359 1 4 8
303 299 289 278 263 247 235 227 218 213 210 197 154 45 357 350 350 353 353 340 330 336 41 64 53 29 3 343 325 311 306 304 303 303 303 304 307 309 312 316 320 322 323 325 327 328 330 333 335 337 339 342 343 344 344 344 345 345 346 346 343 341 340 340 339 338 338 338 337 336 334 334 335 337 338 338 339 339 340 340 341 342 343 344 345 346 348 349 351 353 355 357 359 2 5 8
320 317 307 298 288 279 263 246 240 237 239 264 334 340 336 336 340 344 345 338 335 46 79 66 47 34 7 343 324 311 308 306 303 303 302 303 304 305 307 310 315 319 320 322 325 326 328 332 336 338 340 341 343 344 345 346 346 346 347 348 347 346 345 343 342 342 342 342 342 341 337 334 333 334 335 336 337 338 338 339 340 342 343 344 345 347 348 350 352 354 356 358 360 2 5 7
341 338 332 324 315 306 293 268 251 247 262 289 314 317 313 311 316 325 327 327 50 74 59 44 38 26 3 344 328 315 308 305 302 302 303 303 303 303 304 307 312 316 318 319 322 323 325 328 334 339 340 341 343 343 344 346 348 348 348 348 348 348 347 346 345 347 347 347 347 346 343 341 337 332 330 330 331 333 336 337 339 340 342 344 345 347 349 350 352 354 356 358 360 2 5 8
1 359 356 354 348 342 334 314 265 266 269 274 285 294 296 295 289 278 258 178 107 53 33 30 22 10 358 346 336 322 311 306 304 304 304 303 305 307 308 309 313 316 316 317 320 323 324 327 333 338 340 342 344 345 345 345 348 349 350 349 350 350 348 346 347 349 349 350 351 349 348 350 348 341 334 329 328 330 331 332 334 337 340 343 345 347 349 351 353 355 356 358 0 2 5 8
18 16 14 13 13 10 14 18 334 322 328 324 320 320 313 303 295 288 294 11 26 8 10 13 9 3 356 351 342 327 318 315 314 310 304 304 309 313 313 313 314 316 317 317 319 321 324 326 330 335 338 342 345 347 348 348 348 349 350 351 352 351 350 349 349 350 351 352 352 352 352 353 353 351 347 341 338 335 333 329 330 333 338 341 344 347 349 351 353 355 357 359 0 3 5 8
30 27 24 24 22 19 16 8 353 347 346 346 348 348 341 330 323 326 342 1 1 351 352 358 0 359 357 354 344 333 327 325 326 318 308 311 317 319 316 314 316 317 317 318 320 321 324 326 329 332 335 338 343 346 350 351 351 350 351 353 353 352 351 351 352 352 354 354 353 354 355 354 353 353 352 349 346 343 341 339 336 334 335 339 343 346 348 351 353 355 357 359 1 3 6 8
36 34 30 26 20 12 5 0 355 353 354 357 1 3 357 348 343 347 0 2 349 343 347 352 353 354 354 351 343 337 335 334 335 323 313 318 325 324 318 318 321 319 317 320 322 322 324 327 329 332 335 337 340 343 348 352 353 353 352 353 355 354 352 352 354 354 356 356 355 354 356 357 355 353 353 353 351 348 345 344 344 340 335 336 340 345 348 350 353 355 357 359 1 3 5 8
41 38 29 20 11 5 3 2 1 1 7 11 12 10 2 352 350 358 7 3 350 342 347 351 348 347 349 348 340 337 341 342 340 327 317 323 328 325 323 326 327 319 316 320 322 322 324 326 329 331 335 338 341 344 346 350 353 354 353 354 356 357 356 356 357 356 356 356 357 355 356 357 356 354 354 354 354 353 350 348 348 347 341 337 338 342 347 350 352 355 357 358 0 2 5 8
43 38 26 17 10 8 10 14 17 17 16 17 15 8 358 351 352 2 6 3 356 348 348 349 345 340 343 346 341 341 344 344 343 331 321 324 328 327 330 334 332 321 318 320 321 322 324 327 329 330 333 337 342 345 347 349 352 354 354 354 355 358 0 1 0 360 357 356 357 357 356 355 356 357 356 356 357 358 357 353 350 349 347 343 339 340 344 348 352 354 356 358 360 1 4 7
42 36 28 23 21 23 25 25 25 22 20 19 12 1 353 349 354 3 5 3 1 358 351 349 345 339 336 337 339 345 348 346 343 334 327 330 331 333 338 341 336 331 328 322 320 321 323 326 327 328 331 335 341 345 347 349 351 354 355 355 355 358 2 3 3 2 1 359 357 356 354 354 356 359 359 359 360 1 1 358 354 351 351 349 346 343 344 347 351 353 355 356 358 359 2 6
45 41 36 34 31 29 26 25 23 21 18 13 4 356 351 351 357 3 1 359 1 4 1 354 348 337 330 326 330 341 349 350 343 333 330 336 341 343 346 344 340 337 331 326 325 324 324 324 324 325 329 334 340 344 346 349 351 354 357 357 357 358 1 3 3 4 5 4 1 356 354 353 356 359 1 1 2 2 3 2 359 355 354 354 352 351 350 351 352 353 351 350 353 357 1 5
49 46 42 40 36 31 26 23 20 18 12 4 0 357 353 352 357 359 354 354 357 4 11 6 350 337 332 327 325 331 343 350 345 332 330 339 349 353 351 347 344 337 328 327 330 329 325 323 323 323 326 332 339 343 346 349 351 353 357 359 359 359 2 2 2 3 5 6 5 1 357 356 356 359 2 3 3 3 3 5 5 1 359 359 357 356 357 358 357 355 347 346 351 357 2 5
50 48 44 39 34 30 25 22 19 15 5 356 358 1 358 353 351 351 348 348 351 1 12 12 355 345 344 340 332 329 335 344 344 336 333 340 349 353 353 351 346 335 329 331 335 333 330 329 327 325 325 330 336 342 346 349 351 353 356 359 0 0 2 2 2 2 5 6 6 5 2 1 360 360 2 5 5 4 3 5 8 7 5 3 2 0 1 1 358 353 350 351 354 360 5 7
49 47 41 36 31 28 25 24 20 9 356 351 357 3 1 352 349 350 348 345 347 354 4 5 360 353 352 351 346 340 341 344 346 343 341 342 345 349 353 352 343 335 335 338 340 338 336 336 333 329 328 329 333 339 345 349 351 352 355 358 0 1 1 2 3 2 4 6 7 7 6 5 5 4 2 4 7 7 5 5 8 10 9 8 8 6 3 1 356 352 355 358 1 4 6 4
47 45 40 36 32 28 25 24 18 4 351 350 356 1 358 351 351 354 352 347 346 349 352 357 1 1 358 356 349 346 345 345 348 349 345 344 346 350 352 347 340 338 342 345 344 343 341 337 334 332 331 331 334 338 344 349 352 352 354 357 0 1 2 2 3 3 4 5 7 8 8 8 9 9 6 3 6 10 10 8 8 11 10 11 12 9 3 360 357 356 1 4 4 3 2 1
46 45 42 39 34 29 24 18 10 1 354 352 357 357 353 352 355 354 348 343 342 342 342 347 355 1 4 1 355 351 347 343 346 351 351 348 349 352 350 345 343 344 348 349 349 348 343 338 335 335 335 336 337 339 344 349 352 353 354 356 359 0 1 2 3 4 4 5 7 8 8 8 9 12 12 8 6 10 13 12 9 10 11 11 12 9 3 360 0 3 7 8 4 1 0 1
48 47 44 40 34 27 20 11 2 359 358 358 357 352 350 355 357 349 340 336 333 332 334 336 342 351 356 356 358 2 356 347 344 346 354 2 0 357 352 349 351 353 353 353 352 350 345 342 340 340 341 341 340 341 344 349 353 355 355 356 357 358 359 1 3 4 4 6 7 8 7 7 8 11 14 14 12 11 13 12 11 13 14 11 9 6 3 1 3 7 9 9 6 4 4 3
50 48 43 40 34 25 18 8 359 356 359 1 356 349 348 354 356 350 338 330 325 324 326 327 329 334 339 343 352 358 354 349 344 344 358 12 13 5 0 0 2 1 359 356 353 352 349 345 343 344 345 344 343 343 345 348 353 355 356 356 356 356 356 358 2 4 5 6 9 9 7 6 7 8 12 16 17 15 14 14 15 18 17 12 6 3 2 3 5 9 10 10 9 10 9 3
50 47 41 39 35 27 19 9 358 355 358 358 355 351 351 352 355 354 343 331 322 318 318 318 319 321 324 330 336 341 345 345 344 349 2 15 18 13 9 12 13 10 6 2 1 0 356 351 349 348 348 347 346 345 346 349 353 355 355 356 356 356 357 359 4 7 6 5 8 9 8 6 5 6 9 15 19 20 19 19 19 20 18 12 6 2 1 3 7 10 11 11 12 13 10 360
48 45 36 30 29 26 20 12 3 357 357 355 352 351 350 351 355 357 352 341 326 313 308 308 309 312 317 323 325 325 328 337 344 353 5 13 17 20 17 18 20 18 15 12 11 9 4 1 358 356 353 350 348 348 349 351 353 355 356 356 357 0 5 11 18 19 10 358 358 5 7 7 5 4 6 10 16 20 22 23 22 20 17 11 5 2 2 5 8 11 12 12 12 10 6 359
42 38 28 21 20 18 16 14 11 5 357 351 350 348 346 347 354 1 2 352 333 315 304 298 296 299 305 312 315 316 323 333 343 354 6 13 17 23 18 15 20 24 25 23 18 14 11 8 5 2 358 353 350 351 350 350 353 356 358 360 4 12 19 21 19 16 11 358 346 351 2 6 5 3 3 5 10 16 20 22 23 21 15 9 6 5 5 7 9 11 12 11 10 7 3 360
39 36 27 19 16 15 13 13 15 14 4 354 352 350 344 340 348 5 12 3 341 321 308 295 288 289 293 298 305 312 323 333 341 354 7 13 17 23 21 13 14 21 27 28 21 15 11 7 5 3 359 355 354 353 352 351 354 359 2 7 16 21 19 15 11 9 10 8 356 347 352 359 1 2 1 1 3 9 13 17 20 20 16 11 10 10 9 10 12 12 13 10 7 5 2 2
39 36 28 21 16 14 11 11 14 14 10 6 0 355 344 335 339 0 14 11 352 331 316 306 298 292 289 296 307 315 329 338 343 353 6 15 17 22 24 16 11 16 25 30 26 18 11 6 3 2 1 360 358 355 354 356 0 7 11 14 17 15 11 9 7 7 9 12 11 2 351 350 352 355 357 356 356 359 5 9 14 19 20 17 15 14 13 14 15 15 12 7 3 3 5 6
35 33 27 20 14 12 11 8 9 9 11 17 18 4 345 332 331 346 3 7 2 346 331 318 310 306 307 315 319 327 340 347 349 354 7 17 18 19 24 20 13 13 20 29 30 24 15 7 2 2 3 4 2 359 358 0 5 10 13 12 9 7 7 7 7 8 10 14 17 16 9 359 349 342 343 347 347 349 355 1 7 16 22 22 20 18 17 17 17 15 9 2 359 2 6 9
31 32 27 18 13 12 11 5 3 5 9 20 28 19 358 341 337 341 347 355 358 353 343 333 328 329 331 331 334 341 349 355 358 359 6 17 20 19 23 23 18 13 14 24 31 27 19 10 5 4 6 6 5 3 1 1 5 9 12 10 6 6 7 8 9 11 13 15 18 20 18 13 3 349 337 332 334 337 342 352 1 11 20 22 22 21 19 18 18 16 9 1 359 2 7 12
30 31 26 18 13 11 8 2 359 2 6 16 24 24 14 359 349 345 345 345 348 349 350 348 346 343 344 346 345 346 351 357 5 8 11 18 24 23 23 25 22 13 9 16 27 29 23 15 11 9 8 8 7 6 5 4 5 8 10 10 9 9 11 11 12 13 15 16 18 20 20 19 15 6 353 337 325 325 330 340 351 2 11 18 20 19 17 16 16 16 12 4 0 3 9 14
30 29 25 19 12 6 3 0 359 359 2 7 12 17 19 12 358 348 342 338 338 345 353 358 359 359 356 351 346 344 345 351 5 15 20 25 29 29 27 27 23 12 2 4 19 28 26 19 15 12 10 9 9 8 7 6 6 8 10 12 12 13 13 13 14 15 16 17 19 19 21 23 24 18 8 354 332 316 314 322 333 347 359 8 13 13 12 11 12 15 15 9 5 8 14 16
31 32 29 22 13 6 360 356 357 357 356 355 359 6 14 16 6 348 335 332 334 342 359 10 11 7 2 357 349 339 335 340 358 16 25 30 32 34 34 30 23 10 357 351 3 24 28 22 17 14 11 11 11 11 10 8 7 9 12 14 14 14 14 14 15 16 17 18 19 20 21 24 26 26 21 10 350 321 303 300 306 319 337 353 2 6 6 6 8 12 14 12 11 14 17 18
34 33 30 23 15 9 2 355 352 352 349 346 348 354 2 8 2 347 337 334 336 344 358 13 16 11 6 5 358 345 334 331 346 9 23 31 34 34 30 26 20 9 355 344 344 8 26 26 22 18 15 16 15 14 12 8 8 11 14 15 14 15 16 16 17 18 18 18 19 20 21 23 25 27 26 20 8 346 318 299 293 295 303 321 343 355 359 4 7 8 11 15 15 16 18 20
35 31 27 24 16 9 7 5 358 348 341 340 343 348 351 354 353 345 340 341 342 344 351 7 18 18 11 9 6 358 348 338 340 357 15 26 31 30 25 19 14 6 359 350 343 353 19 28 28 24 21 21 19 16 14 10 9 13 16 18 18 18 17 17 18 19 19 19 18 19 20 22 24 25 26 23 18 2 347 328 309 297 293 293 305 327 346 359 4 5 7 15 17 16 18 21
