windninja/windninja_output/Output_2025-10-23_1000-1050_Google earth_Fire_150m_10min/merlingen_7.5mi_point_10-23-2025_1050_150m_vel.asc
ncols	158
nrows	163
xllcorner	391686.332397
yllcorner	5160024.123721
cellsize	150.000000
NODATA_value	-32768.000000
[rows 38 to 75 of 163, columns 0 to 83 of 158]
10.02 10.19 10.51 10.56 10.44 10.51 10.61 10.62 10.66 10.92 10.87 10.54 10.51 10.63 10.54 10.33 10.14 9.95 9.74 9.57 9.33 9.01 8.73 8.41 7.87 7.14 6.23 5.46 6.58 8.71 8.95 8.93 9.59 10.03 10.75 9.82 8.26 8.74 9.58 9.19 8.73 8.61 8.43 8.23 8.54 8.43 7.65 7.13 6.99 7.43 7.51 6.66 6.10 6.55 6.78 6.00 5.51 5.90 6.30 6.63 6.83 6.10 4.61 3.20 2.83 3.94 5.66 5.77 4.14 3.07 2.94 3.07 2.96 2.32 1.79 1.88 1.65 1.21 1.86 2.44 1.93 1.66 1.94 2.34
10.33 10.52 10.58 10.57 10.57 10.57 10.68 10.86 10.88 10.92 10.80 10.53 10.54 10.72 10.63 10.32 10.15 10.00 9.79 9.64 9.40 9.08 8.81 8.54 8.08 7.35 6.52 6.19 7.15 8.49 8.77 8.66 8.74 9.06 9.54 8.57 7.74 8.89 9.81 9.59 9.15 8.88 8.70 8.23 8.25 8.48 7.87 6.91 6.63 7.47 7.88 6.84 5.75 6.18 6.89 6.13 5.22 5.47 6.12 6.50 6.54 6.41 5.78 4.28 3.16 3.83 5.63 5.58 3.93 3.17 3.13 3.09 2.77 2.13 1.86 2.07 1.73 0.98 1.47 2.38 2.20 1.76 1.84 2.21
10.57 10.86 10.62 10.54 10.63 10.57 10.74 11.06 11.05 10.79 10.61 10.58 10.58 10.68 10.64 10.35 10.15 10.05 9.86 9.66 9.44 9.15 8.85 8.63 8.28 7.59 7.02 6.89 7.13 7.99 8.79 8.48 7.92 8.10 8.13 7.28 7.15 8.30 9.46 9.91 9.71 9.41 9.02 8.15 7.85 8.33 8.06 6.97 6.41 7.17 8.10 7.25 5.61 5.57 6.51 6.33 5.30 5.03 5.72 6.21 6.12 6.19 6.53 5.69 3.90 3.95 5.54 5.38 3.97 3.49 3.24 2.91 2.54 1.90 1.89 2.25 1.72 0.88 1.15 2.05 2.27 2.06 2.08 2.30
10.48 10.73 10.52 10.43 10.53 10.58 10.77 11.08 11.08 10.66 10.44 10.61 10.60 10.56 10.55 10.35 10.14 10.07 9.91 9.68 9.48 9.15 8.85 8.71 8.44 7.86 7.48 7.23 7.02 7.75 8.69 8.20 7.38 7.18 6.73 6.47 6.90 7.61 8.52 9.51 9.83 9.84 9.29 8.39 7.94 7.97 7.84 7.17 6.51 6.91 8.15 7.76 5.84 5.05 5.73 6.21 5.47 4.82 5.29 5.82 5.65 5.43 6.14 6.42 5.10 4.43 5.25 5.28 4.26 3.66 3.15 2.81 2.53 1.83 1.90 2.28 1.57 0.87 1.03 1.67 2.03 2.06 2.26 2.44
10.18 10.29 10.23 10.19 10.36 10.66 10.72 10.83 10.96 10.61 10.37 10.54 10.56 10.43 10.40 10.31 10.12 10.02 9.93 9.75 9.48 9.09 8.84 8.79 8.54 8.07 7.77 7.44 7.18 7.70 8.27 7.86 7.13 6.46 5.79 5.75 6.49 7.50 8.23 8.84 9.40 9.66 9.33 8.88 8.27 7.56 7.40 7.26 6.80 6.93 8.17 8.11 6.09 4.84 5.19 5.74 5.43 4.88 5.02 5.47 5.32 4.86 5.31 6.06 5.92 5.26 4.98 5.05 4.50 3.61 3.19 3.09 2.72 2.01 2.07 2.18 1.43 0.94 1.01 1.49 1.84 1.92 2.16 2.44
9.90 9.91 9.87 9.96 10.27 10.65 10.55 10.50 10.72 10.57 10.32 10.39 10.46 10.30 10.24 10.20 10.05 9.95 9.91 9.78 9.42 9.03 8.86 8.78 8.60 8.21 7.92 7.69 7.44 7.55 7.76 7.57 6.99 6.17 5.46 5.22 5.98 7.46 8.10 8.27 8.70 9.17 9.36 9.16 8.23 7.19 7.04 7.20 7.15 7.32 8.19 7.99 6.17 5.01 5.11 5.38 5.26 4.97 4.97 5.29 5.23 4.80 4.82 5.13 5.67 5.70 5.01 4.72 4.41 3.76 3.52 3.57 3.16 2.46 2.33 2.09 1.48 1.11 1.09 1.42 1.71 1.91 2.15 2.43
9.63 9.58 9.57 9.88 10.20 10.34 10.30 10.32 10.43 10.40 10.25 10.22 10.28 10.15 10.10 10.05 9.95 9.92 9.85 9.68 9.33 9.04 8.86 8.70 8.58 8.32 8.06 7.85 7.57 7.38 7.43 7.34 6.87 6.15 5.43 5.18 5.99 7.21 7.64 7.63 7.95 8.87 9.55 9.07 7.70 6.92 6.98 7.20 7.48 7.73 7.95 7.51 6.23 5.30 5.29 5.39 5.15 4.97 5.03 5.27 5.29 5.05 4.73 4.64 5.21 5.54 5.06 4.42 3.90 3.63 3.65 3.78 3.60 3.09 2.68 2.20 1.64 1.34 1.31 1.49 1.67 1.91 2.23 2.41
9.31 9.30 9.47 9.86 9.95 9.93 10.06 10.18 10.14 10.15 10.15 10.07 10.02 9.96 9.95 9.90 9.84 9.85 9.75 9.50 9.24 9.02 8.83 8.66 8.54 8.38 8.17 7.86 7.58 7.36 7.28 7.17 6.77 6.14 5.57 5.48 5.95 6.60 6.99 7.00 7.45 8.71 9.51 8.60 6.96 6.72 7.20 7.51 7.80 7.78 7.43 6.94 6.22 5.42 5.33 5.48 5.20 5.00 5.12 5.24 5.27 5.21 4.87 4.72 5.15 5.18 4.76 4.17 3.30 3.02 3.31 3.53 3.62 3.39 2.94 2.40 1.75 1.47 1.53 1.67 1.80 2.02 2.23 2.24
9.08 9.16 9.41 9.63 9.60 9.71 9.90 9.91 9.86 9.88 9.98 9.91 9.76 9.75 9.78 9.76 9.72 9.69 9.57 9.35 9.13 8.91 8.75 8.65 8.53 8.37 8.12 7.83 7.59 7.39 7.21 7.04 6.72 6.17 5.74 5.67 5.83 6.13 6.50 6.69 7.11 8.22 9.03 8.02 6.49 6.63 7.39 7.99 7.99 7.32 6.79 6.45 6.10 5.63 5.29 5.37 5.34 5.27 5.33 5.15 5.05 5.21 5.12 4.90 4.99 4.82 4.31 3.87 3.14 2.79 3.03 3.18 3.38 3.36 3.00 2.53 1.93 1.57 1.64 1.84 1.98 2.10 2.13 2.00
9.05 9.15 9.19 9.11 9.32 9.79 9.80 9.56 9.55 9.64 9.74 9.68 9.51 9.53 9.62 9.60 9.55 9.47 9.35 9.22 9.01 8.76 8.68 8.63 8.50 8.28 8.01 7.80 7.61 7.41 7.18 6.94 6.67 6.28 5.82 5.64 5.82 6.07 6.25 6.42 6.73 7.61 8.15 7.24 6.44 6.94 7.72 8.14 7.70 6.65 6.26 6.05 5.92 5.91 5.48 5.29 5.52 5.67 5.65 5.05 4.69 5.17 5.33 4.96 4.77 4.54 3.96 3.57 3.15 2.85 2.92 2.97 3.13 3.15 2.90 2.53 2.05 1.70 1.71 1.95 2.11 2.09 2.00 1.84
9.12 9.12 8.84 8.48 9.08 10.08 9.88 9.24 9.19 9.37 9.46 9.35 9.25 9.32 9.45 9.41 9.30 9.25 9.16 9.03 8.84 8.65 8.58 8.53 8.42 8.17 7.91 7.74 7.58 7.38 7.14 6.89 6.64 6.38 5.90 5.60 5.86 6.10 6.04 6.09 6.44 7.00 7.05 6.36 6.48 7.50 8.03 7.80 7.10 6.22 5.82 5.78 5.80 5.85 5.49 5.33 5.72 5.99 5.84 4.94 4.41 5.04 5.39 5.01 4.61 4.24 3.68 3.31 3.07 2.87 2.86 2.88 2.92 2.89 2.73 2.45 2.12 1.87 1.85 2.04 2.15 2.05 1.88 1.72
9.24 8.97 8.33 7.94 8.95 10.30 10.09 9.17 8.79 8.99 9.12 8.99 8.99 9.09 9.21 9.20 9.06 9.01 8.97 8.80 8.67 8.58 8.45 8.36 8.32 8.10 7.81 7.65 7.50 7.30 7.08 6.86 6.66 6.43 5.99 5.66 5.84 6.00 5.85 5.86 6.18 6.45 6.17 5.78 6.41 7.70 7.94 7.20 6.46 5.73 5.41 5.72 5.94 5.77 5.48 5.55 6.06 6.24 5.67 4.74 4.34 4.81 5.33 5.21 4.57 3.92 3.41 3.07 2.91 2.82 2.80 2.81 2.77 2.66 2.54 2.36 2.17 2.02 2.02 2.12 2.15 2.06 1.84 1.62
9.42 8.76 7.63 7.51 9.09 10.27 10.09 9.42 8.54 8.48 8.67 8.68 8.76 8.81 8.88 8.95 8.89 8.76 8.72 8.60 8.50 8.46 8.29 8.16 8.18 8.01 7.69 7.53 7.41 7.21 7.03 6.84 6.64 6.42 6.09 5.80 5.79 5.81 5.68 5.67 5.88 6.08 5.83 5.52 6.31 7.51 7.44 6.62 5.91 5.14 4.91 5.52 5.90 5.61 5.52 5.90 6.43 6.21 5.23 4.49 4.31 4.62 5.31 5.44 4.54 3.63 3.17 2.87 2.74 2.71 2.70 2.69 2.60 2.46 2.34 2.23 2.10 2.04 2.10 2.18 2.17 2.06 1.84 1.60
9.67 8.49 6.94 7.25 9.27 9.96 9.70 9.73 8.70 8.04 8.12 8.36 8.49 8.49 8.55 8.66 8.71 8.51 8.44 8.45 8.32 8.26 8.13 7.99 8.00 7.84 7.58 7.42 7.30 7.13 6.96 6.79 6.59 6.38 6.15 5.92 5.74 5.62 5.52 5.45 5.64 5.97 5.74 5.38 6.08 6.99 6.69 5.98 5.58 4.95 4.72 5.42 5.74 5.45 5.59 6.31 6.50 5.84 4.92 4.38 4.24 4.48 5.37 5.55 4.37 3.37 2.97 2.72 2.65 2.62 2.60 2.56 2.43 2.31 2.22 2.11 1.98 1.92 2.03 2.18 2.19 2.07 1.87 1.61
9.91 8.27 6.48 7.28 9.25 9.39 9.02 9.78 9.22 7.87 7.57 7.97 8.14 8.16 8.26 8.39 8.45 8.27 8.21 8.26 8.12 8.00 7.94 7.87 7.78 7.62 7.45 7.32 7.19 7.04 6.87 6.70 6.52 6.34 6.15 5.96 5.74 5.53 5.39 5.22 5.41 5.92 5.71 5.26 5.62 6.29 5.84 5.11 5.28 5.14 5.00 5.37 5.62 5.59 6.00 6.57 6.11 5.26 4.74 4.42 4.26 4.49 5.50 5.56 4.14 3.15 2.78 2.59 2.59 2.58 2.52 2.45 2.32 2.22 2.18 2.06 1.88 1.81 1.89 2.06 2.11 2.08 1.95 1.67
9.78 8.39 6.60 7.21 8.99 8.79 8.22 9.47 9.58 8.00 7.28 7.55 7.71 7.85 8.03 8.15 8.13 8.01 8.02 8.01 7.91 7.78 7.74 7.72 7.56 7.41 7.29 7.19 7.07 6.91 6.76 6.60 6.44 6.28 6.11 5.93 5.75 5.54 5.33 5.07 5.21 5.83 5.72 5.07 4.97 5.44 5.09 4.34 4.84 5.20 5.10 5.23 5.44 5.86 6.53 6.52 5.43 4.66 4.52 4.47 4.38 4.66 5.58 5.44 3.96 2.96 2.60 2.48 2.57 2.56 2.45 2.34 2.24 2.19 2.17 2.05 1.86 1.79 1.85 1.88 1.88 1.99 1.99 1.77
9.06 8.70 7.37 6.95 8.36 8.35 7.54 8.71 9.55 8.47 7.39 7.20 7.27 7.52 7.81 7.89 7.80 7.76 7.77 7.74 7.71 7.59 7.53 7.49 7.35 7.22 7.13 7.04 6.92 6.77 6.63 6.49 6.34 6.19 6.04 5.88 5.71 5.53 5.32 5.05 5.13 5.62 5.53 4.82 4.42 4.68 4.52 4.03 4.55 4.91 4.85 5.14 5.35 5.92 6.81 6.28 4.79 4.15 4.27 4.50 4.54 4.85 5.55 5.22 3.79 2.82 2.48 2.39 2.57 2.62 2.44 2.29 2.21 2.19 2.14 2.03 1.85 1.82 1.89 1.75 1.67 1.81 1.89 1.78
8.18 8.68 8.22 6.99 7.55 7.91 7.10 7.64 9.04 9.06 7.88 7.02 6.95 7.24 7.47 7.58 7.51 7.49 7.49 7.47 7.50 7.42 7.33 7.24 7.13 7.03 6.94 6.87 6.75 6.62 6.50 6.37 6.22 6.10 5.95 5.80 5.64 5.48 5.31 5.11 5.10 5.27 5.13 4.62 4.27 4.23 4.10 4.01 4.32 4.37 4.37 5.05 5.33 5.83 6.80 5.94 4.30 3.87 4.13 4.47 4.61 4.96 5.43 5.00 3.67 2.69 2.37 2.27 2.47 2.62 2.46 2.29 2.23 2.16 2.09 1.97 1.84 1.86 1.90 1.70 1.57 1.66 1.72 1.65
7.74 8.26 8.42 7.46 7.21 7.45 6.91 6.78 8.04 9.12 8.40 7.12 6.88 7.03 7.01 7.19 7.27 7.21 7.21 7.16 7.23 7.24 7.13 7.03 6.90 6.81 6.75 6.67 6.57 6.46 6.36 6.23 6.09 5.98 5.84 5.69 5.55 5.41 5.27 5.13 5.04 4.95 4.77 4.49 4.30 4.10 3.91 3.91 3.95 3.78 3.90 4.85 5.20 5.79 6.60 5.40 3.93 3.78 4.11 4.43 4.64 4.90 5.21 4.89 3.63 2.56 2.22 2.12 2.25 2.42 2.37 2.31 2.26 2.15 2.05 1.90 1.83 1.89 1.85 1.68 1.54 1.55 1.57 1.51
7.67 7.81 7.96 7.65 7.36 7.29 6.95 6.49 7.09 8.58 8.36 7.24 7.10 7.00 6.64 6.76 6.97 6.94 6.92 6.88 6.95 6.98 6.92 6.84 6.68 6.59 6.54 6.47 6.39 6.29 6.19 6.07 5.95 5.84 5.72 5.58 5.44 5.32 5.19 5.06 4.93 4.77 4.57 4.39 4.28 4.12 3.86 3.68 3.56 3.29 3.48 4.50 5.03 5.74 6.27 4.89 3.63 3.74 4.20 4.46 4.61 4.75 4.92 4.77 3.75 2.64 2.15 2.04 2.12 2.23 2.26 2.28 2.24 2.12 2.02 1.85 1.82 1.89 1.80 1.66 1.54 1.50 1.47 1.41
7.60 7.50 7.43 7.35 7.30 7.30 7.16 6.66 6.79 7.87 7.63 6.91 7.28 7.31 6.66 6.42 6.56 6.63 6.62 6.63 6.67 6.68 6.68 6.64 6.46 6.36 6.33 6.26 6.20 6.11 6.01 5.90 5.80 5.69 5.57 5.44 5.32 5.21 5.08 4.95 4.81 4.66 4.48 4.30 4.21 4.08 3.79 3.52 3.29 3.01 3.07 3.97 4.90 5.63 5.82 4.55 3.46 3.70 4.27 4.43 4.42 4.54 4.68 4.56 3.84 2.86 2.22 2.01 2.06 2.19 2.23 2.20 2.16 2.07 1.95 1.81 1.81 1.84 1.73 1.60 1.52 1.48 1.43 1.34
7.39 7.23 7.11 7.06 6.98 7.10 7.24 7.06 7.00 7.23 6.74 6.16 6.86 7.64 7.12 6.37 6.19 6.25 6.31 6.35 6.36 6.41 6.46 6.38 6.22 6.13 6.11 6.05 5.99 5.92 5.82 5.72 5.63 5.52 5.42 5.30 5.19 5.07 4.95 4.82 4.68 4.54 4.39 4.23 4.11 3.97 3.74 3.47 3.19 2.90 2.78 3.45 4.68 5.33 5.30 4.28 3.48 3.79 4.22 4.25 4.15 4.23 4.42 4.34 3.83 3.02 2.33 1.98 1.99 2.19 2.20 2.10 2.07 2.02 1.86 1.77 1.80 1.76 1.64 1.52 1.44 1.44 1.40 1.28
7.03 6.94 6.87 6.81 6.77 6.88 7.08 7.27 7.19 6.82 6.23 5.55 6.05 7.32 7.38 6.68 6.14 5.96 5.98 5.99 6.04 6.17 6.21 6.08 5.96 5.91 5.89 5.85 5.78 5.72 5.62 5.53 5.45 5.35 5.25 5.14 5.04 4.93 4.81 4.69 4.56 4.43 4.28 4.15 4.00 3.85 3.67 3.44 3.18 2.86 2.68 3.15 4.29 4.91 4.74 4.02 3.65 3.95 4.07 3.99 3.87 3.84 4.01 4.03 3.72 3.13 2.39 1.87 1.90 2.16 2.16 2.03 1.98 1.93 1.77 1.72 1.78 1.68 1.55 1.45 1.36 1.35 1.32 1.21
6.62 6.64 6.62 6.54 6.61 6.78 6.95 7.25 7.17 6.67 6.05 5.33 5.52 6.39 6.92 7.00 6.50 5.97 5.78 5.61 5.70 5.88 5.87 5.77 5.70 5.69 5.69 5.65 5.57 5.50 5.42 5.34 5.26 5.17 5.07 4.97 4.88 4.77 4.66 4.55 4.42 4.30 4.17 4.04 3.89 3.74 3.59 3.40 3.18 2.92 2.69 2.97 3.84 4.37 4.14 3.70 3.83 4.03 3.88 3.74 3.58 3.49 3.60 3.65 3.48 3.11 2.45 1.88 1.91 2.12 2.09 1.99 1.91 1.83 1.70 1.66 1.70 1.61 1.48 1.40 1.32 1.28 1.23 1.13
6.33 6.31 6.33 6.29 6.33 6.62 6.90 7.11 7.02 6.60 6.02 5.31 5.18 5.46 5.97 6.75 6.77 6.30 5.82 5.40 5.40 5.50 5.48 5.44 5.44 5.49 5.51 5.45 5.34 5.27 5.20 5.13 5.06 4.97 4.89 4.80 4.70 4.61 4.50 4.40 4.28 4.17 4.05 3.92 3.78 3.64 3.50 3.34 3.16 2.97 2.71 2.81 3.48 3.79 3.52 3.45 3.89 3.96 3.67 3.49 3.30 3.20 3.26 3.24 3.16 2.96 2.43 2.01 2.02 2.06 1.99 1.95 1.87 1.73 1.63 1.61 1.60 1.53 1.42 1.34 1.28 1.21 1.14 1.06
6.24 6.06 6.01 6.08 6.08 6.35 6.70 6.86 6.80 6.54 6.07 5.36 4.92 4.89 5.18 5.93 6.46 6.49 6.09 5.51 5.23 5.11 5.09 5.10 5.15 5.27 5.35 5.24 5.09 5.03 4.99 4.92 4.85 4.77 4.69 4.61 4.52 4.43 4.34 4.24 4.13 4.02 3.90 3.78 3.66 3.53 3.40 3.27 3.13 2.98 2.75 2.73 3.14 3.28 2.97 3.20 3.80 3.80 3.44 3.24 3.05 2.96 2.99 2.91 2.86 2.70 2.21 2.00 2.03 1.99 1.92 1.90 1.84 1.65 1.54 1.54 1.51 1.46 1.36 1.28 1.24 1.15 1.07 1.01
6.20 5.91 5.78 5.92 5.98 6.09 6.27 6.52 6.54 6.35 6.10 5.55 4.78 4.52 4.74 5.17 5.71 6.12 6.23 5.83 5.22 4.88 4.81 4.81 4.82 5.00 5.17 5.01 4.85 4.82 4.76 4.70 4.64 4.57 4.49 4.42 4.34 4.25 4.16 4.07 3.97 3.87 3.76 3.65 3.53 3.42 3.30 3.18 3.06 2.93 2.77 2.65 2.82 2.94 2.63 2.77 3.55 3.66 3.28 3.02 2.76 2.65 2.74 2.74 2.67 2.41 2.02 1.90 1.91 1.87 1.84 1.84 1.79 1.60 1.45 1.42 1.43 1.39 1.29 1.23 1.19 1.09 1.01 0.95
5.94 5.77 5.75 5.84 5.87 5.88 5.85 6.14 6.30 6.03 5.99 5.79 4.73 4.15 4.45 4.74 4.96 5.30 5.88 6.00 5.39 4.89 4.76 4.63 4.50 4.69 4.92 4.77 4.65 4.62 4.52 4.46 4.42 4.36 4.28 4.21 4.14 4.06 3.98 3.89 3.80 3.71 3.61 3.51 3.40 3.29 3.19 3.08 2.97 2.86 2.74 2.60 2.62 2.70 2.45 2.43 3.08 3.43 3.20 2.86 2.43 2.20 2.43 2.65 2.59 2.28 1.95 1.80 1.75 1.73 1.73 1.76 1.73 1.55 1.36 1.30 1.33 1.30 1.20 1.16 1.12 1.02 0.95 0.87
5.24 5.56 6.01 5.94 5.77 5.70 5.51 5.76 6.11 5.92 5.87 5.73 4.74 4.01 4.10 4.38 4.49 4.57 5.13 5.66 5.43 5.02 4.88 4.62 4.33 4.42 4.58 4.49 4.45 4.42 4.29 4.23 4.19 4.14 4.07 4.01 3.94 3.87 3.79 3.71 3.63 3.54 3.45 3.35 3.26 3.16 3.06 2.96 2.86 2.76 2.67 2.57 2.51 2.49 2.34 2.29 2.61 3.00 3.04 2.75 2.16 1.85 2.19 2.49 2.48 2.27 1.96 1.73 1.63 1.60 1.59 1.63 1.64 1.48 1.31 1.21 1.21 1.19 1.10 1.05 1.03 0.97 0.89 0.82
3.88 5.11 6.33 6.28 6.12 5.70 5.08 5.29 5.97 6.12 5.89 5.29 4.66 4.18 3.79 3.91 4.21 4.21 4.48 4.97 5.01 4.93 4.99 4.74 4.37 4.27 4.27 4.25 4.23 4.19 4.08 3.99 3.96 3.91 3.86 3.80 3.74 3.67 3.60 3.52 3.44 3.36 3.28 3.20 3.11 3.02 2.93 2.84 2.74 2.66 2.57 2.49 2.42 2.34 2.26 2.22 2.32 2.50 2.66 2.53 1.95 1.66 1.91 2.18 2.26 2.18 1.98 1.73 1.55 1.50 1.46 1.49 1.51 1.38 1.24 1.15 1.11 1.07 0.99 0.94 0.93 0.89 0.83 0.75
2.27 4.08 5.88 6.45 6.96 6.31 4.84 4.91 6.06 6.44 5.84 4.91 4.50 4.24 3.70 3.59 3.93 4.05 4.09 4.31 4.38 4.52 4.79 4.74 4.48 4.26 4.16 4.18 4.06 3.93 3.84 3.75 3.73 3.68 3.63 3.59 3.53 3.47 3.40 3.32 3.26 3.18 3.11 3.03 2.95 2.87 2.78 2.70 2.61 2.54 2.45 2.38 2.31 2.23 2.17 2.12 2.12 2.14 2.22 2.17 1.77 1.57 1.72 1.82 1.93 1.96 1.88 1.72 1.55 1.45 1.39 1.38 1.38 1.25 1.11 1.07 1.03 0.95 0.85 0.82 0.81 0.77 0.73 0.66
1.64 2.65 4.24 5.39 6.66 6.67 5.23 4.80 6.25 6.87 5.89 4.93 4.60 4.25 3.82 3.66 3.77 3.91 3.85 3.80 3.89 4.10 4.34 4.41 4.26 4.15 4.38 4.40 4.01 3.75 3.59 3.48 3.46 3.42 3.39 3.37 3.31 3.25 3.19 3.13 3.06 3.00 2.93 2.86 2.78 2.71 2.63 2.55 2.48 2.40 2.33 2.25 2.18 2.12 2.06 2.01 1.97 1.93 1.91 1.85 1.64 1.50 1.53 1.53 1.56 1.63 1.62 1.58 1.50 1.42 1.36 1.32 1.28 1.15 1.03 1.00 0.94 0.85 0.74 0.71 0.71 0.68 0.66 0.59
2.26 2.62 3.32 4.18 5.33 5.74 4.80 4.26 5.72 6.77 5.85 4.92 4.82 4.55 4.13 3.93 3.88 3.94 3.81 3.56 3.58 3.75 3.93 4.02 3.63 3.62 4.52 4.71 4.07 3.66 3.43 3.25 3.17 3.13 3.12 3.14 3.09 3.03 2.98 2.92 2.87 2.80 2.74 2.68 2.61 2.54 2.47 2.40 2.33 2.26 2.19 2.12 2.05 1.99 1.93 1.88 1.82 1.77 1.72 1.64 1.51 1.43 1.38 1.31 1.27 1.27 1.29 1.30 1.29 1.28 1.26 1.26 1.21 1.08 0.97 0.94 0.87 0.76 0.66 0.64 0.65 0.63 0.59 0.49
3.10 3.09 3.31 3.81 4.43 4.66 4.14 3.76 4.94 6.06 5.16 4.38 4.39 4.27 4.12 3.94 3.86 4.00 3.95 3.65 3.46 3.48 3.66 3.68 3.05 2.95 4.17 4.79 4.27 3.71 3.40 3.14 2.95 2.84 2.83 2.88 2.85 2.80 2.77 2.71 2.66 2.61 2.55 2.49 2.43 2.37 2.31 2.24 2.17 2.11 2.04 1.97 1.91 1.85 1.79 1.73 1.68 1.62 1.57 1.49 1.40 1.34 1.27 1.17 1.10 1.07 1.04 1.03 1.01 0.99 1.03 1.10 1.10 0.99 0.90 0.87 0.81 0.71 0.62 0.61 0.61 0.55 0.47 0.35
3.68 3.54 3.49 3.58 3.84 4.11 3.95 3.73 4.52 5.15 4.40 3.98 3.91 3.72 3.71 3.60 3.51 3.70 3.84 3.71 3.52 3.46 3.47 3.36 2.79 2.54 3.49 4.41 4.35 3.88 3.45 3.15 2.91 2.66 2.56 2.60 2.58 2.55 2.54 2.51 2.46 2.41 2.36 2.31 2.25 2.20 2.14 2.08 2.01 1.95 1.89 1.83 1.77 1.71 1.65 1.60 1.54 1.48 1.43 1.36 1.29 1.23 1.17 1.09 1.00 0.96 0.89 0.85 0.82 0.76 0.77 0.85 0.91 0.86 0.79 0.76 0.73 0.65 0.60 0.58 0.53 0.43 0.32 0.24
4.17 3.92 3.55 3.39 3.56 3.80 3.77 3.74 4.04 4.13 3.86 3.74 3.60 3.40 3.37 3.25 3.16 3.30 3.43 3.39 3.39 3.42 3.35 3.16 2.70 2.40 2.95 3.75 4.07 3.94 3.51 3.18 3.00 2.66 2.38 2.32 2.30 2.29 2.30 2.29 2.25 2.21 2.16 2.11 2.07 2.02 1.96 1.91 1.85 1.79 1.73 1.68 1.62 1.56 1.51 1.45 1.40 1.35 1.29 1.23 1.17 1.12 1.06 0.99 0.93 0.88 0.82 0.76 0.72 0.64 0.59 0.63 0.68 0.68 0.65 0.63 0.62 0.60 0.55 0.50 0.42 0.29 0.20 0.20
4.71 4.31 3.58 3.20 3.37 3.52 3.51 3.58 3.53 3.39 3.37 3.37 3.25 3.16 3.09 2.94 2.91 3.05 3.11 3.01 3.03 3.13 3.13 3.02 2.64 2.33 2.63 3.17 3.59 3.74 3.46 3.16 3.02 2.73 2.34 2.11 2.07 2.07 2.07 2.05 2.03 2.01 1.97 1.93 1.88 1.84 1.79 1.74 1.68 1.64 1.58 1.52 1.47 1.42 1.37 1.32 1.27 1.22 1.17 1.11 1.05 1.01 0.96 0.89 0.84 0.79 0.74 0.70 0.65 0.57 0.50 0.50 0.52 0.52 0.53 0.51 0.52 0.55 0.48 0.38 0.28 0.19 0.18 0.14
5.22 4.66 3.75 3.17 3.12 3.25 3.22 3.20 3.08 2.93 2.96 2.94 2.87 2.90 2.81 2.62 2.63 2.81 2.86 2.72 2.70 2.78 2.80 2.79 2.54 2.21 2.37 2.73 3.10 3.41 3.31 3.07 2.96 2.71 2.32 2.04 1.92 1.90 1.87 1.81 1.79 1.80 1.78 1.74 1.70 1.66 1.61 1.56 1.52 1.47 1.43 1.38 1.33 1.28 1.23 1.19 1.14 1.09 1.04 1.00 0.95 0.90 0.85 0.81 0.76 0.71 0.67 0.62 0.58 0.52 0.47 0.45 0.43 0.40 0.39 0.40 0.43 0.47 0.41 0.28 0.18 0.18 0.12 0.16
