windninja/windninja_output/Output_2025-10-23_1000-1050_Google earth_Fire_150m_10min/merlingen_7.5mi_point_10-23-2025_1030_150m_ang.asc
ncols	158
nrows	163
xllcorner	391686.332397
yllcorner	5160024.123721
cellsize	150.000000
NODATA_value	-32768.000000
[rows 42 to 83 of 163, columns 0 to 94 of 158]
292 292 292 292 291 291 292 291 290 290 291 291 290 291 290 290 290 291 291 291 292 292 293 293 294 296 297 299 301 299 296 294 294 294 295 296 295 295 296 295 293 291 291 294 298 299 296 293 294 294 291 291 295 298 293 286 282 281 278 273 273 278 282 282 284 291 294 295 298 301 297 294 299 308 308 307 321 340 333 313 303 300 297 297 299 302 304 305 304 304 301 294 286 286 293
293 293 292 292 292 292 292 292 291 291 292 291 291 291 291 291 291 291 291 291 292 293 293 293 294 295 296 298 299 299 296 294 295 298 302 305 304 301 299 296 291 287 289 292 293 291 288 285 288 291 290 288 289 291 288 283 278 275 273 274 278 285 288 287 288 293 299 301 302 306 305 302 305 311 310 312 326 344 335 314 304 303 302 301 300 299 295 293 296 299 299 297 291 289 294
293 293 293 293 293 293 292 292 292 292 292 292 292 291 291 291 291 291 292 292 292 293 293 294 294 295 296 297 298 298 296 295 297 300 304 308 306 300 295 292 290 289 289 289 286 282 282 285 290 294 292 288 286 286 282 277 274 273 275 280 284 289 292 294 295 296 299 301 304 309 309 306 306 309 309 313 331 347 331 312 306 306 304 300 294 287 285 287 289 293 296 297 294 291 292
293 293 293 294 294 293 293 293 293 292 292 293 292 292 292 292 292 292 292 292 293 293 293 294 294 295 296 296 296 297 297 297 298 301 305 306 304 299 295 294 294 291 288 285 282 282 285 290 294 294 290 284 279 277 274 271 271 275 282 287 291 293 298 301 300 298 297 297 301 305 303 300 299 299 300 304 329 345 323 312 309 306 300 291 282 280 284 286 286 288 293 296 295 292 289
294 294 295 294 293 293 293 294 294 293 293 293 293 293 293 293 293 293 292 293 293 293 293 294 294 295 295 295 296 297 297 297 298 301 304 305 303 301 300 299 297 292 286 282 281 286 290 293 294 290 284 278 271 268 270 270 274 282 290 295 298 299 301 303 301 297 295 293 295 299 296 294 291 288 288 292 316 331 315 308 304 299 291 283 279 283 287 288 287 286 291 295 295 292 289
295 295 295 294 292 292 294 295 294 294 294 294 294 294 293 293 293 293 293 293 293 293 293 294 294 294 294 295 296 296 297 297 298 300 303 304 303 302 302 300 298 293 288 283 285 290 293 293 289 285 280 272 266 268 272 275 282 289 295 301 303 300 299 299 296 293 291 290 292 295 294 291 287 284 281 282 298 311 305 298 293 289 285 284 286 289 291 291 288 288 291 294 294 292 290
294 294 294 294 291 291 293 296 296 295 295 295 294 294 294 293 293 293 293 293 293 293 294 294 294 294 295 295 295 296 297 297 298 300 302 303 302 302 302 301 298 294 290 288 291 293 293 290 285 281 273 266 267 271 276 283 289 295 299 303 305 298 293 291 291 289 289 290 291 292 290 288 285 281 276 276 288 298 297 293 289 289 290 291 293 295 295 295 295 295 292 290 290 291 291
293 294 294 293 291 290 292 296 297 296 295 295 295 295 294 294 294 294 293 293 293 294 294 294 294 294 295 295 295 296 296 297 298 299 301 304 303 302 302 301 298 295 293 295 296 293 290 286 282 275 267 267 274 280 286 291 295 298 300 302 301 295 288 286 288 289 289 290 290 290 288 286 283 279 275 279 290 297 296 293 292 292 295 297 298 298 299 300 299 297 291 285 284 287 289
293 294 295 294 292 291 292 295 298 298 297 296 296 296 295 294 294 294 294 294 294 294 295 295 294 295 295 295 296 296 296 297 298 299 300 302 303 303 302 301 299 297 298 300 298 292 287 282 277 269 266 274 282 289 294 297 298 298 297 296 293 288 283 284 287 290 290 290 289 288 286 284 280 278 280 286 293 297 295 292 292 293 295 298 299 300 302 301 297 293 288 281 278 279 281
292 295 297 296 294 293 293 293 297 299 299 297 297 296 296 295 295 295 295 295 295 295 295 295 295 295 295 295 296 296 296 297 297 298 299 301 302 302 302 302 300 299 300 302 298 292 286 279 271 270 279 286 289 293 296 297 296 294 291 288 286 283 283 284 287 290 290 290 289 287 285 282 280 281 285 290 294 295 294 292 291 291 292 296 299 300 300 297 292 289 285 278 272 271 277
291 295 299 298 295 294 294 292 295 299 300 298 297 296 296 295 295 295 295 295 295 295 295 295 295 295 295 295 296 296 296 297 297 298 299 300 301 301 302 303 301 299 300 302 299 292 286 281 279 287 296 297 296 297 297 295 293 288 284 282 283 284 284 284 288 291 292 291 288 286 285 285 285 287 288 291 293 295 294 292 289 287 289 293 296 297 297 294 291 287 282 277 271 272 281
290 294 301 301 296 296 296 292 292 297 300 299 297 297 296 296 296 296 295 295 295 295 295 295 295 295 295 295 296 296 296 297 297 298 298 299 300 301 302 303 303 300 300 302 300 293 289 292 294 298 300 298 297 296 295 292 290 286 281 281 284 286 285 285 288 293 294 293 289 288 289 290 290 289 289 291 293 294 293 292 290 288 290 293 294 295 296 295 291 285 281 279 278 280 291
291 293 300 303 298 297 298 293 289 292 297 299 298 298 297 297 296 296 296 295 295 295 296 295 295 296 296 296 296 296 296 297 297 297 298 298 299 300 301 303 303 300 299 300 300 296 296 301 302 300 299 296 296 294 291 289 289 286 284 284 287 288 287 287 290 295 299 299 294 293 293 291 288 288 290 292 294 294 294 296 296 294 293 294 295 295 297 296 292 287 285 286 289 291 293
293 292 294 300 297 295 296 294 289 289 294 298 298 298 298 297 296 296 296 296 296 296 296 296 296 296 296 296 296 296 296 297 297 297 298 298 299 299 300 301 301 299 297 297 299 300 302 305 304 301 300 297 296 294 289 287 288 288 288 289 291 292 289 287 290 297 301 302 298 293 290 286 287 290 293 294 296 297 297 300 302 299 296 295 295 294 295 296 294 290 288 290 296 299 296
294 292 291 293 294 293 294 296 291 288 291 296 298 299 299 297 297 297 297 296 296 296 296 296 296 296 296 296 296 296 296 297 297 297 297 298 298 299 299 300 300 299 298 299 301 304 306 307 305 304 303 297 295 293 288 286 289 290 292 294 295 293 288 285 287 293 298 300 295 287 282 286 292 295 296 298 300 299 300 303 303 300 297 295 295 293 292 293 294 292 291 296 305 310 303
293 293 292 292 293 293 295 297 296 292 292 295 296 297 299 299 298 297 297 297 297 296 296 296 297 297 296 296 296 296 297 297 297 297 297 298 298 298 299 299 299 299 300 300 302 303 305 306 306 307 306 297 294 292 287 286 292 295 296 297 296 292 287 282 281 288 295 296 291 285 288 293 296 298 299 303 303 302 303 304 303 300 297 294 291 288 286 287 291 296 300 309 315 314 307
293 293 293 292 293 293 294 297 299 297 295 295 293 293 297 299 299 298 298 297 297 297 296 296 297 297 297 297 297 297 297 297 297 297 297 297 298 298 298 299 299 299 300 301 301 301 303 304 306 308 309 300 295 293 287 287 295 297 297 296 294 290 286 281 279 284 293 297 294 293 296 297 298 299 302 305 305 304 304 305 303 299 296 292 288 285 285 288 296 304 308 311 314 312 303
293 293 293 292 292 292 292 295 298 297 296 296 293 291 294 298 299 299 298 298 298 297 297 297 297 297 297 297 297 297 297 297 297 297 297 297 298 298 298 298 299 299 300 300 301 301 302 304 306 310 313 306 298 293 288 288 295 297 296 294 293 289 285 280 278 281 291 300 299 296 297 298 299 301 304 306 304 303 302 301 300 297 293 292 289 288 291 297 306 309 308 306 307 305 294
292 292 292 292 291 292 292 292 294 295 297 299 298 294 293 295 298 299 299 299 299 298 298 298 298 297 297 297 297 297 297 297 297 297 297 298 298 298 298 298 299 299 299 300 300 301 302 304 306 311 315 310 299 293 289 289 294 295 295 293 291 288 284 280 278 281 288 300 299 295 297 300 301 303 305 306 303 301 300 298 297 294 292 290 289 291 298 305 309 308 306 303 301 297 284
294 293 292 292 291 291 291 292 293 295 298 302 303 298 294 293 295 298 300 300 300 299 298 298 298 297 297 297 297 297 297 297 297 297 298 298 298 298 298 298 299 299 299 300 300 301 302 303 306 309 313 311 301 293 289 289 292 293 292 291 289 287 285 282 280 281 285 297 298 297 300 302 302 303 305 305 301 299 299 298 296 293 290 289 290 295 302 308 307 305 304 302 296 285 273
294 294 292 292 292 292 292 293 293 295 298 302 303 301 297 293 293 295 298 300 300 300 299 298 298 297 297 298 298 298 298 298 298 298 298 298 298 298 298 298 299 299 299 300 300 301 302 303 305 307 311 311 303 296 293 292 292 291 291 290 290 289 288 286 282 281 284 295 299 300 302 302 302 304 305 304 300 299 299 299 297 294 291 291 295 299 303 307 306 303 302 295 282 271 261
295 294 293 292 293 294 293 293 293 294 296 300 303 303 301 297 294 294 296 299 300 301 300 299 299 298 297 298 298 298 298 298 298 298 298 298 298 298 298 298 299 299 299 300 300 301 301 302 303 305 309 311 305 301 301 298 293 291 291 292 293 293 289 284 280 278 283 296 300 302 303 302 302 305 306 304 303 302 303 302 299 297 296 298 303 304 306 306 303 299 292 283 271 258 244
296 295 293 292 293 294 293 292 292 293 294 297 303 304 303 301 298 295 294 296 299 300 300 300 300 298 298 298 298 298 298 298 298 298 298 298 298 298 298 298 299 299 299 300 300 300 301 302 303 304 306 308 306 303 305 303 294 291 293 295 295 293 283 275 276 281 291 301 303 304 304 303 302 304 307 307 306 307 309 307 304 303 303 305 307 305 304 303 299 291 282 273 259 243 230
298 296 294 294 294 294 293 291 291 292 293 295 302 305 304 303 301 298 295 294 296 298 299 300 300 299 298 298 298 299 299 299 298 298 298 298 298 298 299 299 299 299 299 299 300 300 301 301 302 303 304 305 305 303 305 306 298 293 293 293 293 287 279 280 286 294 302 305 305 305 305 303 301 304 308 310 309 310 313 310 307 308 309 311 309 304 301 298 293 284 274 259 242 229 216
299 296 293 293 293 294 296 294 292 293 295 296 300 304 305 303 302 300 297 295 295 297 298 299 301 300 299 299 299 299 299 299 299 299 299 299 299 299 299 299 299 299 299 299 300 300 300 301 301 302 302 303 303 302 304 305 301 294 290 288 289 293 294 294 296 299 303 305 305 305 305 303 301 304 309 311 311 311 315 315 314 316 316 316 308 301 297 292 282 271 258 240 226 212 204
302 297 293 292 293 296 299 297 293 293 296 298 299 302 305 304 302 302 301 298 297 298 297 298 300 300 299 298 298 298 299 299 299 299 299 299 299 299 299 299 299 299 299 299 300 300 300 300 301 301 302 302 302 302 302 302 300 294 288 285 291 302 301 298 297 298 300 303 305 305 305 303 301 304 309 311 312 315 320 320 318 317 314 311 303 293 286 278 269 258 241 223 209 201 202
306 302 299 299 298 300 305 303 294 293 295 298 300 301 304 304 302 302 303 301 298 298 298 298 298 298 296 296 297 298 299 299 299 299 299 299 299 299 299 299 299 299 299 300 300 300 300 300 300 301 301 301 301 301 301 300 298 295 291 288 293 302 301 299 297 297 299 302 304 305 305 302 300 302 307 309 312 317 322 318 314 310 303 298 293 284 274 266 258 243 224 205 198 201 209
303 302 300 301 299 299 306 309 300 297 301 305 305 305 306 306 304 302 302 302 300 299 298 297 298 296 292 293 296 298 299 300 300 300 300 300 300 300 300 300 300 300 300 300 300 300 300 300 300 300 300 300 300 300 300 299 298 296 294 292 294 299 300 298 296 296 298 301 303 304 304 301 300 303 308 309 312 317 320 314 308 302 292 287 289 282 270 261 248 227 207 196 199 209 223
298 298 297 295 292 290 297 306 301 298 302 307 306 306 307 307 305 302 301 301 301 299 298 297 298 296 291 292 296 298 299 300 301 301 300 300 300 300 300 300 300 300 300 300 300 300 300 300 300 300 300 300 300 300 299 299 298 297 296 295 296 298 297 295 294 295 297 298 299 301 303 301 301 305 310 309 311 315 317 311 303 293 288 288 287 281 267 252 233 212 199 199 210 223 244
296 297 296 294 290 286 289 297 296 291 290 294 295 297 299 302 302 300 300 301 301 299 298 297 301 303 295 292 295 297 299 300 301 302 301 301 300 300 300 300 300 300 300 300 300 300 300 300 300 300 300 300 300 300 299 299 298 298 297 297 297 297 296 295 295 296 295 295 296 299 303 301 299 304 308 309 310 313 314 308 299 291 292 292 286 276 260 240 216 204 202 212 228 247 267
295 296 296 295 293 290 291 295 293 286 281 284 287 289 291 295 297 298 298 300 300 300 300 300 305 308 300 293 293 295 298 299 300 301 302 302 301 301 301 301 300 300 300 300 300 300 300 300 300 300 300 300 300 300 299 299 299 298 298 298 298 298 298 298 298 297 296 296 296 299 301 299 295 298 304 306 307 309 312 307 301 299 298 294 284 267 247 224 210 211 217 231 246 262 287
295 296 297 296 295 293 294 294 292 287 284 286 289 291 293 294 296 296 297 299 300 301 301 302 306 309 303 296 292 293 296 297 298 300 303 303 302 302 301 301 301 301 301 300 300 300 300 300 300 300 300 300 300 300 300 299 299 299 299 299 299 299 298 298 299 298 298 298 298 299 299 296 293 296 302 305 306 307 312 312 307 305 301 292 279 256 228 214 219 228 240 259 272 294 313
294 294 296 297 295 293 293 292 291 290 290 291 292 294 295 297 298 297 298 299 299 299 299 300 304 308 305 299 294 292 294 296 297 300 303 304 303 302 302 302 301 301 301 301 300 300 300 300 300 300 300 300 300 300 300 300 300 300 299 299 299 299 299 299 299 299 300 300 300 300 300 299 299 302 306 307 309 311 316 317 312 307 298 286 267 236 215 218 233 244 264 286 309 313 313
292 292 293 295 294 293 293 293 292 292 293 293 294 295 297 298 299 299 299 300 300 299 298 298 302 306 304 300 296 294 294 296 297 297 300 302 303 303 303 303 302 301 301 301 300 300 300 300 300 300 300 300 300 300 300 300 300 300 300 300 300 300 300 300 300 300 301 301 301 301 302 302 304 307 310 309 311 315 321 319 311 302 291 275 248 216 216 230 242 255 275 301 313 307 306
292 290 289 292 293 292 293 293 293 294 295 296 296 297 298 300 300 300 300 300 300 300 299 299 301 303 302 301 299 296 294 294 293 292 294 299 301 302 303 303 303 302 301 301 301 300 300 300 300 300 300 300 300 300 300 300 300 300 300 300 300 300 300 301 301 301 301 302 302 302 303 304 306 308 311 311 312 318 323 316 305 295 280 255 223 217 230 237 246 266 291 315 313 303 299
295 288 281 283 289 291 292 293 294 296 298 299 299 299 299 301 301 301 301 301 301 301 301 301 302 302 301 300 300 298 294 291 291 292 293 298 301 302 303 303 304 303 302 301 301 300 300 300 300 300 300 300 301 301 301 301 301 301 301 301 301 301 301 301 301 302 302 302 303 303 304 305 307 309 311 311 314 319 320 309 297 286 266 240 227 239 251 258 276 302 317 320 313 303 298
301 286 268 272 283 289 292 295 298 302 304 304 302 301 301 302 303 303 302 302 301 301 301 302 304 303 300 299 301 301 297 293 293 295 296 298 301 301 302 303 304 304 302 301 301 300 300 300 300 300 300 301 301 301 301 301 301 301 301 301 302 302 302 302 302 302 303 303 303 304 305 306 307 308 310 312 315 319 318 306 293 280 261 253 263 278 289 304 314 316 316 315 310 302 299
323 289 257 268 278 290 298 301 304 309 311 308 306 304 303 304 304 304 304 303 302 301 301 302 306 305 300 300 302 304 302 298 296 295 295 297 300 300 300 301 304 304 302 301 300 299 299 299 299 300 300 301 301 302 302 302 302 302 302 302 302 302 302 303 303 303 303 304 304 305 306 307 308 309 310 312 315 319 317 306 295 288 288 294 299 304 314 317 314 311 309 307 304 302 301
18 343 287 281 289 303 314 316 314 317 318 314 309 306 305 305 305 304 304 303 302 302 301 303 308 307 302 300 302 304 305 302 300 298 296 297 299 300 299 300 303 304 301 300 299 298 298 297 297 299 300 301 302 302 303 303 302 302 302 302 303 303 303 303 303 304 304 304 305 305 306 307 308 309 311 312 315 318 317 311 308 311 313 313 312 315 316 314 311 307 304 302 300 300 300
44 340 293 294 301 310 328 331 327 326 325 319 312 308 305 305 304 304 304 304 303 302 302 304 308 307 302 300 301 304 306 305 303 301 298 296 298 300 300 300 302 304 300 297 296 295 294 293 293 296 299 302 303 303 303 303 303 303 303 303 303 303 303 304 304 304 304 305 305 306 307 308 309 310 311 313 315 318 319 318 323 325 323 322 322 320 314 311 309 305 303 301 298 298 300
28 315 300 304 307 315 329 336 336 333 330 322 313 308 305 304 303 303 303 304 303 302 302 304 309 307 303 302 302 303 304 304 302 300 297 295 296 298 299 300 302 304 303 301 300 299 299 298 297 298 301 303 304 305 304 304 303 303 303 304 304 304 304 304 304 305 305 305 306 306 307 308 309 310 311 313 315 318 320 323 329 332 331 331 330 318 312 309 307 305 302 300 298 298 301
306 313 313 311 310 309 316 328 332 330 327 319 312 306 303 302 302 301 301 302 303 303 302 304 309 309 306 305 304 303 302 302 301 298 296 294 293 295 298 299 301 304 307 307 307 308 309 309 308 307 308 308 308 307 306 305 304 304 304 304 304 304 304 305 305 305 305 306 306 307 308 308 309 311 312 313 315 318 321 325 333 338 339 337 325 314 308 305 305 303 301 299 298 298 299
