windninja/windninja_output/Output_2025-10-23_1000-1050_Google earth_Fire_150m_10min/merlingen_7.5mi_point_10-23-2025_1040_150m_vel.asc
ncols	158
nrows	163
xllcorner	391686.332397
yllcorner	5160024.123721
cellsize	150.000000
NODATA_value	-32768.000000
[rows 38 to 75 of 163, columns 0 to 83 of 158]
14.24 14.46 14.91 14.94 14.71 14.75 14.80 14.82 14.93 15.26 15.16 14.70 14.64 14.80 14.70 14.43 14.21 13.96 13.69 13.52 13.23 12.83 12.53 12.18 11.56 10.69 9.53 8.76 10.91 14.10 14.36 14.19 14.74 14.96 15.46 13.30 10.31 11.00 12.55 12.27 11.87 11.97 11.94 12.01 12.79 12.70 11.61 10.87 10.54 11.45 12.07 11.03 10.09 10.66 11.30 10.41 9.52 9.87 10.48 11.18 11.45 10.07 7.80 5.92 5.56 7.66 11.21 11.61 8.12 5.62 5.63 6.59 6.78 5.29 3.71 3.95 3.95 3.13 3.85 5.00 4.21 3.73 4.17 5.02
14.68 14.91 15.00 14.91 14.88 14.86 14.94 15.20 15.30 15.33 15.09 14.71 14.73 14.95 14.83 14.46 14.26 14.07 13.82 13.67 13.39 12.99 12.69 12.41 11.88 11.03 10.12 10.16 11.84 13.54 13.80 13.62 13.42 13.52 13.59 11.19 9.45 11.29 12.87 12.79 12.54 12.59 12.67 12.29 12.46 12.78 11.98 10.72 10.26 11.65 12.66 11.44 9.82 10.30 11.55 10.64 9.26 9.32 10.13 10.70 10.43 9.72 8.66 6.82 5.70 7.42 11.27 11.16 7.50 6.18 6.96 7.25 6.19 4.13 3.37 4.55 4.47 3.04 3.30 4.72 4.19 3.53 4.01 5.19
15.02 15.34 15.06 14.94 15.02 14.91 15.11 15.56 15.60 15.20 14.86 14.84 14.87 14.95 14.88 14.52 14.29 14.18 13.96 13.75 13.50 13.15 12.79 12.56 12.19 11.41 10.90 11.05 11.48 12.59 13.75 13.29 12.23 12.12 11.38 9.36 9.06 10.86 12.51 13.25 13.34 13.46 13.37 12.34 12.02 12.70 12.28 10.91 10.20 11.30 13.02 12.33 10.35 10.27 11.24 10.65 9.02 8.56 9.51 10.05 9.36 8.84 9.31 8.63 6.67 7.60 10.95 10.54 7.76 7.63 7.62 6.46 5.12 3.52 3.73 5.43 4.69 2.87 2.94 4.14 3.99 3.55 4.30 5.47
15.02 15.27 15.01 14.88 14.98 15.02 15.30 15.70 15.66 15.04 14.73 14.98 14.97 14.86 14.82 14.58 14.32 14.25 14.08 13.83 13.62 13.21 12.81 12.71 12.45 11.80 11.48 11.32 11.15 12.26 13.60 12.73 11.37 10.75 9.43 8.53 9.18 10.42 11.85 13.24 13.88 14.25 13.56 12.42 12.32 12.64 12.20 11.06 10.13 10.93 13.34 13.31 10.79 9.57 10.13 10.29 8.79 7.81 8.63 9.25 8.57 7.85 9.03 9.88 8.37 8.32 10.29 10.32 8.87 8.19 6.63 5.48 5.06 3.82 4.57 5.98 4.31 2.45 2.47 3.39 3.69 3.72 4.71 5.68
14.80 14.90 14.80 14.69 14.87 15.28 15.38 15.47 15.54 15.05 14.74 14.96 14.97 14.76 14.70 14.59 14.35 14.23 14.14 13.97 13.66 13.14 12.84 12.86 12.61 12.08 11.79 11.52 11.38 12.24 12.94 12.13 10.94 9.78 8.51 8.11 9.05 10.89 12.30 13.17 13.92 14.15 13.50 13.28 13.08 12.14 11.41 10.80 10.23 11.08 13.71 13.84 10.49 8.41 8.89 9.47 8.57 7.59 7.90 8.60 8.27 7.57 8.61 9.79 9.68 9.65 10.03 10.36 9.42 7.22 5.53 5.61 5.57 4.56 5.51 5.91 3.52 1.93 1.98 2.87 3.50 3.94 4.92 6.15
14.58 14.57 14.48 14.53 14.92 15.42 15.26 15.13 15.33 15.09 14.76 14.84 14.90 14.67 14.56 14.52 14.32 14.21 14.19 14.05 13.59 13.12 12.95 12.90 12.71 12.27 12.00 11.86 11.71 11.94 12.11 11.67 10.76 9.57 8.50 8.09 9.39 11.81 12.65 12.69 13.09 13.59 14.08 14.31 12.99 10.90 10.27 10.49 10.82 11.88 13.98 13.58 10.02 7.92 8.21 8.58 8.12 7.50 7.61 8.38 8.52 8.24 8.68 9.15 10.15 11.00 10.60 10.18 8.68 6.11 5.33 6.22 6.03 5.32 5.83 5.07 2.71 1.47 1.67 2.65 3.50 4.36 5.62 7.11
14.34 14.26 14.23 14.61 15.04 15.14 15.00 14.99 15.08 14.98 14.75 14.71 14.75 14.52 14.44 14.39 14.25 14.24 14.20 13.97 13.51 13.19 13.02 12.85 12.72 12.45 12.24 12.10 11.78 11.56 11.61 11.43 10.72 9.72 8.77 8.69 10.22 11.87 11.99 11.66 12.00 13.51 14.93 14.31 11.69 9.89 9.95 10.70 11.87 13.10 13.68 12.34 9.50 7.78 7.86 8.09 7.69 7.38 7.74 8.59 9.04 9.10 8.95 9.18 10.93 11.96 10.99 9.49 7.35 5.58 5.65 6.39 6.18 5.68 5.32 3.82 1.86 1.01 1.56 2.75 3.86 5.17 6.64 7.22
14.02 14.02 14.26 14.77 14.84 14.69 14.81 14.93 14.82 14.75 14.72 14.60 14.49 14.37 14.34 14.29 14.22 14.25 14.12 13.79 13.46 13.23 13.00 12.81 12.73 12.62 12.42 12.06 11.71 11.47 11.42 11.28 10.74 9.85 9.18 9.40 10.26 10.97 11.16 11.00 11.71 13.74 15.03 13.33 10.14 9.39 10.48 11.85 13.29 13.52 12.36 10.77 9.10 7.66 7.59 7.94 7.62 7.61 8.33 9.05 9.46 9.69 9.69 10.38 12.00 12.02 10.52 8.63 6.15 5.19 5.79 6.15 6.14 5.67 4.64 3.16 1.40 0.88 1.91 3.38 4.81 6.06 6.63 6.00
13.86 14.00 14.35 14.57 14.42 14.52 14.75 14.72 14.56 14.52 14.62 14.48 14.24 14.20 14.22 14.21 14.17 14.10 13.93 13.66 13.41 13.13 12.94 12.86 12.80 12.66 12.34 11.96 11.71 11.53 11.35 11.16 10.76 10.04 9.58 9.64 9.93 10.43 10.90 11.04 11.70 13.30 14.22 12.13 9.26 9.67 11.58 13.44 13.82 12.24 10.63 9.54 8.58 7.80 7.46 7.71 7.94 8.52 9.44 9.68 9.74 10.39 11.07 11.52 11.86 11.08 9.35 7.68 5.67 5.05 5.66 5.77 5.91 5.51 4.37 3.04 1.58 1.26 2.63 4.20 5.36 5.87 5.55 4.76
13.98 14.13 14.17 13.91 14.07 14.74 14.79 14.41 14.31 14.36 14.43 14.28 14.01 14.01 14.11 14.10 14.01 13.88 13.72 13.57 13.30 12.97 12.90 12.90 12.81 12.54 12.19 11.96 11.77 11.56 11.32 11.06 10.73 10.26 9.76 9.57 9.95 10.52 10.78 10.91 11.37 12.58 12.90 10.76 9.34 10.84 12.99 14.00 12.84 10.47 9.32 8.52 8.08 8.19 7.66 7.64 8.67 9.81 10.75 10.40 9.99 11.11 11.86 11.40 10.90 9.98 8.14 6.83 5.64 5.13 5.42 5.42 5.53 5.15 4.14 3.02 2.01 2.00 3.22 4.50 5.25 5.21 4.78 4.30
14.21 14.19 13.75 13.08 13.76 15.23 15.06 14.16 13.99 14.16 14.18 13.96 13.77 13.82 13.97 13.92 13.76 13.66 13.55 13.39 13.13 12.90 12.86 12.85 12.73 12.43 12.13 11.95 11.77 11.54 11.27 10.99 10.74 10.45 9.90 9.60 10.12 10.58 10.48 10.53 11.08 11.79 11.30 9.74 10.05 12.35 13.71 13.16 11.36 9.32 8.14 7.80 7.98 8.29 7.88 8.17 9.82 11.29 11.86 10.67 9.86 11.02 11.61 10.90 10.17 9.11 7.44 6.29 5.55 5.15 5.19 5.19 5.10 4.63 3.83 3.03 2.53 2.75 3.55 4.51 5.03 4.92 4.59 4.25
14.49 14.08 13.07 12.36 13.67 15.65 15.46 14.21 13.63 13.80 13.86 13.60 13.54 13.62 13.73 13.71 13.53 13.44 13.37 13.16 12.99 12.90 12.77 12.68 12.64 12.41 12.07 11.88 11.70 11.47 11.23 11.00 10.81 10.57 10.10 9.81 10.17 10.45 10.26 10.29 10.73 10.94 10.25 9.57 10.75 13.06 13.40 11.75 9.96 8.13 7.15 7.63 8.33 8.42 8.38 9.29 11.31 12.74 12.05 10.01 9.15 10.06 10.97 10.95 9.96 8.47 6.97 5.89 5.31 5.04 5.00 4.97 4.68 4.11 3.54 3.11 3.01 3.25 3.81 4.53 4.95 4.98 4.65 4.26
14.81 13.85 12.15 11.84 14.05 15.77 15.54 14.63 13.42 13.28 13.42 13.31 13.36 13.37 13.40 13.46 13.39 13.20 13.14 12.98 12.88 12.85 12.64 12.49 12.54 12.36 11.95 11.75 11.62 11.41 11.22 11.03 10.84 10.60 10.26 10.04 10.16 10.23 10.05 10.01 10.25 10.51 10.15 9.75 11.09 12.93 12.42 10.47 8.69 7.04 6.55 7.72 8.80 8.79 9.19 10.81 12.90 12.97 10.79 8.82 8.32 9.02 10.63 11.44 9.94 7.84 6.45 5.49 5.03 4.87 4.83 4.68 4.27 3.77 3.42 3.32 3.34 3.48 3.96 4.59 5.04 5.06 4.67 4.29
15.20 13.55 11.29 11.73 14.61 15.50 15.04 15.04 13.69 12.86 12.84 13.03 13.12 13.03 13.06 13.19 13.25 12.96 12.86 12.89 12.75 12.68 12.49 12.36 12.39 12.18 11.82 11.65 11.54 11.36 11.19 11.01 10.81 10.60 10.37 10.18 10.07 9.96 9.84 9.70 9.95 10.54 10.27 9.80 10.93 12.08 11.00 9.00 7.75 6.74 6.63 8.25 9.31 9.33 10.25 12.58 13.42 11.68 9.21 7.94 7.75 8.48 10.89 11.98 9.65 7.18 5.94 5.12 4.78 4.66 4.60 4.38 3.96 3.63 3.54 3.56 3.50 3.53 4.01 4.73 5.08 4.96 4.70 4.45
15.54 13.29 10.84 12.07 14.86 14.87 14.16 15.16 14.43 12.70 12.22 12.61 12.74 12.68 12.79 12.96 13.02 12.73 12.66 12.77 12.58 12.41 12.33 12.28 12.18 11.94 11.71 11.57 11.46 11.30 11.13 10.95 10.77 10.58 10.39 10.23 10.03 9.86 9.74 9.46 9.73 10.61 10.43 9.84 10.25 10.83 9.41 7.38 7.27 7.39 7.75 8.80 9.58 10.06 11.73 13.52 12.40 9.86 8.25 7.62 7.65 8.63 11.49 12.21 9.16 6.63 5.44 4.70 4.54 4.50 4.38 4.16 3.78 3.62 3.74 3.72 3.56 3.61 4.12 4.76 4.84 4.81 4.89 4.72
15.33 13.51 11.25 12.24 14.67 14.20 13.21 14.83 14.95 12.81 11.84 12.13 12.26 12.39 12.63 12.76 12.69 12.49 12.51 12.52 12.36 12.19 12.16 12.16 11.94 11.73 11.60 11.49 11.36 11.19 11.04 10.87 10.71 10.54 10.37 10.21 10.05 9.88 9.69 9.36 9.64 10.69 10.59 9.59 9.19 9.38 8.16 6.51 7.46 8.39 8.44 8.84 9.57 10.86 12.88 13.25 10.63 8.26 7.56 7.67 8.02 9.25 11.96 12.09 8.73 6.13 4.89 4.25 4.37 4.46 4.26 3.96 3.65 3.64 3.85 3.82 3.60 3.75 4.35 4.62 4.48 4.77 5.09 4.88
14.38 14.03 12.50 12.10 13.97 13.72 12.38 13.86 14.85 13.38 11.99 11.73 11.82 12.16 12.49 12.51 12.33 12.26 12.28 12.23 12.19 12.06 11.99 11.94 11.73 11.56 11.47 11.37 11.24 11.08 10.93 10.78 10.63 10.48 10.33 10.18 10.02 9.86 9.67 9.42 9.72 10.54 10.24 8.97 8.20 8.32 7.61 6.81 8.04 8.59 8.17 8.77 9.68 11.19 13.31 12.42 8.91 7.00 7.14 7.95 8.52 9.91 12.21 11.74 8.26 5.62 4.39 3.85 4.23 4.48 4.12 3.67 3.53 3.73 3.93 3.88 3.65 3.95 4.62 4.52 4.34 4.86 5.16 4.87
13.39 14.13 13.65 12.11 12.90 13.17 11.86 12.47 14.18 14.14 12.62 11.55 11.57 11.98 12.18 12.17 12.04 12.01 12.01 11.97 12.00 11.92 11.81 11.70 11.53 11.39 11.31 11.22 11.09 10.95 10.82 10.68 10.53 10.40 10.26 10.10 9.95 9.81 9.66 9.51 9.69 9.94 9.48 8.49 7.99 7.95 7.61 7.64 8.24 7.94 7.58 8.94 9.85 11.18 13.33 11.45 7.45 6.34 7.22 8.32 9.10 10.56 12.11 11.15 7.77 5.08 4.01 3.59 4.06 4.32 3.79 3.41 3.62 3.90 4.03 3.88 3.75 4.29 4.83 4.60 4.55 4.97 5.06 4.71
13.02 13.72 13.88 12.52 12.27 12.62 11.78 11.52 13.04 14.37 13.33 11.69 11.60 11.86 11.69 11.79 11.84 11.77 11.78 11.67 11.74 11.76 11.62 11.50 11.33 11.21 11.14 11.05 10.93 10.81 10.70 10.55 10.41 10.30 10.16 10.01 9.87 9.74 9.61 9.51 9.47 9.33 8.93 8.47 8.28 8.12 8.00 8.05 7.91 7.20 7.17 8.99 9.80 11.25 13.00 10.17 6.55 6.34 7.64 8.85 9.84 10.91 11.59 10.51 7.32 4.65 3.70 3.41 3.69 3.81 3.44 3.55 3.94 4.07 4.10 3.88 4.01 4.72 5.01 4.78 4.69 4.83 4.79 4.53
13.04 13.23 13.33 12.74 12.35 12.34 11.95 11.32 12.06 13.99 13.47 11.85 11.86 11.84 11.28 11.40 11.61 11.52 11.49 11.40 11.50 11.54 11.43 11.35 11.13 10.99 10.95 10.86 10.77 10.66 10.54 10.41 10.29 10.17 10.04 9.90 9.76 9.65 9.53 9.40 9.25 9.04 8.77 8.56 8.47 8.37 8.11 7.78 7.45 6.79 6.87 8.64 9.73 11.33 12.38 9.14 6.23 6.78 8.43 9.52 10.17 10.65 10.81 9.92 7.20 4.63 3.55 3.20 3.23 3.34 3.49 3.93 4.18 4.19 4.17 4.01 4.40 5.09 5.13 4.80 4.55 4.54 4.50 4.30
13.06 12.87 12.69 12.51 12.34 12.27 12.20 11.65 11.96 13.43 12.75 11.44 11.92 12.05 11.34 11.14 11.25 11.24 11.21 11.20 11.25 11.23 11.24 11.20 10.93 10.76 10.74 10.67 10.60 10.50 10.38 10.26 10.15 10.03 9.90 9.77 9.65 9.54 9.40 9.26 9.09 8.91 8.70 8.51 8.44 8.32 7.91 7.51 7.17 6.66 6.53 7.98 9.81 11.35 11.60 8.65 6.37 7.36 9.16 9.83 9.88 10.05 10.01 9.24 7.22 4.93 3.54 2.93 2.85 3.35 3.85 4.12 4.28 4.34 4.31 4.31 4.85 5.33 5.04 4.55 4.26 4.22 4.18 3.93
12.82 12.54 12.28 12.20 12.03 12.12 12.35 12.23 12.38 12.69 11.70 10.60 11.37 12.40 11.92 11.14 10.92 10.91 10.95 10.97 10.94 10.98 11.10 10.97 10.67 10.54 10.54 10.48 10.42 10.33 10.21 10.11 10.00 9.88 9.76 9.64 9.52 9.40 9.26 9.12 8.96 8.79 8.62 8.45 8.32 8.15 7.82 7.48 7.12 6.70 6.42 7.61 9.91 11.08 10.73 8.29 6.75 8.09 9.55 9.68 9.39 9.36 9.22 8.57 7.15 5.27 3.68 2.65 2.70 3.66 4.14 4.17 4.41 4.58 4.48 4.62 5.21 5.24 4.65 4.16 3.89 3.90 3.86 3.56
12.33 12.16 11.99 11.87 11.80 11.98 12.30 12.65 12.65 12.11 11.12 10.05 10.62 12.21 12.21 11.43 10.88 10.67 10.71 10.67 10.65 10.82 10.88 10.63 10.40 10.33 10.34 10.30 10.23 10.14 10.03 9.93 9.84 9.72 9.60 9.49 9.37 9.25 9.12 8.98 8.83 8.68 8.52 8.36 8.19 8.00 7.77 7.48 7.19 6.85 6.67 7.61 9.66 10.54 9.75 7.91 7.41 8.83 9.55 9.30 8.85 8.53 8.34 7.95 7.01 5.56 3.79 2.38 2.77 4.00 4.33 4.31 4.64 4.81 4.65 4.86 5.24 4.79 4.14 3.81 3.60 3.64 3.60 3.33
11.75 11.75 11.70 11.55 11.65 11.93 12.25 12.79 12.72 11.99 11.06 10.02 10.32 11.31 11.63 11.71 11.24 10.72 10.57 10.33 10.39 10.58 10.49 10.25 10.11 10.13 10.16 10.13 10.04 9.95 9.84 9.75 9.66 9.55 9.44 9.33 9.22 9.10 8.97 8.84 8.70 8.56 8.41 8.25 8.08 7.89 7.71 7.50 7.29 7.09 6.88 7.44 9.04 9.72 8.69 7.55 8.18 9.25 9.22 8.77 8.21 7.80 7.63 7.39 6.74 5.64 3.79 2.38 3.15 4.36 4.50 4.59 4.89 4.95 4.79 4.93 4.89 4.26 3.77 3.57 3.42 3.41 3.33 3.19
11.31 11.32 11.39 11.36 11.42 11.85 12.36 12.77 12.61 11.99 11.19 10.19 10.05 10.26 10.60 11.48 11.52 11.02 10.54 10.08 10.13 10.19 10.03 9.91 9.86 9.95 10.04 9.98 9.84 9.73 9.64 9.57 9.48 9.37 9.27 9.16 9.06 8.94 8.82 8.70 8.56 8.43 8.29 8.13 7.96 7.81 7.66 7.51 7.36 7.24 6.93 7.19 8.49 8.83 7.71 7.47 8.78 9.31 8.83 8.29 7.70 7.41 7.24 6.79 6.29 5.43 3.63 2.82 3.85 4.62 4.64 4.83 5.11 5.01 4.80 4.68 4.36 3.93 3.58 3.36 3.26 3.15 3.10 3.20
11.09 10.93 11.07 11.29 11.33 11.80 12.35 12.54 12.37 11.97 11.32 10.36 9.75 9.64 9.87 10.68 11.24 11.21 10.73 10.15 9.94 9.76 9.63 9.59 9.61 9.78 9.95 9.83 9.60 9.50 9.46 9.38 9.29 9.19 9.09 8.99 8.88 8.78 8.66 8.55 8.42 8.29 8.15 8.01 7.87 7.73 7.61 7.49 7.38 7.26 7.01 7.14 8.01 8.15 7.19 7.49 8.94 9.19 8.55 8.02 7.49 7.13 6.68 5.97 5.79 5.14 3.64 3.59 4.47 4.75 4.75 4.99 5.27 5.01 4.59 4.24 3.99 3.78 3.43 3.17 3.09 2.94 3.03 3.45
10.77 10.64 10.88 11.27 11.46 11.70 11.92 12.19 12.16 11.77 11.40 10.76 9.70 9.27 9.49 9.98 10.53 10.83 10.85 10.42 9.82 9.43 9.37 9.37 9.30 9.52 9.83 9.60 9.33 9.32 9.26 9.17 9.08 9.00 8.90 8.81 8.71 8.61 8.50 8.39 8.27 8.15 8.02 7.89 7.77 7.65 7.54 7.43 7.32 7.21 7.10 7.11 7.56 7.79 7.01 7.14 8.71 9.07 8.44 7.96 7.18 6.21 5.52 5.34 5.60 5.04 4.19 4.46 4.80 4.78 4.82 5.10 5.35 4.91 4.22 3.93 3.93 3.74 3.27 3.00 2.91 2.89 3.27 3.88
10.23 10.35 10.92 11.34 11.46 11.49 11.38 11.76 11.97 11.46 11.45 11.33 9.79 8.83 9.21 9.63 9.79 9.98 10.46 10.55 9.86 9.32 9.30 9.20 8.96 9.28 9.64 9.34 9.16 9.19 9.04 8.94 8.87 8.80 8.71 8.62 8.53 8.43 8.33 8.23 8.12 8.00 7.88 7.76 7.65 7.55 7.44 7.34 7.24 7.16 7.11 7.06 7.30 7.49 6.91 6.93 8.26 8.86 8.41 7.72 6.19 4.53 4.49 5.39 5.90 5.48 5.02 4.89 4.77 4.74 4.82 5.13 5.31 4.68 3.98 3.89 3.98 3.63 2.99 2.73 2.81 3.11 3.79 4.59
9.13 9.93 11.19 11.45 11.38 11.37 10.99 11.22 11.73 11.52 11.65 11.44 9.79 8.71 8.91 9.22 9.25 9.21 9.73 10.30 9.90 9.34 9.30 9.12 8.83 9.09 9.32 9.08 9.01 9.01 8.81 8.70 8.66 8.59 8.52 8.44 8.35 8.26 8.16 8.05 7.95 7.84 7.74 7.63 7.53 7.43 7.33 7.23 7.15 7.08 7.04 7.01 7.10 7.13 6.89 7.02 7.81 8.37 8.15 7.15 5.04 3.69 4.65 5.93 6.24 5.87 5.28 4.76 4.58 4.71 4.79 5.08 5.19 4.53 4.01 3.91 3.84 3.34 2.66 2.59 3.12 3.91 4.97 6.24
7.18 9.21 11.30 11.48 11.79 11.63 10.52 10.42 11.47 12.03 11.91 10.86 9.69 9.03 8.53 8.59 8.91 8.87 9.19 9.77 9.55 9.17 9.31 9.17 8.84 8.86 8.87 8.81 8.83 8.78 8.61 8.49 8.46 8.40 8.32 8.25 8.17 8.08 7.98 7.88 7.78 7.68 7.59 7.49 7.39 7.30 7.20 7.12 7.04 6.98 6.93 6.90 6.90 6.86 6.85 6.97 7.32 7.52 7.44 6.62 4.72 4.12 5.26 6.16 6.26 5.83 5.13 4.55 4.50 4.71 4.74 4.99 5.08 4.49 3.95 3.76 3.55 3.01 2.62 3.08 4.06 5.16 6.46 7.13
5.80 8.43 10.71 11.33 12.64 12.22 9.75 9.26 11.29 12.56 11.86 10.25 9.54 9.11 8.24 8.12 8.66 8.85 8.93 9.08 8.90 8.88 9.21 9.12 8.77 8.49 8.44 8.72 8.74 8.61 8.45 8.31 8.27 8.20 8.13 8.06 7.98 7.89 7.79 7.69 7.61 7.52 7.43 7.33 7.25 7.15 7.07 6.99 6.91 6.85 6.80 6.76 6.72 6.69 6.70 6.74 6.82 6.75 6.70 6.26 5.05 4.83 5.58 6.05 6.08 5.55 4.91 4.59 4.62 4.71 4.61 4.78 4.95 4.36 3.71 3.55 3.30 2.84 2.86 3.74 4.74 5.77 6.60 6.20
6.41 7.96 9.85 11.02 12.75 12.37 9.31 8.27 11.33 13.10 11.74 9.95 9.37 8.83 8.12 8.00 8.37 8.70 8.62 8.39 8.37 8.63 8.88 8.90 8.36 7.76 8.40 9.06 8.78 8.52 8.33 8.13 8.06 7.98 7.92 7.87 7.78 7.69 7.60 7.51 7.43 7.34 7.26 7.17 7.09 7.00 6.93 6.85 6.78 6.72 6.66 6.61 6.55 6.52 6.50 6.48 6.43 6.33 6.23 5.96 5.40 5.28 5.63 5.85 5.67 5.13 4.81 4.78 4.72 4.54 4.29 4.60 4.90 4.20 3.53 3.38 3.12 2.89 3.18 4.08 4.92 5.52 5.55 5.27
7.72 8.40 9.52 10.62 11.92 11.72 9.22 8.24 11.34 13.31 11.39 9.31 8.96 8.48 7.97 7.88 7.98 8.31 8.30 7.99 8.03 8.25 8.51 8.64 7.45 6.76 8.60 9.58 8.91 8.45 8.22 7.98 7.85 7.76 7.70 7.68 7.59 7.49 7.40 7.32 7.24 7.16 7.08 7.00 6.93 6.85 6.78 6.70 6.63 6.57 6.50 6.45 6.39 6.34 6.29 6.24 6.16 6.07 5.92 5.72 5.51 5.44 5.48 5.42 5.19 4.90 4.86 4.84 4.59 4.19 4.06 4.69 4.88 3.95 3.29 3.17 3.12 3.12 3.44 4.04 4.52 4.66 4.49 5.37
8.77 8.92 9.48 10.14 10.79 10.79 9.48 8.89 11.33 13.00 10.49 8.58 8.49 8.13 7.90 7.70 7.61 8.00 8.17 7.90 7.74 7.90 8.29 8.23 6.73 6.24 8.47 9.77 9.08 8.40 8.12 7.87 7.68 7.54 7.47 7.47 7.37 7.27 7.20 7.12 7.05 6.98 6.90 6.83 6.76 6.69 6.62 6.55 6.48 6.42 6.35 6.29 6.22 6.16 6.10 6.02 5.94 5.84 5.71 5.56 5.44 5.38 5.26 5.11 4.98 4.87 4.80 4.70 4.40 4.11 4.23 4.78 4.64 3.54 2.99 3.08 3.27 3.30 3.39 3.56 3.68 3.87 4.37 6.23
9.42 9.45 9.58 9.65 9.92 10.23 9.80 9.57 11.16 11.77 9.49 8.41 8.29 7.92 7.88 7.60 7.43 7.85 8.11 7.82 7.62 7.82 8.06 7.82 6.69 6.27 7.91 9.36 9.11 8.49 8.05 7.74 7.61 7.37 7.22 7.24 7.15 7.04 7.00 6.93 6.86 6.78 6.71 6.64 6.58 6.52 6.46 6.39 6.33 6.26 6.19 6.13 6.06 5.99 5.91 5.84 5.75 5.65 5.54 5.41 5.31 5.22 5.09 4.96 4.88 4.79 4.65 4.55 4.31 4.19 4.30 4.49 4.17 3.17 2.88 3.08 3.33 3.27 3.01 2.97 3.16 3.77 5.22 6.93
10.11 9.99 9.60 9.25 9.52 9.97 9.87 9.87 10.44 10.03 8.89 8.52 8.19 7.81 7.76 7.54 7.45 7.77 7.94 7.68 7.62 7.81 7.82 7.59 6.75 6.30 7.35 8.57 8.87 8.61 8.01 7.64 7.65 7.38 7.08 6.98 6.88 6.82 6.79 6.73 6.65 6.58 6.52 6.46 6.40 6.34 6.28 6.22 6.16 6.10 6.03 5.97 5.89 5.82 5.75 5.66 5.57 5.48 5.37 5.27 5.17 5.06 4.96 4.84 4.75 4.65 4.53 4.43 4.26 4.16 4.15 4.12 3.77 3.12 2.97 3.13 3.30 3.13 2.66 2.67 3.22 4.48 6.30 6.72
10.81 10.42 9.55 8.98 9.32 9.71 9.66 9.70 9.53 8.92 8.58 8.44 8.05 7.80 7.66 7.45 7.44 7.69 7.76 7.52 7.50 7.63 7.58 7.39 6.71 6.26 6.90 7.77 8.35 8.51 8.03 7.69 7.72 7.48 6.99 6.66 6.61 6.63 6.59 6.50 6.42 6.37 6.32 6.26 6.22 6.17 6.11 6.06 6.00 5.94 5.88 5.81 5.74 5.66 5.58 5.50 5.41 5.32 5.22 5.12 5.02 4.93 4.83 4.73 4.63 4.53 4.41 4.31 4.19 4.08 4.03 3.93 3.62 3.23 3.13 3.29 3.33 3.00 2.56 2.78 3.95 5.65 6.58 5.40
11.12 10.67 9.71 8.92 9.03 9.47 9.44 9.27 8.93 8.50 8.32 8.12 7.87 7.78 7.58 7.32 7.35 7.57 7.56 7.28 7.22 7.34 7.30 7.22 6.75 6.19 6.51 7.17 7.76 8.18 8.03 7.75 7.67 7.38 6.81 6.44 6.40 6.47 6.40 6.24 6.16 6.16 6.11 6.07 6.03 5.99 5.94 5.90 5.84 5.78 5.72 5.65 5.58 5.50 5.42 5.34 5.26 5.17 5.07 4.98 4.89 4.79 4.70 4.60 4.51 4.40 4.30 4.21 4.11 4.00 3.92 3.80 3.57 3.32 3.27 3.45 3.35 2.93 2.72 3.36 5.04 6.11 5.59 3.53
