windninja/windninja_output/Output_2025-10-23_1000-1050_Google earth_Fire_150m_10min/merlingen_7.5mi_point_10-23-2025_1000_150m_ang.asc
ncols	158
nrows	163
xllcorner	391686.332397
yllcorner	5160024.123721
cellsize	150.000000
NODATA_value	-32768.000000
[rows 0 to 43 of 163, columns 0 to 95 of 158]
281 278 274 272 271 273 273 267 264 265 264 256 242 235 239 249 259 264 269 279 286 280 268 267 272 278 278 273 272 273 273 272 273 272 272 276 280 280 279 280 277 277 279 280 283 287 290 293 295 296 298 299 300 302 302 298 295 292 293 295 296 294 292 291 290 288 288 290 294 297 298 297 294 291 291 292 292 290 290 292 292 289 284 284 285 283 278 274 274 272 269 268 269 266 261 259
282 279 277 274 273 272 269 267 267 266 264 257 244 240 245 252 261 268 274 280 285 284 277 272 272 275 277 277 275 274 274 274 274 275 276 278 280 282 283 284 283 283 284 285 288 291 294 296 298 298 298 298 298 297 297 296 295 295 295 295 296 295 294 294 293 292 291 291 294 297 299 298 296 295 294 294 293 292 293 295 294 290 287 286 285 285 284 280 278 276 274 274 273 271 269 267
284 282 279 277 275 272 268 268 270 271 269 262 253 251 254 260 267 272 277 280 282 288 289 281 275 274 276 279 278 276 276 277 278 279 282 283 283 286 287 289 290 291 291 292 294 297 298 299 301 301 299 298 296 294 295 296 297 298 297 296 298 299 298 298 298 297 295 294 294 297 299 299 299 299 298 297 296 295 296 298 297 293 291 290 288 291 295 291 287 286 286 285 285 285 286 286
285 282 279 277 275 274 272 273 275 276 273 266 261 262 264 268 271 274 275 276 278 284 291 289 281 277 277 279 280 279 279 279 281 284 286 287 287 287 288 292 294 296 297 297 298 300 301 301 301 302 302 301 299 298 298 298 298 298 298 297 299 300 300 299 299 299 298 295 295 297 299 299 299 299 298 299 299 297 295 298 301 297 294 295 294 295 301 301 298 298 298 297 298 300 300 301
286 282 278 276 275 276 278 280 279 276 271 266 266 269 272 273 272 274 274 273 275 282 291 296 289 283 282 282 283 284 283 283 285 288 289 289 289 290 292 295 298 300 300 300 301 301 301 301 301 301 301 300 299 298 297 297 297 298 298 298 298 300 300 299 300 300 299 296 295 297 299 298 298 299 299 298 298 297 296 298 301 298 295 298 297 296 303 307 306 307 307 307 310 312 313 315
287 284 280 277 276 278 281 281 278 273 269 270 273 274 275 274 271 270 270 271 273 279 289 298 295 289 286 284 285 286 287 287 288 289 290 291 293 295 297 299 301 301 300 300 299 298 298 299 299 299 298 298 297 297 296 296 297 298 299 300 299 300 301 301 301 301 300 298 296 298 299 298 299 301 302 300 299 299 298 297 297 298 297 298 298 297 301 306 306 309 311 311 315 319 319 319
285 285 283 281 279 279 279 278 275 271 271 274 279 279 276 275 272 269 269 271 273 277 285 296 298 292 288 287 288 288 289 289 289 289 291 294 296 298 298 298 299 299 297 296 295 295 295 296 296 297 297 296 297 297 296 296 297 298 300 301 302 304 304 303 302 302 301 299 298 301 302 301 302 305 306 304 302 301 302 300 298 301 302 301 299 297 299 303 305 307 308 308 310 314 315 315
283 283 284 284 281 279 277 274 272 273 276 281 285 283 277 275 274 271 271 272 274 277 282 291 298 296 293 291 290 289 289 289 288 288 290 293 294 295 294 294 294 293 293 292 292 293 293 294 295 296 296 296 297 297 295 296 298 299 301 303 305 307 307 304 303 302 302 301 300 303 305 303 303 306 307 305 302 301 303 302 299 302 305 305 304 302 303 306 307 307 306 305 304 306 310 313
282 281 281 282 282 279 275 272 272 275 280 285 289 286 279 276 275 274 273 273 275 277 280 286 296 301 297 293 292 291 290 289 289 288 288 289 289 289 288 288 288 288 289 290 291 292 292 292 294 296 297 296 297 296 295 297 300 301 302 303 303 304 305 304 301 301 302 302 302 303 303 301 300 302 304 304 301 300 303 302 299 301 308 310 311 312 312 313 316 318 318 316 313 313 316 314
281 280 280 280 279 278 275 274 276 278 281 286 291 290 282 276 276 277 276 276 276 277 279 284 291 299 300 295 293 293 290 289 290 288 287 286 285 285 284 284 285 286 288 289 289 290 291 291 293 297 296 294 296 297 296 296 298 299 297 296 295 297 300 300 298 299 301 302 303 301 299 298 299 300 302 301 298 300 307 306 304 305 309 312 311 312 314 315 320 324 325 323 320 321 320 313
281 280 279 278 278 277 276 276 278 279 281 285 290 291 285 279 277 278 280 280 279 278 279 282 288 295 300 297 293 293 290 288 289 288 285 284 283 283 284 285 286 286 287 288 287 287 290 289 289 292 293 292 294 295 293 290 289 289 287 285 286 288 292 295 296 297 297 298 299 297 296 297 300 302 302 300 298 302 310 311 310 309 311 312 310 311 312 310 314 321 321 318 317 321 317 310
280 279 278 277 277 277 277 277 278 279 281 284 288 292 288 283 281 280 281 282 281 280 280 281 284 288 293 293 291 290 287 285 286 287 284 282 281 283 285 286 286 285 285 285 284 284 285 284 281 282 285 286 285 284 283 281 278 277 276 274 274 276 282 290 293 292 292 292 295 298 298 299 301 305 308 309 309 310 314 314 313 312 313 315 315 316 314 309 311 320 317 310 310 316 313 308
278 278 277 276 276 276 277 277 278 279 281 283 286 289 288 285 284 283 282 283 283 281 279 278 278 279 283 286 287 287 286 286 286 286 284 281 282 284 285 286 285 285 285 284 282 279 276 273 271 274 278 278 277 275 275 276 274 271 266 264 266 270 277 284 287 287 286 289 298 302 300 299 301 308 315 316 316 315 317 318 316 314 315 315 315 318 315 309 313 322 316 306 307 313 308 302
277 277 276 276 276 276 276 276 277 278 280 282 285 287 286 284 285 286 285 283 282 281 278 275 273 274 279 284 286 286 286 285 285 285 284 283 284 285 285 285 284 281 278 276 274 271 268 266 268 272 275 276 274 272 273 275 275 271 264 264 270 277 282 286 287 285 284 289 298 303 302 301 302 309 314 314 311 310 312 315 314 313 313 311 310 313 312 306 308 315 310 301 299 301 298 293
276 276 275 275 276 275 275 276 277 278 280 282 285 287 285 283 284 287 287 283 280 279 276 273 272 275 280 283 284 284 283 284 285 285 286 286 284 282 280 278 275 269 265 266 268 268 269 273 273 272 275 279 279 278 279 280 283 282 279 278 283 288 293 295 294 292 293 294 297 304 307 304 304 306 309 309 306 303 302 304 307 309 308 306 304 305 303 299 297 299 296 288 283 283 284 284
274 274 274 274 274 274 275 275 276 277 279 281 285 289 288 284 283 284 286 284 280 278 276 274 274 278 282 283 283 284 285 286 287 287 285 283 278 274 270 267 266 264 265 271 274 274 277 281 280 277 280 287 291 292 291 291 293 298 298 292 292 295 299 302 299 298 300 300 301 307 310 304 301 302 305 307 304 300 300 301 304 305 302 298 296 293 290 286 284 283 283 280 278 278 280 281
273 273 273 273 273 273 274 275 276 277 279 281 283 289 291 285 281 281 282 282 281 279 278 277 277 279 282 284 284 286 287 286 283 279 274 272 271 269 268 268 270 274 279 280 281 282 282 284 288 289 290 294 298 298 296 294 294 302 306 300 297 298 300 304 302 298 300 303 305 309 311 305 298 301 306 306 305 304 304 303 302 300 295 290 285 280 275 271 274 282 287 287 285 285 285 286
271 271 271 271 272 273 273 274 275 276 278 280 282 286 290 286 281 279 279 280 279 279 279 279 279 278 280 284 286 285 283 279 273 269 268 271 274 275 276 278 281 283 283 282 282 284 286 289 294 296 297 297 297 296 294 294 295 301 307 304 299 299 301 305 304 300 301 304 306 307 310 310 306 305 307 307 308 307 302 296 291 289 287 281 275 272 271 272 280 290 295 293 291 291 291 290
269 269 270 270 271 272 273 274 275 276 277 278 281 284 286 286 282 279 278 277 277 277 279 280 279 278 279 282 284 282 278 273 269 269 272 274 277 280 281 282 283 283 283 283 283 285 290 295 296 295 296 297 296 295 296 297 298 300 304 304 300 298 301 304 304 302 300 301 303 305 310 315 313 309 309 306 303 298 288 280 279 280 281 281 280 280 283 286 288 294 300 298 295 294 295 295
268 268 268 269 270 270 272 273 274 275 276 277 279 281 283 283 281 279 277 277 277 278 279 280 280 280 280 281 281 280 277 273 271 272 274 275 278 282 285 286 286 286 286 286 288 290 293 297 296 292 292 295 297 299 300 301 300 300 301 301 298 295 297 301 302 301 299 300 304 309 314 318 316 313 313 311 302 290 281 279 281 285 290 294 293 291 291 291 290 294 303 307 299 296 297 297
266 266 267 268 268 269 270 272 273 274 275 277 278 280 281 281 280 279 278 279 279 280 280 281 281 280 280 280 280 280 279 276 274 276 280 282 284 288 291 291 289 288 287 288 291 293 293 294 295 293 292 295 298 301 301 300 300 299 299 298 296 293 296 301 302 302 303 304 307 312 316 317 314 311 314 318 314 304 296 292 294 296 298 300 301 297 293 292 292 296 306 313 304 298 298 300
264 265 265 266 267 269 269 270 272 273 275 276 277 278 279 280 280 279 279 280 280 280 281 281 281 281 280 280 280 280 281 281 281 284 287 289 288 290 292 290 289 288 288 289 291 291 291 294 297 296 295 297 299 301 301 300 300 299 298 297 296 294 296 302 303 304 308 309 309 312 314 314 310 307 311 320 322 315 307 302 301 301 300 302 306 302 298 296 296 300 309 319 312 302 302 304
262 262 263 265 266 268 269 269 271 272 274 275 276 277 279 279 280 280 280 280 281 281 282 282 282 281 281 280 280 282 285 289 289 288 288 288 287 285 286 288 288 289 289 288 289 291 295 297 299 298 297 297 298 299 302 303 302 302 301 297 296 295 296 302 306 310 313 312 310 311 312 311 307 306 312 322 326 320 312 307 305 305 304 305 309 307 306 303 301 303 311 324 318 305 304 306
260 260 262 263 265 266 267 269 270 272 274 275 275 276 278 279 280 280 280 281 281 282 282 282 282 281 280 279 279 282 287 292 291 287 285 284 283 282 284 288 290 291 290 289 291 296 298 298 298 298 296 296 298 299 302 304 303 303 305 301 296 294 296 303 309 313 314 312 308 307 307 306 305 307 314 324 328 319 313 309 306 307 307 307 310 310 310 305 301 303 312 326 318 305 304 306
258 259 260 262 263 265 266 268 270 271 273 275 275 276 277 279 280 281 281 281 282 282 282 283 282 281 278 276 278 283 289 292 292 288 285 283 282 283 286 290 293 293 293 294 295 297 297 295 296 297 296 296 298 300 303 305 305 304 305 302 296 295 298 304 309 310 309 305 300 296 297 301 305 309 316 324 323 316 312 310 308 309 311 311 311 311 310 305 300 302 313 328 317 306 304 306
256 257 259 261 262 264 265 267 269 271 272 274 276 277 277 278 280 280 281 282 282 282 283 283 283 281 277 275 278 284 289 292 294 292 288 285 283 284 288 293 295 297 298 297 295 295 294 294 295 297 297 296 297 299 302 306 307 305 303 301 299 300 303 306 309 310 307 303 295 291 295 302 307 312 320 327 318 312 313 314 312 312 315 315 314 314 316 312 304 304 316 330 321 311 308 308
254 255 257 259 261 263 265 267 269 270 271 273 275 277 278 279 280 280 281 281 282 283 284 285 284 282 279 277 279 282 286 290 293 295 293 288 285 285 289 296 298 299 300 297 296 297 296 296 297 299 299 297 297 299 303 309 310 304 302 304 303 303 304 306 308 308 309 307 300 296 300 305 309 314 324 332 318 309 314 317 314 312 314 315 314 316 321 318 308 307 317 329 323 315 312 312
252 253 255 257 260 262 264 267 268 269 271 273 274 276 278 279 280 281 281 282 284 285 286 286 286 287 286 282 280 281 283 287 292 295 296 294 290 287 289 297 301 300 302 300 300 304 302 299 298 301 303 300 300 302 306 315 318 308 306 308 305 303 302 303 301 301 305 307 303 301 301 305 310 316 327 334 318 308 312 318 316 313 313 312 311 312 318 317 308 308 316 325 322 316 314 315
250 251 253 256 259 261 264 266 268 269 271 272 274 276 278 279 280 281 282 283 285 286 287 288 290 293 294 289 285 282 281 285 291 295 298 302 300 293 293 300 304 304 305 305 305 308 306 302 299 303 308 305 303 304 307 320 326 313 306 306 305 303 303 303 302 301 306 308 304 303 302 306 313 319 329 331 317 304 305 313 316 316 313 309 305 303 306 309 305 306 313 320 320 316 314 316
248 249 252 255 258 261 263 265 267 269 271 272 274 276 278 280 281 282 283 284 285 286 288 290 293 299 300 295 290 285 282 283 287 294 303 312 312 302 299 305 309 308 310 308 309 312 310 308 305 307 313 310 305 304 307 321 327 312 302 301 302 302 301 300 300 301 309 309 302 302 303 307 313 319 329 328 318 305 299 305 313 317 313 306 301 300 303 305 305 305 309 313 317 315 311 311
246 248 250 253 257 260 263 265 267 269 271 272 274 276 278 280 282 283 284 285 286 288 289 292 296 301 302 298 293 288 282 281 286 295 306 318 318 307 302 306 310 310 311 309 310 313 311 309 307 307 311 308 304 300 303 317 319 307 299 296 297 299 295 289 291 299 309 307 298 297 300 302 305 314 327 327 322 311 301 302 311 318 314 307 305 306 308 307 306 304 304 305 307 307 304 303
245 246 249 252 256 259 262 264 266 269 271 273 274 276 278 280 282 283 285 286 287 289 291 293 298 302 304 302 298 292 286 287 291 295 303 318 318 307 304 306 307 306 307 304 305 309 307 304 301 299 300 300 298 294 295 309 309 302 297 293 293 298 295 286 289 300 310 307 296 294 297 299 303 314 325 327 325 317 306 304 311 320 317 310 307 306 304 302 299 297 296 295 295 298 299 299
243 244 247 251 256 259 261 264 266 269 271 273 275 276 278 280 281 283 286 287 288 290 293 295 299 303 306 307 308 304 297 295 294 291 296 314 316 305 301 301 300 301 302 300 301 303 301 298 295 293 294 294 294 292 292 303 306 300 294 291 291 298 303 294 292 300 312 311 299 294 299 306 311 319 327 329 328 321 310 305 310 319 316 312 308 303 299 297 295 293 291 290 290 294 300 304
241 242 246 251 256 258 261 264 266 269 271 273 275 277 278 280 282 284 286 288 289 292 295 297 299 303 307 310 314 310 302 296 293 289 291 308 315 304 299 299 297 298 299 297 297 298 295 292 291 291 292 293 293 291 291 297 303 299 292 288 290 302 314 304 295 299 308 310 302 298 305 313 316 322 328 329 329 324 315 309 311 316 314 312 312 309 304 303 302 299 296 294 294 296 304 312
239 241 245 251 255 258 261 263 266 269 272 274 275 277 278 280 282 284 286 288 290 292 296 298 300 303 307 312 315 310 302 295 293 291 292 302 314 304 298 298 296 294 293 292 291 292 291 289 290 290 291 291 290 291 291 294 298 297 291 286 289 303 320 313 298 296 302 307 305 303 309 314 316 322 326 326 326 321 315 310 311 315 314 312 314 316 310 308 309 306 303 303 302 302 307 314
238 240 244 250 254 257 260 263 266 269 272 274 276 277 279 281 283 284 286 288 290 293 296 298 301 303 308 312 315 310 304 300 299 297 294 297 307 304 296 294 291 288 287 289 290 291 292 292 293 293 292 292 292 294 296 297 297 296 292 285 285 298 318 317 302 295 298 304 307 307 309 309 310 316 320 322 323 315 308 305 307 311 311 308 310 316 313 312 314 314 311 309 305 302 304 312
238 240 245 250 253 256 260 264 267 269 272 274 276 278 279 281 283 285 287 289 291 293 295 298 301 304 309 313 315 311 308 307 303 298 292 291 296 297 290 285 285 286 288 291 293 293 296 296 296 295 295 296 298 300 302 301 299 297 295 288 287 295 312 318 308 298 297 302 307 309 306 299 300 308 316 322 322 316 308 306 306 306 304 301 303 312 317 315 316 317 314 310 305 302 306 315
237 239 245 251 254 257 260 264 267 269 272 274 276 278 280 282 283 285 287 289 291 293 295 298 301 305 310 316 317 311 310 308 302 296 290 288 289 284 281 283 286 290 292 294 295 296 299 299 298 297 298 301 303 302 302 303 303 301 299 295 292 297 308 317 313 300 295 298 304 309 304 298 302 311 320 322 322 325 317 310 311 310 306 302 302 310 321 321 316 316 315 310 306 305 310 320
238 240 245 250 254 257 261 264 267 270 272 274 276 278 280 282 284 286 287 289 291 293 295 297 301 305 311 318 316 309 307 305 301 297 292 288 283 278 282 287 292 295 297 298 299 300 303 305 306 303 304 308 310 306 304 308 311 309 306 303 301 302 309 317 315 302 294 294 299 306 307 309 313 319 326 320 321 331 324 315 318 319 313 307 303 309 323 326 320 317 317 311 305 304 308 317
239 241 246 250 254 258 261 264 268 270 272 274 276 278 280 282 284 286 287 289 291 293 295 297 300 304 310 314 312 305 302 303 302 298 293 288 288 289 290 292 295 298 300 303 304 304 305 308 310 306 305 310 316 315 312 315 319 318 314 310 309 307 307 313 316 305 294 292 297 305 310 313 316 323 328 318 322 338 333 321 324 326 317 308 302 306 318 326 324 320 319 312 304 302 305 313
241 241 246 251 254 258 261 265 268 270 272 274 276 278 280 282 284 285 287 289 291 293 295 297 299 303 307 309 309 304 301 302 303 299 294 292 297 298 296 296 299 302 304 307 307 306 307 312 314 310 305 309 318 320 316 316 320 320 314 308 306 304 300 303 312 307 296 294 301 308 311 312 311 322 323 316 325 344 338 325 327 330 322 312 305 305 315 325 325 321 320 311 302 299 303 310
243 243 247 251 254 258 261 264 267 269 272 274 276 278 280 282 284 285 287 289 291 293 295 296 299 302 304 306 308 306 302 302 303 301 301 304 304 303 303 304 306 307 308 310 311 312 313 316 318 314 307 309 316 318 312 309 312 313 306 298 296 298 298 300 308 308 300 300 307 312 313 310 311 322 320 316 329 347 342 330 325 326 321 315 312 313 320 327 326 322 318 309 299 297 303 312
246 246 248 251 254 258 262 264 266 269 272 274 276 278 280 281 283 285 287 289 291 293 294 296 298 300 302 305 308 307 303 303 304 306 311 315 314 312 312 310 308 306 307 309 312 314 314 312 312 311 305 304 310 314 308 303 301 302 297 291 292 300 303 303 306 308 309 309 313 318 320 315 317 323 320 319 335 351 348 337 327 323 318 315 315 318 326 329 324 320 316 310 302 302 309 321
248 249 250 252 255 258 261 264 266 268 271 274 276 278 280 281 283 285 287 288 290 292 294 295 297 299 301 303 306 306 303 302 305 310 316 320 318 313 312 310 305 302 304 305 307 309 307 304 305 306 302 301 307 311 307 301 297 296 294 292 295 302 304 305 306 310 314 316 320 329 331 324 325 327 324 326 343 357 353 338 326 323 319 315 314 319 326 324 319 317 315 312 306 304 311 324
