windninja/windninja_output/Output_2025-10-23_1000-1050_Google earth_Fire_150m_10min/merlingen_7.5mi_point_10-23-2025_1010_150m_ang.asc
ncols	158
nrows	163
xllcorner	391686.332397
yllcorner	5160024.123721
cellsize	150.000000
NODATA_value	-32768.000000
[rows 42 to 83 of 163, columns 0 to 94 of 158]
261 261 261 261 262 263 264 263 262 262 262 262 262 262 262 261 261 261 261 262 262 262 262 262 263 264 265 267 270 271 269 267 265 262 256 251 249 252 254 252 250 248 246 247 248 246 243 242 242 247 252 252 247 245 247 246 242 241 244 245 243 239 239 238 237 240 242 241 238 233 229 231 231 223 226 229 214 199 204 219 226 227 230 232 233 229 223 222 225 227 229 232 234 236 233
261 261 261 262 263 264 264 264 263 263 263 263 263 263 263 262 262 262 262 262 262 262 263 263 263 264 265 267 269 270 268 266 265 264 262 259 257 258 257 254 252 250 250 251 249 244 243 244 247 252 255 252 244 240 244 245 243 242 243 246 247 247 247 243 240 241 239 237 231 222 219 223 223 218 220 220 209 201 206 219 225 228 231 234 232 226 223 225 228 229 231 231 234 237 232
260 260 261 263 265 265 264 264 265 264 264 264 264 263 263 263 263 263 263 263 262 263 263 263 263 264 265 266 268 268 268 267 266 265 266 267 268 266 261 256 254 254 256 253 247 242 244 248 251 254 254 248 240 236 239 242 242 241 244 247 249 250 251 250 249 246 241 235 227 219 218 221 221 219 219 217 208 203 210 221 227 230 232 234 232 227 226 229 231 233 233 233 238 241 234
260 260 262 264 265 265 265 265 265 265 265 265 265 264 264 264 264 264 264 263 263 263 263 263 264 264 265 266 266 267 268 267 267 267 268 272 274 270 264 260 259 258 257 252 244 242 246 252 255 255 251 245 239 237 239 241 241 244 247 249 249 249 250 251 252 249 243 236 227 224 226 227 227 225 223 219 209 205 213 221 226 231 235 236 232 229 229 230 232 234 235 236 241 241 234
260 261 263 264 264 265 266 266 266 266 266 266 265 265 265 265 265 265 264 264 264 263 263 264 264 265 265 265 266 267 267 268 268 268 270 272 273 273 269 266 264 261 257 250 243 246 252 256 257 253 247 242 239 238 241 242 243 247 252 252 249 248 249 250 250 247 242 236 230 229 233 233 233 230 226 220 211 207 215 223 229 235 239 238 235 232 231 231 231 233 235 238 240 238 234
261 262 263 263 263 265 267 268 267 267 267 266 266 266 266 266 265 265 265 264 264 264 264 264 265 265 265 265 265 266 267 268 268 269 271 272 273 274 273 271 268 264 258 249 245 252 258 259 255 248 243 240 238 239 240 241 245 250 255 254 250 249 251 251 250 247 241 236 232 231 233 234 235 232 227 222 215 214 220 230 237 240 240 237 234 233 232 231 231 233 234 236 236 234 232
261 261 262 261 261 264 268 269 269 268 268 267 266 266 266 266 266 265 265 265 264 264 265 265 265 265 265 265 265 266 266 267 268 269 271 273 274 275 274 273 271 267 260 252 251 257 259 257 250 243 239 238 240 242 241 243 249 253 255 252 249 251 251 251 251 248 241 237 233 233 234 235 235 232 228 223 220 221 226 234 238 239 238 234 231 230 230 229 230 230 231 233 233 231 230
261 261 260 259 261 264 267 270 271 270 268 268 267 267 267 266 266 266 266 265 265 265 265 265 265 265 265 265 265 265 266 266 267 269 270 273 274 274 274 273 272 269 264 260 260 261 259 253 247 240 236 238 242 244 244 247 253 256 253 247 245 248 250 251 251 247 242 237 235 234 234 235 234 231 227 224 222 222 226 231 234 235 234 231 229 228 227 225 226 227 229 232 232 231 231
261 261 259 258 261 265 266 268 272 271 269 268 268 268 267 266 266 266 266 265 265 265 265 265 265 265 265 265 265 265 266 266 267 268 269 272 274 274 273 272 271 270 268 267 266 263 258 252 246 240 239 243 246 245 245 250 255 255 249 244 243 246 250 253 251 246 241 237 236 235 236 236 233 230 228 225 223 222 226 230 233 233 232 229 229 228 226 225 227 228 228 230 232 232 233
262 262 259 259 263 265 264 265 269 272 271 269 268 268 267 267 267 266 266 266 266 266 265 265 265 265 265 265 265 265 266 266 267 267 269 271 273 274 274 273 271 271 271 270 269 264 257 249 244 242 245 249 250 249 251 256 256 251 244 242 243 246 252 255 251 244 239 236 235 236 236 235 233 230 229 227 225 224 226 230 232 233 234 232 230 229 229 229 230 230 229 231 233 233 233
262 262 261 263 266 266 263 263 266 270 271 270 268 268 268 268 267 267 267 266 266 266 266 266 266 265 265 265 265 265 266 266 266 267 268 269 271 273 274 273 272 271 272 273 270 264 255 246 242 244 246 249 249 251 257 260 255 247 242 241 243 247 254 255 249 241 236 233 234 234 234 233 230 229 230 230 228 228 229 231 231 232 235 236 235 235 234 233 233 232 231 232 231 231 230
260 260 263 266 267 266 264 262 264 267 270 270 269 268 268 268 268 267 267 267 266 266 266 266 266 265 265 265 265 265 265 266 266 266 267 268 269 271 273 274 274 272 272 272 269 262 254 246 246 247 247 248 249 252 257 258 252 244 240 241 244 249 255 254 246 237 232 229 231 232 231 229 227 228 230 231 230 231 235 235 232 232 233 233 234 237 237 234 233 233 232 231 228 226 224
257 258 263 268 267 265 263 261 261 263 268 270 270 269 268 268 268 267 267 267 266 267 266 266 266 265 265 265 265 265 265 265 266 266 267 267 268 269 271 274 276 274 271 270 269 264 257 252 253 251 248 249 252 254 257 255 247 240 240 242 245 250 254 252 242 232 226 223 226 228 227 226 228 230 231 231 230 232 236 235 231 231 230 228 228 232 235 235 234 232 231 229 225 221 221
257 258 260 266 268 266 264 262 259 260 265 269 271 271 270 269 268 268 267 267 266 266 267 266 266 266 265 265 265 265 265 265 265 266 266 267 267 268 269 272 275 274 271 269 270 269 265 261 259 253 249 251 253 255 257 252 240 237 241 244 246 249 251 248 239 228 222 220 224 226 226 227 230 232 231 230 229 232 234 231 229 229 229 227 226 226 227 228 230 231 232 230 224 219 219
258 258 258 260 264 266 267 266 262 261 262 266 270 272 271 269 269 269 268 267 267 266 266 266 266 266 266 265 265 265 265 265 265 265 266 266 266 267 268 270 271 272 271 270 270 272 272 269 264 256 253 254 254 256 256 248 237 237 243 246 249 250 249 245 236 227 222 222 226 229 228 229 230 230 230 228 228 231 231 229 227 229 229 227 226 225 224 223 225 228 233 232 222 209 209
259 259 258 257 258 262 265 268 267 264 262 261 265 270 272 271 270 269 268 268 268 267 266 266 266 266 266 265 265 265 265 265 265 265 265 265 266 266 267 268 268 269 270 270 271 273 275 274 270 263 258 257 257 259 256 246 236 239 245 248 249 249 248 243 235 226 222 223 227 229 229 229 229 228 228 226 226 229 227 226 225 227 228 228 229 230 228 226 224 224 225 219 203 197 203
258 258 258 257 257 258 261 265 270 269 264 259 259 263 270 273 272 270 269 268 268 267 267 267 266 266 266 266 265 265 265 265 265 265 265 265 265 265 266 266 267 267 268 269 271 272 274 276 277 274 268 262 261 260 255 245 239 244 249 250 248 247 246 242 234 226 221 220 222 226 228 228 228 228 226 224 226 227 224 223 222 225 227 229 230 232 231 229 225 220 215 206 196 195 205
257 257 257 258 258 258 259 263 268 270 267 262 259 260 264 270 273 272 270 269 268 268 268 267 266 266 266 266 265 265 265 265 265 265 265 265 265 265 265 265 266 266 267 268 269 270 271 274 279 281 278 270 265 261 255 246 243 250 253 251 249 247 244 240 235 228 221 216 219 226 229 228 228 228 225 224 226 226 224 223 223 225 227 226 227 229 229 227 222 216 209 204 199 200 211
256 256 257 257 258 259 261 263 265 267 268 267 263 260 260 263 269 272 272 271 269 268 268 267 266 266 266 266 266 265 265 265 265 264 264 264 264 264 264 264 265 265 265 266 267 268 269 271 275 281 286 280 270 263 255 248 248 254 255 253 250 247 245 241 235 230 222 216 221 229 230 229 229 228 225 224 226 225 225 225 225 227 228 227 226 226 226 223 218 212 207 204 202 205 215
256 256 256 256 257 258 260 263 264 265 267 269 269 264 258 258 262 268 272 272 271 269 268 267 266 266 266 266 266 265 265 265 264 264 264 264 264 264 264 264 264 264 264 265 265 266 267 268 271 277 285 285 276 267 258 252 254 257 256 254 251 248 246 242 237 231 223 217 224 231 230 229 229 227 225 225 226 225 224 225 226 228 229 229 228 227 224 220 215 209 203 204 207 211 217
256 257 257 257 258 258 260 262 263 264 266 269 271 268 262 258 258 261 267 271 272 271 269 267 266 266 266 266 266 265 265 265 264 264 264 264 263 263 263 263 263 263 263 264 264 265 266 267 269 273 280 283 278 270 261 257 259 259 256 254 251 249 246 242 237 232 224 220 226 230 229 229 229 226 224 225 226 225 225 225 226 227 229 231 230 229 226 217 211 206 203 208 215 217 220
258 258 258 259 260 261 261 261 261 262 264 268 270 270 267 262 258 257 260 265 270 271 269 268 267 266 266 266 266 266 265 265 264 264 264 263 263 263 263 263 263 262 263 263 263 264 264 265 267 270 275 280 277 271 264 259 259 259 256 253 250 246 244 241 241 237 229 226 229 229 228 229 229 225 223 223 224 224 223 223 225 226 227 229 228 225 221 212 207 207 209 215 219 222 224
257 258 259 260 262 263 263 262 262 261 262 266 270 270 269 267 262 258 257 259 264 267 269 269 268 266 266 266 266 266 265 265 264 264 264 263 263 263 262 262 262 262 262 262 262 263 263 264 265 267 271 275 275 272 268 263 259 257 256 254 249 244 242 244 247 244 235 231 230 228 227 228 228 224 221 221 221 220 218 219 222 224 225 226 224 221 216 209 206 209 213 217 221 226 229
255 255 256 259 261 262 262 262 262 262 263 265 269 270 269 269 267 261 257 256 258 261 265 268 269 268 266 265 265 266 265 265 264 264 263 263 263 262 262 262 261 261 261 261 261 262 262 263 263 265 267 271 274 273 272 270 262 256 253 252 247 242 242 244 244 239 234 230 228 227 227 227 227 224 220 218 219 217 216 219 223 224 224 223 221 218 213 208 208 211 215 220 225 230 235
249 249 252 256 259 260 259 259 259 261 264 264 265 269 270 268 267 265 261 257 254 255 259 263 267 268 267 266 265 265 265 265 264 264 263 263 262 262 262 261 261 261 260 260 260 260 261 261 262 263 264 267 270 272 274 276 270 261 254 250 243 236 239 240 237 234 230 228 227 227 227 228 228 223 218 216 216 216 215 218 221 221 218 213 213 215 212 209 212 215 218 223 228 234 241
238 241 244 247 253 258 257 254 255 259 263 263 261 264 268 267 266 266 265 261 256 253 254 257 261 264 266 267 267 266 265 265 264 264 263 263 262 262 261 261 260 260 260 260 260 260 260 260 260 261 262 264 265 268 271 275 276 270 260 252 242 238 241 241 237 233 230 228 228 228 228 229 228 222 217 215 215 214 213 214 215 213 211 208 212 218 216 214 216 219 221 226 233 238 241
226 237 240 239 244 248 246 244 250 256 259 259 258 259 261 264 265 266 266 264 260 256 255 254 254 256 260 264 267 268 267 266 265 264 263 262 262 261 261 260 260 259 259 259 259 259 259 259 259 259 260 261 262 264 266 269 272 272 267 258 250 249 250 247 241 235 231 228 227 227 227 229 229 223 217 216 215 213 211 212 212 211 212 215 225 229 221 216 219 222 226 231 237 239 239
237 248 249 246 246 244 237 235 244 250 250 247 248 249 250 254 259 262 265 264 262 261 259 256 252 249 253 260 265 268 268 268 266 264 263 262 262 261 260 260 259 259 258 258 258 258 257 257 258 258 258 259 259 260 261 263 264 265 265 261 258 259 258 254 248 241 235 230 227 225 226 229 228 221 216 217 217 213 210 212 214 218 223 228 236 233 220 218 222 225 229 233 236 236 235
251 260 269 269 263 254 245 242 249 251 246 241 241 241 242 245 249 253 258 261 263 262 261 260 254 247 250 256 260 263 266 268 268 265 264 262 262 261 260 259 259 258 258 257 257 257 257 256 256 256 256 257 257 257 258 258 259 259 259 258 258 259 262 262 259 253 245 238 233 228 226 227 225 218 215 218 218 214 211 214 220 227 232 235 237 229 219 221 225 229 231 231 231 229 227
253 259 270 275 272 267 264 264 265 261 253 249 249 247 246 246 246 248 250 254 258 260 261 261 256 250 251 252 254 257 260 264 267 267 265 263 262 260 260 259 258 258 257 257 256 256 255 255 255 255 255 255 255 255 255 255 255 255 254 254 254 255 257 259 260 260 258 253 245 237 230 229 226 219 217 219 218 214 213 219 227 233 235 237 233 222 219 223 228 232 231 229 227 222 218
255 259 267 271 271 271 271 275 275 268 260 259 259 257 256 253 252 251 250 250 251 255 258 258 255 254 254 252 250 251 254 257 261 265 266 264 262 260 259 258 258 257 256 256 255 255 254 254 254 254 253 253 253 253 252 252 252 252 251 250 250 250 250 250 251 253 255 256 254 250 244 239 232 224 221 221 220 217 216 223 230 233 233 233 227 218 219 226 232 233 230 228 228 223 213
257 261 267 269 271 271 272 275 275 269 262 261 260 259 259 258 258 258 257 254 252 252 253 254 254 255 257 254 251 250 250 252 255 259 263 263 262 261 259 258 257 256 256 255 254 254 253 253 253 252 252 251 251 251 250 250 249 249 248 248 247 247 246 245 245 246 246 247 248 250 251 250 243 233 228 226 224 221 219 223 228 229 228 227 222 220 224 229 233 230 225 224 225 220 193
259 262 268 272 273 273 273 273 272 269 266 263 261 260 260 259 259 259 260 258 257 255 254 253 252 253 255 255 252 251 250 250 251 253 256 258 259 259 259 258 256 255 255 254 254 253 252 252 251 251 250 250 249 249 248 248 247 246 246 245 244 244 243 242 242 241 241 240 239 239 242 245 244 236 229 225 222 221 218 220 224 222 222 222 221 225 229 230 230 227 221 215 208 191 177
260 262 268 275 277 277 277 275 272 270 268 266 264 263 262 261 260 260 259 259 258 257 256 255 254 254 255 255 253 251 250 249 250 251 252 253 256 257 257 257 255 254 253 253 252 252 251 251 250 249 249 248 248 247 246 245 245 244 243 242 241 241 240 239 238 237 236 235 234 233 233 234 233 228 222 220 217 216 215 216 217 217 220 223 226 229 230 230 229 228 223 209 190 175 170
259 261 268 276 282 283 283 280 277 274 271 269 267 265 264 263 262 261 260 258 258 257 256 256 255 254 256 258 256 252 249 249 250 250 251 253 255 256 256 255 254 253 252 252 251 251 250 249 249 248 247 247 246 245 244 243 242 241 241 240 239 238 237 236 235 233 232 231 230 229 228 226 224 219 215 215 214 210 210 213 215 220 226 231 236 238 236 235 233 232 223 198 175 167 168
260 262 265 272 282 288 288 286 283 280 276 272 269 267 265 264 263 262 260 258 257 257 257 256 252 251 255 260 259 255 251 249 249 249 250 251 253 254 254 254 252 251 251 250 250 249 249 248 248 247 246 245 244 243 242 241 240 239 238 237 236 235 234 233 232 230 229 228 227 225 223 221 219 216 213 212 209 204 206 214 219 227 235 240 243 245 244 237 230 217 196 179 169 166 170
263 261 257 265 281 290 294 294 291 288 282 274 270 267 265 264 264 263 260 258 257 257 257 255 250 248 253 257 258 256 252 249 247 247 247 247 248 249 250 252 251 249 249 248 248 248 247 247 246 246 245 243 242 241 240 239 238 237 236 234 233 232 231 230 228 227 226 224 223 221 219 217 216 214 211 208 203 199 202 215 224 229 235 236 232 229 226 218 203 191 181 173 168 168 174
259 255 248 254 270 286 296 298 296 294 285 275 269 266 264 263 263 262 259 257 257 257 257 254 249 248 251 253 254 253 251 249 247 245 246 245 244 243 246 249 249 249 248 248 247 247 247 246 246 245 244 242 241 239 238 236 235 234 233 232 230 229 228 227 225 224 222 221 219 217 216 214 212 210 208 205 200 195 195 211 223 225 225 222 219 216 211 200 187 179 174 171 169 170 174
251 247 244 249 257 268 283 288 287 288 280 271 266 264 263 262 261 260 259 257 257 256 256 253 249 250 251 251 249 249 249 249 246 243 243 243 241 240 241 243 245 246 249 249 248 248 247 247 247 246 243 241 238 237 235 234 233 231 230 229 228 226 225 224 222 221 219 218 216 214 213 211 209 207 205 202 198 194 192 203 213 215 214 213 213 210 200 186 179 175 172 171 170 170 172
249 250 252 256 263 264 252 242 254 257 257 259 260 260 261 261 260 259 258 258 257 256 254 252 249 250 253 251 248 247 248 248 246 242 240 239 237 237 238 238 238 239 244 247 250 251 251 250 251 251 247 241 236 234 232 231 230 228 227 226 225 223 222 220 219 217 216 214 213 211 209 208 206 204 201 199 196 192 190 193 198 204 208 211 210 202 186 176 174 174 172 172 171 171 172
260 261 263 268 269 256 238 228 227 230 234 245 253 256 257 258 258 257 258 258 257 255 253 251 247 249 252 250 248 246 247 248 249 247 244 240 237 236 236 236 233 231 233 236 238 241 241 240 241 241 240 237 234 230 228 227 226 225 224 223 221 220 219 217 216 214 213 211 210 208 206 204 202 200 198 196 193 190 188 186 188 196 205 209 203 186 176 171 170 171 172 172 173 173 172
259 258 258 261 257 245 236 229 226 227 229 239 247 252 254 255 255 256 257 258 257 256 253 251 246 246 248 247 245 245 245 246 247 248 247 246 242 238 236 235 232 229 227 227 226 225 224 223 223 223 222 223 223 223 223 224 223 222 221 220 218 217 215 214 212 211 209 208 206 205 203 201 199 197 195 193 191 188 185 183 183 189 199 200 190 175 168 167 167 168 169 172 173 174 173
