windninja/windninja_output/Output_2025-10-23_1000-1050_Google earth_Fire_150m_10min/merlingen_7.5mi_point_10-23-2025_1040_150m_vel.asc
ncols	158
nrows	163
xllcorner	391686.332397
yllcorner	5160024.123721
cellsize	150.000000
NODATA_value	-32768.000000
[rows 114 to 151 of 163, columns 0 to 83 of 158]
1.98 1.86 1.59 1.40 1.32 1.26 1.19 1.18 1.21 1.29 1.44 1.63 1.74 1.77 1.68 1.52 1.51 1.78 2.15 2.40 2.64 2.97 3.10 2.49 2.14 2.16 2.13 1.89 1.65 1.69 2.24 3.15 3.55 3.31 2.91 2.37 2.02 1.75 1.40 1.19 1.12 1.14 1.18 1.07 0.72 0.45 0.57 0.74 0.87 1.01 1.17 1.31 1.49 1.74 2.01 2.22 2.32 2.45 2.73 2.97 2.98 2.96 3.08 3.20 3.10 3.11 3.30 3.43 3.42 3.23 2.96 2.78 2.64 2.56 2.70 2.86 2.75 2.53 2.41 2.49 2.60 2.39 1.97 1.72
2.08 2.03 1.87 1.69 1.58 1.54 1.50 1.43 1.35 1.39 1.57 1.77 1.92 2.02 2.00 1.82 1.67 1.79 1.93 2.04 2.32 2.85 3.48 3.57 3.15 2.75 2.63 2.55 2.41 2.00 2.18 3.08 4.05 4.26 3.61 2.74 2.14 1.83 1.60 1.40 1.34 1.37 1.41 1.34 1.03 0.62 0.53 0.69 0.81 0.93 1.11 1.27 1.41 1.59 1.91 2.18 2.31 2.41 2.65 2.96 3.08 3.07 3.15 3.31 3.31 3.21 3.31 3.48 3.54 3.47 3.31 3.17 3.02 2.71 2.55 2.79 2.98 2.81 2.51 2.45 2.65 2.64 2.31 2.08
2.13 2.13 2.03 1.88 1.77 1.71 1.71 1.73 1.68 1.63 1.71 1.80 1.94 2.14 2.26 2.10 1.73 1.61 1.69 1.93 2.32 2.81 3.40 3.89 3.98 3.50 3.01 2.91 2.82 2.39 2.37 3.04 4.19 4.98 4.39 3.13 2.28 1.88 1.86 1.70 1.54 1.58 1.61 1.60 1.36 0.86 0.53 0.58 0.72 0.87 1.05 1.26 1.41 1.52 1.76 2.10 2.30 2.38 2.54 2.85 3.07 3.13 3.22 3.36 3.42 3.35 3.38 3.52 3.64 3.66 3.58 3.55 3.57 3.38 2.82 2.61 2.86 3.04 2.80 2.48 2.57 2.66 2.39 2.23
2.09 2.17 2.13 1.98 1.86 1.78 1.81 1.93 2.03 2.04 1.91 1.79 1.84 2.07 2.35 2.38 1.85 1.42 1.64 2.00 2.41 2.73 2.98 3.40 3.99 4.26 3.96 3.57 3.54 2.80 2.33 2.54 3.60 5.06 5.12 3.71 2.66 2.10 2.14 2.17 1.96 1.87 1.84 1.86 1.71 1.22 0.76 0.67 0.79 0.92 1.07 1.28 1.45 1.55 1.70 2.07 2.36 2.45 2.54 2.76 2.97 3.13 3.32 3.50 3.55 3.49 3.49 3.61 3.73 3.80 3.79 3.81 3.95 4.08 3.81 3.15 2.81 3.02 3.11 2.84 2.70 2.70 2.42 2.22
2.10 2.18 2.18 2.12 2.00 1.92 1.94 1.97 2.04 2.15 2.12 1.87 1.76 1.92 2.28 2.73 2.38 1.38 1.45 1.68 1.89 2.07 2.20 2.38 2.86 3.70 4.10 4.14 4.36 4.07 3.06 2.51 2.96 4.44 5.26 5.04 4.07 2.98 2.78 2.73 2.48 2.32 2.20 2.13 2.01 1.61 1.10 0.85 0.88 0.97 1.07 1.25 1.44 1.57 1.68 2.00 2.38 2.54 2.60 2.75 2.90 2.99 3.21 3.54 3.74 3.76 3.75 3.82 3.88 3.89 3.86 3.86 4.00 4.31 4.52 4.19 3.46 3.17 3.26 3.21 3.11 2.96 2.55 2.24
2.23 2.25 2.25 2.23 2.07 1.98 2.01 1.94 1.87 1.94 2.16 2.05 1.71 1.79 2.09 2.75 2.93 1.81 1.09 1.14 1.20 1.24 1.41 1.58 1.77 2.17 2.59 2.95 3.74 4.22 3.87 3.19 3.11 4.11 4.97 5.48 5.22 4.16 3.68 3.58 3.39 3.06 2.81 2.61 2.40 2.07 1.51 1.05 0.92 0.96 1.03 1.18 1.40 1.56 1.66 1.89 2.31 2.58 2.69 2.82 2.92 2.94 3.02 3.27 3.55 3.75 3.81 3.90 4.05 4.03 3.86 3.77 3.87 4.17 4.62 4.87 4.50 3.85 3.54 3.39 3.29 3.17 2.77 2.37
2.26 2.29 2.34 2.39 2.18 1.93 1.93 1.87 1.79 1.80 2.03 2.13 1.75 1.75 2.08 2.78 3.31 2.67 1.24 0.74 0.73 0.66 0.73 1.02 1.23 1.39 1.59 1.87 2.38 3.00 3.56 3.51 3.54 4.20 4.73 5.11 5.15 4.73 3.95 3.74 4.09 4.09 3.78 3.42 3.09 2.71 2.17 1.58 1.23 1.11 1.12 1.23 1.44 1.64 1.71 1.84 2.23 2.57 2.71 2.87 3.01 2.99 3.01 3.02 2.92 3.01 3.03 3.08 3.57 3.99 3.94 3.73 3.66 3.81 4.27 4.89 5.18 4.82 4.25 3.83 3.50 3.30 2.94 2.55
2.23 2.30 2.41 2.65 2.72 2.45 2.34 2.22 1.97 1.76 1.94 2.24 1.79 1.63 2.06 2.85 3.67 3.43 2.05 0.94 0.39 0.23 0.07 0.54 1.03 1.33 1.55 1.82 2.47 3.17 3.49 3.78 4.10 4.28 4.79 4.96 4.63 4.68 3.63 2.96 3.65 4.29 4.51 3.99 3.52 3.15 2.68 2.08 1.59 1.41 1.32 1.35 1.53 1.74 1.81 1.92 2.28 2.62 2.75 2.89 3.01 2.95 2.93 2.97 2.82 2.80 2.60 2.09 2.31 3.25 3.73 3.72 3.57 3.47 3.69 4.31 5.09 5.49 5.26 4.69 4.11 3.67 3.17 2.77
2.12 2.26 2.39 2.60 2.94 3.10 3.18 3.17 2.81 2.11 1.99 2.38 1.89 1.36 1.64 2.39 3.71 4.13 2.88 1.70 0.85 0.35 0.41 0.71 1.23 1.51 1.71 2.20 3.27 3.96 3.72 3.94 4.38 4.24 4.83 5.01 4.42 4.71 3.72 2.48 2.64 3.55 4.72 4.65 3.81 3.28 2.80 2.10 1.67 1.56 1.50 1.47 1.58 1.77 1.87 1.99 2.33 2.73 2.87 2.96 3.00 2.93 2.94 3.06 3.19 3.45 3.32 2.39 1.77 2.08 2.88 3.32 3.45 3.36 3.27 3.53 4.26 5.20 5.75 5.70 5.15 4.43 3.63 3.12
1.91 2.09 2.16 2.18 2.45 2.80 3.12 3.48 3.65 3.16 2.60 2.78 2.09 1.11 1.16 1.68 3.07 4.52 4.08 2.74 1.85 1.21 0.93 1.09 1.55 1.87 2.05 2.79 4.31 4.60 3.68 3.87 4.37 4.16 4.77 5.12 4.33 4.62 4.40 2.67 2.08 2.79 4.36 5.36 4.70 3.74 3.00 2.13 1.73 1.71 1.71 1.66 1.70 1.87 1.93 1.92 2.11 2.54 2.67 2.84 3.05 3.11 3.18 3.27 3.40 3.81 4.07 3.59 2.48 1.77 2.03 2.61 2.95 3.09 3.02 2.93 3.27 4.12 5.12 5.84 6.05 5.63 4.63 3.74
1.89 2.04 2.07 1.99 2.12 2.44 2.74 3.16 3.77 3.86 3.78 3.64 2.29 1.11 0.97 1.24 2.19 3.99 4.98 4.24 3.10 2.27 1.68 1.59 1.79 2.06 2.43 3.80 5.55 4.83 3.27 3.75 4.40 4.18 4.69 5.24 4.41 4.26 4.56 3.20 2.08 2.16 3.35 5.34 5.82 4.73 3.53 2.48 1.86 1.88 1.98 1.97 1.94 2.03 2.09 2.08 2.20 2.63 2.75 2.65 2.98 3.43 3.53 3.54 3.66 3.88 4.18 4.34 3.84 2.55 1.94 2.15 2.34 2.43 2.57 2.52 2.52 3.02 3.90 4.77 5.60 6.19 5.83 4.64
1.90 2.12 2.20 2.09 2.17 2.42 2.63 2.91 3.54 3.95 4.40 4.75 3.37 1.56 1.10 1.15 1.61 2.78 4.42 5.32 5.16 3.90 2.80 2.38 2.50 2.80 3.84 5.90 5.91 3.99 2.64 3.56 4.60 4.25 4.46 5.35 4.68 4.01 4.37 3.64 2.37 1.84 2.36 4.46 6.15 5.77 4.34 2.94 2.12 2.00 2.09 2.17 2.23 2.30 2.35 2.47 2.80 3.32 3.58 3.22 3.20 3.64 3.81 3.83 4.00 4.16 4.22 4.45 4.59 4.01 2.91 2.47 2.37 2.11 2.01 2.02 1.93 2.06 2.63 3.33 3.96 5.22 6.16 5.73
1.77 2.05 2.20 2.08 2.14 2.37 2.60 2.77 3.17 3.67 4.38 5.51 5.07 2.76 1.92 1.51 1.45 2.08 3.17 4.64 5.70 5.75 4.25 3.49 4.15 5.05 5.68 5.95 4.59 2.79 2.20 3.30 4.76 4.40 4.30 5.31 5.04 4.07 3.91 3.63 2.70 1.79 1.81 3.37 5.75 6.37 5.15 3.58 2.62 2.29 2.25 2.25 2.33 2.46 2.51 2.60 2.93 3.57 4.10 3.99 3.74 3.85 3.94 3.97 4.15 4.33 4.37 4.46 4.70 4.76 4.35 3.71 3.08 2.47 2.05 1.79 1.60 1.54 1.78 2.29 2.82 3.77 5.19 5.89
1.73 2.02 2.20 2.03 2.06 2.34 2.66 2.78 2.88 3.28 4.03 5.45 6.15 5.06 3.66 2.32 1.64 2.01 2.74 3.65 4.85 5.89 5.62 4.74 5.21 5.85 5.49 4.35 3.25 2.42 2.06 2.94 4.63 4.75 4.60 5.24 5.24 4.46 3.68 3.41 2.88 1.95 1.63 2.42 4.78 6.43 5.68 4.02 3.05 2.59 2.49 2.47 2.46 2.56 2.62 2.64 2.83 3.43 4.03 4.13 4.01 4.03 4.04 4.09 4.27 4.44 4.50 4.54 4.66 4.82 4.97 4.80 4.09 3.26 2.62 2.11 1.63 1.42 1.55 1.74 2.18 2.95 3.85 4.81
1.73 2.02 2.23 2.04 1.96 2.13 2.49 2.77 2.83 2.96 3.42 4.58 6.05 6.70 6.05 3.73 2.45 2.54 3.07 4.19 4.86 5.38 6.01 5.73 5.87 6.09 5.23 4.00 2.94 2.42 2.33 2.78 4.02 4.68 5.17 5.64 5.45 4.73 3.79 3.43 3.02 2.36 1.91 1.92 3.54 5.99 6.14 4.38 3.39 2.94 2.68 2.66 2.75 2.84 2.85 2.85 2.95 3.37 3.95 4.12 4.12 4.18 4.23 4.32 4.46 4.58 4.62 4.65 4.72 4.79 5.06 5.37 5.04 4.09 3.30 2.75 2.02 1.60 1.60 1.59 1.69 2.19 2.89 3.63
1.72 2.01 2.22 2.00 1.79 1.84 2.04 2.35 2.57 2.66 2.84 3.46 4.59 6.07 6.97 6.66 4.61 3.73 4.68 6.07 5.41 4.70 5.70 6.46 6.86 6.93 5.82 4.19 3.02 2.65 2.74 2.74 3.07 3.76 5.06 6.44 6.36 5.03 4.06 3.74 3.36 2.88 2.46 2.20 2.64 4.78 5.98 5.04 4.11 3.61 3.19 3.00 2.97 3.02 3.01 3.02 3.14 3.53 4.03 4.21 4.24 4.34 4.43 4.54 4.66 4.75 4.74 4.75 4.81 4.89 5.12 5.58 5.76 5.15 4.15 3.49 2.72 1.95 1.76 1.78 1.72 1.68 1.91 2.53
1.78 2.07 2.35 2.13 1.85 1.93 2.06 2.08 2.10 2.15 2.19 2.36 2.85 3.84 5.37 6.94 6.99 6.62 6.93 6.42 4.75 4.14 4.81 6.32 7.71 7.79 6.12 4.31 3.53 3.09 2.97 2.68 2.30 2.59 3.83 6.12 7.48 6.37 4.72 4.19 3.87 3.42 3.08 2.78 2.57 3.21 4.80 5.05 4.73 4.16 3.60 3.38 3.16 3.10 3.08 3.05 3.20 3.68 4.22 4.41 4.36 4.39 4.55 4.67 4.78 4.89 4.87 4.82 4.86 4.98 5.21 5.61 5.97 5.93 5.35 4.53 3.56 2.48 2.09 2.04 1.91 1.77 1.61 1.62
1.85 2.11 2.47 2.43 2.12 2.17 2.43 2.50 2.29 1.93 1.69 1.73 2.02 2.70 3.72 5.27 7.82 9.12 7.94 5.52 4.51 4.28 4.40 5.40 7.82 8.58 5.96 4.62 4.29 3.52 3.09 2.79 2.28 1.89 2.67 4.58 7.03 7.83 6.41 5.14 4.68 4.09 3.66 3.31 2.72 2.26 2.82 3.96 4.68 4.39 3.78 3.57 3.41 3.28 3.19 3.06 3.12 3.60 4.20 4.49 4.46 4.37 4.45 4.70 4.82 4.94 4.99 4.89 4.87 4.98 5.29 5.68 5.92 6.15 6.09 5.65 4.66 3.20 2.54 2.45 2.25 1.94 1.61 1.43
1.89 2.09 2.38 2.57 2.42 2.29 2.47 2.92 3.22 2.64 1.87 1.66 1.84 2.38 3.40 4.74 8.20 10.38 8.21 5.64 4.97 4.64 4.50 4.92 7.07 8.90 7.30 5.31 4.89 3.99 3.32 2.90 2.38 1.91 2.17 3.31 5.16 7.29 7.67 7.03 6.22 5.07 4.40 3.97 2.97 1.71 1.44 2.57 4.03 4.33 3.88 3.70 3.58 3.45 3.36 3.25 3.25 3.64 4.23 4.52 4.61 4.59 4.39 4.63 4.86 4.92 5.03 4.94 4.82 4.89 5.22 5.63 5.87 6.23 6.38 6.23 5.70 4.11 3.06 3.09 2.79 2.05 1.56 1.44
1.96 2.11 2.24 2.49 2.67 2.45 2.26 2.63 3.55 3.89 2.91 2.11 2.14 2.70 3.54 5.26 8.87 10.46 9.10 6.76 5.59 5.05 4.87 5.03 6.03 8.08 8.42 6.69 5.46 4.52 3.70 3.04 2.42 2.33 2.32 2.72 3.92 5.52 6.83 7.82 7.70 6.20 5.27 4.88 3.72 2.33 1.69 2.06 3.31 3.99 3.82 3.68 3.63 3.58 3.55 3.52 3.55 3.88 4.45 4.76 4.95 5.03 4.75 4.76 5.02 5.02 5.04 4.96 4.69 4.73 5.08 5.43 5.64 6.13 6.68 6.81 6.40 4.78 3.41 3.48 3.39 2.37 1.52 1.38
2.13 2.28 2.29 2.44 2.78 2.67 2.30 2.21 2.77 3.97 4.13 3.24 3.21 3.73 4.88 7.69 9.70 9.95 9.13 8.09 6.57 5.15 4.90 4.80 4.61 5.94 8.29 8.59 6.77 5.17 4.18 3.39 2.70 2.71 2.68 2.53 3.19 4.15 5.49 7.40 8.19 7.07 6.00 5.49 4.48 3.62 2.85 2.58 3.23 3.95 4.00 3.80 3.69 3.66 3.63 3.64 3.76 4.09 4.50 4.81 5.12 5.24 5.08 5.03 5.23 5.32 5.23 5.17 4.78 4.43 4.69 5.13 5.36 5.65 6.57 7.43 7.27 5.57 3.78 3.55 3.62 2.90 1.84 1.35
2.13 2.45 2.52 2.52 2.82 2.88 2.61 2.33 2.25 2.98 3.94 3.95 3.91 5.05 8.15 9.97 9.64 9.04 8.66 8.61 7.75 5.46 4.57 4.29 3.73 4.18 6.54 8.99 8.74 6.45 4.70 3.87 3.33 3.06 2.95 2.73 2.60 3.12 4.97 7.15 7.78 7.29 6.59 5.53 4.91 4.58 3.92 3.37 3.56 4.15 4.31 4.12 3.89 3.75 3.67 3.65 3.84 4.24 4.55 4.78 5.10 5.28 5.27 5.25 5.40 5.60 5.53 5.58 5.42 4.56 4.09 4.47 4.90 5.14 6.00 7.41 7.99 6.93 4.65 3.79 3.58 3.04 2.36 1.73
1.81 2.42 2.79 2.62 2.81 2.89 2.79 2.67 2.48 2.65 3.16 3.62 3.71 6.02 10.54 10.63 8.83 8.59 8.35 8.55 8.20 6.24 4.75 4.32 3.80 3.70 5.06 7.80 9.45 8.24 5.75 4.50 4.14 3.59 3.24 3.08 2.56 2.50 4.88 7.22 6.97 6.88 6.76 5.37 5.01 4.97 4.48 3.82 3.76 4.14 4.32 4.23 4.08 3.92 3.78 3.72 3.91 4.38 4.68 4.92 5.19 5.34 5.43 5.43 5.57 5.84 5.80 5.94 6.29 5.55 4.21 3.74 4.04 4.29 5.02 6.65 8.02 7.97 6.50 4.70 3.67 3.04 2.62 2.26
1.45 2.10 2.84 2.89 2.92 2.83 2.67 2.70 2.85 3.03 3.18 3.58 3.72 7.05 11.47 10.57 8.80 8.41 7.89 8.16 8.17 6.78 5.44 4.87 4.11 3.75 4.40 6.65 8.92 9.05 7.01 5.51 4.97 4.34 3.77 3.29 2.71 2.27 4.76 7.34 6.51 5.95 6.05 5.37 5.01 5.05 4.67 4.05 3.93 4.14 4.27 4.24 4.14 4.00 3.84 3.77 3.99 4.48 4.73 4.96 5.24 5.43 5.55 5.50 5.62 5.97 6.07 6.21 6.78 6.74 5.26 3.88 3.56 3.44 3.47 4.91 7.04 8.04 7.83 6.77 4.74 3.27 2.83 2.63
1.46 1.81 2.43 3.02 3.32 3.04 2.58 2.49 2.77 3.20 3.64 4.07 4.79 9.23 11.89 10.36 8.82 8.06 7.35 7.96 8.38 7.23 6.15 5.45 4.53 4.17 4.47 6.00 7.74 8.29 7.93 7.21 6.12 5.09 4.46 3.50 2.65 2.47 4.40 7.11 6.39 4.99 5.06 5.06 5.04 5.29 5.04 4.42 4.22 4.35 4.40 4.38 4.29 4.15 3.95 3.85 4.09 4.50 4.73 4.92 5.16 5.44 5.67 5.63 5.72 6.03 6.28 6.55 6.99 7.37 6.74 5.01 3.94 3.46 3.01 3.25 5.19 6.87 7.55 7.87 6.76 4.15 3.37 2.88
1.91 1.95 2.02 2.65 3.49 3.64 3.08 2.65 2.68 3.07 3.85 4.92 7.87 11.63 11.58 9.25 8.45 8.06 7.65 8.36 8.91 7.94 6.76 5.83 5.01 4.75 4.97 5.55 6.34 6.46 6.95 8.25 7.95 6.12 5.34 3.97 2.60 2.85 4.24 6.22 5.78 4.64 4.63 4.68 4.90 5.34 5.30 4.81 4.58 4.58 4.54 4.54 4.47 4.40 4.24 4.04 4.17 4.50 4.75 4.92 5.09 5.36 5.56 5.65 6.00 6.38 6.60 6.95 7.26 7.55 7.63 6.65 4.82 3.70 3.15 2.90 3.69 5.32 6.19 7.30 7.55 5.89 4.42 3.21
2.28 2.29 2.15 2.27 2.88 3.73 4.01 3.50 3.12 3.61 4.20 6.29 11.30 12.43 9.43 7.84 8.03 7.86 7.40 8.66 9.80 8.84 7.36 6.36 5.65 5.45 5.48 5.38 5.43 5.08 5.21 7.55 8.75 7.94 6.87 4.88 3.00 3.02 3.71 4.61 4.75 4.62 4.69 4.53 4.68 5.13 5.22 5.00 4.85 4.76 4.69 4.62 4.46 4.49 4.54 4.35 4.30 4.50 4.79 4.93 5.09 5.36 5.33 5.36 6.03 6.86 7.22 7.45 7.64 7.88 8.09 7.73 6.12 4.26 3.41 2.78 2.88 4.22 5.15 6.13 7.14 6.62 5.06 3.68
2.22 2.68 2.78 2.23 2.07 2.68 3.91 4.19 4.16 5.01 5.69 9.44 12.95 10.53 7.34 7.23 7.52 7.60 7.10 8.04 9.77 9.80 8.48 7.26 6.51 6.11 5.86 5.34 5.03 4.68 4.58 6.02 7.71 8.74 8.54 6.28 3.83 3.19 2.96 3.16 4.06 4.65 4.79 4.64 4.74 5.05 5.14 5.13 5.11 5.00 4.92 4.84 4.41 4.11 4.36 4.41 4.40 4.57 4.84 5.03 5.19 5.37 5.17 4.95 5.54 6.68 7.54 7.98 8.25 8.63 8.69 8.56 7.70 5.59 3.82 2.49 2.36 3.70 4.82 5.52 6.62 6.66 5.16 3.72
1.81 2.83 3.49 2.60 2.05 2.16 2.76 3.58 4.66 5.96 8.00 12.59 13.11 7.96 6.63 7.06 7.35 8.04 7.98 7.79 8.51 9.27 9.31 8.86 7.82 6.83 5.99 5.06 4.74 4.79 4.81 5.16 6.16 7.99 9.25 7.67 4.84 3.67 3.24 3.25 4.15 5.00 5.14 5.03 5.08 5.19 5.18 5.25 5.37 5.28 5.22 5.40 5.08 4.06 3.69 3.81 4.13 4.52 4.73 5.08 5.33 5.34 5.04 4.61 4.76 5.57 6.57 7.37 8.13 8.99 9.31 9.23 9.16 7.63 4.18 2.22 2.28 3.82 5.23 5.97 6.35 6.34 5.42 3.80
1.57 2.68 3.88 3.44 2.58 2.47 2.67 3.00 4.18 5.52 9.78 13.51 11.14 7.35 6.89 7.07 7.61 8.83 8.89 7.53 7.25 7.96 8.86 9.54 8.92 7.84 6.93 5.79 5.01 5.13 5.31 5.60 5.56 6.42 8.82 8.36 5.67 4.23 3.89 3.92 4.41 5.21 5.47 5.40 5.44 5.50 5.44 5.46 5.59 5.58 5.59 6.06 6.19 5.06 3.60 2.82 3.44 4.23 4.42 4.80 5.19 5.24 4.96 4.47 4.37 4.77 5.20 5.68 6.48 7.87 8.98 9.41 9.90 9.02 5.52 2.67 2.74 4.03 5.93 6.61 5.69 5.69 5.70 3.96
1.82 2.43 3.56 4.10 3.55 3.22 3.26 3.52 4.28 4.79 8.94 14.24 11.73 7.76 7.29 7.15 8.05 9.59 9.02 6.88 6.85 7.58 8.33 9.19 8.82 7.80 7.33 7.27 6.46 5.65 5.72 6.06 5.33 5.20 7.76 7.80 5.69 4.49 4.27 4.44 4.72 5.25 5.60 5.67 5.66 5.73 5.74 5.72 5.79 5.98 6.14 6.56 6.94 6.24 4.17 2.36 2.73 3.73 4.25 4.56 4.75 4.97 5.00 4.64 4.42 4.87 5.28 5.25 5.33 5.93 7.29 8.90 10.23 9.86 6.99 4.04 3.20 3.94 6.27 7.02 5.50 5.57 5.68 3.75
2.54 2.53 2.76 3.70 4.34 4.43 4.38 4.50 4.89 4.90 7.48 14.20 13.72 8.33 7.22 7.16 8.38 9.70 8.27 6.96 7.35 7.84 8.36 8.65 8.11 7.29 6.93 7.42 7.30 6.57 6.39 6.12 4.81 4.58 6.27 6.40 5.24 4.42 4.32 4.64 5.01 5.38 5.73 5.88 5.84 5.87 5.95 5.92 6.02 6.45 6.86 7.21 7.54 6.92 4.82 2.73 2.34 3.01 4.06 4.56 4.31 4.44 4.93 4.93 4.71 5.24 5.83 5.48 5.23 5.42 5.72 7.36 9.99 10.25 7.75 5.25 3.87 3.81 6.04 7.21 6.25 6.03 5.35 3.36
3.70 3.16 2.42 2.59 3.73 4.93 5.63 6.00 6.12 5.44 7.98 13.81 13.06 8.10 6.99 7.34 8.47 9.23 8.26 7.77 8.03 8.16 8.46 8.25 7.77 7.60 7.28 7.11 6.97 6.48 6.88 7.00 5.14 3.95 4.63 5.37 4.90 4.40 4.32 4.65 5.16 5.56 5.91 6.16 6.17 6.09 6.12 6.14 6.39 6.90 7.39 7.97 8.30 7.34 5.53 3.74 2.55 2.62 3.81 4.48 4.04 3.88 4.45 4.83 4.96 5.61 6.21 5.87 5.57 5.76 5.72 6.25 8.75 10.07 8.23 6.08 4.98 4.37 5.03 6.66 7.11 6.27 4.78 3.78
4.99 3.94 2.52 2.16 2.57 3.82 5.30 7.19 7.91 7.66 11.01 13.45 10.55 7.12 6.59 7.27 8.59 8.83 8.32 8.68 9.13 9.02 8.74 8.38 8.15 8.23 7.72 7.22 7.01 5.93 5.85 7.34 6.26 4.04 4.14 5.06 5.00 4.61 4.53 4.76 5.24 5.66 6.01 6.38 6.57 6.42 6.29 6.47 6.94 7.32 7.82 8.77 9.15 7.88 6.20 4.71 3.23 2.86 3.50 4.17 3.84 3.53 3.87 4.30 4.74 5.51 6.13 6.14 6.04 6.22 6.29 6.37 7.77 9.33 8.26 6.67 6.33 5.66 4.57 5.57 7.08 6.31 5.39 4.46
5.82 4.62 2.95 2.53 2.59 2.92 3.64 6.06 9.19 10.96 12.15 11.19 8.33 6.67 6.01 6.65 8.23 8.54 7.93 8.39 9.43 9.86 9.95 10.33 10.28 9.13 8.10 7.49 6.99 5.42 4.57 6.19 6.38 4.67 4.33 5.09 5.33 5.00 4.81 4.96 5.41 5.82 6.00 6.33 6.78 6.72 6.54 7.00 7.54 7.73 8.29 9.50 10.00 8.90 7.16 5.69 4.24 3.39 3.45 3.79 3.53 3.33 3.63 4.08 4.43 5.04 5.67 5.95 5.98 6.24 6.49 6.40 7.34 8.62 8.33 7.22 7.07 6.47 4.92 5.48 6.78 7.06 7.02 5.73
5.57 5.23 4.11 3.34 3.14 3.23 3.34 4.93 10.13 12.60 11.35 9.22 8.11 6.95 6.10 6.18 7.28 8.19 7.95 7.69 8.24 8.94 9.25 10.64 12.49 12.31 9.72 7.61 6.49 5.24 3.79 4.52 5.69 4.96 4.51 5.01 5.50 5.47 5.27 5.28 5.59 6.06 6.13 6.21 6.67 6.82 6.70 7.27 7.85 8.03 8.75 10.06 10.74 10.22 8.70 6.66 5.01 3.91 3.71 3.47 3.17 3.26 3.65 4.14 4.51 4.96 5.47 5.70 5.83 6.14 6.19 5.74 6.13 7.52 8.21 7.95 7.56 6.38 4.96 5.61 6.50 7.03 8.07 7.53
4.18 5.00 5.52 4.92 4.67 4.08 3.36 5.46 11.71 13.49 10.34 9.05 8.66 7.48 6.67 6.16 6.29 7.27 8.17 7.91 7.29 7.28 7.24 8.56 11.90 14.48 13.34 8.54 6.26 5.44 3.86 3.92 5.01 5.08 4.71 4.82 5.38 5.68 5.67 5.63 5.77 6.25 6.38 6.27 6.63 7.07 7.01 7.16 7.73 8.19 8.96 10.44 11.45 11.50 10.29 7.66 5.69 4.55 3.97 3.65 3.14 3.20 3.76 4.30 4.75 4.98 5.29 5.53 5.87 6.52 6.37 4.92 4.17 5.34 7.10 8.52 8.23 5.87 4.26 5.16 5.64 5.86 7.63 8.78
2.69 3.76 5.18 5.98 6.58 5.26 3.60 6.33 12.68 12.86 8.77 8.54 9.24 8.67 7.57 6.56 5.92 6.35 7.46 7.88 7.22 6.56 6.28 7.19 9.88 14.08 16.00 11.81 6.77 5.59 4.77 4.32 4.78 5.16 5.05 4.85 5.18 5.56 5.75 5.88 6.05 6.47 6.61 6.38 6.64 7.55 7.79 7.14 7.30 8.12 8.84 10.27 11.94 12.58 11.57 8.80 6.40 5.00 4.27 4.06 3.69 3.38 3.95 4.59 4.95 4.89 5.03 5.34 5.78 6.80 6.69 4.52 2.98 3.84 5.94 8.73 8.84 5.84 4.00 4.33 4.75 4.99 6.31 8.89
