windninja/windninja_output/Output_2025-10-23_1000-1050_Google earth_Fire_150m_10min/merlingen_7.5mi_point_10-23-2025_1050_150m_vel.asc
ncols	158
nrows	163
xllcorner	391686.332397
yllcorner	5160024.123721
cellsize	150.000000
NODATA_value	-32768.000000
[rows 114 to 151 of 163, columns 0 to 83 of 158]
2.33 2.33 2.69 3.06 3.44 3.56 3.53 3.46 3.36 3.54 4.39 5.88 5.90 4.90 5.76 6.84 5.18 3.23 2.96 3.24 4.57 6.60 7.07 5.42 5.95 7.59 7.86 7.62 7.99 8.37 9.23 12.52 16.06 19.22 19.93 16.24 12.53 10.50 8.53 7.00 6.38 8.28 11.15 11.68 9.49 7.74 7.41 7.17 6.73 6.34 5.88 5.29 4.89 4.74 4.89 4.96 4.71 4.70 5.23 5.61 5.19 4.61 4.97 5.68 5.34 5.03 5.23 5.32 5.30 4.93 4.60 5.03 5.54 5.49 5.66 6.15 6.15 5.83 5.45 5.51 6.13 5.92 4.77 4.13
2.41 2.32 2.80 3.24 3.50 3.55 3.58 3.38 3.36 4.03 5.39 6.49 5.65 4.65 6.25 8.20 6.81 4.25 3.33 3.09 4.15 5.61 6.83 7.57 8.18 8.36 7.80 7.56 9.10 8.80 7.97 10.99 16.52 20.51 20.02 16.55 13.29 10.94 8.73 7.10 7.69 10.69 12.46 11.80 10.14 9.09 8.45 7.52 6.86 6.51 6.05 5.60 5.11 4.66 4.72 4.87 4.73 4.66 5.08 5.65 5.31 4.72 5.08 5.82 5.70 5.14 5.19 5.45 5.56 5.28 4.97 5.18 5.70 5.76 5.65 6.11 6.46 6.29 5.70 5.50 6.29 6.31 5.12 4.26
2.66 2.51 2.86 3.21 3.39 3.44 3.41 3.33 3.87 5.15 6.74 6.76 4.98 4.20 6.91 9.76 7.91 4.43 3.72 3.86 4.77 5.80 7.02 8.52 9.06 8.79 7.53 7.58 10.34 9.92 8.27 10.09 15.02 20.14 20.92 17.60 14.19 10.84 9.18 9.08 10.32 12.53 12.44 11.24 10.50 9.21 7.60 6.61 6.62 6.64 6.38 6.01 5.41 4.75 4.47 4.63 4.77 4.73 4.99 5.53 5.32 4.90 5.25 5.95 5.99 5.29 5.17 5.50 5.67 5.52 5.27 5.30 5.82 6.27 6.04 6.07 6.44 6.62 6.13 5.67 6.33 6.70 5.43 4.24
2.74 2.46 2.59 3.08 3.33 3.43 3.34 3.61 4.88 6.37 7.56 6.53 4.31 4.06 7.61 10.63 8.28 4.67 4.75 5.73 6.52 7.41 8.24 8.92 9.45 9.60 8.20 8.21 11.64 10.82 8.84 9.79 13.00 19.14 21.63 18.72 14.55 10.61 10.01 11.85 12.96 12.84 11.52 10.84 10.33 8.57 7.40 7.27 7.46 7.48 7.20 6.51 5.74 4.90 4.19 4.40 4.85 4.82 4.94 5.39 5.38 5.08 5.43 6.12 6.10 5.42 5.24 5.54 5.71 5.68 5.50 5.43 5.81 6.46 6.75 6.54 6.29 6.50 6.54 6.17 6.62 6.99 5.59 4.12
2.73 2.30 2.34 3.08 3.47 3.61 3.60 4.36 5.83 6.93 7.70 6.37 4.27 4.53 7.47 10.70 9.77 6.08 5.99 6.90 7.38 7.97 8.59 9.28 10.19 10.72 10.35 11.35 12.54 11.60 10.76 11.85 15.17 21.60 22.11 18.21 14.88 11.31 11.96 14.03 13.34 11.87 10.80 10.36 9.87 9.03 8.50 8.49 8.42 8.08 7.40 6.40 5.65 4.86 4.10 4.22 4.77 4.85 4.97 5.39 5.55 5.34 5.65 6.22 6.09 5.57 5.35 5.52 5.75 5.86 5.75 5.54 5.68 6.32 7.13 7.19 6.44 6.33 6.71 6.77 7.08 7.03 5.60 4.18
2.91 2.37 2.27 3.22 3.83 3.84 4.07 5.11 6.45 7.00 7.50 6.94 4.89 5.02 6.78 10.06 11.56 8.47 6.63 6.86 7.22 7.68 8.56 9.81 11.06 11.81 12.16 12.88 13.39 14.04 16.48 18.78 21.54 23.57 20.55 16.47 13.95 12.84 13.98 14.17 12.25 10.92 10.38 10.48 10.65 10.08 9.02 8.54 8.27 7.58 6.74 5.87 5.28 4.67 3.98 3.88 4.48 4.93 5.14 5.49 5.81 5.66 5.81 6.15 5.85 5.60 5.42 5.37 5.79 6.18 6.07 5.68 5.62 6.09 6.98 7.50 7.08 6.65 6.93 7.22 7.32 7.01 5.77 4.65
3.15 2.57 2.35 3.47 4.06 3.89 4.49 5.77 7.04 6.83 7.03 7.96 6.11 5.25 6.14 9.42 12.48 10.84 7.57 6.89 7.09 7.52 8.70 10.32 11.68 12.51 12.88 13.17 15.10 18.09 20.20 20.87 21.20 20.37 17.94 15.94 13.81 13.38 13.19 11.55 10.56 10.34 10.85 11.39 11.19 10.22 9.45 9.10 8.30 7.21 6.33 5.57 5.00 4.54 3.85 3.45 4.24 5.15 5.32 5.60 6.07 5.74 5.63 5.75 5.31 5.58 5.69 5.21 5.66 6.50 6.45 5.94 5.77 5.97 6.49 7.18 7.54 7.40 7.39 7.57 7.44 7.15 6.17 5.26
3.34 2.83 2.88 3.85 4.14 4.02 4.92 6.49 7.57 6.67 6.68 9.11 7.58 5.58 6.01 8.85 12.62 12.32 8.69 6.86 6.72 7.43 8.69 10.42 12.31 13.25 13.43 14.30 18.05 21.73 21.59 20.01 19.26 18.05 17.36 16.13 14.01 13.14 10.60 9.16 9.05 9.23 10.40 10.57 9.89 9.47 9.41 8.91 7.72 6.74 5.90 5.22 4.89 4.56 3.88 3.33 4.30 5.30 5.32 5.65 5.95 5.23 4.98 5.28 5.25 6.02 6.51 5.61 5.48 6.47 6.67 6.29 6.17 6.09 6.07 6.43 7.22 7.82 8.06 8.06 7.78 7.51 6.69 5.96
3.56 3.25 3.70 4.26 4.25 4.40 5.32 6.82 7.82 6.63 6.78 10.31 9.04 5.93 5.74 7.63 11.91 13.03 9.06 6.56 6.50 7.66 8.83 10.38 12.86 13.63 13.96 16.23 21.56 24.42 21.87 20.22 19.45 17.08 17.08 16.33 13.70 12.93 10.40 8.58 8.07 7.94 9.22 9.42 8.96 8.95 8.49 7.09 6.17 5.63 5.15 4.92 4.64 4.30 3.78 3.35 4.12 5.07 5.05 5.37 5.22 4.61 4.80 5.21 5.57 6.86 7.68 6.74 5.96 6.08 6.47 6.56 6.61 6.42 6.00 5.81 6.33 7.41 8.30 8.53 8.41 8.22 7.43 6.74
3.44 3.28 3.84 4.04 3.94 4.49 5.30 6.55 7.85 7.06 7.64 11.58 10.06 5.55 4.99 6.71 10.23 12.85 10.66 7.92 7.73 8.41 9.14 10.77 13.09 14.11 14.54 18.13 25.80 26.95 21.31 19.43 18.72 16.26 16.68 16.44 13.34 12.60 11.44 8.55 7.52 7.40 8.23 9.42 9.51 9.21 8.24 6.40 5.33 4.89 4.84 4.73 4.11 3.80 3.35 2.78 3.25 4.49 4.63 4.70 4.58 4.60 5.09 5.41 5.89 7.36 8.32 7.92 6.82 5.95 6.07 6.67 6.88 6.70 6.25 5.74 5.68 6.58 7.79 8.42 8.80 9.13 8.47 7.22
3.36 3.31 3.70 3.70 3.77 4.53 5.16 6.02 7.71 7.60 8.92 11.89 8.95 4.72 4.63 6.31 8.42 11.14 12.16 10.87 10.09 10.05 10.28 11.61 13.19 14.24 15.92 23.10 32.28 28.16 18.85 17.67 18.06 16.22 16.21 16.33 13.42 12.20 11.85 9.00 7.50 6.98 7.02 9.16 10.43 9.81 8.58 6.78 5.27 4.94 4.95 4.46 3.67 3.47 2.96 2.06 2.21 3.87 4.50 4.08 4.14 5.10 5.65 5.77 6.52 7.71 8.29 8.41 7.86 6.31 5.88 6.64 7.09 6.89 6.63 6.12 5.75 6.23 7.19 7.77 8.39 9.60 9.45 7.55
3.34 3.39 3.74 3.83 4.00 4.54 5.04 5.83 7.59 7.91 9.36 11.65 8.70 4.61 4.86 6.28 7.34 8.58 10.95 13.01 14.20 13.52 12.51 12.92 15.03 17.34 23.55 35.14 34.60 23.72 15.57 15.90 17.71 15.97 15.21 16.17 13.98 12.05 11.86 9.74 7.62 6.58 6.36 8.50 11.01 10.82 9.22 7.03 5.40 4.99 4.57 3.81 3.25 3.16 2.76 1.83 1.69 3.49 4.67 4.13 4.28 5.68 6.06 6.07 6.98 7.88 8.05 8.30 8.36 7.51 6.54 6.93 7.54 7.31 7.06 6.71 6.31 6.35 6.86 7.35 7.61 9.11 9.92 8.49
3.11 3.20 3.73 3.92 3.96 4.34 5.04 6.37 7.57 7.74 8.74 11.16 9.95 5.98 6.20 6.84 6.67 7.18 9.16 12.21 15.50 18.38 17.39 17.24 23.80 31.03 34.47 34.86 26.52 16.97 13.91 14.70 17.05 15.52 14.57 15.96 14.53 12.09 11.25 9.84 7.89 6.63 6.49 7.91 10.99 12.09 10.26 7.31 5.41 4.63 3.94 3.21 2.71 2.67 2.41 1.60 1.22 3.17 4.85 4.88 5.00 5.87 6.07 6.24 7.18 7.88 7.97 8.07 8.25 8.22 7.98 8.14 8.33 8.00 7.63 7.30 6.86 6.53 6.78 7.19 7.32 8.36 9.46 9.12
3.10 3.24 3.90 3.97 3.96 4.36 5.50 7.13 7.53 7.33 7.57 9.62 10.61 9.31 9.11 7.85 6.53 7.49 9.64 12.56 18.15 24.39 26.03 26.28 28.95 32.08 29.66 22.53 17.20 14.07 13.00 14.04 16.08 15.09 14.42 15.42 14.57 12.56 10.65 9.58 8.27 7.04 7.15 7.93 10.56 12.86 10.96 7.16 4.80 3.79 3.33 2.69 2.12 2.14 1.98 1.31 0.84 3.17 5.15 5.45 5.39 5.77 5.96 6.45 7.33 7.87 7.98 7.97 8.07 8.28 8.90 9.51 9.33 8.74 8.34 8.02 7.20 6.87 7.33 7.47 7.56 8.27 8.75 8.79
3.23 3.39 4.01 4.00 4.02 4.68 6.07 7.35 7.42 6.93 6.72 8.03 10.13 11.23 11.38 9.15 7.91 9.77 14.15 24.43 30.02 28.83 26.90 24.69 24.32 23.48 20.22 16.43 13.69 12.44 12.77 14.12 15.00 13.90 13.56 14.60 14.53 12.75 10.32 9.46 8.70 8.11 8.32 8.64 10.28 12.79 11.51 6.89 4.03 3.14 2.76 2.00 1.63 1.85 1.68 1.06 0.79 3.31 5.29 5.58 5.59 5.83 6.10 6.76 7.46 7.90 7.99 7.94 8.06 8.28 9.16 10.33 10.52 9.64 8.98 8.72 7.87 7.50 7.98 8.14 8.34 8.60 8.48 8.51
3.12 3.16 3.80 3.91 3.93 4.78 6.20 7.38 7.35 6.83 6.81 7.75 9.03 10.49 11.77 12.38 12.04 15.49 26.05 35.19 31.31 23.54 20.83 19.39 20.22 21.13 19.05 15.28 12.45 12.15 13.15 13.59 13.11 11.90 12.03 14.11 14.69 12.37 10.27 9.87 9.58 9.41 9.48 9.81 10.66 12.06 11.32 6.93 4.07 3.33 2.43 1.38 1.27 1.60 1.42 0.79 1.02 3.41 5.19 5.68 5.75 5.97 6.39 6.99 7.58 7.97 8.01 7.98 8.11 8.39 9.17 10.46 11.30 10.83 9.91 9.69 8.97 8.00 8.16 8.77 9.01 8.93 8.67 8.50
3.04 3.04 3.86 4.10 4.02 4.93 6.38 7.34 7.44 7.16 7.30 7.52 7.80 9.12 11.14 14.57 19.52 26.82 33.77 31.97 22.15 17.67 17.58 18.53 20.84 22.23 18.83 14.11 12.95 13.34 13.40 12.46 11.23 10.41 10.53 12.70 14.52 13.08 10.96 10.63 10.67 10.59 10.98 11.49 11.73 11.40 9.95 6.40 4.54 3.73 1.98 0.48 1.13 1.43 1.11 0.38 1.26 3.36 5.17 5.94 5.95 6.08 6.65 7.22 7.70 8.07 8.16 8.10 8.14 8.42 9.17 10.40 11.41 11.61 11.23 11.05 10.22 8.65 8.63 9.36 9.48 9.32 8.77 8.09
3.30 3.39 4.14 4.30 4.37 5.37 6.42 7.10 7.66 7.67 7.39 7.06 7.15 8.48 10.99 15.28 24.63 32.62 31.14 22.07 18.12 17.41 17.23 17.94 21.26 22.71 17.07 14.12 14.09 13.75 13.40 12.61 11.30 9.98 9.79 11.08 13.39 14.23 12.46 11.60 12.12 12.20 12.48 12.81 12.18 10.13 7.39 5.23 4.78 3.85 1.66 0.65 1.36 1.35 0.83 0.41 1.40 3.36 5.25 6.12 6.20 6.38 6.83 7.46 7.82 8.19 8.42 8.25 8.18 8.35 9.21 10.48 11.15 11.80 12.27 12.41 11.69 9.74 9.17 9.98 10.40 9.75 8.43 7.56
3.31 3.38 3.92 4.34 5.12 6.06 6.38 6.66 7.69 8.10 7.36 6.97 7.35 8.90 12.18 16.73 27.63 34.12 27.30 19.78 18.56 18.08 17.78 18.45 21.16 22.29 17.45 14.41 14.24 12.92 12.32 11.95 10.81 9.98 10.32 11.31 12.80 14.35 13.58 13.11 13.97 13.51 13.03 13.19 11.59 7.81 4.80 3.91 4.36 3.57 1.68 1.47 1.57 1.31 0.95 0.96 1.67 3.48 5.38 6.18 6.54 7.05 7.00 7.49 8.05 8.32 8.65 8.50 8.21 8.34 9.33 10.43 10.85 11.88 12.84 13.39 13.47 11.11 9.50 10.59 11.15 9.78 8.05 7.51
3.21 3.28 3.94 4.70 6.08 6.64 6.32 6.49 7.68 8.59 8.11 7.57 8.04 10.41 13.84 20.47 32.11 34.48 28.00 21.97 20.47 19.66 19.38 19.44 19.59 19.53 17.80 15.55 14.39 12.89 11.66 10.87 10.02 10.60 11.64 12.25 13.11 13.68 13.34 14.57 15.56 13.96 13.07 12.81 10.07 5.84 3.68 3.02 3.29 2.91 2.02 1.84 1.70 1.42 1.29 1.45 2.06 3.71 5.52 6.31 7.05 7.67 7.28 7.49 8.30 8.55 8.85 8.87 8.37 8.51 9.48 10.26 10.64 11.62 13.03 14.43 14.98 12.24 9.96 10.91 11.27 9.47 7.77 7.25
3.40 3.73 4.56 5.41 6.67 6.67 6.38 6.93 7.67 8.98 9.45 8.54 9.61 12.80 19.42 31.32 36.59 33.25 27.03 23.25 21.29 19.77 18.99 17.98 15.89 15.34 17.03 17.38 15.63 13.91 12.44 11.35 10.78 11.61 12.23 12.22 12.54 12.27 12.88 15.75 16.79 14.54 13.18 11.62 7.36 4.45 3.09 2.10 2.00 2.62 2.43 2.08 1.88 1.73 1.72 1.89 2.53 4.11 5.69 6.56 7.53 7.89 7.52 7.69 8.44 8.92 9.07 9.32 9.14 8.96 9.42 10.15 10.57 10.82 12.60 15.22 16.11 13.63 10.79 10.97 11.13 9.37 7.34 6.61
3.56 4.16 5.19 5.92 6.74 6.80 6.85 7.50 7.87 9.12 10.03 9.59 10.62 16.64 30.47 38.17 35.03 29.35 25.45 23.49 21.23 17.62 16.38 15.11 13.26 13.05 15.12 17.83 17.66 15.44 13.49 12.47 12.40 12.63 12.42 12.09 11.49 10.92 13.25 17.09 17.17 14.81 13.01 9.46 5.70 4.15 2.88 1.44 1.65 2.64 2.82 2.51 2.25 2.14 2.11 2.22 2.98 4.68 6.03 6.89 7.67 7.89 7.84 7.99 8.50 9.18 9.24 9.79 10.60 10.13 9.67 10.06 10.33 10.17 11.64 14.75 16.53 15.32 12.05 11.14 10.67 8.99 7.43 6.77
3.55 4.27 5.36 5.75 6.63 7.04 7.22 7.46 7.74 8.79 9.67 10.46 11.24 19.93 35.80 36.52 29.41 27.00 24.52 23.15 20.84 16.44 14.47 14.14 13.22 12.85 14.19 17.25 19.17 17.46 14.25 13.00 13.18 13.02 13.02 12.82 11.44 10.55 13.98 18.07 16.48 14.39 12.37 7.30 5.01 4.41 3.31 2.06 2.22 2.87 3.16 3.00 2.81 2.63 2.45 2.56 3.52 5.30 6.45 7.16 7.65 7.88 8.12 8.17 8.53 9.26 9.45 10.24 12.00 11.99 10.64 10.08 10.23 10.06 10.68 13.33 15.99 16.11 13.98 11.85 10.36 8.87 8.04 7.98
3.51 4.07 4.98 5.36 6.56 7.17 7.08 6.96 7.34 8.46 9.46 11.16 12.79 23.92 37.30 33.93 28.00 25.88 22.73 21.52 20.28 16.93 14.74 14.47 13.57 13.13 14.08 17.11 19.84 18.47 14.19 12.82 13.17 13.23 13.61 13.37 11.76 10.57 14.12 18.38 15.93 12.96 10.15 6.43 5.01 4.81 3.95 3.06 3.02 3.35 3.51 3.42 3.30 3.08 2.79 3.01 4.24 5.99 6.78 7.21 7.63 7.94 8.31 8.20 8.40 9.19 9.74 10.75 12.78 13.80 12.22 10.62 10.64 10.54 9.87 11.41 14.71 15.85 15.03 13.88 11.55 9.29 8.90 9.33
3.51 3.83 4.37 5.04 6.63 7.12 6.73 6.63 7.37 8.75 10.53 12.93 17.47 32.55 39.39 32.57 26.60 23.03 19.66 19.96 20.35 17.92 15.97 14.99 13.64 13.42 14.43 17.12 19.06 17.33 14.38 13.87 14.29 14.03 13.91 12.87 11.17 10.93 14.29 18.14 15.13 9.95 7.42 5.87 5.19 5.36 4.80 3.91 3.68 3.84 3.87 3.86 3.74 3.52 3.31 3.73 5.17 6.46 6.90 7.22 7.56 7.95 8.35 8.09 8.25 9.14 10.08 11.40 13.12 14.65 14.37 12.47 11.56 11.05 10.17 10.32 12.94 14.70 14.62 15.19 14.03 10.30 10.31 10.27
3.52 3.71 4.11 5.21 6.63 6.89 6.68 7.05 8.08 9.58 12.11 16.88 28.71 40.99 38.54 27.85 22.86 20.10 17.98 19.28 20.86 19.17 17.03 15.32 14.01 14.06 15.23 16.73 17.29 15.37 13.51 15.16 15.89 14.14 14.13 12.73 11.01 12.39 15.13 16.41 12.12 7.12 6.00 5.34 5.20 5.69 5.40 4.60 4.31 4.32 4.30 4.36 4.16 4.09 4.30 4.91 5.96 6.63 6.95 7.27 7.49 7.98 8.13 7.64 8.09 9.31 10.45 11.96 13.39 14.68 15.72 15.22 13.14 11.68 10.90 10.43 11.35 13.23 13.58 15.05 15.59 13.50 12.74 10.84
3.41 3.64 4.66 5.85 6.13 6.32 7.36 8.20 8.84 11.53 14.91 22.63 39.30 41.99 29.52 21.80 20.37 18.67 16.71 18.69 21.31 20.32 17.84 16.02 15.10 15.40 16.03 16.11 16.01 14.41 13.13 15.37 16.08 14.91 15.51 13.90 12.00 13.07 13.54 12.00 8.27 6.12 5.81 5.23 5.24 5.76 5.65 5.15 4.89 4.84 4.89 4.91 4.62 4.83 5.65 6.10 6.30 6.60 7.04 7.29 7.58 8.18 7.80 6.92 7.58 9.36 10.85 12.29 13.51 14.84 16.25 16.70 14.84 12.51 11.66 10.41 9.99 11.96 13.19 14.68 16.79 16.38 13.37 9.97
3.13 3.63 5.26 5.72 5.55 6.37 8.47 9.20 10.23 15.21 20.06 32.79 42.74 33.07 21.05 19.31 18.94 18.47 17.67 19.41 21.48 20.69 18.48 17.29 16.69 16.67 16.53 15.51 15.03 14.16 13.62 14.79 15.54 16.47 17.30 14.83 12.30 11.69 9.71 6.67 5.59 5.78 5.82 5.38 5.45 5.82 5.71 5.52 5.50 5.46 5.55 5.89 5.82 5.98 6.79 6.72 6.44 6.71 7.12 7.43 7.99 8.43 7.63 6.59 7.26 9.29 11.14 12.32 13.48 15.33 16.35 16.69 16.43 14.81 12.76 9.82 8.62 10.96 13.49 15.42 18.13 17.45 12.58 9.05
3.20 3.44 5.31 5.41 5.84 7.38 9.07 10.13 13.09 17.52 25.04 40.26 40.78 22.91 17.99 18.50 18.60 20.22 20.90 21.12 21.03 19.98 18.86 18.57 18.17 17.49 16.49 14.64 14.04 14.20 14.36 15.11 15.81 17.10 17.98 15.30 11.45 8.91 5.70 3.40 4.47 5.83 6.02 5.72 5.80 6.01 5.89 5.92 6.16 6.12 6.28 7.34 8.07 7.60 7.45 6.80 6.46 6.98 7.25 7.87 8.57 8.59 7.85 7.26 8.18 10.17 11.64 12.44 13.60 15.27 15.92 16.14 17.72 17.30 12.80 8.73 7.77 10.41 14.08 17.11 18.12 16.64 13.68 10.45
3.80 3.45 5.34 6.18 6.85 8.13 9.64 11.44 14.88 17.59 28.35 38.80 31.77 20.21 18.50 18.73 19.75 22.73 23.41 20.50 18.87 18.95 19.41 19.86 18.93 17.45 15.91 14.56 14.36 15.15 15.76 16.68 16.37 15.97 17.72 15.64 9.92 5.53 3.20 3.06 4.27 5.74 6.22 6.13 6.17 6.36 6.37 6.45 6.68 6.77 7.22 9.08 10.49 9.90 8.47 6.59 6.38 7.36 7.68 8.37 8.92 8.89 8.58 8.49 9.41 10.95 12.14 12.83 13.26 14.20 15.10 16.27 18.89 18.20 12.08 7.87 7.90 9.88 14.68 17.73 15.91 14.98 15.29 11.77
4.33 4.10 5.76 6.98 7.39 8.50 10.54 12.82 15.44 16.83 26.29 38.06 31.06 21.44 19.93 19.17 20.98 24.44 22.96 17.62 17.20 18.48 19.63 20.57 19.03 16.49 15.01 15.24 15.70 16.12 16.88 17.69 15.91 14.47 16.60 14.18 8.03 4.48 3.53 3.92 4.64 5.64 6.28 6.49 6.48 6.70 6.93 6.94 7.05 7.63 8.80 10.80 12.42 12.19 9.39 6.44 6.54 7.52 8.16 9.02 9.39 9.33 9.35 9.43 9.61 10.97 12.68 13.14 12.94 13.07 14.05 16.44 19.61 18.87 12.81 8.15 7.86 9.35 14.90 17.19 13.92 14.82 15.84 10.51
4.30 4.80 6.36 7.20 7.85 9.51 11.96 14.21 16.59 17.10 22.83 38.84 37.08 23.73 20.38 19.20 21.55 24.24 19.95 16.54 17.64 18.81 19.90 20.12 18.29 16.46 15.96 16.59 16.45 15.67 16.34 16.96 14.56 13.03 13.71 10.90 6.96 4.75 4.28 4.64 5.23 5.85 6.49 6.86 6.86 7.00 7.32 7.28 7.50 8.89 10.72 12.46 14.07 13.56 10.08 7.26 7.25 7.76 9.07 10.53 10.31 9.79 9.91 9.68 9.43 11.14 13.24 13.01 12.61 13.14 13.56 15.63 19.60 19.30 13.72 9.15 8.14 9.57 14.50 16.35 14.62 16.37 14.75 6.96
4.48 5.57 7.18 7.84 8.89 11.08 13.22 16.01 18.79 18.51 25.55 41.26 37.86 23.37 19.60 19.41 21.40 22.12 18.37 17.28 18.70 19.20 19.72 19.02 17.79 17.75 17.63 17.34 16.63 15.06 15.10 15.39 12.73 10.26 8.89 8.19 6.30 4.99 4.65 5.00 5.64 6.20 6.82 7.28 7.36 7.34 7.53 7.65 8.52 10.35 12.08 14.03 15.70 14.55 11.71 9.76 8.89 9.19 11.00 12.04 11.01 10.12 10.01 9.80 10.17 11.99 13.34 12.80 12.65 13.56 13.86 14.86 18.48 19.35 14.51 10.07 9.58 11.18 13.20 15.21 16.99 16.37 10.64 5.63
5.81 6.55 7.59 8.46 10.16 12.14 13.55 17.38 20.91 24.38 36.73 42.40 30.88 19.76 17.97 18.65 20.47 19.74 17.51 17.65 18.64 18.82 18.49 18.03 18.12 19.00 18.47 17.65 17.32 14.94 13.24 13.82 11.14 6.75 5.95 6.89 6.25 5.18 4.81 5.14 5.83 6.41 6.90 7.42 7.81 7.72 7.68 8.34 9.99 11.51 12.99 15.56 17.32 15.76 13.45 11.92 10.79 11.14 12.05 12.39 11.14 10.08 10.07 10.63 11.66 12.98 13.77 13.83 14.02 14.41 14.74 15.19 17.23 18.46 14.59 10.82 11.85 13.87 13.38 14.85 17.33 12.80 7.55 5.74
6.96 7.11 7.61 9.01 10.78 12.28 13.28 16.64 24.69 33.64 39.46 33.97 22.34 17.61 16.36 16.93 18.64 18.49 17.19 17.41 18.21 18.01 17.08 17.32 19.25 19.85 19.19 18.52 17.67 14.06 11.06 11.75 10.33 6.31 5.21 6.20 6.31 5.48 4.96 5.21 5.95 6.57 6.84 7.34 8.12 8.11 8.05 9.53 11.31 12.24 13.81 16.79 18.56 17.50 15.52 14.18 12.90 12.21 12.62 12.62 11.26 10.37 10.84 11.91 12.79 13.85 14.85 15.33 15.49 16.16 16.73 16.10 16.25 16.36 13.99 12.29 15.16 16.99 14.86 15.28 14.64 8.98 8.06 7.11
7.40 8.15 9.05 10.02 11.72 13.74 14.65 17.87 30.77 37.23 32.55 24.03 19.82 17.32 15.96 16.17 17.25 17.64 16.99 16.93 17.38 16.92 15.25 16.30 20.20 21.90 20.39 18.22 15.67 12.39 8.95 8.43 8.87 6.54 5.29 5.84 6.27 5.87 5.41 5.45 6.01 6.85 7.06 7.32 8.15 8.54 8.80 10.51 12.04 12.67 14.48 17.53 19.52 19.84 18.75 16.47 14.27 12.76 12.94 12.66 11.50 11.28 11.95 12.94 13.87 14.89 15.63 15.70 15.98 17.38 17.94 16.11 14.28 13.65 13.51 15.48 19.09 17.72 12.72 11.95 9.88 7.58 9.13 9.22
8.11 9.31 10.17 11.14 14.77 16.90 15.94 20.54 36.07 38.30 26.55 20.97 19.40 17.16 16.11 15.70 15.67 16.24 17.21 17.04 16.10 15.19 13.63 14.83 19.57 23.87 23.25 16.50 12.47 10.26 6.76 6.25 7.31 6.68 5.72 5.61 6.07 6.07 5.78 5.70 6.11 7.11 7.47 7.44 8.16 9.33 10.09 11.00 12.09 13.07 14.75 17.81 20.61 22.37 21.86 18.32 15.57 13.96 13.08 12.71 11.97 12.03 12.95 14.16 15.35 15.76 15.73 15.47 15.80 17.64 18.42 15.37 11.84 11.47 13.71 18.69 20.38 14.67 8.31 7.89 6.76 6.23 9.10 11.21
8.74 9.60 10.59 12.82 16.39 16.59 14.95 22.14 38.47 36.61 22.58 19.33 19.06 17.64 16.65 15.55 14.65 15.40 16.80 16.65 15.12 13.64 12.72 13.87 17.53 23.49 26.31 19.64 11.68 9.22 6.93 5.86 6.35 6.65 6.22 5.50 5.65 5.85 5.86 6.00 6.44 7.47 7.95 7.64 8.27 10.44 11.79 11.32 11.74 13.27 14.73 17.62 21.57 24.24 23.96 20.18 16.88 14.87 13.90 13.71 12.88 12.82 14.26 15.60 16.33 15.91 15.56 15.56 16.12 18.58 19.29 14.60 10.12 10.82 14.75 20.30 19.71 11.19 6.02 5.54 5.22 5.58 7.93 11.85
