windninja/windninja_output/Output_2025-10-23_1000-1050_Google earth_Fire_150m_10min/merlingen_7.5mi_point_10-23-2025_1030_150m_vel.asc
ncols	158
nrows	163
xllcorner	391686.332397
yllcorner	5160024.123721
cellsize	150.000000
NODATA_value	-32768.000000
[rows 0 to 36 of 163, columns 0 to 83 of 158]
12.00 12.19 12.36 12.18 12.41 12.72 11.96 11.45 11.99 12.04 11.47 10.71 10.90 12.80 14.07 13.81 12.92 12.00 12.26 12.97 11.67 9.79 10.45 11.54 11.83 11.43 10.55 10.43 11.06 11.00 10.72 10.82 10.84 10.54 10.65 11.15 10.53 10.16 10.37 9.93 9.88 10.18 10.02 10.06 10.17 9.92 9.99 9.73 9.46 9.56 9.42 9.34 9.46 9.29 8.87 8.69 8.65 8.77 8.94 8.78 8.41 8.32 8.32 8.26 8.19 8.13 8.33 8.50 8.48 8.20 7.84 7.60 7.53 7.59 7.77 7.70 7.45 7.50 7.57 7.35 7.10 6.91 7.18 7.35
11.59 12.19 12.51 12.21 12.60 12.61 11.55 11.28 12.09 12.10 11.22 9.78 9.26 11.20 13.38 14.26 13.76 12.67 13.17 13.70 11.59 9.42 9.77 11.23 12.09 11.67 10.56 10.31 10.89 10.86 10.68 10.80 10.83 10.62 10.71 11.30 10.79 10.40 10.48 9.92 9.86 10.15 10.07 10.39 10.51 10.19 10.32 10.10 9.58 9.45 9.38 9.32 9.34 9.09 8.67 8.54 8.62 8.80 9.05 8.83 8.32 8.19 8.23 8.22 8.01 7.94 8.28 8.68 8.79 8.36 7.75 7.42 7.42 7.57 7.76 7.58 7.33 7.65 7.77 7.25 6.81 6.76 7.11 7.28
11.03 12.22 12.58 12.17 12.68 11.94 10.90 11.39 12.36 12.20 10.72 8.12 7.07 9.10 12.39 15.07 15.22 14.13 14.55 14.12 11.57 9.42 9.05 10.23 11.88 11.91 10.83 10.32 10.46 10.50 10.69 10.86 10.80 10.89 11.08 11.29 11.14 10.89 10.61 10.07 10.08 10.20 10.33 11.03 11.02 10.64 10.68 10.50 9.69 9.20 9.28 9.18 8.96 8.84 8.60 8.54 8.73 8.88 9.06 8.88 8.37 8.11 8.14 8.19 7.86 7.76 8.24 8.91 9.26 8.60 7.57 7.25 7.45 7.65 7.69 7.28 7.15 7.93 8.05 7.03 6.24 6.64 7.10 6.93
10.91 12.16 12.45 12.10 12.42 11.30 10.96 12.34 13.08 12.32 9.96 6.85 6.42 8.50 11.84 15.81 16.28 15.23 14.87 13.78 11.79 10.24 9.04 9.07 11.04 11.78 11.19 10.58 10.13 10.23 10.79 11.03 11.11 11.42 11.39 11.25 11.22 11.14 10.88 10.60 10.53 10.48 10.98 11.58 11.35 10.99 10.79 10.34 9.63 9.30 9.18 8.72 8.57 8.82 8.81 8.74 8.86 8.89 8.89 8.87 8.58 8.15 8.04 8.11 7.86 7.77 8.17 8.98 9.48 8.62 7.46 7.35 7.65 7.66 7.47 7.09 7.18 7.99 8.05 6.81 5.79 6.53 7.19 6.70
11.01 11.93 12.29 12.08 12.24 11.56 11.94 13.41 13.43 11.49 8.51 6.20 6.18 8.55 12.66 16.26 16.80 15.61 14.42 13.56 12.50 11.38 9.68 8.77 10.42 11.36 11.17 10.74 10.11 10.24 10.75 11.26 11.87 11.99 11.47 11.23 11.24 11.38 11.55 11.37 11.01 11.01 11.66 11.84 11.38 11.01 10.54 9.93 9.60 9.36 8.76 8.28 8.40 8.81 8.91 8.84 8.90 8.92 8.87 8.87 8.67 8.16 7.94 8.04 7.94 7.86 8.11 9.00 9.50 8.44 7.48 7.56 7.76 7.58 7.29 7.17 7.35 7.78 7.77 6.75 5.73 6.27 7.23 6.96
11.38 11.86 12.13 12.16 12.47 12.38 12.97 13.67 12.50 9.85 7.58 6.40 6.22 8.88 13.60 15.94 16.53 15.59 13.98 13.55 13.40 12.72 10.68 9.15 10.01 10.93 10.79 10.53 10.25 10.29 10.61 11.55 12.50 12.29 11.52 11.32 11.72 12.11 12.27 11.94 11.39 11.45 11.83 11.57 10.99 10.66 10.16 9.67 9.44 8.95 8.35 8.21 8.43 8.72 8.93 9.01 9.08 9.09 8.98 8.82 8.62 8.17 7.93 8.05 8.03 7.93 8.07 9.00 9.37 8.19 7.51 7.84 8.03 7.53 7.06 7.28 7.62 7.73 7.22 6.39 6.03 6.49 7.24 7.27
11.76 12.01 12.12 12.36 12.87 13.00 13.35 13.00 11.03 8.87 7.67 6.99 6.73 9.32 13.92 15.49 15.63 15.31 14.27 13.84 14.09 13.96 11.94 9.74 9.80 10.24 10.15 10.35 10.45 10.26 10.69 11.99 12.71 12.20 11.83 12.12 12.54 12.66 12.40 11.88 11.45 11.40 11.39 11.00 10.51 10.32 9.96 9.52 9.18 8.55 8.09 8.31 8.56 8.68 9.03 9.31 9.35 9.30 9.09 8.87 8.64 8.18 7.91 8.02 8.11 8.00 8.13 9.01 9.18 7.97 7.53 8.26 8.42 7.46 6.90 7.31 7.82 7.75 6.49 5.83 6.65 7.23 7.25 7.28
11.97 12.23 12.34 12.52 12.93 13.06 13.00 11.93 10.12 8.86 8.28 7.79 7.63 9.75 13.64 15.22 14.65 14.81 14.74 14.13 14.53 14.85 13.12 10.77 9.78 9.44 9.85 10.58 10.34 10.01 11.03 12.34 12.43 12.06 12.47 13.02 12.84 12.36 11.94 11.52 11.22 11.04 10.88 10.59 10.32 10.17 9.81 9.43 8.96 8.25 8.00 8.46 8.56 8.58 9.32 9.74 9.63 9.54 9.33 9.12 8.76 8.02 7.67 7.87 8.10 8.13 8.36 9.00 8.98 7.93 7.71 8.59 8.48 7.40 6.89 7.14 7.74 7.47 5.84 5.64 7.47 7.93 7.24 7.18
12.08 12.36 12.59 12.55 12.61 12.65 12.32 11.29 10.16 9.48 9.10 8.72 8.45 9.83 13.25 14.84 14.25 14.49 14.71 14.44 14.97 15.27 14.00 11.95 10.17 9.24 9.80 10.50 9.83 9.81 11.58 12.38 11.89 12.14 13.09 13.30 12.48 11.73 11.44 11.22 10.97 10.85 10.68 10.51 10.45 10.07 9.59 9.42 8.87 7.96 8.11 8.66 8.28 8.44 9.85 10.30 9.92 9.80 9.58 9.10 8.44 7.64 7.27 7.49 7.91 8.43 8.80 9.01 8.71 7.93 7.95 8.48 8.14 7.38 6.93 6.99 7.50 6.96 5.64 6.13 8.16 8.51 7.53 7.28
12.11 12.39 12.75 12.60 12.26 12.14 11.89 11.30 10.73 10.20 9.86 9.47 8.98 9.78 12.42 14.24 14.38 14.53 14.40 14.73 15.39 15.41 14.75 12.85 10.82 9.55 9.41 9.94 9.60 9.99 12.03 12.19 11.40 12.21 13.27 13.08 12.01 11.27 11.16 11.14 11.00 11.00 10.85 10.58 10.51 10.01 9.42 9.43 8.89 7.80 8.08 8.66 8.14 8.78 10.36 10.77 10.07 9.67 9.31 8.49 7.96 7.61 6.95 6.82 7.86 8.94 9.26 8.99 8.12 7.63 8.06 8.37 7.96 7.37 6.99 6.91 7.21 6.64 5.91 7.16 8.72 8.96 8.01 7.54
12.16 12.46 12.84 12.60 12.10 11.91 11.87 11.66 11.23 10.69 10.41 9.99 9.40 9.64 11.53 13.77 14.68 14.91 14.49 14.83 15.57 15.56 15.23 13.41 11.40 10.10 8.91 9.11 9.68 10.38 11.84 11.72 11.07 12.03 12.94 12.59 11.67 11.03 11.11 11.28 11.19 11.19 11.03 10.48 10.41 10.15 9.34 9.26 8.86 7.76 8.10 8.57 8.35 9.31 10.39 10.78 9.93 9.12 8.71 8.07 8.01 7.86 6.78 6.70 8.37 9.34 9.40 8.70 7.19 7.17 8.27 8.60 8.01 7.27 6.84 6.76 7.17 7.09 6.90 8.17 9.05 9.06 8.36 7.93
12.35 12.57 12.79 12.54 12.11 11.98 12.05 11.92 11.48 11.02 10.78 10.35 9.75 9.59 11.13 13.71 14.94 15.18 14.86 14.97 15.55 15.63 15.24 13.61 11.73 9.97 8.07 8.35 9.62 10.35 11.05 11.21 11.12 11.83 12.34 12.02 11.51 11.21 11.40 11.35 11.14 11.29 10.96 10.22 10.38 10.33 9.24 8.79 8.67 8.16 8.34 8.41 8.38 9.43 10.14 10.38 9.79 8.86 8.26 7.94 8.30 8.22 7.27 7.56 8.96 9.29 9.12 8.10 6.53 7.19 8.64 8.78 8.17 7.23 6.70 7.01 7.79 8.26 8.45 8.87 9.00 8.97 8.76 8.87
12.54 12.64 12.72 12.51 12.22 12.23 12.23 11.98 11.62 11.26 10.99 10.59 9.94 9.57 11.02 13.95 15.20 15.13 15.20 15.35 15.49 15.34 14.79 13.47 11.55 9.35 7.89 8.37 9.53 10.12 10.57 11.10 11.47 11.62 11.53 11.62 11.66 11.65 11.61 11.10 11.04 11.35 10.63 9.97 10.36 10.22 9.13 8.56 8.82 8.99 8.72 8.27 8.34 9.42 10.29 10.06 9.43 8.61 7.91 8.07 8.81 8.77 8.37 8.70 9.11 9.01 8.66 7.81 7.00 7.82 8.61 8.64 8.52 7.73 7.43 8.12 8.75 9.34 9.35 8.86 8.76 9.10 9.35 9.94
12.67 12.72 12.73 12.55 12.41 12.43 12.26 11.95 11.75 11.47 11.17 10.86 10.06 9.61 11.17 14.10 15.62 15.21 15.22 15.61 15.23 14.53 13.89 12.78 11.12 9.42 8.50 8.93 9.62 10.01 10.59 11.22 11.61 11.27 10.83 11.60 12.05 11.87 11.48 10.77 10.96 11.04 10.08 9.75 10.20 9.95 8.94 8.66 9.43 9.80 9.08 8.39 8.31 9.43 10.72 10.12 8.89 7.86 7.34 8.30 9.56 9.55 9.59 9.61 9.04 8.70 8.48 8.48 8.35 8.11 8.17 8.60 9.19 8.75 8.26 8.38 8.98 9.57 9.07 8.32 8.73 9.44 9.77 10.11
12.80 12.82 12.78 12.65 12.55 12.45 12.21 12.02 11.93 11.66 11.40 11.15 10.38 9.86 11.27 14.36 16.22 15.47 14.87 15.20 14.60 13.45 12.82 12.06 11.05 10.01 9.24 9.44 9.75 9.84 10.73 11.56 11.52 10.99 10.81 11.60 11.92 11.69 11.17 10.46 10.54 10.25 10.04 10.18 10.03 9.68 8.92 8.41 9.30 10.29 9.91 8.80 8.37 9.59 10.93 10.43 8.73 7.09 6.66 8.45 10.43 10.66 10.66 9.89 8.87 8.92 9.11 9.54 9.38 8.20 7.92 9.12 9.90 9.14 7.98 7.99 8.83 8.93 8.35 8.55 9.35 9.57 9.47 9.34
12.92 12.90 12.84 12.74 12.57 12.41 12.25 12.13 12.08 11.85 11.68 11.44 10.93 10.34 11.47 14.90 16.49 15.44 14.35 14.25 13.82 12.72 11.97 11.53 11.31 10.80 9.77 9.53 9.83 9.96 11.15 12.02 11.26 10.78 10.85 10.91 11.17 11.36 10.84 10.45 10.32 9.75 10.25 10.95 9.92 9.37 9.54 8.55 8.25 9.90 10.82 9.60 9.04 10.16 10.81 10.57 9.24 7.19 6.65 8.85 11.21 11.79 11.14 9.29 8.72 9.85 10.06 10.17 10.18 8.65 8.10 9.34 9.77 8.54 7.69 8.05 8.25 7.97 8.33 9.75 9.94 8.94 8.62 8.35
13.01 12.98 12.90 12.78 12.57 12.45 12.37 12.25 12.24 12.13 11.98 11.72 11.50 11.03 11.92 14.88 16.09 15.11 13.98 13.48 13.07 12.13 11.31 11.22 11.65 11.37 10.06 9.48 10.04 10.64 11.62 11.71 10.47 10.13 10.41 10.47 10.80 11.01 10.62 10.47 10.32 9.84 10.60 11.25 10.08 9.37 9.89 9.15 8.48 9.87 11.11 10.43 10.06 10.45 10.32 10.11 9.68 8.12 7.39 9.76 11.94 12.25 10.90 8.66 8.78 10.51 10.83 10.69 10.47 9.13 8.36 8.73 9.06 8.43 8.07 7.95 7.46 7.98 9.56 10.47 9.21 7.76 7.70 7.37
13.08 13.05 12.95 12.81 12.66 12.57 12.50 12.44 12.43 12.37 12.22 11.99 11.88 11.71 12.31 14.23 15.43 14.79 13.71 13.01 12.35 11.53 10.97 11.23 11.75 11.43 10.41 9.85 10.25 10.98 11.30 10.57 9.57 9.63 10.35 10.87 10.98 10.78 10.48 10.61 10.65 10.49 10.85 10.88 10.28 9.93 9.89 9.70 10.06 10.97 11.22 10.74 10.35 10.14 9.74 9.74 10.07 9.40 8.83 10.37 12.09 12.16 10.42 8.73 9.22 10.81 11.58 11.16 10.03 9.04 8.75 8.53 8.94 8.92 8.02 7.56 7.62 8.75 10.01 9.32 7.66 7.17 6.96 6.52
13.15 13.12 13.00 12.87 12.78 12.68 12.62 12.66 12.60 12.45 12.34 12.21 12.17 12.20 12.55 13.66 14.66 14.20 13.22 12.60 11.89 11.28 11.05 11.28 11.52 11.30 10.83 10.36 10.26 10.55 10.43 9.59 9.06 9.46 10.53 11.43 11.53 10.97 10.47 10.88 10.95 10.70 10.91 10.62 10.38 10.60 10.63 10.46 10.84 11.43 11.17 10.54 10.04 9.75 9.68 10.00 10.43 10.25 9.96 10.63 11.88 11.76 10.09 9.26 9.88 11.01 11.82 10.94 9.52 9.60 9.66 8.82 8.90 8.70 7.48 7.20 7.50 8.09 8.71 7.91 7.15 7.14 6.52 5.97
13.22 13.18 13.09 12.97 12.86 12.80 12.79 12.84 12.72 12.44 12.39 12.49 12.45 12.43 12.67 13.24 13.71 13.35 12.74 12.36 11.83 11.43 11.24 11.24 11.35 11.27 11.00 10.56 10.15 9.97 9.53 8.88 8.87 9.60 10.80 11.84 12.17 11.45 10.66 11.10 11.05 10.75 10.95 10.69 10.70 11.42 11.80 10.94 10.51 11.35 11.33 10.59 10.02 9.79 10.19 10.45 10.45 10.56 10.61 10.73 11.23 11.20 10.25 9.83 10.31 11.06 11.44 10.81 10.44 10.98 10.26 8.66 8.29 8.08 7.32 6.79 6.45 6.84 7.63 7.64 7.38 7.29 6.59 5.91
13.31 13.32 13.21 13.02 12.92 12.92 12.94 12.94 12.80 12.46 12.47 12.75 12.64 12.50 12.68 12.86 12.93 12.76 12.55 12.34 11.94 11.57 11.34 11.24 11.25 11.17 10.92 10.49 10.03 9.62 8.87 8.27 8.83 10.07 11.30 12.25 12.81 12.14 11.03 11.11 10.93 10.71 10.88 10.98 11.56 12.13 12.03 10.92 10.35 11.23 11.57 11.04 10.55 10.28 10.39 10.33 10.28 10.55 10.81 10.65 10.46 11.04 11.10 10.46 10.71 11.36 11.44 11.57 12.01 11.44 9.37 7.57 7.38 7.68 7.23 6.10 5.61 6.30 7.31 7.80 7.85 7.54 6.83 6.08
13.49 13.44 13.20 13.04 13.04 13.04 13.03 13.01 12.87 12.59 12.61 12.83 12.75 12.57 12.61 12.60 12.51 12.54 12.54 12.34 11.95 11.58 11.40 11.21 11.01 10.95 10.77 10.35 9.94 9.45 8.55 7.84 8.90 11.05 12.04 12.61 13.22 12.41 11.00 10.74 10.64 10.65 11.06 11.62 12.22 12.23 11.88 11.29 10.90 11.27 11.77 11.57 11.10 10.55 10.16 10.11 10.28 10.44 10.52 10.43 10.16 11.26 11.93 11.03 11.35 12.14 12.13 12.52 12.25 10.06 7.54 6.52 6.91 7.69 7.12 5.75 5.36 6.09 7.15 7.98 8.08 7.32 6.80 6.31
13.59 13.43 13.21 13.20 13.23 13.15 13.07 13.02 12.94 12.84 12.76 12.82 12.86 12.66 12.54 12.48 12.36 12.48 12.53 12.26 11.88 11.58 11.40 11.05 10.75 10.77 10.55 10.19 9.91 9.49 8.60 7.97 9.68 11.94 12.42 12.67 12.90 12.14 10.98 10.49 10.46 10.77 11.43 12.07 12.49 12.58 12.37 11.86 11.34 11.24 11.84 11.75 11.15 10.71 10.35 10.24 10.41 10.40 9.84 9.98 10.38 11.69 12.60 12.13 12.85 13.37 12.84 12.40 10.76 8.08 6.46 6.20 7.13 8.13 7.48 5.99 5.28 5.91 7.05 7.85 7.85 7.05 6.98 6.62
13.62 13.47 13.38 13.42 13.35 13.17 13.03 12.99 13.08 13.15 12.96 12.80 12.83 12.74 12.55 12.43 12.35 12.45 12.49 12.14 11.79 11.59 11.30 10.82 10.55 10.50 10.18 9.96 10.04 9.86 9.07 8.70 10.29 11.88 12.26 12.55 12.35 11.81 11.40 10.85 10.62 11.02 11.53 12.23 13.35 13.54 12.46 11.88 11.42 11.19 11.85 11.73 11.19 11.22 10.90 10.36 10.44 10.23 9.19 9.39 10.60 12.13 13.62 14.41 14.60 13.44 11.87 10.43 8.31 6.69 6.08 6.35 7.89 8.90 7.83 5.83 4.99 5.88 6.84 7.21 7.38 7.11 7.10 6.80
13.70 13.60 13.52 13.52 13.37 13.17 13.00 13.05 13.34 13.40 13.11 12.76 12.72 12.82 12.61 12.43 12.40 12.43 12.41 12.04 11.72 11.55 11.14 10.61 10.27 10.00 9.59 9.76 10.62 10.58 9.69 9.44 10.24 11.31 12.00 12.31 12.13 12.02 11.96 11.45 11.01 11.14 11.60 13.10 14.65 13.39 11.62 11.69 11.56 11.36 11.79 11.80 11.71 11.76 11.22 10.49 10.33 9.80 8.75 8.88 10.47 12.94 15.45 16.21 14.27 11.44 9.44 7.66 6.44 6.12 6.25 7.33 9.38 9.46 7.07 4.90 4.78 5.92 6.48 6.52 7.03 7.32 7.06 6.83
13.80 13.70 13.58 13.55 13.43 13.21 13.04 13.27 13.62 13.49 13.12 12.80 12.79 12.86 12.63 12.49 12.49 12.42 12.30 11.98 11.67 11.42 10.96 10.40 9.90 9.27 8.86 9.84 11.55 11.39 10.18 10.05 10.46 10.90 11.59 11.82 11.95 12.75 12.80 11.95 11.48 11.49 12.29 14.32 14.58 12.05 11.16 11.87 11.87 11.79 11.84 12.02 12.15 11.98 11.52 10.74 9.88 9.00 8.46 8.85 11.10 15.16 17.47 15.91 12.25 9.48 7.55 5.94 5.66 6.31 7.48 9.53 10.50 8.75 5.91 4.23 5.05 6.27 6.37 6.40 7.14 7.47 6.91 6.85
13.85 13.77 13.67 13.63 13.52 13.27 13.18 13.55 13.78 13.45 13.09 12.97 12.96 12.79 12.60 12.60 12.56 12.40 12.22 11.92 11.60 11.28 10.82 10.22 9.51 8.37 8.11 10.26 12.26 11.91 10.79 10.76 11.00 10.81 11.01 11.05 11.57 13.60 13.99 12.60 11.95 12.31 13.34 14.53 13.60 11.24 11.32 12.28 12.42 12.12 11.69 12.12 12.42 12.48 12.35 10.64 8.55 8.16 8.84 10.15 13.90 17.96 17.48 13.52 9.98 7.84 6.07 4.92 5.38 7.29 9.91 11.23 10.05 7.63 5.07 3.88 5.27 6.90 6.84 6.79 7.35 7.31 6.75 7.04
13.86 13.86 13.80 13.70 13.58 13.36 13.40 13.80 13.77 13.33 13.13 13.11 13.04 12.79 12.64 12.73 12.65 12.40 12.14 11.88 11.62 11.29 10.78 10.06 9.07 7.62 7.64 10.48 12.46 12.01 11.58 11.77 11.58 11.05 10.67 10.33 11.19 14.13 15.21 13.43 12.28 13.37 14.05 14.00 13.02 11.29 11.40 12.37 12.96 12.32 11.46 12.31 12.97 13.42 12.88 9.43 6.93 8.20 10.66 13.02 16.58 18.20 14.97 10.49 8.10 6.72 5.18 4.56 5.91 8.92 11.67 11.28 8.90 6.67 4.50 3.67 5.30 7.60 7.66 7.06 7.09 6.89 6.79 7.42
13.89 13.94 13.88 13.75 13.66 13.53 13.66 13.92 13.65 13.25 13.21 13.19 13.11 12.96 12.84 12.83 12.72 12.39 12.10 11.95 11.74 11.37 10.74 9.89 8.74 7.38 7.90 10.65 12.07 11.59 12.11 13.00 12.27 11.58 11.21 10.65 11.44 14.23 16.25 14.43 13.18 14.45 14.20 13.72 12.88 11.34 11.23 12.03 13.29 12.95 11.66 12.48 13.52 13.88 12.37 8.05 6.45 9.21 12.74 15.41 17.34 16.27 12.32 8.57 6.97 6.17 4.84 4.85 7.55 10.79 12.26 10.71 8.02 5.84 3.98 3.62 5.19 7.82 8.03 7.10 6.84 6.62 6.84 7.55
13.97 13.99 13.91 13.82 13.81 13.76 13.85 13.85 13.54 13.30 13.27 13.30 13.28 13.21 13.09 12.89 12.74 12.44 12.17 12.08 11.82 11.36 10.65 9.80 8.71 7.85 8.81 10.73 11.10 10.74 12.25 13.88 13.28 13.16 13.43 12.41 12.15 14.81 17.21 15.59 14.68 15.03 13.90 13.63 12.57 11.08 11.29 12.12 13.98 13.79 11.91 12.46 13.55 13.50 11.59 7.74 6.76 9.78 13.83 16.78 16.71 13.36 9.79 7.38 6.32 5.87 4.94 5.76 9.50 12.19 12.15 9.63 6.86 5.09 3.88 4.16 5.66 7.37 8.11 7.68 6.91 6.35 6.49 7.08
14.16 14.08 13.88 13.84 14.02 14.07 13.91 13.72 13.57 13.42 13.36 13.46 13.44 13.38 13.28 13.01 12.81 12.56 12.28 12.13 11.83 11.30 10.68 9.93 9.06 8.78 9.48 10.22 9.88 9.65 11.58 14.16 15.13 16.34 16.11 13.37 12.56 15.44 17.82 16.38 15.25 14.61 13.09 13.01 12.00 10.84 11.75 13.27 14.59 13.43 11.60 12.10 12.62 12.68 11.00 7.21 6.81 10.27 14.46 17.17 15.02 10.24 7.72 6.77 6.47 6.21 5.52 6.67 10.66 12.85 11.13 7.81 6.01 5.21 4.64 5.16 5.76 6.63 8.08 8.46 7.27 6.09 6.00 6.57
14.41 14.16 13.77 13.83 14.38 14.41 13.85 13.67 13.69 13.54 13.48 13.56 13.57 13.54 13.47 13.21 12.89 12.63 12.33 12.13 11.89 11.39 10.81 10.21 9.72 9.55 9.63 9.50 8.68 8.66 11.20 14.68 17.14 18.94 17.07 12.37 12.20 16.33 18.04 16.00 14.40 13.04 11.71 11.95 11.36 10.72 12.24 13.83 13.51 11.92 11.23 11.40 11.34 11.98 10.64 6.92 7.55 11.33 14.90 16.91 13.75 8.28 6.15 6.55 7.45 7.21 6.29 7.29 11.16 12.76 9.60 6.81 6.57 6.34 5.61 5.48 5.46 6.23 8.02 8.88 7.57 5.88 5.72 6.36
14.46 14.17 13.66 13.95 14.82 14.52 13.73 13.69 13.78 13.69 13.57 13.66 13.77 13.73 13.64 13.32 12.92 12.73 12.45 12.23 12.07 11.63 10.94 10.55 10.43 10.04 9.82 9.18 8.09 8.84 12.66 16.31 18.02 19.54 17.15 11.80 12.25 16.75 16.98 14.10 12.89 11.58 10.77 11.38 11.00 10.82 12.50 13.12 11.74 11.20 11.25 10.97 10.83 11.33 10.39 7.88 8.84 12.16 15.04 16.05 12.40 7.24 5.15 6.44 8.65 8.49 7.26 8.03 11.17 12.17 9.10 7.48 7.99 7.17 5.87 5.44 5.46 6.25 7.88 8.88 7.35 5.44 5.59 6.23
14.33 14.12 13.73 14.31 15.07 14.42 13.74 13.73 13.89 13.86 13.67 13.87 13.95 13.83 13.74 13.34 13.02 12.94 12.69 12.43 12.29 11.90 11.20 11.03 11.10 10.52 10.02 9.06 8.36 10.09 13.91 16.80 17.26 18.80 18.28 13.15 12.73 15.90 15.09 12.48 12.06 11.01 10.43 11.07 10.71 11.14 12.36 11.81 10.83 11.21 11.33 10.90 10.73 10.63 10.20 9.34 10.01 12.25 14.48 15.03 12.00 7.22 4.86 6.33 9.32 9.57 8.28 8.47 10.50 11.82 10.07 8.83 8.46 6.89 5.70 5.56 5.79 6.48 7.74 8.26 6.81 5.38 5.77 6.40
14.17 14.04 14.01 14.78 15.12 14.39 13.81 13.75 14.05 14.05 13.90 14.03 14.03 13.94 13.78 13.43 13.25 13.20 12.93 12.61 12.47 12.14 11.65 11.58 11.46 10.77 9.90 8.99 8.73 10.40 13.88 16.18 16.58 18.36 19.44 15.46 12.65 13.97 13.40 11.60 11.31 10.52 10.17 10.55 10.67 11.49 11.69 10.86 10.92 11.36 11.19 10.87 10.63 10.20 10.17 10.56 11.15 11.94 13.23 14.49 12.58 7.88 5.15 6.12 9.25 10.20 9.36 9.04 10.61 12.24 10.73 8.80 7.70 6.23 5.51 5.60 5.90 6.55 7.12 7.09 6.41 5.81 6.16 6.74
14.07 14.09 14.39 15.13 15.13 14.33 13.82 13.86 14.24 14.28 14.13 14.12 14.11 14.01 13.81 13.62 13.50 13.41 13.09 12.80 12.69 12.44 12.12 11.90 11.45 10.76 9.88 9.13 8.90 10.66 14.13 15.92 17.09 19.14 19.73 15.86 11.68 11.59 11.83 10.76 10.22 10.00 10.15 10.39 11.09 11.94 11.13 10.73 11.34 11.36 11.00 10.86 10.71 10.36 10.65 11.36 11.69 11.54 12.06 13.96 13.25 8.79 5.67 6.06 8.57 10.37 10.54 10.48 11.91 12.20 9.53 7.66 6.87 5.77 5.52 5.61 5.58 5.88 6.01 6.07 6.24 6.04 6.25 6.74
14.12 14.30 14.75 15.27 14.99 14.21 13.94 14.06 14.34 14.46 14.33 14.24 14.17 14.05 13.96 13.86 13.71 13.53 13.26 13.04 12.92 12.71 12.39 12.02 11.55 10.95 10.15 9.09 9.09 12.15 15.52 16.70 18.05 19.21 18.43 14.86 11.06 9.86 10.31 10.14 9.63 9.92 10.55 10.78 11.65 12.22 11.15 11.06 11.48 11.08 11.09 11.10 10.94 11.05 11.42 11.58 11.44 11.31 11.55 13.13 13.44 9.86 6.59 6.40 7.80 10.05 11.62 12.28 12.25 10.14 7.25 6.71 6.70 6.20 6.00 5.56 5.07 5.02 5.49 6.04 6.00 5.71 5.99 6.57
