windninja/windninja_output/Output_2025-10-23_1000-1050_Google earth_Fire_150m_10min/merlingen_7.5mi_point_10-23-2025_1010_150m_vel.asc
ncols	158
nrows	163
xllcorner	391686.332397
yllcorner	5160024.123721
cellsize	150.000000
NODATA_value	-32768.000000
[rows 114 to 151 of 163, columns 0 to 83 of 158]
0.95 0.83 0.67 0.59 0.57 0.54 0.50 0.49 0.46 0.47 0.55 0.69 0.73 0.69 0.68 0.76 0.80 0.85 0.88 0.83 0.79 0.76 0.71 0.66 0.81 1.03 1.09 1.04 1.07 1.13 1.13 1.34 1.80 2.37 2.61 2.21 1.78 1.60 1.43 1.27 1.17 1.46 1.93 2.05 1.76 1.52 1.48 1.44 1.36 1.28 1.20 1.12 1.07 1.05 1.02 1.00 0.96 0.94 0.94 0.95 0.91 0.86 0.87 0.93 0.91 0.89 0.88 0.88 0.89 0.88 0.86 0.89 0.92 0.90 0.88 0.91 0.91 0.91 0.88 0.86 0.93 0.93 0.81 0.72
0.98 0.89 0.78 0.71 0.67 0.63 0.58 0.52 0.46 0.51 0.68 0.84 0.81 0.72 0.74 0.96 1.05 0.98 0.88 0.77 0.78 0.85 0.95 1.08 1.19 1.25 1.19 1.13 1.28 1.29 1.18 1.36 1.92 2.49 2.62 2.33 2.00 1.74 1.48 1.30 1.44 1.94 2.23 2.13 1.90 1.80 1.71 1.54 1.41 1.35 1.27 1.19 1.12 1.05 1.03 1.00 0.96 0.94 0.95 0.98 0.93 0.87 0.90 0.96 0.96 0.93 0.91 0.91 0.91 0.89 0.87 0.87 0.89 0.89 0.90 0.93 0.94 0.94 0.90 0.88 0.95 0.96 0.85 0.75
1.00 0.92 0.82 0.73 0.67 0.63 0.59 0.56 0.57 0.69 0.90 0.95 0.82 0.72 0.84 1.17 1.17 0.97 0.89 0.90 1.00 1.15 1.33 1.44 1.43 1.37 1.23 1.18 1.44 1.54 1.46 1.56 1.90 2.45 2.75 2.58 2.28 1.87 1.63 1.67 1.94 2.31 2.28 2.07 1.97 1.82 1.56 1.38 1.39 1.41 1.36 1.29 1.18 1.09 1.02 0.97 0.96 0.95 0.96 0.98 0.94 0.89 0.93 1.00 1.01 0.95 0.92 0.93 0.93 0.91 0.88 0.87 0.89 0.92 0.92 0.94 0.96 0.96 0.91 0.87 0.95 1.00 0.88 0.73
0.97 0.89 0.76 0.67 0.63 0.60 0.60 0.65 0.77 0.91 1.02 0.96 0.78 0.75 0.97 1.22 1.10 0.96 1.05 1.23 1.36 1.49 1.58 1.61 1.62 1.66 1.56 1.44 1.77 1.72 1.55 1.62 1.91 2.62 3.11 2.98 2.52 2.00 1.90 2.22 2.48 2.44 2.17 2.04 1.95 1.71 1.56 1.56 1.60 1.61 1.56 1.43 1.27 1.12 1.00 0.97 0.98 0.97 0.96 0.98 0.97 0.94 0.99 1.06 1.05 0.97 0.94 0.96 0.96 0.94 0.92 0.92 0.93 0.95 0.97 1.00 0.98 0.95 0.93 0.91 1.00 1.07 0.90 0.70
0.96 0.86 0.72 0.66 0.64 0.64 0.68 0.76 0.90 0.98 1.00 0.92 0.81 0.84 1.01 1.18 1.16 1.07 1.22 1.37 1.44 1.50 1.54 1.61 1.74 1.89 2.04 2.20 2.25 2.08 1.93 2.11 2.65 3.51 3.53 3.12 2.86 2.40 2.44 2.77 2.66 2.36 2.11 1.97 1.87 1.80 1.80 1.85 1.84 1.77 1.63 1.43 1.27 1.12 1.00 0.98 0.99 0.97 0.97 1.01 1.02 1.02 1.07 1.13 1.09 1.02 0.99 0.98 0.96 0.97 0.98 0.97 0.96 0.97 1.02 1.03 0.98 0.95 0.98 1.01 1.09 1.08 0.88 0.71
1.01 0.89 0.73 0.66 0.66 0.69 0.72 0.79 0.91 0.95 0.94 0.92 0.88 0.91 0.97 1.15 1.34 1.28 1.25 1.29 1.32 1.36 1.46 1.61 1.80 1.94 2.10 2.28 2.40 2.60 3.05 3.49 3.87 3.95 3.31 2.73 2.65 2.83 3.04 3.04 2.68 2.33 2.12 2.07 2.12 2.06 1.92 1.87 1.83 1.69 1.52 1.33 1.20 1.07 0.97 0.94 0.96 0.98 1.01 1.04 1.09 1.08 1.11 1.14 1.07 1.01 0.98 0.94 0.95 0.99 1.01 0.98 0.98 1.01 1.04 1.03 0.97 0.97 1.02 1.07 1.08 1.02 0.87 0.78
1.05 0.92 0.76 0.70 0.67 0.64 0.67 0.79 0.93 0.92 0.90 1.01 1.00 0.97 0.96 1.17 1.48 1.46 1.29 1.25 1.25 1.29 1.44 1.65 1.84 1.97 2.04 2.11 2.48 3.05 3.47 3.64 3.60 3.27 2.76 2.45 2.37 2.63 2.77 2.62 2.49 2.40 2.38 2.41 2.37 2.20 2.08 2.04 1.89 1.65 1.46 1.30 1.17 1.07 0.96 0.89 0.94 1.03 1.05 1.08 1.14 1.09 1.04 0.99 0.84 0.83 0.87 0.84 0.90 1.01 1.03 1.01 1.02 1.04 1.05 1.02 0.98 0.98 1.01 1.05 1.04 1.01 0.92 0.88
1.06 0.96 0.87 0.91 0.89 0.79 0.77 0.86 0.98 0.91 0.90 1.15 1.14 1.05 1.06 1.21 1.52 1.56 1.33 1.19 1.15 1.24 1.42 1.65 1.91 2.06 2.11 2.27 2.88 3.47 3.44 3.16 3.01 2.78 2.61 2.42 2.21 2.15 1.96 1.92 2.02 2.10 2.19 2.16 2.05 2.02 2.07 2.03 1.83 1.61 1.42 1.27 1.19 1.10 0.97 0.89 0.98 1.08 1.05 1.08 1.08 0.91 0.78 0.73 0.68 0.81 0.94 0.89 0.92 1.05 1.06 1.03 1.05 1.07 1.06 1.02 1.00 0.99 1.02 1.06 1.07 1.08 1.03 1.02
1.08 1.01 1.01 1.07 1.07 1.06 1.04 1.03 1.03 0.92 0.93 1.32 1.30 1.08 1.03 1.13 1.45 1.55 1.20 1.02 1.07 1.26 1.43 1.64 2.00 2.11 2.18 2.56 3.41 3.87 3.48 3.18 3.00 2.62 2.54 2.41 2.09 1.94 1.71 1.63 1.61 1.59 1.66 1.63 1.61 1.68 1.69 1.58 1.50 1.40 1.29 1.24 1.16 1.05 0.96 0.92 0.99 1.05 0.99 0.97 0.85 0.65 0.62 0.66 0.72 0.95 1.13 1.09 1.04 1.06 1.07 1.06 1.10 1.11 1.08 1.03 1.01 1.03 1.09 1.11 1.13 1.18 1.20 1.22
1.00 0.95 0.95 0.95 0.92 0.96 1.01 1.02 1.03 0.95 1.03 1.50 1.41 0.97 0.87 1.01 1.29 1.45 1.20 1.02 1.15 1.34 1.46 1.72 2.08 2.22 2.29 2.86 4.11 4.32 3.45 3.08 2.88 2.49 2.49 2.41 2.02 1.89 1.75 1.56 1.47 1.44 1.43 1.46 1.54 1.60 1.53 1.38 1.31 1.26 1.25 1.23 1.09 0.96 0.88 0.80 0.80 0.87 0.82 0.75 0.63 0.59 0.68 0.76 0.87 1.12 1.26 1.24 1.16 1.06 1.05 1.11 1.15 1.14 1.10 1.06 1.05 1.10 1.19 1.21 1.23 1.34 1.41 1.36
0.96 0.91 0.89 0.85 0.83 0.87 0.90 0.91 0.99 0.99 1.15 1.48 1.21 0.78 0.77 0.95 1.13 1.28 1.31 1.27 1.37 1.52 1.63 1.87 2.12 2.29 2.57 3.75 5.27 4.63 3.13 2.82 2.79 2.51 2.45 2.39 2.02 1.86 1.78 1.53 1.45 1.38 1.31 1.40 1.57 1.63 1.58 1.43 1.31 1.30 1.31 1.21 1.03 0.93 0.82 0.67 0.60 0.69 0.72 0.62 0.58 0.74 0.88 0.93 1.06 1.24 1.29 1.26 1.20 1.06 1.01 1.12 1.18 1.17 1.16 1.13 1.13 1.20 1.29 1.32 1.34 1.42 1.43 1.29
0.96 0.94 0.93 0.92 0.91 0.91 0.89 0.93 1.07 1.10 1.19 1.32 1.02 0.67 0.74 0.93 1.04 1.11 1.29 1.57 1.86 1.96 1.94 2.08 2.45 2.86 3.92 5.89 5.81 4.02 2.66 2.57 2.75 2.48 2.32 2.37 2.08 1.86 1.80 1.57 1.40 1.30 1.24 1.35 1.58 1.66 1.63 1.48 1.35 1.31 1.23 1.10 0.99 0.91 0.80 0.66 0.58 0.67 0.77 0.70 0.75 0.98 1.04 1.04 1.15 1.27 1.25 1.23 1.19 1.10 1.03 1.13 1.25 1.25 1.25 1.23 1.21 1.25 1.31 1.34 1.31 1.38 1.37 1.22
0.90 0.89 0.91 0.92 0.91 0.88 0.90 1.04 1.17 1.15 1.13 1.16 0.98 0.74 0.89 1.02 1.00 1.04 1.26 1.63 2.12 2.72 2.77 2.86 4.05 5.34 5.94 5.98 4.56 2.98 2.46 2.44 2.66 2.42 2.26 2.38 2.15 1.84 1.72 1.52 1.34 1.26 1.26 1.36 1.62 1.81 1.74 1.53 1.37 1.25 1.11 0.98 0.89 0.82 0.72 0.61 0.54 0.66 0.85 0.90 0.97 1.07 1.05 1.04 1.16 1.23 1.22 1.19 1.17 1.14 1.15 1.26 1.36 1.36 1.34 1.32 1.28 1.24 1.28 1.32 1.30 1.38 1.40 1.30
0.88 0.87 0.90 0.91 0.90 0.92 1.02 1.19 1.22 1.14 1.06 1.06 1.07 1.07 1.23 1.18 1.06 1.19 1.48 1.94 2.94 4.10 4.51 4.69 5.12 5.61 5.17 3.92 3.01 2.51 2.34 2.42 2.58 2.38 2.25 2.32 2.15 1.88 1.62 1.46 1.32 1.24 1.32 1.42 1.67 1.93 1.77 1.42 1.21 1.08 1.00 0.89 0.76 0.69 0.61 0.52 0.46 0.67 0.93 0.98 0.97 1.00 0.99 1.04 1.16 1.21 1.20 1.17 1.15 1.15 1.25 1.39 1.45 1.43 1.43 1.42 1.32 1.28 1.37 1.41 1.42 1.49 1.49 1.41
0.91 0.89 0.90 0.89 0.90 0.96 1.11 1.23 1.22 1.13 1.06 1.13 1.29 1.40 1.47 1.34 1.29 1.61 2.37 4.20 5.25 5.06 4.71 4.37 4.25 4.01 3.44 2.83 2.40 2.22 2.29 2.48 2.50 2.24 2.09 2.16 2.14 1.89 1.54 1.42 1.34 1.34 1.46 1.55 1.74 1.97 1.77 1.24 0.96 0.89 0.86 0.77 0.67 0.62 0.55 0.47 0.45 0.70 0.95 0.95 0.93 0.95 0.98 1.07 1.17 1.21 1.20 1.16 1.16 1.18 1.29 1.46 1.53 1.48 1.46 1.47 1.40 1.38 1.48 1.53 1.60 1.65 1.60 1.57
0.88 0.83 0.81 0.81 0.81 0.89 1.05 1.18 1.16 1.11 1.14 1.28 1.38 1.43 1.52 1.71 1.90 2.60 4.45 6.06 5.45 4.08 3.48 3.16 3.26 3.42 3.17 2.63 2.19 2.15 2.33 2.39 2.25 1.97 1.86 2.05 2.12 1.80 1.50 1.47 1.47 1.52 1.60 1.71 1.86 1.97 1.76 1.18 0.89 0.87 0.80 0.67 0.58 0.53 0.47 0.41 0.45 0.70 0.91 0.95 0.95 0.97 1.02 1.11 1.18 1.22 1.20 1.18 1.18 1.20 1.31 1.47 1.59 1.57 1.52 1.57 1.53 1.44 1.50 1.63 1.70 1.71 1.69 1.65
0.87 0.81 0.82 0.82 0.81 0.88 1.02 1.11 1.12 1.11 1.17 1.20 1.18 1.30 1.52 2.05 3.03 4.45 5.73 5.47 3.81 3.03 2.95 3.00 3.29 3.57 3.14 2.44 2.29 2.37 2.37 2.20 1.97 1.79 1.72 1.87 2.02 1.84 1.61 1.61 1.66 1.71 1.84 1.99 2.08 2.00 1.65 1.09 0.89 0.84 0.67 0.51 0.44 0.40 0.36 0.35 0.44 0.66 0.89 0.99 0.98 0.98 1.06 1.13 1.19 1.23 1.23 1.21 1.20 1.22 1.31 1.48 1.61 1.63 1.64 1.71 1.68 1.51 1.56 1.73 1.78 1.78 1.69 1.56
0.92 0.90 0.91 0.89 0.88 0.98 1.07 1.07 1.11 1.14 1.11 1.05 1.04 1.21 1.59 2.26 3.76 5.19 5.14 3.73 3.11 3.01 2.97 3.02 3.41 3.62 2.85 2.45 2.47 2.47 2.40 2.25 2.02 1.78 1.69 1.77 1.95 2.04 1.86 1.80 1.94 2.03 2.14 2.24 2.18 1.85 1.34 0.93 0.82 0.72 0.45 0.30 0.32 0.29 0.26 0.27 0.37 0.61 0.88 0.99 0.98 1.02 1.09 1.17 1.21 1.25 1.28 1.25 1.22 1.23 1.34 1.52 1.60 1.67 1.77 1.87 1.86 1.68 1.64 1.81 1.93 1.85 1.62 1.46
0.92 0.88 0.87 0.89 0.99 1.13 1.15 1.10 1.13 1.18 1.10 1.05 1.10 1.33 1.84 2.55 4.23 5.31 4.39 3.31 3.19 3.15 3.12 3.21 3.50 3.52 2.78 2.42 2.41 2.24 2.17 2.12 1.94 1.80 1.83 1.95 2.10 2.23 2.10 2.09 2.31 2.34 2.30 2.34 2.12 1.49 0.96 0.75 0.72 0.55 0.22 0.15 0.20 0.19 0.18 0.23 0.33 0.60 0.88 0.98 1.03 1.13 1.14 1.19 1.26 1.29 1.33 1.31 1.25 1.26 1.41 1.55 1.58 1.71 1.87 2.00 2.11 1.89 1.71 1.90 2.04 1.84 1.54 1.46
0.89 0.84 0.86 0.95 1.13 1.22 1.18 1.16 1.24 1.30 1.27 1.22 1.27 1.62 2.16 3.24 5.10 5.47 4.52 3.70 3.57 3.48 3.45 3.43 3.34 3.09 2.70 2.46 2.36 2.15 1.99 1.88 1.77 1.89 2.07 2.15 2.24 2.25 2.12 2.30 2.53 2.40 2.33 2.30 1.89 1.20 0.82 0.66 0.55 0.34 0.08 0.05 0.09 0.10 0.16 0.23 0.35 0.62 0.90 1.02 1.14 1.25 1.19 1.20 1.31 1.33 1.37 1.38 1.31 1.34 1.48 1.58 1.61 1.72 1.89 2.13 2.29 1.99 1.76 1.93 2.00 1.76 1.49 1.41
0.94 0.93 1.01 1.11 1.23 1.21 1.18 1.25 1.34 1.45 1.54 1.49 1.62 2.05 3.12 5.11 5.98 5.41 4.41 3.89 3.72 3.56 3.41 3.19 2.79 2.54 2.60 2.65 2.52 2.34 2.13 1.97 1.90 2.05 2.16 2.15 2.17 2.06 2.09 2.49 2.66 2.41 2.29 2.05 1.37 0.93 0.73 0.54 0.31 0.21 0.12 0.04 0.02 0.10 0.19 0.24 0.38 0.68 0.95 1.09 1.25 1.28 1.20 1.22 1.32 1.39 1.40 1.44 1.45 1.47 1.54 1.63 1.68 1.66 1.84 2.21 2.39 2.12 1.82 1.90 1.92 1.66 1.38 1.28
0.98 1.03 1.15 1.22 1.27 1.25 1.26 1.35 1.39 1.52 1.61 1.61 1.79 2.68 4.92 6.25 5.77 4.81 4.16 3.86 3.58 3.14 2.94 2.68 2.36 2.28 2.46 2.74 2.76 2.59 2.36 2.21 2.20 2.23 2.19 2.12 2.00 1.87 2.18 2.75 2.76 2.40 2.15 1.59 0.97 0.71 0.54 0.30 0.12 0.18 0.20 0.13 0.12 0.19 0.23 0.27 0.45 0.78 1.02 1.17 1.27 1.27 1.24 1.26 1.33 1.42 1.41 1.50 1.67 1.69 1.66 1.70 1.70 1.63 1.78 2.16 2.39 2.28 1.94 1.88 1.80 1.53 1.32 1.28
0.99 1.06 1.15 1.17 1.24 1.28 1.30 1.32 1.33 1.42 1.49 1.62 1.80 3.16 5.71 5.92 4.84 4.45 4.03 3.78 3.40 2.78 2.54 2.50 2.36 2.29 2.42 2.76 3.00 2.84 2.48 2.31 2.33 2.30 2.30 2.26 2.02 1.84 2.32 2.93 2.68 2.32 1.97 1.14 0.74 0.59 0.39 0.10 0.08 0.22 0.27 0.24 0.25 0.29 0.29 0.34 0.57 0.91 1.12 1.23 1.28 1.29 1.31 1.30 1.33 1.41 1.42 1.55 1.85 1.93 1.82 1.75 1.77 1.74 1.79 2.05 2.33 2.33 2.09 1.90 1.73 1.51 1.43 1.49
0.94 0.98 1.04 1.04 1.15 1.22 1.21 1.17 1.19 1.31 1.44 1.72 2.03 3.80 5.96 5.51 4.64 4.31 3.77 3.51 3.28 2.78 2.52 2.52 2.42 2.35 2.47 2.86 3.19 2.94 2.32 2.17 2.25 2.30 2.39 2.37 2.10 1.88 2.37 3.00 2.62 2.12 1.57 0.90 0.62 0.55 0.39 0.23 0.24 0.32 0.36 0.36 0.39 0.39 0.36 0.46 0.73 1.07 1.21 1.25 1.29 1.31 1.35 1.31 1.30 1.38 1.45 1.62 1.95 2.14 1.99 1.82 1.86 1.86 1.75 1.90 2.25 2.31 2.15 2.05 1.87 1.62 1.62 1.76
0.88 0.89 0.91 0.93 1.09 1.14 1.08 1.05 1.16 1.37 1.65 2.05 2.84 5.30 6.42 5.38 4.46 3.86 3.25 3.24 3.28 2.94 2.69 2.57 2.39 2.38 2.54 2.92 3.14 2.78 2.27 2.22 2.38 2.41 2.42 2.28 2.01 1.97 2.46 3.01 2.50 1.61 1.10 0.77 0.61 0.62 0.53 0.39 0.37 0.42 0.44 0.48 0.49 0.48 0.49 0.65 0.95 1.19 1.24 1.26 1.29 1.32 1.35 1.27 1.25 1.35 1.49 1.71 1.99 2.24 2.25 2.06 2.00 1.94 1.82 1.83 2.13 2.24 2.11 2.17 2.10 1.75 1.88 1.96
0.88 0.86 0.85 0.97 1.10 1.08 1.02 1.09 1.27 1.52 1.93 2.74 4.72 6.76 6.37 4.63 3.80 3.32 2.95 3.11 3.37 3.15 2.85 2.60 2.42 2.46 2.66 2.89 2.91 2.55 2.20 2.43 2.59 2.38 2.40 2.22 1.99 2.24 2.66 2.77 1.97 1.07 0.83 0.68 0.63 0.69 0.64 0.52 0.49 0.52 0.55 0.60 0.58 0.60 0.73 0.93 1.14 1.23 1.25 1.29 1.29 1.35 1.34 1.19 1.19 1.36 1.54 1.80 2.04 2.24 2.43 2.44 2.23 2.06 1.95 1.88 1.97 2.13 2.08 2.23 2.33 2.25 2.41 2.20
0.90 0.87 0.94 1.10 1.10 1.05 1.15 1.31 1.42 1.84 2.43 3.71 6.47 6.95 4.89 3.58 3.32 3.05 2.75 3.03 3.44 3.35 2.99 2.72 2.59 2.67 2.79 2.80 2.75 2.46 2.24 2.52 2.57 2.42 2.61 2.44 2.20 2.38 2.41 2.03 1.28 0.86 0.78 0.67 0.66 0.74 0.72 0.63 0.61 0.64 0.69 0.72 0.71 0.80 1.03 1.17 1.21 1.23 1.28 1.29 1.32 1.41 1.32 1.12 1.14 1.39 1.64 1.88 2.08 2.29 2.53 2.64 2.44 2.17 2.09 1.90 1.79 2.01 2.15 2.34 2.68 2.76 2.47 2.06
0.89 0.87 0.99 1.04 1.00 1.11 1.40 1.54 1.70 2.47 3.30 5.39 7.02 5.46 3.48 3.16 3.09 3.03 2.97 3.27 3.55 3.41 3.09 2.95 2.89 2.90 2.88 2.70 2.61 2.45 2.36 2.50 2.55 2.68 2.88 2.58 2.26 2.15 1.76 1.12 0.80 0.78 0.78 0.71 0.72 0.78 0.75 0.72 0.74 0.77 0.81 0.91 0.98 1.10 1.28 1.29 1.23 1.25 1.30 1.34 1.42 1.49 1.35 1.18 1.28 1.59 1.88 2.04 2.19 2.47 2.62 2.63 2.62 2.53 2.32 1.85 1.59 1.88 2.25 2.57 3.00 2.85 2.07 1.64
0.90 0.82 0.89 0.92 1.01 1.27 1.53 1.71 2.19 2.87 4.07 6.57 6.68 3.77 2.97 3.04 3.06 3.36 3.55 3.64 3.58 3.34 3.15 3.16 3.16 3.07 2.89 2.57 2.44 2.46 2.49 2.61 2.70 2.85 2.95 2.58 2.06 1.64 1.03 0.49 0.56 0.77 0.81 0.76 0.78 0.82 0.80 0.81 0.87 0.88 0.93 1.17 1.39 1.41 1.44 1.32 1.24 1.31 1.36 1.45 1.57 1.57 1.46 1.41 1.62 1.97 2.19 2.28 2.41 2.57 2.59 2.56 2.83 2.91 2.39 1.76 1.53 1.82 2.35 2.87 3.01 2.67 2.19 1.84
0.98 0.85 0.91 1.03 1.17 1.37 1.60 1.91 2.47 2.88 4.53 6.22 5.16 3.32 3.06 3.13 3.31 3.83 3.99 3.54 3.24 3.20 3.25 3.33 3.24 3.06 2.80 2.57 2.53 2.66 2.76 2.91 2.85 2.72 2.91 2.56 1.67 0.92 0.41 0.30 0.51 0.75 0.84 0.83 0.84 0.87 0.89 0.92 0.97 1.00 1.12 1.51 1.82 1.81 1.64 1.33 1.25 1.40 1.46 1.57 1.65 1.65 1.63 1.67 1.86 2.10 2.28 2.38 2.40 2.43 2.45 2.59 3.01 2.95 2.18 1.70 1.67 1.84 2.47 2.97 2.68 2.45 2.55 2.13
1.08 0.97 1.08 1.20 1.25 1.39 1.72 2.11 2.53 2.75 4.20 6.01 4.99 3.57 3.36 3.25 3.55 4.13 3.90 3.01 2.93 3.13 3.31 3.44 3.19 2.80 2.59 2.66 2.78 2.88 2.99 3.11 2.80 2.51 2.75 2.27 1.20 0.55 0.35 0.43 0.57 0.75 0.86 0.90 0.90 0.94 0.99 1.01 1.04 1.16 1.44 1.85 2.17 2.19 1.78 1.31 1.32 1.46 1.54 1.70 1.78 1.78 1.78 1.82 1.85 2.04 2.31 2.38 2.31 2.28 2.35 2.64 3.07 2.93 2.10 1.66 1.69 1.82 2.52 2.82 2.33 2.50 2.74 1.92
1.06 1.02 1.20 1.30 1.36 1.55 1.92 2.30 2.71 2.81 3.68 6.21 6.03 4.06 3.54 3.32 3.68 4.11 3.37 2.79 2.99 3.20 3.37 3.39 3.06 2.77 2.73 2.87 2.88 2.79 2.91 3.00 2.60 2.29 2.28 1.69 0.97 0.57 0.50 0.56 0.67 0.79 0.90 0.96 0.97 1.00 1.07 1.07 1.13 1.42 1.80 2.15 2.46 2.40 1.86 1.45 1.47 1.55 1.75 2.03 2.03 1.93 1.92 1.86 1.79 2.04 2.37 2.31 2.22 2.28 2.34 2.60 3.06 2.93 2.12 1.60 1.59 1.85 2.48 2.64 2.41 2.84 2.61 1.29
0.97 1.05 1.32 1.47 1.63 1.92 2.19 2.59 3.08 3.07 4.23 6.82 6.33 4.10 3.53 3.47 3.75 3.82 3.13 2.93 3.19 3.28 3.36 3.23 3.01 3.02 3.02 2.99 2.87 2.64 2.64 2.67 2.26 1.81 1.44 1.21 0.86 0.63 0.58 0.64 0.75 0.85 0.96 1.04 1.06 1.07 1.11 1.15 1.34 1.71 2.04 2.40 2.73 2.57 2.14 1.88 1.78 1.84 2.16 2.34 2.18 2.03 1.98 1.92 1.97 2.24 2.41 2.28 2.23 2.36 2.39 2.52 2.96 2.95 2.18 1.58 1.62 2.00 2.33 2.52 2.88 2.90 1.90 0.94
0.97 1.11 1.36 1.54 1.84 2.17 2.34 2.83 3.39 4.08 6.22 7.17 5.26 3.47 3.22 3.34 3.59 3.43 3.07 3.07 3.21 3.24 3.16 3.06 3.08 3.26 3.18 3.05 3.01 2.61 2.28 2.30 1.83 1.09 0.87 0.97 0.85 0.67 0.61 0.67 0.79 0.89 0.98 1.07 1.14 1.14 1.15 1.29 1.63 1.92 2.19 2.65 2.99 2.77 2.43 2.23 2.10 2.20 2.36 2.40 2.19 2.01 2.00 2.10 2.30 2.50 2.60 2.61 2.63 2.65 2.66 2.68 2.89 2.92 2.24 1.69 1.95 2.46 2.52 2.75 3.08 2.22 1.10 0.72
1.00 1.10 1.31 1.59 1.90 2.15 2.31 2.77 4.04 5.64 6.72 5.78 3.79 3.04 2.87 2.96 3.19 3.16 2.98 3.02 3.12 3.07 2.88 2.87 3.22 3.42 3.35 3.26 3.12 2.50 1.94 1.94 1.62 0.92 0.71 0.85 0.86 0.72 0.64 0.68 0.81 0.93 0.98 1.07 1.21 1.22 1.23 1.52 1.87 2.05 2.32 2.85 3.16 3.03 2.76 2.61 2.45 2.36 2.45 2.45 2.21 2.06 2.15 2.34 2.50 2.67 2.84 2.94 3.00 3.13 3.23 3.11 2.98 2.76 2.26 2.07 2.71 3.24 3.09 3.07 2.63 1.20 0.76 0.77
1.20 1.34 1.55 1.75 2.04 2.40 2.57 3.07 5.11 6.20 5.47 4.03 3.32 2.96 2.78 2.83 2.97 2.99 2.89 2.90 2.97 2.86 2.55 2.68 3.31 3.66 3.55 3.25 2.81 2.22 1.60 1.41 1.38 0.94 0.72 0.80 0.86 0.78 0.71 0.72 0.83 0.98 1.04 1.10 1.24 1.32 1.40 1.73 2.00 2.11 2.42 2.95 3.29 3.40 3.30 2.99 2.66 2.42 2.48 2.45 2.25 2.23 2.35 2.52 2.68 2.85 2.97 2.96 3.01 3.27 3.40 3.12 2.75 2.44 2.29 2.72 3.52 3.43 2.65 2.31 1.53 0.67 0.75 0.91
1.53 1.69 1.84 1.97 2.57 2.98 2.84 3.53 5.98 6.30 4.38 3.46 3.20 2.88 2.76 2.73 2.71 2.77 2.91 2.91 2.77 2.60 2.32 2.49 3.21 3.90 3.87 2.85 2.18 1.77 1.15 1.02 1.12 0.97 0.81 0.78 0.84 0.82 0.77 0.76 0.85 1.04 1.13 1.13 1.26 1.49 1.67 1.85 2.02 2.18 2.46 2.97 3.45 3.81 3.81 3.29 2.86 2.61 2.48 2.43 2.32 2.35 2.52 2.73 2.95 3.02 2.99 2.90 2.91 3.20 3.37 2.89 2.28 2.13 2.43 3.27 3.63 2.72 1.56 1.23 0.77 0.46 0.75 0.99
1.69 1.77 1.90 2.25 2.78 2.89 2.65 3.77 6.38 6.05 3.75 3.18 3.09 2.88 2.79 2.66 2.53 2.66 2.87 2.83 2.57 2.33 2.17 2.36 2.92 3.84 4.28 3.22 1.97 1.54 1.11 0.91 0.96 0.99 0.91 0.77 0.78 0.80 0.80 0.82 0.92 1.12 1.23 1.19 1.31 1.71 1.98 1.93 1.99 2.23 2.47 2.94 3.61 4.11 4.13 3.56 3.07 2.76 2.62 2.60 2.45 2.48 2.75 3.00 3.13 3.05 2.96 2.93 3.00 3.39 3.53 2.77 2.00 2.07 2.68 3.48 3.30 1.84 0.97 0.73 0.44 0.38 0.66 1.06
