windninja/windninja_output/Output_2025-10-23_1000-1050_Google earth_Fire_150m_10min/merlingen_7.5mi_point_10-23-2025_1020_150m_vel.asc
ncols	158
nrows	163
xllcorner	391686.332397
yllcorner	5160024.123721
cellsize	150.000000
NODATA_value	-32768.000000
[rows 37 to 73 of 163, columns 0 to 83 of 158]
10.06 10.11 10.16 9.96 9.44 9.06 8.97 8.91 8.87 8.91 8.90 8.76 8.63 8.59 8.59 8.54 8.43 8.33 8.24 8.18 8.15 8.09 8.01 7.95 7.87 7.70 7.41 7.00 7.75 10.16 11.18 11.06 10.81 9.91 8.76 6.95 5.04 4.01 4.01 4.21 4.32 4.76 5.21 5.60 6.19 6.35 6.01 5.93 5.70 5.62 6.07 6.25 6.19 6.30 6.42 6.29 6.06 5.92 5.85 5.96 5.84 5.04 4.58 4.63 4.65 4.97 5.86 6.44 5.75 4.17 3.13 3.23 3.93 4.28 3.96 3.53 3.45 3.40 3.35 3.39 3.10 2.78 2.74 2.86
10.21 10.24 10.14 9.73 9.28 9.07 8.97 8.92 8.98 9.11 9.06 8.81 8.68 8.71 8.68 8.58 8.47 8.39 8.32 8.31 8.27 8.18 8.12 8.10 8.02 7.86 7.66 7.92 9.40 10.83 10.60 9.99 9.48 8.67 7.94 6.04 3.60 3.26 4.27 4.78 5.13 5.64 6.10 6.49 6.85 6.88 6.75 6.64 6.39 6.68 7.26 7.26 6.87 6.65 6.86 6.96 6.76 6.63 6.64 6.71 6.49 5.82 5.23 4.80 4.53 4.87 6.01 6.09 4.51 3.39 3.63 4.72 5.32 4.69 3.67 3.48 3.84 3.84 3.71 3.63 3.28 2.98 2.90 3.13
10.18 10.15 9.86 9.47 9.21 9.05 8.96 9.09 9.26 9.28 9.05 8.77 8.73 8.79 8.76 8.63 8.53 8.46 8.42 8.41 8.34 8.26 8.23 8.18 8.09 7.96 8.02 8.63 9.51 9.71 9.31 9.02 8.55 7.99 7.06 4.78 3.40 4.35 5.21 5.47 5.82 6.33 6.98 7.38 7.43 7.43 7.33 7.07 7.00 7.41 7.87 7.91 7.80 8.00 8.41 8.41 8.17 7.97 7.81 7.62 7.04 6.08 5.19 4.66 4.49 4.89 6.02 5.64 3.98 3.88 5.05 5.67 5.04 3.79 3.34 3.95 4.45 4.24 4.09 4.03 3.64 3.16 2.99 3.32
10.05 10.08 9.73 9.42 9.27 9.14 9.19 9.41 9.46 9.24 8.94 8.84 8.89 8.93 8.86 8.73 8.63 8.58 8.54 8.49 8.45 8.39 8.29 8.22 8.19 8.12 8.24 8.52 8.53 8.58 8.86 8.56 7.80 7.16 5.82 4.12 4.15 5.19 5.81 6.29 6.80 7.44 8.05 7.95 7.72 7.91 7.94 7.78 7.70 7.78 8.20 8.66 9.01 9.32 9.18 8.71 8.27 7.82 7.40 6.82 5.77 4.73 4.31 4.43 4.63 5.13 5.93 5.41 4.55 5.29 5.70 4.77 3.59 3.06 3.52 4.73 4.96 4.51 4.27 4.04 3.71 3.53 3.52 3.71
9.85 9.90 9.67 9.45 9.31 9.29 9.46 9.59 9.47 9.15 8.97 9.04 9.05 8.99 8.91 8.80 8.70 8.67 8.63 8.60 8.57 8.42 8.25 8.25 8.25 8.15 8.20 8.21 8.09 8.43 8.79 8.15 7.29 6.52 5.29 4.64 4.95 5.53 6.46 7.59 8.47 9.14 9.01 8.50 8.71 9.25 9.18 8.75 8.37 8.37 9.01 9.46 9.19 8.51 7.76 7.05 6.29 5.71 5.39 4.74 3.90 3.51 4.06 4.84 5.12 5.53 6.02 5.97 6.07 6.15 5.01 3.82 3.57 3.62 4.41 5.38 4.98 4.32 3.93 3.59 3.38 3.56 3.91 4.19
9.61 9.62 9.49 9.34 9.32 9.51 9.63 9.55 9.41 9.21 9.12 9.16 9.12 9.03 8.95 8.85 8.75 8.70 8.68 8.67 8.56 8.34 8.24 8.29 8.25 8.12 8.10 8.10 8.20 8.56 8.54 7.84 7.11 6.36 5.72 5.60 6.03 7.21 8.47 9.13 9.39 9.19 8.79 9.26 9.91 9.64 8.65 7.64 7.28 7.77 8.82 8.91 7.68 6.58 6.06 5.53 4.68 4.05 3.72 3.47 3.31 3.66 4.67 5.35 5.68 6.34 6.97 7.44 7.29 6.12 4.73 4.41 4.71 4.81 5.52 5.69 4.62 3.95 3.61 3.44 3.42 3.54 3.93 4.67
9.35 9.34 9.23 9.24 9.49 9.74 9.63 9.45 9.39 9.27 9.18 9.18 9.15 9.02 8.92 8.83 8.73 8.69 8.71 8.68 8.49 8.33 8.32 8.31 8.23 8.13 8.11 8.19 8.28 8.27 8.01 7.57 7.07 6.63 6.40 6.49 7.42 8.91 9.40 9.05 8.48 8.09 8.58 9.44 8.96 7.36 6.31 6.00 6.37 7.39 8.57 8.24 6.56 5.53 5.17 4.65 3.89 3.31 3.12 3.35 3.76 4.39 5.10 5.49 6.32 7.58 8.36 8.43 7.58 6.52 6.06 6.19 6.19 6.18 6.36 5.66 4.45 3.81 3.45 3.33 3.47 3.86 4.62 5.58
9.04 8.97 8.96 9.28 9.61 9.60 9.40 9.36 9.37 9.28 9.19 9.18 9.12 8.97 8.89 8.83 8.76 8.78 8.81 8.70 8.51 8.41 8.37 8.29 8.22 8.17 8.23 8.29 8.14 7.92 7.76 7.55 7.22 6.93 6.78 7.14 8.15 8.70 8.20 7.60 7.38 7.99 8.98 8.80 7.00 5.38 5.16 5.89 7.21 8.60 8.91 7.63 5.87 4.91 4.39 3.88 3.32 3.02 3.30 4.01 4.67 5.20 5.53 6.03 7.44 8.50 8.47 7.88 6.93 6.58 6.79 6.85 6.70 6.54 6.01 4.92 4.04 3.58 3.27 3.25 3.64 4.51 5.49 5.55
8.68 8.74 9.02 9.42 9.46 9.30 9.30 9.37 9.32 9.24 9.19 9.16 9.08 8.98 8.94 8.91 8.91 8.93 8.86 8.70 8.54 8.45 8.34 8.26 8.26 8.30 8.29 8.12 7.91 7.81 7.77 7.65 7.43 7.16 7.08 7.45 7.82 7.71 7.36 7.19 7.57 8.45 8.82 7.62 5.63 5.01 5.74 7.17 8.77 9.13 7.85 6.03 4.70 3.81 3.40 3.20 2.97 3.24 4.17 5.11 5.68 6.15 6.72 7.72 8.83 8.75 7.72 6.59 5.47 5.12 5.37 5.45 5.37 5.14 4.51 3.81 3.40 3.30 3.38 3.83 4.59 5.23 5.16 4.04
8.54 8.78 9.18 9.24 9.05 9.08 9.26 9.29 9.23 9.22 9.24 9.19 9.08 9.02 9.00 9.00 8.98 8.91 8.78 8.63 8.53 8.39 8.29 8.29 8.33 8.29 8.10 7.90 7.82 7.78 7.72 7.63 7.49 7.32 7.33 7.42 7.43 7.49 7.58 7.63 7.87 8.24 8.09 6.55 4.94 5.40 7.00 8.66 9.12 7.76 5.95 4.66 3.59 2.95 2.84 2.90 3.20 4.17 5.50 6.38 6.84 7.45 8.37 9.01 8.93 8.02 6.66 5.39 4.44 4.21 4.25 4.16 4.04 3.78 3.43 3.19 3.11 3.22 3.68 4.29 4.67 4.51 3.64 2.63
8.56 8.80 8.98 8.73 8.56 8.85 9.15 9.18 9.17 9.21 9.25 9.18 9.05 9.00 9.01 8.99 8.92 8.81 8.70 8.59 8.45 8.28 8.25 8.29 8.28 8.14 7.96 7.88 7.83 7.77 7.67 7.55 7.41 7.31 7.24 7.19 7.37 7.64 7.66 7.58 7.66 7.93 7.47 5.89 5.25 6.50 8.20 8.88 7.84 5.98 4.75 3.65 2.90 2.95 3.04 3.35 4.37 5.67 6.97 7.62 7.78 8.26 8.64 8.31 7.61 6.66 5.37 4.49 4.04 3.95 3.88 3.63 3.40 3.10 2.82 2.72 2.83 3.04 3.40 3.68 3.63 3.22 2.74 2.46
8.47 8.59 8.53 8.17 8.17 8.76 9.13 9.12 9.11 9.15 9.16 9.04 8.93 8.92 8.94 8.90 8.79 8.70 8.61 8.49 8.35 8.28 8.29 8.25 8.18 8.06 7.96 7.90 7.82 7.73 7.63 7.52 7.44 7.38 7.22 7.15 7.39 7.54 7.42 7.36 7.50 7.54 6.76 5.76 6.25 7.79 8.69 8.09 6.51 4.94 3.65 2.78 2.74 3.11 3.41 4.26 5.77 7.34 8.46 8.42 8.03 7.95 7.62 6.95 6.37 5.59 4.66 4.09 3.77 3.58 3.45 3.26 3.00 2.64 2.36 2.37 2.59 2.86 3.07 3.18 3.13 2.99 2.92 2.88
8.37 8.36 8.07 7.65 7.95 8.79 9.14 9.12 9.08 9.11 9.07 8.92 8.86 8.88 8.87 8.82 8.72 8.64 8.56 8.43 8.33 8.33 8.30 8.23 8.18 8.10 7.98 7.88 7.79 7.70 7.62 7.56 7.52 7.45 7.33 7.31 7.48 7.53 7.39 7.31 7.29 7.03 6.47 6.26 7.03 8.17 8.14 6.83 5.37 3.86 2.77 2.76 3.39 3.96 4.60 5.71 7.38 8.91 8.98 7.92 7.16 6.82 6.49 6.26 5.90 5.20 4.41 3.83 3.49 3.31 3.20 3.02 2.70 2.31 2.19 2.41 2.79 3.11 3.27 3.33 3.34 3.37 3.33 3.22
8.25 8.11 7.70 7.52 8.30 9.14 9.22 9.18 9.09 9.04 8.97 8.88 8.89 8.88 8.83 8.77 8.71 8.61 8.52 8.43 8.40 8.38 8.30 8.21 8.21 8.12 7.95 7.84 7.76 7.69 7.63 7.57 7.50 7.41 7.34 7.37 7.49 7.49 7.32 7.14 7.03 6.99 6.85 6.78 7.36 7.94 7.19 5.61 4.02 2.64 2.28 3.21 4.44 5.23 6.07 7.47 9.05 9.26 7.88 6.36 5.60 5.36 5.67 6.17 5.83 4.92 4.12 3.54 3.21 3.02 2.87 2.63 2.31 2.12 2.24 2.61 3.01 3.24 3.34 3.41 3.53 3.56 3.44 3.32
7.99 7.75 7.39 7.73 8.95 9.50 9.26 9.21 9.11 9.03 8.93 8.88 8.86 8.77 8.71 8.68 8.66 8.55 8.47 8.46 8.43 8.37 8.26 8.19 8.17 8.03 7.85 7.78 7.73 7.67 7.61 7.53 7.45 7.38 7.34 7.33 7.31 7.23 7.10 6.93 6.91 7.15 7.11 6.99 7.35 7.40 6.24 4.42 2.98 2.43 2.99 4.43 5.39 5.95 7.00 8.73 9.29 7.92 6.04 4.95 4.46 4.53 5.62 6.43 5.67 4.57 3.87 3.36 3.04 2.82 2.62 2.40 2.21 2.22 2.44 2.72 2.91 3.06 3.27 3.51 3.55 3.34 3.17 3.20
7.62 7.41 7.33 7.99 9.06 9.21 8.88 9.07 9.24 9.05 8.83 8.78 8.69 8.58 8.55 8.59 8.59 8.46 8.43 8.45 8.35 8.22 8.14 8.12 8.05 7.90 7.78 7.74 7.70 7.64 7.56 7.48 7.41 7.35 7.30 7.27 7.20 7.13 7.05 6.85 6.87 7.24 7.28 7.10 7.04 6.68 5.32 3.72 3.40 4.18 5.32 6.11 6.42 6.81 8.01 9.05 8.12 6.12 4.72 4.10 4.09 4.66 6.08 6.62 5.44 4.37 3.74 3.22 2.91 2.75 2.63 2.52 2.46 2.51 2.63 2.72 2.76 2.87 3.15 3.40 3.30 3.11 3.08 3.12
7.43 7.49 7.84 8.54 9.22 9.12 8.75 8.96 9.03 8.63 8.47 8.52 8.46 8.44 8.52 8.57 8.50 8.38 8.36 8.31 8.19 8.11 8.10 8.07 7.95 7.82 7.76 7.72 7.66 7.59 7.51 7.44 7.38 7.32 7.27 7.21 7.16 7.10 7.02 6.87 6.99 7.43 7.44 6.98 6.49 5.96 4.92 4.18 4.93 5.98 6.40 6.49 6.71 7.40 8.47 8.51 6.73 4.91 4.02 3.93 4.32 5.12 6.45 6.67 5.37 4.31 3.68 3.20 2.97 2.92 2.91 2.85 2.72 2.66 2.68 2.71 2.71 2.78 3.01 3.12 3.04 3.16 3.35 3.32
7.50 7.79 8.36 8.89 9.29 9.11 8.70 8.63 8.47 8.16 8.14 8.25 8.27 8.37 8.49 8.50 8.40 8.33 8.27 8.18 8.13 8.09 8.06 7.99 7.88 7.80 7.74 7.68 7.61 7.54 7.46 7.40 7.34 7.28 7.22 7.16 7.09 7.01 6.95 6.90 7.10 7.40 7.10 6.35 5.77 5.54 5.09 5.07 6.00 6.37 6.02 6.08 6.55 7.26 8.16 7.65 5.63 4.22 3.97 4.37 4.87 5.70 6.85 6.73 5.36 4.36 3.82 3.49 3.41 3.41 3.25 2.89 2.60 2.58 2.71 2.77 2.76 2.88 3.16 3.21 3.24 3.52 3.72 3.67
7.48 7.75 8.07 8.14 8.17 8.02 7.79 7.82 7.95 8.01 8.03 8.04 8.14 8.30 8.35 8.29 8.23 8.21 8.18 8.13 8.10 8.04 7.99 7.91 7.81 7.74 7.68 7.63 7.56 7.49 7.43 7.37 7.29 7.23 7.16 7.09 7.02 6.95 6.89 6.87 6.95 6.90 6.40 5.78 5.57 5.59 5.55 5.91 6.38 6.07 5.66 6.15 6.64 7.14 7.94 6.88 4.74 3.99 4.33 4.98 5.68 6.59 7.16 6.57 5.19 4.21 3.77 3.57 3.58 3.43 2.95 2.48 2.48 2.72 2.89 2.90 2.94 3.22 3.52 3.59 3.72 3.86 3.81 3.65
7.37 7.50 7.58 7.39 7.26 7.24 7.15 7.26 7.59 7.95 8.04 7.94 8.05 8.23 8.18 8.12 8.12 8.09 8.07 8.01 7.98 7.96 7.91 7.85 7.76 7.69 7.64 7.57 7.50 7.44 7.37 7.30 7.23 7.17 7.10 7.02 6.95 6.88 6.82 6.77 6.69 6.48 6.15 5.91 5.92 6.00 6.15 6.30 6.18 5.70 5.54 6.19 6.50 7.08 7.65 6.02 4.26 4.19 4.87 5.72 6.53 7.05 6.92 6.02 4.64 3.68 3.31 3.16 3.02 2.64 2.29 2.46 2.90 3.13 3.19 3.19 3.33 3.69 3.92 3.96 3.94 3.81 3.61 3.45
7.21 7.29 7.38 7.37 7.44 7.45 7.36 7.36 7.67 8.34 8.44 8.10 8.08 8.12 7.99 8.01 8.05 8.00 7.95 7.89 7.91 7.90 7.84 7.80 7.71 7.63 7.57 7.50 7.44 7.38 7.32 7.24 7.17 7.10 7.03 6.96 6.88 6.81 6.75 6.65 6.54 6.40 6.26 6.16 6.14 6.19 6.16 5.99 5.78 5.43 5.38 5.91 6.25 6.94 7.17 5.44 4.38 4.82 5.76 6.55 6.89 6.77 6.26 5.33 4.12 3.35 3.02 2.80 2.49 2.24 2.47 3.03 3.32 3.41 3.48 3.60 3.86 4.21 4.33 4.19 3.95 3.70 3.45 3.19
7.16 7.19 7.22 7.24 7.36 7.49 7.61 7.73 8.17 8.78 8.50 7.93 7.79 7.79 7.80 7.89 7.92 7.90 7.87 7.85 7.83 7.75 7.74 7.75 7.64 7.54 7.49 7.43 7.37 7.31 7.24 7.18 7.11 7.04 6.97 6.89 6.81 6.74 6.66 6.57 6.47 6.36 6.25 6.16 6.12 6.03 5.82 5.64 5.49 5.21 5.10 5.57 6.29 6.97 6.82 5.31 4.62 5.29 6.27 6.72 6.60 6.24 5.69 4.85 3.88 3.24 2.96 2.75 2.57 2.71 3.12 3.40 3.49 3.62 3.77 3.95 4.29 4.55 4.46 4.17 3.85 3.56 3.25 2.87
7.01 6.99 6.96 6.92 6.94 7.11 7.41 7.78 8.23 8.32 7.76 7.25 7.30 7.66 7.87 7.84 7.79 7.78 7.78 7.77 7.72 7.70 7.75 7.68 7.52 7.45 7.41 7.36 7.30 7.25 7.18 7.11 7.04 6.97 6.90 6.82 6.75 6.67 6.59 6.49 6.40 6.31 6.21 6.13 6.04 5.91 5.74 5.59 5.43 5.21 5.10 5.65 6.59 6.96 6.47 5.14 4.68 5.55 6.36 6.42 6.11 5.72 5.16 4.44 3.69 3.22 3.04 2.85 2.77 3.04 3.34 3.46 3.64 3.88 4.04 4.20 4.47 4.44 4.05 3.67 3.40 3.21 3.00 2.74
6.73 6.67 6.62 6.62 6.65 6.83 7.11 7.50 7.78 7.74 7.48 7.24 7.52 8.04 8.04 7.81 7.71 7.71 7.75 7.73 7.71 7.77 7.77 7.58 7.41 7.34 7.30 7.27 7.23 7.18 7.11 7.04 6.98 6.91 6.83 6.75 6.68 6.60 6.52 6.43 6.34 6.26 6.17 6.08 5.98 5.86 5.74 5.62 5.53 5.42 5.38 5.83 6.58 6.68 5.96 4.89 4.89 5.85 6.26 6.01 5.57 5.08 4.56 4.05 3.57 3.23 2.92 2.59 2.65 3.08 3.38 3.56 3.86 4.08 4.18 4.35 4.41 4.03 3.50 3.15 2.96 2.85 2.70 2.53
6.51 6.45 6.38 6.42 6.55 6.77 7.05 7.45 7.72 7.74 7.71 7.70 7.99 8.16 7.90 7.78 7.78 7.76 7.76 7.65 7.62 7.65 7.54 7.35 7.24 7.19 7.21 7.20 7.16 7.11 7.04 6.97 6.90 6.83 6.76 6.69 6.61 6.53 6.45 6.37 6.29 6.20 6.11 6.02 5.92 5.82 5.75 5.67 5.62 5.59 5.51 5.67 6.20 6.22 5.34 4.60 5.11 5.87 5.84 5.45 4.96 4.52 4.21 3.89 3.51 3.16 2.71 2.45 2.76 3.35 3.61 3.81 4.08 4.21 4.24 4.27 4.03 3.54 3.19 2.98 2.81 2.62 2.40 2.27
6.22 6.14 6.11 6.26 6.52 6.87 7.30 7.68 7.77 7.72 7.75 7.76 7.84 7.75 7.63 7.74 7.76 7.74 7.67 7.52 7.53 7.47 7.30 7.16 7.07 7.09 7.15 7.16 7.11 7.03 6.96 6.90 6.84 6.76 6.69 6.62 6.55 6.47 6.39 6.31 6.23 6.15 6.06 5.97 5.88 5.81 5.74 5.69 5.64 5.61 5.48 5.53 5.99 5.88 4.97 4.68 5.39 5.75 5.48 5.09 4.67 4.43 4.27 3.91 3.46 3.03 2.57 2.65 3.24 3.69 3.83 4.01 4.22 4.27 4.20 4.00 3.58 3.23 3.06 2.90 2.72 2.52 2.32 2.27
5.82 5.71 5.74 6.04 6.47 7.00 7.43 7.64 7.65 7.61 7.60 7.56 7.51 7.49 7.55 7.65 7.67 7.67 7.61 7.55 7.49 7.31 7.18 7.09 7.05 7.10 7.18 7.15 7.02 6.93 6.88 6.83 6.76 6.69 6.62 6.55 6.48 6.40 6.33 6.25 6.17 6.09 6.00 5.92 5.84 5.78 5.72 5.66 5.61 5.56 5.48 5.58 5.90 5.76 5.13 5.06 5.59 5.69 5.38 5.12 4.88 4.64 4.14 3.35 2.85 2.47 2.22 2.88 3.67 3.93 3.98 4.12 4.30 4.28 4.07 3.72 3.44 3.29 3.14 2.96 2.79 2.60 2.54 2.73
5.51 5.41 5.57 5.96 6.43 6.80 6.98 7.13 7.28 7.31 7.35 7.52 7.57 7.52 7.51 7.62 7.72 7.66 7.59 7.56 7.38 7.14 7.05 7.04 7.00 7.03 7.12 7.02 6.86 6.85 6.82 6.75 6.68 6.62 6.55 6.48 6.41 6.34 6.26 6.18 6.11 6.03 5.95 5.87 5.80 5.73 5.67 5.61 5.55 5.50 5.49 5.54 5.71 5.70 5.25 5.17 5.64 5.71 5.46 5.34 4.93 4.07 2.98 2.27 2.32 2.38 2.74 3.55 3.97 4.04 4.10 4.23 4.35 4.20 3.87 3.65 3.61 3.58 3.41 3.18 2.95 2.82 2.95 3.30
5.73 5.65 5.88 6.29 6.63 6.75 6.72 6.77 6.84 6.85 7.15 7.58 7.51 7.33 7.42 7.56 7.55 7.42 7.40 7.39 7.21 7.04 7.03 6.98 6.87 6.96 7.05 6.90 6.82 6.84 6.76 6.67 6.60 6.54 6.47 6.41 6.34 6.27 6.20 6.12 6.05 5.97 5.89 5.81 5.75 5.68 5.61 5.55 5.49 5.45 5.44 5.44 5.53 5.52 5.15 5.16 5.65 5.75 5.52 5.18 4.14 2.67 2.10 2.55 3.24 3.60 3.96 4.14 4.06 4.02 4.10 4.22 4.26 3.98 3.72 3.73 3.78 3.66 3.38 3.09 2.94 3.06 3.45 4.02
6.00 6.08 6.31 6.45 6.63 6.94 7.09 7.13 7.16 7.24 7.67 7.85 7.37 7.18 7.39 7.41 7.27 7.15 7.22 7.36 7.31 7.15 7.06 6.96 6.91 7.00 6.99 6.84 6.80 6.76 6.65 6.57 6.52 6.46 6.40 6.34 6.27 6.20 6.13 6.06 5.98 5.91 5.83 5.76 5.69 5.62 5.55 5.49 5.43 5.39 5.36 5.33 5.33 5.25 5.08 5.19 5.53 5.55 5.19 4.48 3.20 2.50 3.12 3.99 4.37 4.43 4.36 4.12 3.96 3.98 4.02 4.10 4.10 3.88 3.78 3.78 3.68 3.41 3.12 3.07 3.34 3.88 4.64 5.56
6.44 6.93 7.38 7.16 7.12 7.60 7.72 7.46 7.36 7.66 8.03 7.76 7.37 7.35 7.24 7.08 7.08 7.11 7.25 7.41 7.31 7.16 7.15 7.13 7.01 6.87 6.67 6.53 6.52 6.52 6.48 6.44 6.42 6.38 6.33 6.27 6.21 6.14 6.07 5.99 5.92 5.84 5.77 5.70 5.63 5.56 5.49 5.43 5.37 5.32 5.26 5.21 5.16 5.07 5.01 5.05 5.12 4.96 4.56 3.90 3.09 3.23 4.01 4.47 4.51 4.38 4.10 3.85 3.82 3.91 3.93 3.97 3.95 3.79 3.68 3.59 3.43 3.22 3.19 3.56 4.22 4.95 5.70 6.00
7.15 7.81 8.72 9.21 9.60 9.76 9.16 8.26 7.72 8.02 8.16 7.69 7.51 7.45 7.15 6.99 7.08 7.20 7.29 7.18 6.86 6.84 7.11 7.19 7.03 6.67 6.28 6.25 6.33 6.38 6.38 6.36 6.36 6.31 6.25 6.20 6.14 6.07 6.00 5.92 5.85 5.78 5.71 5.63 5.56 5.49 5.43 5.36 5.30 5.24 5.18 5.11 5.04 4.97 4.91 4.84 4.72 4.49 4.21 3.81 3.35 3.57 4.09 4.33 4.30 4.04 3.78 3.76 3.88 3.94 3.83 3.75 3.73 3.54 3.31 3.24 3.16 3.05 3.25 3.79 4.39 4.93 5.12 4.45
7.10 7.21 7.76 8.86 9.75 9.91 9.64 9.36 9.43 9.93 9.96 9.44 8.91 8.35 7.89 7.63 7.42 7.26 7.07 6.78 6.60 6.66 6.76 6.85 6.66 6.06 5.88 6.24 6.37 6.37 6.34 6.30 6.28 6.23 6.18 6.13 6.08 6.00 5.93 5.86 5.78 5.71 5.64 5.57 5.50 5.42 5.36 5.29 5.22 5.16 5.09 5.02 4.94 4.87 4.78 4.68 4.53 4.34 4.14 3.87 3.60 3.70 4.00 4.10 3.88 3.53 3.49 3.72 3.87 3.80 3.55 3.53 3.67 3.46 3.19 3.05 2.88 2.88 3.18 3.69 4.05 4.11 3.62 3.04
6.53 6.33 6.09 6.20 6.50 6.54 6.82 7.78 9.15 9.99 9.87 9.43 9.04 8.63 8.26 7.95 7.60 7.22 6.82 6.54 6.49 6.46 6.48 6.49 5.86 5.37 5.90 6.51 6.56 6.46 6.34 6.26 6.23 6.17 6.11 6.07 6.01 5.94 5.87 5.79 5.72 5.64 5.57 5.49 5.42 5.36 5.29 5.22 5.15 5.08 5.01 4.94 4.86 4.78 4.68 4.57 4.44 4.29 4.11 3.92 3.78 3.77 3.79 3.65 3.40 3.25 3.34 3.44 3.40 3.26 3.25 3.59 3.74 3.38 3.04 2.83 2.77 2.89 3.14 3.38 3.39 3.02 2.56 2.87
6.09 5.88 5.58 5.27 4.98 4.72 4.67 5.43 6.87 7.45 6.31 5.78 5.89 6.14 6.52 6.75 6.82 6.87 6.82 6.63 6.41 6.30 6.39 6.24 5.68 5.74 6.52 6.94 6.80 6.57 6.42 6.29 6.19 6.11 6.03 6.00 5.94 5.86 5.78 5.71 5.64 5.56 5.49 5.42 5.35 5.28 5.21 5.14 5.07 5.01 4.94 4.86 4.78 4.69 4.60 4.49 4.37 4.24 4.11 3.98 3.87 3.78 3.65 3.48 3.33 3.26 3.19 3.11 2.98 2.93 3.19 3.57 3.48 2.94 2.66 2.65 2.78 2.89 2.93 2.79 2.51 2.28 2.48 3.44
5.68 5.59 5.44 5.17 4.91 4.85 4.87 5.21 5.90 5.69 4.29 3.91 4.20 4.48 4.88 5.26 5.66 6.16 6.50 6.56 6.53 6.57 6.55 6.37 6.14 6.23 6.65 6.84 6.67 6.56 6.46 6.27 6.15 6.04 5.96 5.95 5.88 5.78 5.71 5.64 5.57 5.50 5.42 5.34 5.27 5.21 5.14 5.07 5.00 4.93 4.86 4.79 4.72 4.62 4.53 4.43 4.32 4.21 4.09 3.97 3.88 3.77 3.65 3.54 3.44 3.32 3.16 3.05 2.91 2.89 3.01 3.09 2.84 2.31 2.28 2.44 2.63 2.68 2.52 2.27 2.14 2.36 3.15 3.98
5.39 5.32 5.12 4.85 4.85 5.03 5.14 5.34 5.45 4.87 4.26 4.32 4.53 4.69 4.91 5.08 5.33 5.68 5.94 6.13 6.45 6.72 6.76 6.66 6.41 6.29 6.48 6.55 6.43 6.40 6.29 6.18 6.19 6.14 6.06 5.95 5.79 5.69 5.64 5.57 5.50 5.42 5.34 5.26 5.19 5.13 5.06 5.00 4.93 4.87 4.80 4.72 4.64 4.56 4.48 4.38 4.28 4.18 4.07 3.96 3.86 3.76 3.65 3.55 3.45 3.34 3.22 3.11 2.99 2.91 2.84 2.73 2.42 2.08 2.12 2.30 2.46 2.42 2.19 2.11 2.29 2.98 3.97 3.98
