windninja/windninja_output/Output_2025-10-23_1000-1050_Google earth_Fire_150m_10min/merlingen_7.5mi_point_10-23-2025_1050_150m_ang.asc
ncols	158
nrows	163
xllcorner	391686.332397
yllcorner	5160024.123721
cellsize	150.000000
NODATA_value	-32768.000000
[rows 46 to 91 of 163, columns 0 to 95 of 158]
267 268 270 271 271 272 273 273 273 272 272 272 272 271 271 271 271 271 270 270 270 270 270 270 271 271 271 271 272 273 274 274 274 276 278 280 280 279 276 274 271 268 263 256 250 254 260 264 265 261 254 249 245 244 247 248 249 255 261 263 262 262 264 267 266 262 257 250 244 245 248 247 246 242 237 231 221 220 236 250 259 263 261 257 252 252 254 256 255 256 261 269 273 268 262 258
267 269 270 270 269 271 274 274 274 274 273 273 272 272 272 272 272 271 271 270 270 270 270 271 271 271 271 271 272 273 274 274 275 276 279 280 280 281 280 277 275 271 264 256 253 260 266 267 262 256 250 246 243 245 246 248 253 259 265 268 265 264 265 265 264 260 254 249 245 246 248 248 247 244 238 231 226 229 243 254 259 261 259 257 255 256 258 258 257 258 262 266 268 265 261 259
267 268 269 268 268 270 274 276 276 275 274 274 273 273 273 273 272 272 271 271 271 271 271 271 271 271 271 272 272 272 273 274 274 276 278 280 281 281 281 279 277 274 266 259 260 265 267 264 258 251 246 244 246 248 248 251 258 264 267 267 266 264 263 262 262 259 253 249 247 246 248 248 248 244 238 233 232 237 247 255 258 259 259 258 256 257 258 258 260 261 261 261 261 261 260 259
267 268 268 266 267 270 273 277 278 277 275 275 274 274 273 273 273 272 272 271 271 271 272 271 271 271 272 272 272 272 273 273 274 276 278 280 281 281 281 280 278 275 271 268 268 268 266 261 254 247 242 244 248 251 252 257 263 268 267 262 260 261 260 260 261 259 254 250 248 247 248 248 246 242 238 235 236 240 246 252 255 257 258 258 257 258 258 259 262 262 259 256 256 258 259 258
267 268 267 265 268 271 272 275 279 279 276 275 275 275 274 273 273 273 272 272 272 272 272 272 271 271 272 272 272 272 273 273 274 275 277 280 281 281 280 280 278 276 275 275 274 270 265 259 253 246 244 249 253 254 256 262 266 267 262 257 256 257 259 261 261 258 254 251 249 249 249 248 245 242 240 240 240 241 245 250 254 256 256 257 259 261 261 262 262 260 257 254 253 254 256 256
268 268 267 267 270 271 270 271 276 280 278 276 276 275 274 274 273 273 273 273 273 272 272 272 272 272 271 272 272 272 273 273 274 275 276 278 280 281 281 280 278 278 278 278 276 271 264 256 250 248 252 257 259 259 262 267 267 262 255 253 253 255 260 263 261 256 253 249 249 249 249 248 245 243 243 244 244 245 247 250 253 254 256 259 261 263 264 264 262 260 257 255 252 251 253 256
268 268 269 271 273 272 270 269 273 278 279 277 276 275 275 275 274 274 273 273 273 273 272 272 272 272 272 272 272 272 273 273 273 274 275 277 278 280 281 281 279 278 279 281 277 270 262 253 250 252 257 259 260 262 267 269 265 257 251 250 252 257 262 263 259 255 251 247 247 248 247 246 244 244 246 248 248 249 252 253 252 252 256 260 264 267 267 265 264 261 259 256 252 250 253 260
265 266 272 274 274 273 271 269 270 274 278 278 277 275 275 275 275 274 274 274 273 273 273 273 272 272 272 272 272 272 273 273 273 274 275 276 277 279 281 282 281 279 279 280 277 270 262 256 257 258 259 260 260 263 267 267 261 253 249 250 254 259 263 262 258 252 247 244 245 246 246 244 243 244 247 249 249 252 257 258 254 253 254 256 261 266 269 268 265 262 259 257 254 251 256 271
263 264 271 277 274 272 272 268 267 269 276 278 278 276 276 275 275 275 274 274 273 274 273 273 273 273 272 272 272 272 273 273 273 274 274 275 276 277 279 282 283 281 278 278 277 272 266 264 266 263 260 260 262 264 266 264 257 250 249 252 255 260 263 261 255 247 242 239 241 243 242 242 243 246 248 249 250 253 258 259 257 256 255 253 254 259 265 268 266 262 260 260 258 256 264 277
263 263 267 274 275 272 272 269 265 266 272 277 278 278 277 276 275 275 275 274 274 274 274 273 273 273 273 273 272 272 273 273 273 273 274 274 275 276 277 280 282 281 278 276 278 278 275 273 271 266 262 263 264 265 265 260 251 248 251 255 258 261 261 258 251 243 238 237 240 241 240 241 245 248 250 249 250 254 257 258 259 258 257 254 252 252 254 258 261 262 262 263 264 265 268 274
264 264 264 266 271 272 273 273 269 266 269 273 277 279 279 277 276 276 275 275 274 274 274 274 274 273 273 273 273 273 273 273 273 273 274 274 274 275 276 278 279 279 278 277 279 281 282 280 276 270 266 265 265 266 265 257 248 249 254 258 261 261 259 255 248 241 238 239 242 242 241 243 247 248 249 249 250 255 257 257 258 259 258 256 254 252 249 249 252 257 262 267 272 273 269 265
264 265 264 263 265 268 272 276 274 271 269 269 272 277 280 279 277 276 276 275 275 274 274 274 274 274 273 273 273 273 273 273 273 273 273 274 274 275 275 276 276 277 278 279 280 281 284 284 280 276 272 268 267 268 264 255 249 252 258 261 262 260 258 253 245 238 237 239 241 242 243 245 247 247 248 248 250 254 255 255 255 256 257 257 257 255 253 250 249 251 258 267 274 273 269 257
264 264 264 263 263 264 267 273 277 276 271 267 266 271 277 280 279 277 276 276 275 275 274 274 274 274 273 273 273 273 273 273 273 273 273 273 273 274 274 275 275 276 277 278 279 280 282 285 286 285 281 274 270 269 263 255 252 258 262 262 260 258 255 251 244 237 235 235 236 240 244 246 247 248 248 248 252 254 253 252 251 253 255 256 256 256 255 254 253 255 261 266 268 267 263 246
263 263 263 264 264 265 266 269 275 277 274 270 266 266 271 278 280 279 278 277 276 275 275 275 274 274 273 273 273 273 273 273 273 273 273 273 273 273 274 274 274 275 276 277 278 279 280 283 287 290 289 282 274 270 263 257 257 263 265 263 260 257 254 249 244 238 234 231 234 242 246 247 248 249 249 250 253 254 252 251 250 252 253 253 253 253 254 255 258 263 266 264 259 258 250 238
261 262 262 262 263 265 267 269 272 274 275 275 271 268 267 270 276 280 280 278 277 276 275 275 274 274 274 273 273 273 273 273 273 273 273 273 273 273 273 273 274 274 275 276 276 277 279 281 285 290 295 290 280 272 265 259 261 266 266 264 261 258 254 249 244 240 235 231 237 246 248 249 250 250 249 250 253 252 251 251 252 253 253 253 252 252 253 256 261 265 263 255 250 244 241 238
261 261 261 262 262 264 266 268 270 272 274 277 277 272 266 265 269 276 280 280 279 277 276 274 274 274 274 274 274 273 273 273 273 273 272 272 272 272 273 273 273 273 274 275 275 276 277 279 282 288 295 294 285 275 267 262 265 267 266 264 261 258 255 251 246 242 236 231 241 248 249 249 251 251 250 252 252 250 250 251 252 254 254 254 255 255 257 259 261 260 253 245 240 236 238 239
261 261 262 262 263 264 266 268 269 270 273 277 279 276 270 265 265 269 274 279 280 279 276 275 274 274 274 274 274 273 273 273 273 273 272 272 272 272 272 272 273 273 273 274 274 275 276 278 280 284 290 293 287 279 270 267 268 268 266 264 261 259 257 252 248 243 236 234 244 248 249 249 251 251 250 251 250 250 250 250 252 253 254 255 257 258 261 262 257 250 240 238 236 235 239 244
262 262 263 264 265 267 267 267 267 268 271 275 278 278 275 270 265 265 268 273 278 279 277 276 275 274 274 274 274 274 273 273 273 273 272 272 272 272 272 272 272 272 272 273 273 274 275 276 278 281 286 290 286 280 275 271 269 268 266 264 261 259 256 252 250 247 241 242 247 248 248 249 250 249 248 248 248 249 248 248 250 251 252 255 256 256 258 256 250 240 233 236 237 240 245 251
261 261 263 265 267 269 268 267 267 267 268 272 278 279 278 275 270 265 264 267 272 275 277 277 276 274 274 274 274 274 274 273 273 272 272 272 272 272 272 272 272 272 272 272 273 273 274 275 277 279 282 286 285 281 280 276 269 267 266 265 261 257 253 253 255 253 249 249 249 248 247 248 249 247 246 246 247 246 245 246 248 249 251 253 253 252 249 243 238 232 233 236 241 247 253 262
259 259 261 264 266 267 267 267 267 267 268 271 276 279 278 277 274 269 264 263 265 269 273 276 277 276 274 273 274 274 274 273 273 272 272 272 272 271 271 271 271 271 271 271 272 272 273 274 275 276 279 282 284 283 283 282 273 266 264 263 259 254 252 253 254 253 251 250 248 247 247 247 248 246 245 245 246 244 243 245 248 249 251 250 248 246 240 232 227 228 234 241 248 257 269 287
253 253 256 260 264 265 265 264 264 266 269 270 272 277 279 276 275 273 268 264 262 263 267 272 275 276 275 274 273 273 273 273 273 272 272 272 272 271 271 271 271 271 271 271 271 271 272 273 273 275 276 278 281 282 283 285 280 270 263 260 254 250 252 252 250 248 247 247 247 247 248 248 247 245 243 244 245 244 243 245 246 247 245 240 236 234 229 223 225 230 239 249 260 277 298 319
240 244 248 251 257 263 263 260 260 264 268 269 268 271 277 276 273 274 273 268 263 261 262 265 269 273 274 274 274 274 273 273 273 272 272 272 271 271 271 270 270 270 270 270 270 270 271 271 272 273 274 275 277 278 281 284 284 277 268 260 254 254 257 254 250 246 245 245 246 248 248 249 248 244 242 242 244 244 243 243 243 241 238 234 234 232 226 224 230 238 249 263 282 302 326 351
229 241 243 243 248 253 252 250 254 261 264 264 265 266 269 272 273 274 274 271 267 264 262 262 263 265 268 272 275 275 275 274 273 273 272 271 271 271 270 270 270 269 269 269 269 269 270 270 270 271 272 273 274 275 277 278 280 279 274 266 261 263 264 259 253 248 245 243 243 245 247 249 248 245 243 244 245 245 244 245 245 243 240 242 246 240 229 229 238 250 264 284 305 326 351 15
242 253 253 250 250 248 241 239 249 254 255 253 254 256 257 262 267 270 272 272 270 268 266 263 260 257 260 267 273 275 276 276 274 273 272 271 271 270 270 269 269 269 268 268 268 268 268 268 269 269 269 270 271 271 272 273 274 274 273 270 268 269 269 265 259 253 247 244 242 242 244 246 246 242 241 244 247 247 248 250 251 252 253 254 254 242 229 236 251 265 284 304 324 347 12 29
254 264 273 272 265 256 247 246 253 254 251 246 246 246 248 252 256 260 265 268 270 269 268 266 262 255 257 262 267 271 274 276 276 274 272 271 270 270 269 269 268 268 268 267 267 267 267 267 267 267 267 267 268 268 269 269 269 269 268 268 267 269 270 270 268 263 257 251 247 244 242 243 242 239 240 245 248 249 251 256 259 261 263 260 250 236 235 252 268 285 303 322 343 4 27 38
255 262 274 278 274 269 266 267 268 263 256 252 252 250 249 250 251 253 256 260 264 267 268 267 264 259 258 259 260 264 268 272 275 275 274 272 270 269 269 268 268 267 267 266 266 266 265 265 265 265 265 265 265 265 265 265 265 265 264 264 264 265 266 267 268 268 267 262 257 252 247 245 241 239 241 245 247 249 255 263 268 269 268 258 237 233 250 271 290 306 321 340 359 16 32 51
256 261 269 274 274 273 274 278 277 269 261 259 260 259 258 256 255 255 255 255 257 261 264 264 263 264 262 258 256 258 261 265 269 273 274 273 271 269 268 267 266 266 265 265 264 264 264 263 263 263 263 262 262 262 262 261 261 260 260 259 259 259 259 259 261 263 264 265 266 265 260 254 246 243 246 249 251 252 260 268 271 271 260 235 225 244 270 294 310 324 340 356 14 29 49 85
257 261 268 272 273 274 274 277 277 270 263 262 261 261 261 261 260 261 260 258 257 258 259 260 261 263 264 261 257 256 256 258 262 267 271 272 270 269 267 266 265 265 264 263 263 262 262 261 261 260 260 259 259 258 258 258 257 256 256 255 254 254 254 253 253 254 255 258 261 263 263 261 257 254 255 257 256 259 265 269 271 260 227 209 233 268 295 314 329 341 356 13 31 55 96 108
259 263 270 274 275 275 275 275 273 270 267 264 262 262 262 261 261 262 263 263 261 260 258 258 259 261 262 261 258 256 255 256 258 260 263 266 266 266 266 265 264 262 262 261 261 260 259 259 258 257 257 256 255 255 254 253 252 251 251 250 249 248 248 247 247 247 248 248 248 249 252 258 262 261 259 256 256 260 265 269 260 221 189 215 269 298 319 333 347 357 15 27 49 98 109 108
259 262 269 277 280 279 279 277 273 271 269 267 265 264 264 263 262 263 263 262 262 261 260 259 259 260 262 261 258 255 254 254 255 256 257 259 261 263 264 263 261 260 259 258 258 257 256 256 255 254 253 252 251 250 249 248 247 246 245 244 243 242 241 240 240 239 239 239 238 237 240 246 252 254 252 249 252 257 261 263 228 182 183 273 296 315 332 347 2 17 36 46 83 104 105 99
257 260 268 277 284 286 286 282 279 276 272 270 268 266 264 264 263 263 263 261 260 260 259 259 258 258 261 263 261 256 253 252 253 253 254 257 259 261 261 259 258 257 256 256 255 254 253 252 251 250 249 247 246 245 243 242 241 239 238 237 236 234 233 232 231 229 229 227 227 227 228 231 234 233 236 242 251 257 260 249 197 187 292 310 317 327 341 357 19 44 67 97 111 106 99 89
259 260 264 273 285 291 292 290 286 282 278 273 269 267 266 264 263 263 261 259 258 258 258 257 254 253 259 263 263 258 253 252 251 251 251 252 254 256 256 255 253 252 252 251 250 249 249 247 246 244 243 241 240 238 236 235 233 231 230 228 227 225 224 222 221 219 217 215 215 213 212 214 216 217 220 230 245 255 261 246 195 311 318 327 335 345 358 25 50 81 112 123 117 106 94 83
261 259 255 264 282 294 300 300 296 291 283 274 269 266 265 263 263 263 260 257 256 256 257 255 250 249 255 259 260 258 253 250 247 246 246 246 246 247 248 248 247 246 245 245 244 243 242 241 239 238 236 234 231 229 228 226 224 222 221 218 216 214 212 210 208 205 203 202 199 197 195 196 199 199 198 207 226 246 259 267 327 319 327 339 351 6 31 64 99 112 117 118 113 102 90 80
257 253 246 253 269 287 301 306 302 298 286 273 267 264 261 259 260 260 256 254 254 255 254 252 247 247 250 251 252 252 250 247 245 243 241 240 238 237 239 241 240 240 240 240 240 239 237 235 233 230 227 224 221 219 217 215 213 211 208 206 204 202 199 197 194 191 189 186 183 181 178 179 181 179 177 182 197 220 232 282 319 325 336 348 1 19 57 97 111 113 111 107 104 97 87 79
249 245 241 246 253 261 269 275 279 279 268 259 256 256 255 254 254 253 251 250 250 250 250 247 242 244 247 246 244 243 243 243 240 236 235 235 232 229 230 231 230 232 236 237 235 233 231 229 225 219 214 210 208 206 204 202 200 198 196 193 191 188 186 183 180 177 174 171 168 166 164 164 164 162 159 161 169 186 194 246 315 326 338 352 10 41 88 110 113 109 104 100 97 92 85 79
246 248 250 251 256 253 228 202 208 207 203 222 239 245 247 249 249 246 244 244 245 244 242 239 234 237 243 242 238 235 235 235 233 230 228 227 224 222 221 221 219 220 225 229 230 229 228 225 218 204 194 191 191 191 189 188 187 184 182 180 177 175 172 170 167 164 161 158 156 153 152 151 151 149 147 147 150 161 171 199 290 318 341 1 24 79 109 113 111 106 101 97 92 86 82 79
257 258 257 258 256 240 219 205 198 194 190 200 219 229 235 237 236 235 234 235 236 234 232 229 224 228 234 233 230 228 227 228 230 229 227 224 220 216 214 213 210 208 207 208 206 204 201 196 187 178 172 171 173 175 176 175 174 172 170 167 165 162 160 158 155 153 150 148 145 144 142 141 141 140 138 138 139 145 157 178 237 301 347 22 73 109 112 112 110 106 101 95 89 84 80 77
249 243 238 243 238 228 217 208 203 198 192 194 205 216 220 220 222 221 219 218 217 217 218 215 208 211 216 218 218 219 219 219 222 222 222 222 218 213 208 204 202 198 194 191 188 185 182 178 174 172 171 168 165 164 165 165 162 160 158 156 154 152 151 149 146 144 142 140 138 136 135 134 133 133 131 131 132 135 145 163 210 270 347 67 110 114 111 109 108 105 99 93 87 82 77 73
239 234 231 234 230 225 217 211 208 202 192 189 192 199 203 203 205 203 195 191 189 190 193 193 187 189 198 203 205 206 206 206 209 210 211 212 210 205 199 194 191 187 183 180 176 174 171 166 164 164 167 167 164 162 159 156 153 151 149 147 146 144 142 141 139 137 135 134 132 130 129 128 128 128 127 126 127 130 137 153 188 217 205 114 115 113 109 105 103 101 97 92 87 80 75 73
237 236 236 235 232 228 220 213 208 198 188 182 180 185 187 187 186 181 170 162 161 159 161 166 168 170 180 189 191 191 193 195 196 197 197 195 194 191 183 177 176 174 171 168 164 161 155 149 147 147 151 156 156 154 151 147 145 143 141 140 139 138 137 135 134 132 130 129 127 126 125 124 123 123 123 122 123 125 131 144 171 188 174 135 117 111 107 103 101 99 96 92 86 81 77 75
238 238 237 237 235 230 219 208 199 189 181 174 171 172 175 176 174 167 153 142 138 133 131 134 145 158 167 172 175 177 179 181 182 182 181 183 184 181 173 165 161 160 159 159 156 152 145 139 137 137 139 141 143 142 142 139 137 135 135 134 134 133 132 131 129 128 126 125 123 122 121 121 120 120 120 119 120 122 126 135 156 169 162 135 116 108 105 102 99 97 94 91 90 89 85 78
243 242 239 234 227 219 206 195 190 186 180 169 165 164 167 165 163 158 144 133 128 124 122 129 141 155 163 165 166 168 167 167 168 165 165 171 174 174 170 163 157 152 150 150 149 144 137 133 132 132 132 133 134 133 131 130 129 129 129 130 130 130 129 128 126 125 123 122 121 120 118 118 117 117 117 117 117 119 123 130 145 156 153 135 116 106 102 100 96 94 93 95 98 98 94 83
244 239 225 211 202 197 194 190 190 189 179 164 158 160 162 161 155 147 140 132 129 129 132 141 152 160 161 161 162 161 159 158 157 151 149 152 158 161 161 158 154 150 147 146 145 140 135 130 128 128 129 130 131 129 127 125 123 123 123 125 127 128 127 125 124 122 121 119 118 117 116 115 115 114 114 114 115 117 120 125 134 143 143 131 118 106 99 95 95 95 98 101 100 94 88 86
234 222 204 197 191 188 189 190 191 188 175 162 158 159 159 159 149 139 132 130 131 135 143 151 163 166 161 157 155 154 152 151 150 146 142 141 142 144 146 144 142 142 142 142 140 136 131 127 125 126 128 130 132 132 130 127 122 116 116 121 127 128 126 124 122 120 119 117 116 115 114 113 113 113 113 113 113 114 116 119 124 130 133 125 115 106 98 94 95 98 100 99 91 81 74 74
217 207 197 195 186 181 181 184 184 180 172 164 161 158 157 153 144 135 127 126 134 142 152 163 170 169 161 154 150 148 145 143 142 141 139 138 138 137 137 135 132 131 132 134 133 130 125 122 121 122 125 128 132 134 134 128 121 115 117 124 130 129 125 122 120 118 117 116 114 113 113 112 111 111 111 111 111 112 113 115 118 123 126 121 113 108 105 100 99 100 97 89 80 75 70 67
196 192 188 185 178 172 170 173 176 175 172 169 166 163 161 155 148 138 126 126 138 151 164 172 175 170 158 149 144 141 138 136 135 135 133 133 134 136 136 134 132 129 127 127 127 125 121 117 114 116 120 124 128 133 136 133 127 125 125 128 134 131 126 121 118 117 115 114 113 112 111 110 110 110 109 109 109 110 110 111 113 117 121 121 117 114 111 107 103 99 91 77 74 75 72 70
