windninja/windninja_output/Output_2025-10-23_1000-1050_Google earth_Fire_150m_10min/merlingen_7.5mi_point_10-23-2025_1040_150m_ang.asc
ncols	158
nrows	163
xllcorner	391686.332397
yllcorner	5160024.123721
cellsize	150.000000
NODATA_value	-32768.000000
[rows 90 to 134 of 163, columns 0 to 95 of 158]
277 276 271 265 264 265 262 258 255 260 272 282 286 283 278 275 272 272 275 285 299 310 317 325 339 341 319 307 303 300 298 297 297 298 297 296 298 298 296 291 289 291 294 298 300 300 297 295 295 298 301 305 308 311 312 310 307 304 304 309 315 316 315 315 315 315 315 316 317 317 318 319 320 320 321 322 323 323 324 324 324 324 322 316 309 305 303 302 304 303 300 297 298 296 299 301
274 272 265 261 265 268 268 264 262 265 272 278 282 282 282 281 279 275 275 287 305 319 327 331 344 340 317 307 302 299 297 297 297 299 298 297 298 300 301 298 293 292 294 297 300 300 298 296 294 297 301 305 308 312 316 316 313 311 312 315 321 320 318 317 316 317 317 318 318 319 320 320 321 322 323 323 324 324 324 325 324 324 323 320 316 313 310 307 304 300 293 288 290 288 289 293
273 272 269 268 269 273 279 283 277 270 271 273 275 280 284 286 288 288 288 296 307 328 336 334 350 333 312 305 302 299 298 297 297 299 300 298 298 300 301 302 298 294 293 296 299 300 299 295 293 294 297 303 308 313 318 320 316 315 315 317 323 324 321 319 318 318 319 319 320 321 321 322 323 323 324 324 325 325 325 325 324 324 322 319 316 313 310 306 301 293 280 277 279 279 279 284
276 276 277 277 277 280 287 295 297 279 273 276 282 291 297 298 301 302 299 299 300 315 321 331 347 320 307 303 300 298 297 296 296 299 300 299 299 300 301 303 303 298 294 295 298 299 298 297 294 294 295 302 310 314 317 317 312 310 310 313 319 324 323 321 320 320 320 321 322 322 323 324 325 325 326 326 326 326 326 326 325 324 322 319 314 309 306 301 293 283 278 281 285 286 289 293
278 278 280 281 282 283 287 297 310 295 282 281 288 297 303 300 300 300 294 282 266 230 200 200 286 304 302 300 299 297 293 293 296 300 302 301 300 301 302 304 307 306 300 297 300 302 302 301 299 299 300 306 315 318 316 315 309 306 308 311 316 322 323 322 322 322 322 323 323 324 325 326 326 327 327 328 328 328 328 328 327 326 324 321 317 312 308 302 296 294 296 299 303 305 308 311
276 276 278 281 281 279 279 289 306 299 287 280 279 280 286 285 285 282 275 257 232 216 204 213 260 293 298 298 298 297 295 296 299 303 305 303 302 302 303 304 308 312 308 303 305 309 310 310 308 308 309 313 321 321 317 315 313 311 312 314 317 321 323 323 323 323 324 324 325 326 327 328 328 329 329 329 330 330 330 329 329 328 326 324 322 319 315 312 310 310 312 314 317 320 322 325
276 276 278 280 276 270 266 272 285 290 284 275 267 265 271 273 272 273 262 232 215 214 215 233 266 291 299 299 299 301 300 300 300 302 304 303 302 302 303 305 308 313 312 308 309 312 315 316 316 314 314 315 320 322 319 316 315 314 315 316 318 322 324 324 324 325 326 326 327 328 329 330 330 331 331 331 332 332 332 332 331 330 329 328 326 325 323 322 321 322 323 325 327 329 332 335
280 279 278 276 269 261 256 255 262 270 273 265 258 259 266 270 273 271 254 223 210 215 229 251 278 296 304 303 302 303 300 296 294 297 301 302 302 303 304 306 309 313 315 311 309 310 312 312 312 310 310 312 316 321 320 318 316 316 317 317 319 322 324 325 326 326 327 328 329 331 331 332 332 333 333 334 334 334 334 334 334 333 332 332 331 330 329 329 329 330 331 332 334 337 339 342
278 277 273 269 266 260 254 250 251 253 252 252 255 261 266 270 270 259 237 221 217 228 253 274 295 309 309 306 302 299 295 293 292 294 298 300 301 302 305 307 309 313 317 314 309 307 306 304 303 304 308 312 316 320 321 320 320 320 321 321 322 323 323 324 326 327 328 330 331 332 334 334 335 335 336 336 336 336 337 337 336 336 336 335 335 335 335 335 335 336 337 339 341 343 346 348
272 269 264 264 265 261 256 253 249 244 243 246 253 264 268 265 257 243 227 221 231 256 278 290 304 310 305 302 299 295 293 293 294 295 299 301 303 303 305 308 310 313 317 317 314 311 310 308 307 310 313 316 320 323 324 325 325 325 325 327 328 328 326 325 325 327 329 331 333 335 336 336 337 337 338 338 339 339 339 339 339 339 339 339 339 339 339 340 341 342 343 345 346 348 351 353
273 269 263 261 259 255 253 252 248 243 243 243 244 252 256 253 249 243 234 240 262 280 284 282 267 274 289 295 295 292 290 291 293 296 300 303 304 304 305 309 312 314 317 319 317 315 313 312 314 316 319 322 325 328 329 330 331 331 330 332 334 334 333 331 329 329 331 333 335 337 338 339 339 340 340 341 341 342 342 342 342 342 343 343 343 343 344 345 345 347 348 350 351 353 355 358
277 273 266 260 254 250 249 248 247 246 244 242 240 241 245 250 257 261 263 275 286 289 275 242 225 251 276 286 289 288 287 290 293 297 300 302 302 303 305 309 314 315 317 320 319 316 315 315 318 321 324 327 329 331 332 334 337 336 337 338 337 337 337 337 336 335 335 336 337 339 340 341 341 342 343 343 344 344 345 345 345 345 346 346 347 347 348 349 350 351 352 354 356 357 359 2
281 277 268 261 255 251 250 248 247 247 247 246 244 246 258 270 274 280 289 291 288 275 244 232 233 253 271 283 289 290 292 294 296 297 299 300 302 304 305 308 313 316 317 319 321 320 320 321 324 326 328 330 333 335 336 338 340 341 343 344 343 342 341 342 342 341 341 342 343 343 342 342 343 345 346 346 347 347 347 348 348 349 349 350 350 351 352 353 354 355 356 358 360 1 3 5
285 281 272 264 258 256 253 251 251 251 251 252 256 269 280 282 281 284 290 288 274 241 230 238 246 257 273 287 295 297 298 299 299 299 300 302 304 304 303 305 310 314 317 319 321 321 322 324 327 330 332 334 336 339 341 343 344 345 347 349 348 348 348 348 348 348 348 349 350 350 348 345 345 346 348 349 349 350 350 350 351 351 352 353 354 355 355 357 358 359 0 2 3 5 6 8
292 287 277 267 262 259 256 254 252 253 256 261 270 281 287 285 281 279 277 268 250 237 241 252 258 273 287 296 305 306 304 302 301 301 303 304 306 305 304 305 309 313 316 317 319 320 321 323 328 333 336 338 339 341 343 346 349 350 351 352 352 353 353 352 353 355 355 355 356 356 356 356 353 350 350 350 350 351 352 353 353 354 355 356 357 358 359 0 1 3 4 5 6 8 10 12
301 296 282 271 265 261 258 255 254 256 261 266 274 282 287 286 281 273 265 256 249 251 261 270 285 302 307 312 318 316 311 309 308 308 308 308 310 311 309 309 311 315 315 316 318 320 321 324 330 335 339 342 344 346 347 349 351 354 356 356 357 358 357 356 358 360 360 360 0 1 2 5 5 2 358 355 352 353 354 354 354 355 357 359 360 1 2 4 5 6 7 9 10 11 13 15
318 311 295 280 271 266 262 259 260 265 273 280 286 291 292 289 284 277 272 268 267 273 283 299 314 325 328 331 332 326 323 322 324 323 318 315 317 319 317 315 314 316 317 317 318 319 321 324 329 334 339 344 348 352 354 354 355 357 359 1 2 2 1 1 2 3 4 4 4 5 8 9 11 10 7 5 2 1 0 358 355 356 359 1 3 4 6 7 8 10 11 12 13 15 17 19
344 337 317 297 282 276 276 281 285 290 296 302 306 305 301 297 293 290 289 288 290 295 307 322 333 339 343 348 348 342 340 339 342 341 333 329 330 331 326 320 319 318 318 318 318 319 321 324 329 333 337 343 348 353 357 0 1 1 3 5 7 6 5 6 7 7 9 8 6 8 12 13 14 14 14 13 12 8 5 5 3 360 360 3 5 8 9 11 12 13 15 16 17 18 20 21
14 9 349 328 313 307 311 315 316 311 308 308 311 311 308 307 307 307 309 312 311 312 323 335 340 346 352 355 355 355 355 357 358 356 349 348 350 347 339 331 327 322 319 320 320 320 320 323 328 334 339 344 349 353 358 3 6 6 6 8 10 11 9 9 11 12 13 13 11 10 14 17 18 18 18 18 17 14 11 12 14 11 4 3 7 11 13 14 16 17 19 20 21 22 23 24
33 29 8 346 336 330 326 326 324 317 310 310 317 320 317 316 321 331 339 337 330 327 334 343 345 350 355 358 360 4 7 10 9 6 11 14 13 5 354 349 344 329 320 319 320 319 319 321 325 332 339 346 352 356 359 4 8 10 10 9 12 15 15 14 16 18 17 16 15 13 15 20 22 20 20 21 22 22 20 19 21 21 15 8 9 13 16 18 20 22 23 24 25 25 26 28
42 34 12 354 344 337 332 329 328 326 321 322 330 332 328 327 334 348 353 351 347 343 345 349 349 349 355 0 4 12 16 17 16 18 29 35 28 20 15 11 6 351 334 321 315 316 317 318 322 328 336 344 353 359 2 4 9 13 14 12 13 18 21 20 21 23 22 19 18 17 16 19 23 24 25 26 27 28 28 27 27 28 25 19 15 17 21 24 26 28 29 30 30 30 30 32
43 35 20 8 357 355 351 347 346 345 343 341 341 341 337 336 344 356 359 358 1 2 356 354 354 352 352 354 3 17 25 25 23 26 38 44 41 37 32 25 15 11 10 345 314 310 312 314 317 323 331 341 351 0 4 6 10 15 18 17 16 20 23 23 23 24 25 24 21 19 17 20 25 28 29 30 31 32 34 34 33 33 32 27 23 22 27 30 33 36 37 37 37 35 35 36
48 43 33 26 18 14 8 5 2 2 1 356 351 348 346 347 352 359 0 1 6 14 12 2 0 357 350 347 355 14 27 33 31 34 47 53 53 55 47 39 30 29 36 28 338 310 308 309 310 316 325 337 349 360 6 8 11 16 20 21 19 21 24 25 24 25 27 28 25 22 21 24 28 31 32 34 34 34 35 36 37 37 36 34 30 28 32 38 42 46 47 44 40 39 39 39
53 50 44 39 32 24 17 13 10 10 7 360 358 357 356 357 359 358 355 357 4 16 25 18 7 6 1 355 355 7 23 34 40 49 63 69 69 66 59 51 43 42 49 51 24 329 312 309 309 310 317 330 345 358 7 10 11 15 21 23 22 21 25 27 26 26 28 29 28 25 24 26 29 31 33 36 37 35 35 37 40 42 41 41 38 34 37 41 44 48 48 42 39 40 42 44
55 53 48 42 34 29 23 19 16 13 6 360 2 6 8 7 1 352 348 352 360 14 26 28 18 14 14 13 12 10 18 33 46 59 72 80 78 73 64 52 43 43 52 57 46 2 327 318 315 311 311 320 337 354 6 12 13 15 22 25 24 22 25 28 27 26 28 29 29 28 26 28 32 32 34 37 39 39 37 38 42 44 41 41 40 35 38 42 40 42 42 39 38 42 45 48
55 53 47 41 35 30 27 27 23 14 4 1 5 11 16 16 6 353 347 349 357 9 20 24 24 20 19 21 25 20 17 30 46 60 72 77 77 72 64 52 43 48 55 58 53 29 346 328 324 319 314 315 326 346 4 13 16 17 21 26 26 24 26 30 29 27 28 30 31 31 30 31 35 38 37 38 41 42 41 40 44 46 43 40 40 35 34 38 38 41 43 40 39 41 44 44
54 52 47 42 37 33 30 29 24 15 6 4 7 11 18 25 18 1 351 350 356 3 9 18 25 27 25 26 34 28 17 25 42 57 70 76 74 65 56 52 49 55 58 59 58 47 12 337 329 327 320 316 321 337 359 14 19 19 22 27 27 26 28 31 31 28 28 31 32 32 31 32 35 39 41 42 43 44 44 44 48 51 47 42 40 36 33 36 39 43 45 43 39 38 39 39
53 52 50 46 42 37 32 27 21 17 15 11 9 10 20 33 34 7 349 345 350 356 1 10 21 27 27 30 39 36 25 27 39 53 62 66 63 53 49 52 53 56 57 58 59 52 28 352 338 336 331 322 321 331 352 12 20 21 23 27 28 27 28 31 32 30 29 31 32 33 32 32 33 37 41 43 44 45 46 47 50 53 49 43 41 38 34 36 41 44 44 42 38 37 39 39
55 55 51 48 44 37 31 25 20 19 24 22 12 8 19 37 44 20 344 336 339 348 357 6 15 24 24 26 35 39 38 37 43 57 61 57 51 41 42 49 50 51 53 56 57 52 36 9 351 345 340 329 323 328 346 9 21 24 25 29 30 28 29 31 31 30 29 31 33 34 33 32 32 35 39 42 43 44 47 47 49 52 50 44 41 39 37 38 43 44 43 40 37 38 43 42
57 55 50 49 45 37 32 28 24 23 29 30 17 10 19 37 48 41 357 330 325 339 359 10 19 26 26 30 37 42 46 48 58 69 69 62 55 44 44 46 44 45 48 50 51 49 41 24 5 354 348 334 325 326 340 5 21 26 27 30 31 30 30 32 31 31 31 31 34 36 35 33 32 33 37 40 42 44 47 50 52 54 52 46 44 42 40 41 43 43 41 39 37 41 45 43
56 54 49 50 49 42 39 37 33 29 32 38 25 14 21 36 49 53 35 344 316 322 0 25 38 47 52 56 60 62 64 66 76 79 76 72 64 57 55 50 46 43 44 47 47 46 41 31 16 3 354 342 329 327 338 1 20 28 29 31 33 31 33 36 38 42 42 37 37 39 38 35 34 34 36 38 41 43 47 52 55 56 54 49 47 45 42 42 43 43 41 39 37 41 44 41
54 52 46 43 42 40 41 42 43 35 35 45 35 15 19 33 49 57 54 33 349 301 21 70 74 75 76 79 89 94 92 87 87 85 82 78 75 71 66 61 55 50 51 54 54 52 48 40 24 12 2 349 335 331 338 358 20 29 31 33 36 35 39 44 48 57 62 57 47 44 41 39 38 37 36 36 38 41 45 49 52 55 54 50 48 45 42 42 43 44 42 38 36 38 42 41
49 48 41 35 33 32 33 38 43 42 40 52 47 17 14 29 48 57 59 54 53 81 133 126 107 100 98 100 104 104 103 98 92 89 87 83 80 76 69 69 66 60 59 59 60 62 61 50 32 19 9 357 341 334 339 354 17 29 32 36 40 42 46 48 48 52 58 62 60 54 48 45 43 41 38 36 36 39 42 45 48 52 52 48 46 44 40 40 42 44 41 35 35 40 45 44
48 49 44 36 32 31 32 35 41 43 45 59 61 27 17 31 47 55 58 61 66 78 99 116 117 115 113 111 112 113 112 105 97 93 91 86 82 77 71 68 68 64 60 58 59 63 63 52 34 21 14 5 347 338 341 353 17 34 39 42 43 45 47 46 45 48 52 54 58 62 59 55 50 47 43 39 37 38 39 40 43 46 48 45 44 44 40 39 42 44 41 34 34 43 48 46
50 51 48 40 35 35 33 34 40 40 44 60 66 44 32 41 49 51 53 60 69 77 86 97 103 105 109 116 121 122 120 107 100 97 94 88 84 81 74 68 67 64 60 59 59 59 59 51 31 20 17 10 354 342 344 357 19 39 46 45 43 44 44 43 45 49 50 51 54 58 65 69 66 60 53 47 41 40 40 39 39 43 46 45 44 44 39 39 45 46 41 34 33 42 47 45
48 50 47 39 34 34 34 34 37 37 42 55 63 55 53 58 54 49 48 53 63 74 80 83 88 95 110 124 129 133 128 108 100 99 95 89 86 86 79 71 69 66 62 63 62 60 57 49 31 22 20 13 359 348 348 359 17 33 41 40 38 42 42 41 45 49 50 51 52 53 59 70 76 77 71 62 55 50 47 44 43 46 47 45 45 43 38 39 44 46 40 32 33 43 46 42
46 50 48 40 34 34 36 34 35 35 39 50 56 59 61 65 56 50 48 51 59 70 79 83 95 109 121 129 136 143 137 108 97 97 97 91 86 88 85 78 74 72 68 67 66 63 58 47 32 23 21 15 2 353 351 357 14 29 37 37 36 40 42 43 47 50 51 51 51 51 53 60 69 76 82 84 79 72 66 60 55 54 50 46 45 42 37 39 43 45 42 33 36 44 45 41
46 50 50 42 35 34 35 36 35 34 35 42 48 54 62 65 55 54 56 59 68 77 83 90 99 108 119 128 136 148 147 114 95 89 91 91 87 87 88 85 81 82 84 76 71 67 60 49 36 26 22 16 3 356 355 359 12 30 39 39 39 42 44 46 49 51 51 51 51 51 53 58 64 70 78 88 97 96 89 78 66 60 55 49 45 39 33 34 38 42 42 36 38 44 43 40
46 51 51 44 37 34 36 38 36 34 32 35 40 45 54 62 58 60 69 90 99 94 88 89 95 99 104 115 131 147 152 128 100 84 80 82 86 86 86 87 87 91 99 97 81 71 62 49 37 29 23 16 4 359 359 2 14 31 41 42 42 44 45 47 50 51 51 51 51 52 54 58 63 69 75 83 96 108 108 101 89 72 60 53 46 37 30 29 31 36 37 35 37 40 42 41
48 53 56 51 43 42 45 44 41 36 32 31 33 37 44 52 60 72 95 109 115 110 95 88 89 92 97 106 120 137 148 140 113 89 76 73 77 82 83 84 88 93 102 111 101 79 64 48 36 31 23 15 5 2 3 5 16 32 41 44 44 44 46 48 50 52 52 51 52 52 54 57 61 65 72 80 90 103 111 115 114 102 81 63 52 41 34 31 31 34 35 35 34 35 37 38
50 54 57 54 48 48 53 56 53 47 41 37 36 39 42 51 65 85 104 114 118 116 105 91 86 90 95 97 105 123 138 145 135 104 83 72 68 70 75 79 83 89 98 110 116 96 69 50 40 35 26 17 8 6 7 8 19 32 41 45 45 45 47 50 51 52 53 52 52 52 54 57 59 61 65 73 83 92 102 113 120 123 117 96 73 56 45 41 43 42 40 40 37 32 32 33
51 53 54 53 49 49 51 55 62 66 62 56 53 54 56 61 73 89 102 111 116 120 117 103 90 87 90 94 99 112 128 143 152 131 97 78 68 64 63 67 74 80 87 97 111 107 75 54 47 40 28 19 12 9 11 13 21 34 44 47 48 50 51 52 53 54 54 53 53 53 54 57 58 60 63 67 75 82 88 97 112 127 132 126 109 86 64 55 54 52 48 47 42 34 32 33
52 55 54 53 52 51 47 47 55 66 72 69 66 67 71 77 85 90 96 105 116 123 124 119 101 87 81 90 99 106 119 135 158 158 119 93 77 67 61 59 65 70 73 80 88 90 67 55 51 43 29 21 15 14 16 19 24 36 46 50 51 54 54 54 55 56 56 55 54 54 55 57 57 59 62 66 72 76 76 82 96 117 134 136 130 120 102 78 66 59 53 51 47 39 35 36
57 59 57 54 54 53 48 43 47 54 61 66 69 77 84 93 97 93 88 94 111 124 130 126 111 88 77 81 92 100 110 124 150 161 142 114 93 78 67 64 66 65 66 67 64 52 41 43 47 42 31 23 19 18 20 22 27 37 46 49 51 54 53 54 56 57 58 59 57 56 58 58 57 58 60 66 74 78 77 80 85 97 120 133 135 135 132 118 93 75 64 56 51 43 37 38
57 58 56 54 56 55 52 48 46 50 53 54 61 75 95 108 106 98 90 88 97 120 131 128 118 95 79 74 80 91 99 109 129 149 151 135 108 89 80 76 72 67 66 63 52 40 32 30 35 36 31 24 21 22 24 25 30 40 47 49 52 54 53 54 56 58 59 61 63 63 61 60 59 58 59 65 72 79 83 85 85 86 96 114 126 134 137 136 123 98 79 64 57 49 40 38
