windninja/windninja_output/Output_2025-10-23_1000-1050_Google earth_Fire_150m_10min/merlingen_7.5mi_point_10-23-2025_1040_150m_ang.asc
ncols	158
nrows	163
xllcorner	391686.332397
yllcorner	5160024.123721
cellsize	150.000000
NODATA_value	-32768.000000
[rows 0 to 44 of 163, columns 0 to 95 of 158]
272 271 268 265 263 264 263 258 255 255 252 243 231 226 231 239 248 253 257 266 270 256 243 243 248 253 252 246 244 245 244 244 245 244 243 248 252 253 254 252 249 249 249 251 254 257 261 263 260 257 255 254 254 255 254 253 251 250 252 254 253 251 249 247 245 244 244 247 253 257 257 255 252 249 250 251 251 252 255 255 253 249 248 250 252 250 246 245 245 242 240 241 240 237 236 236
272 272 270 268 266 265 261 258 258 257 254 244 231 229 235 242 249 254 259 264 266 259 249 247 249 251 250 248 248 246 245 246 246 246 247 250 251 252 253 252 251 251 251 253 256 257 259 261 262 260 257 257 256 255 254 252 252 252 253 254 253 252 250 250 248 247 247 250 254 256 256 254 252 252 253 252 251 253 256 255 252 250 250 251 251 252 249 247 247 245 245 245 244 242 241 240
273 273 272 271 269 266 260 260 261 260 256 244 233 235 241 248 252 255 259 261 259 260 259 254 251 249 248 250 250 249 248 249 249 250 252 252 251 252 253 253 254 255 255 257 259 259 259 259 260 260 260 259 257 255 254 254 254 255 255 254 254 254 253 253 253 253 253 254 256 257 256 254 255 257 257 255 253 255 257 256 251 251 253 252 253 256 254 251 250 250 252 253 252 251 250 249
274 272 270 269 268 265 263 264 265 263 256 241 235 241 247 254 256 258 258 258 257 259 261 258 254 251 249 249 249 248 250 251 253 255 255 255 255 254 255 256 257 257 259 261 261 261 261 259 257 258 259 257 255 255 256 256 257 257 257 256 256 256 256 255 255 255 256 257 259 258 256 256 258 259 258 257 257 258 258 255 252 252 254 254 257 259 258 255 253 253 255 257 258 257 258 259
274 272 269 268 267 267 268 270 268 263 253 241 239 246 255 258 258 258 257 255 256 259 263 263 260 255 251 249 247 248 249 250 253 256 257 256 256 257 258 260 260 261 262 263 262 261 260 259 257 257 256 255 255 256 256 257 258 259 259 259 258 257 257 257 257 257 258 259 260 258 256 258 260 260 259 259 261 261 259 255 253 255 256 257 259 261 262 263 262 260 258 261 264 266 268 271
277 275 272 269 268 269 272 272 268 260 251 246 246 253 260 261 258 256 255 255 256 260 265 270 268 262 256 252 250 249 249 250 253 254 255 256 258 260 261 262 262 263 264 263 261 260 259 258 258 256 254 254 256 257 257 258 259 260 261 261 260 259 259 259 259 259 260 261 261 258 256 259 262 262 260 260 262 264 261 255 254 259 262 261 261 262 265 270 272 271 269 269 270 274 276 276
277 277 276 273 271 271 271 270 265 259 255 254 254 260 263 262 259 256 255 255 257 260 265 272 274 268 262 258 255 253 252 255 256 254 254 257 260 262 262 261 262 263 263 262 261 260 259 259 258 256 254 254 256 256 257 259 261 262 263 263 262 261 260 259 260 261 262 263 262 259 258 260 263 264 262 261 262 263 260 254 257 264 267 265 264 264 266 272 277 280 280 278 276 276 276 277
275 276 277 277 275 272 270 267 263 261 261 262 263 265 265 263 260 257 256 256 257 260 262 269 276 272 266 264 261 258 259 260 258 256 257 260 261 261 260 260 260 260 261 260 260 260 259 259 258 256 256 257 256 255 258 261 263 264 265 266 265 263 260 259 260 261 263 264 263 262 262 263 263 262 263 263 263 261 256 255 262 267 269 268 267 267 268 272 278 283 285 283 280 278 278 282
275 275 275 276 275 273 269 266 264 265 267 269 271 270 266 263 261 260 258 256 258 259 260 264 271 275 271 267 263 262 264 264 261 259 261 262 261 260 258 258 258 259 259 260 260 260 260 259 259 257 257 258 257 256 260 263 265 266 266 266 265 264 263 260 259 261 264 266 264 262 264 265 263 261 262 263 263 259 255 259 266 271 274 273 272 273 273 276 281 286 289 288 287 287 288 288
275 274 274 274 273 272 269 267 267 268 270 273 276 274 268 264 262 262 260 259 260 260 261 262 265 271 272 267 264 265 266 265 263 263 262 261 260 258 257 257 258 259 260 260 261 260 260 260 260 259 259 259 258 261 264 265 266 265 264 262 262 263 264 262 263 265 266 267 264 261 262 264 264 263 263 263 263 261 261 266 270 273 277 280 279 279 279 282 286 289 288 289 291 292 291 287
275 275 274 273 272 271 270 270 270 270 272 274 278 278 272 267 265 264 264 264 262 261 261 261 261 264 268 266 265 267 267 265 264 264 262 260 258 257 257 258 259 259 259 259 259 260 261 260 259 259 261 261 262 265 266 265 263 263 261 259 260 262 263 267 271 271 269 267 263 260 262 264 266 265 263 262 264 267 272 275 274 273 275 280 284 285 285 284 285 285 283 284 287 288 286 283
275 275 274 272 272 271 271 271 271 271 272 274 277 278 275 271 269 267 267 267 266 264 262 259 259 259 259 262 265 266 265 263 264 264 263 260 258 258 260 260 259 259 258 257 257 258 259 258 256 258 263 264 264 266 266 264 261 260 259 258 260 261 265 273 277 275 272 268 264 265 266 266 266 267 265 266 269 274 281 283 279 275 275 280 286 290 288 284 283 284 282 280 281 285 284 282
275 275 274 273 272 272 272 272 271 271 272 273 275 276 276 275 273 271 269 269 269 267 264 260 257 254 253 258 263 264 263 263 264 265 262 260 260 261 262 260 259 259 258 255 255 254 252 251 254 259 262 263 264 265 266 267 264 260 256 255 259 263 269 277 280 278 275 273 274 275 272 269 269 271 274 276 276 278 281 284 282 280 279 282 285 288 285 281 281 284 282 277 277 282 282 278
275 275 274 273 273 272 272 271 271 271 272 273 274 274 275 275 275 276 273 271 269 267 263 258 254 251 253 257 261 262 263 265 265 264 262 261 262 263 262 260 259 258 255 255 255 253 249 247 251 257 260 261 263 263 266 269 268 262 255 255 261 266 272 277 280 279 277 280 287 288 280 275 275 278 282 282 280 278 277 278 282 283 283 281 279 280 281 277 275 278 279 275 272 274 275 273
275 274 274 273 273 272 272 271 271 271 272 273 274 275 273 273 275 277 277 272 268 265 261 257 254 254 255 258 260 260 262 265 266 264 264 264 261 260 259 258 258 254 252 256 258 255 254 253 252 252 256 261 262 263 266 269 271 267 261 260 265 270 275 277 276 277 280 284 290 297 293 285 282 281 282 282 280 277 273 276 282 284 283 278 274 274 276 272 266 266 271 270 266 266 269 270
274 274 274 273 273 272 272 271 271 271 272 273 275 278 276 274 273 274 275 272 268 264 261 257 255 257 258 257 258 259 262 264 264 263 263 261 259 257 256 254 254 252 253 258 259 257 259 262 259 255 257 261 263 266 266 266 268 270 269 268 270 274 277 276 273 275 281 284 289 299 303 294 286 282 281 282 279 275 275 280 283 283 279 275 272 270 268 264 260 259 264 266 265 265 267 270
274 274 274 273 272 272 272 271 271 271 272 273 275 279 281 276 272 270 270 270 268 264 261 258 258 258 258 258 259 261 264 263 259 256 256 256 258 258 256 254 255 256 259 259 258 258 259 260 264 266 265 264 266 267 266 263 263 267 272 273 274 276 277 276 273 274 278 284 287 293 301 297 289 287 286 284 281 280 282 282 280 277 274 271 267 264 261 259 261 265 267 267 266 266 268 270
274 274 273 273 272 272 272 271 272 272 272 273 274 277 281 278 273 269 267 266 265 263 261 260 260 259 258 260 262 262 261 257 252 250 251 254 258 258 257 257 259 260 261 260 258 260 262 261 266 271 272 270 268 267 265 263 263 267 272 275 275 276 276 276 276 276 278 282 285 286 292 297 295 294 293 289 287 285 282 277 271 270 268 264 261 260 260 260 266 274 276 271 268 268 269 269
274 274 273 273 272 272 272 272 272 271 271 272 273 275 278 277 274 270 267 264 263 262 262 262 262 260 260 261 263 261 257 252 249 249 252 255 258 259 260 260 261 261 261 261 261 262 266 269 269 270 271 272 270 268 266 267 268 269 272 276 275 274 274 276 278 279 278 279 281 284 290 297 296 294 295 294 289 282 274 267 266 267 267 265 262 261 263 266 270 276 281 277 272 272 271 269
274 274 273 273 272 272 272 272 272 271 271 271 272 273 274 275 273 269 266 264 263 263 263 263 262 261 261 260 260 259 255 251 249 251 255 258 260 262 263 263 263 262 262 262 262 265 269 271 271 269 269 272 273 273 272 271 270 269 272 274 273 271 273 276 278 279 278 277 281 287 292 296 293 291 293 293 286 276 270 268 270 271 273 273 270 267 267 268 270 275 283 284 277 275 274 272
274 274 274 273 272 272 271 271 271 271 271 271 271 272 272 272 270 268 266 265 264 264 263 263 262 261 260 259 258 257 254 250 250 253 258 260 262 264 264 263 262 262 262 262 265 268 269 269 270 270 270 272 275 277 277 274 272 271 270 271 271 270 273 277 279 280 281 282 286 289 290 290 287 287 290 292 285 276 273 273 275 277 277 278 277 272 269 268 271 276 283 288 280 276 276 277
274 274 273 273 272 272 271 271 270 270 271 270 270 271 271 270 269 267 266 266 265 264 264 263 262 261 259 258 257 256 255 252 252 258 262 263 263 263 263 262 261 260 261 264 267 268 268 269 272 272 272 273 275 277 278 277 276 274 271 269 269 270 273 278 281 284 286 287 287 286 283 280 280 283 288 293 290 280 275 275 277 277 277 279 281 277 272 271 274 278 284 290 282 277 279 282
274 273 273 272 272 272 271 270 270 270 271 270 270 270 270 269 268 267 267 266 265 264 264 263 262 260 259 258 257 257 257 256 259 263 264 264 263 261 260 260 260 260 262 264 266 268 271 272 273 273 273 273 273 274 278 279 279 277 273 269 268 270 273 279 285 289 291 289 284 278 274 274 277 281 288 297 298 287 279 275 273 273 275 279 283 282 279 278 278 280 284 290 284 279 280 283
274 273 273 273 272 271 271 270 270 270 271 270 269 269 269 269 268 268 267 266 265 264 263 262 261 259 258 256 257 258 260 262 265 264 263 263 262 261 261 262 263 264 264 264 268 272 272 271 272 273 272 272 273 275 278 280 280 279 276 271 269 271 275 283 290 293 291 285 277 270 269 272 277 283 289 297 300 293 285 276 271 271 273 276 282 287 288 284 280 280 283 287 283 279 280 283
274 274 273 272 272 271 270 270 270 270 270 270 269 269 268 268 268 268 267 266 265 264 263 262 260 258 255 254 257 261 264 266 267 265 263 262 261 262 264 266 267 267 266 268 271 272 269 269 270 272 273 273 274 276 278 280 280 279 277 275 271 273 279 286 290 289 284 276 267 264 266 274 282 287 289 290 293 294 290 282 275 273 273 273 278 286 290 287 281 280 282 284 282 280 281 282
274 273 273 272 272 271 270 270 270 270 269 269 270 269 268 268 268 268 267 266 266 265 263 262 259 255 251 252 258 263 265 268 270 268 265 262 260 263 267 269 269 270 271 273 272 268 266 268 269 271 273 273 275 277 279 281 280 276 275 276 277 281 285 287 286 283 277 268 261 262 270 282 287 288 287 284 283 289 294 292 285 280 276 274 276 282 289 287 283 282 285 290 284 281 281 282
273 273 273 272 272 271 270 270 270 270 269 269 269 269 268 268 268 268 267 267 266 265 264 262 259 253 249 253 258 260 263 268 272 273 270 264 260 263 268 272 273 274 276 275 272 268 266 268 270 272 271 272 274 277 282 284 278 272 273 279 285 289 289 285 280 274 268 261 260 266 277 286 289 288 287 284 277 282 295 300 294 287 282 279 278 281 285 284 282 282 288 297 290 283 281 282
273 273 272 272 271 271 271 271 270 269 268 268 269 269 269 268 268 268 268 267 266 265 264 262 259 253 250 254 257 257 260 266 272 275 275 271 266 265 269 273 276 277 278 276 273 271 268 267 270 273 272 271 274 278 283 286 277 271 277 285 288 288 287 282 273 267 261 258 264 273 280 285 287 287 287 287 279 279 289 301 299 293 289 286 283 280 279 278 277 279 286 298 296 286 282 282
273 273 272 271 271 271 271 271 270 269 268 268 268 268 269 269 269 269 268 267 267 266 265 264 261 256 255 258 256 253 255 262 268 272 277 279 275 271 272 276 278 279 279 278 276 274 271 268 268 272 275 273 273 276 279 283 279 276 279 285 288 286 282 276 270 265 261 262 272 280 282 284 285 284 284 288 284 279 282 293 301 300 294 289 284 278 274 275 275 275 279 291 298 293 288 286
273 273 272 271 271 271 271 270 269 269 268 268 268 268 269 269 269 269 268 268 268 267 267 266 264 262 264 263 257 252 252 256 262 270 279 286 283 276 276 278 280 280 279 278 277 275 274 273 272 273 274 274 272 272 272 276 281 279 278 283 286 283 275 268 266 265 265 269 277 282 284 282 279 277 281 289 287 279 277 284 297 303 298 289 283 278 278 279 278 274 274 282 293 296 292 289
274 273 272 271 270 271 271 270 269 269 268 268 268 269 269 269 270 269 269 269 269 268 267 267 266 269 271 268 260 254 253 255 261 271 281 289 286 280 278 280 281 279 277 274 273 274 275 277 276 273 271 271 269 267 266 266 272 278 279 279 280 278 268 261 263 268 272 275 277 281 283 278 273 276 285 291 289 280 276 281 292 303 300 291 286 285 285 284 280 275 271 273 282 290 291 289
274 273 272 270 270 271 271 269 269 269 269 268 269 269 269 269 270 270 270 270 269 269 269 268 270 273 274 270 263 258 259 263 267 272 278 286 286 282 280 278 277 275 273 271 270 272 276 277 275 270 269 269 267 264 261 258 265 275 279 277 275 271 262 258 264 273 280 280 277 278 279 276 277 285 292 293 290 283 278 279 287 298 299 294 290 289 286 282 277 273 270 269 271 280 287 289
273 273 272 271 271 271 270 269 269 269 269 269 269 269 269 269 270 270 270 270 270 271 271 271 273 275 276 273 267 264 267 270 270 270 273 283 286 282 278 274 271 270 270 270 270 271 274 273 270 268 269 269 268 265 261 259 266 272 274 275 272 268 261 260 266 276 285 286 279 276 277 280 285 292 297 296 293 287 280 278 281 288 291 293 291 288 284 280 276 273 272 270 269 275 284 292
272 272 271 272 272 271 270 269 269 269 269 269 269 269 269 270 270 270 270 271 272 273 273 274 275 278 280 279 277 275 273 271 268 267 269 281 288 280 274 270 268 267 268 268 268 270 272 269 267 268 269 269 270 268 264 265 271 272 270 268 269 271 268 264 267 273 284 290 282 277 280 286 289 293 298 299 298 293 284 277 274 277 283 289 293 290 285 283 280 276 274 273 275 279 287 297
273 272 271 271 271 270 270 269 269 269 270 270 270 270 270 270 270 270 271 272 273 274 275 277 278 279 280 282 283 282 277 272 269 268 269 275 284 278 271 268 266 264 264 265 266 270 270 268 268 269 269 269 269 269 269 271 275 275 270 266 267 271 276 271 267 270 278 288 288 285 285 287 286 289 294 298 299 295 286 275 269 272 278 284 292 293 286 285 285 280 277 278 282 286 291 297
273 272 272 271 271 270 270 269 269 270 270 270 270 270 270 270 271 271 272 273 273 274 276 278 280 280 281 282 284 285 283 279 276 274 271 268 271 271 267 263 262 260 262 263 266 269 270 269 270 270 269 269 269 271 273 275 276 276 273 268 267 270 278 279 271 268 273 284 292 291 287 282 280 283 289 296 297 291 285 279 273 270 272 275 283 293 291 287 288 287 285 285 285 285 288 295
273 273 273 272 271 269 270 270 270 270 270 271 271 271 271 271 272 272 273 273 274 275 276 278 280 281 283 284 286 288 289 287 282 277 271 264 260 260 260 259 259 260 262 264 267 270 271 271 271 270 270 271 272 274 276 277 275 274 274 270 269 271 279 285 278 270 272 280 289 290 283 276 276 282 289 294 295 289 284 284 282 274 268 267 273 289 298 292 289 293 291 288 285 283 288 297
273 273 273 272 270 269 270 270 271 271 271 271 271 272 272 272 273 273 273 274 275 276 277 278 280 283 286 289 291 291 291 289 284 277 269 263 255 251 254 257 260 263 265 267 270 271 272 272 271 271 274 276 276 276 277 278 276 274 273 272 270 271 278 287 284 275 273 277 282 280 274 274 281 289 293 291 294 294 285 284 287 281 273 268 272 285 301 300 293 294 294 289 286 287 291 298
273 273 273 272 271 270 270 271 272 272 272 272 272 272 273 273 273 274 274 275 275 276 277 279 281 283 287 293 295 291 289 287 282 276 269 261 249 250 256 260 262 266 269 271 272 273 274 274 272 273 276 280 280 276 277 281 280 276 274 273 271 270 274 283 285 278 275 276 276 272 275 283 289 292 291 288 296 305 288 282 287 287 280 275 276 282 296 305 298 295 295 291 288 289 290 290
273 273 273 272 271 271 271 272 273 273 273 273 273 273 273 274 274 274 275 276 276 277 278 279 281 283 288 294 295 289 286 285 282 277 270 258 248 254 259 261 265 269 272 275 274 273 275 276 276 275 276 281 284 281 280 283 285 281 277 274 270 265 264 271 280 278 276 275 272 275 284 290 289 286 284 288 298 315 299 282 282 285 283 281 279 281 291 304 303 297 295 292 289 288 286 287
273 273 273 272 272 272 273 273 274 274 274 273 274 274 274 274 275 275 276 276 277 278 278 279 281 283 287 291 292 288 285 285 283 278 269 259 258 261 261 263 267 271 275 277 276 275 276 278 279 277 276 281 289 289 282 280 282 281 276 271 265 258 255 262 275 278 275 274 275 282 289 287 282 282 285 290 301 322 309 286 279 279 282 283 281 283 292 302 303 298 296 290 285 283 284 288
273 273 273 274 273 274 275 275 275 275 275 275 275 275 275 275 275 276 276 277 278 278 279 279 281 283 286 288 290 288 285 284 283 279 272 267 267 268 269 269 271 273 275 276 279 279 278 278 279 278 277 280 287 289 282 275 273 274 271 266 260 256 257 262 270 277 276 275 281 286 285 279 279 288 291 293 303 324 311 289 280 279 281 283 285 289 295 300 300 298 296 288 280 278 284 291
273 273 274 274 274 275 276 276 275 276 276 276 276 276 276 276 276 276 277 277 278 278 279 280 281 282 284 286 289 289 286 283 283 282 280 278 275 277 279 278 275 273 272 276 280 280 277 273 274 277 278 278 280 281 278 272 267 266 265 263 261 263 267 266 268 276 281 281 284 284 277 276 283 292 295 295 304 323 311 291 284 284 284 286 290 292 291 290 292 295 294 288 280 281 288 297
273 274 274 275 276 277 277 277 276 277 277 277 277 277 277 277 277 277 277 278 278 279 280 280 280 282 283 285 288 288 285 283 284 285 288 289 287 285 283 280 276 272 274 277 277 273 269 268 272 277 278 276 273 273 272 269 264 262 262 263 267 273 276 274 273 279 285 286 284 280 277 280 285 292 295 296 303 318 308 292 288 289 291 292 291 287 280 279 285 291 292 291 286 285 288 295
273 274 274 276 278 278 277 278 278 278 278 278 278 278 278 278 278 278 278 278 279 279 280 280 281 282 283 285 286 286 286 285 285 287 291 295 294 288 283 279 276 275 276 276 271 266 266 270 276 280 280 274 268 266 265 263 261 260 263 268 273 277 281 282 284 284 285 286 284 281 281 281 282 287 289 289 294 303 295 291 292 295 295 292 285 274 272 276 280 285 289 291 290 287 286 288
