windninja/windninja_output/Output_2025-08-24_1000-1050_Google earth_Fire_150m_10min/merlingen_7.5mi_point_08-24-2025_1040_150m_vel.asc
ncols	158
nrows	163
xllcorner	391686.332397
yllcorner	5160024.123721
cellsize	150.000000
NODATA_value	-32768.000000
[rows 76 to 113 of 163, columns 0 to 83 of 158]
1.68 1.71 1.69 1.58 1.57 1.64 1.59 1.51 1.47 1.42 1.38 1.33 1.29 1.29 1.27 1.23 1.22 1.23 1.21 1.19 1.19 1.19 1.20 1.19 1.13 1.02 1.05 1.17 1.24 1.32 1.37 1.37 1.37 1.38 1.35 1.29 1.28 1.29 1.29 1.26 1.25 1.26 1.28 1.30 1.31 1.33 1.34 1.35 1.36 1.37 1.38 1.38 1.38 1.38 1.38 1.38 1.38 1.37 1.37 1.36 1.36 1.35 1.34 1.32 1.31 1.29 1.27 1.26 1.23 1.19 1.14 1.08 1.03 0.96 0.90 0.89 0.79 0.62 0.66 1.19 1.86 2.03 1.81 1.41
1.61 1.67 1.73 1.72 1.74 1.74 1.65 1.58 1.57 1.52 1.48 1.41 1.36 1.37 1.34 1.30 1.29 1.29 1.27 1.25 1.24 1.25 1.26 1.25 1.14 1.04 1.14 1.27 1.28 1.29 1.34 1.40 1.41 1.44 1.49 1.42 1.37 1.37 1.34 1.31 1.28 1.29 1.32 1.34 1.36 1.37 1.39 1.40 1.41 1.42 1.42 1.43 1.43 1.43 1.42 1.42 1.41 1.41 1.40 1.40 1.39 1.38 1.37 1.36 1.35 1.33 1.31 1.29 1.26 1.23 1.18 1.13 1.09 1.03 0.95 0.90 0.79 0.65 0.77 1.35 1.78 1.56 1.33 1.29
1.45 1.44 1.66 1.98 2.01 1.88 1.76 1.72 1.74 1.68 1.56 1.46 1.43 1.44 1.41 1.37 1.37 1.36 1.32 1.30 1.30 1.32 1.34 1.28 1.11 1.09 1.27 1.37 1.32 1.26 1.30 1.44 1.50 1.54 1.60 1.55 1.44 1.41 1.41 1.37 1.30 1.30 1.35 1.38 1.40 1.42 1.43 1.45 1.46 1.47 1.48 1.48 1.47 1.47 1.46 1.46 1.45 1.45 1.44 1.44 1.43 1.42 1.41 1.40 1.39 1.37 1.35 1.33 1.30 1.27 1.22 1.17 1.13 1.08 1.01 0.93 0.81 0.72 0.83 1.28 1.50 1.15 1.07 1.22
1.13 1.11 1.54 2.24 2.57 2.38 2.07 1.93 1.97 1.83 1.59 1.49 1.48 1.50 1.49 1.45 1.43 1.41 1.35 1.34 1.36 1.38 1.40 1.29 1.11 1.16 1.39 1.46 1.39 1.29 1.30 1.46 1.56 1.61 1.68 1.64 1.51 1.44 1.48 1.45 1.33 1.31 1.38 1.41 1.43 1.45 1.48 1.50 1.52 1.53 1.54 1.53 1.52 1.51 1.50 1.50 1.49 1.49 1.48 1.47 1.47 1.46 1.45 1.44 1.43 1.41 1.39 1.37 1.34 1.31 1.27 1.21 1.17 1.13 1.06 0.97 0.87 0.79 0.86 1.10 1.12 0.88 0.92 1.07
0.76 0.92 1.54 2.28 3.06 3.27 2.63 2.22 2.14 1.87 1.56 1.48 1.52 1.55 1.54 1.50 1.48 1.44 1.39 1.39 1.42 1.45 1.44 1.33 1.17 1.24 1.47 1.53 1.46 1.36 1.37 1.50 1.58 1.65 1.74 1.71 1.55 1.48 1.55 1.54 1.37 1.31 1.40 1.43 1.46 1.50 1.52 1.56 1.60 1.62 1.61 1.59 1.57 1.55 1.54 1.53 1.53 1.52 1.52 1.51 1.51 1.50 1.49 1.48 1.46 1.45 1.43 1.41 1.38 1.35 1.31 1.25 1.21 1.18 1.11 1.03 0.94 0.84 0.84 0.88 0.76 0.69 0.77 0.89
0.46 0.97 1.85 2.70 3.62 3.40 2.47 2.17 2.06 1.77 1.51 1.46 1.53 1.56 1.58 1.54 1.50 1.48 1.44 1.44 1.47 1.50 1.51 1.41 1.25 1.30 1.52 1.57 1.53 1.48 1.48 1.56 1.61 1.65 1.74 1.73 1.60 1.55 1.60 1.60 1.44 1.32 1.40 1.46 1.50 1.54 1.55 1.59 1.72 1.76 1.70 1.65 1.61 1.59 1.57 1.57 1.56 1.56 1.56 1.55 1.54 1.54 1.53 1.52 1.50 1.49 1.47 1.45 1.42 1.39 1.35 1.30 1.26 1.22 1.16 1.09 1.00 0.89 0.83 0.74 0.54 0.54 0.66 0.75
0.82 1.40 2.47 3.63 3.83 2.63 1.77 1.69 1.65 1.52 1.37 1.37 1.49 1.58 1.60 1.55 1.50 1.53 1.52 1.49 1.53 1.56 1.58 1.47 1.30 1.38 1.59 1.62 1.60 1.59 1.57 1.59 1.59 1.61 1.68 1.72 1.70 1.64 1.65 1.64 1.50 1.39 1.42 1.51 1.57 1.62 1.62 1.67 1.86 1.93 1.82 1.72 1.64 1.61 1.60 1.59 1.60 1.60 1.60 1.59 1.58 1.57 1.57 1.56 1.54 1.53 1.51 1.49 1.46 1.43 1.39 1.35 1.30 1.26 1.21 1.14 1.06 0.95 0.84 0.70 0.49 0.40 0.54 0.69
2.79 2.83 3.31 3.58 2.98 2.03 1.55 1.32 1.23 1.18 1.15 1.30 1.46 1.56 1.61 1.55 1.53 1.59 1.58 1.57 1.61 1.63 1.64 1.55 1.41 1.50 1.67 1.67 1.64 1.64 1.62 1.60 1.57 1.59 1.64 1.71 1.77 1.75 1.73 1.66 1.55 1.49 1.52 1.62 1.70 1.76 1.78 1.85 2.02 2.04 1.89 1.76 1.68 1.62 1.60 1.61 1.63 1.64 1.64 1.63 1.62 1.61 1.61 1.59 1.58 1.57 1.55 1.53 1.50 1.47 1.44 1.40 1.35 1.31 1.26 1.20 1.12 1.00 0.88 0.72 0.49 0.34 0.41 0.73
3.71 3.40 2.99 2.60 2.17 1.83 1.39 1.09 1.04 1.05 1.18 1.34 1.43 1.55 1.62 1.58 1.57 1.65 1.68 1.67 1.70 1.70 1.69 1.66 1.59 1.61 1.70 1.68 1.64 1.67 1.67 1.61 1.57 1.57 1.64 1.73 1.82 1.84 1.80 1.71 1.64 1.62 1.65 1.72 1.79 1.85 1.89 1.99 2.07 2.01 1.86 1.77 1.70 1.59 1.57 1.62 1.66 1.68 1.68 1.67 1.67 1.66 1.65 1.63 1.62 1.61 1.59 1.57 1.55 1.52 1.48 1.44 1.40 1.36 1.31 1.26 1.17 1.07 0.94 0.77 0.56 0.46 0.48 0.92
4.42 3.60 2.56 2.31 2.12 1.79 1.29 1.11 1.19 1.27 1.38 1.40 1.44 1.56 1.65 1.65 1.62 1.73 1.78 1.77 1.79 1.77 1.77 1.82 1.77 1.65 1.65 1.67 1.69 1.72 1.67 1.62 1.57 1.55 1.68 1.80 1.85 1.90 1.87 1.82 1.75 1.71 1.73 1.77 1.83 1.89 1.98 2.08 2.09 1.98 1.85 1.77 1.68 1.59 1.58 1.64 1.70 1.72 1.72 1.72 1.71 1.70 1.69 1.67 1.66 1.64 1.63 1.61 1.59 1.56 1.53 1.49 1.45 1.41 1.37 1.31 1.23 1.13 1.01 0.85 0.68 0.66 0.78 1.33
4.81 3.80 2.62 2.37 2.18 1.85 1.41 1.36 1.53 1.59 1.51 1.42 1.49 1.56 1.67 1.69 1.66 1.79 1.85 1.87 1.87 1.83 1.90 2.02 1.93 1.68 1.61 1.69 1.77 1.75 1.65 1.66 1.62 1.59 1.75 1.86 1.86 1.92 1.98 1.96 1.87 1.78 1.76 1.79 1.86 1.95 2.07 2.17 2.15 2.00 1.83 1.73 1.70 1.67 1.65 1.70 1.75 1.77 1.78 1.78 1.76 1.74 1.72 1.71 1.69 1.68 1.67 1.65 1.63 1.60 1.57 1.54 1.50 1.46 1.42 1.37 1.30 1.21 1.11 0.98 0.87 0.92 1.13 1.77
4.68 3.70 2.74 2.48 2.17 1.94 1.69 1.69 1.87 1.82 1.52 1.45 1.58 1.55 1.65 1.71 1.67 1.83 1.96 2.03 1.98 1.94 2.19 2.44 2.18 1.73 1.62 1.73 1.79 1.73 1.66 1.71 1.71 1.69 1.78 1.85 1.84 1.94 2.07 2.09 2.00 1.85 1.76 1.79 1.88 2.01 2.16 2.24 2.21 2.04 1.84 1.75 1.72 1.72 1.75 1.78 1.82 1.84 1.85 1.84 1.81 1.78 1.76 1.74 1.73 1.71 1.70 1.69 1.67 1.65 1.62 1.59 1.55 1.52 1.47 1.43 1.37 1.31 1.23 1.14 1.08 1.16 1.39 1.90
4.20 3.63 2.92 2.59 2.20 2.01 2.00 1.97 1.95 1.86 1.61 1.61 1.69 1.56 1.63 1.67 1.66 1.91 2.15 2.30 2.24 2.31 2.93 3.07 2.35 1.65 1.56 1.68 1.71 1.71 1.71 1.75 1.78 1.77 1.80 1.85 1.85 1.92 2.08 2.19 2.14 1.97 1.81 1.79 1.88 2.05 2.23 2.29 2.24 2.10 1.94 1.82 1.74 1.77 1.83 1.86 1.90 1.94 1.94 1.91 1.87 1.82 1.78 1.76 1.76 1.75 1.74 1.73 1.71 1.69 1.67 1.64 1.61 1.57 1.53 1.49 1.45 1.41 1.35 1.28 1.24 1.28 1.47 1.92
3.86 3.62 3.08 2.59 2.26 2.08 2.09 2.06 1.89 1.95 2.03 1.90 1.72 1.56 1.53 1.52 1.70 2.06 2.45 2.73 2.82 3.29 3.69 3.07 1.84 1.30 1.38 1.58 1.65 1.71 1.76 1.80 1.83 1.83 1.87 1.92 1.87 1.86 2.01 2.22 2.26 2.12 1.93 1.83 1.89 2.06 2.23 2.34 2.31 2.19 2.07 1.93 1.84 1.85 1.87 1.88 1.94 2.02 2.10 2.07 1.92 1.82 1.79 1.78 1.78 1.78 1.77 1.76 1.75 1.73 1.71 1.68 1.66 1.63 1.60 1.56 1.53 1.49 1.45 1.40 1.37 1.38 1.50 1.80
3.87 3.53 2.90 2.50 2.33 2.15 2.04 2.01 1.91 2.18 2.47 2.09 1.63 1.49 1.42 1.44 1.75 2.23 2.89 3.55 4.02 4.20 3.55 2.17 1.20 0.97 1.23 1.50 1.63 1.72 1.80 1.86 1.88 1.87 1.94 2.01 1.92 1.86 1.95 2.19 2.34 2.25 2.07 1.93 1.93 2.03 2.17 2.37 2.43 2.32 2.21 2.09 2.00 1.93 1.82 1.81 1.92 2.14 2.42 2.29 1.93 1.77 1.78 1.79 1.80 1.81 1.81 1.80 1.79 1.78 1.76 1.73 1.71 1.68 1.66 1.63 1.60 1.57 1.54 1.51 1.49 1.49 1.53 1.73
3.87 3.37 2.75 2.61 2.58 2.33 2.10 1.99 1.96 2.39 2.69 2.13 1.53 1.43 1.43 1.52 1.80 2.27 3.21 4.50 4.81 3.99 2.36 1.32 0.80 0.79 1.15 1.45 1.62 1.74 1.85 1.91 1.95 1.95 2.01 2.09 2.01 1.96 1.97 2.10 2.31 2.32 2.20 2.09 2.01 2.02 2.14 2.36 2.52 2.52 2.40 2.27 2.16 1.99 1.73 1.71 2.02 2.42 2.70 2.39 1.84 1.68 1.73 1.79 1.82 1.83 1.84 1.84 1.83 1.82 1.80 1.78 1.76 1.74 1.72 1.69 1.67 1.65 1.62 1.61 1.61 1.59 1.62 1.77
3.80 3.38 2.88 2.83 2.87 2.72 2.52 2.29 2.05 2.39 2.70 2.15 1.58 1.48 1.51 1.70 1.97 2.43 3.74 4.96 4.48 2.35 1.20 0.73 0.51 0.70 1.14 1.45 1.65 1.79 1.89 1.99 2.06 2.07 2.09 2.14 2.11 2.08 2.06 2.04 2.12 2.28 2.35 2.26 2.12 2.04 2.10 2.32 2.58 2.72 2.64 2.48 2.31 2.05 1.74 1.82 2.35 2.66 2.65 2.27 1.77 1.60 1.69 1.79 1.83 1.87 1.88 1.88 1.87 1.86 1.84 1.83 1.81 1.79 1.77 1.75 1.73 1.72 1.71 1.70 1.70 1.70 1.73 1.82
3.87 3.55 3.12 3.06 3.22 3.21 2.96 2.54 2.10 2.23 2.67 2.38 1.92 1.86 1.83 2.13 2.62 3.34 4.54 4.69 3.12 0.90 0.51 0.46 0.47 0.78 1.21 1.51 1.70 1.85 1.94 2.10 2.23 2.21 2.16 2.16 2.18 2.18 2.16 2.06 1.95 2.09 2.41 2.46 2.23 2.09 2.11 2.30 2.63 2.85 2.95 2.84 2.42 2.07 1.87 2.02 2.47 2.57 2.40 2.18 1.86 1.63 1.67 1.79 1.86 1.91 1.92 1.92 1.91 1.90 1.89 1.88 1.86 1.84 1.82 1.81 1.80 1.79 1.78 1.77 1.77 1.78 1.81 1.87
4.12 3.78 3.28 3.29 3.57 3.45 2.91 2.23 1.82 2.20 2.78 2.64 2.29 2.15 2.14 2.65 3.15 3.74 4.39 3.53 1.79 0.90 0.71 0.63 0.65 0.97 1.34 1.57 1.74 1.87 2.01 2.29 2.48 2.36 2.19 2.18 2.25 2.28 2.26 2.14 1.92 1.90 2.28 2.55 2.36 2.22 2.23 2.38 2.70 2.97 3.33 3.21 2.36 2.00 2.00 2.10 2.35 2.40 2.28 2.16 1.99 1.73 1.71 1.83 1.90 1.95 1.96 1.95 1.95 1.95 1.94 1.93 1.90 1.89 1.88 1.87 1.86 1.85 1.84 1.84 1.84 1.85 1.87 1.92
4.33 3.97 3.48 3.54 3.76 3.38 2.63 1.90 1.67 2.16 2.72 2.63 2.18 1.75 1.83 2.59 3.05 3.55 4.03 2.97 1.68 1.63 1.35 1.07 1.00 1.23 1.45 1.62 1.75 1.89 2.19 2.58 2.71 2.44 2.18 2.21 2.34 2.37 2.34 2.24 2.03 1.88 2.11 2.45 2.48 2.44 2.47 2.60 2.89 3.29 3.61 3.19 2.17 1.90 2.06 2.16 2.28 2.32 2.23 2.15 2.06 1.83 1.79 1.90 1.96 1.98 1.98 1.99 2.00 2.00 1.98 1.96 1.94 1.93 1.93 1.92 1.91 1.90 1.90 1.89 1.89 1.90 1.92 1.95
4.39 4.23 3.86 3.75 3.72 3.17 2.51 1.93 1.72 1.90 2.23 2.30 1.86 1.64 1.84 2.53 2.96 3.85 4.20 2.65 2.14 2.28 1.99 1.58 1.41 1.46 1.54 1.68 1.80 2.02 2.49 2.80 2.77 2.47 2.22 2.28 2.43 2.47 2.43 2.35 2.18 1.98 2.04 2.34 2.56 2.62 2.74 2.98 3.30 3.54 3.37 2.79 2.15 1.90 2.11 2.26 2.27 2.27 2.19 2.14 2.07 1.91 1.90 1.98 2.01 2.01 2.02 2.04 2.06 2.04 2.01 1.99 1.98 1.98 1.98 1.97 1.96 1.96 1.95 1.94 1.94 1.95 1.96 1.97
4.65 4.55 4.16 3.70 3.44 3.10 2.65 2.20 1.93 1.81 1.88 1.67 1.38 1.59 2.02 2.64 3.20 3.94 4.11 3.15 2.70 2.63 2.71 2.34 1.83 1.60 1.59 1.72 1.94 2.25 2.64 2.79 2.74 2.57 2.37 2.40 2.53 2.60 2.56 2.47 2.35 2.13 2.05 2.34 2.64 2.72 2.94 3.27 3.45 3.31 2.87 2.61 2.36 2.07 2.18 2.34 2.32 2.26 2.19 2.15 2.06 1.99 2.01 2.05 2.06 2.06 2.08 2.10 2.10 2.07 2.04 2.03 2.03 2.03 2.03 2.02 2.01 2.01 2.00 1.99 1.99 1.99 1.99 1.99
5.18 4.86 4.12 3.44 3.19 3.12 2.80 2.50 2.29 2.01 1.82 1.56 1.31 1.48 2.13 2.83 3.43 3.66 3.20 3.19 3.11 3.00 3.38 3.09 2.17 1.55 1.56 1.79 2.07 2.39 2.67 2.76 2.78 2.73 2.58 2.57 2.71 2.80 2.72 2.60 2.50 2.30 2.15 2.33 2.60 2.74 3.01 3.33 3.33 3.07 2.76 2.66 2.53 2.31 2.30 2.41 2.43 2.34 2.23 2.16 2.07 2.06 2.13 2.14 2.12 2.12 2.13 2.13 2.12 2.09 2.07 2.07 2.08 2.08 2.08 2.07 2.06 2.06 2.05 2.04 2.03 2.02 2.02 2.02
5.56 4.87 3.87 3.31 3.05 2.90 2.64 2.61 2.52 2.21 2.00 1.75 1.45 1.53 2.13 2.93 3.37 3.09 2.71 2.81 3.10 3.54 4.06 3.49 1.97 1.36 1.61 1.91 2.15 2.47 2.75 2.83 2.87 2.88 2.80 2.82 2.95 3.02 2.93 2.76 2.62 2.47 2.31 2.30 2.54 2.82 3.06 3.22 3.18 2.99 2.85 2.72 2.60 2.53 2.48 2.50 2.51 2.46 2.32 2.17 2.10 2.14 2.23 2.24 2.20 2.19 2.17 2.15 2.12 2.11 2.11 2.11 2.12 2.12 2.12 2.12 2.11 2.10 2.09 2.08 2.07 2.06 2.05 2.04
5.09 4.53 3.78 3.39 3.02 2.75 2.57 2.53 2.50 2.29 2.20 1.97 1.70 1.79 2.15 2.83 3.27 2.79 2.33 2.46 3.11 4.18 4.28 2.81 1.74 1.64 1.89 2.10 2.26 2.56 2.87 3.02 3.06 3.09 3.07 3.09 3.15 3.19 3.19 2.98 2.76 2.64 2.46 2.34 2.53 2.86 3.02 3.07 3.04 2.97 2.94 2.80 2.64 2.67 2.67 2.60 2.51 2.57 2.49 2.23 2.13 2.19 2.30 2.35 2.34 2.26 2.22 2.16 2.11 2.13 2.14 2.15 2.16 2.17 2.17 2.17 2.16 2.15 2.14 2.12 2.11 2.10 2.08 2.06
4.41 4.08 3.70 3.40 2.94 2.71 2.65 2.56 2.43 2.30 2.24 2.05 1.84 1.96 2.28 2.75 3.16 2.79 2.17 2.78 4.03 4.41 3.56 2.69 2.24 2.08 2.20 2.34 2.43 2.68 3.05 3.30 3.38 3.43 3.38 3.29 3.26 3.35 3.49 3.28 2.91 2.74 2.59 2.44 2.49 2.72 2.95 3.02 2.97 2.96 2.96 2.85 2.73 2.73 2.78 2.67 2.54 2.68 2.64 2.33 2.17 2.20 2.34 2.49 2.49 2.36 2.26 2.15 2.06 2.11 2.18 2.21 2.21 2.22 2.22 2.21 2.21 2.20 2.19 2.17 2.15 2.13 2.11 2.09
3.91 3.73 3.48 3.24 2.89 2.70 2.67 2.60 2.45 2.31 2.23 2.09 1.83 1.81 2.16 2.69 3.10 2.93 2.58 3.47 4.36 3.56 2.99 2.90 2.64 2.48 2.50 2.57 2.61 2.86 3.29 3.64 3.76 3.79 3.69 3.50 3.45 3.61 3.76 3.52 3.05 2.79 2.71 2.58 2.53 2.69 2.95 3.02 2.95 2.93 2.90 2.88 2.82 2.78 2.85 2.73 2.66 2.74 2.68 2.51 2.31 2.26 2.39 2.56 2.62 2.46 2.26 2.09 1.98 2.07 2.26 2.31 2.26 2.24 2.26 2.26 2.26 2.26 2.24 2.22 2.19 2.17 2.14 2.12
3.55 3.42 3.21 3.04 2.85 2.71 2.65 2.59 2.50 2.34 2.23 2.14 1.84 1.71 1.99 2.55 3.14 3.08 2.97 3.78 4.07 3.41 3.17 3.13 2.93 2.85 2.91 2.85 2.84 3.17 3.57 3.88 4.11 4.13 4.03 3.86 3.77 3.85 3.89 3.65 3.21 2.92 2.85 2.75 2.68 2.74 2.89 2.94 2.86 2.83 2.85 2.92 2.92 2.85 2.91 2.83 2.76 2.74 2.71 2.69 2.53 2.38 2.39 2.56 2.70 2.54 2.26 2.05 1.93 2.06 2.37 2.45 2.30 2.25 2.29 2.31 2.33 2.32 2.29 2.26 2.24 2.21 2.18 2.14
3.22 3.12 2.96 2.89 2.80 2.71 2.64 2.55 2.53 2.45 2.30 2.21 2.01 1.95 2.11 2.46 3.08 3.16 3.09 3.54 3.70 3.61 3.53 3.37 3.16 3.19 3.39 3.33 3.26 3.62 3.83 4.03 4.38 4.46 4.38 4.32 4.17 4.03 3.96 3.79 3.45 3.14 3.00 2.94 2.83 2.74 2.78 2.79 2.71 2.75 2.88 2.96 3.00 2.96 2.93 2.87 2.80 2.77 2.80 2.80 2.66 2.46 2.40 2.60 2.72 2.58 2.30 2.04 1.92 2.09 2.44 2.54 2.38 2.27 2.30 2.39 2.43 2.40 2.35 2.32 2.29 2.26 2.21 2.16
2.89 2.81 2.71 2.75 2.78 2.72 2.64 2.52 2.54 2.61 2.48 2.36 2.29 2.19 2.22 2.45 2.86 3.03 3.01 3.19 3.29 3.45 3.63 3.51 3.38 3.47 3.78 3.83 3.83 4.13 4.17 4.34 4.60 4.67 4.74 4.88 4.75 4.39 4.20 4.02 3.74 3.35 3.17 3.14 2.97 2.81 2.76 2.72 2.64 2.73 2.94 3.00 3.01 3.02 2.96 2.87 2.81 2.80 2.87 2.88 2.71 2.53 2.53 2.67 2.68 2.60 2.40 2.07 1.92 2.13 2.40 2.54 2.54 2.36 2.36 2.54 2.57 2.44 2.37 2.39 2.38 2.31 2.23 2.18
2.53 2.49 2.46 2.59 2.76 2.74 2.63 2.51 2.58 2.79 2.72 2.59 2.50 2.33 2.32 2.40 2.62 2.81 2.77 2.84 3.08 3.41 3.41 3.37 3.56 3.70 3.99 4.24 4.53 4.72 4.77 4.84 4.64 4.62 5.20 5.76 5.51 4.85 4.45 4.19 3.86 3.48 3.38 3.32 3.08 2.93 2.80 2.70 2.66 2.74 2.96 3.01 2.95 3.00 3.02 2.90 2.80 2.80 2.89 2.93 2.78 2.64 2.67 2.72 2.68 2.62 2.48 2.12 1.91 2.12 2.36 2.49 2.65 2.61 2.59 2.73 2.67 2.42 2.39 2.55 2.55 2.36 2.22 2.18
2.14 2.16 2.24 2.45 2.68 2.75 2.69 2.59 2.65 2.95 2.98 2.80 2.55 2.37 2.40 2.35 2.46 2.58 2.48 2.54 2.98 3.52 3.22 2.92 3.42 3.89 4.08 4.41 5.17 5.52 5.38 5.09 4.28 4.50 6.06 6.79 6.06 4.93 4.50 4.35 3.95 3.66 3.63 3.49 3.27 3.12 2.92 2.80 2.74 2.72 2.86 2.94 2.87 2.92 3.00 2.96 2.85 2.82 2.87 2.90 2.89 2.83 2.77 2.76 2.73 2.61 2.50 2.23 1.92 2.02 2.35 2.55 2.70 2.82 2.83 2.86 2.76 2.52 2.51 2.71 2.69 2.40 2.20 2.15
1.77 1.83 2.06 2.38 2.62 2.76 2.85 2.78 2.82 2.99 3.02 2.79 2.40 2.38 2.55 2.48 2.43 2.36 2.27 2.40 2.94 3.58 3.25 2.56 2.90 3.73 4.11 4.26 5.49 6.37 5.72 5.13 4.07 4.69 7.13 7.37 5.90 4.79 4.76 4.74 4.12 3.80 3.86 3.74 3.48 3.28 3.11 2.96 2.78 2.68 2.74 2.84 2.84 2.84 2.90 2.94 2.93 2.89 2.88 2.85 2.93 3.03 2.91 2.76 2.75 2.61 2.49 2.35 2.03 1.93 2.26 2.66 2.85 2.92 2.98 3.00 2.93 2.76 2.60 2.69 2.74 2.50 2.23 2.12
1.44 1.57 1.99 2.47 2.75 2.89 2.91 2.83 2.81 2.81 2.89 2.80 2.42 2.47 2.79 2.80 2.48 2.04 2.10 2.62 3.27 3.64 3.18 2.44 2.40 3.24 3.96 4.14 5.58 6.82 5.94 5.23 4.52 5.31 7.76 7.37 5.58 5.14 5.40 4.93 3.86 3.77 4.16 3.94 3.57 3.45 3.31 3.02 2.75 2.66 2.69 2.77 2.81 2.78 2.79 2.84 2.92 3.01 2.99 2.83 2.87 3.16 3.08 2.72 2.72 2.71 2.51 2.42 2.19 1.94 2.10 2.70 3.08 3.04 3.06 3.11 3.10 2.94 2.68 2.66 2.76 2.69 2.38 2.10
1.28 1.52 2.15 2.64 2.81 2.82 2.69 2.65 2.70 2.72 2.87 2.86 2.54 2.61 3.05 3.17 2.49 1.57 1.86 2.88 3.74 3.84 3.03 2.36 2.21 2.70 3.51 4.07 5.74 7.00 6.21 5.42 5.02 6.03 8.16 7.65 6.14 6.04 5.64 4.39 3.55 4.06 4.46 3.97 3.65 3.65 3.40 3.00 2.78 2.72 2.69 2.69 2.67 2.69 2.75 2.76 2.82 3.07 3.14 2.84 2.77 3.12 3.15 2.76 2.72 2.84 2.68 2.46 2.25 2.01 2.08 2.70 3.23 3.18 3.13 3.18 3.16 3.04 2.83 2.76 2.79 2.83 2.55 2.14
1.31 1.64 2.25 2.56 2.61 2.57 2.50 2.55 2.62 2.66 2.83 2.98 2.74 2.77 3.33 3.48 2.44 1.10 1.50 2.88 4.07 4.29 3.11 2.25 2.21 2.58 3.10 3.74 5.32 6.87 6.78 5.78 5.30 6.57 8.70 8.44 7.24 6.57 5.36 3.98 3.86 4.35 4.49 4.09 3.87 3.70 3.30 2.96 2.85 2.79 2.68 2.55 2.44 2.59 2.79 2.71 2.69 3.02 3.22 2.92 2.72 2.96 3.10 2.90 2.80 2.94 2.93 2.59 2.27 2.12 2.20 2.70 3.21 3.26 3.23 3.27 3.18 3.07 3.03 2.97 2.91 2.92 2.67 2.25
1.30 1.62 2.10 2.31 2.40 2.40 2.41 2.48 2.57 2.55 2.73 3.24 3.18 2.97 3.50 3.68 2.37 0.83 1.10 2.55 3.93 4.64 3.65 2.17 2.13 2.97 3.31 3.65 4.47 5.99 7.01 6.57 5.92 7.34 9.39 9.04 7.68 6.29 4.55 3.92 3.86 3.90 4.31 4.56 4.21 3.68 3.18 2.91 2.85 2.80 2.68 2.44 2.30 2.54 2.79 2.67 2.59 2.89 3.21 3.05 2.75 2.79 2.99 3.00 2.91 2.97 3.06 2.83 2.46 2.26 2.31 2.69 3.12 3.27 3.31 3.36 3.25 3.09 3.15 3.20 3.13 3.05 2.73 2.34
1.26 1.50 1.86 2.11 2.31 2.36 2.35 2.42 2.49 2.44 2.66 3.46 3.61 3.15 3.54 3.84 2.47 0.92 1.05 2.05 3.40 4.66 4.24 2.41 2.30 3.57 3.86 4.03 4.14 4.74 6.29 7.16 7.32 8.68 10.04 8.92 6.93 5.28 4.04 3.58 3.20 3.46 4.61 5.12 4.35 3.46 3.06 2.97 2.90 2.84 2.71 2.44 2.30 2.47 2.70 2.66 2.56 2.73 3.11 3.12 2.83 2.68 2.89 3.11 2.95 2.94 3.07 2.99 2.81 2.52 2.44 2.76 3.09 3.19 3.31 3.47 3.39 3.19 3.18 3.28 3.41 3.24 2.71 2.38
