windninja/windninja_output/Output_2025-08-24_1000-1050_Google earth_Fire_150m_10min/merlingen_7.5mi_point_08-24-2025_1050_150m_vel.asc
ncols	158
nrows	163
xllcorner	391686.332397
yllcorner	5160024.123721
cellsize	150.000000
NODATA_value	-32768.000000
[rows 38 to 75 of 163, columns 0 to 83 of 158]
0.76 0.78 0.82 0.85 0.86 0.87 0.89 0.90 0.90 0.91 0.92 0.90 0.90 0.90 0.89 0.88 0.86 0.84 0.83 0.81 0.78 0.76 0.73 0.70 0.66 0.61 0.55 0.51 0.52 0.56 0.56 0.54 0.56 0.60 0.64 0.63 0.60 0.59 0.57 0.52 0.48 0.45 0.43 0.42 0.41 0.40 0.39 0.40 0.40 0.39 0.40 0.41 0.40 0.39 0.40 0.43 0.43 0.44 0.46 0.49 0.50 0.47 0.42 0.38 0.37 0.46 0.64 0.70 0.52 0.35 0.39 0.53 0.61 0.52 0.36 0.37 0.44 0.40 0.41 0.47 0.42 0.38 0.39 0.48
0.80 0.82 0.83 0.86 0.87 0.87 0.88 0.90 0.90 0.89 0.90 0.89 0.88 0.89 0.89 0.87 0.85 0.83 0.81 0.80 0.77 0.75 0.72 0.69 0.65 0.60 0.54 0.49 0.48 0.52 0.53 0.51 0.51 0.54 0.58 0.59 0.59 0.61 0.61 0.56 0.50 0.46 0.44 0.44 0.45 0.44 0.43 0.42 0.42 0.44 0.44 0.45 0.48 0.51 0.54 0.55 0.55 0.56 0.57 0.57 0.54 0.47 0.40 0.37 0.38 0.46 0.66 0.67 0.46 0.41 0.55 0.64 0.57 0.39 0.31 0.46 0.52 0.41 0.40 0.47 0.41 0.35 0.39 0.52
0.84 0.88 0.85 0.85 0.86 0.86 0.87 0.90 0.89 0.87 0.87 0.88 0.87 0.87 0.88 0.86 0.83 0.82 0.80 0.78 0.76 0.73 0.71 0.68 0.65 0.60 0.54 0.48 0.45 0.48 0.51 0.48 0.45 0.48 0.52 0.53 0.53 0.56 0.60 0.60 0.56 0.51 0.47 0.45 0.45 0.46 0.46 0.46 0.46 0.46 0.46 0.50 0.56 0.60 0.60 0.60 0.59 0.57 0.55 0.52 0.44 0.35 0.33 0.36 0.40 0.48 0.64 0.63 0.51 0.58 0.64 0.56 0.43 0.31 0.37 0.59 0.57 0.42 0.40 0.43 0.38 0.35 0.43 0.56
0.84 0.87 0.84 0.82 0.84 0.84 0.85 0.88 0.88 0.85 0.84 0.86 0.85 0.85 0.86 0.84 0.82 0.80 0.79 0.77 0.74 0.71 0.69 0.67 0.64 0.59 0.55 0.50 0.46 0.47 0.49 0.46 0.43 0.44 0.46 0.49 0.50 0.49 0.52 0.58 0.61 0.60 0.57 0.53 0.51 0.53 0.55 0.55 0.53 0.52 0.53 0.56 0.58 0.55 0.51 0.49 0.46 0.43 0.40 0.35 0.29 0.26 0.32 0.41 0.44 0.51 0.63 0.65 0.65 0.66 0.55 0.44 0.42 0.39 0.50 0.67 0.54 0.38 0.34 0.35 0.36 0.38 0.48 0.61
0.81 0.83 0.80 0.79 0.80 0.82 0.82 0.83 0.86 0.84 0.82 0.83 0.83 0.82 0.83 0.82 0.80 0.78 0.77 0.75 0.72 0.69 0.67 0.66 0.63 0.59 0.55 0.51 0.46 0.46 0.48 0.46 0.44 0.42 0.41 0.45 0.50 0.51 0.53 0.55 0.58 0.58 0.57 0.57 0.58 0.57 0.53 0.49 0.47 0.47 0.50 0.52 0.49 0.44 0.41 0.38 0.33 0.29 0.27 0.25 0.25 0.29 0.38 0.46 0.50 0.59 0.69 0.76 0.74 0.60 0.46 0.47 0.52 0.51 0.64 0.69 0.46 0.32 0.28 0.31 0.38 0.42 0.52 0.69
0.78 0.78 0.76 0.75 0.77 0.79 0.79 0.79 0.81 0.81 0.79 0.79 0.80 0.79 0.79 0.79 0.77 0.76 0.75 0.73 0.70 0.67 0.65 0.64 0.61 0.58 0.54 0.51 0.47 0.45 0.45 0.45 0.43 0.40 0.38 0.40 0.44 0.49 0.51 0.50 0.49 0.49 0.50 0.51 0.50 0.46 0.41 0.39 0.39 0.42 0.47 0.48 0.43 0.39 0.36 0.32 0.27 0.23 0.22 0.24 0.29 0.36 0.43 0.48 0.58 0.72 0.82 0.84 0.74 0.57 0.52 0.60 0.63 0.63 0.71 0.63 0.39 0.27 0.25 0.31 0.40 0.47 0.63 0.86
0.76 0.75 0.73 0.72 0.73 0.75 0.76 0.75 0.76 0.77 0.76 0.76 0.77 0.76 0.76 0.75 0.74 0.73 0.72 0.71 0.68 0.66 0.63 0.61 0.60 0.57 0.54 0.50 0.47 0.44 0.43 0.43 0.41 0.38 0.36 0.36 0.37 0.39 0.40 0.41 0.42 0.44 0.45 0.44 0.41 0.38 0.35 0.36 0.42 0.49 0.52 0.48 0.41 0.36 0.31 0.27 0.23 0.21 0.23 0.30 0.37 0.43 0.48 0.55 0.72 0.85 0.86 0.81 0.67 0.58 0.60 0.65 0.65 0.66 0.64 0.48 0.30 0.22 0.22 0.31 0.44 0.59 0.80 0.89
0.74 0.73 0.70 0.70 0.69 0.70 0.71 0.72 0.72 0.73 0.73 0.72 0.73 0.73 0.73 0.72 0.71 0.71 0.70 0.68 0.66 0.64 0.61 0.59 0.57 0.55 0.52 0.49 0.46 0.44 0.42 0.41 0.39 0.37 0.34 0.32 0.31 0.32 0.34 0.36 0.39 0.41 0.42 0.40 0.38 0.37 0.37 0.41 0.49 0.52 0.47 0.39 0.33 0.27 0.24 0.22 0.20 0.23 0.30 0.39 0.46 0.52 0.59 0.72 0.87 0.90 0.82 0.71 0.55 0.50 0.54 0.58 0.58 0.56 0.48 0.34 0.20 0.18 0.24 0.40 0.58 0.73 0.81 0.72
0.71 0.70 0.68 0.67 0.66 0.67 0.67 0.67 0.68 0.69 0.70 0.69 0.68 0.69 0.69 0.69 0.68 0.67 0.67 0.65 0.63 0.61 0.59 0.57 0.55 0.53 0.50 0.48 0.45 0.42 0.40 0.39 0.37 0.35 0.33 0.31 0.30 0.30 0.31 0.33 0.35 0.37 0.38 0.37 0.35 0.35 0.40 0.48 0.50 0.44 0.36 0.30 0.24 0.20 0.18 0.19 0.22 0.30 0.41 0.51 0.56 0.64 0.76 0.86 0.90 0.85 0.73 0.60 0.47 0.45 0.49 0.51 0.51 0.48 0.38 0.26 0.16 0.18 0.32 0.51 0.65 0.70 0.66 0.54
0.70 0.69 0.66 0.64 0.64 0.65 0.63 0.62 0.63 0.64 0.65 0.65 0.65 0.65 0.65 0.65 0.64 0.64 0.63 0.62 0.59 0.57 0.56 0.54 0.52 0.50 0.48 0.46 0.43 0.41 0.39 0.37 0.35 0.33 0.31 0.29 0.29 0.28 0.28 0.30 0.32 0.33 0.35 0.36 0.36 0.38 0.44 0.47 0.42 0.35 0.30 0.24 0.20 0.20 0.21 0.23 0.31 0.42 0.54 0.62 0.66 0.74 0.82 0.83 0.80 0.74 0.62 0.52 0.45 0.44 0.48 0.47 0.47 0.42 0.32 0.22 0.15 0.21 0.37 0.52 0.60 0.59 0.55 0.50
0.69 0.67 0.63 0.60 0.62 0.66 0.61 0.56 0.57 0.59 0.60 0.60 0.61 0.61 0.62 0.61 0.60 0.60 0.59 0.58 0.56 0.54 0.53 0.51 0.50 0.48 0.45 0.44 0.42 0.39 0.37 0.35 0.33 0.31 0.29 0.27 0.27 0.27 0.27 0.28 0.29 0.29 0.30 0.33 0.37 0.41 0.45 0.42 0.36 0.31 0.24 0.19 0.18 0.20 0.23 0.30 0.42 0.56 0.69 0.71 0.69 0.74 0.76 0.73 0.71 0.66 0.56 0.48 0.44 0.43 0.44 0.44 0.42 0.36 0.28 0.20 0.18 0.26 0.38 0.50 0.56 0.56 0.54 0.51
0.69 0.65 0.60 0.57 0.60 0.66 0.62 0.53 0.50 0.53 0.55 0.55 0.56 0.57 0.58 0.58 0.57 0.56 0.56 0.54 0.53 0.51 0.50 0.48 0.47 0.45 0.43 0.41 0.39 0.38 0.36 0.34 0.32 0.31 0.29 0.27 0.27 0.28 0.28 0.27 0.27 0.26 0.27 0.31 0.36 0.40 0.40 0.36 0.30 0.25 0.20 0.19 0.22 0.26 0.31 0.41 0.56 0.72 0.75 0.67 0.63 0.65 0.68 0.70 0.70 0.63 0.54 0.46 0.42 0.42 0.42 0.41 0.38 0.31 0.25 0.23 0.25 0.32 0.41 0.50 0.56 0.59 0.57 0.53
0.68 0.62 0.55 0.55 0.60 0.64 0.62 0.54 0.46 0.47 0.49 0.51 0.51 0.52 0.53 0.54 0.53 0.52 0.52 0.51 0.49 0.48 0.46 0.45 0.44 0.43 0.40 0.39 0.37 0.35 0.34 0.32 0.31 0.30 0.28 0.28 0.28 0.28 0.28 0.27 0.26 0.27 0.29 0.31 0.34 0.36 0.34 0.28 0.22 0.17 0.15 0.20 0.28 0.35 0.42 0.56 0.71 0.77 0.67 0.55 0.51 0.53 0.62 0.74 0.71 0.60 0.51 0.43 0.40 0.40 0.40 0.38 0.33 0.28 0.27 0.28 0.31 0.35 0.42 0.52 0.58 0.60 0.58 0.54
0.69 0.60 0.49 0.51 0.58 0.61 0.61 0.57 0.47 0.42 0.43 0.46 0.47 0.48 0.49 0.50 0.50 0.48 0.48 0.47 0.46 0.45 0.43 0.42 0.41 0.40 0.38 0.36 0.35 0.33 0.32 0.31 0.30 0.29 0.28 0.27 0.26 0.26 0.26 0.26 0.27 0.28 0.30 0.32 0.33 0.33 0.29 0.22 0.17 0.15 0.18 0.27 0.34 0.40 0.50 0.67 0.75 0.67 0.52 0.43 0.41 0.45 0.65 0.81 0.72 0.56 0.47 0.41 0.39 0.38 0.37 0.35 0.31 0.29 0.31 0.33 0.34 0.36 0.44 0.54 0.59 0.59 0.59 0.56
0.71 0.58 0.44 0.46 0.53 0.54 0.56 0.58 0.51 0.41 0.37 0.41 0.43 0.44 0.44 0.45 0.45 0.44 0.44 0.43 0.42 0.41 0.40 0.39 0.37 0.36 0.35 0.34 0.32 0.31 0.30 0.29 0.28 0.28 0.27 0.27 0.26 0.26 0.26 0.26 0.27 0.29 0.31 0.32 0.32 0.31 0.25 0.20 0.21 0.26 0.34 0.39 0.42 0.47 0.59 0.72 0.68 0.53 0.41 0.36 0.37 0.47 0.73 0.86 0.70 0.54 0.45 0.39 0.37 0.37 0.36 0.34 0.31 0.31 0.34 0.36 0.35 0.38 0.46 0.54 0.56 0.58 0.61 0.60
0.71 0.59 0.42 0.42 0.49 0.49 0.48 0.54 0.53 0.42 0.35 0.36 0.38 0.39 0.40 0.41 0.41 0.41 0.40 0.39 0.39 0.37 0.36 0.36 0.34 0.33 0.32 0.31 0.30 0.29 0.28 0.28 0.27 0.27 0.27 0.27 0.27 0.27 0.27 0.27 0.29 0.31 0.32 0.33 0.31 0.28 0.25 0.24 0.30 0.38 0.41 0.41 0.44 0.52 0.65 0.70 0.57 0.42 0.34 0.34 0.40 0.54 0.81 0.88 0.69 0.52 0.43 0.36 0.36 0.38 0.37 0.35 0.32 0.33 0.36 0.38 0.36 0.40 0.49 0.53 0.53 0.59 0.65 0.63
0.67 0.62 0.47 0.38 0.45 0.46 0.43 0.49 0.53 0.45 0.34 0.32 0.33 0.34 0.36 0.37 0.37 0.37 0.36 0.36 0.35 0.34 0.33 0.32 0.31 0.31 0.30 0.29 0.28 0.28 0.27 0.27 0.27 0.27 0.27 0.27 0.27 0.27 0.28 0.28 0.29 0.31 0.32 0.30 0.28 0.26 0.27 0.29 0.36 0.39 0.37 0.38 0.44 0.52 0.65 0.65 0.48 0.34 0.32 0.38 0.47 0.64 0.87 0.89 0.68 0.52 0.42 0.35 0.38 0.41 0.38 0.32 0.30 0.34 0.38 0.39 0.37 0.43 0.53 0.53 0.53 0.62 0.67 0.64
0.58 0.60 0.53 0.38 0.37 0.39 0.36 0.40 0.49 0.48 0.37 0.30 0.29 0.29 0.30 0.32 0.33 0.33 0.32 0.32 0.32 0.31 0.30 0.29 0.29 0.28 0.27 0.27 0.26 0.26 0.26 0.26 0.26 0.26 0.26 0.27 0.27 0.28 0.28 0.29 0.29 0.30 0.29 0.27 0.27 0.28 0.30 0.34 0.38 0.37 0.35 0.40 0.46 0.53 0.67 0.60 0.39 0.31 0.35 0.45 0.57 0.75 0.91 0.88 0.67 0.49 0.39 0.35 0.38 0.39 0.31 0.26 0.32 0.38 0.41 0.40 0.40 0.49 0.57 0.56 0.58 0.64 0.67 0.64
0.52 0.54 0.54 0.45 0.36 0.34 0.30 0.30 0.38 0.46 0.41 0.31 0.27 0.25 0.25 0.28 0.29 0.29 0.29 0.28 0.29 0.28 0.27 0.27 0.26 0.26 0.26 0.25 0.25 0.25 0.25 0.26 0.26 0.26 0.27 0.27 0.28 0.28 0.29 0.30 0.30 0.30 0.29 0.29 0.30 0.32 0.34 0.37 0.38 0.35 0.34 0.41 0.46 0.54 0.66 0.53 0.33 0.33 0.41 0.55 0.70 0.82 0.89 0.84 0.63 0.44 0.34 0.32 0.33 0.30 0.24 0.29 0.39 0.42 0.43 0.41 0.45 0.56 0.61 0.60 0.60 0.63 0.64 0.63
0.49 0.49 0.50 0.48 0.43 0.37 0.31 0.25 0.28 0.37 0.40 0.35 0.30 0.25 0.22 0.23 0.25 0.26 0.25 0.25 0.25 0.25 0.25 0.25 0.24 0.24 0.24 0.24 0.24 0.25 0.25 0.25 0.26 0.27 0.27 0.28 0.29 0.29 0.30 0.30 0.31 0.31 0.32 0.32 0.33 0.35 0.36 0.37 0.36 0.33 0.33 0.40 0.45 0.56 0.65 0.48 0.34 0.39 0.52 0.67 0.77 0.81 0.83 0.79 0.61 0.41 0.31 0.28 0.25 0.24 0.27 0.39 0.44 0.44 0.45 0.45 0.52 0.62 0.64 0.61 0.59 0.60 0.61 0.61
0.48 0.47 0.45 0.44 0.43 0.41 0.36 0.28 0.24 0.28 0.33 0.34 0.33 0.28 0.22 0.18 0.20 0.22 0.22 0.23 0.23 0.23 0.23 0.23 0.23 0.23 0.23 0.24 0.24 0.25 0.25 0.26 0.27 0.27 0.28 0.29 0.30 0.30 0.31 0.32 0.32 0.33 0.34 0.34 0.35 0.35 0.36 0.35 0.34 0.32 0.32 0.39 0.48 0.59 0.63 0.46 0.36 0.46 0.62 0.73 0.76 0.77 0.78 0.75 0.61 0.41 0.30 0.25 0.21 0.27 0.37 0.44 0.46 0.47 0.50 0.50 0.59 0.67 0.64 0.59 0.55 0.56 0.58 0.57
0.46 0.45 0.42 0.40 0.38 0.37 0.36 0.32 0.26 0.23 0.25 0.27 0.30 0.31 0.26 0.19 0.17 0.18 0.20 0.21 0.21 0.22 0.22 0.22 0.23 0.23 0.23 0.24 0.25 0.25 0.26 0.27 0.28 0.28 0.29 0.30 0.31 0.32 0.32 0.33 0.34 0.34 0.35 0.36 0.36 0.36 0.37 0.37 0.36 0.35 0.36 0.42 0.53 0.61 0.59 0.45 0.39 0.53 0.69 0.73 0.72 0.73 0.74 0.71 0.59 0.42 0.31 0.22 0.21 0.34 0.43 0.45 0.49 0.53 0.53 0.55 0.64 0.67 0.60 0.53 0.50 0.53 0.55 0.53
0.43 0.42 0.40 0.38 0.36 0.34 0.32 0.30 0.27 0.24 0.22 0.22 0.25 0.30 0.31 0.25 0.19 0.17 0.18 0.19 0.21 0.22 0.23 0.23 0.23 0.23 0.24 0.25 0.25 0.26 0.27 0.28 0.29 0.30 0.30 0.31 0.32 0.33 0.34 0.34 0.35 0.36 0.37 0.37 0.38 0.38 0.39 0.39 0.40 0.39 0.40 0.43 0.53 0.59 0.56 0.45 0.46 0.62 0.72 0.71 0.69 0.68 0.68 0.67 0.59 0.46 0.31 0.18 0.23 0.40 0.45 0.48 0.54 0.58 0.56 0.59 0.66 0.61 0.52 0.48 0.47 0.51 0.53 0.51
0.41 0.40 0.38 0.36 0.35 0.33 0.31 0.29 0.28 0.26 0.24 0.23 0.23 0.26 0.30 0.30 0.25 0.21 0.20 0.20 0.20 0.22 0.23 0.23 0.24 0.24 0.25 0.26 0.27 0.28 0.28 0.29 0.30 0.31 0.32 0.33 0.34 0.35 0.35 0.36 0.37 0.38 0.38 0.39 0.39 0.40 0.41 0.42 0.42 0.42 0.41 0.43 0.51 0.58 0.52 0.45 0.54 0.67 0.70 0.68 0.64 0.62 0.64 0.64 0.59 0.48 0.30 0.17 0.29 0.45 0.49 0.53 0.60 0.61 0.58 0.61 0.62 0.53 0.47 0.46 0.46 0.49 0.51 0.50
0.38 0.37 0.35 0.34 0.33 0.33 0.32 0.31 0.29 0.28 0.26 0.25 0.24 0.24 0.26 0.29 0.29 0.27 0.24 0.22 0.22 0.23 0.23 0.24 0.25 0.26 0.27 0.28 0.29 0.29 0.30 0.31 0.32 0.33 0.34 0.35 0.35 0.36 0.37 0.38 0.39 0.39 0.40 0.41 0.42 0.43 0.44 0.44 0.44 0.44 0.42 0.44 0.53 0.57 0.49 0.48 0.62 0.70 0.68 0.66 0.62 0.61 0.64 0.62 0.57 0.47 0.27 0.22 0.40 0.50 0.53 0.58 0.64 0.63 0.59 0.59 0.55 0.49 0.46 0.45 0.46 0.47 0.49 0.52
0.37 0.35 0.32 0.31 0.30 0.31 0.32 0.32 0.31 0.30 0.28 0.27 0.26 0.25 0.26 0.27 0.29 0.30 0.28 0.26 0.26 0.26 0.26 0.26 0.27 0.28 0.29 0.30 0.31 0.31 0.32 0.33 0.34 0.35 0.36 0.36 0.37 0.38 0.39 0.40 0.40 0.41 0.42 0.43 0.44 0.45 0.45 0.46 0.46 0.46 0.46 0.48 0.55 0.57 0.50 0.52 0.67 0.72 0.69 0.67 0.64 0.63 0.61 0.55 0.53 0.45 0.29 0.35 0.49 0.53 0.55 0.62 0.68 0.64 0.58 0.54 0.50 0.49 0.45 0.43 0.45 0.45 0.49 0.59
0.37 0.34 0.30 0.29 0.29 0.29 0.29 0.30 0.30 0.30 0.30 0.30 0.30 0.29 0.28 0.28 0.30 0.32 0.32 0.31 0.30 0.29 0.28 0.29 0.30 0.30 0.32 0.32 0.33 0.34 0.35 0.35 0.36 0.37 0.38 0.39 0.39 0.40 0.41 0.42 0.42 0.43 0.44 0.45 0.46 0.47 0.47 0.48 0.48 0.49 0.50 0.52 0.56 0.58 0.52 0.54 0.69 0.75 0.73 0.72 0.65 0.55 0.49 0.50 0.53 0.46 0.40 0.49 0.55 0.55 0.58 0.65 0.70 0.64 0.55 0.50 0.50 0.49 0.42 0.40 0.43 0.45 0.54 0.69
0.38 0.35 0.33 0.32 0.32 0.31 0.30 0.29 0.29 0.30 0.31 0.32 0.33 0.32 0.31 0.31 0.32 0.32 0.33 0.33 0.33 0.32 0.32 0.32 0.32 0.33 0.34 0.35 0.35 0.37 0.37 0.38 0.38 0.39 0.40 0.41 0.42 0.42 0.43 0.44 0.45 0.45 0.46 0.47 0.48 0.49 0.49 0.50 0.51 0.52 0.53 0.54 0.57 0.59 0.54 0.56 0.70 0.78 0.77 0.73 0.56 0.36 0.39 0.54 0.60 0.57 0.56 0.57 0.57 0.57 0.60 0.67 0.71 0.61 0.52 0.50 0.52 0.47 0.38 0.38 0.43 0.51 0.65 0.84
0.39 0.39 0.38 0.35 0.34 0.35 0.36 0.35 0.35 0.35 0.36 0.37 0.36 0.35 0.35 0.35 0.34 0.34 0.34 0.35 0.37 0.36 0.36 0.36 0.36 0.37 0.38 0.38 0.38 0.39 0.40 0.40 0.41 0.42 0.42 0.43 0.44 0.45 0.45 0.46 0.47 0.48 0.48 0.49 0.50 0.51 0.52 0.52 0.53 0.54 0.55 0.56 0.58 0.59 0.58 0.61 0.71 0.78 0.78 0.68 0.45 0.31 0.46 0.65 0.69 0.67 0.63 0.57 0.56 0.59 0.61 0.68 0.71 0.60 0.54 0.51 0.49 0.42 0.34 0.37 0.49 0.65 0.88 1.15
0.42 0.45 0.47 0.44 0.41 0.42 0.43 0.42 0.40 0.41 0.42 0.41 0.40 0.40 0.39 0.37 0.37 0.37 0.38 0.39 0.40 0.39 0.39 0.40 0.39 0.39 0.39 0.39 0.40 0.41 0.42 0.43 0.43 0.44 0.45 0.46 0.46 0.47 0.48 0.49 0.49 0.50 0.51 0.51 0.52 0.53 0.54 0.55 0.56 0.56 0.57 0.58 0.59 0.60 0.62 0.64 0.69 0.72 0.73 0.65 0.44 0.40 0.57 0.70 0.73 0.69 0.62 0.56 0.57 0.60 0.61 0.68 0.70 0.61 0.54 0.49 0.45 0.39 0.34 0.44 0.65 0.89 1.18 1.34
0.49 0.52 0.56 0.59 0.60 0.60 0.57 0.51 0.47 0.47 0.48 0.46 0.45 0.45 0.43 0.41 0.41 0.42 0.42 0.41 0.39 0.39 0.42 0.43 0.42 0.41 0.40 0.42 0.43 0.44 0.45 0.45 0.46 0.47 0.48 0.48 0.49 0.50 0.50 0.51 0.52 0.52 0.53 0.54 0.55 0.55 0.56 0.57 0.58 0.59 0.60 0.60 0.61 0.63 0.64 0.65 0.67 0.68 0.69 0.66 0.52 0.51 0.64 0.73 0.73 0.67 0.61 0.59 0.60 0.61 0.62 0.67 0.71 0.63 0.52 0.48 0.44 0.37 0.38 0.55 0.78 1.03 1.25 1.21
0.53 0.52 0.53 0.58 0.63 0.65 0.64 0.61 0.61 0.63 0.63 0.61 0.58 0.55 0.51 0.49 0.47 0.46 0.45 0.43 0.42 0.43 0.44 0.44 0.42 0.39 0.41 0.46 0.48 0.48 0.49 0.49 0.49 0.50 0.50 0.51 0.52 0.52 0.53 0.53 0.54 0.55 0.56 0.56 0.57 0.58 0.59 0.59 0.60 0.61 0.62 0.63 0.64 0.65 0.66 0.66 0.67 0.67 0.68 0.67 0.60 0.60 0.68 0.73 0.70 0.64 0.63 0.64 0.63 0.61 0.60 0.67 0.73 0.62 0.50 0.48 0.43 0.39 0.43 0.63 0.85 1.02 1.10 1.12
0.53 0.52 0.49 0.48 0.49 0.49 0.50 0.56 0.63 0.68 0.67 0.65 0.62 0.60 0.56 0.53 0.51 0.50 0.47 0.45 0.45 0.45 0.46 0.46 0.40 0.36 0.43 0.51 0.52 0.52 0.52 0.52 0.53 0.53 0.53 0.54 0.54 0.55 0.55 0.56 0.57 0.57 0.58 0.59 0.60 0.60 0.61 0.62 0.63 0.63 0.64 0.65 0.66 0.67 0.67 0.68 0.68 0.69 0.69 0.68 0.66 0.66 0.70 0.70 0.67 0.65 0.67 0.67 0.63 0.58 0.58 0.72 0.76 0.59 0.48 0.46 0.44 0.44 0.48 0.63 0.80 0.91 0.95 1.22
0.54 0.53 0.52 0.49 0.47 0.45 0.44 0.48 0.57 0.58 0.50 0.47 0.47 0.48 0.49 0.49 0.50 0.51 0.50 0.49 0.48 0.48 0.49 0.48 0.42 0.41 0.49 0.57 0.57 0.55 0.56 0.56 0.56 0.56 0.56 0.57 0.57 0.58 0.58 0.59 0.59 0.60 0.61 0.61 0.62 0.63 0.64 0.64 0.65 0.66 0.66 0.67 0.68 0.68 0.69 0.70 0.70 0.70 0.70 0.70 0.69 0.70 0.71 0.70 0.69 0.69 0.68 0.67 0.63 0.58 0.62 0.76 0.75 0.54 0.44 0.46 0.49 0.48 0.48 0.56 0.68 0.80 0.97 1.46
0.56 0.56 0.56 0.54 0.53 0.52 0.51 0.53 0.57 0.54 0.44 0.42 0.43 0.43 0.44 0.46 0.48 0.51 0.52 0.51 0.50 0.52 0.53 0.52 0.48 0.46 0.53 0.59 0.59 0.59 0.59 0.59 0.60 0.60 0.59 0.60 0.60 0.60 0.61 0.61 0.62 0.63 0.63 0.64 0.65 0.65 0.66 0.67 0.68 0.68 0.69 0.70 0.70 0.71 0.71 0.72 0.72 0.72 0.72 0.72 0.72 0.72 0.72 0.72 0.71 0.71 0.69 0.67 0.65 0.65 0.68 0.74 0.70 0.49 0.43 0.47 0.52 0.49 0.44 0.48 0.61 0.81 1.18 1.65
0.58 0.60 0.60 0.58 0.57 0.58 0.59 0.59 0.60 0.55 0.49 0.49 0.49 0.49 0.49 0.50 0.52 0.53 0.53 0.52 0.54 0.57 0.57 0.57 0.52 0.50 0.54 0.60 0.62 0.63 0.62 0.61 0.64 0.64 0.63 0.63 0.63 0.63 0.63 0.64 0.65 0.65 0.66 0.66 0.67 0.68 0.69 0.69 0.70 0.71 0.71 0.72 0.72 0.73 0.73 0.74 0.74 0.74 0.74 0.74 0.74 0.74 0.74 0.74 0.73 0.72 0.70 0.69 0.70 0.71 0.70 0.69 0.62 0.48 0.45 0.50 0.54 0.50 0.40 0.44 0.64 0.97 1.44 1.63
0.61 0.62 0.62 0.60 0.61 0.63 0.63 0.63 0.61 0.58 0.57 0.56 0.55 0.55 0.55 0.56 0.57 0.57 0.56 0.56 0.58 0.59 0.59 0.58 0.55 0.53 0.55 0.60 0.64 0.66 0.65 0.65 0.69 0.70 0.67 0.65 0.65 0.66 0.67 0.67 0.67 0.68 0.68 0.69 0.70 0.71 0.71 0.72 0.73 0.73 0.74 0.74 0.75 0.75 0.76 0.76 0.76 0.76 0.76 0.76 0.76 0.76 0.76 0.76 0.75 0.74 0.73 0.72 0.73 0.73 0.69 0.65 0.60 0.52 0.51 0.56 0.55 0.49 0.39 0.46 0.79 1.25 1.55 1.36
0.62 0.63 0.64 0.63 0.64 0.67 0.68 0.66 0.65 0.63 0.62 0.61 0.60 0.60 0.60 0.61 0.61 0.61 0.61 0.61 0.61 0.61 0.61 0.61 0.58 0.55 0.56 0.61 0.65 0.69 0.70 0.70 0.73 0.74 0.70 0.67 0.67 0.69 0.70 0.69 0.69 0.70 0.71 0.72 0.72 0.73 0.74 0.75 0.75 0.76 0.77 0.77 0.77 0.78 0.78 0.78 0.78 0.78 0.78 0.78 0.78 0.78 0.78 0.77 0.77 0.76 0.76 0.75 0.75 0.73 0.69 0.66 0.63 0.59 0.58 0.60 0.55 0.46 0.40 0.58 1.06 1.41 1.38 0.96
