windninja/windninja_output/Output_2025-08-24_1000-1050_Google earth_Fire_150m_10min/merlingen_7.5mi_point_08-24-2025_1050_150m_ang.asc
ncols	158
nrows	163
xllcorner	391686.332397
yllcorner	5160024.123721
cellsize	150.000000
NODATA_value	-32768.000000
[rows 0 to 44 of 163, columns 0 to 95 of 158]
217 216 212 208 206 206 205 202 201 200 199 198 197 199 202 205 207 204 201 199 193 187 188 190 191 191 189 187 186 186 186 185 185 183 181 181 181 179 176 174 173 172 171 169 167 166 165 162 161 162 164 163 163 164 164 162 159 156 153 153 153 151 149 147 146 145 143 142 142 143 142 141 138 135 133 133 133 130 127 128 128 125 120 119 118 115 111 106 104 102 98 97 96 93 88 84
217 216 212 209 208 208 206 205 204 203 200 197 196 198 202 205 204 200 197 196 191 186 186 191 193 193 191 188 187 188 188 187 186 184 182 182 182 180 177 176 174 173 173 171 169 168 168 165 162 162 162 162 162 162 162 161 159 157 154 153 153 152 150 149 148 146 144 142 142 142 143 142 140 137 135 135 134 131 129 130 129 126 122 119 118 117 116 111 107 105 103 101 100 98 95 92
214 214 210 208 209 208 207 207 205 202 197 193 193 196 201 204 201 197 196 195 192 186 184 189 195 195 193 190 189 190 190 189 187 185 183 182 182 181 180 178 176 174 173 172 170 169 169 168 166 164 162 161 162 162 161 160 159 157 156 155 154 153 152 150 150 148 146 143 141 142 143 143 140 139 137 137 136 133 131 133 133 128 124 123 120 121 125 120 115 113 112 110 110 109 109 107
207 210 209 207 208 206 204 202 200 197 194 191 192 195 199 202 201 198 198 198 195 190 184 186 193 195 194 193 191 192 192 191 188 185 183 182 182 182 181 178 176 175 173 171 171 170 169 170 170 168 166 165 165 164 162 160 158 157 156 155 155 154 152 151 150 149 146 143 140 142 144 142 140 138 137 137 136 133 131 133 136 131 126 126 123 123 129 128 124 123 121 119 120 120 120 120
200 205 208 207 207 203 200 199 198 197 195 192 192 195 199 202 203 202 201 202 199 194 187 184 188 192 193 193 192 192 192 192 190 186 184 184 184 182 180 178 176 175 173 172 172 171 171 171 171 170 169 168 167 165 163 161 159 157 156 155 154 154 153 151 150 149 147 143 140 142 143 141 138 137 137 135 133 131 130 132 135 131 126 127 124 123 129 132 130 129 128 127 128 130 130 131
200 203 206 206 206 203 200 200 199 199 197 194 191 194 200 203 206 206 206 205 203 199 190 183 184 189 191 193 193 192 192 191 190 189 187 186 184 181 179 178 177 175 174 173 173 173 173 172 171 171 171 170 167 165 163 161 159 157 156 155 154 154 153 152 150 149 147 143 141 143 144 140 138 139 139 137 134 131 131 131 131 129 126 126 125 123 126 130 129 130 131 130 133 136 136 135
204 204 204 205 205 203 203 202 201 200 197 194 191 194 202 205 207 208 207 205 205 202 194 184 182 187 190 192 192 192 191 191 190 190 190 187 184 182 181 180 179 177 176 175 175 174 174 172 172 172 172 171 169 167 164 161 159 157 156 155 155 156 156 153 151 150 148 144 142 145 146 142 140 142 142 140 136 134 135 134 130 130 129 127 125 122 122 126 127 128 128 127 128 131 131 131
206 206 205 204 205 206 207 206 204 201 197 193 191 195 203 206 206 207 207 205 205 204 199 189 182 185 189 190 191 192 192 191 191 191 190 187 185 184 184 183 182 180 179 178 176 175 174 173 173 173 173 170 169 168 165 161 159 157 156 155 155 157 158 156 154 151 148 144 143 145 146 142 141 143 143 140 135 134 138 136 128 129 132 130 128 126 125 127 128 128 126 124 123 123 126 128
206 207 207 206 207 209 210 209 205 201 197 193 189 193 202 206 206 206 207 207 206 205 202 195 187 183 186 190 191 192 193 192 192 193 191 189 189 188 188 187 186 184 182 180 177 176 175 174 173 174 173 170 169 168 164 161 159 158 156 155 155 155 156 155 154 151 148 145 145 146 144 139 138 140 141 138 134 133 137 133 126 127 132 134 134 133 132 133 135 136 136 133 130 130 133 130
207 208 209 208 207 208 209 208 205 202 198 194 190 191 201 207 207 206 206 206 206 206 203 198 192 186 185 190 192 192 193 193 193 194 193 193 192 192 191 191 189 186 183 181 178 177 176 174 173 173 172 170 169 166 162 159 158 156 155 154 153 152 152 151 149 147 146 145 146 146 141 137 137 138 138 136 132 133 138 135 130 130 133 135 133 133 134 134 138 142 142 140 137 138 136 129
208 209 210 209 208 208 208 207 204 202 200 197 192 191 200 207 208 207 205 205 206 205 204 201 196 191 188 191 193 193 195 195 195 195 196 197 196 194 194 192 189 187 185 183 181 178 176 175 174 173 170 168 167 163 158 156 154 152 150 150 147 145 146 146 142 140 140 141 145 144 138 137 138 139 138 135 131 133 138 137 135 133 134 134 131 132 132 130 132 139 138 134 134 137 133 126
209 210 210 210 208 208 208 206 205 203 202 199 195 193 199 206 208 208 207 206 206 207 206 204 200 197 194 194 196 197 198 200 198 198 199 200 199 197 195 192 191 189 187 186 184 181 178 177 177 174 167 163 160 155 150 148 146 144 143 140 133 130 133 135 133 132 132 134 142 141 138 137 138 141 143 142 139 139 140 139 137 135 136 137 135 137 134 128 129 137 133 126 127 133 129 123
211 211 211 210 209 209 208 207 206 205 203 201 198 197 201 207 209 208 208 208 208 208 208 207 206 204 201 200 201 201 201 202 201 200 201 202 201 198 195 194 192 191 189 188 187 187 186 186 184 175 166 159 153 143 136 134 135 136 134 124 115 115 118 120 120 120 121 126 136 138 137 136 137 142 146 146 144 142 142 143 140 137 137 136 136 138 135 128 131 139 133 123 123 129 125 118
212 212 211 211 210 209 209 208 208 206 205 203 201 200 204 211 213 210 210 210 210 210 211 212 212 209 205 204 203 203 204 204 204 202 203 203 201 198 197 195 195 195 196 196 196 195 195 194 190 181 172 165 157 143 130 126 126 129 131 125 122 123 123 122 120 116 115 119 128 134 135 135 135 140 143 142 139 136 137 140 138 136 135 132 131 133 131 125 126 132 128 118 116 118 115 110
213 213 212 211 211 211 210 209 209 208 206 205 202 200 204 212 215 212 210 213 214 214 215 215 214 211 207 206 206 205 207 207 205 204 202 201 202 202 202 202 205 209 213 212 208 205 199 190 187 186 181 173 167 157 148 141 139 143 147 141 137 136 136 137 134 127 125 123 124 130 135 134 134 136 139 137 133 129 128 129 131 132 131 127 125 125 123 119 116 118 115 107 102 102 103 103
215 214 213 213 212 212 211 211 210 209 208 206 204 199 202 211 213 212 210 213 215 215 214 214 214 211 207 207 208 207 207 206 204 204 204 206 211 214 215 217 220 220 216 209 201 198 194 186 183 183 181 177 171 165 163 161 160 159 156 147 141 141 142 145 143 137 135 132 130 133 135 131 128 130 134 134 131 127 125 126 127 128 124 120 118 115 111 107 104 103 102 99 97 97 99 101
216 215 214 214 213 212 212 211 211 211 209 208 206 202 202 211 214 213 212 212 213 213 212 213 214 212 209 208 208 207 207 208 208 211 217 221 224 225 222 219 216 209 202 200 197 194 191 189 182 175 174 175 171 167 166 166 166 164 159 150 144 142 143 147 144 137 136 136 135 137 136 129 123 127 132 133 132 130 129 126 125 123 118 113 108 102 97 93 95 102 106 105 103 102 102 103
216 216 215 214 214 213 213 212 212 212 211 210 209 206 206 212 217 217 215 214 214 214 214 215 215 215 213 210 210 210 212 214 216 219 222 222 219 216 212 210 207 203 200 200 199 195 190 187 182 174 170 170 170 168 167 166 164 163 160 152 146 144 146 148 144 138 136 137 137 136 137 135 130 129 131 132 134 131 126 120 115 113 110 104 97 94 92 93 100 110 114 110 106 106 105 104
217 217 216 215 214 214 214 213 213 212 212 212 211 210 210 214 219 220 219 219 218 218 217 217 218 218 217 215 214 216 218 219 218 218 218 217 216 213 211 209 207 205 204 202 199 195 188 182 179 176 172 169 168 169 167 164 162 160 158 153 147 145 147 147 143 139 135 135 136 134 137 141 137 133 132 130 127 121 111 103 102 103 103 103 101 101 103 105 107 112 118 115 109 108 108 106
219 218 217 216 215 215 215 214 214 213 213 213 213 212 213 216 219 221 221 221 220 218 218 218 219 218 218 217 217 218 219 219 218 219 221 221 219 216 211 208 206 204 203 201 197 192 187 182 179 177 174 170 167 165 164 163 161 159 156 152 147 143 143 143 140 137 134 134 136 137 140 144 141 137 138 134 125 113 104 102 104 107 111 115 113 110 109 108 107 111 120 123 114 110 109 108
220 219 218 217 216 216 216 216 215 214 215 215 215 214 215 217 219 220 220 220 219 218 218 218 218 218 219 219 218 218 217 217 218 219 219 218 216 211 206 205 205 204 203 201 196 190 188 186 182 178 175 171 167 162 160 159 159 158 155 152 149 143 140 141 139 136 136 136 137 139 143 144 140 136 138 141 137 126 118 114 114 116 118 120 120 114 110 107 107 111 120 127 117 110 110 111
221 220 219 218 217 217 216 216 216 215 215 216 216 216 217 217 218 219 219 219 219 218 219 219 218 219 220 220 219 219 217 215 215 216 213 212 211 209 207 206 206 206 205 201 197 193 190 187 183 178 175 171 167 163 159 157 155 154 155 154 151 143 139 141 138 137 139 138 138 140 143 142 136 132 134 143 144 137 128 122 120 120 118 121 124 118 113 110 110 114 122 131 122 112 113 115
222 221 219 218 218 217 217 217 217 217 216 217 217 217 217 218 218 219 220 220 219 219 219 219 218 219 220 220 220 219 217 213 213 215 214 214 215 214 212 210 209 207 205 202 199 194 189 186 183 179 174 171 168 164 161 158 155 153 155 154 150 142 138 140 139 140 142 141 140 142 142 140 134 130 134 144 147 140 132 126 122 122 120 121 125 123 121 117 114 116 123 134 126 114 114 116
223 222 220 219 219 218 218 218 218 218 217 217 218 218 218 218 218 219 220 220 219 219 220 219 219 220 221 221 222 222 219 214 215 218 219 220 221 219 217 213 209 207 206 204 198 191 189 187 184 179 174 172 168 164 161 159 155 153 156 155 148 140 136 137 140 142 144 142 140 140 139 136 130 130 136 145 149 140 132 127 123 123 122 121 125 125 125 120 115 115 122 133 124 113 112 115
224 223 221 221 220 219 218 219 219 219 219 218 219 219 219 219 220 220 221 221 220 221 220 220 219 220 221 224 227 226 222 219 219 221 222 222 222 221 219 214 209 206 204 200 195 192 192 190 186 180 175 171 167 163 162 160 156 155 156 153 145 138 135 136 139 140 139 138 135 131 129 129 129 132 138 145 144 136 132 129 124 123 124 123 123 125 125 119 114 114 121 133 122 114 112 114
225 224 222 221 221 219 219 220 220 220 220 220 220 220 220 220 221 221 222 222 221 222 221 220 220 220 221 224 228 228 226 224 222 221 221 221 221 222 219 214 210 206 201 197 195 197 196 192 187 181 176 170 165 161 159 159 159 159 157 151 142 137 137 139 142 142 141 139 133 125 124 127 131 134 141 147 137 131 133 133 129 127 128 126 124 125 128 124 117 115 124 137 125 116 114 114
225 224 223 222 221 220 220 221 221 221 220 221 221 221 221 222 222 222 223 223 222 222 221 220 219 218 218 223 227 228 228 228 228 225 222 220 220 221 219 214 209 204 199 197 198 198 196 193 187 181 178 173 166 159 156 159 165 164 157 150 140 135 136 140 144 145 147 147 138 128 126 129 132 136 145 152 136 127 132 136 132 129 129 128 125 126 130 127 118 117 126 138 129 119 116 115
226 225 224 223 222 221 221 222 222 221 222 222 222 222 223 223 224 224 224 223 223 222 222 221 219 216 216 222 226 226 227 229 230 229 227 223 220 221 220 215 208 203 198 197 196 194 193 192 187 181 179 174 169 161 158 164 171 166 156 149 140 134 134 137 139 142 148 149 139 130 126 128 133 137 148 153 135 125 130 136 134 130 129 127 124 122 125 123 115 115 124 134 132 122 117 117
226 226 224 223 223 222 222 223 223 222 223 223 224 224 224 225 225 225 224 224 224 223 223 222 219 215 215 219 221 222 224 227 228 228 226 221 217 218 218 212 204 200 197 195 193 191 191 191 188 182 177 174 170 164 162 169 172 163 153 145 139 137 138 140 140 142 148 147 135 129 127 130 135 140 148 149 134 121 122 130 134 133 129 124 119 115 114 116 112 112 117 128 131 125 120 119
227 227 225 224 224 223 223 224 224 223 224 224 225 225 225 225 226 225 225 226 225 225 224 222 219 215 215 218 219 218 220 224 226 225 220 211 209 212 213 207 199 197 195 193 191 190 189 187 184 181 179 174 171 168 167 172 170 159 147 139 137 138 140 142 141 141 147 143 130 127 127 130 135 139 147 145 135 121 115 121 130 134 129 121 114 111 113 115 113 110 111 118 126 126 121 119
229 228 226 225 225 225 224 224 224 224 225 226 226 227 227 227 227 227 227 227 227 226 224 222 220 217 218 220 220 219 222 225 225 222 215 206 204 208 209 203 197 196 194 194 193 190 187 182 178 179 179 175 173 171 171 176 171 155 142 134 133 137 138 135 133 136 143 137 124 121 123 125 127 134 145 144 138 126 116 117 126 134 130 122 118 118 119 118 114 110 107 107 113 118 117 115
230 229 226 225 226 226 225 225 225 225 226 227 228 228 228 229 229 229 228 228 228 227 225 224 222 220 220 220 221 223 228 229 226 223 217 206 202 207 206 202 200 199 197 197 195 191 186 180 178 179 178 174 174 172 173 179 171 153 138 130 131 140 143 132 127 133 141 135 121 118 120 121 124 133 143 144 140 130 119 117 124 134 132 125 121 119 117 113 108 104 101 99 100 107 112 113
231 229 226 227 228 227 225 226 227 227 227 228 229 229 230 230 230 230 230 230 230 228 226 225 224 222 220 219 217 219 223 225 225 226 223 208 202 207 208 206 206 204 201 200 197 192 186 183 183 181 177 173 171 169 173 176 167 153 139 129 130 143 152 139 128 132 140 137 123 118 121 127 131 138 144 145 143 134 123 117 121 129 128 125 121 116 112 108 104 101 99 97 97 102 110 116
231 229 227 228 230 228 227 227 228 229 229 230 230 231 231 231 231 231 231 231 231 230 228 226 226 224 222 219 215 216 221 224 225 227 225 210 200 208 211 209 209 206 203 202 200 194 190 189 188 182 177 172 168 166 169 167 159 151 141 132 132 145 157 145 130 130 136 135 125 121 127 133 135 140 145 146 144 138 127 119 118 122 122 123 124 120 114 112 109 105 101 100 101 105 113 122
230 229 228 230 231 229 228 228 230 231 231 232 232 233 233 232 232 233 233 232 232 231 230 229 229 226 224 221 218 220 227 229 227 226 224 212 201 208 211 209 210 209 208 208 206 199 195 194 189 182 178 172 167 164 161 156 150 145 138 131 133 145 157 148 132 127 129 131 127 125 130 134 134 139 142 142 141 136 127 119 115 118 119 119 124 125 117 115 115 110 106 107 108 111 116 123
231 230 230 231 231 229 229 230 231 232 233 234 234 235 234 234 234 235 234 234 233 233 232 232 231 229 226 223 222 227 233 231 228 226 223 215 207 209 214 214 215 216 214 212 208 202 197 193 187 183 178 173 169 165 159 153 147 142 135 126 127 139 152 149 134 126 125 128 129 128 130 129 128 132 135 137 137 129 121 116 113 114 113 111 117 124 121 116 118 117 114 113 111 110 113 119
232 232 233 233 232 231 231 232 233 234 235 235 236 236 236 236 236 236 236 235 235 235 234 234 232 231 229 225 225 230 233 229 227 227 226 220 214 214 219 222 222 220 217 213 207 200 196 190 186 183 177 171 169 165 159 154 150 145 139 128 124 133 146 147 138 127 123 125 128 129 126 118 117 124 131 136 135 127 118 117 116 111 106 102 106 119 126 121 119 122 120 115 110 108 113 122
234 234 235 235 234 233 233 234 236 237 237 237 237 238 238 238 238 238 237 237 237 237 236 235 234 232 229 225 225 230 230 228 230 231 229 224 221 222 225 225 222 219 215 210 204 199 194 189 187 183 175 170 168 163 157 154 153 149 144 135 130 133 141 146 140 126 119 121 125 128 122 115 119 127 134 134 134 135 124 119 121 116 108 102 104 115 129 128 121 121 121 115 111 112 116 123
236 236 236 236 235 236 236 237 238 239 239 239 239 240 240 240 240 239 239 239 238 238 237 236 236 233 230 226 227 231 231 231 232 231 229 226 224 227 227 224 220 216 210 206 201 196 191 187 186 181 173 170 169 165 158 155 156 154 150 144 139 139 142 146 142 127 117 115 120 125 124 126 129 133 138 130 133 143 130 119 124 124 115 108 107 113 128 134 126 122 121 116 113 113 114 116
238 239 239 238 238 238 239 240 241 242 241 241 241 242 242 242 242 241 241 241 240 239 238 238 237 235 232 231 233 236 237 235 233 231 231 227 223 223 224 222 219 214 207 201 197 193 189 185 182 178 172 168 168 166 161 160 160 158 154 149 147 147 145 145 143 129 116 113 117 123 128 130 131 135 136 128 134 151 140 123 124 125 118 112 108 110 121 133 130 124 121 117 112 111 109 112
240 242 241 241 241 241 242 244 244 244 243 243 243 243 244 243 243 243 242 242 241 241 240 239 238 236 235 236 237 240 240 237 234 234 232 227 224 222 220 218 215 209 203 198 194 190 187 183 179 176 171 165 164 162 161 160 161 158 153 148 147 149 142 137 139 130 117 114 120 125 128 127 124 132 132 127 137 158 148 127 122 124 120 114 109 110 120 131 131 125 122 114 108 105 107 111
240 242 242 242 243 244 245 246 246 246 245 246 245 245 246 245 244 244 244 243 243 242 241 240 240 238 238 238 238 239 240 237 235 234 229 226 225 223 218 213 208 202 199 197 190 184 183 182 180 176 168 162 161 159 156 155 157 155 148 142 141 145 139 133 135 131 121 119 125 128 128 122 122 132 131 127 140 162 151 130 120 121 118 116 115 118 124 130 128 125 121 112 102 101 107 114
240 241 242 243 245 247 248 248 248 247 247 248 248 247 247 246 246 245 245 245 244 243 242 242 241 240 239 238 237 238 237 235 234 231 225 223 220 216 210 206 203 201 199 193 185 182 182 183 180 173 162 158 159 159 154 150 151 151 143 135 135 139 137 133 133 131 129 128 130 133 131 125 127 134 132 130 144 164 157 136 124 121 117 117 120 122 123 123 121 121 119 112 103 103 111 120
239 240 242 244 247 249 249 250 250 249 249 249 249 249 249 248 247 247 247 246 245 244 243 243 241 240 239 238 237 237 237 236 232 227 222 218 213 209 205 204 204 204 198 189 185 186 188 187 180 169 158 155 160 162 156 151 150 149 143 134 133 135 133 132 131 131 134 134 136 143 142 134 134 137 134 135 150 168 160 137 125 123 122 121 120 118 113 110 113 116 117 114 108 107 111 119
238 240 242 245 248 249 250 251 251 251 251 251 251 250 250 249 249 248 248 247 246 245 244 243 242 241 239 238 237 236 236 234 230 225 219 213 209 208 208 208 207 203 194 188 190 193 192 185 174 164 158 158 163 165 161 154 152 149 143 137 135 134 134 133 131 130 132 134 140 148 145 139 137 137 135 138 156 173 156 133 125 126 124 120 114 106 101 102 105 109 113 114 111 109 109 111
