windninja/windninja_output/Output_2025-08-24_1000-1050_Google earth_Fire_150m_10min/merlingen_7.5mi_point_08-24-2025_1050_150m_ang.asc
ncols	158
nrows	163
xllcorner	391686.332397
yllcorner	5160024.123721
cellsize	150.000000
NODATA_value	-32768.000000
[rows 45 to 89 of 163, columns 0 to 95 of 158]
237 239 242 246 248 250 251 252 252 252 252 252 252 251 251 251 250 249 249 248 247 245 244 243 242 241 240 238 237 235 234 231 227 223 218 213 210 210 210 208 203 198 193 191 194 195 189 177 165 160 159 161 165 169 164 156 151 146 141 139 138 137 137 137 133 130 129 130 137 141 137 133 131 129 129 133 158 174 147 133 129 127 120 111 100 97 100 102 102 104 109 113 112 109 105 105
237 239 242 244 247 250 252 252 253 253 253 253 253 252 252 251 251 250 250 249 247 246 244 244 243 242 240 238 236 235 232 230 226 221 215 211 209 208 206 203 199 195 193 194 196 191 180 167 161 160 162 165 171 174 165 155 148 142 139 140 141 139 138 137 133 129 128 127 132 134 129 126 122 120 120 125 150 161 139 129 125 119 110 101 96 99 103 104 102 101 107 112 113 109 104 103
237 239 241 242 245 250 253 254 254 254 254 253 253 253 253 252 252 251 250 249 247 246 245 244 243 242 239 238 236 233 231 228 224 219 214 210 208 206 201 197 194 191 192 196 195 184 170 161 160 165 167 173 179 172 164 155 146 141 138 140 142 137 133 132 129 125 125 125 129 131 126 122 118 114 112 116 133 139 128 118 113 108 103 101 103 106 107 106 104 104 107 110 111 108 103 102
237 238 239 239 243 249 254 255 255 255 255 254 254 253 253 253 252 251 251 249 248 247 246 244 243 241 239 237 234 231 229 225 221 217 212 208 206 202 196 191 189 188 190 193 187 174 164 161 164 170 177 184 177 165 160 151 143 140 139 142 142 133 127 124 122 121 122 125 126 126 123 119 115 110 106 106 117 123 118 112 107 107 108 108 110 111 110 110 110 110 108 105 105 105 103 102
237 237 236 237 242 249 252 255 256 255 255 254 254 253 253 253 252 251 250 249 248 246 245 243 242 240 237 235 232 229 226 222 218 214 209 204 200 195 190 187 186 186 186 184 177 166 160 163 168 177 189 184 169 161 155 148 140 138 138 141 140 130 121 118 119 120 122 124 124 123 120 117 113 108 103 106 116 119 116 112 109 110 112 113 114 114 114 115 115 112 105 99 97 99 100 96
238 236 233 234 241 247 249 252 255 255 254 254 253 253 253 252 252 251 250 248 247 246 244 242 240 238 235 233 230 227 223 219 215 210 205 199 193 189 186 184 183 182 178 175 170 161 159 166 176 190 191 171 159 157 152 144 138 136 136 137 133 124 115 113 117 121 122 122 122 119 116 112 109 105 106 112 117 117 114 110 110 110 111 114 115 116 117 116 112 107 101 94 90 91 92 92
239 236 230 233 241 244 244 247 250 253 253 252 252 252 252 251 251 249 249 248 246 244 242 241 239 236 233 230 227 224 220 215 211 206 200 194 189 184 183 181 179 175 170 169 164 158 160 174 191 194 177 160 153 151 145 138 134 132 132 132 126 118 112 112 116 121 122 122 120 117 113 110 107 107 110 113 115 115 112 109 108 106 107 111 114 115 115 112 106 102 97 90 85 83 87 95
240 236 228 233 242 243 242 243 246 248 249 251 251 251 251 250 250 248 247 246 245 243 241 239 237 234 231 227 224 220 215 211 206 201 195 190 185 180 177 176 174 169 165 163 161 158 164 183 187 175 165 158 153 148 140 132 130 129 128 125 122 118 112 112 116 122 123 123 119 115 113 111 111 111 111 112 113 113 111 108 104 101 103 108 111 112 111 108 104 99 93 87 83 83 92 109
237 234 227 231 239 240 239 241 243 244 245 248 249 249 249 248 248 247 246 244 243 241 239 236 234 231 227 223 219 215 211 205 200 195 190 185 180 176 172 170 168 163 160 159 159 160 167 178 172 163 160 156 149 143 134 128 128 129 125 121 120 118 113 112 117 123 126 125 119 116 116 116 114 111 110 110 111 111 109 107 104 101 103 105 107 109 110 109 103 96 91 90 88 90 103 121
231 230 227 227 235 235 233 236 239 240 242 245 247 247 246 245 245 244 243 241 240 238 235 233 229 226 222 218 214 210 205 199 194 189 184 180 175 172 168 164 161 157 155 155 156 158 164 168 161 156 157 151 143 136 128 125 129 131 127 123 122 118 114 113 118 126 131 131 124 120 119 116 110 108 108 109 110 109 109 111 110 107 105 105 105 106 109 108 103 96 94 95 99 101 107 119
226 228 227 227 234 235 233 233 236 237 238 241 244 244 243 242 242 241 239 237 235 233 231 228 224 221 217 212 208 203 198 193 188 183 179 174 170 167 163 160 156 151 149 151 152 154 157 158 154 154 156 147 141 134 124 123 131 134 129 125 124 121 115 114 118 127 133 134 126 119 114 106 106 109 110 110 111 111 111 114 115 112 108 106 104 103 103 104 102 98 98 101 107 112 110 115
223 225 226 225 228 234 234 231 233 235 234 235 238 239 238 238 238 236 234 232 230 228 225 221 217 214 209 205 200 195 190 186 181 176 172 169 165 162 159 156 152 149 147 148 149 150 151 151 150 153 154 142 137 130 121 122 133 134 130 127 125 121 115 112 115 124 130 130 121 110 101 104 110 112 112 113 113 113 114 116 116 112 108 105 104 101 97 96 97 98 101 108 119 125 118 116
222 223 223 221 220 223 226 225 229 233 230 226 227 229 231 232 231 229 228 226 223 220 217 214 209 205 201 197 192 187 183 178 174 170 166 163 160 157 154 152 149 148 145 145 145 145 145 145 146 150 150 138 132 126 119 122 135 134 130 128 124 119 113 108 109 118 126 125 115 104 106 111 113 113 114 117 117 115 116 116 114 110 107 103 100 95 91 89 93 101 110 123 132 131 122 115
219 218 218 217 216 217 218 217 219 225 224 219 219 222 224 223 222 221 219 216 214 212 208 204 200 196 192 188 183 179 175 171 167 164 161 158 155 152 150 148 146 145 143 141 141 140 139 139 141 145 147 137 129 124 118 122 134 131 127 125 122 117 112 107 105 112 122 124 118 112 114 114 113 114 116 118 118 116 116 115 111 107 103 99 95 92 90 93 101 113 121 127 131 129 119 105
215 214 214 214 214 214 214 213 211 216 217 213 213 216 216 211 207 207 207 204 203 200 197 193 190 186 182 178 174 171 167 164 161 158 155 153 150 148 146 144 143 141 140 139 138 137 136 136 138 143 146 138 128 122 117 120 128 127 123 122 119 116 110 105 102 107 118 127 122 114 114 114 114 115 118 118 117 115 113 109 106 101 98 95 92 91 94 103 115 122 123 122 123 121 109 92
210 210 210 209 209 209 209 209 207 205 203 199 200 207 208 203 195 191 191 190 189 188 185 182 180 176 173 169 166 163 160 157 155 152 150 148 146 144 142 141 139 138 137 136 135 134 134 135 137 140 143 137 126 119 116 119 124 123 120 119 117 114 108 103 101 104 112 125 118 112 112 114 115 116 118 118 115 112 107 103 101 98 95 92 90 93 102 113 121 123 121 118 116 111 97 81
205 206 205 204 203 203 203 202 199 195 190 185 184 192 199 198 190 182 176 175 175 174 174 173 170 167 164 161 158 156 154 151 149 147 145 143 141 140 138 137 136 135 134 133 132 132 132 132 134 136 140 136 125 118 115 116 118 117 116 115 113 111 107 103 101 102 106 116 114 112 114 115 116 116 118 116 111 106 103 100 98 95 92 90 92 99 110 119 122 121 120 116 109 96 84 73
203 202 201 198 196 196 194 192 190 186 182 175 172 175 185 190 186 179 171 165 162 162 163 163 161 159 156 153 152 150 148 146 144 142 141 139 138 136 135 134 133 132 131 130 130 129 129 129 130 132 136 136 127 120 116 116 114 114 114 112 112 111 109 106 102 100 100 110 114 115 115 115 115 116 116 113 108 104 102 100 97 93 90 92 98 106 115 122 121 118 116 108 93 82 73 64
202 199 195 191 187 186 185 184 182 180 175 168 164 163 169 176 177 175 170 163 156 153 153 154 153 152 149 147 146 144 143 141 140 138 137 135 134 133 132 131 130 129 128 128 127 127 126 126 127 128 132 134 128 123 123 120 113 112 113 114 115 114 109 103 97 94 96 110 115 116 116 114 114 116 116 112 108 106 104 100 96 93 93 99 108 114 119 122 119 113 104 94 83 72 62 53
203 197 187 182 178 175 174 174 173 172 168 163 158 157 158 161 164 167 167 162 155 149 147 146 145 145 143 142 141 139 138 137 135 134 133 132 131 130 129 128 127 126 126 125 125 124 124 124 124 125 128 130 127 124 127 124 114 111 113 115 117 113 100 91 92 95 106 116 117 117 116 114 113 115 116 113 110 109 106 101 96 96 101 107 114 118 118 118 113 103 92 83 72 60 52 42
199 192 180 174 170 167 164 164 163 161 159 156 153 152 153 152 152 155 159 159 153 148 144 141 140 139 137 137 137 135 134 133 132 131 130 129 128 127 126 125 125 124 123 123 122 122 122 122 122 122 123 125 124 122 126 127 117 112 112 113 112 104 93 94 101 109 117 120 119 118 116 114 112 113 115 115 113 110 106 99 97 103 110 116 118 117 115 111 104 92 82 70 57 50 43 34
188 184 176 169 164 160 159 159 158 155 152 151 150 147 147 148 146 146 149 152 151 149 144 139 137 135 133 133 133 132 131 130 129 128 127 126 125 124 124 123 122 122 121 121 120 120 120 120 120 120 120 121 121 120 122 125 120 112 108 106 106 108 107 108 110 113 117 119 118 117 116 113 110 112 115 116 114 110 106 102 107 115 121 124 119 113 109 103 90 79 68 54 46 38 34 34
171 172 173 169 161 155 155 157 155 151 148 147 148 146 143 143 142 141 142 143 146 147 143 139 136 132 129 128 127 127 127 127 126 125 124 124 123 122 122 121 120 120 119 119 118 118 118 118 118 117 118 118 118 118 119 120 117 112 104 101 107 118 117 113 111 111 112 114 116 115 115 112 109 111 114 114 114 112 111 114 118 121 122 121 114 105 98 87 77 67 53 42 35 30 33 39
150 157 165 168 165 160 158 160 156 149 146 146 145 145 144 141 139 138 138 137 138 139 138 138 136 132 127 123 122 123 123 124 124 123 122 122 121 120 120 119 118 118 117 117 117 116 116 116 116 116 115 115 115 116 116 115 114 111 107 103 108 118 117 114 111 109 109 111 113 114 113 110 108 110 113 113 114 116 117 118 118 117 111 107 105 97 86 75 67 54 42 31 28 31 37 45
135 138 147 155 158 159 162 163 159 154 152 153 151 149 148 145 141 137 135 134 133 133 132 132 133 130 123 119 120 121 121 121 121 121 120 120 119 119 118 117 117 116 116 115 115 115 114 114 114 114 114 114 113 113 113 113 112 111 109 107 109 115 115 113 111 109 109 110 113 113 111 109 108 111 113 112 114 117 120 117 113 108 99 96 101 95 82 69 57 42 32 26 29 37 46 54
129 128 128 130 135 142 151 154 151 149 152 155 154 152 151 148 144 138 135 133 131 129 127 126 128 126 119 117 119 119 119 120 120 119 119 118 118 117 116 116 115 115 114 114 114 113 113 113 113 112 112 112 112 112 111 111 110 110 109 108 109 112 112 110 109 109 109 109 110 110 109 108 108 111 111 109 111 116 119 115 107 98 94 98 100 94 76 60 45 33 27 28 35 43 56 67
129 127 124 122 121 122 127 134 134 133 137 141 142 143 144 143 141 137 135 133 130 126 124 123 127 128 121 117 117 118 118 118 118 118 118 117 116 116 115 115 114 114 113 113 112 112 112 111 111 111 111 111 110 110 110 110 109 109 109 108 109 110 109 109 109 109 109 107 107 109 112 110 107 108 108 106 108 113 115 108 100 94 98 103 98 86 65 49 36 30 29 35 44 53 65 87
128 127 126 124 123 122 123 125 123 120 120 123 125 127 128 130 131 131 131 131 130 127 125 124 128 130 122 115 114 115 116 116 116 117 117 116 116 115 114 113 113 112 112 111 111 111 110 110 110 110 110 109 109 109 109 109 108 108 108 108 108 108 108 108 109 109 109 108 108 112 114 110 104 100 102 103 105 107 109 103 99 101 106 105 95 72 50 39 35 35 37 46 55 63 82 115
126 125 125 124 123 123 123 123 121 119 120 122 123 125 125 125 125 125 125 126 127 126 125 125 127 128 122 115 111 111 113 113 112 115 117 117 115 114 113 113 112 112 111 110 110 110 109 109 109 109 108 108 108 108 108 108 108 107 107 107 107 107 107 107 107 108 108 109 110 112 112 109 102 99 102 104 105 105 105 103 104 109 110 102 86 58 39 34 39 44 48 58 68 88 119 124
125 123 122 122 121 120 121 121 120 120 121 122 123 124 125 124 124 123 122 122 122 122 121 121 124 126 122 116 110 108 109 110 111 112 115 116 115 114 113 113 112 111 110 109 109 109 108 108 108 108 108 107 107 107 107 107 107 107 107 107 107 107 107 107 107 107 107 108 109 110 110 109 107 109 112 111 111 108 107 109 112 113 108 94 69 44 34 37 46 51 61 73 94 118 123 121
122 120 118 118 117 116 117 118 119 119 120 120 121 122 123 123 123 122 122 121 120 118 117 117 119 121 119 115 111 108 107 108 108 109 110 113 113 113 113 112 111 110 109 108 108 108 107 107 107 107 107 107 107 106 106 106 106 106 106 106 106 106 106 106 106 106 107 108 108 108 108 110 112 116 118 116 114 113 113 117 116 111 99 78 51 33 34 43 51 59 75 94 116 117 116 113
121 117 113 114 113 113 114 116 117 118 119 120 120 120 121 121 121 121 120 120 119 118 117 116 116 117 116 114 112 109 106 105 104 102 104 108 110 112 112 112 111 110 108 108 107 107 106 106 106 106 106 106 106 106 106 106 106 106 105 105 105 105 105 105 106 106 106 107 107 107 108 109 111 115 119 118 118 119 121 118 112 102 84 59 37 33 42 48 55 72 94 120 123 115 109 106
123 114 105 105 108 111 112 113 115 117 119 121 121 120 120 120 120 120 119 119 118 117 116 116 115 114 113 113 113 109 104 101 100 101 102 106 109 110 111 112 111 110 108 107 106 106 106 105 105 105 106 106 106 105 105 105 105 105 105 105 105 105 105 105 105 105 106 106 106 107 108 109 110 113 116 118 120 124 123 114 104 90 67 49 42 49 59 63 76 101 121 130 124 114 107 103
127 111 92 94 103 108 110 113 117 121 123 122 121 120 120 120 120 119 119 118 117 116 115 115 115 112 110 111 112 111 106 102 102 103 103 105 108 108 109 110 111 109 107 106 105 105 105 104 105 105 105 105 105 105 105 105 105 105 105 104 104 104 104 104 105 105 105 105 106 106 107 108 109 111 114 117 121 127 124 111 97 76 54 52 56 65 75 90 112 120 123 124 120 111 106 104
141 112 82 89 100 110 116 119 122 126 128 125 122 120 120 120 119 119 118 117 116 115 114 114 116 114 110 110 112 113 111 106 104 102 102 103 105 105 105 107 110 109 106 105 104 103 103 103 104 104 105 105 105 105 105 105 104 104 104 104 104 104 104 104 104 104 105 105 105 106 107 107 108 109 111 115 120 126 124 111 93 69 60 65 68 73 91 111 118 118 116 114 112 109 105 105
168 132 102 100 108 123 133 133 131 133 133 128 123 121 120 120 119 118 118 117 115 114 113 114 117 115 111 109 110 112 113 110 107 103 102 102 103 103 102 103 107 107 104 103 102 102 101 101 102 104 105 106 106 105 105 105 104 104 104 104 104 104 104 104 104 104 104 104 105 105 106 107 108 109 110 113 117 122 122 112 97 81 80 77 75 86 108 117 117 114 110 108 106 105 104 103
193 123 104 110 119 130 146 148 142 140 138 131 124 120 119 118 117 116 116 116 115 113 113 114 117 115 111 109 109 111 113 113 110 107 102 99 100 101 101 101 102 104 102 100 100 99 99 98 99 103 106 108 107 106 105 105 104 104 104 103 103 103 103 103 103 103 104 104 104 105 105 106 107 108 110 112 115 120 121 119 115 103 92 84 86 105 116 117 114 111 108 106 103 101 102 101
153 116 113 121 126 133 146 150 148 144 140 131 124 119 117 117 115 114 114 115 114 113 112 114 116 115 111 110 110 110 111 110 109 106 102 98 97 99 100 100 100 101 100 100 100 100 101 101 102 104 108 110 109 108 106 105 104 104 103 103 103 103 103 103 103 103 103 104 104 104 105 106 107 107 109 111 113 117 121 124 128 118 99 96 110 118 117 115 113 109 106 103 100 99 101 101
119 126 129 128 128 127 133 140 140 137 132 126 120 116 114 113 112 111 112 113 113 113 112 113 117 116 113 112 110 108 108 107 106 104 101 99 97 97 99 99 99 100 102 103 104 105 107 108 108 108 109 110 111 110 107 105 104 103 103 103 103 103 103 103 103 103 103 103 103 104 104 105 106 107 108 110 112 116 120 126 135 136 116 115 121 118 115 111 110 108 104 102 99 97 98 98
108 115 124 121 116 117 120 121 118 118 119 119 116 112 110 110 110 109 110 112 112 113 112 113 117 119 114 112 110 108 107 106 104 102 99 99 98 98 98 98 100 102 103 104 104 104 105 107 107 106 106 106 108 108 107 105 103 103 103 103 103 103 103 103 103 103 103 103 103 103 104 105 106 106 108 109 111 115 119 127 142 151 142 129 119 116 112 108 106 105 103 100 97 95 94 95
96 97 102 102 100 99 97 96 101 109 114 116 114 110 108 108 107 106 107 109 110 111 112 114 117 119 115 110 109 109 107 105 104 101 99 98 98 97 98 100 102 103 102 102 101 101 101 102 103 103 103 102 101 102 104 103 103 103 103 103 103 103 103 103 103 102 102 102 103 103 104 104 105 106 107 109 111 114 118 127 144 154 152 134 118 113 109 106 105 104 102 100 97 95 94 96
92 91 91 92 89 85 83 89 100 109 114 113 111 109 106 104 103 102 102 104 105 107 108 112 117 121 117 112 110 109 107 105 105 105 103 100 98 96 97 100 103 104 103 101 99 99 100 100 101 102 103 101 99 99 101 102 102 102 103 103 103 103 103 103 102 102 102 102 102 103 103 104 105 105 106 108 110 113 118 126 142 153 151 133 116 109 106 104 103 101 100 99 100 102 102 101
92 89 86 87 86 85 88 96 103 108 111 109 108 107 103 100 98 96 97 99 102 103 105 113 124 129 123 116 111 108 107 106 106 107 106 102 99 96 95 97 100 104 104 101 99 98 98 98 99 100 101 102 101 99 99 100 102 102 103 104 104 104 103 103 102 102 102 102 102 102 103 103 104 105 106 107 109 112 117 124 137 147 146 132 115 107 104 102 100 98 99 102 106 107 107 103
94 93 92 95 96 96 97 101 102 101 103 107 109 108 103 98 93 91 93 97 102 105 113 124 136 141 126 116 110 107 106 105 105 105 106 104 102 99 95 94 95 99 103 103 100 97 96 96 97 97 99 102 102 101 100 100 101 102 104 105 106 105 104 103 102 102 102 102 102 102 102 103 104 104 105 107 109 111 115 120 129 138 139 128 116 106 101 98 98 99 102 106 105 100 95 95
101 102 103 103 102 101 99 97 94 93 100 109 111 108 102 93 88 89 93 99 107 116 125 133 146 146 125 114 109 106 104 104 104 103 103 104 105 102 97 93 93 95 99 102 101 98 95 94 95 97 99 102 104 105 103 101 99 98 102 107 109 107 105 104 102 102 102 101 101 102 102 102 103 104 105 106 108 110 112 117 122 129 132 125 115 107 101 98 99 102 103 102 95 87 85 87
