windninja/windninja_output/Output_2025-08-24_1000-1050_Google earth_Fire_150m_10min/merlingen_7.5mi_point_08-24-2025_1000_150m_vel.asc
ncols	158
nrows	163
xllcorner	391686.332397
yllcorner	5160024.123721
cellsize	150.000000
NODATA_value	-32768.000000
[rows 76 to 113 of 163, columns 0 to 83 of 158]
0.74 0.73 0.69 0.63 0.61 0.63 0.61 0.58 0.56 0.55 0.53 0.52 0.52 0.52 0.51 0.51 0.50 0.51 0.51 0.51 0.51 0.52 0.53 0.54 0.51 0.46 0.48 0.54 0.58 0.63 0.68 0.68 0.68 0.70 0.68 0.64 0.62 0.64 0.64 0.63 0.63 0.65 0.67 0.68 0.70 0.71 0.72 0.73 0.74 0.75 0.76 0.77 0.78 0.79 0.79 0.80 0.81 0.81 0.82 0.83 0.83 0.84 0.84 0.84 0.85 0.85 0.85 0.85 0.84 0.83 0.81 0.80 0.78 0.75 0.74 0.75 0.69 0.60 0.63 1.00 1.47 1.51 1.18 0.73
0.76 0.76 0.74 0.70 0.68 0.67 0.62 0.59 0.59 0.57 0.56 0.54 0.53 0.54 0.53 0.53 0.52 0.52 0.53 0.53 0.53 0.54 0.55 0.55 0.51 0.48 0.52 0.57 0.58 0.60 0.66 0.70 0.71 0.72 0.74 0.69 0.66 0.67 0.66 0.64 0.64 0.65 0.68 0.70 0.71 0.72 0.74 0.75 0.76 0.77 0.78 0.79 0.79 0.80 0.81 0.81 0.82 0.83 0.83 0.84 0.84 0.85 0.85 0.86 0.86 0.86 0.86 0.86 0.86 0.85 0.83 0.82 0.80 0.78 0.76 0.75 0.70 0.63 0.72 1.10 1.35 1.09 0.74 0.61
0.75 0.71 0.73 0.83 0.81 0.72 0.65 0.63 0.63 0.61 0.57 0.54 0.55 0.56 0.55 0.55 0.54 0.54 0.54 0.54 0.55 0.56 0.57 0.55 0.50 0.50 0.58 0.61 0.59 0.57 0.61 0.70 0.73 0.75 0.78 0.75 0.70 0.69 0.69 0.67 0.64 0.65 0.69 0.71 0.72 0.74 0.75 0.77 0.78 0.79 0.80 0.80 0.81 0.82 0.82 0.83 0.83 0.84 0.85 0.85 0.86 0.86 0.87 0.87 0.87 0.88 0.88 0.87 0.87 0.86 0.85 0.83 0.82 0.81 0.79 0.76 0.71 0.68 0.77 1.04 1.09 0.70 0.50 0.53
0.68 0.63 0.71 0.95 1.02 0.89 0.74 0.68 0.69 0.63 0.56 0.54 0.56 0.57 0.57 0.56 0.56 0.56 0.55 0.55 0.56 0.58 0.59 0.55 0.48 0.51 0.62 0.65 0.62 0.57 0.59 0.68 0.74 0.78 0.81 0.79 0.73 0.70 0.73 0.71 0.65 0.65 0.69 0.72 0.74 0.75 0.77 0.79 0.80 0.81 0.82 0.82 0.83 0.83 0.83 0.84 0.85 0.85 0.86 0.87 0.87 0.88 0.88 0.89 0.89 0.89 0.89 0.89 0.89 0.88 0.86 0.85 0.84 0.83 0.81 0.78 0.74 0.73 0.79 0.90 0.80 0.49 0.40 0.46
0.54 0.56 0.71 0.93 1.14 1.12 0.86 0.72 0.70 0.62 0.53 0.53 0.56 0.59 0.59 0.58 0.58 0.57 0.55 0.56 0.58 0.60 0.61 0.57 0.49 0.53 0.64 0.68 0.65 0.60 0.60 0.67 0.73 0.78 0.84 0.82 0.75 0.72 0.76 0.76 0.67 0.64 0.70 0.73 0.75 0.77 0.79 0.81 0.83 0.85 0.84 0.84 0.84 0.84 0.85 0.85 0.86 0.87 0.87 0.88 0.88 0.89 0.89 0.90 0.90 0.91 0.91 0.91 0.90 0.89 0.88 0.87 0.87 0.85 0.83 0.81 0.78 0.75 0.76 0.75 0.58 0.42 0.43 0.45
0.41 0.54 0.77 0.99 1.25 1.15 0.76 0.64 0.64 0.56 0.50 0.51 0.56 0.60 0.60 0.59 0.59 0.59 0.57 0.57 0.60 0.62 0.62 0.58 0.51 0.54 0.65 0.69 0.68 0.65 0.64 0.68 0.71 0.76 0.83 0.84 0.78 0.75 0.78 0.79 0.71 0.66 0.70 0.74 0.76 0.78 0.79 0.82 0.88 0.91 0.88 0.86 0.85 0.85 0.85 0.86 0.87 0.88 0.88 0.89 0.90 0.90 0.91 0.91 0.92 0.92 0.92 0.92 0.92 0.91 0.90 0.89 0.89 0.87 0.86 0.84 0.81 0.77 0.75 0.69 0.55 0.47 0.46 0.43
0.52 0.65 0.91 1.23 1.29 0.90 0.59 0.52 0.51 0.49 0.45 0.48 0.56 0.60 0.61 0.60 0.60 0.61 0.59 0.59 0.61 0.63 0.64 0.60 0.53 0.57 0.67 0.69 0.69 0.69 0.68 0.69 0.70 0.73 0.79 0.83 0.83 0.80 0.80 0.80 0.75 0.69 0.71 0.76 0.79 0.81 0.81 0.84 0.94 0.97 0.92 0.88 0.85 0.85 0.86 0.87 0.88 0.89 0.90 0.90 0.91 0.92 0.92 0.93 0.93 0.94 0.94 0.94 0.93 0.93 0.92 0.91 0.90 0.89 0.88 0.86 0.83 0.79 0.76 0.69 0.57 0.48 0.44 0.48
1.08 1.01 1.09 1.19 1.03 0.75 0.58 0.49 0.45 0.43 0.43 0.49 0.56 0.60 0.62 0.61 0.61 0.63 0.62 0.62 0.64 0.65 0.66 0.62 0.56 0.60 0.68 0.70 0.69 0.71 0.71 0.70 0.70 0.73 0.76 0.80 0.84 0.84 0.83 0.81 0.76 0.73 0.74 0.79 0.83 0.86 0.87 0.90 0.99 1.00 0.94 0.89 0.86 0.84 0.85 0.87 0.89 0.90 0.91 0.92 0.93 0.93 0.94 0.94 0.95 0.95 0.95 0.95 0.95 0.94 0.94 0.93 0.92 0.92 0.91 0.89 0.86 0.82 0.77 0.70 0.58 0.50 0.48 0.67
1.33 1.19 1.02 0.95 0.84 0.73 0.57 0.47 0.46 0.46 0.48 0.53 0.56 0.61 0.64 0.63 0.63 0.66 0.66 0.65 0.67 0.66 0.67 0.66 0.62 0.62 0.68 0.70 0.69 0.72 0.73 0.71 0.70 0.72 0.76 0.81 0.84 0.86 0.85 0.82 0.79 0.78 0.79 0.82 0.86 0.89 0.92 0.96 1.01 0.99 0.93 0.90 0.87 0.82 0.83 0.87 0.90 0.91 0.93 0.93 0.94 0.95 0.95 0.96 0.96 0.96 0.96 0.97 0.96 0.96 0.96 0.95 0.94 0.94 0.93 0.91 0.88 0.85 0.80 0.73 0.63 0.61 0.64 0.93
1.56 1.30 0.98 0.91 0.87 0.77 0.59 0.52 0.54 0.54 0.56 0.56 0.56 0.61 0.65 0.66 0.65 0.69 0.70 0.70 0.70 0.68 0.69 0.70 0.68 0.63 0.65 0.69 0.71 0.73 0.72 0.71 0.70 0.71 0.78 0.83 0.86 0.88 0.88 0.85 0.82 0.81 0.82 0.84 0.87 0.92 0.96 1.01 1.02 0.97 0.92 0.90 0.87 0.83 0.83 0.87 0.91 0.93 0.94 0.95 0.95 0.96 0.96 0.97 0.97 0.97 0.98 0.98 0.98 0.98 0.97 0.97 0.97 0.96 0.95 0.94 0.92 0.89 0.85 0.79 0.74 0.77 0.88 1.25
1.71 1.40 1.02 0.94 0.90 0.80 0.64 0.60 0.65 0.65 0.60 0.57 0.58 0.61 0.67 0.68 0.67 0.72 0.74 0.74 0.73 0.71 0.73 0.77 0.72 0.62 0.62 0.69 0.73 0.73 0.71 0.72 0.71 0.70 0.79 0.85 0.86 0.90 0.92 0.90 0.86 0.82 0.81 0.85 0.89 0.94 1.00 1.04 1.04 0.98 0.91 0.88 0.88 0.87 0.86 0.89 0.93 0.95 0.96 0.97 0.97 0.97 0.98 0.98 0.98 0.99 0.99 0.99 1.00 0.99 0.99 0.99 0.99 0.98 0.98 0.97 0.95 0.93 0.91 0.88 0.87 0.96 1.15 1.60
1.73 1.40 1.07 0.98 0.89 0.83 0.73 0.70 0.76 0.73 0.61 0.58 0.62 0.61 0.67 0.69 0.68 0.75 0.79 0.80 0.77 0.75 0.83 0.90 0.77 0.60 0.60 0.68 0.73 0.73 0.71 0.73 0.74 0.73 0.77 0.82 0.84 0.90 0.97 0.97 0.92 0.84 0.80 0.83 0.90 0.97 1.04 1.06 1.06 1.00 0.91 0.87 0.87 0.88 0.90 0.92 0.95 0.97 0.98 0.99 0.99 0.99 0.99 0.99 0.99 1.00 1.00 1.01 1.01 1.01 1.01 1.01 1.01 1.01 1.00 1.00 0.99 0.99 0.98 0.97 0.98 1.09 1.31 1.70
1.63 1.39 1.12 1.00 0.86 0.81 0.81 0.80 0.80 0.77 0.66 0.64 0.65 0.61 0.65 0.68 0.68 0.78 0.86 0.90 0.84 0.86 1.05 1.06 0.77 0.52 0.56 0.66 0.71 0.72 0.73 0.75 0.76 0.76 0.77 0.80 0.81 0.87 0.96 1.02 0.99 0.90 0.82 0.82 0.89 0.98 1.06 1.08 1.07 1.02 0.95 0.89 0.87 0.89 0.93 0.95 0.99 1.01 1.01 1.02 1.01 1.00 0.99 0.99 1.00 1.01 1.02 1.02 1.03 1.03 1.03 1.03 1.03 1.03 1.03 1.03 1.03 1.03 1.03 1.03 1.06 1.15 1.32 1.66
1.50 1.37 1.14 0.98 0.86 0.80 0.83 0.85 0.81 0.83 0.83 0.73 0.64 0.61 0.62 0.63 0.70 0.84 0.96 1.03 1.01 1.13 1.25 1.01 0.55 0.39 0.51 0.63 0.69 0.72 0.75 0.77 0.79 0.79 0.80 0.82 0.81 0.82 0.91 1.03 1.05 0.98 0.88 0.84 0.88 0.96 1.05 1.11 1.10 1.05 0.99 0.93 0.90 0.91 0.93 0.96 1.00 1.05 1.09 1.08 1.02 0.99 0.99 1.00 1.01 1.02 1.03 1.03 1.04 1.04 1.05 1.05 1.05 1.05 1.06 1.06 1.07 1.07 1.08 1.09 1.13 1.18 1.29 1.51
1.46 1.32 1.09 0.96 0.89 0.81 0.80 0.82 0.81 0.91 0.98 0.79 0.61 0.59 0.59 0.60 0.72 0.89 1.11 1.29 1.36 1.38 1.15 0.68 0.34 0.30 0.48 0.62 0.68 0.73 0.77 0.80 0.81 0.81 0.83 0.86 0.83 0.80 0.86 0.99 1.07 1.03 0.95 0.89 0.89 0.93 1.02 1.12 1.15 1.10 1.04 1.00 0.96 0.93 0.89 0.91 0.99 1.10 1.24 1.18 1.01 0.95 0.97 0.99 1.01 1.03 1.04 1.05 1.05 1.06 1.06 1.07 1.07 1.08 1.08 1.09 1.10 1.11 1.12 1.14 1.18 1.21 1.27 1.42
1.43 1.26 1.05 1.01 0.97 0.86 0.78 0.77 0.79 0.97 1.06 0.83 0.60 0.58 0.59 0.62 0.73 0.90 1.22 1.58 1.58 1.26 0.74 0.43 0.25 0.29 0.48 0.62 0.69 0.74 0.79 0.82 0.83 0.83 0.86 0.89 0.87 0.84 0.84 0.91 1.04 1.07 1.01 0.95 0.92 0.92 0.99 1.10 1.18 1.18 1.12 1.06 1.02 0.94 0.84 0.86 1.02 1.21 1.35 1.22 0.95 0.89 0.94 0.98 1.01 1.03 1.05 1.06 1.07 1.07 1.08 1.09 1.09 1.10 1.11 1.12 1.13 1.14 1.16 1.18 1.22 1.25 1.30 1.43
1.36 1.21 1.04 1.04 1.05 0.96 0.84 0.73 0.72 0.96 1.10 0.87 0.64 0.61 0.62 0.68 0.75 0.90 1.32 1.67 1.45 0.70 0.39 0.32 0.25 0.33 0.51 0.64 0.71 0.77 0.81 0.85 0.87 0.87 0.88 0.91 0.90 0.88 0.87 0.86 0.94 1.05 1.09 1.03 0.96 0.93 0.97 1.07 1.19 1.26 1.23 1.15 1.07 0.96 0.82 0.87 1.14 1.30 1.32 1.17 0.92 0.85 0.91 0.98 1.01 1.04 1.06 1.07 1.08 1.09 1.10 1.10 1.11 1.12 1.13 1.14 1.15 1.17 1.19 1.21 1.24 1.28 1.35 1.44
1.31 1.19 1.04 1.04 1.10 1.06 0.92 0.71 0.58 0.85 1.11 0.96 0.73 0.68 0.68 0.79 0.88 1.07 1.49 1.59 1.11 0.34 0.30 0.32 0.30 0.40 0.56 0.67 0.74 0.79 0.83 0.89 0.93 0.92 0.90 0.91 0.92 0.91 0.90 0.86 0.84 0.94 1.11 1.13 1.02 0.95 0.97 1.05 1.20 1.31 1.36 1.29 1.10 0.95 0.87 0.95 1.18 1.26 1.21 1.13 0.97 0.86 0.90 0.98 1.02 1.05 1.07 1.08 1.09 1.10 1.11 1.12 1.13 1.14 1.15 1.16 1.17 1.19 1.21 1.24 1.27 1.31 1.36 1.43
1.31 1.21 1.05 1.06 1.17 1.13 0.93 0.65 0.44 0.70 1.06 1.03 0.83 0.74 0.72 0.93 1.08 1.25 1.54 1.39 0.88 0.58 0.49 0.43 0.40 0.49 0.61 0.69 0.75 0.80 0.86 0.96 1.02 0.96 0.90 0.90 0.93 0.94 0.94 0.89 0.81 0.82 1.03 1.17 1.09 1.02 1.01 1.07 1.21 1.34 1.50 1.43 1.05 0.91 0.93 0.99 1.12 1.18 1.14 1.11 1.03 0.92 0.91 0.99 1.03 1.06 1.08 1.09 1.10 1.11 1.13 1.14 1.14 1.15 1.16 1.18 1.19 1.21 1.23 1.25 1.28 1.32 1.36 1.42
1.31 1.23 1.10 1.13 1.23 1.13 0.89 0.62 0.47 0.66 0.97 1.02 0.88 0.73 0.73 1.02 1.20 1.41 1.63 1.32 0.89 0.86 0.73 0.59 0.52 0.58 0.65 0.71 0.76 0.81 0.92 1.06 1.10 0.99 0.88 0.90 0.95 0.97 0.96 0.93 0.83 0.77 0.90 1.10 1.14 1.11 1.11 1.15 1.27 1.43 1.58 1.42 0.98 0.87 0.96 1.02 1.08 1.13 1.10 1.09 1.06 0.96 0.95 1.01 1.05 1.08 1.09 1.10 1.12 1.13 1.14 1.15 1.16 1.16 1.18 1.19 1.21 1.23 1.25 1.27 1.29 1.32 1.36 1.41
1.25 1.26 1.20 1.19 1.24 1.12 0.91 0.69 0.58 0.65 0.83 0.91 0.80 0.73 0.79 1.06 1.23 1.59 1.77 1.20 0.99 1.06 0.95 0.76 0.64 0.64 0.67 0.72 0.76 0.83 1.02 1.13 1.12 1.01 0.90 0.91 0.97 1.00 0.99 0.96 0.88 0.79 0.83 0.99 1.12 1.15 1.20 1.29 1.41 1.51 1.48 1.28 1.01 0.89 0.99 1.06 1.08 1.09 1.07 1.07 1.06 0.99 0.99 1.04 1.07 1.09 1.10 1.11 1.13 1.15 1.15 1.16 1.16 1.18 1.19 1.21 1.22 1.24 1.26 1.28 1.30 1.33 1.36 1.39
1.25 1.31 1.28 1.19 1.19 1.15 1.02 0.86 0.73 0.67 0.72 0.68 0.61 0.71 0.86 1.10 1.33 1.65 1.76 1.39 1.19 1.18 1.21 1.03 0.77 0.67 0.67 0.73 0.80 0.90 1.06 1.13 1.13 1.06 0.96 0.95 1.01 1.03 1.01 0.98 0.93 0.84 0.81 0.95 1.09 1.15 1.26 1.40 1.49 1.45 1.32 1.23 1.11 0.98 1.03 1.10 1.10 1.08 1.06 1.06 1.04 1.01 1.03 1.07 1.09 1.10 1.11 1.13 1.15 1.16 1.16 1.16 1.18 1.19 1.21 1.22 1.24 1.25 1.27 1.29 1.31 1.33 1.35 1.38
1.37 1.37 1.28 1.13 1.11 1.15 1.08 1.00 0.91 0.80 0.72 0.64 0.56 0.65 0.90 1.18 1.43 1.55 1.38 1.38 1.36 1.33 1.46 1.28 0.86 0.63 0.65 0.75 0.85 0.96 1.07 1.11 1.13 1.12 1.04 1.02 1.07 1.09 1.05 1.01 0.98 0.89 0.82 0.92 1.07 1.15 1.27 1.43 1.46 1.38 1.27 1.23 1.19 1.10 1.08 1.13 1.15 1.11 1.07 1.06 1.03 1.03 1.07 1.10 1.11 1.11 1.12 1.14 1.15 1.16 1.16 1.17 1.19 1.20 1.22 1.23 1.25 1.26 1.28 1.29 1.31 1.33 1.35 1.36
1.49 1.39 1.22 1.09 1.06 1.04 0.98 1.01 0.99 0.88 0.81 0.72 0.61 0.65 0.91 1.23 1.41 1.30 1.13 1.18 1.33 1.49 1.65 1.41 0.81 0.61 0.70 0.80 0.88 1.00 1.09 1.13 1.15 1.15 1.11 1.10 1.14 1.17 1.12 1.05 1.00 0.94 0.87 0.88 1.02 1.16 1.27 1.37 1.39 1.34 1.29 1.24 1.21 1.19 1.15 1.16 1.18 1.17 1.10 1.05 1.03 1.06 1.12 1.14 1.13 1.13 1.13 1.14 1.14 1.16 1.17 1.18 1.20 1.22 1.23 1.24 1.26 1.27 1.29 1.30 1.31 1.33 1.34 1.36
1.41 1.32 1.20 1.13 1.05 0.99 0.95 0.96 0.96 0.90 0.88 0.80 0.70 0.74 0.90 1.18 1.37 1.19 0.98 1.03 1.28 1.65 1.70 1.19 0.80 0.74 0.82 0.87 0.93 1.03 1.14 1.19 1.21 1.20 1.18 1.18 1.20 1.22 1.22 1.12 1.02 0.98 0.91 0.87 0.99 1.15 1.25 1.30 1.32 1.31 1.31 1.26 1.21 1.23 1.23 1.20 1.18 1.22 1.17 1.06 1.03 1.08 1.14 1.18 1.18 1.15 1.14 1.13 1.12 1.15 1.17 1.19 1.21 1.23 1.24 1.25 1.27 1.28 1.29 1.31 1.32 1.33 1.34 1.35
1.28 1.24 1.20 1.15 1.04 0.98 0.98 0.96 0.93 0.90 0.89 0.83 0.75 0.80 0.94 1.14 1.32 1.18 0.92 1.13 1.56 1.71 1.46 1.16 0.97 0.90 0.94 0.97 0.98 1.07 1.20 1.29 1.30 1.30 1.27 1.23 1.23 1.27 1.32 1.21 1.05 1.00 0.95 0.89 0.94 1.08 1.21 1.26 1.26 1.28 1.30 1.28 1.23 1.24 1.27 1.23 1.19 1.25 1.24 1.11 1.05 1.08 1.15 1.23 1.24 1.18 1.15 1.11 1.09 1.13 1.18 1.20 1.22 1.24 1.25 1.27 1.28 1.29 1.30 1.31 1.32 1.33 1.34 1.34
1.20 1.18 1.16 1.12 1.04 0.99 0.99 0.98 0.94 0.90 0.89 0.84 0.75 0.75 0.90 1.12 1.29 1.22 1.06 1.36 1.69 1.44 1.26 1.22 1.12 1.05 1.05 1.04 1.04 1.13 1.28 1.40 1.43 1.43 1.38 1.30 1.27 1.33 1.39 1.29 1.10 1.01 0.98 0.93 0.91 1.01 1.17 1.23 1.23 1.25 1.27 1.28 1.26 1.25 1.29 1.25 1.23 1.26 1.26 1.20 1.11 1.09 1.16 1.25 1.29 1.23 1.15 1.08 1.04 1.10 1.20 1.24 1.23 1.24 1.26 1.28 1.29 1.30 1.31 1.32 1.33 1.33 1.34 1.34
1.15 1.13 1.10 1.07 1.04 1.01 1.00 0.98 0.95 0.92 0.89 0.85 0.74 0.69 0.79 1.02 1.26 1.25 1.20 1.51 1.65 1.40 1.31 1.30 1.22 1.19 1.20 1.15 1.12 1.23 1.37 1.47 1.54 1.55 1.50 1.42 1.37 1.39 1.41 1.33 1.16 1.04 1.01 0.98 0.94 0.98 1.10 1.17 1.18 1.21 1.24 1.28 1.29 1.26 1.30 1.28 1.25 1.26 1.27 1.26 1.20 1.14 1.15 1.24 1.32 1.26 1.14 1.05 1.00 1.08 1.25 1.30 1.23 1.22 1.26 1.29 1.31 1.32 1.32 1.33 1.33 1.34 1.34 1.33
1.09 1.07 1.05 1.05 1.03 1.02 1.00 0.97 0.96 0.95 0.91 0.87 0.79 0.76 0.81 0.96 1.21 1.25 1.24 1.43 1.51 1.48 1.45 1.39 1.30 1.30 1.38 1.34 1.27 1.38 1.45 1.52 1.63 1.66 1.61 1.57 1.49 1.43 1.41 1.37 1.23 1.10 1.05 1.03 0.98 0.96 1.02 1.08 1.10 1.16 1.24 1.29 1.31 1.29 1.29 1.29 1.27 1.27 1.30 1.30 1.25 1.17 1.16 1.25 1.32 1.27 1.15 1.03 0.99 1.08 1.27 1.33 1.25 1.21 1.24 1.31 1.34 1.34 1.33 1.34 1.35 1.34 1.34 1.33
1.02 1.01 1.00 1.03 1.05 1.04 1.01 0.97 0.97 1.01 0.98 0.92 0.88 0.85 0.85 0.94 1.11 1.20 1.20 1.28 1.33 1.40 1.47 1.44 1.38 1.41 1.53 1.53 1.49 1.57 1.57 1.62 1.69 1.70 1.72 1.75 1.69 1.54 1.47 1.41 1.30 1.16 1.10 1.08 1.02 0.96 0.97 1.00 1.02 1.10 1.23 1.28 1.30 1.32 1.30 1.27 1.26 1.28 1.32 1.33 1.27 1.20 1.21 1.27 1.29 1.28 1.19 1.04 0.98 1.09 1.24 1.31 1.32 1.24 1.26 1.37 1.40 1.35 1.32 1.36 1.38 1.36 1.33 1.32
0.94 0.94 0.94 1.00 1.06 1.07 1.03 0.98 0.99 1.08 1.07 1.00 0.96 0.91 0.89 0.93 1.02 1.11 1.11 1.14 1.24 1.37 1.38 1.37 1.44 1.50 1.60 1.68 1.76 1.80 1.79 1.78 1.67 1.66 1.87 2.05 1.93 1.68 1.53 1.44 1.33 1.19 1.15 1.13 1.05 0.98 0.95 0.94 0.97 1.05 1.19 1.25 1.26 1.31 1.34 1.29 1.25 1.27 1.32 1.35 1.30 1.25 1.26 1.29 1.28 1.27 1.22 1.05 0.97 1.08 1.21 1.28 1.36 1.35 1.35 1.44 1.43 1.32 1.32 1.43 1.45 1.37 1.31 1.30
0.84 0.86 0.90 0.98 1.06 1.09 1.07 1.01 1.01 1.14 1.16 1.08 1.00 0.95 0.94 0.92 0.96 1.02 1.00 1.02 1.20 1.41 1.29 1.17 1.37 1.57 1.62 1.73 2.00 2.09 1.99 1.85 1.54 1.61 2.15 2.38 2.10 1.68 1.53 1.48 1.33 1.23 1.22 1.17 1.09 1.03 0.96 0.93 0.95 1.00 1.12 1.20 1.21 1.26 1.33 1.32 1.27 1.27 1.31 1.34 1.35 1.32 1.30 1.30 1.30 1.25 1.22 1.10 0.97 1.02 1.19 1.29 1.37 1.43 1.45 1.49 1.45 1.35 1.36 1.49 1.51 1.37 1.28 1.27
0.73 0.77 0.86 0.97 1.05 1.09 1.12 1.07 1.06 1.15 1.20 1.11 0.98 0.98 1.03 0.99 0.96 0.95 0.92 0.97 1.17 1.42 1.29 1.01 1.15 1.49 1.62 1.67 2.11 2.40 2.10 1.86 1.46 1.66 2.48 2.54 2.02 1.62 1.60 1.59 1.36 1.25 1.28 1.23 1.14 1.07 1.00 0.95 0.92 0.94 1.03 1.13 1.17 1.21 1.26 1.31 1.32 1.31 1.31 1.30 1.36 1.41 1.35 1.29 1.30 1.25 1.21 1.15 1.01 0.96 1.13 1.33 1.42 1.46 1.51 1.54 1.52 1.45 1.39 1.46 1.51 1.39 1.27 1.24
0.63 0.68 0.83 0.98 1.05 1.10 1.12 1.11 1.10 1.11 1.18 1.15 1.01 1.03 1.13 1.12 0.99 0.83 0.88 1.07 1.30 1.43 1.26 0.96 0.94 1.27 1.55 1.61 2.12 2.53 2.17 1.89 1.62 1.85 2.69 2.54 1.89 1.71 1.78 1.62 1.25 1.24 1.37 1.28 1.15 1.10 1.05 0.94 0.87 0.88 0.96 1.06 1.13 1.16 1.20 1.24 1.31 1.37 1.35 1.28 1.32 1.46 1.43 1.28 1.29 1.29 1.21 1.17 1.07 0.95 1.04 1.34 1.52 1.50 1.53 1.57 1.58 1.52 1.41 1.42 1.49 1.47 1.32 1.21
0.56 0.65 0.86 1.01 1.06 1.08 1.06 1.08 1.10 1.10 1.17 1.18 1.06 1.08 1.22 1.25 0.98 0.66 0.81 1.19 1.50 1.51 1.19 0.92 0.85 1.02 1.34 1.57 2.16 2.59 2.26 1.95 1.78 2.11 2.82 2.62 2.06 1.98 1.83 1.41 1.14 1.33 1.46 1.27 1.16 1.16 1.07 0.92 0.85 0.86 0.91 0.97 1.04 1.12 1.17 1.18 1.25 1.39 1.41 1.27 1.26 1.44 1.48 1.31 1.29 1.35 1.28 1.17 1.08 0.98 1.02 1.32 1.57 1.55 1.55 1.59 1.59 1.55 1.47 1.45 1.48 1.51 1.39 1.20
0.55 0.68 0.89 1.01 1.03 1.03 1.03 1.06 1.08 1.09 1.16 1.22 1.12 1.11 1.31 1.36 0.95 0.47 0.67 1.20 1.65 1.71 1.20 0.85 0.83 0.95 1.13 1.37 1.98 2.56 2.50 2.07 1.87 2.29 2.98 2.83 2.37 2.11 1.70 1.24 1.19 1.39 1.46 1.30 1.22 1.17 1.03 0.90 0.86 0.86 0.86 0.87 0.92 1.06 1.17 1.15 1.17 1.35 1.45 1.31 1.23 1.36 1.45 1.37 1.33 1.40 1.39 1.23 1.08 1.02 1.06 1.31 1.55 1.57 1.57 1.61 1.58 1.55 1.54 1.52 1.52 1.54 1.43 1.23
0.58 0.69 0.87 0.97 0.99 0.99 1.01 1.04 1.07 1.06 1.13 1.32 1.27 1.16 1.34 1.42 0.92 0.35 0.51 1.08 1.63 1.89 1.43 0.82 0.79 1.07 1.14 1.23 1.56 2.21 2.61 2.39 2.07 2.50 3.15 2.98 2.49 2.00 1.42 1.20 1.19 1.26 1.42 1.47 1.31 1.13 0.97 0.87 0.86 0.85 0.82 0.77 0.80 1.00 1.16 1.13 1.12 1.28 1.44 1.38 1.25 1.28 1.39 1.40 1.37 1.41 1.45 1.34 1.17 1.07 1.10 1.29 1.49 1.56 1.59 1.63 1.60 1.54 1.57 1.61 1.60 1.58 1.43 1.26
0.61 0.68 0.81 0.92 0.98 0.98 0.99 1.01 1.04 1.03 1.10 1.38 1.41 1.21 1.35 1.47 0.95 0.29 0.36 0.85 1.43 1.94 1.76 0.97 0.86 1.27 1.31 1.33 1.37 1.65 2.31 2.63 2.59 2.92 3.33 2.95 2.27 1.71 1.27 1.11 1.01 1.13 1.52 1.66 1.34 1.02 0.91 0.88 0.87 0.85 0.80 0.72 0.73 0.92 1.10 1.12 1.08 1.19 1.40 1.42 1.29 1.22 1.33 1.44 1.37 1.38 1.44 1.41 1.33 1.19 1.15 1.30 1.46 1.51 1.58 1.67 1.64 1.56 1.56 1.63 1.71 1.64 1.40 1.25
