windninja/windninja_output/Output_2025-08-24_1000-1050_Google earth_Fire_150m_10min/merlingen_7.5mi_point_08-24-2025_1010_150m_ang.asc
ncols	158
nrows	163
xllcorner	391686.332397
yllcorner	5160024.123721
cellsize	150.000000
NODATA_value	-32768.000000
[rows 0 to 47 of 163, columns 0 to 95 of 158]
99 99 100 101 103 107 110 109 108 110 111 108 96 84 85 94 102 106 110 118 126 125 117 115 117 121 122 118 115 117 117 115 114 113 112 113 116 115 114 114 112 111 111 111 113 116 117 119 121 121 123 123 123 124 123 120 117 114 114 116 117 114 112 110 109 107 106 108 112 115 116 114 110 107 106 107 107 106 106 108 107 104 100 101 102 99 95 91 91 89 85 85 85 81 77 76
100 100 102 103 105 106 107 108 107 109 111 110 104 96 95 100 106 112 116 120 127 129 124 119 118 119 121 121 118 117 116 116 115 115 115 114 116 117 117 117 116 115 115 115 117 119 120 121 123 123 122 121 120 120 119 118 117 116 115 116 116 115 113 112 112 110 108 108 111 114 115 114 111 110 109 109 107 106 108 110 108 104 102 101 100 101 99 95 93 91 90 89 88 86 84 82
102 102 104 105 106 106 105 106 108 111 114 117 118 113 108 108 113 118 120 121 125 131 132 125 118 117 120 122 120 117 116 116 116 117 118 117 118 119 120 121 121 120 120 120 121 122 122 123 124 124 122 120 118 116 116 117 118 117 116 115 116 117 116 115 115 114 112 110 110 112 114 113 113 113 112 110 109 108 109 110 108 105 104 102 101 104 107 102 97 97 98 97 97 96 96 94
102 101 103 105 105 107 109 110 113 116 119 123 124 119 115 112 115 118 118 119 122 127 132 131 122 119 120 121 122 120 118 117 117 119 120 120 119 118 119 121 122 123 123 122 123 123 123 123 123 123 123 122 120 118 118 118 118 117 116 115 116 117 116 115 115 115 113 110 109 111 112 113 112 112 111 111 111 108 107 108 110 105 104 105 104 106 111 109 105 103 103 103 105 105 105 106
103 102 102 103 105 108 112 114 115 116 118 124 126 122 118 114 113 115 115 115 117 122 130 134 127 123 123 124 125 124 122 120 120 121 121 120 119 119 120 123 125 125 124 124 124 123 122 122 122 121 121 120 119 117 116 116 116 116 116 115 115 115 115 114 114 115 113 110 109 109 111 111 111 111 110 110 110 109 106 106 108 106 104 105 105 105 112 115 113 111 108 108 112 115 116 117
103 103 103 104 106 109 113 114 113 113 116 122 127 124 118 114 111 111 111 112 114 118 126 134 130 126 124 123 124 125 124 122 121 121 122 122 122 122 123 124 125 125 124 123 122 120 120 120 119 118 117 117 116 115 114 114 115 116 116 115 115 115 115 114 114 114 113 111 109 109 109 109 110 112 111 109 109 109 108 104 104 107 106 106 105 105 109 115 116 116 115 114 117 121 122 122
102 104 105 106 107 109 111 111 111 112 116 122 128 124 117 114 111 109 111 112 113 114 121 130 131 127 124 123 124 124 124 122 121 121 122 123 124 124 123 123 123 122 120 119 118 117 117 117 117 116 116 115 115 114 113 113 114 115 116 116 117 117 116 115 114 114 113 111 109 110 110 109 111 113 113 111 109 109 108 104 104 108 110 108 106 104 106 112 116 119 118 116 115 117 118 118
101 103 106 108 108 108 108 108 109 113 118 123 129 125 117 114 114 112 112 113 113 114 118 125 130 129 126 124 124 124 122 121 119 119 120 120 121 121 120 119 118 117 116 115 115 115 115 115 115 115 115 114 114 113 112 113 114 115 116 118 119 119 117 114 112 112 113 111 110 111 112 111 110 112 113 111 108 106 105 104 105 109 112 110 108 106 107 111 115 118 118 116 114 113 115 118
101 102 104 107 108 107 106 106 109 113 118 123 128 127 119 115 115 115 113 113 113 113 116 121 128 132 129 125 125 124 121 120 119 118 117 116 116 115 114 113 113 112 112 113 113 113 113 113 114 115 115 114 114 112 111 113 115 116 116 117 116 117 117 114 110 110 112 112 111 111 111 109 107 108 109 109 106 103 103 104 105 108 114 115 114 114 113 115 119 123 124 123 120 121 122 121
101 101 103 105 107 107 106 108 111 114 118 122 127 127 120 115 115 116 116 115 114 114 115 119 125 131 131 126 126 125 121 120 120 117 115 113 113 112 111 110 110 110 111 112 111 111 112 112 113 115 114 112 113 114 112 112 113 113 112 110 109 111 113 112 109 110 111 112 110 107 106 106 106 106 107 106 104 104 107 108 108 110 115 118 117 117 117 118 123 127 127 126 126 127 125 119
101 102 103 104 106 107 108 110 112 115 117 121 125 127 122 117 116 116 118 118 116 116 116 118 123 128 132 128 125 125 120 118 118 116 113 111 110 110 110 110 110 110 110 110 109 109 111 110 109 112 112 111 112 112 110 107 106 106 103 102 103 104 108 111 111 110 109 108 107 104 103 105 107 107 106 103 102 107 114 115 113 111 113 117 117 119 119 117 119 123 121 120 122 124 121 115
101 102 103 104 106 107 109 111 113 115 117 120 123 126 124 119 117 117 118 118 117 116 115 117 120 124 128 126 123 121 118 115 116 115 112 109 109 109 110 110 110 108 108 108 106 106 107 105 102 104 107 107 106 105 103 101 98 97 96 95 95 97 102 110 111 109 107 105 105 106 106 105 106 109 109 109 110 113 119 120 116 113 114 117 121 123 121 115 116 122 118 113 115 120 118 113
101 102 103 104 106 108 110 111 113 115 117 119 122 125 123 119 118 118 118 118 117 116 114 114 115 117 120 121 120 118 116 115 115 114 111 109 109 110 110 110 109 108 107 106 104 101 98 95 94 97 101 101 100 98 98 99 97 93 89 86 89 93 99 106 108 107 105 106 112 113 109 106 106 112 117 118 117 117 120 122 120 116 116 117 119 123 120 114 116 123 118 110 110 116 114 108
101 102 103 105 107 108 110 111 113 114 116 118 121 124 122 118 117 119 118 117 117 115 113 110 110 112 116 118 118 117 116 115 114 113 112 110 110 110 110 110 108 104 101 99 97 94 91 89 90 94 96 98 97 95 95 98 98 93 86 85 90 96 101 105 107 106 105 109 117 119 113 109 110 115 120 119 116 114 114 117 118 118 117 115 113 116 115 110 109 115 113 106 104 106 105 101
101 102 104 106 107 109 110 112 113 115 117 118 122 125 123 119 117 119 119 116 114 113 111 108 109 112 116 118 117 116 114 114 114 113 114 112 110 108 106 104 100 94 90 91 93 91 92 95 92 91 93 97 97 96 97 99 102 101 95 93 97 102 106 108 107 106 109 112 117 123 123 116 114 115 116 116 113 109 106 109 114 116 115 111 107 108 108 103 99 101 103 98 94 94 97 97
101 102 104 106 108 109 111 112 114 115 117 119 122 126 126 121 118 119 119 117 114 113 112 111 111 114 117 117 116 116 115 115 116 115 113 109 104 100 96 93 91 89 89 94 97 96 97 102 99 93 95 100 103 103 102 101 103 108 108 103 103 106 109 110 107 107 111 113 116 125 129 121 114 112 113 114 111 107 106 110 113 114 110 105 102 100 97 94 91 90 92 92 91 91 93 96
101 102 104 107 109 110 112 113 115 116 118 119 121 125 126 121 118 117 118 118 116 115 115 114 113 114 117 118 117 118 117 114 112 108 102 99 97 95 93 93 94 97 100 99 100 101 99 101 104 104 103 104 107 107 104 100 100 106 112 109 107 107 109 110 107 105 109 113 115 121 127 122 115 115 117 115 112 110 112 112 110 107 104 99 95 91 88 85 88 93 95 95 93 93 94 96
101 102 105 108 110 112 114 115 116 117 118 120 121 124 125 121 117 116 116 117 116 115 115 115 114 113 115 117 117 116 113 108 104 98 96 97 100 100 100 100 102 103 103 100 99 101 102 103 107 110 110 108 107 104 102 100 99 104 112 111 107 107 108 110 109 107 108 111 113 115 120 124 120 120 121 117 116 114 110 105 100 98 96 91 87 86 85 85 92 101 104 98 95 95 95 94
100 102 106 109 112 114 116 117 118 119 120 120 121 122 123 121 118 116 115 114 114 114 115 115 113 112 113 115 115 112 108 104 101 100 100 101 102 103 103 103 103 102 101 100 100 100 104 108 108 106 108 108 106 104 103 103 103 104 108 110 107 105 106 109 110 109 107 107 109 111 118 124 123 120 121 119 115 108 99 93 92 93 93 91 88 88 90 92 96 102 108 105 99 98 97 95
99 102 106 110 113 116 118 120 121 121 122 122 123 123 122 121 118 116 115 114 115 115 116 115 114 114 114 114 113 111 108 105 103 102 101 100 101 104 105 105 104 103 102 101 102 103 107 110 108 104 104 106 107 108 107 107 105 104 105 107 104 101 103 107 108 108 106 105 109 114 119 123 121 118 120 119 111 101 94 92 94 96 99 100 98 94 93 94 95 100 109 112 103 100 99 97
101 104 108 112 115 118 120 122 123 124 124 124 124 124 123 122 120 118 117 117 117 117 117 117 116 115 114 113 112 112 111 108 105 104 105 105 106 108 110 108 106 104 102 102 104 105 105 106 106 104 103 105 108 111 110 108 105 104 103 103 101 99 102 107 108 108 108 109 113 116 118 119 116 114 118 121 114 104 99 98 100 102 104 105 104 99 95 93 95 101 109 115 105 100 101 102
102 105 110 114 118 121 124 126 127 128 128 127 126 126 125 123 122 120 120 119 119 118 118 117 116 115 114 113 112 112 113 112 110 110 111 111 109 109 109 107 104 102 102 103 104 103 103 105 107 106 104 105 107 110 110 108 107 105 102 99 99 99 102 107 109 111 114 114 114 114 112 110 109 110 115 122 121 110 102 101 102 103 102 106 108 103 98 96 99 103 109 116 108 101 103 105
103 106 112 117 121 125 128 130 131 132 132 131 130 129 127 126 124 123 121 121 120 119 119 118 117 116 115 114 113 113 116 118 116 113 112 110 107 104 104 104 103 102 102 101 101 103 105 107 107 106 105 105 105 106 109 110 109 108 104 99 98 99 101 107 112 116 118 116 112 108 105 105 105 108 114 125 128 116 107 102 99 100 101 105 110 109 105 103 102 104 109 117 109 102 103 106
104 108 114 120 125 129 132 135 136 137 137 136 135 133 131 129 127 125 124 123 122 121 120 119 118 117 115 113 112 113 117 120 117 111 108 106 104 101 102 104 105 104 102 100 102 106 107 105 105 105 104 104 104 106 109 110 109 108 107 101 98 98 102 109 117 119 118 113 106 100 98 101 104 109 116 125 129 120 112 104 97 97 99 102 108 112 113 108 103 103 107 113 107 102 102 105
105 109 117 123 129 134 138 140 141 142 142 142 140 138 136 133 130 128 126 125 123 122 121 120 119 117 115 111 110 113 117 119 116 111 107 104 102 102 103 105 107 106 104 104 106 106 104 102 103 104 103 103 105 106 108 110 109 108 108 104 99 100 105 111 116 116 111 103 95 92 94 101 108 112 115 118 121 120 115 108 101 99 99 99 103 110 114 109 104 103 106 110 105 102 102 104
106 111 120 127 133 138 143 146 147 148 148 148 146 143 141 138 134 131 128 126 124 123 122 122 121 119 116 111 109 112 116 117 117 115 110 105 102 102 105 108 108 108 109 107 105 102 100 100 101 102 103 103 104 105 107 110 109 105 103 104 104 108 111 113 113 110 105 96 88 88 96 107 112 114 114 112 110 115 119 117 111 106 102 100 101 107 113 111 106 105 109 116 108 103 103 104
109 114 124 132 139 144 149 151 153 155 156 155 153 150 146 143 138 135 131 128 126 125 124 124 122 122 120 113 110 110 113 115 116 117 113 107 102 101 105 110 110 111 111 108 104 102 99 100 102 103 102 101 102 105 110 113 108 101 101 107 111 113 114 111 107 102 98 91 87 92 102 110 114 114 116 115 105 108 119 125 118 111 107 105 103 106 110 109 104 105 112 122 113 105 103 103
112 119 130 139 146 151 155 158 160 161 162 162 160 157 153 149 144 139 135 131 129 127 126 126 125 126 126 118 112 110 110 111 114 116 115 112 106 102 104 109 111 111 112 109 107 107 103 100 101 104 104 101 103 106 111 116 110 102 106 112 113 112 111 107 100 94 90 87 92 99 105 109 112 113 117 118 105 104 113 125 123 117 113 110 107 104 103 102 100 101 109 122 119 109 104 104
116 126 138 147 153 158 162 165 167 168 169 169 168 165 160 155 150 145 140 135 131 129 127 127 128 131 131 125 118 112 108 109 112 114 116 119 115 107 107 112 114 114 114 112 111 111 108 103 100 104 108 105 104 105 109 117 118 107 108 112 113 110 107 103 98 93 89 91 99 105 107 108 110 111 114 117 109 102 104 116 124 123 117 112 107 100 97 99 98 97 102 115 121 115 109 107
123 135 148 157 162 166 170 173 175 176 176 176 175 173 168 163 157 151 144 137 133 130 129 129 131 133 133 128 123 118 111 107 109 113 120 128 125 114 111 115 117 116 116 114 114 114 111 109 106 107 111 108 104 102 104 112 120 110 105 108 111 108 101 96 94 93 94 98 103 107 108 107 105 104 110 116 112 102 98 106 120 126 120 111 104 99 100 102 100 96 96 104 116 118 114 110
137 149 160 168 173 176 178 180 182 183 183 183 182 180 177 171 164 157 149 141 135 133 131 131 133 134 132 128 125 120 111 105 107 113 122 133 130 118 114 117 118 117 116 112 112 114 113 113 110 108 108 106 102 98 97 102 108 107 105 104 105 103 94 86 88 95 101 102 101 104 106 102 98 102 112 118 113 103 98 102 114 124 121 113 107 106 107 106 102 96 92 94 103 111 112 110
177 173 173 179 184 186 186 188 190 191 190 191 190 187 184 179 172 164 155 145 139 136 133 131 132 134 133 132 130 123 114 110 111 112 119 132 130 119 116 116 115 113 112 109 108 111 112 111 107 102 102 101 98 94 92 92 98 103 104 101 100 98 89 83 89 99 107 106 101 101 102 99 101 109 118 118 114 105 99 101 108 119 120 115 111 109 107 103 98 94 91 89 91 100 108 110
217 200 187 191 196 195 194 196 197 198 198 198 197 195 192 188 180 171 159 149 141 137 134 133 133 134 134 135 138 134 124 118 114 109 112 128 129 118 114 111 108 108 108 106 106 108 108 105 101 99 99 99 98 94 90 91 98 99 99 99 97 95 88 84 90 100 112 111 102 98 100 104 110 116 121 121 117 110 102 100 102 109 113 114 112 108 104 100 95 92 91 89 89 95 104 112
234 219 203 204 206 203 202 203 205 206 205 205 204 202 200 196 188 178 165 154 143 138 135 133 133 134 134 136 139 137 127 119 113 105 107 123 128 116 110 108 105 105 105 104 103 104 103 100 97 98 98 98 98 95 91 94 101 100 95 93 94 97 96 90 91 97 109 114 105 100 103 110 113 117 121 123 122 115 106 98 95 98 104 111 113 110 105 103 99 95 92 92 94 99 107 116
244 230 215 216 215 211 210 210 213 213 212 212 212 210 207 203 195 184 171 158 146 139 135 133 131 132 134 137 138 133 125 117 113 108 106 115 125 115 107 106 103 101 100 98 98 100 99 96 96 97 97 96 96 96 95 97 101 101 95 90 91 97 107 99 91 92 101 111 111 108 108 109 109 112 117 121 122 118 109 97 90 93 98 104 112 113 105 104 104 98 95 97 101 105 110 116
250 239 228 225 222 218 217 218 220 221 220 220 219 217 214 209 203 192 177 160 147 139 134 132 131 130 133 135 137 132 124 120 118 114 108 109 116 112 104 101 97 94 94 95 96 98 98 97 98 98 96 96 96 97 99 100 101 100 97 91 89 95 109 107 95 90 95 106 114 114 110 105 102 105 111 118 119 113 106 99 93 91 91 95 103 112 109 105 106 105 103 103 103 104 107 114
257 250 239 233 228 225 225 226 228 228 228 227 226 224 221 217 210 199 182 162 147 138 132 130 129 130 132 134 135 131 128 125 120 114 107 103 104 102 97 92 91 91 93 95 97 98 99 100 99 98 97 98 98 100 102 102 100 99 97 93 91 95 106 113 102 93 94 102 110 112 105 97 97 103 111 116 115 108 103 104 102 93 87 86 93 108 116 109 107 111 110 106 103 102 107 116
262 256 247 241 235 233 233 234 235 236 236 235 233 231 228 224 217 204 185 163 146 136 131 128 128 129 131 135 135 130 129 126 118 111 103 99 94 88 87 89 91 94 96 98 99 99 100 100 98 97 100 102 102 101 102 103 101 98 96 94 93 95 103 113 108 97 95 100 104 102 96 95 101 109 114 111 114 114 104 104 107 100 91 87 91 103 119 118 110 112 112 107 104 106 110 115
265 261 252 246 243 242 242 242 244 244 243 242 240 238 236 231 223 210 188 161 144 134 128 126 125 127 129 134 133 126 124 121 116 110 103 96 84 81 87 91 94 97 100 101 100 100 102 103 101 100 103 106 106 101 102 106 106 101 99 97 95 94 99 108 109 101 97 98 98 94 96 104 110 112 111 107 115 125 108 101 106 106 98 93 95 101 115 124 116 113 112 108 107 108 108 108
268 265 259 253 251 251 251 252 253 252 251 249 248 246 243 238 230 216 190 157 139 130 125 123 123 123 127 130 127 120 117 117 115 110 102 91 82 88 90 92 96 99 102 104 102 101 103 105 104 102 102 107 112 108 106 109 112 109 103 100 96 90 88 96 105 101 98 96 94 97 106 111 111 107 103 107 118 136 118 101 100 103 101 99 98 99 109 122 121 114 111 109 107 106 103 104
269 268 266 263 261 260 261 262 262 260 259 257 256 254 251 246 238 222 188 149 133 125 121 119 119 120 122 123 121 117 114 115 114 109 100 91 92 95 93 94 98 101 105 106 105 103 104 107 108 104 102 108 117 117 110 108 111 110 104 98 91 82 78 86 100 102 97 95 96 104 110 108 102 102 105 110 121 144 129 104 96 96 100 102 99 101 110 121 121 116 112 107 103 100 101 105
270 271 272 273 272 272 272 271 269 269 267 266 264 263 260 255 247 227 181 137 126 120 117 116 115 116 117 117 118 116 113 113 113 109 103 100 100 101 101 101 102 104 105 106 108 109 108 108 109 107 104 107 115 117 109 103 102 103 98 90 84 79 80 85 94 101 97 97 103 107 105 99 99 108 112 113 123 146 131 106 97 97 99 101 104 108 113 117 117 115 113 105 96 95 101 108
272 274 279 282 283 283 283 281 278 277 277 275 274 272 269 265 257 234 156 121 117 114 112 112 111 112 112 114 116 115 112 110 110 110 110 110 109 110 112 109 106 103 102 105 109 110 106 102 103 105 104 103 107 109 105 98 94 92 90 86 84 88 91 90 91 99 103 103 105 105 98 97 104 113 115 115 124 145 132 109 102 102 102 105 109 110 109 106 109 112 111 105 96 97 104 112
275 279 287 293 295 293 292 291 288 287 286 285 284 282 280 277 272 250 112 107 109 108 108 107 107 108 109 110 112 112 109 108 108 112 116 120 119 115 113 109 104 100 102 105 105 101 97 95 99 103 104 101 101 102 99 94 89 86 85 86 90 97 100 98 97 103 109 110 107 104 101 102 107 114 116 116 123 140 128 111 105 107 110 111 111 105 95 94 101 107 109 107 102 102 105 110
278 284 298 305 306 304 302 301 299 297 297 296 294 294 294 294 300 29 87 98 102 103 104 104 104 105 106 107 108 108 107 106 108 112 118 123 120 113 109 106 102 101 103 102 98 92 92 96 102 107 105 100 96 94 91 88 85 83 86 91 96 101 105 106 108 108 109 110 109 108 107 105 106 110 111 110 115 126 115 109 110 114 115 111 103 91 86 91 95 101 105 107 106 104 103 102
283 295 312 318 319 317 315 313 311 309 308 308 308 308 311 318 344 53 79 92 97 99 100 100 101 102 103 104 104 105 106 106 108 111 116 120 118 112 109 107 106 105 101 97 92 90 95 102 108 108 102 94 88 85 83 82 82 86 94 99 102 105 110 114 114 112 109 106 107 108 106 103 101 101 99 95 93 102 107 112 116 117 112 102 89 84 88 92 93 96 102 108 108 105 100 97
311 322 333 335 335 332 329 326 324 323 321 322 324 326 332 346 22 60 76 88 93 95 96 97 98 99 100 100 101 102 104 105 106 110 113 115 116 114 112 110 109 105 99 93 89 94 102 106 107 102 95 88 80 77 79 80 84 94 102 107 109 110 114 116 114 110 107 103 102 105 104 101 97 93 89 83 77 95 109 112 113 110 102 93 87 89 93 95 93 94 100 107 108 104 98 96
27 5 1 1 355 347 344 342 339 338 336 338 340 345 355 14 43 64 77 86 90 92 93 94 95 96 97 98 99 100 101 103 104 108 111 112 112 113 113 112 110 106 99 92 92 100 106 105 101 95 89 80 74 76 80 84 92 100 108 114 115 112 112 112 110 106 103 100 100 103 102 100 95 90 83 75 73 94 105 105 103 99 95 93 93 96 98 98 96 97 101 105 106 102 98 96
