windninja/windninja_output/Output_2025-08-24_1000-1050_Google earth_Fire_150m_10min/merlingen_7.5mi_point_08-24-2025_1040_150m_ang.asc
ncols	158
nrows	163
xllcorner	391686.332397
yllcorner	5160024.123721
cellsize	150.000000
NODATA_value	-32768.000000
[rows 48 to 95 of 163, columns 0 to 95 of 158]
267 272 278 282 282 284 289 292 290 287 285 283 281 279 277 276 274 272 270 268 266 264 262 259 256 252 247 240 233 224 215 204 195 188 183 177 174 170 167 163 157 151 152 157 152 139 131 126 123 120 108 87 84 90 94 100 107 112 117 121 121 113 107 105 105 102 99 96 94 93 90 87 82 74 64 55 52 63 77 83 83 83 83 81 79 79 79 79 81 84 83 83 82 80 76 73
263 268 275 279 282 284 288 294 295 291 288 286 284 281 279 277 276 274 272 270 267 265 262 259 255 250 243 236 227 217 206 195 187 182 176 172 168 164 162 159 154 151 151 152 145 133 126 124 122 115 94 87 94 99 104 110 113 116 118 118 116 108 101 100 102 102 100 97 93 90 88 84 79 70 61 57 60 67 75 80 82 83 84 83 81 81 81 82 85 84 80 76 75 75 74 69
260 264 272 278 283 285 287 292 299 297 292 289 286 284 282 279 277 276 273 270 268 265 262 257 252 246 238 229 218 207 196 187 180 174 169 166 162 159 157 155 152 150 150 149 141 129 123 120 114 97 86 97 105 111 114 116 117 116 114 112 107 101 97 98 101 102 99 96 92 89 86 81 75 67 64 64 66 69 73 78 81 82 82 83 83 84 85 86 85 81 76 72 70 69 69 68
251 250 260 293 289 288 287 288 297 302 298 292 289 287 284 281 278 276 274 271 269 265 260 255 248 240 230 219 207 196 186 178 172 166 162 159 156 153 152 152 150 146 146 146 138 128 122 116 101 95 108 113 114 116 117 117 115 111 106 102 98 95 96 99 101 101 98 94 90 87 83 79 73 69 70 71 71 71 74 77 79 79 81 83 86 87 88 86 82 78 73 69 67 66 68 70
241 226 101 321 296 293 290 286 291 303 305 298 293 289 286 283 280 277 275 272 268 263 258 251 242 232 220 206 194 184 176 169 163 159 155 152 150 148 148 148 147 142 141 143 137 128 122 123 116 122 127 124 119 118 118 115 111 105 98 93 93 95 98 99 100 101 98 92 87 85 82 78 74 72 73 75 75 76 78 79 76 75 79 84 88 89 88 85 81 76 71 68 65 65 70 81
217 193 92 15 303 301 298 288 288 299 308 303 297 293 288 285 282 279 275 270 266 260 252 242 230 217 203 190 180 172 165 160 155 152 149 147 145 144 144 145 144 138 138 141 138 130 129 139 134 129 129 124 119 116 114 111 108 101 93 90 94 98 99 99 100 101 98 90 85 84 82 78 74 73 74 76 76 78 83 82 77 76 78 80 84 88 89 86 80 74 70 69 66 67 78 100
177 170 114 63 329 312 315 292 282 291 309 310 305 298 292 286 282 277 273 268 261 252 240 227 211 197 184 174 167 161 156 151 148 146 143 141 140 139 140 140 140 136 134 136 136 133 135 143 137 130 127 121 117 113 109 108 106 99 93 94 97 100 100 99 100 101 98 91 86 84 81 75 71 73 76 76 76 79 84 85 82 81 79 77 77 81 85 85 79 73 71 72 73 74 89 105
145 150 136 93 60 24 10 328 280 280 302 316 314 308 298 288 283 278 270 259 248 233 216 200 186 175 166 160 155 150 147 145 142 140 138 137 136 135 135 135 135 131 129 130 133 135 138 141 137 132 128 120 117 113 107 105 103 98 97 99 102 103 101 99 99 100 98 92 87 82 73 66 72 77 78 77 77 82 86 87 87 85 81 77 74 74 74 75 75 74 76 78 82 88 95 103
129 133 132 117 97 78 65 57 342 280 290 321 331 330 315 296 281 269 252 234 216 196 181 170 162 157 153 149 146 143 140 138 137 135 134 133 132 131 131 131 130 129 127 128 132 136 139 139 136 135 131 119 115 111 105 103 101 101 103 105 107 106 100 96 95 96 95 91 85 75 64 69 77 80 80 79 80 85 87 88 88 86 82 78 75 72 67 64 66 72 80 88 99 106 102 100
122 122 123 120 112 103 90 79 66 41 308 59 51 41 19 359 250 203 181 171 164 159 154 150 147 145 143 140 138 136 135 133 132 131 130 129 128 128 127 127 127 127 127 128 129 132 135 136 136 137 133 118 113 110 104 102 105 106 109 110 108 104 99 93 89 89 90 85 76 68 70 78 81 81 81 82 85 88 88 86 84 82 80 78 75 72 67 64 64 72 86 102 115 116 107 96
121 120 117 115 113 110 104 95 87 88 99 108 109 104 93 95 109 127 136 138 139 139 139 138 138 137 135 134 133 131 130 129 128 127 126 126 125 125 125 124 124 125 125 125 126 127 129 132 134 138 136 121 114 110 105 103 108 110 111 111 108 102 97 91 86 84 84 79 68 72 80 83 82 83 85 86 89 90 87 83 78 77 76 74 72 70 69 69 74 85 100 110 116 114 104 85
117 116 115 112 108 107 106 103 99 97 101 105 109 114 113 109 111 118 124 128 131 131 131 131 131 131 129 129 128 127 126 125 125 124 123 123 122 122 122 122 122 122 122 123 123 124 126 128 133 139 141 129 116 110 104 102 107 111 111 109 106 102 96 89 84 81 81 71 66 79 85 85 85 87 88 88 91 90 84 78 74 73 72 69 68 68 70 77 90 103 109 109 108 106 92 72
116 115 113 111 109 107 106 105 104 104 106 108 109 115 119 117 114 117 120 122 124 126 127 127 127 126 125 125 124 123 123 122 122 121 121 120 120 120 120 120 120 120 121 121 121 122 123 126 130 137 141 132 118 110 104 103 107 110 110 108 105 101 95 88 83 81 78 64 72 83 86 88 90 91 91 91 90 86 78 74 72 71 70 67 66 69 76 88 102 109 109 105 101 93 77 63
114 113 112 111 110 108 107 107 108 109 111 113 113 115 118 119 118 118 119 121 121 122 122 123 123 122 121 122 121 121 120 120 120 119 119 118 118 118 118 118 118 118 118 119 119 120 121 123 127 132 138 133 120 111 105 104 107 108 108 106 103 100 95 90 85 81 73 61 79 88 90 92 94 94 93 92 87 79 74 72 70 70 69 68 70 75 87 100 107 109 107 101 91 75 65 57
112 111 110 109 108 108 108 109 111 111 113 115 115 116 118 119 118 118 118 119 119 119 120 120 120 119 119 119 119 119 118 118 118 117 117 117 116 116 116 116 116 116 117 117 118 118 119 121 123 126 133 134 124 115 109 107 107 107 106 105 103 101 98 93 87 80 69 68 87 93 93 94 95 95 93 89 83 76 73 70 69 68 68 71 76 86 99 109 109 106 102 91 76 64 58 52
112 110 108 108 109 109 110 111 112 112 113 115 117 117 119 119 117 117 118 118 117 117 118 118 118 117 117 117 117 117 116 116 116 116 115 115 115 115 115 115 115 115 115 115 116 116 117 118 120 122 128 131 125 120 118 112 107 106 106 106 106 104 98 90 85 79 72 84 94 95 95 95 96 96 93 87 81 77 73 69 67 67 68 76 84 95 106 111 109 101 88 76 66 58 52 48
111 110 109 108 109 110 110 110 110 112 113 115 118 119 119 119 118 116 116 117 116 116 116 117 116 115 115 115 116 115 115 115 114 114 114 114 114 113 113 113 113 114 114 114 114 115 115 116 117 119 123 127 125 121 123 118 108 105 107 109 109 103 90 82 84 85 90 99 100 98 97 96 96 96 93 87 82 78 71 66 65 67 74 83 93 103 107 107 102 89 75 67 58 52 48 44
111 109 108 109 109 110 110 109 109 110 111 113 117 119 119 119 118 116 115 114 114 114 114 115 115 115 114 114 114 114 114 114 114 113 113 113 113 112 112 112 112 112 112 113 113 113 114 114 115 117 119 122 122 120 123 123 113 106 106 107 105 93 83 86 91 97 104 106 104 101 99 97 96 95 92 90 85 78 68 64 67 74 84 93 101 105 104 100 89 74 64 57 50 47 45 42
110 108 108 109 109 110 111 111 110 111 113 114 116 118 119 118 117 116 115 114 114 114 113 113 114 114 113 113 113 113 113 113 113 112 112 112 112 112 111 111 111 111 111 112 112 112 112 113 114 114 116 117 119 118 121 123 117 108 103 100 98 95 96 97 98 100 104 105 104 103 102 99 96 94 93 92 87 77 67 66 75 87 97 104 104 101 97 89 74 62 54 47 44 42 42 44
111 109 109 109 109 112 115 114 111 111 113 115 116 117 119 118 116 116 116 115 114 114 112 112 113 112 111 111 111 111 112 112 112 112 111 111 111 111 111 111 110 111 110 111 111 111 111 111 112 112 113 114 115 116 118 119 117 110 102 97 100 110 109 104 101 100 100 101 103 103 103 100 96 94 93 91 87 78 70 77 88 97 103 104 100 94 87 73 63 55 46 41 39 38 41 47
114 112 112 114 115 117 121 118 112 111 114 116 116 117 118 118 116 116 117 115 113 112 111 111 111 110 108 107 109 110 111 111 111 111 111 111 111 110 110 110 110 110 110 110 110 110 110 110 111 111 111 112 112 113 114 114 113 111 106 101 105 114 113 109 105 100 98 99 102 103 102 99 97 96 94 92 89 83 80 89 96 99 98 94 95 89 77 63 56 47 40 36 36 39 43 49
111 111 112 114 115 116 121 123 118 117 120 123 122 121 121 120 117 115 116 115 114 113 112 110 109 105 102 104 108 110 111 112 111 111 111 110 110 110 110 109 109 109 109 109 109 109 109 109 109 110 110 110 111 111 111 111 110 110 108 106 108 113 114 111 107 103 101 101 102 102 99 98 98 98 96 94 92 91 93 96 97 96 88 87 94 89 72 58 49 41 35 33 36 41 46 51
108 108 109 108 108 107 112 120 119 117 120 124 123 122 122 121 118 115 114 114 114 112 111 110 108 103 99 102 106 108 110 111 112 111 111 110 110 110 109 109 109 109 108 108 108 108 108 108 108 109 109 109 109 109 109 109 108 108 107 107 108 111 111 110 108 107 106 105 103 101 99 99 99 98 95 92 92 96 100 99 94 88 84 90 94 87 66 52 43 36 32 33 38 42 49 54
105 106 107 107 105 103 105 112 114 110 109 112 113 113 114 115 115 113 113 113 113 111 110 110 111 111 104 102 104 106 108 110 111 112 111 111 110 110 109 109 109 108 108 108 108 108 108 108 107 108 108 108 108 108 108 108 107 107 107 107 108 108 108 108 109 109 109 107 105 105 106 103 99 97 93 90 93 96 99 94 89 85 89 96 92 77 56 44 37 34 34 37 41 44 50 61
105 106 107 107 106 105 107 110 110 105 101 103 106 107 108 109 111 111 111 112 112 112 111 111 115 117 109 102 101 103 106 107 108 111 112 111 111 110 109 109 108 108 108 107 107 107 107 107 107 107 107 107 107 107 107 107 106 106 106 106 106 107 107 107 108 108 109 108 108 111 113 107 99 93 91 91 93 94 93 88 88 92 98 99 88 63 44 38 37 37 38 43 48 51 62 90
105 106 107 108 107 107 108 109 108 105 104 105 107 108 109 110 110 110 110 110 111 111 112 112 115 117 112 105 101 101 103 104 105 108 112 112 111 110 109 109 108 108 107 107 107 107 106 106 106 106 106 106 106 106 106 106 106 106 106 106 106 106 106 106 106 106 107 108 109 112 113 109 102 97 97 97 97 95 91 89 93 101 103 96 77 51 37 35 40 42 42 48 55 68 98 108
104 105 106 108 107 107 108 108 107 107 107 108 109 110 111 111 111 111 111 111 111 110 110 110 113 116 113 107 102 99 100 102 104 106 110 112 111 111 110 110 109 108 107 107 107 106 106 106 106 106 106 106 106 106 106 106 105 105 105 105 105 105 105 105 105 105 106 107 108 109 110 109 108 108 109 107 105 100 94 96 103 106 101 87 61 41 35 37 44 45 50 54 65 96 107 107
103 103 105 107 107 106 107 108 108 108 109 109 109 110 111 112 112 111 111 112 111 110 108 108 111 113 112 108 104 101 101 102 102 103 105 108 110 110 110 110 109 108 107 107 106 106 106 106 105 105 105 105 105 105 105 105 105 105 105 105 105 105 105 105 105 105 106 106 107 107 107 109 111 115 118 114 111 106 102 107 110 104 92 71 46 33 35 41 46 53 63 71 91 102 103 99
101 101 102 105 106 107 108 108 108 109 110 111 111 111 112 112 112 111 111 111 111 110 109 109 110 111 110 109 108 104 100 100 99 98 100 104 107 109 110 110 109 108 107 106 106 105 105 105 105 105 105 105 105 105 105 105 105 105 105 104 104 104 104 104 104 105 105 105 106 106 107 108 110 115 119 118 117 115 114 112 107 97 78 56 38 35 42 46 52 65 81 103 111 104 97 91
101 99 96 98 103 107 108 108 109 111 112 113 112 112 112 113 113 112 112 111 111 110 110 110 109 108 108 109 109 106 100 97 97 97 100 104 107 108 109 110 110 109 107 106 105 105 105 105 105 105 105 105 105 105 105 105 105 104 104 104 104 104 104 104 104 104 104 105 105 105 106 108 109 112 116 119 121 124 120 109 99 85 63 48 43 49 57 59 68 86 106 117 114 104 94 88
102 95 85 90 101 107 108 110 113 116 117 116 114 113 113 113 113 113 113 112 111 111 110 111 110 107 106 108 110 109 104 99 99 100 100 102 105 106 107 109 110 109 107 106 105 105 104 104 104 105 105 105 105 105 105 105 104 104 104 104 104 104 104 104 104 104 104 104 105 105 106 107 108 110 113 117 122 128 123 108 93 71 52 50 51 58 64 75 94 104 109 112 109 100 91 86
103 90 76 84 97 108 115 117 119 122 123 120 116 115 114 114 114 114 113 112 111 111 110 111 112 110 107 107 109 111 109 104 101 100 100 101 103 104 104 107 110 109 106 105 104 103 103 103 104 104 105 105 106 105 105 105 105 104 104 104 104 104 103 103 103 103 104 104 104 105 105 106 107 108 110 114 120 127 124 108 88 63 53 55 56 59 73 94 104 106 105 103 101 96 90 86
106 95 88 91 102 118 130 130 128 129 128 123 118 116 115 115 114 113 113 112 111 110 110 111 114 113 108 107 108 111 112 109 105 102 101 101 102 102 101 103 107 107 105 103 102 102 102 102 103 104 106 106 106 106 106 105 105 104 104 104 104 103 103 103 103 103 103 104 104 104 105 106 106 107 109 112 117 123 123 111 90 69 65 62 60 69 92 106 107 104 100 98 95 93 89 87
114 98 96 104 114 124 140 143 138 136 133 126 119 116 114 114 113 112 113 113 111 111 110 112 115 113 109 108 108 110 113 112 110 106 102 99 99 101 101 100 102 104 102 101 100 100 100 99 100 103 107 108 108 107 106 105 105 104 104 104 104 104 103 103 103 103 103 103 104 104 104 105 106 107 108 110 114 120 122 117 107 87 75 68 70 90 107 109 106 101 98 95 92 89 88 87
116 105 108 116 121 126 136 142 141 138 134 126 119 115 113 113 112 111 111 112 111 111 111 112 115 114 111 110 109 109 111 111 109 106 102 98 98 99 100 100 100 101 101 101 101 101 102 102 102 105 109 111 110 109 107 106 105 104 104 104 104 104 103 103 103 103 103 103 103 104 104 105 106 106 108 109 112 117 121 124 127 107 81 79 95 109 110 108 105 101 96 93 89 86 86 86
112 119 123 123 122 119 123 130 131 128 125 120 116 112 110 110 109 109 109 111 111 111 111 112 116 116 113 112 110 109 108 108 107 104 102 99 97 98 99 100 100 101 103 104 105 106 108 109 109 109 110 111 112 111 109 106 105 105 104 104 104 104 103 103 103 103 103 103 103 103 104 104 105 106 107 109 111 115 120 127 139 136 100 100 112 113 109 105 103 100 96 92 88 85 84 83
103 110 118 114 109 108 110 110 108 110 113 114 112 108 107 107 107 106 108 110 111 112 111 113 117 119 115 112 111 109 108 107 105 103 101 99 99 98 99 99 101 103 105 105 105 105 106 108 108 108 107 108 109 110 109 106 105 105 104 104 104 104 104 104 103 103 103 103 103 103 104 104 105 106 107 108 110 114 119 128 147 156 139 120 114 111 107 102 100 99 96 92 88 84 82 82
93 94 97 97 95 93 89 88 95 103 109 111 110 107 105 105 105 104 105 107 109 110 112 113 117 119 115 111 110 110 109 107 106 103 100 100 100 99 99 101 103 104 104 104 103 102 103 104 105 105 105 103 103 104 106 105 105 105 104 104 104 104 104 104 103 103 103 103 103 103 103 104 105 105 106 108 110 113 118 128 148 160 154 131 114 109 104 100 99 98 96 92 89 85 83 83
90 89 88 89 86 82 79 84 95 105 110 109 107 105 103 102 101 100 101 102 104 106 108 112 117 122 119 114 111 110 109 107 107 108 105 102 100 98 99 101 105 106 105 103 101 101 101 102 103 104 105 103 101 101 103 104 104 104 104 105 105 105 104 104 104 103 103 103 103 103 103 104 104 105 106 107 109 112 118 127 146 157 153 131 113 106 102 99 97 95 94 92 92 92 89 85
90 88 85 85 84 82 84 92 99 104 107 105 105 104 100 98 96 94 95 98 101 102 105 114 124 130 124 117 113 110 109 108 108 110 108 105 102 99 98 99 102 106 106 104 101 100 100 100 101 102 103 104 103 101 101 103 104 104 105 106 106 106 105 105 104 103 103 103 103 103 103 103 104 105 106 107 109 112 117 125 140 151 148 131 113 104 100 98 95 93 93 96 98 98 94 87
92 91 91 93 93 92 93 97 98 98 100 104 106 105 101 96 91 90 92 96 102 106 114 125 137 142 129 118 112 109 108 107 107 107 108 106 105 102 98 96 98 102 106 106 102 100 99 99 99 99 102 104 104 103 102 102 103 104 106 107 108 107 106 105 104 104 103 103 103 103 103 103 104 104 105 107 108 111 115 122 131 142 142 130 116 104 98 95 94 95 98 100 99 93 89 88
99 100 101 100 99 97 95 94 91 90 98 107 109 106 100 91 86 88 92 99 107 116 125 134 148 148 128 117 111 108 107 106 106 106 106 107 107 105 99 95 95 98 102 105 104 101 98 96 98 99 101 104 107 107 106 103 101 101 104 109 112 110 107 106 104 104 103 103 103 103 103 103 103 104 105 106 108 110 113 117 124 133 135 127 116 107 100 96 96 99 100 98 91 84 81 84
101 102 100 96 97 98 97 92 89 91 99 108 110 103 96 90 87 88 92 102 116 127 134 141 151 145 125 114 110 107 105 105 105 105 104 105 106 107 104 98 96 96 98 102 103 102 98 96 96 99 102 105 109 111 109 103 99 98 104 112 117 113 109 106 105 104 103 103 103 103 103 103 103 104 104 105 107 108 111 114 119 125 129 125 118 113 108 102 101 101 97 89 84 81 79 80
98 98 96 94 98 102 102 100 97 97 101 107 108 103 99 96 93 90 91 105 123 136 143 143 148 136 118 110 106 104 104 103 103 104 104 104 105 107 108 104 97 95 96 99 102 102 99 96 95 97 102 106 110 112 113 107 103 105 107 112 118 115 110 106 105 104 103 103 103 102 102 102 103 103 104 105 106 107 109 111 115 119 124 124 121 117 114 108 104 100 92 82 82 83 81 80
98 99 100 102 104 108 115 120 117 106 103 105 106 104 102 101 101 101 103 114 125 144 146 134 131 118 108 105 103 102 102 102 103 105 106 105 105 106 108 107 100 94 93 96 100 101 99 96 94 95 100 105 110 114 117 116 112 110 108 106 110 113 110 106 105 104 103 103 103 102 102 102 102 103 103 104 105 106 107 109 111 114 118 120 119 116 112 108 102 94 82 80 83 83 82 84
100 102 106 109 110 115 122 131 136 119 108 111 115 118 118 115 117 117 116 116 119 130 117 103 103 103 102 102 101 100 99 100 102 105 106 105 104 105 106 108 106 97 91 92 96 97 97 96 95 95 98 106 113 115 118 119 113 107 103 99 101 107 108 106 104 104 103 103 102 102 102 102 102 102 103 103 104 105 106 107 108 110 112 114 114 111 108 104 96 86 80 82 85 84 84 86
100 102 107 110 111 114 120 130 142 129 115 114 121 126 127 121 119 118 112 102 89 65 53 64 80 96 100 100 98 96 96 98 102 106 108 106 105 105 106 107 109 105 96 92 92 95 97 98 97 97 101 108 117 116 115 116 111 105 102 100 100 103 105 105 104 104 103 102 102 102 102 102 102 102 102 103 103 104 104 105 106 107 108 109 109 107 105 100 93 87 85 85 86 86 86 86
98 99 103 107 107 107 109 118 133 128 116 108 108 107 111 107 106 103 95 79 59 47 45 58 78 93 97 97 95 94 95 100 104 107 108 106 105 106 106 108 111 113 105 97 94 96 99 101 103 105 107 109 113 113 111 111 110 108 105 103 101 102 104 104 104 104 103 103 102 102 102 102 102 102 102 102 102 103 103 104 104 105 105 105 105 104 102 98 94 91 90 89 88 87 87 87
