windninja/windninja_output/Output_2025-08-24_1000-1050_Google earth_Fire_150m_10min/merlingen_7.5mi_point_08-24-2025_1000_150m_ang.asc
ncols	158
nrows	163
xllcorner	391686.332397
yllcorner	5160024.123721
cellsize	150.000000
NODATA_value	-32768.000000
[rows 0 to 45 of 163, columns 0 to 95 of 158]
113 113 115 119 123 127 130 131 131 134 136 136 132 124 121 122 124 126 128 133 139 141 138 136 136 138 138 135 133 134 134 132 131 129 128 128 130 128 125 126 124 123 124 123 124 126 127 128 129 130 132 132 132 133 133 130 126 124 123 124 125 123 120 119 117 115 114 115 118 121 122 120 117 114 112 113 113 111 111 113 112 109 104 105 106 103 98 94 94 92 88 88 87 84 80 78
117 117 119 122 124 128 131 132 132 133 136 139 140 136 132 130 131 134 134 136 141 144 142 139 137 138 139 137 135 134 134 132 132 131 130 129 130 130 130 130 129 127 127 127 127 129 130 130 132 131 131 130 130 129 129 128 126 125 124 124 124 123 122 121 120 118 116 116 117 120 121 120 118 116 115 114 113 112 113 114 113 109 106 105 104 105 103 99 96 95 93 92 91 89 86 84
121 120 123 126 127 129 132 133 133 134 138 144 148 147 142 138 138 140 139 139 142 145 145 142 138 137 139 139 136 134 133 132 132 132 132 131 132 133 133 134 133 132 131 131 131 132 133 133 134 133 130 129 127 125 126 127 127 126 125 124 125 125 124 123 123 122 119 117 116 118 120 120 119 119 118 116 115 113 114 115 114 110 108 107 105 108 111 106 101 101 101 100 100 100 99 98
123 123 127 130 131 135 138 138 139 141 144 150 152 149 145 140 139 139 139 139 141 143 145 145 140 139 140 140 139 138 135 133 133 133 133 133 133 132 132 133 134 134 133 132 133 133 133 133 133 133 133 131 130 128 127 127 126 125 125 124 124 125 124 123 122 122 120 117 116 117 119 119 118 118 117 117 117 114 112 114 116 111 108 109 108 110 115 113 109 108 107 107 108 109 109 110
120 123 130 134 136 140 142 142 142 144 147 152 153 151 145 140 138 138 138 138 139 140 144 146 142 141 142 142 143 142 140 138 135 135 135 134 132 132 132 134 135 136 135 134 134 133 133 132 132 132 131 131 129 127 126 125 125 124 124 123 123 124 123 122 122 122 121 117 115 116 117 117 117 117 116 115 115 113 111 112 114 112 109 110 109 109 116 119 117 115 113 113 116 119 119 121
112 118 128 135 139 143 144 143 143 145 150 153 154 151 144 140 137 137 136 136 136 136 140 144 142 140 141 141 143 143 142 139 137 137 137 136 135 135 135 135 136 136 134 133 132 131 130 130 130 129 129 128 127 125 124 124 124 124 124 124 123 123 123 122 122 122 120 117 115 116 116 115 116 118 117 115 114 114 113 110 110 112 111 111 110 109 113 119 119 119 119 118 120 125 125 125
113 119 129 135 139 142 143 144 146 150 152 154 156 152 144 141 139 138 138 138 136 135 137 142 141 139 138 139 140 141 140 138 136 137 137 137 137 136 135 135 134 133 131 129 128 127 127 127 127 128 127 126 126 125 123 122 123 123 124 124 124 125 125 123 121 121 120 117 116 117 118 116 117 119 120 117 115 114 114 110 109 113 114 112 110 107 109 115 119 121 120 118 118 120 121 121
119 127 136 139 141 143 144 145 148 151 154 156 157 154 148 144 143 142 141 140 138 136 137 139 140 139 138 138 138 139 137 135 134 134 134 134 134 133 132 131 130 129 127 126 125 125 125 125 126 127 126 125 125 124 122 121 122 123 124 125 126 127 126 123 121 120 120 118 116 118 119 117 116 118 119 117 113 111 112 111 109 113 116 115 112 110 111 114 118 120 120 118 116 115 117 120
161 153 152 149 147 148 149 151 152 153 154 155 157 157 152 149 147 145 143 142 139 136 137 138 140 142 140 138 138 138 135 133 133 132 130 129 129 128 127 126 125 124 124 124 123 124 124 123 124 127 126 124 124 123 120 121 123 124 124 124 124 125 125 122 119 118 119 119 118 118 117 115 113 114 116 115 112 109 109 110 109 112 118 119 118 118 117 119 123 126 127 125 122 123 125 123
277 253 202 176 164 160 159 159 158 158 157 157 156 156 154 152 151 148 146 144 141 139 138 139 141 143 141 139 139 138 134 132 133 131 128 126 126 125 124 123 122 122 122 123 122 122 123 122 123 126 125 122 124 123 120 120 121 121 120 118 117 119 121 120 117 117 118 118 118 115 112 112 112 112 113 112 109 109 113 114 113 114 119 122 120 120 121 122 127 131 131 129 128 129 128 121
285 275 247 213 189 179 174 169 165 164 162 161 159 157 155 155 154 152 149 146 144 142 140 140 141 142 144 141 139 138 133 132 132 129 126 124 124 124 123 123 123 122 122 121 119 119 121 120 119 122 122 120 121 121 117 114 113 113 111 109 110 111 115 117 117 116 115 114 114 111 109 111 113 113 112 109 108 112 119 119 117 116 118 121 120 122 122 120 122 127 125 123 125 127 124 118
287 281 264 241 215 197 187 179 175 172 168 166 164 162 159 157 156 155 152 148 145 142 141 140 141 142 144 141 137 135 132 130 130 128 125 123 123 123 123 123 122 120 120 120 118 116 117 115 112 113 115 114 113 111 109 106 104 103 102 101 100 101 107 114 114 113 111 110 112 113 112 111 112 115 116 115 115 118 123 124 121 118 118 121 124 126 124 118 119 126 121 116 117 123 120 115
288 284 273 256 235 216 201 191 184 179 175 172 170 167 164 160 157 156 155 151 147 144 141 140 140 140 141 139 136 133 131 130 129 127 125 122 122 123 123 122 121 120 119 118 115 112 110 106 103 105 107 107 105 102 102 102 100 97 93 90 92 95 102 108 110 109 108 109 116 118 114 111 112 118 124 124 123 122 125 127 124 121 121 121 123 126 123 117 119 127 121 113 113 119 116 110
289 286 277 265 249 231 215 203 194 187 182 179 176 174 171 166 160 157 155 154 150 146 142 139 138 139 140 138 136 134 131 129 128 127 126 124 123 123 122 122 120 116 113 111 108 105 103 100 99 101 103 103 102 98 98 101 101 97 90 88 93 99 104 108 109 107 107 111 119 122 117 114 115 120 125 124 121 119 119 122 123 122 122 119 117 119 118 113 113 119 116 108 106 108 107 103
289 286 280 271 258 243 227 214 204 196 190 185 181 179 178 175 168 162 158 155 153 149 145 142 141 140 140 139 137 135 131 129 127 127 128 126 124 121 119 116 111 105 100 99 100 99 101 105 103 100 101 104 104 101 101 102 105 105 102 99 102 107 111 112 111 110 111 113 118 125 125 120 118 119 121 121 117 114 111 113 118 120 118 114 111 111 111 106 103 105 105 100 95 96 98 98
290 287 281 274 264 251 237 224 214 205 198 192 187 182 181 181 177 171 165 161 158 156 152 148 145 143 142 141 138 136 133 131 131 130 127 123 118 113 109 106 102 99 99 103 106 106 107 111 109 103 104 109 112 112 110 108 110 116 115 109 108 111 114 116 112 111 115 116 118 126 130 123 117 116 118 119 115 111 110 113 116 116 113 108 105 102 100 96 93 92 94 94 92 92 95 97
289 287 282 276 267 256 244 233 223 214 206 199 193 187 183 184 183 179 174 169 165 162 159 155 150 146 144 143 141 139 135 132 130 126 119 113 110 107 106 106 107 110 112 111 112 113 110 112 114 113 112 115 117 116 113 109 108 115 121 115 112 112 114 116 113 110 113 117 119 124 128 124 117 117 120 118 116 114 115 114 113 110 107 102 97 94 89 86 89 95 97 96 95 94 96 97
290 288 283 277 269 260 250 239 229 221 213 206 200 194 189 188 188 186 182 178 173 169 164 159 153 149 146 144 141 138 134 130 126 120 116 115 115 116 116 115 116 117 116 113 112 112 113 114 117 118 118 117 116 114 111 109 108 113 120 117 113 112 114 116 115 112 112 116 117 119 123 126 122 122 123 120 120 118 113 108 102 101 99 94 89 87 86 87 94 103 106 101 97 97 97 96
290 288 284 278 272 263 254 245 236 227 219 213 208 202 197 195 194 192 188 186 182 176 170 165 158 152 148 144 140 136 132 129 128 126 123 121 120 120 119 118 117 116 113 113 112 112 115 119 118 116 116 116 115 113 112 112 112 113 116 116 112 110 112 115 116 114 111 112 113 115 121 127 125 123 123 121 118 111 102 95 93 95 95 93 91 90 92 95 98 104 110 107 101 100 99 97
290 289 285 279 273 265 257 249 241 232 225 219 214 208 205 203 201 198 196 194 189 183 178 171 165 158 153 147 143 139 137 135 133 129 124 120 119 120 121 120 119 118 116 115 115 115 117 119 117 112 112 114 115 116 116 115 114 112 113 113 110 106 109 113 113 112 110 109 113 118 123 127 124 122 124 122 114 103 96 94 96 98 101 103 100 97 96 96 97 102 111 114 105 102 101 100
291 289 285 281 274 267 259 252 244 236 230 225 219 215 212 209 206 203 202 199 194 190 185 179 172 165 159 152 147 144 143 141 138 133 129 126 124 126 127 125 123 120 117 116 116 116 116 116 116 113 111 113 116 119 118 115 114 112 110 110 107 104 107 112 113 113 113 114 117 121 123 124 120 119 122 125 118 107 102 101 103 105 106 108 107 102 98 96 97 103 111 117 107 102 102 104
291 289 285 280 275 269 261 254 246 240 234 229 225 220 217 214 211 208 206 204 200 196 192 186 178 173 166 158 151 149 148 147 143 138 135 133 130 129 129 126 123 120 117 116 116 115 114 115 117 115 113 114 115 117 117 115 114 112 109 107 106 105 107 112 113 115 118 118 118 119 118 116 114 114 119 127 126 115 107 104 105 106 105 109 111 106 101 99 101 105 112 119 111 103 104 107
291 289 285 281 276 270 263 255 249 243 237 232 229 225 221 218 215 213 212 209 205 202 199 193 186 181 174 165 157 154 153 151 146 140 135 132 128 125 125 124 122 121 118 115 113 114 116 117 117 116 114 113 113 114 116 117 116 115 112 106 104 105 106 112 117 120 123 121 117 114 112 111 110 111 118 129 132 122 112 106 103 103 104 108 113 111 109 106 105 106 112 120 113 104 105 107
291 289 286 281 277 270 263 256 250 245 241 235 231 228 225 222 219 218 216 213 209 207 204 199 193 188 183 173 163 157 155 152 146 139 134 129 126 123 123 123 123 122 118 115 114 117 118 117 116 115 113 112 113 113 116 117 116 115 115 110 105 104 106 114 121 124 123 118 111 106 105 107 109 113 119 129 134 125 116 108 102 102 103 105 111 115 115 110 105 105 110 117 110 104 104 106
291 290 287 282 277 270 264 257 253 248 243 238 234 231 228 225 224 222 220 217 215 213 210 205 200 195 191 183 170 160 156 152 146 140 136 131 127 124 123 125 125 124 121 118 118 118 117 113 113 113 112 111 113 114 115 117 116 115 115 112 106 105 110 115 120 120 116 109 101 97 99 106 112 116 119 123 126 123 119 112 106 103 103 103 107 113 116 111 106 105 109 115 109 104 104 106
291 290 287 282 276 271 264 259 255 250 244 240 237 234 231 229 227 225 224 222 219 217 214 210 206 202 199 192 179 166 158 152 148 144 139 135 131 125 124 126 126 125 124 120 117 116 113 111 111 112 112 111 111 112 114 117 117 113 111 111 109 112 115 117 118 116 111 102 94 93 100 111 116 118 119 119 115 118 122 121 115 110 107 105 105 110 116 113 108 107 112 120 111 106 105 106
292 290 287 282 277 271 265 260 256 250 245 242 240 237 234 232 231 229 228 226 223 220 217 214 211 207 203 198 187 174 163 153 147 144 141 138 134 126 125 128 128 126 125 120 117 116 114 112 113 113 112 110 110 112 116 120 117 110 109 113 116 117 117 116 113 110 106 99 94 97 106 114 117 118 122 123 111 111 122 127 122 115 112 109 108 110 115 112 107 107 115 125 117 108 105 105
292 290 287 282 277 271 266 262 257 251 247 244 241 239 237 236 234 233 231 228 226 224 222 219 215 209 205 203 195 183 171 158 148 145 141 139 135 126 123 127 128 126 125 122 121 123 119 114 113 115 115 111 111 114 118 125 123 112 114 118 117 116 115 112 106 101 98 96 99 104 108 113 116 118 124 127 111 107 116 127 126 120 116 114 111 108 108 106 103 104 112 124 122 111 106 106
293 291 286 282 277 272 267 262 257 252 248 245 243 241 240 239 237 235 233 231 229 228 226 223 218 211 208 205 199 190 180 166 155 148 144 144 140 130 126 130 131 128 128 125 125 127 124 118 113 116 120 115 113 114 117 128 132 118 115 117 117 114 112 109 105 100 97 99 105 109 110 112 115 117 122 125 114 105 107 119 126 125 120 114 109 103 100 102 101 100 105 117 123 118 112 110
293 291 287 282 277 272 267 262 257 252 249 247 245 244 242 241 239 238 236 235 234 232 229 225 220 215 211 207 201 193 184 175 164 151 146 149 148 137 131 134 134 132 132 129 129 130 127 124 119 121 125 120 115 112 114 126 133 119 112 113 115 112 107 102 101 100 103 106 107 110 111 111 111 111 118 123 117 105 101 109 122 128 122 113 106 102 102 105 103 99 99 107 118 120 116 112
294 292 287 281 276 272 268 262 257 254 251 249 247 246 245 243 242 241 239 238 236 234 231 228 225 220 215 210 206 197 188 179 168 152 148 153 152 140 133 135 135 134 134 130 130 132 129 127 123 121 123 120 114 109 109 118 122 115 110 108 109 108 100 92 94 101 108 109 105 107 109 107 103 108 119 124 119 107 101 105 116 127 123 115 110 109 109 108 105 99 95 97 105 112 113 111
294 292 288 282 277 273 268 262 258 255 252 251 249 248 247 246 245 244 242 240 239 237 234 231 228 224 219 214 210 204 196 183 166 150 148 155 151 139 134 134 133 132 130 127 127 129 127 123 119 115 114 113 109 104 103 108 111 110 109 105 105 105 95 88 94 104 114 111 104 104 105 103 105 114 123 124 120 111 103 104 111 123 123 117 113 112 109 105 100 96 93 91 93 101 108 110
294 292 288 282 277 273 267 263 259 256 254 252 251 250 249 248 247 246 245 244 243 241 237 235 232 228 222 217 211 204 195 181 166 149 145 152 149 136 132 131 128 128 127 124 124 124 121 117 113 110 110 109 108 104 100 105 111 107 105 103 102 102 96 91 96 105 117 116 106 101 103 108 114 121 127 127 124 115 106 103 106 114 117 116 114 110 106 102 97 94 92 90 90 96 105 113
294 292 288 283 278 273 267 263 260 258 256 255 254 253 252 250 249 248 248 247 245 243 240 238 236 232 227 220 210 200 190 179 168 152 142 147 146 135 130 130 126 126 126 122 121 119 115 112 109 108 108 108 107 104 101 105 111 108 101 98 99 104 108 99 97 102 114 118 109 103 108 115 118 122 127 129 128 121 111 103 100 103 108 113 116 112 107 105 101 96 94 93 95 100 108 118
295 293 288 283 278 273 268 264 261 260 258 257 256 255 254 253 252 252 251 249 248 246 244 242 240 235 230 222 211 202 191 180 170 156 143 143 146 136 131 131 127 123 120 116 115 114 111 108 108 107 106 105 105 103 102 105 109 108 100 94 96 105 118 109 98 97 105 115 114 111 113 114 115 118 123 126 127 122 113 102 95 97 102 108 115 115 107 106 106 100 97 99 102 106 111 118
296 294 289 283 278 274 269 265 263 262 261 260 259 258 257 256 255 254 253 252 251 249 248 246 243 238 233 225 215 208 195 180 168 155 144 143 145 138 130 128 124 118 115 114 112 110 110 110 109 108 107 105 105 106 107 107 108 107 102 95 94 102 118 117 101 96 100 110 117 117 114 109 107 111 117 122 124 117 110 103 98 95 95 98 106 115 112 107 108 108 106 105 105 105 108 115
298 295 290 284 278 273 269 267 265 264 263 262 261 260 259 259 258 257 256 255 254 252 250 248 246 242 236 226 217 209 192 177 164 152 142 140 143 139 128 121 118 115 114 114 114 112 113 112 110 109 107 108 108 109 111 110 107 105 103 97 95 100 114 121 109 98 99 107 114 116 109 101 100 107 116 121 120 113 107 107 105 97 91 90 95 111 118 112 110 114 112 108 105 103 108 117
299 296 291 285 279 274 271 269 268 266 266 265 264 263 262 262 261 260 259 258 257 255 253 251 248 245 238 227 217 204 186 172 162 151 141 139 141 135 124 120 119 118 116 115 114 114 115 114 111 109 110 112 112 110 111 111 109 106 104 101 98 100 110 120 115 103 100 104 108 108 101 99 104 113 119 117 119 120 109 107 110 104 95 90 93 106 121 120 113 114 115 109 106 108 112 117
299 297 292 285 280 276 274 272 271 270 269 268 267 266 266 265 264 263 262 261 259 258 256 254 251 246 239 228 217 201 183 170 159 151 143 141 146 135 124 123 122 121 120 119 117 116 118 118 116 113 114 118 118 112 111 115 116 111 108 105 102 101 106 116 117 106 101 101 102 100 102 109 114 117 117 112 120 131 113 105 110 111 102 96 97 103 118 126 119 115 114 110 108 109 109 109
299 297 292 286 282 279 277 276 275 275 273 271 270 269 268 268 267 266 265 264 262 261 259 257 254 249 242 232 219 201 183 168 157 150 144 149 156 142 131 126 124 122 122 123 121 118 119 121 120 115 114 119 124 121 117 120 124 121 114 110 106 100 97 105 114 107 101 100 98 102 111 116 115 113 111 112 122 142 125 107 107 108 105 102 100 102 112 125 124 117 114 111 108 107 105 106
300 297 294 290 286 284 282 281 280 278 276 275 274 273 272 271 270 269 268 267 266 264 262 259 256 252 245 234 222 200 179 164 155 149 148 156 155 144 135 129 127 125 124 125 123 120 120 124 125 119 114 119 129 128 121 120 124 123 115 108 101 92 87 94 108 108 101 99 101 109 114 112 107 109 112 114 125 150 136 111 102 103 105 105 102 104 113 123 124 118 115 109 104 101 102 106
303 300 298 295 292 289 288 285 283 282 280 279 278 277 276 274 273 272 271 270 269 267 264 262 259 255 247 235 221 195 171 159 153 151 155 160 154 144 138 134 132 129 128 128 127 126 125 127 128 123 117 119 127 128 120 114 115 115 108 100 93 89 89 93 102 107 102 101 107 112 110 104 105 115 117 117 128 152 138 113 102 103 104 105 107 110 116 121 121 118 115 106 98 96 103 109
307 305 304 301 298 295 293 290 287 286 285 283 282 281 279 278 276 275 274 273 272 270 268 265 262 257 249 235 216 186 166 156 153 153 156 160 155 147 142 138 133 128 127 127 128 129 126 122 122 121 115 114 119 122 116 109 105 104 99 94 92 97 100 98 100 106 109 109 111 112 106 104 110 119 120 119 131 152 142 118 108 107 107 108 112 114 113 111 113 115 114 106 98 99 106 114
313 311 310 307 304 300 298 295 292 290 289 287 286 284 283 281 280 279 277 276 275 273 271 269 265 259 250 233 208 177 160 152 150 152 154 156 151 144 141 136 129 125 124 123 123 122 119 115 115 117 114 111 114 116 112 105 100 96 94 94 98 105 107 105 105 110 115 116 115 115 113 111 115 121 121 122 133 153 142 120 112 112 114 114 114 109 100 99 104 110 111 109 104 103 107 112
319 317 315 313 309 306 302 300 297 294 293 292 290 288 286 285 283 282 281 280 278 277 274 271 267 262 251 232 197 168 154 148 146 148 150 150 144 137 135 132 128 125 122 119 117 115 113 114 117 119 116 112 111 111 105 99 96 94 96 100 104 108 112 113 114 114 116 117 118 121 119 115 115 118 118 119 131 151 132 117 115 118 118 114 107 95 91 94 98 103 107 109 108 105 104 104
326 323 321 318 314 311 307 305 302 299 297 296 294 292 290 289 288 286 285 283 282 280 278 275 271 264 250 226 182 158 148 143 141 143 144 143 140 135 132 131 130 125 119 116 116 115 115 118 120 119 114 107 103 101 97 93 92 97 103 108 110 113 117 121 119 117 115 114 117 119 116 112 110 109 107 106 117 140 123 119 121 120 115 105 93 88 92 95 95 98 104 109 109 106 101 99
