windninja/windninja_output/Output_2025-08-24_1000-1050_Google earth_Fire_150m_10min/merlingen_7.5mi_point_08-24-2025_1040_150m_vel.asc
ncols	158
nrows	163
xllcorner	391686.332397
yllcorner	5160024.123721
cellsize	150.000000
NODATA_value	-32768.000000
[rows 0 to 37 of 163, columns 0 to 83 of 158]
0.21 0.22 0.25 0.28 0.32 0.35 0.37 0.40 0.44 0.46 0.48 0.50 0.50 0.49 0.46 0.42 0.38 0.36 0.39 0.44 0.49 0.54 0.59 0.60 0.59 0.58 0.56 0.56 0.59 0.61 0.60 0.59 0.58 0.57 0.58 0.61 0.60 0.58 0.58 0.59 0.59 0.62 0.62 0.64 0.67 0.70 0.72 0.74 0.79 0.84 0.86 0.88 0.90 0.90 0.86 0.83 0.81 0.81 0.84 0.86 0.84 0.82 0.82 0.83 0.82 0.81 0.84 0.89 0.93 0.93 0.91 0.89 0.89 0.89 0.92 0.94 0.93 0.95 0.98 0.97 0.95 0.93 0.98 1.02
0.22 0.23 0.25 0.27 0.31 0.34 0.36 0.37 0.39 0.41 0.44 0.48 0.51 0.53 0.52 0.50 0.47 0.46 0.48 0.51 0.53 0.56 0.59 0.60 0.60 0.59 0.57 0.57 0.58 0.58 0.57 0.57 0.57 0.58 0.59 0.61 0.60 0.61 0.63 0.63 0.63 0.65 0.66 0.69 0.73 0.75 0.78 0.80 0.82 0.82 0.82 0.83 0.83 0.81 0.79 0.78 0.79 0.81 0.85 0.85 0.82 0.81 0.82 0.83 0.81 0.81 0.85 0.91 0.95 0.93 0.89 0.87 0.87 0.89 0.93 0.93 0.91 0.96 1.00 0.96 0.91 0.91 0.97 1.02
0.22 0.24 0.25 0.27 0.29 0.32 0.34 0.36 0.37 0.39 0.44 0.48 0.52 0.55 0.58 0.59 0.59 0.59 0.59 0.59 0.57 0.57 0.57 0.58 0.59 0.59 0.58 0.57 0.55 0.53 0.53 0.54 0.56 0.58 0.61 0.62 0.64 0.66 0.67 0.67 0.68 0.70 0.72 0.76 0.79 0.81 0.84 0.85 0.83 0.80 0.80 0.79 0.76 0.74 0.73 0.76 0.79 0.82 0.84 0.82 0.80 0.80 0.81 0.82 0.80 0.80 0.85 0.92 0.97 0.93 0.84 0.83 0.87 0.90 0.91 0.88 0.88 0.99 1.03 0.92 0.82 0.89 0.97 0.97
0.21 0.24 0.27 0.28 0.30 0.32 0.35 0.39 0.43 0.46 0.49 0.51 0.52 0.54 0.57 0.60 0.61 0.61 0.61 0.59 0.57 0.56 0.56 0.57 0.59 0.61 0.61 0.60 0.58 0.57 0.56 0.55 0.56 0.59 0.62 0.63 0.64 0.64 0.65 0.67 0.71 0.73 0.76 0.80 0.82 0.83 0.84 0.82 0.79 0.79 0.79 0.76 0.73 0.74 0.75 0.77 0.79 0.80 0.80 0.80 0.80 0.79 0.79 0.79 0.78 0.78 0.83 0.91 0.98 0.91 0.81 0.82 0.87 0.88 0.87 0.85 0.88 0.99 1.02 0.88 0.76 0.87 0.98 0.92
0.20 0.23 0.27 0.30 0.32 0.33 0.36 0.39 0.43 0.45 0.47 0.49 0.51 0.54 0.56 0.58 0.59 0.58 0.57 0.56 0.55 0.54 0.54 0.56 0.59 0.62 0.64 0.65 0.65 0.64 0.63 0.62 0.62 0.63 0.63 0.62 0.62 0.63 0.67 0.71 0.74 0.76 0.80 0.83 0.82 0.82 0.79 0.76 0.76 0.76 0.72 0.69 0.70 0.72 0.73 0.74 0.75 0.77 0.77 0.78 0.78 0.76 0.75 0.76 0.77 0.78 0.81 0.90 0.96 0.87 0.79 0.83 0.86 0.86 0.84 0.85 0.88 0.95 0.97 0.87 0.74 0.82 0.97 0.95
0.18 0.20 0.25 0.30 0.32 0.34 0.35 0.37 0.38 0.40 0.42 0.45 0.48 0.51 0.54 0.55 0.56 0.55 0.52 0.52 0.52 0.51 0.51 0.53 0.55 0.58 0.60 0.62 0.64 0.65 0.66 0.67 0.68 0.68 0.65 0.64 0.66 0.70 0.74 0.75 0.76 0.77 0.79 0.78 0.76 0.74 0.72 0.71 0.70 0.68 0.64 0.64 0.66 0.67 0.69 0.72 0.74 0.76 0.76 0.76 0.76 0.74 0.73 0.75 0.76 0.76 0.78 0.88 0.93 0.83 0.78 0.84 0.88 0.84 0.80 0.85 0.90 0.93 0.89 0.82 0.78 0.84 0.95 0.98
0.18 0.19 0.21 0.26 0.31 0.34 0.35 0.35 0.36 0.38 0.40 0.43 0.46 0.48 0.51 0.52 0.53 0.55 0.55 0.54 0.53 0.51 0.50 0.49 0.50 0.51 0.52 0.55 0.58 0.61 0.63 0.65 0.66 0.66 0.67 0.69 0.73 0.74 0.74 0.73 0.72 0.72 0.71 0.68 0.66 0.66 0.66 0.65 0.64 0.61 0.60 0.61 0.64 0.65 0.68 0.71 0.73 0.75 0.75 0.75 0.75 0.73 0.72 0.73 0.75 0.75 0.77 0.87 0.90 0.80 0.77 0.87 0.90 0.81 0.77 0.84 0.91 0.93 0.80 0.74 0.85 0.91 0.93 0.96
0.20 0.20 0.21 0.22 0.26 0.29 0.32 0.34 0.35 0.36 0.39 0.42 0.45 0.48 0.50 0.52 0.53 0.56 0.58 0.58 0.57 0.55 0.52 0.49 0.47 0.47 0.50 0.52 0.54 0.55 0.57 0.60 0.60 0.60 0.63 0.67 0.68 0.67 0.65 0.64 0.63 0.62 0.61 0.60 0.61 0.61 0.61 0.61 0.60 0.57 0.56 0.60 0.62 0.62 0.67 0.72 0.73 0.75 0.76 0.77 0.76 0.71 0.68 0.70 0.73 0.73 0.77 0.85 0.86 0.78 0.78 0.88 0.89 0.80 0.76 0.81 0.90 0.89 0.71 0.71 0.94 0.99 0.91 0.93
0.20 0.21 0.22 0.22 0.23 0.26 0.29 0.32 0.34 0.36 0.37 0.40 0.43 0.47 0.51 0.53 0.54 0.55 0.58 0.58 0.58 0.57 0.55 0.52 0.50 0.49 0.51 0.51 0.51 0.51 0.53 0.55 0.54 0.55 0.57 0.58 0.57 0.56 0.55 0.54 0.54 0.54 0.55 0.56 0.58 0.59 0.57 0.58 0.57 0.54 0.56 0.60 0.58 0.59 0.68 0.73 0.74 0.76 0.77 0.75 0.70 0.65 0.63 0.65 0.69 0.74 0.79 0.84 0.82 0.76 0.78 0.86 0.84 0.79 0.76 0.78 0.86 0.82 0.68 0.76 1.01 1.04 0.92 0.90
0.20 0.22 0.24 0.24 0.25 0.27 0.29 0.31 0.33 0.35 0.37 0.38 0.39 0.42 0.47 0.53 0.55 0.55 0.57 0.60 0.60 0.60 0.59 0.57 0.55 0.53 0.51 0.51 0.51 0.51 0.52 0.52 0.51 0.52 0.53 0.52 0.50 0.49 0.49 0.48 0.49 0.51 0.53 0.54 0.55 0.55 0.54 0.55 0.54 0.51 0.54 0.57 0.55 0.60 0.70 0.74 0.73 0.73 0.71 0.65 0.62 0.61 0.58 0.58 0.67 0.77 0.82 0.82 0.75 0.72 0.79 0.84 0.81 0.77 0.75 0.76 0.82 0.77 0.69 0.85 1.05 1.09 0.96 0.89
0.21 0.22 0.24 0.26 0.27 0.28 0.31 0.32 0.34 0.35 0.36 0.37 0.37 0.39 0.43 0.49 0.53 0.54 0.55 0.58 0.61 0.63 0.62 0.60 0.58 0.56 0.54 0.52 0.51 0.51 0.50 0.48 0.48 0.48 0.48 0.47 0.46 0.46 0.46 0.48 0.49 0.51 0.51 0.51 0.51 0.52 0.51 0.52 0.50 0.47 0.50 0.53 0.54 0.61 0.67 0.70 0.67 0.63 0.61 0.57 0.59 0.60 0.53 0.55 0.70 0.79 0.81 0.76 0.64 0.66 0.80 0.85 0.81 0.75 0.73 0.74 0.81 0.80 0.76 0.91 1.04 1.09 1.01 0.92
0.22 0.23 0.25 0.26 0.27 0.29 0.31 0.33 0.35 0.36 0.37 0.37 0.38 0.38 0.41 0.46 0.50 0.53 0.54 0.54 0.56 0.59 0.61 0.61 0.59 0.57 0.54 0.50 0.48 0.47 0.45 0.44 0.44 0.44 0.43 0.42 0.43 0.44 0.45 0.47 0.47 0.48 0.48 0.47 0.48 0.49 0.46 0.44 0.43 0.42 0.46 0.48 0.49 0.56 0.60 0.62 0.60 0.57 0.54 0.53 0.58 0.59 0.54 0.60 0.74 0.78 0.77 0.69 0.56 0.66 0.82 0.85 0.81 0.73 0.69 0.75 0.85 0.90 0.89 0.93 0.99 1.05 1.04 1.03
0.23 0.24 0.25 0.27 0.28 0.30 0.31 0.33 0.35 0.36 0.37 0.38 0.38 0.38 0.39 0.42 0.46 0.50 0.53 0.53 0.53 0.54 0.56 0.57 0.56 0.53 0.49 0.47 0.45 0.43 0.42 0.42 0.43 0.42 0.41 0.39 0.40 0.42 0.44 0.44 0.45 0.47 0.46 0.44 0.45 0.43 0.39 0.35 0.37 0.41 0.43 0.42 0.44 0.51 0.57 0.58 0.56 0.53 0.48 0.51 0.59 0.62 0.62 0.68 0.73 0.74 0.72 0.65 0.60 0.71 0.80 0.82 0.83 0.76 0.72 0.80 0.89 0.97 0.97 0.91 0.94 1.03 1.07 1.15
0.24 0.25 0.26 0.27 0.29 0.31 0.32 0.34 0.35 0.36 0.37 0.38 0.39 0.40 0.41 0.42 0.42 0.43 0.47 0.51 0.52 0.52 0.52 0.52 0.51 0.50 0.49 0.47 0.46 0.44 0.42 0.41 0.40 0.40 0.39 0.39 0.41 0.42 0.42 0.41 0.42 0.40 0.36 0.35 0.35 0.34 0.31 0.30 0.35 0.41 0.41 0.40 0.41 0.49 0.58 0.58 0.53 0.47 0.43 0.52 0.64 0.67 0.71 0.74 0.72 0.71 0.70 0.71 0.73 0.72 0.73 0.80 0.88 0.84 0.78 0.80 0.90 1.00 0.97 0.88 0.95 1.05 1.10 1.18
0.26 0.26 0.27 0.28 0.29 0.31 0.33 0.35 0.36 0.37 0.38 0.39 0.40 0.42 0.46 0.48 0.47 0.42 0.42 0.46 0.48 0.49 0.49 0.50 0.51 0.50 0.50 0.49 0.47 0.45 0.42 0.40 0.39 0.38 0.39 0.41 0.41 0.39 0.37 0.34 0.31 0.27 0.24 0.27 0.29 0.29 0.29 0.31 0.35 0.40 0.42 0.40 0.40 0.49 0.59 0.59 0.52 0.43 0.40 0.54 0.71 0.76 0.79 0.76 0.70 0.73 0.75 0.81 0.81 0.71 0.69 0.83 0.93 0.86 0.76 0.78 0.90 0.95 0.92 0.96 1.04 1.07 1.09 1.13
0.27 0.27 0.28 0.29 0.30 0.32 0.33 0.35 0.37 0.38 0.39 0.40 0.40 0.41 0.46 0.53 0.54 0.51 0.46 0.46 0.48 0.49 0.51 0.53 0.53 0.52 0.50 0.49 0.48 0.46 0.45 0.44 0.43 0.41 0.39 0.35 0.31 0.28 0.26 0.23 0.21 0.20 0.22 0.29 0.30 0.29 0.33 0.33 0.33 0.39 0.45 0.44 0.45 0.54 0.59 0.60 0.55 0.44 0.42 0.59 0.77 0.84 0.82 0.70 0.68 0.80 0.83 0.86 0.88 0.75 0.71 0.84 0.90 0.80 0.74 0.80 0.85 0.86 0.92 1.10 1.12 1.02 1.03 1.05
0.29 0.29 0.30 0.31 0.32 0.33 0.35 0.36 0.38 0.39 0.40 0.41 0.41 0.40 0.41 0.49 0.55 0.56 0.53 0.51 0.50 0.52 0.52 0.54 0.55 0.54 0.52 0.50 0.50 0.49 0.47 0.45 0.41 0.36 0.30 0.24 0.21 0.21 0.21 0.21 0.23 0.26 0.31 0.34 0.32 0.32 0.35 0.34 0.35 0.43 0.49 0.48 0.51 0.55 0.55 0.56 0.56 0.49 0.48 0.65 0.82 0.86 0.79 0.64 0.69 0.85 0.89 0.90 0.90 0.80 0.74 0.78 0.83 0.79 0.77 0.78 0.76 0.85 1.04 1.17 1.06 0.93 0.96 0.95
0.30 0.30 0.31 0.32 0.33 0.34 0.36 0.38 0.39 0.41 0.42 0.42 0.43 0.41 0.40 0.44 0.51 0.54 0.55 0.54 0.53 0.52 0.51 0.52 0.53 0.54 0.52 0.49 0.47 0.47 0.45 0.41 0.36 0.32 0.29 0.27 0.26 0.26 0.27 0.28 0.29 0.31 0.33 0.32 0.31 0.33 0.35 0.36 0.41 0.48 0.51 0.50 0.51 0.51 0.50 0.52 0.57 0.56 0.56 0.68 0.82 0.85 0.75 0.64 0.71 0.86 0.95 0.94 0.87 0.81 0.78 0.75 0.82 0.84 0.76 0.73 0.76 0.92 1.11 1.08 0.94 0.91 0.89 0.87
0.32 0.32 0.33 0.33 0.35 0.36 0.37 0.39 0.40 0.42 0.44 0.44 0.44 0.44 0.42 0.44 0.48 0.51 0.52 0.53 0.53 0.52 0.51 0.51 0.51 0.51 0.51 0.48 0.45 0.43 0.41 0.39 0.37 0.36 0.34 0.32 0.31 0.29 0.28 0.29 0.29 0.29 0.29 0.30 0.30 0.33 0.37 0.40 0.44 0.47 0.48 0.48 0.47 0.47 0.49 0.54 0.59 0.61 0.61 0.68 0.79 0.82 0.72 0.68 0.75 0.87 0.98 0.93 0.83 0.87 0.86 0.77 0.81 0.81 0.70 0.69 0.76 0.88 1.01 0.96 0.91 0.93 0.84 0.80
0.33 0.33 0.34 0.35 0.36 0.38 0.39 0.41 0.42 0.43 0.45 0.47 0.47 0.47 0.46 0.47 0.49 0.51 0.52 0.54 0.54 0.54 0.53 0.52 0.52 0.52 0.52 0.50 0.46 0.44 0.42 0.41 0.39 0.36 0.33 0.31 0.29 0.28 0.28 0.29 0.30 0.30 0.30 0.30 0.31 0.36 0.41 0.41 0.41 0.44 0.46 0.46 0.46 0.48 0.52 0.56 0.58 0.62 0.65 0.68 0.74 0.77 0.74 0.73 0.78 0.87 0.94 0.92 0.91 0.97 0.90 0.75 0.76 0.76 0.69 0.65 0.67 0.77 0.91 0.95 0.95 0.94 0.84 0.76
0.35 0.35 0.35 0.36 0.37 0.39 0.41 0.43 0.44 0.44 0.46 0.49 0.49 0.50 0.50 0.51 0.52 0.54 0.55 0.56 0.56 0.56 0.56 0.56 0.55 0.55 0.54 0.52 0.49 0.47 0.45 0.44 0.42 0.39 0.37 0.35 0.34 0.33 0.34 0.33 0.32 0.31 0.30 0.30 0.34 0.39 0.40 0.38 0.39 0.43 0.46 0.47 0.48 0.51 0.54 0.54 0.56 0.61 0.65 0.66 0.68 0.76 0.81 0.77 0.81 0.89 0.92 0.97 1.04 1.00 0.82 0.68 0.70 0.75 0.69 0.57 0.57 0.72 0.88 0.97 0.99 0.96 0.86 0.76
0.37 0.37 0.37 0.38 0.39 0.40 0.43 0.45 0.46 0.47 0.48 0.51 0.52 0.52 0.53 0.54 0.56 0.57 0.58 0.59 0.58 0.58 0.58 0.57 0.56 0.56 0.56 0.54 0.51 0.49 0.47 0.45 0.45 0.44 0.42 0.41 0.40 0.37 0.35 0.33 0.31 0.29 0.29 0.32 0.35 0.37 0.37 0.38 0.39 0.43 0.47 0.49 0.51 0.51 0.52 0.52 0.56 0.60 0.62 0.64 0.65 0.78 0.87 0.81 0.86 0.94 0.96 1.04 1.06 0.90 0.70 0.63 0.69 0.78 0.70 0.53 0.50 0.66 0.85 1.00 1.03 0.94 0.88 0.81
0.39 0.39 0.39 0.40 0.41 0.42 0.44 0.47 0.49 0.50 0.50 0.53 0.55 0.55 0.55 0.57 0.58 0.59 0.61 0.61 0.61 0.60 0.60 0.60 0.58 0.58 0.58 0.56 0.53 0.51 0.48 0.47 0.46 0.45 0.42 0.39 0.36 0.34 0.32 0.29 0.28 0.29 0.30 0.31 0.33 0.36 0.39 0.40 0.40 0.42 0.47 0.49 0.50 0.51 0.52 0.53 0.57 0.59 0.56 0.59 0.66 0.81 0.91 0.89 0.96 1.02 1.01 1.02 0.94 0.75 0.64 0.62 0.73 0.84 0.74 0.54 0.45 0.58 0.80 0.99 1.05 0.95 0.95 0.88
0.41 0.40 0.41 0.42 0.43 0.44 0.46 0.48 0.51 0.52 0.53 0.54 0.57 0.59 0.59 0.59 0.60 0.62 0.63 0.63 0.63 0.63 0.63 0.62 0.60 0.60 0.60 0.58 0.55 0.52 0.48 0.45 0.44 0.43 0.40 0.36 0.32 0.30 0.29 0.28 0.28 0.29 0.29 0.30 0.35 0.40 0.39 0.38 0.39 0.41 0.47 0.48 0.50 0.53 0.54 0.53 0.57 0.57 0.51 0.55 0.68 0.84 0.99 1.06 1.10 1.03 0.95 0.89 0.77 0.67 0.63 0.66 0.82 0.92 0.78 0.53 0.41 0.55 0.73 0.88 1.01 1.00 1.01 0.96
0.42 0.42 0.42 0.43 0.44 0.46 0.48 0.50 0.53 0.55 0.55 0.56 0.58 0.61 0.62 0.62 0.63 0.64 0.65 0.65 0.65 0.65 0.65 0.63 0.63 0.63 0.62 0.61 0.57 0.52 0.47 0.43 0.41 0.41 0.39 0.37 0.33 0.30 0.28 0.28 0.28 0.29 0.29 0.34 0.40 0.39 0.35 0.36 0.38 0.41 0.45 0.48 0.52 0.55 0.55 0.54 0.56 0.54 0.49 0.52 0.67 0.90 1.11 1.20 1.09 0.91 0.79 0.70 0.64 0.65 0.67 0.76 0.96 0.96 0.71 0.47 0.44 0.57 0.66 0.74 0.91 1.00 1.01 1.02
0.44 0.44 0.44 0.45 0.46 0.47 0.49 0.53 0.56 0.57 0.58 0.59 0.60 0.62 0.64 0.65 0.66 0.66 0.67 0.67 0.66 0.66 0.66 0.65 0.64 0.65 0.66 0.66 0.63 0.55 0.47 0.43 0.40 0.39 0.40 0.38 0.36 0.32 0.29 0.28 0.28 0.29 0.32 0.37 0.39 0.33 0.32 0.35 0.37 0.41 0.45 0.49 0.53 0.55 0.56 0.55 0.52 0.49 0.47 0.51 0.71 1.04 1.25 1.18 0.95 0.77 0.65 0.56 0.59 0.68 0.78 0.96 1.05 0.88 0.60 0.44 0.55 0.66 0.63 0.66 0.81 0.93 0.94 1.01
0.46 0.46 0.46 0.47 0.48 0.49 0.51 0.55 0.58 0.60 0.61 0.62 0.63 0.64 0.65 0.67 0.68 0.69 0.69 0.68 0.68 0.68 0.67 0.67 0.66 0.66 0.68 0.72 0.70 0.62 0.52 0.44 0.39 0.35 0.35 0.36 0.36 0.34 0.31 0.29 0.29 0.31 0.34 0.36 0.34 0.30 0.31 0.35 0.39 0.43 0.44 0.49 0.54 0.58 0.61 0.54 0.44 0.45 0.50 0.60 0.90 1.24 1.26 1.02 0.81 0.67 0.55 0.48 0.57 0.76 1.01 1.13 1.00 0.77 0.49 0.38 0.62 0.80 0.70 0.66 0.76 0.83 0.84 0.94
0.48 0.48 0.48 0.49 0.50 0.51 0.53 0.57 0.60 0.62 0.64 0.66 0.67 0.67 0.67 0.69 0.70 0.70 0.71 0.71 0.70 0.69 0.68 0.67 0.67 0.66 0.68 0.75 0.76 0.70 0.61 0.51 0.41 0.35 0.31 0.31 0.33 0.34 0.32 0.29 0.29 0.32 0.34 0.35 0.34 0.33 0.34 0.36 0.41 0.44 0.43 0.49 0.57 0.64 0.64 0.47 0.35 0.45 0.62 0.79 1.09 1.28 1.10 0.82 0.69 0.61 0.49 0.46 0.60 0.89 1.18 1.15 0.90 0.67 0.42 0.32 0.61 0.93 0.86 0.69 0.70 0.73 0.78 0.91
0.49 0.49 0.50 0.51 0.52 0.53 0.56 0.60 0.62 0.64 0.66 0.69 0.70 0.70 0.70 0.71 0.72 0.72 0.72 0.73 0.72 0.71 0.69 0.67 0.66 0.65 0.68 0.75 0.80 0.78 0.73 0.63 0.50 0.40 0.34 0.30 0.32 0.34 0.34 0.34 0.34 0.36 0.37 0.37 0.37 0.36 0.36 0.37 0.43 0.46 0.45 0.52 0.60 0.67 0.62 0.40 0.32 0.51 0.76 0.97 1.16 1.17 0.94 0.70 0.60 0.56 0.46 0.48 0.73 1.05 1.23 1.10 0.82 0.60 0.37 0.33 0.57 0.97 1.00 0.78 0.69 0.67 0.75 0.90
0.50 0.51 0.52 0.53 0.54 0.56 0.58 0.62 0.64 0.66 0.69 0.71 0.73 0.73 0.73 0.73 0.74 0.74 0.73 0.73 0.73 0.72 0.70 0.68 0.65 0.62 0.64 0.70 0.76 0.79 0.80 0.76 0.63 0.49 0.41 0.37 0.38 0.39 0.39 0.40 0.41 0.43 0.42 0.42 0.40 0.38 0.38 0.42 0.49 0.52 0.49 0.54 0.61 0.64 0.58 0.39 0.35 0.55 0.85 1.09 1.15 0.98 0.78 0.63 0.56 0.53 0.45 0.54 0.91 1.19 1.22 1.00 0.75 0.57 0.39 0.39 0.60 0.92 1.08 0.96 0.75 0.64 0.69 0.86
0.53 0.52 0.52 0.55 0.58 0.59 0.61 0.64 0.67 0.69 0.71 0.74 0.75 0.76 0.77 0.76 0.75 0.75 0.75 0.75 0.74 0.73 0.71 0.69 0.66 0.61 0.60 0.64 0.67 0.69 0.73 0.76 0.70 0.58 0.48 0.44 0.43 0.43 0.43 0.44 0.46 0.45 0.43 0.42 0.41 0.39 0.42 0.48 0.54 0.51 0.47 0.52 0.56 0.60 0.54 0.36 0.35 0.58 0.90 1.16 1.07 0.78 0.63 0.61 0.59 0.55 0.48 0.60 1.04 1.29 1.14 0.85 0.70 0.60 0.46 0.48 0.59 0.81 1.10 1.12 0.85 0.62 0.64 0.78
0.56 0.54 0.53 0.56 0.61 0.63 0.62 0.66 0.69 0.72 0.74 0.77 0.78 0.79 0.80 0.79 0.77 0.77 0.76 0.76 0.76 0.74 0.72 0.69 0.66 0.62 0.61 0.62 0.64 0.65 0.68 0.70 0.68 0.61 0.51 0.44 0.43 0.43 0.44 0.44 0.43 0.40 0.38 0.37 0.37 0.38 0.43 0.48 0.47 0.42 0.43 0.46 0.48 0.55 0.51 0.33 0.39 0.65 0.95 1.17 1.01 0.63 0.50 0.60 0.69 0.64 0.52 0.65 1.10 1.31 1.02 0.76 0.74 0.67 0.52 0.50 0.55 0.74 1.08 1.22 0.97 0.65 0.62 0.74
0.58 0.56 0.54 0.58 0.64 0.65 0.65 0.68 0.72 0.74 0.76 0.79 0.81 0.82 0.82 0.81 0.80 0.79 0.77 0.76 0.76 0.74 0.71 0.70 0.68 0.63 0.60 0.60 0.62 0.66 0.72 0.72 0.67 0.62 0.51 0.41 0.41 0.41 0.40 0.38 0.36 0.34 0.33 0.34 0.33 0.35 0.40 0.42 0.37 0.37 0.41 0.42 0.45 0.51 0.48 0.37 0.46 0.71 0.97 1.14 0.92 0.54 0.40 0.58 0.81 0.76 0.59 0.69 1.09 1.27 0.98 0.80 0.83 0.70 0.52 0.48 0.52 0.71 1.03 1.25 1.03 0.71 0.68 0.75
0.58 0.58 0.56 0.60 0.66 0.67 0.67 0.70 0.75 0.77 0.78 0.81 0.83 0.84 0.85 0.84 0.82 0.82 0.80 0.78 0.76 0.74 0.70 0.69 0.69 0.64 0.60 0.57 0.56 0.60 0.68 0.71 0.68 0.64 0.54 0.41 0.39 0.40 0.38 0.35 0.34 0.33 0.32 0.31 0.30 0.32 0.36 0.34 0.32 0.36 0.39 0.41 0.44 0.46 0.46 0.45 0.53 0.71 0.94 1.08 0.90 0.52 0.34 0.54 0.87 0.89 0.71 0.72 1.00 1.23 1.06 0.91 0.86 0.66 0.51 0.48 0.52 0.67 0.96 1.19 1.07 0.84 0.81 0.83
0.58 0.58 0.59 0.65 0.69 0.68 0.69 0.72 0.78 0.80 0.80 0.83 0.84 0.86 0.86 0.85 0.84 0.83 0.82 0.79 0.77 0.75 0.70 0.68 0.67 0.64 0.60 0.56 0.51 0.52 0.59 0.65 0.65 0.63 0.58 0.48 0.41 0.39 0.37 0.36 0.33 0.31 0.28 0.25 0.25 0.28 0.30 0.28 0.31 0.35 0.38 0.41 0.43 0.43 0.46 0.53 0.59 0.68 0.85 1.04 0.95 0.58 0.34 0.48 0.85 0.98 0.87 0.81 1.00 1.22 1.09 0.92 0.82 0.63 0.53 0.51 0.53 0.66 0.84 1.03 1.08 1.00 0.98 0.98
0.58 0.59 0.62 0.69 0.71 0.70 0.71 0.75 0.81 0.83 0.83 0.85 0.86 0.87 0.87 0.86 0.85 0.85 0.83 0.80 0.78 0.76 0.72 0.69 0.65 0.62 0.60 0.55 0.51 0.51 0.55 0.58 0.60 0.60 0.58 0.53 0.45 0.39 0.35 0.32 0.29 0.26 0.23 0.22 0.23 0.27 0.27 0.29 0.33 0.35 0.37 0.41 0.43 0.44 0.49 0.57 0.63 0.66 0.76 1.00 1.01 0.68 0.39 0.44 0.75 1.01 1.04 1.00 1.14 1.19 0.97 0.86 0.80 0.65 0.58 0.54 0.54 0.64 0.73 0.84 0.98 1.03 1.10 1.16
0.59 0.61 0.65 0.71 0.73 0.73 0.74 0.77 0.82 0.85 0.86 0.86 0.87 0.88 0.88 0.87 0.86 0.85 0.84 0.81 0.78 0.76 0.73 0.69 0.65 0.61 0.58 0.53 0.52 0.54 0.55 0.54 0.54 0.54 0.53 0.50 0.46 0.40 0.33 0.28 0.24 0.22 0.22 0.22 0.25 0.29 0.28 0.31 0.34 0.34 0.38 0.42 0.44 0.47 0.53 0.58 0.61 0.65 0.72 0.93 1.03 0.78 0.48 0.45 0.62 0.95 1.17 1.23 1.22 1.01 0.77 0.80 0.82 0.73 0.65 0.56 0.52 0.58 0.72 0.80 0.83 0.91 1.08 1.26
0.62 0.64 0.68 0.71 0.73 0.75 0.78 0.80 0.83 0.87 0.88 0.88 0.88 0.89 0.89 0.88 0.87 0.85 0.84 0.81 0.79 0.76 0.73 0.70 0.66 0.61 0.56 0.51 0.51 0.56 0.55 0.51 0.49 0.49 0.48 0.45 0.42 0.38 0.32 0.27 0.24 0.23 0.23 0.25 0.28 0.30 0.30 0.32 0.32 0.35 0.42 0.44 0.45 0.51 0.56 0.57 0.59 0.64 0.71 0.87 1.00 0.85 0.60 0.48 0.54 0.86 1.26 1.40 1.18 0.81 0.69 0.81 0.90 0.81 0.63 0.55 0.52 0.51 0.74 0.87 0.74 0.76 0.94 1.20
