windninja/windninja_output/Output_2025-08-24_1000-1050_Google earth_Fire_150m_10min/merlingen_7.5mi_point_08-24-2025_1020_150m_ang.asc
ncols	158
nrows	163
xllcorner	391686.332397
yllcorner	5160024.123721
cellsize	150.000000
NODATA_value	-32768.000000
[rows 96 to 143 of 163, columns 0 to 95 of 158]
96 96 99 102 99 94 92 97 108 112 105 97 89 86 91 93 92 93 83 55 42 45 51 67 83 92 94 94 94 95 98 99 100 101 103 104 104 104 105 107 110 114 111 104 100 99 101 104 107 108 106 100 100 105 105 106 108 107 106 104 103 103 104 104 104 104 104 103 103 103 103 103 102 102 103 103 103 103 104 104 105 105 105 105 104 103 101 99 97 95 93 92 91 90 90 89
99 98 98 97 92 86 82 83 88 94 94 87 84 86 89 91 94 91 74 46 37 46 61 79 93 99 97 95 95 98 98 96 94 95 99 102 103 105 107 108 110 115 116 111 106 104 103 104 104 101 96 92 93 98 101 102 103 105 105 104 104 103 104 105 105 105 104 104 104 103 103 102 102 102 102 102 103 103 103 103 103 103 103 103 102 101 100 99 97 95 94 93 92 91 90 90
97 96 93 90 88 84 80 77 78 79 78 79 83 86 88 90 89 79 58 44 42 54 73 90 102 102 95 94 94 95 94 93 92 93 96 99 102 105 108 110 112 115 119 114 108 105 103 101 97 93 91 91 92 95 98 99 100 103 104 104 103 103 104 105 106 106 105 105 104 103 103 102 102 102 102 102 102 102 102 102 103 102 102 102 101 100 99 98 97 96 94 93 92 91 91 90
91 89 85 85 87 85 82 79 75 71 71 73 75 81 86 84 77 65 51 45 52 72 89 95 96 84 84 88 90 90 91 92 93 94 96 100 103 105 109 113 114 116 120 118 111 107 105 101 97 94 93 94 93 94 97 99 99 100 103 104 103 103 103 105 106 107 107 106 104 103 103 102 102 102 102 102 102 102 102 102 102 102 102 101 101 100 99 98 97 96 95 94 93 92 91 90
91 88 84 84 83 80 79 78 74 70 69 67 66 72 76 73 71 66 57 58 76 91 93 82 62 64 75 82 85 86 87 89 93 96 100 103 104 105 108 114 118 119 121 122 116 109 105 102 99 96 95 96 96 96 97 98 98 98 101 105 105 103 102 103 106 108 108 108 106 104 103 102 102 102 102 102 102 102 102 102 102 101 101 101 100 99 99 98 97 96 95 94 93 92 91 90
94 92 87 84 80 77 76 76 74 72 70 68 65 63 65 68 73 75 73 82 95 97 83 60 54 63 72 76 79 81 83 88 92 98 102 105 105 106 108 113 120 122 123 125 121 112 106 104 102 100 98 97 97 97 97 97 97 98 99 102 104 103 102 102 104 107 109 109 107 103 102 102 102 102 102 101 101 102 102 102 102 101 101 101 100 99 99 98 97 96 95 94 93 92 91 90
96 94 89 84 80 78 77 76 75 74 72 70 67 64 68 75 79 82 85 91 93 81 60 55 58 64 70 73 76 79 84 88 93 98 102 106 109 109 110 113 119 123 124 126 126 119 112 108 105 103 99 97 97 97 97 98 99 98 97 99 103 104 103 102 102 105 107 107 105 102 101 102 103 102 102 101 101 102 102 102 102 102 101 101 100 99 99 98 97 96 95 94 93 92 91 90
98 95 90 85 82 80 79 77 76 75 75 75 74 78 84 85 84 84 87 88 77 55 52 58 60 62 68 74 78 83 87 90 92 97 101 106 111 112 112 113 118 123 125 127 129 126 118 111 107 103 100 99 99 100 99 99 99 98 98 99 101 104 104 101 101 102 104 104 102 99 99 102 104 103 102 101 102 102 102 102 102 102 102 101 101 100 99 98 97 96 95 94 93 92 91 90
99 96 91 86 83 82 80 78 77 77 79 80 83 89 93 92 87 83 81 75 61 52 56 60 58 61 68 75 80 86 90 91 92 95 99 104 110 114 114 114 118 124 127 128 131 130 123 116 110 105 103 102 101 101 101 100 99 98 98 99 100 101 102 101 100 100 101 102 101 99 97 97 100 102 101 101 102 103 103 103 103 103 103 102 101 100 99 98 97 96 95 94 93 92 91 90
100 97 91 85 83 82 81 78 77 78 81 83 88 92 93 93 88 81 74 66 59 58 60 59 59 64 69 74 79 85 89 92 94 95 97 102 109 115 118 119 121 125 128 129 132 133 129 123 117 111 107 105 103 101 101 101 100 98 97 98 98 98 99 100 99 98 99 101 100 98 95 93 93 97 99 100 103 104 103 103 105 105 105 103 102 101 100 99 98 97 96 94 93 92 91 90
102 98 90 85 83 81 80 78 78 80 84 88 92 93 93 91 85 79 71 64 61 64 64 60 61 65 68 71 77 84 90 95 97 94 94 102 111 118 122 123 124 126 128 130 134 136 135 130 124 118 112 108 105 102 100 101 101 99 97 96 96 98 99 99 99 98 98 100 99 96 93 91 91 93 98 101 103 104 103 104 107 109 108 105 103 102 100 99 98 97 96 94 93 92 91 90
104 99 91 85 83 81 82 84 85 88 91 93 92 89 88 87 84 79 71 64 63 69 71 65 62 64 67 68 74 85 93 97 97 91 94 106 115 120 120 123 126 128 129 131 135 138 140 137 131 125 116 110 107 104 100 99 99 99 98 96 95 97 99 99 98 98 97 97 99 95 91 91 92 93 95 97 100 103 105 105 107 111 111 108 105 103 101 100 98 97 96 94 93 93 92 91
108 101 91 88 87 88 91 93 95 93 89 87 83 79 80 83 83 79 71 67 70 76 77 72 64 64 67 68 72 83 93 96 95 89 97 110 117 119 118 123 130 130 130 133 137 140 143 143 138 131 121 114 110 107 103 99 98 98 98 97 95 95 98 99 97 96 95 95 97 97 91 89 92 93 94 95 98 102 105 104 103 107 112 112 108 105 102 100 98 97 96 95 94 93 92 91
113 106 97 96 98 98 97 94 90 86 80 77 74 74 77 83 85 77 67 69 77 82 82 77 70 67 68 68 73 84 91 93 93 91 98 109 115 116 121 127 130 127 128 135 139 140 144 148 144 137 128 120 114 110 106 102 98 97 99 99 96 94 95 96 94 94 95 95 96 96 92 89 91 94 95 95 96 98 101 102 101 103 109 114 112 107 104 101 99 97 96 95 94 93 92 91
122 114 106 104 101 97 91 85 80 77 76 75 73 74 80 87 90 78 64 70 78 87 89 85 81 76 72 71 76 84 91 92 91 90 97 107 114 119 125 129 127 122 126 134 139 140 145 151 150 143 135 126 118 112 109 106 102 98 98 100 98 94 92 91 91 91 94 97 96 95 95 92 92 93 94 94 94 94 96 99 100 101 105 110 112 109 105 102 99 97 95 95 94 94 93 91
128 119 108 103 97 90 85 81 79 76 74 75 78 80 85 91 95 85 66 69 76 87 97 96 90 87 84 81 78 80 86 92 91 89 97 108 117 123 130 131 128 124 125 131 137 140 145 151 153 148 141 133 123 114 110 109 105 100 97 98 99 95 90 89 89 90 91 95 97 97 97 95 92 91 91 92 92 92 92 95 99 100 103 106 110 109 105 101 98 96 95 95 95 95 93 91
128 118 106 98 92 88 85 82 80 77 74 77 85 90 91 94 99 102 79 74 76 83 96 104 95 93 97 96 88 79 79 87 92 94 102 112 120 126 131 130 129 122 118 125 136 143 145 149 152 151 146 141 131 119 112 110 108 102 98 97 98 96 92 90 90 90 89 90 94 98 98 96 93 91 90 90 91 91 91 92 96 100 102 104 107 106 102 99 95 93 94 97 98 96 94 91
129 117 103 95 91 90 87 85 81 77 76 82 89 93 92 95 102 127 115 88 79 80 87 99 96 96 103 105 101 88 80 81 89 98 106 114 120 122 126 126 123 114 113 121 135 144 145 146 150 152 151 149 140 126 115 112 111 105 99 97 97 96 93 92 93 91 88 88 90 95 97 96 95 93 90 89 91 92 92 90 92 97 100 101 103 102 97 93 91 92 98 103 102 97 93 90
132 118 103 97 94 92 91 89 83 79 83 89 92 92 90 95 108 142 146 106 85 78 80 90 99 103 106 106 104 102 89 81 87 97 106 112 114 115 120 122 116 112 115 121 132 142 145 147 150 152 154 155 148 134 120 114 113 109 102 97 97 97 94 93 94 93 90 88 89 91 94 95 94 94 90 88 90 92 93 90 90 93 96 98 98 98 92 90 91 96 102 105 102 95 89 89
145 122 105 100 97 93 90 88 85 87 93 98 97 89 87 96 114 146 162 126 98 86 83 90 100 107 108 105 105 110 103 87 86 94 104 111 115 115 116 116 116 117 120 123 130 140 148 152 151 152 156 159 156 143 125 116 113 110 105 100 98 97 96 94 94 94 92 90 89 89 90 90 90 92 93 90 88 90 93 92 90 91 94 95 94 92 90 91 95 100 103 103 98 91 88 90
165 130 109 101 97 94 89 86 88 95 102 106 102 90 87 98 114 148 171 148 122 109 101 97 99 105 109 104 103 114 117 100 89 90 101 112 118 118 114 114 118 121 124 124 127 139 147 150 148 149 155 161 164 154 133 117 112 111 108 102 99 98 96 95 95 95 93 91 89 88 87 87 86 87 92 93 90 88 89 91 90 92 94 92 89 88 91 94 98 101 100 97 93 90 91 92
177 137 109 100 96 95 93 92 95 99 103 109 109 99 91 95 107 142 166 156 138 125 116 107 102 104 110 108 108 115 120 109 97 96 103 113 119 120 115 117 123 125 124 123 125 133 142 145 147 149 154 164 169 165 146 123 114 112 109 105 102 101 99 97 96 94 93 92 89 88 87 86 85 83 86 91 93 88 87 88 91 93 95 91 87 88 93 96 97 98 96 93 92 92 94 93
186 148 110 100 99 99 100 101 101 100 99 105 117 110 95 90 98 128 155 154 142 128 119 114 110 108 114 116 114 118 122 123 120 113 112 114 119 123 120 122 127 127 124 121 121 127 138 145 149 152 156 167 174 173 158 131 116 112 110 107 105 105 103 100 97 95 94 91 89 88 88 88 85 82 82 85 89 88 87 88 91 93 93 91 90 92 95 97 97 95 93 91 91 91 93 92
196 165 115 102 103 103 103 104 103 101 97 100 119 117 99 89 95 115 143 150 144 131 122 117 114 112 114 116 116 120 127 133 130 121 115 112 115 125 129 130 130 126 122 120 122 127 135 142 148 153 157 168 176 178 168 138 118 112 110 108 106 107 106 102 97 94 92 90 87 87 89 89 87 85 82 80 81 85 87 89 90 90 90 91 94 96 97 97 96 93 91 90 87 86 89 92
204 179 122 104 103 104 102 103 104 104 98 100 117 124 106 93 94 105 130 144 145 136 126 119 114 113 113 114 118 121 123 126 124 118 112 110 113 120 129 135 132 127 124 125 127 130 134 140 148 153 157 166 176 182 176 147 121 113 111 108 107 107 103 98 91 89 90 91 89 88 88 90 90 89 84 79 76 79 83 86 88 88 90 92 96 99 100 98 94 92 90 87 82 81 88 97
211 184 132 112 106 105 102 103 105 108 102 101 114 132 116 97 92 99 117 136 142 136 127 120 115 113 114 117 119 119 118 117 115 114 111 110 112 113 119 131 130 125 120 121 124 128 133 142 152 155 158 165 176 186 184 156 124 114 111 108 104 99 92 84 78 82 90 97 99 93 90 89 91 92 89 82 76 74 77 81 85 88 91 94 97 101 102 98 93 91 89 84 80 83 92 101
209 178 138 122 111 106 101 99 101 107 104 102 114 137 125 102 90 91 103 117 129 130 126 121 114 112 113 117 118 118 119 118 114 114 111 108 110 107 109 124 129 122 111 107 111 118 125 136 149 153 156 161 175 190 188 162 128 114 109 102 94 84 78 76 77 84 91 100 108 105 95 92 92 93 93 89 81 75 75 76 80 85 91 96 99 101 101 96 92 91 89 82 80 87 96 103
201 169 137 126 114 104 99 94 93 97 101 104 115 138 130 108 91 83 85 98 110 119 120 117 112 112 113 114 117 120 124 121 115 114 112 107 109 107 104 117 129 125 110 99 101 108 115 127 142 150 151 157 176 194 189 165 126 107 101 93 81 75 79 84 87 90 91 94 103 110 104 98 96 95 95 96 91 84 79 76 77 82 89 95 97 98 97 92 90 90 88 83 83 91 99 105
194 163 135 129 119 107 101 94 90 91 94 101 113 131 127 112 95 80 76 85 100 109 114 114 112 110 110 116 123 127 131 123 116 116 113 107 108 110 105 111 126 130 118 101 97 102 110 122 139 147 149 156 178 196 195 172 123 98 93 88 81 84 90 93 94 94 91 89 91 101 106 102 100 99 99 101 102 98 91 84 80 80 83 88 91 92 91 87 87 89 90 90 91 95 100 105
184 158 138 134 126 113 105 99 94 93 91 92 100 115 118 112 102 87 77 80 91 105 112 112 111 112 119 129 133 137 140 126 116 116 114 106 106 112 108 108 121 131 128 108 97 97 105 118 136 144 147 157 180 199 203 185 127 98 92 93 96 96 97 96 95 93 91 88 85 87 95 100 101 104 106 107 109 109 102 94 88 83 79 79 84 87 84 82 85 90 95 99 98 98 101 102
178 153 135 135 128 115 108 105 102 97 89 84 86 101 109 114 111 98 88 85 90 103 116 118 123 130 136 139 143 149 150 131 116 114 115 108 105 109 110 109 115 129 134 118 101 98 103 115 132 142 144 155 182 206 214 198 134 100 94 97 102 100 96 94 92 91 89 86 83 82 85 93 99 104 108 112 114 114 110 104 99 92 84 79 80 81 79 80 85 91 98 103 101 101 102 99
180 153 132 134 131 120 113 109 107 101 91 81 82 91 106 118 121 112 106 104 112 121 128 135 136 136 140 144 146 153 155 138 119 114 113 108 104 105 109 108 111 123 133 129 110 100 101 111 125 136 140 151 188 218 226 212 135 102 97 96 97 95 92 91 91 89 87 85 83 81 82 86 93 100 106 112 118 119 118 115 110 104 95 87 82 79 78 81 86 90 96 101 102 102 101 96
180 154 132 133 132 123 115 110 108 104 98 89 85 87 96 112 121 118 120 128 132 132 131 133 133 129 128 132 142 150 153 143 126 116 109 103 102 103 105 105 107 116 128 134 122 105 99 102 112 121 131 147 198 230 236 220 130 103 96 93 92 90 89 90 89 88 86 84 82 81 81 82 87 94 100 105 115 122 121 120 120 114 106 99 91 85 83 86 86 87 90 96 100 99 95 91
181 154 128 127 129 120 114 109 107 106 107 102 93 86 87 96 113 121 127 131 134 133 125 118 115 114 119 126 133 140 146 144 133 122 110 100 97 98 98 100 104 111 120 130 130 114 102 97 102 111 124 142 219 249 248 221 119 100 93 91 90 89 88 88 88 86 85 84 82 81 81 81 83 87 93 99 108 117 118 119 121 120 116 108 100 95 94 92 89 87 87 91 92 89 84 83
185 158 128 127 129 119 113 109 107 108 109 106 98 90 87 93 107 120 127 131 132 132 127 117 110 110 116 122 126 134 140 143 141 132 120 103 93 91 95 98 102 107 114 124 131 126 111 101 100 104 113 126 267 275 264 202 109 95 91 89 89 88 87 87 87 85 85 84 83 81 81 82 82 82 87 94 103 112 115 116 119 121 122 116 109 104 101 96 94 94 92 88 84 78 73 70
186 162 132 126 129 121 114 109 107 109 109 105 101 97 97 98 103 112 121 127 130 133 133 126 113 108 113 120 125 132 138 144 149 144 132 116 100 95 96 100 103 109 114 119 128 132 123 108 99 97 92 35 313 301 307 104 95 90 88 86 85 86 87 87 86 85 85 85 84 82 82 83 82 82 84 90 98 108 112 113 119 125 127 123 118 112 108 105 103 100 97 90 83 76 69 63
182 162 134 124 124 124 120 111 105 109 113 112 109 107 106 106 105 106 110 118 127 134 136 135 122 108 104 113 119 125 133 140 150 153 142 131 118 106 102 103 107 113 115 117 123 131 131 116 99 89 64 11 340 334 23 67 82 85 85 84 83 87 89 87 86 86 85 86 85 84 84 84 82 82 85 88 95 106 111 110 116 125 131 129 124 121 120 118 110 103 98 92 84 76 68 61
182 161 137 127 121 123 124 118 107 106 115 121 119 115 114 115 114 110 109 114 125 135 140 139 130 110 97 100 108 114 121 128 141 151 147 139 129 118 110 106 107 113 116 116 120 125 129 122 99 75 43 15 3 11 42 60 75 83 84 84 87 89 89 88 87 86 86 87 88 88 88 87 85 84 83 87 94 103 110 109 111 120 131 132 128 127 127 124 117 107 101 94 84 73 62 59
181 160 141 131 122 121 125 123 116 109 112 123 122 118 121 123 121 116 112 114 121 135 140 139 135 120 102 96 101 110 116 121 130 142 145 141 133 125 117 110 107 110 114 114 113 114 118 118 85 57 41 25 20 34 48 56 71 82 86 87 89 88 86 86 86 86 86 87 90 94 93 91 90 86 82 84 89 98 108 109 108 112 121 127 127 127 128 127 123 114 104 96 85 74 62 60
172 154 140 132 123 121 124 124 122 114 109 114 117 116 119 122 121 117 114 113 115 127 135 135 139 133 115 101 99 107 117 121 126 134 140 141 138 131 121 114 110 108 108 107 103 98 98 85 52 50 44 33 33 45 51 56 72 84 88 90 89 87 85 85 85 85 84 85 90 99 102 98 94 90 86 84 85 91 102 107 107 107 109 116 122 126 127 128 125 117 108 99 89 79 69 65
166 146 133 129 122 120 121 120 118 113 107 106 111 110 112 116 117 116 115 113 110 115 124 130 139 141 129 112 102 104 114 122 124 128 135 141 145 140 124 113 111 108 102 98 92 84 72 43 31 44 42 38 43 52 55 60 77 88 92 92 90 88 87 86 84 83 82 83 87 96 105 106 102 99 93 86 84 85 90 100 105 106 107 112 120 126 126 126 125 121 114 106 96 87 78 73
168 146 127 122 117 116 117 115 111 108 107 108 114 112 110 112 115 116 115 110 105 108 117 125 137 144 138 123 110 105 106 112 116 122 129 139 150 148 125 112 111 109 99 86 77 67 54 30 26 38 41 45 52 56 59 70 86 94 95 93 90 88 87 85 83 80 80 82 84 89 99 108 110 108 104 93 86 83 83 88 99 107 108 113 121 125 121 119 122 124 121 111 101 94 91 96
171 151 128 115 110 111 113 111 109 110 111 115 121 118 115 115 117 114 110 104 101 105 112 120 130 141 141 129 117 108 102 102 109 116 122 132 148 150 130 114 109 105 92 77 63 55 46 29 28 39 46 54 59 61 68 85 97 99 96 94 91 89 87 84 80 78 79 81 84 87 93 105 113 115 116 109 94 86 82 82 89 101 107 114 121 119 115 116 123 130 129 113 99 96 104 117
170 155 137 121 111 107 109 112 113 113 114 119 123 121 119 117 114 109 105 99 98 101 108 114 122 132 138 132 122 117 111 105 105 110 113 123 138 145 134 116 103 92 81 68 55 50 43 31 34 45 54 61 63 68 83 99 104 101 97 95 93 91 89 83 78 78 81 84 87 89 92 101 113 120 123 121 107 93 86 84 87 97 109 119 126 125 126 130 134 140 135 110 97 98 108 119
169 156 140 130 118 107 107 114 116 116 120 121 120 120 118 114 110 108 107 102 98 100 104 109 115 123 131 133 127 125 125 114 105 103 109 119 132 138 133 115 95 79 69 58 50 48 42 36 42 51 60 67 72 83 96 104 105 102 99 97 95 95 93 87 82 83 87 90 91 92 94 99 108 118 124 128 118 101 95 92 94 100 109 117 128 133 133 135 137 135 113 100 100 102 106 114
180 153 132 129 124 117 112 115 117 117 122 121 118 115 114 110 108 108 114 114 107 103 102 105 111 117 124 130 129 129 131 123 113 108 108 116 129 132 128 111 84 69 61 52 49 47 43 43 49 56 62 70 84 99 104 105 106 104 101 99 99 99 99 98 96 96 97 97 96 96 97 97 101 113 125 133 124 106 100 101 101 99 100 108 120 128 128 123 96 49 74 98 105 105 103 105
199 149 121 124 128 124 118 117 116 115 114 116 115 110 109 108 107 109 116 122 118 110 106 107 111 114 118 122 124 125 129 129 124 115 108 110 122 126 119 95 71 62 56 51 48 45 45 48 53 57 61 73 89 104 111 111 108 106 105 104 104 104 106 111 112 109 105 102 99 97 95 94 97 107 125 136 127 108 102 105 104 97 97 108 118 121 117 95 20 36 79 96 103 103 100 96
207 158 119 120 127 125 121 121 116 112 106 106 107 105 106 109 110 111 116 122 122 117 113 110 112 115 116 116 118 122 126 129 130 123 110 105 109 107 87 62 58 58 55 51 47 45 48 51 54 57 66 81 93 105 118 123 115 109 109 108 107 108 111 116 116 112 108 105 101 95 91 92 95 100 113 132 127 110 101 104 106 99 101 112 120 115 106 34 352 44 78 89 96 99 97 96
