windninja/windninja_output/Output_2025-08-24_1000-1050_Google earth_Fire_150m_10min/merlingen_7.5mi_point_08-24-2025_1010_150m_vel.asc
ncols	158
nrows	163
xllcorner	391686.332397
yllcorner	5160024.123721
cellsize	150.000000
NODATA_value	-32768.000000
[rows 0 to 37 of 163, columns 0 to 83 of 158]
0.23 0.24 0.25 0.25 0.26 0.27 0.26 0.26 0.27 0.28 0.28 0.26 0.24 0.26 0.29 0.31 0.32 0.32 0.34 0.40 0.40 0.35 0.35 0.38 0.41 0.42 0.41 0.40 0.42 0.44 0.43 0.44 0.45 0.44 0.46 0.50 0.50 0.49 0.51 0.50 0.50 0.53 0.53 0.55 0.58 0.59 0.62 0.63 0.64 0.67 0.68 0.69 0.71 0.72 0.70 0.68 0.67 0.68 0.71 0.73 0.72 0.71 0.71 0.71 0.71 0.71 0.74 0.78 0.81 0.82 0.81 0.79 0.78 0.78 0.81 0.83 0.81 0.82 0.85 0.86 0.84 0.81 0.84 0.87
0.22 0.23 0.24 0.24 0.26 0.26 0.25 0.25 0.27 0.28 0.27 0.24 0.21 0.23 0.28 0.32 0.34 0.34 0.38 0.41 0.39 0.35 0.36 0.38 0.41 0.41 0.40 0.40 0.42 0.42 0.42 0.43 0.44 0.45 0.47 0.50 0.50 0.50 0.52 0.51 0.51 0.54 0.54 0.58 0.61 0.62 0.64 0.66 0.66 0.66 0.67 0.68 0.68 0.67 0.65 0.65 0.66 0.69 0.72 0.72 0.70 0.70 0.71 0.72 0.71 0.71 0.75 0.80 0.83 0.83 0.79 0.77 0.77 0.79 0.82 0.82 0.79 0.84 0.88 0.85 0.80 0.79 0.84 0.87
0.21 0.23 0.24 0.24 0.25 0.25 0.23 0.24 0.27 0.28 0.26 0.22 0.19 0.23 0.29 0.35 0.38 0.38 0.41 0.42 0.38 0.35 0.36 0.37 0.40 0.40 0.39 0.40 0.41 0.40 0.41 0.43 0.44 0.46 0.49 0.51 0.51 0.52 0.53 0.52 0.54 0.55 0.57 0.63 0.65 0.65 0.67 0.68 0.66 0.65 0.65 0.65 0.64 0.63 0.63 0.64 0.67 0.70 0.72 0.72 0.70 0.70 0.71 0.72 0.71 0.71 0.75 0.82 0.86 0.83 0.76 0.74 0.78 0.81 0.82 0.79 0.78 0.87 0.91 0.82 0.73 0.77 0.84 0.83
0.20 0.23 0.23 0.23 0.25 0.23 0.23 0.26 0.28 0.28 0.25 0.20 0.19 0.23 0.29 0.37 0.40 0.40 0.40 0.39 0.36 0.35 0.34 0.35 0.39 0.40 0.40 0.39 0.39 0.40 0.42 0.43 0.45 0.48 0.50 0.51 0.52 0.52 0.52 0.54 0.56 0.57 0.61 0.66 0.66 0.67 0.68 0.66 0.64 0.64 0.64 0.62 0.61 0.63 0.65 0.66 0.68 0.69 0.70 0.71 0.71 0.69 0.70 0.71 0.70 0.70 0.74 0.82 0.88 0.82 0.73 0.74 0.79 0.80 0.79 0.77 0.79 0.88 0.90 0.78 0.68 0.76 0.84 0.80
0.20 0.22 0.23 0.23 0.24 0.23 0.24 0.28 0.29 0.27 0.22 0.19 0.19 0.24 0.31 0.38 0.40 0.39 0.37 0.36 0.36 0.36 0.35 0.34 0.38 0.40 0.40 0.40 0.39 0.40 0.42 0.44 0.48 0.50 0.50 0.50 0.50 0.52 0.55 0.57 0.58 0.60 0.64 0.67 0.66 0.66 0.65 0.62 0.62 0.62 0.60 0.58 0.59 0.62 0.64 0.65 0.67 0.68 0.69 0.70 0.70 0.68 0.67 0.69 0.70 0.70 0.73 0.81 0.87 0.79 0.72 0.75 0.78 0.78 0.76 0.76 0.80 0.86 0.86 0.76 0.66 0.73 0.85 0.83
0.20 0.21 0.22 0.23 0.24 0.24 0.26 0.28 0.27 0.23 0.20 0.19 0.19 0.24 0.33 0.37 0.38 0.37 0.34 0.34 0.36 0.37 0.35 0.34 0.37 0.40 0.39 0.39 0.39 0.41 0.42 0.46 0.50 0.50 0.49 0.50 0.53 0.56 0.59 0.60 0.59 0.61 0.64 0.64 0.62 0.62 0.60 0.59 0.59 0.58 0.55 0.55 0.57 0.60 0.62 0.64 0.66 0.68 0.69 0.69 0.69 0.67 0.67 0.69 0.70 0.70 0.72 0.81 0.85 0.76 0.71 0.76 0.80 0.77 0.73 0.77 0.82 0.85 0.80 0.71 0.68 0.75 0.85 0.87
0.20 0.21 0.21 0.22 0.24 0.24 0.26 0.26 0.24 0.21 0.20 0.20 0.20 0.25 0.32 0.35 0.35 0.35 0.34 0.34 0.36 0.38 0.37 0.34 0.36 0.37 0.37 0.38 0.39 0.40 0.42 0.47 0.50 0.49 0.49 0.52 0.56 0.58 0.59 0.58 0.58 0.59 0.60 0.59 0.58 0.58 0.57 0.57 0.56 0.54 0.52 0.54 0.57 0.59 0.62 0.65 0.67 0.68 0.68 0.69 0.69 0.67 0.66 0.68 0.69 0.69 0.72 0.80 0.83 0.73 0.71 0.79 0.83 0.76 0.72 0.77 0.83 0.84 0.72 0.64 0.74 0.83 0.85 0.87
0.20 0.20 0.21 0.22 0.23 0.24 0.25 0.24 0.22 0.21 0.21 0.21 0.21 0.25 0.31 0.34 0.33 0.33 0.34 0.34 0.36 0.39 0.37 0.35 0.34 0.34 0.36 0.38 0.38 0.38 0.42 0.47 0.47 0.47 0.50 0.54 0.55 0.55 0.54 0.54 0.54 0.54 0.55 0.54 0.55 0.56 0.55 0.55 0.54 0.51 0.51 0.55 0.56 0.57 0.63 0.67 0.68 0.69 0.70 0.71 0.70 0.66 0.64 0.66 0.68 0.69 0.73 0.79 0.80 0.73 0.73 0.82 0.83 0.74 0.71 0.75 0.81 0.79 0.63 0.62 0.83 0.90 0.84 0.85
0.19 0.20 0.21 0.21 0.22 0.23 0.23 0.22 0.21 0.21 0.21 0.22 0.22 0.25 0.30 0.32 0.32 0.33 0.33 0.34 0.36 0.39 0.38 0.36 0.34 0.34 0.36 0.38 0.36 0.37 0.43 0.46 0.45 0.46 0.51 0.53 0.51 0.49 0.50 0.50 0.50 0.51 0.52 0.53 0.54 0.54 0.53 0.54 0.52 0.49 0.51 0.55 0.54 0.55 0.65 0.69 0.69 0.71 0.71 0.70 0.66 0.61 0.60 0.62 0.65 0.70 0.75 0.79 0.78 0.72 0.74 0.80 0.78 0.72 0.70 0.72 0.78 0.73 0.60 0.67 0.90 0.96 0.87 0.86
0.19 0.19 0.20 0.21 0.21 0.21 0.22 0.21 0.21 0.21 0.22 0.22 0.22 0.24 0.28 0.31 0.31 0.32 0.32 0.34 0.36 0.38 0.38 0.36 0.35 0.34 0.35 0.36 0.35 0.37 0.43 0.44 0.42 0.46 0.50 0.50 0.47 0.46 0.47 0.47 0.49 0.50 0.52 0.52 0.54 0.53 0.51 0.53 0.51 0.47 0.50 0.54 0.52 0.57 0.68 0.72 0.69 0.69 0.67 0.63 0.60 0.59 0.56 0.56 0.64 0.74 0.78 0.78 0.71 0.68 0.73 0.78 0.75 0.71 0.69 0.70 0.74 0.69 0.62 0.77 0.96 1.00 0.92 0.88
0.18 0.19 0.20 0.20 0.20 0.20 0.21 0.21 0.21 0.21 0.22 0.22 0.22 0.23 0.26 0.29 0.31 0.32 0.32 0.34 0.36 0.37 0.38 0.36 0.34 0.34 0.32 0.33 0.35 0.38 0.42 0.42 0.40 0.44 0.48 0.47 0.45 0.44 0.45 0.47 0.49 0.50 0.51 0.50 0.52 0.52 0.50 0.51 0.50 0.45 0.49 0.52 0.52 0.59 0.67 0.70 0.66 0.62 0.60 0.57 0.58 0.59 0.52 0.53 0.68 0.76 0.78 0.73 0.61 0.63 0.74 0.79 0.75 0.70 0.67 0.67 0.72 0.73 0.73 0.88 0.98 1.01 0.95 0.91
0.17 0.18 0.19 0.19 0.19 0.19 0.20 0.21 0.21 0.21 0.21 0.22 0.22 0.22 0.25 0.29 0.31 0.31 0.32 0.34 0.36 0.37 0.37 0.35 0.34 0.32 0.29 0.30 0.34 0.36 0.38 0.39 0.39 0.43 0.44 0.44 0.43 0.43 0.46 0.47 0.48 0.50 0.50 0.48 0.50 0.51 0.48 0.47 0.46 0.45 0.48 0.50 0.51 0.58 0.63 0.65 0.62 0.58 0.55 0.54 0.58 0.59 0.54 0.59 0.71 0.75 0.75 0.67 0.55 0.63 0.77 0.80 0.76 0.68 0.65 0.69 0.78 0.85 0.89 0.94 0.97 0.99 0.98 1.02
0.17 0.17 0.18 0.18 0.18 0.19 0.19 0.20 0.20 0.20 0.21 0.21 0.21 0.21 0.24 0.28 0.30 0.31 0.32 0.33 0.35 0.35 0.35 0.34 0.32 0.28 0.26 0.29 0.32 0.34 0.36 0.38 0.39 0.41 0.41 0.41 0.43 0.44 0.46 0.45 0.46 0.49 0.47 0.46 0.48 0.49 0.44 0.42 0.45 0.48 0.48 0.47 0.48 0.55 0.62 0.62 0.59 0.55 0.51 0.53 0.60 0.61 0.61 0.66 0.71 0.72 0.70 0.64 0.59 0.69 0.76 0.77 0.78 0.73 0.72 0.79 0.87 0.95 0.97 0.94 0.95 1.00 1.05 1.14
0.16 0.16 0.17 0.17 0.18 0.18 0.19 0.19 0.19 0.20 0.20 0.21 0.21 0.20 0.23 0.27 0.30 0.30 0.31 0.33 0.33 0.33 0.33 0.31 0.29 0.26 0.26 0.29 0.31 0.33 0.35 0.37 0.39 0.39 0.38 0.41 0.44 0.45 0.45 0.43 0.45 0.46 0.43 0.42 0.45 0.45 0.41 0.40 0.46 0.50 0.48 0.46 0.47 0.54 0.63 0.61 0.55 0.49 0.46 0.53 0.64 0.66 0.69 0.72 0.70 0.68 0.67 0.69 0.71 0.70 0.71 0.77 0.84 0.82 0.79 0.81 0.90 0.98 0.94 0.88 0.95 1.05 1.10 1.17
0.15 0.15 0.16 0.16 0.17 0.17 0.18 0.18 0.19 0.19 0.20 0.20 0.20 0.20 0.22 0.26 0.29 0.30 0.30 0.31 0.31 0.30 0.29 0.29 0.27 0.27 0.27 0.29 0.30 0.31 0.34 0.37 0.38 0.37 0.38 0.41 0.43 0.43 0.42 0.40 0.41 0.40 0.39 0.42 0.43 0.42 0.40 0.39 0.45 0.51 0.51 0.47 0.46 0.54 0.64 0.63 0.54 0.45 0.42 0.55 0.70 0.74 0.77 0.73 0.67 0.70 0.72 0.78 0.79 0.70 0.69 0.81 0.90 0.85 0.76 0.78 0.88 0.91 0.87 0.91 1.02 1.07 1.08 1.09
0.14 0.14 0.15 0.15 0.16 0.16 0.17 0.17 0.18 0.18 0.19 0.20 0.20 0.20 0.22 0.26 0.29 0.29 0.28 0.29 0.29 0.28 0.27 0.27 0.28 0.28 0.28 0.28 0.29 0.30 0.34 0.37 0.36 0.36 0.37 0.38 0.38 0.39 0.37 0.37 0.37 0.36 0.39 0.44 0.42 0.41 0.43 0.40 0.40 0.48 0.54 0.50 0.49 0.57 0.62 0.63 0.57 0.45 0.43 0.59 0.76 0.81 0.79 0.68 0.66 0.76 0.79 0.82 0.85 0.73 0.71 0.83 0.88 0.79 0.73 0.78 0.82 0.81 0.87 1.05 1.09 1.00 0.99 0.98
0.13 0.13 0.14 0.14 0.15 0.15 0.16 0.16 0.17 0.18 0.18 0.19 0.20 0.20 0.22 0.25 0.27 0.27 0.27 0.27 0.27 0.26 0.26 0.26 0.28 0.29 0.27 0.27 0.29 0.31 0.35 0.36 0.33 0.32 0.32 0.33 0.34 0.36 0.35 0.36 0.36 0.36 0.41 0.45 0.42 0.40 0.44 0.42 0.40 0.49 0.56 0.54 0.54 0.58 0.59 0.59 0.59 0.50 0.47 0.64 0.80 0.84 0.77 0.63 0.66 0.81 0.85 0.86 0.87 0.78 0.72 0.77 0.82 0.78 0.77 0.77 0.74 0.82 1.00 1.12 1.01 0.88 0.89 0.87
0.12 0.12 0.13 0.13 0.14 0.14 0.15 0.16 0.16 0.17 0.18 0.18 0.19 0.20 0.21 0.24 0.25 0.25 0.25 0.25 0.25 0.25 0.25 0.26 0.27 0.27 0.26 0.27 0.29 0.31 0.32 0.31 0.27 0.27 0.30 0.32 0.34 0.35 0.35 0.36 0.38 0.39 0.42 0.43 0.41 0.42 0.43 0.44 0.47 0.53 0.56 0.55 0.55 0.55 0.55 0.56 0.61 0.58 0.56 0.67 0.80 0.83 0.73 0.63 0.68 0.82 0.91 0.89 0.83 0.77 0.75 0.75 0.81 0.83 0.76 0.73 0.76 0.90 1.06 1.01 0.85 0.82 0.80 0.77
0.11 0.12 0.12 0.12 0.13 0.13 0.14 0.15 0.15 0.16 0.17 0.17 0.18 0.19 0.20 0.22 0.23 0.24 0.23 0.23 0.23 0.23 0.24 0.25 0.26 0.26 0.26 0.26 0.27 0.29 0.28 0.26 0.24 0.26 0.30 0.33 0.35 0.34 0.34 0.37 0.38 0.38 0.40 0.41 0.41 0.44 0.46 0.46 0.50 0.54 0.54 0.53 0.52 0.52 0.53 0.57 0.62 0.63 0.62 0.68 0.78 0.80 0.70 0.66 0.72 0.83 0.92 0.88 0.79 0.82 0.83 0.77 0.80 0.81 0.71 0.70 0.75 0.84 0.93 0.86 0.81 0.82 0.75 0.70
0.11 0.11 0.11 0.12 0.12 0.12 0.13 0.14 0.14 0.15 0.16 0.17 0.17 0.18 0.19 0.20 0.21 0.22 0.22 0.22 0.22 0.23 0.23 0.24 0.25 0.25 0.26 0.26 0.26 0.26 0.25 0.23 0.23 0.26 0.30 0.33 0.35 0.34 0.34 0.37 0.38 0.38 0.40 0.40 0.42 0.46 0.50 0.48 0.48 0.53 0.54 0.53 0.51 0.52 0.56 0.59 0.61 0.64 0.66 0.68 0.74 0.76 0.72 0.70 0.75 0.83 0.89 0.86 0.86 0.93 0.88 0.75 0.75 0.75 0.69 0.66 0.65 0.72 0.82 0.84 0.83 0.83 0.76 0.69
0.10 0.11 0.11 0.11 0.12 0.12 0.12 0.13 0.13 0.14 0.15 0.16 0.16 0.17 0.18 0.19 0.20 0.20 0.21 0.21 0.21 0.22 0.23 0.23 0.24 0.24 0.24 0.24 0.25 0.24 0.23 0.21 0.22 0.26 0.30 0.33 0.36 0.36 0.35 0.36 0.36 0.37 0.39 0.40 0.44 0.49 0.50 0.47 0.46 0.52 0.55 0.54 0.53 0.54 0.56 0.57 0.59 0.63 0.67 0.67 0.68 0.75 0.77 0.74 0.78 0.85 0.87 0.92 0.98 0.96 0.80 0.67 0.68 0.73 0.69 0.59 0.56 0.66 0.79 0.86 0.88 0.86 0.79 0.70
0.10 0.10 0.10 0.10 0.11 0.11 0.12 0.12 0.13 0.13 0.14 0.15 0.15 0.16 0.17 0.18 0.18 0.19 0.20 0.20 0.21 0.21 0.22 0.22 0.23 0.23 0.23 0.23 0.24 0.23 0.21 0.20 0.23 0.28 0.32 0.34 0.37 0.36 0.34 0.34 0.34 0.35 0.38 0.42 0.46 0.48 0.48 0.47 0.47 0.51 0.55 0.56 0.56 0.55 0.54 0.55 0.58 0.62 0.64 0.65 0.66 0.76 0.83 0.78 0.82 0.90 0.92 0.99 1.00 0.85 0.67 0.60 0.66 0.74 0.69 0.55 0.52 0.62 0.76 0.88 0.91 0.83 0.79 0.74
0.09 0.09 0.09 0.10 0.10 0.11 0.11 0.12 0.12 0.13 0.13 0.14 0.14 0.15 0.16 0.17 0.17 0.18 0.19 0.19 0.20 0.20 0.21 0.21 0.22 0.22 0.22 0.22 0.22 0.22 0.21 0.20 0.25 0.30 0.32 0.33 0.35 0.34 0.32 0.32 0.33 0.35 0.38 0.43 0.46 0.48 0.49 0.49 0.48 0.50 0.55 0.57 0.56 0.55 0.55 0.56 0.59 0.60 0.58 0.62 0.67 0.79 0.87 0.85 0.91 0.98 0.97 0.98 0.89 0.70 0.59 0.58 0.68 0.79 0.72 0.57 0.50 0.59 0.74 0.87 0.89 0.81 0.82 0.78
0.08 0.08 0.08 0.09 0.09 0.10 0.10 0.11 0.12 0.12 0.13 0.13 0.13 0.14 0.15 0.15 0.16 0.17 0.18 0.18 0.19 0.20 0.20 0.20 0.20 0.21 0.20 0.21 0.21 0.22 0.21 0.21 0.25 0.29 0.30 0.31 0.32 0.32 0.32 0.32 0.33 0.35 0.38 0.42 0.49 0.51 0.49 0.48 0.48 0.49 0.55 0.56 0.56 0.58 0.57 0.56 0.59 0.59 0.53 0.57 0.68 0.81 0.94 1.00 1.04 0.98 0.91 0.84 0.71 0.61 0.57 0.60 0.76 0.86 0.76 0.56 0.47 0.58 0.71 0.79 0.84 0.83 0.84 0.81
0.07 0.07 0.07 0.08 0.09 0.09 0.10 0.10 0.11 0.12 0.12 0.13 0.13 0.13 0.14 0.14 0.15 0.16 0.17 0.17 0.18 0.19 0.19 0.19 0.19 0.19 0.18 0.19 0.21 0.22 0.21 0.22 0.24 0.26 0.28 0.30 0.30 0.31 0.32 0.33 0.33 0.34 0.37 0.44 0.52 0.49 0.45 0.47 0.48 0.50 0.54 0.56 0.58 0.60 0.58 0.56 0.58 0.56 0.51 0.54 0.67 0.86 1.05 1.13 1.03 0.86 0.75 0.65 0.58 0.58 0.59 0.70 0.89 0.91 0.69 0.48 0.47 0.60 0.67 0.70 0.79 0.84 0.83 0.82
0.06 0.06 0.07 0.07 0.08 0.09 0.09 0.10 0.11 0.11 0.12 0.12 0.12 0.13 0.13 0.13 0.14 0.15 0.16 0.16 0.17 0.17 0.18 0.18 0.18 0.17 0.16 0.18 0.21 0.22 0.21 0.22 0.24 0.25 0.26 0.28 0.28 0.32 0.34 0.33 0.33 0.35 0.39 0.48 0.51 0.44 0.43 0.47 0.49 0.51 0.54 0.57 0.60 0.60 0.60 0.57 0.55 0.52 0.50 0.53 0.70 0.99 1.18 1.11 0.90 0.73 0.61 0.52 0.52 0.60 0.70 0.89 0.99 0.84 0.58 0.41 0.52 0.65 0.66 0.67 0.77 0.83 0.79 0.82
0.05 0.05 0.06 0.07 0.07 0.08 0.09 0.09 0.10 0.11 0.11 0.11 0.12 0.12 0.12 0.12 0.13 0.14 0.14 0.15 0.16 0.16 0.17 0.17 0.17 0.15 0.14 0.17 0.21 0.22 0.21 0.22 0.24 0.24 0.25 0.25 0.27 0.33 0.36 0.34 0.34 0.37 0.41 0.48 0.46 0.40 0.43 0.48 0.51 0.52 0.52 0.57 0.61 0.63 0.64 0.56 0.47 0.47 0.53 0.61 0.87 1.17 1.18 0.96 0.75 0.63 0.51 0.44 0.50 0.67 0.91 1.04 0.94 0.73 0.49 0.37 0.56 0.74 0.71 0.70 0.78 0.80 0.76 0.82
0.04 0.04 0.05 0.06 0.07 0.08 0.08 0.09 0.10 0.10 0.11 0.11 0.11 0.12 0.12 0.12 0.12 0.12 0.13 0.14 0.15 0.16 0.16 0.16 0.15 0.14 0.14 0.17 0.21 0.21 0.21 0.23 0.23 0.23 0.23 0.23 0.25 0.34 0.38 0.35 0.34 0.39 0.43 0.45 0.44 0.39 0.42 0.48 0.53 0.52 0.50 0.57 0.63 0.68 0.66 0.48 0.37 0.47 0.63 0.78 1.04 1.20 1.03 0.77 0.64 0.56 0.45 0.41 0.53 0.80 1.07 1.05 0.84 0.64 0.42 0.34 0.55 0.83 0.82 0.73 0.74 0.74 0.75 0.85
0.03 0.04 0.05 0.05 0.06 0.07 0.08 0.09 0.10 0.10 0.10 0.11 0.11 0.11 0.11 0.11 0.11 0.12 0.12 0.14 0.15 0.15 0.15 0.15 0.15 0.14 0.15 0.17 0.19 0.19 0.20 0.23 0.23 0.23 0.23 0.23 0.25 0.33 0.40 0.37 0.36 0.42 0.43 0.44 0.43 0.39 0.41 0.46 0.54 0.54 0.50 0.57 0.66 0.70 0.64 0.41 0.33 0.52 0.75 0.94 1.10 1.09 0.87 0.64 0.56 0.51 0.42 0.43 0.66 0.96 1.11 1.00 0.76 0.56 0.38 0.34 0.54 0.86 0.89 0.76 0.72 0.70 0.75 0.87
0.03 0.03 0.04 0.05 0.06 0.07 0.08 0.09 0.09 0.10 0.10 0.11 0.11 0.11 0.11 0.11 0.11 0.11 0.12 0.13 0.14 0.14 0.14 0.15 0.14 0.14 0.16 0.18 0.18 0.17 0.20 0.23 0.24 0.25 0.27 0.26 0.27 0.34 0.42 0.39 0.40 0.43 0.42 0.43 0.41 0.38 0.40 0.46 0.56 0.57 0.50 0.57 0.66 0.69 0.61 0.40 0.34 0.55 0.83 1.05 1.08 0.92 0.72 0.58 0.52 0.49 0.42 0.49 0.83 1.08 1.10 0.90 0.67 0.51 0.38 0.40 0.58 0.81 0.93 0.86 0.74 0.67 0.71 0.82
0.02 0.02 0.04 0.05 0.06 0.07 0.08 0.09 0.09 0.10 0.10 0.11 0.11 0.11 0.11 0.11 0.11 0.10 0.11 0.12 0.13 0.13 0.14 0.14 0.14 0.15 0.16 0.16 0.16 0.15 0.18 0.22 0.25 0.30 0.32 0.28 0.28 0.36 0.43 0.42 0.42 0.42 0.39 0.42 0.40 0.37 0.42 0.50 0.58 0.56 0.50 0.55 0.61 0.66 0.60 0.39 0.37 0.59 0.88 1.10 1.00 0.73 0.59 0.56 0.54 0.51 0.45 0.56 0.93 1.15 1.02 0.75 0.61 0.53 0.44 0.49 0.57 0.72 0.93 0.97 0.80 0.65 0.66 0.76
0.01 0.02 0.03 0.05 0.06 0.07 0.08 0.09 0.10 0.10 0.11 0.11 0.11 0.11 0.11 0.10 0.10 0.10 0.10 0.11 0.12 0.13 0.13 0.14 0.14 0.15 0.15 0.15 0.14 0.14 0.17 0.22 0.28 0.34 0.33 0.26 0.27 0.38 0.44 0.41 0.40 0.38 0.36 0.39 0.38 0.38 0.45 0.53 0.54 0.50 0.50 0.53 0.56 0.63 0.59 0.39 0.43 0.66 0.92 1.10 0.94 0.59 0.48 0.55 0.62 0.59 0.50 0.60 0.98 1.15 0.90 0.67 0.66 0.62 0.52 0.51 0.53 0.66 0.91 1.03 0.86 0.64 0.64 0.74
0.02 0.02 0.03 0.05 0.06 0.07 0.08 0.09 0.10 0.10 0.11 0.11 0.11 0.11 0.10 0.10 0.10 0.09 0.09 0.10 0.11 0.12 0.13 0.13 0.14 0.15 0.15 0.14 0.13 0.14 0.19 0.25 0.29 0.35 0.33 0.25 0.27 0.39 0.42 0.37 0.36 0.34 0.34 0.37 0.37 0.39 0.47 0.51 0.48 0.48 0.50 0.51 0.53 0.59 0.57 0.43 0.50 0.72 0.94 1.06 0.86 0.51 0.39 0.53 0.72 0.69 0.56 0.64 0.97 1.11 0.86 0.72 0.76 0.67 0.54 0.50 0.52 0.64 0.88 1.04 0.87 0.63 0.64 0.73
0.02 0.03 0.04 0.05 0.07 0.08 0.09 0.10 0.10 0.11 0.11 0.11 0.11 0.11 0.10 0.10 0.09 0.09 0.09 0.09 0.10 0.11 0.12 0.13 0.14 0.15 0.15 0.14 0.13 0.16 0.21 0.25 0.27 0.33 0.35 0.27 0.29 0.38 0.37 0.33 0.34 0.32 0.33 0.36 0.36 0.40 0.46 0.46 0.44 0.48 0.50 0.51 0.52 0.54 0.55 0.51 0.56 0.72 0.92 1.01 0.83 0.50 0.34 0.50 0.77 0.78 0.65 0.67 0.90 1.07 0.93 0.82 0.79 0.64 0.52 0.51 0.54 0.64 0.84 0.97 0.84 0.66 0.70 0.76
0.03 0.03 0.05 0.06 0.07 0.08 0.09 0.10 0.11 0.11 0.11 0.11 0.11 0.11 0.10 0.10 0.09 0.09 0.08 0.08 0.10 0.11 0.12 0.13 0.14 0.14 0.14 0.13 0.14 0.16 0.20 0.23 0.25 0.31 0.37 0.32 0.28 0.33 0.34 0.31 0.32 0.31 0.32 0.34 0.36 0.41 0.43 0.42 0.44 0.48 0.49 0.51 0.52 0.51 0.53 0.57 0.62 0.69 0.83 0.98 0.88 0.55 0.34 0.46 0.76 0.85 0.77 0.73 0.90 1.08 0.98 0.83 0.74 0.59 0.52 0.52 0.56 0.65 0.76 0.83 0.81 0.74 0.77 0.83
0.03 0.04 0.05 0.07 0.08 0.09 0.10 0.10 0.11 0.11 0.11 0.11 0.11 0.11 0.10 0.10 0.09 0.08 0.07 0.08 0.09 0.10 0.12 0.13 0.13 0.13 0.13 0.13 0.13 0.16 0.20 0.23 0.27 0.33 0.37 0.33 0.26 0.28 0.30 0.29 0.28 0.29 0.31 0.33 0.37 0.42 0.41 0.41 0.46 0.48 0.48 0.50 0.52 0.51 0.55 0.61 0.65 0.67 0.75 0.94 0.93 0.63 0.38 0.42 0.67 0.87 0.90 0.88 1.01 1.07 0.87 0.75 0.69 0.58 0.55 0.54 0.55 0.61 0.66 0.71 0.77 0.77 0.82 0.89
0.04 0.05 0.06 0.08 0.09 0.10 0.10 0.11 0.12 0.12 0.12 0.11 0.11 0.10 0.10 0.09 0.08 0.08 0.07 0.07 0.08 0.10 0.11 0.12 0.13 0.13 0.13 0.13 0.13 0.17 0.22 0.25 0.29 0.33 0.34 0.30 0.25 0.23 0.26 0.27 0.26 0.28 0.32 0.34 0.39 0.43 0.40 0.42 0.46 0.46 0.49 0.51 0.52 0.54 0.58 0.61 0.63 0.66 0.71 0.87 0.95 0.71 0.46 0.43 0.58 0.82 1.00 1.06 1.06 0.90 0.68 0.68 0.70 0.64 0.60 0.55 0.51 0.53 0.62 0.70 0.71 0.71 0.80 0.92
0.06 0.06 0.07 0.08 0.09 0.10 0.11 0.11 0.12 0.12 0.12 0.11 0.11 0.10 0.10 0.09 0.08 0.07 0.06 0.06 0.08 0.09 0.11 0.12 0.13 0.13 0.13 0.13 0.15 0.20 0.24 0.25 0.28 0.29 0.31 0.28 0.21 0.21 0.25 0.26 0.27 0.29 0.33 0.36 0.41 0.43 0.41 0.43 0.44 0.46 0.51 0.52 0.52 0.56 0.60 0.60 0.60 0.65 0.70 0.82 0.92 0.77 0.55 0.46 0.51 0.75 1.07 1.18 1.00 0.70 0.59 0.68 0.77 0.73 0.59 0.52 0.50 0.48 0.63 0.74 0.65 0.63 0.72 0.87
