windninja/windninja_output/Output_2025-08-24_1000-1050_Google earth_Fire_150m_10min/merlingen_7.5mi_point_08-24-2025_1030_150m_vel.asc
ncols	158
nrows	163
xllcorner	391686.332397
yllcorner	5160024.123721
cellsize	150.000000
NODATA_value	-32768.000000
[rows 114 to 151 of 163, columns 0 to 83 of 158]
0.96 1.07 1.21 1.31 1.40 1.42 1.37 1.35 1.34 1.39 1.54 1.86 1.88 1.65 1.86 2.05 1.36 0.38 0.26 0.84 1.56 2.44 2.70 1.95 1.67 1.87 1.85 1.73 1.73 1.77 2.21 3.25 3.95 4.31 4.23 3.38 2.59 2.11 1.60 1.22 1.12 1.46 1.95 2.00 1.48 1.04 0.95 0.93 0.86 0.82 0.76 0.64 0.59 0.78 1.12 1.27 1.24 1.32 1.60 1.77 1.68 1.53 1.66 1.87 1.76 1.69 1.81 1.87 1.85 1.69 1.54 1.61 1.74 1.72 1.83 2.03 2.04 1.92 1.79 1.86 2.09 2.01 1.61 1.40
0.83 1.03 1.26 1.34 1.39 1.42 1.42 1.37 1.30 1.38 1.62 1.82 1.69 1.60 2.03 2.33 1.60 0.48 0.12 0.51 1.15 1.89 2.48 2.55 2.31 2.04 1.85 1.80 2.05 1.80 1.70 2.71 4.04 4.71 4.29 3.34 2.56 2.07 1.64 1.25 1.25 1.72 2.03 1.95 1.56 1.21 1.03 0.89 0.83 0.80 0.74 0.66 0.55 0.60 0.96 1.22 1.24 1.27 1.46 1.71 1.69 1.55 1.64 1.87 1.84 1.66 1.73 1.86 1.90 1.82 1.71 1.74 1.85 1.81 1.75 1.95 2.13 2.06 1.83 1.78 2.09 2.13 1.74 1.45
0.68 0.95 1.25 1.35 1.39 1.38 1.40 1.41 1.44 1.57 1.80 1.71 1.37 1.41 2.11 2.63 1.84 0.52 0.18 0.33 0.87 1.39 1.88 2.46 2.64 2.35 1.88 1.88 2.38 1.97 1.48 2.20 3.62 4.73 4.52 3.42 2.54 1.88 1.65 1.52 1.57 1.91 1.95 1.84 1.66 1.25 0.90 0.74 0.76 0.76 0.72 0.67 0.57 0.48 0.75 1.11 1.25 1.25 1.37 1.61 1.64 1.56 1.65 1.85 1.88 1.68 1.68 1.83 1.91 1.88 1.81 1.82 1.97 2.05 1.88 1.86 2.04 2.16 1.98 1.80 2.05 2.20 1.80 1.44
0.59 0.88 1.20 1.34 1.40 1.36 1.30 1.36 1.59 1.84 1.99 1.60 1.07 1.16 2.13 2.86 2.05 0.64 0.34 0.47 0.75 1.16 1.50 1.98 2.46 2.59 2.15 2.08 2.65 2.16 1.54 1.85 2.86 4.31 4.55 3.44 2.42 1.68 1.66 1.86 1.88 1.89 1.78 1.77 1.69 1.23 0.85 0.76 0.80 0.81 0.75 0.65 0.56 0.41 0.51 0.97 1.25 1.27 1.33 1.51 1.57 1.52 1.64 1.85 1.87 1.70 1.68 1.80 1.88 1.89 1.86 1.85 1.98 2.20 2.23 2.04 1.93 2.07 2.12 1.98 2.10 2.23 1.80 1.37
0.55 0.78 1.14 1.35 1.40 1.35 1.25 1.33 1.62 1.91 2.11 1.65 0.94 1.02 1.94 2.92 2.56 1.07 0.60 0.70 0.78 1.05 1.34 1.63 1.99 2.35 2.22 2.30 2.69 2.46 1.97 1.93 2.51 3.95 4.30 3.57 2.62 1.73 1.80 2.04 1.88 1.75 1.69 1.72 1.68 1.36 1.00 0.88 0.86 0.82 0.72 0.56 0.50 0.38 0.33 0.80 1.19 1.29 1.33 1.46 1.53 1.46 1.57 1.81 1.84 1.73 1.70 1.79 1.88 1.91 1.87 1.83 1.90 2.15 2.43 2.38 2.05 2.00 2.13 2.13 2.23 2.23 1.80 1.36
0.52 0.69 1.07 1.38 1.41 1.31 1.29 1.41 1.67 1.81 2.07 1.88 1.03 0.98 1.64 2.69 3.01 1.79 0.84 0.81 0.88 1.01 1.27 1.58 1.87 2.05 2.09 2.22 2.54 2.65 2.69 2.65 3.12 3.92 3.92 3.59 3.04 2.19 2.06 2.06 1.85 1.75 1.73 1.76 1.72 1.51 1.14 0.94 0.83 0.72 0.59 0.43 0.40 0.36 0.23 0.62 1.10 1.30 1.35 1.45 1.53 1.46 1.51 1.68 1.71 1.72 1.70 1.75 1.90 1.98 1.90 1.79 1.80 1.98 2.34 2.56 2.41 2.17 2.18 2.23 2.29 2.24 1.86 1.47
0.46 0.62 1.00 1.43 1.47 1.29 1.39 1.57 1.75 1.70 1.86 2.06 1.29 0.93 1.38 2.39 3.16 2.51 1.22 0.87 0.93 1.04 1.28 1.62 1.92 2.07 2.14 2.22 2.53 2.94 3.24 3.23 3.38 3.62 3.56 3.45 3.11 2.70 2.25 1.93 1.96 1.97 1.97 1.94 1.81 1.58 1.29 1.03 0.78 0.62 0.50 0.34 0.31 0.32 0.18 0.45 1.00 1.30 1.35 1.45 1.57 1.47 1.49 1.60 1.55 1.65 1.66 1.55 1.75 2.00 1.97 1.80 1.74 1.82 2.08 2.43 2.62 2.53 2.41 2.38 2.33 2.26 1.95 1.62
0.38 0.56 0.95 1.37 1.52 1.41 1.56 1.80 1.89 1.61 1.67 2.24 1.62 0.86 1.16 2.13 3.16 2.95 1.72 0.99 0.93 1.09 1.34 1.66 2.02 2.18 2.20 2.34 2.94 3.53 3.57 3.46 3.45 3.37 3.49 3.38 2.99 2.91 2.22 1.70 1.86 2.09 2.32 2.18 1.93 1.72 1.48 1.13 0.73 0.56 0.44 0.29 0.22 0.28 0.17 0.31 0.94 1.28 1.34 1.46 1.57 1.44 1.46 1.58 1.56 1.72 1.77 1.46 1.44 1.80 1.93 1.84 1.78 1.74 1.80 2.06 2.45 2.72 2.74 2.63 2.48 2.36 2.06 1.78
0.29 0.54 0.90 1.17 1.41 1.54 1.77 2.09 2.17 1.68 1.63 2.42 1.92 0.86 0.91 1.68 2.96 3.25 2.10 1.26 1.02 1.18 1.40 1.67 2.10 2.23 2.26 2.63 3.50 3.97 3.57 3.46 3.50 3.17 3.41 3.39 2.87 2.93 2.33 1.60 1.54 1.90 2.52 2.52 2.14 1.91 1.65 1.16 0.75 0.57 0.45 0.31 0.13 0.24 0.17 0.22 0.86 1.25 1.33 1.48 1.52 1.42 1.47 1.57 1.64 1.93 2.06 1.69 1.41 1.47 1.69 1.79 1.83 1.76 1.64 1.68 1.99 2.48 2.82 2.89 2.78 2.61 2.25 1.95
0.27 0.54 0.88 0.96 1.14 1.44 1.72 2.12 2.46 2.11 1.93 2.69 2.15 0.83 0.76 1.34 2.44 3.30 2.76 1.85 1.48 1.40 1.47 1.74 2.12 2.26 2.33 2.93 4.14 4.28 3.35 3.22 3.35 3.01 3.26 3.37 2.77 2.82 2.67 1.70 1.31 1.57 2.30 2.81 2.54 2.13 1.75 1.19 0.78 0.61 0.53 0.39 0.04 0.21 0.14 0.17 0.74 1.22 1.33 1.41 1.45 1.46 1.53 1.57 1.64 1.99 2.23 2.07 1.64 1.35 1.43 1.67 1.77 1.75 1.62 1.50 1.56 1.96 2.46 2.79 2.97 2.97 2.60 2.12
0.33 0.57 0.85 0.85 0.96 1.30 1.54 1.87 2.43 2.40 2.51 2.95 2.00 0.83 0.78 1.20 1.86 2.82 3.23 2.72 2.15 1.85 1.69 1.85 2.09 2.22 2.47 3.59 4.96 4.25 2.82 2.90 3.19 2.94 3.10 3.33 2.76 2.60 2.72 1.95 1.31 1.27 1.75 2.73 3.01 2.50 1.92 1.32 0.79 0.65 0.61 0.47 0.17 0.22 0.20 0.24 0.68 1.20 1.38 1.27 1.32 1.53 1.60 1.59 1.71 1.98 2.18 2.27 2.08 1.53 1.36 1.59 1.70 1.66 1.61 1.47 1.37 1.56 1.98 2.31 2.67 3.11 3.04 2.40
0.37 0.62 0.83 0.80 0.90 1.20 1.42 1.67 2.19 2.35 2.72 3.24 2.30 1.03 0.93 1.17 1.48 1.98 2.77 3.25 3.24 2.68 2.18 2.07 2.32 2.61 3.47 5.11 5.02 3.34 2.15 2.58 3.12 2.86 2.86 3.27 2.84 2.44 2.60 2.17 1.46 1.13 1.29 2.29 3.14 2.96 2.24 1.46 0.86 0.70 0.67 0.52 0.31 0.29 0.31 0.36 0.72 1.23 1.52 1.32 1.27 1.55 1.63 1.62 1.81 2.02 2.09 2.21 2.30 2.02 1.63 1.67 1.77 1.67 1.60 1.50 1.38 1.41 1.63 1.89 2.11 2.76 3.20 2.86
0.37 0.62 0.86 0.79 0.85 1.11 1.36 1.60 1.93 2.14 2.57 3.38 3.05 1.61 1.33 1.29 1.26 1.47 2.00 2.80 3.44 3.64 2.96 2.64 3.39 4.27 4.73 4.82 3.63 2.18 1.75 2.29 3.04 2.79 2.68 3.14 2.94 2.42 2.34 2.16 1.64 1.15 1.10 1.79 2.92 3.23 2.60 1.69 1.02 0.78 0.72 0.57 0.41 0.41 0.42 0.43 0.68 1.18 1.58 1.50 1.41 1.57 1.62 1.65 1.85 2.04 2.08 2.13 2.26 2.27 2.14 2.05 1.97 1.81 1.68 1.58 1.47 1.41 1.50 1.67 1.81 2.26 2.84 2.98
0.34 0.60 0.89 0.79 0.79 1.02 1.33 1.63 1.75 1.87 2.21 3.04 3.41 2.77 2.21 1.57 1.15 1.35 1.82 2.38 3.20 3.94 3.84 3.48 3.85 4.34 4.01 3.03 2.25 1.72 1.53 2.00 2.82 2.79 2.69 3.00 2.96 2.55 2.16 2.04 1.76 1.29 1.13 1.43 2.47 3.27 2.84 1.86 1.21 0.90 0.80 0.66 0.50 0.50 0.51 0.49 0.63 1.11 1.54 1.58 1.54 1.61 1.63 1.70 1.88 2.03 2.08 2.10 2.17 2.24 2.38 2.46 2.29 2.04 1.87 1.74 1.54 1.46 1.56 1.61 1.69 2.00 2.32 2.60
0.32 0.59 0.90 0.81 0.75 0.95 1.30 1.62 1.67 1.64 1.77 2.37 3.12 3.43 3.18 2.09 1.43 1.64 2.24 3.53 4.13 4.03 3.89 3.50 3.52 3.54 3.01 2.32 1.80 1.52 1.51 1.85 2.44 2.63 2.77 3.01 2.98 2.63 2.13 1.98 1.82 1.52 1.34 1.35 2.01 3.07 3.02 1.98 1.35 1.08 0.88 0.73 0.62 0.62 0.60 0.58 0.67 1.09 1.51 1.60 1.61 1.64 1.67 1.77 1.91 2.03 2.07 2.09 2.14 2.19 2.39 2.67 2.67 2.34 2.08 1.95 1.70 1.59 1.68 1.71 1.76 1.88 2.00 2.19
0.32 0.58 0.91 0.86 0.76 0.96 1.27 1.54 1.59 1.50 1.50 1.78 2.34 3.02 3.46 3.31 2.45 2.48 3.77 4.93 4.27 3.29 3.31 3.39 3.55 3.59 3.03 2.21 1.67 1.54 1.62 1.72 1.90 2.13 2.60 3.18 3.22 2.64 2.18 2.07 1.94 1.77 1.61 1.54 1.78 2.57 2.89 2.18 1.57 1.31 1.02 0.83 0.72 0.72 0.68 0.65 0.75 1.13 1.50 1.62 1.63 1.67 1.72 1.82 1.94 2.04 2.06 2.07 2.12 2.19 2.36 2.69 2.90 2.72 2.38 2.23 1.99 1.70 1.71 1.84 1.91 1.90 1.87 1.93
0.32 0.57 0.95 0.92 0.80 1.04 1.34 1.51 1.54 1.45 1.41 1.46 1.67 2.13 2.82 3.59 3.89 4.33 5.00 4.56 3.10 2.51 2.71 3.25 3.82 3.88 3.05 2.12 1.81 1.72 1.68 1.55 1.44 1.59 2.02 2.92 3.51 3.05 2.37 2.21 2.11 1.97 1.90 1.84 1.83 2.02 2.37 2.11 1.81 1.52 1.16 0.97 0.83 0.79 0.73 0.67 0.79 1.16 1.52 1.66 1.65 1.67 1.76 1.86 1.96 2.04 2.07 2.07 2.08 2.17 2.35 2.64 2.90 2.96 2.79 2.62 2.33 1.87 1.80 1.96 1.99 1.96 1.85 1.74
0.32 0.55 0.94 1.00 0.89 1.11 1.37 1.55 1.63 1.52 1.40 1.35 1.42 1.76 2.29 3.14 4.67 5.60 4.93 3.27 2.56 2.40 2.42 2.79 3.79 4.11 2.84 2.18 2.07 1.82 1.67 1.53 1.34 1.25 1.51 2.22 3.19 3.49 2.91 2.47 2.36 2.20 2.13 2.08 1.87 1.60 1.53 1.69 1.85 1.63 1.24 1.07 0.96 0.87 0.79 0.73 0.80 1.14 1.51 1.69 1.70 1.69 1.74 1.86 1.96 2.03 2.10 2.07 2.05 2.11 2.33 2.61 2.79 2.98 3.06 3.02 2.73 2.13 1.93 2.10 2.18 2.04 1.78 1.61
0.36 0.55 0.86 1.05 1.09 1.17 1.26 1.49 1.81 1.73 1.42 1.31 1.38 1.68 2.29 3.09 5.04 6.06 4.54 3.01 2.63 2.44 2.37 2.56 3.43 4.12 3.30 2.40 2.24 1.90 1.65 1.50 1.27 1.13 1.33 1.77 2.46 3.22 3.26 3.02 2.82 2.46 2.28 2.22 1.81 1.15 0.86 1.16 1.64 1.62 1.27 1.13 1.03 0.93 0.87 0.82 0.87 1.16 1.52 1.69 1.75 1.81 1.72 1.82 1.96 2.01 2.09 2.08 2.01 2.06 2.29 2.54 2.68 2.95 3.16 3.25 3.18 2.47 2.02 2.27 2.36 2.04 1.68 1.57
0.40 0.57 0.80 1.02 1.27 1.27 1.13 1.27 1.78 2.02 1.66 1.37 1.45 1.88 2.45 3.50 5.46 5.94 4.77 3.39 2.82 2.55 2.47 2.53 2.89 3.63 3.70 2.94 2.40 2.01 1.69 1.49 1.23 1.24 1.40 1.64 2.07 2.60 2.95 3.30 3.31 2.76 2.45 2.35 1.80 1.06 0.74 0.86 1.32 1.48 1.27 1.13 1.05 0.99 0.95 0.92 0.97 1.22 1.55 1.71 1.84 1.93 1.80 1.81 1.98 2.02 2.10 2.10 1.97 2.01 2.23 2.43 2.54 2.83 3.21 3.49 3.55 2.79 2.14 2.37 2.46 2.01 1.58 1.49
0.45 0.63 0.81 1.01 1.34 1.33 1.14 1.18 1.45 1.97 2.04 1.60 1.73 2.28 3.24 5.01 5.86 5.47 4.58 3.84 3.10 2.50 2.37 2.30 2.15 2.62 3.56 3.65 2.89 2.23 1.84 1.61 1.42 1.44 1.51 1.56 1.82 2.09 2.52 3.25 3.53 3.05 2.65 2.41 1.81 1.36 1.02 0.87 1.13 1.38 1.33 1.16 1.07 1.03 0.99 0.98 1.05 1.29 1.55 1.71 1.90 1.96 1.87 1.87 2.01 2.09 2.13 2.18 2.07 1.97 2.09 2.30 2.42 2.56 3.08 3.70 3.88 3.18 2.37 2.39 2.48 2.07 1.52 1.33
0.47 0.70 0.89 1.04 1.31 1.36 1.25 1.27 1.32 1.68 2.05 1.91 1.96 2.90 5.00 6.07 5.51 4.74 4.22 3.97 3.47 2.44 2.10 1.95 1.68 1.85 2.79 3.73 3.61 2.72 2.03 1.77 1.68 1.59 1.55 1.55 1.54 1.69 2.38 3.24 3.43 3.14 2.84 2.30 1.85 1.66 1.35 1.07 1.15 1.37 1.39 1.27 1.15 1.08 1.02 1.00 1.10 1.37 1.57 1.72 1.89 1.93 1.91 1.93 2.03 2.16 2.18 2.28 2.37 2.14 1.97 2.11 2.26 2.32 2.77 3.58 4.04 3.71 2.74 2.46 2.40 2.04 1.63 1.41
0.37 0.72 1.02 1.07 1.28 1.37 1.35 1.36 1.39 1.61 1.87 2.03 2.06 3.46 6.02 5.94 4.63 4.29 3.94 3.84 3.54 2.63 2.04 1.87 1.65 1.64 2.17 3.23 3.85 3.37 2.41 1.97 1.91 1.74 1.64 1.62 1.43 1.45 2.38 3.32 3.16 3.00 2.85 2.12 1.84 1.79 1.55 1.23 1.19 1.35 1.39 1.32 1.23 1.15 1.07 1.03 1.14 1.43 1.61 1.74 1.87 1.90 1.94 1.96 2.03 2.19 2.23 2.37 2.70 2.55 2.11 1.97 2.05 2.07 2.37 3.18 3.91 4.01 3.43 2.75 2.35 1.99 1.77 1.70
0.24 0.62 1.06 1.16 1.35 1.42 1.34 1.34 1.47 1.68 1.85 2.10 2.26 4.09 6.29 5.55 4.38 4.03 3.59 3.56 3.45 2.79 2.23 2.02 1.72 1.60 1.88 2.76 3.64 3.61 2.82 2.30 2.15 1.97 1.83 1.65 1.40 1.33 2.34 3.34 2.98 2.63 2.51 2.07 1.85 1.82 1.63 1.33 1.26 1.36 1.37 1.34 1.28 1.20 1.11 1.07 1.20 1.50 1.62 1.72 1.84 1.89 1.97 1.97 2.01 2.19 2.31 2.47 2.87 3.01 2.51 2.06 2.01 1.98 1.91 2.48 3.47 3.92 3.84 3.50 2.72 2.06 1.91 1.96
0.28 0.53 0.89 1.20 1.51 1.52 1.33 1.29 1.46 1.72 2.01 2.33 2.93 5.33 6.43 5.21 4.17 3.63 3.16 3.34 3.45 2.93 2.46 2.19 1.83 1.68 1.85 2.52 3.19 3.27 3.06 2.86 2.52 2.22 2.07 1.69 1.31 1.35 2.22 3.23 2.86 2.15 2.06 1.95 1.84 1.88 1.75 1.46 1.37 1.40 1.40 1.38 1.32 1.24 1.16 1.12 1.28 1.51 1.60 1.68 1.77 1.86 1.97 1.96 2.01 2.19 2.38 2.61 2.93 3.22 3.06 2.48 2.18 2.05 1.86 1.94 2.76 3.44 3.67 3.92 3.53 2.38 2.21 2.12
0.45 0.56 0.71 1.07 1.53 1.64 1.46 1.40 1.51 1.74 2.16 2.85 4.60 6.49 6.10 4.44 3.76 3.40 3.12 3.36 3.56 3.14 2.64 2.28 1.97 1.87 2.00 2.33 2.67 2.60 2.64 3.14 3.10 2.51 2.33 1.84 1.35 1.53 2.16 2.86 2.50 1.87 1.82 1.77 1.75 1.86 1.81 1.58 1.48 1.46 1.44 1.43 1.37 1.32 1.28 1.24 1.35 1.48 1.58 1.66 1.72 1.82 1.90 1.89 2.02 2.25 2.45 2.73 2.99 3.22 3.39 3.14 2.53 2.14 1.96 1.87 2.19 2.86 3.17 3.72 3.90 3.20 2.72 2.17
0.55 0.63 0.77 1.00 1.25 1.54 1.73 1.69 1.66 2.03 2.47 3.64 6.26 6.60 4.63 3.55 3.45 3.24 2.95 3.38 3.78 3.39 2.81 2.40 2.15 2.12 2.15 2.18 2.28 2.11 2.06 2.86 3.30 3.04 2.77 2.13 1.54 1.63 1.89 2.14 2.00 1.81 1.79 1.67 1.65 1.77 1.77 1.64 1.57 1.54 1.51 1.46 1.36 1.35 1.42 1.39 1.38 1.45 1.57 1.65 1.69 1.81 1.79 1.72 1.94 2.31 2.57 2.83 3.04 3.25 3.51 3.54 2.99 2.32 2.08 1.83 1.82 2.42 2.83 3.32 3.91 3.75 2.96 2.11
0.44 0.75 1.05 1.02 0.98 1.22 1.75 1.88 1.98 2.69 3.26 5.24 6.85 5.25 3.33 3.14 3.16 3.09 2.82 3.15 3.72 3.67 3.16 2.69 2.39 2.31 2.25 2.10 2.05 1.92 1.90 2.39 2.91 3.27 3.27 2.52 1.73 1.57 1.45 1.42 1.64 1.77 1.79 1.67 1.62 1.69 1.71 1.68 1.65 1.62 1.60 1.57 1.41 1.31 1.44 1.44 1.38 1.44 1.57 1.65 1.71 1.79 1.69 1.53 1.71 2.18 2.59 2.85 3.07 3.37 3.56 3.67 3.51 2.86 2.24 1.63 1.50 2.15 2.77 3.24 3.96 3.96 2.98 2.13
0.24 0.81 1.32 1.11 1.02 1.23 1.55 1.81 2.33 3.08 4.24 6.58 6.62 3.70 2.87 2.97 3.02 3.24 3.16 3.09 3.27 3.45 3.40 3.21 2.84 2.50 2.24 1.96 1.90 1.92 1.95 2.14 2.46 3.05 3.49 2.93 1.94 1.52 1.30 1.23 1.53 1.80 1.83 1.76 1.70 1.69 1.70 1.71 1.72 1.71 1.71 1.80 1.74 1.45 1.36 1.31 1.31 1.44 1.53 1.64 1.75 1.76 1.63 1.44 1.52 1.92 2.33 2.62 2.95 3.37 3.58 3.68 3.91 3.56 2.26 1.32 1.28 2.05 2.91 3.57 3.89 3.77 3.21 2.39
0.08 0.73 1.43 1.39 1.24 1.37 1.60 1.85 2.44 2.98 4.94 6.63 5.29 3.28 2.93 2.93 3.09 3.51 3.51 2.96 2.78 2.97 3.24 3.44 3.21 2.81 2.46 2.12 1.94 2.03 2.12 2.26 2.28 2.58 3.36 3.15 2.13 1.57 1.38 1.37 1.56 1.81 1.88 1.85 1.80 1.75 1.74 1.76 1.78 1.78 1.83 2.05 2.14 1.84 1.43 1.07 1.14 1.41 1.48 1.60 1.74 1.74 1.64 1.50 1.56 1.85 2.11 2.31 2.57 3.03 3.43 3.70 4.17 3.96 2.45 1.21 1.27 1.92 3.10 3.77 3.39 3.35 3.47 2.58
0.21 0.64 1.29 1.61 1.53 1.57 1.80 2.10 2.53 2.75 4.55 6.74 5.31 3.39 3.08 2.93 3.21 3.74 3.49 2.64 2.57 2.81 3.07 3.33 3.18 2.80 2.55 2.52 2.33 2.17 2.24 2.38 2.14 2.16 3.02 2.93 2.09 1.60 1.45 1.49 1.60 1.78 1.87 1.89 1.85 1.82 1.81 1.82 1.83 1.89 2.03 2.26 2.43 2.26 1.59 0.94 0.99 1.30 1.46 1.60 1.68 1.69 1.70 1.63 1.62 1.91 2.21 2.28 2.32 2.50 2.93 3.61 4.34 4.22 2.89 1.59 1.33 1.78 3.20 3.79 3.04 3.25 3.48 2.31
0.56 0.78 1.10 1.45 1.73 1.94 2.20 2.44 2.74 2.77 3.85 6.73 6.24 3.60 3.00 2.87 3.26 3.70 3.10 2.58 2.69 2.85 3.04 3.10 2.91 2.65 2.49 2.62 2.57 2.35 2.37 2.36 1.94 1.89 2.46 2.42 1.92 1.56 1.45 1.54 1.67 1.79 1.88 1.91 1.89 1.87 1.86 1.86 1.90 2.05 2.29 2.50 2.67 2.50 1.77 1.08 0.98 1.13 1.45 1.70 1.64 1.58 1.69 1.70 1.67 2.01 2.35 2.29 2.25 2.38 2.52 3.16 4.27 4.36 3.19 2.07 1.60 1.79 3.10 3.71 3.29 3.53 3.21 1.71
1.09 1.11 1.12 1.18 1.56 2.11 2.53 2.91 3.15 2.94 4.10 6.67 6.01 3.43 2.77 2.81 3.21 3.44 2.97 2.77 2.86 2.90 3.02 2.92 2.74 2.73 2.64 2.58 2.52 2.31 2.41 2.51 1.95 1.58 1.79 2.02 1.79 1.54 1.44 1.52 1.68 1.81 1.90 1.97 1.96 1.92 1.91 1.91 2.00 2.23 2.47 2.75 2.95 2.65 2.04 1.48 1.15 1.17 1.55 1.80 1.60 1.46 1.58 1.67 1.77 2.11 2.38 2.30 2.29 2.45 2.52 2.84 3.85 4.31 3.40 2.41 2.10 2.17 2.68 3.39 3.75 3.54 2.51 1.68
1.72 1.47 1.19 1.19 1.45 1.89 2.41 3.27 3.71 3.87 5.61 6.51 4.72 2.91 2.55 2.70 3.15 3.17 2.87 2.94 3.10 3.07 3.02 2.91 2.82 2.89 2.74 2.58 2.53 2.15 2.09 2.54 2.19 1.47 1.51 1.84 1.78 1.58 1.49 1.53 1.67 1.81 1.90 2.01 2.06 2.00 1.96 2.01 2.20 2.38 2.59 3.01 3.24 2.83 2.30 1.85 1.44 1.42 1.60 1.76 1.56 1.39 1.50 1.65 1.84 2.12 2.33 2.36 2.38 2.51 2.64 2.82 3.43 3.99 3.38 2.62 2.67 2.78 2.50 2.97 3.73 3.07 2.34 1.93
2.12 1.75 1.31 1.36 1.57 1.79 2.03 2.89 4.32 5.37 5.99 5.19 3.51 2.69 2.36 2.49 2.95 3.01 2.75 2.84 3.14 3.21 3.18 3.31 3.39 3.11 2.83 2.65 2.50 1.96 1.66 2.15 2.17 1.60 1.49 1.75 1.81 1.66 1.56 1.56 1.67 1.81 1.87 1.97 2.09 2.07 2.02 2.18 2.40 2.49 2.73 3.23 3.50 3.15 2.65 2.25 1.84 1.62 1.65 1.68 1.50 1.40 1.55 1.73 1.88 2.09 2.32 2.45 2.48 2.59 2.74 2.72 3.06 3.50 3.26 2.83 3.13 3.21 2.55 2.87 3.29 2.89 2.88 2.43
2.03 1.97 1.71 1.63 1.78 1.98 2.08 2.70 5.03 6.04 5.16 3.87 3.24 2.72 2.36 2.34 2.65 2.87 2.76 2.69 2.82 2.92 2.86 3.26 3.93 3.97 3.26 2.65 2.27 1.83 1.36 1.58 1.92 1.66 1.51 1.67 1.80 1.75 1.66 1.63 1.69 1.84 1.89 1.92 2.04 2.10 2.08 2.30 2.49 2.55 2.86 3.41 3.70 3.60 3.20 2.64 2.11 1.75 1.73 1.65 1.47 1.49 1.66 1.84 1.99 2.16 2.35 2.47 2.57 2.79 2.86 2.59 2.54 2.92 3.14 3.31 3.66 3.25 2.34 2.56 2.73 2.75 3.25 3.14
1.57 1.90 2.11 2.06 2.35 2.40 2.16 3.06 5.85 6.33 4.43 3.56 3.31 2.81 2.50 2.32 2.33 2.56 2.82 2.75 2.55 2.45 2.28 2.65 3.71 4.55 4.25 2.79 2.09 1.81 1.30 1.32 1.65 1.67 1.57 1.59 1.73 1.77 1.75 1.73 1.75 1.88 1.95 1.92 2.02 2.17 2.20 2.30 2.47 2.61 2.91 3.49 3.92 4.06 3.76 2.95 2.32 1.95 1.79 1.72 1.55 1.58 1.78 1.97 2.15 2.23 2.32 2.40 2.57 2.95 3.04 2.43 1.92 2.20 2.89 3.83 4.03 2.88 1.85 2.15 2.20 2.24 3.09 3.70
1.20 1.59 2.06 2.47 2.94 2.59 2.07 3.38 6.25 6.00 3.73 3.32 3.42 3.13 2.77 2.45 2.20 2.31 2.63 2.71 2.46 2.20 2.03 2.30 3.10 4.38 5.00 3.67 2.11 1.75 1.48 1.36 1.50 1.64 1.63 1.55 1.61 1.69 1.73 1.76 1.81 1.93 1.99 1.92 2.01 2.33 2.45 2.28 2.34 2.62 2.88 3.40 4.07 4.43 4.19 3.30 2.56 2.13 1.92 1.88 1.75 1.69 1.91 2.14 2.27 2.23 2.27 2.36 2.54 3.07 3.18 2.27 1.48 1.80 2.76 4.12 4.18 2.59 1.62 1.70 1.80 1.91 2.59 3.77
