windninja/windninja_output/Output_2025-08-24_1000-1050_Google earth_Fire_150m_10min/merlingen_7.5mi_point_08-24-2025_1030_150m_ang.asc
ncols	158
nrows	163
xllcorner	391686.332397
yllcorner	5160024.123721
cellsize	150.000000
NODATA_value	-32768.000000
[rows 108 to 161 of 163, columns 0 to 95 of 158]
80 77 73 73 74 74 75 76 77 77 76 76 73 72 74 77 79 75 68 65 68 72 73 65 58 58 61 60 65 77 86 88 87 81 92 105 111 112 113 119 126 127 126 130 134 137 140 138 127 113 100 92 88 84 80 76 75 76 77 76 75 77 80 80 79 79 78 77 78 77 75 76 79 81 82 84 87 91 95 94 94 99 105 105 100 97 94 92 91 90 88 88 87 87 86 85
79 76 74 76 77 78 77 75 74 73 72 71 68 68 72 76 78 69 61 64 72 77 76 69 61 58 60 59 66 77 83 83 83 82 92 104 108 109 115 120 124 123 125 132 136 137 142 146 138 122 107 95 89 86 82 79 75 75 76 76 74 75 76 77 77 78 78 78 77 76 75 75 78 81 83 83 85 87 91 92 92 94 101 107 105 100 96 93 91 90 89 88 88 87 86 85
79 78 80 82 82 80 77 74 72 70 70 69 67 68 73 79 79 63 54 61 71 80 81 75 69 64 61 60 66 76 81 81 80 81 90 100 106 111 117 120 116 115 122 132 137 139 144 151 148 133 117 102 91 85 83 81 77 76 77 77 75 74 73 72 73 76 78 80 78 75 75 77 79 80 81 83 84 84 86 89 92 93 97 102 105 103 98 95 92 90 89 89 89 88 87 85
81 82 83 83 81 78 75 73 72 69 68 70 71 72 76 81 80 58 49 58 68 79 87 81 74 72 69 65 65 70 76 81 79 79 89 100 108 115 120 118 115 113 115 126 135 139 145 153 154 144 127 110 95 86 84 82 78 77 77 76 76 74 72 70 70 72 75 78 79 78 78 79 79 79 79 81 82 81 82 86 90 93 95 98 101 102 99 95 92 91 90 90 90 90 88 86
83 84 83 80 78 75 73 71 71 68 65 69 75 77 79 83 81 56 48 56 62 72 83 84 75 78 83 82 73 67 69 76 80 84 94 103 110 115 118 116 115 109 107 116 132 141 145 151 155 152 139 122 102 90 85 82 79 77 76 75 75 74 72 71 70 70 71 72 76 79 80 81 80 79 78 79 80 80 80 82 87 92 94 95 97 97 95 93 90 89 91 93 93 92 89 87
83 82 80 78 77 76 74 72 69 65 64 70 76 78 78 82 84 64 51 55 58 65 73 78 75 82 89 92 87 74 68 70 78 89 99 106 108 109 110 109 105 99 102 112 127 140 143 146 152 156 151 139 114 95 87 83 81 78 75 74 73 72 71 72 72 70 69 69 71 75 78 80 81 79 77 78 80 81 81 80 82 88 91 92 94 93 88 87 86 87 94 98 97 92 89 86
79 78 77 77 76 76 75 74 69 65 68 74 76 73 74 82 89 92 68 58 56 60 65 71 78 84 87 88 90 87 74 69 77 89 99 105 103 102 102 101 95 96 103 110 121 133 141 145 149 155 158 156 132 102 88 84 82 79 76 74 73 71 71 72 72 71 70 69 69 71 73 76 79 79 77 77 79 81 82 79 80 84 86 87 89 87 83 82 84 90 97 99 96 89 85 85
75 75 75 76 75 73 72 71 70 71 78 82 77 67 70 83 95 112 129 71 64 60 60 66 76 83 83 81 85 91 82 71 75 85 96 102 103 101 97 93 93 100 106 109 115 128 141 147 147 151 159 164 154 117 92 84 81 80 78 75 73 70 71 72 72 71 70 69 69 69 70 72 75 79 80 78 77 79 81 81 81 82 83 83 82 79 78 82 87 94 96 95 90 84 82 85
74 75 75 74 74 73 69 67 70 77 86 88 77 63 70 84 96 114 168 106 80 71 65 66 70 77 79 76 83 92 88 75 73 79 91 101 104 99 91 91 98 104 106 105 109 122 135 141 140 143 155 167 170 140 98 84 81 81 79 77 74 71 72 73 73 71 70 70 69 68 68 68 70 74 79 81 79 78 79 81 82 84 84 80 77 75 78 83 89 94 93 89 84 81 84 86
74 75 74 74 74 73 70 67 72 78 86 89 79 67 73 82 91 110 162 144 104 87 79 72 68 70 71 74 83 91 91 84 76 80 87 96 99 93 87 93 101 104 102 101 103 110 120 130 136 139 149 168 180 164 108 86 82 81 80 79 76 73 72 74 73 70 69 70 69 68 67 66 66 68 72 79 81 78 77 78 82 85 85 79 75 75 80 85 88 90 88 84 82 83 87 86
75 74 73 74 75 74 73 74 77 79 81 85 84 77 76 77 84 105 148 154 131 104 92 85 79 74 72 75 79 82 90 96 96 93 90 87 85 82 84 92 97 96 95 95 96 100 112 126 134 139 146 169 188 185 127 89 82 80 80 80 79 77 76 75 72 69 68 68 68 68 68 67 66 65 67 71 75 77 77 78 81 84 83 79 78 80 83 86 87 86 83 81 80 82 86 85
75 73 72 75 78 76 76 80 83 82 79 81 88 87 78 75 82 97 131 151 145 123 105 98 94 89 86 85 82 84 94 105 108 102 93 84 78 76 83 86 83 82 84 87 91 95 103 116 127 134 140 165 192 200 157 92 83 80 80 80 80 80 80 77 72 69 67 66 66 68 69 68 67 66 66 66 68 72 76 79 81 81 80 79 82 84 85 86 85 83 80 78 75 77 82 86
72 71 71 75 79 79 80 84 87 86 81 84 92 92 80 76 81 90 112 141 148 136 120 109 103 100 99 97 98 100 101 104 105 100 93 88 82 81 85 82 75 72 76 83 87 88 93 103 116 124 130 152 192 211 189 93 83 82 81 80 81 80 78 77 73 73 74 71 69 70 70 70 70 69 67 64 63 66 71 76 79 80 80 81 84 88 88 86 84 81 79 75 70 73 81 90
68 71 72 72 71 73 77 83 89 90 83 86 95 101 84 76 79 86 98 122 142 139 129 117 110 106 104 105 108 109 107 103 100 98 94 90 88 86 85 86 79 73 76 80 83 85 89 96 103 108 115 134 186 223 224 91 84 82 81 81 79 75 72 70 69 75 83 88 85 77 73 71 72 74 71 65 62 62 66 71 75 78 81 82 86 89 89 86 82 80 78 72 68 74 84 93
65 74 77 72 65 64 67 72 81 86 85 89 98 113 96 79 76 79 86 98 120 131 130 124 114 110 109 111 112 111 111 107 101 99 95 91 90 85 82 89 88 80 76 75 79 85 89 91 90 90 94 107 174 244 246 92 83 80 78 77 73 68 67 67 67 73 81 91 99 93 82 76 76 76 75 70 64 61 62 65 69 75 80 83 86 87 86 82 79 79 77 69 68 79 89 96
77 82 83 76 68 65 65 66 70 74 81 91 101 116 107 89 77 72 74 84 99 113 120 120 115 114 113 112 114 115 116 111 103 100 97 92 90 86 81 84 91 85 76 71 73 80 84 85 83 79 82 88 92 273 277 74 79 78 77 73 66 64 67 70 71 75 77 81 92 100 94 87 83 80 79 77 72 67 64 63 64 69 76 81 82 83 80 76 77 78 75 69 71 82 92 98
82 84 84 79 73 71 69 66 67 68 73 87 99 108 108 98 83 70 66 75 89 102 110 113 113 111 112 116 121 123 122 112 104 103 99 92 90 89 84 81 88 89 79 72 71 74 78 80 77 74 75 71 26 305 316 33 65 72 74 71 65 67 71 72 75 78 77 75 79 89 97 95 92 90 87 86 85 80 73 68 64 67 70 73 76 77 73 71 75 78 77 74 78 86 92 96
77 80 81 78 75 73 70 68 69 67 69 76 85 94 102 102 91 74 65 68 79 94 105 107 107 110 117 127 130 132 129 112 104 103 100 93 91 93 88 83 86 91 86 78 73 72 74 75 72 72 70 60 24 333 329 12 49 62 67 67 68 72 73 72 74 76 76 74 73 75 84 93 96 99 99 97 98 96 88 80 73 70 68 67 70 71 66 66 72 77 81 82 84 89 92 91
73 77 80 78 75 73 72 74 73 68 65 68 72 82 92 101 98 84 73 70 75 88 102 107 114 123 130 134 138 142 139 115 102 101 101 95 90 93 92 86 87 94 95 85 78 74 74 71 67 65 63 52 21 348 339 2 40 58 64 65 69 73 72 71 73 74 74 73 71 70 73 82 91 98 104 108 109 107 102 94 87 81 73 67 67 65 61 64 71 78 83 86 88 92 92 87
75 79 81 80 77 74 75 78 77 70 63 61 64 72 86 98 101 93 88 86 93 101 108 117 121 125 131 135 138 146 146 121 102 96 97 95 90 91 93 90 89 96 104 98 85 79 75 70 63 58 56 46 16 353 348 1 35 59 67 67 68 70 70 71 73 74 73 71 70 69 70 76 84 92 99 108 115 117 114 109 101 93 83 75 68 62 57 61 68 75 80 85 90 92 89 82
77 81 82 81 80 79 80 79 77 72 64 60 60 63 73 88 96 97 102 115 119 115 110 111 113 112 113 120 132 143 147 130 106 93 87 87 89 90 90 90 91 97 109 113 98 83 75 67 58 55 52 40 13 356 355 5 36 60 68 68 67 68 68 70 72 72 72 70 70 69 70 73 79 86 93 100 112 121 120 118 115 106 95 86 76 66 59 61 64 68 71 78 85 86 82 78
75 80 83 83 83 86 87 84 80 76 72 68 61 58 62 70 86 102 115 123 125 121 107 98 97 99 103 110 119 133 142 137 116 97 84 79 81 85 86 87 91 96 106 118 114 93 78 63 54 53 47 35 10 0 1 10 38 59 66 67 67 67 68 69 71 71 71 70 69 69 70 72 74 79 86 94 104 116 119 119 121 118 110 98 87 78 72 68 67 68 69 72 75 72 69 70
77 80 82 84 86 87 89 90 88 85 84 79 71 65 63 69 84 104 117 123 124 121 111 98 92 95 99 101 107 121 134 139 130 110 92 79 74 74 80 84 88 93 101 113 122 109 84 65 56 54 44 31 11 5 9 16 39 57 64 66 67 67 67 69 70 70 70 70 69 69 70 72 73 74 79 87 97 107 113 117 120 123 122 114 102 93 86 80 79 79 77 73 69 61 58 57
80 81 81 80 84 87 86 86 90 95 94 89 84 79 78 79 88 100 111 118 121 124 121 109 95 91 93 97 103 114 126 137 143 128 105 88 76 71 72 77 83 89 96 105 117 118 94 71 62 56 42 28 15 11 18 24 40 57 64 66 67 68 70 70 70 71 71 71 70 69 70 72 72 73 76 81 90 101 106 110 118 126 129 125 117 109 100 94 91 89 85 79 71 62 56 52
82 84 81 79 84 89 85 78 81 91 99 98 95 92 91 92 94 97 101 110 119 126 127 122 106 91 84 92 100 107 118 130 146 145 121 104 89 77 71 71 78 84 88 94 102 108 96 77 67 57 40 27 19 18 25 30 40 56 64 66 67 71 72 72 72 72 72 72 71 70 72 73 71 73 76 80 87 96 101 103 111 124 133 132 126 122 119 112 103 94 88 82 74 65 57 52
84 85 85 82 85 90 89 80 75 79 90 99 100 100 101 104 104 99 95 100 115 127 132 128 114 91 79 82 92 99 107 117 137 149 136 120 104 90 79 75 77 80 83 85 84 78 76 73 65 53 38 29 24 25 29 33 41 56 63 65 68 71 71 71 72 73 74 74 74 74 75 74 73 72 73 78 86 94 100 101 104 114 129 133 131 129 129 124 114 102 94 86 76 65 54 53
85 87 88 87 86 87 89 90 83 77 80 87 93 99 109 115 112 104 97 95 103 123 132 129 119 97 81 76 80 91 98 106 121 140 143 131 114 100 91 86 82 80 81 80 69 59 56 54 51 46 38 31 28 31 33 35 43 56 64 67 69 70 68 69 71 72 73 75 79 81 79 77 76 73 72 76 82 91 100 102 101 105 115 125 128 130 131 130 124 112 100 90 79 67 55 54
78 82 86 88 86 85 87 92 93 86 80 80 86 97 109 116 115 107 102 97 96 107 122 125 126 113 92 79 76 82 91 98 108 125 138 138 126 110 100 94 88 83 80 74 61 54 49 39 37 41 39 34 32 36 37 37 46 59 66 70 71 69 68 69 70 71 71 73 80 88 91 86 80 76 74 74 77 83 94 101 101 100 102 111 120 126 129 130 127 118 107 97 85 74 63 59
66 76 81 85 86 86 87 88 90 91 87 85 88 96 104 110 112 109 106 101 95 96 108 118 129 127 108 90 81 79 83 92 99 109 127 139 140 125 106 98 93 87 79 67 58 54 47 34 33 40 40 37 38 40 39 40 51 64 69 70 70 69 69 69 68 69 70 72 78 87 97 98 91 85 78 74 74 76 81 91 98 99 99 105 115 122 124 126 127 122 115 106 95 85 74 68
71 78 78 80 85 88 88 85 84 87 90 93 99 102 103 105 108 109 107 101 95 96 103 112 127 135 123 104 91 81 77 84 92 100 113 132 147 139 110 99 95 90 76 62 56 52 46 34 34 41 41 42 44 44 43 46 58 68 71 70 69 68 69 68 67 67 69 72 77 83 94 104 106 102 94 81 75 73 72 77 89 97 99 105 113 117 115 116 121 124 121 110 100 94 90 93
94 90 81 76 82 88 90 88 87 88 92 99 108 110 107 104 103 101 99 96 94 96 103 110 121 135 133 115 100 86 75 75 85 95 103 118 142 144 116 99 92 84 72 61 53 49 44 35 36 41 43 46 47 47 49 56 67 72 72 71 70 69 69 67 65 67 69 73 77 81 88 100 111 114 114 102 85 76 71 72 79 89 97 105 110 106 104 108 116 122 119 104 95 94 103 116
94 94 90 83 80 80 85 93 96 96 97 104 114 115 111 105 98 92 87 86 89 93 100 107 116 129 135 124 108 95 81 76 78 84 92 104 126 138 122 101 85 71 65 58 51 49 44 38 39 44 47 50 49 50 57 66 73 73 72 72 71 71 69 64 63 66 70 75 78 81 85 94 108 118 122 120 102 85 77 75 77 84 96 104 108 106 109 113 114 110 91 83 83 90 103 118
83 87 95 96 83 74 78 89 96 102 108 111 114 114 110 103 97 92 87 83 83 87 93 100 109 120 129 130 119 109 99 87 78 76 83 94 110 124 119 97 75 64 60 54 50 49 46 41 43 47 51 54 54 57 66 72 73 73 73 73 72 73 71 64 61 66 71 76 79 81 84 90 100 112 121 127 115 95 87 84 84 89 95 98 105 113 115 112 95 61 51 68 81 89 97 109
68 80 93 101 96 86 81 83 89 100 111 115 113 110 106 101 98 96 98 95 87 82 81 88 98 109 120 129 126 120 116 101 87 80 81 86 96 104 102 83 66 60 56 52 50 49 46 45 48 51 54 59 66 73 76 75 73 73 73 73 74 75 72 67 65 67 71 73 75 78 81 83 89 103 117 127 118 100 95 95 94 92 91 94 104 111 109 88 53 36 46 75 90 94 96 98
46 77 86 97 106 107 99 91 91 95 102 110 111 104 103 101 99 100 106 110 101 88 81 81 86 94 105 116 121 122 123 117 104 91 83 81 84 83 72 58 55 55 52 49 48 47 47 48 51 52 55 64 76 87 90 83 76 75 75 75 77 77 76 75 77 77 75 73 72 73 74 75 81 92 109 120 111 97 94 100 99 92 90 98 105 106 93 58 27 32 58 81 94 97 95 92
56 80 82 90 104 110 110 109 102 96 95 99 102 100 101 103 102 104 108 114 111 103 94 87 85 85 87 93 106 115 121 124 120 105 89 81 74 65 52 45 49 52 50 49 47 47 48 50 52 54 59 70 79 90 101 99 86 82 81 80 80 80 81 84 87 88 86 83 78 72 70 73 80 85 91 103 100 91 90 96 99 92 94 103 106 95 75 29 12 34 62 78 88 93 94 93
113 94 86 84 92 101 108 113 111 107 96 90 92 100 101 102 102 103 105 108 108 108 106 99 94 90 85 84 91 102 112 119 124 117 96 81 67 54 43 43 47 51 51 49 48 48 50 52 53 57 67 76 83 90 99 109 101 90 86 88 88 85 85 88 90 91 93 94 89 82 76 75 79 81 81 85 91 88 87 90 92 93 97 101 94 83 57 8 3 35 59 71 80 88 93 96
105 108 102 88 84 90 100 107 112 115 102 93 94 101 100 98 98 98 97 96 101 106 107 105 101 99 100 95 92 92 96 105 116 116 96 76 62 49 42 43 47 50 50 49 49 50 52 52 55 63 73 80 86 90 95 110 118 106 96 97 98 93 89 88 90 92 95 96 95 94 90 83 80 79 78 78 86 90 87 85 87 95 98 87 75 68 38 0 359 37 58 68 77 86 94 98
101 110 118 106 90 86 89 96 107 115 109 105 104 103 100 96 95 92 86 85 91 96 99 101 101 103 107 108 103 98 92 90 95 100 84 69 57 48 43 45 47 48 48 49 51 52 53 55 61 70 76 81 87 91 97 110 127 126 111 105 104 101 94 89 91 93 94 95 97 98 99 95 86 80 77 75 82 94 92 84 88 95 89 72 64 56 29 358 4 45 67 75 80 87 93 96
99 106 120 122 112 97 88 87 96 109 115 112 108 105 103 99 94 89 84 81 81 82 83 86 93 99 103 106 108 110 102 86 79 72 66 61 54 47 44 44 46 47 48 50 53 54 54 59 67 73 76 81 87 93 99 109 130 138 125 112 108 107 102 99 98 95 94 95 97 98 99 98 91 84 78 74 80 93 99 93 90 83 67 63 59 53 28 2 16 56 75 85 88 88 89 92
94 99 111 120 121 115 103 91 94 106 113 110 102 102 107 104 96 91 90 87 82 77 72 69 75 87 95 101 105 109 106 88 72 60 56 56 52 47 44 43 45 48 51 52 54 55 56 64 70 73 76 81 85 91 99 110 127 142 136 123 117 114 111 109 107 103 99 98 98 99 99 96 89 82 76 77 86 95 100 96 84 60 54 58 58 53 26 10 32 64 80 89 91 87 88 95
85 87 96 107 116 123 124 112 104 103 103 98 93 96 103 108 101 92 90 93 90 83 74 69 69 73 83 94 97 95 95 82 69 58 53 54 51 47 43 43 45 51 54 55 57 59 62 68 72 73 75 79 83 89 99 111 123 140 144 136 129 122 118 115 114 111 107 103 101 102 101 97 88 78 74 83 94 96 92 85 68 48 51 56 57 48 25 22 46 66 78 85 86 84 91 102
81 80 80 89 104 122 134 121 108 101 94 89 86 89 95 103 104 96 90 90 92 89 83 80 75 72 73 80 83 80 73 69 64 56 53 53 51 46 43 44 47 53 57 57 59 64 70 73 72 73 75 77 81 88 98 109 120 134 145 147 144 131 122 120 119 117 112 107 103 102 103 105 98 85 82 88 92 90 79 69 54 43 51 56 56 45 36 47 62 71 73 76 79 85 98 111
89 84 80 83 90 105 126 118 107 102 96 88 80 78 84 92 100 103 97 91 88 87 88 88 84 77 70 67 70 68 58 56 57 56 55 53 51 47 45 47 50 56 59 59 61 67 74 76 75 74 75 76 80 86 95 106 117 128 141 151 156 145 129 123 121 119 115 112 109 105 105 109 112 103 98 92 85 73 64 59 46 41 50 56 55 51 57 69 83 85 75 70 76 90 106 119
93 94 93 88 82 84 101 112 109 102 95 90 81 73 72 77 88 99 101 94 88 86 90 92 87 79 70 63 56 52 48 46 50 53 53 51 50 48 48 51 55 59 62 63 66 71 75 77 79 79 79 80 81 84 91 101 112 123 135 148 161 159 140 128 122 121 120 116 114 109 105 106 114 114 108 96 81 65 53 44 39 42 49 54 55 57 64 75 87 92 85 75 81 96 108 118
94 98 100 95 84 80 93 108 109 98 89 87 85 77 69 66 71 78 86 89 90 90 90 92 90 83 74 66 54 44 41 42 47 50 51 50 51 50 51 56 60 63 65 68 73 75 75 77 81 84 86 85 83 83 88 96 108 120 131 141 159 164 149 136 126 123 123 120 116 110 102 100 111 116 112 99 83 65 47 34 35 44 52 58 60 64 72 80 87 91 93 92 92 97 103 104
96 100 102 99 93 90 96 100 100 90 85 84 84 83 74 66 61 58 57 64 76 85 87 88 91 90 82 70 58 45 40 43 47 49 50 52 53 53 55 61 65 67 69 73 80 82 79 79 81 86 91 92 87 84 88 96 106 117 124 131 150 163 157 145 133 126 124 122 117 109 101 101 112 115 111 100 84 64 43 32 36 47 58 65 69 72 78 86 93 97 104 107 100 95 95 99
97 101 106 104 106 107 99 91 82 81 82 81 80 80 80 73 63 54 48 48 55 64 70 73 80 87 84 73 60 46 42 44 47 50 52 54 56 56 59 65 69 72 74 79 85 90 88 83 82 86 91 94 92 88 90 97 105 111 117 126 142 160 162 152 139 129 124 123 118 110 105 108 115 115 109 97 82 60 41 37 43 53 64 72 75 76 79 86 98 106 111 112 105 97 93 95
94 98 105 110 114 112 99 81 69 72 76 76 75 75 78 77 69 60 52 51 54 55 53 53 58 66 70 65 56 48 46 46 48 52 55 59 62 62 65 70 73 76 82 86 87 89 94 93 88 87 90 94 97 95 93 95 103 109 116 126 139 158 164 155 143 132 126 123 119 114 111 113 115 115 110 97 79 55 41 45 56 68 78 83 82 79 79 85 98 112 118 119 112 100 89 78
85 87 97 110 114 109 94 75 64 62 66 68 69 71 70 68 66 62 58 58 60 58 52 49 52 53 52 51 51 50 49 49 50 55 59 64 69 72 74 78 81 86 91 93 92 92 97 103 101 94 93 96 101 102 96 95 101 110 115 121 133 154 160 154 146 135 128 126 122 118 116 116 116 114 110 97 78 58 49 53 66 86 99 98 92 87 84 89 99 115 126 123 113 99 83 67
78 82 91 103 106 98 83 73 64 57 53 55 58 60 59 57 56 55 54 60 64 61 53 51 54 53 49 46 49 51 50 51 53 57 62 67 73 77 81 86 91 96 98 99 101 103 104 109 112 107 102 101 101 102 97 97 104 110 111 112 121 143 150 145 144 137 131 128 125 122 120 119 117 114 108 99 92 84 75 74 88 105 112 109 101 101 102 100 103 112 122 117 102 91 79 66
86 88 90 91 87 78 70 68 63 56 51 48 48 49 48 47 48 48 48 53 60 58 51 48 51 52 49 48 50 52 52 53 55 59 65 72 78 84 91 97 101 105 108 109 111 114 115 117 120 119 115 108 103 102 99 101 105 107 104 101 104 120 130 130 134 136 133 129 126 123 120 119 119 120 124 126 133 142 140 119 112 116 123 127 125 122 119 110 102 97 93 94 95 85 73 63
101 92 86 78 69 62 57 58 59 58 53 47 41 35 33 34 37 41 43 44 51 53 47 42 44 46 46 47 50 52 53 54 57 62 68 75 84 93 105 110 112 115 120 124 124 124 124 126 129 127 125 119 112 108 103 102 101 94 90 85 83 92 106 115 123 128 131 131 127 126 125 126 128 135 146 152 160 172 173 149 137 136 138 140 135 126 121 110 94 81 69 73 84 80 67 59
118 102 83 62 45 45 47 49 53 59 57 49 39 29 24 23 24 28 32 33 40 45 39 35 38 41 42 44 47 50 52 55 59 64 70 77 86 102 122 134 136 137 139 142 144 144 142 142 143 143 141 138 132 126 112 98 78 61 56 55 56 62 76 92 102 110 117 125 128 130 132 135 141 148 154 160 170 178 172 156 143 138 135 132 128 120 115 107 90 71 60 62 61 57 57 61
