windninja/windninja_output/Output_2025-08-09_0200-0250_Google earth_Fire_150m_10min/merlingen_7.5mi_point_08-09-2025_0200_150m_ang.asc
ncols	158
nrows	163
xllcorner	391686.332397
yllcorner	5160024.123721
cellsize	150.000000
NODATA_value	-32768.000000
[rows 0 to 41 of 163, columns 0 to 94 of 158]
341 338 335 336 337 338 340 339 338 338 340 340 339 334 327 324 322 321 322 327 333 336 337 337 337 337 337 334 333 335 335 334 332 330 329 329 331 328 324 325 325 325 326 325 325 326 327 327 328 331 334 335 336 337 338 336 333 331 329 330 331 330 329 328 328 328 328 327 328 328 329 329 328 326 324 325 326 324 321 322 323 323 319 317 317 315 312 310 308 307 304 303 303 302 298
344 340 336 336 336 337 340 339 336 335 338 341 344 342 337 333 332 331 330 331 335 337 337 338 339 339 339 336 334 335 335 334 334 333 331 331 333 332 330 331 330 329 330 330 330 331 332 331 330 330 332 332 333 334 335 335 333 332 331 330 331 330 330 329 329 329 328 328 327 328 329 330 329 327 326 327 328 325 323 324 325 324 321 319 319 317 317 315 312 311 308 307 307 306 305
346 341 338 338 336 338 341 339 335 334 337 344 348 347 344 340 338 338 336 336 338 338 338 339 340 341 341 339 337 336 336 335 334 334 333 333 335 336 336 336 335 334 334 333 333 335 335 336 335 333 331 332 332 333 333 334 333 333 333 332 332 332 332 331 331 331 329 328 327 328 330 331 329 329 328 329 330 328 326 328 330 328 324 323 322 321 325 324 321 320 317 315 316 317 317
343 341 340 340 338 340 342 340 339 339 342 348 350 347 343 339 338 339 339 339 340 339 338 339 341 343 344 343 342 342 340 338 336 334 334 335 335 336 336 336 336 336 335 334 335 336 336 337 339 338 336 336 337 336 335 334 333 333 333 333 333 333 333 332 332 332 330 328 327 329 331 331 329 328 328 329 329 327 326 329 333 330 327 327 324 324 329 330 329 329 328 325 324 326 326
337 338 341 342 340 341 340 338 338 341 347 350 350 347 341 337 337 338 340 341 341 338 338 339 339 342 345 346 347 346 345 344 341 338 337 337 337 336 336 336 337 337 336 336 337 337 338 338 339 339 339 339 338 337 336 334 333 332 332 332 332 333 333 332 332 332 331 329 327 329 331 330 328 328 328 327 326 324 326 330 332 329 327 328 325 324 328 330 330 332 334 333 332 333 332
334 335 339 342 341 340 338 336 337 342 348 349 348 344 338 336 337 338 340 340 339 336 335 337 336 338 342 345 346 347 347 345 343 343 342 341 339 338 338 338 338 337 336 336 337 337 338 338 338 339 340 340 338 336 335 334 333 333 332 332 332 333 334 333 332 332 332 329 328 331 333 330 328 329 331 330 327 325 326 331 331 327 325 326 326 324 326 326 324 327 331 332 335 336 335
335 334 335 338 339 339 338 337 339 343 346 347 347 342 336 335 337 340 342 341 339 336 334 334 333 334 337 340 342 344 344 343 342 344 345 343 341 339 339 339 339 337 336 336 336 336 337 337 338 339 341 340 339 337 335 334 333 332 332 332 333 335 336 335 334 333 332 329 329 333 335 333 331 332 333 333 331 329 332 334 331 328 327 326 326 324 324 323 321 321 322 323 327 330 331
336 335 334 333 334 336 336 338 341 343 343 344 345 342 337 336 338 341 343 343 341 338 337 334 332 333 335 336 339 341 340 339 340 342 342 340 340 340 339 339 338 337 336 336 335 335 335 336 337 339 340 338 339 339 336 333 333 332 332 333 334 336 338 338 336 335 332 330 330 333 334 332 333 335 334 333 331 331 336 336 328 326 329 329 329 328 327 326 324 320 317 317 318 321 326
336 336 335 334 332 333 334 338 340 341 341 341 342 342 339 338 339 340 342 343 341 340 340 338 336 335 335 336 338 339 337 336 338 339 337 336 337 338 338 338 337 336 335 335 334 334 335 335 336 339 339 337 338 338 335 333 333 333 333 333 333 334 336 337 337 335 332 331 332 334 332 329 330 333 334 332 330 332 338 334 325 324 328 331 332 332 333 332 332 331 329 327 325 326 329
336 336 335 335 335 335 335 337 339 339 339 339 339 339 337 338 339 340 341 342 342 341 341 341 340 338 337 337 339 339 335 335 337 337 336 335 336 337 337 337 336 335 334 334 333 333 334 334 335 338 337 336 337 336 333 331 332 331 331 331 330 330 331 332 332 331 330 331 333 335 332 328 329 331 332 332 329 332 337 333 329 327 328 329 328 329 331 331 333 337 338 336 332 332 332
336 336 336 336 337 337 338 338 338 339 339 338 338 337 336 336 338 338 339 340 341 342 342 343 343 342 341 340 340 338 335 335 336 335 334 335 337 337 337 337 336 336 335 334 333 331 332 333 333 334 333 332 333 331 328 326 325 325 325 325 324 323 324 325 323 323 324 327 332 334 330 329 330 332 334 333 330 330 332 331 331 332 332 329 325 325 326 324 327 335 337 332 330 333 331
337 336 336 337 337 338 338 338 339 339 339 339 338 338 336 334 335 337 337 337 338 340 342 343 344 345 345 342 339 337 335 334 334 333 332 334 336 337 336 336 336 335 335 336 334 332 331 330 329 327 324 322 321 318 315 314 314 314 314 313 308 306 310 313 313 313 315 320 328 330 328 329 331 334 337 338 336 334 332 330 331 333 334 333 329 329 328 322 325 334 332 325 325 330 327
337 336 336 337 338 338 338 338 339 339 339 339 339 339 336 331 331 334 336 336 336 337 339 342 344 347 347 343 338 336 335 334 333 333 333 334 333 334 334 335 335 335 336 337 336 335 335 332 324 318 314 310 306 300 297 299 301 304 302 295 290 291 295 298 299 300 303 310 321 325 326 328 330 333 336 337 337 336 335 335 333 333 333 332 331 332 330 325 328 336 332 324 324 328 323
337 337 337 337 338 338 338 339 339 339 339 339 340 341 337 331 327 329 332 334 334 336 338 340 344 347 346 343 339 338 335 333 332 333 335 335 333 333 333 334 334 333 333 332 330 329 333 336 330 321 316 312 307 298 292 292 294 296 299 298 299 302 303 302 300 296 295 300 309 317 322 325 327 330 332 332 331 330 332 334 332 330 330 328 328 331 329 324 327 332 328 321 320 321 316
337 337 337 337 337 338 339 339 339 339 339 339 340 342 340 335 329 328 329 330 332 335 337 340 343 345 344 343 341 340 337 333 332 333 335 335 335 334 333 332 328 326 322 315 315 318 323 330 333 332 328 325 322 316 312 309 309 313 319 317 316 317 319 320 318 311 308 305 305 311 318 321 323 326 329 328 324 323 324 324 324 325 325 324 325 326 323 321 323 324 318 309 305 305 304
337 337 337 337 338 338 338 339 339 339 339 339 339 340 340 337 335 334 332 331 332 336 339 342 343 342 343 343 343 341 338 336 337 337 335 333 331 330 328 325 320 321 323 323 326 329 328 327 328 331 333 336 335 332 331 332 332 332 331 325 321 323 325 329 329 324 321 317 314 315 315 314 315 320 324 325 323 322 322 320 320 321 319 318 319 318 315 313 314 315 310 302 299 300 299
337 338 338 338 338 338 339 339 339 339 339 339 339 338 337 335 335 337 337 336 336 338 341 342 342 342 343 344 343 342 339 338 340 339 335 328 324 323 327 329 331 333 333 333 335 336 335 335 331 328 331 336 337 335 336 337 338 339 336 329 324 324 327 331 330 325 324 323 323 323 319 311 307 313 321 323 325 325 323 320 320 320 316 313 310 306 302 297 299 308 314 313 311 310 309
338 338 338 338 339 339 339 339 339 339 339 339 338 337 335 332 332 335 338 338 338 339 340 341 340 342 343 342 340 339 338 339 342 344 340 335 333 334 336 336 337 336 334 334 336 335 335 337 336 332 330 332 334 335 335 336 337 339 337 331 327 327 330 332 330 326 325 325 326 326 324 320 314 313 317 321 325 324 320 316 315 314 312 308 303 299 297 299 304 310 315 316 317 316 316
338 338 338 339 339 339 339 339 339 339 340 339 338 337 335 332 331 333 336 337 339 339 339 338 338 340 341 340 338 337 338 343 347 346 343 340 338 337 336 335 335 335 334 334 335 334 333 333 334 333 330 330 331 334 335 335 335 336 336 332 328 328 331 332 329 326 324 326 326 325 326 328 325 320 319 317 316 313 306 300 300 301 304 309 311 312 315 315 312 313 316 317 316 317 319
338 338 338 339 339 339 339 339 339 340 340 340 339 338 337 334 333 333 335 337 339 339 339 339 339 340 340 340 340 339 342 347 348 345 340 337 336 336 336 336 337 338 338 338 337 334 333 333 332 330 330 330 330 331 333 334 335 335 334 331 328 327 329 329 327 324 323 325 327 327 329 332 331 328 327 324 317 307 299 299 302 306 312 317 320 320 320 319 315 315 320 323 318 316 318
339 339 339 339 339 340 340 340 340 340 340 339 339 339 338 337 336 337 338 339 340 340 341 341 341 341 342 342 342 343 346 349 350 346 342 341 339 339 340 340 341 340 339 338 336 334 333 334 333 331 330 331 330 330 329 331 332 333 333 332 330 328 326 327 326 324 325 326 327 329 333 335 332 329 330 333 332 327 321 316 315 317 319 321 322 320 320 319 315 316 323 328 322 317 318
339 339 339 339 339 340 340 340 340 340 340 340 340 340 339 339 339 339 339 340 340 341 341 342 342 343 343 343 344 345 348 350 349 345 343 342 342 342 342 342 343 342 340 337 335 333 332 334 334 333 332 332 331 330 329 328 328 330 332 333 333 328 326 328 326 325 327 327 327 331 336 337 332 326 327 334 337 336 332 327 324 323 322 322 324 323 322 320 317 318 326 333 329 321 321
339 339 340 340 340 340 340 341 341 341 341 341 341 341 340 340 340 340 341 341 342 342 342 343 343 344 345 345 346 346 347 348 345 341 340 339 340 342 343 342 342 342 340 337 335 333 334 335 335 334 332 332 332 331 330 329 328 329 332 334 332 328 325 327 326 327 329 329 331 336 338 337 331 326 328 333 337 335 333 332 331 331 327 325 326 325 326 324 320 321 328 338 334 324 322
339 339 340 340 340 340 341 341 341 341 341 341 342 342 341 341 341 341 342 342 343 343 343 344 345 345 347 347 346 345 345 344 341 339 339 337 337 339 341 341 340 340 340 338 335 335 337 337 336 334 332 332 332 331 331 331 329 330 333 334 331 326 323 324 326 329 331 332 335 338 339 335 328 326 330 336 337 332 329 331 334 335 333 331 329 325 324 322 319 321 330 341 334 323 321
340 340 340 340 340 341 341 341 341 341 341 341 342 342 342 342 342 342 342 343 343 344 344 345 346 348 350 350 346 342 342 340 338 338 339 339 340 339 338 338 339 339 339 337 335 337 339 338 336 334 331 331 331 331 332 332 331 332 333 332 328 324 322 322 325 327 329 332 336 336 332 328 324 326 333 340 336 328 326 329 332 334 337 337 333 327 323 319 316 319 331 343 334 324 322
340 340 340 340 341 341 342 342 341 341 342 342 342 342 342 343 343 343 343 343 343 344 345 346 347 350 355 354 347 343 341 338 337 337 339 342 343 340 337 337 337 338 337 334 334 340 341 338 336 335 333 331 329 329 330 332 334 336 335 330 325 322 323 326 330 332 333 337 339 334 326 322 323 328 338 345 337 326 324 327 329 332 337 340 337 333 330 326 319 320 332 343 337 328 325
340 340 340 341 341 341 342 342 341 342 343 343 342 342 343 343 343 343 343 344 344 344 345 346 349 353 357 354 350 348 345 339 335 333 336 341 343 340 337 337 338 336 334 333 335 342 343 340 337 336 337 334 330 328 328 333 339 340 336 331 323 320 321 328 335 338 342 345 343 333 324 322 325 330 340 347 339 328 325 326 326 328 333 336 335 335 337 335 326 323 331 339 336 331 330
341 341 341 341 341 342 342 341 342 343 343 343 343 343 343 343 343 343 344 344 344 344 345 347 350 354 356 354 352 353 351 344 338 334 332 335 339 338 337 338 338 335 334 334 338 342 344 343 339 338 339 337 335 332 331 338 346 343 336 331 324 319 320 326 333 339 346 348 340 329 322 323 328 333 342 346 338 329 327 327 324 326 329 329 328 331 338 338 329 327 332 334 332 330 331
341 341 341 341 342 342 342 342 342 343 343 343 343 343 343 343 343 344 344 344 344 345 346 347 349 353 353 351 353 357 357 351 345 341 337 336 338 337 337 340 340 337 337 337 339 342 343 343 342 340 340 339 337 335 335 343 347 341 333 328 324 323 326 331 335 339 346 346 334 325 323 327 333 337 343 343 334 326 326 327 325 325 325 323 321 323 330 331 328 329 332 332 330 327 328
341 341 342 342 342 342 342 342 343 344 344 344 344 344 344 343 344 344 344 344 344 345 346 347 349 350 348 348 351 356 357 356 353 346 340 341 343 340 338 340 341 340 341 341 341 344 344 343 341 342 344 342 339 339 340 346 347 338 329 323 321 325 332 337 337 338 343 340 327 321 322 329 336 341 345 341 333 326 322 322 324 325 322 319 317 319 323 324 325 328 332 331 328 324 322
342 342 342 343 343 342 342 343 344 344 344 344 344 344 344 344 344 344 344 344 344 345 346 347 348 347 345 345 348 352 354 354 352 345 341 345 346 341 338 340 340 341 343 343 344 345 342 339 337 340 344 342 341 341 343 350 347 334 325 319 319 326 332 336 334 334 337 333 321 316 319 326 333 338 342 340 337 332 325 322 324 326 323 319 320 324 325 324 324 326 329 328 325 319 313
342 342 343 343 343 343 343 344 344 344 345 344 344 344 344 344 344 344 344 344 344 345 346 346 346 345 345 345 350 354 353 348 345 341 341 346 346 338 336 339 340 340 342 342 343 343 339 334 332 334 337 336 338 339 343 352 347 332 322 316 320 331 338 337 330 329 334 330 318 314 318 324 326 332 338 339 339 336 329 325 328 331 327 321 320 320 320 319 319 319 320 321 319 314 309
342 343 343 343 342 343 344 344 344 345 345 345 345 345 345 345 345 344 344 343 344 344 345 346 345 344 345 347 352 355 351 346 343 340 339 344 342 335 333 337 339 340 340 339 339 339 334 330 331 331 330 331 333 335 341 348 343 334 324 317 320 334 344 340 330 328 332 329 321 317 323 327 328 333 338 340 340 337 331 327 331 335 329 323 320 317 314 314 315 315 314 314 313 312 312
343 344 344 343 342 344 345 345 345 345 345 345 345 345 345 345 345 344 344 344 344 344 344 345 344 344 344 346 349 348 344 343 343 342 339 340 338 334 335 339 339 341 341 339 338 335 331 330 331 330 329 329 329 330 336 339 336 332 327 323 324 335 344 341 332 330 329 326 321 320 327 331 332 336 339 339 339 337 333 332 336 338 331 326 324 324 321 320 321 321 319 316 313 312 316
344 344 345 344 343 344 345 345 345 345 345 345 345 345 345 345 345 344 344 344 343 343 343 343 343 344 345 345 345 342 338 339 342 342 340 340 339 336 338 341 341 342 341 338 335 331 328 330 329 328 328 327 327 327 329 329 327 325 325 324 328 336 343 340 333 331 329 324 320 321 328 333 335 338 338 337 336 333 330 333 339 341 336 330 328 329 327 325 327 326 325 323 318 316 318
344 345 345 344 345 345 346 346 346 346 345 345 345 345 345 345 345 344 344 344 343 343 343 342 341 343 344 345 345 341 335 336 339 338 339 343 344 341 340 342 344 344 341 338 334 330 330 331 330 330 330 330 330 330 329 328 326 324 321 319 323 333 339 338 334 332 329 325 321 321 327 332 333 336 334 333 333 328 323 325 332 338 337 332 329 329 328 329 331 330 327 325 320 316 316
345 345 344 344 346 347 347 346 346 346 346 345 345 345 345 345 344 344 344 343 343 343 342 342 341 342 343 346 347 340 335 335 335 334 336 343 348 348 345 345 345 343 341 338 335 333 335 333 332 332 331 332 333 333 332 331 330 328 325 321 321 329 335 335 332 330 328 325 324 324 326 324 324 328 331 333 334 331 325 321 324 330 333 332 329 327 328 329 331 330 327 324 320 316 317
346 346 345 345 346 347 347 346 346 346 346 345 345 345 345 345 344 344 344 343 343 343 342 342 342 342 343 346 345 338 335 334 332 332 334 340 350 355 353 348 346 342 340 338 336 335 336 336 335 334 332 332 334 333 331 331 333 333 331 327 326 330 334 334 332 326 322 321 325 332 331 323 322 327 333 335 334 337 333 327 327 328 330 332 328 328 331 331 329 328 327 324 319 317 321
346 346 346 346 347 347 347 347 346 346 346 346 346 345 345 344 344 344 344 343 343 342 342 342 341 341 342 343 339 334 333 332 332 332 335 342 357 1 353 349 345 342 340 338 337 337 337 339 341 339 335 336 338 337 333 333 336 337 336 334 334 336 338 338 334 326 317 316 325 336 332 328 328 333 340 335 332 339 338 333 334 334 332 330 325 328 336 335 330 329 328 324 317 315 320
347 347 347 348 348 348 347 347 346 345 346 346 346 345 345 344 344 343 343 343 342 342 342 341 341 340 340 339 334 331 330 330 331 333 336 348 360 357 352 349 345 341 339 338 339 339 338 339 341 339 336 336 339 340 338 338 340 340 339 338 340 344 346 343 338 328 316 316 326 330 328 328 332 340 344 331 331 342 342 338 342 342 335 326 320 324 333 335 332 330 332 325 315 313 319
348 349 348 348 348 348 347 346 345 345 346 346 345 345 344 344 344 343 343 342 342 342 341 341 340 340 338 335 333 330 328 328 329 331 339 351 353 351 350 349 347 342 339 338 339 339 340 340 341 339 336 335 337 338 338 339 340 340 338 337 341 348 350 345 339 330 319 320 327 326 327 328 331 340 338 328 333 346 343 339 345 348 340 330 322 322 328 334 334 332 332 324 315 313 317
350 350 349 348 348 348 347 346 346 346 346 345 345 344 344 344 344 343 343 342 341 341 341 340 339 339 337 335 334 331 328 328 330 333 342 350 349 346 345 345 345 343 343 343 340 339 341 343 344 341 336 334 335 335 334 335 337 337 335 334 339 346 346 343 340 332 324 325 328 329 332 331 330 336 331 326 337 349 345 341 343 344 339 333 328 327 332 337 336 332 329 322 315 313 316
