windninja/windninja_output/Output_2025-08-09_0200-0250_Google earth_Fire_150m_10min/merlingen_7.5mi_point_08-09-2025_0250_150m_ang.asc
ncols	158
nrows	163
xllcorner	391686.332397
yllcorner	5160024.123721
cellsize	150.000000
NODATA_value	-32768.000000
[rows 0 to 41 of 163, columns 0 to 93 of 158]
222 222 220 217 216 217 216 214 214 214 213 211 208 210 215 223 231 233 232 235 228 213 209 212 217 220 220 216 215 216 216 218 220 220 219 223 227 229 230 227 224 223 224 226 228 230 233 232 222 217 215 214 214 215 216 217 218 219 220 220 218 218 218 217 215 213 215 218 221 222 221 220 219 219 218 219 221 224 225 223 222 221 222 226 228 227 223 224 225 223 223 224 222 221
221 221 219 217 217 218 217 217 218 217 214 209 206 208 215 221 224 223 224 226 220 209 207 212 217 219 217 215 216 218 218 219 220 219 219 223 224 224 224 222 221 221 221 222 223 223 224 223 219 218 217 217 218 219 219 219 219 219 220 220 219 218 218 217 215 215 217 220 222 221 220 219 219 218 219 219 220 223 223 222 221 222 223 225 227 226 223 224 225 225 225 225 224 224
219 219 218 216 219 218 217 219 219 216 210 203 202 207 213 218 218 216 217 218 213 206 204 211 217 218 216 216 217 219 221 221 220 220 220 220 219 218 218 217 217 217 217 218 218 216 216 216 215 216 217 218 220 221 221 219 218 218 219 219 218 217 217 217 216 216 219 221 223 221 219 218 219 219 219 219 219 221 222 220 218 221 224 224 225 224 219 220 223 224 226 226 224 223
213 215 216 215 217 215 213 213 212 208 204 199 201 206 212 218 218 216 216 217 214 209 203 206 214 215 215 214 214 215 218 219 220 219 218 217 218 219 218 216 214 214 214 215 215 214 214 214 214 213 213 214 216 218 218 217 218 219 219 219 217 216 216 217 217 217 219 222 224 222 219 219 220 221 221 220 219 222 223 220 216 219 223 221 224 224 216 215 217 218 220 222 220 218
207 212 215 214 215 213 210 210 209 207 205 200 200 205 212 218 220 219 219 219 218 214 206 201 208 211 211 211 210 210 212 214 216 216 215 216 217 217 216 213 211 211 212 212 212 213 214 214 214 214 214 214 216 217 218 218 219 219 219 219 218 217 217 218 217 217 218 222 224 222 220 221 222 221 221 222 223 225 224 221 218 220 223 221 223 225 217 212 213 213 214 216 215 212
208 211 214 214 214 212 210 211 211 210 207 203 200 205 214 219 222 223 222 223 222 219 210 200 204 209 210 211 210 209 210 212 213 213 213 213 213 212 211 211 210 210 211 213 213 215 215 215 215 216 216 216 217 219 220 220 220 219 218 218 218 217 217 217 218 218 218 222 223 221 220 222 223 220 219 221 223 224 223 222 222 223 224 223 223 225 222 216 214 212 211 212 211 207
212 212 213 214 213 212 213 213 213 211 208 204 200 206 217 221 222 222 221 221 222 221 215 203 202 208 211 212 211 210 210 211 212 212 212 211 210 210 210 211 211 212 214 216 217 218 218 217 217 216 216 217 218 218 220 221 220 219 218 217 216 215 215 216 217 217 218 221 222 219 218 220 220 217 216 218 221 222 220 220 223 223 222 223 224 227 226 222 220 216 214 214 213 211
213 213 214 214 215 216 217 217 215 212 208 203 200 206 217 221 220 221 220 219 220 220 217 209 202 204 209 211 211 211 212 214 214 214 214 213 212 212 213 214 215 217 218 219 220 220 220 219 218 217 217 218 217 218 220 221 220 219 217 216 214 212 212 214 216 217 218 221 221 218 217 219 219 217 216 218 221 222 219 219 224 224 220 220 222 224 224 222 221 219 218 221 222 220
212 214 215 215 217 219 221 220 216 212 208 203 199 204 215 219 219 220 220 219 220 220 218 212 204 199 204 210 211 212 216 216 216 217 218 218 218 218 219 220 221 222 222 222 222 221 221 221 220 217 218 219 218 219 222 221 219 218 216 215 215 214 214 215 217 219 219 219 219 217 218 222 222 220 219 220 223 223 220 221 227 226 220 216 216 216 217 217 214 210 209 212 215 215
213 214 216 216 216 218 219 218 216 212 209 205 200 203 213 219 219 219 218 218 219 219 218 213 207 200 200 208 210 211 216 216 216 218 221 222 221 221 223 224 224 224 223 223 223 223 222 222 221 218 219 221 220 221 223 223 220 220 220 221 221 221 219 220 222 222 220 219 217 218 222 225 224 222 221 222 225 223 218 220 223 224 220 215 216 215 214 213 209 206 207 208 208 207
214 214 216 216 216 216 216 216 214 212 210 207 203 204 213 219 220 220 218 217 218 218 217 214 209 203 199 205 209 211 216 218 218 222 224 224 223 223 224 224 223 224 224 224 225 226 224 225 225 223 225 226 223 225 228 229 229 229 230 230 230 230 228 227 230 228 225 222 219 221 225 225 223 221 222 224 227 225 218 216 218 220 219 217 217 215 215 216 212 209 212 214 211 209
214 215 216 216 216 216 215 215 214 212 211 209 206 205 211 219 220 220 219 218 219 219 218 215 211 208 205 207 213 216 220 223 223 225 227 227 226 225 225 224 224 225 225 224 226 227 227 229 232 234 237 237 237 240 243 242 241 240 240 241 244 245 244 243 243 240 236 230 224 224 225 224 222 220 218 219 220 219 214 212 215 217 217 215 213 210 213 219 215 209 215 221 218 213
215 215 216 216 215 215 215 215 215 213 212 211 208 207 212 220 222 221 220 220 220 221 221 219 217 215 213 214 217 220 222 224 225 226 227 228 228 227 226 225 225 226 224 224 226 228 228 232 238 243 246 249 252 256 258 258 253 248 246 249 254 256 259 265 266 260 253 242 230 226 225 224 223 218 212 212 212 213 212 210 212 215 215 214 213 210 213 219 214 207 215 224 222 217
215 215 216 216 215 215 215 215 215 214 213 212 210 209 214 223 227 224 222 222 222 222 224 224 223 220 217 217 218 220 223 226 227 226 226 228 228 228 228 227 228 230 231 233 236 236 233 232 236 242 246 249 251 255 261 265 263 255 246 245 248 250 251 257 264 266 266 263 251 233 227 226 223 217 211 211 214 216 216 214 214 215 216 218 218 215 218 222 218 213 220 229 229 227
216 216 216 216 216 216 216 216 215 215 214 213 210 208 213 221 225 224 224 226 226 225 226 226 224 221 218 217 219 220 224 227 227 226 225 226 227 228 230 232 237 240 242 247 248 245 242 235 231 233 237 239 239 241 246 250 252 245 235 234 237 237 236 235 237 244 250 255 264 258 234 228 224 219 216 217 221 224 225 224 222 220 221 223 223 222 225 227 225 224 232 242 242 242
216 216 216 216 216 216 216 216 216 215 214 213 211 207 209 218 221 220 221 225 226 225 224 224 223 221 218 217 219 220 222 222 221 222 225 230 235 237 239 242 245 244 243 243 241 237 237 236 232 230 230 227 223 224 226 228 230 226 222 227 231 231 229 225 224 229 232 234 239 245 243 236 231 225 221 222 224 227 229 229 227 225 228 231 231 232 234 236 235 234 239 246 246 246
216 216 216 216 216 216 216 216 216 216 215 214 212 208 209 217 221 220 219 221 222 222 222 222 222 221 218 217 218 218 220 222 223 227 234 240 244 244 242 241 239 234 232 232 230 228 229 229 229 229 226 221 218 219 221 223 224 221 215 221 227 229 227 221 221 226 228 228 228 227 228 244 244 233 225 224 224 226 228 228 227 228 233 236 239 243 243 244 246 242 237 237 238 239
216 216 216 216 216 216 216 216 216 216 215 215 214 212 212 219 224 223 221 221 222 222 222 223 223 223 221 219 219 221 224 226 228 231 234 236 237 235 232 231 229 228 230 230 229 228 227 224 222 223 224 222 221 221 222 223 223 220 215 218 224 227 224 220 220 224 227 226 225 225 223 222 231 234 229 225 223 225 230 233 233 235 238 239 242 246 246 245 245 245 238 235 234 234
216 216 216 216 216 216 216 216 216 216 216 216 215 215 215 220 225 226 225 225 225 225 224 225 226 226 224 223 223 226 228 228 227 228 229 230 231 230 229 229 229 229 230 230 229 229 227 223 222 224 225 225 224 223 222 221 221 220 218 218 223 226 223 220 220 223 227 227 225 224 220 213 216 223 225 228 232 239 244 245 246 247 245 240 237 236 236 236 239 241 238 235 234 233
216 216 216 216 216 216 216 216 216 216 216 217 216 216 217 220 224 226 227 227 225 224 224 224 225 225 224 224 225 226 227 226 226 228 231 233 233 231 228 227 227 226 226 226 226 226 225 223 224 227 228 227 225 222 220 219 219 220 221 221 225 228 226 223 223 225 228 226 223 220 216 211 214 218 217 220 232 244 249 248 247 246 242 235 231 231 231 232 236 238 233 227 232 234
217 216 216 216 216 216 216 217 217 216 217 217 217 217 218 220 222 224 224 224 223 222 222 222 223 223 224 224 224 224 223 222 224 226 227 227 227 224 220 221 222 223 224 225 225 225 226 225 224 226 227 226 224 221 221 220 220 221 222 223 224 228 228 225 225 225 224 223 221 218 215 213 217 220 217 213 216 224 232 237 238 237 234 231 229 230 231 232 236 237 231 221 227 234
216 216 216 216 216 216 217 217 217 216 217 218 218 217 218 219 220 221 221 222 221 221 221 221 222 223 223 223 223 223 220 218 220 221 220 220 221 220 218 220 221 222 223 224 226 227 228 226 223 223 225 225 223 223 223 223 222 222 222 223 223 226 228 225 224 223 220 220 220 218 217 217 220 223 220 209 208 215 222 227 230 231 232 231 227 227 228 230 235 235 227 216 220 230
216 216 216 216 216 216 216 217 217 217 216 217 217 217 218 218 219 219 220 220 220 220 220 220 220 221 222 222 222 222 219 215 216 220 220 222 224 223 222 222 222 222 223 225 227 227 225 223 221 222 224 225 224 224 223 221 222 222 221 222 223 226 228 225 221 218 216 217 219 219 218 218 221 224 219 205 201 210 217 221 224 225 228 230 225 224 224 226 231 231 224 212 216 227
217 216 216 216 216 216 216 217 217 217 217 216 217 217 217 218 218 218 219 219 219 219 219 219 219 220 221 222 224 223 220 215 218 222 224 227 228 228 226 224 222 221 223 224 226 224 221 222 222 223 225 225 224 224 222 220 221 221 219 220 223 227 229 226 220 216 216 219 222 221 220 221 224 224 217 206 201 208 215 220 222 223 225 227 225 224 222 226 230 230 223 212 217 227
217 216 216 216 217 217 217 217 218 217 217 217 217 217 217 217 217 218 219 218 218 218 218 218 218 219 221 224 227 227 222 220 221 224 226 227 228 228 228 225 222 221 221 222 223 221 221 223 224 224 225 226 224 223 222 220 220 220 219 220 224 228 229 227 222 220 222 224 226 227 226 225 225 222 216 210 209 212 216 219 221 221 221 222 224 224 223 228 233 233 223 212 218 228
217 217 216 217 217 217 216 217 217 217 217 217 217 217 217 217 217 218 218 218 218 218 218 217 217 217 219 222 227 228 225 224 223 222 223 224 225 228 228 225 222 220 219 221 223 221 222 224 224 224 225 226 226 226 223 219 218 220 221 223 225 228 227 223 219 218 220 222 225 228 229 228 226 221 214 211 216 220 216 215 218 218 217 218 221 221 218 221 231 232 220 208 216 224
217 217 217 217 217 217 216 217 217 217 217 217 217 217 217 218 218 218 218 218 218 217 217 216 215 214 214 220 225 226 226 227 227 225 223 221 222 226 227 223 220 219 219 222 223 219 220 223 223 222 222 225 227 226 222 216 215 220 223 223 225 229 228 224 221 219 218 218 221 225 228 228 225 219 211 207 216 223 218 210 215 217 215 216 218 218 214 216 226 229 218 205 211 220
217 217 216 217 217 216 217 217 217 217 217 217 218 217 217 218 218 217 217 217 217 216 215 214 212 210 211 217 222 222 224 227 229 228 226 223 222 225 227 223 218 219 219 219 218 214 215 219 221 220 218 220 222 222 219 211 209 216 219 219 224 230 230 227 225 223 219 217 220 224 229 228 222 217 208 204 214 223 221 212 213 216 217 217 220 219 215 216 224 226 220 207 208 218
216 217 217 217 217 217 217 217 217 217 218 218 218 218 217 217 217 217 217 216 216 215 214 213 210 207 207 212 216 217 220 224 225 225 223 218 217 222 224 219 214 215 214 215 213 211 212 216 220 218 213 215 218 220 218 206 202 212 219 221 225 228 226 223 223 223 218 216 221 226 228 225 219 215 209 205 213 225 227 221 215 214 218 222 226 226 222 222 226 226 222 214 210 216
217 217 217 217 217 217 217 218 218 217 218 218 218 217 217 217 217 216 216 216 216 215 214 212 209 205 204 208 211 211 215 220 221 221 215 206 206 214 219 214 209 209 209 210 209 208 210 212 215 213 208 211 215 218 216 206 200 211 222 228 231 229 226 223 223 223 217 216 224 230 230 225 220 216 210 207 213 225 230 230 222 214 219 227 231 230 228 227 227 226 223 221 217 218
217 217 216 217 218 217 217 217 218 217 217 218 218 218 218 217 217 216 216 216 215 215 213 211 208 204 204 207 209 211 216 220 220 218 211 200 201 210 214 210 207 207 207 209 209 207 209 210 212 211 209 211 215 219 218 209 207 216 227 234 234 230 228 228 228 225 217 218 230 236 236 230 225 219 210 206 210 219 228 231 226 215 218 227 229 226 225 225 226 225 225 225 226 229
217 217 216 217 218 217 217 217 217 217 217 218 218 218 218 217 217 216 216 216 215 214 213 211 208 205 204 206 209 214 220 222 220 219 213 201 201 209 212 210 209 210 210 213 212 210 211 214 217 219 219 219 220 224 222 213 213 222 232 238 235 226 224 227 230 227 217 219 232 239 236 230 226 217 207 206 208 215 224 228 225 216 216 225 228 229 229 229 230 231 230 230 231 236
217 217 216 217 218 218 217 217 217 217 217 217 218 217 217 217 217 217 216 215 215 214 212 210 209 205 203 203 203 208 213 216 218 222 219 204 201 211 214 214 215 215 215 217 216 215 218 221 223 225 227 226 226 227 224 215 214 222 231 238 236 223 216 222 229 228 218 216 229 235 230 222 218 211 205 204 206 212 221 227 225 218 219 224 229 233 236 235 235 235 236 235 235 237
217 217 217 217 219 218 217 217 218 218 217 217 218 217 218 217 217 216 216 215 215 214 211 210 209 205 203 200 198 201 208 214 217 222 222 207 199 211 216 215 217 217 217 219 220 222 225 226 227 228 229 229 230 230 227 221 218 223 229 233 232 219 208 215 225 228 222 218 227 230 223 216 215 210 204 202 203 207 216 223 223 220 222 224 224 226 230 231 230 231 232 234 236 237
216 216 216 218 218 217 217 217 218 218 217 218 218 218 218 217 217 216 216 215 215 214 211 210 209 206 203 200 197 201 211 217 218 221 221 210 199 209 215 215 218 219 221 224 226 229 231 230 231 232 232 232 233 233 231 229 227 228 231 233 230 218 204 210 223 227 226 223 227 228 222 218 217 212 207 204 203 207 214 220 220 219 220 224 223 220 225 227 225 225 227 229 232 236
216 216 216 218 218 217 217 217 218 218 217 218 218 218 218 217 217 217 216 215 215 214 212 211 209 208 205 201 201 206 214 217 217 219 219 213 205 209 217 219 221 224 226 227 229 232 231 229 230 230 230 231 231 230 229 229 230 231 234 237 235 225 207 206 219 225 227 225 226 228 225 223 222 217 213 208 207 213 221 224 222 219 221 226 227 222 221 224 222 220 223 225 229 235
216 216 217 218 218 217 217 217 218 218 218 218 218 218 218 217 217 217 216 215 215 214 213 212 210 208 205 202 204 209 212 212 214 218 221 218 212 213 220 225 226 227 228 227 228 229 226 226 228 228 228 227 226 225 225 225 226 228 231 235 236 229 213 206 214 222 226 227 226 226 227 230 230 223 215 210 209 215 225 229 226 223 224 227 231 228 218 219 220 218 220 224 229 234
216 216 217 218 218 218 218 218 218 219 218 218 217 218 217 217 217 216 216 216 215 215 214 213 211 208 204 202 203 207 207 208 215 221 224 221 217 219 225 227 226 227 227 226 227 227 224 224 225 226 227 224 222 223 225 223 222 224 226 229 232 229 218 208 210 222 230 231 228 223 224 228 228 219 212 212 209 208 219 226 224 223 224 225 229 229 216 212 218 219 219 223 229 233
216 217 217 218 218 218 218 218 218 218 218 217 217 218 218 217 217 217 216 216 216 215 214 213 211 208 204 200 200 206 208 211 217 221 223 221 218 223 227 225 224 224 223 223 223 223 221 218 218 220 222 219 217 220 223 219 216 217 219 222 223 222 218 211 209 222 234 237 231 222 220 219 218 213 210 214 208 198 212 222 220 217 220 223 229 228 218 208 214 218 219 224 233 238
217 218 218 219 219 219 219 219 218 218 218 218 218 218 218 217 217 217 217 216 216 215 214 214 212 209 205 201 202 210 215 215 217 220 222 219 216 220 223 223 223 223 222 219 219 220 219 216 213 217 220 216 210 212 215 211 206 208 212 214 215 217 218 216 212 220 235 238 230 222 218 218 218 214 211 213 206 191 202 216 216 215 220 226 232 231 222 209 209 215 218 224 236 240
218 218 218 219 219 219 219 219 219 218 218 218 218 218 218 217 217 217 217 216 216 215 215 214 213 211 208 206 208 214 219 218 217 221 222 218 215 217 219 220 221 220 219 217 216 217 217 213 210 214 219 215 205 203 209 209 204 205 211 215 216 217 221 223 218 219 232 234 227 221 220 222 224 216 210 213 204 188 194 211 214 214 218 225 231 231 223 211 209 213 216 225 236 239
219 218 218 218 219 219 219 219 219 218 218 218 218 218 218 217 217 217 217 216 216 215 215 215 214 212 211 210 210 214 219 218 218 219 217 214 216 218 218 217 215 214 214 213 212 211 210 208 207 210 216 214 205 202 210 215 212 211 218 223 223 220 222 223 221 220 227 228 222 218 220 222 221 210 207 211 201 189 193 208 215 214 217 221 224 224 217 211 212 214 217 226 233 237
