windninja/windninja_output/Output_2025-08-09_0200-0250_Google earth_Fire_150m_10min/merlingen_7.5mi_point_08-09-2025_0210_150m_ang.asc
ncols	158
nrows	163
xllcorner	391686.332397
yllcorner	5160024.123721
cellsize	150.000000
NODATA_value	-32768.000000
[rows 42 to 83 of 163, columns 0 to 93 of 158]
194 194 194 193 193 192 191 192 192 192 191 191 191 191 191 191 191 191 191 191 190 190 190 189 189 188 186 184 182 181 184 186 187 189 190 192 195 195 192 192 193 195 197 196 192 190 193 196 197 196 198 198 193 191 196 203 206 207 212 218 217 211 209 210 210 206 203 203 202 201 204 205 201 193 189 191 190 187 189 198 204 204 206 207 204 203 204 205 205 203 204 209 217 220
195 195 195 194 193 192 192 192 192 192 191 191 191 191 191 191 191 191 191 191 191 190 190 190 190 189 187 186 183 183 185 188 188 186 185 185 187 187 187 189 193 198 198 194 193 195 200 203 203 200 200 200 197 196 200 206 210 212 216 219 217 211 207 207 207 204 198 197 200 200 199 200 198 192 190 192 192 191 193 198 202 203 203 202 202 205 209 211 210 208 207 208 214 219
197 196 196 195 193 193 193 192 192 192 192 191 191 191 192 192 191 191 191 191 191 190 190 190 190 189 188 187 186 185 187 188 187 185 182 180 179 182 186 191 196 199 197 196 197 202 206 205 201 197 197 199 199 200 204 209 212 214 215 215 212 209 206 203 201 200 198 197 198 198 198 199 200 197 196 198 196 195 197 200 201 200 199 202 206 210 212 214 215 214 212 210 216 221
199 198 196 195 194 194 194 193 192 192 192 192 192 192 192 191 191 191 191 191 191 191 191 190 190 189 189 188 188 187 187 187 186 184 181 178 177 181 187 191 194 196 198 199 201 204 205 201 196 194 197 203 205 206 210 214 215 214 212 209 207 205 202 197 196 197 199 200 198 199 202 204 206 205 206 205 200 198 200 200 198 196 200 209 214 214 213 215 217 218 216 214 218 222
200 198 196 196 195 195 194 193 193 193 192 192 192 192 192 191 191 191 192 191 191 191 191 191 190 190 190 190 189 188 187 187 186 184 181 180 180 181 184 187 190 194 199 202 202 203 201 197 194 196 202 207 211 214 215 216 216 212 207 202 200 200 196 193 195 198 201 203 202 202 205 208 211 212 211 209 203 198 198 199 198 201 210 217 217 215 213 213 215 218 218 216 218 221
201 199 197 197 198 197 195 193 193 193 192 192 192 192 192 192 192 192 192 192 192 192 192 191 191 191 191 190 190 189 188 188 187 184 182 182 182 181 181 184 187 192 198 202 202 201 197 195 197 200 205 210 213 215 213 213 211 208 203 196 193 196 196 196 199 202 204 206 204 203 206 209 213 214 214 211 206 200 200 203 208 213 217 217 215 213 212 212 214 216 216 217 218 219
201 200 199 199 199 199 196 193 192 193 192 192 192 192 192 192 192 192 192 192 192 192 192 192 192 191 191 191 190 190 189 189 188 186 184 182 182 182 181 182 185 190 196 199 199 197 196 197 200 203 208 214 216 216 213 210 207 202 197 192 191 196 201 203 205 206 206 206 205 206 208 210 213 215 215 213 209 205 205 210 214 215 214 212 210 209 210 210 211 211 214 219 220 219
202 201 200 201 201 200 197 193 192 192 193 192 193 193 193 193 192 192 193 193 193 192 192 192 192 192 191 191 191 191 190 190 189 188 186 183 182 182 182 182 185 190 193 194 195 196 198 200 203 206 209 213 214 212 209 206 202 196 193 193 194 200 208 210 208 206 205 205 206 207 209 211 213 214 214 211 208 205 206 209 212 212 210 208 207 207 207 206 206 208 213 220 222 221
204 202 201 201 200 199 198 195 192 191 192 193 192 192 193 193 193 192 193 193 193 192 192 192 192 192 192 192 192 191 191 191 190 189 187 184 182 183 183 184 187 189 189 189 192 197 200 204 209 212 213 213 209 205 203 200 197 194 194 197 201 207 214 215 209 205 205 205 207 209 211 212 214 214 212 209 205 204 206 209 210 210 210 208 206 205 203 203 206 210 214 220 223 224
208 205 201 200 199 198 198 198 194 191 191 192 193 193 193 193 193 193 193 193 192 193 193 192 193 193 193 192 192 192 192 191 191 190 188 186 184 184 184 185 187 188 186 186 190 197 201 207 214 216 212 209 206 202 200 197 195 197 200 203 207 212 217 217 209 205 204 205 207 209 211 213 213 212 210 208 205 204 206 209 210 212 213 210 207 205 204 206 210 214 216 220 224 226
212 207 200 199 198 198 199 200 196 192 191 192 193 193 193 193 193 193 193 193 193 193 193 193 193 193 193 193 193 192 192 192 191 191 190 189 187 185 185 185 187 188 186 184 189 197 202 206 210 207 201 199 201 201 198 197 198 202 206 209 211 213 217 216 208 203 203 204 207 209 210 211 210 209 209 209 207 205 206 209 211 214 216 214 211 209 209 210 213 216 218 221 223 224
213 208 199 197 198 197 198 200 199 195 192 193 193 193 193 193 194 194 193 194 194 193 193 193 193 193 193 193 193 193 193 192 192 192 191 190 189 188 186 184 185 187 186 183 187 196 200 200 200 198 195 197 199 200 200 199 200 204 209 212 212 213 216 215 206 200 200 203 206 208 207 207 207 208 210 209 208 208 209 210 211 213 215 214 214 214 213 212 214 218 219 220 218 218
210 208 200 194 197 197 196 200 202 200 195 193 193 193 193 194 194 194 194 194 194 194 193 194 194 194 194 194 194 193 193 193 193 192 192 192 191 190 188 185 184 186 187 187 188 193 196 193 193 193 196 199 200 201 204 203 201 204 209 210 211 211 214 212 203 198 197 199 203 204 204 206 208 210 210 210 208 209 211 209 208 210 211 211 212 214 214 214 215 217 218 217 214 212
207 207 204 198 198 200 198 200 204 203 199 194 193 193 193 194 194 194 194 194 194 194 194 194 194 194 194 194 194 194 194 194 193 193 193 193 192 191 190 188 185 186 190 191 189 188 189 188 188 191 195 200 200 202 206 204 201 204 207 208 207 208 210 209 203 197 197 197 201 204 206 210 211 210 209 209 208 208 209 206 204 206 208 209 210 212 212 213 215 217 219 217 212 208
206 207 207 204 202 203 200 199 202 204 202 197 194 193 193 194 194 194 194 194 195 195 195 194 194 194 194 194 194 194 194 194 194 194 194 193 193 192 192 190 189 189 191 191 188 185 182 182 184 188 193 199 200 203 207 205 202 204 206 205 204 205 209 210 205 199 198 199 203 209 211 212 210 208 208 207 206 207 206 204 203 205 207 208 209 211 211 212 214 218 222 219 208 199
208 207 207 205 204 203 201 198 198 202 201 199 197 195 193 193 194 194 194 194 195 195 195 195 194 194 195 195 195 195 195 195 195 194 194 194 194 193 193 192 192 191 191 190 188 184 180 179 181 184 190 199 202 205 208 204 200 202 203 201 202 206 211 213 208 201 198 200 206 211 210 208 207 206 206 204 204 204 203 202 203 205 207 209 212 215 216 216 215 215 216 208 193 190
208 207 206 206 205 204 202 199 195 197 199 199 201 200 195 192 193 194 194 194 195 195 195 195 195 195 195 195 195 195 195 195 195 195 195 195 195 194 194 194 193 193 192 191 189 187 184 180 177 178 185 197 202 204 207 203 199 201 201 200 202 207 211 214 211 204 199 200 203 206 205 205 206 205 204 202 201 201 201 201 203 206 209 212 215 218 219 218 215 210 205 197 190 192
209 208 207 207 206 205 204 201 198 197 199 200 202 203 199 194 192 193 194 194 195 195 195 195 195 195 195 195 195 196 196 196 196 196 196 195 195 195 195 195 194 194 193 192 191 190 188 184 179 174 177 190 199 203 206 204 200 201 201 201 203 207 212 214 212 207 200 198 201 204 204 204 205 203 201 200 200 200 201 203 205 208 210 212 214 217 217 215 211 203 198 197 196 201
209 209 208 208 207 206 206 204 202 200 198 196 198 201 201 199 195 192 192 193 194 195 195 195 195 196 196 196 196 196 196 196 196 196 196 196 196 196 196 195 195 195 194 194 193 192 190 188 183 176 172 181 195 203 205 204 202 201 201 202 205 208 213 215 213 208 202 198 202 205 205 203 203 202 200 199 201 201 203 206 207 210 212 213 213 215 214 211 205 199 198 200 202 209
210 210 210 209 208 207 207 205 203 200 197 194 193 197 201 202 199 195 193 192 193 194 195 196 196 196 196 196 196 196 196 196 196 196 196 196 196 196 196 196 196 196 195 195 194 193 192 190 187 182 175 177 190 201 205 205 205 204 204 205 207 210 213 215 213 210 205 201 203 205 203 202 202 200 199 199 202 204 205 207 208 211 214 215 215 214 211 207 202 199 198 203 209 214
213 213 212 210 208 207 206 205 203 202 199 194 192 194 198 202 202 199 196 193 193 193 195 196 196 197 197 196 196 196 197 197 197 197 197 197 197 197 197 197 197 196 196 196 195 195 194 192 190 187 181 179 187 196 203 206 208 207 207 207 208 209 210 211 212 211 206 203 203 202 202 202 201 199 198 200 203 205 206 207 210 212 216 218 217 215 211 203 200 200 201 210 218 219
218 217 214 212 209 206 205 205 204 203 201 197 193 193 194 199 202 202 200 197 194 193 194 195 196 197 197 196 196 197 197 197 197 197 197 197 197 197 197 197 197 197 197 196 196 196 195 194 193 190 185 181 185 191 195 202 208 209 206 205 203 204 207 212 217 215 209 204 202 201 201 201 201 198 197 200 203 204 205 207 210 212 215 216 214 212 207 200 200 204 211 218 221 223
223 221 216 213 209 207 207 207 206 205 203 199 194 192 193 195 199 201 202 200 197 195 195 194 195 196 197 197 197 197 197 197 197 198 198 198 198 198 198 198 198 198 197 197 197 197 196 196 195 193 189 184 185 189 189 196 207 208 205 201 199 203 213 223 226 220 208 201 199 199 200 200 200 198 197 199 201 201 202 205 209 211 212 213 211 208 205 202 203 209 215 219 222 226
224 220 215 211 209 208 207 208 209 207 205 202 195 192 193 193 195 199 202 203 201 199 197 195 194 196 197 197 197 197 197 197 198 198 198 198 198 198 198 198 198 198 198 198 198 198 197 197 196 195 193 190 188 189 187 190 202 206 205 202 201 208 218 221 217 209 200 196 197 198 199 200 201 199 197 197 198 199 200 205 210 211 211 210 209 207 205 205 208 211 216 221 224 228
218 216 214 212 210 207 205 205 207 206 203 201 198 193 191 193 194 196 199 202 202 200 200 198 195 195 196 197 197 198 197 198 198 198 198 198 199 199 199 199 199 199 199 199 199 198 198 198 197 197 196 194 192 191 188 186 195 205 207 207 204 204 208 209 206 202 198 196 197 197 198 201 202 199 196 194 196 198 200 205 208 208 205 202 203 207 208 208 212 215 218 222 226 230
204 207 210 210 210 205 201 203 206 206 203 201 199 195 192 193 195 195 195 199 200 201 201 200 198 197 198 198 199 198 198 198 198 198 199 199 199 199 199 199 199 199 199 199 199 199 199 199 199 198 198 197 196 195 193 191 194 205 213 212 204 197 199 203 204 203 201 199 198 198 198 200 201 198 195 195 195 196 198 200 201 200 198 196 203 213 215 214 217 218 220 223 228 232
183 195 203 204 204 201 196 200 206 207 203 200 198 197 194 193 194 195 194 196 199 200 201 201 200 200 201 202 200 199 198 198 198 198 199 199 199 199 199 199 200 200 200 200 200 200 200 200 200 199 199 199 199 198 198 197 199 205 213 214 204 196 198 201 203 203 203 201 199 198 198 200 201 197 195 195 195 194 194 196 196 197 199 203 217 225 221 216 218 220 223 226 231 233
171 182 198 201 203 203 199 198 202 203 198 196 196 195 195 194 195 196 195 196 198 199 200 201 201 203 206 206 202 199 198 197 198 198 199 199 199 199 200 200 200 200 200 200 200 200 200 200 200 200 200 200 200 200 200 201 202 204 208 210 205 198 198 201 202 203 203 201 199 198 199 201 201 197 195 196 196 194 192 194 197 201 209 218 230 231 220 217 220 222 224 227 230 230
183 188 200 209 214 213 207 200 202 203 200 198 198 198 197 197 198 199 199 197 197 199 200 201 201 204 208 207 203 200 198 197 197 197 198 199 199 200 200 200 200 200 201 201 201 201 201 201 201 201 201 201 201 202 202 203 203 204 205 206 205 202 202 205 206 205 204 202 200 200 201 202 200 196 196 198 197 193 191 193 201 210 219 227 233 228 218 219 222 224 224 225 226 225
200 202 210 220 229 230 221 211 211 213 211 209 209 207 204 202 201 202 201 200 199 200 200 201 199 198 203 206 204 202 200 199 197 196 197 198 199 200 200 200 201 201 201 201 201 202 202 202 202 202 202 202 202 203 203 203 204 204 205 205 205 204 205 206 207 207 206 206 203 200 199 202 201 197 197 199 198 194 192 198 208 218 224 230 230 221 216 219 223 226 225 224 222 219
212 213 216 219 224 226 224 221 223 226 224 223 220 216 213 208 205 204 203 202 201 200 200 199 195 193 199 205 206 205 202 201 200 197 196 197 198 199 200 201 201 201 201 202 202 202 202 202 202 203 203 203 203 203 204 204 204 205 205 205 205 205 205 205 205 205 205 206 204 200 197 203 205 202 200 201 200 196 195 203 213 220 224 228 225 216 215 221 226 227 224 223 224 220
221 221 222 222 223 224 222 221 224 225 223 220 217 214 212 209 206 205 205 203 202 201 200 199 195 193 197 204 207 207 205 203 203 200 197 196 198 199 200 201 201 201 202 202 202 203 203 203 203 203 203 203 204 204 204 204 205 205 205 205 205 205 205 206 205 205 204 204 203 202 202 208 211 205 203 202 201 199 198 205 214 218 221 223 219 216 218 222 226 225 220 220 223 223
230 230 230 229 229 228 226 224 223 221 218 216 213 211 209 206 205 205 204 203 202 202 202 201 198 195 196 201 206 208 207 205 204 202 199 197 198 199 199 200 201 202 202 202 203 203 203 203 204 204 204 204 204 204 204 205 205 205 205 205 205 206 206 206 205 205 204 204 204 204 204 204 204 199 198 199 199 199 200 205 211 213 217 218 217 219 222 224 225 223 219 214 211 207
237 238 240 240 239 237 233 228 224 220 216 215 212 210 208 206 204 204 203 202 202 203 204 203 200 196 197 200 204 207 207 205 205 205 203 201 200 200 199 199 201 202 202 203 203 204 204 204 204 204 204 204 205 205 205 205 205 205 205 206 206 206 206 206 205 205 205 205 205 205 203 201 198 194 191 194 194 196 199 203 206 210 216 219 220 220 222 223 224 225 223 212 202 201
242 244 247 249 252 251 243 234 226 220 215 213 211 209 206 205 204 203 202 202 202 202 203 203 201 199 199 200 202 205 207 208 209 210 209 205 202 201 200 199 200 202 203 203 204 204 204 204 205 205 205 205 205 205 205 205 205 206 206 206 206 206 206 206 206 206 205 205 205 204 203 201 199 196 191 189 189 191 195 200 205 213 221 225 228 227 227 228 228 231 228 212 200 202
247 248 251 257 264 266 260 245 228 217 211 209 208 207 205 204 203 202 202 202 202 202 202 202 202 202 202 201 201 203 208 211 211 211 210 206 202 202 201 200 200 201 203 204 204 205 205 205 205 205 205 205 205 205 205 206 206 206 206 206 206 206 206 206 206 206 206 205 205 204 203 202 201 198 194 189 186 185 190 201 211 219 227 232 233 235 236 234 230 225 212 199 196 202
253 253 251 258 273 282 278 247 215 204 202 203 205 205 204 203 202 201 201 201 202 202 202 201 201 202 204 203 201 201 205 209 209 208 208 206 203 203 203 201 200 201 203 204 205 206 206 206 206 206 206 206 206 206 206 206 206 206 206 206 206 206 206 206 206 206 206 206 205 205 204 203 202 200 197 192 186 181 186 203 216 221 225 228 225 224 225 221 213 207 201 196 196 204
253 251 245 244 258 271 254 193 184 186 192 198 201 202 202 201 201 200 200 201 202 202 202 201 199 200 203 203 201 199 201 205 207 208 209 207 205 205 206 204 201 202 204 206 206 207 207 207 207 207 206 206 206 206 206 206 206 206 206 207 207 207 207 207 207 206 206 206 206 205 204 204 203 202 199 195 190 183 184 201 215 217 216 215 214 214 214 209 205 201 200 201 203 205
246 241 231 228 224 211 188 174 176 180 186 192 198 200 201 201 201 201 200 200 201 202 202 200 197 198 202 203 202 200 198 201 204 206 208 208 206 206 206 206 203 203 206 208 208 209 210 210 210 209 207 206 206 206 206 206 206 206 207 207 207 207 207 207 207 207 207 206 206 206 205 204 203 202 200 198 193 188 186 196 205 207 208 208 209 211 210 204 202 203 205 206 207 207
244 242 232 221 214 210 198 186 185 186 187 191 197 201 201 201 202 202 200 200 201 201 202 200 196 197 201 203 203 201 198 198 200 203 207 208 207 206 207 207 206 204 207 211 213 215 215 216 217 214 208 205 204 205 205 206 206 207 207 207 207 207 207 207 207 207 207 207 206 206 205 204 204 203 201 199 196 192 189 189 192 198 204 207 209 210 206 201 201 205 207 208 210 209
253 249 230 213 211 214 210 201 197 195 194 195 199 202 203 203 203 203 201 200 200 201 201 199 197 197 200 201 202 202 200 200 202 205 209 210 209 208 207 208 206 205 205 208 209 210 210 210 210 209 205 203 203 204 205 206 206 207 207 207 207 207 207 207 207 207 207 207 207 206 206 205 204 203 202 201 198 194 190 186 184 191 202 208 209 206 203 200 201 205 208 209 211 210
237 225 209 210 214 218 215 211 209 207 204 202 203 205 206 206 206 205 203 201 200 199 200 199 195 195 198 199 201 203 203 203 205 208 211 213 213 211 209 208 207 205 203 203 202 202 201 200 201 202 202 201 200 201 203 206 207 207 207 207 207 208 208 208 208 208 207 207 207 206 206 205 205 204 203 201 199 196 192 186 181 185 197 203 205 203 203 202 203 206 209 211 213 212
