windninja/windninja_output/Output_2025-08-09_0200-0250_Google earth_Fire_150m_10min/merlingen_7.5mi_point_08-09-2025_0220_150m_ang.asc
ncols	158
nrows	163
xllcorner	391686.332397
yllcorner	5160024.123721
cellsize	150.000000
NODATA_value	-32768.000000
[rows 42 to 83 of 163, columns 0 to 93 of 158]
179 179 178 178 178 176 175 176 176 176 175 175 175 175 175 175 175 175 174 174 173 173 173 173 172 171 169 167 165 163 163 165 167 171 176 180 182 181 178 178 179 181 183 181 177 176 179 183 183 181 178 176 176 175 177 182 187 190 195 201 202 197 193 195 195 188 183 183 183 186 191 190 184 179 173 173 179 182 183 188 191 191 190 188 184 184 190 193 190 185 183 187 195 197
179 179 179 179 177 176 176 176 176 176 175 175 175 175 175 175 175 175 174 174 174 173 173 173 172 171 170 168 166 164 165 167 169 170 171 173 173 173 173 174 177 181 181 177 176 180 185 188 186 180 176 177 179 181 182 187 192 197 200 202 198 191 186 187 188 185 180 180 185 189 190 188 185 180 176 178 184 187 188 188 188 188 185 181 181 188 197 199 195 190 186 187 190 193
181 180 180 178 177 176 177 176 176 176 176 175 175 175 175 175 175 175 174 174 174 174 173 173 173 172 170 169 168 167 167 168 168 168 168 167 165 166 169 173 178 180 177 175 180 188 191 188 182 176 175 179 184 186 189 194 197 199 199 196 192 187 183 180 177 177 178 179 184 189 188 188 188 185 184 187 191 192 192 190 186 182 179 179 186 197 201 201 200 196 191 187 187 191
182 181 179 178 177 177 177 176 176 176 176 175 175 175 175 175 175 174 174 174 174 174 174 173 172 172 171 170 169 169 168 168 168 168 166 163 161 162 167 172 175 175 175 177 185 190 189 182 175 173 177 185 190 194 197 200 201 198 193 189 186 184 180 175 171 172 177 181 184 187 189 191 193 193 194 196 196 195 194 189 182 177 177 185 197 202 201 200 201 200 196 188 185 191
184 182 179 178 178 178 176 176 176 176 176 175 175 175 175 175 174 174 174 174 174 174 174 173 172 172 171 171 170 169 168 168 167 167 165 164 162 162 165 168 170 172 175 182 188 188 182 176 172 175 183 191 198 203 203 203 201 194 185 180 180 179 175 172 171 173 178 184 187 187 189 192 196 199 201 202 199 194 190 185 181 179 185 196 202 201 198 197 199 201 197 189 187 194
184 182 180 180 180 178 176 175 175 175 175 175 175 175 175 175 175 174 174 174 174 174 174 173 173 172 172 172 171 170 169 168 167 166 164 164 163 162 162 164 166 169 175 184 187 183 175 172 175 181 188 197 203 204 201 199 194 187 179 174 174 174 172 171 173 176 181 187 188 188 189 192 198 202 204 205 201 195 189 186 186 189 194 198 199 197 196 195 197 198 195 192 193 198
183 182 181 182 182 179 176 174 174 175 175 175 175 175 175 175 175 174 174 174 175 174 174 173 173 173 172 172 171 171 170 169 168 167 165 164 163 162 161 161 163 166 173 181 182 177 172 173 179 186 195 203 205 203 199 194 187 180 174 172 172 173 174 174 175 178 183 187 189 189 191 194 198 203 206 207 203 197 193 192 194 194 193 194 194 193 193 194 193 191 193 198 200 202
184 183 183 184 182 180 177 174 173 174 175 175 175 175 175 175 175 174 175 175 175 174 174 174 174 173 173 172 172 171 171 170 169 168 167 165 163 163 162 162 162 165 169 174 175 173 172 177 184 192 200 203 201 197 193 188 180 173 171 173 175 176 179 179 176 178 182 186 189 191 193 195 199 203 206 204 200 196 194 194 194 193 192 191 190 191 191 189 187 188 194 202 206 206
185 184 184 184 182 179 178 175 173 173 174 175 175 175 175 175 175 175 175 175 174 174 174 174 174 173 173 173 172 172 171 171 170 169 167 165 163 163 163 163 164 165 166 169 169 170 173 182 192 200 203 199 193 189 186 181 174 171 173 177 180 183 185 181 177 178 182 186 189 192 194 197 201 203 203 200 196 194 194 195 194 193 192 191 189 188 186 185 186 190 197 205 210 212
187 185 184 183 180 179 179 179 175 172 173 174 175 175 175 175 175 175 175 175 174 174 174 174 173 174 174 173 173 172 172 171 170 169 168 166 163 163 163 164 165 164 164 165 166 168 176 188 201 204 199 191 187 183 180 174 170 173 179 184 187 189 186 180 177 179 183 186 190 192 195 198 201 201 199 196 194 193 193 194 195 195 195 192 188 186 184 185 189 194 199 207 214 217
191 187 183 181 178 178 180 181 177 174 174 174 175 175 175 175 175 175 175 174 174 174 174 174 174 174 174 173 173 173 172 172 171 170 169 167 165 164 163 164 165 163 162 162 165 170 179 191 197 193 186 183 183 182 175 169 170 178 186 191 192 190 184 179 177 180 183 187 191 193 195 197 198 198 197 196 194 192 191 192 196 199 199 194 190 187 186 188 192 197 202 208 212 214
194 189 181 178 178 178 179 181 180 177 174 174 175 175 175 174 175 175 175 174 174 174 174 174 174 174 174 173 173 173 172 172 171 171 170 169 167 166 164 163 163 163 162 162 165 172 180 185 185 183 180 180 181 180 174 169 174 183 191 195 193 188 182 179 178 179 183 188 192 192 193 194 196 197 197 196 195 193 191 192 195 198 198 197 195 191 188 189 194 200 204 206 206 205
192 189 181 176 177 178 179 181 183 180 176 174 174 174 174 174 175 175 175 175 175 174 174 174 174 174 174 174 173 173 173 172 172 171 171 170 169 167 165 163 162 161 162 162 164 170 176 178 176 177 180 181 180 178 175 173 178 187 192 193 191 186 180 178 178 180 183 187 190 191 192 195 198 198 197 196 196 194 192 190 191 193 195 196 197 196 194 193 196 201 203 202 198 195
188 187 184 178 176 178 178 181 184 183 178 174 173 172 173 174 174 174 174 175 175 174 174 174 174 174 174 174 174 173 173 173 172 172 171 170 170 169 167 165 161 160 161 163 164 165 169 170 170 174 179 180 179 177 175 176 183 189 191 189 186 182 180 180 180 181 184 186 189 192 196 200 200 197 196 196 195 193 191 189 187 188 191 194 196 198 198 199 200 202 202 198 191 185
186 186 186 184 180 178 177 177 181 183 181 177 173 171 172 173 174 174 174 174 175 175 174 174 174 174 174 174 174 173 173 173 173 172 172 171 170 169 168 167 164 163 163 164 164 162 162 163 165 171 176 178 178 177 175 179 186 189 188 185 180 179 181 184 183 183 185 187 191 198 203 202 197 194 194 194 193 190 189 187 186 187 190 192 194 197 200 202 204 205 204 196 182 173
187 186 186 186 184 181 178 175 176 179 181 180 177 174 172 172 172 173 174 174 174 174 175 174 174 174 174 174 174 174 173 173 173 172 172 172 171 170 169 168 167 166 165 165 163 161 158 158 160 166 172 176 177 176 176 180 185 186 184 179 177 178 183 187 188 186 186 189 195 201 200 196 194 193 192 191 190 188 187 187 187 189 191 193 196 200 204 205 205 203 197 182 170 167
187 186 186 186 185 184 182 178 174 174 178 182 182 179 173 170 170 172 173 173 173 174 174 174 174 174 174 174 174 174 173 173 173 173 172 172 172 171 170 170 169 168 167 166 164 161 158 156 155 159 166 172 174 174 176 181 183 182 178 176 177 180 185 190 191 189 188 190 195 197 193 192 192 191 190 188 186 185 185 187 189 191 194 196 201 205 207 207 202 193 181 171 167 166
187 187 186 186 185 185 183 180 175 172 176 180 183 183 178 172 169 170 172 172 173 174 173 174 174 174 174 174 174 174 174 173 173 173 173 172 172 172 171 171 170 169 169 167 166 164 162 158 155 155 160 166 170 171 176 181 182 178 174 174 177 181 186 192 194 192 189 190 193 193 191 190 190 188 187 186 184 184 186 188 191 194 197 199 202 205 205 201 192 179 169 166 167 169
188 188 188 187 186 184 183 181 177 175 174 176 178 181 181 178 173 169 169 171 172 173 173 174 174 174 174 174 174 174 174 174 173 173 173 173 173 172 172 171 171 170 170 169 168 166 164 162 159 156 156 158 163 168 174 181 180 175 172 173 176 181 187 193 195 193 191 191 193 192 190 188 187 186 185 184 184 185 189 192 194 196 199 200 202 203 200 193 181 169 165 168 170 180
189 189 189 188 186 185 183 181 178 176 175 173 173 177 182 183 179 173 170 169 171 172 173 174 174 174 174 174 174 174 174 174 174 173 173 173 173 173 172 172 171 171 170 170 169 168 166 165 162 159 156 155 156 162 172 179 177 172 171 173 176 181 187 191 194 195 194 194 192 190 188 186 184 183 183 183 185 189 192 194 196 198 202 204 203 200 192 183 173 165 166 173 181 195
192 191 190 188 186 185 183 180 179 177 175 173 171 173 178 182 182 179 174 171 169 170 172 173 174 174 174 173 173 174 174 174 174 174 173 173 173 173 173 172 172 171 171 170 170 169 168 166 164 162 159 156 154 158 169 176 174 171 171 173 176 180 183 187 193 196 197 195 190 186 185 185 183 181 182 184 187 191 193 195 198 200 204 206 203 196 184 172 167 166 171 182 198 207
199 196 191 188 184 182 181 181 180 179 177 173 171 171 173 178 182 182 180 175 171 170 171 172 173 174 174 173 173 174 174 174 174 174 174 173 173 173 173 173 172 172 172 171 170 170 169 168 166 164 161 158 156 158 166 173 173 171 171 172 174 177 182 189 196 199 197 192 186 184 184 183 182 180 182 185 189 191 193 196 199 202 204 203 198 189 175 166 163 169 183 197 208 215
206 200 192 187 183 180 180 181 180 180 178 174 171 171 171 173 177 181 183 180 176 173 171 171 172 173 173 173 173 173 173 173 174 174 174 174 173 173 173 173 173 172 172 172 171 170 170 169 167 166 163 159 156 157 162 168 173 173 171 170 172 179 190 201 204 199 190 183 182 182 183 182 181 180 182 185 187 188 191 195 199 201 201 198 192 180 171 166 167 179 195 205 214 222
208 202 192 187 183 181 180 180 180 179 177 174 171 170 171 170 172 178 182 183 181 178 174 171 171 171 172 173 174 173 173 173 174 174 174 174 174 173 173 173 173 173 172 172 172 171 171 170 169 167 164 161 157 156 158 162 167 172 172 170 173 187 200 200 193 187 181 178 179 180 181 181 181 181 182 183 184 187 191 196 200 200 197 193 186 175 169 170 178 191 202 212 221 229
203 199 193 189 184 181 179 180 181 179 175 174 173 170 169 170 171 173 178 181 182 182 179 175 172 171 171 173 173 173 173 173 173 173 174 174 174 174 174 173 173 173 173 173 172 172 171 170 169 168 166 164 160 157 156 155 157 165 171 173 179 187 189 187 185 182 180 178 178 179 179 180 181 182 181 180 182 186 192 196 198 195 189 183 179 175 173 178 192 202 210 219 227 234
189 191 192 191 187 180 178 181 183 180 176 175 175 173 169 170 171 171 172 176 180 183 182 180 176 173 172 172 172 172 173 173 173 173 173 173 174 174 174 174 173 173 173 173 173 172 172 171 170 169 168 166 164 161 158 153 150 154 165 174 179 178 177 178 181 182 182 181 179 178 178 179 180 179 179 180 182 186 190 191 189 185 179 175 176 179 182 193 203 210 217 224 233 238
168 178 186 189 187 182 180 184 186 182 177 176 175 175 173 171 171 170 170 172 177 180 181 182 181 180 178 174 171 170 171 171 172 173 173 173 173 174 174 174 174 174 173 173 173 173 172 172 171 171 170 168 167 165 162 158 154 152 158 167 171 169 168 170 175 180 183 182 180 179 178 178 178 177 178 180 182 184 185 183 180 177 174 175 180 185 192 201 209 216 223 231 238 239
154 161 175 182 185 185 185 186 186 183 180 179 179 178 178 177 174 173 171 172 174 175 177 180 182 186 185 179 173 169 168 169 170 171 172 173 173 173 174 174 174 174 174 174 173 173 173 172 172 171 171 170 169 168 166 164 162 161 160 163 164 161 159 162 167 174 179 180 179 179 180 179 177 176 179 181 182 181 180 178 177 175 179 187 188 190 196 205 215 222 228 233 235 234
158 158 161 169 179 187 188 185 182 183 183 183 184 184 183 182 181 179 177 174 173 174 175 176 181 187 188 183 177 173 170 168 168 170 171 172 173 173 173 174 174 174 174 174 174 174 173 173 173 172 172 171 171 170 169 168 167 167 166 166 165 161 156 154 157 162 168 172 175 178 180 178 176 177 180 183 182 179 176 175 177 182 191 194 188 190 201 212 221 227 229 230 229 226
171 169 166 166 173 182 183 178 175 179 185 188 188 188 187 185 184 183 182 179 177 175 174 175 178 180 183 184 182 178 175 171 168 168 169 171 172 173 173 174 174 174 174 174 174 174 174 174 173 173 173 172 172 171 171 170 170 170 169 169 168 165 162 159 157 155 155 158 164 169 173 174 176 179 182 183 181 178 176 177 183 192 195 190 187 193 206 216 225 230 229 227 223 217
183 181 178 176 177 179 176 171 168 175 186 189 188 187 186 184 183 182 182 182 181 178 176 175 175 175 178 183 185 183 179 177 173 169 168 169 170 172 173 173 174 174 174 174 174 174 174 174 174 174 173 173 173 172 172 172 172 171 171 171 170 169 168 166 165 161 158 155 155 156 158 164 173 179 182 182 180 178 179 184 190 193 189 184 187 199 211 221 229 230 226 224 222 216
194 191 185 183 182 179 177 172 170 175 183 183 183 182 181 180 178 178 179 181 180 179 178 177 176 174 175 179 184 184 183 181 178 173 169 169 170 171 172 173 174 174 174 174 174 174 174 174 174 174 174 174 173 173 173 173 173 173 172 172 172 171 171 170 169 168 165 163 159 154 150 152 163 173 177 177 177 178 181 188 191 188 180 181 193 208 218 226 229 225 219 217 218 213
206 202 194 189 184 180 176 174 173 175 177 178 179 179 178 176 176 176 176 176 176 177 178 178 177 175 175 177 181 184 184 182 180 177 174 171 171 171 171 172 173 174 174 174 175 175 175 175 174 174 174 174 174 174 174 174 174 174 173 173 173 173 172 172 171 170 169 168 166 163 160 157 158 163 169 171 174 178 183 187 186 179 175 184 203 217 225 226 225 221 214 207 202 186
218 216 209 199 188 179 173 170 171 172 172 174 175 175 175 174 174 175 174 174 174 175 176 177 176 175 174 176 179 182 183 182 181 180 178 175 173 172 171 171 173 174 174 175 175 175 175 175 175 175 174 174 174 174 174 174 174 174 174 174 174 174 174 173 173 172 171 171 170 169 167 165 163 161 162 165 169 176 183 183 176 172 177 197 215 223 225 223 222 221 214 199 184 172
229 228 224 215 197 174 163 161 162 165 167 169 171 171 171 172 172 173 173 173 173 174 175 175 176 175 174 173 175 179 182 183 183 183 181 177 174 172 171 171 172 174 174 175 175 175 175 175 175 175 175 175 175 175 175 175 175 175 175 175 175 175 174 174 174 173 173 172 172 171 170 169 167 164 160 160 164 171 178 175 169 172 191 217 231 232 229 228 227 224 211 188 170 164
239 238 238 239 220 163 142 141 147 154 160 165 168 168 169 169 170 171 171 172 173 173 174 174 176 178 175 171 171 175 181 185 185 184 182 178 174 173 171 171 172 173 174 175 175 175 175 175 175 175 175 175 175 175 175 175 175 175 175 175 175 175 175 175 175 174 174 174 173 173 172 171 170 167 163 160 160 165 169 169 168 182 214 232 237 237 235 231 222 207 188 175 167 165
249 248 246 250 263 112 112 124 136 147 156 162 166 167 167 168 168 169 169 171 172 172 172 173 177 179 176 172 170 172 178 183 183 182 181 180 177 175 173 171 171 173 174 175 175 175 175 175 175 174 174 174 174 175 175 175 175 175 176 176 176 176 176 176 175 175 175 174 174 174 173 173 172 170 167 163 161 160 162 165 175 199 220 225 221 218 217 209 194 184 176 170 167 170
250 249 243 231 227 144 126 130 137 146 156 162 164 166 167 167 167 167 168 170 171 171 171 172 175 177 176 175 173 172 175 178 181 182 182 181 180 179 177 174 171 172 174 175 175 175 175 175 174 174 174 174 174 174 175 175 175 176 176 176 176 176 176 176 176 176 175 175 175 175 174 174 173 171 170 167 164 160 159 164 182 202 208 207 206 205 202 191 180 174 171 171 171 173
243 238 222 206 185 169 158 151 150 154 159 163 165 166 166 167 167 167 168 169 169 170 170 171 173 173 174 175 175 174 173 174 177 181 182 182 182 182 181 179 175 174 174 174 175 175 175 175 173 172 171 172 173 174 175 175 176 176 176 176 176 176 176 176 176 176 176 176 176 175 175 174 174 173 171 170 167 163 161 165 181 193 196 197 200 199 191 178 172 171 172 173 174 176
243 238 214 186 174 177 179 172 168 167 167 167 167 167 167 167 167 167 167 167 168 168 169 170 171 171 170 173 175 174 172 171 174 178 182 185 184 182 182 182 181 178 177 177 176 175 175 174 171 167 166 168 171 173 174 175 176 176 176 176 176 177 177 177 177 177 176 176 176 176 175 175 174 174 173 171 169 167 165 167 175 184 191 196 197 193 178 170 170 172 174 176 177 179
250 241 194 170 171 187 194 188 183 180 177 174 171 169 169 168 168 167 166 165 165 166 167 168 170 170 169 170 173 173 172 171 171 174 179 184 185 184 183 183 184 183 182 181 180 178 176 175 173 169 166 165 167 171 173 175 176 176 176 176 177 177 177 177 177 177 177 177 177 176 176 175 175 174 174 173 171 169 167 167 170 179 190 196 193 179 171 167 168 172 176 179 181 182
216 199 179 178 184 195 198 197 195 192 186 179 174 171 170 170 168 166 164 163 162 162 164 166 167 168 168 169 171 173 173 173 173 174 176 180 183 184 183 183 183 183 181 180 179 178 177 176 175 176 176 173 170 170 173 175 176 176 176 176 177 177 177 177 177 177 177 177 177 177 176 176 175 175 174 173 172 170 169 167 169 175 186 190 183 171 165 165 167 171 176 180 183 186
