windninja/windninja_output/Output_2025-08-09_0200-0250_Google earth_Fire_150m_10min/merlingen_7.5mi_point_08-09-2025_0210_150m_ang.asc
ncols	158
nrows	163
xllcorner	391686.332397
yllcorner	5160024.123721
cellsize	150.000000
NODATA_value	-32768.000000
[rows 84 to 125 of 163, columns 0 to 93 of 158]
223 216 214 221 224 223 221 221 222 218 212 207 206 208 209 209 208 207 205 202 200 198 199 198 193 192 196 199 201 202 203 204 205 208 211 214 215 215 213 211 208 206 204 203 203 204 203 203 204 205 205 204 202 202 204 206 207 208 208 208 208 208 208 208 208 208 208 207 207 207 206 206 205 205 204 202 200 197 193 188 181 182 190 197 203 203 204 207 208 210 212 215 216 217
223 227 232 235 235 234 232 230 229 222 214 210 208 208 210 210 209 209 208 205 202 199 197 195 191 190 195 200 202 202 203 204 205 206 210 211 213 215 215 212 208 206 206 207 208 210 211 211 211 211 210 210 209 207 206 207 208 208 208 208 208 208 208 208 208 208 208 208 208 207 207 206 206 205 204 203 201 198 194 188 180 179 185 194 202 203 205 208 209 211 213 215 218 219
232 237 242 243 244 242 237 231 226 220 213 210 209 208 210 211 211 213 213 211 208 203 197 190 186 187 193 198 201 202 203 204 204 203 205 207 208 211 212 212 209 206 206 208 210 211 213 214 215 214 213 213 213 211 209 209 209 209 209 209 208 208 208 208 208 208 208 208 208 208 207 207 206 206 205 203 202 199 195 189 179 174 178 189 201 206 208 210 211 212 214 216 216 214
244 247 249 247 243 236 229 222 218 217 215 212 210 208 211 213 213 215 216 214 209 202 193 179 174 181 190 196 200 203 203 204 204 202 203 205 206 207 209 210 208 206 205 207 210 212 214 215 216 216 215 213 213 213 213 212 211 211 210 209 208 208 208 208 208 208 208 208 208 208 208 207 207 206 205 204 203 200 197 191 180 169 169 180 198 207 210 213 215 218 219 217 213 208
249 248 243 234 226 220 217 216 217 220 218 212 208 206 207 210 212 214 214 210 202 191 179 174 175 180 189 196 201 203 204 205 205 205 205 206 206 208 210 211 210 207 205 205 208 211 213 215 216 215 213 212 212 212 213 213 214 213 212 210 208 207 208 208 208 209 209 209 209 209 208 208 207 207 206 205 204 202 199 194 184 169 163 173 194 208 214 216 218 221 219 215 212 212
245 239 228 224 220 216 216 217 218 220 218 210 204 205 207 209 210 212 210 204 191 178 176 179 183 186 192 198 201 204 205 206 206 207 207 208 208 209 213 216 215 212 208 206 207 210 213 215 215 214 212 210 207 207 208 210 213 216 216 210 205 205 207 208 208 209 209 209 209 209 209 208 208 208 207 206 205 204 201 197 190 179 168 172 198 220 227 226 223 223 221 216 219 225
239 233 226 225 224 220 217 216 214 213 214 209 203 205 208 208 207 208 207 196 179 174 181 189 190 190 195 199 202 205 206 207 207 207 208 209 208 208 211 216 218 216 213 211 209 211 214 216 216 215 212 209 206 204 205 209 213 215 214 206 200 202 206 207 208 209 209 210 210 209 209 209 209 208 208 207 207 205 203 201 196 190 182 185 205 226 236 235 231 232 229 222 228 233
233 228 220 218 215 212 208 205 205 209 212 209 204 203 202 201 201 202 203 191 175 178 191 197 195 195 199 202 204 206 208 209 209 209 209 210 209 207 207 210 215 216 216 215 213 212 214 217 219 218 214 211 207 204 203 206 209 208 207 204 198 200 205 207 209 209 210 210 210 210 210 210 209 209 209 208 208 207 206 204 202 198 193 193 204 216 227 234 236 238 235 233 241 245
224 217 209 206 205 201 193 190 194 203 209 207 203 201 200 199 196 194 193 190 185 188 199 203 201 200 203 206 207 209 210 211 211 210 209 210 209 208 207 208 212 216 218 218 216 215 217 220 223 223 221 215 209 205 200 200 203 204 207 208 204 201 204 208 209 210 210 210 210 210 210 210 210 210 210 209 209 209 208 207 206 205 202 202 209 218 227 238 243 244 244 249 256 257
212 207 202 201 200 197 192 189 190 199 204 201 195 192 193 195 190 186 190 196 200 197 202 206 204 205 206 208 209 211 213 215 214 211 209 209 210 210 209 208 208 213 218 219 219 219 220 221 223 225 224 218 208 204 199 198 205 212 215 216 211 206 206 208 210 210 211 211 211 211 211 211 211 211 211 210 210 210 210 210 209 209 210 211 219 230 240 250 254 252 250 253 255 255
197 197 198 198 199 197 196 192 190 196 202 200 194 192 192 195 194 193 200 211 210 205 206 208 207 208 209 210 211 214 217 219 217 211 208 210 211 211 211 208 205 207 213 217 217 217 217 218 219 219 218 213 204 202 203 204 212 219 220 219 216 210 209 210 210 211 211 212 212 212 212 212 212 212 212 212 212 212 212 212 212 212 214 216 222 231 241 249 251 248 246 245 245 246
177 187 196 198 200 200 198 193 189 194 203 205 204 204 204 209 211 219 221 220 216 217 217 219 215 212 211 211 212 214 216 215 213 210 208 211 212 212 211 209 205 202 207 212 212 212 211 211 211 209 210 210 205 204 207 209 211 216 217 217 216 212 211 211 211 212 212 212 213 213 212 212 212 212 213 213 213 213 213 213 214 214 216 218 221 226 232 237 239 239 238 238 238 239
155 174 192 197 202 203 202 197 193 201 220 224 225 226 230 237 237 241 237 222 226 233 235 234 224 216 212 212 212 210 211 212 214 214 212 212 213 213 212 211 207 201 203 208 209 208 207 206 205 207 210 214 212 208 210 212 213 216 217 217 217 214 213 213 213 213 213 213 213 213 213 213 213 213 214 214 214 214 214 214 215 216 217 219 221 224 227 229 231 233 233 233 234 234
141 160 188 198 208 212 211 208 207 214 229 237 241 237 240 244 248 248 239 228 232 240 244 244 227 212 209 211 211 212 215 220 222 220 217 216 217 216 213 211 208 203 200 206 209 209 209 210 212 216 219 220 218 213 213 215 217 218 218 218 218 216 215 214 214 213 213 213 214 214 214 214 214 214 215 215 215 215 215 216 216 217 218 219 221 223 224 226 228 229 229 230 230 231
126 141 187 208 222 224 222 221 221 225 236 250 260 261 261 260 258 254 245 237 235 237 239 232 209 202 207 212 216 220 225 227 227 225 221 220 221 220 216 212 209 204 200 204 211 214 217 221 224 225 224 222 220 217 216 216 217 217 217 218 218 218 218 217 215 214 214 214 214 215 215 215 215 215 215 216 216 216 216 217 217 218 218 219 221 222 223 224 226 226 227 228 228 229
112 120 200 230 242 244 245 244 242 243 247 253 259 267 269 267 264 258 250 241 232 227 225 219 207 206 213 218 222 226 229 230 230 228 224 221 221 220 217 212 209 206 201 202 209 214 217 221 223 222 221 220 218 217 216 216 217 217 216 215 215 216 218 219 218 216 215 215 215 216 216 216 216 216 217 217 217 217 217 218 218 218 219 220 221 222 222 223 224 225 226 226 227 227
122 133 211 239 249 253 257 259 256 253 253 254 257 265 270 267 263 260 249 234 227 225 225 223 221 220 223 225 227 231 234 236 237 235 230 225 222 221 219 213 207 205 201 199 205 211 215 217 219 219 219 218 216 216 215 215 215 217 217 213 212 213 215 217 217 216 216 215 215 216 217 217 217 218 218 218 218 218 218 218 219 219 220 220 221 221 222 223 224 224 225 225 226 226
148 165 215 238 248 253 256 258 257 254 253 251 249 250 252 252 246 241 232 225 228 231 233 232 232 231 232 232 234 237 241 243 245 244 241 235 229 225 222 216 206 203 201 197 201 210 216 217 217 217 217 217 216 216 216 215 214 215 216 214 212 212 214 216 216 215 214 214 215 218 219 219 219 219 219 219 219 219 219 220 220 220 220 220 221 221 222 223 223 224 224 225 225 225
179 192 222 237 245 249 252 252 251 250 249 246 241 233 227 226 227 224 218 221 229 233 237 237 236 237 239 241 241 243 245 246 247 248 248 245 237 231 226 220 210 203 200 196 197 204 210 212 213 214 216 216 215 215 216 215 213 214 215 214 212 211 212 215 217 215 214 215 216 220 224 224 222 221 221 221 221 221 221 221 221 221 221 221 221 222 222 222 223 223 224 224 224 225
202 209 224 234 239 244 246 247 248 248 246 244 237 227 222 223 225 223 221 228 234 235 238 240 238 239 243 245 245 245 245 244 245 247 247 247 246 240 234 227 216 205 200 195 192 196 205 210 212 214 215 216 215 213 213 213 213 214 214 213 211 210 210 214 216 216 215 215 215 219 224 227 226 225 225 225 224 224 223 222 222 222 222 222 222 222 222 222 223 223 224 224 224 225
214 217 225 232 238 243 245 247 248 249 249 247 242 240 241 243 241 237 240 245 242 236 236 237 237 237 239 241 242 244 245 245 246 246 246 248 250 248 242 232 220 206 197 192 188 190 200 208 211 213 214 215 215 214 214 213 213 213 214 214 214 212 212 213 216 216 215 213 212 215 220 226 229 232 234 234 232 229 226 225 224 223 222 222 222 222 222 223 223 223 224 224 224 225
222 224 228 233 239 243 246 247 248 249 252 254 255 256 257 259 258 255 254 251 244 238 236 235 233 232 234 236 238 242 245 247 246 245 245 247 247 241 232 224 215 204 195 189 184 184 192 201 206 209 211 212 213 214 214 214 213 213 214 215 215 214 214 215 216 217 215 212 211 214 218 222 225 229 232 235 236 234 233 232 229 226 224 223 223 223 223 223 223 223 224 224 224 225
228 228 229 232 235 239 242 243 244 244 245 245 245 246 249 253 255 254 250 244 240 240 237 231 228 229 231 233 236 240 242 244 242 240 241 245 243 234 225 218 210 201 193 186 179 176 182 192 199 204 208 210 210 212 213 213 213 214 215 216 216 215 214 215 216 216 216 213 210 213 217 219 221 221 221 225 229 230 232 235 234 228 224 224 223 223 223 223 224 224 224 224 225 225
229 228 228 230 233 235 237 234 231 228 227 226 227 231 238 244 247 247 243 239 237 239 235 225 223 225 226 227 231 238 239 239 234 230 237 242 239 230 224 217 204 195 190 184 176 171 172 182 192 199 206 210 210 211 213 213 213 214 215 216 217 216 215 215 215 215 216 214 210 212 216 219 220 221 221 223 224 222 221 226 230 229 226 224 224 224 224 224 225 225 225 225 225 225
229 228 227 228 228 226 223 219 216 219 223 227 229 231 235 237 238 238 236 235 235 237 234 223 218 221 223 220 225 235 237 236 228 222 234 241 236 225 219 212 197 190 187 181 176 170 166 171 184 194 203 208 210 211 212 213 213 213 213 214 215 217 216 215 216 216 216 215 212 210 214 218 221 221 222 222 223 222 220 224 228 228 227 225 225 224 225 225 226 226 226 226 226 226
230 228 225 223 220 217 217 218 220 225 231 233 231 231 233 235 232 226 225 228 234 237 234 224 215 216 218 217 224 234 233 229 223 220 235 241 232 220 212 208 200 193 185 177 173 170 163 163 174 187 197 203 207 209 211 212 213 214 213 211 212 215 216 215 217 219 217 216 213 210 212 218 221 220 220 221 222 223 223 225 228 228 226 225 225 226 226 227 227 227 227 228 228 228
229 227 224 223 222 223 227 230 232 233 234 235 231 230 232 234 228 215 215 223 232 239 235 224 214 211 214 214 221 230 231 226 221 221 234 239 227 216 210 206 201 197 191 175 166 165 163 159 165 178 189 198 204 208 210 210 212 214 214 212 211 215 217 216 217 220 219 217 214 211 210 215 219 219 220 223 224 225 225 226 228 230 229 226 227 228 229 230 230 230 230 231 231 231
228 227 226 228 230 232 234 235 235 233 233 236 234 229 230 232 224 206 207 218 228 238 236 221 213 210 208 206 213 223 228 227 221 221 230 231 222 214 209 202 196 198 200 185 165 160 160 156 157 167 180 191 200 207 209 208 209 214 216 214 212 215 217 216 215 217 218 218 215 212 210 214 219 221 221 223 225 225 226 228 229 230 230 227 225 227 231 234 235 236 236 236 236 235
231 231 231 232 233 232 231 231 231 230 228 231 231 226 227 230 222 200 200 210 220 230 234 219 211 214 208 202 206 216 223 226 221 221 228 228 221 216 209 202 199 203 206 197 176 164 159 152 149 155 169 183 195 204 208 208 208 212 215 214 212 213 216 216 214 215 217 217 215 213 212 215 220 221 222 224 224 223 224 226 228 230 230 228 225 224 229 235 239 242 244 242 238 236
235 234 234 234 234 233 231 228 226 224 222 225 226 222 224 230 221 194 189 199 209 222 230 225 214 219 216 210 207 209 218 223 225 228 235 235 228 222 212 206 204 204 205 201 187 171 163 156 148 147 156 172 187 199 206 207 206 209 213 214 212 211 214 216 214 214 215 215 214 212 211 214 217 218 221 223 224 222 222 223 227 230 230 230 228 225 227 232 235 238 241 239 234 233
233 233 233 232 231 230 229 227 224 222 220 222 221 218 222 229 219 186 177 190 201 215 224 225 218 216 215 214 213 208 211 219 226 233 240 240 233 224 214 205 200 197 197 199 191 175 167 164 159 151 150 159 176 192 203 206 205 207 212 214 212 210 212 215 213 212 213 214 214 212 211 213 217 218 219 222 224 223 222 222 226 228 226 225 225 222 223 227 226 229 232 230 229 231
231 230 229 228 227 226 225 225 224 222 221 219 216 214 220 228 218 186 173 183 196 207 213 216 217 215 212 211 213 209 204 212 223 233 237 233 223 217 212 203 193 191 194 199 195 181 173 171 168 159 152 152 163 183 199 206 206 206 210 213 212 210 211 214 213 211 211 213 214 213 212 214 218 221 220 221 223 224 223 222 226 228 225 222 222 218 217 221 222 227 230 227 225 226
228 228 228 227 226 225 223 222 222 222 222 218 211 209 217 227 222 192 175 179 191 198 200 207 213 215 212 211 217 209 196 202 215 227 234 226 214 207 204 197 189 190 196 201 199 189 180 174 170 166 159 154 158 173 193 205 207 206 208 211 211 210 211 214 213 210 210 213 214 213 213 213 216 220 222 222 224 225 225 224 228 231 227 222 221 217 214 217 221 227 229 226 222 220
226 228 229 229 228 226 221 217 217 219 222 217 206 203 215 228 227 197 172 170 180 187 191 197 205 209 209 210 215 211 198 198 207 218 220 212 203 197 196 193 190 192 197 201 202 195 183 174 171 170 166 161 159 167 185 201 207 207 207 210 210 209 210 212 212 210 210 211 212 212 212 211 213 216 220 222 223 224 225 225 229 232 228 221 219 217 213 216 222 225 226 223 219 218
228 228 229 229 228 225 219 215 216 218 222 219 204 199 212 226 230 206 168 159 165 177 185 191 197 202 201 201 207 210 206 199 199 208 213 211 203 194 191 191 192 196 198 201 203 196 185 177 174 174 173 167 163 165 178 196 206 207 207 209 210 207 207 210 210 208 208 210 212 212 211 210 210 213 217 220 220 222 224 223 226 229 227 221 218 217 215 216 221 223 222 219 216 219
229 228 228 230 229 223 219 218 219 220 222 222 206 198 210 223 229 219 176 152 149 164 181 189 194 196 194 196 202 206 203 196 196 207 217 218 212 200 196 197 198 198 199 199 198 195 189 182 178 178 178 172 166 165 174 192 204 207 207 209 209 207 206 209 209 208 208 208 211 213 212 210 209 210 214 218 219 220 222 225 228 230 227 221 218 218 216 217 220 221 220 217 215 220
228 227 226 229 231 227 225 225 225 222 222 225 211 198 206 219 229 227 201 162 142 146 168 185 194 197 198 201 203 203 203 202 206 217 224 225 219 211 206 206 206 203 202 200 200 198 194 187 183 182 181 177 170 167 172 188 203 207 207 208 209 206 208 212 216 219 218 213 213 214 213 210 209 209 211 215 217 219 222 226 230 231 228 222 220 218 216 216 219 220 219 217 214 219
226 224 221 221 222 222 223 227 230 223 220 227 217 195 199 213 226 230 218 193 157 129 134 175 197 200 201 205 209 211 214 219 223 226 229 228 225 223 217 214 214 211 211 210 209 206 202 197 191 188 185 181 174 170 173 185 200 206 207 209 210 211 216 223 229 236 240 231 219 216 214 212 211 210 209 211 214 217 220 224 226 228 226 221 219 217 214 215 218 220 219 215 212 215
220 219 215 212 212 212 214 219 226 224 220 230 223 193 192 207 223 231 227 217 198 152 110 97 206 210 207 211 217 219 220 226 229 229 233 232 229 228 221 215 217 220 221 220 217 216 213 206 199 195 191 185 177 173 174 182 197 205 208 212 216 220 226 228 226 228 232 233 226 220 218 215 213 211 208 207 210 213 216 219 222 225 223 218 216 215 212 213 216 218 216 211 211 216
217 218 216 210 209 210 211 215 221 222 221 233 231 198 192 206 222 230 231 230 226 212 184 51 14 336 249 233 229 222 218 228 234 233 236 235 229 229 225 214 213 219 223 223 220 217 215 207 200 196 193 188 181 175 176 182 198 211 216 219 223 225 225 222 219 220 223 224 224 222 222 220 217 214 210 207 206 209 212 214 216 219 219 215 215 215 212 212 216 218 215 209 209 217
218 219 217 212 210 212 212 214 219 219 221 233 236 212 200 209 221 226 228 232 236 233 218 206 210 319 22 214 213 209 213 229 235 235 238 237 231 230 228 218 211 214 221 225 223 217 213 205 197 195 194 192 185 178 179 187 201 216 224 224 221 220 217 214 215 218 220 222 223 223 226 233 230 222 216 209 204 205 208 209 211 216 218 217 216 216 212 212 218 220 215 207 206 215
214 216 215 210 208 210 212 213 216 215 218 230 236 225 216 219 222 221 220 223 230 235 228 212 200 189 174 178 189 196 209 230 237 237 238 239 234 231 231 223 214 212 217 226 226 222 214 205 196 194 196 195 189 183 181 188 199 210 217 215 211 212 211 211 213 217 219 221 223 223 225 235 243 241 230 217 208 205 207 209 210 216 220 218 217 216 212 212 217 218 212 203 205 214
