windninja/windninja_output/Output_2025-08-09_0200-0250_Google earth_Fire_150m_10min/merlingen_7.5mi_point_08-09-2025_0220_150m_vel.asc
ncols	158
nrows	163
xllcorner	391686.332397
yllcorner	5160024.123721
cellsize	150.000000
NODATA_value	-32768.000000
[rows 38 to 75 of 163, columns 0 to 83 of 158]
1.33 1.33 1.33 1.30 1.27 1.27 1.26 1.25 1.25 1.26 1.27 1.27 1.26 1.25 1.25 1.24 1.25 1.25 1.24 1.24 1.25 1.24 1.25 1.25 1.25 1.26 1.28 1.35 1.50 1.56 1.49 1.39 1.31 1.25 1.23 1.20 1.14 1.12 1.13 1.14 1.16 1.18 1.21 1.25 1.29 1.31 1.34 1.39 1.43 1.43 1.42 1.43 1.46 1.44 1.40 1.42 1.50 1.58 1.64 1.66 1.68 1.62 1.44 1.23 1.12 1.09 1.14 1.15 1.09 1.04 1.06 1.19 1.31 1.27 1.13 1.03 1.07 1.17 1.23 1.20 1.05 0.98 1.01 1.13
1.32 1.31 1.29 1.27 1.26 1.25 1.24 1.25 1.27 1.27 1.27 1.25 1.25 1.25 1.25 1.24 1.24 1.23 1.23 1.24 1.24 1.25 1.25 1.25 1.25 1.25 1.28 1.34 1.37 1.30 1.21 1.20 1.19 1.16 1.11 1.10 1.17 1.30 1.35 1.33 1.28 1.26 1.31 1.41 1.49 1.52 1.49 1.48 1.54 1.60 1.60 1.60 1.68 1.81 1.89 1.89 1.92 1.98 2.02 2.02 2.03 2.00 1.81 1.46 1.22 1.16 1.14 1.09 1.04 1.07 1.24 1.36 1.31 1.20 1.15 1.16 1.24 1.29 1.34 1.44 1.39 1.18 1.03 1.03
1.32 1.30 1.28 1.27 1.26 1.26 1.27 1.27 1.27 1.26 1.25 1.24 1.25 1.26 1.26 1.26 1.25 1.24 1.24 1.24 1.24 1.25 1.25 1.25 1.25 1.24 1.24 1.23 1.18 1.12 1.11 1.10 1.05 1.00 0.96 0.99 1.11 1.29 1.46 1.53 1.53 1.50 1.52 1.55 1.56 1.61 1.65 1.65 1.67 1.69 1.68 1.72 1.87 2.02 2.08 2.09 2.06 1.99 1.91 1.85 1.78 1.81 1.86 1.64 1.34 1.26 1.24 1.19 1.16 1.26 1.30 1.16 1.00 1.02 1.15 1.30 1.39 1.40 1.39 1.42 1.49 1.45 1.31 1.19
1.32 1.32 1.30 1.28 1.27 1.26 1.28 1.29 1.27 1.25 1.25 1.26 1.26 1.26 1.26 1.26 1.26 1.25 1.25 1.25 1.25 1.25 1.24 1.23 1.23 1.22 1.20 1.17 1.14 1.13 1.12 1.06 0.99 0.93 0.94 1.04 1.13 1.20 1.38 1.65 1.85 1.94 1.91 1.81 1.76 1.87 1.97 1.98 1.92 1.88 1.87 1.89 1.90 1.79 1.67 1.65 1.61 1.48 1.37 1.30 1.30 1.41 1.66 1.78 1.61 1.42 1.39 1.44 1.49 1.51 1.34 1.12 1.06 1.12 1.26 1.40 1.44 1.40 1.31 1.23 1.29 1.42 1.49 1.46
1.32 1.31 1.30 1.29 1.27 1.27 1.28 1.28 1.27 1.27 1.26 1.26 1.26 1.26 1.26 1.25 1.25 1.25 1.25 1.24 1.23 1.23 1.22 1.22 1.21 1.20 1.19 1.17 1.17 1.18 1.14 1.07 1.00 0.97 1.02 1.14 1.30 1.46 1.63 1.78 1.89 1.91 1.90 1.95 2.01 2.01 1.91 1.78 1.70 1.66 1.68 1.69 1.60 1.44 1.30 1.22 1.17 1.09 1.00 0.99 1.05 1.18 1.43 1.72 1.83 1.73 1.71 1.86 1.91 1.78 1.59 1.47 1.43 1.42 1.48 1.52 1.45 1.35 1.26 1.23 1.27 1.32 1.38 1.50
1.31 1.31 1.29 1.28 1.29 1.30 1.29 1.27 1.26 1.27 1.26 1.26 1.26 1.25 1.24 1.24 1.24 1.23 1.23 1.23 1.22 1.22 1.22 1.22 1.21 1.20 1.19 1.19 1.18 1.14 1.08 1.04 1.03 1.05 1.11 1.22 1.40 1.61 1.70 1.68 1.60 1.56 1.65 1.78 1.77 1.61 1.46 1.40 1.40 1.45 1.51 1.52 1.46 1.36 1.23 1.11 1.03 0.99 0.96 0.97 1.01 1.08 1.21 1.43 1.74 1.96 2.08 2.16 2.21 2.22 2.16 2.10 2.00 1.89 1.85 1.72 1.55 1.40 1.28 1.23 1.26 1.33 1.43 1.57
1.30 1.29 1.27 1.28 1.30 1.29 1.27 1.26 1.26 1.26 1.26 1.26 1.25 1.24 1.24 1.23 1.23 1.23 1.24 1.24 1.23 1.23 1.22 1.21 1.21 1.20 1.21 1.20 1.17 1.12 1.08 1.07 1.08 1.11 1.14 1.22 1.34 1.37 1.34 1.32 1.32 1.42 1.53 1.54 1.42 1.29 1.25 1.31 1.46 1.61 1.66 1.59 1.49 1.38 1.25 1.11 1.02 0.99 1.00 1.07 1.14 1.18 1.21 1.33 1.60 1.90 2.04 2.05 2.11 2.27 2.36 2.35 2.30 2.19 1.99 1.75 1.57 1.44 1.33 1.23 1.23 1.37 1.54 1.53
1.30 1.29 1.29 1.29 1.28 1.26 1.26 1.27 1.26 1.26 1.25 1.25 1.25 1.24 1.24 1.24 1.25 1.25 1.25 1.24 1.24 1.24 1.23 1.21 1.21 1.21 1.21 1.18 1.15 1.13 1.12 1.12 1.12 1.13 1.15 1.18 1.17 1.13 1.11 1.15 1.27 1.39 1.42 1.34 1.26 1.27 1.33 1.45 1.62 1.67 1.56 1.42 1.33 1.21 1.12 1.07 1.01 0.99 1.07 1.21 1.33 1.41 1.49 1.63 1.76 1.79 1.78 1.74 1.66 1.67 1.79 1.88 1.94 1.92 1.78 1.62 1.48 1.43 1.41 1.40 1.45 1.48 1.40 1.20
1.30 1.30 1.30 1.29 1.26 1.24 1.24 1.25 1.25 1.25 1.26 1.26 1.25 1.25 1.25 1.25 1.25 1.25 1.24 1.23 1.23 1.22 1.21 1.21 1.21 1.20 1.18 1.16 1.14 1.13 1.12 1.12 1.12 1.13 1.15 1.14 1.09 1.07 1.09 1.16 1.24 1.29 1.28 1.23 1.19 1.25 1.42 1.59 1.62 1.47 1.31 1.23 1.18 1.09 1.02 1.03 1.05 1.08 1.18 1.36 1.54 1.68 1.80 1.88 1.83 1.70 1.57 1.48 1.40 1.35 1.36 1.43 1.51 1.57 1.58 1.56 1.48 1.43 1.46 1.48 1.43 1.27 1.04 0.92
1.31 1.31 1.29 1.27 1.23 1.20 1.20 1.21 1.23 1.24 1.25 1.26 1.26 1.25 1.25 1.24 1.24 1.23 1.23 1.22 1.22 1.20 1.20 1.20 1.20 1.18 1.17 1.16 1.15 1.14 1.13 1.11 1.10 1.09 1.09 1.07 1.07 1.08 1.09 1.12 1.16 1.19 1.19 1.21 1.25 1.33 1.46 1.51 1.41 1.28 1.19 1.14 1.12 1.14 1.13 1.15 1.21 1.28 1.38 1.53 1.67 1.76 1.77 1.68 1.55 1.43 1.32 1.29 1.30 1.30 1.27 1.25 1.30 1.38 1.45 1.48 1.44 1.36 1.30 1.23 1.10 0.95 0.90 0.93
1.31 1.30 1.28 1.24 1.21 1.19 1.18 1.19 1.21 1.22 1.23 1.23 1.24 1.24 1.23 1.22 1.22 1.22 1.21 1.21 1.20 1.20 1.20 1.20 1.18 1.17 1.17 1.17 1.16 1.15 1.14 1.12 1.10 1.08 1.06 1.05 1.06 1.07 1.07 1.07 1.08 1.07 1.07 1.14 1.30 1.44 1.48 1.40 1.28 1.20 1.13 1.08 1.07 1.10 1.15 1.22 1.32 1.49 1.68 1.76 1.73 1.63 1.50 1.36 1.24 1.17 1.16 1.19 1.22 1.21 1.19 1.17 1.19 1.26 1.33 1.38 1.36 1.30 1.20 1.11 1.05 1.00 0.99 1.04
1.29 1.29 1.26 1.23 1.20 1.20 1.19 1.18 1.19 1.21 1.22 1.22 1.22 1.22 1.22 1.22 1.22 1.21 1.21 1.20 1.20 1.20 1.20 1.20 1.19 1.19 1.18 1.17 1.17 1.16 1.15 1.13 1.12 1.10 1.09 1.09 1.10 1.10 1.09 1.06 1.02 0.97 0.98 1.09 1.24 1.35 1.34 1.25 1.16 1.09 1.09 1.13 1.17 1.22 1.31 1.40 1.53 1.71 1.81 1.75 1.63 1.46 1.30 1.19 1.13 1.10 1.11 1.12 1.14 1.15 1.15 1.15 1.16 1.19 1.26 1.34 1.38 1.38 1.34 1.27 1.22 1.19 1.16 1.14
1.29 1.27 1.25 1.25 1.26 1.27 1.26 1.22 1.19 1.19 1.21 1.22 1.22 1.23 1.23 1.23 1.23 1.22 1.21 1.21 1.21 1.21 1.21 1.21 1.21 1.20 1.19 1.18 1.17 1.16 1.15 1.14 1.12 1.12 1.11 1.11 1.11 1.11 1.09 1.04 1.01 1.01 1.05 1.11 1.18 1.21 1.16 1.07 0.97 0.90 0.91 1.04 1.23 1.40 1.53 1.64 1.77 1.80 1.66 1.48 1.33 1.20 1.12 1.10 1.11 1.09 1.06 1.05 1.05 1.05 1.06 1.07 1.08 1.12 1.19 1.29 1.37 1.41 1.40 1.36 1.32 1.28 1.24 1.20
1.26 1.24 1.23 1.26 1.32 1.36 1.35 1.30 1.23 1.21 1.22 1.22 1.23 1.22 1.22 1.22 1.22 1.22 1.21 1.21 1.22 1.22 1.21 1.20 1.20 1.20 1.19 1.18 1.17 1.16 1.15 1.14 1.13 1.12 1.11 1.10 1.08 1.05 1.03 1.02 1.02 1.04 1.07 1.10 1.13 1.11 1.04 0.97 0.93 0.88 0.92 1.10 1.25 1.36 1.50 1.67 1.73 1.60 1.41 1.26 1.13 1.05 1.05 1.08 1.09 1.07 1.05 1.05 1.04 1.02 1.01 1.02 1.05 1.10 1.16 1.20 1.24 1.29 1.35 1.39 1.37 1.29 1.19 1.14
1.25 1.21 1.20 1.24 1.28 1.31 1.33 1.33 1.30 1.26 1.23 1.22 1.22 1.21 1.20 1.21 1.21 1.21 1.21 1.21 1.21 1.20 1.20 1.19 1.19 1.18 1.18 1.17 1.17 1.16 1.15 1.14 1.14 1.13 1.12 1.10 1.06 1.04 1.02 1.02 1.03 1.05 1.07 1.10 1.09 1.03 0.95 0.96 1.08 1.21 1.36 1.47 1.50 1.49 1.53 1.57 1.49 1.33 1.23 1.15 1.09 1.08 1.11 1.12 1.11 1.10 1.10 1.08 1.06 1.04 1.05 1.07 1.11 1.14 1.16 1.15 1.14 1.15 1.20 1.28 1.32 1.31 1.22 1.09
1.30 1.25 1.24 1.29 1.32 1.32 1.33 1.34 1.31 1.24 1.20 1.19 1.19 1.20 1.21 1.21 1.20 1.20 1.20 1.20 1.19 1.18 1.19 1.19 1.18 1.18 1.17 1.17 1.17 1.16 1.15 1.15 1.14 1.13 1.12 1.10 1.08 1.06 1.04 1.03 1.05 1.09 1.11 1.09 1.04 0.98 0.97 1.05 1.26 1.46 1.54 1.53 1.53 1.57 1.56 1.46 1.31 1.20 1.15 1.13 1.12 1.13 1.16 1.18 1.19 1.18 1.17 1.16 1.14 1.13 1.14 1.18 1.20 1.18 1.16 1.15 1.12 1.08 1.05 1.08 1.18 1.30 1.35 1.27
1.36 1.35 1.33 1.33 1.36 1.37 1.36 1.34 1.30 1.22 1.16 1.15 1.16 1.18 1.20 1.20 1.20 1.20 1.20 1.19 1.19 1.19 1.19 1.18 1.18 1.18 1.17 1.17 1.17 1.16 1.15 1.15 1.14 1.13 1.12 1.10 1.09 1.07 1.05 1.04 1.05 1.07 1.04 0.98 0.91 0.92 1.00 1.13 1.29 1.39 1.41 1.39 1.40 1.44 1.45 1.38 1.26 1.19 1.19 1.22 1.25 1.26 1.28 1.29 1.31 1.31 1.31 1.32 1.34 1.34 1.30 1.25 1.19 1.15 1.16 1.16 1.14 1.12 1.09 1.09 1.16 1.29 1.42 1.47
1.34 1.36 1.33 1.23 1.17 1.16 1.18 1.22 1.27 1.25 1.18 1.13 1.13 1.15 1.16 1.17 1.17 1.18 1.19 1.20 1.20 1.19 1.18 1.18 1.18 1.18 1.17 1.17 1.16 1.16 1.15 1.15 1.14 1.13 1.12 1.11 1.10 1.08 1.06 1.04 1.01 0.97 0.90 0.86 0.85 0.89 0.99 1.15 1.25 1.28 1.30 1.36 1.40 1.39 1.38 1.33 1.24 1.21 1.24 1.30 1.39 1.47 1.48 1.43 1.38 1.36 1.35 1.35 1.38 1.38 1.31 1.20 1.15 1.15 1.18 1.19 1.20 1.20 1.22 1.22 1.25 1.31 1.39 1.45
1.29 1.30 1.30 1.22 1.09 1.02 1.02 1.06 1.15 1.23 1.23 1.17 1.12 1.11 1.12 1.13 1.15 1.16 1.17 1.17 1.18 1.18 1.18 1.18 1.17 1.17 1.17 1.17 1.16 1.16 1.15 1.15 1.14 1.13 1.12 1.11 1.10 1.08 1.07 1.04 1.00 0.94 0.90 0.90 0.92 0.96 1.04 1.12 1.15 1.17 1.22 1.29 1.32 1.34 1.32 1.27 1.24 1.25 1.29 1.38 1.48 1.54 1.52 1.45 1.35 1.25 1.21 1.20 1.18 1.17 1.17 1.20 1.24 1.26 1.26 1.27 1.29 1.31 1.34 1.35 1.33 1.29 1.30 1.35
1.27 1.27 1.29 1.30 1.27 1.18 1.10 1.06 1.11 1.22 1.32 1.31 1.22 1.13 1.09 1.11 1.14 1.15 1.15 1.15 1.17 1.18 1.18 1.18 1.18 1.17 1.17 1.16 1.16 1.16 1.15 1.15 1.14 1.13 1.12 1.11 1.10 1.09 1.07 1.05 1.03 1.00 0.97 0.96 0.97 0.99 1.00 0.99 1.00 1.03 1.09 1.16 1.20 1.24 1.25 1.23 1.26 1.33 1.42 1.51 1.54 1.49 1.42 1.39 1.33 1.23 1.15 1.11 1.07 1.08 1.16 1.27 1.33 1.34 1.35 1.38 1.42 1.45 1.47 1.46 1.42 1.35 1.29 1.25
1.28 1.27 1.27 1.28 1.30 1.29 1.24 1.18 1.17 1.22 1.29 1.33 1.29 1.18 1.09 1.07 1.09 1.12 1.14 1.15 1.16 1.15 1.16 1.17 1.17 1.17 1.16 1.16 1.16 1.15 1.15 1.14 1.14 1.13 1.12 1.12 1.10 1.09 1.08 1.06 1.04 1.02 1.00 0.98 0.97 0.95 0.91 0.88 0.87 0.90 0.96 1.05 1.15 1.21 1.22 1.21 1.23 1.31 1.42 1.49 1.47 1.42 1.38 1.37 1.35 1.28 1.19 1.16 1.17 1.22 1.27 1.32 1.35 1.37 1.41 1.45 1.49 1.53 1.55 1.53 1.49 1.41 1.32 1.23
1.28 1.27 1.25 1.23 1.21 1.22 1.24 1.23 1.19 1.13 1.11 1.16 1.24 1.25 1.19 1.10 1.07 1.08 1.11 1.14 1.15 1.15 1.15 1.16 1.16 1.16 1.16 1.15 1.15 1.15 1.15 1.14 1.14 1.13 1.12 1.12 1.11 1.10 1.08 1.07 1.06 1.04 1.03 1.01 0.98 0.95 0.92 0.89 0.87 0.87 0.91 1.00 1.12 1.17 1.17 1.16 1.18 1.25 1.33 1.35 1.33 1.33 1.34 1.35 1.34 1.30 1.25 1.24 1.25 1.28 1.29 1.31 1.36 1.42 1.46 1.49 1.50 1.49 1.47 1.42 1.38 1.35 1.32 1.29
1.27 1.26 1.24 1.21 1.19 1.17 1.17 1.16 1.14 1.10 1.08 1.12 1.22 1.33 1.35 1.25 1.12 1.07 1.08 1.11 1.14 1.16 1.18 1.17 1.16 1.15 1.15 1.15 1.15 1.14 1.14 1.14 1.13 1.13 1.12 1.12 1.11 1.10 1.09 1.08 1.07 1.05 1.04 1.02 1.00 0.98 0.96 0.94 0.92 0.90 0.90 0.95 1.03 1.07 1.09 1.12 1.16 1.21 1.23 1.22 1.20 1.18 1.19 1.25 1.31 1.32 1.25 1.19 1.19 1.22 1.25 1.30 1.36 1.42 1.46 1.50 1.49 1.43 1.35 1.29 1.26 1.25 1.26 1.25
1.26 1.25 1.22 1.20 1.20 1.18 1.16 1.16 1.17 1.16 1.16 1.18 1.23 1.31 1.37 1.36 1.27 1.16 1.10 1.09 1.10 1.13 1.14 1.14 1.14 1.13 1.13 1.13 1.14 1.14 1.14 1.14 1.13 1.13 1.12 1.12 1.11 1.10 1.09 1.08 1.07 1.06 1.05 1.04 1.02 1.01 0.99 0.97 0.95 0.93 0.90 0.89 0.91 0.93 0.94 0.97 1.05 1.10 1.09 1.05 1.02 1.02 1.06 1.15 1.24 1.29 1.25 1.17 1.16 1.22 1.29 1.33 1.37 1.40 1.43 1.44 1.41 1.36 1.32 1.29 1.25 1.22 1.19 1.17
1.24 1.21 1.17 1.16 1.17 1.20 1.22 1.23 1.21 1.19 1.17 1.16 1.17 1.19 1.25 1.35 1.37 1.29 1.17 1.09 1.07 1.09 1.10 1.11 1.12 1.12 1.12 1.13 1.13 1.13 1.13 1.13 1.13 1.12 1.12 1.12 1.11 1.10 1.10 1.09 1.08 1.07 1.06 1.05 1.03 1.02 1.01 0.99 0.97 0.94 0.92 0.91 0.91 0.88 0.86 0.90 0.96 0.99 0.99 0.96 0.95 0.98 1.05 1.12 1.19 1.24 1.25 1.24 1.24 1.28 1.32 1.35 1.37 1.39 1.41 1.39 1.34 1.31 1.31 1.31 1.28 1.24 1.21 1.17
1.24 1.17 1.10 1.09 1.12 1.18 1.23 1.24 1.23 1.20 1.17 1.14 1.12 1.12 1.17 1.26 1.35 1.37 1.30 1.20 1.12 1.09 1.08 1.10 1.11 1.12 1.13 1.14 1.13 1.13 1.13 1.13 1.12 1.12 1.12 1.11 1.11 1.10 1.10 1.09 1.08 1.07 1.06 1.05 1.04 1.03 1.01 1.00 0.98 0.96 0.95 0.96 0.95 0.92 0.92 0.97 0.99 0.98 0.98 1.01 1.06 1.09 1.07 1.01 0.97 1.00 1.04 1.17 1.28 1.33 1.35 1.36 1.39 1.40 1.39 1.37 1.36 1.36 1.37 1.37 1.35 1.31 1.30 1.31
1.28 1.17 1.07 1.06 1.07 1.09 1.11 1.13 1.15 1.17 1.16 1.14 1.15 1.15 1.15 1.19 1.29 1.38 1.40 1.32 1.22 1.13 1.08 1.07 1.09 1.11 1.13 1.12 1.11 1.11 1.12 1.12 1.12 1.12 1.12 1.11 1.11 1.10 1.10 1.09 1.08 1.08 1.07 1.06 1.05 1.03 1.02 1.01 0.99 0.98 0.97 0.96 0.94 0.93 0.93 0.97 1.03 1.04 1.04 1.07 1.09 1.03 0.90 0.77 0.73 0.79 0.94 1.14 1.27 1.34 1.38 1.40 1.40 1.39 1.36 1.37 1.42 1.46 1.49 1.48 1.45 1.42 1.42 1.46
1.39 1.28 1.17 1.14 1.12 1.09 1.07 1.06 1.05 1.05 1.09 1.13 1.13 1.13 1.14 1.15 1.19 1.27 1.36 1.38 1.31 1.22 1.13 1.08 1.06 1.09 1.11 1.12 1.12 1.12 1.12 1.12 1.11 1.11 1.11 1.11 1.11 1.10 1.10 1.09 1.09 1.08 1.07 1.06 1.05 1.04 1.03 1.01 1.00 0.99 0.96 0.93 0.91 0.88 0.87 0.92 1.02 1.08 1.09 1.05 0.93 0.80 0.80 0.86 0.97 1.08 1.18 1.25 1.27 1.30 1.34 1.37 1.36 1.34 1.33 1.38 1.45 1.48 1.49 1.48 1.47 1.47 1.50 1.59
1.46 1.44 1.36 1.23 1.15 1.15 1.19 1.20 1.18 1.14 1.16 1.19 1.14 1.10 1.13 1.15 1.13 1.14 1.23 1.35 1.41 1.37 1.27 1.17 1.11 1.10 1.10 1.11 1.12 1.12 1.11 1.11 1.11 1.11 1.11 1.11 1.10 1.10 1.10 1.09 1.09 1.08 1.07 1.06 1.05 1.04 1.03 1.02 1.01 0.99 0.97 0.94 0.90 0.86 0.83 0.86 0.90 0.95 0.98 0.92 0.82 0.84 1.01 1.19 1.31 1.35 1.33 1.28 1.24 1.23 1.25 1.28 1.31 1.33 1.36 1.38 1.39 1.40 1.41 1.47 1.56 1.65 1.78 1.95
1.49 1.62 1.71 1.58 1.38 1.32 1.36 1.37 1.32 1.27 1.24 1.22 1.21 1.19 1.14 1.10 1.11 1.12 1.17 1.26 1.36 1.43 1.41 1.34 1.24 1.14 1.06 1.03 1.03 1.05 1.07 1.09 1.09 1.10 1.10 1.10 1.10 1.10 1.10 1.09 1.09 1.08 1.07 1.07 1.06 1.05 1.04 1.02 1.01 0.99 0.97 0.95 0.91 0.87 0.83 0.80 0.76 0.71 0.70 0.74 0.80 0.92 1.06 1.19 1.29 1.32 1.30 1.24 1.19 1.18 1.19 1.21 1.24 1.29 1.33 1.33 1.31 1.34 1.42 1.55 1.72 1.87 1.96 1.95
1.51 1.68 1.98 2.12 2.09 1.96 1.83 1.73 1.57 1.42 1.36 1.30 1.28 1.27 1.21 1.14 1.13 1.15 1.16 1.16 1.19 1.28 1.38 1.43 1.39 1.27 1.12 1.00 0.97 0.99 1.02 1.05 1.07 1.08 1.09 1.10 1.10 1.10 1.09 1.09 1.09 1.08 1.07 1.07 1.06 1.05 1.04 1.03 1.01 1.00 0.98 0.96 0.93 0.89 0.85 0.79 0.72 0.64 0.59 0.62 0.70 0.80 0.90 0.99 1.08 1.17 1.22 1.24 1.23 1.21 1.19 1.17 1.17 1.19 1.20 1.20 1.22 1.26 1.37 1.50 1.61 1.68 1.62 1.38
1.36 1.34 1.51 1.83 2.05 2.13 2.13 2.10 2.03 1.98 1.94 1.88 1.77 1.63 1.54 1.44 1.32 1.22 1.15 1.10 1.11 1.15 1.21 1.30 1.37 1.34 1.21 1.08 1.01 0.98 0.99 1.01 1.04 1.06 1.08 1.09 1.09 1.09 1.09 1.09 1.08 1.08 1.07 1.07 1.06 1.05 1.04 1.03 1.02 1.00 0.99 0.97 0.94 0.91 0.88 0.83 0.77 0.71 0.66 0.63 0.64 0.69 0.75 0.80 0.83 0.90 1.02 1.15 1.22 1.23 1.19 1.15 1.15 1.15 1.13 1.11 1.10 1.14 1.22 1.33 1.36 1.30 1.14 0.99
1.18 1.07 0.91 0.91 1.04 1.27 1.49 1.66 1.82 1.95 2.01 2.02 1.97 1.89 1.79 1.68 1.55 1.39 1.24 1.14 1.10 1.09 1.10 1.12 1.16 1.23 1.29 1.23 1.15 1.08 1.02 0.99 1.01 1.03 1.06 1.07 1.08 1.08 1.09 1.09 1.08 1.08 1.07 1.07 1.06 1.05 1.04 1.03 1.02 1.01 0.99 0.98 0.95 0.93 0.90 0.87 0.83 0.79 0.75 0.71 0.70 0.68 0.66 0.61 0.58 0.62 0.74 0.85 0.95 1.03 1.10 1.14 1.15 1.13 1.10 1.07 1.06 1.08 1.12 1.15 1.11 0.99 0.90 0.90
1.14 1.03 0.82 0.66 0.58 0.60 0.71 0.87 1.03 1.16 1.18 1.21 1.26 1.36 1.44 1.47 1.47 1.46 1.40 1.29 1.17 1.10 1.08 1.07 1.09 1.22 1.38 1.43 1.36 1.25 1.15 1.06 1.01 1.01 1.03 1.05 1.07 1.08 1.08 1.08 1.08 1.08 1.07 1.07 1.06 1.05 1.04 1.03 1.02 1.01 1.00 0.98 0.97 0.95 0.93 0.90 0.88 0.85 0.82 0.80 0.77 0.74 0.69 0.62 0.57 0.55 0.55 0.58 0.64 0.75 0.91 1.03 1.05 1.02 1.01 1.02 1.04 1.05 1.03 0.95 0.86 0.83 0.86 0.93
1.13 1.04 0.89 0.77 0.68 0.64 0.63 0.65 0.67 0.65 0.63 0.65 0.72 0.81 0.92 1.03 1.14 1.26 1.34 1.37 1.33 1.26 1.20 1.17 1.19 1.24 1.30 1.39 1.43 1.37 1.29 1.19 1.09 1.03 1.01 1.02 1.05 1.06 1.07 1.08 1.07 1.07 1.07 1.06 1.06 1.05 1.04 1.03 1.02 1.01 1.00 0.99 0.98 0.96 0.94 0.92 0.90 0.88 0.87 0.85 0.82 0.80 0.77 0.73 0.68 0.63 0.59 0.56 0.55 0.60 0.66 0.71 0.76 0.76 0.81 0.87 0.93 0.94 0.91 0.85 0.80 0.83 0.92 1.01
1.15 1.04 0.89 0.79 0.73 0.71 0.71 0.69 0.64 0.59 0.62 0.69 0.74 0.78 0.83 0.89 0.96 1.02 1.10 1.20 1.30 1.35 1.34 1.31 1.27 1.24 1.23 1.27 1.34 1.38 1.35 1.29 1.22 1.13 1.07 1.05 1.04 1.05 1.06 1.07 1.07 1.07 1.07 1.06 1.06 1.05 1.04 1.03 1.03 1.02 1.01 1.00 0.98 0.97 0.96 0.94 0.93 0.91 0.89 0.88 0.86 0.84 0.82 0.79 0.76 0.73 0.70 0.66 0.62 0.58 0.53 0.48 0.47 0.54 0.65 0.74 0.81 0.84 0.82 0.82 0.85 0.93 1.04 1.05
1.22 1.06 0.82 0.70 0.65 0.64 0.64 0.64 0.64 0.64 0.69 0.75 0.81 0.85 0.90 0.94 0.96 0.98 1.00 1.05 1.12 1.19 1.24 1.25 1.24 1.23 1.23 1.23 1.26 1.29 1.32 1.32 1.30 1.27 1.21 1.14 1.09 1.05 1.05 1.06 1.07 1.07 1.06 1.06 1.05 1.05 1.04 1.03 1.02 1.02 1.01 1.00 0.99 0.98 0.97 0.96 0.94 0.93 0.92 0.90 0.89 0.87 0.85 0.83 0.82 0.80 0.77 0.74 0.70 0.65 0.58 0.53 0.51 0.55 0.64 0.73 0.79 0.81 0.81 0.84 0.96 1.11 1.12 1.01
1.34 1.12 0.77 0.57 0.49 0.48 0.51 0.56 0.60 0.64 0.69 0.73 0.79 0.84 0.90 0.94 0.98 1.00 1.03 1.04 1.05 1.06 1.08 1.11 1.14 1.15 1.15 1.16 1.22 1.27 1.31 1.32 1.31 1.27 1.21 1.14 1.09 1.07 1.06 1.06 1.06 1.06 1.06 1.05 1.05 1.04 1.03 1.03 1.02 1.02 1.01 1.00 1.00 0.99 0.98 0.97 0.96 0.95 0.93 0.92 0.91 0.89 0.88 0.86 0.85 0.83 0.81 0.79 0.76 0.73 0.70 0.67 0.65 0.65 0.67 0.72 0.77 0.80 0.84 0.92 1.09 1.15 1.00 0.85
