windninja/windninja_output/Output_2025-08-09_0200-0250_Google earth_Fire_150m_10min/merlingen_7.5mi_point_08-09-2025_0250_150m_ang.asc
ncols	158
nrows	163
xllcorner	391686.332397
yllcorner	5160024.123721
cellsize	150.000000
NODATA_value	-32768.000000
[rows 84 to 125 of 163, columns 0 to 93 of 158]
237 232 229 234 234 233 230 228 228 226 222 221 223 226 228 229 228 229 228 226 225 223 221 218 212 210 214 216 217 218 219 219 220 222 226 229 230 229 226 223 220 218 216 216 217 217 217 217 218 218 217 216 215 215 218 220 221 222 222 222 222 222 222 222 222 222 222 222 222 222 221 221 220 220 220 219 217 214 210 203 192 190 199 210 225 231 232 232 231 232 233 233 232 230
239 240 241 243 242 240 236 235 235 232 227 223 223 225 227 227 227 229 230 229 229 226 223 219 214 210 215 218 219 218 218 218 218 219 222 225 226 229 229 227 223 220 220 221 222 224 225 227 228 227 224 223 221 220 219 221 222 222 222 222 222 222 222 222 222 222 222 222 222 222 221 221 221 220 220 219 218 215 211 204 191 186 194 211 228 231 230 231 230 231 233 233 233 232
245 246 247 249 248 245 239 235 234 232 226 223 224 224 226 227 228 231 233 235 235 233 230 224 213 206 211 216 218 219 218 219 217 215 217 218 219 222 224 226 224 221 220 221 223 225 227 229 231 230 229 227 225 223 222 222 223 223 223 223 222 222 222 222 222 222 222 222 222 222 222 221 221 221 220 219 218 216 212 205 192 183 188 211 228 232 232 232 231 231 232 233 232 230
251 252 252 251 246 240 233 229 228 229 227 224 225 223 225 227 227 230 233 235 234 230 226 215 197 195 204 211 215 217 218 220 219 216 217 217 216 218 219 221 221 220 220 221 223 225 227 229 230 230 229 228 227 226 226 226 226 226 225 223 223 222 222 221 222 222 222 222 222 222 222 221 221 221 220 220 219 217 214 209 197 182 183 207 227 231 233 234 234 235 235 234 232 228
254 253 249 242 233 227 224 223 226 229 228 224 222 220 220 222 223 227 229 229 224 215 206 195 187 188 200 209 214 216 218 219 220 220 222 222 220 219 220 221 220 219 218 219 220 223 225 227 228 227 226 226 226 226 226 227 228 228 227 225 223 222 221 221 221 222 222 222 222 222 222 222 222 221 221 220 220 219 217 213 205 190 187 217 234 234 234 234 235 237 238 235 234 233
251 247 238 233 228 224 223 224 225 227 227 222 217 217 218 219 220 224 225 223 213 199 194 193 189 190 200 210 214 216 218 219 220 220 222 225 225 224 225 227 226 223 220 218 220 222 224 226 227 226 224 222 220 220 220 222 225 229 232 228 222 220 220 221 221 222 222 222 222 222 222 222 222 222 221 221 221 220 219 217 214 207 207 238 254 253 247 243 240 242 242 238 237 239
247 242 234 233 232 228 224 223 220 221 224 219 213 214 216 216 217 219 222 219 202 192 194 197 194 194 202 210 214 217 219 220 220 220 222 224 224 224 225 227 228 227 225 222 222 223 225 227 227 226 225 222 218 216 216 219 223 226 229 225 217 217 219 220 221 222 222 222 222 222 222 222 222 222 222 222 222 222 221 220 219 218 221 241 257 261 259 254 250 251 247 239 240 242
241 235 227 224 222 220 216 212 211 216 221 217 210 209 209 208 209 212 217 215 196 191 199 202 198 198 206 212 215 218 220 221 222 222 222 223 222 221 221 223 225 226 226 226 225 225 227 229 229 229 227 224 221 217 213 216 219 219 220 217 211 212 217 220 221 222 222 222 222 223 223 223 223 223 223 223 223 223 223 223 223 224 226 235 246 254 257 256 255 255 249 243 248 251
232 225 215 212 211 207 199 195 198 207 215 213 208 207 207 206 205 204 206 206 200 195 204 206 203 204 210 215 218 220 222 224 224 223 222 223 222 221 221 221 223 225 227 228 228 228 229 232 234 235 233 230 225 219 212 211 215 217 219 218 214 212 216 219 221 222 222 222 223 223 223 223 223 223 223 223 224 224 224 225 226 228 231 238 247 253 256 259 259 256 250 252 258 259
223 217 209 207 206 203 197 192 193 203 209 205 198 196 197 199 196 194 201 209 208 200 204 208 206 209 214 217 220 222 224 227 228 225 223 223 223 223 223 221 220 223 226 228 229 230 232 233 235 236 237 234 225 219 213 213 221 226 227 225 220 216 217 220 221 222 223 223 223 223 223 223 224 224 224 224 224 225 225 226 228 230 233 240 250 257 261 264 262 257 253 255 258 258
210 208 205 206 207 205 201 195 192 200 207 204 197 194 195 199 200 201 211 219 214 206 206 210 210 213 216 219 221 224 227 231 231 227 223 223 224 224 223 221 217 217 222 225 225 226 228 229 231 231 231 228 218 216 217 221 230 234 232 229 225 220 219 221 222 223 223 223 224 224 224 224 224 224 225 225 225 226 226 227 228 230 233 238 245 252 258 261 258 254 252 251 252 252
191 198 204 207 210 209 205 198 192 199 209 211 208 208 208 215 218 226 229 225 218 218 218 220 219 219 219 220 221 223 226 228 227 225 223 224 226 225 224 222 217 213 217 220 220 219 219 221 222 222 222 222 215 214 220 223 227 231 230 229 227 223 221 222 223 223 224 224 224 224 224 224 225 225 225 226 226 226 227 228 229 231 233 236 240 244 248 251 250 249 248 247 247 247
165 187 202 206 211 211 209 203 200 211 230 231 229 229 235 242 243 247 241 224 225 232 235 236 231 225 222 221 221 220 223 225 226 226 225 226 228 227 226 224 220 214 214 218 218 216 215 215 216 218 221 223 220 217 221 225 227 230 230 229 228 224 223 224 224 224 224 224 225 224 225 225 225 226 226 226 227 227 228 228 230 231 232 235 237 239 242 243 244 244 244 244 243 243
146 171 199 207 216 219 217 214 215 225 239 245 247 242 246 249 253 253 242 228 231 239 245 248 238 224 220 221 222 224 229 232 232 231 229 230 232 231 228 225 222 216 214 218 220 219 218 220 222 226 227 227 225 221 222 226 229 230 231 231 230 227 227 226 225 225 225 225 225 225 225 226 226 226 227 227 227 228 228 229 230 231 232 234 235 237 238 239 240 240 241 241 241 241
130 151 202 219 230 230 228 226 227 231 241 254 265 266 264 264 261 256 245 236 233 237 243 241 222 211 216 222 227 233 238 240 238 236 234 234 236 236 232 228 224 218 214 218 224 227 229 232 233 233 231 229 227 224 224 226 227 228 228 229 230 230 231 230 228 227 227 226 226 226 226 226 227 227 227 228 228 228 229 230 230 231 232 233 234 235 236 237 238 238 239 239 239 239
115 130 225 241 248 249 249 247 245 244 248 255 261 268 270 268 263 256 248 239 233 232 233 228 215 212 220 227 232 238 241 242 243 241 238 236 235 236 235 231 226 221 215 215 221 225 228 231 231 230 229 227 225 224 224 224 225 226 227 226 225 227 230 232 232 231 229 227 227 227 227 227 228 228 228 229 229 229 230 230 231 231 232 233 233 234 235 236 236 237 237 237 237 238
128 149 231 248 254 257 260 260 257 254 255 255 258 265 270 266 262 259 248 236 233 235 234 229 224 224 229 233 237 242 245 248 250 249 245 241 237 236 236 233 226 222 216 212 217 223 226 228 228 227 226 225 223 223 222 222 223 225 226 223 221 223 225 228 230 230 230 228 227 228 228 229 229 229 229 230 230 230 230 231 231 231 232 232 233 234 234 235 235 235 236 236 236 236
159 182 230 246 253 256 258 259 258 257 255 253 251 252 253 252 248 244 236 233 239 242 240 235 234 235 238 240 243 247 250 254 257 258 257 253 247 243 240 235 226 222 217 212 215 222 226 227 226 225 224 224 223 223 223 222 221 223 224 222 221 222 223 225 227 227 227 228 228 230 231 231 231 231 231 231 231 231 231 232 232 232 232 232 233 233 234 234 234 235 235 235 235 236
190 206 233 243 248 252 255 255 255 254 252 249 245 237 232 231 233 230 225 230 239 240 239 239 239 241 244 247 249 251 253 255 258 261 264 265 261 254 248 241 232 224 219 212 210 216 221 222 221 222 223 223 222 222 223 222 220 221 222 221 220 219 221 224 226 226 225 226 228 231 235 235 234 233 233 233 233 233 233 233 233 233 233 233 233 233 233 234 234 234 234 234 235 235
211 218 231 240 244 247 250 251 252 251 250 248 243 235 231 232 233 230 229 236 239 236 239 242 241 242 246 250 251 253 255 255 256 259 263 268 272 268 260 252 242 230 221 213 206 210 216 219 219 221 222 223 222 220 220 220 220 221 221 220 218 216 218 222 225 225 224 224 224 228 234 239 239 238 237 237 236 236 235 235 234 234 234 233 233 233 233 233 234 234 234 234 234 234
221 224 231 238 243 247 249 250 252 253 253 252 250 251 253 253 249 245 246 249 243 237 238 240 240 240 243 246 249 253 256 256 257 258 261 265 272 276 271 261 250 236 223 213 204 205 214 218 219 220 221 221 222 221 220 219 219 219 220 221 220 219 219 221 223 224 222 220 220 223 229 235 240 244 245 245 244 241 239 238 237 236 235 234 234 234 233 233 234 234 234 234 234 234
227 228 232 237 242 247 249 251 251 254 257 260 263 265 267 267 265 261 258 253 245 241 239 238 236 236 239 242 245 250 255 257 258 257 258 262 267 271 271 263 251 237 223 211 199 196 205 212 214 216 218 218 219 220 221 220 219 219 220 221 221 220 220 222 224 224 222 219 217 221 226 229 233 238 243 247 249 248 246 245 243 239 237 235 234 234 234 234 234 234 234 234 234 234
231 231 232 235 239 243 245 247 248 249 251 252 254 256 260 263 262 259 254 247 243 244 241 234 232 233 235 238 242 247 251 254 254 251 253 259 263 264 264 261 249 232 220 208 190 184 191 202 207 211 215 216 216 217 219 219 219 220 221 222 221 220 221 222 223 223 223 219 216 220 224 226 228 228 230 236 240 243 245 248 249 244 239 237 235 235 234 234 234 234 235 235 234 234
232 231 230 233 237 239 240 239 236 235 235 235 236 239 246 252 254 253 249 243 241 243 241 231 228 230 231 232 237 244 248 250 246 241 248 257 260 256 254 254 243 225 214 200 183 173 175 189 199 206 214 216 216 216 218 218 218 219 220 221 222 222 221 221 221 221 222 220 216 218 222 225 227 228 229 232 234 234 234 238 244 246 243 239 237 236 235 235 235 235 235 235 235 235
231 230 229 231 232 230 227 225 223 225 230 233 234 236 241 244 246 245 242 240 240 243 241 230 224 226 228 225 231 241 245 245 238 232 246 256 254 246 242 241 228 213 206 192 179 170 163 172 188 200 209 215 216 217 217 218 218 218 219 219 220 222 221 221 222 222 221 221 218 216 220 224 227 229 229 230 231 231 232 235 238 242 244 242 239 237 236 236 236 236 236 236 236 236
232 229 227 227 224 223 222 223 225 230 235 237 235 236 239 241 240 233 230 233 240 245 242 232 223 222 224 222 229 240 241 238 232 230 247 255 248 238 233 229 219 213 206 183 172 166 157 158 174 190 202 209 213 215 216 217 218 218 218 216 217 220 221 220 223 224 223 222 219 216 218 224 227 227 228 229 230 231 233 236 238 239 241 242 242 240 238 238 238 238 238 238 237 237
230 228 227 227 227 229 231 234 236 236 238 238 235 234 238 240 236 222 219 227 238 246 243 233 222 218 220 220 226 236 238 234 229 230 244 251 242 233 228 220 211 210 209 180 158 159 155 151 160 178 192 202 209 212 214 215 216 218 219 216 216 220 221 220 221 224 225 223 220 217 216 221 226 226 228 230 231 232 233 235 238 240 240 240 243 243 242 241 241 241 241 241 241 240
229 228 229 232 234 236 238 238 238 237 237 239 238 234 236 239 232 211 211 222 233 243 244 230 222 219 217 213 219 228 234 234 228 229 238 242 236 229 222 211 202 205 209 193 160 151 150 145 149 163 180 194 204 211 213 213 214 218 220 218 216 219 221 220 219 221 223 223 220 217 216 220 225 227 228 230 231 232 233 235 237 240 240 238 238 241 244 245 246 246 246 246 246 244
233 233 234 235 236 236 235 234 235 233 232 235 236 232 234 238 230 204 203 214 224 234 240 227 219 223 220 214 215 222 228 232 228 229 238 238 233 228 218 209 204 208 213 204 177 155 148 141 139 147 166 184 198 208 212 212 212 216 219 218 216 217 220 220 218 219 221 221 220 218 218 222 226 227 228 230 230 229 230 232 236 239 239 238 236 235 240 245 248 251 253 252 249 246
236 235 236 237 237 236 234 232 230 227 225 230 232 228 231 237 229 197 191 202 213 226 234 230 220 227 227 224 220 219 223 228 231 236 245 245 237 230 219 211 207 208 211 208 190 166 153 146 140 139 150 170 188 202 210 211 210 213 217 218 216 215 218 220 218 217 219 219 218 217 216 220 224 225 226 229 230 228 228 229 233 237 238 238 237 233 236 240 243 247 252 252 247 245
234 234 234 234 234 234 233 231 228 225 224 227 227 224 228 235 226 188 178 193 205 218 227 229 224 223 223 223 224 220 219 224 231 240 248 249 241 231 219 208 202 199 201 204 194 174 161 157 152 144 142 153 174 194 206 210 209 211 215 217 216 213 215 218 217 216 217 217 217 216 215 218 223 224 225 227 229 230 228 229 232 234 233 233 233 228 231 235 234 240 245 243 241 241
231 231 231 230 230 229 229 229 228 226 226 227 222 218 225 233 226 189 172 186 201 211 216 220 222 220 218 216 220 217 210 217 228 238 244 240 231 222 215 204 194 192 197 201 197 181 169 165 162 154 146 147 160 183 201 208 209 210 213 216 215 213 214 218 217 214 215 217 218 217 216 218 223 226 226 227 228 230 229 228 232 234 231 228 228 222 223 228 231 238 241 237 234 234
228 229 229 229 229 228 226 225 226 227 229 226 216 213 222 233 230 195 173 179 195 202 204 211 216 219 216 215 222 216 201 206 219 231 239 233 219 209 205 198 189 191 197 202 200 189 178 169 165 161 154 149 153 171 194 207 210 210 212 215 215 213 214 217 217 214 214 216 217 217 216 217 220 225 228 229 229 230 230 231 235 237 233 227 225 221 219 224 230 237 238 234 229 228
226 228 230 231 230 228 224 221 221 224 228 225 212 208 220 233 234 202 170 169 182 191 195 202 209 212 212 213 219 216 203 203 211 221 224 216 205 198 196 193 190 193 198 201 202 195 181 170 166 166 162 156 155 164 185 203 209 210 211 214 214 212 213 216 216 214 213 215 216 216 215 215 216 220 224 227 229 230 230 231 235 238 234 227 224 221 219 223 230 234 233 230 225 225
228 229 230 231 230 227 222 219 220 223 228 225 209 204 218 231 235 212 166 156 165 180 190 196 201 205 203 203 210 213 209 203 202 211 216 212 203 194 191 191 192 195 198 201 202 196 184 175 171 171 170 164 158 161 177 198 208 210 210 213 213 211 211 213 213 212 211 213 215 216 215 214 214 217 221 224 225 227 229 229 232 235 233 226 223 222 221 224 229 230 228 225 222 226
229 228 229 232 231 226 222 222 225 225 227 227 211 204 216 228 234 226 178 148 144 165 186 196 199 200 198 199 205 208 205 198 199 209 218 218 212 199 195 196 197 198 198 198 197 195 188 180 176 175 175 169 162 161 172 192 206 210 210 212 213 211 211 212 212 212 211 212 215 217 216 214 213 214 218 221 223 224 227 231 233 235 233 227 225 224 223 224 227 227 225 223 220 226
228 226 227 231 233 229 228 229 231 228 227 230 217 203 211 224 234 233 208 159 132 137 172 195 202 203 204 205 206 206 205 204 207 218 224 225 218 210 205 205 205 203 201 200 199 198 193 186 181 180 178 174 166 163 169 188 204 210 210 211 212 211 212 216 220 223 222 217 217 218 217 215 213 213 215 218 221 223 227 231 234 236 233 228 226 225 223 224 226 226 225 222 219 224
225 224 221 222 223 223 226 231 235 230 226 233 224 200 204 218 230 235 225 199 149 108 109 195 213 210 208 209 213 215 216 220 223 225 228 227 224 222 216 212 212 210 210 209 208 206 201 196 190 186 183 178 171 167 170 184 201 209 210 212 214 215 220 226 232 240 244 238 226 222 219 217 216 215 214 215 217 220 224 228 231 233 232 228 226 224 221 222 224 226 224 219 217 221
219 218 215 213 213 213 216 222 229 229 226 236 231 199 198 212 228 235 233 223 206 129 60 24 289 238 219 218 223 223 221 226 228 228 232 231 227 227 219 212 215 218 220 219 216 215 211 205 197 193 189 182 174 170 171 181 198 207 210 215 219 223 229 231 229 232 237 240 237 230 225 221 219 217 214 213 214 217 220 222 226 229 228 224 223 221 218 219 221 224 222 215 215 223
216 218 216 211 210 212 213 217 223 225 226 239 239 205 198 213 227 233 235 235 233 228 275 8 358 335 294 250 236 224 217 227 232 231 234 233 227 227 223 212 210 216 222 222 219 216 213 205 198 194 191 186 178 173 173 180 199 213 218 222 225 227 228 225 223 224 227 229 232 235 233 229 224 220 217 213 212 214 216 217 220 223 224 221 220 220 217 216 221 223 220 213 214 225
218 219 217 213 211 214 214 216 221 221 224 238 242 219 208 219 228 230 231 235 241 241 235 239 293 349 8 263 213 206 210 227 233 232 235 235 229 228 226 215 208 211 219 223 222 217 211 203 195 193 192 190 183 176 177 185 201 218 226 226 224 222 220 218 219 222 224 226 228 231 238 244 240 232 224 217 212 212 214 214 215 220 222 221 220 220 216 216 222 224 220 212 213 224
213 215 215 210 208 212 214 215 218 217 221 233 240 231 225 231 230 226 224 226 232 239 235 221 206 186 166 173 184 191 204 226 234 233 235 237 231 228 228 220 211 208 214 224 225 221 213 203 194 192 194 193 187 181 179 186 199 211 218 217 213 215 215 214 217 221 223 225 226 227 232 244 253 252 242 229 220 216 216 216 216 221 223 222 221 219 215 215 221 223 217 209 212 224
