windninja/windninja_output/Output_2025-08-09_0200-0250_Google earth_Fire_150m_10min/merlingen_7.5mi_point_08-09-2025_0240_150m_ang.asc
ncols	158
nrows	163
xllcorner	391686.332397
yllcorner	5160024.123721
cellsize	150.000000
NODATA_value	-32768.000000
[rows 42 to 83 of 163, columns 0 to 93 of 158]
230 230 229 229 229 229 229 228 228 227 227 227 227 226 226 226 226 226 226 226 225 225 224 225 225 224 223 223 223 225 229 229 227 223 218 215 218 220 220 219 219 220 220 219 218 215 215 217 218 222 228 229 221 218 224 229 227 227 231 235 233 228 227 227 227 228 229 229 226 222 221 223 222 214 216 220 207 194 198 212 219 221 225 229 231 228 222 221 224 227 231 234 237 241
230 230 229 229 229 229 228 228 228 228 227 227 227 227 227 227 226 226 226 226 226 225 225 225 225 224 224 224 224 226 228 228 225 220 215 212 214 217 217 217 221 224 224 223 220 218 220 224 226 229 233 231 222 219 224 229 229 229 232 235 235 233 232 229 228 228 225 223 221 215 213 216 216 211 213 214 204 196 201 212 219 222 227 231 230 225 222 224 228 230 233 234 238 243
230 230 230 230 229 229 229 228 228 228 227 227 227 227 227 227 226 226 226 226 226 225 225 225 225 225 225 225 225 225 227 227 224 220 215 212 215 220 221 222 224 227 228 227 223 222 225 227 228 229 229 226 221 218 223 227 229 229 232 234 235 235 235 233 233 231 227 223 217 212 212 215 215 213 214 212 204 199 205 215 221 224 228 232 230 225 224 228 231 234 235 236 244 247
230 230 230 230 230 229 229 229 228 228 228 227 227 227 227 227 226 226 226 226 226 225 225 225 226 225 225 225 225 225 226 226 224 220 217 216 220 225 226 225 225 228 231 228 222 222 226 228 229 228 227 226 224 222 225 229 230 231 233 233 232 232 232 232 234 233 229 225 218 216 219 221 222 221 219 215 206 201 208 216 220 225 231 234 230 226 227 230 233 235 237 241 248 248
231 230 230 230 230 230 230 229 229 228 228 227 227 227 227 227 226 227 227 226 226 226 226 226 226 226 226 226 226 226 226 226 225 221 219 219 223 225 226 225 226 230 232 227 221 224 227 229 229 227 227 226 225 226 228 230 231 233 234 232 229 229 229 229 231 232 230 227 221 221 225 227 228 226 223 217 208 203 210 218 224 230 236 236 232 229 229 230 232 234 238 244 248 245
231 231 230 230 230 232 232 230 229 229 228 228 227 227 227 227 227 227 227 227 226 226 226 227 227 227 226 226 226 226 226 226 226 224 222 222 224 225 226 227 229 231 231 225 222 226 230 231 230 226 225 225 225 227 227 228 231 233 234 231 226 229 231 232 234 234 230 227 223 222 226 228 230 228 224 218 212 209 215 225 232 236 237 235 231 230 231 231 232 234 237 242 243 240
231 231 230 229 231 233 233 231 230 229 229 228 228 227 228 228 227 227 227 227 227 227 227 227 227 227 226 226 226 226 226 226 226 226 224 224 226 227 227 229 231 233 230 224 223 228 231 231 228 224 223 225 228 230 228 228 231 232 231 226 224 231 235 237 238 236 231 227 225 224 227 228 229 227 224 220 216 216 221 229 234 235 234 231 228 228 229 229 231 233 236 239 239 237
233 232 230 229 231 234 234 232 230 230 229 228 228 228 228 228 228 228 228 227 227 227 227 227 227 227 226 226 226 226 226 226 226 226 225 224 225 226 227 229 232 233 230 226 227 232 233 230 226 222 221 224 228 228 227 229 232 232 229 224 224 231 237 239 240 236 231 227 226 226 227 228 228 226 223 220 217 217 221 227 231 232 231 229 227 227 226 226 229 231 233 236 236 236
234 232 229 228 231 233 233 232 231 230 229 229 228 228 228 228 228 228 228 227 227 227 227 227 227 227 226 226 227 227 227 227 227 226 226 225 225 226 227 228 230 231 229 227 231 235 234 229 227 225 224 228 228 225 225 228 231 231 227 225 227 233 239 243 240 234 230 227 227 227 228 229 227 225 222 220 217 217 221 226 229 230 229 228 227 227 226 227 230 232 232 234 235 235
237 234 228 228 231 231 231 231 231 229 229 228 228 228 228 228 228 228 228 228 227 227 227 227 227 227 227 227 227 227 227 227 227 227 227 227 227 228 228 228 229 232 230 228 232 236 232 228 228 228 228 230 230 227 228 232 233 230 227 226 229 234 242 245 240 232 228 226 226 227 229 228 226 224 223 222 219 218 221 226 228 230 232 231 229 229 229 231 233 233 232 233 235 235
239 235 228 229 233 232 230 231 231 228 228 228 229 228 229 229 229 228 228 228 228 228 228 228 228 228 227 227 227 227 227 227 227 227 227 228 228 229 229 228 229 232 232 229 231 234 230 224 224 223 222 223 226 227 232 237 234 230 227 228 230 235 243 245 238 229 225 223 225 226 227 226 223 223 224 223 222 221 224 227 228 230 233 235 235 235 235 234 235 234 233 233 233 234
238 235 229 229 233 231 229 231 232 230 228 229 229 229 229 229 229 228 228 229 228 228 228 228 228 228 228 228 228 228 228 228 228 228 228 228 228 229 229 228 229 232 232 228 229 231 226 219 220 220 219 221 224 228 234 237 232 227 227 229 232 237 244 244 235 225 221 220 223 224 223 221 220 222 224 225 223 225 229 230 228 229 231 232 234 238 238 236 235 234 234 233 231 230
234 233 230 228 231 230 227 230 232 232 230 230 230 229 229 229 229 229 229 229 229 228 228 228 228 228 228 228 228 228 228 228 228 228 228 228 229 229 229 229 230 233 233 230 229 229 224 217 219 220 220 224 227 231 237 236 228 224 226 229 231 237 243 241 231 221 215 214 218 220 219 219 221 224 225 225 224 226 231 230 228 229 229 228 228 233 236 237 235 233 233 232 230 230
232 233 232 232 234 234 231 231 232 232 231 231 231 231 230 230 230 229 229 229 229 229 229 229 228 228 228 228 228 228 228 228 228 228 229 229 229 229 229 230 232 235 236 233 231 229 224 219 220 219 220 226 228 233 239 234 223 222 226 229 231 235 239 237 228 218 213 212 216 219 218 220 224 225 225 224 224 227 229 227 226 227 228 226 226 227 228 229 231 233 235 235 234 234
232 233 233 232 235 237 236 233 233 234 232 231 232 232 231 231 231 230 230 229 229 229 229 229 228 228 228 228 228 228 228 228 229 229 229 229 229 229 230 230 232 234 235 233 231 228 224 222 221 218 219 227 230 234 239 231 220 222 226 229 232 235 237 235 227 218 213 213 218 221 221 222 224 224 224 222 223 226 227 225 225 227 228 227 226 226 224 224 226 231 238 242 241 240
234 234 233 231 231 233 235 234 234 234 232 228 230 232 232 231 231 230 230 230 230 229 229 229 229 228 229 229 229 229 229 229 229 229 229 229 229 230 230 230 231 231 232 232 231 230 228 226 224 218 220 229 233 237 239 229 218 222 227 230 233 235 237 235 228 218 213 214 218 221 221 222 223 222 222 220 221 224 224 222 223 225 227 228 229 230 229 226 226 228 235 241 241 242
234 233 233 232 231 231 232 232 233 235 231 227 229 231 233 233 232 231 230 230 230 230 230 230 229 229 229 229 229 229 229 229 229 229 229 229 230 230 230 230 230 231 231 232 232 232 232 232 230 222 221 231 236 239 238 227 219 224 229 232 233 234 235 234 228 219 213 211 214 218 220 221 222 222 221 219 221 223 221 220 220 223 226 228 230 231 231 231 230 231 237 241 240 244
233 233 233 233 233 233 233 233 234 236 234 230 229 231 232 233 233 233 231 231 230 230 230 230 229 229 229 229 229 229 229 229 229 229 229 230 230 230 230 230 230 231 231 231 232 232 232 233 232 227 223 232 238 239 236 228 223 229 234 234 234 234 234 233 229 221 213 208 210 218 221 221 222 222 220 219 222 222 221 220 221 223 225 226 227 229 230 231 233 238 245 246 244 246
233 233 233 233 234 234 235 235 236 236 235 231 229 230 230 230 232 233 233 231 230 230 230 230 229 229 230 230 230 230 229 229 230 230 230 230 230 230 230 230 230 231 231 231 231 231 232 232 231 229 227 235 241 240 236 229 227 234 237 236 235 235 235 233 229 223 215 207 212 221 222 221 222 222 219 219 222 222 221 222 222 225 226 226 226 227 230 233 238 246 248 245 243 239
233 234 234 234 234 234 235 236 236 235 233 230 229 229 229 229 230 231 233 232 231 231 231 230 230 230 230 230 230 230 230 230 230 230 230 230 230 230 230 230 230 231 231 231 231 231 231 232 232 231 231 239 246 244 237 232 235 239 239 238 237 236 236 234 230 225 216 209 216 222 222 222 223 222 220 220 222 221 221 222 223 225 228 228 229 230 233 237 244 249 246 241 237 232
235 235 235 235 234 234 235 236 236 235 234 231 231 230 229 229 229 230 231 232 233 232 232 231 230 231 231 231 230 230 230 230 230 230 230 230 230 230 230 230 231 231 231 231 231 231 231 232 232 232 232 237 247 246 238 236 241 242 241 239 237 236 235 233 229 225 216 212 218 222 221 222 224 222 220 221 222 221 221 221 223 225 228 230 232 235 242 247 249 247 241 238 234 230
238 238 238 237 236 236 235 235 235 235 235 234 232 231 230 230 229 229 229 230 232 232 232 231 230 231 231 231 230 230 230 230 230 230 230 230 230 230 230 231 231 231 231 231 231 231 232 232 233 233 233 235 243 243 236 236 241 243 240 238 234 232 232 232 233 230 221 218 221 221 221 223 224 221 219 219 220 220 219 220 222 224 227 230 232 238 247 251 251 245 236 234 232 230
241 240 239 239 239 239 238 238 237 236 236 235 232 230 230 230 230 229 228 229 230 231 232 232 231 231 232 231 231 231 231 231 230 231 230 230 230 231 231 231 231 231 231 231 231 232 232 232 233 233 234 236 241 242 235 235 241 241 239 237 232 230 232 237 241 236 226 222 221 220 221 223 224 221 217 217 218 217 215 217 220 223 226 230 234 243 248 248 246 237 232 231 229 230
240 238 237 237 238 238 239 239 240 239 238 237 234 231 231 231 231 229 228 229 229 229 230 232 232 232 232 231 231 231 231 231 231 231 231 231 231 231 231 231 231 231 231 231 231 232 232 232 233 234 235 237 241 244 240 239 241 240 238 236 231 228 232 237 236 230 224 221 220 220 221 223 224 221 216 215 216 214 212 216 221 225 228 231 237 246 248 243 236 229 228 228 228 230
233 233 234 236 237 237 235 235 236 237 238 237 234 232 231 231 231 231 230 229 227 226 228 230 231 232 233 232 231 231 231 231 231 231 231 231 231 231 231 231 231 231 231 231 232 232 232 232 233 234 235 237 240 243 244 247 248 244 240 236 228 222 228 231 229 225 222 219 220 221 222 225 225 220 215 213 213 213 212 216 222 225 227 229 236 243 242 237 229 227 225 226 227 229
220 223 227 229 233 235 231 230 233 236 237 236 233 231 230 231 231 231 231 230 228 225 226 227 228 231 233 234 234 233 232 232 232 231 231 231 231 231 231 231 231 231 231 231 232 232 232 233 233 234 235 236 238 241 244 250 256 254 247 240 228 221 227 230 228 225 222 220 221 223 223 226 226 220 215 213 212 211 210 214 218 222 226 229 238 244 240 231 228 226 224 224 227 228
201 214 221 221 224 225 220 221 229 235 235 232 231 229 228 228 231 232 231 231 230 228 227 226 226 227 231 235 237 236 235 233 232 232 232 231 231 231 231 231 231 231 231 232 232 232 232 233 233 234 235 236 237 239 242 246 252 255 253 246 236 232 236 236 232 227 224 222 222 222 223 226 227 222 216 215 213 209 209 214 219 225 231 235 247 249 239 228 226 224 224 225 228 229
197 213 224 224 225 224 217 215 223 227 225 221 221 221 221 222 226 230 232 232 231 231 230 229 225 224 230 235 237 237 236 235 234 233 232 232 232 232 231 231 231 231 232 232 232 232 232 233 233 234 234 235 236 237 239 242 245 248 250 248 244 243 246 244 239 233 229 225 223 222 222 226 228 221 216 216 215 211 210 217 225 232 237 242 254 252 235 226 225 223 223 224 226 228
217 228 243 247 244 238 227 221 227 229 224 219 219 219 219 219 222 226 229 230 231 232 233 232 227 224 229 233 233 234 235 236 235 234 233 232 232 232 232 232 232 232 232 232 232 232 232 233 233 234 234 235 236 236 238 239 240 242 243 244 244 246 250 252 250 246 240 234 229 225 224 228 227 219 215 218 217 214 213 221 230 237 241 249 256 249 231 225 224 223 222 223 225 226
230 236 249 258 259 255 249 245 247 244 236 232 232 229 226 224 224 225 226 227 229 232 233 233 226 222 227 230 230 230 232 234 235 235 234 233 232 232 232 232 232 232 232 232 232 232 233 233 233 233 234 234 235 236 236 237 238 239 240 240 241 243 246 249 251 253 253 249 242 234 229 231 229 220 217 219 219 216 216 224 234 240 246 255 254 239 226 223 223 224 223 223 224 223
237 240 247 252 255 256 256 258 260 255 248 246 245 242 238 234 231 230 228 226 226 228 230 230 224 220 226 230 229 229 229 230 233 234 234 234 233 232 232 232 232 232 232 232 232 232 233 233 233 233 234 234 235 235 236 236 237 237 238 238 239 240 241 242 244 247 251 252 251 248 246 244 236 226 222 223 223 220 218 226 236 243 252 256 248 228 220 222 225 226 224 226 227 227
243 245 250 252 254 255 256 258 259 255 249 247 245 243 241 239 237 236 233 230 228 227 227 227 223 221 226 231 231 230 229 229 231 232 232 233 233 233 232 232 232 232 232 232 232 233 233 233 233 233 234 234 234 235 235 236 236 236 237 237 237 238 239 239 240 241 243 244 247 252 257 257 248 235 229 229 228 225 220 226 237 247 255 252 237 224 220 222 226 226 224 225 229 234
248 250 255 257 258 259 258 258 256 253 250 247 244 241 240 238 237 237 236 234 232 231 230 228 225 222 225 229 231 232 230 229 230 230 229 230 231 232 233 232 232 232 232 232 233 233 233 233 233 234 234 234 234 234 235 235 235 236 236 236 236 237 237 238 238 238 239 240 242 245 249 251 248 240 234 232 230 225 221 227 240 249 252 243 229 222 221 224 227 226 225 223 224 235
251 254 259 263 266 265 265 262 258 254 252 249 246 243 241 239 237 236 235 234 234 234 233 232 229 225 227 230 231 231 231 230 230 231 230 230 231 232 232 232 232 232 232 232 233 233 233 233 233 234 234 234 234 234 234 235 235 235 235 235 236 236 236 237 237 237 237 238 239 240 241 241 241 239 237 235 229 223 221 230 245 249 245 234 224 220 222 225 227 230 233 228 228 242
252 255 260 267 273 274 273 268 263 258 254 251 247 245 243 240 238 237 236 235 234 234 233 233 230 228 229 232 232 231 231 231 232 234 234 233 233 233 233 232 232 232 232 233 233 233 233 234 234 234 234 234 234 234 234 234 235 235 235 235 235 235 236 236 236 236 237 237 238 238 237 237 237 238 238 238 231 222 222 237 248 247 240 232 227 226 228 230 232 239 244 244 249 251
255 256 260 267 276 282 281 277 271 264 257 252 248 246 244 241 239 238 237 235 234 234 233 232 229 228 232 235 234 233 233 233 233 234 234 233 232 233 233 232 231 232 232 233 233 233 234 234 234 234 234 234 234 234 234 234 234 234 234 235 235 235 235 235 235 236 236 236 236 236 236 236 236 236 237 237 233 224 228 244 248 243 236 233 232 236 239 238 239 242 244 245 249 249
259 258 255 263 278 287 289 286 278 269 259 251 247 245 244 242 240 239 237 235 235 234 234 232 228 227 232 235 235 233 232 232 231 231 232 231 231 232 233 233 232 232 233 233 233 234 234 235 235 235 235 235 235 234 234 234 234 234 234 234 234 234 235 235 235 235 235 235 235 235 235 235 235 235 235 236 233 228 234 247 245 236 231 231 230 231 233 234 236 238 240 241 244 244
257 254 248 251 267 282 289 287 279 270 256 248 245 244 242 241 240 239 237 236 235 235 235 232 227 227 231 232 232 230 229 231 231 231 233 232 229 229 232 234 233 232 234 234 235 235 236 236 236 236 236 235 235 234 234 234 234 234 234 234 234 234 234 234 235 235 235 235 235 235 235 235 235 235 234 234 232 230 236 245 240 229 225 224 223 224 227 233 238 241 241 242 242 241
249 245 239 242 248 254 259 255 256 253 245 242 242 242 242 241 240 239 237 236 236 236 235 232 227 227 231 232 231 229 228 230 230 230 231 231 229 228 230 232 231 232 235 237 237 238 238 238 239 239 238 237 235 235 234 234 234 234 234 234 234 234 234 234 234 234 234 235 235 235 234 234 234 234 233 233 232 230 234 237 229 222 221 220 220 224 233 240 243 243 243 242 242 239
247 247 245 245 250 248 231 218 224 227 227 232 238 240 242 241 240 239 238 237 237 236 235 232 227 228 233 233 231 229 228 230 229 229 229 229 228 228 229 230 228 229 233 237 240 242 243 243 245 246 244 239 236 235 234 234 234 234 234 234 234 234 234 234 234 234 234 234 234 234 234 234 234 234 233 233 232 229 229 226 217 216 219 220 222 231 243 245 243 242 242 241 241 238
257 256 253 253 254 245 231 221 219 220 221 228 236 239 241 241 240 241 240 239 238 237 236 233 228 230 234 233 232 231 230 232 233 234 234 231 229 228 229 229 227 225 227 230 233 236 236 237 239 241 242 240 237 235 234 234 234 234 234 234 234 234 234 234 234 234 234 234 234 234 234 234 233 233 233 232 231 229 226 219 208 209 217 222 228 241 246 246 244 242 241 239 239 236
252 248 242 246 245 239 233 228 225 225 226 231 236 240 242 242 242 243 242 241 241 239 238 235 229 229 232 232 231 232 232 233 234 236 238 237 235 233 231 230 228 225 224 224 225 225 225 225 228 229 229 230 232 232 232 233 234 234 234 234 234 234 234 234 234 234 234 234 234 234 234 234 233 233 233 232 231 229 226 219 204 203 212 221 236 248 249 246 244 243 242 240 239 237
