windninja/windninja_output/Output_2025-08-09_0200-0250_Google earth_Fire_150m_10min/merlingen_7.5mi_point_08-09-2025_0230_150m_ang.asc
ncols	158
nrows	163
xllcorner	391686.332397
yllcorner	5160024.123721
cellsize	150.000000
NODATA_value	-32768.000000
[rows 0 to 41 of 163, columns 0 to 93 of 158]
202 201 199 197 197 198 198 197 197 197 197 197 197 200 204 210 215 214 210 210 203 195 195 199 202 204 204 201 200 202 203 204 206 206 205 209 213 214 215 212 210 210 211 212 213 214 217 214 206 202 202 201 202 203 205 206 207 208 208 208 206 207 207 206 204 204 206 208 210 210 210 210 210 209 209 210 212 215 216 214 213 213 215 218 220 219 216 217 219 217 217 218 216 215
202 201 198 196 197 198 199 199 199 198 196 195 195 198 203 208 208 205 202 202 198 191 192 198 202 204 202 200 201 203 204 205 206 205 205 208 210 209 208 207 206 207 207 208 208 208 209 207 202 201 202 203 205 207 207 208 207 207 208 208 207 207 207 206 204 205 207 210 211 210 209 209 209 208 209 210 212 214 214 212 212 214 215 218 220 218 215 216 219 218 218 219 218 217
201 200 197 196 197 199 200 201 199 195 192 191 192 196 201 204 202 199 198 198 195 188 186 194 203 205 202 201 202 205 206 206 205 204 204 205 205 204 204 203 202 202 202 203 202 202 202 202 200 200 202 203 207 209 208 207 206 206 207 207 206 205 205 205 205 205 208 211 212 210 208 209 209 208 209 210 210 212 212 210 210 213 216 216 217 215 210 212 216 217 218 218 217 215
194 196 197 196 197 197 196 195 192 190 189 189 191 194 198 201 200 199 199 200 198 192 186 189 198 202 201 201 201 202 204 205 204 203 201 201 202 203 203 201 199 199 199 199 199 199 199 200 201 200 200 201 204 206 206 205 205 206 206 207 205 204 204 205 205 205 207 211 212 211 209 209 209 209 210 210 210 212 214 211 208 211 215 213 215 214 207 206 209 210 212 213 211 209
187 192 197 197 197 195 192 190 189 191 192 190 190 193 196 199 201 201 202 203 201 195 187 185 191 196 198 198 198 199 200 202 202 200 199 200 202 201 200 198 196 195 196 196 197 198 199 200 201 201 202 203 204 205 206 206 206 206 206 206 206 205 205 206 206 206 207 210 213 211 210 210 211 210 211 212 212 214 214 212 209 211 214 212 214 215 207 202 203 204 206 208 206 203
186 189 194 196 196 193 190 189 191 193 194 192 189 191 195 199 203 206 206 207 205 199 189 182 184 191 195 197 197 197 198 199 199 199 199 199 198 197 196 195 194 194 195 197 199 201 202 202 202 203 204 205 206 206 207 207 207 206 205 205 205 205 205 205 206 206 207 210 212 210 210 212 211 209 208 211 212 213 213 214 214 213 214 213 213 215 211 203 201 200 201 203 202 198
189 189 190 193 194 193 192 192 194 195 194 191 188 190 196 200 204 206 206 205 205 202 193 181 180 187 193 195 196 197 197 198 198 199 199 197 195 195 195 196 196 197 198 201 202 204 204 204 204 205 205 206 206 207 208 208 207 206 205 204 203 202 203 205 206 206 206 209 210 208 208 209 209 206 205 208 210 211 211 212 214 213 211 212 214 217 216 210 204 198 197 200 201 200
191 191 190 190 192 194 195 197 197 195 192 189 187 189 196 200 202 204 205 204 204 202 197 187 179 182 189 192 193 195 197 197 199 200 199 198 197 197 199 200 201 202 203 204 205 205 205 206 205 205 206 206 206 207 208 208 206 205 203 201 200 200 201 204 205 206 206 208 209 207 206 208 208 206 205 207 211 213 211 211 214 213 209 210 212 213 213 211 206 200 197 200 204 206
191 192 192 191 192 195 198 199 197 194 190 186 184 187 194 199 200 202 203 204 203 203 200 193 184 179 184 189 191 195 197 197 199 201 201 201 201 202 204 205 206 207 207 207 207 206 206 207 206 205 206 206 206 207 209 207 204 203 202 201 201 201 201 204 207 208 207 206 207 206 207 210 211 210 209 209 213 214 212 213 216 214 207 204 205 205 206 206 202 196 194 196 199 200
191 192 193 193 193 195 197 197 196 193 190 186 182 184 192 199 200 200 200 201 202 202 200 195 189 182 181 188 191 193 197 197 198 201 203 204 205 206 208 209 210 209 208 208 208 208 208 208 207 205 207 208 207 207 209 208 206 205 206 207 208 207 205 207 210 209 207 206 206 208 211 213 213 212 211 212 215 214 210 210 212 211 206 201 201 201 202 201 197 195 196 197 195 195
192 193 194 194 194 195 195 195 194 192 190 187 183 183 189 197 199 199 197 198 200 200 200 197 193 188 184 188 192 193 196 199 199 202 206 207 208 208 209 209 209 209 209 209 211 211 209 211 211 209 211 211 209 209 212 214 215 215 218 218 218 217 214 213 214 212 210 209 208 212 215 214 212 211 212 215 217 214 206 204 206 208 207 203 201 199 199 200 198 198 202 201 198 197
192 193 194 194 194 194 194 194 193 192 191 188 185 183 187 193 196 197 197 197 198 200 200 199 196 193 191 192 194 196 199 202 203 204 208 210 211 210 209 209 209 210 210 211 213 213 213 216 220 221 223 223 223 226 230 232 231 231 232 234 237 237 233 227 224 220 218 215 212 212 213 212 211 209 209 210 210 207 201 198 202 206 206 203 198 195 197 202 200 197 204 208 205 201
193 193 194 194 194 194 194 194 193 193 191 190 188 186 188 191 193 194 196 197 197 199 201 202 201 201 199 198 198 200 202 203 204 205 209 212 212 211 210 209 210 211 211 211 214 216 218 223 231 235 238 242 246 251 255 254 248 243 243 247 252 254 254 257 255 246 237 224 211 208 210 212 211 206 201 200 201 202 199 197 199 203 203 202 199 197 200 204 201 196 204 212 210 204
194 193 193 194 194 194 194 194 194 193 192 191 189 189 190 193 192 191 194 197 198 200 204 207 208 206 203 200 200 201 203 205 206 207 209 211 211 210 210 211 213 216 219 222 226 228 226 225 229 234 238 242 246 252 259 264 261 252 244 242 243 242 241 244 253 259 258 244 211 203 208 210 209 203 197 197 200 203 203 201 201 201 201 204 205 203 204 209 207 202 208 217 218 216
194 194 194 194 194 194 194 194 194 193 192 191 189 188 191 194 194 190 191 197 200 203 207 210 210 206 203 201 201 203 205 206 206 206 206 207 210 212 215 219 226 231 237 242 242 239 234 226 222 225 228 229 229 231 235 240 241 235 225 224 225 223 218 217 220 225 226 225 216 185 196 204 205 202 199 201 204 208 211 210 206 203 204 209 212 211 213 216 216 215 222 233 235 236
194 194 194 194 194 194 194 194 194 193 192 191 189 186 188 193 194 193 192 196 200 203 206 208 208 205 201 202 203 203 203 203 202 204 207 212 220 225 229 234 239 239 237 235 231 227 227 224 220 220 219 215 211 210 212 215 217 212 207 211 214 213 211 209 210 212 211 209 208 184 165 191 202 203 203 203 207 213 215 213 208 206 212 217 220 222 225 228 228 228 233 240 242 242
194 194 194 194 194 194 194 194 194 193 192 191 189 186 184 190 195 196 196 196 199 201 203 205 205 204 202 201 202 201 201 203 206 212 221 229 234 236 234 232 229 224 220 220 218 216 218 218 215 212 211 208 205 205 207 211 213 208 201 204 209 211 210 206 207 211 210 207 205 199 183 175 196 200 200 204 208 211 211 210 210 213 219 225 231 236 238 240 242 236 230 230 231 233
194 194 194 194 194 194 194 194 194 193 193 192 190 187 185 188 195 198 198 199 200 202 203 204 205 206 204 202 201 202 205 210 216 221 225 226 225 223 220 218 216 214 215 217 217 215 214 211 207 205 205 205 205 207 209 210 211 208 201 201 207 210 209 206 205 208 209 207 207 205 198 188 188 191 193 201 204 208 213 217 221 224 227 232 237 242 243 241 240 236 228 226 226 227
194 194 194 194 194 194 194 194 193 193 193 193 191 190 188 189 194 199 201 203 204 204 204 205 207 208 206 204 204 207 212 215 217 217 218 218 218 216 214 214 214 215 216 216 216 215 211 205 205 207 206 206 207 208 208 207 208 207 203 202 207 210 209 206 204 206 210 211 209 206 199 193 192 194 193 196 207 219 231 237 239 239 237 233 230 230 229 229 231 230 225 223 225 225
195 194 194 194 194 194 194 194 194 193 194 194 192 191 191 192 195 200 203 204 204 204 203 204 205 206 206 206 207 209 212 214 215 217 219 220 219 215 212 211 211 211 212 212 211 210 208 205 205 210 211 209 207 205 204 204 205 207 206 206 209 214 212 208 206 207 210 211 207 202 198 195 196 199 197 197 210 230 240 240 239 237 231 224 222 223 223 224 228 228 219 213 221 225
195 194 194 194 194 194 194 194 194 194 194 194 193 193 193 194 196 199 200 201 201 202 202 202 203 205 206 207 207 208 209 210 212 214 213 212 211 207 204 205 207 208 210 210 208 208 208 208 207 209 211 209 206 202 201 203 204 206 208 209 211 215 214 208 207 207 206 205 203 200 200 200 202 203 200 197 203 212 220 226 226 225 222 219 217 220 222 224 227 226 217 208 216 223
194 194 194 194 194 194 194 194 194 194 194 194 194 194 194 195 196 198 198 199 200 200 201 201 203 204 205 206 207 207 206 206 207 206 204 204 204 204 203 205 207 208 209 209 209 210 210 208 206 206 208 207 206 203 202 203 204 205 208 210 211 213 213 208 205 204 201 201 202 203 204 205 206 207 202 195 196 204 211 216 219 220 221 218 213 216 218 221 224 223 215 205 210 220
194 194 194 194 194 194 194 194 195 194 193 194 194 194 194 195 195 197 197 198 199 199 200 201 202 203 205 206 207 206 203 201 201 202 203 204 206 208 208 207 207 207 208 210 211 210 207 205 204 205 206 207 207 206 203 202 203 203 205 209 211 212 212 207 202 198 196 199 204 207 208 208 209 209 202 191 189 198 205 211 215 216 217 217 211 211 211 215 219 219 213 203 207 217
194 194 194 194 194 194 194 194 195 194 193 193 194 195 194 194 195 196 197 197 198 198 199 200 201 203 205 207 208 207 202 198 199 203 206 209 211 212 211 208 206 206 207 209 209 205 204 205 205 205 207 208 207 206 204 201 202 202 202 206 210 212 212 205 197 195 198 203 209 212 212 210 210 208 201 193 189 193 201 209 213 214 215 217 213 209 207 212 218 219 213 204 208 217
194 194 194 194 194 194 194 194 194 194 194 193 194 195 194 195 195 195 196 197 197 198 199 200 201 203 206 210 212 209 203 199 200 204 208 210 212 212 210 207 204 204 204 205 204 204 205 207 208 207 208 208 206 205 204 202 202 203 202 204 209 212 209 204 198 199 205 212 217 219 217 213 209 205 202 200 196 195 199 205 211 212 212 214 214 211 207 212 220 221 213 205 210 217
194 194 194 194 194 194 194 194 194 194 194 194 194 194 194 195 195 195 196 196 197 198 198 199 200 202 206 210 212 210 205 202 199 200 204 207 210 212 210 205 203 201 200 202 204 206 208 209 208 207 207 208 208 206 204 201 202 205 206 206 207 206 204 202 202 203 207 213 217 220 219 212 206 205 203 202 205 202 195 197 204 207 208 210 212 211 206 208 217 220 210 201 207 214
194 194 194 194 194 194 194 194 194 194 194 194 194 194 194 195 195 195 196 196 196 197 197 197 198 200 203 208 211 210 208 205 202 199 200 203 206 210 208 203 200 199 198 201 204 204 206 207 207 205 206 209 209 206 201 198 201 207 208 205 202 201 202 205 207 208 209 211 214 216 215 209 205 204 201 199 206 209 197 188 196 203 205 207 209 209 205 206 215 217 207 197 202 211
194 194 194 194 194 194 193 193 194 194 194 194 194 194 194 194 195 195 195 196 195 195 195 196 197 197 199 204 208 209 210 209 205 201 199 200 202 207 208 202 198 197 196 198 200 199 201 205 206 204 203 205 206 203 199 195 199 205 204 200 200 203 205 209 213 214 212 210 211 212 213 210 206 203 198 196 204 211 205 190 190 198 203 205 208 209 207 208 215 217 209 196 196 207
194 194 194 194 194 193 193 193 194 194 194 195 195 194 194 194 194 194 194 195 195 195 195 195 195 194 194 198 202 205 208 209 206 203 198 193 195 202 204 199 195 194 194 195 195 196 198 202 206 203 198 201 203 203 201 194 193 199 202 201 202 206 208 209 212 214 211 209 210 211 212 210 206 203 199 196 201 213 214 203 191 192 199 205 211 214 214 213 217 218 213 203 196 202
194 194 194 194 194 193 193 194 194 194 194 194 194 194 194 193 193 193 193 194 194 194 194 194 192 190 189 192 197 200 203 207 207 202 193 187 188 194 198 194 191 191 192 194 193 194 196 198 200 199 196 198 201 204 203 195 191 197 204 207 206 210 213 213 214 214 209 206 210 213 213 211 209 207 202 198 201 212 219 215 200 189 196 208 216 219 218 216 217 217 215 211 203 201
194 194 193 194 194 193 193 194 194 194 194 194 194 194 194 193 193 193 193 193 194 193 193 192 191 188 186 189 194 198 203 207 206 199 190 184 186 191 193 191 189 190 192 194 194 193 194 194 195 197 197 198 202 206 206 200 197 200 207 213 214 214 218 220 219 215 206 205 214 219 218 217 215 209 200 196 199 208 217 218 208 193 195 207 213 213 212 213 214 216 217 217 216 213
194 193 193 194 194 193 193 193 194 194 194 194 194 194 194 193 193 193 193 193 193 192 192 192 189 187 186 188 193 200 206 205 202 198 192 185 185 188 190 191 191 193 194 197 197 195 195 195 197 202 203 204 207 212 211 205 204 207 212 219 218 213 216 221 222 215 204 205 216 223 221 218 213 204 196 195 198 205 213 217 212 200 198 204 210 212 214 217 220 222 223 223 224 225
194 194 193 194 194 193 193 193 194 193 193 194 194 193 193 193 193 193 192 192 192 191 191 191 189 186 185 186 190 195 197 197 198 201 197 186 183 187 190 194 197 198 198 200 200 199 199 201 204 208 210 210 211 214 214 206 204 208 215 222 221 213 209 214 219 215 202 200 213 221 217 209 203 198 194 194 196 201 210 216 215 208 205 206 210 217 222 223 225 227 228 228 228 228
194 194 194 193 193 193 193 193 194 193 193 193 193 193 193 193 193 192 192 192 191 190 189 189 188 186 184 184 184 186 190 194 198 203 201 186 180 188 193 197 200 200 200 202 203 203 205 208 210 212 213 213 213 216 215 209 204 208 215 221 219 208 201 207 215 216 206 199 209 216 210 203 200 198 194 193 193 196 205 213 215 212 211 210 208 211 218 219 219 222 224 226 228 228
193 194 194 193 193 193 193 193 194 193 193 193 193 193 193 193 193 192 192 191 191 190 188 187 187 186 184 183 181 182 187 193 198 201 201 191 181 188 196 198 201 204 206 208 210 210 212 213 214 215 215 216 217 218 217 214 210 210 217 222 219 207 196 200 212 217 213 205 205 209 207 205 204 201 197 193 191 193 201 210 213 212 212 213 209 207 214 216 214 216 218 220 222 223
193 193 193 193 193 193 193 193 193 193 193 193 193 193 193 193 192 192 192 191 191 190 188 187 186 185 185 183 183 183 185 190 193 196 198 196 190 192 199 203 207 211 213 213 212 213 213 212 212 213 214 215 215 214 213 212 212 213 219 225 225 213 197 195 208 215 216 210 203 205 209 212 211 207 201 195 193 198 206 212 214 213 214 218 217 209 209 213 211 210 212 214 218 223
193 193 192 193 194 194 193 193 193 193 193 193 193 193 193 192 192 192 191 191 191 190 189 188 186 185 183 184 185 184 181 183 187 192 198 201 199 199 206 212 214 214 214 212 211 211 209 209 210 211 212 211 210 209 207 208 210 213 216 223 225 217 201 192 201 211 215 212 207 207 213 220 219 210 201 196 196 203 212 214 214 215 217 221 223 216 204 208 209 207 207 212 218 223
193 192 192 193 194 194 194 193 193 193 193 192 192 193 192 192 192 192 191 191 191 190 189 188 186 184 183 183 183 180 178 180 184 193 201 203 204 209 214 215 213 212 211 209 209 209 207 207 208 210 210 207 206 207 207 206 207 210 212 216 220 216 205 194 196 208 217 218 214 211 214 217 213 204 199 199 197 197 208 213 211 212 215 218 222 219 203 200 207 207 206 211 217 221
192 192 192 193 194 194 194 194 193 193 192 192 192 193 192 192 192 191 191 191 191 190 189 188 186 184 182 180 177 177 178 181 186 194 201 204 208 215 216 213 210 208 207 206 206 205 203 202 203 205 205 201 201 205 206 202 200 204 206 209 211 211 207 199 196 206 220 224 219 213 210 206 203 201 200 202 195 188 202 212 209 206 210 214 220 219 207 197 201 206 207 211 219 224
193 193 193 194 194 194 194 193 192 192 192 193 192 193 192 192 192 191 191 191 191 190 189 188 187 185 182 177 174 177 180 182 186 193 200 205 207 210 211 210 209 207 204 201 201 202 202 199 198 202 203 199 195 197 200 197 193 196 200 202 205 208 210 207 201 205 221 226 219 211 204 202 204 205 203 201 193 183 193 207 208 207 211 215 221 221 211 198 197 203 207 212 223 228
194 193 193 194 194 194 194 193 192 192 193 193 192 192 192 192 192 192 191 191 190 190 189 189 187 185 182 178 176 180 182 182 185 192 201 205 204 204 206 207 206 204 201 198 198 200 200 197 195 199 203 198 189 189 195 196 192 193 198 203 206 210 215 215 207 206 218 222 215 206 203 208 212 206 200 198 191 182 187 202 207 208 210 214 220 220 211 200 197 202 205 214 225 230
195 194 194 194 194 194 193 193 193 193 192 192 192 192 192 192 192 192 191 191 190 190 190 189 188 186 184 181 180 181 183 184 185 191 197 200 201 202 202 201 200 198 198 198 196 194 194 195 194 196 200 197 188 186 194 200 199 199 205 212 214 213 215 216 211 208 214 215 208 204 207 211 210 199 194 196 190 184 187 200 208 207 209 212 213 212 207 202 201 203 205 215 225 230
