windninja/windninja_output/Output_2025-10-23_0200-0250_Google earth_Fire_150m_10min/merlingen_7.5mi_point_10-23-2025_0200_150m_ang.asc
ncols	158
nrows	163
xllcorner	391686.332397
yllcorner	5160024.123721
cellsize	150.000000
NODATA_value	-32768.000000
[rows 42 to 83 of 163, columns 0 to 94 of 158]
121 125 133 142 148 152 155 157 159 161 161 162 162 162 163 163 163 163 163 162 162 162 162 162 161 161 160 159 158 156 154 155 157 161 166 172 173 168 165 164 163 164 166 165 162 162 164 166 166 161 153 151 155 157 155 154 157 160 157 156 160 162 160 161 161 156 151 151 154 160 165 161 157 158 152 152 165 177 175 169 166 163 157 153 150 153 163 167 161 154 149 146 143 142 147
118 121 128 135 142 147 151 154 156 158 160 160 161 161 162 162 162 162 162 162 162 162 162 161 161 161 160 159 158 156 155 156 158 161 165 168 166 162 161 161 161 162 161 158 159 163 166 166 162 156 149 149 156 161 158 156 159 162 161 157 155 154 152 153 154 153 153 154 160 170 171 166 163 161 157 160 173 182 179 170 164 161 155 149 149 157 169 168 160 154 150 148 143 141 149
117 119 124 130 136 142 147 151 153 156 157 158 159 160 161 161 161 161 161 161 162 161 161 161 161 160 160 159 158 157 156 157 158 161 162 162 158 155 156 159 160 159 156 154 160 168 168 164 158 154 152 154 161 165 164 163 164 165 161 156 154 152 150 150 147 148 151 154 163 172 171 168 168 166 164 170 182 188 183 171 161 156 150 146 150 163 168 163 157 153 150 147 140 138 148
116 118 122 128 133 138 143 147 150 153 155 156 158 159 160 160 161 161 161 161 161 161 161 161 160 160 159 159 158 158 157 157 158 160 161 158 154 152 155 158 159 156 153 155 165 171 167 160 154 152 153 158 164 170 170 168 167 163 157 155 154 153 153 150 146 145 148 153 161 167 167 167 168 168 171 178 189 192 182 169 158 151 146 144 152 163 162 158 155 152 150 144 138 139 148
117 118 122 126 130 135 139 143 147 150 153 154 156 157 158 159 159 159 160 160 160 160 160 160 159 159 159 159 158 158 157 157 157 158 159 157 155 153 154 156 155 153 152 158 168 167 161 155 151 152 157 162 170 176 174 170 166 158 152 152 154 154 151 150 147 146 148 153 160 163 161 162 165 168 176 185 192 189 175 162 154 147 143 144 153 158 156 153 153 152 149 143 140 143 150
116 118 121 124 128 131 135 140 144 147 150 152 154 155 156 157 158 158 159 159 159 159 159 159 158 158 159 158 158 158 157 156 156 156 156 156 155 153 153 153 153 152 154 163 169 162 154 150 151 157 162 169 177 176 174 170 161 155 151 151 153 151 147 146 145 144 149 154 160 162 160 160 163 169 179 189 192 183 167 156 148 144 143 149 155 155 153 152 151 149 147 145 145 149 154
116 118 120 123 126 128 132 137 141 144 147 150 152 154 155 156 156 157 157 158 158 159 158 158 158 158 158 158 158 157 157 156 156 156 156 155 154 152 152 152 150 150 154 163 164 157 151 150 154 162 171 179 178 173 171 165 156 152 150 153 153 148 143 142 141 142 148 155 159 161 160 160 163 170 182 190 189 178 165 155 149 148 149 153 156 156 154 154 152 149 148 147 149 154 157
116 118 120 122 124 126 130 134 138 142 145 148 150 151 153 154 155 156 156 157 157 157 157 157 157 157 157 158 157 157 157 156 156 156 156 155 154 153 153 152 150 150 153 158 157 151 149 152 159 169 181 181 174 170 167 160 152 148 149 153 154 148 142 138 139 142 148 154 159 161 161 162 165 174 183 185 181 174 166 159 154 153 153 155 156 156 155 155 151 149 150 150 152 156 159
116 118 120 122 124 126 130 133 137 140 143 146 148 150 151 153 154 154 155 156 156 156 157 157 157 157 157 157 157 157 156 156 156 155 155 154 154 153 153 152 151 151 153 155 152 148 148 154 165 179 183 172 166 165 163 156 150 148 150 153 153 148 140 135 138 144 149 155 158 160 160 162 168 175 178 176 174 171 166 160 156 154 155 156 155 154 153 151 148 148 150 151 154 159 163
116 118 121 123 124 127 131 133 136 138 141 144 146 148 150 151 152 153 154 154 155 155 156 156 156 156 157 156 156 156 156 155 155 155 154 154 152 152 152 152 152 151 151 153 150 147 149 161 178 184 175 165 161 160 156 149 146 147 152 155 154 148 138 133 138 146 152 157 159 160 161 164 169 173 172 170 169 167 164 159 156 155 153 153 153 151 149 146 145 146 149 151 153 160 166
116 119 122 122 123 126 130 132 135 139 141 142 145 146 148 149 150 152 153 153 154 154 155 155 155 155 156 156 155 155 155 155 155 154 154 153 152 151 151 152 152 149 149 151 150 148 153 170 179 174 168 164 162 158 151 144 144 149 155 158 155 148 137 133 139 148 155 160 162 162 163 166 170 171 168 166 166 163 159 155 156 156 153 151 148 146 145 145 144 145 148 150 153 158 160
116 119 123 124 124 127 130 131 133 137 139 141 143 145 146 148 149 150 151 152 152 153 153 154 154 155 155 155 155 155 154 154 154 154 153 153 152 152 151 152 151 149 149 150 151 152 159 170 170 165 164 163 160 155 147 142 145 154 159 159 155 147 136 134 142 152 159 164 165 163 164 167 170 170 167 166 165 161 154 152 155 155 155 154 151 146 144 145 145 146 148 149 152 154 149
117 118 123 126 125 127 131 131 132 134 137 139 141 143 145 146 148 149 150 151 151 152 152 152 153 154 154 154 154 154 154 154 154 153 153 153 152 152 151 151 150 147 147 149 150 152 159 165 161 160 163 161 156 151 144 142 150 161 163 159 155 146 137 137 145 156 163 169 168 166 167 171 173 169 166 165 165 161 154 153 154 154 154 157 158 154 150 148 148 149 149 149 151 150 137
118 118 120 123 123 123 127 130 131 133 135 137 139 140 143 145 146 147 149 150 150 151 151 152 152 153 153 153 153 153 153 153 153 153 152 152 152 151 151 150 148 145 145 148 149 151 155 158 157 158 162 159 155 150 142 144 157 165 162 157 153 147 141 140 148 159 166 170 169 168 173 177 172 167 165 165 165 160 155 155 155 153 153 156 159 159 160 160 157 152 147 145 146 145 135
119 118 119 121 121 121 123 127 129 130 134 137 137 138 141 143 144 146 147 148 149 150 150 151 151 152 152 152 152 152 152 152 152 152 152 152 151 151 151 150 148 147 146 148 149 150 152 153 154 158 161 156 153 148 141 147 162 165 160 155 150 146 142 142 149 160 167 170 169 172 180 176 169 166 165 166 164 158 156 156 156 153 152 154 156 158 164 169 168 160 148 143 146 146 140
118 118 119 121 123 124 124 127 129 130 134 139 139 138 139 141 143 144 145 147 147 148 149 150 150 151 151 151 151 152 152 152 152 152 151 151 151 151 150 150 149 149 149 148 149 149 148 149 151 155 158 153 150 146 140 149 163 163 157 152 148 145 143 143 150 161 167 170 174 178 176 169 166 166 165 166 163 158 157 158 158 156 154 154 153 155 160 167 168 162 154 149 148 147 142
119 119 120 121 123 125 126 128 130 130 134 139 139 138 138 139 140 143 144 145 146 147 148 148 149 150 150 150 151 151 151 151 151 151 151 151 151 150 150 150 150 149 149 148 148 147 146 146 147 151 155 152 148 144 142 151 161 158 152 149 147 146 144 145 152 162 169 173 179 176 168 165 165 164 164 163 160 156 157 160 161 159 157 156 156 157 159 161 160 155 148 146 147 146 141
118 119 120 121 121 123 125 127 129 129 131 136 138 138 138 138 139 140 142 144 145 146 146 147 148 149 149 149 150 150 150 150 150 150 150 150 150 150 150 150 149 149 149 149 148 147 147 146 146 149 153 151 146 143 142 151 158 152 147 146 146 146 146 148 153 162 169 177 179 171 165 164 163 162 162 161 157 155 157 160 162 161 160 161 162 162 162 159 154 147 142 140 142 142 141
119 119 120 120 121 122 123 125 126 128 131 135 137 139 140 141 139 139 140 142 144 145 146 147 148 148 148 148 149 149 149 149 149 150 150 150 150 150 149 149 149 149 149 149 148 148 148 148 148 149 151 148 142 140 142 151 153 147 144 143 144 145 146 148 154 161 169 180 177 166 163 162 160 159 160 159 156 156 160 161 162 161 160 162 163 162 160 155 148 142 139 139 140 143 152
120 120 120 121 122 123 123 124 126 129 132 136 138 138 141 142 142 140 140 141 142 143 144 146 147 147 147 147 148 148 148 149 149 149 149 149 149 149 149 149 149 149 149 149 148 148 148 148 148 149 149 146 140 137 141 148 147 142 141 141 142 144 145 148 154 161 172 182 172 162 161 160 157 157 159 157 156 159 163 164 163 162 162 162 160 156 152 148 143 139 139 141 143 153 168
120 120 120 120 121 123 124 125 127 129 131 135 136 137 140 142 142 142 141 141 141 142 143 144 146 146 146 146 147 147 148 148 148 148 148 148 149 149 149 149 149 149 149 148 148 148 148 148 148 148 149 148 141 137 142 146 141 139 139 140 142 144 145 149 154 161 176 179 166 160 160 158 156 156 157 157 159 162 165 166 166 166 166 163 158 151 144 142 139 138 140 143 148 164 181
122 120 119 119 121 123 124 125 127 129 130 133 135 136 138 140 142 143 143 142 141 141 142 144 145 145 145 145 146 147 147 147 147 148 148 148 148 148 148 148 148 148 148 148 148 148 148 147 147 147 148 148 143 141 146 147 141 138 139 141 145 147 147 150 152 158 172 168 161 160 159 157 154 155 158 160 162 164 167 169 170 170 169 163 159 149 142 139 136 136 141 147 158 178 198
123 122 119 119 120 122 123 123 125 127 129 131 135 137 138 139 141 142 144 144 143 142 142 142 144 144 144 144 145 145 146 146 147 147 147 147 147 147 148 148 148 148 148 148 148 147 147 147 147 147 147 146 143 142 146 147 141 139 140 142 145 150 151 148 144 151 159 158 158 159 159 156 154 155 159 162 164 165 170 172 173 173 168 162 155 144 139 137 135 137 147 155 173 200 223
126 124 121 121 121 122 123 122 122 124 126 129 134 137 138 138 139 141 143 145 145 144 142 141 142 143 143 144 145 145 145 146 146 146 146 147 147 147 147 147 147 147 147 147 147 147 147 147 146 146 146 145 142 140 143 145 141 139 140 141 144 155 159 151 150 154 156 156 157 157 157 155 153 156 160 162 163 166 172 175 175 172 165 160 151 140 136 135 138 147 156 170 199 227 258
128 125 122 122 121 123 125 126 125 126 128 130 133 136 137 138 138 139 141 143 146 147 145 143 143 142 142 143 144 144 145 145 145 145 146 146 146 146 147 147 147 147 147 147 147 147 147 146 146 146 145 144 142 140 140 141 138 136 137 138 148 162 158 153 153 154 155 157 157 156 155 153 152 156 160 161 162 167 174 177 174 168 162 157 148 139 135 136 145 156 169 196 227 264 287
130 128 127 126 124 126 130 131 128 127 129 131 134 136 137 138 137 138 140 141 145 148 148 146 145 143 141 141 141 142 143 144 144 145 145 145 146 146 146 146 146 146 146 146 146 146 146 146 146 145 145 144 142 141 139 137 134 131 130 134 149 157 152 149 151 153 156 158 156 154 154 152 151 155 159 161 163 168 174 172 166 161 154 149 142 134 130 137 150 165 193 227 265 285 292
129 129 132 135 134 135 139 140 133 129 130 133 135 137 139 139 137 138 139 140 141 144 146 147 148 147 143 139 138 139 141 142 143 144 144 145 145 145 145 146 146 146 146 146 146 146 146 146 145 145 144 144 143 142 140 137 134 130 128 131 141 147 145 144 146 150 155 157 156 155 154 151 149 152 158 160 163 167 169 164 157 151 143 138 132 123 121 138 156 186 225 267 286 292 288
123 123 127 132 134 136 144 148 141 138 140 144 144 144 145 145 142 139 139 139 140 141 142 144 148 150 145 139 138 138 139 140 142 143 143 144 144 145 145 145 145 145 145 146 146 145 145 145 145 145 144 144 143 142 141 139 137 135 133 132 136 138 138 138 139 144 149 152 154 155 156 152 148 152 158 160 162 165 164 157 149 142 134 130 126 119 122 144 172 221 259 279 283 279 251
119 119 117 118 119 122 133 141 138 137 142 148 149 149 150 149 147 143 141 140 140 139 139 140 146 151 145 140 140 139 139 139 140 141 142 143 143 144 144 145 145 145 145 145 145 145 145 145 145 144 144 144 143 142 141 140 139 138 137 136 137 136 133 131 130 134 139 143 147 152 155 151 148 154 159 161 161 161 159 152 144 137 133 129 123 120 128 151 206 257 274 275 260 226 183
119 118 116 114 112 110 115 124 125 124 128 135 137 141 144 146 146 145 144 143 141 139 138 139 146 151 146 143 144 143 141 140 139 140 141 142 143 143 144 144 144 144 145 145 145 145 144 144 144 144 144 143 143 143 142 141 141 140 139 139 139 137 135 133 131 131 130 131 135 143 149 146 146 154 160 160 159 158 157 151 144 138 136 130 122 122 139 173 259 279 279 260 213 179 167
120 119 118 117 115 113 115 118 118 114 113 118 122 127 131 135 138 140 142 145 145 143 141 142 147 149 145 142 144 145 144 143 141 140 140 141 142 143 143 144 144 144 144 144 144 144 144 144 144 144 143 143 143 143 142 142 142 141 141 140 140 139 138 138 136 134 132 130 131 134 137 137 140 150 156 156 154 154 157 155 149 143 137 129 123 129 162 234 280 281 259 215 178 156 149
121 120 119 118 117 116 117 117 116 114 115 119 123 127 129 131 133 134 136 141 143 144 144 144 147 149 145 142 142 143 145 144 142 141 141 141 141 142 142 143 143 144 144 144 144 144 144 143 143 143 143 143 143 143 142 142 142 142 142 141 141 141 140 139 139 138 137 136 134 133 131 129 130 141 148 149 150 152 158 160 153 144 136 128 126 143 215 275 278 241 192 175 170 157 148
122 120 119 118 116 115 116 116 116 116 119 121 124 127 130 132 133 133 135 137 138 139 141 143 146 148 146 143 141 141 143 144 143 143 144 144 142 142 142 143 143 143 143 143 143 143 143 143 143 143 143 143 143 143 142 142 142 142 142 142 142 141 141 141 140 140 140 139 138 137 135 132 133 139 145 147 149 154 161 161 152 142 132 127 132 192 281 288 226 179 157 160 164 150 144
123 120 117 116 114 113 113 115 116 118 120 121 124 126 129 132 133 133 135 136 136 136 137 139 142 145 144 142 141 140 142 143 142 142 143 144 143 142 142 142 143 143 143 143 143 143 142 142 142 142 142 142 142 142 142 142 142 142 142 142 142 142 142 141 141 141 141 141 140 140 139 139 139 142 144 145 148 156 163 157 145 136 128 125 158 277 291 266 150 143 134 147 148 138 137
127 120 114 112 111 110 111 113 114 117 119 122 125 126 128 131 132 132 134 135 136 136 137 138 140 143 141 139 140 140 141 141 140 138 138 140 141 141 141 142 143 143 142 142 142 142 142 142 142 142 142 142 142 142 142 142 142 142 143 142 142 142 142 142 142 142 142 141 141 141 141 142 142 143 144 143 146 155 159 149 137 129 121 114 306 308 315 343 102 121 135 148 141 132 131
136 123 107 104 106 108 109 110 113 117 121 124 126 127 128 130 131 132 134 135 135 136 137 138 141 143 139 137 137 138 138 138 138 138 138 139 140 140 141 142 143 143 142 142 142 141 141 141 141 141 141 141 142 142 142 142 143 143 143 143 143 143 143 143 142 142 142 142 142 142 143 143 144 144 144 143 145 151 152 141 130 124 118 14 327 328 78 131 141 147 151 149 142 134 133
157 128 94 94 102 106 107 111 116 121 125 127 128 128 129 130 131 132 134 135 135 135 135 138 142 143 138 136 137 139 139 139 140 140 140 141 142 141 140 140 142 143 142 141 141 141 140 140 140 140 140 141 141 142 142 142 142 143 143 143 143 143 143 143 143 143 143 143 143 143 143 144 144 144 144 144 146 149 148 137 127 128 148 176 171 167 163 158 152 150 147 145 140 136 138
202 177 86 94 101 110 116 119 122 128 131 131 130 129 130 131 132 132 133 134 134 134 134 137 142 143 139 138 139 141 142 140 140 140 139 140 143 143 141 140 141 142 140 140 140 139 138 138 138 138 139 140 141 141 142 142 142 142 143 143 143 143 143 143 143 143 143 143 143 143 144 144 145 145 145 146 147 149 146 138 134 149 166 166 168 167 163 153 146 143 140 139 137 137 141
217 196 129 113 117 130 137 136 134 136 138 135 133 131 131 131 132 132 133 133 133 133 133 136 142 142 138 138 140 142 142 141 141 142 141 141 143 144 142 141 142 141 138 137 137 136 136 135 135 135 137 139 140 141 142 142 142 142 143 143 143 143 143 143 143 143 143 143 143 144 144 145 145 145 146 146 147 149 146 142 147 161 165 165 166 162 152 144 141 138 136 135 135 137 142
228 187 122 122 128 138 154 155 149 147 146 141 135 132 131 131 131 131 131 132 132 132 133 136 141 140 136 136 139 141 142 141 142 142 142 143 144 144 143 143 144 144 139 135 133 131 130 129 127 129 133 137 140 141 142 142 142 142 142 143 143 143 143 143 143 143 143 143 144 144 144 145 145 146 146 147 148 149 149 150 157 163 166 167 165 156 144 140 138 137 136 135 135 138 143
221 154 125 129 133 145 160 163 160 156 152 145 137 133 130 130 129 129 129 130 130 131 132 135 140 139 135 136 138 139 140 139 138 137 138 140 142 143 143 143 146 148 146 142 140 137 137 136 133 133 134 136 139 141 142 142 142 142 142 142 142 143 143 143 143 143 143 144 144 144 144 145 145 146 146 147 148 150 151 153 159 165 169 171 164 147 140 137 137 137 137 137 138 142 147
138 141 140 138 140 144 153 160 161 157 151 143 136 131 127 127 127 126 126 127 128 129 130 133 139 139 137 138 138 138 138 138 137 135 133 133 135 138 140 142 145 147 148 148 147 147 147 147 145 145 146 144 142 143 143 142 142 142 142 142 142 142 143 143 143 143 143 144 144 144 144 145 145 146 146 147 148 150 152 155 161 168 171 168 154 141 135 134 135 135 135 137 139 143 148
