windninja/windninja_output/Output_2025-10-23_0200-0250_Google earth_Fire_150m_10min/merlingen_7.5mi_point_10-23-2025_0220_150m_ang.asc
ncols	158
nrows	163
xllcorner	391686.332397
yllcorner	5160024.123721
cellsize	150.000000
NODATA_value	-32768.000000
[rows 90 to 134 of 163, columns 0 to 95 of 158]
106 107 104 99 99 101 100 98 96 99 107 118 122 118 112 105 101 99 101 109 122 132 140 149 161 159 141 129 124 121 118 117 117 117 116 115 116 116 114 109 106 107 110 114 115 113 110 107 107 110 113 116 120 122 121 117 113 110 113 120 125 124 121 120 119 118 118 118 118 119 119 119 120 121 122 123 124 125 127 130 132 135 136 131 124 119 115 111 111 111 106 100 96 93 92 94
103 103 101 99 102 106 108 108 108 106 109 117 124 122 118 116 111 104 101 111 128 141 151 157 166 158 138 128 122 119 117 116 116 116 116 115 116 118 118 114 109 107 108 111 113 113 111 107 106 108 112 116 119 123 125 122 118 118 119 123 128 127 123 120 119 119 118 118 118 118 119 119 119 120 121 122 123 124 125 127 129 131 133 132 128 124 121 116 112 107 99 91 92 91 89 90
103 105 109 111 113 118 125 132 133 122 114 118 123 124 123 120 119 116 114 121 131 152 160 160 167 151 133 124 120 117 116 115 115 116 117 116 116 117 118 117 112 107 105 108 111 112 110 106 104 104 108 114 119 123 128 128 124 122 120 120 125 127 124 120 119 118 118 118 118 118 118 119 119 120 120 121 122 122 123 124 126 127 128 128 126 123 119 115 109 100 88 86 89 89 88 91
106 109 115 118 120 125 133 144 151 138 125 129 136 140 141 136 133 131 127 126 131 154 159 157 158 139 126 121 118 116 113 112 113 116 117 116 115 115 116 118 117 110 104 105 108 109 108 106 104 103 105 113 121 124 127 127 121 117 114 113 117 123 122 120 119 118 118 118 118 118 118 118 119 119 119 120 121 121 122 122 123 124 124 124 121 117 114 109 101 91 85 87 90 90 90 92
106 109 115 118 119 122 130 143 155 144 131 133 142 147 149 141 136 132 123 114 108 96 77 111 130 126 121 118 115 112 109 109 112 116 118 117 115 115 116 118 120 118 110 105 106 108 109 109 107 107 109 116 125 125 124 123 118 113 111 111 113 118 120 119 118 118 118 118 118 118 118 118 118 118 119 119 119 120 120 121 121 121 121 120 118 115 111 106 98 93 92 92 93 93 93 94
102 104 110 115 114 114 117 129 144 139 127 122 125 127 131 122 120 114 105 89 69 46 39 63 101 115 117 116 113 111 110 112 115 117 119 117 115 115 116 117 121 123 118 111 110 112 114 115 115 116 117 119 125 125 121 120 119 116 115 113 114 117 118 118 118 118 118 117 118 118 118 118 118 118 118 118 119 119 119 119 119 119 118 117 116 114 111 106 102 99 98 97 97 96 96 96
101 103 107 111 108 104 104 111 120 120 112 105 99 97 102 101 100 99 89 59 37 38 44 69 97 111 114 114 114 115 115 114 113 114 116 116 115 115 116 117 120 124 123 117 115 116 118 120 121 120 118 115 116 120 118 117 118 116 115 115 114 116 117 117 118 118 117 117 117 118 118 117 117 117 118 118 118 118 118 118 118 117 117 116 114 112 110 108 105 103 101 100 99 98 98 97
104 104 105 105 100 93 90 91 95 99 98 90 85 90 94 97 99 96 77 43 30 38 56 81 104 115 117 115 114 114 112 108 106 108 111 113 113 114 116 117 120 124 126 121 117 117 116 116 115 112 108 106 108 114 115 114 114 114 114 114 115 115 116 117 117 117 118 118 117 117 117 117 117 117 117 117 117 117 117 117 117 116 116 115 113 112 110 108 106 105 103 102 101 100 99 99
101 100 97 94 92 88 83 80 80 81 77 76 78 83 88 91 91 80 56 39 36 50 76 97 116 123 118 114 111 109 106 104 103 104 107 110 111 113 116 118 120 124 127 123 117 114 112 109 106 103 102 104 106 109 112 112 112 114 115 115 114 114 115 116 117 118 118 118 117 117 117 117 117 116 116 116 116 116 116 116 116 115 115 114 113 112 110 109 107 106 104 103 102 101 100 100
94 91 87 86 87 85 81 77 73 68 67 68 71 79 85 84 75 61 45 39 52 79 99 109 119 117 109 107 105 103 102 102 103 104 107 110 112 113 116 119 121 124 127 126 120 116 114 110 106 105 105 107 107 109 111 112 112 113 115 116 116 115 114 115 116 118 118 118 117 117 117 116 116 116 116 116 116 116 116 115 115 115 114 113 112 111 110 109 108 106 105 104 103 102 101 100
95 91 85 84 81 78 75 74 70 65 64 62 60 67 71 69 67 62 53 59 84 101 104 98 79 82 92 97 98 98 97 98 101 104 108 111 112 113 115 120 123 124 127 128 124 118 115 112 109 108 108 109 110 111 112 113 113 112 114 118 118 117 115 115 116 118 119 119 118 117 116 116 116 115 115 115 115 115 115 115 114 114 114 113 112 111 110 109 108 107 106 105 104 103 102 101
99 96 88 83 78 73 71 70 69 66 65 62 59 59 62 66 74 79 81 93 104 106 92 63 55 69 83 88 90 90 92 95 99 104 108 111 111 112 114 119 125 126 127 129 126 119 114 113 112 111 110 110 111 111 111 113 113 113 114 117 118 118 116 115 117 119 120 120 119 116 115 115 115 115 115 115 114 114 114 114 114 114 113 113 112 111 110 109 108 107 106 105 104 103 102 101
103 100 92 84 78 75 73 71 70 70 68 67 65 64 74 85 90 94 102 104 103 90 63 55 59 69 77 81 84 88 91 95 99 103 107 110 113 114 114 118 123 127 127 130 130 125 120 117 116 114 112 111 112 112 112 113 115 114 114 116 119 119 118 116 115 118 120 120 118 114 112 114 115 115 114 114 114 114 114 114 114 114 113 113 112 111 110 109 108 108 107 106 105 104 103 102
108 104 95 87 82 79 77 75 73 73 72 74 76 86 95 97 96 98 102 99 86 57 51 59 63 66 73 80 86 91 95 97 99 102 106 110 114 115 115 116 121 126 127 129 131 129 124 119 117 115 113 112 113 114 115 115 116 115 115 116 119 121 120 117 115 116 118 119 117 114 111 112 114 114 113 113 113 113 113 114 114 113 113 113 112 111 111 110 109 108 107 106 105 104 103 102
113 108 99 91 85 82 80 77 75 75 78 81 86 95 100 99 95 92 89 80 63 52 57 63 62 65 75 83 89 94 97 98 99 101 104 108 113 115 115 116 120 125 128 129 131 131 126 122 119 116 115 114 114 115 116 116 116 116 116 116 117 119 119 117 116 116 117 119 119 116 111 110 111 112 110 110 111 113 113 113 113 114 113 113 112 112 111 110 109 108 107 106 105 104 103 102
118 113 102 93 87 84 81 78 76 78 81 85 90 96 98 98 92 85 77 68 60 61 65 64 65 72 79 84 89 94 97 99 101 102 102 106 112 118 120 121 123 126 128 129 132 133 130 126 124 121 119 118 117 116 116 116 117 116 115 115 116 117 117 117 115 115 117 120 120 116 112 108 107 109 109 109 111 112 112 112 113 114 114 114 113 112 111 110 109 108 107 106 105 104 103 102
127 120 107 96 89 86 83 80 80 83 88 94 98 100 100 97 91 84 76 68 66 70 71 69 72 77 80 83 88 94 99 104 105 101 100 106 115 121 123 124 125 127 128 130 132 134 134 131 128 126 122 121 120 118 117 117 117 116 115 114 115 116 117 116 116 115 116 119 121 116 112 109 107 109 111 112 113 113 111 111 114 117 116 115 114 112 111 110 109 108 107 106 105 104 103 102
140 131 115 102 93 89 89 92 96 99 104 107 106 103 100 97 92 87 80 73 72 78 82 81 78 79 82 83 87 96 103 108 108 101 101 111 120 124 123 124 127 129 129 131 134 136 138 136 133 129 124 121 120 119 118 117 118 117 116 115 114 115 117 117 117 117 116 118 121 117 112 110 109 109 110 111 112 115 116 114 115 118 119 117 115 113 112 110 109 108 106 105 104 103 102 101
158 148 126 112 106 105 110 113 114 111 107 104 100 94 93 95 95 91 84 79 82 88 92 93 86 82 85 87 87 96 105 108 110 101 105 116 123 124 122 126 131 131 130 133 136 137 140 140 138 133 128 123 121 121 119 118 117 118 118 117 115 115 117 118 116 116 116 116 120 120 113 109 109 109 109 109 111 114 117 115 113 115 119 119 117 114 112 110 109 107 106 105 104 103 102 101
178 166 139 127 124 123 121 118 113 104 96 91 90 89 91 97 102 100 89 87 92 96 99 100 97 91 91 90 90 97 106 109 110 104 106 116 122 122 125 130 133 128 128 134 137 137 140 143 141 137 133 128 125 123 121 120 118 118 119 121 119 116 116 117 115 114 115 116 118 121 116 109 108 110 110 110 110 112 113 113 111 112 117 121 119 116 113 110 108 107 105 104 104 103 102 100
191 176 148 135 128 121 114 105 98 93 89 88 89 91 95 102 110 114 100 93 95 101 107 110 110 104 98 97 95 99 107 110 110 104 106 114 121 125 130 134 132 126 128 134 137 137 141 146 145 140 136 132 129 125 124 123 121 118 118 121 121 116 114 115 114 112 114 117 118 120 119 113 110 110 110 109 109 108 109 111 110 110 114 118 119 117 113 110 107 105 104 103 103 102 101 99
192 177 151 135 124 114 105 99 96 93 89 89 93 99 103 108 118 136 119 98 96 103 115 122 119 114 111 109 102 99 104 110 110 104 108 117 125 131 136 138 134 130 128 132 135 137 141 146 147 143 139 136 132 127 125 126 124 120 117 120 121 117 114 115 115 114 114 116 119 120 120 115 110 109 108 108 107 106 105 107 109 110 112 115 118 117 113 109 105 103 102 101 102 102 101 99
195 180 153 136 123 115 111 106 102 99 94 95 104 111 110 112 125 154 141 114 105 107 119 131 125 116 117 116 110 101 99 106 111 108 113 122 130 136 140 139 136 130 124 128 136 140 141 143 145 144 142 140 137 130 127 127 127 123 119 120 122 120 116 116 117 116 114 115 118 120 119 115 111 108 107 107 107 106 105 105 107 110 112 114 117 116 111 106 102 99 99 102 104 103 101 98
203 189 162 142 128 121 117 114 111 108 105 105 111 118 114 114 128 160 154 135 118 111 116 133 126 117 120 121 117 109 101 101 106 110 116 124 131 135 138 137 133 124 119 125 137 143 141 141 143 144 144 145 142 135 129 128 129 126 122 121 123 123 120 117 119 119 116 116 118 121 121 117 114 112 108 106 107 108 107 105 104 107 110 111 113 113 107 102 99 98 103 108 108 104 100 97
210 199 174 152 138 130 125 122 118 115 113 113 118 122 115 115 131 158 160 143 127 115 116 128 128 126 128 126 121 119 110 101 103 109 116 122 125 128 134 136 130 123 122 127 137 143 143 144 145 145 146 148 146 140 133 130 131 129 125 122 124 126 123 120 121 122 119 118 119 121 122 119 115 114 110 106 106 108 108 105 103 105 108 109 110 111 104 100 100 104 109 113 110 103 96 95
216 205 180 160 148 140 134 129 125 121 120 121 125 126 115 117 133 158 165 150 134 126 125 130 133 134 135 133 128 129 126 111 104 107 115 122 126 128 131 133 130 127 128 131 137 143 148 149 147 146 148 150 150 144 136 132 131 131 128 124 125 127 126 121 122 124 123 120 119 120 120 118 113 112 112 108 106 106 108 107 103 103 107 109 109 110 105 103 106 108 110 111 108 100 96 97
218 206 184 166 154 147 140 137 132 126 125 128 133 132 117 118 134 162 171 159 146 140 137 134 135 138 141 136 127 135 139 126 111 107 113 124 130 134 132 131 131 131 133 134 136 144 149 148 145 145 148 152 154 150 141 134 131 132 130 127 126 128 127 123 123 126 125 122 120 120 120 118 113 111 112 111 107 104 105 106 103 103 107 108 105 107 108 107 108 109 109 108 105 101 101 102
219 209 190 171 156 150 148 143 135 129 127 132 142 139 121 116 129 159 167 159 150 144 139 136 136 141 148 143 134 138 141 131 121 116 120 129 135 139 135 133 136 137 137 135 135 141 146 146 146 147 150 155 158 156 148 138 133 133 132 129 128 131 130 126 125 127 127 124 122 121 121 121 117 111 110 111 110 105 103 104 103 104 107 108 104 106 110 109 108 108 107 105 105 105 104 103
222 214 196 175 160 155 152 143 134 129 126 133 147 142 124 113 120 147 158 155 147 140 135 133 132 137 146 145 143 147 146 141 137 130 130 137 144 147 141 139 142 142 139 135 134 139 145 148 149 151 153 159 162 161 155 143 136 134 134 131 130 132 132 129 129 131 130 127 124 122 123 123 120 115 110 109 111 108 104 105 105 105 107 108 107 109 111 110 108 107 106 106 106 104 103 102
225 218 200 176 160 156 150 140 131 128 125 129 147 144 128 114 117 136 151 150 145 137 132 129 128 128 132 135 140 146 147 147 142 134 132 138 147 153 151 151 152 148 143 138 138 141 145 147 150 152 154 160 163 164 159 147 138 135 135 133 131 133 133 130 130 131 131 129 125 122 122 124 123 119 113 108 107 108 106 105 104 102 104 107 109 111 112 111 108 106 105 105 103 99 100 103
227 220 201 176 162 156 145 135 130 130 126 126 143 148 136 121 117 128 145 149 145 138 131 126 123 123 123 126 130 134 137 139 136 130 128 131 142 150 154 161 161 157 150 147 147 148 148 149 153 155 156 160 164 166 164 152 140 135 136 134 132 134 131 126 122 119 119 124 124 121 122 124 124 122 117 110 106 105 104 103 102 101 103 107 110 113 114 112 108 106 105 104 100 95 100 108
226 219 196 177 170 164 149 137 131 133 130 124 137 152 144 127 117 123 140 149 145 136 129 123 120 119 121 124 126 125 124 124 124 125 124 127 133 137 145 157 162 160 152 149 149 150 151 155 160 159 158 160 165 169 168 157 143 137 136 134 131 130 125 114 105 102 106 116 122 121 121 123 123 123 121 116 109 104 102 101 102 103 105 109 112 116 117 113 108 106 105 103 99 97 103 112
222 211 188 175 171 166 156 145 136 138 132 123 134 153 147 131 117 116 132 142 141 134 127 121 116 114 117 120 121 121 123 123 122 124 122 121 127 126 131 146 154 155 147 141 140 141 145 153 160 161 159 159 165 172 170 160 146 139 137 132 126 120 112 108 109 110 112 118 124 123 120 121 121 122 124 122 116 108 104 102 101 103 108 113 116 118 119 115 110 107 107 104 99 100 106 113
217 206 185 174 167 160 153 146 139 141 134 125 134 154 147 132 117 109 116 129 131 129 125 118 112 111 113 115 118 121 126 125 120 122 121 118 124 125 125 139 149 151 146 138 133 133 136 146 156 159 158 159 167 174 170 161 146 135 131 126 120 115 116 121 123 121 119 120 123 126 122 119 120 121 123 125 124 118 111 107 104 105 110 116 117 118 119 115 109 108 108 108 102 103 109 114
216 205 186 177 168 157 150 144 137 140 135 127 136 153 146 131 118 108 107 117 123 125 124 120 116 112 110 116 123 127 132 127 121 122 121 117 120 125 124 133 145 151 150 140 134 133 135 143 154 158 158 161 170 175 172 165 151 135 127 126 126 127 130 132 130 125 122 119 119 123 122 116 115 118 121 125 128 125 119 115 111 106 106 111 114 115 118 113 107 107 110 114 110 107 111 116
211 201 187 180 170 159 152 146 139 140 135 127 134 147 140 129 121 114 111 115 120 126 128 124 120 119 122 130 133 137 141 130 121 121 121 115 117 125 124 129 141 149 152 143 133 132 135 144 154 157 159 164 172 177 176 172 161 148 139 142 142 137 137 137 133 127 124 120 117 118 119 115 113 116 119 122 127 127 123 118 114 107 102 104 109 113 115 111 106 109 116 121 115 110 112 116
207 200 186 179 171 162 154 146 141 140 137 129 132 144 137 134 131 124 119 118 120 127 135 134 134 137 141 142 144 149 151 137 123 121 122 117 116 120 123 125 134 145 151 146 135 131 136 146 156 159 161 165 174 180 180 175 166 154 146 148 147 142 139 137 132 127 124 121 118 116 116 116 116 117 119 121 125 126 123 119 117 112 105 103 106 111 115 112 109 111 118 124 116 113 114 115
206 199 184 178 172 164 155 145 142 141 140 136 137 143 143 145 145 137 131 129 135 141 146 150 149 147 148 150 149 153 155 145 130 126 124 117 114 115 119 120 125 136 145 147 139 132 135 147 157 162 162 166 176 182 183 178 168 155 146 146 145 142 139 136 131 127 125 123 119 117 114 113 115 117 119 121 125 127 126 126 124 120 114 109 108 114 123 122 117 114 118 122 117 115 116 114
206 197 183 178 171 161 152 144 142 142 143 142 143 146 147 150 150 143 139 140 142 145 149 153 152 148 143 141 144 149 152 147 137 133 128 118 112 112 114 114 117 126 135 142 140 133 133 145 156 159 161 168 179 185 185 180 170 155 146 145 144 142 140 137 133 129 127 124 121 118 113 109 109 112 115 117 122 127 126 127 128 125 121 118 116 120 128 129 125 120 120 121 119 116 113 111
207 200 185 176 170 157 145 140 139 141 143 140 139 141 145 149 149 143 139 139 141 143 143 143 139 135 136 138 138 140 143 143 139 138 136 126 116 110 108 109 112 118 125 133 138 135 135 148 157 159 164 171 183 188 186 181 170 157 148 146 145 144 142 138 134 131 129 126 124 120 115 109 106 107 110 111 117 123 121 121 124 124 124 121 119 121 126 126 124 120 119 119 119 116 109 108
210 203 186 177 171 157 144 135 133 136 136 134 130 129 132 139 139 138 138 139 139 140 141 140 135 132 135 140 139 138 138 138 140 141 142 136 126 118 113 112 113 116 120 127 134 137 140 153 161 161 169 178 188 190 186 179 170 160 151 148 147 145 143 139 135 132 130 129 126 123 117 112 107 105 106 109 114 120 119 119 120 122 123 120 118 119 121 120 117 116 115 113 112 113 108 103
211 202 186 179 172 159 150 141 132 129 128 126 124 123 124 126 126 128 133 137 139 141 143 144 139 134 137 141 142 143 141 140 143 146 146 144 140 138 135 129 125 126 127 128 132 137 142 154 160 163 174 186 193 190 184 178 171 160 152 148 146 143 141 139 136 134 132 131 129 126 120 115 110 106 106 108 113 120 121 118 121 125 126 123 120 118 119 121 119 117 115 109 106 108 105 97
210 202 188 179 169 159 155 153 144 136 132 130 129 128 126 125 120 119 123 128 135 140 144 146 142 137 137 137 135 137 137 137 143 148 148 147 147 148 150 148 142 140 138 134 135 140 144 151 157 165 181 191 193 189 183 179 173 163 154 150 147 143 142 140 137 135 132 132 131 129 123 118 114 109 107 107 111 121 124 120 121 128 131 128 124 122 124 126 121 115 113 109 102 100 97 87
213 205 188 176 164 158 157 154 150 149 148 146 141 134 129 129 126 125 128 133 136 142 147 148 146 142 138 132 126 125 125 125 133 142 145 146 146 147 152 153 149 148 146 144 145 150 150 152 158 172 187 191 190 187 183 181 176 166 158 155 151 148 148 144 139 136 133 131 132 131 126 122 119 114 108 105 108 117 124 120 119 125 133 132 127 126 128 127 122 115 111 108 100 92 85 79
213 202 185 173 163 160 158 153 149 149 152 157 153 143 136 133 130 130 135 141 143 145 147 148 150 153 150 145 136 131 128 125 128 134 137 140 143 145 148 148 147 149 150 150 157 161 159 162 169 179 186 188 188 185 183 182 177 168 160 157 152 150 151 148 143 139 135 130 130 131 129 126 123 118 109 104 104 111 120 118 116 120 127 129 127 127 127 127 124 117 111 106 97 87 80 80
