windninja/windninja_output/Output_2025-10-23_0200-0250_Google earth_Fire_150m_10min/merlingen_7.5mi_point_10-23-2025_0200_150m_ang.asc
ncols	158
nrows	163
xllcorner	391686.332397
yllcorner	5160024.123721
cellsize	150.000000
NODATA_value	-32768.000000
[rows 84 to 125 of 163, columns 0 to 94 of 158]
120 128 138 137 136 138 145 150 149 146 142 138 133 128 125 124 124 123 123 125 126 127 129 132 136 139 138 138 138 138 139 139 139 138 134 131 130 131 134 138 141 143 144 144 143 143 143 143 142 144 147 148 147 146 145 143 142 141 141 142 142 142 142 143 143 143 143 143 144 144 144 145 145 146 146 147 148 150 152 156 164 170 171 164 146 138 133 131 132 132 132 134 136 141 147
103 107 115 116 117 119 122 124 127 132 134 134 132 127 124 124 123 121 121 121 122 124 126 129 133 137 136 136 136 137 139 140 141 142 138 135 133 131 131 134 137 140 140 139 138 136 135 133 133 135 139 142 144 145 144 142 141 141 141 141 141 142 142 143 143 143 143 143 144 144 144 144 145 145 146 146 148 149 152 156 163 168 169 159 141 135 133 132 133 133 133 134 137 141 148
98 98 99 100 98 95 96 108 119 128 132 133 129 126 123 122 121 117 116 116 116 117 119 122 130 138 139 137 136 137 138 138 141 144 143 142 141 139 136 134 135 138 139 139 137 135 133 131 131 132 134 136 138 140 141 140 139 139 140 140 141 141 142 142 143 143 143 143 143 144 144 144 145 145 145 146 147 148 151 154 160 164 164 153 138 132 131 131 133 134 134 135 139 145 152
98 96 91 92 94 99 109 119 123 128 131 129 126 126 122 119 118 113 110 111 113 114 115 122 134 145 146 142 139 138 138 137 138 140 140 141 143 143 141 139 138 138 139 139 137 135 132 131 131 131 132 134 135 136 136 136 136 137 138 139 140 141 142 142 143 143 143 143 143 143 144 144 144 144 145 145 146 147 149 152 155 158 155 147 137 132 130 130 130 131 132 136 139 144 152
104 101 101 108 114 120 125 128 127 126 127 127 127 129 125 121 116 110 110 111 116 119 125 135 148 156 151 144 141 140 139 137 136 136 134 134 137 139 140 139 140 140 141 140 139 137 134 132 131 133 134 135 136 136 136 135 134 134 135 137 139 141 142 142 142 143 143 143 143 143 143 143 144 144 144 145 145 146 147 149 150 150 147 140 132 129 128 127 129 130 133 136 136 136 140
118 119 120 122 123 125 127 128 127 123 124 130 133 133 129 122 114 110 111 115 122 129 136 146 160 165 154 146 142 140 139 138 137 136 134 132 133 133 133 132 133 137 140 141 140 137 135 132 132 134 136 138 140 140 141 140 137 132 130 133 139 142 142 143 142 142 142 142 142 143 143 143 143 143 144 144 144 145 145 146 146 146 143 134 125 120 119 121 126 129 128 130 132 128 129
122 124 124 121 119 122 125 127 130 127 128 135 139 135 131 124 118 113 111 117 128 138 147 158 170 169 156 147 142 140 138 136 136 136 135 133 133 134 133 131 130 132 134 137 137 135 133 131 131 133 135 138 141 143 145 144 140 134 132 136 141 144 143 143 142 142 142 142 142 142 142 142 143 143 143 143 143 143 144 144 144 144 142 135 127 123 121 120 123 123 121 123 127 126 134
118 122 126 126 127 129 131 135 139 136 134 141 147 145 141 137 130 120 112 118 133 147 160 170 177 172 156 146 141 138 135 134 134 134 134 133 135 136 136 135 133 132 132 133 134 134 132 129 128 129 132 136 139 143 148 149 145 141 140 143 147 147 145 143 142 142 142 142 142 142 142 142 142 142 142 142 142 142 142 142 142 141 141 138 134 131 128 125 123 119 114 111 110 107 110
117 123 133 138 140 142 146 152 157 154 146 148 152 150 146 141 137 133 128 132 140 161 173 179 182 170 154 144 139 135 133 131 131 133 133 133 134 135 135 135 134 133 132 131 132 132 129 125 122 122 125 130 135 140 147 149 145 143 143 146 150 150 146 144 142 141 141 141 141 141 141 141 141 142 142 142 142 141 141 141 140 140 138 136 133 130 127 124 118 111 96 88 87 86 84
117 123 133 139 142 146 152 160 167 166 160 160 161 162 162 158 151 146 140 140 150 173 181 185 182 166 150 141 136 132 130 127 127 130 132 132 132 133 134 135 136 135 131 130 131 130 127 124 121 120 120 126 135 140 143 142 137 135 136 140 146 149 146 143 142 141 140 140 140 140 141 141 141 141 141 141 141 140 140 140 139 138 136 134 129 124 120 116 107 96 88 88 92 92 93
114 119 129 134 136 140 148 159 167 164 160 162 165 167 168 162 156 151 142 139 157 178 188 187 176 158 145 138 134 129 125 122 124 128 131 131 131 131 132 135 139 140 137 134 135 134 131 128 125 125 125 131 140 142 140 137 131 128 130 134 139 144 144 142 140 140 140 140 140 140 140 140 140 140 140 140 140 140 139 139 138 137 136 133 129 124 120 113 106 102 103 106 109 112 115
109 113 123 128 128 130 136 147 156 154 149 150 156 158 159 150 149 142 131 125 159 173 193 170 152 143 139 134 131 128 125 124 126 129 131 130 129 130 131 133 138 142 140 139 141 142 141 138 135 134 135 138 145 145 139 137 134 132 132 134 136 140 141 140 139 139 139 139 139 139 139 139 139 139 139 139 139 139 138 138 137 136 135 134 131 128 125 120 117 117 118 119 121 123 126
106 109 117 123 123 123 126 131 135 134 128 126 128 131 131 125 123 119 108 83 23 15 29 92 121 129 132 130 129 129 128 126 126 127 129 128 127 127 129 131 135 139 140 138 140 144 145 144 141 139 139 140 144 144 139 135 134 132 132 133 135 138 139 138 138 138 138 138 138 138 139 138 138 138 138 138 138 138 138 137 137 136 135 134 133 131 129 127 125 125 125 126 127 129 131
107 109 113 116 115 113 113 115 114 113 109 100 99 116 113 112 113 109 90 41 11 17 48 88 115 127 130 128 126 124 121 118 117 119 122 123 123 124 127 130 133 137 139 136 135 137 138 137 135 134 134 135 138 141 138 133 131 131 131 131 132 134 135 135 136 137 137 137 137 137 138 137 137 137 137 137 137 137 137 137 136 136 135 134 133 132 131 130 129 129 129 130 131 133 134
103 103 103 101 102 100 100 100 98 95 86 78 76 83 90 93 95 82 48 25 20 45 86 111 130 138 133 125 121 116 111 109 110 112 116 118 119 121 124 128 131 136 139 136 132 130 128 126 124 124 127 130 133 136 135 133 132 132 132 132 131 131 130 132 133 134 135 135 136 136 137 136 136 136 136 136 136 136 136 136 136 135 135 134 134 133 132 132 132 132 132 132 133 134 135
95 93 89 89 91 89 86 84 79 73 71 69 67 71 79 79 69 49 29 25 50 96 116 127 141 142 126 117 112 107 105 105 106 109 113 116 119 120 123 127 130 134 138 138 135 132 129 127 126 127 129 132 134 135 135 135 134 133 134 135 135 133 130 130 130 132 133 134 135 135 135 135 135 135 135 135 135 135 135 135 135 135 134 134 134 134 133 133 133 133 133 134 134 135 136
97 93 88 86 84 80 77 75 71 65 61 56 51 55 58 59 58 49 40 59 97 114 118 120 114 106 103 103 101 98 97 98 101 106 111 116 118 119 122 126 131 133 137 140 137 134 131 130 130 131 132 134 136 137 137 137 137 134 134 138 138 137 134 132 131 132 132 134 135 134 134 133 133 133 133 133 133 133 134 134 134 134 134 134 134 134 134 134 134 134 134 135 135 136 137
102 99 92 87 81 76 72 71 69 65 62 58 53 50 53 62 77 88 96 109 115 116 103 64 49 69 82 86 86 86 88 92 98 103 108 112 114 116 119 125 131 133 136 139 138 134 131 131 132 133 134 136 137 137 136 138 139 137 137 139 139 137 135 134 134 134 135 134 134 132 131 131 131 132 132 132 132 132 132 133 133 133 133 134 134 134 134 134 134 135 135 135 136 136 137
107 104 97 89 83 79 76 73 71 70 68 67 64 65 84 101 107 115 125 120 113 97 59 47 52 63 71 75 78 83 88 93 98 102 106 110 113 116 118 123 129 133 134 137 139 138 136 135 136 136 136 136 137 138 137 138 139 139 139 140 141 140 138 135 134 135 136 136 134 130 127 127 129 130 129 130 130 130 131 131 132 132 133 133 133 134 134 134 134 135 135 135 136 137 138
114 110 101 94 88 85 82 78 76 75 74 75 79 93 106 108 109 113 118 111 93 51 41 50 55 58 67 75 81 87 93 95 97 101 105 109 113 115 116 119 125 130 133 136 139 139 137 137 137 137 137 136 137 139 139 140 140 140 140 141 143 144 142 138 135 136 138 138 137 132 126 125 126 127 126 126 127 128 128 129 130 131 132 132 133 133 134 134 134 134 135 135 136 136 137
120 116 107 99 93 88 85 81 77 77 79 82 88 97 100 100 97 95 92 79 56 43 49 55 54 59 72 80 86 91 95 95 96 100 103 107 112 115 116 118 123 128 132 134 137 138 137 136 138 138 138 138 137 138 139 141 142 141 140 140 141 143 142 139 137 138 139 141 141 137 130 126 124 122 119 119 121 124 126 127 128 129 131 132 132 133 133 133 134 134 134 134 135 136 136
127 122 112 102 95 90 86 81 78 79 81 83 88 93 94 93 88 79 69 58 50 52 58 57 61 71 78 83 88 92 95 96 98 100 102 106 112 118 120 122 125 129 131 133 137 139 139 139 140 141 140 141 141 140 139 140 141 142 141 140 140 141 140 138 137 138 140 143 144 139 134 130 126 124 120 118 119 121 121 122 124 128 130 131 132 132 132 133 133 133 133 134 134 135 135
137 131 119 108 99 94 89 84 83 86 92 97 100 100 97 92 85 77 67 58 56 63 65 65 71 78 81 83 88 93 98 102 104 101 100 107 116 122 125 126 127 130 131 133 137 139 141 141 141 142 141 142 143 143 142 141 141 141 140 140 140 141 140 139 138 138 139 143 145 141 135 132 130 130 129 127 125 124 121 120 123 127 130 130 131 131 132 132 132 132 132 133 133 133 134
151 143 128 116 106 101 99 102 105 109 114 117 116 109 101 95 88 82 72 63 64 73 80 80 79 80 82 84 88 97 105 109 109 101 102 112 121 125 125 126 129 131 132 134 138 140 143 144 144 143 140 140 142 143 143 143 143 142 140 140 140 140 140 140 140 140 140 142 145 142 137 133 131 130 130 129 128 130 130 127 126 128 129 130 131 131 131 131 131 131 131 131 131 132 132
166 158 140 127 120 120 124 127 127 123 119 115 109 100 95 95 94 89 78 72 78 86 92 92 85 82 87 90 89 98 108 110 112 103 106 118 125 126 125 128 133 133 132 136 139 141 144 146 147 146 143 141 141 142 143 144 144 143 142 142 142 140 140 140 139 140 141 141 144 144 139 133 130 129 129 129 130 132 133 130 127 128 129 130 131 130 130 130 130 129 129 129 129 130 130
180 170 150 139 136 135 133 131 125 116 106 99 96 93 94 99 105 102 90 87 92 96 98 99 96 91 92 93 92 99 108 112 113 106 108 118 125 125 128 133 136 131 130 136 140 141 144 148 149 148 146 145 144 144 143 143 144 144 143 145 145 142 141 142 139 137 139 140 143 145 140 133 130 131 131 131 130 131 131 129 126 127 130 132 131 130 129 129 128 127 127 127 127 127 128
189 176 154 143 136 131 124 116 107 99 95 94 94 96 100 107 116 123 109 98 98 102 108 111 111 104 98 99 98 102 110 113 113 107 107 117 124 128 134 139 136 129 130 136 139 141 145 150 151 149 148 147 147 146 145 145 145 143 142 145 145 142 142 144 141 137 137 139 142 144 142 135 131 132 131 130 129 129 129 128 126 126 128 132 131 129 127 126 125 124 123 123 123 124 125
189 176 155 143 132 123 115 108 103 99 94 93 99 106 109 114 126 147 132 106 102 108 120 126 121 114 111 110 105 103 108 114 114 107 110 120 128 134 140 143 140 135 133 135 138 140 144 149 151 150 149 148 149 147 146 146 147 143 141 143 145 142 142 144 144 141 139 139 141 142 141 136 131 130 130 129 128 128 126 126 126 126 128 132 133 131 126 123 120 118 117 117 118 120 121
192 178 157 144 132 126 122 117 112 108 102 103 112 118 116 119 133 162 151 125 115 116 127 138 129 117 117 116 112 104 103 110 114 111 116 126 134 140 145 144 142 136 130 133 140 143 145 147 148 149 150 151 152 149 146 147 148 146 143 144 145 144 143 143 145 144 142 143 142 141 139 134 130 129 129 128 129 129 128 127 126 126 129 132 134 134 127 121 115 110 110 114 118 120 120
199 186 163 149 137 130 127 124 122 120 116 113 120 126 121 120 136 165 159 144 130 123 129 144 131 119 122 122 117 111 104 105 110 112 118 127 135 141 145 143 140 131 125 131 141 146 145 145 147 148 150 153 155 151 148 148 149 148 145 144 147 147 145 142 144 145 144 145 146 145 143 137 133 132 130 128 129 130 131 129 127 127 129 130 133 134 128 120 115 110 114 121 123 122 120
205 195 174 157 146 140 134 131 128 124 121 120 125 131 123 121 137 161 162 149 136 128 132 142 136 130 131 128 123 120 113 104 106 112 118 124 129 134 141 143 139 129 128 133 142 147 148 148 149 149 151 154 155 154 150 149 150 149 146 145 147 149 147 143 144 146 146 146 146 147 147 141 135 134 132 129 128 129 131 130 126 128 132 133 134 137 130 122 121 119 123 129 128 123 117
210 199 179 164 154 149 143 139 134 126 124 126 131 135 123 122 138 161 166 152 140 135 139 143 142 140 140 138 132 132 129 115 108 110 118 125 130 134 138 141 137 133 134 138 143 148 152 154 152 151 153 155 157 156 152 150 150 150 147 145 147 150 148 144 144 147 147 145 145 146 147 143 136 132 131 129 128 128 130 130 126 127 134 138 139 143 135 128 126 125 127 132 131 125 119
211 199 182 169 158 153 148 146 139 130 127 131 138 139 124 123 138 164 171 160 149 146 145 145 146 147 148 142 132 138 143 131 117 111 117 126 134 139 138 137 136 137 140 141 143 150 154 154 151 151 153 157 160 159 155 151 150 149 148 145 146 149 147 143 143 147 147 145 145 146 146 145 141 135 132 129 127 127 128 128 123 123 132 139 141 144 139 132 129 128 129 133 133 129 125
211 202 186 172 160 155 152 149 141 134 130 135 145 143 125 120 133 161 167 160 152 147 144 143 145 150 157 152 141 143 145 135 127 122 126 133 139 144 140 138 141 143 144 144 144 149 153 152 152 153 156 161 164 164 160 155 151 150 148 145 146 149 148 145 144 147 148 146 145 146 146 146 145 140 136 132 130 127 127 127 124 124 131 139 140 141 139 134 130 130 133 135 135 131 126
214 207 191 175 162 157 154 146 138 133 130 136 149 144 126 117 124 148 157 154 148 141 138 137 138 145 153 152 151 154 151 146 142 136 137 145 150 153 147 145 148 149 148 145 144 148 152 154 155 157 160 165 168 168 165 158 152 151 149 146 146 148 147 145 147 149 150 148 146 145 145 146 146 143 139 137 136 131 128 129 128 127 132 138 138 137 138 134 132 133 136 138 138 131 125
218 211 194 174 161 157 152 142 133 130 128 132 148 144 129 116 119 137 150 149 143 136 133 131 131 133 138 141 147 153 152 151 147 140 140 149 157 161 158 158 160 157 152 148 147 150 153 154 157 160 162 167 171 172 169 161 154 150 149 147 145 146 145 143 146 148 148 148 146 143 142 144 145 143 140 139 139 136 131 128 126 126 131 136 135 135 136 135 134 136 138 140 140 131 124
219 213 195 174 162 156 145 136 130 130 128 128 144 148 136 122 118 128 144 146 142 135 130 126 124 125 127 130 135 139 142 144 141 137 137 143 155 160 163 169 171 167 161 157 157 158 158 158 161 163 164 169 172 174 173 165 155 150 149 147 144 145 143 138 135 132 132 138 140 139 139 141 142 141 140 140 140 138 133 128 125 124 129 134 134 135 136 136 135 136 138 141 141 130 125
219 211 190 175 171 165 151 138 132 133 130 124 138 152 144 128 117 123 139 146 142 133 126 122 119 120 123 127 129 129 130 131 132 134 135 138 146 151 158 169 173 172 166 162 162 163 162 165 169 169 168 170 173 177 177 169 157 150 149 145 142 142 137 125 112 105 109 119 129 132 135 137 137 138 139 140 140 139 136 132 129 127 130 133 134 137 139 138 136 136 138 142 140 129 126
214 203 182 172 170 167 159 148 139 139 132 123 134 152 146 130 115 114 129 138 137 129 123 118 113 113 117 122 124 125 128 130 129 133 133 133 140 142 148 159 167 170 165 159 156 156 159 167 172 172 171 170 174 181 180 171 158 151 149 143 138 133 121 114 115 115 116 120 125 126 128 131 132 134 136 138 139 139 138 138 135 132 133 136 138 141 144 143 140 138 141 145 138 126 125
208 198 177 168 165 160 156 149 142 143 134 124 134 153 146 129 113 105 110 122 124 124 120 113 109 110 112 115 120 124 131 132 128 131 132 130 138 141 143 154 162 167 166 160 152 149 152 161 169 172 171 170 177 183 181 173 160 148 143 138 133 127 124 128 129 126 125 125 126 127 124 124 126 128 131 135 137 138 137 140 140 137 138 141 143 144 148 147 141 139 143 146 136 126 127
206 195 177 170 164 156 152 147 140 143 136 127 135 151 143 127 113 101 99 108 115 118 118 115 112 108 108 116 125 130 138 135 129 131 131 128 134 141 141 150 159 165 167 161 153 150 151 158 167 171 172 174 180 185 184 180 168 150 139 137 138 136 137 138 135 130 127 125 125 126 122 116 116 120 125 130 134 135 135 137 139 138 138 143 144 146 152 150 141 138 142 146 137 129 131
199 191 178 172 166 158 153 147 141 142 137 128 133 144 135 124 115 107 102 107 113 119 121 117 114 114 120 131 135 141 148 139 130 130 132 126 130 139 140 146 156 163 167 161 152 149 151 158 166 170 173 178 184 188 189 186 177 163 152 153 150 143 142 142 137 131 128 125 122 123 121 115 111 114 118 123 128 130 130 130 131 131 133 140 144 148 155 152 142 140 143 145 137 130 133
