windninja/windninja_output/Output_2025-10-23_0200-0250_Google earth_Fire_150m_10min/merlingen_7.5mi_point_10-23-2025_0210_150m_ang.asc
ncols	158
nrows	163
xllcorner	391686.332397
yllcorner	5160024.123721
cellsize	150.000000
NODATA_value	-32768.000000
[rows 0 to 46 of 163, columns 0 to 95 of 158]
101 99 97 96 95 97 97 93 89 89 87 78 63 55 58 67 77 82 86 96 103 94 80 78 83 88 87 81 79 79 78 78 78 77 76 80 84 84 84 84 80 80 80 82 85 88 91 94 93 91 90 89 89 89 88 85 83 81 83 85 83 81 79 77 74 72 72 76 81 85 85 82 79 76 76 77 77 78 80 80 78 74 72 75 76 74 70 68 68 65 63 64 63 60 58 58
102 101 100 99 98 97 95 92 91 90 88 80 66 61 65 72 80 86 91 97 101 98 89 84 84 86 86 84 82 81 80 79 79 79 80 82 83 85 86 85 84 83 83 85 88 90 91 94 95 93 91 90 89 88 86 84 83 83 84 85 84 82 81 80 78 76 76 78 82 84 84 82 80 79 79 78 77 78 81 81 78 75 75 75 75 75 73 70 70 68 67 67 66 64 62 62
104 103 102 102 100 97 93 93 94 95 93 86 75 72 75 80 85 90 94 96 97 101 102 93 86 84 85 86 86 83 82 83 83 84 86 86 85 86 87 87 89 89 89 91 92 93 93 93 94 95 93 91 89 86 85 86 86 86 85 85 85 85 84 83 82 82 81 82 83 84 83 82 83 84 83 80 78 80 82 81 76 75 77 76 76 78 77 74 72 72 74 74 73 72 71 70
105 103 101 101 100 99 98 99 100 101 98 90 83 82 84 87 90 92 93 92 93 98 103 100 91 87 85 86 86 84 84 85 86 89 89 89 88 88 88 90 92 93 94 95 95 95 95 93 91 92 93 91 88 87 87 88 88 88 87 86 86 86 86 85 84 84 84 84 85 84 83 83 85 85 84 83 83 83 81 79 76 76 77 77 79 81 80 76 75 74 75 77 78 77 77 78
106 103 101 100 100 101 104 104 104 101 96 92 89 89 92 92 91 91 91 89 90 96 104 107 99 93 89 88 87 86 86 86 88 91 92 91 90 90 92 95 96 97 97 97 97 96 94 93 92 91 89 88 88 87 87 88 88 89 89 88 87 87 86 86 86 86 86 86 86 84 83 84 85 85 84 84 86 85 82 79 77 78 79 79 81 82 83 84 82 79 77 79 82 83 85 86
107 106 103 101 101 103 106 106 103 98 94 95 97 96 96 94 90 88 87 87 89 94 103 111 107 100 95 90 89 89 88 88 90 90 91 92 93 95 97 97 98 99 98 97 95 94 92 92 91 89 86 86 87 87 87 88 89 90 90 90 89 88 87 87 87 87 87 87 86 84 82 84 87 87 85 84 86 87 84 78 78 82 84 83 83 83 85 90 92 90 87 86 86 89 91 90
106 107 107 105 104 104 105 104 100 97 97 100 104 101 97 95 91 87 87 88 89 93 100 110 111 105 99 95 94 92 91 92 91 90 90 93 96 97 97 97 97 97 96 95 93 92 91 91 89 88 86 85 86 86 87 89 90 91 91 91 91 90 88 87 87 88 88 88 87 85 83 85 87 88 87 85 85 86 83 77 80 86 88 86 85 84 86 91 97 100 98 95 92 91 91 92
105 106 107 108 106 104 102 100 98 98 102 106 110 105 98 95 93 90 89 89 90 92 96 105 112 110 104 101 98 95 95 95 93 91 92 95 96 95 94 93 93 93 92 91 91 91 91 90 89 87 86 87 87 86 87 90 91 92 93 94 94 92 89 87 86 87 89 90 88 87 87 88 87 86 87 87 85 83 79 77 84 89 90 88 87 86 88 92 97 102 104 101 98 95 94 97
105 105 105 107 106 103 100 98 98 101 105 110 114 110 101 96 94 93 91 90 91 92 94 100 109 114 109 103 101 98 98 97 95 93 94 94 93 92 90 89 89 89 90 90 91 91 90 89 89 88 88 88 87 86 88 91 93 94 94 94 93 92 91 88 85 87 90 91 89 87 88 88 86 85 85 86 85 82 77 81 87 91 94 93 92 91 91 94 98 103 105 105 103 103 103 103
105 105 104 105 105 103 101 100 101 104 107 111 116 113 103 97 95 95 94 93 93 93 94 97 103 111 112 105 102 102 100 98 97 95 93 92 90 89 88 87 87 88 89 90 90 90 90 89 89 89 89 88 88 90 91 92 93 93 91 89 88 90 91 89 88 90 91 91 89 85 85 87 87 86 85 85 85 83 82 87 90 93 97 99 98 97 97 99 102 104 103 104 106 107 105 103
105 105 104 104 104 103 103 103 104 105 107 111 115 115 107 100 97 97 98 97 95 94 95 96 100 106 111 106 102 102 100 97 96 95 93 90 88 87 87 88 88 88 89 89 88 89 90 89 87 88 90 90 90 92 92 90 89 89 86 84 85 87 89 92 95 95 93 91 86 83 85 87 88 87 85 84 85 88 93 95 94 93 95 100 102 103 103 102 102 101 98 100 103 103 101 99
106 105 104 104 104 104 104 104 105 106 107 110 113 115 110 104 101 99 100 100 99 97 95 94 96 99 101 101 100 99 97 94 95 95 92 89 87 87 89 89 88 88 87 86 86 86 86 85 83 84 89 90 90 90 90 88 85 84 82 81 82 84 89 96 99 98 95 91 87 88 89 88 88 89 87 87 90 94 101 103 98 94 94 99 104 108 105 101 100 100 98 96 97 100 100 98
105 105 105 104 104 104 105 105 105 106 107 108 111 113 110 106 104 102 101 101 101 98 95 93 91 89 91 95 97 96 95 94 95 94 91 89 89 90 90 89 88 88 86 84 83 81 78 76 78 82 86 87 88 88 89 89 86 82 78 77 81 85 91 98 101 100 97 95 97 98 95 91 90 93 96 97 97 98 101 103 101 98 98 100 103 105 103 99 98 100 98 94 94 98 99 95
105 105 105 105 105 105 105 104 105 105 106 108 110 111 109 105 105 106 104 101 100 98 94 89 86 85 88 92 94 95 94 95 95 93 91 90 91 91 90 89 88 86 82 81 80 78 73 71 74 80 83 85 85 85 88 91 90 84 76 76 82 88 93 99 101 100 99 102 109 109 102 96 96 99 103 102 100 98 97 98 101 102 102 100 97 98 98 95 92 94 95 92 89 91 93 90
105 105 105 105 105 105 104 104 105 105 106 108 110 112 108 104 105 107 106 102 98 95 91 87 85 86 89 91 93 92 92 94 95 94 93 92 90 88 86 84 83 78 76 79 80 78 78 78 76 76 80 84 85 86 88 91 93 90 83 83 87 93 97 99 98 99 103 106 112 118 115 106 103 102 102 102 101 97 93 96 101 104 102 97 93 92 93 90 84 84 89 89 85 85 88 89
105 105 105 105 105 105 104 104 104 105 106 107 110 114 112 106 104 105 105 102 98 95 91 88 87 89 91 91 91 92 94 95 94 93 92 90 86 83 80 78 77 75 76 81 82 81 83 86 83 79 82 85 88 90 90 90 92 95 93 91 93 97 100 99 96 98 103 106 110 120 124 115 106 102 101 102 100 95 95 99 103 102 98 94 90 88 86 83 80 79 82 85 84 84 87 90
105 105 105 105 105 105 105 105 105 105 106 107 109 114 115 108 103 101 102 101 99 95 92 90 89 90 91 92 92 94 95 93 89 85 83 82 82 81 79 78 79 81 84 84 84 84 84 85 89 91 90 90 92 93 91 88 87 92 97 97 97 99 100 99 96 97 101 106 109 115 122 118 110 108 108 104 100 98 101 102 99 96 93 89 86 84 81 78 81 84 84 85 84 84 86 88
105 105 105 105 105 105 105 105 105 105 106 107 108 111 113 108 103 100 99 98 96 94 93 92 91 90 90 93 94 93 91 86 80 76 77 79 82 83 83 83 85 86 87 86 84 86 87 88 92 97 98 96 94 92 90 88 88 92 98 100 98 98 98 99 99 98 100 104 106 107 113 118 115 115 115 109 106 104 101 96 91 89 88 83 80 80 79 79 85 93 94 88 85 85 85 85
105 105 105 105 105 105 105 105 105 105 105 106 107 109 110 108 103 99 97 95 93 93 93 93 92 90 90 92 93 91 86 80 76 75 78 81 84 86 86 86 87 87 87 87 86 87 91 95 95 95 97 97 95 92 91 92 92 93 97 99 98 96 96 98 100 100 99 100 101 104 111 117 116 115 115 113 108 102 94 87 86 87 86 83 80 80 81 83 87 94 99 94 89 87 86 83
105 105 105 105 105 105 105 105 105 105 104 105 106 107 107 106 103 99 96 94 93 93 94 93 92 91 91 90 90 88 84 78 76 78 81 83 85 88 89 89 89 88 88 88 89 91 95 98 96 94 94 96 98 97 97 96 94 94 95 97 96 93 95 98 100 101 99 98 102 107 112 116 113 111 113 112 105 95 90 88 89 90 91 91 87 84 83 84 87 92 99 100 93 90 89 86
106 106 106 105 105 105 105 104 104 105 104 104 105 105 105 104 101 99 97 96 95 95 94 94 93 92 90 89 88 86 83 79 78 81 85 87 89 92 93 92 90 89 88 89 92 94 94 95 96 95 94 96 99 102 101 99 96 94 94 94 93 92 95 99 101 102 102 103 106 109 110 109 107 106 109 110 103 94 91 92 94 95 95 96 94 89 86 85 87 93 99 102 94 91 91 91
106 106 105 105 105 105 105 104 104 104 104 104 104 104 104 103 101 99 98 97 97 96 95 95 93 91 90 88 87 86 85 82 82 87 91 92 91 92 92 90 88 87 88 90 93 93 93 95 97 97 96 97 99 101 102 101 99 97 94 92 91 92 95 100 102 105 107 108 108 106 103 100 100 102 107 112 107 97 92 92 94 94 94 96 98 93 88 87 91 94 98 101 94 91 93 95
106 105 105 105 105 105 105 104 104 104 105 104 103 103 103 102 101 100 99 98 97 96 96 94 93 91 90 88 87 87 87 88 91 92 93 92 90 88 87 88 88 88 89 90 91 93 96 98 98 98 97 97 98 99 102 103 102 101 97 91 91 93 96 101 107 110 112 110 105 99 95 94 96 100 107 115 116 103 95 91 89 90 92 95 99 98 94 93 93 95 97 99 93 91 93 95
106 106 106 105 105 105 105 104 103 104 104 104 103 102 103 102 102 101 100 99 98 97 96 94 93 91 88 86 86 88 90 94 95 92 90 90 88 87 87 89 90 91 90 90 93 98 98 97 97 98 97 97 97 99 102 104 103 102 100 94 91 93 96 104 112 114 112 106 97 90 89 91 96 102 107 114 117 109 101 93 87 86 88 91 97 102 103 98 94 94 95 93 91 91 93 95
106 106 106 105 105 105 104 104 104 104 104 104 103 102 102 102 102 101 100 99 98 97 96 94 92 89 85 83 85 90 93 96 96 93 90 88 87 88 90 92 93 93 93 94 97 98 95 94 95 97 97 97 99 100 102 103 103 102 100 97 93 95 100 107 112 111 105 96 87 84 86 93 101 105 106 106 109 111 107 98 90 88 87 87 92 100 105 101 97 95 93 89 90 92 93 94
106 106 106 105 105 105 104 104 104 104 103 103 103 103 102 102 101 101 100 99 98 97 96 94 92 88 82 82 86 91 94 97 98 97 92 89 86 88 93 96 97 97 98 99 98 94 92 93 95 96 97 97 99 100 102 104 103 99 97 98 99 103 107 108 107 104 98 88 81 82 90 101 106 106 104 98 99 107 112 108 100 94 89 86 88 95 102 101 98 97 95 93 91 91 92 93
106 106 106 105 105 105 105 104 104 104 103 103 103 103 102 101 101 101 100 99 99 98 97 95 93 88 82 83 86 89 92 96 100 101 97 91 87 89 94 99 100 101 103 101 98 94 92 93 96 97 96 96 98 101 105 108 102 95 96 102 107 110 110 107 101 95 89 82 79 85 96 105 108 106 104 98 93 100 113 118 110 101 95 91 91 92 95 95 94 95 99 102 96 91 90 91
106 106 106 106 105 105 105 105 104 103 103 102 102 102 102 102 101 101 100 99 99 99 98 97 94 89 85 86 87 87 89 94 99 102 101 97 93 91 95 100 103 103 105 103 100 99 96 94 95 98 98 96 98 102 107 110 102 95 100 107 109 109 108 103 95 88 81 78 83 92 99 104 106 105 104 101 94 96 106 118 116 109 103 100 96 92 88 87 89 91 96 106 104 95 90 90
106 106 106 105 105 105 105 104 104 103 102 102 102 102 102 102 102 101 101 100 100 100 99 98 97 95 94 92 89 85 85 90 96 100 104 106 103 97 98 103 106 106 107 105 104 102 99 95 94 98 102 99 98 101 103 109 107 100 102 108 109 107 103 98 92 86 80 81 92 99 101 102 102 101 100 102 99 95 98 109 118 116 110 104 99 92 86 87 87 86 89 100 108 103 96 93
107 106 106 105 105 105 105 104 103 103 102 102 102 102 102 102 102 102 102 101 101 100 100 99 100 102 103 99 92 85 83 86 91 98 108 116 114 105 103 107 109 109 108 106 105 105 102 100 99 100 102 100 98 97 98 103 109 103 101 104 107 104 96 89 87 86 85 89 96 102 103 101 97 94 96 103 102 95 93 100 114 120 114 104 98 92 91 93 90 85 84 91 104 108 104 99
107 107 106 105 104 105 105 104 103 103 103 102 102 102 102 102 102 102 102 102 101 101 101 101 103 107 107 102 95 87 84 84 90 100 111 121 119 109 106 108 110 109 107 104 103 104 104 105 103 100 99 98 95 91 90 92 98 101 101 101 102 99 89 82 83 88 92 95 97 100 102 97 91 93 100 106 103 95 91 96 108 119 116 107 101 98 98 97 92 86 82 84 92 103 105 103
107 107 107 105 105 105 105 104 103 103 103 102 102 102 102 102 103 102 102 102 102 102 102 103 106 109 109 105 98 90 89 91 96 100 108 119 119 111 108 107 107 105 102 100 99 101 103 103 100 95 95 94 91 88 85 82 89 97 100 99 97 93 84 79 84 93 100 99 97 98 98 94 95 101 107 107 103 96 92 94 102 112 114 109 105 103 100 96 90 86 83 81 83 93 102 105
107 107 106 106 105 105 105 104 103 103 103 102 102 102 102 102 102 102 103 103 103 104 104 105 107 110 111 110 106 100 99 100 99 98 101 115 118 110 106 103 100 98 98 97 97 98 100 98 94 92 93 93 92 89 84 83 90 94 96 96 94 90 82 80 86 96 106 105 98 95 95 98 103 109 112 110 106 99 94 93 95 100 105 108 106 103 99 94 90 87 85 83 83 89 98 106
107 106 106 106 105 105 104 104 103 103 103 103 102 102 102 102 102 102 103 104 104 105 106 107 108 111 113 114 115 111 105 101 97 94 97 110 118 108 102 98 96 95 95 94 94 96 96 93 91 92 92 93 93 90 86 88 94 95 91 90 90 92 88 84 87 93 104 109 101 96 98 104 106 109 112 112 111 105 97 90 87 89 96 104 107 103 98 96 92 88 85 86 88 92 99 108
107 107 106 106 105 105 105 104 103 103 103 103 103 102 102 102 102 103 103 104 104 105 107 109 110 111 113 115 118 114 107 101 98 96 97 104 115 107 99 96 93 91 90 90 91 94 94 91 91 92 92 91 92 91 90 92 97 97 91 87 87 92 97 92 87 89 97 107 107 104 103 103 102 104 108 112 113 109 100 88 81 82 88 96 105 104 97 96 95 89 87 89 93 98 103 108
108 108 107 106 105 105 105 104 103 103 103 103 103 102 102 102 103 103 103 104 105 106 108 109 110 111 113 116 118 115 111 107 104 102 99 98 103 101 94 90 88 85 86 88 90 92 93 92 93 93 92 92 92 93 95 97 97 97 94 89 87 91 101 100 90 87 92 102 110 110 105 99 96 98 104 110 111 106 100 92 85 81 82 87 95 104 101 96 96 95 93 94 95 96 100 106
109 108 108 106 105 104 104 104 103 103 103 103 103 103 103 103 103 103 104 104 105 106 107 108 110 112 115 118 118 117 116 114 110 104 98 92 90 89 86 84 83 84 86 89 92 93 94 95 95 93 93 94 95 96 99 99 97 96 95 91 89 91 100 106 97 89 90 99 107 108 101 93 93 98 105 108 108 101 97 99 95 86 80 80 86 100 108 100 97 100 100 97 95 95 99 106
109 109 108 107 105 104 104 104 104 103 103 103 103 103 103 103 104 104 104 105 105 106 107 108 111 113 116 121 122 119 118 116 110 103 95 89 83 77 78 81 84 87 90 92 94 95 96 96 95 94 97 99 99 98 99 100 98 95 94 92 91 92 99 107 104 94 92 97 101 98 92 92 97 105 107 104 106 105 97 98 100 93 84 80 84 96 110 108 101 102 103 98 96 98 101 103
109 109 108 106 105 104 104 104 104 104 104 104 104 103 104 104 104 104 104 105 106 106 107 108 110 113 118 124 124 118 116 113 108 102 95 87 75 73 80 84 88 91 94 96 96 97 99 99 97 97 100 104 103 99 99 103 103 98 96 94 92 90 94 102 104 97 95 95 94 90 92 99 105 106 103 100 108 115 98 93 98 97 89 86 88 93 103 112 106 103 102 99 100 101 99 96
109 109 107 106 105 105 104 104 105 105 104 104 104 104 104 104 104 104 105 105 106 107 107 108 110 113 118 123 121 115 111 111 108 103 95 83 73 79 84 86 90 94 98 100 99 98 100 102 101 99 100 104 108 105 103 106 108 104 99 95 91 85 83 90 100 98 95 94 91 92 101 106 105 100 95 100 110 125 106 92 90 91 92 92 92 93 99 110 110 104 100 100 101 100 95 93
109 108 108 107 106 105 105 105 106 106 105 104 105 104 104 105 105 105 105 106 106 107 108 108 110 112 116 119 118 113 110 110 109 103 94 84 84 87 87 89 92 97 101 103 102 100 101 104 105 101 99 105 113 113 106 104 106 105 99 93 86 77 75 82 94 97 94 92 93 100 106 104 98 95 97 104 113 132 115 93 84 84 90 94 93 95 101 109 110 104 101 98 96 94 94 95
109 109 108 108 107 107 107 106 106 106 106 105 105 105 105 105 105 105 105 106 107 107 107 108 109 111 113 115 116 114 110 109 108 104 98 93 94 95 96 96 98 100 102 102 105 106 105 105 105 104 101 104 112 113 105 98 97 97 93 87 80 75 76 81 89 96 94 93 98 103 101 95 95 101 105 107 115 131 114 94 85 85 88 92 95 99 102 104 104 104 102 96 89 89 94 98
110 109 109 108 108 107 108 107 106 106 107 106 106 106 106 105 105 106 106 106 107 107 107 108 109 110 111 113 115 114 111 109 108 107 107 106 104 105 107 105 103 100 99 102 106 107 103 99 99 102 101 101 104 105 101 95 90 87 86 83 81 83 86 85 87 95 99 99 101 99 92 91 97 105 109 109 113 123 108 94 90 90 92 95 100 100 94 91 96 101 101 96 88 89 95 99
110 110 109 109 109 109 108 108 107 107 107 107 107 106 106 106 106 106 106 106 106 107 108 108 108 109 111 112 114 113 111 109 109 111 115 116 115 112 110 107 102 98 99 102 102 99 94 93 96 101 101 99 97 97 95 91 86 82 82 83 87 92 95 93 92 97 103 104 100 94 90 93 97 104 107 107 105 104 99 95 93 96 100 103 101 93 81 81 89 96 99 97 94 94 95 94
110 110 109 110 110 109 108 108 108 107 108 108 107 107 106 106 106 106 106 106 107 107 108 108 108 109 110 111 112 112 111 110 110 113 117 121 119 113 108 104 101 100 101 100 95 90 90 94 100 104 103 97 92 89 87 84 82 80 83 88 92 97 100 102 103 103 104 104 100 95 94 94 94 97 99 96 87 73 85 94 98 103 105 102 94 80 76 80 85 91 96 98 99 97 93 88
110 110 110 111 110 109 109 109 109 108 108 108 108 107 107 107 107 107 107 107 107 107 108 108 108 109 110 110 111 111 111 111 112 115 118 121 119 113 109 107 105 103 101 96 91 89 93 100 105 105 100 92 85 82 80 79 79 83 90 95 98 101 105 110 110 107 103 100 98 97 95 93 90 89 86 79 64 56 82 96 105 107 104 94 81 75 78 82 84 87 93 99 102 98 90 85
111 111 111 111 110 109 110 110 109 109 109 109 108 108 108 108 108 107 107 107 107 107 107 108 108 109 109 109 110 111 111 111 112 115 118 119 118 116 114 112 110 105 99 93 89 93 100 104 105 101 93 86 78 76 78 79 82 90 99 103 105 106 109 112 110 106 102 96 93 95 95 92 88 83 77 68 55 61 87 98 102 101 95 86 80 80 83 85 84 85 91 100 101 96 89 84
