windninja/windninja_output/Output_2025-10-23_0200-0250_Google earth_Fire_150m_10min/merlingen_7.5mi_point_10-23-2025_0240_150m_ang.asc
ncols	158
nrows	163
xllcorner	391686.332397
yllcorner	5160024.123721
cellsize	150.000000
NODATA_value	-32768.000000
[rows 42 to 83 of 163, columns 0 to 94 of 158]
103 103 103 103 103 103 104 103 102 103 103 103 103 103 103 103 103 103 103 104 104 105 105 106 107 108 110 112 114 113 110 108 108 107 107 106 104 105 107 106 104 101 101 104 109 110 106 103 104 106 105 104 108 110 105 99 95 94 91 88 87 91 95 94 96 104 108 109 111 113 108 106 111 121 122 122 133 153 144 123 114 113 111 112 116 118 119 119 119 120 119 112 103 103 111
103 103 103 103 104 104 105 104 103 103 104 104 104 104 103 103 103 103 104 104 104 105 106 106 106 108 109 111 113 112 110 108 108 111 114 116 115 113 111 108 103 99 101 104 104 102 98 96 99 104 104 102 101 102 100 96 91 88 87 89 92 99 102 101 101 107 113 114 113 114 113 112 116 123 124 125 136 154 144 125 117 117 117 118 117 114 109 108 111 116 117 114 109 108 112
103 103 104 104 105 105 105 105 105 104 105 105 104 104 104 104 104 104 104 105 105 105 106 106 106 107 109 110 111 111 110 109 110 113 117 121 119 114 109 105 102 102 103 102 98 93 93 97 103 107 106 101 97 96 93 90 87 86 89 94 99 103 107 109 110 111 113 114 115 117 117 115 116 119 120 123 136 153 137 123 120 121 120 116 110 102 100 102 105 110 113 115 112 109 109
103 103 105 106 106 106 105 106 106 105 105 105 105 105 105 105 105 105 105 105 105 106 106 106 107 108 109 109 110 111 111 111 112 114 118 121 119 113 109 108 107 105 102 98 94 93 97 103 108 108 103 96 90 88 86 85 85 89 96 102 105 107 112 116 116 114 111 110 112 115 113 111 109 109 108 110 125 144 128 124 124 122 117 108 98 95 100 102 103 105 110 114 113 110 107
104 105 106 106 105 106 106 106 106 106 106 106 106 106 106 106 106 106 105 105 106 106 106 107 107 108 108 108 109 110 111 111 112 115 118 119 118 116 114 113 111 106 100 95 93 97 103 107 107 104 97 90 84 81 84 84 87 96 104 109 111 113 116 118 116 113 110 106 107 110 109 106 103 100 97 96 106 128 124 121 119 115 108 99 96 99 103 105 103 103 108 114 114 110 107
105 105 106 105 104 105 107 108 107 107 107 107 107 107 106 106 106 106 106 106 106 106 106 107 107 107 108 108 109 110 111 111 112 114 117 118 118 117 117 115 112 108 102 96 96 103 107 107 103 98 92 85 79 81 84 88 95 103 110 116 117 115 114 114 112 108 106 103 104 107 106 104 100 96 91 88 94 114 116 113 110 106 102 101 102 105 108 108 106 105 109 112 113 111 108
104 105 105 105 103 103 106 109 109 108 108 108 107 107 107 107 107 106 106 106 106 106 107 107 107 107 108 108 109 109 110 111 112 113 116 118 118 117 117 116 113 109 104 101 103 106 107 104 99 93 86 79 80 85 88 95 103 109 114 118 120 113 108 107 106 105 103 103 103 104 103 102 99 94 87 84 93 107 110 108 105 105 107 108 110 111 111 112 112 112 110 108 108 109 109
104 105 105 104 103 103 105 109 111 110 109 108 108 108 107 107 107 107 107 107 107 107 107 107 107 108 108 109 109 109 110 111 112 113 116 118 118 117 117 117 114 110 108 109 109 107 104 100 95 88 79 80 86 92 98 104 109 113 115 116 115 109 103 102 104 105 104 104 103 102 102 100 96 91 87 89 99 107 109 108 107 108 111 113 114 114 115 117 117 115 109 103 102 105 106
104 105 105 104 103 104 105 108 112 112 110 109 109 109 108 108 108 108 107 107 107 108 108 108 108 108 108 109 109 109 110 111 112 113 114 117 118 118 117 116 114 112 113 115 112 107 102 97 90 82 79 87 95 101 106 110 113 113 112 109 107 103 99 100 103 105 104 103 102 101 100 97 94 91 92 98 105 108 108 107 108 109 111 114 116 117 119 119 115 111 106 100 96 97 98
103 105 107 106 106 106 105 106 110 113 112 110 110 110 109 108 108 108 108 108 108 108 108 108 108 108 108 109 109 109 110 111 111 112 114 115 117 117 117 117 115 114 115 117 113 107 101 93 85 83 91 99 103 106 110 112 112 108 104 102 100 98 99 101 104 105 105 103 102 100 98 96 94 94 98 103 107 108 108 107 107 107 108 112 116 118 118 115 111 107 103 97 91 89 95
103 105 109 109 107 107 106 104 107 113 114 111 110 110 109 109 108 109 109 108 108 108 108 108 108 108 108 109 109 109 110 110 111 112 113 114 115 116 117 118 116 114 116 118 114 107 100 93 90 98 107 109 108 110 112 111 108 103 98 96 97 100 101 101 103 106 105 104 101 100 99 98 98 99 102 104 107 109 109 108 105 103 105 110 114 115 115 113 109 105 100 95 90 90 99
101 104 112 112 109 108 108 104 105 109 113 112 111 110 110 110 109 109 109 109 108 109 109 109 109 109 109 109 109 110 110 110 111 112 112 113 114 116 117 119 118 115 116 118 115 108 103 103 105 108 111 110 109 110 110 108 105 100 95 95 98 102 102 102 104 107 107 104 101 101 102 102 102 102 103 105 107 109 110 109 106 105 106 109 112 113 115 114 109 103 99 98 97 98 109
101 103 110 115 111 109 110 105 102 105 110 112 112 111 110 110 110 110 109 109 109 109 109 109 109 109 109 109 109 110 110 110 111 111 112 113 113 114 116 118 119 116 114 115 115 111 109 113 114 112 110 109 109 108 106 105 103 99 97 98 101 103 103 103 105 109 110 109 105 104 105 103 100 101 104 106 108 109 111 112 113 111 110 111 111 112 115 115 110 105 103 104 108 110 112
103 102 105 111 110 107 108 106 101 101 107 111 112 112 111 110 110 110 110 110 109 109 109 109 109 109 109 109 110 110 110 110 111 111 112 112 113 114 115 116 117 115 112 112 115 116 117 119 118 114 112 110 110 108 105 102 101 100 101 103 106 107 105 103 105 109 111 112 109 105 101 97 100 104 106 108 110 112 113 117 119 116 113 112 112 111 113 114 113 109 107 109 114 118 115
104 103 102 105 107 106 108 108 104 101 104 109 112 113 113 111 111 111 110 110 110 109 110 110 110 110 110 110 110 110 110 110 111 111 112 112 112 113 114 115 115 114 113 114 116 119 122 122 120 118 116 111 109 108 104 101 100 102 105 108 110 109 104 100 101 105 109 110 107 99 94 98 105 108 110 112 114 115 116 119 120 117 114 113 112 110 109 110 111 110 110 115 125 129 122
104 104 102 102 104 105 107 110 109 105 105 107 109 111 113 113 111 111 111 111 110 110 110 110 110 110 110 110 110 110 110 111 111 111 111 112 112 113 113 114 114 114 115 116 117 119 121 122 121 122 120 112 109 108 103 100 104 107 110 111 111 107 103 97 96 100 106 107 102 97 100 106 109 111 113 117 118 118 119 120 120 117 114 112 109 105 103 104 108 114 119 128 135 134 126
104 104 103 103 103 104 106 110 112 110 108 107 105 106 111 114 113 112 112 111 111 110 110 110 111 111 110 110 110 110 111 111 111 111 111 112 112 112 113 113 114 114 115 116 117 117 119 121 122 124 124 115 111 108 103 101 107 111 111 111 109 106 101 96 93 96 103 106 103 103 108 110 111 113 116 119 120 120 120 121 119 116 113 110 106 103 103 106 114 123 127 131 134 132 123
103 103 103 103 103 103 104 107 111 111 109 108 104 103 107 112 114 113 113 112 112 111 111 111 111 111 111 111 111 111 111 111 111 111 111 112 112 112 112 113 113 114 114 115 116 116 118 120 123 126 129 122 114 109 104 102 108 111 111 110 108 105 100 95 92 94 101 107 107 107 110 112 113 116 119 121 120 119 118 117 116 113 111 109 107 106 109 116 125 128 127 126 127 125 114
103 103 103 103 103 103 104 105 107 109 111 112 110 106 105 108 112 114 114 114 113 112 112 112 111 111 111 111 111 111 111 111 111 111 111 112 112 112 112 113 113 114 114 115 116 116 117 119 122 127 132 127 116 109 104 103 108 111 111 109 107 104 100 95 93 94 99 106 107 108 111 114 116 117 120 121 119 117 116 114 113 111 109 108 108 110 116 124 128 127 125 122 121 116 105
103 103 103 103 103 103 104 105 106 109 112 116 116 111 106 105 108 112 115 115 114 113 112 112 111 111 111 111 111 111 111 111 111 112 112 112 112 112 112 113 113 113 114 115 115 116 117 119 122 126 131 128 118 110 105 105 108 109 109 107 105 103 101 97 95 94 96 103 109 111 113 116 118 119 121 121 117 115 115 114 113 110 108 107 109 113 121 127 127 125 124 121 115 105 95
104 104 103 103 104 104 105 105 106 108 111 116 117 114 110 105 105 108 112 115 115 114 113 112 112 111 111 112 112 112 112 112 112 112 112 112 112 112 112 113 113 113 114 114 115 116 117 118 120 123 128 128 120 113 109 108 108 108 107 107 106 105 104 101 98 95 95 104 111 114 116 117 118 120 121 119 116 114 115 115 113 111 109 109 114 118 123 127 126 123 121 115 103 93 84
105 105 104 104 105 106 106 106 106 107 109 113 116 117 114 110 106 106 108 112 115 115 114 113 113 112 112 112 112 112 112 112 112 112 112 112 112 112 113 113 113 113 114 114 115 116 117 118 119 121 125 127 122 117 117 114 109 108 108 109 109 108 105 100 96 93 95 108 114 116 117 118 118 120 121 119 118 117 118 118 116 115 114 117 122 124 125 126 123 118 112 103 93 82 71
105 104 104 104 106 107 106 105 105 106 107 111 117 118 117 114 110 107 106 108 112 114 114 114 114 113 112 112 113 113 113 113 112 112 112 112 113 113 113 113 113 113 114 114 115 115 116 117 118 120 122 125 123 120 122 119 111 108 109 111 111 108 98 91 93 97 106 115 118 118 119 118 118 120 122 122 121 122 124 123 120 120 121 123 126 125 124 123 119 111 104 95 83 70 58
106 105 104 105 106 107 106 105 104 105 106 109 116 119 118 116 114 111 106 106 108 111 113 114 115 114 112 112 113 113 113 113 113 113 113 113 113 113 113 113 113 113 114 114 115 115 116 117 117 119 120 122 122 120 122 123 115 109 109 110 109 102 94 96 102 109 117 120 120 120 119 118 117 119 123 125 125 125 128 125 123 125 128 130 128 124 121 118 113 104 96 84 69 56 42
105 103 102 104 105 107 108 106 105 106 108 110 113 118 119 117 116 114 110 107 107 109 110 112 115 115 114 113 113 113 113 113 113 113 113 113 113 113 113 113 113 114 114 114 115 115 115 116 117 118 119 120 120 120 121 123 119 111 107 105 104 106 108 109 111 114 118 120 121 120 120 118 117 120 125 127 126 127 130 131 131 134 135 135 128 121 117 112 103 94 84 68 53 37 27
107 103 100 101 103 108 111 108 104 106 109 111 112 116 119 118 115 116 115 111 109 109 109 110 113 114 113 113 113 113 113 114 114 113 114 113 113 114 114 114 114 114 114 114 115 115 115 116 116 117 117 118 118 119 119 120 118 113 106 102 107 117 117 114 113 113 115 118 120 120 121 119 117 120 124 126 127 130 136 137 136 136 133 130 123 113 107 99 91 83 69 50 34 23 23
116 109 105 104 105 109 114 110 104 105 108 111 112 114 117 118 116 116 117 114 111 110 109 109 110 111 110 110 112 113 114 114 114 114 114 114 114 114 114 114 114 114 114 114 115 115 115 116 116 116 117 117 117 118 118 117 116 113 109 105 110 118 119 116 114 113 113 116 120 121 121 119 116 119 123 125 127 133 138 136 133 129 123 118 114 104 95 89 83 70 52 29 20 22 30
117 114 111 109 107 106 111 113 107 107 111 114 114 115 116 117 117 116 116 115 113 112 111 110 109 107 104 107 111 113 115 115 115 115 115 114 114 114 114 114 114 114 114 115 115 115 115 115 116 116 116 116 117 117 117 116 115 114 112 110 112 117 118 116 113 112 113 116 119 120 120 118 116 120 125 125 127 133 137 133 127 121 112 108 110 102 92 85 74 55 32 18 20 32 48
112 113 112 110 106 102 104 112 110 108 110 114 113 113 115 115 115 113 113 115 115 113 111 111 110 106 102 105 110 113 114 116 116 116 115 115 115 115 115 115 115 115 115 115 115 115 115 115 115 116 116 116 116 116 116 116 115 114 114 113 114 115 115 113 112 113 114 115 116 117 119 118 117 122 126 126 128 133 135 130 122 114 108 109 108 102 89 77 61 37 21 21 34 51 74
109 110 112 110 106 102 103 110 110 104 102 104 104 106 108 110 111 110 110 112 113 113 112 111 114 114 107 105 108 111 113 115 117 117 117 116 116 115 115 115 115 115 115 115 115 115 115 115 115 116 116 116 116 116 116 116 115 115 115 115 115 115 115 114 113 114 114 113 114 117 121 119 117 120 125 125 127 131 132 126 118 112 113 113 107 97 84 67 42 27 25 38 60 81 100
107 109 111 111 108 106 107 111 109 102 96 98 100 102 104 106 108 109 109 111 112 113 113 113 117 120 113 106 105 108 111 113 115 117 118 117 117 116 116 116 116 115 115 115 115 115 115 115 115 116 116 116 116 116 116 116 115 115 115 115 115 115 115 116 116 115 115 114 115 117 119 117 113 116 122 124 125 127 130 126 121 120 119 115 105 90 73 49 32 34 45 64 79 95 116
107 109 111 111 110 109 109 111 109 103 99 101 103 105 106 107 109 110 110 111 112 113 113 115 119 122 116 109 105 106 108 110 112 115 118 118 118 117 117 116 116 116 116 116 115 115 115 115 116 116 116 116 116 116 116 116 116 116 116 116 116 116 116 116 116 116 117 117 117 118 117 115 113 115 120 123 124 126 131 131 128 126 122 113 101 81 54 36 43 57 75 95 107 123 136
106 107 110 112 111 110 110 109 107 106 105 105 106 107 109 110 111 111 111 112 113 112 112 113 117 121 118 112 107 105 107 109 111 114 117 119 118 118 118 117 117 116 116 116 116 116 116 116 116 116 116 116 116 116 116 116 116 116 116 116 116 116 117 117 117 117 117 118 118 119 119 118 118 121 124 126 127 129 135 136 133 127 119 108 90 61 38 43 63 77 99 119 137 136 134
104 105 108 112 111 110 110 109 108 108 108 108 108 109 111 112 113 113 113 113 113 112 111 112 115 119 118 114 110 107 107 109 110 111 114 117 118 118 118 118 118 117 116 116 116 116 116 116 116 116 116 116 116 116 116 116 117 117 117 117 117 117 117 117 118 118 118 119 119 120 120 121 122 125 128 128 129 134 140 139 132 123 112 97 72 41 42 59 74 87 105 128 137 129 127
103 102 104 109 111 111 111 111 110 110 111 111 112 112 112 114 114 114 114 114 114 113 113 113 114 117 116 115 114 110 107 107 107 107 109 113 116 118 119 119 118 117 117 116 116 116 116 116 116 116 116 116 117 117 117 117 117 117 117 117 117 118 118 118 118 119 119 119 120 121 121 122 124 127 130 130 131 137 142 135 126 116 101 79 49 44 59 67 76 95 117 139 134 124 120
103 100 97 101 107 111 112 112 112 114 115 115 115 114 114 115 116 115 115 115 114 114 115 115 115 115 115 115 115 112 107 105 105 106 108 112 116 117 118 119 119 118 117 117 116 116 116 116 116 116 116 117 117 117 117 117 118 118 118 118 118 118 118 119 119 119 120 120 121 121 122 124 125 127 129 130 133 138 139 129 118 107 90 65 55 68 80 89 105 128 140 142 134 125 120
104 96 85 90 103 110 112 115 117 120 121 120 118 117 116 117 118 117 117 116 115 115 115 116 117 115 114 114 116 116 111 107 107 109 110 112 115 116 117 119 120 119 118 117 116 116 116 116 116 116 117 117 117 118 118 118 118 118 118 119 119 119 119 119 120 120 121 121 122 122 123 124 126 127 129 131 134 138 137 126 114 103 88 81 93 110 121 132 138 139 138 136 131 124 122
104 89 74 84 97 109 118 121 123 127 129 125 121 119 118 119 119 119 118 117 116 116 115 116 120 118 114 114 116 118 117 112 110 109 109 111 114 115 115 117 120 120 118 117 116 116 116 116 116 116 117 118 118 118 118 119 119 119 119 119 119 119 120 120 120 121 121 122 122 123 124 125 126 127 129 131 134 138 136 126 116 111 114 121 127 133 141 141 137 133 131 128 126 123 123
126 105 93 94 103 119 132 134 132 135 135 130 124 122 120 120 120 119 119 118 117 116 116 117 122 121 116 115 116 119 120 117 114 111 110 111 113 114 114 115 119 120 117 116 115 115 114 114 115 116 117 118 119 119 119 119 119 119 120 120 120 120 120 121 121 121 122 122 123 124 124 126 127 128 129 131 134 137 136 130 128 132 136 137 138 140 139 136 133 129 126 124 122 122 123
193 119 103 108 115 124 142 147 143 143 142 135 127 123 121 120 120 119 119 119 118 117 116 118 123 122 117 115 115 118 121 120 118 115 112 110 111 114 114 114 117 119 116 114 113 112 112 111 111 114 117 119 120 120 120 120 120 120 120 120 121 121 121 121 122 122 123 123 124 124 125 126 127 128 130 132 134 137 138 138 142 144 144 144 145 143 136 133 130 127 125 123 120 121 123
157 117 114 120 123 126 138 147 149 147 145 137 128 123 120 119 119 118 119 119 119 118 117 119 123 122 118 117 117 118 119 119 117 115 112 109 110 112 114 114 116 118 118 117 116 116 116 115 115 116 119 121 122 122 121 121 121 121 121 121 121 121 122 122 122 123 123 124 124 125 126 127 128 129 130 132 134 137 139 142 148 151 150 152 152 140 133 130 129 127 125 123 121 122 125
116 125 128 126 123 118 122 132 138 139 139 133 126 121 118 117 117 117 118 118 119 118 118 119 124 124 121 120 119 118 118 117 116 114 112 110 109 110 113 114 116 119 121 122 123 123 124 125 124 124 125 125 125 125 123 122 121 121 121 121 122 122 122 123 123 123 124 124 125 125 126 127 128 130 131 132 134 137 140 144 151 157 158 157 147 135 129 127 127 125 123 122 121 121 123
