windninja/windninja_output/Output_2025-10-23_0200-0250_Google earth_Fire_150m_10min/merlingen_7.5mi_point_10-23-2025_0230_150m_ang.asc
ncols	158
nrows	163
xllcorner	391686.332397
yllcorner	5160024.123721
cellsize	150.000000
NODATA_value	-32768.000000
[rows 44 to 87 of 163, columns 0 to 95 of 158]
130 129 128 127 127 126 125 124 123 123 123 123 122 122 121 121 121 121 121 121 121 122 122 122 122 122 123 124 124 124 122 121 123 126 130 134 131 126 123 121 119 118 118 117 116 115 114 117 120 122 121 118 118 120 115 109 106 104 106 109 114 118 120 122 123 124 127 130 135 144 144 139 139 140 140 145 162 174 162 143 135 133 130 125 121 118 118 117 117 119 121 122 117 114 116 122
131 130 129 128 127 126 125 125 124 124 123 123 123 122 122 122 122 122 121 121 122 122 122 122 122 123 123 123 123 124 123 123 124 127 130 131 129 124 121 122 122 119 116 114 114 116 117 120 122 122 119 114 112 112 108 104 103 106 112 117 120 122 126 128 126 125 125 126 132 137 135 134 133 133 135 143 166 176 157 142 136 132 126 118 110 111 115 115 114 115 118 120 118 115 113 117
132 132 130 129 128 126 126 125 125 125 124 124 124 123 123 123 122 122 122 122 122 122 122 122 122 122 122 123 123 123 123 124 125 127 130 130 128 126 125 125 123 119 114 111 114 117 120 122 121 119 114 109 105 103 103 103 105 112 119 123 126 127 129 130 127 124 123 123 127 131 128 126 124 123 127 139 164 167 148 137 131 125 117 110 108 112 116 116 114 113 116 119 119 116 113 116
133 132 131 130 127 125 125 126 126 125 125 125 125 124 123 123 123 122 122 122 122 122 122 122 122 122 122 122 123 123 123 124 124 126 128 129 128 127 126 125 123 119 115 113 117 120 121 120 117 114 111 105 100 101 105 109 114 119 123 128 130 128 126 125 123 120 120 120 124 128 125 123 120 119 122 133 153 151 137 127 121 116 112 112 115 117 119 119 116 115 117 118 118 117 115 116
132 131 131 130 127 124 125 127 127 126 125 125 125 124 124 123 123 123 122 122 122 122 122 122 122 122 123 123 123 123 123 124 124 125 127 128 127 126 126 125 123 120 116 117 121 121 120 117 114 112 107 100 100 103 109 115 119 123 126 131 132 125 120 118 117 116 117 120 122 124 122 120 118 117 118 126 138 138 130 122 117 116 118 120 122 123 123 123 122 120 118 115 115 117 116 117
131 131 132 131 127 123 124 127 128 127 126 126 125 125 124 124 123 123 123 123 123 123 123 123 122 122 123 123 123 123 123 124 124 125 127 128 128 126 126 126 123 120 119 122 123 119 116 114 112 108 103 102 107 113 119 122 123 125 127 130 129 122 115 112 114 116 118 120 121 122 121 119 117 116 118 126 133 134 130 124 121 121 123 125 126 126 127 128 126 123 117 111 110 113 114 112
130 132 134 133 128 125 125 126 129 129 127 127 126 126 125 124 124 124 123 123 123 123 123 123 123 123 123 123 123 123 124 124 124 125 126 128 128 127 127 126 124 122 123 126 123 118 114 111 107 101 100 106 114 121 125 126 125 125 125 125 122 116 110 110 113 117 118 120 120 120 118 116 115 116 120 127 132 133 129 124 122 122 124 126 127 127 129 127 123 119 115 108 104 105 107 109
130 133 136 135 129 128 127 126 128 130 129 128 127 127 126 125 124 125 124 124 124 124 124 124 123 123 123 123 123 123 124 124 124 125 125 126 126 126 126 126 125 123 124 126 123 117 113 108 102 103 112 117 119 123 125 125 123 121 120 119 116 112 109 110 114 118 119 121 120 119 117 115 116 119 123 126 129 130 127 124 122 120 121 124 126 127 126 123 119 115 112 105 98 97 103 111
130 133 138 134 129 128 128 126 127 131 131 129 128 127 126 125 125 125 125 124 124 124 124 123 123 123 123 123 123 124 124 124 124 124 125 125 126 126 126 127 126 123 124 127 124 117 113 112 112 121 128 127 126 126 125 121 119 117 115 113 113 113 110 110 114 119 122 122 121 119 119 119 121 124 124 125 127 128 126 122 120 118 118 121 123 123 122 120 117 113 108 103 97 97 107 121
131 133 139 136 130 130 131 126 125 129 131 130 128 127 127 126 125 125 125 124 124 124 124 124 124 124 124 124 124 124 124 124 124 124 125 125 125 126 126 128 127 124 124 126 125 119 117 123 126 128 130 128 127 125 122 119 117 116 113 112 114 114 111 111 116 122 125 126 123 122 123 125 126 125 124 125 127 126 123 121 120 119 119 121 122 121 122 121 117 111 107 105 104 106 115 128
132 133 137 138 133 132 133 128 124 125 129 130 129 128 127 127 126 126 125 125 124 125 124 124 124 124 124 124 124 124 124 124 124 124 124 125 125 125 126 127 127 124 123 124 124 122 123 130 130 128 128 126 124 122 117 116 118 118 116 116 117 116 113 113 118 126 131 133 130 127 128 128 126 124 124 125 127 126 123 125 126 124 123 124 124 123 123 122 118 114 111 112 115 116 116 124
133 131 132 135 131 128 131 129 123 123 127 129 129 128 128 127 126 126 126 126 125 125 125 124 124 124 124 124 124 124 124 124 124 124 124 125 125 125 125 126 125 123 121 121 123 125 127 131 130 129 129 126 124 121 115 115 119 121 120 119 121 119 115 114 119 128 134 137 133 129 128 126 124 125 126 127 129 127 126 129 131 127 125 125 125 125 125 126 123 118 114 115 120 123 118 120
133 131 130 131 129 126 127 129 125 122 125 128 128 128 128 127 126 126 126 126 125 125 125 125 125 125 125 124 124 124 124 124 124 124 124 124 125 125 125 125 124 123 122 123 125 127 130 131 130 131 131 125 123 120 114 114 121 124 123 123 123 121 116 113 117 126 132 135 131 125 124 125 127 129 129 131 132 129 129 131 132 128 125 125 124 123 124 126 126 121 117 120 129 132 124 122
133 132 130 131 131 129 129 130 128 125 126 129 128 128 129 128 127 127 126 126 126 125 125 125 125 125 125 125 125 125 124 124 124 124 124 125 125 125 125 124 124 124 124 125 126 127 128 129 129 132 132 125 121 118 113 114 125 127 125 125 123 119 114 110 112 122 130 132 129 125 127 129 130 131 132 135 134 132 132 133 133 129 126 124 121 117 116 119 123 125 126 132 137 136 128 122
133 133 131 131 131 131 130 131 131 128 128 130 128 126 127 128 128 127 127 127 126 126 125 125 126 126 125 125 125 125 125 125 125 125 125 125 125 125 125 125 125 125 125 125 125 125 126 127 128 131 133 126 121 118 114 116 126 127 124 124 122 118 114 110 110 119 129 135 135 132 131 131 131 132 134 136 134 132 133 134 133 130 126 123 119 115 115 119 125 131 132 134 136 134 125 114
133 133 132 131 130 129 129 130 130 128 128 130 127 124 126 128 128 128 127 127 127 126 126 126 126 126 126 125 125 125 125 125 125 125 125 125 125 125 125 125 125 125 125 125 125 125 126 127 129 132 135 131 123 118 115 117 124 124 122 121 120 117 113 110 110 116 128 140 140 132 130 131 131 132 135 136 133 131 132 132 131 128 125 124 121 120 122 127 132 133 130 128 129 127 117 104
133 133 132 131 130 128 127 126 127 127 128 131 131 127 126 127 128 128 128 128 128 127 127 127 126 126 126 125 125 125 125 125 125 125 125 125 125 125 125 125 125 125 125 125 126 126 126 127 129 132 136 133 124 118 115 117 122 122 121 120 118 116 113 110 110 115 126 141 138 129 129 132 132 132 135 135 132 131 130 129 129 126 124 123 123 124 128 132 133 130 128 125 123 120 109 95
135 134 132 131 130 128 127 126 126 128 130 134 134 130 128 127 128 129 129 129 128 127 127 127 126 126 126 126 126 126 126 125 125 125 125 125 125 125 125 125 125 125 125 125 126 126 127 128 129 132 135 133 124 117 115 116 119 118 118 117 116 114 113 111 111 114 124 140 134 129 131 132 132 133 135 133 130 130 131 130 129 126 123 122 122 125 129 132 131 128 127 124 119 110 100 87
137 136 133 132 131 129 128 127 127 128 130 133 134 132 130 127 127 128 128 129 128 128 127 127 127 126 126 126 126 126 126 126 126 125 125 125 125 125 125 125 125 125 125 126 126 126 127 128 129 130 134 133 125 120 118 118 117 116 116 116 116 116 116 115 114 115 125 137 132 131 132 132 131 133 134 132 130 130 132 132 130 128 125 124 126 127 128 131 129 126 125 119 107 99 89 75
140 137 133 131 130 130 129 128 127 127 129 131 133 133 132 129 128 127 128 129 129 129 128 128 128 127 126 126 127 126 126 126 126 126 126 126 126 125 125 125 125 126 126 126 126 126 127 127 128 129 132 133 128 124 125 123 118 116 117 118 120 120 118 114 110 110 120 131 131 132 133 132 131 133 134 134 133 133 135 136 134 133 131 130 133 130 129 129 126 121 117 108 98 86 74 59
144 140 133 130 129 129 127 126 126 127 127 129 133 135 133 131 130 129 128 128 129 129 129 128 128 127 126 126 127 126 126 126 126 126 126 126 126 126 126 126 126 126 126 126 126 126 127 127 127 128 130 131 128 126 128 128 120 117 118 120 122 120 112 104 104 110 123 130 132 133 133 132 130 132 136 137 136 138 141 142 139 138 136 135 135 130 128 126 122 116 109 101 88 73 57 38
150 144 135 132 130 129 128 125 124 124 125 127 132 135 134 132 131 130 128 128 129 130 129 129 129 128 126 127 127 127 127 127 127 126 126 126 126 126 126 126 126 126 126 126 126 126 127 127 127 128 128 129 128 126 128 130 123 118 118 119 119 117 110 109 115 123 130 133 133 133 133 131 130 132 137 139 139 140 145 145 143 142 140 140 135 128 124 121 117 111 103 89 71 55 38 23
152 146 137 133 131 130 131 129 127 126 127 128 131 135 134 133 132 131 129 128 129 131 130 129 130 129 127 128 127 127 127 127 127 127 127 126 126 126 126 126 126 126 126 126 126 126 127 127 127 127 127 127 127 125 126 128 124 119 116 114 117 124 125 124 125 128 131 134 134 133 133 131 129 133 138 139 139 142 148 150 147 146 144 142 133 125 121 117 110 101 90 72 52 32 21 19
152 147 141 137 132 132 135 134 129 127 128 130 132 134 135 134 132 132 131 130 130 132 131 130 130 129 127 126 126 126 127 127 127 127 127 127 127 127 127 127 127 127 127 127 127 127 127 127 127 127 127 126 126 125 125 125 122 118 112 110 119 130 129 126 126 127 130 133 133 132 132 130 128 132 137 139 140 145 151 151 147 144 140 136 128 118 111 105 98 89 74 49 28 17 18 26
146 144 145 145 141 140 144 143 134 128 129 131 133 134 136 135 133 132 132 131 130 131 131 131 132 131 127 125 125 126 126 127 127 127 127 127 127 127 127 127 127 127 127 127 127 127 127 127 127 127 126 126 126 125 125 123 121 118 114 112 119 127 127 125 124 125 128 131 133 133 132 130 127 130 135 137 140 146 151 146 141 136 129 124 118 108 99 95 90 75 51 22 12 16 26 41
136 135 138 141 140 141 150 152 141 136 138 141 141 140 141 140 136 133 132 132 130 130 129 130 132 131 126 124 125 126 126 127 127 128 128 127 127 127 127 127 127 127 127 127 127 127 127 127 127 127 126 126 126 125 124 123 122 120 118 116 119 123 124 122 121 122 125 129 131 132 132 129 127 131 136 137 140 145 147 141 135 127 118 113 113 105 96 92 80 55 25 9 12 26 44 61
132 130 128 127 126 128 140 147 139 135 140 145 145 145 145 143 140 136 133 133 131 130 128 128 131 132 125 124 126 127 127 127 128 128 128 128 128 128 128 128 128 128 127 127 127 127 127 127 127 127 126 126 126 125 125 124 123 122 121 120 120 121 120 118 117 119 122 123 126 129 132 129 127 133 138 138 139 143 143 137 129 120 114 114 111 105 95 83 63 30 12 12 27 46 73 94
133 131 127 123 118 116 122 130 127 123 126 133 134 136 139 140 139 137 135 134 133 130 128 128 133 136 129 126 127 128 128 128 128 129 129 128 128 128 128 128 128 128 128 128 128 127 127 127 127 127 127 126 126 126 125 125 124 123 123 122 122 122 121 119 118 118 118 118 120 124 129 128 126 132 137 137 138 140 140 134 126 118 119 117 110 102 90 71 36 17 15 30 56 80 101 124
134 133 130 128 124 120 121 124 121 114 112 116 120 123 126 130 133 133 133 135 135 133 131 131 136 139 132 126 127 128 129 129 129 129 129 129 129 129 129 128 128 128 128 128 128 128 127 127 127 127 127 127 126 126 126 125 125 124 124 124 123 123 123 122 122 121 120 119 119 122 124 122 121 126 133 134 134 136 139 135 129 126 124 118 109 96 80 47 23 24 37 61 79 95 116 134
136 134 132 130 127 125 124 123 120 115 115 118 121 124 125 127 129 129 130 132 134 134 134 134 137 139 134 127 126 127 129 129 129 130 131 130 130 129 129 129 129 129 129 128 128 128 128 128 127 127 127 127 127 126 126 126 126 125 125 125 124 124 124 124 123 123 123 122 122 122 121 119 118 123 129 131 132 134 140 140 135 132 125 117 105 89 54 28 35 53 76 99 111 125 136 134
138 135 132 131 127 124 123 121 120 120 120 122 124 126 128 129 130 129 129 131 131 131 132 133 136 139 135 130 126 125 127 129 129 130 132 132 131 130 130 130 130 129 129 129 128 128 128 128 128 127 127 127 127 127 127 126 126 126 126 126 125 125 125 125 125 125 125 124 124 124 123 122 122 126 130 132 134 137 143 144 139 132 123 112 97 64 31 37 61 79 104 124 140 137 135 131
142 136 131 129 125 121 121 121 120 122 122 123 125 126 128 130 131 130 130 131 130 129 129 130 133 137 135 131 128 126 127 128 129 129 131 132 132 131 131 131 130 130 129 129 129 128 128 128 128 128 128 128 127 127 127 127 127 127 127 126 126 126 126 126 126 126 126 126 126 126 126 126 127 130 133 133 135 141 147 145 136 127 116 102 77 34 34 57 74 90 108 131 138 129 128 125
152 141 128 125 121 119 119 119 120 121 123 125 126 127 128 130 131 130 130 131 131 131 130 130 132 135 133 130 130 128 127 127 126 125 126 129 130 131 131 131 131 130 130 129 129 129 128 128 128 128 128 128 128 128 128 128 128 127 127 127 127 127 127 127 127 127 127 127 127 127 128 128 130 132 134 134 136 143 147 140 129 120 106 84 43 33 54 65 76 97 119 140 135 125 121 120
172 151 121 114 115 115 116 117 119 122 125 128 128 128 129 130 131 131 131 132 131 131 131 132 133 134 131 129 129 128 126 124 124 125 126 128 130 130 131 132 132 131 130 129 129 129 128 128 128 128 128 128 128 128 128 128 128 128 128 128 128 128 128 128 128 128 128 128 128 129 129 130 131 133 134 134 137 142 143 133 122 112 95 65 48 63 80 92 110 131 142 142 135 125 120 120
208 191 110 99 106 110 113 117 122 127 131 132 131 130 131 132 132 132 132 133 132 131 131 132 136 136 131 129 130 130 129 126 127 128 128 130 131 131 131 131 133 132 131 130 129 129 128 128 128 128 128 128 129 129 129 129 129 129 129 129 129 129 129 129 129 129 129 129 129 130 130 131 132 133 134 135 137 142 140 129 118 109 95 86 103 121 131 139 141 141 139 137 132 124 122 123
235 236 120 103 104 112 120 124 127 133 137 136 134 133 133 133 133 133 134 133 132 131 131 133 138 137 132 131 132 134 133 130 129 128 128 129 132 133 131 131 133 132 131 130 129 128 128 127 127 128 128 129 129 129 129 129 129 129 129 129 130 129 130 130 130 130 130 130 130 131 131 132 133 134 134 136 138 141 139 130 121 120 126 133 138 143 147 144 139 135 132 129 127 124 123 125
236 228 169 127 124 133 140 140 139 142 144 141 138 136 135 134 134 134 134 134 132 131 131 133 138 137 133 131 133 135 135 133 131 131 130 130 132 134 132 132 133 133 130 128 128 127 126 126 125 126 128 129 129 130 130 130 130 130 130 130 130 130 130 130 130 130 131 131 131 131 132 133 133 134 135 136 138 141 139 134 134 140 144 145 147 147 143 138 135 130 127 125 123 123 123 123
239 221 149 132 133 142 158 159 154 153 152 148 141 138 135 134 134 134 134 134 132 132 132 134 138 137 132 131 132 135 136 135 134 133 132 131 133 134 133 133 135 135 131 127 125 123 123 121 120 122 125 128 130 131 131 131 131 131 131 131 131 131 131 131 131 131 131 131 132 132 133 133 134 135 136 137 138 141 141 141 147 150 151 151 152 147 138 135 132 129 126 124 121 121 123 122
241 203 139 135 138 150 167 169 166 163 160 153 144 140 136 134 134 133 133 133 132 132 132 134 138 137 132 132 133 134 134 133 132 130 129 130 131 133 133 134 137 138 136 133 131 129 129 128 126 126 128 129 131 132 132 132 131 131 131 131 131 131 132 132 132 132 132 132 132 133 133 134 135 135 136 137 139 141 143 146 151 155 156 158 157 142 135 132 130 128 126 124 121 122 124 123
158 155 148 144 145 151 162 170 171 168 163 153 145 139 135 133 133 132 131 131 131 131 131 133 138 138 135 134 134 134 133 133 131 129 127 126 127 130 132 133 136 138 140 140 139 139 139 139 137 137 137 136 135 135 134 133 132 132 132 132 132 132 132 132 132 132 133 133 133 133 134 134 135 136 137 138 139 141 144 148 154 160 162 161 149 137 131 128 128 126 124 122 121 121 123 122
130 138 147 147 146 148 157 167 169 165 157 150 145 138 133 131 131 130 129 130 130 130 131 133 137 138 136 135 135 134 134 134 134 132 129 126 125 126 128 131 134 136 137 137 137 137 137 137 136 137 139 139 139 138 136 134 133 132 132 132 132 133 133 133 133 133 133 133 134 134 134 135 135 136 137 138 140 142 145 149 158 164 166 159 141 133 128 125 124 123 121 120 119 119 119 120
108 113 124 126 127 128 137 153 152 150 149 148 145 138 133 132 131 129 128 128 127 128 129 131 134 137 136 134 134 135 135 135 136 136 133 130 129 127 127 129 132 135 135 133 132 131 130 129 129 130 132 134 135 136 136 134 133 132 132 133 133 133 133 133 134 134 134 134 134 134 135 135 136 136 137 138 140 142 145 150 158 164 166 155 136 130 127 125 124 123 122 120 119 119 120 122
101 101 103 104 101 95 97 123 134 140 145 147 143 138 133 131 130 126 123 123 122 123 123 125 131 138 139 136 135 135 136 135 137 140 138 137 136 133 131 130 132 134 135 134 133 131 129 127 126 128 129 130 131 133 134 133 132 132 132 133 133 133 134 134 134 134 134 134 135 135 135 136 136 137 137 138 140 142 144 149 156 161 161 150 134 127 125 124 124 123 122 121 123 126 129 130
102 98 90 90 94 102 120 132 135 139 144 145 140 137 133 130 128 123 119 119 120 119 119 125 136 145 146 141 138 137 137 136 136 138 138 138 139 139 137 135 134 135 135 135 133 131 129 128 127 127 128 129 130 131 131 131 131 131 132 133 133 134 134 135 135 135 135 135 135 135 136 136 136 137 138 138 140 141 143 147 152 155 153 145 132 126 124 122 120 119 120 123 126 128 130 131
