windninja/windninja_output/Output_2025-10-23_0200-0250_Google earth_Fire_150m_10min/merlingen_7.5mi_point_10-23-2025_0220_150m_vel.asc
ncols	158
nrows	163
xllcorner	391686.332397
yllcorner	5160024.123721
cellsize	150.000000
NODATA_value	-32768.000000
[rows 114 to 151 of 163, columns 0 to 83 of 158]
1.31 1.11 0.88 0.89 1.00 1.05 1.09 1.13 1.08 1.11 1.47 2.07 2.17 1.87 2.04 2.40 2.05 1.75 1.84 1.84 1.94 2.18 2.10 1.73 2.05 2.61 2.73 2.62 2.67 2.74 2.75 3.19 3.93 4.75 4.94 3.99 3.03 2.55 2.16 1.86 1.75 2.29 3.07 3.25 2.72 2.32 2.33 2.35 2.27 2.24 2.18 2.10 2.09 2.13 2.20 2.20 2.13 2.12 2.19 2.21 2.10 1.95 2.00 2.19 2.12 2.03 2.04 2.04 2.06 2.01 1.97 2.12 2.29 2.26 2.30 2.47 2.54 2.50 2.39 2.42 2.71 2.70 2.28 2.04
1.42 1.22 1.02 1.02 1.07 1.09 1.10 1.05 1.01 1.28 1.89 2.35 2.11 1.71 2.02 2.69 2.52 2.04 1.85 1.76 1.90 2.11 2.24 2.45 2.72 2.85 2.70 2.54 2.82 2.82 2.53 2.89 3.88 4.69 4.62 3.84 3.09 2.57 2.11 1.79 2.03 2.82 3.29 3.14 2.76 2.57 2.49 2.31 2.21 2.22 2.18 2.13 2.07 2.04 2.11 2.12 2.07 2.05 2.10 2.19 2.09 1.93 1.99 2.17 2.15 2.01 1.99 2.04 2.06 1.98 1.93 2.01 2.14 2.20 2.22 2.38 2.52 2.52 2.36 2.31 2.66 2.73 2.31 1.97
1.54 1.33 1.12 1.05 1.05 1.06 1.03 1.02 1.18 1.67 2.37 2.46 1.92 1.57 2.15 3.03 2.69 1.95 1.82 1.95 2.22 2.50 2.77 2.97 2.96 2.84 2.55 2.43 2.93 3.02 2.76 2.92 3.51 4.32 4.51 3.91 3.23 2.52 2.17 2.20 2.58 3.16 3.14 2.86 2.72 2.48 2.16 1.99 2.10 2.21 2.21 2.16 2.06 1.99 1.98 2.00 2.02 2.02 2.05 2.14 2.05 1.91 1.98 2.15 2.17 1.98 1.94 2.01 2.02 1.96 1.90 1.91 2.03 2.19 2.22 2.30 2.42 2.49 2.35 2.24 2.56 2.77 2.31 1.84
1.58 1.35 1.09 0.97 0.99 1.02 1.06 1.20 1.61 2.11 2.52 2.29 1.74 1.63 2.36 3.05 2.50 1.86 2.07 2.53 2.82 3.06 3.18 3.18 3.11 3.05 2.77 2.58 3.18 3.09 2.75 2.81 3.20 4.15 4.59 4.09 3.28 2.49 2.35 2.78 3.12 3.11 2.80 2.66 2.58 2.22 2.03 2.11 2.27 2.36 2.35 2.22 2.06 1.96 1.89 1.95 2.03 2.01 2.01 2.07 2.03 1.95 2.02 2.18 2.15 1.95 1.91 1.98 1.97 1.93 1.90 1.89 1.96 2.10 2.24 2.31 2.29 2.34 2.34 2.27 2.56 2.78 2.26 1.69
1.62 1.38 1.07 0.97 1.03 1.11 1.22 1.48 1.93 2.25 2.38 2.10 1.73 1.80 2.34 2.83 2.57 2.07 2.36 2.73 2.90 3.02 3.06 3.11 3.23 3.28 3.31 3.48 3.54 3.25 3.00 3.21 3.87 4.87 4.71 3.91 3.37 2.73 2.82 3.24 3.14 2.81 2.55 2.45 2.36 2.24 2.24 2.37 2.46 2.45 2.34 2.12 1.99 1.89 1.82 1.90 1.98 1.97 1.97 2.03 2.05 2.01 2.10 2.22 2.13 1.97 1.92 1.92 1.90 1.91 1.91 1.89 1.88 1.99 2.20 2.29 2.17 2.17 2.30 2.38 2.61 2.67 2.15 1.62
1.73 1.49 1.14 1.02 1.11 1.20 1.34 1.63 1.99 2.15 2.18 2.07 1.83 1.92 2.14 2.55 2.82 2.44 2.32 2.45 2.55 2.66 2.80 2.99 3.18 3.26 3.34 3.48 3.50 3.62 4.13 4.63 5.03 5.05 4.07 3.17 2.91 3.02 3.28 3.33 2.94 2.60 2.43 2.44 2.52 2.45 2.31 2.33 2.35 2.24 2.08 1.92 1.83 1.77 1.73 1.79 1.90 1.94 1.95 2.02 2.08 2.06 2.12 2.17 2.02 1.91 1.85 1.79 1.80 1.89 1.91 1.86 1.84 1.93 2.09 2.18 2.09 2.09 2.26 2.42 2.53 2.48 2.08 1.72
1.81 1.58 1.23 1.10 1.11 1.14 1.30 1.63 1.99 2.02 1.99 2.19 2.04 1.97 2.01 2.41 2.90 2.69 2.28 2.23 2.30 2.41 2.63 2.88 3.06 3.13 3.10 3.07 3.39 3.98 4.39 4.49 4.34 3.87 3.14 2.69 2.50 2.72 2.87 2.69 2.57 2.52 2.58 2.68 2.67 2.49 2.39 2.41 2.30 2.08 1.94 1.82 1.75 1.71 1.66 1.67 1.81 1.93 1.94 2.02 2.11 2.03 1.96 1.85 1.57 1.55 1.61 1.57 1.68 1.87 1.90 1.83 1.84 1.90 1.96 1.99 2.01 2.06 2.19 2.33 2.40 2.39 2.11 1.88
1.85 1.66 1.42 1.43 1.41 1.31 1.42 1.72 2.01 1.91 1.87 2.36 2.25 2.05 2.10 2.37 2.81 2.72 2.24 2.02 2.01 2.16 2.41 2.68 2.95 3.04 2.98 3.05 3.64 4.23 4.09 3.65 3.38 3.05 2.79 2.53 2.25 2.17 1.94 1.88 2.01 2.16 2.32 2.33 2.23 2.21 2.29 2.29 2.11 1.96 1.83 1.74 1.72 1.68 1.61 1.63 1.81 1.93 1.92 1.98 1.96 1.69 1.45 1.30 1.14 1.34 1.58 1.55 1.64 1.86 1.87 1.80 1.84 1.88 1.86 1.83 1.88 1.98 2.12 2.26 2.33 2.37 2.20 2.07
1.84 1.69 1.61 1.67 1.68 1.70 1.78 1.88 2.00 1.82 1.82 2.52 2.46 2.06 2.03 2.18 2.57 2.54 1.91 1.63 1.73 1.99 2.21 2.45 2.84 2.90 2.86 3.18 3.99 4.38 3.85 3.43 3.17 2.71 2.57 2.38 2.02 1.89 1.64 1.53 1.55 1.61 1.74 1.73 1.72 1.81 1.85 1.74 1.68 1.66 1.63 1.66 1.63 1.55 1.55 1.64 1.80 1.87 1.80 1.75 1.51 1.15 1.02 1.04 1.11 1.47 1.79 1.77 1.75 1.80 1.79 1.78 1.85 1.88 1.82 1.74 1.73 1.85 2.05 2.19 2.31 2.44 2.38 2.32
1.69 1.56 1.48 1.49 1.48 1.59 1.72 1.82 1.92 1.79 1.89 2.67 2.50 1.81 1.69 1.92 2.23 2.21 1.70 1.47 1.63 1.88 2.06 2.33 2.71 2.78 2.77 3.30 4.46 4.56 3.56 3.12 2.88 2.43 2.38 2.28 1.88 1.76 1.64 1.42 1.37 1.42 1.48 1.54 1.61 1.68 1.64 1.50 1.47 1.49 1.56 1.61 1.51 1.44 1.46 1.47 1.51 1.54 1.45 1.30 1.03 0.90 1.02 1.18 1.35 1.71 1.92 1.90 1.83 1.71 1.69 1.79 1.87 1.85 1.78 1.71 1.68 1.80 2.01 2.11 2.27 2.54 2.60 2.41
1.59 1.46 1.35 1.32 1.33 1.46 1.57 1.64 1.80 1.82 2.04 2.52 2.06 1.42 1.45 1.71 1.89 1.89 1.70 1.62 1.75 1.90 2.03 2.31 2.57 2.65 2.86 3.95 5.31 4.56 3.00 2.68 2.62 2.31 2.22 2.15 1.80 1.66 1.60 1.36 1.32 1.34 1.33 1.45 1.60 1.67 1.65 1.55 1.47 1.53 1.62 1.59 1.45 1.40 1.37 1.29 1.22 1.21 1.18 1.00 0.90 1.12 1.35 1.45 1.60 1.82 1.87 1.84 1.78 1.59 1.55 1.72 1.82 1.80 1.79 1.75 1.75 1.86 2.04 2.12 2.22 2.55 2.64 2.30
1.54 1.45 1.40 1.41 1.46 1.51 1.53 1.63 1.89 1.97 2.08 2.17 1.68 1.17 1.28 1.52 1.65 1.64 1.66 1.88 2.17 2.29 2.26 2.34 2.68 3.02 3.94 5.65 5.44 3.65 2.35 2.27 2.40 2.15 1.99 2.02 1.77 1.59 1.56 1.36 1.24 1.22 1.24 1.38 1.56 1.64 1.67 1.58 1.50 1.54 1.53 1.46 1.40 1.37 1.34 1.29 1.24 1.24 1.27 1.17 1.25 1.51 1.60 1.59 1.68 1.78 1.75 1.71 1.66 1.53 1.48 1.66 1.82 1.82 1.83 1.82 1.82 1.89 2.01 2.08 2.09 2.39 2.55 2.27
1.38 1.34 1.34 1.40 1.43 1.45 1.51 1.78 2.03 2.02 1.96 1.88 1.52 1.18 1.34 1.54 1.55 1.52 1.66 1.95 2.34 2.90 3.00 3.00 4.01 5.08 5.46 5.36 3.93 2.43 1.99 2.04 2.19 1.96 1.83 1.92 1.73 1.50 1.44 1.29 1.16 1.14 1.21 1.35 1.54 1.71 1.72 1.61 1.53 1.48 1.40 1.32 1.29 1.28 1.25 1.22 1.22 1.29 1.41 1.47 1.56 1.63 1.57 1.51 1.58 1.64 1.61 1.56 1.54 1.49 1.53 1.73 1.89 1.89 1.88 1.89 1.86 1.84 1.91 1.99 2.00 2.24 2.44 2.34
1.35 1.31 1.30 1.35 1.41 1.49 1.66 1.94 2.03 1.96 1.83 1.74 1.66 1.59 1.74 1.72 1.59 1.66 1.91 2.30 3.24 4.23 4.52 4.60 4.77 5.00 4.39 3.13 2.29 1.85 1.76 1.91 2.03 1.85 1.73 1.76 1.63 1.45 1.28 1.19 1.10 1.08 1.19 1.36 1.57 1.75 1.68 1.49 1.38 1.31 1.29 1.25 1.18 1.15 1.14 1.13 1.14 1.27 1.43 1.47 1.47 1.46 1.39 1.39 1.47 1.52 1.49 1.45 1.44 1.43 1.54 1.76 1.89 1.91 1.93 1.97 1.86 1.84 1.99 2.06 2.11 2.29 2.38 2.34
1.38 1.31 1.27 1.31 1.37 1.51 1.74 1.93 1.96 1.87 1.79 1.87 2.04 2.10 2.05 1.86 1.80 2.08 2.76 4.39 5.23 4.86 4.36 3.89 3.54 3.10 2.48 1.94 1.63 1.50 1.59 1.83 1.90 1.70 1.54 1.52 1.50 1.36 1.14 1.09 1.08 1.10 1.24 1.40 1.61 1.74 1.60 1.30 1.16 1.17 1.19 1.17 1.13 1.12 1.11 1.12 1.15 1.27 1.37 1.34 1.31 1.29 1.29 1.35 1.41 1.43 1.40 1.36 1.35 1.37 1.49 1.71 1.87 1.88 1.89 1.96 1.90 1.92 2.09 2.19 2.32 2.43 2.40 2.39
1.32 1.23 1.12 1.13 1.19 1.32 1.55 1.76 1.80 1.76 1.83 2.04 2.14 2.14 2.12 2.19 2.31 2.90 4.48 5.69 4.88 3.39 2.66 2.24 2.15 2.16 1.99 1.63 1.34 1.34 1.50 1.64 1.61 1.44 1.35 1.37 1.36 1.19 1.03 1.05 1.10 1.17 1.29 1.46 1.66 1.74 1.56 1.25 1.16 1.21 1.20 1.12 1.06 1.05 1.06 1.10 1.16 1.23 1.27 1.26 1.26 1.26 1.27 1.31 1.35 1.35 1.31 1.29 1.29 1.31 1.42 1.63 1.82 1.87 1.87 1.98 2.00 1.93 2.03 2.24 2.40 2.46 2.44 2.42
1.34 1.25 1.13 1.13 1.15 1.25 1.41 1.54 1.60 1.65 1.77 1.82 1.75 1.80 1.96 2.36 3.10 4.20 5.10 4.60 2.92 2.14 1.99 1.90 1.94 2.04 1.79 1.40 1.32 1.39 1.43 1.39 1.32 1.26 1.24 1.26 1.23 1.10 1.02 1.07 1.15 1.25 1.41 1.60 1.75 1.75 1.50 1.21 1.18 1.20 1.13 1.03 0.95 0.94 0.99 1.06 1.12 1.18 1.22 1.23 1.21 1.20 1.21 1.24 1.27 1.26 1.26 1.26 1.25 1.26 1.36 1.56 1.74 1.83 1.91 2.09 2.13 1.95 2.05 2.31 2.44 2.48 2.39 2.24
1.43 1.34 1.26 1.23 1.25 1.38 1.47 1.44 1.47 1.52 1.52 1.45 1.41 1.54 1.84 2.38 3.39 4.27 3.98 2.64 2.05 1.93 1.86 1.82 1.90 1.90 1.52 1.32 1.36 1.38 1.35 1.31 1.25 1.18 1.18 1.24 1.28 1.30 1.23 1.22 1.33 1.46 1.60 1.73 1.77 1.59 1.28 1.06 1.06 1.05 0.94 0.87 0.87 0.90 0.94 0.99 1.01 1.06 1.11 1.11 1.06 1.07 1.12 1.17 1.19 1.21 1.23 1.22 1.21 1.22 1.33 1.53 1.64 1.78 1.97 2.18 2.28 2.11 2.11 2.39 2.61 2.54 2.25 2.05
1.40 1.31 1.21 1.22 1.33 1.52 1.60 1.55 1.52 1.47 1.37 1.34 1.38 1.58 1.99 2.49 3.50 3.90 2.90 1.99 1.86 1.82 1.78 1.81 1.85 1.71 1.31 1.15 1.16 1.12 1.13 1.15 1.11 1.11 1.21 1.35 1.47 1.55 1.54 1.56 1.67 1.75 1.77 1.81 1.70 1.30 0.99 0.90 0.91 0.86 0.77 0.76 0.82 0.88 0.92 0.95 0.95 0.97 0.99 0.97 0.97 1.06 1.09 1.11 1.14 1.15 1.18 1.19 1.18 1.20 1.35 1.50 1.55 1.73 1.99 2.25 2.50 2.30 2.14 2.45 2.71 2.50 2.11 2.00
1.36 1.25 1.17 1.26 1.44 1.57 1.58 1.61 1.69 1.69 1.60 1.53 1.52 1.76 2.16 2.89 3.98 3.84 2.84 2.15 1.97 1.88 1.84 1.81 1.69 1.40 1.08 0.98 0.97 0.92 0.93 0.96 0.96 1.08 1.31 1.45 1.53 1.54 1.53 1.65 1.78 1.83 1.85 1.85 1.61 1.17 0.96 0.88 0.79 0.66 0.64 0.70 0.78 0.86 0.92 0.94 0.95 0.97 1.01 1.03 1.10 1.17 1.13 1.10 1.11 1.11 1.14 1.16 1.16 1.23 1.37 1.47 1.54 1.69 1.92 2.30 2.63 2.37 2.14 2.44 2.62 2.33 1.99 1.89
1.45 1.35 1.31 1.40 1.52 1.53 1.53 1.64 1.78 1.88 1.97 1.93 1.95 2.12 2.82 4.12 4.39 3.57 2.62 2.17 1.99 1.84 1.69 1.55 1.33 1.17 1.06 1.01 0.98 0.96 0.94 0.95 0.99 1.13 1.29 1.37 1.42 1.37 1.38 1.54 1.68 1.72 1.76 1.66 1.34 1.13 1.03 0.89 0.71 0.63 0.66 0.72 0.78 0.84 0.89 0.91 0.93 0.97 1.02 1.08 1.15 1.14 1.08 1.06 1.07 1.08 1.09 1.11 1.18 1.30 1.40 1.49 1.56 1.57 1.78 2.27 2.62 2.45 2.18 2.36 2.47 2.17 1.79 1.67
1.44 1.43 1.46 1.51 1.55 1.55 1.59 1.68 1.75 1.84 1.92 1.98 2.09 2.54 3.89 4.57 3.85 2.82 2.16 1.86 1.71 1.51 1.33 1.15 1.02 1.01 1.06 1.08 1.09 1.11 1.09 1.08 1.10 1.15 1.21 1.27 1.25 1.21 1.33 1.54 1.60 1.54 1.49 1.29 1.10 1.05 0.97 0.83 0.73 0.72 0.74 0.77 0.79 0.82 0.84 0.86 0.90 0.96 1.01 1.07 1.09 1.05 1.03 1.03 1.03 1.04 1.02 1.06 1.23 1.38 1.47 1.54 1.55 1.51 1.69 2.13 2.51 2.54 2.26 2.28 2.27 1.97 1.69 1.65
1.32 1.38 1.43 1.42 1.46 1.52 1.58 1.60 1.58 1.58 1.57 1.63 1.81 2.62 4.02 3.83 2.77 2.29 1.87 1.57 1.31 1.09 0.99 0.95 0.93 0.93 0.99 1.07 1.16 1.22 1.20 1.14 1.13 1.12 1.17 1.24 1.19 1.15 1.32 1.50 1.45 1.35 1.22 1.00 0.92 0.87 0.79 0.71 0.68 0.69 0.70 0.73 0.77 0.81 0.83 0.85 0.89 0.99 1.07 1.12 1.10 1.06 1.05 1.04 1.00 0.97 0.95 1.02 1.24 1.41 1.47 1.49 1.55 1.60 1.70 1.98 2.35 2.49 2.36 2.25 2.13 1.89 1.79 1.90
1.19 1.23 1.27 1.25 1.26 1.33 1.37 1.36 1.35 1.37 1.40 1.54 1.79 2.82 3.87 3.25 2.44 2.04 1.58 1.27 1.02 0.86 0.81 0.85 0.86 0.87 0.94 1.06 1.15 1.16 1.06 0.97 0.98 1.05 1.15 1.20 1.16 1.15 1.31 1.45 1.36 1.20 0.96 0.77 0.70 0.64 0.61 0.61 0.61 0.62 0.65 0.70 0.75 0.78 0.81 0.85 0.94 1.07 1.13 1.13 1.10 1.07 1.04 0.99 0.93 0.87 0.85 0.94 1.16 1.36 1.41 1.42 1.54 1.62 1.61 1.79 2.18 2.36 2.34 2.37 2.23 1.96 1.98 2.20
1.15 1.10 1.09 1.11 1.13 1.12 1.07 1.08 1.20 1.38 1.56 1.79 2.28 3.65 4.02 3.07 2.32 1.74 1.21 0.98 0.86 0.76 0.72 0.73 0.73 0.78 0.88 1.02 1.07 1.03 1.00 0.94 0.96 1.04 1.10 1.10 1.06 1.14 1.36 1.46 1.26 0.93 0.70 0.60 0.58 0.57 0.58 0.59 0.60 0.63 0.67 0.72 0.76 0.78 0.81 0.90 1.03 1.12 1.12 1.09 1.07 1.04 1.01 0.93 0.83 0.75 0.74 0.86 1.07 1.31 1.45 1.51 1.58 1.63 1.59 1.66 2.00 2.21 2.21 2.42 2.44 2.05 2.27 2.40
1.23 1.11 1.00 1.09 1.20 1.11 0.98 1.03 1.20 1.40 1.71 2.22 3.37 4.35 3.77 2.44 1.81 1.43 1.11 0.87 0.80 0.73 0.68 0.65 0.64 0.70 0.83 0.94 0.95 0.92 1.01 1.11 1.13 1.05 1.02 1.02 1.05 1.25 1.46 1.38 0.99 0.67 0.54 0.49 0.50 0.53 0.57 0.60 0.62 0.66 0.70 0.76 0.81 0.85 0.92 1.04 1.13 1.13 1.10 1.08 1.04 1.02 1.00 0.92 0.81 0.72 0.74 0.89 1.09 1.29 1.52 1.71 1.73 1.70 1.68 1.66 1.80 2.04 2.08 2.39 2.62 2.58 2.83 2.61
1.31 1.19 1.07 1.15 1.21 1.21 1.25 1.29 1.32 1.56 1.98 2.74 4.16 4.12 2.55 1.60 1.31 1.15 1.06 1.03 0.96 0.82 0.68 0.61 0.62 0.69 0.78 0.84 0.85 0.83 0.91 1.06 1.14 1.12 1.14 1.18 1.22 1.34 1.36 1.11 0.71 0.52 0.45 0.42 0.44 0.49 0.55 0.59 0.63 0.67 0.71 0.75 0.82 0.94 1.08 1.16 1.15 1.12 1.09 1.06 1.03 1.04 1.02 0.99 0.98 0.99 1.02 1.11 1.21 1.36 1.60 1.82 1.82 1.75 1.78 1.67 1.61 1.88 2.08 2.42 2.94 3.15 2.89 2.40
1.34 1.26 1.09 1.01 0.99 1.15 1.47 1.64 1.69 2.04 2.50 3.54 4.13 2.86 1.52 1.20 1.02 0.96 1.01 1.16 1.23 1.17 0.98 0.79 0.72 0.71 0.73 0.74 0.76 0.75 0.81 0.92 1.08 1.23 1.31 1.32 1.33 1.30 1.11 0.80 0.55 0.45 0.43 0.42 0.45 0.49 0.55 0.61 0.65 0.67 0.68 0.67 0.74 0.92 1.10 1.17 1.17 1.15 1.12 1.10 1.12 1.14 1.13 1.16 1.30 1.48 1.61 1.63 1.62 1.73 1.82 1.85 1.91 2.00 1.97 1.63 1.43 1.73 2.15 2.60 3.25 3.26 2.48 1.98
1.31 1.24 1.00 0.85 0.90 1.13 1.40 1.65 2.03 2.34 2.80 3.87 3.58 1.67 1.10 1.02 0.92 0.97 1.07 1.17 1.19 1.24 1.29 1.27 1.16 0.95 0.77 0.65 0.65 0.69 0.75 0.84 0.99 1.14 1.23 1.26 1.27 1.16 0.92 0.67 0.56 0.53 0.53 0.54 0.55 0.56 0.59 0.63 0.66 0.65 0.64 0.64 0.70 0.80 0.93 1.04 1.09 1.13 1.17 1.21 1.24 1.24 1.26 1.35 1.52 1.74 1.89 1.97 2.01 2.01 1.94 1.88 2.09 2.32 2.06 1.59 1.41 1.68 2.23 2.90 3.22 3.01 2.61 2.21
1.38 1.29 1.12 1.00 1.04 1.16 1.31 1.57 1.99 2.21 2.77 3.28 2.41 1.30 1.07 1.02 1.00 1.09 1.14 1.03 0.89 0.88 1.03 1.25 1.35 1.32 1.14 0.85 0.67 0.70 0.78 0.86 0.91 0.92 1.01 1.08 1.03 0.85 0.71 0.65 0.62 0.62 0.63 0.63 0.63 0.63 0.63 0.64 0.64 0.63 0.65 0.72 0.81 0.89 0.94 0.94 0.99 1.07 1.13 1.18 1.23 1.27 1.32 1.40 1.50 1.55 1.60 1.69 1.77 1.80 1.78 1.87 2.18 2.25 1.86 1.58 1.57 1.70 2.34 2.98 2.81 2.71 2.95 2.48
1.53 1.37 1.29 1.29 1.19 1.12 1.30 1.58 1.82 1.92 2.40 2.81 2.10 1.44 1.25 1.11 1.06 1.12 1.01 0.72 0.62 0.61 0.64 0.77 0.92 1.06 1.17 1.20 1.09 0.93 0.85 0.87 0.86 0.80 0.78 0.73 0.65 0.59 0.59 0.61 0.63 0.65 0.66 0.66 0.66 0.66 0.66 0.66 0.66 0.68 0.73 0.82 0.92 0.99 0.96 0.89 0.93 1.01 1.04 1.12 1.24 1.33 1.36 1.37 1.34 1.31 1.37 1.41 1.40 1.43 1.56 1.77 2.07 2.06 1.67 1.52 1.58 1.67 2.35 2.78 2.39 2.72 3.08 2.19
1.56 1.32 1.26 1.40 1.44 1.39 1.44 1.61 1.83 1.87 2.09 2.90 2.71 1.97 1.65 1.37 1.23 1.16 0.80 0.52 0.47 0.48 0.48 0.47 0.45 0.52 0.73 1.02 1.19 1.21 1.06 0.91 0.82 0.74 0.62 0.46 0.42 0.45 0.51 0.58 0.64 0.66 0.67 0.67 0.67 0.67 0.67 0.68 0.72 0.77 0.82 0.86 0.90 0.91 0.88 0.88 0.95 1.03 1.13 1.29 1.40 1.44 1.46 1.40 1.30 1.28 1.33 1.26 1.20 1.26 1.39 1.64 1.93 1.93 1.55 1.34 1.41 1.64 2.28 2.54 2.43 3.04 2.88 1.42
1.49 1.24 1.21 1.42 1.69 1.89 1.93 1.92 2.06 2.02 2.43 3.45 3.09 2.25 2.05 1.89 1.75 1.55 1.19 0.88 0.72 0.59 0.46 0.34 0.30 0.33 0.41 0.51 0.68 0.93 1.08 1.01 0.84 0.66 0.46 0.37 0.38 0.42 0.49 0.57 0.64 0.68 0.70 0.72 0.72 0.72 0.73 0.74 0.76 0.80 0.81 0.81 0.83 0.86 0.91 1.00 1.07 1.16 1.33 1.45 1.46 1.44 1.44 1.47 1.52 1.55 1.48 1.34 1.28 1.32 1.36 1.52 1.80 1.83 1.47 1.20 1.31 1.70 2.09 2.38 2.89 3.05 2.05 1.03
1.38 1.15 1.13 1.31 1.62 1.97 2.11 2.18 2.28 2.58 3.56 3.74 2.57 1.84 1.81 1.86 1.81 1.72 1.69 1.65 1.55 1.34 1.00 0.63 0.37 0.32 0.34 0.37 0.41 0.48 0.57 0.74 0.68 0.52 0.43 0.42 0.45 0.50 0.56 0.61 0.65 0.70 0.75 0.80 0.82 0.81 0.81 0.81 0.81 0.80 0.79 0.78 0.78 0.80 0.86 0.96 1.09 1.24 1.32 1.34 1.35 1.34 1.36 1.49 1.67 1.78 1.82 1.86 1.88 1.86 1.81 1.81 1.88 1.85 1.50 1.27 1.56 2.10 2.28 2.61 3.08 2.32 1.21 0.81
1.30 1.06 0.99 1.21 1.46 1.68 1.84 2.08 2.59 3.35 3.75 2.92 1.74 1.37 1.29 1.32 1.38 1.40 1.44 1.55 1.70 1.77 1.72 1.52 1.14 0.75 0.61 0.59 0.56 0.48 0.41 0.45 0.52 0.50 0.50 0.55 0.60 0.63 0.65 0.67 0.71 0.75 0.79 0.84 0.88 0.89 0.88 0.89 0.88 0.85 0.81 0.77 0.73 0.71 0.77 0.90 1.05 1.16 1.25 1.29 1.27 1.28 1.36 1.48 1.59 1.70 1.86 2.02 2.16 2.32 2.44 2.40 2.24 1.98 1.65 1.64 2.27 2.89 2.90 2.97 2.61 1.24 0.85 0.85
1.40 1.34 1.28 1.32 1.49 1.76 1.94 2.18 3.04 3.36 2.77 1.83 1.37 1.18 1.09 1.07 1.10 1.13 1.11 1.10 1.22 1.42 1.63 1.79 1.77 1.55 1.21 1.01 0.85 0.67 0.52 0.47 0.52 0.55 0.56 0.62 0.70 0.74 0.75 0.75 0.78 0.82 0.83 0.85 0.87 0.89 0.89 0.90 0.90 0.87 0.83 0.76 0.69 0.70 0.81 0.93 0.99 1.02 1.12 1.20 1.23 1.30 1.38 1.46 1.54 1.65 1.76 1.81 1.89 2.12 2.32 2.29 2.12 1.88 1.78 2.17 2.96 3.06 2.52 2.24 1.47 0.63 0.77 0.96
1.50 1.65 1.85 1.78 1.95 2.23 2.16 2.36 3.24 3.02 1.90 1.46 1.23 1.04 0.94 0.91 0.87 0.93 1.04 1.05 1.00 1.02 1.15 1.32 1.59 1.73 1.53 1.10 0.83 0.70 0.56 0.51 0.55 0.59 0.60 0.64 0.72 0.79 0.83 0.85 0.86 0.87 0.88 0.88 0.89 0.89 0.85 0.86 0.88 0.88 0.85 0.81 0.75 0.77 0.87 0.94 0.97 1.00 1.03 1.06 1.12 1.26 1.38 1.49 1.62 1.70 1.70 1.65 1.66 1.82 2.01 1.86 1.60 1.58 1.84 2.53 2.96 2.37 1.44 1.10 0.64 0.33 0.69 1.03
1.43 1.48 1.78 2.03 2.18 2.18 1.97 2.34 3.29 2.81 1.63 1.35 1.21 1.01 0.85 0.76 0.71 0.74 0.85 0.94 0.93 0.87 0.86 0.94 1.13 1.42 1.51 1.14 0.77 0.71 0.69 0.64 0.64 0.66 0.67 0.68 0.73 0.80 0.86 0.90 0.92 0.92 0.92 0.92 0.94 0.96 0.91 0.83 0.84 0.87 0.87 0.86 0.85 0.84 0.88 0.94 1.00 1.02 1.06 1.10 1.09 1.19 1.39 1.55 1.65 1.66 1.64 1.63 1.70 1.94 2.09 1.77 1.37 1.45 1.93 2.55 2.51 1.48 0.81 0.56 0.24 0.20 0.54 1.03
