windninja/windninja_output/Output_2025-10-23_0200-0250_Google earth_Fire_150m_10min/merlingen_7.5mi_point_10-23-2025_0210_150m_ang.asc
ncols	158
nrows	163
xllcorner	391686.332397
yllcorner	5160024.123721
cellsize	150.000000
NODATA_value	-32768.000000
[rows 47 to 93 of 163, columns 0 to 95 of 158]
111 111 111 110 108 108 110 110 110 110 109 109 109 109 108 108 108 108 107 107 107 107 107 108 108 108 108 109 109 110 111 111 112 114 117 118 117 117 116 114 111 107 100 93 93 100 105 104 100 94 88 80 74 75 78 82 89 97 104 110 111 109 108 108 106 101 97 93 91 93 93 90 86 80 72 63 57 70 89 94 95 93 89 86 85 86 88 88 86 87 92 97 98 93 87 84
110 111 111 110 107 107 109 112 111 111 110 110 109 109 109 108 108 108 108 107 107 107 108 108 108 108 108 109 109 110 110 111 112 113 116 118 117 116 116 115 112 108 102 98 100 104 105 102 95 88 80 74 75 80 83 89 97 104 108 112 113 107 103 101 101 98 95 93 91 90 90 88 84 78 69 62 63 76 87 91 90 91 91 90 89 90 90 90 91 93 92 91 91 89 86 83
110 111 110 109 107 106 108 112 113 112 111 110 110 110 109 109 109 108 108 108 108 108 108 108 108 108 109 109 109 109 110 111 112 113 115 118 117 117 117 116 113 109 106 106 107 105 102 97 91 82 73 74 81 86 91 97 103 108 110 110 108 103 97 96 98 98 96 93 91 89 88 86 82 75 68 66 70 78 85 88 90 91 93 93 93 93 93 94 96 94 89 84 83 84 84 79
109 111 111 109 108 107 108 110 114 114 112 111 111 110 110 109 109 109 108 108 108 108 108 108 108 108 109 109 109 109 110 110 111 112 114 116 117 117 116 115 113 111 111 113 110 105 99 93 86 76 73 82 89 94 99 104 108 108 106 102 99 96 94 95 98 98 95 93 90 88 86 83 79 73 71 73 77 80 83 86 89 91 92 93 95 96 97 98 95 91 85 80 77 77 78 77
109 111 113 111 110 109 108 109 112 115 114 112 112 111 110 109 109 109 109 109 109 109 109 109 108 108 108 109 109 109 110 110 111 111 113 115 116 116 116 115 114 112 113 115 112 105 98 89 80 78 85 94 97 100 104 107 107 103 97 94 92 91 93 96 98 97 95 92 89 87 85 82 78 75 77 80 82 82 84 86 87 88 90 93 96 98 99 96 92 88 83 77 74 72 75 79
108 111 115 113 111 110 109 107 110 115 115 113 112 111 110 110 109 109 109 109 109 109 108 108 108 108 108 108 109 109 109 110 110 111 112 113 114 115 116 116 115 113 114 116 112 104 97 88 84 91 100 102 102 104 107 107 103 97 90 88 89 92 95 96 97 97 94 90 87 86 84 82 79 79 81 83 84 86 88 88 85 84 87 93 97 98 98 95 91 86 81 76 72 72 77 90
106 110 117 116 112 112 111 107 107 112 115 114 112 111 111 110 110 110 109 109 109 109 109 109 108 108 108 109 109 109 109 109 110 111 111 112 113 114 116 117 117 114 114 116 113 105 99 97 99 103 105 104 103 104 105 104 100 93 87 86 90 95 96 96 97 97 94 88 86 86 85 83 80 80 82 84 85 88 91 91 86 85 87 89 93 97 98 96 90 84 80 78 75 75 86 108
106 108 115 119 114 113 113 108 104 107 112 114 113 112 112 111 110 110 110 109 109 109 109 109 109 109 109 109 109 109 109 109 110 110 111 111 112 113 114 117 117 114 113 113 113 108 105 108 109 107 104 103 103 103 102 100 97 90 88 89 93 97 98 97 96 96 94 89 86 86 85 80 78 81 83 85 85 88 93 94 92 90 89 87 88 91 95 96 90 84 81 82 83 84 96 111
108 107 110 115 113 110 111 109 103 103 108 113 113 113 112 111 111 110 110 110 109 109 109 109 109 109 109 109 109 109 109 109 109 110 110 111 111 112 113 115 115 113 111 110 112 113 114 116 114 109 106 104 104 103 100 98 93 90 91 94 98 100 98 96 95 95 92 90 87 84 78 74 78 84 86 86 87 91 94 97 98 95 91 88 86 85 86 87 87 85 86 88 92 97 101 108
109 107 106 108 110 109 110 111 106 103 105 110 113 113 113 112 111 111 111 110 109 109 109 109 109 109 109 109 109 109 109 109 109 110 110 110 111 111 112 113 113 112 111 112 114 117 120 119 117 113 111 105 104 103 99 95 91 92 96 99 102 101 97 93 91 90 90 88 86 79 72 76 83 87 88 88 90 94 96 98 99 96 92 89 87 83 79 76 78 82 89 96 107 114 108 106
108 108 107 106 108 108 110 113 111 107 107 109 110 112 114 113 112 111 111 111 110 110 109 109 110 110 109 109 109 109 109 109 109 109 109 110 110 111 111 111 112 112 113 113 115 117 119 120 118 118 115 107 104 103 98 94 94 97 101 104 103 100 95 90 85 85 86 84 80 75 77 84 87 88 89 91 94 97 98 97 96 94 92 89 86 82 78 74 75 83 95 110 122 122 113 102
108 108 107 107 107 107 108 112 114 112 110 108 106 107 111 114 113 112 111 111 111 110 110 110 110 110 109 109 109 109 109 109 109 109 109 109 110 110 110 111 111 111 112 113 114 115 117 119 120 122 120 111 106 104 98 94 97 101 104 104 102 98 93 88 83 81 81 80 75 78 85 89 89 90 93 95 98 98 97 95 92 89 88 85 82 80 79 79 84 96 108 116 121 119 109 90
107 107 107 107 107 106 107 109 113 112 111 109 106 104 108 112 114 113 112 112 111 110 110 110 110 110 109 109 109 109 109 109 109 109 109 109 109 110 110 110 110 111 112 112 113 114 115 118 121 125 127 118 109 104 99 95 99 104 105 103 101 97 92 87 82 79 79 76 75 83 89 90 91 94 96 97 99 98 95 91 88 85 84 81 79 79 81 88 100 111 114 113 113 111 97 77
107 106 106 106 106 106 106 107 109 111 112 113 111 107 106 108 112 114 114 113 112 112 111 110 110 110 109 109 109 109 109 109 109 109 109 109 109 109 110 110 110 110 111 112 112 113 114 117 120 125 130 124 112 105 99 96 100 105 105 103 100 96 91 86 82 79 78 72 78 87 91 93 95 97 98 99 98 95 90 87 85 84 82 79 78 80 86 98 110 114 113 109 106 98 82 67
107 107 106 106 105 105 106 106 108 110 113 116 117 112 106 105 108 112 114 114 113 112 111 110 110 110 109 109 109 109 109 109 109 109 109 109 109 109 109 109 110 110 111 111 112 113 114 116 118 123 129 126 115 107 100 98 101 104 103 101 99 96 92 88 84 80 75 70 84 91 94 96 98 99 100 99 95 90 87 85 84 82 81 79 81 86 97 108 113 113 111 106 96 81 70 61
108 107 106 106 106 106 106 107 108 109 112 116 117 115 110 106 105 108 111 114 114 113 112 111 110 109 109 110 110 110 109 109 109 109 109 109 109 109 109 109 109 110 110 111 111 112 113 115 117 120 125 126 118 110 105 102 103 103 102 100 99 97 95 91 85 80 72 74 90 95 96 98 100 101 100 97 92 88 86 84 82 81 80 82 87 95 105 113 114 110 106 96 80 69 62 56
108 108 107 106 107 108 108 107 107 108 110 114 117 117 115 110 106 105 107 111 114 114 113 112 111 110 110 110 110 110 110 110 109 109 109 109 109 109 109 109 109 109 110 110 111 112 112 114 115 117 122 125 119 114 112 108 104 102 102 102 102 100 95 89 85 80 76 86 95 98 98 99 100 101 100 95 91 89 86 83 81 80 81 87 94 103 111 115 112 105 92 81 71 61 55 51
108 108 107 107 108 108 108 106 106 107 108 112 117 118 117 114 110 106 105 107 111 113 113 113 112 111 110 110 110 110 110 110 110 109 109 109 109 109 109 109 109 109 110 110 110 111 112 113 114 116 119 122 120 116 118 114 105 102 103 105 104 98 88 83 85 86 90 99 101 100 100 100 100 100 99 96 93 91 86 82 80 81 86 93 102 109 111 111 106 93 80 71 62 55 51 45
109 107 107 107 108 108 108 106 105 106 107 110 116 119 117 116 114 110 106 105 107 110 111 113 113 112 110 110 110 110 110 110 110 109 109 109 109 109 109 109 109 109 109 110 110 110 111 112 113 114 116 118 119 117 119 119 110 103 103 103 101 91 84 86 91 96 102 105 103 102 101 100 99 99 99 99 97 92 86 81 82 87 95 102 108 109 108 104 94 79 70 61 54 50 47 42
108 106 104 106 107 108 109 107 106 107 109 110 113 118 119 117 115 113 109 106 105 107 108 110 113 113 111 111 111 110 110 110 110 110 109 109 109 109 109 109 109 109 109 109 110 110 110 111 112 113 114 115 116 116 118 120 115 106 101 98 95 93 95 97 97 99 102 104 104 103 103 101 99 99 100 101 98 92 86 84 90 99 107 112 109 105 101 94 79 67 59 51 48 44 43 44
110 106 103 103 105 109 112 109 106 106 109 111 112 115 119 117 114 115 114 110 108 107 106 108 110 111 111 110 110 110 110 110 110 110 110 110 109 109 109 109 109 109 109 109 109 110 110 110 111 111 112 113 114 114 115 117 115 109 101 96 97 105 106 103 100 99 99 101 103 104 104 102 100 100 101 100 98 94 91 95 102 107 111 111 106 98 91 78 67 59 50 44 42 39 42 47
117 111 107 107 107 110 116 112 105 105 109 111 112 113 116 117 115 115 116 113 110 108 107 106 107 107 107 108 109 110 111 111 111 110 110 110 110 109 109 109 109 109 109 109 109 109 109 110 110 110 111 111 112 112 113 113 112 110 105 100 103 110 111 107 103 99 97 99 102 104 104 102 100 100 100 99 99 98 100 104 107 108 104 100 99 93 80 67 60 52 44 39 38 40 44 51
117 115 113 111 109 108 113 115 108 108 112 114 114 114 116 117 116 114 115 114 111 110 108 107 106 103 101 104 108 111 112 112 112 111 111 110 110 110 109 109 109 109 109 109 109 109 109 109 109 110 110 110 110 111 111 111 110 109 107 105 106 111 112 109 106 102 101 101 103 103 102 101 101 101 101 100 100 103 108 108 106 103 95 92 98 91 76 63 54 45 38 35 38 43 49 54
113 113 113 111 107 103 106 114 111 109 111 114 113 113 114 114 113 111 112 113 112 111 109 108 107 102 99 102 106 109 111 112 113 112 111 111 110 110 110 109 109 109 109 109 109 109 109 109 109 109 109 109 109 109 109 109 109 108 108 107 108 110 110 108 107 106 106 104 103 102 101 101 101 101 101 100 102 107 111 109 103 95 91 95 97 90 71 57 48 40 35 36 41 45 53 59
109 111 112 111 107 102 104 111 110 105 103 104 105 105 107 109 109 108 108 110 111 110 110 108 110 110 103 101 103 107 109 111 113 113 113 111 111 110 110 110 109 109 109 109 109 108 108 108 108 109 109 109 109 109 109 108 108 108 107 107 108 108 108 108 108 109 109 107 106 106 107 104 101 100 100 99 102 107 110 105 98 93 96 100 95 81 62 50 41 38 37 40 46 50 57 70
107 109 111 111 109 106 107 111 109 102 97 98 101 102 103 105 107 107 107 108 109 110 110 110 114 116 109 102 101 103 106 108 110 113 114 113 112 111 110 110 109 109 109 109 108 108 108 108 108 108 108 108 108 108 108 108 108 107 107 107 107 107 107 108 108 109 109 109 109 111 112 108 101 97 99 101 102 105 106 101 99 100 104 102 92 69 51 43 40 41 42 48 53 58 71 100
107 108 111 111 110 109 110 110 108 103 100 101 103 104 105 106 108 108 108 108 109 109 110 111 115 117 112 105 101 101 103 105 107 110 114 114 113 112 111 110 110 109 109 109 108 108 108 108 108 108 108 108 108 108 107 107 107 107 107 107 107 107 107 107 107 108 108 109 110 112 112 109 104 102 103 105 105 105 105 103 104 108 108 100 83 58 43 39 44 47 49 55 61 76 106 114
106 107 110 112 111 110 110 109 107 106 106 105 106 107 108 109 110 109 109 110 110 109 109 109 113 116 113 107 102 100 101 103 105 108 112 114 113 112 112 111 110 110 109 109 108 108 108 108 108 108 108 107 107 107 107 107 107 107 107 107 107 107 107 107 107 107 108 109 110 110 111 111 110 111 112 112 111 109 109 110 112 112 106 92 68 48 40 42 50 52 58 63 76 105 113 112
103 104 108 111 111 110 110 110 108 108 108 108 108 109 110 111 111 111 111 111 111 109 108 108 111 114 113 109 105 102 101 103 104 105 107 110 112 112 112 112 111 110 109 109 108 108 108 108 107 107 107 107 107 107 107 107 107 107 107 106 106 106 107 107 107 107 107 108 109 109 110 111 113 117 119 117 115 115 116 118 116 109 98 78 54 39 40 47 53 59 71 82 102 108 108 104
102 102 104 108 111 111 111 111 110 110 110 111 111 111 111 112 113 112 111 111 111 110 110 109 110 112 112 110 109 104 101 101 101 100 102 107 110 111 112 112 112 110 109 109 108 108 108 107 107 107 107 107 107 107 107 107 107 107 107 106 106 106 106 106 107 107 107 108 108 109 110 111 113 117 121 120 120 122 123 119 112 102 85 64 46 43 49 53 58 70 88 111 117 109 102 96
102 99 97 100 107 111 112 112 112 113 114 114 114 113 113 114 114 113 113 112 112 111 111 111 110 110 110 110 110 107 102 98 98 99 101 106 109 110 112 112 112 111 109 108 108 108 107 107 107 107 107 107 107 107 107 107 107 107 106 106 106 106 106 106 106 107 107 107 108 108 109 111 113 115 119 121 123 127 126 116 105 92 72 56 51 58 64 66 73 93 113 122 118 108 99 93
102 95 84 90 103 109 112 115 117 120 121 119 117 115 115 115 115 115 114 113 112 112 112 112 111 109 108 110 111 110 105 100 100 101 102 104 107 108 110 112 113 111 109 108 108 107 107 107 107 107 107 107 107 107 107 107 107 107 106 106 106 106 106 106 106 107 107 107 108 108 109 110 112 114 117 120 124 130 127 114 99 81 64 60 62 68 73 84 103 112 116 117 113 104 96 92
101 88 74 84 96 109 117 121 123 127 128 124 120 118 117 117 117 116 116 114 113 112 112 112 114 112 109 109 111 112 110 105 102 101 102 103 105 106 106 109 112 112 109 108 107 107 106 106 107 107 107 108 108 108 107 107 107 107 107 106 106 106 106 106 106 106 107 107 108 108 109 110 111 113 115 118 123 129 127 114 97 79 70 71 71 73 86 105 111 112 110 108 105 101 95 93
113 98 90 92 102 118 131 133 131 134 134 128 122 119 118 117 117 116 116 115 113 112 112 113 116 115 110 109 109 112 113 110 106 103 101 102 103 104 104 106 109 111 108 107 106 106 105 105 106 107 108 108 108 108 108 108 107 107 107 106 106 106 106 106 106 106 107 107 107 108 109 110 111 112 114 117 121 126 126 117 103 91 87 83 78 85 104 113 113 109 105 102 100 98 95 93
156 107 100 106 114 123 140 145 141 141 139 133 124 120 118 117 117 116 116 116 114 113 112 114 117 116 112 109 109 111 114 113 111 107 102 100 101 103 103 103 105 108 106 105 104 104 103 102 103 106 109 110 110 109 108 108 107 107 107 107 106 106 106 106 106 106 107 107 107 108 108 109 111 112 113 115 119 123 125 123 119 109 99 91 90 104 114 114 111 106 103 100 96 94 94 93
131 110 111 118 121 125 135 144 145 143 141 133 125 120 117 116 115 115 115 116 115 114 113 114 118 116 113 111 111 111 112 112 110 107 103 99 99 101 102 102 103 105 105 104 104 105 105 105 105 107 110 112 112 111 109 108 107 107 107 107 107 107 106 106 106 107 107 107 107 108 108 109 110 111 113 115 117 121 125 128 132 125 108 103 112 117 115 113 110 105 101 98 94 92 92 92
113 121 125 123 121 115 118 127 132 133 133 128 122 117 114 114 113 113 114 115 115 115 113 115 119 118 115 114 112 110 110 110 108 107 104 101 99 100 101 102 103 104 107 108 108 109 111 112 111 110 111 113 114 113 111 109 108 107 107 107 107 107 107 107 107 107 107 107 107 108 108 109 110 111 112 114 117 120 125 131 139 141 126 121 121 118 113 110 108 105 100 96 93 90 90 89
103 110 119 113 105 102 103 104 105 111 118 120 117 113 111 111 111 111 112 114 115 115 115 115 120 121 117 114 112 111 110 109 108 105 103 102 101 101 101 102 103 105 107 108 108 108 109 111 111 110 109 109 111 112 111 109 108 107 107 107 107 107 107 107 107 107 107 107 107 108 108 109 110 111 112 114 116 120 124 132 146 153 146 133 120 116 111 106 104 103 100 96 93 89 88 88
93 93 95 93 90 86 80 79 89 102 112 115 114 110 108 109 109 109 110 112 113 114 115 116 120 122 118 113 112 112 110 109 108 105 103 102 102 101 101 103 106 107 107 106 106 105 106 106 107 107 107 106 105 107 108 108 107 107 107 107 107 107 107 107 107 107 107 107 107 107 108 109 109 111 112 113 116 119 124 132 148 157 155 138 119 113 109 105 103 102 100 97 93 90 89 89
90 88 85 85 81 75 69 74 89 102 110 111 110 109 106 105 105 104 105 107 109 111 112 115 120 124 121 116 113 112 111 109 109 109 107 104 102 100 101 104 107 108 107 106 105 104 104 104 105 106 107 105 104 104 106 107 107 107 107 107 108 108 107 107 107 107 107 107 107 107 108 108 109 110 111 113 115 118 123 131 146 155 154 136 118 110 107 104 101 100 98 96 96 97 95 92
89 86 81 81 78 74 74 83 93 101 105 106 107 107 104 102 100 98 99 102 105 106 109 116 126 133 127 120 115 112 111 110 110 112 110 107 104 101 100 101 104 108 109 106 104 102 102 102 103 104 105 106 105 104 105 106 106 107 108 108 108 108 108 108 107 107 107 107 107 107 108 108 109 110 111 113 115 118 122 130 141 150 148 135 117 108 104 102 100 97 97 100 102 102 100 94
91 89 86 87 84 82 84 88 92 93 98 104 107 107 104 99 95 94 96 100 105 108 116 126 138 144 131 121 115 112 111 110 110 110 110 108 107 104 100 99 100 104 108 108 105 102 101 101 101 102 104 106 106 106 105 105 106 107 108 109 110 110 109 108 108 107 107 107 107 107 108 108 109 110 111 112 114 117 121 126 135 143 143 132 119 108 102 99 98 99 101 104 102 97 93 93
97 97 96 94 91 89 87 86 85 86 95 106 109 107 103 95 90 91 95 102 109 118 126 135 149 150 132 120 114 111 110 109 109 109 108 109 109 107 102 98 97 100 104 107 107 104 100 99 100 102 104 106 109 109 108 106 104 104 107 111 113 112 110 109 108 107 107 107 107 107 107 108 108 109 110 112 113 116 119 123 129 135 137 130 119 110 103 99 100 102 103 101 94 87 85 89
99 99 95 90 90 90 89 85 82 86 96 106 110 105 99 93 91 91 94 104 118 128 135 141 153 150 129 118 113 111 109 108 108 108 107 107 109 109 106 100 97 98 101 104 106 104 101 98 98 101 104 107 110 112 111 106 102 101 106 113 118 115 111 109 108 108 107 107 107 107 107 108 108 109 110 111 112 114 117 120 124 129 132 128 121 116 111 105 104 104 100 92 88 85 84 85
96 94 89 86 90 94 94 91 88 90 96 102 105 103 101 99 97 93 93 106 124 137 143 143 151 142 123 115 111 109 108 107 107 108 107 106 107 109 110 105 99 97 98 101 104 104 102 99 98 99 103 107 111 113 114 109 105 107 109 113 119 117 112 110 108 108 107 107 107 107 107 107 108 108 109 110 111 113 115 117 120 124 128 127 123 120 116 111 107 103 94 85 86 86 85 85
95 94 93 93 95 99 105 110 105 96 95 97 99 100 102 103 104 103 104 113 124 144 145 134 138 126 115 111 108 107 106 106 106 108 108 107 107 108 109 109 103 96 95 98 102 103 102 99 97 98 101 107 111 114 118 117 113 111 109 107 112 115 112 110 108 107 107 107 107 107 107 107 108 108 109 109 110 112 113 115 117 119 122 124 122 119 115 111 105 97 85 83 87 87 86 88
98 99 101 101 102 105 113 121 123 103 96 99 104 109 112 111 115 117 116 115 116 123 107 97 107 110 108 107 106 105 104 104 105 108 109 108 106 106 107 109 107 99 93 95 99 100 100 99 97 97 100 107 114 116 119 120 114 108 104 102 104 109 111 109 108 107 107 107 107 107 107 107 107 108 108 109 110 110 112 113 114 116 117 119 117 114 111 107 99 89 84 85 88 88 88 90
