windninja/windninja_output/Output_2025-10-23_0200-0250_Google earth_Fire_150m_10min/merlingen_7.5mi_point_10-23-2025_0230_150m_vel.asc
ncols	158
nrows	163
xllcorner	391686.332397
yllcorner	5160024.123721
cellsize	150.000000
NODATA_value	-32768.000000
[rows 38 to 75 of 163, columns 0 to 83 of 158]
4.19 4.22 4.23 4.12 3.96 3.89 3.87 3.88 3.92 4.00 3.97 3.86 3.82 3.85 3.85 3.80 3.75 3.71 3.67 3.66 3.63 3.57 3.52 3.50 3.43 3.30 3.13 3.16 3.84 4.60 4.57 4.37 4.27 4.04 3.86 3.02 1.87 1.88 2.42 2.54 2.61 2.80 2.96 3.10 3.29 3.29 3.15 3.03 2.89 3.10 3.39 3.29 3.05 3.06 3.25 3.19 3.00 2.97 3.05 3.20 3.18 2.80 2.35 2.03 1.95 2.41 3.34 3.47 2.46 1.67 1.76 2.29 2.52 2.09 1.51 1.52 1.67 1.53 1.57 1.76 1.56 1.40 1.44 1.68
4.21 4.22 4.15 4.03 3.95 3.90 3.89 3.97 4.04 4.05 3.97 3.85 3.84 3.89 3.89 3.82 3.78 3.75 3.72 3.71 3.67 3.61 3.58 3.55 3.48 3.37 3.32 3.54 3.99 4.23 4.14 4.03 3.87 3.71 3.42 2.40 1.66 2.16 2.65 2.75 2.87 3.06 3.29 3.38 3.39 3.42 3.34 3.12 3.02 3.32 3.61 3.50 3.27 3.36 3.64 3.56 3.32 3.24 3.28 3.30 3.06 2.63 2.25 2.00 1.93 2.37 3.36 3.28 2.20 1.92 2.42 2.67 2.33 1.59 1.31 1.77 1.94 1.63 1.58 1.76 1.54 1.33 1.43 1.80
4.17 4.22 4.10 4.01 3.97 3.93 3.98 4.10 4.14 4.03 3.92 3.89 3.91 3.94 3.92 3.86 3.81 3.79 3.77 3.75 3.72 3.67 3.61 3.58 3.55 3.47 3.48 3.61 3.67 3.81 4.02 3.88 3.55 3.34 2.82 2.00 1.91 2.41 2.76 2.98 3.18 3.44 3.66 3.54 3.42 3.55 3.52 3.32 3.22 3.37 3.74 3.83 3.73 3.80 3.83 3.60 3.29 3.11 3.11 3.00 2.55 2.07 2.00 2.10 2.06 2.43 3.25 3.07 2.38 2.58 2.73 2.31 1.74 1.29 1.46 2.17 2.12 1.67 1.58 1.65 1.45 1.33 1.56 1.94
4.09 4.13 4.06 4.00 3.98 3.99 4.08 4.17 4.14 3.99 3.92 3.96 3.97 3.95 3.94 3.88 3.83 3.82 3.81 3.79 3.77 3.69 3.61 3.61 3.60 3.52 3.52 3.53 3.50 3.73 3.98 3.71 3.32 3.01 2.43 2.07 2.23 2.55 2.96 3.39 3.69 3.96 3.87 3.62 3.72 3.93 3.82 3.55 3.34 3.46 4.00 4.18 3.85 3.52 3.36 3.14 2.71 2.44 2.48 2.39 2.02 1.73 2.00 2.38 2.35 2.60 3.11 3.12 2.94 2.88 2.33 1.83 1.71 1.53 1.91 2.46 2.04 1.53 1.40 1.40 1.35 1.39 1.72 2.06
3.98 4.00 3.97 3.93 3.97 4.09 4.15 4.14 4.11 4.01 3.96 4.00 4.00 3.96 3.94 3.90 3.85 3.84 3.84 3.83 3.77 3.66 3.61 3.64 3.62 3.54 3.52 3.51 3.55 3.76 3.83 3.55 3.21 2.83 2.47 2.36 2.55 3.10 3.64 3.90 4.03 3.98 3.76 3.91 4.15 3.97 3.56 3.18 3.04 3.36 4.06 4.13 3.36 2.81 2.75 2.67 2.28 1.98 1.97 2.02 1.90 1.86 2.27 2.57 2.65 2.96 3.28 3.48 3.30 2.62 1.93 1.91 2.07 1.98 2.39 2.53 1.77 1.32 1.21 1.27 1.37 1.50 1.83 2.31
3.87 3.87 3.85 3.89 4.03 4.17 4.13 4.08 4.08 4.03 3.98 4.00 4.01 3.96 3.92 3.90 3.86 3.84 3.86 3.84 3.75 3.67 3.65 3.66 3.62 3.56 3.54 3.58 3.61 3.64 3.59 3.42 3.16 2.89 2.71 2.68 3.08 3.76 3.98 3.87 3.74 3.66 3.85 4.19 3.91 3.15 2.76 2.72 2.92 3.42 4.07 3.93 2.96 2.40 2.37 2.29 2.01 1.77 1.76 1.96 2.10 2.25 2.52 2.67 3.01 3.52 3.74 3.72 3.18 2.39 2.14 2.39 2.45 2.43 2.63 2.31 1.54 1.17 1.09 1.21 1.42 1.69 2.19 2.80
3.73 3.72 3.75 3.91 4.08 4.10 4.04 4.04 4.06 4.03 3.99 3.99 3.99 3.93 3.91 3.89 3.86 3.88 3.89 3.84 3.75 3.70 3.68 3.65 3.62 3.59 3.61 3.63 3.57 3.49 3.46 3.38 3.20 3.01 2.87 2.98 3.46 3.78 3.62 3.38 3.34 3.67 4.16 4.07 3.20 2.46 2.42 2.77 3.34 3.94 4.12 3.56 2.64 2.14 2.04 1.97 1.78 1.67 1.82 2.16 2.42 2.61 2.71 2.91 3.58 4.03 3.87 3.48 2.81 2.34 2.40 2.56 2.52 2.49 2.35 1.78 1.21 0.99 0.98 1.21 1.57 2.07 2.67 2.84
3.58 3.61 3.77 3.97 4.01 3.97 4.00 4.03 4.02 4.00 4.00 3.98 3.96 3.92 3.92 3.91 3.91 3.92 3.90 3.83 3.76 3.71 3.66 3.64 3.64 3.65 3.64 3.57 3.48 3.44 3.44 3.39 3.27 3.10 3.02 3.17 3.39 3.43 3.32 3.23 3.41 3.89 4.17 3.63 2.60 2.28 2.67 3.31 4.00 4.16 3.64 2.88 2.25 1.80 1.71 1.76 1.68 1.77 2.16 2.54 2.76 2.95 3.15 3.58 4.17 4.17 3.65 3.01 2.27 2.00 2.15 2.21 2.17 2.05 1.71 1.23 0.87 0.83 1.02 1.48 2.02 2.48 2.62 2.21
3.50 3.62 3.82 3.88 3.84 3.89 3.98 4.00 3.98 3.98 4.00 3.98 3.94 3.92 3.92 3.93 3.92 3.91 3.87 3.80 3.75 3.69 3.65 3.65 3.67 3.66 3.58 3.49 3.46 3.44 3.41 3.38 3.30 3.18 3.14 3.19 3.24 3.31 3.37 3.39 3.54 3.83 3.89 3.16 2.29 2.48 3.22 3.98 4.20 3.61 2.86 2.33 1.87 1.60 1.57 1.65 1.79 2.17 2.71 3.02 3.15 3.43 3.83 4.13 4.18 3.83 3.19 2.54 1.93 1.79 1.92 1.90 1.86 1.67 1.30 0.92 0.70 0.82 1.25 1.78 2.17 2.27 2.02 1.60
3.52 3.64 3.74 3.65 3.64 3.84 3.97 3.96 3.95 3.97 3.99 3.96 3.91 3.90 3.92 3.92 3.90 3.87 3.83 3.78 3.72 3.65 3.64 3.66 3.66 3.60 3.52 3.49 3.46 3.44 3.40 3.35 3.28 3.21 3.15 3.12 3.23 3.37 3.39 3.39 3.48 3.69 3.57 2.80 2.40 2.99 3.80 4.17 3.72 2.85 2.33 1.89 1.61 1.65 1.63 1.74 2.21 2.77 3.32 3.50 3.49 3.79 4.06 3.93 3.69 3.30 2.65 2.17 1.83 1.74 1.80 1.74 1.67 1.45 1.08 0.74 0.64 0.88 1.32 1.71 1.90 1.82 1.62 1.44
3.52 3.57 3.55 3.39 3.48 3.85 4.00 3.93 3.91 3.94 3.95 3.90 3.86 3.86 3.89 3.88 3.85 3.82 3.79 3.74 3.68 3.64 3.65 3.65 3.63 3.57 3.52 3.49 3.46 3.43 3.38 3.33 3.29 3.26 3.16 3.12 3.25 3.34 3.31 3.31 3.42 3.50 3.19 2.67 2.82 3.58 4.06 3.84 3.13 2.38 1.83 1.54 1.58 1.76 1.78 2.08 2.78 3.47 3.92 3.77 3.56 3.72 3.75 3.50 3.26 2.89 2.36 1.99 1.77 1.66 1.65 1.61 1.51 1.26 0.91 0.67 0.70 0.97 1.29 1.59 1.72 1.68 1.61 1.52
3.52 3.49 3.33 3.14 3.40 3.90 4.03 3.94 3.89 3.91 3.90 3.84 3.82 3.83 3.85 3.85 3.81 3.78 3.76 3.70 3.67 3.66 3.65 3.63 3.62 3.58 3.52 3.48 3.45 3.41 3.37 3.34 3.32 3.28 3.21 3.19 3.28 3.34 3.29 3.28 3.32 3.27 3.01 2.84 3.20 3.84 3.89 3.29 2.61 1.90 1.42 1.50 1.81 1.99 2.18 2.66 3.47 4.15 4.11 3.53 3.20 3.26 3.34 3.32 3.11 2.69 2.23 1.88 1.68 1.58 1.55 1.50 1.34 1.07 0.84 0.78 0.92 1.13 1.36 1.58 1.71 1.76 1.70 1.59
3.51 3.39 3.11 3.03 3.53 4.00 4.04 3.98 3.88 3.85 3.84 3.80 3.81 3.82 3.81 3.81 3.79 3.75 3.72 3.69 3.68 3.68 3.64 3.61 3.62 3.58 3.50 3.46 3.43 3.40 3.37 3.35 3.32 3.27 3.23 3.23 3.29 3.31 3.25 3.19 3.18 3.20 3.12 3.05 3.39 3.79 3.51 2.78 2.08 1.45 1.27 1.71 2.21 2.41 2.72 3.40 4.20 4.30 3.62 2.91 2.63 2.70 3.08 3.39 3.10 2.52 2.07 1.75 1.57 1.50 1.45 1.36 1.16 0.96 0.90 0.99 1.12 1.23 1.39 1.60 1.76 1.81 1.71 1.62
3.47 3.25 2.95 3.12 3.79 4.06 3.97 3.98 3.88 3.82 3.78 3.78 3.78 3.76 3.75 3.76 3.77 3.71 3.69 3.69 3.68 3.66 3.62 3.59 3.60 3.54 3.46 3.43 3.42 3.39 3.37 3.34 3.30 3.27 3.24 3.24 3.24 3.21 3.16 3.09 3.11 3.26 3.23 3.15 3.39 3.54 3.06 2.25 1.66 1.36 1.51 2.17 2.59 2.75 3.20 4.06 4.37 3.74 2.85 2.36 2.22 2.39 3.12 3.57 3.02 2.32 1.92 1.63 1.49 1.41 1.35 1.24 1.08 0.99 1.05 1.14 1.19 1.24 1.41 1.65 1.76 1.72 1.66 1.64
3.37 3.13 2.92 3.27 3.89 3.95 3.77 3.92 3.95 3.79 3.69 3.71 3.70 3.67 3.69 3.72 3.73 3.67 3.66 3.68 3.64 3.59 3.57 3.57 3.55 3.48 3.43 3.41 3.40 3.38 3.35 3.31 3.28 3.26 3.24 3.22 3.20 3.17 3.14 3.05 3.09 3.31 3.31 3.20 3.23 3.19 2.60 1.82 1.65 1.89 2.32 2.70 2.89 3.10 3.73 4.32 3.92 2.98 2.32 2.06 2.09 2.44 3.36 3.68 2.88 2.17 1.79 1.51 1.40 1.36 1.31 1.22 1.11 1.09 1.16 1.21 1.20 1.26 1.46 1.66 1.64 1.61 1.67 1.69
3.22 3.13 3.13 3.47 3.92 3.87 3.65 3.85 3.92 3.65 3.54 3.60 3.60 3.61 3.66 3.70 3.67 3.63 3.63 3.62 3.58 3.55 3.55 3.54 3.49 3.44 3.42 3.40 3.38 3.36 3.32 3.30 3.27 3.25 3.23 3.20 3.18 3.16 3.12 3.05 3.12 3.38 3.38 3.14 2.95 2.81 2.32 1.85 2.15 2.58 2.74 2.82 2.98 3.38 4.02 4.14 3.28 2.39 2.01 2.01 2.20 2.67 3.55 3.68 2.78 2.06 1.67 1.41 1.36 1.38 1.35 1.26 1.14 1.14 1.21 1.23 1.21 1.29 1.52 1.61 1.53 1.62 1.76 1.74
3.13 3.23 3.38 3.59 3.88 3.79 3.55 3.65 3.71 3.53 3.45 3.49 3.52 3.57 3.64 3.65 3.61 3.59 3.58 3.56 3.55 3.53 3.52 3.50 3.46 3.42 3.40 3.38 3.36 3.33 3.30 3.28 3.25 3.23 3.21 3.18 3.16 3.13 3.10 3.07 3.18 3.37 3.25 2.90 2.64 2.56 2.31 2.19 2.61 2.79 2.61 2.71 3.00 3.42 4.01 3.79 2.70 1.99 1.92 2.16 2.43 2.94 3.70 3.63 2.69 1.98 1.61 1.39 1.42 1.48 1.38 1.18 1.07 1.15 1.25 1.27 1.23 1.36 1.61 1.62 1.58 1.76 1.86 1.77
3.08 3.25 3.37 3.37 3.49 3.46 3.27 3.31 3.49 3.53 3.45 3.42 3.47 3.55 3.58 3.57 3.55 3.54 3.53 3.52 3.52 3.50 3.49 3.46 3.42 3.39 3.37 3.36 3.33 3.30 3.28 3.26 3.23 3.21 3.18 3.16 3.13 3.11 3.08 3.08 3.14 3.16 2.97 2.68 2.56 2.55 2.49 2.59 2.80 2.65 2.45 2.78 3.06 3.40 3.97 3.43 2.21 1.81 2.04 2.40 2.76 3.30 3.76 3.47 2.56 1.84 1.52 1.38 1.45 1.43 1.18 0.97 1.07 1.24 1.32 1.30 1.30 1.52 1.73 1.72 1.76 1.88 1.88 1.75
3.06 3.17 3.22 3.11 3.13 3.21 3.12 3.11 3.32 3.54 3.50 3.38 3.44 3.52 3.49 3.49 3.50 3.49 3.49 3.47 3.47 3.47 3.45 3.43 3.39 3.36 3.35 3.33 3.30 3.28 3.26 3.23 3.20 3.18 3.16 3.13 3.10 3.08 3.06 3.04 3.03 2.97 2.84 2.72 2.69 2.70 2.74 2.78 2.73 2.48 2.40 2.84 3.03 3.41 3.86 3.00 1.92 1.87 2.26 2.71 3.14 3.50 3.60 3.20 2.32 1.62 1.35 1.25 1.26 1.12 0.90 1.01 1.27 1.38 1.41 1.37 1.46 1.73 1.87 1.85 1.84 1.85 1.79 1.69
3.02 3.08 3.12 3.06 3.09 3.18 3.17 3.14 3.30 3.66 3.63 3.38 3.42 3.47 3.41 3.44 3.47 3.45 3.43 3.41 3.43 3.44 3.41 3.40 3.36 3.33 3.31 3.29 3.27 3.25 3.23 3.20 3.17 3.15 3.12 3.10 3.07 3.05 3.03 3.00 2.96 2.91 2.85 2.80 2.79 2.80 2.77 2.69 2.59 2.38 2.35 2.74 2.98 3.41 3.66 2.68 1.91 2.13 2.65 3.08 3.33 3.40 3.30 2.93 2.15 1.50 1.23 1.12 1.01 0.91 1.01 1.29 1.44 1.47 1.50 1.52 1.68 1.93 1.99 1.89 1.79 1.74 1.69 1.58
3.00 3.01 3.03 3.02 3.04 3.12 3.20 3.25 3.46 3.79 3.61 3.26 3.27 3.35 3.36 3.39 3.41 3.40 3.39 3.39 3.39 3.37 3.38 3.37 3.32 3.28 3.27 3.25 3.24 3.22 3.19 3.17 3.14 3.12 3.09 3.07 3.04 3.01 2.99 2.95 2.92 2.88 2.83 2.80 2.79 2.76 2.66 2.57 2.49 2.32 2.26 2.59 3.03 3.45 3.46 2.58 2.02 2.39 2.95 3.22 3.22 3.15 3.01 2.68 2.08 1.49 1.19 1.03 0.92 1.04 1.30 1.46 1.52 1.57 1.63 1.69 1.90 2.08 2.00 1.82 1.67 1.61 1.54 1.41
2.93 2.91 2.90 2.91 2.93 3.01 3.14 3.29 3.50 3.60 3.34 3.03 3.07 3.31 3.40 3.36 3.35 3.35 3.35 3.35 3.33 3.34 3.37 3.34 3.26 3.24 3.23 3.22 3.20 3.18 3.16 3.13 3.11 3.09 3.06 3.03 3.01 2.98 2.95 2.92 2.88 2.85 2.81 2.78 2.75 2.70 2.62 2.55 2.47 2.35 2.28 2.60 3.16 3.42 3.24 2.48 2.13 2.61 3.09 3.15 3.03 2.91 2.75 2.46 2.00 1.52 1.21 0.98 0.95 1.23 1.45 1.50 1.60 1.72 1.75 1.82 2.03 2.05 1.82 1.61 1.48 1.44 1.39 1.26
2.80 2.77 2.76 2.78 2.82 2.94 3.08 3.26 3.39 3.36 3.21 3.02 3.12 3.41 3.42 3.32 3.30 3.31 3.33 3.32 3.31 3.34 3.35 3.28 3.21 3.19 3.18 3.18 3.17 3.15 3.12 3.10 3.08 3.05 3.03 3.00 2.97 2.95 2.92 2.89 2.85 2.82 2.79 2.75 2.72 2.67 2.62 2.56 2.51 2.44 2.41 2.67 3.14 3.29 2.97 2.38 2.32 2.85 3.09 2.99 2.81 2.63 2.47 2.27 1.95 1.58 1.19 0.86 0.96 1.34 1.51 1.58 1.74 1.84 1.83 1.92 2.03 1.85 1.56 1.40 1.31 1.30 1.26 1.16
2.67 2.66 2.66 2.69 2.77 2.90 3.06 3.27 3.38 3.33 3.25 3.17 3.28 3.40 3.31 3.28 3.29 3.30 3.32 3.27 3.27 3.30 3.25 3.18 3.13 3.13 3.14 3.15 3.13 3.11 3.09 3.06 3.04 3.02 2.99 2.97 2.94 2.91 2.88 2.85 2.82 2.79 2.76 2.72 2.69 2.65 2.61 2.58 2.55 2.52 2.48 2.60 2.97 3.08 2.68 2.29 2.54 2.95 2.95 2.78 2.57 2.39 2.29 2.16 1.92 1.59 1.11 0.80 1.09 1.51 1.62 1.71 1.87 1.92 1.89 1.93 1.86 1.59 1.39 1.30 1.23 1.20 1.13 1.08
2.53 2.52 2.56 2.64 2.75 2.92 3.13 3.33 3.37 3.32 3.27 3.21 3.24 3.22 3.18 3.25 3.26 3.27 3.26 3.21 3.23 3.21 3.15 3.09 3.06 3.08 3.12 3.13 3.10 3.07 3.05 3.03 3.00 2.98 2.95 2.93 2.90 2.88 2.85 2.82 2.79 2.76 2.73 2.70 2.66 2.63 2.61 2.59 2.56 2.55 2.47 2.53 2.85 2.88 2.46 2.33 2.74 2.94 2.81 2.62 2.42 2.31 2.25 2.08 1.85 1.53 1.02 0.93 1.37 1.67 1.72 1.82 1.96 1.96 1.89 1.82 1.63 1.43 1.31 1.23 1.17 1.10 1.05 1.09
2.34 2.34 2.44 2.60 2.77 2.99 3.18 3.29 3.29 3.26 3.23 3.17 3.12 3.10 3.13 3.20 3.22 3.23 3.20 3.18 3.18 3.13 3.08 3.05 3.03 3.07 3.12 3.11 3.05 3.02 3.01 2.99 2.97 2.94 2.92 2.89 2.87 2.84 2.82 2.79 2.76 2.73 2.70 2.67 2.64 2.62 2.60 2.58 2.55 2.53 2.49 2.55 2.77 2.76 2.43 2.45 2.83 2.92 2.74 2.60 2.45 2.33 2.13 1.81 1.64 1.39 1.00 1.22 1.64 1.77 1.79 1.90 2.02 1.97 1.83 1.66 1.51 1.42 1.31 1.19 1.13 1.06 1.08 1.27
2.12 2.19 2.38 2.59 2.81 2.97 3.05 3.14 3.18 3.15 3.16 3.19 3.13 3.08 3.10 3.17 3.22 3.19 3.17 3.17 3.10 3.03 3.02 3.02 2.99 3.03 3.10 3.05 2.98 2.98 2.98 2.95 2.93 2.90 2.88 2.86 2.83 2.81 2.78 2.76 2.73 2.70 2.67 2.64 2.62 2.60 2.57 2.55 2.53 2.52 2.51 2.54 2.67 2.70 2.46 2.45 2.82 2.91 2.76 2.67 2.43 2.03 1.62 1.45 1.53 1.41 1.34 1.63 1.81 1.82 1.85 1.96 2.05 1.93 1.71 1.58 1.55 1.49 1.33 1.20 1.12 1.10 1.26 1.55
2.06 2.16 2.43 2.68 2.85 2.92 2.93 3.00 3.05 3.02 3.13 3.27 3.12 2.99 3.05 3.14 3.15 3.09 3.09 3.10 3.01 2.95 2.98 2.98 2.94 3.00 3.07 2.99 2.95 2.97 2.94 2.90 2.88 2.86 2.84 2.82 2.80 2.77 2.75 2.72 2.70 2.67 2.64 2.61 2.59 2.57 2.55 2.53 2.51 2.50 2.50 2.51 2.58 2.61 2.43 2.44 2.78 2.90 2.78 2.60 2.07 1.37 1.21 1.52 1.79 1.79 1.84 1.89 1.85 1.83 1.87 1.97 2.03 1.83 1.63 1.61 1.62 1.50 1.27 1.12 1.10 1.24 1.55 1.94
2.05 2.18 2.49 2.69 2.82 2.95 2.97 3.00 3.08 3.13 3.30 3.35 3.06 2.93 3.02 3.05 3.02 2.98 3.02 3.08 3.01 2.93 2.94 2.94 2.93 2.99 3.02 2.95 2.94 2.93 2.88 2.86 2.84 2.82 2.80 2.78 2.76 2.74 2.71 2.69 2.66 2.63 2.61 2.59 2.56 2.54 2.52 2.50 2.48 2.47 2.47 2.48 2.50 2.50 2.42 2.48 2.71 2.80 2.67 2.32 1.62 1.18 1.51 1.98 2.13 2.09 2.00 1.86 1.80 1.83 1.86 1.95 1.97 1.78 1.66 1.64 1.58 1.38 1.16 1.12 1.31 1.67 2.16 2.75
2.14 2.38 2.67 2.73 2.91 3.15 3.09 2.97 3.06 3.27 3.42 3.25 3.03 2.98 2.94 2.90 2.93 2.95 3.02 3.10 3.00 2.89 2.91 2.94 2.92 2.91 2.88 2.84 2.85 2.85 2.82 2.80 2.80 2.79 2.77 2.75 2.73 2.70 2.68 2.65 2.63 2.60 2.57 2.55 2.53 2.51 2.49 2.47 2.45 2.44 2.43 2.43 2.43 2.41 2.41 2.45 2.54 2.53 2.42 2.10 1.55 1.49 1.91 2.18 2.20 2.08 1.89 1.74 1.75 1.83 1.84 1.91 1.93 1.77 1.63 1.56 1.47 1.29 1.20 1.40 1.80 2.27 2.83 3.12
2.47 2.76 3.05 3.20 3.51 3.67 3.34 2.98 3.04 3.38 3.42 3.15 3.04 2.98 2.84 2.81 2.90 2.97 3.01 3.00 2.86 2.81 2.91 2.93 2.86 2.75 2.69 2.75 2.80 2.81 2.79 2.77 2.77 2.75 2.73 2.71 2.69 2.67 2.64 2.61 2.59 2.56 2.54 2.52 2.49 2.47 2.45 2.44 2.42 2.41 2.39 2.38 2.37 2.36 2.36 2.36 2.36 2.30 2.23 2.04 1.71 1.75 2.03 2.18 2.16 1.97 1.78 1.73 1.79 1.84 1.80 1.83 1.87 1.71 1.51 1.45 1.37 1.25 1.31 1.65 2.05 2.47 2.78 2.56
2.63 2.77 3.00 3.29 3.63 3.63 3.28 3.12 3.44 3.86 3.81 3.51 3.32 3.14 2.97 2.92 2.93 2.96 2.91 2.81 2.75 2.78 2.83 2.85 2.70 2.43 2.51 2.76 2.81 2.80 2.78 2.74 2.73 2.71 2.69 2.67 2.65 2.63 2.60 2.58 2.55 2.53 2.50 2.48 2.46 2.44 2.42 2.40 2.38 2.37 2.35 2.34 2.32 2.31 2.30 2.28 2.25 2.19 2.14 2.03 1.86 1.88 2.04 2.12 2.01 1.81 1.74 1.80 1.83 1.78 1.68 1.75 1.86 1.66 1.45 1.38 1.29 1.25 1.39 1.73 2.05 2.26 2.19 2.05
2.57 2.60 2.66 2.78 2.93 2.80 2.52 2.76 3.49 3.93 3.69 3.36 3.22 3.08 2.97 2.91 2.86 2.84 2.77 2.68 2.69 2.71 2.75 2.76 2.40 2.13 2.51 2.86 2.85 2.80 2.76 2.72 2.71 2.68 2.65 2.64 2.62 2.59 2.56 2.54 2.51 2.49 2.47 2.44 2.42 2.40 2.38 2.36 2.34 2.33 2.31 2.29 2.28 2.26 2.24 2.21 2.18 2.13 2.08 2.01 1.94 1.94 1.97 1.94 1.83 1.74 1.76 1.78 1.72 1.60 1.57 1.80 1.89 1.59 1.37 1.29 1.27 1.32 1.46 1.67 1.82 1.81 1.70 2.09
2.47 2.47 2.51 2.51 2.49 2.40 2.21 2.38 3.06 3.35 2.69 2.31 2.33 2.36 2.45 2.52 2.57 2.65 2.68 2.64 2.61 2.62 2.70 2.65 2.30 2.24 2.69 2.96 2.88 2.78 2.74 2.71 2.68 2.64 2.61 2.60 2.58 2.55 2.52 2.50 2.47 2.45 2.43 2.40 2.38 2.36 2.34 2.32 2.31 2.29 2.27 2.25 2.23 2.21 2.19 2.16 2.13 2.09 2.04 1.99 1.96 1.94 1.90 1.84 1.79 1.76 1.74 1.71 1.62 1.54 1.62 1.84 1.79 1.41 1.23 1.24 1.32 1.37 1.40 1.42 1.42 1.45 1.68 2.50
2.35 2.38 2.43 2.39 2.36 2.39 2.36 2.47 2.84 2.82 2.15 1.92 1.99 2.01 2.11 2.18 2.29 2.47 2.58 2.57 2.57 2.65 2.70 2.63 2.44 2.43 2.71 2.90 2.81 2.74 2.70 2.65 2.64 2.60 2.57 2.58 2.55 2.50 2.48 2.46 2.43 2.41 2.38 2.36 2.34 2.32 2.30 2.29 2.27 2.25 2.23 2.21 2.19 2.17 2.14 2.12 2.08 2.05 2.01 1.97 1.94 1.91 1.87 1.83 1.80 1.77 1.71 1.67 1.60 1.58 1.63 1.70 1.56 1.20 1.12 1.21 1.31 1.32 1.22 1.16 1.21 1.46 2.09 2.84
2.26 2.31 2.30 2.23 2.28 2.40 2.44 2.53 2.63 2.41 2.10 2.07 2.08 2.09 2.16 2.19 2.26 2.39 2.47 2.48 2.57 2.68 2.71 2.67 2.52 2.46 2.63 2.77 2.74 2.70 2.62 2.58 2.61 2.61 2.58 2.55 2.49 2.46 2.44 2.42 2.39 2.37 2.34 2.32 2.30 2.28 2.26 2.25 2.23 2.21 2.19 2.17 2.15 2.13 2.11 2.08 2.05 2.02 1.98 1.95 1.91 1.88 1.85 1.82 1.79 1.75 1.70 1.67 1.62 1.60 1.59 1.55 1.39 1.15 1.13 1.21 1.29 1.24 1.07 1.06 1.27 1.81 2.60 2.79
2.13 2.14 2.10 2.07 2.17 2.30 2.37 2.43 2.39 2.24 2.20 2.21 2.17 2.20 2.26 2.27 2.32 2.41 2.46 2.46 2.51 2.56 2.56 2.54 2.45 2.42 2.55 2.64 2.65 2.64 2.57 2.56 2.62 2.65 2.58 2.49 2.44 2.42 2.41 2.38 2.35 2.32 2.29 2.27 2.26 2.24 2.22 2.21 2.19 2.18 2.16 2.14 2.12 2.09 2.07 2.04 2.01 1.98 1.95 1.92 1.89 1.86 1.83 1.80 1.77 1.73 1.69 1.66 1.64 1.60 1.56 1.50 1.38 1.25 1.23 1.31 1.34 1.20 1.04 1.14 1.62 2.35 2.75 2.22
1.86 1.87 1.90 1.90 2.01 2.19 2.28 2.30 2.28 2.23 2.23 2.23 2.21 2.25 2.30 2.31 2.35 2.44 2.48 2.44 2.44 2.44 2.42 2.42 2.38 2.33 2.40 2.50 2.57 2.61 2.58 2.57 2.59 2.56 2.43 2.36 2.37 2.39 2.38 2.34 2.29 2.27 2.25 2.23 2.21 2.20 2.18 2.17 2.15 2.14 2.12 2.10 2.08 2.06 2.03 2.01 1.98 1.95 1.92 1.90 1.87 1.84 1.81 1.78 1.75 1.71 1.68 1.66 1.63 1.59 1.55 1.49 1.42 1.35 1.34 1.41 1.37 1.20 1.13 1.40 2.11 2.57 2.32 1.37
