windninja/windninja_output/Output_2025-10-23_0200-0250_Google earth_Fire_150m_10min/merlingen_7.5mi_point_10-23-2025_0200_150m_vel.asc
ncols	158
nrows	163
xllcorner	391686.332397
yllcorner	5160024.123721
cellsize	150.000000
NODATA_value	-32768.000000
[rows 76 to 113 of 163, columns 0 to 83 of 158]
1.48 1.54 1.61 1.58 1.64 1.77 1.76 1.70 1.68 1.63 1.60 1.57 1.53 1.53 1.53 1.51 1.51 1.52 1.51 1.49 1.48 1.49 1.49 1.49 1.45 1.36 1.37 1.48 1.55 1.56 1.54 1.52 1.47 1.42 1.41 1.44 1.48 1.52 1.53 1.50 1.49 1.47 1.46 1.46 1.45 1.45 1.45 1.45 1.45 1.45 1.44 1.44 1.43 1.42 1.41 1.39 1.38 1.36 1.34 1.33 1.31 1.28 1.26 1.24 1.22 1.19 1.17 1.15 1.12 1.08 1.04 1.01 0.98 0.96 0.95 0.94 0.88 0.81 0.86 1.12 1.40 1.26 0.76 0.20
1.19 1.26 1.43 1.55 1.70 1.81 1.78 1.76 1.78 1.76 1.73 1.66 1.61 1.62 1.60 1.55 1.56 1.58 1.56 1.53 1.53 1.54 1.56 1.55 1.44 1.33 1.41 1.54 1.55 1.52 1.47 1.43 1.41 1.44 1.52 1.55 1.56 1.56 1.54 1.53 1.52 1.49 1.48 1.47 1.47 1.47 1.47 1.46 1.46 1.46 1.46 1.46 1.46 1.45 1.43 1.42 1.40 1.39 1.37 1.35 1.33 1.31 1.29 1.27 1.25 1.22 1.20 1.18 1.14 1.11 1.09 1.06 1.03 1.00 0.98 0.95 0.88 0.83 0.90 1.13 1.19 0.79 0.29 0.06
0.83 0.75 1.16 1.65 1.85 1.89 1.89 1.94 2.02 1.99 1.88 1.75 1.70 1.69 1.65 1.63 1.64 1.64 1.59 1.56 1.57 1.59 1.62 1.57 1.42 1.37 1.50 1.60 1.58 1.52 1.47 1.51 1.56 1.62 1.68 1.67 1.63 1.58 1.56 1.56 1.52 1.50 1.49 1.49 1.48 1.48 1.47 1.47 1.48 1.49 1.49 1.49 1.48 1.47 1.46 1.45 1.43 1.41 1.40 1.38 1.36 1.34 1.32 1.29 1.27 1.25 1.23 1.20 1.18 1.15 1.12 1.09 1.06 1.03 1.00 0.96 0.90 0.87 0.91 1.03 0.90 0.42 0.11 0.05
0.82 0.42 0.88 1.75 2.36 2.44 2.30 2.27 2.36 2.23 1.97 1.81 1.77 1.76 1.74 1.72 1.70 1.67 1.61 1.58 1.60 1.63 1.64 1.56 1.43 1.46 1.63 1.70 1.67 1.59 1.58 1.66 1.69 1.69 1.72 1.72 1.66 1.59 1.58 1.57 1.51 1.47 1.48 1.47 1.46 1.45 1.46 1.47 1.48 1.50 1.52 1.52 1.52 1.50 1.49 1.48 1.46 1.44 1.42 1.40 1.38 1.36 1.34 1.32 1.30 1.28 1.25 1.23 1.21 1.18 1.15 1.11 1.08 1.05 1.02 0.99 0.95 0.92 0.93 0.92 0.67 0.33 0.27 0.36
1.18 0.83 1.10 2.04 3.22 3.91 3.33 2.86 2.73 2.37 2.00 1.85 1.83 1.81 1.79 1.76 1.72 1.67 1.62 1.62 1.65 1.67 1.66 1.58 1.50 1.57 1.73 1.76 1.71 1.67 1.70 1.78 1.80 1.80 1.81 1.77 1.66 1.60 1.62 1.60 1.50 1.43 1.42 1.41 1.40 1.41 1.42 1.43 1.47 1.52 1.56 1.56 1.55 1.54 1.52 1.50 1.48 1.47 1.45 1.43 1.41 1.39 1.37 1.35 1.33 1.30 1.28 1.26 1.23 1.20 1.17 1.14 1.11 1.09 1.05 1.02 0.99 0.95 0.92 0.83 0.62 0.49 0.52 0.53
1.35 0.78 1.60 2.87 4.21 4.19 3.49 3.16 2.86 2.40 2.03 1.87 1.83 1.79 1.79 1.75 1.68 1.65 1.64 1.65 1.68 1.70 1.71 1.66 1.57 1.62 1.76 1.77 1.74 1.77 1.82 1.89 1.90 1.89 1.86 1.77 1.67 1.65 1.67 1.64 1.54 1.44 1.38 1.33 1.32 1.33 1.32 1.32 1.42 1.53 1.58 1.61 1.61 1.58 1.56 1.53 1.51 1.49 1.47 1.45 1.44 1.42 1.40 1.38 1.35 1.33 1.31 1.29 1.26 1.23 1.20 1.17 1.14 1.12 1.09 1.05 1.02 0.98 0.94 0.86 0.74 0.68 0.63 0.55
1.13 0.95 2.55 4.24 4.57 3.21 2.51 2.56 2.44 2.16 1.89 1.75 1.76 1.77 1.77 1.71 1.64 1.64 1.66 1.67 1.71 1.74 1.77 1.71 1.60 1.67 1.82 1.83 1.83 1.83 1.83 1.83 1.78 1.72 1.68 1.66 1.67 1.68 1.69 1.67 1.59 1.53 1.51 1.50 1.50 1.51 1.50 1.52 1.67 1.76 1.75 1.70 1.65 1.62 1.59 1.56 1.53 1.51 1.50 1.48 1.46 1.44 1.42 1.40 1.38 1.36 1.34 1.31 1.28 1.26 1.23 1.20 1.17 1.14 1.12 1.09 1.05 1.02 0.97 0.91 0.82 0.73 0.65 0.63
2.66 3.16 4.08 4.35 3.54 2.33 1.91 1.81 1.70 1.56 1.47 1.54 1.63 1.65 1.68 1.63 1.59 1.65 1.68 1.70 1.75 1.79 1.80 1.75 1.71 1.83 1.95 1.94 1.88 1.83 1.79 1.75 1.67 1.61 1.56 1.55 1.58 1.63 1.67 1.64 1.59 1.62 1.72 1.83 1.92 1.99 2.04 2.11 2.21 2.19 2.06 1.90 1.79 1.71 1.63 1.58 1.55 1.54 1.52 1.51 1.49 1.47 1.45 1.43 1.41 1.38 1.36 1.33 1.31 1.28 1.25 1.23 1.20 1.17 1.15 1.12 1.08 1.04 1.00 0.93 0.83 0.74 0.72 0.86
3.80 3.73 3.50 2.83 2.17 1.79 1.41 1.11 1.00 1.06 1.25 1.43 1.49 1.56 1.62 1.59 1.58 1.65 1.72 1.75 1.81 1.84 1.84 1.86 1.90 1.97 2.01 1.94 1.87 1.86 1.83 1.77 1.67 1.58 1.53 1.54 1.58 1.60 1.60 1.58 1.61 1.68 1.76 1.84 1.90 1.95 2.00 2.09 2.13 2.07 1.98 1.93 1.85 1.72 1.62 1.58 1.57 1.56 1.54 1.53 1.51 1.50 1.48 1.46 1.43 1.41 1.39 1.36 1.33 1.31 1.28 1.25 1.23 1.20 1.17 1.14 1.11 1.08 1.04 0.98 0.90 0.86 0.88 1.08
4.47 3.48 2.26 1.91 1.63 1.30 0.83 0.68 0.85 1.10 1.33 1.41 1.44 1.54 1.61 1.61 1.58 1.67 1.75 1.78 1.83 1.86 1.90 2.00 2.04 1.97 1.91 1.85 1.85 1.89 1.83 1.76 1.69 1.61 1.62 1.67 1.67 1.64 1.61 1.64 1.69 1.71 1.73 1.75 1.75 1.75 1.78 1.85 1.85 1.78 1.70 1.64 1.58 1.55 1.55 1.57 1.58 1.57 1.56 1.55 1.54 1.53 1.51 1.48 1.46 1.43 1.41 1.38 1.36 1.33 1.31 1.28 1.25 1.22 1.20 1.17 1.15 1.11 1.08 1.05 1.02 1.05 1.13 1.36
4.67 3.44 2.08 1.80 1.48 1.11 0.75 0.83 1.17 1.40 1.45 1.37 1.43 1.53 1.59 1.58 1.54 1.64 1.71 1.77 1.80 1.82 1.94 2.15 2.18 2.03 1.92 1.91 1.94 1.89 1.78 1.76 1.76 1.78 1.88 1.92 1.85 1.78 1.77 1.77 1.76 1.75 1.75 1.73 1.72 1.72 1.77 1.82 1.81 1.72 1.60 1.49 1.46 1.48 1.51 1.55 1.58 1.58 1.59 1.59 1.58 1.56 1.54 1.51 1.49 1.46 1.44 1.41 1.38 1.36 1.33 1.30 1.28 1.25 1.23 1.20 1.18 1.15 1.13 1.12 1.14 1.22 1.40 1.68
4.10 3.06 2.09 1.85 1.49 1.23 1.11 1.32 1.62 1.64 1.41 1.33 1.48 1.50 1.52 1.53 1.47 1.57 1.71 1.83 1.86 1.90 2.23 2.66 2.63 2.28 2.09 2.07 2.01 1.87 1.78 1.79 1.80 1.83 1.92 1.95 1.93 1.94 1.96 1.94 1.89 1.83 1.76 1.72 1.71 1.72 1.79 1.84 1.81 1.67 1.54 1.50 1.48 1.46 1.48 1.52 1.56 1.59 1.62 1.63 1.62 1.60 1.57 1.54 1.51 1.48 1.46 1.43 1.40 1.38 1.35 1.33 1.30 1.28 1.25 1.23 1.21 1.19 1.18 1.19 1.22 1.33 1.49 1.72
3.19 2.82 2.32 2.11 1.81 1.66 1.69 1.74 1.70 1.55 1.37 1.47 1.63 1.55 1.55 1.49 1.39 1.58 1.84 2.09 2.18 2.41 3.28 3.70 3.14 2.42 2.13 2.05 1.94 1.85 1.82 1.81 1.80 1.79 1.81 1.83 1.84 1.87 1.92 1.96 1.95 1.90 1.82 1.78 1.76 1.80 1.86 1.87 1.81 1.70 1.64 1.59 1.52 1.52 1.55 1.55 1.57 1.62 1.65 1.67 1.67 1.65 1.61 1.57 1.54 1.51 1.48 1.45 1.43 1.40 1.37 1.35 1.32 1.30 1.28 1.25 1.24 1.22 1.22 1.22 1.24 1.30 1.39 1.56
2.92 2.98 2.78 2.34 2.05 1.92 1.87 1.76 1.52 1.49 1.72 1.84 1.76 1.58 1.45 1.30 1.38 1.71 2.15 2.61 2.97 3.81 4.48 3.96 2.78 2.15 1.97 1.91 1.85 1.83 1.82 1.83 1.82 1.80 1.81 1.84 1.79 1.74 1.75 1.79 1.82 1.83 1.83 1.80 1.81 1.85 1.87 1.86 1.84 1.80 1.78 1.75 1.73 1.76 1.74 1.68 1.62 1.59 1.68 1.78 1.78 1.70 1.64 1.60 1.56 1.53 1.50 1.47 1.45 1.42 1.40 1.37 1.34 1.32 1.30 1.28 1.26 1.25 1.24 1.23 1.24 1.25 1.27 1.34
3.19 3.06 2.61 2.12 2.01 1.95 1.86 1.73 1.60 1.84 2.25 2.13 1.78 1.54 1.33 1.23 1.48 1.90 2.60 3.55 4.55 5.13 4.56 3.13 2.16 1.82 1.78 1.80 1.79 1.79 1.80 1.82 1.83 1.82 1.85 1.89 1.82 1.77 1.77 1.81 1.83 1.80 1.75 1.74 1.77 1.80 1.80 1.85 1.88 1.87 1.88 1.91 1.95 1.95 1.84 1.69 1.58 1.66 1.96 2.07 1.91 1.75 1.67 1.61 1.57 1.55 1.52 1.50 1.47 1.44 1.42 1.39 1.36 1.34 1.32 1.30 1.28 1.26 1.25 1.24 1.24 1.24 1.23 1.25
3.33 2.96 2.48 2.35 2.46 2.36 2.21 2.14 2.11 2.36 2.60 2.28 1.84 1.64 1.57 1.60 1.76 2.08 2.94 4.65 5.64 5.10 3.38 2.28 1.77 1.58 1.60 1.66 1.69 1.72 1.76 1.79 1.82 1.84 1.89 1.93 1.89 1.89 1.92 1.94 1.93 1.83 1.77 1.75 1.75 1.75 1.77 1.82 1.87 1.93 1.98 2.01 2.03 2.00 1.87 1.75 1.88 2.22 2.47 2.32 1.98 1.77 1.67 1.62 1.59 1.56 1.54 1.52 1.49 1.46 1.43 1.41 1.38 1.36 1.34 1.32 1.29 1.28 1.26 1.25 1.25 1.24 1.25 1.28
3.53 3.27 3.08 3.21 3.37 3.44 3.62 3.74 3.52 3.29 3.01 2.51 2.05 1.87 1.80 1.93 2.24 2.72 4.06 5.61 5.44 3.47 2.12 1.57 1.34 1.30 1.41 1.52 1.59 1.67 1.72 1.78 1.86 1.90 1.95 1.97 1.95 1.96 1.98 1.97 1.89 1.80 1.78 1.77 1.74 1.69 1.67 1.71 1.81 1.94 2.01 2.08 2.09 2.01 1.90 2.03 2.39 2.59 2.46 2.12 1.85 1.72 1.65 1.62 1.59 1.57 1.56 1.53 1.51 1.47 1.45 1.43 1.40 1.38 1.36 1.33 1.31 1.29 1.27 1.26 1.25 1.24 1.24 1.25
3.98 3.81 3.68 3.81 4.13 4.44 4.67 4.79 4.61 4.19 3.92 3.73 3.51 3.54 3.45 3.44 3.90 4.69 5.60 5.45 3.91 1.91 1.30 1.09 1.05 1.11 1.28 1.45 1.55 1.62 1.66 1.77 1.91 1.98 1.98 1.98 1.97 2.00 2.02 1.98 1.86 1.76 1.77 1.79 1.70 1.60 1.60 1.69 1.87 2.00 2.16 2.32 2.22 2.02 1.95 2.10 2.31 2.20 1.93 1.72 1.63 1.60 1.59 1.60 1.59 1.59 1.57 1.54 1.51 1.49 1.47 1.45 1.42 1.40 1.37 1.34 1.32 1.30 1.28 1.26 1.25 1.23 1.21 1.20
4.59 4.27 3.91 4.02 4.37 4.40 4.14 3.91 3.83 4.12 4.33 4.45 4.61 4.71 4.74 4.70 4.86 5.16 5.02 3.43 1.81 1.12 0.81 0.75 0.81 1.02 1.27 1.42 1.49 1.52 1.57 1.81 2.07 2.09 2.01 1.98 2.03 2.07 2.08 2.03 1.93 1.86 1.91 1.92 1.77 1.70 1.74 1.85 2.04 2.25 2.64 2.78 2.33 2.02 1.97 2.00 2.02 1.89 1.72 1.61 1.55 1.51 1.53 1.57 1.60 1.60 1.58 1.55 1.53 1.52 1.50 1.47 1.43 1.40 1.38 1.36 1.34 1.31 1.29 1.27 1.25 1.22 1.20 1.17
5.12 4.59 4.02 4.12 4.27 3.87 3.19 2.72 2.74 3.24 3.51 3.31 3.02 2.48 2.63 2.91 3.23 3.14 3.16 1.82 0.70 0.28 0.20 0.32 0.63 1.00 1.23 1.36 1.43 1.48 1.71 2.13 2.32 2.18 2.01 2.00 2.09 2.12 2.12 2.09 2.03 2.00 2.08 2.12 2.10 2.14 2.19 2.31 2.55 2.94 3.26 2.93 2.22 1.94 1.93 1.96 1.97 1.91 1.78 1.67 1.59 1.51 1.53 1.60 1.62 1.60 1.58 1.57 1.56 1.55 1.52 1.48 1.44 1.41 1.39 1.37 1.35 1.33 1.30 1.27 1.25 1.22 1.19 1.15
5.53 5.04 4.41 4.27 4.04 3.32 2.64 2.23 2.10 2.14 2.15 1.97 1.38 1.11 1.24 1.61 1.83 2.31 2.33 0.90 0.52 0.65 0.49 0.42 0.77 1.07 1.22 1.35 1.45 1.68 2.11 2.36 2.30 2.07 1.94 2.01 2.12 2.16 2.17 2.15 2.12 2.08 2.12 2.23 2.39 2.53 2.71 2.97 3.27 3.40 3.07 2.37 1.92 1.82 1.88 1.93 1.92 1.87 1.76 1.68 1.62 1.55 1.57 1.62 1.62 1.60 1.60 1.61 1.60 1.56 1.51 1.47 1.45 1.43 1.41 1.39 1.36 1.34 1.31 1.28 1.26 1.22 1.19 1.15
6.19 5.63 4.74 4.05 3.40 2.77 2.25 1.90 1.75 1.63 1.55 1.20 0.76 0.84 1.13 1.51 1.84 2.17 1.92 1.14 1.12 1.04 1.03 1.08 1.22 1.29 1.31 1.38 1.55 1.86 2.13 2.14 2.02 1.93 1.90 2.00 2.13 2.23 2.26 2.25 2.23 2.18 2.16 2.31 2.47 2.55 2.73 2.99 3.06 2.73 2.14 1.84 1.76 1.74 1.81 1.87 1.85 1.79 1.72 1.67 1.59 1.56 1.60 1.63 1.64 1.64 1.65 1.64 1.61 1.55 1.50 1.48 1.46 1.45 1.42 1.40 1.37 1.35 1.32 1.29 1.26 1.23 1.19 1.15
6.99 6.07 4.52 3.44 2.86 2.55 2.09 1.78 1.63 1.44 1.26 1.04 0.75 0.72 1.08 1.53 1.86 1.79 1.40 1.38 1.27 1.08 1.54 1.96 1.87 1.49 1.32 1.39 1.57 1.80 1.96 1.97 1.96 1.97 1.95 2.04 2.21 2.35 2.39 2.36 2.35 2.28 2.26 2.34 2.40 2.39 2.51 2.64 2.46 2.11 1.84 1.80 1.77 1.73 1.80 1.87 1.88 1.84 1.78 1.69 1.59 1.57 1.61 1.64 1.66 1.67 1.67 1.64 1.60 1.55 1.51 1.50 1.48 1.46 1.44 1.41 1.39 1.36 1.33 1.31 1.28 1.24 1.20 1.16
7.38 5.97 4.08 3.19 2.71 2.39 2.00 1.82 1.68 1.42 1.25 1.06 0.83 0.80 1.07 1.50 1.73 1.57 1.44 1.39 1.24 1.77 2.71 2.65 1.79 1.13 1.09 1.29 1.47 1.70 1.90 1.97 2.03 2.08 2.11 2.23 2.41 2.53 2.54 2.50 2.46 2.42 2.39 2.38 2.41 2.52 2.62 2.58 2.36 2.13 2.03 1.98 1.90 1.88 1.93 1.98 1.95 1.90 1.85 1.76 1.68 1.66 1.69 1.69 1.69 1.70 1.68 1.65 1.61 1.56 1.53 1.51 1.49 1.46 1.44 1.42 1.40 1.38 1.35 1.32 1.29 1.26 1.22 1.18
6.45 5.33 3.87 3.19 2.64 2.26 1.98 1.81 1.71 1.53 1.40 1.22 1.04 1.04 1.18 1.51 1.67 1.34 1.13 1.12 1.73 2.94 3.04 1.65 0.57 0.59 0.94 1.22 1.41 1.64 1.89 2.04 2.15 2.27 2.37 2.48 2.58 2.65 2.73 2.71 2.63 2.59 2.51 2.45 2.53 2.65 2.65 2.55 2.41 2.28 2.23 2.15 2.08 2.10 2.13 2.10 1.98 1.95 1.95 1.87 1.80 1.78 1.79 1.79 1.80 1.78 1.74 1.69 1.61 1.56 1.53 1.51 1.49 1.48 1.46 1.44 1.41 1.39 1.37 1.34 1.31 1.27 1.23 1.20
5.25 4.54 3.65 3.08 2.47 2.16 2.03 1.85 1.67 1.54 1.44 1.26 1.09 1.11 1.23 1.42 1.53 1.26 0.99 1.70 2.92 3.20 2.03 1.02 0.78 0.79 1.03 1.25 1.41 1.65 1.96 2.22 2.39 2.54 2.62 2.63 2.65 2.76 2.95 2.95 2.78 2.68 2.59 2.54 2.56 2.58 2.58 2.56 2.48 2.42 2.37 2.27 2.19 2.17 2.19 2.13 2.05 2.11 2.08 1.92 1.83 1.81 1.85 1.91 1.94 1.89 1.81 1.69 1.57 1.51 1.50 1.51 1.51 1.49 1.47 1.45 1.43 1.41 1.38 1.36 1.33 1.29 1.26 1.22
4.30 3.88 3.27 2.80 2.32 2.05 1.97 1.86 1.67 1.50 1.40 1.25 1.02 0.92 1.09 1.49 1.77 1.74 1.73 2.49 3.06 2.05 1.28 1.21 1.08 1.06 1.20 1.37 1.51 1.77 2.14 2.48 2.68 2.80 2.83 2.79 2.82 3.03 3.21 3.10 2.83 2.71 2.69 2.66 2.66 2.74 2.83 2.79 2.67 2.55 2.41 2.33 2.30 2.26 2.26 2.20 2.20 2.23 2.13 2.02 1.97 1.96 1.98 2.00 2.00 1.93 1.80 1.64 1.49 1.43 1.49 1.55 1.53 1.49 1.47 1.45 1.44 1.42 1.40 1.38 1.35 1.32 1.28 1.24
3.60 3.32 2.86 2.50 2.19 1.97 1.86 1.80 1.69 1.50 1.38 1.30 1.07 1.03 1.32 1.69 2.01 1.98 1.99 2.45 2.26 1.56 1.44 1.37 1.28 1.28 1.42 1.52 1.67 2.02 2.37 2.67 2.92 3.02 3.05 3.07 3.12 3.26 3.33 3.16 2.90 2.79 2.80 2.80 2.82 2.89 2.92 2.84 2.66 2.52 2.43 2.42 2.43 2.42 2.46 2.40 2.32 2.25 2.19 2.20 2.20 2.16 2.09 2.06 2.06 1.95 1.77 1.60 1.46 1.43 1.54 1.59 1.51 1.47 1.46 1.45 1.45 1.44 1.43 1.40 1.37 1.34 1.31 1.26
3.06 2.85 2.47 2.24 2.06 1.89 1.78 1.70 1.68 1.58 1.43 1.39 1.29 1.32 1.48 1.68 1.99 1.94 1.78 1.86 1.82 1.70 1.59 1.50 1.40 1.45 1.65 1.77 1.92 2.32 2.57 2.77 3.11 3.27 3.32 3.41 3.43 3.42 3.41 3.30 3.11 2.97 2.93 2.96 2.94 2.89 2.86 2.77 2.60 2.52 2.54 2.56 2.55 2.53 2.52 2.46 2.38 2.31 2.29 2.28 2.21 2.09 2.04 2.11 2.10 1.95 1.79 1.64 1.53 1.53 1.60 1.57 1.47 1.40 1.39 1.42 1.47 1.48 1.45 1.43 1.40 1.37 1.34 1.29
2.58 2.40 2.10 1.97 1.90 1.80 1.71 1.59 1.64 1.68 1.55 1.51 1.52 1.49 1.53 1.66 1.84 1.84 1.71 1.69 1.68 1.66 1.66 1.54 1.48 1.60 1.87 2.03 2.20 2.57 2.75 3.01 3.33 3.46 3.58 3.83 3.89 3.74 3.69 3.60 3.42 3.17 3.10 3.15 3.06 2.97 2.94 2.86 2.74 2.73 2.79 2.79 2.73 2.64 2.55 2.46 2.39 2.35 2.33 2.28 2.16 2.04 2.04 2.09 2.03 1.93 1.84 1.71 1.59 1.59 1.61 1.54 1.48 1.41 1.41 1.52 1.57 1.50 1.43 1.44 1.45 1.43 1.38 1.32
2.15 2.01 1.78 1.72 1.75 1.70 1.60 1.50 1.62 1.77 1.70 1.67 1.67 1.57 1.56 1.59 1.66 1.67 1.53 1.47 1.55 1.71 1.63 1.50 1.59 1.73 1.97 2.20 2.53 2.89 3.16 3.43 3.42 3.44 3.93 4.54 4.55 4.19 3.97 3.81 3.58 3.33 3.32 3.33 3.18 3.11 3.04 2.95 2.90 2.92 2.98 2.96 2.85 2.75 2.65 2.53 2.41 2.35 2.32 2.27 2.16 2.11 2.14 2.13 2.05 1.97 1.87 1.71 1.61 1.59 1.57 1.55 1.57 1.60 1.65 1.73 1.68 1.52 1.46 1.55 1.58 1.51 1.42 1.35
1.87 1.74 1.57 1.54 1.61 1.63 1.59 1.58 1.75 2.03 2.07 1.99 1.75 1.50 1.48 1.45 1.49 1.48 1.32 1.28 1.49 1.80 1.64 1.41 1.58 1.84 2.00 2.26 2.89 3.40 3.63 3.63 3.14 3.34 4.66 5.45 5.08 4.29 4.02 3.97 3.71 3.54 3.58 3.52 3.40 3.34 3.22 3.15 3.08 3.00 2.96 2.90 2.80 2.76 2.70 2.60 2.49 2.41 2.34 2.25 2.18 2.19 2.21 2.19 2.14 2.02 1.88 1.73 1.61 1.56 1.57 1.60 1.67 1.72 1.76 1.78 1.74 1.66 1.68 1.74 1.70 1.56 1.45 1.38
1.76 1.61 1.47 1.55 1.69 1.87 2.09 2.16 2.29 2.29 2.08 1.78 1.39 1.26 1.40 1.43 1.42 1.30 1.13 1.17 1.54 1.96 1.77 1.36 1.45 1.83 2.09 2.26 3.12 3.94 3.86 3.59 2.98 3.53 5.60 5.99 4.97 4.19 4.29 4.37 3.94 3.72 3.83 3.81 3.65 3.54 3.45 3.37 3.23 3.09 3.00 2.90 2.80 2.74 2.67 2.60 2.54 2.47 2.43 2.36 2.30 2.30 2.28 2.19 2.08 1.96 1.85 1.75 1.64 1.59 1.60 1.65 1.74 1.80 1.83 1.84 1.84 1.82 1.78 1.75 1.68 1.58 1.49 1.41
1.73 1.60 1.62 1.96 2.29 2.48 2.44 2.24 2.06 1.83 1.60 1.41 1.17 1.20 1.47 1.61 1.48 1.09 0.93 1.25 1.79 2.10 1.79 1.37 1.35 1.79 2.17 2.31 3.32 4.30 3.96 3.63 3.31 4.08 6.04 5.90 4.68 4.54 4.99 4.66 3.75 3.70 4.12 4.02 3.76 3.72 3.67 3.46 3.25 3.17 3.15 3.09 2.96 2.81 2.69 2.61 2.56 2.56 2.59 2.53 2.44 2.44 2.35 2.13 1.97 1.89 1.81 1.77 1.70 1.60 1.55 1.68 1.87 1.94 1.95 1.94 1.93 1.85 1.71 1.66 1.65 1.62 1.55 1.43
1.92 1.83 2.00 2.29 2.38 2.21 1.86 1.58 1.46 1.40 1.42 1.36 1.20 1.31 1.70 1.94 1.62 0.94 0.83 1.39 2.00 2.21 1.82 1.47 1.49 1.81 2.16 2.46 3.57 4.47 4.15 3.80 3.67 4.53 6.24 6.09 5.25 5.48 5.32 4.28 3.55 4.01 4.40 4.05 3.85 3.94 3.79 3.46 3.31 3.29 3.26 3.19 3.03 2.87 2.78 2.71 2.62 2.62 2.64 2.53 2.43 2.43 2.29 2.05 1.93 1.90 1.86 1.81 1.71 1.61 1.64 1.85 2.05 2.03 1.98 1.95 1.89 1.78 1.67 1.66 1.67 1.68 1.58 1.41
2.07 2.01 2.08 2.06 1.87 1.61 1.37 1.30 1.29 1.29 1.36 1.43 1.40 1.59 2.08 2.30 1.75 1.01 0.89 1.45 2.12 2.40 2.01 1.68 1.67 1.97 2.40 2.85 3.64 4.36 4.37 4.04 3.91 4.92 6.77 6.96 6.42 6.14 5.22 4.06 4.05 4.44 4.48 4.21 4.11 4.01 3.68 3.41 3.38 3.39 3.32 3.16 2.93 2.86 2.89 2.81 2.67 2.64 2.62 2.49 2.38 2.33 2.22 2.09 2.04 2.04 2.00 1.87 1.73 1.70 1.79 1.97 2.06 2.00 1.96 1.94 1.85 1.73 1.67 1.68 1.71 1.73 1.61 1.43
1.98 1.84 1.74 1.59 1.47 1.39 1.31 1.29 1.31 1.25 1.31 1.68 1.90 2.02 2.41 2.54 1.83 1.22 1.17 1.63 2.21 2.59 2.32 1.79 1.75 2.37 2.87 3.26 3.65 4.03 4.36 4.37 4.39 5.76 7.61 7.69 6.96 5.95 4.58 4.09 4.08 3.96 4.21 4.64 4.51 4.04 3.59 3.37 3.37 3.40 3.37 3.18 2.97 2.95 2.96 2.85 2.74 2.72 2.69 2.56 2.42 2.32 2.23 2.19 2.20 2.17 2.12 1.98 1.84 1.79 1.82 1.93 2.01 2.00 1.97 1.95 1.88 1.78 1.77 1.78 1.79 1.80 1.66 1.46
2.03 1.76 1.47 1.34 1.35 1.36 1.34 1.36 1.36 1.29 1.46 2.09 2.41 2.32 2.52 2.68 2.02 1.64 1.97 2.23 2.46 2.68 2.37 1.80 1.90 2.84 3.30 3.61 3.67 3.79 4.20 4.59 5.17 6.81 8.15 7.46 6.07 4.88 4.05 3.72 3.34 3.43 4.47 5.11 4.67 3.93 3.56 3.50 3.48 3.47 3.41 3.23 3.13 3.11 3.03 2.91 2.82 2.77 2.74 2.64 2.51 2.38 2.30 2.33 2.30 2.25 2.21 2.13 2.09 2.04 1.99 2.05 2.14 2.08 2.01 1.99 1.95 1.90 1.89 1.85 1.88 1.85 1.61 1.41
