windninja/windninja_output/Output_2025-10-23_0200-0250_Google earth_Fire_150m_10min/merlingen_7.5mi_point_10-23-2025_0200_150m_vel.asc
ncols	158
nrows	163
xllcorner	391686.332397
yllcorner	5160024.123721
cellsize	150.000000
NODATA_value	-32768.000000
[rows 114 to 151 of 163, columns 0 to 83 of 158]
2.18 1.88 1.52 1.43 1.49 1.47 1.47 1.46 1.35 1.38 1.86 2.60 2.72 2.37 2.50 2.94 2.67 2.49 2.64 2.56 2.60 2.71 2.51 2.20 2.77 3.59 3.76 3.62 3.71 3.88 3.91 4.59 5.89 7.46 7.98 6.58 5.15 4.49 3.93 3.44 3.18 4.03 5.32 5.61 4.79 4.12 4.07 4.02 3.82 3.66 3.51 3.33 3.25 3.18 3.10 3.01 2.89 2.79 2.74 2.69 2.59 2.45 2.42 2.50 2.43 2.35 2.31 2.27 2.27 2.23 2.16 2.17 2.18 2.09 2.01 2.03 2.03 2.00 1.91 1.84 1.93 1.91 1.65 1.46
2.35 2.07 1.78 1.70 1.69 1.63 1.58 1.45 1.35 1.68 2.50 3.12 2.80 2.26 2.60 3.53 3.50 2.99 2.69 2.49 2.66 2.92 3.10 3.49 3.95 4.16 3.98 3.77 4.23 4.26 3.89 4.44 6.05 7.61 7.80 6.76 5.65 4.81 4.02 3.50 3.91 5.31 6.09 5.76 5.12 4.83 4.63 4.22 3.93 3.81 3.65 3.49 3.33 3.19 3.12 3.00 2.85 2.78 2.75 2.76 2.64 2.49 2.50 2.58 2.55 2.45 2.38 2.34 2.30 2.22 2.16 2.12 2.07 2.03 2.02 2.08 2.09 2.04 1.93 1.86 1.98 1.97 1.74 1.52
2.54 2.25 1.96 1.78 1.71 1.65 1.55 1.49 1.66 2.31 3.25 3.38 2.67 2.21 2.92 4.17 3.87 2.95 2.73 2.90 3.33 3.81 4.31 4.66 4.67 4.50 4.05 3.83 4.61 4.91 4.62 4.92 5.84 7.29 7.99 7.31 6.33 5.11 4.43 4.52 5.25 6.28 6.16 5.56 5.29 4.88 4.20 3.77 3.86 3.95 3.88 3.74 3.50 3.27 3.07 2.89 2.81 2.77 2.76 2.77 2.64 2.52 2.54 2.64 2.65 2.50 2.41 2.38 2.34 2.27 2.19 2.13 2.09 2.10 2.07 2.09 2.10 2.06 1.92 1.82 1.95 2.04 1.78 1.48
2.59 2.28 1.89 1.67 1.62 1.62 1.64 1.82 2.35 3.02 3.57 3.28 2.52 2.37 3.35 4.31 3.66 2.89 3.23 3.93 4.45 4.91 5.19 5.27 5.28 5.33 4.97 4.55 5.51 5.38 4.85 5.00 5.76 7.65 8.88 8.38 6.99 5.49 5.18 6.04 6.75 6.61 5.87 5.48 5.24 4.57 4.17 4.23 4.42 4.49 4.40 4.07 3.69 3.36 3.06 2.93 2.90 2.83 2.78 2.76 2.70 2.64 2.70 2.81 2.74 2.53 2.45 2.45 2.39 2.32 2.28 2.26 2.24 2.20 2.18 2.20 2.12 2.03 1.94 1.87 2.04 2.16 1.81 1.43
2.64 2.30 1.83 1.67 1.71 1.79 1.92 2.26 2.85 3.29 3.45 3.08 2.59 2.72 3.45 4.11 3.84 3.30 3.79 4.36 4.65 4.91 5.06 5.25 5.63 6.00 6.40 6.84 6.95 6.41 5.87 6.34 7.85 10.11 10.03 8.84 8.06 6.72 6.77 7.61 7.31 6.47 5.74 5.31 5.02 4.83 4.84 5.02 5.07 4.92 4.58 4.08 3.68 3.36 3.10 2.99 2.94 2.85 2.80 2.80 2.80 2.77 2.88 2.98 2.86 2.69 2.59 2.50 2.39 2.36 2.37 2.35 2.31 2.28 2.31 2.29 2.14 2.03 2.04 2.09 2.23 2.19 1.78 1.42
2.83 2.47 1.94 1.75 1.84 1.96 2.13 2.48 2.98 3.21 3.23 3.09 2.82 2.95 3.24 3.86 4.38 3.97 3.83 4.02 4.19 4.40 4.70 5.17 5.71 6.08 6.52 7.01 7.30 7.82 9.02 10.25 11.18 11.21 9.26 7.66 7.53 8.07 8.57 8.55 7.56 6.52 5.86 5.68 5.76 5.59 5.22 5.12 5.04 4.68 4.24 3.81 3.52 3.27 3.06 2.94 2.87 2.85 2.85 2.87 2.90 2.89 2.93 2.94 2.75 2.60 2.52 2.41 2.33 2.35 2.38 2.34 2.33 2.36 2.39 2.29 2.13 2.07 2.12 2.18 2.17 2.03 1.73 1.55
2.98 2.63 2.11 1.91 1.87 1.85 2.04 2.52 3.06 3.08 3.03 3.37 3.21 3.10 3.14 3.80 4.68 4.47 3.87 3.79 3.87 4.06 4.54 5.15 5.69 6.03 6.17 6.32 7.29 8.84 9.97 10.41 10.16 9.06 7.50 6.65 6.61 7.45 7.87 7.53 7.26 6.97 6.78 6.78 6.62 6.12 5.75 5.64 5.25 4.61 4.14 3.77 3.50 3.30 3.05 2.83 2.81 2.90 2.90 2.92 3.00 2.88 2.68 2.41 1.95 1.84 1.94 1.97 2.13 2.33 2.38 2.33 2.36 2.41 2.39 2.27 2.15 2.09 2.09 2.10 2.06 1.99 1.82 1.74
3.09 2.78 2.47 2.55 2.50 2.25 2.32 2.75 3.17 3.01 2.95 3.74 3.64 3.33 3.39 3.84 4.67 4.65 3.91 3.54 3.49 3.79 4.31 4.96 5.72 6.12 6.19 6.59 8.19 9.71 9.57 8.72 8.18 7.49 6.94 6.42 5.93 5.85 5.47 5.48 5.90 6.25 6.36 6.11 5.77 5.66 5.77 5.69 5.18 4.61 4.11 3.75 3.58 3.38 3.08 2.88 2.92 2.97 2.88 2.87 2.77 2.29 1.82 1.47 1.20 1.45 1.80 1.83 2.02 2.31 2.35 2.29 2.35 2.40 2.36 2.28 2.20 2.14 2.12 2.13 2.12 2.12 2.03 2.01
3.17 2.95 2.90 3.06 3.08 3.08 3.11 3.17 3.28 2.97 2.98 4.17 4.08 3.39 3.30 3.59 4.36 4.43 3.40 2.94 3.13 3.69 4.18 4.78 5.79 6.08 6.23 7.22 9.41 10.56 9.48 8.57 7.99 6.95 6.61 6.18 5.43 5.05 4.61 4.53 4.57 4.67 4.83 4.60 4.42 4.55 4.62 4.44 4.32 4.11 3.83 3.69 3.52 3.25 3.05 2.98 2.99 2.91 2.70 2.49 2.00 1.35 1.07 1.10 1.25 1.78 2.21 2.22 2.23 2.28 2.24 2.26 2.38 2.42 2.36 2.28 2.21 2.22 2.29 2.30 2.27 2.33 2.38 2.45
2.96 2.78 2.74 2.76 2.73 2.88 3.06 3.16 3.24 3.01 3.19 4.56 4.26 3.01 2.77 3.19 3.84 3.96 3.13 2.75 3.16 3.72 4.11 4.84 5.84 6.18 6.35 7.88 11.09 11.61 9.31 8.21 7.53 6.48 6.36 6.07 5.19 4.84 4.58 4.31 4.17 4.17 4.19 4.14 4.15 4.19 4.05 3.85 3.84 3.81 3.77 3.70 3.37 3.09 2.91 2.69 2.46 2.29 2.01 1.70 1.19 0.95 1.19 1.50 1.79 2.31 2.58 2.54 2.44 2.25 2.18 2.29 2.39 2.38 2.33 2.27 2.26 2.36 2.51 2.54 2.57 2.72 2.84 2.75
2.82 2.65 2.54 2.48 2.47 2.65 2.78 2.86 3.11 3.15 3.55 4.38 3.55 2.37 2.40 2.90 3.31 3.46 3.27 3.17 3.56 4.01 4.39 5.09 5.82 6.22 6.96 10.08 14.03 12.33 8.39 7.44 7.20 6.45 6.16 5.87 5.04 4.70 4.52 4.17 4.10 4.02 3.91 4.00 4.22 4.30 4.21 4.02 3.90 3.95 3.99 3.77 3.35 3.08 2.83 2.43 2.00 1.72 1.53 1.24 1.09 1.49 1.91 2.08 2.31 2.61 2.65 2.53 2.42 2.15 2.06 2.23 2.34 2.33 2.35 2.35 2.38 2.53 2.70 2.77 2.80 2.91 2.89 2.63
2.82 2.74 2.69 2.69 2.73 2.78 2.76 2.90 3.37 3.51 3.69 3.83 2.91 1.97 2.18 2.68 3.01 3.06 3.27 3.89 4.65 5.03 5.11 5.53 6.57 7.63 10.42 15.59 15.33 10.65 7.12 6.71 6.94 6.26 5.76 5.68 5.05 4.65 4.51 4.15 3.91 3.77 3.71 3.82 4.07 4.25 4.35 4.21 4.05 4.00 3.84 3.59 3.36 3.14 2.87 2.56 2.24 2.00 1.90 1.73 1.87 2.30 2.43 2.41 2.53 2.66 2.56 2.43 2.30 2.10 2.02 2.21 2.41 2.43 2.47 2.47 2.48 2.58 2.70 2.73 2.67 2.75 2.71 2.48
2.59 2.56 2.60 2.71 2.73 2.72 2.79 3.26 3.71 3.68 3.55 3.37 2.70 2.10 2.44 2.84 2.88 2.88 3.34 4.16 5.30 6.97 7.32 7.66 10.85 14.24 15.73 15.73 12.00 7.91 6.64 6.46 6.66 5.99 5.55 5.63 5.08 4.48 4.24 3.87 3.63 3.60 3.67 3.81 4.09 4.45 4.59 4.44 4.24 3.95 3.58 3.29 3.14 2.98 2.73 2.46 2.26 2.18 2.28 2.39 2.53 2.60 2.45 2.33 2.44 2.50 2.40 2.30 2.21 2.10 2.15 2.41 2.60 2.64 2.65 2.62 2.56 2.51 2.57 2.61 2.56 2.70 2.74 2.59
2.59 2.54 2.59 2.66 2.72 2.86 3.15 3.67 3.84 3.67 3.40 3.23 3.12 3.04 3.39 3.31 3.06 3.34 4.06 5.22 7.91 11.08 12.31 12.89 13.83 14.88 13.57 10.18 7.86 6.64 6.28 6.45 6.56 5.96 5.52 5.43 4.93 4.39 3.89 3.56 3.37 3.37 3.63 3.92 4.26 4.57 4.47 4.16 3.90 3.61 3.37 3.15 2.89 2.70 2.52 2.26 2.05 2.10 2.35 2.41 2.39 2.33 2.17 2.17 2.32 2.37 2.30 2.22 2.14 2.08 2.23 2.53 2.70 2.76 2.79 2.81 2.62 2.55 2.72 2.79 2.80 2.93 2.93 2.77
2.67 2.60 2.58 2.62 2.70 2.94 3.38 3.75 3.79 3.59 3.43 3.62 4.03 4.22 4.20 3.77 3.69 4.51 6.53 11.40 14.20 13.66 12.67 11.75 11.18 10.24 8.65 7.11 6.14 5.71 5.96 6.51 6.49 5.78 5.20 4.95 4.79 4.28 3.58 3.33 3.24 3.38 3.77 4.09 4.43 4.61 4.24 3.60 3.25 3.14 3.05 2.92 2.79 2.65 2.45 2.23 2.05 2.10 2.24 2.16 2.08 2.05 2.04 2.16 2.28 2.30 2.24 2.15 2.09 2.09 2.27 2.55 2.73 2.75 2.76 2.83 2.74 2.72 2.92 3.02 3.16 3.26 3.16 3.07
2.59 2.44 2.30 2.32 2.39 2.64 3.08 3.50 3.54 3.46 3.62 4.05 4.32 4.41 4.51 4.88 5.28 7.06 11.90 16.02 14.37 10.66 8.85 7.83 7.87 8.13 7.64 6.47 5.46 5.43 5.92 6.16 5.82 5.16 4.79 4.74 4.61 3.91 3.30 3.28 3.39 3.59 3.89 4.28 4.68 4.72 4.19 3.50 3.25 3.20 3.08 2.83 2.63 2.50 2.32 2.16 2.05 2.04 2.06 2.03 2.02 2.02 2.06 2.14 2.23 2.25 2.19 2.14 2.11 2.14 2.29 2.56 2.76 2.78 2.77 2.92 2.93 2.81 2.93 3.18 3.33 3.36 3.29 3.21
2.63 2.46 2.33 2.34 2.35 2.56 2.89 3.15 3.24 3.32 3.57 3.67 3.57 3.78 4.31 5.58 7.97 11.56 14.83 14.06 9.66 7.63 7.35 7.26 7.70 8.28 7.41 5.96 5.71 5.98 5.96 5.57 5.11 4.78 4.61 4.57 4.39 3.89 3.52 3.58 3.75 3.94 4.34 4.82 5.12 4.87 4.07 3.44 3.31 3.16 2.90 2.63 2.35 2.18 2.08 2.00 1.94 1.91 1.97 2.02 1.99 1.95 2.00 2.10 2.18 2.20 2.20 2.19 2.16 2.16 2.31 2.59 2.79 2.85 2.92 3.14 3.17 2.91 3.02 3.37 3.49 3.48 3.29 3.01
2.81 2.70 2.64 2.58 2.59 2.89 3.07 3.02 3.09 3.18 3.17 3.02 2.96 3.34 4.26 5.91 9.37 12.79 12.69 9.19 7.65 7.45 7.37 7.41 7.97 8.23 6.72 5.96 6.11 6.22 6.04 5.70 5.27 4.79 4.57 4.65 4.75 4.76 4.48 4.34 4.60 4.89 5.22 5.46 5.36 4.56 3.47 2.89 2.85 2.71 2.40 2.21 2.13 2.00 1.88 1.77 1.64 1.64 1.78 1.82 1.74 1.79 1.93 2.07 2.14 2.19 2.25 2.24 2.20 2.20 2.38 2.68 2.80 2.92 3.14 3.39 3.50 3.25 3.20 3.53 3.78 3.62 3.16 2.82
2.80 2.66 2.55 2.59 2.87 3.29 3.41 3.27 3.22 3.19 2.98 2.89 3.03 3.60 4.82 6.50 10.27 12.55 10.31 7.87 7.66 7.67 7.67 7.88 8.25 7.88 6.28 5.62 5.62 5.39 5.34 5.31 4.98 4.74 4.91 5.26 5.56 5.71 5.57 5.57 5.95 6.07 5.94 5.90 5.33 3.84 2.66 2.29 2.29 2.19 1.95 1.89 1.91 1.86 1.73 1.62 1.49 1.46 1.58 1.60 1.65 1.90 1.98 2.04 2.14 2.20 2.30 2.31 2.25 2.28 2.53 2.77 2.81 3.02 3.32 3.61 3.93 3.66 3.39 3.72 3.97 3.60 3.01 2.81
2.73 2.53 2.49 2.75 3.20 3.50 3.45 3.49 3.66 3.71 3.54 3.42 3.49 4.26 5.56 8.12 12.40 13.00 10.61 8.80 8.56 8.43 8.40 8.38 7.96 6.88 5.70 5.30 5.20 4.86 4.64 4.57 4.47 4.85 5.47 5.80 5.92 5.81 5.58 5.92 6.40 6.41 6.29 6.09 5.15 3.57 2.61 2.18 1.86 1.60 1.57 1.61 1.67 1.67 1.62 1.55 1.46 1.47 1.64 1.76 1.99 2.21 2.11 2.07 2.20 2.24 2.34 2.39 2.34 2.46 2.72 2.86 2.95 3.12 3.36 3.80 4.19 3.78 3.46 3.77 3.87 3.43 2.91 2.71
2.94 2.83 2.91 3.16 3.46 3.46 3.41 3.67 3.98 4.24 4.51 4.45 4.66 5.45 7.95 12.69 14.54 12.86 10.35 9.18 8.94 8.65 8.25 7.70 6.71 5.97 5.63 5.58 5.53 5.29 4.95 4.78 4.81 5.22 5.56 5.65 5.65 5.31 5.21 5.80 6.20 6.11 6.04 5.50 4.22 3.35 2.79 2.23 1.66 1.41 1.44 1.49 1.49 1.47 1.46 1.39 1.34 1.47 1.73 1.95 2.20 2.22 2.06 2.07 2.20 2.29 2.34 2.42 2.54 2.72 2.88 3.04 3.13 3.06 3.27 3.88 4.25 3.91 3.51 3.67 3.69 3.21 2.67 2.46
3.03 3.10 3.29 3.49 3.59 3.56 3.63 3.87 4.03 4.33 4.58 4.74 5.16 6.99 12.08 15.15 13.76 11.17 9.48 8.73 8.24 7.52 7.05 6.34 5.65 5.51 5.66 5.86 5.98 6.04 5.77 5.56 5.57 5.60 5.52 5.45 5.15 4.81 5.25 6.12 6.11 5.58 5.15 4.20 3.32 2.91 2.51 2.01 1.65 1.46 1.42 1.42 1.36 1.30 1.27 1.24 1.26 1.51 1.81 2.04 2.18 2.12 2.05 2.11 2.20 2.29 2.30 2.43 2.83 3.07 3.16 3.27 3.25 3.11 3.31 3.86 4.23 4.11 3.64 3.58 3.43 2.91 2.51 2.47
2.93 3.09 3.28 3.32 3.43 3.57 3.70 3.75 3.73 3.85 3.93 4.22 4.80 7.76 13.43 13.84 11.14 10.06 8.99 8.23 7.30 6.18 5.89 5.81 5.59 5.53 5.70 6.06 6.42 6.48 6.20 5.95 5.88 5.72 5.73 5.68 5.15 4.77 5.41 6.26 5.76 5.00 4.25 3.05 2.54 2.19 1.86 1.59 1.43 1.26 1.19 1.17 1.17 1.18 1.17 1.15 1.28 1.69 2.05 2.23 2.25 2.18 2.19 2.20 2.19 2.22 2.24 2.45 3.04 3.36 3.36 3.32 3.39 3.43 3.53 3.85 4.19 4.15 3.80 3.56 3.29 2.89 2.73 2.87
2.74 2.84 2.95 2.93 3.06 3.25 3.29 3.24 3.25 3.44 3.65 4.26 5.10 9.01 13.71 12.64 10.57 9.64 8.24 7.42 6.73 5.80 5.52 5.72 5.62 5.59 5.85 6.46 6.86 6.41 5.53 5.30 5.41 5.59 5.92 5.90 5.33 4.92 5.50 6.26 5.54 4.44 3.19 2.09 1.64 1.31 1.18 1.20 1.12 0.96 0.91 0.92 0.97 1.03 1.06 1.16 1.50 2.04 2.28 2.31 2.29 2.24 2.26 2.17 2.07 2.08 2.18 2.48 3.07 3.53 3.48 3.36 3.51 3.59 3.47 3.70 4.16 4.17 3.88 3.77 3.57 3.16 3.13 3.41
2.61 2.56 2.56 2.59 2.78 2.85 2.72 2.72 3.03 3.56 4.21 5.15 7.01 12.53 14.88 12.39 10.21 8.59 6.97 6.63 6.57 5.96 5.62 5.58 5.37 5.46 5.89 6.67 6.91 6.03 5.15 5.05 5.46 5.73 5.85 5.59 5.07 5.05 5.83 6.37 5.20 3.31 2.03 1.33 1.02 0.82 0.84 0.97 0.90 0.79 0.77 0.83 0.92 0.96 1.07 1.39 1.96 2.34 2.35 2.32 2.31 2.29 2.28 2.08 1.89 1.92 2.11 2.54 3.10 3.62 3.80 3.72 3.76 3.75 3.56 3.58 4.03 4.13 3.85 3.91 3.88 3.38 3.66 3.85
2.70 2.50 2.36 2.62 2.90 2.74 2.49 2.68 3.20 3.84 4.87 6.80 11.37 15.90 14.76 10.55 8.49 7.27 6.30 6.23 6.62 6.27 5.83 5.49 5.27 5.49 6.04 6.59 6.55 5.75 5.26 5.59 5.91 5.64 5.60 5.34 5.07 5.67 6.34 5.94 3.92 2.01 1.25 0.80 0.63 0.54 0.62 0.78 0.72 0.64 0.70 0.84 0.95 1.08 1.44 1.97 2.39 2.43 2.37 2.39 2.34 2.35 2.31 1.99 1.76 1.86 2.19 2.73 3.26 3.69 4.10 4.34 4.22 4.01 3.85 3.71 3.82 4.00 3.84 4.05 4.26 4.34 4.82 4.49
2.83 2.62 2.55 2.89 2.97 2.87 3.04 3.33 3.56 4.51 5.98 8.97 15.14 16.01 11.03 7.85 7.08 6.47 5.93 6.26 6.82 6.68 6.05 5.57 5.49 5.84 6.20 6.33 6.22 5.66 5.41 5.80 5.76 5.54 6.02 6.02 5.79 6.09 5.82 4.44 2.34 1.18 0.71 0.35 0.31 0.31 0.43 0.54 0.48 0.50 0.64 0.83 1.08 1.49 2.07 2.48 2.52 2.44 2.43 2.42 2.40 2.52 2.42 2.11 2.01 2.26 2.67 3.14 3.50 3.90 4.40 4.71 4.51 4.20 4.16 3.83 3.54 3.85 4.03 4.37 5.01 5.31 4.94 4.28
2.91 2.74 2.61 2.63 2.56 2.92 3.75 4.20 4.48 6.05 7.96 12.57 16.01 12.21 7.54 6.69 6.41 6.27 6.35 7.05 7.43 7.12 6.48 6.17 6.12 6.25 6.29 6.05 5.89 5.58 5.54 5.79 5.83 6.12 6.60 6.43 6.12 5.76 4.55 2.73 1.34 0.69 0.36 0.17 0.19 0.18 0.29 0.31 0.30 0.43 0.55 0.83 1.34 1.99 2.53 2.65 2.58 2.57 2.58 2.57 2.69 2.83 2.70 2.60 2.88 3.47 3.99 4.21 4.33 4.73 4.95 4.88 4.83 4.90 4.72 3.85 3.25 3.66 4.26 4.85 5.63 5.31 3.87 3.21
2.93 2.67 2.31 2.21 2.45 3.15 3.88 4.50 5.73 7.09 9.54 14.85 14.85 8.13 6.22 6.30 6.30 6.92 7.48 7.87 7.70 7.18 6.90 7.02 7.13 6.89 6.41 5.73 5.46 5.49 5.63 5.99 6.24 6.41 6.39 6.06 5.62 4.76 3.27 1.79 0.96 0.55 0.32 0.23 0.18 0.13 0.12 0.12 0.25 0.34 0.52 1.13 1.90 2.36 2.68 2.66 2.57 2.68 2.80 2.95 3.13 3.16 3.12 3.27 3.79 4.53 4.98 5.17 5.32 5.41 5.24 5.03 5.42 5.77 5.06 3.90 3.35 3.69 4.47 5.45 5.68 4.87 3.97 3.48
3.15 2.82 2.51 2.51 2.85 3.32 3.88 4.72 6.12 7.02 10.22 13.53 11.07 6.98 6.36 6.50 6.85 7.89 8.33 7.53 6.82 6.64 6.78 7.15 7.36 7.25 6.64 5.92 5.69 5.91 6.17 6.53 6.42 6.00 5.94 5.42 4.30 2.94 1.91 1.30 0.86 0.55 0.37 0.25 0.17 0.09 0.05 0.17 0.26 0.41 0.87 1.83 2.66 3.07 3.13 2.74 2.58 2.81 2.97 3.17 3.35 3.41 3.50 3.75 4.14 4.50 4.76 4.98 5.09 5.06 4.94 5.11 5.75 5.70 4.70 3.99 3.86 3.95 4.80 5.67 5.13 4.56 4.74 4.08
3.47 3.08 3.07 3.18 3.13 3.25 4.00 4.99 5.96 6.51 9.27 12.54 10.36 7.59 7.10 6.84 7.31 8.40 7.98 6.21 5.95 6.28 6.59 6.83 6.59 6.22 6.11 6.34 6.62 6.71 6.75 6.87 6.26 5.55 5.38 4.12 2.34 1.41 1.12 0.94 0.69 0.48 0.32 0.16 0.11 0.03 0.19 0.30 0.37 0.76 1.62 2.61 3.36 3.72 3.37 2.75 2.78 2.96 3.04 3.36 3.70 3.80 3.85 3.95 3.95 4.11 4.52 4.66 4.53 4.47 4.62 5.04 5.64 5.37 4.31 3.94 3.98 4.04 4.95 5.37 4.51 4.78 5.18 3.72
3.46 3.06 3.26 3.56 3.67 3.80 4.42 5.28 6.27 6.53 8.16 13.10 12.81 9.15 8.02 7.30 7.72 8.36 6.74 5.50 5.84 6.25 6.60 6.57 5.94 5.53 5.77 6.42 6.82 6.83 6.80 6.76 5.94 5.08 4.37 2.60 1.13 0.54 0.67 0.63 0.49 0.33 0.16 0.06 0.10 0.14 0.33 0.44 0.67 1.44 2.41 3.18 3.85 3.96 3.33 2.99 3.18 3.30 3.60 4.24 4.46 4.34 4.26 4.09 3.87 4.11 4.54 4.39 4.17 4.28 4.46 4.91 5.49 5.19 4.09 3.55 3.63 4.03 4.94 5.03 4.63 5.49 5.04 2.61
3.22 2.94 3.35 3.89 4.51 5.13 5.52 6.08 7.09 7.15 9.54 14.98 13.96 9.63 8.57 8.27 8.53 8.30 6.60 5.95 6.35 6.43 6.47 6.13 5.75 5.88 6.03 6.09 6.06 6.00 6.15 6.07 5.28 4.12 2.66 1.49 0.57 0.25 0.43 0.40 0.31 0.20 0.13 0.11 0.16 0.29 0.47 0.69 1.25 2.12 2.84 3.53 4.24 4.22 3.85 3.82 3.87 4.07 4.67 5.06 4.86 4.59 4.46 4.37 4.51 4.83 4.85 4.48 4.32 4.46 4.49 4.75 5.31 5.12 4.00 3.22 3.33 4.08 4.69 4.90 5.59 5.70 3.79 1.97
2.92 2.83 3.31 3.86 4.74 5.71 6.14 6.84 7.81 9.46 14.27 16.09 11.69 8.03 7.67 7.92 8.21 7.82 7.18 7.07 7.12 6.88 6.33 5.83 5.80 6.24 6.21 6.02 6.00 5.35 4.70 4.51 3.67 2.35 1.43 0.96 0.47 0.29 0.38 0.33 0.21 0.14 0.05 0.19 0.41 0.54 0.69 1.11 1.91 2.56 3.07 3.88 4.62 4.52 4.29 4.31 4.43 4.82 5.11 5.11 4.77 4.51 4.53 4.80 5.27 5.60 5.70 5.74 5.78 5.67 5.53 5.45 5.57 5.32 4.18 3.45 3.94 4.98 5.28 5.69 6.15 4.50 2.28 1.39
2.71 2.60 3.05 3.79 4.61 5.31 5.83 6.76 9.28 12.97 15.41 12.94 8.27 6.70 6.44 6.57 6.85 6.79 6.64 6.80 6.99 6.86 6.35 5.77 6.06 6.59 6.66 6.59 6.35 5.15 3.97 3.46 2.52 1.46 1.09 0.94 0.71 0.50 0.45 0.38 0.22 0.14 0.29 0.48 0.71 0.84 1.05 1.73 2.46 2.82 3.28 4.17 4.81 4.82 4.75 4.89 4.97 5.02 5.24 5.24 4.83 4.63 4.85 5.21 5.49 5.79 6.16 6.48 6.72 7.04 7.25 7.02 6.50 5.68 4.64 4.43 5.73 6.97 6.90 6.65 5.41 2.56 1.53 1.38
3.25 3.41 3.74 4.14 4.86 5.80 6.35 7.46 11.62 13.80 12.07 8.62 6.95 6.25 5.98 6.06 6.21 6.08 5.90 6.04 6.17 5.98 5.55 5.61 6.23 6.86 7.21 6.97 6.02 4.71 3.45 2.67 2.09 1.31 1.04 1.00 0.87 0.65 0.51 0.44 0.34 0.45 0.60 0.75 0.93 1.15 1.57 2.27 2.74 2.93 3.44 4.27 4.91 5.35 5.67 5.59 5.25 4.97 5.20 5.24 4.96 4.98 5.22 5.49 5.75 6.06 6.29 6.30 6.39 6.92 7.29 6.92 6.20 5.41 4.98 5.75 7.34 7.36 5.95 5.02 3.11 1.50 1.33 1.51
4.06 4.49 4.99 5.06 6.21 7.31 7.10 8.43 13.26 13.49 9.13 7.07 6.43 5.79 5.62 5.66 5.60 5.54 5.76 5.90 5.69 5.24 4.73 4.96 5.72 6.51 6.76 5.66 4.47 3.54 2.39 1.90 1.64 1.20 1.05 1.00 0.84 0.64 0.56 0.56 0.58 0.77 0.98 1.06 1.18 1.58 2.17 2.67 2.89 3.12 3.56 4.30 5.17 6.10 6.54 6.07 5.55 5.28 5.16 5.13 5.00 5.20 5.53 5.89 6.30 6.44 6.33 6.07 5.95 6.39 6.78 6.06 4.98 4.68 5.18 6.60 7.26 5.61 3.33 2.40 1.47 0.95 0.94 1.04
4.33 4.45 5.02 5.83 6.79 7.09 6.58 8.77 13.96 12.89 7.88 6.49 5.98 5.45 5.40 5.30 5.10 5.33 5.68 5.54 5.10 4.59 4.28 4.53 5.06 5.82 6.13 4.84 3.42 2.72 1.94 1.56 1.38 1.27 1.22 1.07 0.90 0.74 0.70 0.76 0.88 1.15 1.35 1.38 1.60 2.23 2.83 2.95 3.05 3.38 3.76 4.45 5.57 6.63 7.01 6.46 5.95 5.61 5.48 5.49 5.23 5.37 5.97 6.43 6.67 6.51 6.29 6.13 6.18 6.82 7.12 5.84 4.40 4.44 5.45 6.64 6.12 3.47 1.93 1.36 0.73 0.37 0.35 0.67
