windninja/windninja_output/Output_2025-10-23_0200-0250_Google earth_Fire_150m_10min/merlingen_7.5mi_point_10-23-2025_0250_150m_vel.asc
ncols	158
nrows	163
xllcorner	391686.332397
yllcorner	5160024.123721
cellsize	150.000000
NODATA_value	-32768.000000
[rows 114 to 151 of 163, columns 0 to 83 of 158]
0.64 0.75 0.89 0.95 0.99 0.98 0.93 0.88 0.85 0.88 1.02 1.30 1.27 1.05 1.25 1.47 1.07 0.57 0.46 0.60 0.96 1.45 1.56 1.16 1.23 1.57 1.62 1.57 1.67 1.77 2.02 2.86 3.72 4.50 4.72 3.90 3.07 2.58 2.09 1.72 1.59 2.08 2.82 2.96 2.40 1.96 1.88 1.81 1.69 1.59 1.46 1.31 1.22 1.18 1.21 1.23 1.16 1.16 1.30 1.39 1.28 1.14 1.23 1.42 1.34 1.27 1.31 1.34 1.35 1.26 1.18 1.29 1.43 1.43 1.48 1.61 1.61 1.53 1.45 1.48 1.65 1.60 1.31 1.14
0.59 0.71 0.91 0.99 1.01 0.99 0.96 0.89 0.87 0.98 1.21 1.41 1.22 1.02 1.40 1.79 1.42 0.79 0.56 0.53 0.83 1.20 1.50 1.64 1.72 1.73 1.60 1.59 1.96 1.88 1.71 2.50 3.87 4.87 4.82 4.05 3.30 2.73 2.18 1.79 1.96 2.73 3.19 3.03 2.62 2.35 2.17 1.91 1.74 1.65 1.53 1.42 1.30 1.18 1.18 1.22 1.19 1.17 1.28 1.42 1.33 1.18 1.28 1.47 1.44 1.30 1.31 1.39 1.42 1.35 1.27 1.33 1.48 1.50 1.48 1.60 1.69 1.66 1.52 1.48 1.69 1.71 1.40 1.18
0.59 0.71 0.91 1.00 1.00 0.97 0.94 0.90 0.98 1.20 1.49 1.47 1.07 0.93 1.56 2.17 1.70 0.85 0.66 0.67 0.90 1.15 1.46 1.83 1.95 1.86 1.57 1.63 2.29 2.17 1.79 2.30 3.54 4.84 5.12 4.37 3.57 2.75 2.35 2.35 2.67 3.25 3.24 2.94 2.75 2.41 1.98 1.72 1.72 1.73 1.65 1.55 1.39 1.22 1.14 1.18 1.22 1.21 1.27 1.40 1.35 1.24 1.33 1.51 1.53 1.35 1.32 1.41 1.46 1.42 1.35 1.37 1.51 1.63 1.58 1.60 1.70 1.75 1.63 1.52 1.71 1.82 1.49 1.17
0.61 0.68 0.86 0.99 1.00 0.98 0.92 0.95 1.18 1.47 1.69 1.42 0.91 0.88 1.71 2.40 1.84 0.93 0.90 1.10 1.27 1.49 1.72 1.91 2.07 2.11 1.78 1.81 2.64 2.44 1.98 2.26 3.09 4.66 5.38 4.77 3.77 2.77 2.63 3.12 3.42 3.38 3.04 2.87 2.75 2.29 1.98 1.94 1.98 1.98 1.90 1.70 1.50 1.28 1.09 1.14 1.25 1.24 1.26 1.38 1.38 1.31 1.39 1.57 1.57 1.40 1.35 1.43 1.48 1.47 1.42 1.41 1.51 1.68 1.76 1.72 1.66 1.72 1.74 1.65 1.79 1.90 1.53 1.13
0.58 0.61 0.80 0.99 1.04 1.01 0.96 1.10 1.39 1.59 1.75 1.41 0.90 0.95 1.67 2.46 2.24 1.28 1.20 1.39 1.51 1.66 1.85 2.04 2.28 2.44 2.37 2.64 2.94 2.73 2.54 2.85 3.74 5.44 5.65 4.75 3.97 3.06 3.23 3.78 3.59 3.19 2.91 2.79 2.67 2.46 2.32 2.29 2.26 2.17 1.98 1.71 1.50 1.29 1.09 1.11 1.24 1.25 1.28 1.39 1.45 1.40 1.47 1.62 1.58 1.45 1.39 1.43 1.49 1.52 1.50 1.44 1.48 1.65 1.85 1.88 1.70 1.67 1.79 1.82 1.91 1.91 1.53 1.15
0.57 0.56 0.75 1.02 1.12 1.05 1.06 1.28 1.54 1.62 1.73 1.58 1.05 1.06 1.52 2.34 2.68 1.89 1.39 1.44 1.52 1.64 1.90 2.23 2.54 2.75 2.88 3.09 3.26 3.48 4.17 4.81 5.56 6.11 5.38 4.36 3.77 3.57 3.90 3.94 3.41 3.02 2.86 2.88 2.93 2.78 2.49 2.34 2.26 2.08 1.85 1.60 1.42 1.24 1.06 1.03 1.18 1.29 1.34 1.44 1.53 1.50 1.54 1.62 1.53 1.47 1.42 1.40 1.50 1.61 1.59 1.49 1.48 1.60 1.82 1.95 1.84 1.75 1.84 1.94 1.97 1.90 1.57 1.28
0.60 0.56 0.74 1.07 1.18 1.06 1.17 1.45 1.69 1.59 1.63 1.84 1.35 1.12 1.38 2.20 2.93 2.53 1.69 1.49 1.53 1.65 1.98 2.41 2.76 2.99 3.12 3.24 3.78 4.62 5.22 5.46 5.58 5.37 4.74 4.25 3.75 3.72 3.73 3.31 3.02 2.94 3.05 3.18 3.13 2.87 2.66 2.56 2.33 2.01 1.76 1.54 1.36 1.21 1.03 0.93 1.13 1.37 1.41 1.49 1.62 1.53 1.50 1.52 1.39 1.46 1.49 1.36 1.48 1.71 1.70 1.57 1.53 1.58 1.71 1.87 1.95 1.93 1.95 2.02 2.00 1.93 1.68 1.45
0.64 0.61 0.82 1.12 1.17 1.09 1.28 1.63 1.83 1.55 1.56 2.13 1.71 1.19 1.32 2.06 2.99 2.94 2.03 1.52 1.48 1.67 2.01 2.47 2.97 3.24 3.34 3.60 4.61 5.63 5.65 5.26 5.10 4.81 4.62 4.33 3.82 3.61 2.98 2.64 2.61 2.64 2.92 2.95 2.79 2.69 2.68 2.55 2.21 1.92 1.67 1.47 1.35 1.25 1.06 0.93 1.17 1.42 1.42 1.51 1.59 1.40 1.32 1.39 1.37 1.58 1.72 1.48 1.45 1.72 1.77 1.67 1.64 1.63 1.62 1.69 1.87 2.02 2.11 2.13 2.08 2.02 1.82 1.65
0.72 0.75 1.01 1.16 1.15 1.15 1.36 1.71 1.90 1.56 1.60 2.43 2.07 1.28 1.24 1.75 2.85 3.16 2.18 1.52 1.48 1.78 2.09 2.50 3.16 3.40 3.54 4.16 5.61 6.42 5.80 5.39 5.20 4.60 4.58 4.40 3.75 3.53 2.87 2.45 2.32 2.25 2.52 2.57 2.50 2.54 2.44 2.06 1.80 1.64 1.49 1.41 1.31 1.20 1.05 0.94 1.13 1.37 1.36 1.43 1.39 1.23 1.27 1.37 1.47 1.81 2.04 1.80 1.60 1.65 1.75 1.75 1.77 1.73 1.62 1.56 1.66 1.93 2.16 2.24 2.23 2.21 2.03 1.88
0.75 0.82 1.08 1.11 1.07 1.18 1.37 1.65 1.93 1.71 1.82 2.74 2.35 1.21 1.08 1.52 2.45 3.16 2.63 1.93 1.86 2.03 2.22 2.65 3.28 3.59 3.73 4.71 6.82 7.19 5.74 5.25 5.05 4.41 4.51 4.44 3.65 3.44 3.12 2.44 2.20 2.13 2.26 2.53 2.62 2.61 2.38 1.88 1.58 1.44 1.42 1.39 1.19 1.07 0.94 0.79 0.90 1.22 1.24 1.25 1.21 1.23 1.36 1.44 1.56 1.96 2.22 2.11 1.84 1.62 1.65 1.79 1.85 1.82 1.70 1.56 1.54 1.76 2.06 2.21 2.32 2.44 2.31 2.01
0.78 0.87 1.06 1.03 1.03 1.20 1.34 1.53 1.92 1.86 2.15 2.86 2.12 1.04 1.01 1.44 1.99 2.74 3.04 2.71 2.50 2.49 2.57 2.93 3.36 3.69 4.17 6.13 8.67 7.63 5.17 4.83 4.91 4.43 4.43 4.43 3.67 3.35 3.23 2.53 2.20 2.05 1.99 2.46 2.82 2.75 2.48 2.01 1.59 1.50 1.50 1.35 1.09 1.00 0.85 0.61 0.63 1.04 1.21 1.08 1.11 1.37 1.52 1.55 1.75 2.06 2.22 2.25 2.10 1.71 1.59 1.80 1.93 1.88 1.81 1.69 1.59 1.72 1.96 2.10 2.24 2.56 2.54 2.06
0.82 0.92 1.06 1.05 1.07 1.18 1.31 1.48 1.87 1.93 2.27 2.84 2.10 1.06 1.11 1.47 1.73 2.10 2.75 3.28 3.57 3.41 3.18 3.32 3.91 4.58 6.32 9.54 9.45 6.56 4.37 4.40 4.85 4.39 4.18 4.41 3.84 3.33 3.24 2.70 2.21 1.95 1.86 2.32 2.96 2.98 2.64 2.10 1.67 1.55 1.42 1.19 1.00 0.93 0.80 0.56 0.50 0.94 1.25 1.11 1.16 1.54 1.65 1.65 1.89 2.12 2.17 2.22 2.22 2.00 1.76 1.89 2.07 2.02 1.94 1.86 1.76 1.77 1.91 2.03 2.08 2.45 2.64 2.26
0.81 0.90 1.07 1.08 1.06 1.13 1.30 1.59 1.85 1.87 2.12 2.74 2.44 1.44 1.48 1.63 1.57 1.75 2.30 3.10 3.96 4.75 4.52 4.55 6.41 8.44 9.45 9.61 7.38 4.81 3.99 4.13 4.70 4.28 4.03 4.39 3.99 3.35 3.10 2.71 2.24 1.95 1.92 2.24 2.99 3.31 2.90 2.17 1.70 1.47 1.26 1.03 0.87 0.81 0.71 0.49 0.38 0.87 1.31 1.33 1.37 1.60 1.66 1.70 1.94 2.12 2.15 2.16 2.19 2.19 2.14 2.21 2.30 2.21 2.10 2.03 1.91 1.82 1.90 2.01 2.04 2.30 2.56 2.43
0.80 0.92 1.13 1.11 1.06 1.13 1.42 1.78 1.84 1.78 1.84 2.37 2.61 2.28 2.21 1.89 1.56 1.85 2.42 3.19 4.72 6.49 7.03 7.18 7.97 8.87 8.24 6.32 4.88 4.05 3.78 4.03 4.49 4.19 4.02 4.26 3.99 3.46 2.95 2.64 2.31 2.03 2.10 2.31 2.94 3.52 3.05 2.09 1.51 1.23 1.09 0.91 0.71 0.67 0.59 0.41 0.28 0.88 1.41 1.49 1.47 1.57 1.63 1.77 1.98 2.12 2.15 2.13 2.15 2.22 2.39 2.58 2.56 2.40 2.29 2.23 2.01 1.92 2.06 2.11 2.14 2.33 2.43 2.40
0.84 0.97 1.16 1.11 1.08 1.21 1.56 1.85 1.83 1.70 1.63 1.96 2.50 2.77 2.80 2.24 1.96 2.46 3.64 6.47 8.10 7.85 7.38 6.85 6.78 6.57 5.70 4.69 3.94 3.61 3.74 4.11 4.29 3.91 3.76 4.01 3.96 3.49 2.85 2.61 2.42 2.30 2.42 2.54 2.94 3.54 3.17 1.96 1.23 1.02 0.93 0.72 0.58 0.58 0.50 0.33 0.26 0.92 1.45 1.52 1.51 1.58 1.67 1.84 2.02 2.14 2.15 2.12 2.15 2.22 2.47 2.79 2.86 2.63 2.47 2.42 2.20 2.10 2.25 2.31 2.38 2.46 2.42 2.41
0.82 0.91 1.11 1.11 1.07 1.26 1.61 1.88 1.84 1.69 1.67 1.90 2.22 2.60 2.92 3.10 3.07 4.03 6.94 9.54 8.60 6.53 5.78 5.39 5.63 5.93 5.42 4.42 3.63 3.55 3.85 3.99 3.82 3.40 3.34 3.84 3.98 3.36 2.82 2.71 2.65 2.66 2.73 2.86 3.10 3.41 3.14 1.94 1.20 1.04 0.83 0.55 0.46 0.49 0.42 0.25 0.32 0.95 1.43 1.55 1.56 1.63 1.75 1.91 2.07 2.16 2.16 2.14 2.18 2.26 2.47 2.83 3.06 2.94 2.71 2.68 2.50 2.25 2.31 2.49 2.57 2.56 2.50 2.46
0.78 0.86 1.13 1.16 1.11 1.31 1.67 1.88 1.88 1.79 1.81 1.86 1.92 2.26 2.79 3.70 5.10 7.17 9.17 8.79 6.19 4.99 4.95 5.18 5.81 6.25 5.37 4.11 3.81 3.92 3.95 3.68 3.31 3.03 3.01 3.48 3.88 3.51 3.00 2.92 2.97 2.99 3.15 3.35 3.44 3.33 2.82 1.79 1.29 1.10 0.66 0.31 0.36 0.40 0.30 0.12 0.37 0.94 1.43 1.63 1.62 1.66 1.82 1.98 2.11 2.20 2.21 2.19 2.20 2.27 2.47 2.82 3.09 3.14 3.06 3.04 2.84 2.42 2.45 2.66 2.71 2.68 2.53 2.34
0.86 0.95 1.19 1.21 1.20 1.43 1.69 1.83 1.94 1.94 1.85 1.76 1.77 2.11 2.77 3.92 6.49 8.79 8.54 6.17 5.13 4.98 4.94 5.12 5.98 6.38 4.89 4.13 4.16 4.09 3.99 3.76 3.36 2.97 2.89 3.15 3.64 3.83 3.40 3.22 3.42 3.50 3.61 3.73 3.59 3.01 2.19 1.50 1.32 1.06 0.45 0.06 0.34 0.33 0.17 0.04 0.38 0.93 1.45 1.68 1.70 1.75 1.88 2.06 2.15 2.25 2.29 2.24 2.22 2.26 2.48 2.84 3.03 3.19 3.34 3.41 3.24 2.73 2.60 2.84 2.98 2.80 2.43 2.19
0.87 0.95 1.13 1.23 1.40 1.61 1.68 1.72 1.96 2.06 1.86 1.75 1.84 2.25 3.12 4.35 7.34 9.22 7.54 5.58 5.30 5.22 5.17 5.35 6.05 6.27 4.93 4.17 4.17 3.82 3.67 3.57 3.24 3.02 3.10 3.33 3.66 3.97 3.73 3.65 3.99 3.93 3.81 3.87 3.46 2.38 1.49 1.16 1.20 0.93 0.34 0.27 0.36 0.28 0.16 0.20 0.44 0.96 1.48 1.69 1.79 1.94 1.94 2.08 2.23 2.29 2.36 2.31 2.24 2.26 2.53 2.84 2.94 3.22 3.50 3.67 3.73 3.12 2.69 3.01 3.19 2.81 2.32 2.19
0.85 0.93 1.14 1.32 1.66 1.78 1.68 1.70 1.98 2.20 2.07 1.93 2.05 2.68 3.62 5.45 8.67 9.42 7.76 6.23 5.91 5.73 5.68 5.71 5.69 5.53 4.94 4.40 4.17 3.78 3.46 3.24 3.00 3.20 3.50 3.65 3.83 3.90 3.73 4.06 4.39 4.04 3.84 3.78 3.03 1.83 1.18 0.94 0.89 0.69 0.41 0.38 0.36 0.28 0.26 0.34 0.54 1.02 1.52 1.73 1.94 2.12 2.01 2.08 2.30 2.36 2.42 2.42 2.28 2.32 2.59 2.80 2.90 3.16 3.55 3.96 4.14 3.42 2.81 3.10 3.21 2.71 2.24 2.11
0.91 1.05 1.30 1.51 1.82 1.80 1.71 1.83 2.00 2.32 2.45 2.23 2.52 3.37 5.21 8.53 10.05 9.21 7.56 6.59 6.16 5.80 5.60 5.32 4.70 4.45 4.76 4.84 4.48 4.09 3.70 3.38 3.20 3.46 3.66 3.64 3.70 3.55 3.66 4.42 4.71 4.14 3.82 3.40 2.18 1.36 0.99 0.68 0.48 0.56 0.52 0.44 0.40 0.37 0.39 0.46 0.67 1.14 1.57 1.81 2.08 2.19 2.09 2.14 2.34 2.46 2.49 2.55 2.51 2.47 2.60 2.79 2.90 2.96 3.43 4.16 4.44 3.78 3.03 3.11 3.16 2.67 2.12 1.93
0.98 1.19 1.48 1.65 1.83 1.84 1.84 1.98 2.06 2.38 2.61 2.51 2.81 4.45 8.28 10.48 9.71 8.21 7.16 6.66 6.10 5.18 4.84 4.48 3.96 3.88 4.36 4.99 4.99 4.50 4.02 3.73 3.69 3.78 3.72 3.60 3.42 3.22 3.81 4.85 4.85 4.17 3.67 2.67 1.59 1.12 0.77 0.33 0.27 0.55 0.61 0.55 0.50 0.49 0.52 0.56 0.80 1.30 1.68 1.91 2.13 2.20 2.18 2.22 2.35 2.54 2.54 2.68 2.92 2.81 2.70 2.79 2.86 2.80 3.19 4.03 4.53 4.22 3.37 3.15 3.01 2.55 2.13 1.97
1.01 1.25 1.53 1.60 1.81 1.91 1.94 1.98 2.05 2.30 2.52 2.74 2.97 5.36 9.78 10.09 8.23 7.61 6.95 6.58 5.96 4.79 4.27 4.20 3.97 3.85 4.19 4.94 5.43 5.02 4.22 3.88 3.93 3.91 3.91 3.84 3.45 3.16 4.05 5.15 4.67 4.05 3.43 1.96 1.27 1.06 0.75 0.36 0.43 0.63 0.73 0.70 0.67 0.64 0.61 0.67 0.97 1.48 1.81 2.00 2.14 2.21 2.26 2.26 2.36 2.56 2.59 2.81 3.30 3.33 2.98 2.82 2.86 2.81 2.96 3.65 4.38 4.42 3.86 3.32 2.92 2.52 2.31 2.33
1.01 1.19 1.42 1.50 1.80 1.95 1.91 1.86 1.94 2.23 2.48 2.94 3.40 6.49 10.24 9.44 7.90 7.34 6.48 6.14 5.79 4.89 4.34 4.31 4.09 3.97 4.21 5.01 5.69 5.27 4.09 3.75 3.88 3.95 4.08 4.05 3.59 3.19 4.11 5.25 4.53 3.67 2.76 1.62 1.19 1.12 0.88 0.67 0.68 0.78 0.84 0.83 0.82 0.78 0.72 0.82 1.19 1.69 1.92 2.02 2.13 2.23 2.31 2.26 2.32 2.53 2.66 2.95 3.52 3.81 3.40 2.97 2.99 2.97 2.77 3.17 4.05 4.35 4.11 3.83 3.24 2.64 2.58 2.74
1.00 1.11 1.25 1.42 1.82 1.93 1.82 1.77 1.95 2.31 2.78 3.45 4.72 8.94 10.92 9.14 7.55 6.57 5.63 5.70 5.81 5.16 4.67 4.43 4.08 4.06 4.35 5.06 5.53 4.97 4.09 3.96 4.17 4.16 4.15 3.90 3.43 3.33 4.22 5.23 4.32 2.80 1.94 1.42 1.22 1.26 1.13 0.92 0.87 0.93 0.95 0.97 0.96 0.91 0.88 1.04 1.46 1.83 1.96 2.03 2.12 2.23 2.32 2.23 2.27 2.50 2.76 3.13 3.61 4.04 3.99 3.49 3.25 3.12 2.87 2.92 3.62 4.06 4.00 4.15 3.89 2.92 3.00 3.02
1.00 1.07 1.19 1.48 1.82 1.87 1.80 1.88 2.15 2.55 3.24 4.58 7.90 11.38 10.78 7.87 6.50 5.75 5.15 5.49 5.97 5.54 4.97 4.52 4.17 4.21 4.57 4.97 5.06 4.49 3.94 4.34 4.58 4.14 4.16 3.83 3.37 3.78 4.54 4.77 3.42 1.92 1.50 1.27 1.24 1.37 1.31 1.11 1.05 1.07 1.08 1.12 1.08 1.08 1.18 1.39 1.70 1.90 1.99 2.05 2.11 2.25 2.26 2.10 2.22 2.55 2.87 3.28 3.68 4.05 4.36 4.25 3.69 3.31 3.10 2.95 3.21 3.69 3.75 4.14 4.32 3.83 3.73 3.24
0.98 1.06 1.34 1.64 1.69 1.72 1.99 2.19 2.36 3.10 4.05 6.21 10.90 11.74 8.33 6.19 5.79 5.35 4.81 5.34 6.11 5.89 5.20 4.72 4.49 4.59 4.80 4.81 4.73 4.28 3.93 4.47 4.57 4.25 4.53 4.18 3.70 4.01 4.10 3.49 2.25 1.54 1.42 1.27 1.28 1.42 1.40 1.28 1.22 1.23 1.27 1.30 1.24 1.34 1.60 1.74 1.82 1.91 2.02 2.06 2.15 2.33 2.19 1.92 2.08 2.56 2.98 3.37 3.71 4.10 4.51 4.64 4.16 3.55 3.32 2.96 2.84 3.36 3.69 4.11 4.72 4.67 3.89 2.98
0.91 1.06 1.49 1.60 1.54 1.75 2.29 2.47 2.74 4.12 5.50 9.08 11.90 9.28 5.98 5.50 5.39 5.30 5.15 5.65 6.21 5.98 5.37 5.07 4.97 4.98 4.94 4.63 4.48 4.25 4.09 4.36 4.49 4.71 5.01 4.43 3.81 3.64 3.00 1.93 1.40 1.41 1.42 1.32 1.38 1.47 1.44 1.39 1.41 1.42 1.46 1.58 1.62 1.73 1.96 1.94 1.88 1.94 2.04 2.12 2.29 2.41 2.16 1.87 2.05 2.59 3.09 3.40 3.72 4.26 4.55 4.63 4.58 4.20 3.66 2.83 2.47 3.10 3.81 4.38 5.15 4.97 3.61 2.64
0.91 0.99 1.48 1.51 1.61 2.02 2.47 2.75 3.55 4.78 6.89 11.19 11.39 6.46 5.12 5.29 5.32 5.83 6.10 6.20 6.16 5.81 5.47 5.42 5.38 5.24 4.96 4.39 4.20 4.26 4.32 4.53 4.69 4.97 5.14 4.45 3.49 2.77 1.75 0.85 1.02 1.41 1.47 1.40 1.47 1.55 1.49 1.52 1.62 1.61 1.67 2.00 2.28 2.22 2.17 1.98 1.89 2.01 2.08 2.28 2.47 2.46 2.25 2.10 2.39 2.93 3.32 3.52 3.83 4.28 4.43 4.47 4.93 4.88 3.70 2.56 2.26 2.97 4.00 4.87 5.16 4.73 3.92 3.05
1.06 0.98 1.47 1.72 1.87 2.23 2.64 3.12 4.06 4.81 7.81 10.77 8.89 5.71 5.29 5.38 5.68 6.58 6.83 6.02 5.55 5.56 5.66 5.78 5.54 5.17 4.77 4.39 4.32 4.56 4.75 5.04 4.93 4.71 5.07 4.47 2.87 1.55 0.73 0.58 0.93 1.38 1.51 1.49 1.56 1.65 1.64 1.67 1.78 1.82 1.95 2.51 2.99 2.89 2.48 1.95 1.88 2.13 2.22 2.43 2.57 2.56 2.48 2.49 2.76 3.17 3.50 3.69 3.78 4.00 4.20 4.52 5.26 5.10 3.45 2.34 2.33 2.85 4.17 5.04 4.54 4.27 4.40 3.45
1.21 1.17 1.61 1.93 2.01 2.32 2.89 3.51 4.23 4.62 7.24 10.55 8.70 6.10 5.73 5.53 6.07 7.11 6.71 5.15 5.04 5.43 5.74 6.00 5.54 4.81 4.45 4.55 4.73 4.88 5.11 5.34 4.82 4.33 4.79 4.00 2.15 1.03 0.72 0.84 1.05 1.36 1.55 1.61 1.64 1.75 1.82 1.82 1.89 2.08 2.43 3.04 3.57 3.53 2.74 1.92 1.95 2.21 2.38 2.63 2.73 2.72 2.74 2.77 2.80 3.16 3.64 3.78 3.69 3.71 3.96 4.60 5.46 5.24 3.58 2.36 2.32 2.72 4.23 4.86 3.96 4.26 4.60 3.10
1.22 1.36 1.78 2.00 2.16 2.61 3.26 3.88 4.56 4.72 6.32 10.80 10.42 6.82 5.91 5.58 6.27 7.07 5.83 4.82 5.15 5.51 5.82 5.89 5.35 4.82 4.72 4.93 4.93 4.73 4.94 5.12 4.43 3.92 3.96 3.00 1.79 1.12 1.00 1.09 1.24 1.42 1.62 1.74 1.76 1.84 1.93 1.92 2.03 2.47 3.00 3.54 4.05 3.91 2.92 2.16 2.18 2.32 2.68 3.10 3.04 2.89 2.92 2.82 2.73 3.21 3.81 3.74 3.60 3.75 3.87 4.42 5.47 5.34 3.79 2.57 2.36 2.78 4.12 4.60 4.15 4.74 4.30 2.03
1.26 1.55 2.01 2.21 2.50 3.07 3.61 4.36 5.18 5.15 7.14 11.60 10.74 6.76 5.74 5.69 6.25 6.44 5.35 5.04 5.48 5.65 5.78 5.57 5.23 5.22 5.20 5.14 4.94 4.50 4.52 4.58 3.82 3.08 2.52 2.17 1.58 1.21 1.14 1.23 1.39 1.54 1.72 1.87 1.91 1.93 1.99 2.04 2.35 2.91 3.41 4.00 4.51 4.19 3.40 2.89 2.67 2.75 3.26 3.55 3.27 3.02 2.96 2.86 2.96 3.49 3.87 3.70 3.64 3.89 3.96 4.20 5.18 5.36 3.99 2.79 2.71 3.22 3.77 4.29 4.87 4.76 3.08 1.57
1.60 1.82 2.13 2.38 2.86 3.39 3.74 4.76 5.78 6.83 10.37 12.02 8.84 5.75 5.28 5.51 6.00 5.76 5.13 5.17 5.46 5.53 5.41 5.26 5.33 5.60 5.45 5.23 5.15 4.48 3.95 4.02 3.20 1.93 1.60 1.76 1.55 1.25 1.16 1.27 1.46 1.61 1.75 1.91 2.04 2.03 2.02 2.25 2.78 3.25 3.70 4.44 4.95 4.54 3.92 3.51 3.21 3.31 3.57 3.68 3.32 3.00 2.97 3.13 3.44 3.83 4.05 4.07 4.12 4.20 4.26 4.35 4.87 5.16 4.04 3.00 3.36 3.99 3.90 4.33 5.03 3.68 2.06 1.53
1.88 1.95 2.13 2.52 3.00 3.42 3.69 4.60 6.86 9.46 11.19 9.68 6.40 5.09 4.80 4.99 5.46 5.41 5.05 5.11 5.31 5.25 4.96 4.97 5.57 5.84 5.69 5.52 5.29 4.23 3.31 3.42 2.92 1.71 1.33 1.56 1.57 1.34 1.19 1.29 1.51 1.67 1.74 1.90 2.14 2.14 2.13 2.62 3.17 3.46 3.93 4.78 5.30 5.04 4.52 4.15 3.81 3.62 3.75 3.77 3.35 3.06 3.20 3.53 3.79 4.11 4.40 4.54 4.58 4.78 4.94 4.74 4.70 4.62 3.90 3.47 4.38 4.99 4.47 4.57 4.25 2.38 2.03 1.83
2.04 2.26 2.53 2.80 3.27 3.84 4.11 5.02 8.63 10.48 9.24 6.85 5.66 4.98 4.67 4.76 5.04 5.13 4.96 4.95 5.07 4.92 4.42 4.67 5.77 6.32 6.02 5.45 4.69 3.72 2.70 2.46 2.48 1.75 1.36 1.48 1.57 1.44 1.31 1.34 1.53 1.77 1.82 1.91 2.17 2.29 2.39 2.92 3.39 3.59 4.10 4.98 5.57 5.70 5.44 4.81 4.20 3.78 3.85 3.77 3.41 3.33 3.54 3.84 4.12 4.43 4.64 4.63 4.69 5.11 5.29 4.76 4.19 3.90 3.81 4.44 5.58 5.25 3.83 3.52 2.73 1.87 2.27 2.34
2.31 2.63 2.86 3.12 4.13 4.75 4.51 5.80 10.14 10.77 7.51 5.97 5.53 4.93 4.69 4.60 4.58 4.74 5.01 4.96 4.70 4.43 4.02 4.33 5.60 6.80 6.69 4.84 3.67 3.00 1.96 1.77 2.02 1.78 1.48 1.43 1.53 1.50 1.41 1.40 1.55 1.86 1.96 1.96 2.19 2.55 2.81 3.09 3.40 3.70 4.18 5.06 5.88 6.41 6.33 5.36 4.58 4.13 3.87 3.75 3.53 3.55 3.84 4.21 4.57 4.70 4.67 4.55 4.62 5.14 5.39 4.51 3.48 3.32 3.93 5.38 5.92 4.29 2.42 2.19 1.74 1.51 2.28 2.85
2.53 2.74 2.98 3.58 4.56 4.66 4.24 6.24 10.81 10.32 6.41 5.49 5.41 5.04 4.80 4.51 4.28 4.51 4.90 4.85 4.41 4.00 3.76 4.06 5.06 6.70 7.46 5.63 3.39 2.66 1.96 1.62 1.74 1.78 1.63 1.41 1.44 1.48 1.46 1.50 1.65 1.98 2.12 2.05 2.25 2.90 3.33 3.22 3.33 3.75 4.18 5.03 6.15 6.93 6.92 5.89 4.96 4.39 4.11 4.03 3.79 3.79 4.23 4.65 4.88 4.75 4.61 4.60 4.75 5.45 5.64 4.28 3.01 3.18 4.29 5.84 5.63 3.16 1.67 1.47 1.29 1.37 1.99 3.03
