windninja/windninja_output/Output_2025-10-23_0200-0250_Google earth_Fire_150m_10min/merlingen_7.5mi_point_10-23-2025_0220_150m_vel.asc
ncols	158
nrows	163
xllcorner	391686.332397
yllcorner	5160024.123721
cellsize	150.000000
NODATA_value	-32768.000000
[rows 38 to 75 of 163, columns 0 to 83 of 158]
5.14 5.18 5.29 5.23 5.08 5.03 5.01 5.05 5.11 5.17 5.16 5.03 4.97 5.01 5.01 4.95 4.89 4.83 4.78 4.74 4.68 4.59 4.51 4.46 4.32 4.08 3.82 3.79 4.67 5.76 5.79 5.59 5.61 5.53 5.49 4.47 3.05 3.19 3.94 4.00 4.02 4.24 4.42 4.61 4.85 4.84 4.62 4.42 4.22 4.60 5.02 4.74 4.37 4.57 4.93 4.73 4.38 4.47 4.78 5.17 5.29 4.70 3.71 2.90 2.83 3.92 5.80 6.16 4.37 2.90 2.96 3.67 3.92 3.15 2.13 2.25 2.42 1.99 2.33 2.97 2.54 2.28 2.51 3.12
5.21 5.24 5.22 5.15 5.09 5.04 5.05 5.17 5.24 5.22 5.15 5.02 4.98 5.06 5.06 4.98 4.92 4.87 4.82 4.80 4.74 4.65 4.59 4.53 4.41 4.22 4.10 4.32 4.91 5.37 5.36 5.22 5.11 5.07 4.83 3.60 2.69 3.39 4.13 4.24 4.34 4.53 4.77 4.86 4.87 4.97 4.83 4.42 4.22 4.79 5.31 4.97 4.46 4.67 5.24 4.99 4.47 4.46 4.79 5.03 4.82 4.38 3.88 3.19 2.90 3.85 5.87 5.90 3.99 3.26 3.83 4.16 3.61 2.40 1.87 2.70 2.80 1.95 2.03 2.82 2.50 2.13 2.44 3.24
5.22 5.27 5.18 5.12 5.12 5.07 5.13 5.31 5.34 5.19 5.08 5.06 5.04 5.09 5.10 5.02 4.94 4.90 4.88 4.85 4.80 4.72 4.63 4.58 4.52 4.37 4.34 4.47 4.59 4.89 5.25 5.08 4.72 4.56 3.95 2.94 2.80 3.50 4.14 4.49 4.68 4.95 5.20 4.97 4.81 5.05 4.99 4.57 4.33 4.74 5.48 5.43 4.95 5.00 5.28 4.99 4.38 4.20 4.51 4.64 4.17 3.76 3.97 3.90 3.31 3.93 5.68 5.54 4.16 4.17 4.29 3.70 2.91 2.01 2.16 3.33 2.98 1.89 1.86 2.45 2.33 2.16 2.65 3.45
5.17 5.21 5.13 5.10 5.12 5.14 5.24 5.36 5.35 5.15 5.05 5.12 5.10 5.10 5.12 5.04 4.95 4.94 4.93 4.90 4.86 4.74 4.64 4.65 4.61 4.47 4.44 4.44 4.41 4.79 5.22 4.90 4.42 4.04 3.28 2.82 3.08 3.58 4.21 4.80 5.13 5.48 5.35 4.96 5.05 5.31 5.14 4.70 4.35 4.69 5.76 5.94 5.16 4.68 4.72 4.64 4.00 3.59 3.90 4.06 3.66 3.30 3.89 4.48 4.05 4.25 5.33 5.46 4.85 4.55 3.73 3.09 2.86 2.27 2.78 3.72 2.75 1.62 1.53 1.92 2.17 2.30 2.94 3.65
5.08 5.09 5.06 5.04 5.11 5.26 5.32 5.31 5.31 5.16 5.08 5.14 5.14 5.11 5.11 5.05 4.97 4.96 4.97 4.95 4.87 4.73 4.66 4.70 4.65 4.52 4.49 4.47 4.50 4.82 5.01 4.69 4.23 3.68 3.15 3.00 3.34 4.13 4.81 5.18 5.45 5.49 5.19 5.31 5.55 5.23 4.74 4.36 4.20 4.73 5.96 6.08 4.74 3.91 4.04 4.17 3.68 3.24 3.38 3.68 3.53 3.33 3.95 4.56 4.66 4.89 5.31 5.63 5.21 4.04 3.09 3.15 3.23 2.80 3.44 3.70 2.22 1.26 1.18 1.62 2.13 2.44 3.09 4.02
4.99 4.99 4.97 5.01 5.17 5.34 5.30 5.23 5.27 5.20 5.11 5.14 5.16 5.10 5.07 5.04 4.99 4.98 5.00 4.97 4.85 4.74 4.71 4.72 4.67 4.58 4.55 4.59 4.61 4.69 4.70 4.50 4.12 3.68 3.38 3.32 3.90 4.86 5.13 5.09 5.13 5.14 5.38 5.84 5.43 4.35 3.91 4.02 4.33 5.04 6.07 5.89 4.35 3.49 3.61 3.68 3.37 3.09 3.19 3.58 3.73 3.79 4.16 4.45 5.07 5.71 5.78 5.68 4.85 3.43 3.02 3.56 3.55 3.31 3.67 3.19 1.70 0.95 1.00 1.57 2.17 2.67 3.55 4.70
4.89 4.87 4.90 5.07 5.24 5.28 5.22 5.19 5.23 5.21 5.13 5.13 5.14 5.06 5.05 5.04 5.00 5.01 5.03 4.98 4.86 4.79 4.74 4.71 4.69 4.65 4.65 4.67 4.59 4.50 4.50 4.43 4.15 3.84 3.61 3.73 4.40 4.91 4.77 4.59 4.64 5.14 5.87 5.83 4.62 3.61 3.64 4.15 4.92 5.71 6.02 5.33 3.99 3.23 3.24 3.33 3.11 2.99 3.26 3.77 4.09 4.30 4.40 4.67 5.73 6.39 6.05 5.33 4.15 3.17 3.25 3.67 3.61 3.46 3.29 2.36 1.14 0.63 0.92 1.65 2.38 3.20 4.27 4.80
4.75 4.79 4.95 5.15 5.19 5.16 5.19 5.20 5.18 5.17 5.15 5.12 5.09 5.05 5.05 5.05 5.03 5.05 5.04 4.96 4.87 4.81 4.74 4.71 4.72 4.73 4.72 4.62 4.51 4.45 4.45 4.42 4.24 3.97 3.82 4.03 4.36 4.49 4.43 4.37 4.64 5.40 5.98 5.30 3.79 3.38 3.98 4.84 5.76 5.97 5.36 4.49 3.63 2.96 2.96 3.17 3.07 3.12 3.62 4.15 4.47 4.72 4.94 5.53 6.47 6.55 5.80 4.78 3.43 2.91 3.25 3.47 3.47 3.27 2.70 1.80 0.74 0.46 1.09 2.04 3.01 3.84 4.33 4.00
4.70 4.82 5.02 5.08 5.04 5.11 5.19 5.18 5.14 5.13 5.16 5.11 5.05 5.05 5.06 5.06 5.04 5.04 5.02 4.94 4.86 4.78 4.73 4.74 4.77 4.76 4.66 4.55 4.50 4.47 4.44 4.41 4.29 4.08 4.01 4.09 4.21 4.34 4.41 4.48 4.78 5.35 5.64 4.68 3.38 3.62 4.67 5.75 6.06 5.27 4.39 3.80 3.24 2.89 2.87 3.07 3.25 3.63 4.30 4.68 4.85 5.27 5.86 6.27 6.46 6.05 5.13 4.17 3.07 2.78 3.14 3.23 3.29 3.05 2.41 1.62 0.75 0.63 1.53 2.62 3.39 3.74 3.64 3.18
4.76 4.86 4.96 4.85 4.87 5.15 5.22 5.14 5.11 5.12 5.14 5.08 5.02 5.02 5.05 5.05 5.02 5.00 4.97 4.92 4.83 4.75 4.74 4.78 4.78 4.71 4.61 4.56 4.52 4.48 4.44 4.40 4.30 4.17 4.06 4.02 4.20 4.38 4.41 4.51 4.74 5.13 5.11 4.11 3.48 4.28 5.48 6.07 5.48 4.29 3.69 3.22 2.92 3.04 2.98 3.12 3.72 4.39 5.12 5.28 5.21 5.79 6.29 6.14 5.87 5.39 4.40 3.64 2.99 2.80 3.01 3.01 3.05 2.80 2.23 1.58 0.99 1.05 1.90 2.80 3.30 3.30 3.13 2.87
4.84 4.85 4.78 4.57 4.74 5.27 5.33 5.13 5.07 5.09 5.10 5.03 4.98 4.98 5.02 5.02 4.99 4.96 4.93 4.88 4.80 4.75 4.77 4.78 4.76 4.69 4.61 4.57 4.53 4.49 4.44 4.39 4.33 4.25 4.09 4.03 4.23 4.36 4.36 4.46 4.67 4.83 4.52 3.82 3.98 5.12 5.90 5.64 4.68 3.66 3.04 2.80 2.91 3.18 3.15 3.48 4.41 5.32 5.93 5.59 5.24 5.75 6.04 5.73 5.40 4.87 3.99 3.35 2.95 2.79 2.85 2.84 2.78 2.50 2.03 1.59 1.31 1.49 2.09 2.78 3.16 3.14 3.02 2.83
4.93 4.79 4.53 4.32 4.70 5.40 5.46 5.17 5.03 5.04 5.05 4.97 4.93 4.94 4.98 5.00 4.95 4.92 4.90 4.84 4.79 4.79 4.77 4.75 4.75 4.71 4.61 4.56 4.53 4.50 4.45 4.41 4.36 4.29 4.17 4.12 4.27 4.39 4.39 4.40 4.50 4.49 4.20 3.95 4.47 5.54 5.74 4.90 3.96 3.02 2.49 2.74 3.18 3.38 3.52 4.15 5.32 6.28 6.18 5.25 4.79 5.19 5.60 5.65 5.27 4.54 3.75 3.15 2.83 2.72 2.72 2.69 2.52 2.18 1.87 1.66 1.61 1.81 2.26 2.79 3.12 3.21 3.05 2.83
5.01 4.71 4.24 4.18 4.87 5.49 5.51 5.29 5.01 4.96 4.96 4.91 4.91 4.91 4.94 4.96 4.94 4.88 4.86 4.82 4.79 4.81 4.76 4.72 4.76 4.71 4.59 4.54 4.53 4.50 4.46 4.42 4.37 4.31 4.24 4.22 4.31 4.39 4.34 4.26 4.29 4.38 4.29 4.18 4.73 5.51 5.23 4.21 3.30 2.47 2.25 2.95 3.61 3.74 4.10 5.10 6.33 6.51 5.51 4.47 4.18 4.51 5.34 5.91 5.30 4.22 3.47 2.94 2.69 2.62 2.60 2.52 2.27 1.98 1.83 1.81 1.84 1.97 2.35 2.86 3.19 3.25 3.08 2.86
5.10 4.61 4.01 4.25 5.14 5.50 5.41 5.36 5.08 4.90 4.85 4.86 4.87 4.86 4.87 4.90 4.91 4.84 4.81 4.83 4.80 4.78 4.74 4.71 4.73 4.67 4.56 4.53 4.53 4.50 4.46 4.42 4.38 4.33 4.30 4.29 4.30 4.29 4.22 4.12 4.19 4.47 4.44 4.32 4.75 5.15 4.57 3.47 2.80 2.36 2.46 3.43 4.01 4.14 4.77 6.12 6.65 5.81 4.53 3.84 3.73 4.13 5.48 6.26 5.18 3.87 3.21 2.75 2.55 2.51 2.46 2.34 2.10 1.93 1.94 1.99 1.96 2.02 2.40 2.95 3.22 3.22 3.14 2.97
5.12 4.54 3.95 4.43 5.29 5.37 5.17 5.35 5.26 4.88 4.70 4.78 4.79 4.78 4.81 4.86 4.88 4.80 4.78 4.83 4.78 4.72 4.70 4.70 4.68 4.61 4.55 4.53 4.52 4.49 4.45 4.42 4.38 4.35 4.33 4.31 4.28 4.23 4.19 4.07 4.18 4.56 4.56 4.37 4.50 4.63 3.86 2.78 2.65 2.86 3.33 3.93 4.28 4.59 5.59 6.63 6.12 4.78 3.88 3.54 3.59 4.20 5.89 6.46 4.93 3.59 2.97 2.53 2.42 2.42 2.35 2.21 2.02 1.96 2.07 2.10 2.02 2.09 2.49 2.95 3.06 3.17 3.28 3.17
4.98 4.60 4.18 4.59 5.34 5.24 4.94 5.28 5.36 4.83 4.55 4.65 4.70 4.72 4.78 4.83 4.81 4.76 4.77 4.78 4.72 4.68 4.68 4.69 4.63 4.57 4.55 4.53 4.51 4.48 4.44 4.41 4.38 4.36 4.34 4.31 4.27 4.24 4.19 4.08 4.23 4.66 4.66 4.30 4.11 4.02 3.36 2.60 3.04 3.63 3.83 4.04 4.37 5.03 6.16 6.48 5.21 3.91 3.46 3.52 3.76 4.57 6.24 6.45 4.71 3.37 2.70 2.30 2.32 2.40 2.30 2.13 1.96 1.99 2.15 2.17 2.06 2.20 2.64 2.86 2.85 3.15 3.43 3.31
4.74 4.77 4.60 4.70 5.23 5.11 4.72 5.01 5.24 4.88 4.55 4.55 4.63 4.69 4.75 4.78 4.74 4.73 4.72 4.71 4.70 4.67 4.67 4.65 4.59 4.55 4.53 4.51 4.49 4.46 4.43 4.41 4.38 4.36 4.33 4.31 4.28 4.24 4.20 4.15 4.31 4.64 4.53 4.04 3.68 3.60 3.24 2.98 3.60 3.90 3.69 3.96 4.47 5.20 6.33 6.06 4.31 3.26 3.26 3.66 4.08 5.04 6.47 6.30 4.52 3.18 2.46 2.10 2.28 2.42 2.22 1.95 1.88 2.06 2.23 2.22 2.10 2.34 2.82 2.80 2.78 3.20 3.46 3.31
4.57 4.83 4.85 4.62 4.84 4.85 4.51 4.59 4.99 5.04 4.70 4.53 4.61 4.66 4.67 4.69 4.69 4.69 4.67 4.66 4.67 4.66 4.63 4.61 4.56 4.52 4.51 4.50 4.47 4.45 4.42 4.40 4.37 4.35 4.32 4.30 4.27 4.24 4.21 4.20 4.30 4.39 4.20 3.80 3.57 3.53 3.43 3.52 3.85 3.69 3.43 4.10 4.60 5.21 6.36 5.56 3.54 2.95 3.33 3.91 4.54 5.55 6.48 6.01 4.31 2.91 2.24 1.96 2.21 2.31 1.96 1.75 1.96 2.21 2.30 2.23 2.19 2.59 2.98 2.88 2.91 3.24 3.36 3.21
4.56 4.76 4.84 4.53 4.50 4.65 4.47 4.33 4.70 5.13 4.92 4.58 4.61 4.64 4.57 4.61 4.66 4.64 4.63 4.60 4.62 4.63 4.60 4.58 4.52 4.49 4.49 4.47 4.45 4.43 4.41 4.39 4.36 4.33 4.31 4.28 4.26 4.23 4.21 4.20 4.20 4.16 4.02 3.83 3.75 3.73 3.75 3.80 3.77 3.41 3.32 4.21 4.59 5.26 6.25 4.91 3.05 2.97 3.59 4.31 5.11 5.83 6.21 5.66 4.05 2.62 2.00 1.83 1.97 1.95 1.69 1.86 2.22 2.33 2.36 2.25 2.38 2.88 3.11 3.02 3.00 3.13 3.18 3.10
4.59 4.64 4.70 4.54 4.46 4.58 4.53 4.34 4.55 5.18 5.08 4.61 4.60 4.62 4.51 4.56 4.63 4.60 4.58 4.55 4.59 4.60 4.57 4.56 4.49 4.45 4.46 4.44 4.43 4.41 4.39 4.36 4.34 4.32 4.29 4.27 4.24 4.22 4.19 4.17 4.13 4.07 4.00 3.93 3.89 3.89 3.84 3.72 3.60 3.25 3.23 4.07 4.56 5.33 6.00 4.39 2.92 3.26 4.11 4.86 5.41 5.69 5.76 5.32 3.94 2.53 1.86 1.68 1.64 1.63 1.76 2.19 2.41 2.41 2.44 2.38 2.65 3.14 3.20 3.04 2.92 2.95 3.00 2.94
4.60 4.56 4.55 4.50 4.47 4.52 4.58 4.50 4.69 5.21 4.98 4.46 4.49 4.61 4.55 4.53 4.55 4.54 4.52 4.53 4.54 4.54 4.54 4.54 4.45 4.41 4.42 4.41 4.40 4.38 4.36 4.34 4.32 4.30 4.27 4.25 4.22 4.19 4.17 4.13 4.10 4.05 3.99 3.94 3.92 3.89 3.75 3.61 3.49 3.19 3.12 3.83 4.67 5.44 5.67 4.16 3.02 3.65 4.65 5.16 5.29 5.32 5.31 4.98 3.93 2.60 1.82 1.50 1.39 1.68 2.09 2.38 2.48 2.53 2.58 2.59 2.95 3.30 3.16 2.88 2.72 2.76 2.81 2.72
4.54 4.47 4.40 4.41 4.40 4.47 4.61 4.67 4.85 5.01 4.65 4.18 4.29 4.68 4.72 4.55 4.48 4.49 4.49 4.49 4.47 4.49 4.54 4.50 4.40 4.37 4.39 4.38 4.37 4.35 4.34 4.31 4.29 4.27 4.25 4.22 4.20 4.17 4.14 4.11 4.07 4.03 3.99 3.94 3.90 3.84 3.73 3.62 3.48 3.28 3.20 3.80 4.84 5.39 5.26 3.99 3.24 4.09 4.97 5.12 4.99 4.95 4.90 4.63 3.85 2.74 1.89 1.32 1.31 1.94 2.32 2.41 2.58 2.74 2.72 2.79 3.19 3.28 2.92 2.61 2.47 2.56 2.64 2.52
4.39 4.34 4.28 4.30 4.34 4.45 4.62 4.78 4.88 4.78 4.47 4.10 4.24 4.74 4.80 4.58 4.46 4.45 4.47 4.45 4.43 4.49 4.52 4.43 4.34 4.33 4.35 4.35 4.34 4.33 4.31 4.29 4.27 4.25 4.22 4.20 4.17 4.15 4.12 4.09 4.05 4.01 3.97 3.93 3.88 3.82 3.75 3.67 3.58 3.45 3.40 3.85 4.75 5.17 4.80 3.83 3.66 4.56 5.03 4.91 4.69 4.51 4.45 4.31 3.76 2.91 1.95 1.14 1.39 2.18 2.45 2.51 2.78 2.93 2.83 2.96 3.24 2.99 2.57 2.38 2.29 2.40 2.48 2.38
4.22 4.21 4.19 4.21 4.30 4.44 4.63 4.87 4.94 4.76 4.50 4.24 4.35 4.62 4.62 4.61 4.53 4.47 4.46 4.39 4.38 4.44 4.42 4.32 4.27 4.28 4.32 4.32 4.31 4.30 4.28 4.26 4.24 4.22 4.19 4.17 4.15 4.12 4.09 4.06 4.03 3.99 3.96 3.91 3.87 3.82 3.77 3.72 3.66 3.58 3.50 3.74 4.47 4.85 4.33 3.72 4.14 4.84 4.88 4.63 4.35 4.13 4.08 4.04 3.64 2.97 1.91 1.13 1.66 2.43 2.58 2.73 2.99 3.03 2.92 3.02 3.03 2.62 2.32 2.23 2.19 2.27 2.32 2.28
4.07 4.06 4.11 4.18 4.28 4.47 4.71 4.95 4.96 4.79 4.58 4.34 4.33 4.35 4.35 4.56 4.59 4.53 4.44 4.32 4.34 4.35 4.30 4.23 4.19 4.25 4.31 4.32 4.29 4.26 4.24 4.22 4.20 4.19 4.16 4.14 4.12 4.09 4.07 4.04 4.01 3.97 3.94 3.90 3.86 3.82 3.79 3.76 3.71 3.66 3.53 3.66 4.30 4.51 3.91 3.76 4.52 4.90 4.69 4.40 4.10 3.95 3.93 3.76 3.43 2.86 1.80 1.41 2.14 2.64 2.71 2.91 3.15 3.08 2.93 2.88 2.67 2.39 2.21 2.11 2.10 2.13 2.19 2.31
3.89 3.91 4.04 4.19 4.33 4.55 4.79 4.94 4.89 4.76 4.62 4.40 4.23 4.19 4.22 4.40 4.56 4.57 4.44 4.33 4.32 4.25 4.21 4.17 4.15 4.24 4.33 4.32 4.24 4.21 4.21 4.19 4.17 4.15 4.13 4.11 4.09 4.07 4.04 4.02 3.98 3.95 3.92 3.89 3.86 3.83 3.80 3.77 3.73 3.69 3.62 3.72 4.18 4.26 3.74 3.87 4.67 4.87 4.58 4.33 4.06 3.87 3.66 3.32 3.15 2.70 1.84 1.95 2.58 2.76 2.81 3.04 3.28 3.10 2.82 2.61 2.42 2.31 2.12 1.98 2.01 2.00 2.14 2.54
3.70 3.78 4.00 4.22 4.43 4.58 4.70 4.83 4.81 4.68 4.64 4.55 4.27 4.13 4.16 4.27 4.46 4.49 4.45 4.40 4.27 4.15 4.13 4.12 4.09 4.20 4.34 4.27 4.17 4.18 4.18 4.15 4.13 4.12 4.10 4.08 4.06 4.04 4.01 3.99 3.96 3.93 3.90 3.87 3.85 3.82 3.80 3.77 3.74 3.72 3.72 3.77 4.03 4.14 3.72 3.78 4.63 4.87 4.61 4.40 3.95 3.36 2.96 2.94 3.06 2.67 2.28 2.59 2.83 2.83 2.90 3.15 3.34 3.04 2.62 2.42 2.40 2.29 1.98 1.85 1.89 1.97 2.32 2.91
3.51 3.68 4.04 4.31 4.48 4.55 4.56 4.68 4.74 4.62 4.70 4.76 4.32 4.01 4.09 4.23 4.31 4.30 4.35 4.40 4.25 4.09 4.09 4.09 4.04 4.17 4.31 4.19 4.15 4.18 4.14 4.10 4.09 4.08 4.06 4.05 4.03 4.01 3.98 3.96 3.93 3.91 3.88 3.86 3.83 3.81 3.79 3.77 3.75 3.74 3.76 3.78 3.92 4.02 3.71 3.76 4.50 4.85 4.67 4.31 3.39 2.36 2.37 3.01 3.31 3.06 2.93 2.93 2.87 2.86 2.94 3.20 3.33 2.90 2.48 2.40 2.43 2.19 1.77 1.67 1.84 2.15 2.75 3.49
3.26 3.57 4.10 4.34 4.48 4.59 4.51 4.55 4.72 4.75 4.89 4.86 4.33 3.98 4.06 4.15 4.15 4.11 4.21 4.38 4.28 4.07 4.08 4.10 4.05 4.15 4.23 4.15 4.14 4.15 4.08 4.05 4.05 4.05 4.03 4.01 4.00 3.98 3.95 3.93 3.91 3.88 3.86 3.83 3.81 3.79 3.77 3.76 3.75 3.75 3.76 3.77 3.84 3.87 3.76 3.88 4.35 4.65 4.54 3.97 2.72 1.96 2.61 3.44 3.61 3.43 3.16 2.88 2.80 2.88 2.94 3.20 3.27 2.82 2.51 2.43 2.31 1.98 1.57 1.60 2.07 2.73 3.65 4.77
2.99 3.50 4.14 4.32 4.61 4.82 4.49 4.34 4.66 4.97 5.04 4.72 4.31 4.10 3.97 3.95 4.04 4.06 4.16 4.35 4.24 4.01 4.08 4.14 4.05 4.06 4.08 4.07 4.09 4.09 4.04 4.01 4.02 4.01 4.00 3.98 3.96 3.94 3.92 3.90 3.88 3.85 3.83 3.81 3.79 3.77 3.76 3.74 3.74 3.74 3.74 3.75 3.77 3.77 3.80 3.90 4.10 4.22 4.17 3.69 2.60 2.33 3.08 3.65 3.70 3.45 3.06 2.77 2.79 2.90 2.94 3.15 3.20 2.83 2.50 2.32 2.12 1.79 1.58 1.95 2.75 3.69 4.84 5.51
3.12 3.70 4.31 4.51 5.02 5.18 4.40 4.00 4.57 5.18 5.08 4.56 4.30 4.13 3.86 3.81 4.00 4.12 4.16 4.19 4.05 3.94 4.09 4.14 3.99 3.86 3.88 4.03 4.08 4.07 4.03 3.99 3.99 3.98 3.96 3.95 3.93 3.91 3.89 3.87 3.84 3.82 3.80 3.78 3.77 3.75 3.74 3.73 3.72 3.71 3.71 3.71 3.72 3.73 3.77 3.81 3.86 3.84 3.82 3.57 2.88 2.80 3.33 3.67 3.63 3.29 2.96 2.83 2.87 2.91 2.90 3.04 3.15 2.80 2.35 2.18 2.00 1.73 1.76 2.43 3.29 4.22 5.07 4.91
3.50 3.88 4.43 4.73 5.22 5.15 4.14 3.75 4.76 5.55 5.26 4.64 4.36 4.14 3.90 3.83 3.95 4.12 4.06 3.93 3.88 3.94 4.06 4.10 3.80 3.47 3.78 4.16 4.14 4.09 4.04 3.97 3.96 3.95 3.93 3.91 3.89 3.88 3.85 3.83 3.81 3.79 3.77 3.75 3.74 3.72 3.71 3.70 3.69 3.68 3.68 3.68 3.68 3.69 3.70 3.71 3.70 3.66 3.62 3.49 3.15 3.10 3.42 3.60 3.41 3.09 2.98 2.99 2.95 2.85 2.74 2.97 3.18 2.71 2.23 2.11 1.92 1.79 1.98 2.69 3.48 4.10 4.35 4.37
3.80 3.98 4.32 4.59 4.91 4.75 3.80 3.70 4.98 5.75 5.09 4.32 4.13 3.96 3.80 3.74 3.79 3.95 3.91 3.76 3.80 3.88 3.99 4.02 3.42 3.06 3.86 4.38 4.24 4.11 4.03 3.97 3.94 3.92 3.88 3.87 3.86 3.84 3.81 3.79 3.77 3.76 3.74 3.72 3.71 3.69 3.68 3.67 3.66 3.65 3.65 3.64 3.64 3.64 3.63 3.62 3.60 3.56 3.51 3.41 3.29 3.27 3.38 3.37 3.17 3.03 3.06 3.05 2.90 2.67 2.62 3.08 3.20 2.54 2.10 1.99 1.95 1.96 2.17 2.68 3.22 3.53 3.62 4.61
3.97 4.03 4.24 4.40 4.52 4.44 3.93 3.90 4.97 5.50 4.37 3.61 3.61 3.53 3.51 3.48 3.56 3.76 3.81 3.71 3.69 3.78 3.94 3.86 3.21 3.07 3.95 4.50 4.33 4.10 4.02 3.97 3.93 3.87 3.82 3.83 3.83 3.80 3.77 3.75 3.73 3.72 3.70 3.69 3.67 3.66 3.65 3.64 3.63 3.62 3.61 3.61 3.60 3.59 3.58 3.56 3.53 3.49 3.44 3.38 3.32 3.30 3.29 3.22 3.12 3.09 3.06 2.99 2.82 2.63 2.74 3.17 3.07 2.29 1.91 1.94 2.07 2.09 2.14 2.36 2.64 3.00 3.61 5.42
4.07 4.12 4.23 4.23 4.26 4.32 4.20 4.26 4.87 4.93 3.91 3.50 3.50 3.42 3.43 3.39 3.46 3.69 3.76 3.64 3.64 3.79 3.90 3.78 3.36 3.25 3.86 4.41 4.33 4.13 4.01 3.93 3.92 3.84 3.77 3.81 3.79 3.74 3.72 3.71 3.69 3.68 3.66 3.65 3.64 3.63 3.62 3.61 3.60 3.59 3.58 3.57 3.56 3.54 3.53 3.51 3.48 3.44 3.40 3.35 3.31 3.28 3.24 3.19 3.14 3.09 3.01 2.94 2.81 2.76 2.86 3.02 2.79 2.03 1.81 1.96 2.14 2.09 1.90 1.96 2.29 2.96 4.33 6.04
4.18 4.24 4.19 4.05 4.14 4.31 4.33 4.42 4.59 4.29 3.80 3.68 3.59 3.49 3.50 3.48 3.53 3.67 3.71 3.62 3.70 3.85 3.88 3.79 3.45 3.28 3.70 4.16 4.26 4.19 3.99 3.88 3.94 3.88 3.79 3.77 3.73 3.69 3.67 3.66 3.65 3.63 3.62 3.61 3.60 3.59 3.58 3.57 3.56 3.55 3.54 3.53 3.52 3.50 3.48 3.46 3.43 3.40 3.36 3.32 3.28 3.25 3.21 3.17 3.11 3.06 2.99 2.92 2.87 2.87 2.83 2.77 2.49 1.99 1.88 2.05 2.17 2.04 1.70 1.78 2.37 3.55 5.24 5.85
4.29 4.28 4.10 3.92 4.07 4.27 4.29 4.33 4.26 3.97 3.84 3.80 3.66 3.58 3.59 3.59 3.60 3.68 3.71 3.67 3.73 3.80 3.79 3.70 3.43 3.29 3.56 3.89 4.11 4.18 4.01 3.91 3.99 3.99 3.82 3.67 3.64 3.63 3.63 3.62 3.60 3.58 3.57 3.56 3.56 3.55 3.54 3.54 3.53 3.52 3.51 3.50 3.48 3.47 3.44 3.42 3.39 3.36 3.33 3.29 3.26 3.23 3.19 3.14 3.09 3.03 2.97 2.92 2.91 2.86 2.76 2.62 2.41 2.15 2.10 2.24 2.24 1.98 1.64 1.86 2.96 4.53 5.53 4.72
4.20 4.18 4.04 3.84 3.95 4.22 4.24 4.18 4.10 3.92 3.84 3.79 3.70 3.66 3.67 3.64 3.62 3.69 3.72 3.69 3.69 3.71 3.68 3.64 3.46 3.26 3.40 3.68 3.93 4.10 4.08 3.99 4.01 3.99 3.74 3.55 3.56 3.60 3.61 3.57 3.53 3.52 3.52 3.52 3.51 3.51 3.51 3.50 3.50 3.49 3.48 3.47 3.45 3.43 3.41 3.39 3.36 3.33 3.30 3.26 3.23 3.20 3.16 3.11 3.07 3.02 2.97 2.94 2.90 2.82 2.72 2.61 2.49 2.33 2.30 2.39 2.26 1.93 1.76 2.33 3.89 5.00 4.75 3.16
