windninja/windninja_output/Output_2025-10-23_0200-0250_Google earth_Fire_150m_10min/merlingen_7.5mi_point_10-23-2025_0240_150m_vel.asc
ncols	158
nrows	163
xllcorner	391686.332397
yllcorner	5160024.123721
cellsize	150.000000
NODATA_value	-32768.000000
[rows 114 to 151 of 163, columns 0 to 83 of 158]
0.70 0.64 0.52 0.45 0.43 0.42 0.41 0.42 0.42 0.44 0.52 0.62 0.66 0.64 0.61 0.60 0.62 0.71 0.81 0.85 0.86 0.86 0.82 0.70 0.67 0.73 0.74 0.69 0.63 0.64 0.69 0.75 0.75 0.65 0.53 0.44 0.41 0.42 0.42 0.41 0.40 0.41 0.44 0.44 0.42 0.42 0.46 0.49 0.51 0.53 0.56 0.59 0.63 0.68 0.71 0.73 0.74 0.75 0.78 0.80 0.81 0.81 0.82 0.83 0.82 0.82 0.85 0.87 0.87 0.85 0.81 0.77 0.72 0.69 0.69 0.69 0.66 0.64 0.63 0.62 0.62 0.60 0.55 0.50
0.73 0.69 0.60 0.54 0.51 0.50 0.49 0.46 0.44 0.48 0.58 0.68 0.69 0.67 0.64 0.65 0.70 0.74 0.75 0.74 0.78 0.86 0.95 0.96 0.90 0.85 0.82 0.79 0.74 0.69 0.70 0.78 0.83 0.76 0.61 0.49 0.42 0.42 0.42 0.42 0.43 0.46 0.48 0.46 0.43 0.43 0.45 0.47 0.48 0.50 0.53 0.56 0.60 0.64 0.68 0.71 0.72 0.73 0.76 0.80 0.82 0.83 0.84 0.85 0.85 0.85 0.86 0.87 0.88 0.87 0.85 0.80 0.73 0.66 0.64 0.67 0.68 0.65 0.62 0.61 0.61 0.60 0.58 0.55
0.74 0.71 0.64 0.59 0.56 0.54 0.53 0.53 0.53 0.55 0.65 0.70 0.69 0.69 0.70 0.69 0.68 0.67 0.67 0.73 0.82 0.92 1.03 1.09 1.06 0.95 0.86 0.81 0.76 0.74 0.77 0.83 0.90 0.90 0.74 0.57 0.48 0.46 0.47 0.46 0.45 0.47 0.47 0.46 0.43 0.40 0.38 0.39 0.43 0.47 0.51 0.55 0.58 0.61 0.64 0.68 0.70 0.72 0.74 0.78 0.81 0.83 0.84 0.85 0.87 0.87 0.87 0.88 0.90 0.90 0.89 0.87 0.84 0.77 0.66 0.62 0.64 0.66 0.62 0.57 0.55 0.55 0.56 0.55
0.73 0.71 0.66 0.60 0.56 0.55 0.56 0.60 0.65 0.68 0.68 0.66 0.66 0.70 0.73 0.70 0.61 0.59 0.67 0.80 0.90 0.95 0.98 1.02 1.07 1.10 1.05 0.92 0.87 0.76 0.70 0.70 0.82 0.97 0.94 0.73 0.59 0.54 0.54 0.54 0.52 0.50 0.48 0.48 0.45 0.39 0.37 0.40 0.44 0.48 0.52 0.55 0.57 0.60 0.63 0.67 0.71 0.72 0.73 0.75 0.79 0.84 0.88 0.90 0.90 0.89 0.90 0.91 0.92 0.92 0.93 0.94 0.94 0.92 0.84 0.71 0.64 0.64 0.64 0.59 0.56 0.55 0.54 0.53
0.72 0.71 0.67 0.62 0.59 0.58 0.60 0.62 0.67 0.71 0.68 0.63 0.63 0.67 0.72 0.71 0.62 0.55 0.64 0.73 0.78 0.80 0.79 0.78 0.84 0.98 1.08 1.07 1.06 1.00 0.78 0.67 0.72 0.88 1.00 1.02 0.89 0.72 0.68 0.65 0.61 0.58 0.54 0.50 0.47 0.43 0.40 0.42 0.46 0.48 0.50 0.52 0.55 0.58 0.61 0.66 0.71 0.73 0.74 0.75 0.78 0.81 0.87 0.92 0.96 0.97 0.97 0.96 0.95 0.94 0.94 0.95 0.97 1.00 0.99 0.91 0.76 0.68 0.67 0.67 0.65 0.60 0.54 0.52
0.75 0.73 0.68 0.64 0.60 0.59 0.61 0.61 0.60 0.62 0.64 0.63 0.61 0.64 0.66 0.69 0.69 0.56 0.53 0.55 0.57 0.57 0.57 0.57 0.57 0.61 0.69 0.75 0.88 0.98 0.91 0.78 0.68 0.74 0.91 1.07 1.08 0.93 0.84 0.83 0.79 0.71 0.65 0.60 0.56 0.52 0.45 0.42 0.42 0.44 0.45 0.48 0.51 0.55 0.59 0.63 0.69 0.73 0.75 0.77 0.78 0.80 0.82 0.86 0.92 0.96 0.98 0.99 0.99 0.96 0.93 0.93 0.95 0.99 1.04 1.04 0.95 0.82 0.73 0.67 0.63 0.59 0.55 0.53
0.76 0.74 0.71 0.68 0.60 0.55 0.55 0.54 0.54 0.56 0.59 0.60 0.60 0.63 0.65 0.71 0.74 0.64 0.47 0.42 0.42 0.41 0.40 0.40 0.38 0.36 0.36 0.39 0.47 0.59 0.70 0.68 0.62 0.72 0.85 0.96 1.02 0.98 0.84 0.82 0.90 0.91 0.85 0.77 0.71 0.65 0.57 0.49 0.45 0.43 0.44 0.46 0.50 0.54 0.57 0.61 0.66 0.72 0.75 0.78 0.80 0.80 0.79 0.76 0.70 0.69 0.71 0.75 0.87 0.94 0.94 0.91 0.90 0.93 0.99 1.07 1.09 1.00 0.85 0.72 0.63 0.58 0.56 0.54
0.75 0.74 0.73 0.77 0.77 0.69 0.65 0.60 0.54 0.53 0.56 0.58 0.56 0.60 0.67 0.75 0.81 0.75 0.55 0.40 0.31 0.26 0.23 0.21 0.21 0.23 0.26 0.30 0.39 0.49 0.56 0.64 0.72 0.76 0.88 0.93 0.88 0.92 0.72 0.60 0.76 0.91 0.96 0.85 0.76 0.70 0.63 0.55 0.50 0.47 0.46 0.46 0.50 0.55 0.58 0.62 0.68 0.72 0.75 0.76 0.77 0.75 0.71 0.66 0.60 0.55 0.49 0.44 0.55 0.77 0.88 0.90 0.87 0.85 0.89 0.99 1.11 1.15 1.06 0.90 0.76 0.67 0.61 0.59
0.71 0.73 0.73 0.77 0.85 0.87 0.87 0.84 0.72 0.58 0.54 0.57 0.53 0.52 0.58 0.67 0.82 0.87 0.67 0.47 0.30 0.17 0.09 0.05 0.12 0.18 0.24 0.33 0.53 0.67 0.64 0.71 0.81 0.79 0.91 0.95 0.85 0.91 0.72 0.49 0.52 0.71 0.96 0.95 0.77 0.67 0.60 0.50 0.46 0.46 0.46 0.46 0.49 0.54 0.58 0.62 0.69 0.74 0.76 0.75 0.72 0.68 0.66 0.67 0.70 0.73 0.68 0.49 0.40 0.49 0.67 0.79 0.83 0.82 0.81 0.86 0.99 1.13 1.20 1.15 1.00 0.84 0.72 0.69
0.64 0.66 0.65 0.65 0.70 0.78 0.84 0.89 0.89 0.79 0.65 0.61 0.50 0.42 0.42 0.49 0.69 0.96 0.90 0.64 0.44 0.28 0.16 0.13 0.19 0.26 0.31 0.47 0.78 0.85 0.69 0.74 0.84 0.80 0.93 1.00 0.84 0.91 0.86 0.52 0.40 0.54 0.87 1.08 0.95 0.75 0.61 0.47 0.43 0.46 0.48 0.48 0.50 0.54 0.57 0.58 0.61 0.66 0.66 0.68 0.71 0.71 0.72 0.75 0.79 0.86 0.90 0.79 0.55 0.40 0.45 0.59 0.68 0.74 0.74 0.75 0.82 0.96 1.13 1.24 1.25 1.13 0.95 0.84
0.61 0.63 0.61 0.58 0.60 0.67 0.73 0.80 0.90 0.93 0.89 0.78 0.51 0.35 0.33 0.36 0.50 0.86 1.09 0.95 0.69 0.50 0.35 0.29 0.31 0.36 0.43 0.71 1.09 0.97 0.67 0.76 0.89 0.84 0.94 1.05 0.88 0.85 0.91 0.63 0.40 0.41 0.65 1.07 1.18 0.96 0.73 0.54 0.45 0.48 0.52 0.54 0.54 0.56 0.59 0.60 0.61 0.66 0.65 0.63 0.71 0.81 0.84 0.85 0.87 0.89 0.93 0.96 0.84 0.56 0.41 0.41 0.46 0.52 0.60 0.64 0.67 0.77 0.92 1.08 1.22 1.27 1.18 0.98
0.60 0.64 0.64 0.61 0.63 0.67 0.70 0.74 0.86 0.94 1.01 1.02 0.74 0.39 0.30 0.28 0.37 0.62 0.97 1.17 1.13 0.85 0.62 0.52 0.54 0.58 0.77 1.21 1.24 0.86 0.58 0.76 0.97 0.89 0.92 1.09 0.95 0.81 0.88 0.73 0.46 0.34 0.45 0.89 1.25 1.18 0.90 0.63 0.48 0.49 0.52 0.56 0.58 0.61 0.63 0.68 0.75 0.85 0.88 0.80 0.80 0.89 0.93 0.94 0.95 0.95 0.95 0.98 1.00 0.88 0.62 0.47 0.40 0.36 0.39 0.46 0.50 0.55 0.66 0.78 0.88 1.07 1.21 1.15
0.55 0.61 0.63 0.60 0.61 0.65 0.68 0.71 0.78 0.88 1.00 1.19 1.10 0.63 0.44 0.34 0.35 0.48 0.71 1.02 1.24 1.25 0.94 0.80 0.91 1.09 1.23 1.30 1.04 0.67 0.54 0.73 1.03 0.95 0.92 1.11 1.04 0.84 0.80 0.74 0.54 0.34 0.34 0.67 1.17 1.31 1.07 0.77 0.58 0.53 0.54 0.56 0.59 0.63 0.65 0.69 0.78 0.91 1.02 1.00 0.95 0.95 0.96 0.96 0.97 0.99 0.98 0.99 1.03 1.05 0.95 0.78 0.60 0.44 0.34 0.30 0.32 0.36 0.41 0.51 0.62 0.77 1.03 1.18
0.54 0.60 0.62 0.58 0.59 0.64 0.70 0.70 0.71 0.78 0.93 1.20 1.34 1.12 0.82 0.54 0.41 0.48 0.62 0.80 1.05 1.28 1.24 1.06 1.18 1.33 1.27 1.04 0.81 0.64 0.55 0.69 1.02 1.03 0.99 1.12 1.11 0.93 0.77 0.71 0.59 0.39 0.32 0.47 0.97 1.33 1.19 0.86 0.66 0.59 0.58 0.59 0.60 0.64 0.67 0.69 0.75 0.88 1.00 1.02 0.99 0.98 0.97 0.97 0.99 1.01 1.01 1.01 1.03 1.06 1.08 1.01 0.83 0.64 0.48 0.34 0.23 0.23 0.28 0.37 0.49 0.63 0.79 0.99
0.54 0.59 0.62 0.58 0.55 0.58 0.65 0.69 0.69 0.71 0.81 1.04 1.34 1.48 1.35 0.86 0.59 0.60 0.68 0.88 1.03 1.18 1.35 1.31 1.37 1.44 1.27 0.99 0.76 0.67 0.65 0.72 0.92 1.02 1.10 1.20 1.18 1.01 0.80 0.72 0.63 0.50 0.41 0.40 0.72 1.25 1.29 0.93 0.73 0.65 0.61 0.63 0.66 0.69 0.71 0.73 0.77 0.86 0.98 1.01 1.00 1.01 1.02 1.02 1.04 1.05 1.05 1.05 1.05 1.06 1.09 1.12 1.01 0.79 0.61 0.47 0.29 0.17 0.17 0.22 0.32 0.48 0.64 0.80
0.53 0.58 0.61 0.54 0.50 0.50 0.52 0.58 0.62 0.64 0.68 0.80 1.04 1.35 1.54 1.48 1.04 0.83 1.01 1.32 1.20 1.09 1.32 1.50 1.61 1.65 1.42 1.05 0.80 0.74 0.77 0.76 0.76 0.84 1.07 1.36 1.36 1.09 0.87 0.81 0.73 0.64 0.55 0.49 0.57 1.00 1.27 1.07 0.88 0.78 0.71 0.69 0.70 0.73 0.75 0.77 0.81 0.90 1.00 1.03 1.04 1.05 1.06 1.07 1.09 1.09 1.08 1.08 1.08 1.09 1.11 1.17 1.17 1.02 0.78 0.61 0.43 0.23 0.14 0.11 0.12 0.21 0.37 0.56
0.54 0.60 0.64 0.57 0.50 0.51 0.51 0.49 0.49 0.51 0.52 0.54 0.64 0.85 1.17 1.52 1.54 1.46 1.56 1.47 1.13 1.02 1.17 1.49 1.82 1.88 1.51 1.09 0.92 0.87 0.85 0.77 0.65 0.64 0.83 1.29 1.59 1.36 1.02 0.92 0.86 0.77 0.71 0.65 0.60 0.70 1.01 1.06 1.01 0.90 0.80 0.77 0.74 0.74 0.76 0.77 0.82 0.93 1.04 1.08 1.06 1.07 1.09 1.11 1.12 1.13 1.12 1.11 1.11 1.12 1.14 1.19 1.23 1.20 1.05 0.84 0.60 0.38 0.24 0.15 0.07 0.04 0.09 0.21
0.57 0.61 0.67 0.65 0.57 0.56 0.61 0.60 0.52 0.43 0.37 0.38 0.44 0.59 0.80 1.13 1.71 2.04 1.84 1.34 1.13 1.09 1.13 1.33 1.87 2.07 1.47 1.16 1.09 0.95 0.89 0.82 0.70 0.57 0.63 0.98 1.48 1.65 1.36 1.11 1.03 0.92 0.84 0.78 0.66 0.53 0.59 0.83 1.00 0.96 0.84 0.81 0.80 0.78 0.78 0.77 0.79 0.91 1.04 1.10 1.09 1.06 1.06 1.11 1.13 1.15 1.16 1.13 1.12 1.13 1.17 1.22 1.24 1.26 1.21 1.08 0.85 0.55 0.41 0.31 0.17 0.05 0.01 0.04
0.57 0.60 0.65 0.68 0.64 0.59 0.63 0.72 0.76 0.60 0.41 0.36 0.40 0.51 0.73 1.01 1.80 2.35 1.94 1.41 1.28 1.23 1.21 1.31 1.77 2.14 1.75 1.32 1.24 1.04 0.92 0.85 0.74 0.61 0.60 0.78 1.12 1.55 1.60 1.47 1.34 1.11 0.98 0.91 0.70 0.40 0.29 0.53 0.87 0.95 0.86 0.85 0.84 0.83 0.83 0.81 0.83 0.92 1.05 1.11 1.12 1.11 1.05 1.10 1.14 1.15 1.17 1.15 1.11 1.12 1.17 1.22 1.25 1.29 1.27 1.20 1.05 0.75 0.57 0.52 0.38 0.17 0.04 0.02
0.59 0.61 0.62 0.66 0.69 0.63 0.57 0.65 0.85 0.91 0.67 0.48 0.48 0.59 0.76 1.14 2.00 2.41 2.16 1.68 1.46 1.37 1.35 1.39 1.57 1.96 2.00 1.64 1.38 1.17 0.99 0.86 0.73 0.72 0.71 0.74 0.93 1.21 1.44 1.66 1.66 1.33 1.14 1.07 0.81 0.47 0.32 0.41 0.71 0.89 0.86 0.84 0.85 0.86 0.87 0.88 0.90 0.98 1.11 1.18 1.22 1.22 1.15 1.14 1.19 1.18 1.17 1.15 1.09 1.09 1.15 1.20 1.22 1.30 1.36 1.32 1.17 0.86 0.63 0.60 0.55 0.35 0.15 0.06
0.64 0.65 0.63 0.65 0.71 0.67 0.58 0.55 0.67 0.93 0.97 0.76 0.74 0.83 1.07 1.73 2.24 2.35 2.19 1.98 1.68 1.43 1.40 1.35 1.26 1.48 1.98 2.05 1.66 1.33 1.11 0.94 0.82 0.84 0.83 0.76 0.83 0.96 1.21 1.63 1.79 1.53 1.29 1.18 0.92 0.73 0.56 0.52 0.69 0.88 0.91 0.88 0.87 0.89 0.89 0.91 0.95 1.03 1.13 1.20 1.27 1.28 1.24 1.22 1.25 1.25 1.23 1.20 1.10 1.01 1.06 1.15 1.18 1.21 1.36 1.46 1.35 0.99 0.64 0.58 0.58 0.48 0.29 0.15
0.63 0.70 0.69 0.67 0.72 0.72 0.65 0.57 0.54 0.70 0.91 0.92 0.90 1.13 1.85 2.32 2.30 2.20 2.14 2.15 1.96 1.46 1.30 1.23 1.08 1.14 1.62 2.14 2.09 1.61 1.23 1.05 0.97 0.93 0.90 0.84 0.75 0.78 1.15 1.64 1.75 1.60 1.44 1.17 0.99 0.93 0.80 0.70 0.77 0.93 0.99 0.96 0.92 0.91 0.91 0.91 0.97 1.08 1.15 1.20 1.26 1.30 1.29 1.28 1.30 1.33 1.31 1.30 1.23 1.01 0.90 0.99 1.09 1.14 1.28 1.49 1.53 1.28 0.80 0.60 0.56 0.49 0.40 0.27
0.54 0.69 0.76 0.69 0.72 0.73 0.69 0.65 0.60 0.62 0.73 0.83 0.84 1.35 2.44 2.53 2.18 2.16 2.11 2.18 2.09 1.61 1.30 1.24 1.12 1.10 1.35 1.93 2.28 2.00 1.44 1.17 1.11 1.02 0.97 0.94 0.79 0.70 1.18 1.71 1.62 1.54 1.48 1.12 1.02 1.03 0.94 0.81 0.82 0.93 1.00 1.00 0.98 0.96 0.94 0.94 0.99 1.12 1.18 1.24 1.30 1.32 1.34 1.33 1.35 1.39 1.37 1.39 1.43 1.23 0.89 0.78 0.86 0.94 1.10 1.39 1.59 1.53 1.21 0.81 0.59 0.49 0.43 0.37
0.44 0.60 0.77 0.76 0.74 0.71 0.66 0.66 0.68 0.71 0.73 0.82 0.85 1.63 2.71 2.56 2.21 2.16 2.04 2.10 2.11 1.77 1.47 1.37 1.21 1.14 1.27 1.74 2.23 2.18 1.66 1.35 1.27 1.16 1.08 1.01 0.85 0.71 1.19 1.77 1.55 1.36 1.31 1.12 1.04 1.07 1.01 0.88 0.88 0.95 1.00 1.01 1.01 0.99 0.96 0.96 1.02 1.15 1.20 1.25 1.32 1.35 1.38 1.36 1.37 1.44 1.44 1.45 1.54 1.49 1.12 0.79 0.69 0.66 0.71 1.02 1.41 1.58 1.52 1.28 0.84 0.55 0.47 0.42
0.45 0.53 0.67 0.79 0.84 0.76 0.63 0.60 0.66 0.75 0.84 0.93 1.10 2.18 2.86 2.54 2.21 2.07 1.91 2.07 2.19 1.92 1.67 1.52 1.31 1.24 1.32 1.67 2.03 2.03 1.84 1.70 1.53 1.33 1.22 1.02 0.84 0.79 1.16 1.74 1.52 1.11 1.07 1.06 1.06 1.14 1.11 0.98 0.96 1.01 1.04 1.06 1.05 1.03 1.00 0.98 1.05 1.16 1.21 1.25 1.31 1.36 1.41 1.40 1.41 1.46 1.50 1.54 1.60 1.64 1.46 1.04 0.77 0.64 0.53 0.60 1.02 1.35 1.48 1.51 1.27 0.76 0.57 0.46
0.57 0.57 0.56 0.70 0.89 0.91 0.76 0.64 0.63 0.72 0.89 1.13 1.85 2.80 2.84 2.30 2.12 2.03 1.94 2.15 2.32 2.11 1.84 1.61 1.43 1.39 1.47 1.62 1.75 1.66 1.64 1.93 1.90 1.51 1.38 1.10 0.83 0.91 1.19 1.55 1.33 0.98 0.98 0.99 1.05 1.17 1.18 1.09 1.06 1.08 1.09 1.11 1.11 1.11 1.08 1.04 1.08 1.16 1.22 1.26 1.30 1.35 1.40 1.41 1.48 1.56 1.58 1.63 1.67 1.69 1.67 1.41 0.98 0.70 0.55 0.49 0.67 1.01 1.20 1.39 1.42 1.11 0.82 0.63
0.67 0.66 0.60 0.61 0.74 0.93 0.98 0.85 0.75 0.84 0.97 1.47 2.71 3.04 2.36 1.98 2.04 1.99 1.87 2.20 2.51 2.32 1.99 1.75 1.59 1.58 1.61 1.59 1.58 1.43 1.36 1.83 2.06 1.86 1.69 1.28 0.90 0.96 1.06 1.13 1.03 0.97 1.00 0.97 1.02 1.15 1.19 1.15 1.14 1.14 1.14 1.14 1.11 1.13 1.17 1.13 1.12 1.17 1.24 1.28 1.31 1.36 1.35 1.36 1.51 1.69 1.74 1.76 1.76 1.77 1.77 1.66 1.28 0.84 0.62 0.48 0.50 0.78 0.96 1.13 1.30 1.19 0.95 0.78
0.64 0.75 0.75 0.60 0.54 0.68 0.96 1.02 1.00 1.18 1.33 2.25 3.15 2.63 1.87 1.85 1.95 1.97 1.86 2.11 2.51 2.51 2.21 1.97 1.80 1.74 1.70 1.58 1.50 1.38 1.33 1.58 1.87 2.07 2.05 1.54 1.00 0.88 0.76 0.68 0.84 0.99 1.04 1.02 1.05 1.14 1.18 1.20 1.21 1.21 1.22 1.21 1.12 1.05 1.14 1.16 1.15 1.19 1.27 1.31 1.34 1.38 1.33 1.27 1.40 1.66 1.84 1.91 1.92 1.96 1.92 1.86 1.64 1.15 0.74 0.45 0.43 0.69 0.87 0.96 1.11 1.11 0.89 0.70
0.52 0.78 0.93 0.69 0.53 0.54 0.67 0.87 1.11 1.41 1.91 3.05 3.23 2.01 1.71 1.83 1.93 2.13 2.14 2.13 2.27 2.40 2.39 2.30 2.10 1.88 1.71 1.50 1.42 1.43 1.43 1.50 1.65 1.99 2.24 1.83 1.14 0.81 0.62 0.61 0.85 1.07 1.13 1.12 1.14 1.18 1.21 1.25 1.29 1.29 1.30 1.37 1.30 1.06 0.99 1.02 1.09 1.19 1.25 1.33 1.39 1.39 1.31 1.20 1.21 1.40 1.62 1.78 1.92 2.06 2.09 2.03 1.97 1.61 0.88 0.48 0.49 0.75 0.97 1.02 1.03 1.04 0.89 0.63
0.45 0.74 1.02 0.89 0.66 0.61 0.64 0.71 1.00 1.31 2.34 3.28 2.77 1.89 1.79 1.86 2.02 2.36 2.41 2.09 2.00 2.15 2.35 2.49 2.34 2.07 1.83 1.60 1.49 1.54 1.59 1.68 1.63 1.72 2.19 2.00 1.26 0.83 0.72 0.76 0.92 1.13 1.22 1.23 1.24 1.27 1.28 1.31 1.36 1.38 1.41 1.55 1.59 1.32 0.98 0.78 0.93 1.14 1.19 1.27 1.37 1.37 1.29 1.17 1.12 1.20 1.28 1.37 1.54 1.82 2.04 2.09 2.13 1.91 1.20 0.64 0.65 0.86 1.14 1.18 0.96 0.95 0.93 0.64
0.53 0.68 0.94 1.05 0.91 0.80 0.78 0.83 1.01 1.14 2.15 3.47 2.92 1.99 1.90 1.89 2.15 2.56 2.44 1.90 1.90 2.09 2.29 2.49 2.36 2.07 1.89 1.88 1.76 1.65 1.72 1.81 1.61 1.50 2.00 1.87 1.23 0.89 0.83 0.90 1.00 1.15 1.25 1.30 1.31 1.34 1.37 1.39 1.42 1.48 1.56 1.69 1.79 1.63 1.13 0.66 0.75 1.02 1.15 1.22 1.27 1.31 1.31 1.21 1.14 1.23 1.30 1.26 1.26 1.37 1.65 1.97 2.20 2.09 1.51 0.93 0.75 0.87 1.24 1.31 0.99 0.95 0.92 0.64
0.71 0.70 0.73 0.95 1.09 1.09 1.07 1.08 1.16 1.17 1.81 3.49 3.41 2.13 1.89 1.89 2.23 2.59 2.21 1.90 2.03 2.17 2.33 2.39 2.23 2.01 1.91 2.00 1.94 1.76 1.78 1.79 1.47 1.35 1.63 1.51 1.13 0.91 0.89 0.98 1.09 1.20 1.30 1.36 1.38 1.39 1.43 1.44 1.49 1.61 1.75 1.86 1.96 1.82 1.29 0.76 0.66 0.84 1.10 1.23 1.17 1.19 1.30 1.29 1.22 1.32 1.43 1.32 1.24 1.25 1.29 1.62 2.15 2.19 1.67 1.16 0.86 0.83 1.20 1.39 1.16 1.03 0.90 0.66
0.99 0.85 0.64 0.67 0.93 1.20 1.37 1.45 1.47 1.31 1.96 3.44 3.30 2.09 1.82 1.93 2.24 2.45 2.18 2.08 2.18 2.24 2.35 2.29 2.16 2.15 2.08 2.04 1.97 1.77 1.82 1.85 1.41 1.09 1.13 1.23 1.06 0.93 0.91 1.00 1.14 1.26 1.37 1.44 1.47 1.46 1.49 1.51 1.59 1.74 1.89 2.06 2.16 1.93 1.48 1.03 0.72 0.74 1.05 1.23 1.11 1.05 1.19 1.28 1.30 1.42 1.53 1.43 1.33 1.34 1.30 1.39 1.90 2.16 1.77 1.32 1.07 0.90 0.99 1.29 1.32 1.11 0.90 0.77
1.29 1.03 0.66 0.56 0.65 0.93 1.29 1.74 1.91 1.86 2.74 3.39 2.70 1.86 1.73 1.91 2.27 2.32 2.17 2.26 2.38 2.38 2.35 2.29 2.25 2.32 2.21 2.09 2.04 1.72 1.61 1.88 1.54 0.93 0.92 1.13 1.10 0.99 0.98 1.04 1.18 1.30 1.40 1.51 1.57 1.55 1.54 1.60 1.74 1.86 2.00 2.27 2.39 2.07 1.65 1.28 0.90 0.81 0.98 1.16 1.07 0.98 1.05 1.14 1.24 1.40 1.53 1.50 1.45 1.47 1.45 1.44 1.71 2.02 1.79 1.45 1.35 1.15 0.90 1.07 1.33 1.22 1.08 0.90
1.48 1.18 0.76 0.64 0.65 0.72 0.88 1.47 2.22 2.69 3.05 2.85 2.15 1.76 1.61 1.78 2.18 2.25 2.10 2.21 2.46 2.54 2.54 2.65 2.70 2.51 2.30 2.17 2.05 1.61 1.32 1.62 1.56 1.06 0.94 1.12 1.17 1.09 1.05 1.10 1.22 1.34 1.41 1.50 1.63 1.63 1.61 1.74 1.90 1.97 2.12 2.46 2.60 2.33 1.91 1.55 1.17 0.93 0.96 1.05 0.99 0.94 1.01 1.09 1.16 1.28 1.41 1.46 1.44 1.47 1.50 1.47 1.65 1.90 1.82 1.57 1.49 1.33 1.03 1.10 1.33 1.43 1.42 1.15
1.41 1.33 1.04 0.84 0.78 0.79 0.81 1.19 2.47 3.11 2.85 2.36 2.10 1.84 1.65 1.69 1.97 2.18 2.13 2.09 2.23 2.35 2.36 2.68 3.19 3.22 2.65 2.16 1.86 1.49 1.07 1.18 1.40 1.14 1.00 1.11 1.22 1.20 1.17 1.19 1.28 1.41 1.45 1.49 1.62 1.67 1.66 1.83 1.99 2.04 2.24 2.60 2.78 2.67 2.31 1.81 1.38 1.07 1.01 0.96 0.89 0.92 1.01 1.11 1.18 1.26 1.35 1.40 1.40 1.44 1.42 1.32 1.40 1.70 1.82 1.71 1.55 1.30 1.05 1.15 1.32 1.44 1.64 1.52
1.05 1.25 1.37 1.22 1.15 1.00 0.81 1.33 2.88 3.35 2.61 2.31 2.23 1.97 1.79 1.69 1.74 1.97 2.20 2.15 2.01 1.99 1.92 2.23 3.08 3.75 3.50 2.28 1.69 1.45 0.99 0.98 1.22 1.19 1.07 1.08 1.20 1.26 1.27 1.28 1.33 1.47 1.52 1.51 1.62 1.75 1.77 1.83 1.97 2.08 2.29 2.68 2.95 2.99 2.71 2.06 1.55 1.24 1.08 0.99 0.87 0.90 1.04 1.15 1.23 1.26 1.31 1.36 1.42 1.53 1.47 1.12 0.96 1.23 1.58 1.80 1.67 1.19 0.89 1.07 1.17 1.22 1.55 1.76
0.68 0.95 1.28 1.46 1.61 1.28 0.87 1.55 3.14 3.22 2.23 2.19 2.37 2.25 2.01 1.79 1.64 1.76 2.05 2.14 1.97 1.80 1.71 1.94 2.61 3.68 4.18 3.08 1.77 1.45 1.19 1.05 1.15 1.22 1.18 1.09 1.16 1.24 1.29 1.34 1.40 1.53 1.58 1.54 1.62 1.89 1.98 1.83 1.87 2.08 2.27 2.63 3.07 3.26 3.02 2.33 1.73 1.37 1.17 1.10 0.99 0.92 1.08 1.23 1.29 1.24 1.26 1.31 1.38 1.60 1.55 1.04 0.68 0.87 1.30 1.82 1.80 1.21 0.85 0.92 1.00 1.05 1.30 1.79
