windninja/windninja_output/Output_2025-10-23_0200-0250_Google earth_Fire_150m_10min/merlingen_7.5mi_point_10-23-2025_0210_150m_vel.asc
ncols	158
nrows	163
xllcorner	391686.332397
yllcorner	5160024.123721
cellsize	150.000000
NODATA_value	-32768.000000
[rows 76 to 113 of 163, columns 0 to 83 of 158]
3.25 3.30 3.26 3.03 3.06 3.30 3.25 3.13 3.10 3.01 2.95 2.92 2.85 2.86 2.86 2.79 2.74 2.80 2.82 2.77 2.75 2.76 2.77 2.77 2.61 2.37 2.47 2.75 2.91 3.04 3.13 3.06 2.99 2.98 2.84 2.65 2.61 2.63 2.59 2.52 2.49 2.49 2.50 2.51 2.50 2.50 2.49 2.48 2.47 2.46 2.44 2.42 2.40 2.38 2.35 2.32 2.29 2.27 2.24 2.21 2.17 2.14 2.11 2.07 2.03 1.99 1.95 1.91 1.87 1.81 1.74 1.66 1.58 1.49 1.44 1.44 1.32 1.11 1.13 1.77 2.57 2.72 2.33 1.70
2.95 3.08 3.22 3.17 3.24 3.32 3.17 3.08 3.11 3.05 3.00 2.90 2.85 2.88 2.86 2.77 2.72 2.77 2.77 2.71 2.70 2.72 2.76 2.73 2.48 2.29 2.52 2.80 2.82 2.83 2.94 3.00 2.94 2.96 2.98 2.77 2.66 2.64 2.55 2.48 2.42 2.42 2.45 2.46 2.46 2.46 2.46 2.46 2.45 2.43 2.42 2.40 2.38 2.35 2.32 2.29 2.27 2.24 2.21 2.18 2.15 2.12 2.09 2.05 2.02 1.98 1.94 1.90 1.85 1.80 1.73 1.67 1.61 1.53 1.46 1.42 1.29 1.13 1.27 1.94 2.40 2.07 1.66 1.48
2.53 2.47 2.92 3.61 3.68 3.41 3.19 3.19 3.29 3.22 3.02 2.85 2.82 2.85 2.82 2.75 2.73 2.74 2.70 2.65 2.65 2.69 2.75 2.64 2.28 2.26 2.64 2.83 2.77 2.63 2.67 2.91 2.98 3.01 3.05 2.88 2.68 2.59 2.54 2.46 2.35 2.34 2.39 2.41 2.42 2.43 2.43 2.43 2.42 2.42 2.40 2.38 2.35 2.32 2.30 2.27 2.24 2.21 2.18 2.15 2.13 2.10 2.07 2.03 2.00 1.96 1.93 1.89 1.84 1.79 1.73 1.67 1.61 1.55 1.48 1.41 1.29 1.18 1.33 1.83 2.01 1.48 1.24 1.33
1.77 1.68 2.53 4.13 4.82 4.34 3.66 3.45 3.58 3.34 2.91 2.75 2.77 2.80 2.79 2.74 2.72 2.68 2.59 2.56 2.61 2.67 2.72 2.52 2.15 2.26 2.71 2.86 2.74 2.52 2.52 2.82 2.96 3.02 3.06 2.92 2.65 2.51 2.55 2.48 2.28 2.24 2.33 2.36 2.37 2.39 2.40 2.40 2.41 2.41 2.39 2.36 2.33 2.29 2.27 2.24 2.21 2.18 2.16 2.13 2.10 2.07 2.04 2.01 1.98 1.95 1.91 1.88 1.83 1.79 1.73 1.67 1.62 1.56 1.49 1.41 1.31 1.23 1.32 1.57 1.51 1.10 1.02 1.15
0.95 1.17 2.41 4.07 5.71 6.09 4.66 3.82 3.73 3.24 2.71 2.59 2.67 2.71 2.73 2.70 2.65 2.58 2.49 2.49 2.57 2.64 2.65 2.45 2.14 2.28 2.71 2.84 2.70 2.49 2.51 2.74 2.86 2.95 3.03 2.91 2.60 2.47 2.55 2.51 2.24 2.13 2.25 2.30 2.31 2.35 2.36 2.38 2.42 2.43 2.39 2.35 2.30 2.27 2.23 2.21 2.18 2.15 2.13 2.10 2.08 2.05 2.02 1.99 1.96 1.93 1.90 1.87 1.83 1.78 1.73 1.67 1.62 1.56 1.50 1.42 1.34 1.25 1.26 1.29 1.08 0.89 0.91 0.98
0.44 1.18 2.90 4.66 6.56 6.14 4.20 3.55 3.38 2.89 2.47 2.39 2.51 2.59 2.64 2.61 2.53 2.47 2.43 2.44 2.52 2.58 2.59 2.42 2.15 2.27 2.67 2.76 2.67 2.56 2.57 2.70 2.76 2.82 2.90 2.85 2.60 2.47 2.52 2.49 2.24 2.07 2.16 2.22 2.25 2.30 2.29 2.33 2.46 2.51 2.42 2.34 2.28 2.23 2.19 2.17 2.14 2.12 2.10 2.08 2.06 2.03 2.00 1.98 1.95 1.92 1.89 1.85 1.82 1.77 1.72 1.67 1.62 1.57 1.51 1.44 1.36 1.26 1.21 1.11 0.88 0.80 0.85 0.85
0.83 1.86 3.92 6.17 6.64 4.44 2.74 2.52 2.47 2.28 2.06 2.09 2.31 2.44 2.51 2.47 2.39 2.40 2.40 2.40 2.47 2.53 2.56 2.40 2.13 2.28 2.63 2.69 2.65 2.61 2.59 2.62 2.61 2.62 2.68 2.71 2.64 2.50 2.49 2.45 2.24 2.07 2.09 2.20 2.26 2.31 2.29 2.33 2.55 2.62 2.47 2.34 2.23 2.17 2.15 2.12 2.11 2.09 2.08 2.06 2.03 2.01 1.98 1.96 1.93 1.90 1.87 1.84 1.81 1.76 1.72 1.67 1.62 1.57 1.51 1.45 1.37 1.27 1.18 1.05 0.84 0.71 0.74 0.80
4.13 4.25 5.21 5.83 4.88 3.16 2.23 1.78 1.60 1.54 1.55 1.81 2.08 2.25 2.36 2.32 2.29 2.35 2.37 2.37 2.44 2.48 2.51 2.38 2.18 2.34 2.62 2.63 2.57 2.57 2.54 2.50 2.46 2.47 2.50 2.57 2.62 2.56 2.50 2.39 2.21 2.12 2.15 2.26 2.35 2.40 2.41 2.47 2.64 2.64 2.46 2.29 2.18 2.11 2.07 2.07 2.07 2.06 2.05 2.03 2.01 1.99 1.96 1.94 1.91 1.89 1.86 1.83 1.79 1.76 1.71 1.67 1.62 1.57 1.52 1.46 1.38 1.28 1.17 1.03 0.82 0.67 0.67 0.91
5.56 5.09 4.52 3.97 3.27 2.69 1.93 1.39 1.26 1.25 1.44 1.71 1.88 2.08 2.23 2.23 2.23 2.32 2.37 2.38 2.44 2.45 2.44 2.42 2.33 2.38 2.53 2.52 2.45 2.50 2.48 2.40 2.34 2.33 2.40 2.49 2.58 2.58 2.49 2.35 2.23 2.20 2.22 2.29 2.37 2.42 2.45 2.53 2.59 2.51 2.33 2.21 2.11 1.99 1.96 2.01 2.03 2.04 2.03 2.01 1.99 1.97 1.94 1.92 1.89 1.87 1.84 1.82 1.78 1.75 1.71 1.67 1.62 1.57 1.52 1.47 1.39 1.30 1.20 1.04 0.85 0.77 0.79 1.16
6.53 5.28 3.71 3.32 3.08 2.59 1.79 1.39 1.40 1.47 1.61 1.68 1.75 1.97 2.16 2.20 2.17 2.30 2.38 2.39 2.42 2.40 2.42 2.50 2.45 2.30 2.33 2.37 2.39 2.44 2.37 2.30 2.22 2.19 2.34 2.47 2.52 2.54 2.49 2.39 2.29 2.23 2.23 2.26 2.33 2.38 2.44 2.52 2.51 2.37 2.22 2.12 2.01 1.91 1.89 1.96 2.01 2.02 2.00 1.99 1.97 1.95 1.92 1.90 1.88 1.85 1.83 1.80 1.77 1.74 1.70 1.66 1.62 1.57 1.53 1.48 1.41 1.32 1.23 1.09 0.95 0.94 1.06 1.54
6.89 5.42 3.69 3.29 3.04 2.60 1.90 1.66 1.79 1.82 1.73 1.60 1.70 1.90 2.09 2.13 2.09 2.25 2.35 2.38 2.38 2.34 2.44 2.61 2.51 2.21 2.16 2.28 2.39 2.35 2.23 2.24 2.17 2.13 2.32 2.44 2.43 2.48 2.52 2.46 2.34 2.21 2.18 2.22 2.28 2.35 2.44 2.51 2.48 2.31 2.13 2.02 1.96 1.92 1.90 1.94 1.99 2.00 1.99 1.98 1.96 1.93 1.90 1.88 1.85 1.83 1.81 1.79 1.76 1.73 1.69 1.66 1.62 1.58 1.53 1.49 1.43 1.36 1.27 1.18 1.09 1.16 1.38 1.94
6.50 5.08 3.69 3.28 2.86 2.53 2.10 1.99 2.17 2.09 1.69 1.54 1.75 1.81 1.97 2.04 1.99 2.20 2.37 2.44 2.39 2.35 2.65 2.98 2.70 2.19 2.07 2.22 2.29 2.22 2.14 2.18 2.17 2.16 2.27 2.34 2.32 2.40 2.52 2.51 2.38 2.20 2.11 2.13 2.21 2.32 2.43 2.48 2.45 2.27 2.05 1.96 1.92 1.91 1.92 1.95 1.98 1.99 1.99 1.97 1.94 1.91 1.88 1.85 1.83 1.81 1.79 1.77 1.74 1.72 1.69 1.66 1.62 1.58 1.54 1.50 1.45 1.40 1.34 1.28 1.24 1.34 1.58 2.04
5.63 4.77 3.71 3.21 2.67 2.39 2.33 2.28 2.26 2.12 1.73 1.68 1.82 1.74 1.85 1.88 1.87 2.20 2.48 2.65 2.58 2.66 3.40 3.59 2.77 1.99 1.89 2.05 2.10 2.10 2.09 2.13 2.15 2.15 2.18 2.23 2.23 2.28 2.44 2.52 2.43 2.24 2.07 2.05 2.13 2.27 2.41 2.45 2.40 2.24 2.07 1.95 1.88 1.89 1.93 1.96 1.99 2.02 2.00 1.98 1.94 1.88 1.84 1.82 1.80 1.79 1.77 1.75 1.73 1.71 1.68 1.65 1.62 1.58 1.55 1.51 1.48 1.44 1.40 1.36 1.35 1.42 1.61 1.99
4.85 4.47 3.70 3.03 2.57 2.35 2.37 2.36 2.19 2.20 2.20 1.98 1.78 1.67 1.65 1.62 1.81 2.27 2.73 3.04 3.11 3.66 4.11 3.41 2.06 1.50 1.60 1.83 1.93 1.99 2.04 2.08 2.11 2.11 2.13 2.21 2.16 2.13 2.27 2.46 2.46 2.30 2.11 2.01 2.05 2.19 2.34 2.42 2.38 2.24 2.11 1.98 1.90 1.90 1.90 1.92 1.96 2.02 2.08 2.05 1.92 1.83 1.80 1.78 1.77 1.76 1.75 1.73 1.72 1.69 1.67 1.64 1.62 1.59 1.56 1.53 1.50 1.47 1.44 1.42 1.42 1.45 1.56 1.82
4.57 4.13 3.36 2.82 2.56 2.34 2.23 2.23 2.11 2.40 2.67 2.15 1.63 1.52 1.45 1.46 1.81 2.36 3.12 3.83 4.29 4.48 3.76 2.26 1.26 1.06 1.34 1.66 1.80 1.89 1.98 2.05 2.07 2.05 2.11 2.20 2.11 2.03 2.11 2.33 2.46 2.34 2.17 2.03 2.01 2.09 2.21 2.38 2.40 2.28 2.16 2.06 1.97 1.91 1.81 1.79 1.87 2.05 2.29 2.18 1.86 1.73 1.73 1.73 1.74 1.74 1.73 1.72 1.70 1.68 1.66 1.64 1.61 1.59 1.56 1.54 1.52 1.49 1.47 1.46 1.47 1.48 1.53 1.70
4.34 3.73 3.01 2.83 2.73 2.41 2.14 2.05 2.03 2.56 2.87 2.18 1.48 1.37 1.38 1.49 1.82 2.33 3.35 4.70 4.96 4.05 2.34 1.28 0.78 0.79 1.18 1.52 1.69 1.81 1.93 2.00 2.04 2.02 2.08 2.16 2.09 2.03 2.03 2.15 2.35 2.34 2.21 2.09 2.01 2.01 2.11 2.29 2.40 2.37 2.25 2.13 2.04 1.89 1.66 1.65 1.90 2.23 2.45 2.19 1.73 1.60 1.64 1.68 1.70 1.71 1.71 1.70 1.68 1.67 1.65 1.63 1.61 1.59 1.57 1.55 1.53 1.51 1.50 1.50 1.50 1.51 1.55 1.68
3.98 3.49 2.90 2.86 2.91 2.66 2.35 2.05 1.88 2.44 2.83 2.17 1.49 1.37 1.42 1.63 1.94 2.43 3.79 4.99 4.43 2.21 1.08 0.65 0.45 0.65 1.10 1.43 1.62 1.76 1.88 1.97 2.03 2.04 2.06 2.11 2.08 2.04 2.02 2.02 2.10 2.23 2.27 2.17 2.04 1.96 2.01 2.17 2.36 2.46 2.38 2.24 2.09 1.87 1.61 1.68 2.11 2.36 2.34 2.02 1.61 1.48 1.55 1.63 1.67 1.68 1.69 1.68 1.67 1.65 1.64 1.62 1.60 1.59 1.57 1.55 1.54 1.53 1.52 1.52 1.53 1.54 1.59 1.67
3.77 3.41 2.93 2.88 3.06 2.99 2.62 2.09 1.65 2.08 2.69 2.30 1.72 1.62 1.62 1.98 2.48 3.20 4.39 4.51 2.93 0.72 0.38 0.34 0.34 0.67 1.10 1.39 1.58 1.72 1.83 1.96 2.08 2.08 2.03 2.03 2.04 2.04 2.03 1.96 1.86 1.98 2.24 2.27 2.06 1.93 1.94 2.08 2.33 2.49 2.55 2.44 2.10 1.81 1.66 1.79 2.14 2.22 2.07 1.89 1.62 1.44 1.49 1.59 1.63 1.66 1.67 1.66 1.65 1.64 1.62 1.61 1.60 1.58 1.57 1.55 1.54 1.53 1.53 1.53 1.54 1.56 1.59 1.64
3.76 3.42 2.92 2.94 3.25 3.13 2.53 1.78 1.33 1.84 2.61 2.46 1.99 1.80 1.80 2.38 2.91 3.48 4.12 3.32 1.70 0.89 0.67 0.51 0.47 0.78 1.15 1.38 1.53 1.64 1.78 2.02 2.20 2.11 1.96 1.94 2.01 2.03 2.03 1.94 1.75 1.74 2.06 2.28 2.10 1.97 1.96 2.06 2.31 2.51 2.77 2.65 1.98 1.70 1.71 1.79 1.98 2.02 1.91 1.82 1.67 1.48 1.47 1.57 1.61 1.64 1.65 1.64 1.63 1.62 1.61 1.60 1.59 1.57 1.56 1.55 1.54 1.54 1.53 1.54 1.54 1.56 1.58 1.63
3.72 3.40 2.97 3.05 3.33 3.01 2.27 1.52 1.26 1.76 2.42 2.41 2.00 1.61 1.65 2.40 2.84 3.32 3.79 2.83 1.64 1.52 1.19 0.86 0.74 0.95 1.19 1.36 1.46 1.57 1.84 2.19 2.30 2.08 1.86 1.88 1.99 2.03 2.01 1.93 1.75 1.64 1.84 2.13 2.13 2.08 2.08 2.16 2.38 2.66 2.89 2.55 1.76 1.56 1.70 1.77 1.86 1.90 1.82 1.75 1.68 1.51 1.49 1.57 1.61 1.62 1.62 1.62 1.62 1.61 1.60 1.59 1.57 1.56 1.55 1.55 1.54 1.54 1.53 1.53 1.54 1.55 1.57 1.59
3.53 3.44 3.18 3.12 3.19 2.79 2.18 1.58 1.34 1.54 1.92 2.08 1.75 1.54 1.69 2.34 2.73 3.53 3.89 2.45 1.90 1.95 1.64 1.22 1.04 1.11 1.21 1.33 1.43 1.62 2.03 2.28 2.23 1.99 1.79 1.84 1.97 2.01 1.98 1.92 1.78 1.64 1.70 1.95 2.11 2.14 2.22 2.38 2.59 2.75 2.62 2.18 1.70 1.51 1.67 1.78 1.80 1.80 1.73 1.69 1.65 1.52 1.52 1.58 1.60 1.60 1.60 1.61 1.61 1.60 1.58 1.57 1.56 1.55 1.55 1.54 1.54 1.53 1.53 1.53 1.53 1.54 1.55 1.56
3.55 3.53 3.29 2.98 2.87 2.69 2.32 1.88 1.58 1.47 1.56 1.45 1.25 1.43 1.79 2.35 2.87 3.53 3.68 2.75 2.26 2.13 2.12 1.76 1.35 1.20 1.20 1.31 1.49 1.75 2.05 2.15 2.10 1.96 1.81 1.84 1.96 2.00 1.97 1.92 1.83 1.68 1.64 1.86 2.09 2.14 2.30 2.52 2.63 2.52 2.20 2.00 1.80 1.59 1.67 1.78 1.77 1.73 1.68 1.65 1.59 1.53 1.55 1.58 1.59 1.59 1.59 1.60 1.60 1.58 1.55 1.55 1.54 1.54 1.54 1.54 1.53 1.52 1.52 1.52 1.52 1.52 1.53 1.53
3.82 3.62 3.14 2.66 2.54 2.58 2.37 2.13 1.92 1.67 1.50 1.27 1.08 1.27 1.83 2.45 2.99 3.18 2.73 2.64 2.51 2.34 2.57 2.31 1.59 1.14 1.14 1.30 1.52 1.78 1.96 2.02 2.04 1.99 1.87 1.88 1.99 2.04 1.99 1.92 1.86 1.72 1.63 1.78 1.99 2.09 2.27 2.50 2.49 2.29 2.07 1.98 1.88 1.71 1.70 1.77 1.78 1.72 1.66 1.61 1.54 1.53 1.57 1.59 1.58 1.58 1.58 1.58 1.57 1.55 1.53 1.53 1.54 1.53 1.53 1.52 1.52 1.52 1.51 1.51 1.51 1.51 1.50 1.51
3.97 3.49 2.82 2.44 2.30 2.23 2.05 2.08 2.03 1.80 1.62 1.40 1.14 1.24 1.77 2.45 2.82 2.57 2.21 2.23 2.41 2.68 3.03 2.57 1.41 0.95 1.11 1.31 1.51 1.74 1.91 1.98 2.01 2.00 1.95 1.97 2.06 2.10 2.04 1.94 1.85 1.75 1.65 1.68 1.87 2.07 2.23 2.35 2.31 2.18 2.07 1.97 1.88 1.82 1.77 1.77 1.78 1.75 1.66 1.55 1.51 1.53 1.60 1.61 1.59 1.58 1.57 1.55 1.53 1.52 1.52 1.52 1.52 1.52 1.52 1.51 1.51 1.50 1.50 1.50 1.49 1.49 1.48 1.48
3.49 3.12 2.66 2.41 2.18 2.01 1.90 1.91 1.91 1.77 1.71 1.53 1.30 1.37 1.69 2.26 2.63 2.23 1.82 1.88 2.34 3.10 3.13 2.00 1.14 1.04 1.22 1.36 1.50 1.71 1.90 2.00 2.05 2.06 2.04 2.06 2.09 2.11 2.11 1.98 1.84 1.77 1.67 1.62 1.78 2.02 2.14 2.18 2.16 2.10 2.07 1.97 1.86 1.86 1.84 1.79 1.73 1.77 1.71 1.54 1.48 1.52 1.59 1.63 1.62 1.58 1.55 1.52 1.48 1.49 1.50 1.50 1.51 1.51 1.51 1.50 1.50 1.49 1.49 1.48 1.48 1.47 1.46 1.46
2.90 2.70 2.50 2.35 2.06 1.92 1.89 1.84 1.78 1.71 1.68 1.54 1.36 1.45 1.70 2.08 2.44 2.15 1.63 2.05 2.94 3.20 2.52 1.80 1.43 1.30 1.37 1.45 1.52 1.69 1.93 2.09 2.15 2.18 2.14 2.09 2.07 2.13 2.20 2.07 1.84 1.75 1.68 1.60 1.67 1.85 2.02 2.07 2.04 2.03 2.03 1.95 1.86 1.84 1.87 1.79 1.71 1.78 1.75 1.57 1.47 1.49 1.57 1.66 1.66 1.59 1.53 1.47 1.42 1.44 1.47 1.49 1.50 1.49 1.49 1.49 1.49 1.48 1.48 1.47 1.46 1.45 1.44 1.43
2.46 2.36 2.26 2.15 1.95 1.84 1.83 1.80 1.72 1.64 1.60 1.50 1.31 1.29 1.57 1.98 2.31 2.18 1.89 2.50 3.12 2.48 1.99 1.87 1.65 1.53 1.51 1.53 1.56 1.73 2.01 2.21 2.29 2.31 2.23 2.12 2.09 2.18 2.26 2.11 1.84 1.71 1.67 1.61 1.60 1.73 1.93 2.00 1.95 1.95 1.93 1.92 1.87 1.83 1.86 1.78 1.73 1.76 1.73 1.63 1.51 1.48 1.55 1.65 1.69 1.60 1.49 1.39 1.32 1.37 1.47 1.51 1.49 1.47 1.48 1.48 1.48 1.47 1.47 1.46 1.45 1.44 1.43 1.41
2.13 2.07 2.00 1.94 1.84 1.77 1.75 1.73 1.69 1.61 1.53 1.46 1.26 1.17 1.41 1.84 2.26 2.21 2.12 2.68 2.82 2.22 2.01 1.96 1.79 1.70 1.71 1.66 1.65 1.86 2.10 2.27 2.39 2.40 2.33 2.24 2.18 2.22 2.24 2.10 1.85 1.69 1.67 1.63 1.60 1.67 1.81 1.87 1.84 1.84 1.85 1.89 1.87 1.82 1.85 1.79 1.73 1.72 1.70 1.68 1.59 1.50 1.51 1.61 1.69 1.60 1.44 1.32 1.25 1.32 1.50 1.55 1.47 1.44 1.45 1.47 1.47 1.47 1.46 1.45 1.44 1.42 1.41 1.39
1.85 1.80 1.75 1.76 1.75 1.71 1.68 1.64 1.64 1.61 1.52 1.46 1.33 1.31 1.46 1.73 2.16 2.21 2.15 2.41 2.44 2.28 2.18 2.06 1.87 1.83 1.95 1.91 1.84 2.05 2.19 2.28 2.46 2.49 2.43 2.38 2.29 2.22 2.18 2.09 1.89 1.73 1.67 1.65 1.61 1.59 1.66 1.71 1.69 1.73 1.81 1.86 1.86 1.83 1.81 1.77 1.71 1.69 1.70 1.70 1.62 1.50 1.47 1.58 1.65 1.57 1.42 1.27 1.21 1.30 1.49 1.55 1.46 1.40 1.41 1.46 1.49 1.48 1.45 1.44 1.43 1.41 1.39 1.37
1.60 1.54 1.52 1.61 1.66 1.66 1.61 1.55 1.59 1.66 1.58 1.50 1.47 1.44 1.49 1.66 1.95 2.05 2.00 2.07 2.08 2.12 2.18 2.08 1.94 1.96 2.13 2.14 2.09 2.25 2.30 2.37 2.49 2.50 2.51 2.57 2.49 2.30 2.20 2.11 1.95 1.76 1.68 1.68 1.60 1.54 1.56 1.58 1.57 1.65 1.78 1.82 1.82 1.82 1.78 1.72 1.67 1.67 1.70 1.70 1.60 1.50 1.49 1.57 1.58 1.54 1.43 1.25 1.17 1.28 1.43 1.49 1.49 1.40 1.40 1.51 1.53 1.46 1.42 1.44 1.44 1.41 1.37 1.34
1.33 1.29 1.31 1.44 1.58 1.61 1.55 1.49 1.56 1.73 1.69 1.61 1.57 1.50 1.50 1.57 1.73 1.82 1.76 1.75 1.87 2.05 2.01 1.92 1.98 2.04 2.19 2.29 2.40 2.51 2.53 2.56 2.42 2.37 2.63 2.89 2.76 2.42 2.22 2.09 1.92 1.74 1.70 1.68 1.58 1.52 1.48 1.48 1.50 1.57 1.72 1.76 1.74 1.77 1.77 1.69 1.63 1.63 1.67 1.68 1.60 1.52 1.53 1.55 1.53 1.50 1.43 1.24 1.13 1.24 1.36 1.43 1.50 1.48 1.48 1.56 1.54 1.41 1.40 1.49 1.50 1.40 1.33 1.31
1.04 1.06 1.13 1.29 1.49 1.56 1.54 1.48 1.55 1.78 1.82 1.71 1.58 1.46 1.48 1.48 1.56 1.62 1.52 1.49 1.73 2.06 1.88 1.63 1.84 2.08 2.15 2.28 2.66 2.84 2.76 2.60 2.16 2.19 2.91 3.26 2.90 2.35 2.13 2.06 1.87 1.74 1.73 1.68 1.59 1.53 1.45 1.43 1.45 1.48 1.60 1.67 1.65 1.68 1.72 1.69 1.62 1.59 1.62 1.62 1.61 1.57 1.54 1.53 1.52 1.45 1.40 1.26 1.11 1.15 1.32 1.41 1.49 1.55 1.56 1.58 1.54 1.42 1.42 1.53 1.53 1.38 1.29 1.27
0.79 0.82 0.98 1.20 1.39 1.51 1.60 1.56 1.62 1.77 1.81 1.66 1.43 1.39 1.50 1.49 1.48 1.44 1.34 1.36 1.67 2.06 1.87 1.42 1.52 1.92 2.09 2.14 2.74 3.17 2.84 2.51 1.97 2.17 3.27 3.39 2.70 2.16 2.14 2.12 1.85 1.71 1.75 1.70 1.60 1.53 1.46 1.42 1.38 1.39 1.47 1.56 1.58 1.59 1.62 1.64 1.63 1.60 1.58 1.56 1.59 1.64 1.57 1.49 1.48 1.41 1.35 1.28 1.13 1.08 1.23 1.43 1.52 1.55 1.59 1.61 1.58 1.51 1.43 1.48 1.51 1.39 1.27 1.22
0.58 0.64 0.91 1.21 1.41 1.55 1.59 1.56 1.57 1.61 1.68 1.61 1.38 1.39 1.58 1.62 1.46 1.20 1.17 1.44 1.82 2.05 1.79 1.34 1.25 1.63 1.96 2.02 2.70 3.29 2.85 2.45 2.08 2.36 3.42 3.24 2.42 2.19 2.29 2.10 1.65 1.63 1.80 1.70 1.55 1.51 1.47 1.36 1.29 1.30 1.37 1.46 1.51 1.51 1.52 1.54 1.59 1.62 1.59 1.50 1.52 1.65 1.61 1.43 1.42 1.42 1.32 1.28 1.17 1.04 1.12 1.40 1.59 1.57 1.59 1.62 1.62 1.56 1.43 1.42 1.47 1.44 1.30 1.18
0.48 0.59 0.96 1.26 1.41 1.46 1.42 1.42 1.45 1.48 1.59 1.59 1.40 1.43 1.69 1.79 1.44 0.90 0.99 1.53 2.02 2.11 1.69 1.30 1.18 1.38 1.72 1.93 2.69 3.28 2.87 2.44 2.20 2.57 3.43 3.20 2.52 2.44 2.29 1.78 1.44 1.67 1.83 1.63 1.51 1.52 1.43 1.28 1.22 1.25 1.29 1.35 1.39 1.43 1.46 1.46 1.49 1.61 1.63 1.47 1.43 1.59 1.60 1.41 1.38 1.44 1.36 1.26 1.16 1.05 1.07 1.37 1.61 1.59 1.58 1.61 1.61 1.56 1.46 1.43 1.45 1.48 1.36 1.17
0.48 0.64 0.98 1.19 1.27 1.28 1.27 1.31 1.36 1.39 1.50 1.60 1.48 1.49 1.80 1.92 1.38 0.64 0.76 1.48 2.11 2.27 1.71 1.26 1.18 1.33 1.56 1.82 2.47 3.11 3.01 2.51 2.23 2.69 3.50 3.36 2.82 2.53 2.06 1.51 1.47 1.69 1.75 1.59 1.51 1.47 1.33 1.20 1.18 1.20 1.22 1.22 1.23 1.34 1.43 1.40 1.39 1.54 1.63 1.47 1.37 1.48 1.53 1.43 1.38 1.44 1.44 1.28 1.14 1.07 1.10 1.34 1.57 1.59 1.58 1.61 1.57 1.53 1.51 1.48 1.46 1.48 1.38 1.18
0.47 0.61 0.87 1.03 1.11 1.15 1.18 1.23 1.29 1.29 1.39 1.68 1.68 1.56 1.84 1.96 1.31 0.53 0.59 1.27 1.97 2.36 1.90 1.19 1.11 1.49 1.67 1.80 2.09 2.64 2.98 2.73 2.39 2.88 3.62 3.42 2.84 2.30 1.65 1.40 1.40 1.45 1.61 1.69 1.55 1.37 1.21 1.13 1.13 1.15 1.14 1.09 1.10 1.26 1.39 1.34 1.31 1.45 1.58 1.50 1.35 1.36 1.44 1.44 1.39 1.42 1.45 1.35 1.19 1.10 1.12 1.29 1.48 1.55 1.57 1.60 1.56 1.49 1.53 1.55 1.53 1.51 1.37 1.20
0.42 0.52 0.73 0.89 1.03 1.09 1.11 1.16 1.21 1.18 1.30 1.75 1.85 1.61 1.80 1.97 1.32 0.59 0.66 1.07 1.68 2.28 2.08 1.23 1.14 1.69 1.84 1.91 1.92 2.08 2.61 2.87 2.84 3.27 3.71 3.22 2.45 1.83 1.38 1.22 1.11 1.22 1.63 1.81 1.52 1.21 1.10 1.09 1.09 1.10 1.08 1.01 1.02 1.17 1.31 1.30 1.26 1.33 1.50 1.50 1.35 1.28 1.36 1.45 1.38 1.36 1.42 1.38 1.30 1.18 1.14 1.28 1.43 1.47 1.53 1.61 1.58 1.49 1.49 1.55 1.62 1.56 1.33 1.18
