windninja/windninja_output/Output_2025-10-23_0200-0250_Google earth_Fire_150m_10min/merlingen_7.5mi_point_10-23-2025_0220_150m_ang.asc
ncols	158
nrows	163
xllcorner	391686.332397
yllcorner	5160024.123721
cellsize	150.000000
NODATA_value	-32768.000000
[rows 0 to 44 of 163, columns 0 to 95 of 158]
106 104 101 101 100 102 103 98 95 95 93 84 68 59 61 70 80 85 90 100 108 101 88 85 90 95 94 88 86 87 86 85 85 83 82 86 91 90 90 90 87 86 87 88 92 95 98 101 101 101 101 100 101 102 100 97 94 92 93 95 95 92 90 88 86 84 83 86 92 96 96 94 90 87 87 88 88 88 89 91 89 85 82 83 85 83 78 75 75 73 70 70 70 67 64 64
107 106 104 103 102 102 100 97 96 95 94 87 73 65 69 76 84 90 96 102 107 106 97 91 91 93 93 92 90 88 87 86 86 86 87 89 90 92 93 93 92 91 91 93 96 98 100 103 104 103 101 101 100 98 97 95 94 94 94 95 95 93 92 91 90 88 87 89 92 95 96 94 92 91 90 90 88 88 91 92 89 85 84 84 84 84 82 79 77 76 75 75 73 71 69 68
110 108 107 106 104 102 98 98 99 100 99 94 85 80 80 85 91 96 100 102 104 109 110 100 93 91 92 94 93 90 89 90 90 91 93 93 93 94 96 96 97 98 98 99 101 102 103 104 105 105 103 101 99 96 96 96 97 97 96 95 96 96 96 95 94 94 92 92 93 95 95 94 95 95 94 92 90 91 92 92 88 86 87 85 85 88 89 84 81 81 83 83 82 81 80 79
111 108 107 107 105 104 104 104 106 107 106 101 95 91 90 93 95 98 99 99 100 106 111 108 99 95 94 95 94 93 92 92 94 96 97 97 97 96 97 99 101 102 103 104 105 106 106 104 103 104 105 102 99 98 98 99 99 98 98 97 97 98 97 96 96 96 95 94 94 95 94 95 96 96 95 94 94 93 92 91 89 87 87 88 89 91 93 90 87 86 87 88 90 89 89 91
112 109 106 106 105 107 109 110 110 108 105 104 102 98 98 97 96 97 96 95 97 103 111 115 107 101 99 98 97 97 95 95 97 99 100 99 98 99 101 104 106 107 107 107 107 106 105 104 103 102 101 100 99 98 98 98 99 99 99 99 98 98 98 97 97 97 97 96 95 94 94 95 96 96 95 95 96 95 92 90 90 90 89 90 91 92 96 98 97 94 92 93 97 99 101 102
112 111 108 107 107 109 111 111 108 105 103 106 108 104 101 99 95 93 93 93 95 100 109 118 114 108 103 100 99 100 99 98 99 100 101 101 102 104 106 107 108 109 108 107 105 104 103 102 102 100 98 97 98 98 97 98 99 100 100 100 99 99 99 98 98 99 98 97 96 94 93 94 97 98 96 95 96 97 95 89 88 92 94 93 93 93 96 102 104 103 102 101 103 107 109 108
111 111 111 110 109 109 110 108 106 104 105 109 114 109 102 99 96 92 92 94 95 98 106 116 118 112 106 104 103 102 102 101 101 100 101 103 106 107 107 107 107 107 105 103 102 101 100 100 99 98 97 96 97 97 97 98 99 101 101 102 102 102 101 99 99 99 99 98 97 96 95 96 98 100 99 97 96 97 94 89 90 96 98 96 95 93 95 102 107 110 109 107 105 106 107 107
110 110 111 112 110 108 107 104 103 105 109 114 118 112 104 100 98 95 94 95 96 98 102 111 118 116 111 108 106 104 103 103 101 100 101 103 105 105 103 103 102 102 101 100 100 100 99 99 98 98 97 98 97 96 96 99 101 102 103 105 105 105 102 100 98 99 100 100 98 98 99 99 98 98 100 98 96 94 91 90 94 98 101 99 98 97 98 102 107 111 112 110 107 105 106 109
110 110 110 111 110 107 104 102 103 107 111 117 121 116 106 101 100 98 96 96 97 98 100 107 115 120 116 110 108 106 105 104 102 101 101 101 101 99 98 97 97 97 97 98 98 99 98 98 98 98 98 98 97 96 97 100 102 103 104 104 103 103 103 100 97 97 100 101 100 99 99 98 96 96 97 97 96 92 89 92 96 100 105 105 104 104 104 106 111 116 117 116 114 114 115 114
110 109 109 109 109 107 105 105 106 109 113 117 121 119 108 102 100 101 100 99 99 99 100 104 111 119 119 112 110 109 106 105 104 102 100 98 97 96 95 94 94 95 96 97 97 97 97 97 97 99 98 97 97 99 99 100 102 102 100 98 97 98 100 99 98 99 101 101 99 96 95 96 97 96 96 96 94 93 95 98 100 103 107 110 109 109 109 111 116 120 119 118 119 120 118 113
110 109 109 108 108 108 107 107 109 111 113 116 120 120 111 104 102 102 104 103 101 101 101 103 108 114 119 114 110 110 106 103 103 101 98 96 94 94 94 94 95 95 95 95 94 95 96 96 94 96 97 97 98 99 99 97 95 95 92 90 91 93 96 99 102 102 101 99 96 93 94 96 98 98 96 94 94 98 105 107 105 104 106 110 112 113 113 112 113 116 113 113 115 117 114 109
110 110 109 108 108 108 109 109 110 111 112 115 118 120 114 108 105 104 105 105 104 102 101 101 104 108 111 110 107 106 103 100 100 100 97 94 93 93 95 95 94 94 94 92 92 92 92 91 88 89 94 95 95 95 94 92 89 88 86 85 86 87 92 101 104 103 100 97 95 97 98 97 98 100 99 99 101 106 112 114 110 106 107 111 115 118 116 111 111 115 111 107 108 113 111 107
110 110 109 109 109 109 109 109 109 111 112 113 116 118 115 110 108 107 105 106 105 103 101 99 98 97 100 103 103 102 101 100 100 100 97 94 94 95 96 95 94 94 92 90 89 87 83 81 82 86 89 90 90 90 90 91 88 84 80 78 82 86 92 100 103 102 100 99 104 106 102 99 100 104 109 110 110 110 113 116 114 110 110 112 114 117 114 109 110 115 110 104 103 109 108 102
110 110 109 109 109 109 109 109 109 110 111 113 115 117 113 109 108 109 108 106 105 102 99 95 91 92 95 99 101 101 100 100 100 98 96 95 96 96 95 94 93 91 87 85 84 81 77 75 78 83 86 88 88 87 89 92 91 85 78 78 84 91 96 101 103 101 101 104 112 114 108 104 104 109 114 113 111 109 108 110 112 113 112 110 108 109 109 104 102 107 106 100 97 99 100 96
110 110 109 109 109 109 109 109 109 110 111 112 116 118 114 108 108 110 110 106 102 99 96 92 90 92 96 98 99 99 98 99 100 99 99 98 95 93 91 89 86 81 78 80 82 80 80 82 80 80 84 88 89 89 91 93 96 93 88 87 92 97 102 104 103 103 106 108 114 120 119 112 110 110 112 111 109 105 102 104 110 112 110 106 102 102 102 98 93 94 97 94 89 90 92 93
109 109 109 109 109 109 109 109 109 110 111 112 115 119 117 110 108 109 109 106 102 99 96 93 92 95 98 98 97 98 99 100 100 99 97 94 90 86 83 80 79 77 78 83 86 84 86 90 88 84 87 91 95 97 97 96 98 102 100 97 99 102 106 106 103 104 108 111 114 123 126 118 111 109 109 110 107 103 102 106 110 109 105 101 97 94 92 89 85 84 87 88 87 87 90 92
109 109 109 109 109 109 109 109 109 110 111 112 114 119 119 112 107 106 106 105 103 100 98 95 95 96 98 99 99 100 101 99 95 90 86 85 85 83 81 81 82 84 88 89 89 89 89 90 94 96 96 97 100 101 99 95 95 101 107 104 103 105 106 107 104 103 107 111 114 120 125 121 113 112 114 112 108 106 108 108 106 103 99 95 91 88 84 81 84 88 90 90 88 88 90 92
109 109 109 109 109 109 109 109 109 110 110 111 113 116 117 112 106 104 103 103 101 99 98 97 97 95 96 99 100 99 97 91 85 80 80 83 86 87 87 88 89 91 92 90 89 91 92 94 99 103 104 102 101 99 97 95 96 101 108 108 105 105 106 107 107 105 106 110 112 114 119 123 119 118 119 115 113 111 107 102 96 94 93 88 83 83 82 82 89 97 99 94 90 90 90 90
109 109 109 109 109 109 109 109 110 110 109 110 111 113 114 112 107 103 101 99 98 97 98 98 96 95 95 97 98 96 91 85 80 80 83 85 88 90 91 91 92 92 92 92 91 92 97 102 102 101 103 103 102 99 99 100 100 102 106 107 105 103 104 107 108 107 106 107 108 111 117 124 122 120 120 118 113 107 97 90 89 90 90 87 85 84 86 88 92 98 104 100 95 93 92 90
109 109 109 109 109 109 109 109 109 109 109 109 110 111 111 110 106 102 100 98 98 98 98 98 97 96 96 95 95 93 89 83 81 83 85 87 89 92 94 95 95 94 93 93 94 97 101 104 102 99 100 102 104 104 104 104 103 102 103 105 103 100 102 106 107 107 105 105 109 114 120 124 121 118 120 119 110 99 93 91 92 94 96 96 93 90 90 90 92 97 105 107 99 96 95 93
110 110 110 109 109 109 109 109 109 109 109 109 109 109 109 108 105 103 101 100 100 100 100 99 98 97 96 95 94 92 89 85 83 86 90 92 95 98 99 98 96 95 94 95 98 100 100 101 102 101 100 102 105 108 108 106 104 102 101 102 100 98 101 106 108 108 109 110 113 117 119 119 116 115 118 120 113 102 98 97 99 100 101 102 100 96 92 90 93 98 106 110 101 97 97 98
110 110 109 109 109 109 109 108 108 109 109 108 108 108 108 107 105 104 103 102 101 101 100 100 98 97 95 94 93 92 91 89 89 94 97 98 98 98 99 97 95 94 94 97 98 99 99 101 103 103 102 103 106 108 108 107 106 104 101 99 99 99 102 107 109 111 114 115 115 115 113 111 109 110 115 122 120 109 101 99 101 101 100 103 105 100 95 93 96 100 106 112 104 98 99 102
109 109 109 109 109 109 109 108 108 108 109 108 108 108 108 107 106 105 104 103 102 102 101 100 99 97 95 94 93 93 94 96 98 99 99 98 96 94 94 95 94 95 95 96 97 99 102 104 105 104 103 104 104 105 108 109 108 107 104 99 98 99 102 108 113 117 119 117 113 109 106 105 106 108 115 125 127 116 106 101 98 98 99 103 107 106 103 100 100 102 106 112 105 99 100 103
109 109 109 109 109 109 108 108 107 108 109 109 108 107 107 107 106 105 104 104 103 102 102 100 99 97 94 92 92 94 97 101 101 98 96 95 93 92 92 95 97 97 96 96 99 104 105 103 104 104 103 103 104 105 108 110 110 109 107 102 99 99 102 110 117 120 120 114 107 101 99 101 105 110 116 125 129 120 111 103 96 96 98 100 106 110 111 106 101 101 104 108 103 99 100 102
110 110 110 109 109 109 108 108 108 108 108 108 108 107 107 107 106 106 105 104 104 103 102 101 99 96 92 89 91 95 99 102 102 98 95 93 92 93 95 98 100 100 99 101 103 104 102 101 101 103 103 103 105 107 108 110 110 109 108 105 100 101 106 112 117 117 113 105 96 92 94 101 108 113 116 119 121 120 115 108 100 98 98 97 102 109 112 108 103 101 103 105 102 100 100 101
110 110 109 109 109 109 108 108 108 108 108 108 108 107 107 106 106 106 105 105 104 103 102 101 99 95 90 88 91 96 100 102 104 102 98 94 92 93 98 101 103 104 105 105 104 101 99 100 101 103 103 103 104 106 108 111 111 107 105 105 105 109 112 114 115 112 107 98 89 89 97 107 113 114 116 115 111 115 119 117 110 105 101 98 100 106 111 109 105 103 106 111 104 101 100 101
109 109 109 109 109 109 108 108 108 108 107 107 108 107 107 106 106 106 105 105 104 104 103 102 100 96 90 90 92 94 98 102 104 105 102 97 93 94 99 105 106 107 109 107 104 102 100 100 103 104 104 103 104 106 111 115 111 104 104 108 112 114 115 113 109 105 100 93 89 93 103 111 115 115 118 117 106 109 120 124 118 111 106 103 102 104 108 107 103 103 109 117 109 102 100 100
110 109 109 109 109 109 109 108 108 107 107 107 107 107 107 106 106 106 105 105 105 105 105 104 102 100 96 93 93 93 95 99 104 106 106 103 98 97 100 106 109 110 111 109 107 108 105 102 103 105 106 104 105 109 113 119 114 105 109 114 115 114 112 109 103 97 92 89 94 100 106 110 114 115 119 121 107 105 114 125 123 117 112 109 106 103 101 100 98 99 107 118 116 105 100 100
110 109 109 109 109 109 109 108 108 107 107 106 106 106 107 107 107 106 106 106 106 106 106 106 105 106 105 101 97 93 92 97 102 106 109 112 109 103 104 109 113 113 114 112 112 112 109 104 102 106 111 108 106 108 111 120 122 111 110 114 114 112 109 105 100 95 91 93 101 106 108 109 112 113 117 120 111 103 105 117 124 123 117 111 106 99 96 97 96 95 99 111 118 112 106 104
110 110 109 108 108 109 109 108 107 107 107 106 106 107 107 107 107 107 107 107 107 106 106 107 108 112 113 108 101 95 92 93 98 105 114 123 121 112 109 114 117 117 117 114 114 115 112 110 108 109 113 111 107 106 107 117 124 113 108 110 112 110 103 98 96 95 96 100 104 108 109 108 107 107 113 119 114 103 100 107 120 126 120 111 104 99 98 101 99 94 94 101 113 116 111 107
110 110 109 108 108 108 109 108 107 107 107 106 106 106 107 107 107 108 108 107 107 107 108 109 112 115 116 111 104 97 92 92 97 107 117 128 127 117 113 116 118 117 117 113 113 115 114 114 112 109 110 109 105 101 100 107 112 110 107 105 106 105 96 89 90 96 103 104 103 105 107 104 100 104 115 120 116 105 99 103 115 125 121 113 107 106 106 104 100 94 90 92 100 109 110 108
110 110 110 108 108 108 109 108 107 107 107 106 106 106 107 107 107 108 108 108 108 108 109 110 114 117 117 114 107 100 96 98 102 107 114 128 127 118 114 115 115 113 112 109 108 111 112 111 107 103 103 102 99 96 94 96 102 105 105 103 101 100 92 85 91 101 109 108 102 102 103 101 103 112 121 122 117 108 101 102 110 121 121 115 111 109 106 102 97 93 89 87 90 99 106 109
110 110 110 109 108 108 108 108 107 107 107 107 107 107 107 107 107 107 108 108 109 110 111 112 114 118 119 119 117 112 108 107 106 104 108 123 126 116 112 110 107 106 106 105 105 107 107 105 101 99 99 99 98 95 91 94 101 102 101 100 99 98 92 88 93 103 114 113 104 100 102 107 112 119 124 124 121 113 104 101 104 111 115 115 112 108 104 100 95 92 90 88 88 94 103 111
110 109 109 109 108 108 108 107 107 107 107 107 107 107 107 107 107 107 108 109 110 111 113 114 115 119 121 123 125 120 113 108 104 100 102 118 125 114 108 106 103 103 103 102 102 103 102 99 97 97 98 98 98 96 93 96 103 102 97 95 96 100 102 95 94 100 112 116 107 102 106 113 116 120 125 126 125 118 108 100 97 100 106 111 114 110 105 102 99 94 91 91 93 98 105 115
110 110 109 109 108 108 108 107 107 107 107 107 107 107 107 107 107 108 109 109 110 111 113 115 117 118 121 124 126 122 113 107 104 102 103 112 123 114 106 104 101 98 98 96 97 99 99 96 96 97 97 97 97 96 96 98 103 103 97 92 93 101 112 104 95 96 104 113 113 110 111 113 113 116 122 125 125 120 111 99 92 94 99 105 113 113 105 104 103 98 94 96 99 103 109 115
111 110 110 109 108 108 108 108 107 107 107 107 107 107 107 107 108 108 109 109 110 111 113 115 116 118 121 124 126 122 116 112 110 108 105 106 113 110 102 98 95 92 92 94 95 98 98 98 99 99 98 97 98 99 101 102 103 103 99 93 92 98 113 112 99 94 99 109 116 115 113 108 106 109 116 121 122 116 108 101 95 92 93 96 104 113 110 105 106 104 102 102 102 103 106 113
111 111 110 109 108 108 108 108 107 107 107 107 107 107 107 108 108 108 109 110 111 112 113 114 116 119 122 125 126 122 120 119 115 110 103 99 99 99 94 90 89 90 92 95 98 99 100 101 100 99 99 100 101 103 105 105 103 102 100 96 94 98 110 116 106 97 98 106 113 114 108 100 100 107 115 120 120 112 106 106 103 95 89 88 94 109 117 110 107 110 109 105 102 101 106 114
111 111 110 109 108 107 107 108 107 107 107 108 108 107 108 108 108 109 109 110 111 111 112 114 116 119 123 128 129 124 123 121 115 108 101 96 91 85 85 87 90 94 96 98 100 101 102 103 102 101 103 106 106 105 106 107 105 103 101 98 96 98 108 117 113 101 98 103 108 107 100 99 104 113 118 117 119 119 108 106 109 102 93 88 92 104 120 118 111 112 112 107 103 105 109 113
111 111 110 109 108 108 107 107 108 108 108 108 108 108 108 108 109 109 109 110 111 112 113 114 116 119 124 130 129 123 120 118 113 107 101 94 83 80 86 91 95 98 101 103 103 104 106 107 106 105 107 111 111 107 107 111 111 107 105 103 100 99 104 113 114 105 100 100 101 99 101 108 114 117 117 113 119 130 112 104 109 108 100 95 96 101 115 123 116 113 112 108 106 107 106 106
111 111 110 108 108 108 107 108 108 109 108 108 108 108 108 109 109 109 110 110 111 112 113 114 116 119 124 128 126 119 115 115 113 108 101 91 82 88 91 94 98 101 105 107 107 106 108 110 111 108 108 113 118 115 112 115 119 115 110 106 102 97 95 102 111 106 100 99 98 101 110 115 115 113 111 112 122 140 124 106 105 106 103 101 99 100 110 122 121 114 111 108 107 105 102 102
111 110 110 109 108 108 108 108 109 109 109 108 109 109 109 109 109 109 110 111 111 112 113 113 115 118 121 123 122 117 114 114 113 108 100 92 93 96 96 97 101 105 109 111 110 109 110 113 115 110 107 113 122 123 116 115 118 117 110 103 97 88 85 92 105 106 100 98 100 108 114 112 107 109 112 114 125 147 134 109 100 101 103 103 101 102 111 121 121 115 112 107 102 100 100 103
111 111 110 110 109 109 110 109 109 109 109 109 109 109 109 109 110 110 110 111 111 112 113 113 114 117 118 120 121 118 114 113 113 110 105 102 103 104 104 105 107 109 111 112 113 115 115 115 117 114 110 113 120 122 114 108 108 108 103 95 89 85 86 91 99 105 102 101 107 112 111 105 105 114 117 117 128 150 137 112 101 101 102 103 104 108 113 118 117 115 113 104 96 94 100 106
111 111 111 111 110 110 111 110 109 110 110 110 110 110 110 110 110 110 110 111 111 112 112 113 114 115 117 118 120 119 115 114 114 114 115 115 114 114 115 114 112 109 108 111 115 117 114 110 110 111 109 108 112 115 110 103 98 97 94 89 88 92 96 95 97 104 108 108 111 112 106 104 110 119 120 120 130 151 139 116 107 105 104 106 110 111 109 107 109 112 111 104 96 96 103 110
111 111 111 111 111 111 111 111 110 110 111 111 110 110 110 110 110 110 110 111 111 112 113 113 113 114 116 117 119 118 115 113 114 117 122 125 123 120 118 115 110 106 107 110 111 109 105 102 105 109 108 106 106 108 105 99 94 90 89 90 94 100 103 102 102 107 113 115 113 113 111 110 114 120 121 122 132 151 139 118 110 110 111 112 111 106 96 95 101 107 108 106 101 101 103 107
112 111 111 112 112 112 111 111 111 111 111 111 111 111 110 110 110 111 111 111 111 112 113 113 113 114 115 116 117 117 115 115 116 119 124 128 125 119 114 111 108 107 108 107 104 99 99 103 108 111 110 105 102 101 97 93 90 89 91 95 100 105 108 110 111 112 113 115 115 116 115 113 113 116 117 117 128 146 127 115 113 116 116 111 104 92 88 91 95 101 105 107 106 103 101 99
