windninja/windninja_output/Output_2025-10-23_0200-0250_Google earth_Fire_150m_10min/merlingen_7.5mi_point_10-23-2025_0250_150m_vel.asc
ncols	158
nrows	163
xllcorner	391686.332397
yllcorner	5160024.123721
cellsize	150.000000
NODATA_value	-32768.000000
[rows 38 to 75 of 163, columns 0 to 83 of 158]
4.67 4.72 4.78 4.69 4.54 4.54 4.54 4.53 4.59 4.71 4.67 4.51 4.49 4.55 4.52 4.44 4.37 4.30 4.21 4.17 4.09 3.98 3.90 3.79 3.61 3.37 3.03 2.80 3.48 4.45 4.49 4.40 4.52 4.53 4.61 3.91 2.99 3.19 3.65 3.58 3.47 3.50 3.49 3.48 3.69 3.67 3.33 3.09 2.99 3.23 3.38 3.08 2.80 2.94 3.09 2.82 2.56 2.64 2.78 2.93 2.98 2.60 2.01 1.52 1.41 1.92 2.76 2.81 1.95 1.37 1.37 1.57 1.59 1.23 0.88 0.96 0.94 0.71 0.92 1.21 1.00 0.87 0.98 1.16
4.73 4.79 4.74 4.62 4.57 4.56 4.58 4.66 4.73 4.76 4.65 4.52 4.54 4.61 4.57 4.46 4.40 4.34 4.27 4.24 4.15 4.03 3.95 3.86 3.72 3.47 3.20 3.24 3.77 4.25 4.29 4.22 4.12 4.10 4.07 3.30 2.76 3.30 3.75 3.74 3.67 3.69 3.72 3.57 3.60 3.68 3.43 3.05 2.92 3.28 3.53 3.18 2.72 2.83 3.14 2.87 2.48 2.48 2.68 2.80 2.72 2.54 2.26 1.77 1.45 1.84 2.76 2.70 1.81 1.49 1.64 1.68 1.45 1.00 0.84 1.09 1.02 0.64 0.75 1.15 1.02 0.84 0.93 1.16
4.73 4.84 4.70 4.61 4.61 4.57 4.64 4.80 4.84 4.72 4.58 4.57 4.61 4.63 4.60 4.48 4.42 4.39 4.33 4.27 4.19 4.09 3.99 3.91 3.81 3.58 3.44 3.51 3.64 3.93 4.27 4.12 3.76 3.68 3.43 2.80 2.70 3.21 3.67 3.88 3.92 3.96 3.92 3.59 3.47 3.65 3.51 3.10 2.90 3.18 3.63 3.42 2.85 2.80 3.04 2.87 2.41 2.27 2.51 2.64 2.47 2.34 2.45 2.24 1.69 1.88 2.68 2.56 1.86 1.79 1.77 1.52 1.24 0.87 0.91 1.25 1.03 0.56 0.63 1.00 1.00 0.89 1.00 1.20
4.61 4.70 4.62 4.58 4.59 4.60 4.72 4.86 4.85 4.66 4.56 4.64 4.65 4.61 4.59 4.51 4.44 4.43 4.37 4.30 4.24 4.12 3.99 3.96 3.89 3.70 3.61 3.57 3.52 3.83 4.22 3.93 3.49 3.28 2.88 2.59 2.76 3.12 3.53 3.92 4.10 4.19 3.96 3.61 3.56 3.63 3.48 3.14 2.87 3.07 3.70 3.67 2.95 2.60 2.74 2.77 2.36 2.09 2.29 2.45 2.28 2.09 2.38 2.56 2.12 2.05 2.51 2.49 2.09 1.90 1.56 1.32 1.22 0.91 1.04 1.33 0.93 0.47 0.53 0.83 0.93 0.91 1.08 1.24
4.42 4.48 4.48 4.47 4.53 4.69 4.77 4.79 4.79 4.66 4.58 4.65 4.65 4.59 4.57 4.53 4.46 4.43 4.40 4.35 4.26 4.09 4.00 4.01 3.93 3.78 3.70 3.62 3.57 3.83 4.02 3.74 3.36 3.02 2.63 2.49 2.74 3.28 3.71 3.94 4.12 4.15 3.94 3.85 3.76 3.47 3.26 3.08 2.90 3.11 3.79 3.80 2.88 2.30 2.41 2.56 2.32 2.05 2.12 2.29 2.20 2.00 2.24 2.52 2.45 2.38 2.41 2.45 2.20 1.69 1.34 1.36 1.31 1.03 1.21 1.29 0.76 0.38 0.45 0.72 0.87 0.92 1.09 1.28
4.26 4.29 4.30 4.35 4.54 4.74 4.71 4.67 4.73 4.67 4.59 4.62 4.64 4.57 4.53 4.52 4.46 4.42 4.42 4.38 4.24 4.08 4.03 4.02 3.96 3.83 3.75 3.71 3.67 3.73 3.76 3.60 3.32 2.97 2.64 2.50 2.87 3.58 3.83 3.81 3.87 3.99 4.12 4.13 3.71 3.11 2.95 2.99 3.06 3.32 3.86 3.73 2.76 2.18 2.24 2.33 2.22 2.05 2.05 2.24 2.25 2.15 2.22 2.32 2.53 2.66 2.49 2.35 2.02 1.46 1.30 1.48 1.40 1.18 1.26 1.11 0.61 0.33 0.42 0.67 0.83 0.98 1.18 1.40
4.08 4.08 4.13 4.34 4.57 4.62 4.57 4.60 4.66 4.63 4.57 4.58 4.59 4.52 4.50 4.48 4.44 4.44 4.43 4.36 4.21 4.11 4.06 4.01 3.96 3.88 3.82 3.78 3.68 3.60 3.60 3.53 3.32 3.02 2.72 2.69 3.13 3.60 3.63 3.50 3.55 3.97 4.35 4.11 3.34 2.85 2.86 3.05 3.35 3.65 3.78 3.40 2.63 2.16 2.17 2.22 2.11 2.03 2.10 2.28 2.37 2.35 2.26 2.27 2.63 2.83 2.55 2.18 1.71 1.34 1.35 1.51 1.46 1.30 1.20 0.90 0.50 0.33 0.45 0.69 0.87 1.09 1.32 1.41
3.88 3.92 4.10 4.37 4.46 4.43 4.49 4.57 4.56 4.55 4.55 4.54 4.51 4.47 4.47 4.46 4.44 4.46 4.41 4.30 4.19 4.12 4.05 3.99 3.96 3.93 3.87 3.75 3.64 3.57 3.54 3.49 3.32 3.05 2.84 2.90 3.13 3.33 3.38 3.30 3.47 4.04 4.36 3.83 2.92 2.72 3.00 3.36 3.72 3.76 3.43 2.99 2.53 2.14 2.12 2.20 2.10 2.08 2.24 2.38 2.45 2.47 2.40 2.48 2.81 2.79 2.43 2.00 1.44 1.24 1.38 1.47 1.49 1.38 1.16 0.86 0.49 0.37 0.54 0.79 1.02 1.22 1.33 1.23
3.77 3.87 4.10 4.25 4.23 4.31 4.45 4.49 4.46 4.47 4.52 4.50 4.44 4.42 4.44 4.44 4.44 4.41 4.34 4.25 4.18 4.09 4.02 4.00 3.98 3.94 3.83 3.71 3.63 3.58 3.52 3.45 3.32 3.10 2.96 2.97 3.03 3.16 3.29 3.31 3.47 3.90 4.13 3.51 2.69 2.79 3.30 3.79 3.87 3.42 2.98 2.67 2.41 2.20 2.09 2.14 2.18 2.30 2.50 2.50 2.46 2.58 2.66 2.69 2.74 2.55 2.16 1.81 1.36 1.21 1.35 1.39 1.44 1.38 1.16 0.88 0.56 0.45 0.67 0.94 1.13 1.22 1.17 1.03
3.75 3.87 3.99 3.96 4.02 4.30 4.43 4.37 4.37 4.41 4.46 4.43 4.36 4.37 4.40 4.41 4.38 4.33 4.27 4.22 4.14 4.03 4.00 4.01 3.98 3.89 3.77 3.70 3.65 3.58 3.50 3.41 3.30 3.16 3.01 2.94 3.02 3.18 3.26 3.27 3.36 3.69 3.76 3.13 2.71 3.12 3.69 3.94 3.60 2.95 2.63 2.41 2.30 2.31 2.15 2.11 2.35 2.61 2.79 2.62 2.46 2.69 2.82 2.66 2.53 2.32 1.91 1.63 1.37 1.24 1.31 1.32 1.36 1.31 1.12 0.89 0.66 0.60 0.79 1.02 1.15 1.14 1.05 0.94
3.75 3.81 3.77 3.61 3.83 4.36 4.46 4.29 4.27 4.35 4.38 4.32 4.27 4.30 4.35 4.34 4.29 4.25 4.21 4.16 4.08 4.00 3.99 3.99 3.94 3.85 3.75 3.69 3.64 3.56 3.47 3.38 3.30 3.21 3.04 2.94 3.07 3.21 3.16 3.14 3.27 3.46 3.31 2.84 2.92 3.54 3.88 3.70 3.21 2.66 2.34 2.24 2.28 2.34 2.20 2.23 2.62 2.95 3.01 2.63 2.38 2.65 2.77 2.57 2.38 2.13 1.76 1.51 1.35 1.26 1.27 1.28 1.28 1.20 1.05 0.89 0.76 0.75 0.87 1.04 1.13 1.09 0.99 0.91
3.76 3.71 3.48 3.29 3.75 4.43 4.51 4.28 4.17 4.23 4.26 4.19 4.19 4.24 4.27 4.26 4.20 4.18 4.15 4.08 4.02 4.00 3.96 3.92 3.90 3.83 3.73 3.67 3.61 3.53 3.45 3.37 3.31 3.24 3.09 2.99 3.09 3.16 3.07 3.06 3.17 3.22 3.01 2.79 3.10 3.73 3.79 3.32 2.84 2.35 2.09 2.20 2.37 2.36 2.31 2.50 2.96 3.25 3.00 2.44 2.21 2.42 2.64 2.60 2.34 1.98 1.65 1.42 1.30 1.24 1.24 1.24 1.19 1.09 0.99 0.89 0.84 0.85 0.94 1.05 1.11 1.08 0.98 0.88
3.77 3.58 3.17 3.09 3.84 4.45 4.47 4.34 4.09 4.08 4.12 4.10 4.14 4.16 4.16 4.17 4.15 4.10 4.07 4.02 3.99 3.98 3.91 3.86 3.87 3.81 3.68 3.62 3.57 3.50 3.44 3.37 3.31 3.24 3.13 3.05 3.08 3.08 3.00 2.97 3.03 3.09 2.97 2.83 3.18 3.69 3.53 2.99 2.50 2.07 1.93 2.22 2.47 2.43 2.49 2.85 3.30 3.26 2.68 2.18 2.05 2.21 2.58 2.72 2.33 1.83 1.53 1.33 1.24 1.21 1.21 1.19 1.11 1.02 0.94 0.90 0.88 0.89 0.97 1.06 1.11 1.09 0.98 0.87
3.78 3.43 2.91 3.08 4.05 4.39 4.27 4.36 4.10 3.95 3.96 4.01 4.05 4.03 4.04 4.07 4.10 4.01 3.98 3.98 3.94 3.92 3.86 3.81 3.82 3.75 3.63 3.58 3.54 3.47 3.42 3.36 3.29 3.22 3.15 3.08 3.04 2.99 2.93 2.88 2.94 3.09 2.99 2.83 3.13 3.46 3.15 2.60 2.27 1.99 1.94 2.33 2.58 2.54 2.72 3.24 3.40 2.94 2.32 2.00 1.94 2.09 2.63 2.83 2.25 1.68 1.42 1.25 1.19 1.17 1.16 1.13 1.04 0.97 0.94 0.92 0.89 0.88 0.96 1.08 1.12 1.08 0.99 0.89
3.75 3.28 2.80 3.24 4.13 4.18 3.96 4.30 4.23 3.86 3.77 3.87 3.91 3.89 3.93 3.99 4.02 3.92 3.90 3.94 3.88 3.82 3.79 3.77 3.74 3.66 3.58 3.54 3.50 3.45 3.39 3.33 3.27 3.20 3.14 3.08 3.01 2.94 2.89 2.80 2.87 3.10 3.03 2.83 2.94 3.11 2.71 2.17 2.14 2.15 2.21 2.44 2.62 2.70 3.06 3.46 3.14 2.51 2.12 1.95 1.93 2.13 2.75 2.86 2.13 1.56 1.31 1.16 1.15 1.15 1.12 1.08 1.00 0.96 0.97 0.94 0.89 0.88 0.95 1.06 1.08 1.06 1.03 0.94
3.58 3.26 2.97 3.37 4.06 3.98 3.70 4.17 4.27 3.77 3.60 3.71 3.73 3.77 3.87 3.93 3.90 3.83 3.84 3.84 3.79 3.74 3.73 3.73 3.65 3.58 3.54 3.51 3.46 3.40 3.35 3.29 3.24 3.18 3.12 3.06 3.00 2.94 2.87 2.76 2.82 3.11 3.07 2.76 2.63 2.70 2.37 1.91 2.16 2.39 2.36 2.44 2.60 2.88 3.34 3.38 2.70 2.13 1.97 1.97 2.02 2.26 2.83 2.81 2.02 1.44 1.18 1.07 1.12 1.14 1.09 1.03 0.97 0.96 0.98 0.96 0.89 0.89 0.98 1.01 0.99 1.03 1.06 0.98
3.33 3.35 3.26 3.36 3.86 3.81 3.47 3.85 4.11 3.79 3.57 3.55 3.57 3.69 3.82 3.84 3.78 3.75 3.76 3.74 3.72 3.69 3.67 3.65 3.58 3.52 3.49 3.46 3.41 3.36 3.31 3.25 3.20 3.15 3.10 3.04 2.98 2.92 2.85 2.76 2.83 3.05 2.96 2.57 2.35 2.39 2.20 1.96 2.27 2.41 2.28 2.42 2.61 2.95 3.44 3.17 2.28 1.82 1.86 2.04 2.14 2.39 2.86 2.71 1.91 1.32 1.07 0.98 1.09 1.14 1.06 0.97 0.95 0.97 0.99 0.96 0.89 0.92 1.02 0.97 0.91 1.00 1.04 0.97
3.12 3.36 3.39 3.20 3.49 3.56 3.23 3.42 3.85 3.90 3.65 3.44 3.47 3.63 3.71 3.71 3.66 3.65 3.66 3.64 3.65 3.63 3.59 3.56 3.51 3.46 3.43 3.40 3.35 3.30 3.26 3.21 3.16 3.11 3.06 3.00 2.95 2.89 2.84 2.78 2.81 2.88 2.73 2.44 2.29 2.27 2.17 2.15 2.29 2.22 2.12 2.44 2.63 2.94 3.43 2.92 1.94 1.66 1.85 2.10 2.24 2.50 2.81 2.57 1.80 1.20 0.99 0.92 1.04 1.12 1.02 0.95 0.97 0.99 1.00 0.95 0.90 0.97 1.04 0.95 0.90 0.97 0.99 0.92
3.03 3.23 3.32 3.09 3.18 3.32 3.15 3.16 3.57 3.93 3.75 3.39 3.44 3.59 3.55 3.57 3.58 3.57 3.57 3.54 3.55 3.56 3.52 3.48 3.43 3.39 3.37 3.34 3.29 3.25 3.21 3.16 3.11 3.07 3.02 2.96 2.91 2.86 2.81 2.77 2.74 2.69 2.56 2.42 2.35 2.29 2.23 2.23 2.18 2.00 1.98 2.42 2.61 2.94 3.33 2.60 1.72 1.64 1.93 2.20 2.36 2.54 2.68 2.44 1.72 1.12 0.93 0.88 0.97 1.03 0.98 0.98 1.01 1.00 0.99 0.92 0.92 1.02 1.04 0.96 0.91 0.93 0.92 0.87
2.99 3.08 3.15 3.05 3.09 3.18 3.17 3.12 3.36 3.89 3.77 3.36 3.45 3.53 3.40 3.44 3.50 3.47 3.47 3.44 3.47 3.48 3.44 3.42 3.36 3.32 3.29 3.26 3.23 3.19 3.15 3.10 3.06 3.01 2.96 2.91 2.86 2.82 2.77 2.72 2.67 2.59 2.50 2.43 2.38 2.34 2.25 2.15 2.04 1.85 1.87 2.32 2.57 2.95 3.16 2.34 1.62 1.72 2.09 2.31 2.40 2.47 2.51 2.33 1.72 1.14 0.91 0.85 0.89 0.94 0.97 1.02 1.03 1.01 0.98 0.91 0.95 1.05 1.03 0.95 0.89 0.88 0.87 0.83
2.95 2.95 2.97 2.98 3.02 3.07 3.17 3.17 3.37 3.81 3.59 3.19 3.36 3.47 3.35 3.34 3.38 3.38 3.37 3.37 3.38 3.37 3.37 3.36 3.28 3.23 3.22 3.19 3.16 3.13 3.08 3.04 3.00 2.96 2.91 2.86 2.81 2.77 2.72 2.67 2.61 2.54 2.47 2.40 2.36 2.32 2.19 2.06 1.94 1.79 1.76 2.12 2.57 2.94 2.95 2.21 1.63 1.82 2.23 2.34 2.31 2.34 2.35 2.18 1.74 1.23 0.93 0.80 0.82 0.93 1.00 1.02 1.03 1.01 0.97 0.93 1.00 1.06 0.99 0.90 0.85 0.84 0.83 0.78
2.85 2.81 2.82 2.87 2.89 2.98 3.14 3.24 3.42 3.57 3.28 2.95 3.15 3.47 3.42 3.29 3.27 3.27 3.28 3.28 3.27 3.28 3.32 3.28 3.19 3.15 3.14 3.12 3.09 3.06 3.02 2.98 2.94 2.89 2.85 2.80 2.76 2.71 2.66 2.61 2.55 2.49 2.43 2.37 2.32 2.26 2.16 2.04 1.92 1.79 1.69 1.97 2.55 2.84 2.72 2.12 1.72 1.97 2.28 2.28 2.19 2.19 2.18 2.04 1.73 1.32 0.96 0.75 0.78 0.96 1.03 1.01 1.02 1.02 0.96 0.95 1.04 1.03 0.93 0.84 0.80 0.81 0.79 0.73
2.68 2.66 2.69 2.72 2.77 2.91 3.08 3.28 3.38 3.31 3.10 2.85 3.01 3.43 3.43 3.28 3.20 3.18 3.20 3.18 3.17 3.23 3.24 3.16 3.09 3.07 3.06 3.05 3.02 2.99 2.95 2.91 2.88 2.83 2.79 2.74 2.70 2.66 2.61 2.55 2.50 2.44 2.39 2.33 2.27 2.20 2.12 2.03 1.92 1.80 1.72 1.93 2.46 2.69 2.48 2.02 1.86 2.13 2.25 2.18 2.06 2.00 1.98 1.90 1.70 1.39 1.00 0.70 0.78 1.01 1.05 1.01 1.02 1.02 0.96 0.97 1.04 0.96 0.85 0.80 0.76 0.77 0.75 0.69
2.48 2.50 2.56 2.60 2.69 2.85 3.03 3.28 3.34 3.23 3.07 2.87 2.98 3.22 3.24 3.27 3.21 3.14 3.14 3.07 3.09 3.14 3.10 3.02 2.98 2.99 2.99 2.98 2.95 2.92 2.88 2.84 2.81 2.76 2.72 2.68 2.64 2.59 2.55 2.50 2.44 2.39 2.34 2.28 2.22 2.16 2.09 2.01 1.93 1.85 1.76 1.88 2.29 2.47 2.21 1.92 2.02 2.21 2.16 2.06 1.92 1.83 1.81 1.76 1.63 1.40 1.02 0.71 0.83 1.05 1.05 1.02 1.03 1.01 0.96 0.97 0.98 0.89 0.81 0.77 0.74 0.73 0.71 0.66
2.32 2.35 2.45 2.52 2.62 2.81 3.05 3.25 3.27 3.18 3.06 2.88 2.89 2.94 2.98 3.19 3.22 3.14 3.07 2.97 3.00 3.01 2.95 2.90 2.89 2.92 2.94 2.92 2.87 2.83 2.80 2.77 2.74 2.70 2.66 2.62 2.57 2.53 2.49 2.44 2.39 2.34 2.29 2.23 2.17 2.11 2.06 1.99 1.93 1.87 1.76 1.81 2.14 2.22 1.94 1.86 2.13 2.21 2.06 1.93 1.79 1.73 1.70 1.60 1.51 1.35 1.00 0.80 0.94 1.05 1.03 1.04 1.04 0.99 0.94 0.93 0.90 0.84 0.78 0.74 0.72 0.69 0.66 0.64
2.18 2.19 2.33 2.48 2.60 2.82 3.04 3.14 3.15 3.11 3.03 2.86 2.76 2.75 2.81 3.01 3.12 3.11 3.05 2.94 2.91 2.86 2.81 2.80 2.81 2.85 2.89 2.86 2.78 2.75 2.73 2.70 2.66 2.62 2.59 2.55 2.51 2.47 2.42 2.38 2.33 2.28 2.23 2.18 2.13 2.07 2.02 1.97 1.92 1.87 1.78 1.79 1.99 2.01 1.76 1.82 2.14 2.16 1.98 1.84 1.71 1.64 1.57 1.43 1.39 1.28 0.97 0.91 1.02 1.05 1.02 1.04 1.05 0.97 0.89 0.86 0.83 0.80 0.74 0.70 0.69 0.64 0.63 0.64
1.98 2.04 2.25 2.46 2.61 2.78 2.89 2.99 3.04 3.02 2.98 2.89 2.71 2.63 2.70 2.85 2.96 2.99 3.02 2.94 2.81 2.72 2.71 2.73 2.71 2.75 2.83 2.77 2.68 2.68 2.65 2.62 2.59 2.55 2.51 2.48 2.44 2.40 2.36 2.31 2.27 2.22 2.18 2.13 2.08 2.03 1.98 1.94 1.89 1.84 1.79 1.76 1.84 1.88 1.68 1.69 2.06 2.11 1.93 1.79 1.61 1.45 1.36 1.32 1.34 1.22 1.01 1.00 1.03 1.02 1.00 1.03 1.04 0.94 0.82 0.78 0.79 0.77 0.69 0.66 0.65 0.61 0.61 0.63
1.79 1.92 2.23 2.46 2.59 2.67 2.70 2.84 2.95 2.88 2.93 2.99 2.69 2.49 2.61 2.74 2.77 2.78 2.88 2.91 2.75 2.63 2.66 2.66 2.59 2.66 2.76 2.67 2.61 2.62 2.57 2.53 2.51 2.47 2.44 2.40 2.37 2.33 2.29 2.25 2.21 2.16 2.12 2.07 2.03 1.98 1.94 1.89 1.85 1.81 1.77 1.73 1.76 1.79 1.63 1.60 1.90 2.04 1.90 1.72 1.41 1.13 1.16 1.31 1.36 1.24 1.08 1.02 0.98 0.97 0.97 1.01 1.02 0.90 0.76 0.73 0.76 0.72 0.63 0.61 0.61 0.60 0.62 0.63
1.55 1.79 2.23 2.43 2.52 2.61 2.59 2.69 2.85 2.87 3.00 3.01 2.62 2.41 2.51 2.59 2.60 2.58 2.69 2.83 2.72 2.58 2.61 2.58 2.52 2.60 2.65 2.58 2.55 2.54 2.48 2.45 2.43 2.39 2.36 2.33 2.30 2.26 2.22 2.18 2.14 2.10 2.06 2.02 1.97 1.93 1.89 1.85 1.81 1.77 1.74 1.71 1.70 1.69 1.61 1.59 1.76 1.89 1.84 1.62 1.19 0.93 1.11 1.33 1.36 1.26 1.10 0.97 0.92 0.93 0.93 0.97 0.99 0.86 0.74 0.70 0.71 0.66 0.57 0.55 0.58 0.61 0.63 0.66
1.21 1.66 2.19 2.33 2.54 2.67 2.50 2.48 2.74 2.96 3.05 2.83 2.54 2.45 2.38 2.38 2.47 2.47 2.57 2.70 2.61 2.50 2.56 2.54 2.47 2.50 2.50 2.47 2.47 2.45 2.40 2.36 2.34 2.31 2.29 2.26 2.22 2.19 2.15 2.11 2.07 2.03 1.99 1.95 1.92 1.88 1.84 1.80 1.76 1.72 1.69 1.66 1.64 1.61 1.58 1.58 1.63 1.68 1.68 1.51 1.10 0.94 1.13 1.29 1.31 1.23 1.08 0.94 0.89 0.91 0.89 0.93 0.94 0.82 0.71 0.67 0.66 0.59 0.51 0.53 0.59 0.63 0.68 0.68
1.17 1.67 2.11 2.28 2.73 2.79 2.32 2.16 2.62 3.04 2.97 2.61 2.47 2.41 2.23 2.22 2.38 2.44 2.48 2.51 2.42 2.42 2.52 2.48 2.41 2.35 2.33 2.40 2.42 2.38 2.33 2.29 2.27 2.24 2.21 2.18 2.15 2.12 2.08 2.04 2.00 1.97 1.93 1.89 1.86 1.82 1.78 1.74 1.71 1.67 1.64 1.61 1.58 1.55 1.53 1.52 1.52 1.50 1.49 1.40 1.12 1.03 1.15 1.22 1.23 1.15 1.03 0.94 0.89 0.88 0.85 0.87 0.89 0.78 0.66 0.64 0.61 0.53 0.48 0.54 0.60 0.65 0.70 0.65
1.36 1.66 2.02 2.32 2.78 2.71 2.08 1.90 2.63 3.15 2.93 2.53 2.42 2.31 2.15 2.15 2.28 2.36 2.35 2.30 2.28 2.36 2.42 2.40 2.26 2.10 2.25 2.45 2.40 2.33 2.28 2.22 2.19 2.15 2.13 2.11 2.08 2.04 2.00 1.97 1.93 1.90 1.86 1.83 1.79 1.75 1.72 1.68 1.65 1.62 1.59 1.55 1.52 1.49 1.47 1.45 1.42 1.39 1.35 1.29 1.15 1.10 1.13 1.14 1.12 1.04 0.97 0.93 0.89 0.85 0.79 0.83 0.85 0.73 0.62 0.61 0.57 0.50 0.47 0.54 0.60 0.64 0.65 0.60
1.51 1.67 1.92 2.21 2.52 2.43 1.90 1.83 2.64 3.16 2.76 2.30 2.22 2.13 2.03 2.06 2.11 2.18 2.19 2.15 2.17 2.22 2.28 2.31 2.01 1.80 2.26 2.54 2.39 2.27 2.22 2.15 2.10 2.07 2.05 2.03 2.00 1.96 1.93 1.89 1.86 1.83 1.79 1.76 1.73 1.69 1.66 1.62 1.59 1.56 1.52 1.49 1.46 1.43 1.40 1.37 1.34 1.31 1.26 1.20 1.14 1.10 1.09 1.05 1.01 0.95 0.93 0.90 0.85 0.78 0.74 0.81 0.82 0.68 0.58 0.57 0.54 0.48 0.47 0.52 0.57 0.59 0.57 0.58
1.60 1.68 1.85 2.03 2.19 2.19 1.96 1.92 2.55 2.99 2.39 1.95 1.96 1.89 1.89 1.91 1.92 2.02 2.09 2.07 2.05 2.09 2.20 2.19 1.83 1.68 2.23 2.56 2.38 2.22 2.15 2.09 2.03 1.98 1.96 1.95 1.92 1.88 1.85 1.82 1.79 1.76 1.72 1.69 1.66 1.63 1.59 1.56 1.53 1.50 1.47 1.43 1.40 1.37 1.34 1.30 1.27 1.23 1.19 1.14 1.10 1.07 1.03 0.98 0.94 0.91 0.88 0.84 0.78 0.72 0.72 0.79 0.77 0.61 0.53 0.53 0.53 0.48 0.46 0.49 0.50 0.51 0.51 0.58
1.65 1.70 1.81 1.87 1.96 2.08 2.04 2.05 2.46 2.64 2.09 1.85 1.87 1.81 1.84 1.82 1.81 1.93 2.03 2.00 1.97 2.04 2.12 2.06 1.80 1.69 2.10 2.43 2.34 2.20 2.09 2.01 1.97 1.91 1.87 1.87 1.83 1.79 1.77 1.74 1.71 1.68 1.65 1.62 1.59 1.56 1.53 1.50 1.47 1.43 1.40 1.37 1.34 1.31 1.27 1.24 1.20 1.17 1.13 1.08 1.05 1.01 0.97 0.93 0.89 0.86 0.82 0.79 0.74 0.70 0.69 0.72 0.69 0.56 0.49 0.50 0.51 0.47 0.43 0.43 0.44 0.45 0.50 0.57
1.72 1.74 1.75 1.74 1.84 2.00 2.03 2.08 2.26 2.19 1.92 1.86 1.84 1.78 1.81 1.78 1.78 1.90 1.97 1.94 1.94 2.00 2.02 1.97 1.78 1.69 1.94 2.22 2.26 2.19 2.03 1.94 1.95 1.88 1.80 1.77 1.73 1.70 1.69 1.67 1.64 1.60 1.57 1.55 1.52 1.49 1.46 1.43 1.40 1.37 1.34 1.31 1.27 1.24 1.21 1.17 1.14 1.10 1.07 1.03 0.99 0.95 0.92 0.87 0.84 0.80 0.77 0.74 0.70 0.66 0.63 0.63 0.59 0.51 0.48 0.47 0.48 0.45 0.39 0.37 0.39 0.43 0.50 0.53
1.77 1.75 1.67 1.63 1.76 1.89 1.94 2.00 1.99 1.89 1.84 1.84 1.79 1.78 1.78 1.74 1.77 1.87 1.92 1.88 1.88 1.91 1.91 1.87 1.73 1.64 1.80 2.00 2.11 2.13 2.00 1.92 1.93 1.86 1.73 1.65 1.63 1.63 1.62 1.58 1.55 1.52 1.50 1.47 1.45 1.42 1.39 1.36 1.33 1.30 1.27 1.24 1.21 1.18 1.14 1.11 1.07 1.04 1.00 0.97 0.93 0.90 0.86 0.82 0.79 0.75 0.72 0.69 0.65 0.60 0.58 0.57 0.53 0.47 0.44 0.44 0.44 0.41 0.34 0.32 0.37 0.44 0.48 0.45
1.75 1.71 1.62 1.56 1.65 1.79 1.85 1.87 1.82 1.77 1.77 1.76 1.73 1.77 1.75 1.69 1.73 1.83 1.86 1.79 1.77 1.81 1.80 1.79 1.70 1.59 1.67 1.82 1.94 2.03 1.97 1.90 1.89 1.78 1.64 1.55 1.54 1.56 1.54 1.49 1.46 1.44 1.42 1.40 1.37 1.35 1.32 1.29 1.26 1.23 1.20 1.17 1.14 1.11 1.08 1.05 1.01 0.98 0.94 0.91 0.87 0.84 0.80 0.77 0.73 0.70 0.67 0.63 0.60 0.56 0.53 0.51 0.48 0.42 0.39 0.40 0.39 0.36 0.31 0.31 0.38 0.43 0.43 0.38
