windninja/windninja_output/Output_2025-10-23_0200-0250_Google earth_Fire_150m_10min/merlingen_7.5mi_point_10-23-2025_0250_150m_ang.asc
ncols	158
nrows	163
xllcorner	391686.332397
yllcorner	5160024.123721
cellsize	150.000000
NODATA_value	-32768.000000
[rows 86 to 128 of 163, columns 0 to 95 of 158]
88 85 80 79 74 66 55 56 79 101 117 125 125 121 117 117 118 117 119 120 120 121 122 123 127 130 127 122 120 118 117 115 116 116 112 109 107 106 107 110 112 112 111 109 108 107 107 105 103 103 101 97 94 93 93 92 90 87 84 80 76 73 68 63 57 51 44 37 28 20 11 4 358 352 347 342 339 339 342 346 357 2 358 338 318 311 309 308 308 307 305 304 306 308 311 310
87 83 75 72 67 61 56 67 83 95 106 117 119 119 117 116 115 113 112 115 119 120 119 123 131 137 131 125 122 119 119 117 117 119 116 110 107 105 104 106 109 112 112 109 106 105 103 101 98 98 97 94 90 88 88 87 83 79 74 68 62 56 49 42 35 27 18 9 360 352 345 339 335 332 329 327 325 325 327 331 339 346 343 329 313 307 305 303 301 300 300 304 306 309 312 310
87 83 77 73 66 61 64 71 78 84 93 111 120 120 118 116 114 110 109 112 118 121 124 131 142 149 136 126 122 119 119 118 117 118 117 113 109 105 101 100 102 105 108 106 102 99 96 96 95 92 89 86 84 83 81 78 72 68 61 48 36 28 21 14 6 357 349 341 335 330 326 322 320 318 316 315 315 315 316 319 325 330 330 320 309 301 298 297 297 298 300 303 302 298 295 294
91 89 85 78 70 67 68 70 71 76 90 108 120 120 117 113 110 109 111 115 120 126 131 139 154 158 138 128 124 121 120 118 117 117 116 113 112 107 100 97 96 98 101 101 98 93 89 87 85 80 74 69 68 66 61 53 52 52 18 352 354 356 352 346 340 334 328 323 319 316 313 311 310 308 308 307 307 308 308 310 313 317 318 312 303 296 290 290 294 297 297 296 291 283 281 283
93 90 81 72 70 70 67 65 64 75 90 104 116 117 117 117 115 112 108 114 126 133 138 143 158 162 139 129 126 122 121 119 117 117 115 111 110 108 103 96 90 88 87 86 88 86 81 74 66 55 42 32 26 20 20 21 21 354 324 324 333 336 332 328 323 319 315 312 309 307 305 304 303 302 302 302 302 302 302 303 305 309 311 306 300 296 295 291 292 293 289 285 280 277 277 278
86 80 66 59 62 65 62 60 60 74 85 91 98 108 117 121 120 113 105 113 129 140 143 139 159 160 140 132 127 122 119 118 117 116 114 107 102 100 97 88 77 71 70 74 77 72 65 59 43 16 356 347 347 350 357 358 345 331 324 324 328 328 323 317 313 310 307 305 303 301 300 299 298 298 297 297 297 297 297 298 300 302 306 306 302 300 299 295 292 288 281 271 270 270 269 270
81 72 56 53 56 55 52 48 48 60 71 72 69 92 115 123 124 120 113 115 125 141 55 54 190 164 139 135 133 127 122 118 114 113 109 98 91 84 78 68 63 61 60 57 48 36 37 28 337 319 316 318 323 329 338 340 330 324 322 321 323 322 316 309 305 303 301 299 298 296 296 295 294 294 294 293 293 294 294 295 295 297 299 301 300 298 296 293 288 279 266 261 264 265 264 267
76 66 52 50 52 50 43 29 23 46 56 52 43 49 66 90 109 113 108 104 86 2 333 326 279 189 154 150 144 136 133 134 126 117 83 57 49 42 32 22 33 43 32 15 1 344 324 307 298 294 295 304 316 320 323 322 315 311 309 309 311 313 308 303 300 298 296 295 294 294 293 292 292 291 291 291 291 291 291 291 292 293 293 294 293 290 288 285 278 267 260 262 265 265 265 268
63 52 40 40 48 49 37 18 9 34 47 40 30 25 28 48 63 71 73 53 30 10 346 328 299 255 206 208 195 180 176 188 238 294 310 326 334 338 340 341 350 358 351 345 335 317 311 304 298 297 299 307 317 318 314 310 302 298 299 299 299 303 301 298 296 294 293 293 292 292 291 290 289 289 289 289 289 289 289 289 289 289 289 289 288 286 283 279 272 267 266 267 268 268 269 270
14 11 15 23 37 36 24 5 357 21 39 39 32 25 29 46 49 53 48 23 14 10 346 315 289 277 269 262 247 239 257 281 295 299 303 308 310 311 315 321 329 335 334 334 333 324 318 313 309 309 309 311 317 315 308 304 301 299 297 296 295 298 297 294 293 292 291 292 291 290 288 287 287 287 287 287 287 287 287 287 287 287 287 286 285 284 282 278 274 272 272 271 271 272 272 272
308 324 349 1 16 19 11 357 352 3 22 35 33 29 37 46 44 47 41 15 4 348 294 283 279 276 272 268 266 275 287 289 289 289 293 297 299 302 306 310 316 322 324 322 323 324 320 317 314 312 309 307 307 307 301 298 298 296 295 294 294 294 294 293 292 291 290 290 289 287 287 286 286 286 285 285 285 285 285 285 285 285 285 284 284 282 281 279 277 276 275 274 274 273 273 273
294 302 320 336 355 5 4 357 349 344 351 4 28 32 34 38 30 32 36 17 324 238 255 274 284 286 280 275 275 277 279 278 278 280 284 287 291 295 300 305 309 315 317 313 312 313 312 309 306 302 297 294 295 298 295 291 292 291 291 291 290 289 289 290 290 289 288 287 286 286 285 285 284 284 284 284 284 284 284 284 284 284 284 283 282 282 280 279 278 277 276 275 275 274 274 273
286 289 298 305 322 342 351 346 340 336 334 326 327 2 19 17 10 14 47 164 241 247 269 286 298 298 284 276 274 272 270 270 273 276 279 283 287 291 296 301 306 311 315 311 305 302 301 298 294 289 288 288 288 291 292 290 290 291 292 290 288 286 286 287 287 288 287 286 286 286 285 284 283 283 283 283 283 283 283 283 283 283 283 282 282 281 280 279 278 277 277 276 275 275 274 274
279 279 281 286 290 299 312 317 317 317 320 319 311 294 287 280 240 224 230 236 255 281 294 299 303 291 276 270 267 266 266 268 271 274 278 283 288 291 294 300 305 309 313 313 307 303 300 296 293 291 291 291 290 290 291 291 289 289 291 291 288 285 284 285 287 288 288 287 286 285 283 283 282 282 282 282 282 282 282 282 282 282 282 282 281 281 280 279 279 278 277 277 276 275 275 274
279 278 278 280 281 282 288 293 294 293 293 284 269 249 236 238 237 241 251 260 281 293 294 285 264 261 260 259 259 258 259 263 269 274 280 284 287 290 294 300 305 308 311 314 310 304 300 297 295 293 292 293 293 291 291 291 289 287 288 292 290 287 285 286 287 289 289 287 285 283 282 281 281 281 281 281 281 281 281 282 282 282 282 281 281 281 280 279 279 278 277 277 276 276 275 275
282 281 280 280 281 281 280 283 283 281 280 278 270 253 246 252 265 277 280 284 290 289 275 248 242 247 251 252 252 253 257 263 268 274 279 283 286 288 292 299 306 308 310 314 312 305 299 298 298 295 293 292 292 290 289 289 289 287 286 288 290 288 286 285 286 288 289 288 286 283 281 280 281 281 280 280 280 281 281 281 281 282 281 281 281 281 280 280 279 278 278 277 277 276 275 274
285 284 283 282 282 282 281 281 282 282 280 278 275 269 276 285 286 288 291 288 282 266 242 236 238 243 247 248 250 253 258 262 268 272 277 282 287 290 292 296 303 308 310 313 315 311 306 303 301 298 294 292 291 290 288 289 289 288 286 287 290 291 288 285 284 287 289 287 284 279 278 280 281 280 280 280 280 280 281 281 281 282 282 281 281 281 280 280 279 278 278 277 277 276 275 275
288 287 284 282 282 282 281 280 279 278 276 275 276 282 285 284 283 282 283 277 261 232 228 234 239 241 244 248 252 257 260 262 265 271 276 283 289 291 292 295 301 306 309 312 315 314 309 305 302 299 295 292 292 292 291 291 291 289 287 288 291 292 289 285 284 285 285 284 281 277 277 279 281 280 279 279 279 280 281 281 282 282 282 282 281 281 280 280 279 278 278 277 277 276 275 274
288 288 285 282 281 280 278 275 273 273 273 273 274 276 275 274 270 267 262 252 235 225 229 236 237 238 244 250 254 258 261 262 266 271 276 281 287 291 292 295 300 305 309 311 315 316 311 307 304 300 296 294 293 293 292 291 290 288 287 287 288 289 288 286 284 283 283 283 282 279 276 275 277 278 277 277 279 280 281 281 282 282 282 282 282 281 281 280 279 278 278 277 277 276 275 273
289 288 284 281 278 276 274 270 268 268 269 269 270 271 270 267 261 254 246 236 230 230 234 235 235 238 244 249 253 257 261 266 270 272 274 279 286 293 297 299 302 306 309 311 315 318 316 312 309 306 301 298 296 293 292 291 290 288 286 285 285 285 285 284 282 281 282 284 282 278 275 272 272 275 275 277 280 281 280 280 283 284 284 283 283 282 281 280 279 278 278 277 276 275 274 273
290 287 283 278 275 274 272 269 267 269 271 272 273 274 271 263 256 250 240 232 232 236 237 234 234 238 242 246 251 260 267 272 274 270 272 280 290 297 300 303 305 307 309 311 315 318 319 317 314 311 305 301 298 294 291 291 290 288 285 283 283 284 284 284 283 282 281 283 281 277 273 271 270 273 277 280 282 282 280 281 285 288 286 285 283 282 281 280 279 278 278 277 276 274 274 273
293 289 282 278 274 272 272 274 275 278 281 281 278 271 264 261 255 248 239 232 234 241 242 236 232 236 240 243 250 262 270 275 274 267 273 285 295 299 299 302 307 309 309 312 316 320 323 322 319 314 307 302 300 296 292 289 288 288 285 282 281 283 285 284 283 282 280 280 282 277 272 271 272 273 275 278 280 283 285 285 286 289 289 287 285 283 282 280 279 278 277 276 275 274 273 273
295 290 282 279 278 279 283 284 284 283 280 276 268 259 256 257 255 249 240 235 241 248 248 238 232 235 241 242 248 260 270 273 274 267 277 290 297 299 298 302 309 310 310 314 318 320 324 326 324 319 311 304 300 298 293 289 286 286 286 284 282 281 284 284 281 280 279 278 280 279 272 270 272 274 275 276 278 283 286 284 283 286 290 290 287 284 282 281 279 278 276 275 275 274 273 273
298 292 285 284 287 289 288 285 280 273 266 260 255 251 254 260 261 249 237 240 249 255 253 244 238 238 241 242 249 261 268 270 271 269 278 290 296 297 301 307 310 306 308 315 319 321 325 330 329 324 318 310 304 300 296 291 287 286 287 287 284 280 281 281 278 277 278 278 278 278 273 270 272 275 276 277 278 280 282 282 280 282 288 292 291 286 283 280 278 277 276 275 275 274 274 273
304 297 291 289 287 284 279 272 265 259 257 256 254 254 259 265 266 250 235 242 252 260 261 255 251 246 244 245 251 260 268 269 269 268 276 287 295 300 306 311 307 303 307 314 319 320 325 332 332 327 322 315 308 303 298 295 290 286 285 287 285 280 277 277 275 275 277 279 278 277 276 274 273 275 275 276 276 276 278 280 280 281 285 290 291 288 283 280 278 276 275 274 274 274 274 272
307 300 292 287 281 276 270 264 260 257 254 256 259 262 266 271 273 253 234 241 251 262 272 269 259 257 256 253 253 257 264 270 270 269 278 289 299 305 311 312 309 306 306 311 317 320 325 332 334 330 326 320 313 304 299 297 293 286 283 284 285 280 275 274 274 274 275 277 279 279 279 277 274 273 273 274 274 273 274 277 280 281 284 287 290 288 283 279 276 274 273 273 274 274 274 272
307 298 288 281 276 272 269 265 262 258 254 258 267 271 270 273 277 271 245 246 252 261 272 277 263 265 270 270 263 255 257 266 271 274 283 294 303 309 314 312 310 305 300 306 317 324 326 329 332 331 329 327 320 309 301 299 296 289 284 283 284 281 276 275 276 274 273 274 277 280 280 277 274 272 272 273 273 273 273 274 278 281 284 286 288 286 281 277 273 270 272 275 277 276 274 271
307 297 286 279 274 272 271 267 263 259 258 263 271 274 271 273 281 307 293 264 256 257 263 272 268 271 278 281 276 264 257 260 269 278 287 295 302 306 310 309 305 297 295 303 316 325 326 326 328 331 332 333 327 315 305 300 298 292 285 282 283 282 277 276 277 276 273 273 275 279 281 279 277 275 272 272 273 275 274 273 275 279 282 283 284 284 277 273 270 270 277 283 282 277 274 270
312 299 286 281 278 275 273 271 265 261 264 269 272 271 269 275 290 325 329 283 261 255 258 268 277 281 284 283 281 279 266 260 267 278 287 293 296 300 304 305 300 295 297 303 314 323 327 329 330 331 334 337 333 321 308 302 300 295 287 283 283 283 279 277 278 278 275 273 274 277 279 278 277 276 273 271 273 275 276 274 273 276 280 281 282 281 274 271 272 278 284 287 284 276 269 268
321 303 289 284 281 277 273 270 266 267 272 277 276 268 266 277 295 327 343 302 273 263 263 272 283 288 288 285 285 290 282 267 267 275 285 293 297 300 301 301 300 300 303 307 313 322 330 334 332 331 335 339 339 329 313 303 299 297 291 285 282 282 281 278 278 279 277 274 273 274 274 274 273 275 276 273 271 273 276 276 274 275 278 280 280 279 275 274 279 283 285 285 280 272 269 271
330 309 291 284 281 276 271 268 269 275 281 285 281 268 267 278 295 329 351 327 300 290 284 282 283 288 291 285 284 296 300 282 271 272 283 294 301 304 300 300 302 305 308 308 311 321 330 333 330 330 334 340 344 338 321 306 299 297 293 286 283 282 281 279 279 279 278 275 273 273 272 271 270 271 275 275 273 271 273 275 274 275 278 278 276 276 278 278 282 284 284 281 277 273 274 276
333 313 291 282 279 277 274 272 275 279 283 288 287 276 271 275 288 323 346 335 318 307 300 292 288 291 299 294 292 299 303 292 281 281 288 297 303 306 302 302 308 310 310 308 310 316 325 329 330 331 334 343 349 347 332 310 299 297 293 287 285 284 283 281 279 279 278 276 274 272 272 272 270 268 270 275 276 272 270 272 275 277 279 278 275 276 280 281 282 283 281 279 278 277 278 277
340 318 291 282 280 280 279 280 280 280 279 285 295 288 274 270 278 309 335 333 322 309 301 296 295 295 304 306 303 306 308 308 306 299 298 303 309 313 308 309 313 313 311 307 306 312 322 329 333 334 337 346 353 355 343 317 301 296 293 289 287 288 287 283 281 279 278 276 273 273 273 273 271 268 267 270 273 273 271 273 276 277 278 278 278 280 283 283 282 281 280 280 279 277 277 276
352 327 294 283 283 283 282 281 281 280 276 280 297 294 277 269 275 295 321 328 322 311 301 297 297 297 300 303 305 310 314 318 315 307 302 302 308 318 319 320 320 316 311 308 309 313 320 326 332 336 339 347 356 0 352 324 303 295 293 291 288 289 288 285 281 278 276 274 271 271 273 274 273 270 267 265 266 270 272 273 274 274 276 278 281 283 285 284 282 281 280 279 277 273 274 278
2 337 298 285 285 285 281 281 282 283 277 279 296 302 283 271 273 285 308 322 322 314 304 297 295 295 297 299 303 307 309 311 310 304 300 300 305 313 321 328 327 322 317 315 317 318 321 326 333 337 340 347 358 4 358 331 306 296 294 291 288 288 284 278 272 269 271 272 271 270 272 273 275 274 270 264 262 265 268 271 272 273 276 279 283 287 288 285 282 280 279 277 272 269 275 284
7 343 307 293 289 287 282 282 284 286 280 280 294 310 294 275 271 278 296 314 319 313 305 297 294 294 296 300 303 303 302 301 301 300 298 298 303 304 313 326 327 323 315 314 316 318 322 330 339 341 342 347 358 7 5 341 309 297 293 290 285 279 270 261 255 260 268 276 279 275 272 273 275 277 275 268 262 261 264 268 271 274 278 281 285 289 290 287 282 280 278 275 271 272 279 288
6 340 313 302 295 289 284 280 282 286 282 281 293 314 303 280 268 270 281 294 304 305 303 298 292 291 294 299 300 301 303 303 300 300 298 296 300 297 302 318 323 319 306 300 303 307 314 326 339 342 343 345 357 11 9 346 311 295 289 283 273 261 254 253 254 262 269 279 287 284 277 274 275 277 278 275 268 263 262 264 268 273 279 285 288 291 291 287 283 281 280 276 272 276 283 290
359 334 311 303 295 287 282 276 274 278 281 283 294 316 307 284 268 261 263 275 287 295 296 293 289 290 292 294 298 302 307 306 300 300 298 294 298 297 295 311 322 320 306 293 293 297 304 317 333 340 339 341 358 15 11 350 309 287 279 270 256 251 256 261 265 269 271 274 283 289 284 278 277 277 278 280 278 272 267 265 266 271 279 286 287 289 290 286 282 281 280 279 276 279 286 292
353 330 310 304 297 289 282 275 271 272 275 281 292 309 304 288 272 257 254 263 276 285 292 292 290 287 288 296 304 309 314 308 301 301 299 293 296 299 295 304 319 323 313 294 288 292 300 312 330 337 337 342 1 17 16 359 306 278 270 264 256 261 268 271 273 274 272 270 272 280 283 280 279 280 281 283 286 283 277 273 269 269 272 278 282 284 286 282 279 281 282 286 283 283 288 294
345 327 312 309 304 293 285 280 276 274 271 272 279 292 294 288 278 263 254 260 271 281 289 289 288 290 298 309 314 319 324 311 301 301 300 292 293 300 297 300 314 324 322 300 287 287 295 309 327 334 337 344 4 21 24 12 311 278 272 273 275 275 276 275 274 273 271 267 265 266 274 278 280 283 285 287 290 290 286 280 276 271 268 269 275 280 281 278 278 282 288 293 289 287 289 293
338 324 311 309 305 295 287 286 283 278 270 264 266 279 288 292 288 274 266 264 270 283 294 297 303 311 316 320 324 332 333 316 301 300 301 293 292 297 298 299 307 321 325 309 291 287 293 308 325 334 337 344 7 27 34 25 318 279 274 278 283 280 276 273 272 270 268 266 262 261 265 272 279 283 287 291 293 293 291 286 283 278 272 269 271 275 277 277 279 283 291 296 292 289 291 293
341 323 309 309 307 300 293 290 288 282 272 262 262 272 286 297 300 290 285 284 294 303 310 317 317 317 321 325 329 336 338 324 306 300 299 293 290 292 296 297 301 313 321 317 299 288 290 303 321 333 335 344 14 38 45 37 319 279 276 276 276 274 270 269 269 268 266 264 262 260 262 267 274 280 285 290 296 298 297 296 293 288 282 276 274 276 280 283 283 285 291 295 293 292 292 291
344 324 309 308 308 303 295 291 289 286 280 271 268 270 278 293 300 297 300 309 314 314 313 316 316 312 311 315 324 333 336 328 313 304 296 289 287 289 291 292 295 304 314 319 308 291 286 294 309 321 329 344 24 47 54 47 313 280 274 271 268 267 267 267 267 267 265 263 262 262 262 263 267 274 279 284 293 300 299 300 300 296 291 286 282 282 286 289 288 286 289 293 294 292 289 287
