windninja/windninja_output/Output_2025-08-24_1900-1950_Google earth_Fire_150m_10min/merlingen_7.5mi_point_08-24-2025_1900_150m_vel.asc
ncols	158
nrows	163
xllcorner	391686.332397
yllcorner	5160024.123721
cellsize	150.000000
NODATA_value	-32768.000000
[rows 114 to 151 of 163, columns 0 to 83 of 158]
2.48 2.14 1.71 1.67 1.79 1.83 1.87 1.90 1.77 1.80 2.41 3.39 3.58 3.11 3.38 4.00 3.45 2.97 3.10 3.01 3.17 3.62 3.51 2.93 3.60 4.69 4.94 4.78 4.94 5.14 5.28 6.40 8.14 10.09 10.68 8.79 6.78 5.78 4.93 4.25 4.00 5.19 6.88 7.26 6.10 5.18 5.16 5.13 4.86 4.68 4.50 4.28 4.19 4.18 4.20 4.15 4.00 3.95 4.03 4.05 3.87 3.60 3.68 4.02 3.92 3.75 3.74 3.74 3.80 3.72 3.67 3.92 4.17 4.09 4.12 4.40 4.52 4.47 4.26 4.26 4.71 4.68 3.96 3.51
2.65 2.33 1.99 1.96 1.99 1.97 1.92 1.82 1.72 2.14 3.22 4.01 3.60 2.91 3.47 4.70 4.44 3.58 3.20 2.96 3.23 3.65 3.93 4.38 4.96 5.26 5.03 4.79 5.44 5.46 4.95 5.90 8.25 10.27 10.35 8.79 7.20 6.05 4.99 4.27 4.82 6.63 7.63 7.27 6.38 5.92 5.68 5.20 4.87 4.79 4.65 4.47 4.26 4.10 4.10 4.05 3.93 3.88 3.94 4.08 3.91 3.63 3.74 4.07 4.05 3.78 3.74 3.82 3.85 3.72 3.62 3.73 3.93 4.02 4.06 4.33 4.56 4.55 4.25 4.14 4.70 4.79 4.06 3.43
2.86 2.52 2.17 2.02 1.99 1.95 1.84 1.80 2.06 2.90 4.16 4.30 3.33 2.73 3.80 5.47 4.91 3.52 3.23 3.45 3.97 4.56 5.11 5.56 5.64 5.49 4.94 4.74 5.87 6.10 5.61 6.10 7.63 9.74 10.47 9.26 7.80 6.15 5.32 5.43 6.34 7.65 7.53 6.83 6.49 5.90 5.07 4.59 4.76 4.93 4.87 4.68 4.35 4.07 3.92 3.86 3.88 3.86 3.91 4.07 3.90 3.65 3.77 4.12 4.16 3.80 3.72 3.84 3.85 3.73 3.61 3.62 3.80 4.07 4.13 4.27 4.46 4.53 4.26 4.05 4.60 4.94 4.10 3.21
2.95 2.54 2.08 1.86 1.87 1.90 1.91 2.17 2.86 3.77 4.52 4.11 3.08 2.86 4.27 5.66 4.69 3.42 3.82 4.69 5.30 5.83 6.10 6.18 6.18 6.21 5.69 5.32 6.69 6.53 5.82 6.04 7.12 9.68 11.07 10.13 8.24 6.32 5.99 7.08 7.90 7.80 6.97 6.57 6.34 5.45 4.93 5.04 5.33 5.44 5.31 4.92 4.48 4.13 3.85 3.85 3.94 3.89 3.89 4.01 3.95 3.79 3.94 4.27 4.21 3.80 3.73 3.86 3.84 3.75 3.69 3.69 3.79 3.99 4.23 4.36 4.32 4.35 4.27 4.14 4.68 5.07 4.07 2.99
3.06 2.59 2.02 1.86 1.97 2.08 2.23 2.70 3.51 4.09 4.36 3.87 3.14 3.27 4.35 5.40 4.98 3.99 4.54 5.24 5.56 5.86 6.01 6.23 6.63 6.94 7.18 7.67 7.91 7.32 6.79 7.35 9.13 11.96 11.85 10.10 8.91 7.27 7.48 8.56 8.25 7.33 6.59 6.25 5.99 5.66 5.59 5.84 5.97 5.83 5.44 4.85 4.43 4.09 3.80 3.81 3.92 3.90 3.88 4.01 4.06 3.96 4.16 4.42 4.24 3.92 3.83 3.82 3.76 3.79 3.81 3.76 3.75 3.89 4.24 4.40 4.16 4.13 4.31 4.44 4.88 4.94 3.91 2.94
3.28 2.78 2.12 1.94 2.13 2.26 2.50 3.03 3.71 3.98 4.08 3.91 3.40 3.55 4.04 5.01 5.67 4.93 4.62 4.83 5.01 5.26 5.64 6.19 6.79 7.16 7.53 8.02 8.25 8.70 10.09 11.50 12.68 12.96 10.73 8.61 8.05 8.37 9.04 9.10 8.02 7.01 6.46 6.44 6.59 6.35 5.92 5.89 5.85 5.45 4.96 4.47 4.18 3.91 3.67 3.64 3.80 3.88 3.88 4.03 4.15 4.11 4.24 4.36 4.06 3.82 3.71 3.59 3.61 3.80 3.87 3.78 3.75 3.90 4.18 4.25 4.04 4.03 4.33 4.59 4.77 4.60 3.80 3.19
3.44 2.96 2.31 2.12 2.17 2.15 2.46 3.12 3.78 3.81 3.82 4.27 3.89 3.70 3.83 4.82 6.03 5.63 4.68 4.52 4.61 4.86 5.46 6.16 6.76 7.13 7.28 7.39 8.41 10.08 11.30 11.73 11.55 10.47 8.71 7.65 7.20 7.83 8.21 7.66 7.27 7.05 7.10 7.32 7.21 6.68 6.32 6.29 5.89 5.20 4.71 4.33 4.05 3.85 3.59 3.46 3.67 3.87 3.89 4.07 4.27 4.10 3.94 3.72 3.13 3.10 3.25 3.18 3.42 3.85 3.93 3.79 3.82 3.95 4.04 4.00 3.95 4.02 4.23 4.45 4.54 4.47 3.94 3.56
3.55 3.13 2.74 2.83 2.78 2.53 2.75 3.37 3.91 3.71 3.67 4.74 4.47 3.96 4.05 4.74 5.97 5.92 4.76 4.21 4.16 4.55 5.19 5.93 6.78 7.22 7.26 7.68 9.46 11.19 11.03 10.05 9.45 8.69 8.08 7.44 6.69 6.48 5.77 5.56 5.85 6.17 6.54 6.48 6.17 6.06 6.22 6.15 5.57 5.03 4.56 4.21 4.04 3.83 3.55 3.40 3.68 3.89 3.89 4.03 3.99 3.38 2.88 2.61 2.34 2.81 3.34 3.23 3.42 3.90 3.93 3.76 3.87 3.99 3.93 3.82 3.84 3.95 4.14 4.36 4.48 4.55 4.25 4.05
3.64 3.29 3.21 3.35 3.34 3.35 3.49 3.69 3.96 3.62 3.67 5.25 5.04 4.06 3.92 4.34 5.55 5.69 4.21 3.52 3.73 4.42 5.00 5.67 6.83 7.14 7.27 8.36 10.83 12.12 10.84 9.83 9.20 8.00 7.70 7.19 6.17 5.77 5.06 4.71 4.66 4.70 5.00 4.93 4.84 5.02 5.07 4.74 4.53 4.34 4.11 4.02 3.86 3.59 3.43 3.44 3.66 3.80 3.67 3.55 3.04 2.28 2.04 2.14 2.34 3.18 3.91 3.80 3.73 3.83 3.81 3.79 3.98 4.06 3.93 3.77 3.70 3.86 4.16 4.35 4.53 4.79 4.75 4.72
3.39 3.09 3.04 3.03 2.98 3.17 3.41 3.60 3.86 3.63 3.90 5.72 5.28 3.59 3.30 3.88 4.86 5.16 4.04 3.43 3.82 4.43 4.87 5.69 6.81 7.16 7.32 9.06 12.64 13.16 10.47 9.30 8.66 7.42 7.38 7.07 5.87 5.52 5.18 4.51 4.25 4.25 4.31 4.43 4.59 4.71 4.52 4.11 3.98 3.92 3.95 3.94 3.62 3.36 3.22 3.06 3.04 3.11 2.92 2.60 2.06 1.82 2.10 2.47 2.86 3.71 4.25 4.19 4.00 3.69 3.64 3.92 4.11 4.09 3.93 3.78 3.70 3.94 4.32 4.46 4.67 5.18 5.37 5.08
3.19 2.90 2.79 2.71 2.71 2.95 3.14 3.28 3.67 3.72 4.30 5.54 4.42 2.84 2.92 3.57 4.14 4.48 4.30 4.08 4.38 4.79 5.13 5.92 6.72 7.10 7.91 11.38 15.67 13.68 9.23 8.31 8.18 7.31 7.09 6.88 5.76 5.33 5.16 4.42 4.18 4.09 3.94 4.21 4.65 4.76 4.61 4.26 3.99 4.03 4.13 3.93 3.49 3.25 3.03 2.68 2.36 2.36 2.37 1.99 1.80 2.32 2.82 3.07 3.45 4.01 4.20 4.14 4.01 3.53 3.43 3.88 4.11 4.06 4.02 3.93 3.93 4.20 4.58 4.73 4.85 5.36 5.49 4.85
3.14 2.97 2.92 2.90 2.97 3.08 3.10 3.28 3.89 4.08 4.45 4.88 3.70 2.42 2.69 3.29 3.68 3.83 4.14 4.86 5.70 6.03 5.96 6.32 7.42 8.54 11.58 17.14 16.75 11.49 7.56 7.34 7.81 7.04 6.58 6.69 5.87 5.26 5.12 4.47 4.01 3.83 3.75 4.05 4.61 4.80 4.75 4.38 4.08 4.04 3.90 3.62 3.38 3.21 2.98 2.68 2.40 2.38 2.54 2.32 2.51 3.17 3.40 3.40 3.66 3.99 3.99 3.93 3.86 3.55 3.40 3.85 4.20 4.16 4.19 4.17 4.17 4.35 4.64 4.75 4.70 5.14 5.31 4.71
2.85 2.75 2.81 2.92 2.97 2.98 3.13 3.69 4.25 4.25 4.20 4.25 3.50 2.59 2.99 3.45 3.47 3.51 4.02 4.99 6.34 8.11 8.32 8.51 11.86 15.40 16.93 16.92 12.76 8.17 6.76 6.84 7.39 6.69 6.26 6.55 5.94 5.14 4.84 4.32 3.84 3.68 3.71 4.00 4.65 5.12 5.00 4.51 4.15 3.87 3.52 3.22 3.07 2.97 2.78 2.52 2.35 2.49 2.85 2.98 3.21 3.47 3.38 3.27 3.51 3.78 3.76 3.68 3.68 3.58 3.65 4.11 4.44 4.41 4.41 4.43 4.37 4.30 4.47 4.60 4.56 5.00 5.29 4.95
2.84 2.72 2.77 2.85 2.94 3.11 3.51 4.14 4.35 4.18 3.89 3.82 3.78 3.63 4.05 3.92 3.58 3.88 4.67 5.94 8.83 12.11 13.24 13.68 14.70 15.83 14.35 10.65 8.08 6.67 6.27 6.63 7.07 6.53 6.13 6.22 5.77 5.11 4.48 4.09 3.77 3.57 3.77 4.14 4.78 5.36 5.00 4.21 3.71 3.40 3.20 2.99 2.75 2.61 2.48 2.26 2.13 2.45 2.94 3.05 3.08 3.13 3.03 3.07 3.38 3.60 3.57 3.50 3.51 3.52 3.80 4.31 4.58 4.58 4.64 4.74 4.45 4.37 4.69 4.83 4.91 5.30 5.43 5.21
2.92 2.78 2.76 2.81 2.91 3.22 3.78 4.22 4.28 4.05 3.82 4.03 4.50 4.73 4.82 4.36 4.22 5.12 7.27 12.42 15.28 14.56 13.38 12.27 11.68 10.74 9.04 7.32 6.21 5.70 5.94 6.59 6.77 6.11 5.63 5.64 5.58 5.00 4.17 3.91 3.79 3.74 4.06 4.44 4.96 5.42 4.89 3.65 3.02 2.90 2.85 2.71 2.57 2.48 2.34 2.19 2.13 2.43 2.82 2.83 2.80 2.83 2.86 3.05 3.32 3.47 3.43 3.36 3.39 3.44 3.76 4.35 4.72 4.67 4.66 4.80 4.63 4.62 4.99 5.21 5.51 5.77 5.67 5.58
2.79 2.58 2.44 2.48 2.58 2.93 3.49 3.96 4.02 3.89 4.03 4.50 4.79 4.87 5.01 5.43 5.89 7.82 12.99 17.26 15.27 11.17 9.27 8.20 8.27 8.54 7.89 6.55 5.46 5.39 5.88 6.16 5.92 5.29 4.98 5.23 5.34 4.63 3.95 3.93 3.99 4.08 4.35 4.76 5.24 5.45 4.77 3.44 2.93 2.93 2.80 2.52 2.32 2.26 2.17 2.10 2.11 2.33 2.62 2.69 2.71 2.76 2.85 3.02 3.23 3.34 3.29 3.27 3.31 3.39 3.69 4.28 4.77 4.81 4.73 4.96 4.97 4.73 4.95 5.44 5.79 5.93 5.86 5.75
2.85 2.62 2.47 2.49 2.53 2.84 3.31 3.62 3.75 3.82 4.05 4.16 4.07 4.32 4.89 6.25 8.80 12.59 15.96 14.98 10.13 7.89 7.59 7.54 8.09 8.64 7.54 5.90 5.62 5.87 5.85 5.50 5.07 4.75 4.59 4.77 4.95 4.55 4.11 4.19 4.34 4.50 4.89 5.35 5.67 5.47 4.51 3.27 2.93 2.84 2.52 2.21 1.99 1.92 1.89 1.91 1.96 2.18 2.49 2.63 2.65 2.67 2.77 2.95 3.13 3.20 3.23 3.26 3.26 3.34 3.67 4.23 4.69 4.87 4.97 5.34 5.38 4.87 5.06 5.69 6.00 6.06 5.80 5.41
3.02 2.86 2.76 2.73 2.79 3.19 3.47 3.44 3.61 3.74 3.70 3.50 3.45 3.89 4.89 6.70 10.48 14.04 13.65 9.65 7.88 7.60 7.49 7.51 8.21 8.52 6.72 5.83 5.97 6.02 5.84 5.52 5.09 4.62 4.42 4.62 4.92 5.03 4.75 4.69 5.00 5.31 5.66 5.94 5.83 4.99 3.74 2.79 2.57 2.38 1.93 1.69 1.71 1.70 1.66 1.68 1.68 1.92 2.27 2.42 2.42 2.53 2.69 2.90 3.04 3.13 3.25 3.27 3.25 3.30 3.68 4.26 4.53 4.86 5.28 5.72 5.89 5.35 5.29 5.95 6.47 6.27 5.52 5.00
2.97 2.80 2.67 2.74 3.06 3.58 3.72 3.57 3.66 3.74 3.49 3.37 3.51 4.13 5.47 7.31 11.48 13.83 11.04 8.16 7.78 7.68 7.63 7.80 8.30 8.10 6.32 5.50 5.56 5.27 5.16 5.12 4.77 4.51 4.70 5.12 5.51 5.72 5.48 5.47 5.99 6.19 6.15 6.21 5.62 4.01 2.75 2.28 2.14 1.82 1.38 1.35 1.46 1.52 1.51 1.51 1.49 1.70 2.04 2.18 2.31 2.64 2.72 2.85 3.02 3.10 3.26 3.31 3.25 3.32 3.80 4.26 4.38 4.88 5.48 6.04 6.57 5.95 5.46 6.20 6.78 6.19 5.19 4.89
2.87 2.65 2.60 2.91 3.42 3.78 3.72 3.73 3.97 4.11 3.99 3.88 3.96 4.83 6.24 8.96 13.54 14.05 11.18 8.99 8.54 8.29 8.21 8.14 7.81 6.97 5.85 5.32 5.15 4.79 4.54 4.49 4.32 4.63 5.27 5.64 5.85 5.84 5.54 5.86 6.41 6.37 6.25 6.14 5.12 3.39 2.49 2.10 1.70 1.13 0.94 1.09 1.24 1.33 1.39 1.41 1.43 1.68 2.05 2.27 2.61 2.93 2.81 2.82 3.01 3.08 3.28 3.40 3.33 3.49 3.94 4.25 4.42 4.83 5.43 6.33 7.05 6.23 5.57 6.25 6.61 5.84 4.94 4.65
3.09 2.94 3.02 3.32 3.68 3.72 3.67 3.92 4.28 4.59 4.87 4.80 5.08 6.04 8.73 13.72 15.59 13.63 10.74 9.27 8.79 8.36 7.95 7.40 6.40 5.77 5.64 5.58 5.37 5.08 4.79 4.69 4.68 5.04 5.43 5.55 5.59 5.33 5.31 6.04 6.44 6.14 5.96 5.40 3.88 2.92 2.46 1.93 1.25 0.82 0.82 0.98 1.09 1.17 1.25 1.28 1.35 1.71 2.12 2.46 2.84 2.91 2.72 2.75 2.95 3.11 3.26 3.43 3.60 3.82 4.08 4.37 4.55 4.57 5.17 6.41 7.20 6.56 5.74 6.11 6.29 5.47 4.48 4.18
3.15 3.20 3.41 3.64 3.79 3.79 3.86 4.14 4.36 4.70 4.95 5.05 5.52 7.62 13.11 16.23 14.56 11.69 9.77 8.83 8.11 7.19 6.70 6.01 5.29 5.18 5.45 5.74 5.83 5.70 5.39 5.23 5.29 5.35 5.36 5.36 5.07 4.77 5.37 6.48 6.50 5.79 5.25 4.08 2.86 2.40 2.02 1.46 1.06 0.86 0.84 0.91 0.98 1.04 1.10 1.15 1.30 1.77 2.21 2.58 2.81 2.75 2.66 2.73 2.88 3.09 3.16 3.42 4.02 4.29 4.39 4.56 4.60 4.47 4.98 6.18 7.06 6.95 6.03 5.97 5.85 5.00 4.25 4.17
2.98 3.14 3.35 3.46 3.62 3.79 3.93 3.99 4.03 4.25 4.40 4.67 5.18 8.48 14.61 14.78 11.63 10.39 9.19 8.34 7.27 5.95 5.54 5.41 5.19 5.11 5.32 5.85 6.29 6.19 5.71 5.43 5.45 5.38 5.48 5.48 4.97 4.64 5.57 6.73 6.20 5.36 4.53 2.90 2.12 1.70 1.26 0.91 0.80 0.68 0.65 0.71 0.83 0.95 1.03 1.10 1.38 1.99 2.47 2.74 2.82 2.74 2.74 2.78 2.82 2.96 3.05 3.43 4.31 4.72 4.64 4.61 4.74 4.79 5.04 5.85 6.76 6.94 6.39 5.97 5.58 4.89 4.55 4.81
2.78 2.87 3.01 3.04 3.23 3.50 3.53 3.46 3.54 3.86 4.14 4.76 5.58 9.83 14.80 13.36 10.91 9.82 8.33 7.50 6.75 5.68 5.23 5.33 5.19 5.11 5.36 6.13 6.67 6.17 5.14 4.88 5.07 5.28 5.60 5.56 5.04 4.72 5.66 6.76 5.95 4.79 3.49 2.06 1.35 0.89 0.57 0.50 0.50 0.40 0.43 0.56 0.73 0.87 0.98 1.16 1.66 2.40 2.72 2.80 2.79 2.73 2.76 2.71 2.64 2.74 2.96 3.45 4.35 4.97 4.85 4.67 4.90 5.02 4.90 5.41 6.42 6.76 6.52 6.40 5.96 5.15 5.12 5.63
2.67 2.61 2.61 2.65 2.94 3.11 2.95 2.95 3.33 3.94 4.67 5.66 7.58 13.45 15.78 12.83 10.37 8.64 6.98 6.69 6.61 5.85 5.40 5.28 4.98 5.02 5.45 6.30 6.61 5.71 4.76 4.70 5.16 5.43 5.55 5.27 4.75 4.81 5.89 6.77 5.55 3.58 2.34 1.45 0.79 0.50 0.27 0.22 0.28 0.27 0.45 0.64 0.79 0.88 1.06 1.49 2.19 2.71 2.77 2.75 2.74 2.72 2.73 2.54 2.38 2.49 2.86 3.50 4.32 5.08 5.34 5.18 5.18 5.21 5.00 5.08 6.00 6.51 6.35 6.67 6.57 5.46 5.93 6.23
2.78 2.58 2.42 2.68 3.04 2.94 2.70 2.94 3.54 4.23 5.33 7.33 12.11 16.83 15.45 10.81 8.56 7.24 6.20 6.20 6.62 6.17 5.63 5.25 4.93 5.08 5.60 6.18 6.17 5.32 4.72 5.10 5.50 5.31 5.37 5.04 4.71 5.35 6.25 6.20 4.28 2.31 1.58 0.99 0.52 0.42 0.25 0.09 0.10 0.33 0.60 0.83 0.93 1.08 1.53 2.15 2.64 2.78 2.74 2.75 2.71 2.76 2.71 2.35 2.15 2.37 2.88 3.66 4.42 5.08 5.72 6.04 5.80 5.53 5.32 5.15 5.53 6.15 6.13 6.75 7.15 6.96 7.57 6.98
2.88 2.65 2.60 3.03 3.12 2.98 3.19 3.59 3.89 4.96 6.48 9.59 16.06 16.85 11.43 8.02 7.15 6.44 5.76 6.06 6.68 6.48 5.78 5.30 5.17 5.43 5.75 5.90 5.81 5.17 4.88 5.34 5.36 5.16 5.67 5.58 5.28 5.69 5.65 4.61 2.73 1.57 1.16 0.74 0.51 0.49 0.36 0.18 0.21 0.49 0.78 0.99 1.15 1.58 2.26 2.69 2.79 2.75 2.75 2.74 2.75 2.91 2.76 2.38 2.31 2.69 3.28 4.01 4.59 5.19 5.98 6.52 6.26 5.76 5.68 5.25 5.01 5.73 6.21 6.97 8.18 8.57 7.76 6.47
2.92 2.74 2.66 2.78 2.71 3.08 3.95 4.40 4.74 6.55 8.56 13.41 16.93 12.73 7.69 6.79 6.45 6.22 6.14 6.71 7.09 6.74 6.05 5.74 5.71 5.83 5.83 5.62 5.45 5.10 5.07 5.35 5.36 5.61 6.12 5.87 5.46 5.23 4.28 2.72 1.60 1.16 0.97 0.70 0.57 0.52 0.44 0.36 0.46 0.69 0.89 1.14 1.55 2.22 2.77 2.89 2.83 2.81 2.84 2.89 3.04 3.17 3.00 2.88 3.21 3.90 4.57 4.96 5.26 5.91 6.37 6.53 6.64 6.67 6.35 5.17 4.48 5.36 6.46 7.58 9.14 8.85 6.52 5.18
2.93 2.64 2.33 2.35 2.64 3.40 4.16 4.77 6.06 7.57 10.23 15.82 15.64 8.35 6.29 6.34 6.28 6.79 7.18 7.47 7.29 6.71 6.33 6.35 6.42 6.23 5.82 5.25 5.00 5.03 5.20 5.51 5.71 5.92 6.01 5.56 4.93 4.14 2.80 1.46 0.96 0.94 0.84 0.68 0.56 0.52 0.52 0.54 0.66 0.82 0.96 1.47 2.21 2.67 2.96 2.92 2.78 2.90 3.07 3.26 3.44 3.48 3.47 3.64 4.23 5.10 5.68 5.94 6.20 6.48 6.47 6.44 7.20 7.73 6.63 5.02 4.44 5.25 6.72 8.48 9.16 8.19 6.85 5.79
3.19 2.79 2.51 2.63 3.04 3.58 4.20 5.07 6.56 7.50 10.99 14.49 11.64 7.16 6.43 6.49 6.76 7.70 8.01 7.13 6.44 6.27 6.32 6.53 6.58 6.35 5.78 5.24 5.13 5.39 5.70 6.01 5.91 5.63 5.74 5.15 3.78 2.42 1.33 0.69 0.61 0.79 0.78 0.67 0.56 0.55 0.61 0.69 0.78 0.93 1.26 2.14 3.02 3.41 3.42 2.98 2.79 3.05 3.24 3.43 3.64 3.75 3.89 4.17 4.63 5.14 5.53 5.83 6.00 6.06 6.06 6.48 7.62 7.68 6.04 4.92 4.88 5.28 7.05 8.78 8.07 7.45 7.90 6.59
3.56 3.11 3.11 3.25 3.27 3.50 4.34 5.40 6.45 7.00 9.96 13.49 10.94 7.74 7.14 6.81 7.17 8.19 7.70 5.89 5.62 5.96 6.23 6.43 6.11 5.57 5.34 5.54 5.78 5.90 6.05 6.28 5.78 5.24 5.32 4.17 2.24 1.08 0.43 0.27 0.45 0.69 0.71 0.65 0.62 0.63 0.70 0.80 0.89 1.20 1.95 2.94 3.74 4.08 3.61 2.94 2.98 3.18 3.26 3.63 4.04 4.16 4.24 4.37 4.42 4.75 5.31 5.51 5.42 5.42 5.71 6.47 7.60 7.37 5.60 4.79 4.91 5.19 7.18 8.28 6.94 7.57 8.37 5.85
3.50 3.11 3.36 3.63 3.75 4.00 4.78 5.76 6.79 7.05 8.75 13.97 13.41 9.15 7.88 7.12 7.50 8.12 6.52 5.28 5.53 5.90 6.24 6.19 5.59 5.12 5.21 5.71 5.97 5.91 5.94 6.06 5.41 4.73 4.34 2.89 1.43 0.54 0.14 0.21 0.44 0.61 0.64 0.67 0.72 0.75 0.79 0.90 1.13 1.77 2.71 3.54 4.23 4.28 3.57 3.19 3.38 3.51 3.85 4.56 4.81 4.68 4.62 4.48 4.34 4.75 5.32 5.19 5.00 5.23 5.53 6.30 7.44 7.21 5.45 4.43 4.53 5.23 7.13 7.68 7.09 8.52 7.87 3.82
3.19 2.99 3.49 4.00 4.62 5.27 5.77 6.54 7.62 7.64 10.11 15.69 14.33 9.45 8.21 7.83 8.08 7.88 6.27 5.64 5.97 6.03 6.11 5.74 5.37 5.45 5.53 5.55 5.45 5.27 5.38 5.36 4.61 3.66 2.65 1.93 1.12 0.53 0.29 0.32 0.48 0.56 0.62 0.71 0.81 0.83 0.89 1.08 1.62 2.41 3.12 3.90 4.60 4.51 4.12 4.04 4.07 4.30 4.96 5.39 5.19 4.91 4.80 4.78 5.00 5.44 5.55 5.20 5.14 5.41 5.57 6.10 7.14 7.11 5.43 4.14 4.35 5.55 6.66 7.28 8.43 8.63 5.65 2.73
2.86 2.89 3.43 4.03 4.99 5.93 6.37 7.23 8.29 9.96 14.85 16.61 11.84 7.88 7.37 7.50 7.71 7.27 6.60 6.46 6.51 6.32 5.88 5.43 5.39 5.78 5.70 5.50 5.45 4.83 4.26 4.12 3.31 2.07 1.47 1.38 0.98 0.56 0.37 0.35 0.46 0.56 0.62 0.77 0.92 0.95 1.03 1.42 2.19 2.80 3.31 4.23 4.97 4.83 4.59 4.54 4.63 5.07 5.40 5.43 5.07 4.81 4.89 5.28 5.83 6.20 6.37 6.51 6.65 6.64 6.67 6.77 7.14 7.09 5.55 4.40 5.22 6.82 7.20 7.94 8.97 6.58 3.21 1.99
2.67 2.67 3.18 4.01 4.89 5.59 6.13 7.11 9.78 13.52 15.90 13.23 8.32 6.58 6.23 6.31 6.52 6.37 6.14 6.20 6.31 6.18 5.73 5.23 5.55 6.04 6.06 5.94 5.73 4.66 3.62 3.29 2.48 1.42 1.09 1.11 0.95 0.64 0.44 0.32 0.40 0.59 0.72 0.90 1.07 1.12 1.29 1.95 2.65 2.99 3.48 4.48 5.19 5.16 5.05 5.14 5.19 5.28 5.52 5.53 5.08 4.90 5.27 5.73 6.07 6.40 6.88 7.33 7.67 8.13 8.50 8.27 7.81 7.06 5.82 5.54 7.49 9.18 8.96 8.92 7.64 3.47 2.11 2.09
3.21 3.41 3.84 4.37 5.16 6.11 6.68 7.82 12.23 14.41 12.42 8.76 6.96 6.12 5.77 5.80 5.91 5.75 5.54 5.62 5.66 5.43 4.97 4.98 5.62 6.24 6.50 6.20 5.33 4.18 3.07 2.45 2.06 1.34 1.02 1.04 0.95 0.69 0.45 0.33 0.42 0.71 0.94 1.04 1.17 1.36 1.72 2.43 2.87 3.04 3.59 4.59 5.31 5.70 5.97 5.87 5.48 5.19 5.46 5.51 5.20 5.29 5.65 5.97 6.28 6.69 7.06 7.18 7.35 8.10 8.63 8.16 7.31 6.43 6.02 7.31 9.69 9.66 7.65 6.68 4.30 1.73 1.93 2.45
4.09 4.47 4.96 5.22 6.56 7.68 7.42 8.86 14.02 14.21 9.45 7.22 6.49 5.74 5.47 5.41 5.32 5.27 5.47 5.56 5.30 4.80 4.27 4.47 5.22 6.03 6.22 5.10 3.99 3.16 2.14 1.76 1.64 1.29 1.09 1.03 0.91 0.67 0.48 0.44 0.59 0.94 1.17 1.17 1.30 1.72 2.27 2.74 2.93 3.13 3.66 4.59 5.53 6.44 6.86 6.34 5.77 5.48 5.39 5.35 5.26 5.55 5.94 6.35 6.85 7.10 7.08 6.88 6.87 7.60 8.16 7.23 5.90 5.56 6.35 8.65 9.77 7.49 4.37 3.32 1.92 0.97 1.87 2.61
4.39 4.52 5.08 5.98 7.07 7.37 6.84 9.20 14.73 13.55 8.12 6.59 6.03 5.46 5.33 5.12 4.86 5.08 5.41 5.26 4.76 4.25 3.94 4.15 4.70 5.52 5.89 4.62 3.15 2.45 1.74 1.43 1.35 1.29 1.21 1.04 0.87 0.70 0.61 0.67 0.88 1.22 1.39 1.38 1.60 2.25 2.82 2.91 3.00 3.33 3.79 4.63 5.85 6.96 7.36 6.75 6.17 5.83 5.71 5.73 5.50 5.69 6.35 6.90 7.26 7.15 6.98 6.90 7.12 8.07 8.51 6.92 5.16 5.34 6.88 8.94 8.52 4.83 2.53 1.78 0.83 0.67 1.58 2.72
