windninja/windninja_output/Output_2025-08-24_1900-1950_Google earth_Fire_150m_10min/merlingen_7.5mi_point_08-24-2025_1910_150m_vel.asc
ncols	158
nrows	163
xllcorner	391686.332397
yllcorner	5160024.123721
cellsize	150.000000
NODATA_value	-32768.000000
[rows 76 to 113 of 163, columns 0 to 83 of 158]
1.46 1.54 1.62 1.58 1.65 1.81 1.81 1.77 1.76 1.73 1.70 1.69 1.66 1.67 1.69 1.66 1.65 1.68 1.69 1.68 1.67 1.67 1.68 1.69 1.61 1.50 1.55 1.71 1.80 1.84 1.86 1.83 1.80 1.79 1.77 1.74 1.77 1.82 1.82 1.80 1.78 1.79 1.80 1.81 1.83 1.84 1.86 1.87 1.88 1.90 1.91 1.92 1.93 1.93 1.94 1.94 1.94 1.94 1.94 1.94 1.94 1.94 1.94 1.93 1.93 1.92 1.92 1.91 1.89 1.86 1.83 1.80 1.77 1.74 1.73 1.76 1.66 1.50 1.60 2.29 3.10 3.04 2.17 1.08
1.17 1.27 1.46 1.56 1.71 1.82 1.79 1.78 1.81 1.80 1.79 1.73 1.70 1.73 1.72 1.68 1.67 1.70 1.70 1.67 1.66 1.68 1.71 1.70 1.56 1.45 1.58 1.76 1.78 1.76 1.75 1.75 1.74 1.78 1.86 1.83 1.82 1.83 1.81 1.79 1.77 1.76 1.79 1.80 1.81 1.83 1.85 1.87 1.88 1.90 1.91 1.92 1.93 1.93 1.93 1.94 1.94 1.94 1.94 1.94 1.94 1.94 1.94 1.93 1.93 1.93 1.92 1.91 1.90 1.88 1.86 1.83 1.81 1.79 1.77 1.76 1.66 1.56 1.75 2.40 2.74 2.05 1.16 0.76
0.81 0.79 1.18 1.67 1.87 1.87 1.85 1.90 2.00 1.98 1.87 1.77 1.74 1.75 1.74 1.71 1.71 1.72 1.69 1.66 1.67 1.70 1.73 1.67 1.48 1.44 1.66 1.79 1.77 1.70 1.67 1.76 1.82 1.88 1.95 1.91 1.84 1.81 1.80 1.79 1.74 1.73 1.76 1.78 1.80 1.82 1.84 1.86 1.88 1.90 1.91 1.92 1.93 1.93 1.93 1.94 1.94 1.94 1.94 1.94 1.94 1.94 1.94 1.94 1.94 1.94 1.93 1.92 1.92 1.90 1.88 1.86 1.83 1.81 1.79 1.76 1.69 1.64 1.81 2.21 2.14 1.21 0.62 0.57
0.60 0.34 0.89 1.81 2.41 2.41 2.20 2.16 2.27 2.14 1.89 1.77 1.77 1.77 1.77 1.74 1.74 1.72 1.66 1.64 1.67 1.71 1.73 1.62 1.44 1.49 1.74 1.83 1.79 1.69 1.68 1.82 1.88 1.91 1.96 1.93 1.82 1.75 1.79 1.79 1.70 1.68 1.72 1.75 1.77 1.79 1.81 1.84 1.88 1.90 1.92 1.93 1.94 1.94 1.94 1.94 1.94 1.94 1.94 1.94 1.94 1.94 1.95 1.95 1.94 1.94 1.94 1.94 1.93 1.92 1.90 1.87 1.85 1.84 1.81 1.78 1.74 1.72 1.82 1.93 1.55 0.81 0.59 0.71
0.90 0.62 1.01 2.00 3.12 3.69 3.07 2.61 2.52 2.20 1.85 1.75 1.77 1.77 1.77 1.75 1.72 1.68 1.63 1.63 1.67 1.71 1.71 1.61 1.47 1.56 1.78 1.85 1.79 1.71 1.74 1.86 1.91 1.93 1.97 1.93 1.78 1.72 1.78 1.79 1.66 1.60 1.67 1.70 1.72 1.76 1.78 1.82 1.88 1.93 1.95 1.95 1.95 1.94 1.94 1.93 1.93 1.94 1.94 1.94 1.95 1.95 1.95 1.95 1.95 1.95 1.95 1.95 1.94 1.93 1.91 1.89 1.88 1.87 1.84 1.81 1.78 1.75 1.76 1.67 1.26 0.93 0.95 0.97
1.10 0.63 1.45 2.65 3.91 3.85 3.05 2.73 2.50 2.12 1.81 1.70 1.72 1.73 1.73 1.71 1.66 1.63 1.61 1.62 1.67 1.70 1.71 1.63 1.51 1.58 1.79 1.83 1.79 1.77 1.81 1.91 1.94 1.94 1.94 1.88 1.76 1.73 1.78 1.77 1.65 1.56 1.60 1.62 1.65 1.70 1.70 1.74 1.88 1.99 2.00 1.99 1.97 1.95 1.94 1.93 1.93 1.93 1.94 1.94 1.95 1.95 1.95 1.95 1.96 1.96 1.96 1.96 1.95 1.94 1.93 1.91 1.90 1.89 1.87 1.85 1.82 1.77 1.74 1.61 1.37 1.23 1.15 1.03
0.88 0.79 2.24 3.80 4.14 2.85 2.08 2.09 2.02 1.81 1.60 1.54 1.61 1.65 1.67 1.63 1.59 1.59 1.60 1.61 1.66 1.70 1.72 1.65 1.51 1.60 1.80 1.84 1.82 1.81 1.82 1.85 1.83 1.81 1.81 1.79 1.76 1.74 1.76 1.75 1.64 1.56 1.59 1.65 1.71 1.76 1.77 1.83 2.03 2.14 2.10 2.04 1.98 1.95 1.93 1.92 1.92 1.93 1.94 1.94 1.95 1.95 1.95 1.96 1.96 1.96 1.97 1.96 1.96 1.95 1.94 1.93 1.92 1.91 1.90 1.88 1.85 1.80 1.76 1.65 1.49 1.32 1.18 1.20
2.24 2.64 3.46 3.77 3.09 1.99 1.54 1.41 1.33 1.25 1.22 1.33 1.46 1.53 1.57 1.54 1.52 1.57 1.59 1.61 1.67 1.70 1.72 1.66 1.58 1.70 1.86 1.86 1.81 1.79 1.78 1.75 1.71 1.70 1.70 1.72 1.74 1.74 1.76 1.72 1.63 1.62 1.70 1.82 1.92 2.01 2.07 2.16 2.31 2.33 2.21 2.09 2.02 1.96 1.91 1.90 1.91 1.92 1.93 1.94 1.95 1.95 1.96 1.96 1.97 1.97 1.97 1.97 1.97 1.96 1.96 1.95 1.94 1.94 1.93 1.91 1.88 1.84 1.79 1.69 1.51 1.38 1.34 1.69
3.22 3.13 2.93 2.40 1.85 1.51 1.13 0.86 0.79 0.86 1.04 1.23 1.32 1.41 1.48 1.47 1.48 1.55 1.60 1.63 1.69 1.71 1.71 1.72 1.72 1.77 1.85 1.81 1.76 1.77 1.76 1.70 1.65 1.61 1.63 1.69 1.74 1.77 1.74 1.68 1.66 1.69 1.77 1.86 1.94 2.00 2.07 2.18 2.26 2.20 2.08 2.02 1.97 1.88 1.84 1.86 1.90 1.92 1.93 1.94 1.95 1.96 1.96 1.97 1.97 1.97 1.98 1.98 1.98 1.98 1.97 1.97 1.96 1.96 1.96 1.95 1.92 1.89 1.84 1.76 1.63 1.62 1.71 2.23
3.78 2.96 1.96 1.68 1.47 1.19 0.77 0.61 0.73 0.92 1.12 1.20 1.24 1.35 1.44 1.46 1.45 1.54 1.61 1.64 1.68 1.69 1.73 1.82 1.82 1.75 1.73 1.72 1.73 1.77 1.72 1.66 1.60 1.56 1.62 1.71 1.75 1.76 1.75 1.74 1.74 1.74 1.76 1.80 1.85 1.90 1.98 2.08 2.10 2.01 1.91 1.84 1.77 1.73 1.76 1.83 1.88 1.91 1.93 1.95 1.95 1.96 1.97 1.97 1.97 1.98 1.98 1.99 1.99 1.99 1.99 1.98 1.98 1.98 1.98 1.98 1.96 1.94 1.92 1.88 1.86 1.96 2.21 2.85
3.93 2.94 1.83 1.59 1.39 1.11 0.77 0.75 0.99 1.17 1.21 1.15 1.20 1.31 1.40 1.42 1.39 1.50 1.57 1.62 1.65 1.65 1.76 1.92 1.91 1.74 1.67 1.71 1.77 1.73 1.64 1.63 1.61 1.61 1.72 1.78 1.75 1.76 1.80 1.82 1.80 1.76 1.74 1.76 1.80 1.87 1.97 2.05 2.05 1.95 1.82 1.74 1.71 1.70 1.73 1.81 1.88 1.91 1.93 1.96 1.97 1.97 1.97 1.97 1.98 1.98 1.99 1.99 1.99 2.00 2.00 2.00 2.00 2.01 2.01 2.01 2.00 2.01 2.01 2.03 2.10 2.32 2.75 3.52
3.48 2.62 1.82 1.60 1.33 1.13 0.96 1.07 1.31 1.35 1.16 1.09 1.23 1.26 1.32 1.35 1.31 1.44 1.57 1.65 1.66 1.68 1.96 2.28 2.18 1.84 1.71 1.75 1.75 1.67 1.61 1.63 1.64 1.66 1.74 1.77 1.74 1.78 1.84 1.87 1.84 1.77 1.72 1.72 1.76 1.85 1.96 2.02 2.01 1.90 1.76 1.71 1.70 1.70 1.73 1.80 1.87 1.92 1.96 1.97 1.98 1.98 1.98 1.97 1.98 1.98 1.99 1.99 2.00 2.00 2.01 2.01 2.02 2.03 2.03 2.04 2.06 2.08 2.11 2.16 2.27 2.54 2.99 3.67
2.73 2.38 1.92 1.69 1.42 1.27 1.29 1.34 1.35 1.27 1.12 1.19 1.31 1.25 1.29 1.26 1.22 1.42 1.64 1.82 1.85 2.01 2.68 2.96 2.43 1.83 1.66 1.68 1.64 1.60 1.59 1.61 1.63 1.64 1.67 1.70 1.70 1.72 1.80 1.86 1.85 1.78 1.71 1.71 1.75 1.84 1.95 1.99 1.97 1.88 1.79 1.73 1.69 1.71 1.77 1.81 1.87 1.94 1.98 2.01 2.02 2.00 1.98 1.97 1.98 1.98 1.99 2.00 2.00 2.01 2.02 2.03 2.04 2.04 2.06 2.08 2.10 2.14 2.18 2.24 2.35 2.56 2.89 3.47
2.37 2.35 2.13 1.77 1.52 1.40 1.39 1.34 1.20 1.23 1.39 1.43 1.34 1.24 1.17 1.09 1.17 1.48 1.84 2.17 2.38 2.98 3.47 3.00 2.00 1.52 1.47 1.53 1.54 1.54 1.56 1.59 1.62 1.61 1.63 1.69 1.67 1.64 1.69 1.78 1.80 1.75 1.70 1.68 1.73 1.81 1.89 1.95 1.96 1.91 1.85 1.80 1.79 1.83 1.84 1.83 1.85 1.92 2.05 2.13 2.07 2.00 1.97 1.96 1.97 1.97 1.98 1.99 2.01 2.02 2.03 2.04 2.05 2.06 2.08 2.11 2.14 2.17 2.22 2.29 2.40 2.53 2.73 3.08
2.44 2.30 1.93 1.58 1.48 1.40 1.35 1.29 1.19 1.42 1.74 1.58 1.29 1.15 1.03 0.99 1.21 1.58 2.15 2.84 3.49 3.85 3.36 2.20 1.43 1.22 1.29 1.41 1.45 1.48 1.53 1.57 1.59 1.59 1.63 1.69 1.65 1.61 1.64 1.74 1.80 1.76 1.69 1.65 1.69 1.74 1.81 1.92 1.97 1.95 1.92 1.91 1.92 1.91 1.82 1.74 1.76 1.94 2.29 2.34 2.12 1.97 1.95 1.94 1.95 1.97 1.98 1.99 2.01 2.02 2.03 2.04 2.06 2.08 2.10 2.13 2.16 2.20 2.25 2.32 2.42 2.52 2.63 2.86
2.44 2.13 1.73 1.64 1.69 1.60 1.49 1.44 1.41 1.68 1.90 1.59 1.23 1.12 1.10 1.16 1.34 1.64 2.34 3.59 4.18 3.67 2.32 1.46 1.08 1.01 1.14 1.28 1.36 1.42 1.49 1.53 1.56 1.57 1.62 1.68 1.65 1.65 1.67 1.72 1.78 1.75 1.70 1.67 1.67 1.68 1.75 1.87 1.97 2.01 2.01 2.00 2.00 1.93 1.75 1.69 1.90 2.30 2.60 2.44 2.05 1.90 1.89 1.91 1.94 1.96 1.98 1.99 2.01 2.02 2.03 2.05 2.07 2.09 2.11 2.14 2.17 2.21 2.27 2.34 2.43 2.51 2.64 2.86
2.45 2.21 1.99 2.05 2.14 2.16 2.23 2.25 2.07 2.02 1.99 1.64 1.28 1.20 1.20 1.35 1.59 1.95 2.97 4.07 3.87 2.29 1.30 0.90 0.75 0.80 1.00 1.17 1.28 1.37 1.44 1.50 1.56 1.60 1.64 1.68 1.67 1.67 1.68 1.67 1.67 1.67 1.70 1.69 1.65 1.63 1.66 1.78 1.93 2.06 2.09 2.09 2.05 1.92 1.76 1.87 2.30 2.57 2.52 2.20 1.86 1.78 1.82 1.88 1.91 1.94 1.97 1.99 2.00 2.02 2.03 2.05 2.07 2.09 2.12 2.15 2.18 2.23 2.28 2.35 2.42 2.51 2.64 2.81
2.62 2.46 2.31 2.36 2.56 2.72 2.79 2.78 2.59 2.35 2.30 2.18 2.01 2.04 2.01 2.11 2.50 3.09 3.84 3.80 2.62 1.06 0.66 0.53 0.54 0.68 0.94 1.12 1.24 1.32 1.38 1.48 1.60 1.65 1.65 1.65 1.65 1.66 1.68 1.65 1.56 1.56 1.67 1.71 1.62 1.56 1.59 1.72 1.93 2.09 2.24 2.30 2.12 1.90 1.82 2.00 2.31 2.32 2.12 1.92 1.73 1.67 1.74 1.83 1.89 1.93 1.96 1.98 1.99 2.01 2.03 2.05 2.07 2.10 2.12 2.15 2.19 2.23 2.28 2.34 2.40 2.49 2.59 2.72
2.90 2.68 2.41 2.47 2.72 2.72 2.48 2.24 2.15 2.33 2.51 2.54 2.57 2.64 2.67 2.77 3.00 3.32 3.41 2.41 1.11 0.46 0.26 0.30 0.41 0.67 0.94 1.09 1.18 1.23 1.31 1.52 1.71 1.72 1.63 1.61 1.64 1.67 1.69 1.65 1.55 1.50 1.63 1.73 1.62 1.58 1.63 1.75 1.98 2.20 2.53 2.59 2.09 1.83 1.84 1.94 2.09 2.07 1.94 1.84 1.75 1.64 1.69 1.80 1.88 1.93 1.95 1.97 1.99 2.01 2.03 2.05 2.07 2.09 2.12 2.15 2.19 2.23 2.27 2.33 2.39 2.46 2.54 2.64
3.13 2.81 2.44 2.52 2.67 2.42 1.95 1.59 1.58 1.93 2.15 2.01 1.78 1.45 1.56 1.89 2.13 2.23 2.37 1.47 0.51 0.34 0.25 0.24 0.44 0.73 0.94 1.05 1.12 1.18 1.38 1.70 1.85 1.73 1.57 1.57 1.65 1.69 1.70 1.66 1.58 1.53 1.63 1.74 1.73 1.74 1.81 1.96 2.21 2.55 2.84 2.55 1.88 1.70 1.80 1.89 1.99 2.00 1.91 1.84 1.78 1.67 1.69 1.81 1.88 1.91 1.94 1.96 1.99 2.02 2.03 2.05 2.06 2.08 2.11 2.15 2.18 2.22 2.26 2.31 2.36 2.42 2.48 2.55
3.28 3.01 2.65 2.58 2.50 2.08 1.65 1.35 1.28 1.35 1.42 1.37 1.01 0.83 0.94 1.31 1.51 1.96 2.05 1.01 0.71 0.77 0.64 0.53 0.65 0.84 0.95 1.04 1.12 1.29 1.62 1.82 1.79 1.62 1.50 1.55 1.65 1.69 1.70 1.68 1.62 1.56 1.61 1.75 1.86 1.93 2.07 2.31 2.59 2.77 2.59 2.08 1.66 1.58 1.74 1.87 1.91 1.91 1.85 1.82 1.78 1.69 1.73 1.82 1.87 1.90 1.93 1.96 2.00 2.01 2.02 2.03 2.05 2.08 2.11 2.14 2.17 2.21 2.24 2.29 2.33 2.38 2.43 2.48
3.59 3.30 2.81 2.42 2.10 1.77 1.47 1.24 1.14 1.08 1.08 0.90 0.67 0.72 0.94 1.27 1.57 1.90 1.82 1.22 1.06 0.99 1.01 0.98 0.96 0.97 0.99 1.06 1.19 1.41 1.63 1.67 1.61 1.53 1.47 1.53 1.64 1.71 1.72 1.70 1.68 1.61 1.60 1.76 1.93 1.99 2.15 2.39 2.51 2.34 1.95 1.73 1.62 1.56 1.69 1.82 1.84 1.82 1.79 1.79 1.74 1.70 1.76 1.84 1.88 1.90 1.94 1.97 1.99 1.99 1.99 2.01 2.04 2.07 2.10 2.13 2.16 2.19 2.23 2.26 2.30 2.34 2.38 2.42
4.01 3.51 2.66 2.06 1.77 1.65 1.41 1.23 1.14 1.02 0.92 0.78 0.62 0.64 0.94 1.30 1.61 1.64 1.33 1.27 1.19 1.08 1.36 1.51 1.31 1.03 0.96 1.04 1.19 1.37 1.50 1.53 1.55 1.54 1.50 1.55 1.67 1.76 1.76 1.74 1.73 1.66 1.62 1.73 1.86 1.92 2.08 2.25 2.19 1.97 1.76 1.71 1.67 1.62 1.69 1.78 1.83 1.82 1.79 1.75 1.70 1.71 1.79 1.86 1.89 1.91 1.94 1.96 1.96 1.96 1.98 2.00 2.03 2.06 2.09 2.12 2.15 2.18 2.21 2.24 2.27 2.30 2.34 2.37
4.19 3.40 2.38 1.90 1.65 1.51 1.30 1.24 1.18 1.03 0.93 0.81 0.65 0.66 0.92 1.28 1.48 1.35 1.18 1.16 1.14 1.43 1.98 1.87 1.18 0.77 0.82 0.98 1.13 1.30 1.44 1.50 1.55 1.58 1.57 1.64 1.75 1.83 1.83 1.80 1.76 1.71 1.67 1.69 1.80 1.95 2.08 2.13 2.04 1.90 1.82 1.77 1.72 1.71 1.74 1.80 1.83 1.83 1.79 1.73 1.69 1.73 1.83 1.88 1.91 1.93 1.94 1.95 1.94 1.94 1.96 1.99 2.02 2.05 2.08 2.11 2.13 2.16 2.19 2.22 2.25 2.28 2.30 2.32
3.62 3.00 2.22 1.87 1.59 1.39 1.25 1.19 1.15 1.05 1.00 0.89 0.76 0.78 0.93 1.22 1.39 1.15 0.94 0.95 1.33 2.08 2.17 1.24 0.52 0.52 0.77 0.95 1.08 1.24 1.41 1.52 1.59 1.65 1.69 1.75 1.81 1.87 1.92 1.88 1.80 1.77 1.72 1.69 1.80 1.96 2.03 2.02 1.97 1.89 1.88 1.82 1.76 1.79 1.83 1.83 1.79 1.83 1.84 1.74 1.72 1.77 1.85 1.92 1.96 1.95 1.95 1.93 1.90 1.92 1.94 1.97 2.00 2.03 2.06 2.09 2.12 2.15 2.18 2.20 2.22 2.25 2.27 2.29
2.90 2.52 2.07 1.79 1.47 1.31 1.25 1.18 1.09 1.03 0.99 0.89 0.78 0.81 0.93 1.11 1.26 1.08 0.82 1.25 2.03 2.24 1.55 0.90 0.69 0.68 0.83 0.96 1.05 1.21 1.42 1.59 1.69 1.77 1.80 1.80 1.83 1.91 2.02 1.98 1.84 1.79 1.75 1.71 1.76 1.85 1.93 1.96 1.92 1.91 1.90 1.84 1.79 1.81 1.85 1.82 1.77 1.88 1.88 1.76 1.72 1.76 1.85 1.97 2.02 1.99 1.96 1.89 1.83 1.86 1.91 1.96 1.99 2.02 2.05 2.08 2.11 2.13 2.16 2.19 2.21 2.22 2.24 2.26
2.34 2.12 1.82 1.60 1.37 1.23 1.20 1.15 1.07 0.99 0.95 0.87 0.73 0.68 0.82 1.09 1.30 1.26 1.19 1.71 2.13 1.52 1.04 0.97 0.87 0.85 0.92 1.00 1.08 1.24 1.49 1.70 1.82 1.89 1.90 1.87 1.88 2.01 2.13 2.04 1.85 1.77 1.77 1.74 1.75 1.85 1.97 1.99 1.94 1.91 1.86 1.84 1.82 1.82 1.87 1.83 1.84 1.89 1.86 1.81 1.77 1.79 1.88 1.98 2.04 1.99 1.90 1.80 1.72 1.76 1.90 1.98 1.99 2.00 2.03 2.06 2.09 2.12 2.15 2.17 2.19 2.21 2.22 2.23
1.92 1.79 1.56 1.40 1.27 1.17 1.13 1.10 1.05 0.97 0.92 0.87 0.73 0.71 0.90 1.17 1.41 1.38 1.37 1.72 1.67 1.18 1.07 1.04 0.97 0.97 1.04 1.08 1.15 1.36 1.60 1.78 1.93 2.00 2.01 1.99 2.00 2.09 2.14 2.05 1.87 1.77 1.79 1.79 1.80 1.87 1.95 1.95 1.87 1.82 1.81 1.85 1.87 1.87 1.92 1.89 1.87 1.86 1.86 1.89 1.88 1.86 1.87 1.95 2.04 1.97 1.82 1.70 1.62 1.69 1.92 2.03 1.96 1.95 2.00 2.04 2.09 2.12 2.15 2.16 2.18 2.19 2.20 2.20
1.60 1.49 1.32 1.23 1.17 1.11 1.07 1.02 1.02 0.99 0.93 0.90 0.84 0.87 0.99 1.15 1.37 1.36 1.29 1.38 1.33 1.22 1.16 1.10 1.01 1.04 1.18 1.23 1.28 1.52 1.68 1.81 2.01 2.10 2.11 2.14 2.13 2.12 2.13 2.08 1.95 1.84 1.83 1.85 1.84 1.82 1.86 1.85 1.77 1.76 1.82 1.88 1.91 1.91 1.92 1.89 1.85 1.85 1.89 1.92 1.88 1.81 1.81 1.94 2.00 1.93 1.79 1.65 1.58 1.69 1.91 1.99 1.91 1.87 1.92 2.02 2.11 2.14 2.14 2.16 2.18 2.19 2.19 2.18
1.32 1.23 1.10 1.07 1.07 1.04 1.01 0.94 0.98 1.03 0.98 0.95 0.96 0.96 1.00 1.10 1.24 1.27 1.19 1.18 1.16 1.16 1.19 1.11 1.04 1.12 1.29 1.37 1.44 1.66 1.77 1.91 2.07 2.13 2.20 2.33 2.35 2.25 2.22 2.18 2.06 1.91 1.88 1.91 1.86 1.82 1.83 1.82 1.77 1.80 1.90 1.93 1.93 1.92 1.90 1.87 1.83 1.84 1.88 1.90 1.84 1.76 1.80 1.91 1.92 1.87 1.79 1.64 1.56 1.68 1.83 1.88 1.89 1.83 1.90 2.09 2.17 2.12 2.09 2.16 2.21 2.20 2.17 2.15
1.07 1.00 0.91 0.92 0.97 0.97 0.93 0.88 0.94 1.07 1.06 1.04 1.05 1.01 1.00 1.03 1.10 1.12 1.04 1.00 1.05 1.16 1.13 1.04 1.09 1.18 1.32 1.44 1.63 1.83 1.97 2.09 2.05 2.04 2.34 2.68 2.67 2.44 2.30 2.22 2.09 1.95 1.95 1.97 1.89 1.85 1.82 1.80 1.80 1.84 1.94 1.96 1.92 1.91 1.90 1.86 1.81 1.81 1.84 1.85 1.80 1.78 1.83 1.88 1.88 1.85 1.78 1.61 1.52 1.62 1.73 1.79 1.89 1.94 2.03 2.20 2.21 2.06 2.07 2.24 2.32 2.23 2.15 2.12
0.91 0.85 0.78 0.80 0.87 0.91 0.91 0.91 0.99 1.18 1.25 1.19 1.08 0.96 0.95 0.94 0.97 0.98 0.89 0.85 0.99 1.21 1.10 0.94 1.05 1.21 1.30 1.44 1.80 2.08 2.17 2.14 1.83 1.93 2.66 3.10 2.87 2.42 2.26 2.24 2.10 2.00 2.04 2.02 1.95 1.92 1.85 1.84 1.84 1.84 1.89 1.90 1.86 1.86 1.87 1.83 1.80 1.80 1.81 1.80 1.79 1.82 1.85 1.87 1.87 1.81 1.74 1.61 1.49 1.52 1.66 1.78 1.91 2.02 2.10 2.19 2.19 2.11 2.17 2.35 2.39 2.22 2.10 2.08
0.85 0.77 0.71 0.78 0.88 0.99 1.13 1.17 1.25 1.30 1.23 1.07 0.87 0.81 0.89 0.92 0.92 0.86 0.75 0.77 1.00 1.27 1.16 0.88 0.93 1.16 1.31 1.39 1.88 2.33 2.23 2.05 1.68 1.97 3.08 3.29 2.73 2.29 2.34 2.39 2.15 2.04 2.13 2.11 2.03 1.97 1.93 1.90 1.85 1.82 1.83 1.85 1.83 1.82 1.82 1.79 1.78 1.79 1.81 1.79 1.80 1.87 1.88 1.83 1.81 1.74 1.67 1.61 1.50 1.47 1.59 1.78 1.95 2.05 2.13 2.20 2.24 2.23 2.20 2.28 2.32 2.21 2.09 2.03
0.84 0.77 0.78 0.97 1.16 1.28 1.29 1.21 1.14 1.04 0.97 0.88 0.74 0.77 0.93 1.00 0.94 0.72 0.62 0.81 1.13 1.32 1.15 0.88 0.85 1.08 1.30 1.37 1.92 2.46 2.23 2.01 1.81 2.19 3.24 3.16 2.49 2.39 2.62 2.45 1.98 1.99 2.23 2.16 2.02 2.01 1.99 1.88 1.80 1.79 1.83 1.86 1.84 1.81 1.78 1.76 1.77 1.81 1.85 1.81 1.79 1.90 1.88 1.73 1.70 1.69 1.64 1.61 1.52 1.43 1.48 1.77 2.03 2.09 2.17 2.23 2.28 2.24 2.13 2.16 2.24 2.24 2.11 1.98
0.94 0.88 0.97 1.13 1.20 1.14 1.00 0.88 0.83 0.81 0.85 0.84 0.74 0.81 1.03 1.16 0.98 0.59 0.54 0.87 1.24 1.36 1.13 0.91 0.90 1.06 1.25 1.40 2.00 2.48 2.27 2.04 1.94 2.37 3.25 3.16 2.69 2.78 2.70 2.17 1.81 2.10 2.32 2.12 2.02 2.08 2.01 1.83 1.77 1.80 1.83 1.83 1.79 1.76 1.77 1.76 1.75 1.82 1.88 1.77 1.74 1.84 1.81 1.63 1.61 1.68 1.66 1.61 1.52 1.41 1.48 1.82 2.11 2.12 2.14 2.20 2.22 2.17 2.10 2.12 2.19 2.27 2.14 1.91
1.00 0.96 0.99 1.01 0.93 0.83 0.74 0.73 0.74 0.74 0.79 0.85 0.83 0.92 1.19 1.32 1.01 0.58 0.53 0.88 1.27 1.43 1.19 0.98 0.97 1.11 1.33 1.55 1.97 2.36 2.33 2.11 2.00 2.49 3.40 3.46 3.16 3.00 2.54 1.96 1.97 2.22 2.28 2.14 2.10 2.07 1.91 1.76 1.76 1.81 1.81 1.76 1.68 1.71 1.78 1.75 1.71 1.80 1.85 1.74 1.68 1.74 1.72 1.62 1.61 1.69 1.71 1.62 1.50 1.47 1.57 1.84 2.07 2.08 2.09 2.16 2.13 2.09 2.10 2.14 2.19 2.27 2.14 1.90
0.95 0.87 0.82 0.77 0.72 0.71 0.70 0.71 0.72 0.70 0.74 0.95 1.06 1.11 1.32 1.41 1.02 0.65 0.63 0.92 1.26 1.48 1.31 1.00 0.97 1.28 1.52 1.71 1.90 2.12 2.27 2.22 2.18 2.80 3.68 3.68 3.29 2.80 2.14 1.91 1.93 1.93 2.10 2.31 2.23 2.01 1.80 1.70 1.72 1.77 1.78 1.70 1.63 1.70 1.79 1.73 1.69 1.76 1.83 1.77 1.67 1.65 1.67 1.66 1.66 1.69 1.72 1.63 1.54 1.52 1.58 1.78 1.98 2.03 2.06 2.12 2.10 2.05 2.11 2.19 2.24 2.28 2.11 1.89
0.97 0.83 0.69 0.64 0.65 0.69 0.70 0.72 0.73 0.69 0.78 1.12 1.28 1.23 1.34 1.45 1.09 0.84 1.00 1.14 1.29 1.46 1.31 0.96 0.99 1.46 1.69 1.82 1.85 1.91 2.13 2.30 2.51 3.23 3.84 3.48 2.80 2.22 1.82 1.68 1.54 1.65 2.18 2.48 2.23 1.87 1.73 1.73 1.75 1.77 1.75 1.66 1.64 1.71 1.76 1.73 1.69 1.72 1.80 1.77 1.67 1.60 1.63 1.72 1.70 1.68 1.70 1.66 1.64 1.62 1.64 1.80 1.97 1.99 2.01 2.11 2.11 2.07 2.10 2.16 2.29 2.29 2.01 1.81
