windninja/windninja_output/Output_2025-08-24_1900-1950_Google earth_Fire_150m_10min/merlingen_7.5mi_point_08-24-2025_1940_150m_ang.asc
ncols	158
nrows	163
xllcorner	391686.332397
yllcorner	5160024.123721
cellsize	150.000000
NODATA_value	-32768.000000
[rows 84 to 125 of 163, columns 0 to 94 of 158]
275 280 286 281 273 269 266 263 263 268 276 282 282 280 279 280 280 281 283 285 286 287 286 287 291 293 288 285 284 283 282 282 281 279 278 277 277 277 277 278 280 282 284 286 286 286 288 290 290 290 290 291 293 294 293 291 291 291 291 292 292 292 293 293 294 294 295 296 297 298 299 300 301 303 304 306 309 312 317 324 335 343 343 334 316 309 304 301 300 299 298 297 296 295 296
268 268 268 266 263 259 253 251 257 266 275 279 279 277 277 277 278 279 281 283 285 287 288 289 292 294 290 285 285 285 283 281 281 278 277 277 277 277 278 280 282 284 284 284 284 284 285 286 286 287 287 287 287 289 291 291 291 291 291 292 292 293 293 294 294 295 295 296 297 298 299 300 301 302 304 306 309 312 317 324 336 343 344 331 311 306 303 300 299 299 298 297 296 295 297
266 264 262 262 258 253 247 249 259 270 276 277 276 276 275 274 274 275 277 279 282 284 286 289 294 296 293 288 286 285 284 282 283 282 280 278 277 276 277 280 284 285 285 283 283 283 283 284 284 286 287 286 285 286 288 290 290 291 291 292 292 293 294 294 294 295 295 296 297 297 298 300 301 302 304 306 308 311 316 323 333 340 340 326 309 302 300 299 298 298 297 297 299 302 305
267 264 260 259 256 251 249 254 263 269 272 272 274 275 272 271 269 269 271 275 278 280 283 291 301 305 298 291 287 284 284 283 284 286 284 281 278 276 276 277 281 285 286 284 282 281 282 282 282 284 286 287 286 286 286 288 289 290 291 292 293 294 294 294 295 295 295 296 297 297 298 299 301 302 303 305 307 310 314 319 327 333 332 322 308 301 298 296 295 295 296 299 302 305 307
268 266 264 263 259 254 254 258 261 262 265 271 275 274 270 267 264 265 268 273 277 281 290 301 313 316 301 291 286 283 283 283 283 285 285 284 282 279 276 275 277 281 286 286 284 281 280 281 281 282 284 287 287 287 287 287 288 289 291 293 294 295 295 295 295 295 295 296 297 297 298 299 300 301 303 304 306 309 312 316 321 325 324 316 306 299 296 294 294 295 297 300 299 294 290
272 272 270 267 263 259 257 256 254 256 264 274 275 272 268 262 259 262 267 274 282 292 300 308 321 320 300 290 285 283 282 282 283 283 283 285 285 283 278 275 275 277 282 285 285 283 280 279 280 282 284 287 290 291 291 289 287 286 289 294 297 297 296 295 295 295 296 296 296 297 298 299 300 301 302 304 305 307 310 313 316 319 319 311 302 296 292 290 293 296 296 295 289 281 278
273 272 268 263 263 263 260 255 251 255 265 273 272 268 263 258 258 261 267 278 292 303 308 311 318 313 295 287 284 282 281 281 282 282 282 283 285 286 283 277 275 276 279 282 284 283 280 278 279 281 285 288 292 294 294 290 285 284 289 297 302 300 297 296 295 295 296 296 296 297 298 299 299 300 302 303 304 306 308 310 312 314 315 310 303 299 295 292 293 293 289 284 281 278 277
270 268 261 259 261 264 263 259 255 258 265 268 265 262 261 261 262 262 265 280 298 310 313 304 302 296 286 283 281 280 280 280 281 281 282 282 283 286 287 282 276 274 277 280 283 283 282 279 278 280 284 289 293 296 297 293 290 292 293 298 304 303 299 297 296 295 295 296 296 297 297 298 299 300 301 302 303 304 306 307 308 310 312 311 307 304 301 297 294 289 281 273 274 273 271
269 267 262 260 261 263 267 267 260 258 261 262 259 259 262 265 268 270 275 286 297 314 304 277 267 273 278 279 279 279 279 279 280 282 283 283 283 284 286 286 280 274 273 277 281 282 281 278 277 278 282 288 293 297 301 301 298 296 294 294 299 302 299 296 296 295 295 296 296 297 297 298 299 299 300 301 302 303 304 305 306 307 308 308 305 302 300 295 290 281 268 265 268 268 267
271 270 269 267 267 269 272 272 265 257 258 258 257 260 263 269 277 283 286 286 283 269 245 240 241 263 273 275 276 277 277 277 280 283 285 284 283 283 284 286 285 277 271 273 277 279 280 278 277 277 280 288 295 298 302 303 297 292 288 287 291 297 298 296 295 295 295 295 296 296 297 297 298 299 300 300 301 302 302 303 304 304 304 303 301 297 294 289 281 270 264 266 269 269 269
272 272 272 273 274 274 275 275 277 270 263 260 259 262 265 271 277 282 280 270 250 223 215 223 238 262 271 273 274 273 273 276 281 285 286 284 283 283 284 286 288 284 276 273 274 277 280 280 280 280 283 290 299 299 298 299 294 289 287 286 287 292 295 295 295 295 295 295 296 296 297 297 298 298 299 299 300 301 301 302 302 302 301 301 298 295 291 285 278 273 272 273 274 275 275
271 270 271 274 274 272 270 273 288 286 275 266 262 261 266 271 270 271 266 251 232 222 218 228 245 263 271 273 273 271 273 278 283 285 286 284 283 284 285 286 289 291 285 277 275 278 281 284 286 288 290 291 296 297 295 295 294 292 290 288 288 291 294 294 294 295 295 295 295 296 296 297 297 298 298 299 299 300 300 300 300 300 300 299 297 295 291 287 283 281 280 280 280 280 280
272 271 272 273 270 264 261 264 276 283 278 269 261 258 265 269 268 269 260 232 221 225 229 243 259 269 273 273 274 276 278 280 279 280 283 284 284 285 285 286 290 294 292 285 281 282 284 288 291 291 289 285 286 291 291 292 293 292 291 290 290 291 293 293 294 295 295 295 295 296 296 297 297 297 298 298 298 299 299 299 299 299 299 298 296 295 292 290 288 286 285 284 284 284 284
275 274 272 270 264 258 254 254 259 267 270 265 263 262 266 269 271 269 252 225 218 227 240 257 271 277 276 275 276 279 279 276 274 275 279 283 284 285 286 288 290 295 296 291 287 285 285 286 286 284 279 276 278 284 287 287 289 290 290 290 290 291 292 293 294 294 295 295 295 296 296 296 296 297 297 298 298 298 298 298 298 298 298 297 296 295 293 292 290 289 288 287 287 287 286
274 273 269 265 263 259 254 251 252 254 255 258 262 265 268 270 269 259 239 225 223 233 252 267 279 278 274 274 275 276 275 274 273 274 277 280 282 285 288 290 291 295 298 294 288 286 285 282 279 276 274 275 276 280 284 285 286 288 290 290 290 290 291 293 294 295 295 295 295 295 295 296 296 296 297 297 297 298 298 298 298 298 297 297 296 295 294 293 292 291 290 290 289 289 289
270 267 264 264 265 262 259 256 252 248 249 251 254 262 267 265 258 246 233 226 231 249 265 271 270 260 263 268 271 272 273 274 275 275 277 280 283 285 289 293 294 296 299 297 291 288 286 282 278 276 276 278 278 279 282 284 285 286 289 291 290 290 291 292 294 295 296 296 296 295 295 295 296 296 296 296 297 297 297 297 297 297 297 297 296 295 295 294 293 292 292 291 291 291 290
269 266 263 262 262 259 258 257 253 248 248 248 249 255 258 255 252 248 238 237 254 269 271 260 240 243 255 263 267 268 270 272 275 277 280 283 284 285 288 294 297 298 300 301 296 290 286 283 280 279 278 280 281 281 282 284 285 285 288 292 292 292 291 292 294 296 296 297 296 295 295 295 295 295 296 296 296 296 297 297 297 297 297 297 296 296 295 295 294 294 293 293 292 292 292
271 269 265 261 258 256 255 254 253 251 251 249 246 245 247 250 253 255 253 262 274 276 262 240 234 243 253 259 262 264 266 270 274 279 283 285 286 286 288 293 299 300 301 303 300 291 286 284 283 282 281 280 281 282 282 284 285 285 287 290 293 293 292 291 293 296 297 298 297 295 293 294 294 295 295 295 296 296 296 296 297 297 297 297 296 296 296 295 295 294 294 294 293 293 293
273 271 266 261 257 256 256 255 254 253 252 251 247 244 248 255 258 260 263 270 272 261 242 237 239 245 252 256 259 262 266 270 274 279 283 288 290 290 290 292 298 302 302 304 304 298 291 288 286 284 282 281 282 283 283 284 286 286 286 288 292 294 293 291 292 295 297 297 296 293 291 293 295 295 294 294 295 295 296 296 296 297 297 297 297 296 296 296 295 295 295 295 294 294 294
274 271 266 262 259 258 257 256 255 255 255 255 255 259 265 265 264 263 266 267 258 238 235 240 242 245 250 256 261 265 269 272 274 278 283 288 292 293 291 292 297 302 304 305 307 304 296 290 287 284 283 282 283 285 285 286 287 287 287 288 292 295 295 292 291 293 295 296 295 292 290 292 294 294 293 293 294 294 295 296 296 296 297 297 297 297 297 296 296 296 296 295 295 295 294
274 271 266 263 260 259 259 257 256 256 259 261 264 271 275 274 269 265 263 258 244 235 238 242 242 244 250 257 263 268 272 274 275 278 281 285 291 294 294 294 297 302 305 306 309 308 301 294 289 286 284 284 284 286 286 286 286 287 287 288 290 292 293 293 292 292 294 296 297 294 290 289 291 291 290 290 291 293 295 295 296 297 297 297 297 297 297 297 296 296 296 296 295 295 295
275 272 266 262 260 260 259 257 256 258 261 265 269 274 277 276 271 264 258 250 243 241 243 243 243 246 252 256 261 267 273 276 278 277 278 283 290 296 298 299 301 304 306 307 310 311 307 300 295 291 288 287 286 286 286 287 287 287 287 287 288 290 291 292 291 291 293 297 298 294 291 288 287 289 289 289 291 293 293 293 295 297 298 298 298 298 297 297 297 297 296 296 296 296 296
275 271 265 261 260 259 258 257 257 260 265 269 272 275 277 275 269 263 256 248 246 248 248 245 244 248 252 254 260 267 273 278 280 276 275 282 292 299 302 302 303 305 306 308 311 313 312 307 302 297 292 290 288 286 286 287 288 287 286 286 287 289 290 291 291 291 292 296 298 294 291 288 287 290 292 293 294 294 292 292 296 299 299 299 298 298 298 297 297 297 296 296 296 296 296
276 271 265 261 259 258 259 261 263 265 269 272 271 270 270 270 268 263 257 250 248 253 256 250 246 248 251 252 257 267 275 279 279 273 276 286 295 300 300 302 306 307 307 309 312 315 317 313 308 302 295 291 289 288 286 285 287 287 287 285 285 288 290 291 292 292 292 294 298 295 290 289 289 290 291 293 294 297 298 297 297 300 301 300 299 299 298 297 297 297 296 296 296 296 296
277 272 264 262 262 263 266 269 271 269 267 266 263 260 262 265 267 263 256 252 255 260 262 258 251 249 252 251 255 266 275 277 278 271 279 291 298 299 298 303 309 309 308 311 314 316 320 319 314 307 300 294 291 290 287 285 285 287 288 288 286 287 290 291 290 291 292 293 297 298 292 288 289 290 291 292 294 297 300 298 296 299 302 302 301 300 298 298 297 296 296 296 296 296 296
280 275 269 270 272 272 271 269 267 264 260 257 255 255 259 265 268 262 252 254 261 266 267 264 259 253 253 252 256 266 273 275 276 273 279 290 296 296 301 306 309 306 307 313 316 317 320 324 320 312 305 299 294 292 290 288 286 286 288 290 289 286 288 290 288 288 291 293 295 298 294 288 289 292 292 293 293 295 297 296 295 296 301 304 303 301 299 297 296 296 295 295 295 295 295
287 282 279 278 276 273 268 263 260 257 256 255 254 256 261 268 272 264 250 253 261 270 273 271 269 263 258 256 259 266 273 275 274 272 277 287 294 299 305 308 305 301 305 312 316 317 321 327 325 317 310 304 297 293 292 291 289 286 287 290 290 287 285 287 287 286 289 293 295 298 297 292 290 292 292 292 292 292 293 295 295 295 298 303 304 301 299 297 295 294 294 293 293 294 294
294 288 282 278 273 267 263 261 259 257 255 256 258 261 266 272 276 271 253 253 259 269 280 281 277 274 271 266 262 263 268 274 273 271 278 288 296 303 308 309 306 302 303 309 314 317 321 328 328 322 315 309 301 295 292 293 291 287 286 289 291 287 284 285 286 287 288 292 295 298 299 295 290 290 290 290 290 290 290 292 294 295 297 301 304 303 299 295 293 290 289 290 291 292 293
294 287 279 273 269 265 263 261 260 257 254 257 265 269 271 274 279 285 265 258 258 265 277 288 281 278 282 281 272 262 261 269 274 276 283 292 300 305 309 308 306 300 296 303 314 319 321 325 327 325 320 315 308 298 294 294 294 290 286 288 291 289 286 286 288 288 288 290 294 298 298 294 291 289 289 289 290 291 291 291 293 295 298 301 304 304 299 293 288 285 285 289 292 293 293
292 286 277 271 268 267 266 263 260 257 256 261 268 273 272 275 282 306 295 269 259 260 268 281 280 279 285 288 284 271 262 262 270 279 287 294 299 301 304 303 299 292 291 299 312 320 320 321 325 327 325 322 315 303 296 295 296 293 288 287 290 291 288 287 290 290 289 289 293 298 299 297 294 293 290 289 290 293 293 291 291 294 297 298 301 303 297 291 287 286 290 297 299 296 293
291 283 274 271 269 268 268 267 262 259 263 268 271 271 269 274 287 319 324 285 265 259 261 271 280 283 287 288 287 284 271 262 267 278 286 292 292 293 296 298 292 290 293 299 309 318 321 323 326 327 328 328 322 310 300 296 297 295 290 288 290 292 291 289 291 293 291 291 293 297 300 298 295 295 292 289 290 292 294 292 290 293 298 299 301 304 298 293 293 295 299 304 304 298 291
297 284 274 273 272 269 267 266 264 266 273 277 275 268 266 275 291 323 339 304 278 265 262 268 278 286 287 285 285 291 285 268 267 274 284 291 293 293 292 292 293 295 298 301 307 317 324 327 325 326 329 332 329 317 303 297 296 296 293 290 290 293 292 290 291 295 294 292 292 294 297 295 292 293 294 291 289 291 294 294 290 291 298 302 303 308 304 299 300 300 302 307 307 301 295
314 290 277 273 272 270 266 263 267 274 281 285 280 268 266 276 292 325 349 325 298 284 277 272 274 281 286 282 283 293 296 279 268 269 280 291 296 295 289 290 295 299 301 300 303 314 322 324 322 323 329 334 336 326 309 298 296 297 296 292 291 293 293 291 292 295 295 293 293 294 295 295 292 291 293 293 291 289 292 293 290 290 297 303 303 308 308 304 303 302 304 307 309 307 304
335 295 277 272 271 271 269 268 272 277 282 287 287 276 270 274 285 319 345 334 314 299 290 281 275 276 282 282 283 293 298 287 274 273 279 290 295 295 289 292 299 300 299 297 299 307 315 319 321 323 328 336 341 335 320 303 297 297 297 294 293 295 295 293 293 295 296 295 294 294 296 297 295 291 291 294 294 290 289 291 291 292 298 304 304 307 309 306 304 304 306 309 312 310 307
357 305 277 273 273 274 276 277 278 277 277 283 295 289 274 269 276 305 334 334 321 304 294 288 283 280 283 285 284 288 295 298 295 287 285 285 289 292 291 295 299 299 296 294 294 300 312 319 323 326 329 339 344 342 329 308 298 297 297 296 295 298 298 296 295 297 298 296 294 295 297 298 298 294 291 292 295 293 291 293 294 294 298 304 305 306 309 307 305 306 309 314 315 310 307
15 324 280 275 277 278 280 281 281 279 274 278 296 296 278 268 273 293 322 331 325 310 299 293 289 286 285 286 285 288 296 304 303 294 286 279 279 287 294 296 295 292 290 290 293 298 307 314 321 325 329 338 345 347 336 313 300 297 297 296 296 299 299 297 296 296 297 297 294 293 296 299 300 298 294 291 292 294 293 293 292 292 296 303 305 306 308 308 307 308 312 316 317 309 306
29 344 285 276 278 280 279 282 283 282 277 278 294 302 285 272 272 283 308 326 327 317 305 297 291 289 287 287 289 292 293 296 295 288 281 277 276 281 290 293 288 285 287 292 295 298 303 311 320 324 327 335 345 350 343 319 302 297 298 297 297 299 297 292 288 286 288 293 293 292 294 298 300 300 297 292 290 291 292 291 290 291 296 302 304 307 310 309 309 310 312 317 319 308 306
41 357 295 281 277 278 278 280 284 286 280 279 292 310 294 276 271 278 295 316 324 318 308 300 294 291 290 291 293 293 291 287 285 283 279 277 277 276 279 287 284 280 281 285 289 294 300 310 320 323 326 332 343 352 348 326 305 298 298 296 294 293 287 278 272 273 280 290 296 294 293 296 298 300 300 297 293 290 290 290 291 293 297 302 305 310 312 312 310 310 313 320 319 309 307
41 350 305 290 279 274 273 273 278 285 283 281 292 315 304 281 269 271 281 296 310 312 309 303 295 292 291 293 293 292 292 289 284 282 279 275 275 271 270 282 286 279 272 271 277 285 291 301 311 317 320 327 341 354 350 330 308 299 297 292 286 279 273 271 273 277 283 292 299 298 294 294 296 299 302 302 298 294 292 292 293 295 300 306 309 313 317 317 314 312 317 325 318 306 305
33 341 305 296 282 275 271 268 268 273 279 283 294 317 310 289 271 263 265 278 291 301 304 300 295 293 292 292 294 295 296 291 284 282 279 275 273 270 267 274 285 281 270 264 267 275 282 291 302 309 313 320 339 355 349 330 306 294 289 284 275 271 276 282 286 287 286 289 297 301 298 295 296 297 301 304 305 301 298 297 297 298 303 309 312 315 320 321 315 314 320 327 316 305 306
24 334 305 300 289 280 274 268 265 266 271 279 292 310 308 294 277 261 256 266 281 291 297 297 295 293 292 295 300 301 301 292 284 283 280 274 272 273 268 268 280 285 275 265 263 268 276 286 299 307 310 317 337 355 351 331 304 287 282 281 278 282 289 292 293 291 288 286 288 296 298 294 293 295 298 303 308 307 303 302 301 298 300 307 312 315 323 323 314 313 320 327 317 307 309
14 327 305 304 295 284 278 273 270 268 267 270 279 294 299 294 283 268 256 259 270 285 295 294 293 294 299 307 309 310 307 292 284 283 280 274 272 275 271 267 275 284 282 271 264 265 271 281 295 303 306 313 334 354 354 336 308 290 286 290 294 294 295 296 294 291 289 286 283 286 292 292 291 294 297 301 306 307 304 301 300 296 295 301 309 316 326 324 315 315 322 326 317 309 312
