windninja/windninja_output/Output_2025-08-24_1900-1950_Google earth_Fire_150m_10min/merlingen_7.5mi_point_08-24-2025_1950_150m_vel.asc
ncols	158
nrows	163
xllcorner	391686.332397
yllcorner	5160024.123721
cellsize	150.000000
NODATA_value	-32768.000000
[rows 114 to 151 of 163, columns 0 to 83 of 158]
0.50 0.44 0.39 0.42 0.48 0.52 0.53 0.54 0.51 0.51 0.66 0.92 0.96 0.83 0.91 1.08 0.90 0.75 0.78 0.76 0.81 0.95 0.93 0.76 0.89 1.13 1.18 1.14 1.16 1.19 1.19 1.38 1.71 2.07 2.16 1.76 1.33 1.14 0.98 0.86 0.81 1.04 1.38 1.48 1.26 1.10 1.12 1.12 1.08 1.05 1.02 0.99 1.00 1.02 1.03 1.03 1.01 1.01 1.02 1.03 1.01 0.99 1.00 1.06 1.07 1.06 1.07 1.08 1.12 1.14 1.13 1.11 1.09 1.06 1.05 1.06 1.05 1.05 1.03 1.02 1.04 1.02 0.93 0.84
0.53 0.47 0.43 0.47 0.51 0.53 0.52 0.50 0.48 0.58 0.85 1.04 0.93 0.76 0.91 1.22 1.11 0.87 0.78 0.72 0.79 0.91 0.98 1.05 1.17 1.23 1.17 1.11 1.24 1.23 1.11 1.29 1.73 2.09 2.06 1.73 1.39 1.17 0.97 0.84 0.96 1.31 1.52 1.46 1.30 1.23 1.21 1.12 1.06 1.05 1.05 1.03 1.01 0.99 0.99 0.99 0.98 0.98 1.01 1.03 1.01 0.99 1.02 1.08 1.10 1.08 1.08 1.10 1.12 1.12 1.11 1.09 1.04 1.01 1.02 1.05 1.07 1.05 1.03 1.01 1.03 1.04 1.02 0.95
0.56 0.50 0.45 0.47 0.50 0.51 0.48 0.48 0.55 0.76 1.07 1.08 0.84 0.69 0.96 1.37 1.20 0.83 0.75 0.80 0.92 1.06 1.17 1.25 1.26 1.23 1.11 1.07 1.31 1.33 1.22 1.31 1.59 1.96 2.05 1.79 1.50 1.18 1.02 1.04 1.23 1.49 1.47 1.34 1.28 1.19 1.05 0.97 1.03 1.08 1.09 1.06 1.00 0.96 0.94 0.95 0.97 0.98 1.00 1.02 1.01 0.99 1.03 1.09 1.11 1.09 1.09 1.11 1.12 1.12 1.12 1.12 1.10 1.06 1.02 1.02 1.05 1.04 1.00 0.95 0.96 1.01 1.00 0.95
0.58 0.49 0.42 0.43 0.47 0.49 0.48 0.54 0.73 0.95 1.13 1.01 0.75 0.69 1.05 1.40 1.13 0.78 0.86 1.06 1.18 1.29 1.33 1.33 1.32 1.31 1.19 1.14 1.43 1.38 1.23 1.27 1.46 1.92 2.14 1.91 1.54 1.19 1.12 1.33 1.50 1.48 1.33 1.26 1.23 1.08 1.01 1.05 1.13 1.16 1.15 1.09 1.01 0.97 0.93 0.95 0.98 0.98 0.98 1.01 1.02 1.03 1.07 1.13 1.13 1.09 1.10 1.13 1.13 1.14 1.16 1.19 1.20 1.18 1.13 1.09 1.05 1.02 0.99 0.97 1.00 1.05 0.98 0.91
0.60 0.50 0.40 0.42 0.48 0.52 0.55 0.66 0.87 1.00 1.07 0.94 0.74 0.77 1.05 1.33 1.19 0.90 1.01 1.17 1.23 1.28 1.29 1.32 1.39 1.41 1.42 1.51 1.56 1.44 1.35 1.46 1.78 2.28 2.21 1.83 1.59 1.31 1.36 1.56 1.52 1.36 1.23 1.17 1.14 1.10 1.11 1.19 1.24 1.22 1.16 1.07 1.01 0.96 0.92 0.94 0.97 0.97 0.97 1.01 1.03 1.05 1.12 1.18 1.17 1.15 1.16 1.15 1.13 1.14 1.18 1.22 1.24 1.25 1.26 1.23 1.14 1.05 1.04 1.09 1.14 1.10 0.97 0.90
0.65 0.54 0.41 0.43 0.51 0.55 0.61 0.75 0.91 0.96 1.00 0.95 0.79 0.81 0.96 1.20 1.34 1.11 1.02 1.07 1.09 1.13 1.21 1.30 1.40 1.45 1.48 1.56 1.57 1.62 1.86 2.11 2.32 2.37 1.91 1.48 1.36 1.43 1.56 1.60 1.42 1.26 1.17 1.18 1.22 1.20 1.15 1.18 1.19 1.14 1.06 0.99 0.94 0.90 0.87 0.89 0.93 0.95 0.97 1.01 1.05 1.07 1.11 1.15 1.12 1.11 1.12 1.11 1.10 1.12 1.16 1.19 1.23 1.29 1.32 1.30 1.23 1.15 1.12 1.11 1.08 1.01 0.95 0.95
0.68 0.57 0.44 0.46 0.51 0.52 0.61 0.78 0.92 0.91 0.92 1.03 0.89 0.84 0.88 1.12 1.40 1.28 1.02 0.97 0.98 1.04 1.16 1.28 1.37 1.43 1.43 1.43 1.59 1.85 2.04 2.09 2.04 1.84 1.50 1.28 1.16 1.26 1.35 1.27 1.23 1.22 1.25 1.32 1.32 1.25 1.21 1.23 1.18 1.07 1.00 0.94 0.90 0.87 0.84 0.84 0.90 0.95 0.97 1.01 1.07 1.06 1.03 0.95 0.79 0.76 0.82 0.88 0.98 1.09 1.14 1.16 1.20 1.26 1.29 1.30 1.30 1.25 1.17 1.07 1.00 0.96 0.97 1.01
0.71 0.60 0.53 0.59 0.60 0.56 0.65 0.82 0.94 0.87 0.87 1.12 1.03 0.88 0.90 1.08 1.37 1.34 1.04 0.89 0.88 0.96 1.09 1.22 1.36 1.42 1.41 1.45 1.75 2.04 1.98 1.78 1.65 1.49 1.38 1.24 1.07 1.02 0.90 0.87 0.93 1.02 1.12 1.14 1.10 1.10 1.16 1.18 1.10 1.02 0.94 0.89 0.88 0.86 0.83 0.83 0.90 0.95 0.96 1.00 0.99 0.87 0.72 0.59 0.47 0.53 0.67 0.74 0.86 1.02 1.08 1.10 1.14 1.19 1.23 1.27 1.33 1.34 1.28 1.19 1.12 1.09 1.07 1.13
0.72 0.64 0.64 0.68 0.68 0.69 0.76 0.85 0.93 0.84 0.86 1.23 1.15 0.89 0.86 0.96 1.27 1.30 0.92 0.74 0.78 0.92 1.03 1.15 1.35 1.39 1.38 1.54 1.96 2.17 1.90 1.70 1.58 1.35 1.30 1.20 0.99 0.92 0.79 0.71 0.72 0.74 0.81 0.83 0.83 0.88 0.91 0.89 0.88 0.86 0.84 0.84 0.83 0.79 0.79 0.82 0.89 0.93 0.91 0.88 0.75 0.55 0.45 0.44 0.49 0.66 0.82 0.85 0.89 0.94 0.95 1.00 1.09 1.16 1.19 1.22 1.27 1.37 1.45 1.45 1.36 1.29 1.31 1.41
0.67 0.59 0.61 0.61 0.60 0.66 0.73 0.80 0.88 0.83 0.90 1.32 1.20 0.78 0.72 0.86 1.11 1.19 0.91 0.74 0.80 0.91 0.98 1.12 1.31 1.36 1.36 1.64 2.23 2.28 1.76 1.56 1.47 1.23 1.22 1.18 0.94 0.87 0.82 0.67 0.63 0.65 0.68 0.73 0.77 0.80 0.79 0.75 0.75 0.76 0.79 0.82 0.78 0.74 0.74 0.74 0.75 0.77 0.72 0.64 0.49 0.41 0.47 0.58 0.70 0.87 0.97 0.96 0.94 0.89 0.87 0.94 1.04 1.10 1.13 1.16 1.22 1.34 1.50 1.63 1.69 1.68 1.68 1.67
0.62 0.55 0.56 0.54 0.55 0.62 0.68 0.72 0.83 0.84 0.98 1.27 1.00 0.61 0.63 0.79 0.93 1.02 0.98 0.89 0.92 0.97 1.01 1.14 1.27 1.30 1.42 2.00 2.68 2.28 1.48 1.35 1.35 1.19 1.15 1.14 0.92 0.84 0.82 0.66 0.60 0.60 0.60 0.68 0.77 0.80 0.79 0.76 0.74 0.77 0.82 0.81 0.74 0.71 0.69 0.65 0.61 0.60 0.57 0.49 0.45 0.58 0.72 0.79 0.88 0.97 0.99 0.95 0.91 0.83 0.80 0.87 0.93 0.97 1.03 1.10 1.18 1.31 1.46 1.62 1.77 1.84 1.82 1.72
0.59 0.55 0.56 0.56 0.59 0.63 0.66 0.71 0.85 0.90 0.99 1.14 0.86 0.53 0.59 0.73 0.80 0.84 0.91 1.05 1.19 1.21 1.15 1.18 1.35 1.51 1.98 2.85 2.74 1.82 1.14 1.15 1.27 1.13 1.05 1.10 0.94 0.82 0.81 0.69 0.58 0.55 0.55 0.64 0.77 0.80 0.80 0.76 0.74 0.76 0.77 0.74 0.71 0.69 0.67 0.65 0.62 0.63 0.65 0.61 0.68 0.82 0.89 0.90 0.94 0.97 0.95 0.91 0.86 0.81 0.77 0.83 0.90 0.90 0.95 1.03 1.12 1.22 1.32 1.39 1.44 1.56 1.69 1.72
0.53 0.51 0.54 0.57 0.59 0.61 0.66 0.78 0.91 0.91 0.93 1.01 0.84 0.58 0.65 0.74 0.74 0.75 0.84 1.03 1.29 1.55 1.52 1.49 2.00 2.52 2.73 2.70 1.97 1.19 0.94 1.01 1.18 1.06 0.98 1.06 0.96 0.81 0.76 0.68 0.58 0.53 0.53 0.61 0.77 0.86 0.84 0.76 0.73 0.71 0.67 0.64 0.64 0.64 0.62 0.61 0.62 0.67 0.75 0.80 0.86 0.91 0.88 0.86 0.88 0.90 0.89 0.86 0.84 0.82 0.84 0.91 0.96 0.94 0.95 1.02 1.06 1.09 1.14 1.17 1.20 1.32 1.50 1.70
0.53 0.50 0.53 0.55 0.57 0.62 0.73 0.87 0.91 0.89 0.83 0.86 0.87 0.81 0.87 0.82 0.72 0.78 0.92 1.14 1.62 2.09 2.18 2.18 2.31 2.48 2.20 1.59 1.16 0.91 0.83 0.92 1.08 1.01 0.95 0.99 0.94 0.81 0.71 0.65 0.59 0.53 0.54 0.62 0.77 0.91 0.84 0.70 0.64 0.61 0.61 0.59 0.56 0.55 0.55 0.55 0.56 0.66 0.77 0.80 0.81 0.82 0.79 0.79 0.83 0.86 0.85 0.82 0.82 0.82 0.85 0.91 0.96 0.96 0.99 1.05 1.03 1.04 1.13 1.20 1.26 1.38 1.46 1.58
0.54 0.50 0.53 0.54 0.56 0.64 0.78 0.87 0.88 0.84 0.78 0.83 0.93 0.98 0.99 0.88 0.81 0.96 1.32 2.15 2.54 2.36 2.10 1.86 1.76 1.60 1.32 1.03 0.84 0.74 0.76 0.88 0.97 0.91 0.87 0.91 0.90 0.81 0.67 0.63 0.61 0.57 0.60 0.67 0.79 0.91 0.84 0.61 0.52 0.52 0.54 0.54 0.52 0.51 0.52 0.53 0.56 0.66 0.73 0.73 0.73 0.74 0.75 0.78 0.82 0.84 0.82 0.79 0.79 0.79 0.81 0.85 0.89 0.91 0.94 1.00 1.01 1.05 1.15 1.23 1.35 1.47 1.52 1.60
0.51 0.46 0.47 0.48 0.51 0.60 0.74 0.83 0.83 0.80 0.81 0.89 0.94 0.96 1.00 1.05 1.08 1.39 2.23 2.87 2.45 1.72 1.42 1.24 1.25 1.27 1.13 0.89 0.71 0.69 0.74 0.80 0.80 0.75 0.75 0.86 0.89 0.77 0.65 0.64 0.64 0.63 0.66 0.73 0.82 0.90 0.81 0.57 0.49 0.52 0.52 0.49 0.46 0.46 0.48 0.51 0.56 0.63 0.69 0.70 0.71 0.73 0.75 0.77 0.79 0.80 0.78 0.78 0.78 0.78 0.79 0.84 0.89 0.88 0.88 0.95 1.00 1.02 1.09 1.21 1.33 1.41 1.46 1.52
0.52 0.46 0.46 0.48 0.50 0.58 0.71 0.77 0.79 0.80 0.83 0.84 0.82 0.86 0.97 1.19 1.58 2.16 2.65 2.41 1.55 1.16 1.10 1.12 1.22 1.27 1.05 0.77 0.70 0.72 0.72 0.68 0.64 0.62 0.64 0.76 0.86 0.78 0.67 0.66 0.68 0.70 0.75 0.82 0.88 0.88 0.76 0.54 0.49 0.51 0.47 0.42 0.38 0.39 0.43 0.48 0.54 0.60 0.67 0.69 0.70 0.70 0.71 0.74 0.76 0.76 0.76 0.77 0.78 0.78 0.81 0.87 0.91 0.90 0.91 0.99 1.03 1.00 1.06 1.22 1.34 1.39 1.36 1.29
0.54 0.51 0.50 0.51 0.54 0.64 0.71 0.72 0.77 0.80 0.77 0.72 0.71 0.79 0.96 1.27 1.89 2.40 2.23 1.48 1.15 1.07 1.03 1.04 1.20 1.25 0.91 0.74 0.74 0.72 0.69 0.66 0.60 0.55 0.56 0.65 0.79 0.83 0.74 0.71 0.75 0.79 0.84 0.89 0.89 0.79 0.62 0.48 0.46 0.44 0.36 0.31 0.32 0.35 0.39 0.44 0.48 0.55 0.62 0.63 0.62 0.64 0.67 0.71 0.73 0.74 0.77 0.78 0.79 0.80 0.83 0.90 0.92 0.92 0.99 1.08 1.14 1.13 1.13 1.25 1.40 1.41 1.27 1.17
0.52 0.49 0.48 0.51 0.59 0.70 0.73 0.70 0.75 0.79 0.72 0.69 0.71 0.81 1.04 1.35 2.04 2.37 1.78 1.21 1.10 1.04 1.00 1.02 1.15 1.19 0.90 0.73 0.72 0.65 0.61 0.60 0.54 0.50 0.55 0.65 0.76 0.84 0.81 0.78 0.85 0.86 0.87 0.91 0.83 0.62 0.45 0.41 0.42 0.35 0.25 0.23 0.27 0.32 0.37 0.41 0.44 0.50 0.56 0.56 0.58 0.64 0.67 0.69 0.71 0.73 0.75 0.78 0.79 0.80 0.88 0.94 0.93 0.97 1.04 1.13 1.26 1.29 1.26 1.34 1.46 1.38 1.18 1.14
0.50 0.46 0.47 0.54 0.65 0.73 0.72 0.70 0.77 0.81 0.78 0.74 0.76 0.92 1.15 1.58 2.30 2.32 1.75 1.29 1.15 1.07 1.04 1.02 1.01 1.00 0.90 0.77 0.69 0.61 0.55 0.54 0.49 0.51 0.60 0.68 0.76 0.81 0.79 0.85 0.92 0.87 0.85 0.87 0.73 0.49 0.39 0.37 0.35 0.26 0.17 0.20 0.25 0.31 0.36 0.40 0.43 0.50 0.56 0.59 0.66 0.72 0.70 0.69 0.71 0.71 0.73 0.77 0.79 0.84 0.92 0.96 0.99 1.04 1.06 1.13 1.25 1.24 1.25 1.36 1.40 1.29 1.13 1.08
0.52 0.50 0.54 0.61 0.70 0.71 0.69 0.73 0.80 0.87 0.90 0.85 0.90 1.08 1.52 2.29 2.53 2.15 1.62 1.32 1.15 1.03 0.97 0.89 0.77 0.74 0.83 0.84 0.73 0.63 0.57 0.56 0.54 0.57 0.63 0.66 0.71 0.71 0.76 0.91 0.96 0.87 0.83 0.77 0.55 0.41 0.37 0.32 0.25 0.20 0.18 0.20 0.25 0.30 0.35 0.38 0.42 0.50 0.58 0.64 0.71 0.72 0.69 0.68 0.69 0.71 0.72 0.75 0.81 0.90 0.97 1.02 1.05 1.03 1.04 1.13 1.19 1.16 1.15 1.25 1.27 1.15 1.01 0.96
0.53 0.54 0.60 0.66 0.70 0.71 0.71 0.77 0.81 0.88 0.91 0.88 0.95 1.32 2.21 2.65 2.29 1.78 1.44 1.26 1.09 0.87 0.78 0.70 0.59 0.58 0.70 0.84 0.83 0.71 0.62 0.59 0.60 0.61 0.62 0.63 0.62 0.61 0.76 0.97 0.99 0.88 0.80 0.63 0.43 0.37 0.32 0.23 0.18 0.20 0.21 0.22 0.25 0.30 0.33 0.36 0.41 0.51 0.59 0.65 0.69 0.68 0.66 0.67 0.69 0.71 0.71 0.73 0.83 0.93 1.01 1.06 1.07 1.06 1.11 1.18 1.22 1.18 1.11 1.13 1.10 0.97 0.89 0.92
0.50 0.53 0.58 0.62 0.67 0.71 0.72 0.73 0.75 0.80 0.84 0.86 0.92 1.47 2.44 2.37 1.77 1.54 1.32 1.18 1.02 0.77 0.65 0.61 0.56 0.55 0.61 0.78 0.89 0.81 0.65 0.59 0.61 0.61 0.62 0.62 0.57 0.55 0.78 1.02 0.95 0.86 0.76 0.50 0.38 0.33 0.25 0.15 0.15 0.19 0.20 0.21 0.25 0.30 0.33 0.36 0.42 0.54 0.63 0.68 0.70 0.68 0.68 0.68 0.68 0.68 0.68 0.73 0.84 0.93 0.97 0.99 1.06 1.15 1.22 1.26 1.27 1.24 1.16 1.10 1.04 0.94 0.93 1.05
0.46 0.48 0.52 0.54 0.61 0.67 0.66 0.64 0.66 0.73 0.78 0.87 0.99 1.68 2.44 2.10 1.62 1.42 1.17 1.05 0.95 0.76 0.64 0.61 0.56 0.53 0.57 0.74 0.90 0.85 0.66 0.58 0.60 0.62 0.64 0.61 0.55 0.53 0.79 1.04 0.92 0.78 0.65 0.46 0.34 0.30 0.23 0.14 0.13 0.18 0.20 0.22 0.26 0.30 0.32 0.37 0.47 0.61 0.68 0.69 0.69 0.68 0.67 0.66 0.64 0.63 0.63 0.68 0.78 0.86 0.89 0.92 1.01 1.07 1.10 1.19 1.27 1.30 1.27 1.24 1.19 1.09 1.10 1.25
0.45 0.44 0.45 0.48 0.57 0.62 0.57 0.56 0.64 0.74 0.85 1.00 1.29 2.20 2.51 1.94 1.49 1.21 0.96 0.93 0.92 0.78 0.68 0.63 0.55 0.52 0.57 0.72 0.84 0.76 0.66 0.64 0.65 0.66 0.65 0.59 0.51 0.53 0.78 1.02 0.88 0.63 0.52 0.42 0.32 0.29 0.25 0.16 0.14 0.19 0.22 0.26 0.29 0.30 0.34 0.43 0.56 0.66 0.68 0.68 0.67 0.67 0.66 0.63 0.58 0.55 0.56 0.64 0.74 0.83 0.90 0.95 1.00 1.04 1.04 1.07 1.19 1.25 1.25 1.29 1.30 1.20 1.30 1.43
0.46 0.43 0.42 0.48 0.57 0.57 0.53 0.57 0.68 0.79 0.95 1.24 1.97 2.66 2.37 1.58 1.21 1.00 0.84 0.86 0.91 0.82 0.71 0.63 0.55 0.54 0.59 0.68 0.73 0.64 0.58 0.68 0.72 0.67 0.67 0.59 0.51 0.60 0.80 0.93 0.74 0.51 0.44 0.37 0.31 0.30 0.26 0.18 0.17 0.22 0.27 0.30 0.31 0.34 0.43 0.54 0.63 0.67 0.67 0.66 0.65 0.66 0.66 0.61 0.55 0.53 0.57 0.68 0.78 0.86 0.95 1.05 1.09 1.09 1.08 1.06 1.11 1.15 1.13 1.23 1.36 1.55 1.83 1.81
0.46 0.43 0.45 0.55 0.57 0.54 0.59 0.67 0.72 0.90 1.13 1.59 2.56 2.62 1.71 1.16 1.02 0.89 0.75 0.81 0.91 0.85 0.72 0.63 0.59 0.59 0.62 0.63 0.64 0.56 0.52 0.66 0.73 0.71 0.73 0.64 0.56 0.63 0.72 0.72 0.57 0.46 0.42 0.35 0.30 0.30 0.26 0.21 0.22 0.27 0.31 0.33 0.35 0.43 0.55 0.63 0.65 0.66 0.65 0.65 0.65 0.69 0.67 0.63 0.64 0.68 0.75 0.84 0.90 0.96 1.06 1.14 1.13 1.11 1.13 1.09 1.03 1.08 1.13 1.29 1.55 1.79 1.87 1.82
0.45 0.43 0.47 0.52 0.51 0.56 0.71 0.77 0.82 1.14 1.44 2.17 2.68 1.95 1.12 0.97 0.91 0.85 0.78 0.83 0.91 0.85 0.74 0.67 0.64 0.64 0.63 0.60 0.58 0.53 0.53 0.61 0.68 0.75 0.80 0.69 0.57 0.58 0.54 0.46 0.43 0.43 0.41 0.34 0.30 0.29 0.26 0.24 0.27 0.31 0.32 0.34 0.41 0.53 0.63 0.65 0.66 0.66 0.66 0.67 0.71 0.74 0.72 0.75 0.85 1.00 1.13 1.19 1.21 1.28 1.31 1.27 1.22 1.27 1.30 1.12 0.96 1.02 1.16 1.37 1.63 1.57 1.26 1.25
0.45 0.40 0.42 0.45 0.50 0.63 0.76 0.83 1.03 1.27 1.68 2.54 2.46 1.25 0.90 0.90 0.87 0.91 0.92 0.91 0.88 0.81 0.75 0.72 0.70 0.66 0.61 0.55 0.52 0.53 0.55 0.59 0.64 0.75 0.83 0.73 0.56 0.48 0.39 0.31 0.36 0.41 0.39 0.35 0.31 0.29 0.27 0.27 0.31 0.31 0.32 0.39 0.51 0.60 0.64 0.65 0.64 0.66 0.69 0.74 0.78 0.79 0.82 0.89 1.03 1.22 1.35 1.43 1.48 1.50 1.45 1.39 1.45 1.55 1.45 1.21 1.06 1.10 1.22 1.50 1.59 1.31 1.11 1.17
0.50 0.42 0.43 0.49 0.57 0.67 0.77 0.89 1.12 1.25 1.81 2.34 1.81 1.05 0.91 0.90 0.91 1.02 1.03 0.88 0.77 0.75 0.76 0.76 0.73 0.66 0.58 0.54 0.53 0.56 0.60 0.63 0.64 0.68 0.82 0.77 0.53 0.38 0.31 0.28 0.33 0.40 0.38 0.35 0.33 0.29 0.28 0.29 0.31 0.31 0.35 0.49 0.63 0.70 0.70 0.64 0.62 0.66 0.71 0.75 0.80 0.83 0.88 0.97 1.06 1.14 1.21 1.28 1.33 1.35 1.35 1.40 1.52 1.53 1.41 1.30 1.29 1.28 1.38 1.61 1.48 1.27 1.39 1.37
0.56 0.49 0.53 0.57 0.60 0.66 0.79 0.96 1.12 1.18 1.65 2.20 1.70 1.11 0.99 0.92 0.96 1.08 1.00 0.73 0.69 0.72 0.76 0.78 0.72 0.61 0.54 0.55 0.57 0.58 0.62 0.67 0.62 0.61 0.77 0.72 0.49 0.35 0.29 0.30 0.34 0.38 0.38 0.35 0.33 0.31 0.29 0.30 0.31 0.35 0.46 0.61 0.74 0.79 0.72 0.62 0.63 0.67 0.69 0.76 0.85 0.89 0.93 0.96 0.97 1.00 1.09 1.12 1.09 1.10 1.18 1.30 1.41 1.38 1.27 1.30 1.33 1.33 1.47 1.53 1.33 1.42 1.60 1.28
0.54 0.50 0.58 0.61 0.63 0.71 0.87 1.02 1.16 1.17 1.43 2.24 2.06 1.27 1.04 0.93 0.98 1.07 0.85 0.67 0.69 0.73 0.76 0.75 0.67 0.60 0.57 0.59 0.59 0.56 0.60 0.64 0.57 0.55 0.65 0.60 0.45 0.33 0.29 0.31 0.35 0.37 0.37 0.35 0.34 0.33 0.31 0.30 0.34 0.44 0.57 0.69 0.80 0.80 0.69 0.64 0.68 0.71 0.78 0.91 0.97 0.98 0.99 0.96 0.93 0.98 1.06 1.01 0.96 0.99 1.06 1.20 1.32 1.28 1.14 1.12 1.17 1.29 1.48 1.44 1.37 1.67 1.60 1.00
0.48 0.50 0.61 0.67 0.76 0.87 0.97 1.12 1.28 1.24 1.59 2.41 2.12 1.26 1.03 0.96 1.00 0.99 0.78 0.70 0.74 0.74 0.75 0.70 0.64 0.64 0.63 0.62 0.59 0.54 0.56 0.60 0.51 0.44 0.46 0.49 0.41 0.33 0.29 0.31 0.34 0.35 0.35 0.35 0.35 0.34 0.32 0.32 0.41 0.52 0.61 0.72 0.83 0.81 0.75 0.76 0.78 0.83 0.95 1.04 1.03 1.01 1.00 1.01 1.06 1.12 1.11 1.02 0.99 1.02 1.03 1.13 1.25 1.21 1.05 0.98 1.00 1.20 1.38 1.44 1.68 1.79 1.31 0.88
0.45 0.51 0.61 0.69 0.84 0.96 1.02 1.19 1.36 1.55 2.25 2.47 1.69 1.04 0.91 0.90 0.94 0.87 0.75 0.73 0.75 0.73 0.70 0.66 0.65 0.69 0.66 0.63 0.62 0.54 0.50 0.56 0.48 0.33 0.34 0.41 0.39 0.34 0.31 0.31 0.33 0.34 0.34 0.36 0.37 0.35 0.33 0.37 0.48 0.56 0.62 0.75 0.86 0.84 0.81 0.82 0.86 0.94 1.01 1.03 0.99 0.96 0.99 1.08 1.19 1.27 1.30 1.34 1.37 1.37 1.35 1.35 1.35 1.27 1.10 1.04 1.17 1.45 1.59 1.76 1.92 1.54 0.99 0.72
0.45 0.48 0.57 0.70 0.84 0.93 1.00 1.15 1.56 2.07 2.36 1.92 1.16 0.88 0.79 0.78 0.82 0.78 0.72 0.72 0.72 0.70 0.64 0.62 0.68 0.71 0.70 0.67 0.65 0.53 0.43 0.48 0.44 0.32 0.31 0.37 0.38 0.35 0.32 0.30 0.31 0.34 0.35 0.36 0.38 0.36 0.36 0.44 0.53 0.56 0.62 0.77 0.87 0.86 0.86 0.88 0.91 0.95 1.01 1.03 0.96 0.95 1.03 1.13 1.19 1.26 1.37 1.49 1.59 1.70 1.80 1.79 1.68 1.50 1.31 1.33 1.69 2.09 2.18 2.14 1.77 1.14 0.94 0.80
0.52 0.57 0.66 0.76 0.89 1.01 1.07 1.23 1.92 2.22 1.84 1.26 0.98 0.82 0.75 0.74 0.74 0.72 0.69 0.69 0.69 0.64 0.56 0.57 0.69 0.76 0.74 0.68 0.59 0.48 0.36 0.35 0.38 0.32 0.30 0.34 0.37 0.35 0.32 0.30 0.31 0.34 0.36 0.36 0.37 0.38 0.41 0.50 0.54 0.55 0.62 0.76 0.87 0.92 0.97 0.97 0.93 0.91 0.97 1.00 0.96 0.99 1.07 1.14 1.20 1.28 1.36 1.40 1.44 1.61 1.75 1.72 1.62 1.48 1.43 1.65 2.09 2.18 1.90 1.66 1.13 0.91 0.96 0.95
0.66 0.71 0.78 0.85 1.09 1.24 1.16 1.38 2.20 2.21 1.41 1.05 0.92 0.79 0.73 0.70 0.68 0.67 0.70 0.70 0.65 0.58 0.50 0.52 0.67 0.81 0.81 0.61 0.48 0.40 0.28 0.27 0.32 0.32 0.30 0.32 0.35 0.34 0.32 0.31 0.32 0.36 0.37 0.35 0.37 0.41 0.47 0.52 0.53 0.54 0.61 0.75 0.88 1.00 1.07 1.02 0.95 0.93 0.93 0.94 0.95 1.02 1.10 1.18 1.28 1.34 1.34 1.31 1.31 1.45 1.56 1.44 1.26 1.24 1.42 1.80 1.99 1.63 1.08 0.83 0.69 0.70 0.78 0.81
0.71 0.73 0.81 0.95 1.15 1.16 1.06 1.43 2.31 2.09 1.20 0.95 0.87 0.78 0.74 0.69 0.64 0.66 0.70 0.68 0.60 0.52 0.48 0.51 0.61 0.79 0.88 0.67 0.43 0.35 0.27 0.25 0.29 0.31 0.32 0.31 0.33 0.33 0.32 0.32 0.33 0.37 0.37 0.35 0.37 0.46 0.53 0.52 0.51 0.55 0.62 0.74 0.91 1.06 1.12 1.05 0.98 0.95 0.96 0.98 0.96 1.02 1.15 1.26 1.33 1.33 1.31 1.31 1.37 1.53 1.62 1.38 1.11 1.15 1.43 1.72 1.59 1.00 0.67 0.55 0.48 0.47 0.46 0.58
