windninja/windninja_output/Output_2025-08-24_1900-1950_Google earth_Fire_150m_10min/merlingen_7.5mi_point_08-24-2025_1920_150m_vel.asc
ncols	158
nrows	163
xllcorner	391686.332397
yllcorner	5160024.123721
cellsize	150.000000
NODATA_value	-32768.000000
[rows 0 to 37 of 163, columns 0 to 83 of 158]
2.14 2.19 2.23 2.20 2.25 2.30 2.18 2.13 2.26 2.28 2.20 2.15 2.29 2.66 2.86 2.75 2.53 2.32 2.36 2.48 2.19 1.87 2.10 2.34 2.40 2.31 2.14 2.13 2.27 2.28 2.24 2.27 2.28 2.22 2.25 2.37 2.26 2.19 2.24 2.15 2.16 2.24 2.23 2.25 2.29 2.25 2.29 2.23 2.17 2.21 2.20 2.21 2.25 2.23 2.16 2.14 2.14 2.19 2.24 2.22 2.14 2.14 2.16 2.15 2.14 2.15 2.23 2.30 2.31 2.25 2.17 2.13 2.13 2.15 2.21 2.22 2.17 2.21 2.24 2.20 2.14 2.09 2.19 2.26
2.06 2.17 2.21 2.17 2.25 2.28 2.13 2.10 2.25 2.26 2.13 1.95 1.98 2.38 2.76 2.87 2.70 2.44 2.50 2.58 2.16 1.75 1.88 2.24 2.45 2.38 2.15 2.09 2.22 2.25 2.23 2.26 2.27 2.23 2.25 2.40 2.31 2.23 2.25 2.14 2.14 2.23 2.23 2.31 2.35 2.30 2.35 2.30 2.18 2.17 2.18 2.19 2.22 2.19 2.11 2.10 2.13 2.19 2.27 2.22 2.11 2.10 2.13 2.14 2.09 2.10 2.22 2.34 2.39 2.29 2.15 2.08 2.10 2.14 2.21 2.19 2.14 2.25 2.30 2.17 2.06 2.05 2.18 2.25
1.91 2.13 2.18 2.11 2.24 2.15 2.03 2.12 2.26 2.22 1.96 1.58 1.51 1.92 2.55 3.01 2.97 2.70 2.73 2.64 2.17 1.71 1.63 1.97 2.41 2.45 2.22 2.10 2.14 2.18 2.23 2.26 2.25 2.27 2.31 2.38 2.37 2.32 2.27 2.16 2.17 2.21 2.26 2.42 2.43 2.37 2.40 2.37 2.21 2.11 2.15 2.15 2.13 2.13 2.09 2.09 2.15 2.20 2.26 2.24 2.12 2.07 2.10 2.12 2.05 2.05 2.20 2.40 2.51 2.35 2.09 2.03 2.10 2.16 2.19 2.10 2.09 2.33 2.38 2.10 1.88 2.02 2.19 2.15
1.80 2.09 2.16 2.10 2.20 2.02 1.97 2.20 2.30 2.16 1.78 1.32 1.33 1.72 2.34 3.06 3.11 2.89 2.82 2.63 2.26 1.90 1.61 1.67 2.18 2.40 2.30 2.18 2.10 2.14 2.25 2.30 2.31 2.36 2.35 2.34 2.35 2.36 2.31 2.25 2.23 2.24 2.35 2.49 2.47 2.42 2.39 2.33 2.20 2.13 2.11 2.04 2.04 2.12 2.13 2.13 2.17 2.19 2.21 2.22 2.17 2.07 2.06 2.09 2.05 2.04 2.17 2.41 2.56 2.35 2.06 2.05 2.14 2.15 2.12 2.04 2.08 2.34 2.39 2.04 1.74 1.99 2.22 2.08
1.74 1.99 2.13 2.10 2.16 2.02 2.03 2.26 2.28 2.01 1.57 1.21 1.22 1.65 2.38 3.06 3.19 2.98 2.79 2.66 2.43 2.14 1.73 1.55 1.95 2.22 2.25 2.20 2.10 2.13 2.25 2.36 2.47 2.46 2.35 2.32 2.34 2.38 2.42 2.37 2.29 2.30 2.46 2.52 2.46 2.41 2.33 2.23 2.19 2.16 2.04 1.96 2.00 2.11 2.16 2.16 2.18 2.19 2.19 2.21 2.18 2.07 2.03 2.07 2.06 2.06 2.14 2.40 2.56 2.30 2.06 2.10 2.16 2.13 2.07 2.06 2.12 2.27 2.30 2.03 1.72 1.90 2.22 2.15
1.77 1.91 2.03 2.09 2.17 2.11 2.17 2.29 2.14 1.78 1.45 1.22 1.15 1.63 2.49 2.96 3.15 3.03 2.75 2.67 2.62 2.42 1.93 1.57 1.77 2.03 2.09 2.12 2.10 2.11 2.20 2.41 2.58 2.53 2.38 2.34 2.41 2.47 2.51 2.44 2.34 2.37 2.48 2.46 2.39 2.35 2.27 2.19 2.16 2.08 1.98 1.96 2.01 2.09 2.16 2.20 2.21 2.22 2.20 2.18 2.16 2.06 2.02 2.07 2.08 2.07 2.12 2.39 2.52 2.23 2.07 2.18 2.23 2.10 2.00 2.08 2.20 2.25 2.13 1.92 1.82 1.95 2.20 2.23
1.86 1.91 1.95 2.04 2.17 2.20 2.26 2.22 1.94 1.63 1.42 1.27 1.17 1.64 2.53 2.87 2.98 3.00 2.82 2.72 2.75 2.67 2.20 1.68 1.68 1.84 1.92 2.01 2.07 2.06 2.17 2.44 2.59 2.51 2.45 2.48 2.52 2.54 2.52 2.44 2.37 2.38 2.41 2.37 2.31 2.29 2.24 2.17 2.11 1.99 1.92 1.99 2.05 2.09 2.19 2.26 2.26 2.25 2.22 2.18 2.14 2.04 2.00 2.05 2.09 2.07 2.12 2.38 2.46 2.16 2.06 2.28 2.33 2.06 1.93 2.08 2.25 2.25 1.91 1.76 2.00 2.16 2.17 2.21
1.91 1.96 1.97 2.01 2.13 2.21 2.25 2.11 1.83 1.61 1.47 1.32 1.25 1.67 2.46 2.80 2.76 2.86 2.88 2.76 2.83 2.87 2.46 1.90 1.66 1.65 1.81 1.98 1.98 1.98 2.20 2.46 2.51 2.47 2.56 2.64 2.59 2.52 2.47 2.42 2.37 2.36 2.35 2.32 2.29 2.27 2.21 2.15 2.06 1.92 1.89 2.01 2.04 2.07 2.26 2.34 2.31 2.30 2.26 2.21 2.13 1.98 1.92 2.01 2.09 2.10 2.18 2.37 2.39 2.13 2.08 2.34 2.34 2.06 1.93 2.02 2.23 2.18 1.74 1.70 2.23 2.34 2.14 2.16
1.92 1.98 2.03 2.03 2.07 2.14 2.15 2.02 1.83 1.68 1.55 1.42 1.32 1.61 2.35 2.73 2.66 2.73 2.83 2.81 2.90 2.95 2.67 2.18 1.76 1.57 1.73 1.93 1.86 1.91 2.27 2.43 2.38 2.47 2.66 2.71 2.56 2.45 2.43 2.41 2.37 2.36 2.33 2.31 2.32 2.25 2.16 2.14 2.03 1.84 1.90 2.04 1.96 2.03 2.37 2.46 2.37 2.35 2.31 2.20 2.06 1.88 1.81 1.91 2.05 2.19 2.28 2.35 2.30 2.12 2.14 2.31 2.25 2.07 1.95 1.98 2.15 2.04 1.69 1.83 2.41 2.50 2.19 2.13
1.91 1.99 2.07 2.06 2.03 2.05 2.06 1.98 1.88 1.76 1.65 1.53 1.39 1.56 2.16 2.60 2.66 2.68 2.70 2.81 2.95 2.96 2.81 2.39 1.94 1.63 1.61 1.81 1.80 1.90 2.32 2.38 2.25 2.46 2.70 2.69 2.50 2.39 2.39 2.40 2.39 2.40 2.37 2.33 2.33 2.24 2.12 2.14 2.03 1.80 1.89 2.04 1.93 2.07 2.45 2.56 2.40 2.32 2.26 2.09 1.98 1.89 1.73 1.73 2.02 2.30 2.39 2.33 2.13 2.05 2.20 2.29 2.19 2.05 1.97 1.96 2.07 1.93 1.72 2.08 2.53 2.61 2.32 2.16
1.92 1.99 2.08 2.07 2.01 2.00 2.02 1.99 1.91 1.81 1.74 1.62 1.47 1.52 1.96 2.46 2.66 2.71 2.64 2.74 2.93 2.95 2.89 2.53 2.11 1.79 1.53 1.65 1.81 1.96 2.28 2.31 2.20 2.42 2.64 2.61 2.45 2.35 2.38 2.42 2.42 2.43 2.41 2.31 2.33 2.27 2.10 2.10 2.03 1.79 1.88 2.01 1.96 2.18 2.45 2.57 2.40 2.22 2.14 2.01 2.01 1.96 1.70 1.69 2.11 2.37 2.41 2.24 1.89 1.94 2.27 2.35 2.19 2.00 1.93 1.93 2.06 2.03 1.93 2.27 2.57 2.62 2.43 2.27
1.94 1.99 2.06 2.05 2.00 2.00 2.02 2.00 1.94 1.85 1.80 1.70 1.56 1.52 1.85 2.38 2.64 2.72 2.68 2.71 2.85 2.91 2.89 2.60 2.23 1.87 1.50 1.57 1.83 1.99 2.16 2.24 2.23 2.38 2.52 2.50 2.42 2.38 2.41 2.42 2.40 2.46 2.40 2.27 2.33 2.33 2.09 2.01 2.01 1.89 1.93 1.96 1.97 2.21 2.40 2.48 2.37 2.16 2.03 1.97 2.07 2.05 1.81 1.88 2.24 2.34 2.32 2.08 1.71 1.92 2.32 2.38 2.22 1.97 1.86 1.96 2.18 2.29 2.28 2.39 2.49 2.57 2.52 2.53
1.97 2.00 2.04 2.04 2.01 2.02 2.03 2.00 1.95 1.89 1.84 1.76 1.62 1.55 1.83 2.38 2.62 2.65 2.71 2.75 2.79 2.81 2.79 2.61 2.29 1.89 1.60 1.64 1.85 1.98 2.09 2.21 2.29 2.33 2.36 2.41 2.43 2.43 2.43 2.36 2.38 2.46 2.34 2.23 2.33 2.33 2.11 2.00 2.06 2.09 2.02 1.93 1.95 2.21 2.43 2.39 2.27 2.09 1.94 1.99 2.18 2.18 2.07 2.15 2.27 2.26 2.18 1.98 1.79 2.02 2.25 2.30 2.30 2.06 1.95 2.13 2.33 2.51 2.50 2.36 2.39 2.56 2.65 2.83
1.99 2.01 2.03 2.02 2.02 2.04 2.03 1.99 1.97 1.93 1.87 1.81 1.65 1.57 1.87 2.41 2.68 2.61 2.66 2.77 2.74 2.67 2.63 2.51 2.26 1.95 1.74 1.78 1.89 1.97 2.09 2.22 2.31 2.27 2.21 2.39 2.49 2.46 2.40 2.29 2.35 2.40 2.23 2.19 2.30 2.26 2.07 2.03 2.21 2.28 2.11 1.95 1.94 2.21 2.52 2.39 2.12 1.89 1.78 2.04 2.36 2.36 2.36 2.37 2.25 2.17 2.11 2.13 2.10 2.03 2.08 2.25 2.43 2.28 2.11 2.16 2.39 2.60 2.49 2.29 2.41 2.63 2.75 2.91
2.01 2.02 2.02 2.02 2.03 2.04 2.02 2.00 2.00 1.95 1.91 1.86 1.70 1.59 1.89 2.47 2.79 2.63 2.55 2.68 2.65 2.51 2.46 2.39 2.24 2.03 1.86 1.88 1.93 1.95 2.14 2.29 2.28 2.20 2.18 2.36 2.46 2.45 2.36 2.24 2.28 2.25 2.23 2.27 2.24 2.19 2.02 1.92 2.16 2.42 2.32 2.04 1.95 2.25 2.58 2.47 2.07 1.69 1.60 2.06 2.55 2.59 2.59 2.41 2.20 2.22 2.26 2.38 2.33 2.02 1.97 2.32 2.55 2.36 2.07 2.10 2.38 2.47 2.37 2.43 2.63 2.69 2.71 2.75
2.02 2.02 2.03 2.03 2.03 2.02 2.02 2.01 2.02 1.98 1.95 1.90 1.78 1.63 1.86 2.53 2.83 2.65 2.46 2.50 2.51 2.37 2.30 2.28 2.26 2.14 1.93 1.89 1.96 1.98 2.20 2.36 2.23 2.16 2.20 2.24 2.34 2.40 2.31 2.24 2.24 2.14 2.26 2.41 2.20 2.11 2.14 1.90 1.86 2.29 2.51 2.21 2.07 2.33 2.51 2.50 2.20 1.68 1.55 2.10 2.69 2.82 2.67 2.25 2.16 2.45 2.48 2.51 2.52 2.13 2.00 2.34 2.49 2.21 2.02 2.13 2.25 2.23 2.36 2.76 2.81 2.55 2.52 2.51
2.02 2.03 2.03 2.03 2.02 2.03 2.03 2.02 2.04 2.02 1.99 1.94 1.88 1.75 1.88 2.48 2.77 2.65 2.46 2.38 2.36 2.25 2.16 2.19 2.28 2.23 1.97 1.87 1.98 2.08 2.26 2.31 2.13 2.10 2.18 2.20 2.26 2.32 2.26 2.24 2.23 2.13 2.29 2.45 2.22 2.08 2.20 2.04 1.87 2.17 2.47 2.34 2.25 2.35 2.37 2.40 2.34 1.91 1.68 2.26 2.81 2.91 2.61 2.08 2.15 2.61 2.68 2.63 2.59 2.25 2.05 2.17 2.30 2.17 2.09 2.10 2.03 2.22 2.66 2.94 2.63 2.27 2.30 2.25
2.02 2.03 2.04 2.03 2.03 2.03 2.04 2.04 2.05 2.05 2.03 1.98 1.95 1.89 1.97 2.35 2.65 2.60 2.45 2.34 2.26 2.15 2.09 2.15 2.26 2.23 2.04 1.91 1.98 2.14 2.23 2.15 2.01 2.05 2.20 2.29 2.29 2.25 2.20 2.24 2.26 2.23 2.31 2.35 2.25 2.17 2.16 2.13 2.18 2.34 2.41 2.35 2.29 2.28 2.24 2.30 2.41 2.21 2.00 2.36 2.82 2.88 2.49 2.09 2.22 2.65 2.87 2.76 2.49 2.25 2.15 2.09 2.24 2.27 2.06 1.98 2.03 2.39 2.80 2.68 2.27 2.16 2.11 2.03
2.03 2.03 2.04 2.04 2.04 2.04 2.05 2.07 2.07 2.06 2.06 2.03 2.01 2.00 2.05 2.26 2.50 2.50 2.39 2.31 2.21 2.12 2.09 2.14 2.20 2.19 2.11 2.01 1.99 2.08 2.10 1.99 1.92 2.02 2.23 2.39 2.39 2.26 2.17 2.26 2.28 2.25 2.31 2.27 2.24 2.29 2.27 2.20 2.30 2.45 2.40 2.28 2.20 2.19 2.21 2.29 2.41 2.38 2.27 2.42 2.77 2.81 2.42 2.21 2.36 2.67 2.93 2.74 2.40 2.41 2.38 2.13 2.21 2.20 1.91 1.87 2.01 2.25 2.52 2.35 2.17 2.17 1.98 1.86
2.03 2.04 2.04 2.04 2.04 2.06 2.07 2.09 2.08 2.05 2.06 2.09 2.07 2.06 2.10 2.22 2.35 2.36 2.31 2.26 2.18 2.13 2.11 2.12 2.15 2.16 2.13 2.06 2.00 1.98 1.93 1.85 1.87 2.01 2.24 2.44 2.49 2.32 2.17 2.27 2.27 2.23 2.30 2.27 2.27 2.41 2.47 2.27 2.21 2.44 2.46 2.29 2.17 2.13 2.24 2.32 2.37 2.44 2.45 2.47 2.65 2.71 2.49 2.36 2.47 2.68 2.83 2.72 2.62 2.71 2.49 2.09 2.05 2.04 1.86 1.75 1.74 1.95 2.23 2.28 2.23 2.20 1.99 1.79
2.04 2.05 2.04 2.04 2.05 2.07 2.09 2.11 2.10 2.06 2.07 2.13 2.11 2.09 2.13 2.18 2.24 2.26 2.25 2.22 2.17 2.14 2.11 2.10 2.12 2.13 2.10 2.05 1.99 1.92 1.79 1.72 1.86 2.08 2.30 2.47 2.56 2.41 2.20 2.24 2.23 2.21 2.27 2.31 2.41 2.52 2.51 2.29 2.18 2.39 2.50 2.39 2.26 2.19 2.23 2.26 2.30 2.41 2.51 2.49 2.49 2.69 2.70 2.50 2.56 2.74 2.78 2.85 2.95 2.79 2.28 1.87 1.88 1.98 1.85 1.55 1.49 1.77 2.13 2.31 2.34 2.25 2.03 1.80
2.05 2.05 2.04 2.04 2.06 2.08 2.10 2.12 2.11 2.08 2.08 2.14 2.14 2.11 2.13 2.15 2.17 2.21 2.22 2.20 2.15 2.12 2.10 2.08 2.07 2.08 2.07 2.02 1.97 1.88 1.71 1.61 1.83 2.20 2.35 2.47 2.60 2.45 2.19 2.16 2.17 2.21 2.30 2.41 2.53 2.55 2.48 2.35 2.26 2.37 2.51 2.48 2.38 2.26 2.18 2.19 2.26 2.34 2.42 2.46 2.44 2.74 2.90 2.63 2.69 2.88 2.88 3.01 2.99 2.48 1.91 1.70 1.83 2.04 1.85 1.43 1.34 1.65 2.06 2.36 2.40 2.18 2.04 1.88
2.06 2.05 2.04 2.06 2.08 2.08 2.10 2.12 2.13 2.11 2.10 2.13 2.16 2.13 2.12 2.13 2.14 2.18 2.20 2.17 2.13 2.11 2.09 2.04 2.02 2.04 2.03 1.99 1.96 1.87 1.69 1.57 1.88 2.29 2.38 2.45 2.53 2.43 2.22 2.12 2.13 2.21 2.35 2.50 2.59 2.60 2.54 2.42 2.33 2.34 2.52 2.52 2.41 2.32 2.21 2.19 2.26 2.28 2.21 2.35 2.50 2.84 3.06 2.87 2.99 3.10 2.99 2.96 2.65 2.07 1.72 1.67 1.92 2.18 1.94 1.47 1.27 1.52 1.96 2.30 2.36 2.14 2.13 2.00
2.06 2.04 2.05 2.08 2.09 2.08 2.09 2.11 2.15 2.16 2.13 2.11 2.15 2.15 2.12 2.12 2.12 2.16 2.18 2.14 2.10 2.09 2.06 2.00 1.98 1.99 1.96 1.97 1.99 1.92 1.73 1.63 1.92 2.25 2.37 2.45 2.43 2.37 2.29 2.17 2.12 2.21 2.34 2.52 2.73 2.72 2.51 2.43 2.35 2.34 2.52 2.51 2.42 2.42 2.32 2.20 2.25 2.23 2.02 2.16 2.54 2.94 3.28 3.38 3.35 3.08 2.77 2.54 2.15 1.83 1.69 1.75 2.14 2.37 2.02 1.43 1.18 1.49 1.84 2.07 2.24 2.19 2.20 2.10
2.06 2.05 2.06 2.09 2.09 2.08 2.09 2.12 2.17 2.19 2.15 2.10 2.12 2.16 2.14 2.12 2.12 2.14 2.15 2.11 2.08 2.07 2.02 1.95 1.93 1.91 1.88 1.95 2.10 2.03 1.81 1.74 1.89 2.13 2.31 2.40 2.39 2.38 2.35 2.24 2.15 2.19 2.31 2.62 2.92 2.67 2.37 2.43 2.41 2.39 2.50 2.52 2.50 2.51 2.39 2.23 2.23 2.14 1.92 2.01 2.48 3.10 3.65 3.78 3.30 2.68 2.30 1.99 1.79 1.76 1.78 2.01 2.50 2.48 1.83 1.23 1.19 1.52 1.72 1.81 2.07 2.21 2.17 2.14
2.07 2.06 2.07 2.09 2.10 2.09 2.08 2.14 2.21 2.20 2.16 2.11 2.12 2.15 2.13 2.12 2.13 2.13 2.12 2.09 2.05 2.03 1.98 1.91 1.85 1.78 1.77 1.99 2.27 2.18 1.89 1.84 1.90 1.99 2.18 2.29 2.35 2.51 2.48 2.29 2.19 2.20 2.36 2.78 2.87 2.44 2.33 2.47 2.48 2.48 2.50 2.57 2.60 2.55 2.45 2.27 2.12 1.99 1.90 2.01 2.56 3.50 4.03 3.69 2.88 2.28 1.89 1.61 1.63 1.83 2.08 2.53 2.74 2.28 1.53 1.08 1.35 1.67 1.68 1.70 1.98 2.14 2.05 2.11
2.08 2.07 2.08 2.09 2.11 2.09 2.09 2.17 2.22 2.19 2.15 2.14 2.14 2.13 2.12 2.13 2.13 2.11 2.10 2.07 2.03 2.00 1.94 1.85 1.76 1.61 1.63 2.05 2.41 2.30 2.03 1.97 1.98 1.93 1.99 2.08 2.25 2.65 2.69 2.37 2.23 2.30 2.49 2.78 2.67 2.26 2.34 2.56 2.58 2.53 2.47 2.60 2.67 2.65 2.58 2.20 1.83 1.85 2.02 2.28 3.12 4.07 4.01 3.17 2.43 1.99 1.60 1.39 1.56 2.04 2.66 2.94 2.60 1.99 1.29 0.96 1.47 1.93 1.81 1.76 1.95 2.01 1.92 2.07
2.07 2.08 2.09 2.10 2.11 2.10 2.12 2.20 2.22 2.17 2.16 2.17 2.16 2.13 2.11 2.13 2.13 2.10 2.07 2.05 2.02 1.98 1.90 1.79 1.65 1.45 1.49 2.04 2.44 2.35 2.24 2.20 2.10 1.96 1.89 1.86 2.08 2.69 2.90 2.49 2.25 2.46 2.58 2.63 2.50 2.18 2.28 2.57 2.71 2.55 2.38 2.62 2.77 2.84 2.67 1.90 1.44 1.85 2.37 2.86 3.70 4.15 3.48 2.52 2.06 1.80 1.45 1.32 1.66 2.40 3.10 2.97 2.31 1.73 1.11 0.86 1.45 2.17 2.09 1.82 1.85 1.84 1.87 2.12
2.06 2.08 2.11 2.11 2.12 2.12 2.15 2.21 2.20 2.16 2.17 2.18 2.17 2.15 2.13 2.13 2.12 2.08 2.05 2.05 2.02 1.96 1.86 1.73 1.55 1.34 1.44 1.96 2.30 2.30 2.41 2.49 2.27 2.07 1.95 1.83 2.00 2.61 3.02 2.62 2.36 2.60 2.56 2.52 2.40 2.13 2.18 2.45 2.79 2.66 2.33 2.59 2.88 2.95 2.61 1.59 1.23 1.99 2.81 3.40 3.89 3.76 2.92 2.11 1.80 1.66 1.35 1.36 2.01 2.82 3.23 2.83 2.10 1.52 0.99 0.87 1.39 2.25 2.31 1.92 1.79 1.74 1.86 2.15
2.07 2.09 2.11 2.13 2.14 2.15 2.18 2.20 2.18 2.16 2.17 2.19 2.19 2.18 2.16 2.12 2.11 2.07 2.04 2.04 2.01 1.94 1.83 1.69 1.50 1.33 1.47 1.84 2.03 2.10 2.43 2.72 2.54 2.37 2.27 1.99 1.97 2.59 3.09 2.74 2.55 2.63 2.45 2.48 2.29 2.03 2.14 2.36 2.82 2.77 2.33 2.53 2.87 2.93 2.52 1.55 1.27 2.08 3.10 3.80 3.82 3.15 2.43 1.92 1.67 1.57 1.32 1.52 2.48 3.18 3.19 2.57 1.87 1.39 0.99 1.02 1.49 2.12 2.42 2.21 1.86 1.66 1.76 2.04
2.09 2.09 2.10 2.13 2.18 2.19 2.18 2.18 2.18 2.17 2.17 2.20 2.20 2.20 2.18 2.13 2.10 2.07 2.04 2.03 1.99 1.91 1.81 1.69 1.52 1.42 1.51 1.68 1.74 1.81 2.24 2.76 2.87 2.90 2.66 2.03 1.93 2.60 3.11 2.83 2.62 2.54 2.30 2.38 2.22 1.99 2.20 2.51 2.84 2.68 2.33 2.49 2.71 2.86 2.52 1.59 1.43 2.24 3.27 3.99 3.54 2.48 2.01 1.87 1.77 1.64 1.40 1.70 2.80 3.39 2.96 2.15 1.72 1.45 1.17 1.25 1.47 1.87 2.41 2.50 2.02 1.60 1.63 1.88
2.13 2.10 2.08 2.13 2.23 2.24 2.17 2.17 2.19 2.18 2.18 2.20 2.21 2.21 2.20 2.16 2.11 2.07 2.03 2.02 1.98 1.89 1.81 1.70 1.58 1.51 1.51 1.53 1.49 1.61 2.11 2.71 3.08 3.33 2.87 1.88 1.87 2.73 3.11 2.78 2.53 2.33 2.14 2.26 2.17 2.03 2.33 2.67 2.68 2.46 2.36 2.43 2.51 2.77 2.53 1.66 1.73 2.56 3.42 4.00 3.32 2.05 1.64 1.84 2.03 1.86 1.53 1.81 2.93 3.42 2.61 1.90 1.82 1.66 1.36 1.31 1.37 1.71 2.36 2.65 2.18 1.58 1.56 1.80
2.15 2.12 2.06 2.14 2.29 2.25 2.16 2.17 2.20 2.20 2.18 2.21 2.23 2.23 2.21 2.17 2.11 2.08 2.04 2.01 1.99 1.90 1.79 1.73 1.67 1.57 1.51 1.41 1.29 1.50 2.20 2.83 3.15 3.48 3.00 1.86 1.90 2.83 2.96 2.52 2.38 2.17 2.05 2.20 2.14 2.11 2.45 2.62 2.41 2.36 2.40 2.37 2.39 2.60 2.48 1.87 2.01 2.80 3.54 3.86 3.03 1.80 1.36 1.79 2.33 2.17 1.73 1.93 2.90 3.29 2.49 2.01 2.08 1.78 1.39 1.28 1.32 1.64 2.27 2.68 2.21 1.56 1.58 1.77
2.13 2.12 2.09 2.19 2.32 2.24 2.16 2.18 2.22 2.21 2.19 2.22 2.24 2.23 2.22 2.16 2.11 2.11 2.06 2.02 1.99 1.92 1.80 1.76 1.75 1.62 1.50 1.34 1.21 1.53 2.26 2.85 3.03 3.42 3.29 2.13 1.97 2.70 2.68 2.29 2.27 2.11 2.02 2.17 2.12 2.21 2.48 2.42 2.27 2.38 2.42 2.35 2.35 2.39 2.37 2.14 2.23 2.80 3.48 3.71 2.97 1.75 1.18 1.68 2.50 2.49 2.02 2.03 2.68 3.16 2.69 2.28 2.15 1.69 1.34 1.29 1.37 1.63 2.15 2.50 2.16 1.68 1.73 1.86
2.11 2.11 2.13 2.26 2.33 2.23 2.17 2.18 2.24 2.24 2.21 2.23 2.24 2.23 2.22 2.17 2.14 2.13 2.08 2.03 2.01 1.95 1.84 1.81 1.78 1.65 1.49 1.32 1.26 1.57 2.23 2.72 2.89 3.30 3.50 2.62 1.98 2.38 2.43 2.17 2.17 2.07 2.03 2.12 2.16 2.32 2.38 2.26 2.29 2.40 2.40 2.36 2.34 2.27 2.29 2.38 2.48 2.70 3.17 3.63 3.17 1.91 1.15 1.49 2.44 2.72 2.41 2.23 2.65 3.15 2.79 2.30 2.00 1.57 1.34 1.33 1.41 1.65 1.94 2.14 2.09 1.90 1.93 2.04
2.09 2.11 2.18 2.31 2.34 2.23 2.17 2.19 2.26 2.26 2.23 2.23 2.24 2.23 2.21 2.18 2.16 2.15 2.09 2.05 2.03 1.98 1.90 1.85 1.77 1.65 1.49 1.34 1.31 1.63 2.25 2.60 2.87 3.29 3.49 2.82 1.98 2.03 2.20 2.08 2.02 2.03 2.07 2.12 2.26 2.43 2.27 2.21 2.35 2.39 2.35 2.36 2.34 2.27 2.34 2.51 2.61 2.63 2.85 3.46 3.36 2.19 1.28 1.37 2.17 2.78 2.81 2.66 2.97 3.08 2.47 2.08 1.88 1.54 1.42 1.38 1.37 1.54 1.68 1.80 1.97 1.97 2.06 2.21
2.10 2.13 2.22 2.33 2.33 2.24 2.20 2.21 2.26 2.29 2.26 2.24 2.24 2.23 2.22 2.20 2.18 2.15 2.11 2.08 2.06 2.01 1.94 1.88 1.78 1.67 1.52 1.33 1.34 1.85 2.41 2.63 2.93 3.24 3.26 2.75 2.08 1.88 2.03 2.04 1.95 2.02 2.15 2.19 2.35 2.47 2.25 2.25 2.37 2.32 2.35 2.36 2.35 2.37 2.45 2.52 2.56 2.59 2.71 3.22 3.38 2.47 1.53 1.40 1.85 2.62 3.11 3.20 3.11 2.58 1.93 1.90 1.90 1.70 1.56 1.39 1.27 1.35 1.58 1.76 1.78 1.80 2.02 2.29
2.14 2.17 2.26 2.32 2.30 2.25 2.24 2.24 2.27 2.30 2.29 2.25 2.23 2.23 2.23 2.21 2.18 2.16 2.13 2.10 2.07 2.03 1.97 1.92 1.83 1.70 1.54 1.34 1.53 2.26 2.56 2.63 2.81 2.94 2.97 2.56 1.98 1.86 2.05 2.08 2.00 2.08 2.20 2.29 2.45 2.47 2.29 2.28 2.29 2.32 2.45 2.39 2.33 2.46 2.54 2.47 2.43 2.54 2.67 3.02 3.25 2.67 1.85 1.49 1.62 2.38 3.30 3.57 2.94 2.00 1.67 1.90 2.10 1.92 1.53 1.32 1.26 1.21 1.57 1.84 1.62 1.57 1.80 2.16
