windninja/windninja_output/Output_2025-08-24_1900-1950_Google earth_Fire_150m_10min/merlingen_7.5mi_point_08-24-2025_1900_150m_ang.asc
ncols	158
nrows	163
xllcorner	391686.332397
yllcorner	5160024.123721
cellsize	150.000000
NODATA_value	-32768.000000
[rows 84 to 125 of 163, columns 0 to 94 of 158]
298 306 315 313 310 311 317 321 319 317 315 312 308 303 300 299 298 297 298 300 301 302 303 304 309 311 309 308 308 307 307 307 306 303 300 297 296 297 298 301 304 307 308 309 308 308 308 309 308 309 311 312 312 311 309 307 306 305 305 305 305 306 306 306 306 306 307 307 307 308 309 310 311 312 313 315 317 320 325 331 342 349 349 338 319 311 306 303 302 301 300 298 296 296 296
281 284 291 291 290 289 289 290 296 303 307 308 306 302 299 298 297 295 295 297 298 299 300 303 307 311 309 306 306 307 307 307 307 306 303 300 299 297 297 299 303 305 305 304 303 301 301 300 301 302 303 305 306 307 307 306 305 305 305 305 305 305 306 306 306 306 307 307 307 308 308 309 310 311 312 314 316 319 324 331 342 348 348 335 314 308 305 302 301 301 299 298 296 295 296
276 276 276 276 273 268 267 278 291 301 306 306 304 301 297 296 294 291 290 291 292 293 295 298 305 312 311 308 307 307 307 306 308 310 308 306 305 301 299 300 302 304 305 304 302 300 299 298 298 299 300 300 301 302 304 304 304 304 304 305 305 305 306 306 306 306 306 307 307 307 308 309 310 311 312 313 315 318 322 329 338 343 342 329 312 304 302 301 300 299 298 298 299 302 305
277 273 268 269 270 271 279 290 297 301 305 303 301 300 296 293 291 287 286 287 289 290 291 299 311 320 318 313 309 308 307 306 306 308 308 307 308 306 304 303 303 305 306 304 302 300 298 297 296 297 298 300 300 300 300 301 301 302 303 304 305 306 306 306 306 306 306 306 307 307 308 308 309 310 311 312 314 317 320 325 332 336 334 324 310 303 300 298 297 295 296 299 302 305 307
281 278 278 283 287 292 296 299 299 297 299 301 302 303 298 294 289 284 284 287 292 295 301 312 324 331 323 315 311 309 307 306 305 304 304 303 304 305 303 302 303 305 307 306 304 301 298 297 297 297 299 301 301 300 300 300 300 300 301 303 305 306 306 306 306 306 306 306 306 307 307 308 308 309 310 311 313 315 317 321 325 328 326 318 307 301 297 295 295 296 298 300 299 294 290
294 294 295 297 297 299 299 298 297 293 297 305 308 306 301 293 286 283 285 290 298 305 313 322 337 340 326 316 312 309 307 306 305 304 303 302 302 301 299 296 297 300 304 306 305 302 298 296 296 298 301 303 305 306 305 304 301 298 298 302 306 308 307 307 306 306 306 306 306 306 307 307 308 308 309 310 311 313 315 317 320 322 321 313 303 297 293 291 294 296 296 295 289 281 278
297 299 298 295 294 297 298 297 299 298 301 309 313 308 302 294 289 286 286 293 305 315 323 334 345 343 328 317 311 308 306 305 304 304 303 302 302 303 301 297 295 296 299 302 303 301 298 295 295 297 300 304 308 310 310 306 301 298 299 305 310 310 308 307 306 306 306 305 306 306 306 306 307 307 308 309 310 311 312 314 315 317 317 312 304 300 297 293 294 294 289 284 280 277 276
294 296 299 298 300 303 305 308 310 306 306 314 319 316 312 308 301 293 286 295 310 324 336 344 350 344 326 315 310 306 304 303 302 303 302 302 303 304 304 302 297 295 296 298 300 300 297 294 292 294 299 303 306 310 313 311 307 306 306 309 315 313 310 307 306 306 305 305 305 305 305 306 306 307 307 308 308 309 310 311 312 313 314 313 308 305 302 297 294 289 281 273 273 272 270
294 298 307 311 313 316 321 328 331 325 316 319 323 321 317 312 309 306 302 307 316 337 347 350 354 340 321 311 307 304 302 300 300 302 302 302 303 304 304 304 300 295 294 296 297 298 295 291 289 289 293 299 304 309 315 316 311 310 308 309 314 314 311 307 306 305 305 305 305 305 305 305 305 306 306 306 307 307 308 308 309 309 310 309 306 303 300 296 290 281 268 265 268 267 267
294 299 309 314 317 321 328 336 343 339 331 332 335 336 336 330 324 320 315 314 322 346 352 353 351 332 315 308 304 301 299 297 297 300 302 302 301 302 303 304 304 299 293 293 295 295 293 291 288 288 290 297 305 309 312 312 306 302 301 301 306 311 310 307 305 305 304 304 304 304 304 304 305 305 305 305 306 306 306 306 306 306 306 305 302 297 294 289 281 270 264 265 268 268 268
292 297 306 310 311 315 324 335 344 339 332 335 339 342 342 335 329 323 314 308 317 336 347 344 336 320 310 306 301 297 294 293 296 300 302 302 301 301 302 304 307 306 299 296 296 297 296 295 292 292 295 301 310 311 309 307 301 297 296 297 300 306 307 305 304 304 304 303 303 303 303 304 304 304 304 304 304 304 304 304 304 304 303 302 299 295 291 285 278 272 271 272 273 273 273
287 291 299 304 304 305 311 322 332 329 322 322 327 329 330 319 317 310 298 285 284 248 234 276 302 306 304 302 299 296 295 296 298 301 302 301 300 300 301 303 307 311 307 302 302 304 304 303 302 302 303 306 312 311 306 305 302 300 299 298 299 303 304 304 304 303 303 303 303 303 303 303 303 303 303 303 303 303 303 303 302 302 301 299 297 295 291 287 283 280 279 278 278 277 277
285 288 295 300 299 297 298 304 310 308 301 297 296 296 297 293 291 289 278 245 212 211 221 256 286 297 300 299 299 299 299 298 297 298 300 299 299 299 300 302 305 310 310 305 305 307 309 309 309 307 305 304 306 308 304 302 302 300 299 299 299 301 302 302 302 302 302 302 302 302 302 302 302 302 302 302 302 302 302 301 301 300 299 298 296 294 292 289 287 284 283 282 281 280 280
286 287 291 293 291 286 285 286 287 287 284 276 275 284 284 284 285 281 262 221 202 211 234 264 288 299 300 298 297 297 294 291 289 290 294 296 296 297 299 302 304 309 311 307 304 304 305 304 303 300 296 295 297 302 301 299 299 298 298 298 298 299 300 301 301 302 302 302 302 302 302 301 301 301 301 301 301 301 301 300 300 299 298 297 296 294 292 290 288 287 285 284 283 283 282
282 282 281 279 278 277 274 272 271 269 262 257 256 260 267 271 272 260 231 212 209 228 260 283 302 308 301 295 292 289 286 284 284 286 289 291 293 295 298 302 304 308 311 308 302 299 298 295 292 289 290 291 294 297 298 298 297 299 299 298 298 297 297 299 300 301 301 301 301 301 301 301 300 300 300 300 300 300 300 299 299 298 298 297 296 294 293 291 290 288 287 286 285 284 283
275 272 268 268 269 267 264 261 256 250 247 245 244 250 259 259 251 235 217 211 229 265 286 296 308 305 291 287 284 282 281 281 282 284 287 291 293 295 298 301 304 307 311 310 305 301 299 295 292 291 292 294 295 296 298 298 298 298 299 300 300 298 297 298 299 300 301 301 301 300 300 300 299 299 299 299 299 299 299 298 298 298 297 296 295 294 293 292 291 289 288 287 286 285 285
276 273 267 265 263 259 256 253 248 242 241 238 234 238 243 242 241 235 225 236 268 286 290 285 265 265 272 276 276 275 275 276 279 282 287 291 293 294 297 302 306 307 311 313 309 304 300 298 296 295 295 297 298 298 299 300 299 297 299 302 303 301 299 298 299 300 301 301 301 300 299 299 298 298 298 298 298 298 298 298 297 297 296 296 295 294 293 292 291 290 289 288 287 286 285
281 278 271 266 260 255 252 250 247 244 243 240 234 233 236 242 253 261 265 279 288 289 275 242 231 246 259 264 266 266 268 271 276 281 286 289 291 293 295 301 307 308 310 313 311 305 300 299 299 298 298 298 299 299 299 300 301 299 300 302 303 302 300 299 300 302 302 302 301 298 297 297 297 297 297 297 297 297 297 297 297 296 296 296 295 294 293 292 292 291 290 289 288 287 286
286 283 275 267 260 257 254 252 250 249 247 245 242 242 255 269 275 282 291 290 286 271 240 230 235 244 251 255 258 262 266 271 276 280 284 289 291 293 295 299 305 309 310 312 313 310 306 304 303 302 300 299 300 300 299 300 302 301 301 302 304 304 302 300 299 301 302 302 300 296 294 295 296 296 296 296 296 296 296 296 296 296 296 295 295 294 294 293 292 291 290 289 288 288 287
291 287 279 271 265 261 259 256 253 252 252 253 255 266 278 281 280 282 287 283 267 234 226 234 237 240 247 254 260 266 270 273 276 280 284 288 292 294 294 296 302 307 309 311 314 313 309 306 305 303 301 300 301 302 302 303 303 302 302 303 305 307 305 302 299 300 302 302 300 296 292 293 295 295 294 294 294 294 295 295 295 296 296 295 295 294 294 293 292 291 290 290 289 288 287
297 293 284 275 269 265 262 258 254 254 256 259 265 273 278 277 274 271 268 258 238 227 232 237 236 240 250 259 264 270 273 275 276 279 282 286 291 294 295 296 300 306 309 311 313 314 310 307 306 304 303 302 302 303 303 303 304 303 302 302 303 305 305 302 300 300 302 303 303 299 294 291 292 292 290 289 291 293 294 294 295 295 295 295 295 294 294 293 292 291 290 290 289 288 287
304 299 287 277 270 266 263 258 255 256 259 262 267 272 274 273 268 260 251 241 234 235 239 238 240 248 255 260 265 270 274 277 279 279 280 285 291 297 299 300 303 307 309 310 313 315 314 311 310 309 306 306 305 304 303 303 304 303 302 302 302 303 302 301 300 299 301 305 305 300 295 291 289 290 289 289 291 292 291 292 294 295 296 296 295 294 294 293 292 291 290 289 288 287 287
314 307 293 282 275 270 265 261 260 263 268 274 277 278 277 272 265 257 248 240 238 244 246 244 247 253 257 259 265 272 277 281 282 279 279 285 294 301 303 304 305 308 309 311 314 316 317 315 314 312 309 308 308 306 305 305 304 303 302 301 301 302 302 301 301 300 300 304 305 300 295 292 290 292 293 293 294 293 291 291 294 297 297 296 295 295 294 293 292 291 290 289 288 287 287
328 319 302 289 279 274 273 276 279 282 287 290 288 283 277 272 266 260 252 243 244 253 257 255 253 255 258 260 264 274 281 285 286 278 280 290 299 304 303 304 307 309 310 312 315 318 320 320 317 315 310 308 308 307 306 305 305 304 302 301 300 301 302 302 302 302 301 302 305 302 296 293 292 292 293 293 294 296 297 295 296 298 299 298 296 295 294 293 292 290 289 289 288 287 286
343 333 314 300 293 292 296 299 300 296 291 287 281 273 270 272 271 266 256 251 256 263 268 266 260 258 262 263 264 274 284 286 287 279 284 296 303 304 302 306 311 311 311 314 317 319 322 323 322 318 314 309 308 307 306 306 305 305 304 304 302 300 302 302 301 301 301 301 304 304 297 292 292 292 292 292 294 297 299 296 294 297 300 300 298 296 294 292 291 290 289 288 287 287 286
359 347 325 313 310 309 306 303 298 288 278 272 269 267 269 274 279 275 262 262 268 272 275 275 270 265 266 266 267 275 284 287 288 282 285 296 302 303 306 311 313 309 309 315 318 319 322 326 325 322 318 315 312 310 308 307 306 305 306 307 305 302 302 303 299 298 300 301 303 305 299 292 291 294 294 293 293 295 296 295 293 294 298 301 300 297 294 292 290 289 288 287 286 286 285
8 355 330 318 312 305 298 288 280 273 269 267 267 269 274 281 288 291 274 269 272 279 284 285 284 277 272 272 272 277 285 288 288 282 284 294 301 305 311 315 313 306 308 314 318 319 323 328 328 324 321 318 315 312 310 310 308 305 304 307 307 302 300 301 299 297 298 301 302 304 303 296 293 294 293 292 292 291 292 293 292 292 295 299 300 297 294 291 289 287 286 285 285 284 283
8 354 332 318 308 296 287 280 276 273 268 267 272 277 282 288 298 317 296 275 274 282 294 299 295 289 286 284 279 277 282 288 288 283 287 297 305 311 317 319 315 311 310 313 316 319 323 328 329 327 324 321 318 314 312 312 311 306 303 305 307 303 300 301 301 299 298 300 302 304 304 298 293 292 292 291 290 289 288 290 291 292 294 297 299 298 293 289 286 283 282 282 283 283 282
10 357 333 318 307 298 293 288 284 279 273 275 284 291 290 292 305 335 321 293 285 286 298 310 302 292 294 293 287 278 277 284 289 287 292 302 310 316 321 320 317 311 306 310 318 322 323 325 327 327 326 326 323 317 313 313 313 309 305 305 307 305 302 301 303 302 300 301 303 304 302 298 293 292 291 290 290 290 289 289 290 292 294 296 299 298 292 286 281 278 279 283 284 284 282
17 5 341 322 310 303 299 295 292 289 286 285 292 298 294 294 309 341 335 315 299 291 297 313 304 294 298 299 294 286 278 279 285 289 295 303 311 315 319 318 315 305 301 307 318 324 323 323 326 327 327 329 328 321 315 314 315 312 307 306 308 308 305 302 304 304 302 302 304 306 305 301 297 295 292 290 290 292 292 289 288 291 293 294 295 295 289 283 279 278 284 289 290 286 282
23 14 352 331 319 312 306 302 299 294 293 294 299 303 296 295 312 339 340 324 307 296 297 309 308 305 306 304 299 296 287 278 281 288 295 301 305 309 315 317 312 304 304 309 318 324 325 327 328 328 329 331 331 325 319 316 316 314 310 307 308 311 308 304 305 306 305 304 304 307 307 303 299 297 294 290 290 292 293 290 287 289 293 294 294 295 288 283 283 286 291 295 293 285 278
28 19 357 339 327 321 315 309 304 299 298 301 305 306 295 297 314 339 346 330 314 306 307 312 314 314 314 311 306 308 304 289 283 286 294 301 305 309 312 314 311 308 310 313 319 325 330 332 330 329 331 333 334 330 322 317 316 315 312 308 309 312 310 305 306 309 307 305 304 305 305 302 297 295 295 292 290 290 293 291 287 288 293 296 295 296 291 288 290 292 294 296 292 284 279
31 20 360 345 332 326 320 316 311 305 304 307 313 311 297 298 314 342 351 339 326 320 318 316 317 318 320 314 306 314 318 304 289 285 292 303 310 314 312 311 312 312 315 316 318 326 331 331 328 329 332 335 338 335 326 319 316 316 314 310 310 312 310 306 306 310 309 306 304 304 305 303 298 295 295 294 291 289 290 290 287 287 293 296 294 296 296 293 293 294 294 293 291 288 287
33 22 4 348 334 328 326 321 314 308 306 311 320 317 299 295 309 339 347 339 330 324 320 317 318 322 329 323 313 317 320 310 299 295 300 308 314 318 314 313 317 318 318 317 318 324 328 328 329 330 334 339 343 341 334 323 318 317 315 311 311 313 312 308 308 310 310 307 306 305 306 305 302 297 294 295 294 289 288 289 288 289 293 296 294 296 298 296 294 294 294 293 293 292 291
37 28 9 351 336 331 329 321 313 308 305 311 325 320 301 291 299 325 337 335 327 319 315 313 313 318 326 326 324 327 325 321 317 310 310 317 323 327 321 319 323 324 321 318 317 322 328 330 332 334 337 343 347 346 340 328 320 317 316 313 312 314 313 311 311 313 312 309 307 305 306 307 305 300 295 295 296 292 290 290 291 290 293 296 296 297 299 298 295 295 295 296 296 292 290
41 32 13 350 336 332 326 317 309 306 302 307 325 321 304 291 294 314 329 330 324 316 311 309 308 308 312 316 320 326 327 327 323 315 313 319 327 333 331 332 333 329 325 320 320 323 328 330 333 336 339 345 349 350 345 332 321 317 317 314 312 314 313 310 311 311 311 310 306 304 304 306 306 304 298 294 294 294 292 291 289 288 291 296 297 298 300 298 296 296 296 298 296 289 288
42 35 15 350 336 331 319 311 307 307 303 303 320 326 312 297 293 304 323 327 324 316 310 305 303 303 304 306 311 315 317 319 317 311 309 313 323 331 335 342 343 338 332 329 329 330 331 332 336 339 340 345 350 353 350 337 323 317 316 314 312 313 311 305 300 296 297 303 303 301 302 305 306 305 301 296 293 292 291 289 287 287 291 295 297 300 302 300 297 296 297 298 295 287 289
43 33 9 352 346 340 324 313 308 310 306 300 314 330 321 303 292 298 316 326 323 314 307 302 299 299 301 304 307 306 306 306 306 307 306 308 315 319 327 339 343 342 334 331 332 333 334 338 343 344 344 346 351 356 355 343 326 318 317 313 310 308 301 289 278 277 282 293 300 299 300 302 303 304 303 300 296 292 290 289 289 289 293 297 299 303 305 302 298 296 298 299 296 290 292
38 25 1 350 347 342 333 321 313 314 308 299 311 331 324 306 291 290 305 315 316 310 305 300 294 294 296 301 302 302 305 305 304 306 304 303 309 309 314 328 336 337 329 323 322 324 329 338 345 346 346 346 351 359 358 346 329 319 316 310 303 294 284 278 280 283 287 294 300 300 298 299 300 302 304 304 300 295 292 291 290 291 296 301 304 306 308 306 301 299 301 303 296 291 294
33 19 357 348 342 335 329 322 314 315 308 301 311 331 324 306 290 281 286 298 303 304 301 295 290 291 293 295 299 303 308 308 303 304 304 301 307 308 308 322 332 334 328 319 314 315 320 331 341 345 344 345 353 1 359 347 329 315 308 302 292 284 287 292 296 295 293 295 299 302 299 296 298 299 302 305 305 302 298 296 295 295 299 305 306 308 311 309 302 300 303 307 298 292 296
31 16 356 350 342 331 325 319 312 313 308 302 311 329 321 306 291 278 275 285 294 297 298 296 293 289 289 296 304 309 315 310 303 305 304 299 303 308 306 316 328 333 331 319 312 313 317 327 339 344 345 348 357 3 2 353 335 312 301 298 296 298 303 305 303 299 296 293 294 298 298 293 292 295 298 303 307 306 303 301 299 296 297 302 305 307 312 309 300 300 305 311 302 296 299
24 12 358 353 344 333 327 321 313 314 308 300 306 320 313 303 294 284 277 282 289 297 300 297 294 294 300 310 314 319 324 313 304 304 304 298 300 307 307 311 323 332 334 322 310 310 315 326 338 343 345 351 0 6 7 0 346 325 312 314 314 310 310 309 305 300 297 293 290 291 293 291 290 292 295 300 305 306 303 300 299 294 292 296 302 307 314 310 301 302 309 314 306 299 302
