windninja/windninja_output/Output_2025-08-24_1900-1950_Google earth_Fire_150m_10min/merlingen_7.5mi_point_08-24-2025_1950_150m_ang.asc
ncols	158
nrows	163
xllcorner	391686.332397
yllcorner	5160024.123721
cellsize	150.000000
NODATA_value	-32768.000000
[rows 88 to 131 of 163, columns 0 to 95 of 158]
275 272 270 273 273 272 275 280 282 282 285 291 294 294 290 286 282 279 280 284 289 292 299 310 322 330 320 312 308 305 305 304 303 303 303 303 304 304 303 302 304 308 310 309 307 305 303 302 302 303 305 307 307 307 308 308 307 307 309 311 313 315 316 317 318 318 318 319 319 320 320 321 322 322 323 323 324 325 326 327 328 328 325 319 313 311 311 310 312 313 314 315 314 310 306 308
283 284 284 283 282 281 280 278 276 276 284 295 299 297 291 284 279 278 280 287 295 303 311 320 335 338 323 313 308 306 304 304 304 303 302 302 302 302 299 298 299 303 308 309 308 306 304 302 303 305 307 310 312 313 313 312 310 306 305 309 314 316 317 318 318 318 319 319 319 320 320 321 321 322 322 323 323 324 324 325 324 323 321 313 306 302 302 304 309 311 309 309 305 298 293 294
287 287 284 280 280 282 281 278 277 280 288 297 300 296 290 283 280 279 281 289 302 313 321 331 343 342 324 313 309 306 304 303 303 303 303 302 303 304 302 299 297 299 302 306 307 306 303 302 302 304 307 311 315 317 318 317 313 308 307 311 317 319 318 318 318 318 319 319 319 320 320 321 321 322 322 322 323 323 323 323 322 321 319 313 306 303 302 302 305 304 300 298 297 294 295 295
284 284 282 281 283 287 288 289 290 288 291 298 303 299 297 295 290 285 281 292 308 321 332 339 348 342 322 312 308 304 303 302 302 302 302 302 304 305 306 304 299 298 300 303 304 305 303 300 300 302 306 309 313 317 321 322 318 316 315 318 323 322 320 319 319 319 319 319 319 320 320 321 321 321 322 322 322 322 322 321 320 319 318 316 312 309 307 304 303 298 291 285 285 282 280 281
284 286 290 292 294 299 306 313 314 304 296 300 305 304 302 300 299 297 295 303 312 333 342 344 351 337 317 309 305 302 301 300 300 302 303 303 304 305 306 306 303 299 298 300 302 303 301 298 295 296 300 305 310 315 322 324 320 319 318 321 325 325 322 320 319 319 319 319 319 320 320 320 321 321 321 321 321 321 321 320 319 318 316 314 311 308 306 302 297 289 274 268 269 268 267 269
287 290 296 299 301 306 314 325 331 320 308 312 319 323 324 318 315 313 308 308 314 339 344 342 345 326 311 306 302 300 299 297 298 301 303 303 304 304 305 307 307 303 298 298 301 301 300 297 295 294 296 302 311 315 319 318 313 311 311 315 320 324 322 320 319 319 319 319 319 319 320 320 320 321 321 321 321 321 320 320 319 317 315 311 307 302 298 294 285 273 265 266 269 270 270 273
286 289 296 299 300 303 310 323 335 326 313 316 325 330 332 324 319 315 306 298 297 302 307 320 323 313 307 303 301 298 294 293 297 302 304 304 303 303 304 307 310 310 305 302 303 304 303 302 299 299 301 307 316 318 316 313 307 304 306 309 314 320 321 319 318 318 318 318 319 319 320 320 320 320 321 321 321 320 320 319 318 317 315 312 307 302 297 290 283 278 279 281 283 285 286 287
283 285 292 296 294 294 298 310 324 320 308 304 308 311 314 306 304 298 288 274 261 233 222 254 292 301 303 302 300 298 296 297 300 303 305 303 302 303 304 306 310 314 311 307 309 312 312 311 309 309 310 313 320 320 315 312 310 308 308 309 312 317 318 317 317 318 318 318 319 319 319 319 320 320 320 320 320 320 320 319 318 317 315 313 310 307 302 298 294 293 294 295 296 298 299 300
282 284 289 293 290 286 286 292 301 301 294 287 283 281 286 285 284 282 272 242 217 217 223 254 284 297 300 301 301 302 301 300 300 300 302 302 302 302 303 305 309 313 313 310 311 314 316 316 316 314 313 314 318 318 314 311 310 309 309 309 311 315 316 316 316 317 317 318 318 318 319 319 320 320 320 320 320 320 320 319 318 317 316 315 313 310 308 306 304 303 303 304 305 306 308 309
285 285 286 288 283 277 275 276 279 282 282 277 279 280 280 281 282 278 259 222 207 216 237 265 290 301 302 301 301 301 297 293 292 293 297 300 300 301 303 305 308 312 314 310 308 310 311 310 309 308 307 307 311 315 313 310 309 308 308 308 309 312 313 314 315 316 317 317 318 318 319 319 319 320 320 320 320 320 319 319 319 318 317 316 315 313 312 311 310 310 310 310 311 312 314 315
281 280 278 276 275 271 268 266 266 267 263 261 263 267 271 274 274 262 235 216 213 230 259 282 303 310 305 299 296 293 290 287 288 290 294 296 297 299 302 305 307 311 315 311 306 304 302 300 298 297 300 304 307 310 311 310 309 310 310 310 310 309 309 311 312 314 316 317 318 318 318 319 319 319 319 319 319 319 319 319 319 318 318 317 316 316 315 314 314 314 315 315 316 317 318 320
274 272 267 268 269 267 263 261 256 250 248 248 249 257 265 264 255 239 222 216 231 263 284 294 308 308 296 292 289 287 286 286 287 289 292 295 297 298 301 305 308 311 314 314 309 306 304 301 299 300 302 305 308 310 311 311 311 311 312 313 313 312 310 309 310 312 314 316 317 317 317 318 318 319 319 319 319 319 319 319 319 319 318 318 318 317 317 317 317 317 318 319 320 321 322 323
275 272 266 265 264 260 258 256 251 246 245 244 244 248 250 247 245 240 230 239 269 286 289 284 267 272 279 282 283 281 281 282 284 287 292 295 297 298 301 305 309 311 314 316 313 308 306 304 303 304 305 308 311 312 313 314 314 312 313 316 317 316 314 313 312 313 313 315 316 316 317 317 318 318 318 318 319 319 319 319 319 319 319 319 319 319 319 319 319 320 321 321 322 323 324 326
280 276 270 265 260 257 254 252 250 248 248 247 243 240 242 247 256 264 268 281 290 290 277 247 237 252 267 273 274 274 274 277 281 285 290 293 295 297 299 304 310 312 313 316 314 309 305 305 306 307 308 310 311 312 313 315 316 315 316 318 318 317 317 316 315 316 316 316 316 315 315 315 316 317 317 318 318 318 318 319 319 319 320 320 320 320 321 321 321 322 323 324 325 326 327 328
284 280 273 266 260 257 256 254 253 253 253 252 249 249 260 271 276 282 291 291 287 274 245 236 240 250 260 264 265 268 272 276 280 284 288 293 296 298 298 302 309 312 313 315 316 314 311 310 310 310 309 310 312 314 313 315 317 317 318 320 320 320 319 317 317 318 318 318 317 314 311 311 314 315 315 316 316 317 318 318 319 319 320 320 321 321 322 322 323 324 325 326 327 328 329 330
288 284 276 269 264 261 260 259 257 257 257 258 263 274 283 284 282 283 288 284 270 240 233 239 244 249 255 261 266 271 276 278 281 284 289 293 297 298 297 299 305 310 312 314 317 316 313 311 312 311 311 311 313 315 316 318 318 319 319 321 323 324 323 320 318 319 321 321 320 316 311 310 311 312 312 313 314 315 316 317 318 319 320 321 321 322 323 323 324 325 326 327 328 329 331 332
293 288 280 273 268 265 263 260 258 258 261 265 271 280 284 282 278 275 273 263 245 234 239 245 246 249 257 265 272 276 279 280 282 285 288 291 295 297 297 299 304 309 312 313 316 317 314 312 312 312 312 312 313 314 316 318 319 320 319 320 321 323 323 322 321 321 324 326 326 323 317 313 311 308 306 305 307 311 313 315 316 318 319 321 322 323 323 324 325 326 327 328 330 331 332 334
298 293 282 274 269 267 264 261 259 260 264 268 273 278 281 280 274 267 259 249 241 242 246 248 250 255 262 267 272 277 281 284 286 285 285 289 295 300 303 304 307 310 312 313 316 318 317 315 315 315 315 315 316 315 315 316 319 320 320 320 321 322 322 321 321 322 325 329 330 326 322 320 317 313 307 305 306 308 308 309 312 316 319 320 322 323 324 325 326 327 328 329 331 332 333 335
307 300 287 278 272 269 265 264 263 266 272 278 281 284 284 280 273 265 257 249 248 252 255 255 256 261 265 267 272 278 283 288 289 284 283 289 298 305 307 307 309 311 312 313 316 318 319 318 317 317 316 317 318 318 318 318 319 319 319 320 321 322 322 322 322 323 325 329 331 328 325 324 323 323 320 316 314 312 309 307 309 314 318 320 322 323 324 325 327 328 329 330 332 333 334 336
319 310 295 283 276 272 272 276 279 282 286 290 290 286 282 279 274 268 262 255 254 261 267 266 263 265 268 269 271 280 288 292 292 284 284 293 303 308 307 307 311 313 313 315 317 320 322 322 320 318 315 315 317 318 319 320 320 320 319 320 321 321 322 323 324 325 326 329 331 331 328 326 324 324 324 321 320 320 320 316 314 315 317 319 321 323 325 326 327 328 329 331 332 333 335 336
333 323 304 291 287 287 291 295 298 294 290 287 283 277 275 278 279 275 267 262 265 271 277 279 273 269 272 273 271 280 290 292 295 286 289 299 307 308 306 309 315 315 314 317 320 321 324 325 324 322 318 316 316 317 318 320 321 321 321 323 323 322 322 323 324 326 328 329 332 332 330 327 324 324 324 324 324 324 324 321 319 318 317 318 320 323 324 326 327 328 329 330 332 333 335 337
350 337 315 306 304 303 301 298 294 287 278 274 272 271 274 279 285 284 273 270 275 279 283 287 284 276 275 275 273 280 290 293 296 289 290 300 307 307 310 315 318 312 312 317 321 321 324 327 327 324 322 320 319 318 318 320 321 321 322 325 326 324 324 326 324 324 326 329 332 334 331 326 325 326 325 326 326 326 325 322 321 321 321 320 320 322 324 325 326 328 328 329 331 333 335 338
2 346 322 312 306 299 293 285 278 274 271 269 270 272 276 283 292 299 285 276 277 284 291 294 294 287 282 281 278 282 291 295 295 289 289 298 305 309 315 320 318 311 311 317 319 321 324 329 329 326 324 322 321 320 320 321 321 320 321 324 326 325 325 328 327 325 325 327 331 334 333 328 326 328 327 326 326 327 327 325 322 322 323 324 322 321 322 323 324 326 326 327 329 331 334 337
3 346 323 310 301 291 283 278 276 274 270 269 274 280 283 289 300 319 302 280 278 285 298 305 302 297 293 291 285 282 287 294 295 289 291 301 309 315 321 324 321 316 314 316 318 320 324 329 330 327 325 324 323 321 320 322 323 320 320 323 325 324 326 329 330 329 328 329 330 332 332 328 325 327 328 327 327 328 328 326 324 323 325 328 327 325 322 321 320 321 321 322 324 328 332 337
3 347 323 308 299 292 287 285 282 278 274 275 284 290 290 292 304 335 321 294 285 287 300 314 308 298 299 298 292 283 282 290 295 292 296 306 315 320 326 326 323 317 311 313 320 323 324 326 328 327 326 327 327 322 320 322 324 322 321 323 326 326 326 328 331 332 332 334 333 331 329 326 325 327 328 328 329 331 331 330 327 325 328 331 333 333 328 323 318 313 312 316 323 328 332 338
8 354 328 310 300 296 293 290 288 286 284 283 290 297 293 293 308 340 333 312 296 289 295 314 309 298 301 302 298 290 283 283 289 293 298 307 316 321 325 324 321 312 306 311 321 326 324 324 326 327 327 330 330 325 322 322 325 324 322 324 327 329 328 327 330 332 334 337 337 336 333 329 328 329 330 330 330 332 334 334 332 330 331 333 336 338 336 331 326 318 316 322 328 332 336 340
15 4 337 318 308 303 300 296 293 291 291 291 296 300 293 294 310 338 339 321 303 292 293 307 308 305 307 306 302 300 291 282 285 291 298 305 310 315 321 324 319 310 308 312 321 327 327 328 328 328 328 331 331 328 324 323 325 325 323 323 327 331 330 327 330 333 335 336 338 339 338 334 331 331 332 332 331 332 334 335 334 335 338 340 342 345 344 340 334 327 327 333 338 341 343 343
21 11 344 326 316 310 306 301 298 295 296 299 302 302 292 294 312 338 345 328 310 301 301 306 310 312 313 312 307 310 307 292 285 289 297 305 310 314 318 321 318 313 314 317 323 328 331 333 331 329 330 332 333 330 326 323 324 325 324 323 326 331 330 328 329 333 335 335 336 339 340 338 334 331 331 331 333 333 335 336 334 336 342 347 350 353 350 343 336 331 334 342 348 351 349 347
25 13 348 330 319 314 310 306 304 301 301 305 309 306 293 295 311 341 351 337 323 315 312 310 311 314 317 313 306 314 319 305 291 287 295 306 313 318 318 317 316 316 319 320 322 329 332 332 329 329 331 334 336 334 329 324 323 324 324 323 326 330 329 327 329 333 335 334 336 339 341 341 340 337 332 330 331 334 336 336 332 333 343 351 356 356 350 343 337 335 341 350 356 354 349 348
29 17 351 331 320 316 316 312 307 304 302 308 317 313 295 292 306 338 347 339 328 320 315 311 311 315 322 318 310 315 320 310 299 295 300 310 317 322 320 317 320 321 322 321 322 328 331 330 330 331 334 338 341 339 334 327 324 324 325 323 325 329 330 328 329 334 335 335 336 338 341 342 342 342 340 335 333 335 338 339 333 333 343 353 356 354 348 342 340 343 349 356 357 351 347 349
36 25 355 333 322 319 320 314 307 303 300 307 322 317 298 288 295 324 337 335 326 317 311 309 308 311 320 320 318 322 323 319 315 308 309 317 325 330 324 322 326 327 325 322 321 325 330 332 333 334 337 342 344 344 339 330 325 324 325 323 324 327 328 328 331 335 336 336 336 337 339 341 342 344 344 343 341 339 339 340 338 338 346 353 352 349 346 343 344 349 355 359 358 352 350 350
40 30 1 333 322 321 318 311 305 302 297 302 321 319 301 288 291 311 329 330 325 315 309 306 304 304 307 310 314 320 322 324 320 312 310 316 326 334 333 333 335 332 328 323 323 327 330 331 333 336 339 343 346 347 343 332 325 324 325 324 323 325 326 325 329 333 335 337 337 336 336 339 341 342 344 347 348 346 341 340 339 342 348 351 347 344 344 345 347 353 357 0 1 358 354 349
43 33 4 334 322 320 311 306 303 303 298 299 317 323 309 293 290 301 321 328 326 317 309 304 301 300 300 301 305 309 312 315 312 306 303 307 319 328 334 342 343 339 333 331 331 333 333 334 337 339 340 344 347 349 346 336 326 323 324 323 322 324 324 321 320 319 321 328 332 333 334 336 337 338 341 346 351 351 347 344 342 343 347 349 344 342 343 346 350 354 358 2 4 360 352 344
44 32 1 339 332 328 314 306 304 306 302 297 311 328 318 299 289 295 314 326 325 316 308 302 298 297 298 300 302 302 301 300 300 300 299 301 308 313 323 337 343 341 334 332 334 336 337 339 343 343 343 345 348 352 350 341 328 323 323 321 320 321 319 311 304 297 298 309 319 325 330 334 334 334 337 343 349 353 353 351 348 346 346 346 343 343 345 348 353 355 359 4 3 355 346 342
40 23 354 341 336 331 321 310 305 309 304 297 308 329 322 303 288 287 302 315 318 312 307 301 295 293 295 298 299 299 300 300 297 298 296 295 301 300 306 324 333 333 326 321 322 326 331 339 345 346 344 344 349 354 352 342 330 323 322 319 315 313 309 306 310 308 307 309 312 315 321 327 330 331 334 338 343 349 353 355 354 350 346 345 345 347 350 353 355 356 360 4 360 348 340 340
35 16 349 341 332 324 318 309 302 305 303 298 308 330 324 305 288 279 283 297 303 306 304 298 292 292 292 294 297 299 303 302 296 296 295 292 297 298 298 314 327 329 322 313 312 315 320 331 341 344 343 342 350 356 353 343 329 319 315 313 311 310 312 318 320 318 317 317 315 314 314 317 322 326 330 333 338 342 346 352 355 353 349 348 350 352 355 358 357 357 1 2 355 343 338 341
32 12 349 344 333 321 314 307 300 302 299 297 308 327 321 306 290 275 272 282 293 298 301 298 295 292 290 296 302 306 310 303 296 296 294 289 293 297 295 305 321 327 324 312 307 311 317 326 338 343 343 345 353 358 355 347 333 317 310 312 316 319 322 325 324 320 319 319 319 318 312 307 309 315 322 327 331 334 337 343 348 351 352 354 354 356 0 3 360 358 359 358 349 341 341 346
25 8 351 347 337 324 316 311 303 303 298 292 300 317 312 303 294 283 274 278 286 295 301 299 296 296 301 309 312 316 319 305 295 295 294 287 289 296 295 299 313 324 327 313 303 305 313 325 336 341 342 347 355 360 359 353 342 329 322 326 327 324 326 327 325 321 320 320 321 322 317 307 303 305 310 317 322 325 327 331 336 344 352 358 358 0 5 5 1 358 355 352 344 339 343 352
21 6 349 345 338 326 318 313 308 305 298 288 290 306 306 306 303 293 286 282 285 295 306 307 309 314 318 321 323 328 329 310 295 293 295 289 287 292 294 295 304 319 326 317 303 301 310 324 336 341 342 347 357 3 2 356 346 334 328 330 330 326 326 326 323 321 320 321 322 325 324 318 312 309 307 308 313 317 318 321 327 333 344 354 360 4 7 6 1 356 353 349 341 338 345 355
21 4 345 344 339 330 319 313 310 306 301 291 289 299 306 314 315 306 300 297 303 310 317 323 322 321 324 326 327 332 335 318 299 293 293 289 285 286 291 291 296 310 321 321 307 299 305 321 335 341 342 346 358 5 5 358 347 332 325 327 327 325 325 324 322 320 320 322 322 324 324 320 317 316 312 308 309 312 314 318 324 328 334 345 356 3 5 4 1 358 355 349 341 341 349 358
20 3 343 342 338 328 317 312 310 308 306 300 297 298 302 313 318 312 310 314 317 318 318 322 321 317 313 315 321 329 332 322 305 296 289 283 282 283 285 286 289 299 313 320 313 300 299 314 329 335 339 346 1 7 6 360 347 331 323 323 324 324 324 324 322 320 321 322 322 323 321 318 315 315 313 309 309 309 309 312 317 322 328 335 345 355 359 358 358 359 359 353 346 348 355 1
20 5 342 338 335 322 312 307 306 307 308 305 300 296 296 302 312 313 313 314 317 316 310 305 301 299 303 308 312 319 325 322 311 300 289 280 277 277 278 280 285 291 302 312 315 305 300 310 325 331 338 348 4 9 5 358 345 331 322 321 323 324 324 323 322 321 321 322 323 323 322 319 317 316 313 308 308 307 302 302 305 310 316 324 332 341 347 350 351 354 356 355 354 358 3 4
23 8 342 337 333 320 309 304 302 304 305 302 295 290 288 294 302 308 312 314 315 314 309 301 294 294 299 304 306 312 317 319 317 308 297 283 274 272 276 280 283 288 295 305 313 311 305 312 322 328 340 352 8 10 3 354 343 331 323 321 322 322 322 322 321 321 322 323 324 324 323 320 319 320 319 313 311 311 305 299 299 301 304 308 315 325 333 340 341 342 346 352 356 2 6 9
22 7 345 338 334 323 314 306 300 300 299 296 292 289 289 290 292 298 305 310 313 315 314 308 296 291 295 302 305 312 316 320 324 319 308 294 281 277 280 284 287 292 297 302 309 314 312 313 315 322 340 359 10 7 357 351 341 328 321 319 319 318 319 319 320 321 321 323 324 325 324 321 321 321 321 319 318 319 315 307 304 304 304 302 303 308 319 330 333 333 336 343 351 359 6 11
