windninja/windninja_output/Output_2025-08-24_1900-1950_Google earth_Fire_150m_10min/merlingen_7.5mi_point_08-24-2025_1910_150m_vel.asc
ncols	158
nrows	163
xllcorner	391686.332397
yllcorner	5160024.123721
cellsize	150.000000
NODATA_value	-32768.000000
[rows 114 to 151 of 163, columns 0 to 83 of 158]
1.03 0.88 0.70 0.67 0.71 0.73 0.74 0.75 0.71 0.72 0.95 1.33 1.40 1.22 1.31 1.54 1.36 1.23 1.29 1.27 1.30 1.41 1.33 1.12 1.37 1.76 1.85 1.77 1.81 1.88 1.90 2.22 2.80 3.46 3.67 3.01 2.33 2.00 1.72 1.49 1.41 1.85 2.48 2.63 2.22 1.89 1.90 1.91 1.84 1.79 1.74 1.67 1.66 1.68 1.74 1.74 1.69 1.68 1.74 1.76 1.69 1.58 1.62 1.78 1.74 1.68 1.69 1.70 1.73 1.70 1.68 1.80 1.94 1.91 1.94 2.08 2.14 2.13 2.04 2.06 2.30 2.30 1.96 1.76
1.10 0.96 0.82 0.79 0.80 0.79 0.77 0.72 0.68 0.85 1.25 1.56 1.40 1.14 1.32 1.77 1.71 1.43 1.30 1.21 1.29 1.42 1.50 1.66 1.86 1.96 1.86 1.76 1.97 1.97 1.79 2.06 2.81 3.46 3.48 2.96 2.43 2.06 1.71 1.47 1.67 2.32 2.70 2.58 2.28 2.13 2.06 1.91 1.81 1.81 1.77 1.72 1.66 1.63 1.68 1.69 1.65 1.64 1.69 1.76 1.69 1.58 1.64 1.79 1.78 1.68 1.67 1.71 1.73 1.68 1.65 1.71 1.81 1.86 1.88 2.02 2.13 2.14 2.02 1.98 2.27 2.33 1.99 1.71
1.17 1.03 0.89 0.82 0.80 0.78 0.75 0.72 0.82 1.13 1.59 1.65 1.30 1.07 1.43 2.02 1.84 1.38 1.28 1.36 1.54 1.75 1.94 2.08 2.07 2.00 1.80 1.71 2.08 2.17 2.00 2.14 2.59 3.23 3.46 3.07 2.60 2.06 1.79 1.84 2.16 2.63 2.61 2.38 2.28 2.09 1.81 1.66 1.75 1.83 1.82 1.77 1.67 1.60 1.59 1.60 1.62 1.63 1.66 1.74 1.67 1.57 1.64 1.79 1.82 1.68 1.65 1.71 1.72 1.68 1.63 1.64 1.73 1.86 1.89 1.97 2.06 2.11 2.00 1.92 2.19 2.37 1.99 1.58
1.19 1.04 0.85 0.76 0.75 0.76 0.78 0.87 1.12 1.45 1.71 1.56 1.20 1.13 1.59 2.05 1.71 1.31 1.47 1.78 2.00 2.17 2.26 2.26 2.23 2.21 2.03 1.89 2.33 2.27 2.03 2.09 2.41 3.19 3.62 3.31 2.70 2.08 1.99 2.36 2.65 2.63 2.37 2.25 2.19 1.90 1.73 1.80 1.92 1.98 1.97 1.84 1.69 1.59 1.53 1.57 1.64 1.63 1.64 1.70 1.68 1.62 1.69 1.84 1.82 1.66 1.64 1.70 1.70 1.67 1.65 1.65 1.71 1.81 1.92 1.99 1.98 2.00 1.99 1.94 2.20 2.40 1.96 1.45
1.21 1.05 0.83 0.75 0.78 0.82 0.89 1.06 1.35 1.55 1.62 1.44 1.21 1.26 1.60 1.92 1.76 1.47 1.69 1.94 2.05 2.15 2.18 2.23 2.33 2.41 2.49 2.65 2.70 2.49 2.30 2.48 3.04 3.89 3.82 3.25 2.87 2.35 2.43 2.79 2.70 2.42 2.20 2.11 2.03 1.94 1.93 2.05 2.11 2.09 1.98 1.78 1.65 1.55 1.48 1.54 1.62 1.62 1.62 1.69 1.71 1.69 1.78 1.89 1.83 1.70 1.67 1.67 1.66 1.67 1.69 1.67 1.67 1.74 1.90 1.98 1.88 1.88 1.98 2.06 2.27 2.32 1.86 1.41
1.29 1.11 0.87 0.78 0.83 0.89 0.98 1.15 1.39 1.48 1.49 1.42 1.28 1.34 1.48 1.76 1.96 1.75 1.68 1.76 1.83 1.90 2.00 2.16 2.33 2.42 2.52 2.67 2.72 2.86 3.29 3.73 4.08 4.13 3.38 2.69 2.52 2.65 2.87 2.91 2.57 2.27 2.11 2.13 2.20 2.14 2.02 2.03 2.04 1.93 1.78 1.62 1.53 1.46 1.41 1.46 1.56 1.60 1.62 1.68 1.75 1.74 1.80 1.86 1.75 1.66 1.62 1.57 1.58 1.66 1.70 1.66 1.66 1.73 1.85 1.89 1.81 1.82 1.96 2.10 2.20 2.14 1.79 1.51
1.34 1.18 0.93 0.84 0.84 0.84 0.93 1.15 1.39 1.40 1.38 1.52 1.44 1.39 1.41 1.69 2.06 1.93 1.66 1.62 1.65 1.73 1.91 2.11 2.27 2.35 2.36 2.37 2.67 3.19 3.56 3.69 3.60 3.23 2.66 2.31 2.19 2.41 2.55 2.39 2.28 2.24 2.28 2.37 2.36 2.21 2.11 2.13 2.02 1.81 1.67 1.55 1.47 1.42 1.36 1.37 1.50 1.60 1.62 1.70 1.79 1.73 1.67 1.59 1.35 1.34 1.40 1.38 1.48 1.66 1.70 1.66 1.68 1.74 1.78 1.76 1.75 1.79 1.90 2.02 2.07 2.06 1.83 1.66
1.37 1.23 1.08 1.10 1.08 0.98 1.04 1.23 1.41 1.34 1.31 1.66 1.60 1.47 1.49 1.68 2.01 1.98 1.64 1.48 1.46 1.58 1.77 1.99 2.22 2.32 2.30 2.40 2.92 3.44 3.37 3.04 2.85 2.60 2.41 2.21 1.99 1.94 1.74 1.69 1.80 1.92 2.06 2.07 1.98 1.97 2.05 2.04 1.87 1.72 1.59 1.49 1.46 1.40 1.33 1.34 1.50 1.62 1.61 1.68 1.67 1.44 1.24 1.12 0.99 1.17 1.39 1.37 1.46 1.67 1.69 1.63 1.68 1.73 1.72 1.67 1.68 1.73 1.83 1.95 2.01 2.06 1.94 1.86
1.38 1.27 1.23 1.29 1.29 1.29 1.33 1.37 1.43 1.30 1.30 1.80 1.76 1.48 1.44 1.56 1.86 1.86 1.41 1.21 1.28 1.49 1.66 1.86 2.19 2.25 2.26 2.55 3.27 3.64 3.23 2.91 2.72 2.35 2.26 2.11 1.82 1.70 1.49 1.39 1.40 1.44 1.56 1.55 1.55 1.63 1.67 1.56 1.50 1.46 1.42 1.43 1.38 1.30 1.28 1.35 1.49 1.57 1.52 1.49 1.29 0.98 0.88 0.91 0.98 1.31 1.60 1.58 1.57 1.62 1.62 1.62 1.70 1.74 1.70 1.64 1.61 1.68 1.81 1.91 2.00 2.14 2.14 2.14
1.27 1.18 1.14 1.14 1.13 1.20 1.29 1.34 1.39 1.29 1.36 1.94 1.81 1.30 1.21 1.38 1.62 1.64 1.28 1.11 1.24 1.44 1.58 1.82 2.13 2.21 2.23 2.71 3.74 3.87 3.04 2.69 2.51 2.14 2.13 2.06 1.71 1.61 1.51 1.31 1.25 1.28 1.33 1.39 1.46 1.53 1.49 1.35 1.31 1.31 1.36 1.39 1.29 1.20 1.20 1.20 1.25 1.30 1.23 1.11 0.89 0.78 0.89 1.04 1.19 1.53 1.73 1.72 1.66 1.55 1.54 1.65 1.73 1.72 1.68 1.63 1.61 1.71 1.87 1.93 2.04 2.28 2.39 2.28
1.20 1.10 1.04 1.01 1.01 1.09 1.16 1.20 1.31 1.32 1.49 1.85 1.51 1.02 1.04 1.24 1.39 1.42 1.31 1.25 1.37 1.50 1.61 1.84 2.06 2.15 2.36 3.34 4.55 3.94 2.62 2.36 2.33 2.08 2.02 1.98 1.66 1.55 1.50 1.27 1.22 1.21 1.20 1.32 1.47 1.53 1.50 1.40 1.31 1.35 1.41 1.37 1.22 1.16 1.12 1.04 0.99 1.02 1.02 0.86 0.78 0.98 1.18 1.28 1.43 1.64 1.70 1.68 1.63 1.46 1.42 1.60 1.70 1.69 1.69 1.67 1.69 1.81 1.97 2.04 2.10 2.34 2.41 2.14
1.17 1.11 1.08 1.08 1.11 1.14 1.14 1.20 1.38 1.44 1.53 1.60 1.24 0.85 0.94 1.13 1.23 1.24 1.28 1.48 1.73 1.84 1.83 1.91 2.21 2.52 3.36 4.91 4.76 3.23 2.09 2.04 2.18 1.97 1.85 1.90 1.67 1.51 1.48 1.29 1.15 1.11 1.12 1.25 1.45 1.53 1.53 1.43 1.34 1.35 1.33 1.25 1.18 1.14 1.09 1.03 0.99 1.02 1.08 0.99 1.07 1.32 1.41 1.41 1.51 1.62 1.60 1.57 1.53 1.42 1.37 1.55 1.71 1.71 1.74 1.74 1.76 1.85 1.97 2.03 2.02 2.22 2.30 2.06
1.06 1.03 1.04 1.08 1.09 1.09 1.13 1.32 1.50 1.49 1.44 1.39 1.13 0.88 1.00 1.15 1.16 1.14 1.28 1.54 1.90 2.40 2.48 2.51 3.43 4.40 4.79 4.75 3.53 2.21 1.82 1.86 2.03 1.84 1.73 1.83 1.67 1.45 1.39 1.25 1.10 1.06 1.10 1.23 1.45 1.62 1.60 1.45 1.35 1.29 1.20 1.12 1.07 1.05 1.01 0.97 0.96 1.06 1.20 1.25 1.34 1.43 1.39 1.35 1.43 1.51 1.49 1.45 1.44 1.40 1.44 1.64 1.79 1.79 1.80 1.82 1.81 1.79 1.87 1.94 1.94 2.14 2.27 2.14
1.04 1.01 1.01 1.04 1.07 1.13 1.25 1.45 1.51 1.45 1.35 1.28 1.24 1.20 1.33 1.31 1.20 1.27 1.49 1.84 2.66 3.56 3.84 3.94 4.16 4.42 3.95 2.88 2.14 1.75 1.64 1.77 1.91 1.76 1.67 1.72 1.61 1.43 1.27 1.17 1.08 1.02 1.11 1.25 1.47 1.68 1.58 1.35 1.20 1.13 1.10 1.05 0.96 0.92 0.90 0.87 0.89 1.04 1.23 1.27 1.28 1.29 1.24 1.25 1.35 1.41 1.39 1.36 1.36 1.36 1.47 1.68 1.81 1.83 1.86 1.91 1.81 1.80 1.95 2.03 2.08 2.25 2.31 2.23
1.07 1.02 1.00 1.01 1.05 1.15 1.32 1.46 1.47 1.39 1.33 1.39 1.53 1.59 1.58 1.43 1.38 1.63 2.23 3.68 4.44 4.18 3.79 3.42 3.18 2.85 2.35 1.88 1.58 1.45 1.52 1.72 1.80 1.63 1.51 1.53 1.54 1.39 1.16 1.11 1.08 1.08 1.19 1.32 1.51 1.68 1.54 1.17 0.99 0.99 1.00 0.95 0.90 0.87 0.86 0.85 0.89 1.05 1.18 1.17 1.15 1.15 1.16 1.23 1.31 1.35 1.32 1.29 1.29 1.31 1.44 1.65 1.80 1.81 1.83 1.90 1.86 1.88 2.05 2.16 2.31 2.43 2.40 2.38
1.02 0.95 0.88 0.88 0.92 1.02 1.19 1.34 1.36 1.32 1.37 1.53 1.61 1.62 1.63 1.72 1.84 2.37 3.80 4.93 4.29 3.05 2.46 2.12 2.09 2.14 1.98 1.63 1.35 1.34 1.48 1.58 1.54 1.38 1.31 1.40 1.44 1.26 1.09 1.10 1.13 1.18 1.27 1.41 1.58 1.69 1.51 1.11 0.97 1.01 0.98 0.89 0.81 0.80 0.80 0.83 0.90 1.01 1.10 1.11 1.11 1.12 1.15 1.20 1.26 1.28 1.25 1.24 1.25 1.28 1.39 1.60 1.78 1.82 1.82 1.93 1.96 1.90 2.01 2.23 2.39 2.47 2.46 2.44
1.03 0.96 0.88 0.88 0.89 0.97 1.10 1.19 1.23 1.25 1.34 1.38 1.33 1.38 1.53 1.90 2.59 3.61 4.48 4.12 2.69 2.03 1.92 1.87 1.97 2.11 1.85 1.43 1.35 1.43 1.44 1.37 1.28 1.21 1.19 1.26 1.31 1.21 1.11 1.14 1.21 1.28 1.41 1.57 1.70 1.69 1.43 1.06 0.98 0.98 0.89 0.78 0.69 0.68 0.72 0.79 0.86 0.95 1.05 1.08 1.08 1.07 1.10 1.15 1.20 1.21 1.22 1.22 1.22 1.24 1.35 1.55 1.73 1.81 1.87 2.05 2.09 1.93 2.03 2.31 2.45 2.49 2.41 2.26
1.10 1.04 0.98 0.96 0.97 1.08 1.15 1.12 1.15 1.18 1.18 1.12 1.09 1.21 1.48 1.97 2.95 3.84 3.66 2.51 1.99 1.90 1.84 1.83 1.97 2.03 1.60 1.38 1.42 1.43 1.40 1.34 1.24 1.15 1.13 1.20 1.29 1.32 1.25 1.25 1.36 1.47 1.60 1.72 1.73 1.53 1.20 0.93 0.89 0.85 0.70 0.60 0.60 0.63 0.67 0.72 0.76 0.85 0.96 0.99 0.96 0.99 1.04 1.11 1.14 1.17 1.20 1.20 1.19 1.21 1.33 1.54 1.65 1.77 1.95 2.16 2.26 2.10 2.10 2.39 2.62 2.56 2.28 2.08
1.08 1.01 0.95 0.96 1.05 1.20 1.25 1.20 1.18 1.16 1.09 1.05 1.09 1.27 1.64 2.11 3.15 3.65 2.82 2.01 1.89 1.86 1.83 1.86 1.96 1.88 1.45 1.27 1.29 1.23 1.21 1.21 1.13 1.09 1.17 1.30 1.42 1.49 1.44 1.46 1.62 1.69 1.72 1.78 1.65 1.23 0.90 0.80 0.78 0.68 0.51 0.48 0.54 0.60 0.64 0.68 0.70 0.78 0.86 0.87 0.90 1.00 1.03 1.07 1.11 1.14 1.18 1.19 1.17 1.20 1.36 1.53 1.57 1.76 2.00 2.24 2.49 2.31 2.16 2.46 2.72 2.51 2.13 2.03
1.04 0.95 0.91 1.00 1.15 1.25 1.24 1.25 1.31 1.32 1.26 1.22 1.22 1.45 1.82 2.53 3.65 3.65 2.81 2.19 2.05 1.97 1.93 1.90 1.81 1.57 1.29 1.18 1.16 1.09 1.05 1.05 1.01 1.10 1.29 1.41 1.49 1.50 1.44 1.55 1.71 1.73 1.74 1.75 1.50 1.04 0.82 0.75 0.66 0.47 0.38 0.42 0.49 0.57 0.63 0.66 0.69 0.76 0.86 0.91 1.00 1.10 1.06 1.05 1.09 1.10 1.15 1.19 1.18 1.25 1.41 1.51 1.58 1.73 1.95 2.32 2.63 2.38 2.17 2.46 2.63 2.35 2.02 1.92
1.11 1.05 1.04 1.12 1.22 1.22 1.21 1.29 1.39 1.47 1.55 1.52 1.57 1.78 2.46 3.74 4.12 3.47 2.64 2.23 2.09 1.96 1.83 1.68 1.45 1.28 1.22 1.20 1.18 1.14 1.08 1.07 1.07 1.18 1.30 1.37 1.41 1.36 1.37 1.57 1.70 1.66 1.66 1.55 1.16 0.92 0.82 0.70 0.51 0.39 0.38 0.43 0.48 0.54 0.60 0.62 0.66 0.76 0.88 0.96 1.07 1.08 1.01 1.01 1.05 1.09 1.12 1.16 1.24 1.34 1.45 1.55 1.62 1.63 1.84 2.31 2.64 2.46 2.20 2.37 2.48 2.18 1.81 1.71
1.12 1.12 1.16 1.22 1.25 1.24 1.26 1.34 1.39 1.48 1.54 1.57 1.68 2.18 3.55 4.29 3.73 2.87 2.31 2.04 1.86 1.64 1.50 1.32 1.16 1.13 1.17 1.22 1.25 1.26 1.20 1.17 1.20 1.24 1.26 1.30 1.26 1.21 1.38 1.67 1.70 1.56 1.46 1.18 0.88 0.79 0.71 0.56 0.45 0.42 0.43 0.45 0.48 0.53 0.56 0.58 0.64 0.77 0.88 0.98 1.03 1.00 0.97 0.99 1.02 1.06 1.06 1.13 1.33 1.46 1.54 1.61 1.63 1.59 1.77 2.20 2.55 2.56 2.28 2.29 2.27 1.97 1.70 1.68
1.05 1.10 1.14 1.15 1.18 1.23 1.27 1.28 1.27 1.29 1.31 1.36 1.52 2.34 3.83 3.76 2.85 2.46 2.10 1.85 1.58 1.29 1.19 1.15 1.10 1.09 1.13 1.24 1.33 1.34 1.26 1.21 1.22 1.23 1.27 1.30 1.21 1.16 1.42 1.72 1.62 1.45 1.27 0.87 0.69 0.61 0.51 0.40 0.37 0.38 0.38 0.41 0.46 0.51 0.54 0.57 0.66 0.82 0.95 1.02 1.02 0.99 0.99 0.99 0.98 0.99 1.00 1.10 1.38 1.55 1.58 1.59 1.65 1.70 1.79 2.07 2.41 2.52 2.37 2.26 2.14 1.90 1.80 1.93
0.96 0.98 1.02 1.01 1.03 1.10 1.11 1.09 1.09 1.14 1.19 1.34 1.57 2.62 3.79 3.31 2.60 2.27 1.86 1.60 1.40 1.17 1.07 1.09 1.07 1.06 1.12 1.28 1.40 1.31 1.11 1.06 1.12 1.19 1.28 1.30 1.19 1.16 1.43 1.72 1.57 1.32 1.00 0.65 0.50 0.41 0.33 0.28 0.29 0.31 0.33 0.39 0.45 0.50 0.53 0.59 0.73 0.93 1.01 1.02 1.01 0.98 0.98 0.94 0.90 0.89 0.92 1.06 1.34 1.56 1.57 1.56 1.66 1.73 1.71 1.90 2.28 2.42 2.37 2.38 2.26 1.99 2.02 2.25
0.92 0.88 0.87 0.89 0.93 0.95 0.90 0.90 1.00 1.16 1.34 1.58 2.07 3.51 3.99 3.15 2.46 1.96 1.50 1.37 1.31 1.16 1.07 1.05 0.99 1.01 1.11 1.29 1.36 1.19 1.00 1.00 1.12 1.20 1.25 1.22 1.12 1.17 1.48 1.73 1.47 1.01 0.72 0.51 0.37 0.31 0.26 0.23 0.25 0.30 0.36 0.42 0.47 0.50 0.55 0.67 0.87 1.00 1.01 0.99 0.98 0.96 0.95 0.87 0.79 0.78 0.84 1.02 1.29 1.54 1.67 1.68 1.73 1.76 1.72 1.78 2.12 2.30 2.27 2.45 2.46 2.10 2.32 2.47
0.96 0.87 0.80 0.88 0.97 0.91 0.82 0.88 1.03 1.21 1.50 2.01 3.20 4.30 3.83 2.58 1.97 1.61 1.31 1.23 1.28 1.19 1.09 1.02 0.96 0.99 1.11 1.24 1.25 1.10 1.00 1.08 1.18 1.16 1.20 1.16 1.12 1.31 1.59 1.61 1.16 0.70 0.54 0.40 0.30 0.27 0.23 0.21 0.26 0.33 0.41 0.47 0.51 0.56 0.68 0.85 0.99 1.01 0.98 0.98 0.95 0.95 0.93 0.82 0.72 0.72 0.84 1.06 1.31 1.53 1.76 1.92 1.91 1.85 1.82 1.79 1.93 2.16 2.18 2.45 2.66 2.65 2.95 2.75
1.01 0.92 0.86 0.96 0.99 0.96 1.00 1.08 1.14 1.39 1.79 2.57 4.11 4.20 2.73 1.82 1.56 1.37 1.21 1.22 1.30 1.24 1.10 1.01 0.99 1.05 1.12 1.16 1.16 1.05 1.02 1.12 1.13 1.11 1.25 1.27 1.25 1.40 1.46 1.25 0.81 0.53 0.43 0.32 0.26 0.25 0.21 0.21 0.28 0.36 0.43 0.49 0.56 0.69 0.87 1.00 1.01 0.99 0.97 0.96 0.95 0.98 0.94 0.85 0.83 0.90 1.03 1.22 1.39 1.58 1.85 2.06 2.02 1.92 1.93 1.80 1.74 2.00 2.20 2.52 3.03 3.25 3.01 2.55
1.04 0.96 0.88 0.86 0.84 0.95 1.21 1.34 1.41 1.82 2.31 3.47 4.23 3.06 1.75 1.47 1.34 1.27 1.26 1.38 1.43 1.34 1.18 1.10 1.09 1.11 1.12 1.08 1.07 1.02 1.03 1.10 1.12 1.20 1.34 1.33 1.30 1.30 1.12 0.80 0.55 0.43 0.37 0.29 0.26 0.25 0.22 0.25 0.31 0.38 0.41 0.47 0.60 0.81 0.98 1.03 1.01 1.00 0.99 0.99 1.03 1.06 1.03 1.03 1.16 1.37 1.55 1.64 1.70 1.89 2.02 2.07 2.13 2.20 2.14 1.77 1.55 1.86 2.28 2.74 3.37 3.34 2.52 2.04
1.02 0.94 0.77 0.71 0.78 1.00 1.22 1.40 1.75 2.09 2.68 3.96 3.81 1.92 1.37 1.34 1.28 1.37 1.46 1.53 1.47 1.35 1.29 1.29 1.29 1.21 1.11 1.00 0.96 0.98 1.03 1.12 1.19 1.26 1.30 1.25 1.18 1.05 0.78 0.50 0.40 0.39 0.35 0.31 0.28 0.26 0.26 0.29 0.33 0.35 0.37 0.49 0.70 0.86 0.96 0.98 0.97 1.00 1.04 1.10 1.15 1.16 1.17 1.25 1.46 1.72 1.89 1.98 2.06 2.12 2.09 2.07 2.32 2.55 2.24 1.73 1.53 1.82 2.38 3.05 3.36 3.08 2.63 2.26
1.09 0.98 0.85 0.82 0.90 1.04 1.19 1.42 1.81 2.03 2.78 3.52 2.73 1.59 1.38 1.36 1.38 1.56 1.62 1.44 1.26 1.20 1.22 1.30 1.34 1.31 1.17 1.02 0.97 1.04 1.12 1.21 1.22 1.19 1.22 1.15 0.92 0.66 0.45 0.35 0.35 0.37 0.35 0.32 0.28 0.27 0.28 0.30 0.31 0.32 0.41 0.64 0.87 1.01 1.05 0.96 0.93 1.00 1.06 1.12 1.17 1.21 1.27 1.37 1.51 1.63 1.73 1.83 1.91 1.93 1.93 2.06 2.44 2.50 2.03 1.71 1.70 1.85 2.50 3.15 2.94 2.78 3.01 2.56
1.21 1.06 1.02 1.03 1.00 1.00 1.21 1.48 1.73 1.85 2.49 3.18 2.49 1.72 1.55 1.43 1.47 1.64 1.52 1.14 1.05 1.09 1.12 1.16 1.14 1.10 1.09 1.13 1.15 1.16 1.19 1.26 1.19 1.11 1.14 0.93 0.58 0.37 0.27 0.27 0.31 0.35 0.33 0.29 0.27 0.27 0.29 0.29 0.30 0.38 0.58 0.83 1.03 1.14 1.07 0.93 0.95 1.00 1.02 1.12 1.25 1.31 1.35 1.39 1.39 1.44 1.58 1.65 1.63 1.65 1.76 2.01 2.37 2.34 1.84 1.65 1.72 1.82 2.53 2.95 2.52 2.82 3.18 2.26
1.21 1.04 1.05 1.14 1.17 1.18 1.32 1.54 1.79 1.84 2.18 3.29 3.11 2.14 1.80 1.56 1.57 1.63 1.25 0.96 0.98 1.04 1.09 1.07 0.95 0.89 0.96 1.11 1.20 1.21 1.20 1.22 1.12 1.03 0.96 0.67 0.40 0.25 0.21 0.25 0.30 0.32 0.29 0.26 0.26 0.27 0.29 0.30 0.37 0.53 0.76 0.94 1.10 1.13 1.00 0.96 1.03 1.07 1.17 1.36 1.46 1.45 1.45 1.40 1.34 1.42 1.56 1.51 1.45 1.53 1.66 1.91 2.27 2.24 1.75 1.48 1.55 1.81 2.47 2.71 2.56 3.18 2.98 1.47
1.12 0.98 1.05 1.22 1.41 1.58 1.66 1.77 2.00 1.98 2.52 3.77 3.40 2.28 2.00 1.86 1.83 1.70 1.29 1.08 1.10 1.08 1.06 0.97 0.89 0.91 0.95 0.98 1.01 1.05 1.11 1.10 0.99 0.83 0.63 0.47 0.32 0.23 0.22 0.26 0.29 0.28 0.26 0.26 0.28 0.30 0.32 0.36 0.48 0.66 0.81 0.96 1.12 1.14 1.10 1.14 1.19 1.27 1.45 1.57 1.55 1.49 1.47 1.48 1.55 1.65 1.65 1.53 1.50 1.58 1.64 1.82 2.15 2.17 1.70 1.35 1.46 1.89 2.29 2.56 3.06 3.21 2.13 1.05
1.02 0.92 1.01 1.18 1.44 1.72 1.82 1.97 2.17 2.55 3.70 4.03 2.80 1.88 1.77 1.79 1.78 1.65 1.52 1.46 1.41 1.31 1.11 0.93 0.89 0.96 0.96 0.95 0.97 0.91 0.83 0.82 0.71 0.51 0.40 0.37 0.30 0.26 0.27 0.28 0.27 0.27 0.28 0.31 0.35 0.36 0.38 0.45 0.59 0.72 0.81 0.98 1.14 1.16 1.15 1.20 1.29 1.43 1.52 1.53 1.47 1.42 1.45 1.58 1.76 1.89 1.94 2.00 2.05 2.05 2.05 2.08 2.19 2.18 1.73 1.43 1.74 2.32 2.50 2.83 3.28 2.44 1.22 0.77
0.94 0.83 0.91 1.13 1.37 1.56 1.69 1.92 2.52 3.41 3.93 3.17 1.92 1.50 1.41 1.41 1.43 1.39 1.37 1.40 1.44 1.42 1.31 1.11 1.02 1.05 1.07 1.07 1.06 0.89 0.72 0.63 0.50 0.37 0.34 0.35 0.34 0.32 0.31 0.29 0.28 0.30 0.33 0.37 0.40 0.41 0.45 0.56 0.68 0.74 0.81 0.98 1.13 1.16 1.20 1.28 1.37 1.43 1.51 1.53 1.43 1.41 1.51 1.66 1.77 1.89 2.06 2.22 2.36 2.54 2.68 2.64 2.49 2.24 1.86 1.83 2.53 3.18 3.17 3.22 2.79 1.28 0.80 0.79
1.07 1.08 1.13 1.23 1.42 1.68 1.82 2.09 3.10 3.55 2.99 2.03 1.56 1.35 1.26 1.25 1.24 1.19 1.15 1.16 1.18 1.19 1.19 1.19 1.19 1.21 1.26 1.23 1.07 0.85 0.66 0.53 0.43 0.35 0.34 0.37 0.38 0.36 0.33 0.31 0.32 0.36 0.39 0.40 0.41 0.44 0.52 0.64 0.71 0.73 0.80 0.95 1.09 1.22 1.36 1.41 1.38 1.35 1.44 1.48 1.43 1.48 1.58 1.69 1.80 1.93 2.05 2.10 2.18 2.44 2.65 2.57 2.34 2.07 1.96 2.42 3.28 3.36 2.74 2.43 1.57 0.63 0.71 0.91
1.26 1.38 1.54 1.54 1.82 2.11 2.03 2.33 3.47 3.39 2.17 1.62 1.40 1.22 1.15 1.14 1.10 1.06 1.10 1.12 1.07 0.98 0.94 0.99 1.07 1.14 1.16 1.03 0.83 0.67 0.51 0.43 0.39 0.35 0.36 0.38 0.38 0.36 0.35 0.36 0.38 0.41 0.44 0.44 0.44 0.48 0.58 0.67 0.70 0.72 0.79 0.92 1.11 1.35 1.52 1.49 1.41 1.38 1.38 1.39 1.40 1.50 1.63 1.77 1.92 2.01 2.02 1.97 1.99 2.21 2.42 2.19 1.83 1.77 2.06 2.85 3.30 2.60 1.57 1.20 0.69 0.34 0.64 0.93
1.30 1.33 1.52 1.75 1.98 2.03 1.86 2.37 3.61 3.22 1.86 1.47 1.29 1.12 1.07 1.03 0.98 1.01 1.06 1.03 0.95 0.85 0.80 0.83 0.89 0.92 0.89 0.77 0.64 0.54 0.46 0.42 0.39 0.38 0.39 0.39 0.38 0.38 0.38 0.40 0.43 0.46 0.47 0.47 0.50 0.58 0.67 0.69 0.70 0.74 0.81 0.94 1.17 1.43 1.58 1.54 1.48 1.44 1.44 1.46 1.42 1.50 1.71 1.89 2.01 2.00 1.97 1.96 2.05 2.35 2.52 2.08 1.58 1.67 2.21 2.92 2.84 1.65 0.89 0.63 0.27 0.19 0.51 0.93
