windninja/windninja_output/Output_2025-08-24_1900-1950_Google earth_Fire_150m_10min/merlingen_7.5mi_point_08-24-2025_1910_150m_ang.asc
ncols	158
nrows	163
xllcorner	391686.332397
yllcorner	5160024.123721
cellsize	150.000000
NODATA_value	-32768.000000
[rows 0 to 41 of 163, columns 0 to 93 of 158]
301 298 296 296 297 299 301 298 294 295 295 289 273 257 256 264 273 279 284 294 303 302 294 291 294 298 297 292 290 292 291 289 288 287 286 288 292 290 289 289 287 287 288 288 291 294 296 299 301 303 305 306 306 308 307 304 300 297 297 299 299 297 295 293 292 291 290 291 295 298 299 297 294 291 290 291 291 289 289 291 290 286 282 282 283 280 276 272 271 269 266 265 265 262
303 300 298 298 297 298 298 296 293 293 294 292 283 271 269 273 281 288 292 298 304 307 302 297 295 297 298 297 294 292 291 290 290 290 290 290 293 294 294 295 294 293 294 295 297 299 301 303 304 304 304 304 303 303 303 301 300 299 298 299 299 298 297 296 295 294 292 292 294 297 299 298 296 294 293 293 292 290 291 293 291 287 285 283 282 282 281 277 274 272 271 270 269 267
307 304 302 302 299 298 297 295 295 297 300 304 303 293 286 286 291 297 299 301 305 311 311 304 298 296 299 300 297 294 292 293 293 294 296 296 296 299 300 301 301 301 301 301 303 305 306 307 308 307 305 303 301 299 300 301 302 302 300 300 301 301 300 299 299 298 296 294 294 297 299 298 298 298 297 296 294 293 293 295 293 289 288 286 284 287 290 286 281 280 280 280 279 279
308 304 303 303 301 302 303 302 304 306 309 314 312 303 296 293 295 299 299 300 303 308 312 311 303 301 302 302 302 300 298 297 297 298 299 300 300 299 300 303 305 306 306 305 307 308 308 308 309 309 308 307 305 303 303 303 302 302 301 300 301 303 302 300 300 300 298 296 294 296 298 298 298 297 296 296 297 294 292 294 296 292 289 290 289 291 296 295 291 290 289 289 290 291
307 304 304 304 302 305 307 306 306 308 312 317 316 308 301 296 295 296 297 297 299 304 311 316 310 306 307 308 309 308 305 303 302 303 303 302 301 302 303 306 309 309 309 309 309 309 308 308 308 308 308 307 305 303 302 302 301 301 301 301 301 302 302 301 301 301 300 296 294 296 297 297 297 297 296 295 295 294 292 293 296 293 290 292 291 291 297 301 300 299 298 297 300 303
306 305 304 304 304 306 307 305 305 306 310 316 318 310 301 296 293 292 292 293 294 299 308 315 312 309 308 308 310 310 309 307 306 306 307 306 306 307 308 309 311 311 309 308 308 307 306 306 306 306 305 305 303 302 301 301 301 302 302 302 302 302 303 302 301 301 300 297 295 297 297 296 297 299 299 297 296 295 294 292 292 293 292 293 292 291 295 301 301 303 303 303 306 310
305 304 304 305 305 305 305 304 303 305 310 315 319 311 300 296 294 291 293 294 294 296 303 312 313 309 307 307 308 310 309 307 306 307 309 309 310 310 310 310 310 309 306 305 304 303 303 304 304 304 305 304 303 302 300 300 301 301 302 303 304 305 305 303 302 302 301 298 297 299 300 298 299 302 302 300 298 297 297 293 292 295 297 295 293 291 292 298 301 303 303 302 303 306
304 304 304 304 303 302 301 300 302 305 310 315 319 312 301 297 296 295 295 296 296 297 301 308 312 311 309 308 308 308 307 305 304 305 306 307 308 308 307 306 305 304 302 301 301 301 301 301 302 303 303 303 303 302 300 300 301 302 304 305 307 308 308 305 303 302 301 299 298 301 302 300 300 302 303 300 297 295 296 295 293 296 300 299 297 295 296 299 302 303 302 301 299 299
304 303 303 303 302 300 298 298 301 305 310 314 318 314 304 299 298 298 297 297 297 297 300 306 312 315 313 309 309 308 305 303 304 303 302 301 302 301 300 299 298 298 298 298 299 299 300 299 301 303 303 301 302 301 299 300 302 303 304 305 304 305 306 304 301 300 301 301 300 301 300 298 296 298 300 299 295 293 295 295 293 296 302 304 304 304 304 305 308 311 312 309 307 307
304 303 302 302 302 300 299 300 302 306 309 312 316 314 305 299 299 299 300 299 299 299 300 305 311 316 316 311 310 310 305 303 304 302 299 298 297 297 296 295 295 295 296 297 297 297 298 298 299 302 301 299 301 301 299 299 301 301 299 298 296 298 300 300 298 298 299 300 301 299 296 294 295 296 297 296 293 294 299 299 298 299 304 306 305 305 307 308 313 317 317 315 313 314
304 303 302 302 302 302 302 303 304 306 308 311 314 314 306 300 299 300 301 302 301 301 302 305 310 315 318 314 311 309 304 302 302 300 296 295 295 295 294 295 296 295 295 295 294 294 296 295 294 297 297 296 298 298 295 292 291 290 288 286 287 288 292 295 296 296 296 296 297 294 292 294 296 298 297 294 292 297 304 305 303 302 304 306 305 306 307 305 308 313 312 309 310 313
304 303 302 302 303 303 303 304 305 307 308 310 313 314 308 302 300 300 301 302 301 301 301 303 308 312 316 313 308 305 301 298 298 297 294 292 292 293 295 295 295 294 293 293 291 290 291 289 285 286 288 289 288 286 284 282 280 278 277 275 275 276 282 290 292 292 291 290 293 295 295 295 297 300 302 302 302 305 309 309 307 305 306 308 309 311 309 303 304 312 308 301 302 308
304 303 303 303 303 303 304 304 305 306 307 309 311 312 308 302 300 301 301 301 301 300 299 299 301 304 307 306 303 301 299 298 297 297 294 291 291 293 294 294 294 293 293 292 289 286 282 277 275 277 280 279 278 276 276 277 275 272 267 264 266 271 277 285 287 287 286 288 296 299 297 295 297 303 310 311 310 309 311 313 310 307 308 308 309 312 309 302 305 313 307 298 298 304
303 303 303 303 303 304 304 304 304 305 306 308 310 312 307 301 299 301 301 300 300 298 296 294 293 297 302 303 302 301 298 297 296 295 294 293 293 293 293 293 291 288 284 281 278 275 272 270 271 274 276 277 275 273 273 276 275 271 264 264 270 277 282 286 287 285 284 289 297 302 300 298 299 305 310 309 307 305 306 308 309 308 307 305 303 306 304 298 299 305 301 293 290 292
303 303 303 303 303 303 303 304 304 305 306 307 311 313 309 302 299 301 301 298 296 295 292 290 291 295 300 302 301 300 297 296 296 296 297 296 293 290 288 285 280 273 267 269 271 270 271 276 276 275 277 281 281 279 279 281 283 282 279 278 282 287 292 294 293 290 292 293 297 304 305 302 301 303 306 305 302 298 296 298 302 304 303 299 296 297 296 291 288 289 288 282 277 277
303 303 303 303 303 303 303 303 304 304 306 307 310 314 312 305 301 302 302 299 296 295 294 293 293 296 301 302 300 300 299 299 299 298 296 291 285 280 275 271 268 266 267 274 278 278 280 284 283 280 283 290 294 294 293 292 294 298 297 291 291 294 298 300 297 296 298 299 300 307 310 303 299 299 302 303 299 295 294 297 300 300 296 292 289 286 283 279 276 275 276 275 273 273
303 303 303 303 303 303 303 303 304 304 305 307 308 312 312 305 300 300 301 300 298 297 297 296 296 297 301 302 302 302 301 298 296 290 282 277 275 273 271 272 274 279 284 285 286 287 287 288 291 292 293 297 300 300 298 295 295 302 306 299 296 297 299 302 299 296 298 301 303 307 310 304 297 299 303 302 300 299 299 299 297 294 290 285 280 275 271 267 270 276 279 279 277 277
303 303 303 303 303 303 303 304 304 304 305 306 307 309 309 304 299 298 299 299 298 297 297 297 296 296 298 301 301 300 296 291 285 279 275 277 280 282 283 285 287 289 289 287 287 289 291 293 298 299 299 299 299 298 296 294 295 301 307 303 298 298 300 303 301 298 298 301 303 304 307 309 304 303 305 304 304 302 297 292 286 284 281 276 270 268 267 268 275 285 288 284 281 280
303 303 303 303 303 303 303 304 304 304 304 305 306 306 306 303 299 296 295 295 294 295 296 296 294 294 295 297 297 294 290 285 282 281 282 283 285 288 289 288 289 289 288 288 288 290 294 299 299 298 298 298 298 297 297 298 298 300 304 303 299 297 299 302 302 300 298 298 300 302 307 313 310 307 306 304 300 294 284 276 275 276 276 275 273 273 275 278 281 287 293 290 285 284
303 303 303 303 303 303 303 303 304 304 304 304 305 305 305 302 299 296 294 294 295 296 296 296 296 295 295 296 295 293 290 287 284 283 283 283 286 289 292 293 293 293 292 292 293 294 297 300 299 294 294 297 299 300 301 301 301 300 300 300 297 294 296 300 300 299 296 297 301 305 310 315 312 309 310 307 298 286 278 276 278 280 284 287 285 282 281 281 282 286 295 298 290 286
303 303 303 303 303 303 303 303 303 304 304 304 304 304 304 302 300 298 297 297 298 298 298 298 298 297 296 296 295 295 294 292 289 289 290 292 293 297 300 299 298 296 294 294 296 297 297 298 298 296 295 297 300 303 302 301 300 299 298 297 295 292 294 299 300 299 300 301 304 308 312 313 309 306 309 313 307 296 289 286 287 289 291 293 292 287 283 281 282 287 297 303 293 287
303 303 303 303 303 303 303 303 303 304 304 303 303 304 303 302 301 300 300 300 300 300 300 300 299 298 297 296 296 296 298 299 297 297 300 300 299 300 302 300 297 296 295 295 295 295 295 297 300 299 297 299 300 302 302 300 300 299 297 295 295 293 294 299 300 302 305 306 306 308 309 308 304 302 306 315 316 306 297 293 293 292 291 294 297 292 287 285 286 290 298 307 299 289
303 303 303 303 303 303 303 303 303 303 304 304 303 304 303 303 303 302 301 301 301 301 301 301 300 299 298 297 297 298 301 305 303 300 300 298 296 295 296 296 296 296 296 295 294 295 298 301 302 301 298 299 299 300 302 303 302 301 300 295 294 293 294 300 304 307 310 308 306 305 305 303 301 300 306 317 321 312 303 297 294 294 293 295 300 298 296 293 291 293 299 310 303 292
303 303 303 303 303 303 303 303 303 303 304 304 304 304 304 304 303 303 302 302 302 302 302 302 302 300 298 296 295 297 302 306 303 298 295 293 291 290 292 296 298 298 296 295 296 300 302 301 301 300 298 298 299 300 303 304 303 302 303 298 294 292 294 300 307 310 311 307 303 299 299 299 298 301 309 318 322 313 305 299 294 294 294 295 299 301 302 297 292 292 299 309 301 291
303 303 303 303 303 303 303 303 303 303 304 304 304 304 304 304 304 304 303 303 303 303 303 303 303 301 298 294 292 296 301 303 301 297 294 292 291 291 293 297 299 300 299 299 300 302 302 299 299 299 298 298 299 301 303 305 304 303 303 300 294 293 296 302 306 307 305 300 293 289 290 295 300 304 310 317 316 311 306 302 297 296 296 296 298 301 302 297 292 291 298 309 300 292
303 303 303 303 303 303 303 303 303 303 303 304 304 304 304 304 304 304 304 304 304 304 304 304 304 304 301 295 293 296 300 301 302 301 297 295 293 292 295 299 301 302 303 301 300 300 299 297 298 299 299 298 298 299 302 305 306 303 301 299 297 298 301 304 306 306 302 296 287 284 290 298 303 306 312 317 309 306 308 308 304 301 301 299 298 301 305 301 295 293 302 313 303 295
303 303 303 303 303 303 303 303 303 303 304 304 304 304 304 304 304 304 304 304 304 304 305 306 307 308 306 299 296 297 299 300 301 301 300 297 295 293 296 302 304 305 304 302 300 303 301 299 300 301 301 298 298 299 303 309 309 303 300 302 302 302 303 304 304 303 301 297 290 289 295 301 304 307 316 322 306 301 308 313 308 304 303 302 300 302 307 304 296 295 304 316 308 298
303 303 303 303 303 303 303 303 303 303 304 304 304 304 304 304 304 305 305 305 305 306 307 308 310 313 313 304 300 300 300 299 301 302 301 300 298 295 296 303 306 305 306 305 305 309 307 303 302 303 305 302 301 303 306 314 317 307 305 306 304 301 301 300 297 295 296 296 294 295 296 300 305 309 318 324 307 299 305 313 311 307 305 303 300 299 301 300 293 293 302 313 311 301
303 303 303 303 303 303 303 303 303 303 303 303 303 304 304 305 305 305 306 306 306 307 308 310 313 318 318 311 307 306 302 301 303 304 305 308 307 301 300 307 311 309 310 309 310 313 311 307 303 306 310 307 304 304 307 319 325 311 305 305 303 301 300 299 297 294 296 298 297 298 298 301 306 310 318 321 307 296 297 307 311 311 307 302 296 292 291 293 290 290 296 307 310 305
303 303 303 302 303 303 303 303 303 303 303 303 304 304 305 305 305 306 306 306 307 308 309 311 315 320 319 314 311 311 306 303 304 307 312 319 319 310 306 312 315 314 315 313 314 316 314 312 308 310 316 311 306 304 307 320 325 310 301 300 301 300 297 295 294 293 299 301 297 297 299 301 304 308 317 318 309 296 291 297 308 313 307 299 293 289 291 293 291 289 290 297 305 305
303 303 303 302 302 303 303 303 303 304 304 304 304 304 304 305 306 306 307 307 307 308 310 312 316 319 318 314 312 310 303 299 303 308 315 325 325 314 309 313 316 316 317 314 315 318 315 313 309 310 313 310 306 301 303 316 318 306 298 294 295 296 291 284 286 293 302 300 293 293 296 296 296 303 316 318 313 301 292 294 304 312 309 301 296 296 297 296 293 288 285 286 293 298
303 303 303 303 302 303 304 304 304 304 304 304 304 304 304 305 306 306 307 307 308 309 311 313 316 318 318 317 316 312 304 301 304 306 312 326 325 314 310 312 313 312 313 310 311 313 311 307 303 301 302 301 299 295 296 307 308 300 295 291 291 294 289 281 284 294 304 301 292 290 292 293 296 306 317 319 315 306 295 294 302 312 310 304 300 298 296 292 287 283 280 278 280 287
302 302 303 303 302 303 304 304 304 304 304 304 304 305 305 305 306 306 307 307 308 310 312 313 315 318 320 322 325 323 314 309 306 302 305 321 322 311 307 308 307 307 307 305 305 307 304 300 297 294 294 295 295 292 292 301 304 298 293 289 289 294 296 287 287 295 307 306 294 289 293 299 304 312 319 321 319 310 299 294 299 307 306 304 300 296 292 288 284 281 279 277 277 282
302 302 303 302 301 302 303 303 303 304 304 304 304 305 305 305 306 306 307 308 308 310 312 314 315 318 320 323 327 324 315 308 305 300 300 315 320 309 305 305 303 304 305 302 301 301 298 294 293 292 292 293 293 291 290 296 301 297 290 286 288 298 308 297 290 294 304 306 297 292 298 306 309 315 320 322 321 314 304 296 295 299 301 302 304 300 295 292 289 285 281 280 281 285
303 303 303 302 302 303 304 304 303 304 304 304 304 304 305 305 306 306 307 308 309 310 312 314 315 317 320 323 325 320 311 305 304 302 302 311 319 311 305 306 303 301 299 296 294 294 293 290 290 291 291 290 290 290 290 293 296 295 289 284 286 299 315 306 292 290 297 303 301 299 303 307 308 313 318 319 318 313 305 296 292 296 297 299 304 305 298 295 296 290 287 287 289 292
303 303 303 302 302 303 304 304 304 304 304 304 304 304 305 305 306 306 307 308 309 310 311 312 314 316 320 323 324 318 310 308 307 305 303 308 316 311 303 301 298 294 292 292 292 292 293 293 293 293 292 291 292 293 295 296 295 294 290 283 283 294 313 311 296 289 293 300 304 303 303 302 301 306 311 315 315 308 300 294 292 292 292 291 297 305 302 298 300 299 295 294 292 291
303 303 303 302 302 303 304 304 304 303 304 304 304 304 305 305 306 306 307 308 308 309 310 312 313 316 319 323 324 318 313 312 309 305 300 301 307 307 298 292 290 290 291 293 294 295 297 297 296 295 294 296 297 299 300 300 297 295 292 286 284 292 308 312 302 292 291 297 302 304 299 292 292 300 308 313 314 306 298 297 295 290 285 282 287 300 307 303 302 304 301 297 292 290
303 303 302 302 302 302 303 303 303 303 304 304 305 305 305 305 306 306 307 308 308 309 310 311 313 316 319 325 325 317 315 313 308 302 297 296 299 296 289 289 292 294 296 297 297 298 300 300 299 297 298 301 302 301 301 301 301 298 296 292 289 293 304 312 307 295 290 293 298 300 295 290 295 305 312 312 313 315 304 299 301 297 289 283 285 297 311 311 304 304 303 297 293 293
302 302 302 302 302 302 303 303 303 303 304 305 305 305 305 305 306 306 307 307 308 309 310 311 312 315 320 325 322 315 312 310 306 302 298 296 295 290 290 294 298 299 301 302 301 302 304 306 306 304 304 307 309 305 302 306 308 306 302 299 297 297 303 311 310 297 289 289 292 295 297 301 306 311 315 309 313 324 311 300 305 305 296 290 288 295 310 317 309 305 304 299 294 294
301 301 301 301 302 302 302 302 303 304 304 304 305 304 305 305 306 306 306 307 307 308 309 310 312 314 318 320 317 310 307 307 306 303 298 296 301 300 298 299 300 302 303 306 306 305 306 309 311 307 305 309 315 314 310 313 317 315 310 306 304 301 300 305 309 299 289 288 290 296 303 306 308 312 314 307 314 332 322 306 307 308 300 294 289 292 304 316 313 307 305 299 294 292
301 301 301 301 301 302 302 302 303 304 304 304 305 305 305 305 306 306 306 307 307 308 309 309 311 313 315 315 313 308 305 305 305 302 299 300 306 305 303 303 305 306 307 309 309 308 309 313 315 310 305 309 317 318 314 314 318 317 310 304 300 296 290 294 305 301 290 288 293 300 305 304 301 309 311 307 318 338 330 311 307 308 304 297 292 293 303 314 314 309 306 297 290 287
301 301 301 301 301 302 303 303 303 303 304 304 304 305 305 305 306 306 306 307 307 308 308 309 310 311 312 312 312 309 305 305 306 304 305 310 310 308 307 309 311 311 312 313 313 313 315 317 319 314 307 308 315 316 310 306 308 309 302 293 289 289 289 292 300 301 294 293 300 305 305 300 300 311 311 308 321 343 334 315 306 306 303 299 298 301 307 314 312 309 305 295 285 283
