windninja/windninja_output/Output_2025-08-24_1900-1950_Google earth_Fire_150m_10min/merlingen_7.5mi_point_08-24-2025_1920_150m_ang.asc
ncols	158
nrows	163
xllcorner	391686.332397
yllcorner	5160024.123721
cellsize	150.000000
NODATA_value	-32768.000000
[rows 42 to 83 of 163, columns 0 to 93 of 158]
269 269 270 271 271 273 274 274 274 274 275 275 276 276 276 276 277 277 278 279 279 280 281 282 283 285 286 289 292 291 288 286 286 285 284 283 281 283 285 283 281 278 277 280 285 286 282 278 279 282 282 282 285 287 283 276 272 270 268 265 263 266 269 268 270 278 282 283 285 284 278 277 283 292 295 295 304 324 310 288 280 280 280 283 287 288 286 283 286 290 289 283 275 275
269 270 270 271 272 273 274 274 274 274 275 276 276 276 276 276 277 277 278 278 279 280 281 281 282 284 285 288 290 290 288 286 286 289 292 294 293 290 288 285 280 276 278 281 281 278 274 273 276 281 282 279 278 279 277 273 267 264 264 265 269 275 278 276 276 281 288 289 286 283 280 281 286 293 295 296 302 319 307 290 284 285 288 290 289 283 272 272 278 285 287 285 280 280
269 270 270 272 273 274 274 274 275 275 275 276 276 276 277 277 277 278 278 279 279 280 281 281 282 283 285 287 288 288 287 287 288 291 296 300 298 292 286 283 279 279 280 280 275 269 270 274 280 285 284 278 273 272 269 266 264 262 265 270 275 280 283 285 287 287 288 289 287 285 285 283 284 288 289 288 292 301 292 288 289 292 293 289 282 269 264 268 273 279 283 286 285 283
270 270 271 273 273 273 274 275 275 275 276 276 276 277 277 277 278 278 278 279 279 280 280 281 282 283 284 285 286 287 288 288 289 292 296 299 298 292 288 286 284 283 280 276 270 268 273 281 286 286 281 273 267 263 262 261 261 266 273 278 281 284 289 293 293 291 288 285 285 286 284 281 279 278 276 272 267 273 284 290 295 295 291 281 268 263 266 270 271 274 280 286 287 283
270 271 272 273 273 273 275 275 275 276 276 276 277 277 277 278 278 278 278 279 279 280 280 281 282 283 283 284 285 286 287 288 289 293 296 298 297 295 293 291 289 284 279 273 269 273 280 285 286 282 274 267 260 257 259 260 264 273 281 286 288 289 293 296 293 290 286 281 281 284 282 279 275 271 266 259 251 268 286 290 291 288 281 272 266 267 271 273 272 272 278 286 287 282
271 272 272 272 271 273 275 276 276 276 277 277 277 277 277 278 278 278 278 279 279 280 280 281 282 282 283 283 284 286 287 288 289 292 295 296 296 296 295 293 291 286 280 273 272 280 285 285 281 275 269 261 255 257 260 264 272 280 287 293 295 292 291 291 289 285 282 279 278 281 280 278 273 268 260 252 248 269 283 283 282 279 275 272 272 274 276 276 274 275 279 283 284 281
271 272 272 271 270 272 275 277 277 277 277 277 277 277 278 278 278 278 278 279 279 280 280 281 281 282 283 283 284 285 286 287 289 291 294 296 295 295 296 295 292 288 282 278 281 284 285 282 276 270 262 255 256 261 265 272 279 286 291 296 297 291 286 285 284 282 280 279 278 278 277 275 272 265 257 250 253 269 278 279 277 277 278 278 278 279 279 279 281 282 280 278 278 277
272 272 271 270 270 272 275 278 279 278 278 278 278 278 278 278 278 278 279 279 279 280 280 281 281 282 283 283 284 284 285 287 288 290 293 296 296 296 296 296 293 289 286 287 287 285 282 278 272 264 254 255 263 269 274 280 286 291 293 293 292 286 281 280 282 282 281 279 278 277 275 273 269 262 256 255 262 271 276 277 278 279 281 282 283 283 283 285 286 284 278 272 270 272
272 272 271 269 271 273 274 276 280 280 279 278 278 278 278 278 278 279 279 279 279 280 281 281 281 281 282 283 283 284 285 286 287 289 291 294 296 296 296 295 293 291 291 293 291 285 280 274 266 257 254 263 272 277 282 287 290 291 289 287 283 279 277 278 281 282 281 279 277 276 274 271 266 261 260 264 269 273 275 276 278 279 281 283 285 286 288 288 285 280 274 267 264 264
273 273 272 272 273 273 273 274 278 281 280 279 279 279 278 278 278 279 279 279 280 280 280 281 281 281 282 282 283 284 285 286 287 288 290 292 294 295 295 295 293 292 294 295 292 285 278 269 261 259 268 276 280 283 287 290 290 286 281 278 276 275 276 279 281 282 281 279 276 275 272 269 266 264 267 271 274 275 275 276 276 276 278 282 286 288 288 285 281 276 271 264 259 258
273 274 275 275 275 275 273 272 275 280 281 280 279 279 279 279 279 279 279 280 280 280 280 281 281 281 282 282 283 284 284 285 286 287 289 290 292 294 295 296 294 293 294 297 293 285 277 269 265 273 283 285 285 287 290 289 286 280 274 272 273 276 278 279 281 282 281 278 275 274 272 270 269 269 271 273 276 278 279 277 274 272 275 281 285 287 286 283 279 274 268 262 258 258
271 272 277 278 276 276 274 272 273 277 280 280 279 279 279 279 279 279 279 280 280 280 281 281 281 281 282 282 283 283 284 285 286 287 288 289 290 292 294 296 296 293 294 297 294 286 280 279 281 285 288 287 286 287 288 286 283 277 271 270 274 278 279 279 281 283 282 278 275 274 274 273 271 270 272 274 276 278 280 279 275 273 275 278 282 284 286 284 279 272 267 265 263 264
270 271 276 281 278 276 276 272 270 273 278 280 280 280 280 279 279 279 279 279 280 280 281 281 281 281 282 282 283 283 284 284 285 286 287 288 289 291 293 296 297 294 292 293 293 289 287 290 292 290 287 285 286 286 284 283 280 275 272 274 277 280 281 280 281 284 284 281 277 276 276 272 269 271 273 275 277 279 282 284 282 280 279 278 278 280 284 284 279 272 270 271 274 276
271 271 273 279 279 276 276 273 270 270 275 280 281 281 281 280 280 280 280 280 280 280 281 281 281 281 282 282 283 283 284 284 285 286 286 287 288 289 291 293 295 293 290 290 293 294 295 298 296 292 289 287 287 286 283 280 277 275 276 279 282 284 282 280 281 284 284 283 280 275 269 265 268 274 276 277 279 282 284 287 289 286 282 279 278 277 278 279 278 275 274 277 283 288
273 272 271 273 276 276 277 277 272 270 272 277 280 282 282 281 280 280 280 280 280 280 281 281 282 282 282 282 283 283 283 284 284 285 286 287 287 288 290 291 292 292 291 292 295 298 301 301 299 296 294 288 286 285 281 278 276 277 281 284 286 286 281 277 277 280 282 282 278 269 261 266 274 278 279 281 283 285 287 289 290 287 283 280 278 275 271 270 272 274 278 286 297 303
273 273 271 270 272 274 276 279 277 274 273 274 277 280 282 282 281 281 281 281 281 281 281 281 282 282 282 282 282 283 283 284 284 285 285 286 287 288 288 289 290 291 292 293 295 298 301 302 301 301 298 289 286 285 280 277 279 282 286 289 288 285 280 274 272 274 279 278 272 265 268 276 279 281 282 286 288 289 290 290 289 286 283 280 276 272 268 266 269 277 288 301 310 310
273 273 272 271 271 272 273 277 281 280 276 273 272 275 280 283 283 282 281 281 281 281 281 281 282 282 282 282 283 283 283 284 284 285 285 286 286 287 288 288 289 290 291 293 294 295 298 300 302 304 303 293 288 286 281 278 283 287 288 289 287 283 278 273 269 270 275 275 270 272 278 281 281 283 286 289 291 291 291 290 287 283 280 277 273 270 269 271 278 291 300 305 309 307
272 272 272 272 272 272 272 275 280 281 278 275 272 272 276 282 284 283 283 282 282 281 282 282 282 282 282 282 283 283 283 284 284 284 285 285 286 286 287 288 289 289 290 292 293 294 296 299 302 307 310 301 292 287 281 279 284 289 289 288 286 282 277 272 268 268 272 274 273 277 281 283 284 287 290 291 292 291 289 286 283 279 276 274 271 270 273 282 294 301 302 301 302 299
272 272 272 271 272 272 273 274 277 279 280 280 277 274 273 276 281 284 284 284 283 282 282 282 282 282 282 282 283 283 283 284 284 284 285 285 285 286 287 287 288 289 290 291 292 293 295 297 301 307 312 306 294 287 282 280 285 289 288 287 285 282 277 271 268 268 270 271 275 279 283 286 288 289 292 293 291 288 285 281 280 277 274 272 271 273 281 293 301 302 301 297 295 289
273 272 272 272 272 272 273 274 276 278 280 283 283 279 273 272 276 281 284 285 284 283 282 282 282 282 282 282 283 283 283 284 284 284 284 285 285 286 286 287 287 288 289 290 291 292 294 296 299 305 311 308 297 289 283 282 285 287 287 285 283 281 278 274 270 268 267 268 279 283 286 289 290 292 293 293 289 285 282 280 279 276 273 271 273 279 290 299 302 301 299 295 288 274
273 273 272 273 273 273 274 275 276 277 280 284 285 283 277 273 273 276 281 284 285 285 283 282 282 282 282 283 283 283 283 284 284 284 284 285 285 285 286 286 287 288 288 289 290 292 293 295 297 301 307 308 300 292 287 286 286 286 285 284 283 282 281 277 272 268 264 271 283 287 289 290 291 293 294 291 287 283 283 281 278 276 273 274 280 287 296 302 301 298 296 287 272 260
274 274 273 274 275 275 275 275 275 276 278 282 285 285 283 278 274 273 276 281 284 285 284 283 283 282 282 283 284 283 284 284 284 284 284 285 285 285 286 286 287 287 288 289 290 291 292 294 296 298 303 307 301 296 295 291 287 285 286 286 287 286 281 276 271 267 267 280 288 290 291 291 292 294 294 291 288 286 285 283 279 277 277 282 290 295 300 302 299 293 284 273 261 249
274 274 274 275 276 277 276 275 275 275 276 280 285 287 286 283 278 274 273 276 280 283 284 285 284 283 283 283 283 284 284 284 284 284 284 285 285 285 286 286 286 287 288 288 289 290 291 292 294 296 300 303 302 298 300 297 288 285 287 289 289 285 274 268 270 272 280 290 292 292 293 292 292 294 295 293 292 291 290 285 281 281 285 290 297 299 299 298 294 284 272 263 250 239
273 273 274 275 276 277 277 275 275 276 276 279 285 287 286 285 283 278 274 273 276 279 282 284 285 284 283 283 283 284 284 284 284 284 284 285 285 285 285 286 286 287 287 288 289 289 290 291 293 295 297 299 300 298 301 302 293 287 286 287 286 278 270 272 277 284 292 296 295 294 294 292 291 293 296 297 296 294 293 287 284 289 295 299 300 298 296 292 285 273 262 250 237 229
271 270 271 273 275 277 277 275 274 276 279 280 282 287 288 286 285 283 278 275 274 276 278 281 284 285 284 284 284 284 284 284 284 284 285 285 285 285 285 286 286 287 287 288 288 289 290 291 292 293 294 296 297 297 300 302 297 289 284 282 281 281 283 284 285 288 293 295 296 295 295 293 291 293 298 300 299 296 296 293 295 301 305 307 301 295 290 285 272 260 249 235 226 217
270 268 267 269 272 277 279 276 273 276 279 280 281 284 288 286 284 285 284 280 277 275 275 278 281 283 283 283 284 284 284 285 285 285 285 285 285 285 285 286 286 286 287 287 288 288 289 290 291 292 293 294 295 296 297 298 297 291 283 279 283 293 293 290 288 288 289 292 295 295 296 293 291 294 298 299 300 301 303 304 305 306 305 304 296 287 280 269 259 248 235 222 214 209
276 273 270 269 271 275 278 274 271 275 278 280 280 281 284 285 285 285 286 284 280 278 276 276 277 278 279 281 283 285 285 285 285 285 285 285 285 285 286 286 286 286 287 287 287 288 288 289 290 290 291 292 293 294 294 295 294 291 287 283 287 296 296 293 290 288 288 290 294 295 296 293 291 294 298 299 301 305 309 307 305 302 296 291 288 280 268 258 249 236 223 210 207 209
283 282 279 276 274 273 273 273 272 275 278 279 279 280 281 283 283 284 285 284 282 281 280 278 276 272 272 277 282 285 286 287 286 286 286 286 286 286 286 286 286 286 286 287 287 287 288 288 289 290 290 291 291 292 292 292 292 291 290 287 289 295 296 294 291 289 289 291 294 295 294 292 292 295 299 299 302 307 311 306 301 295 285 281 285 278 264 252 240 224 211 204 207 213
281 284 285 283 279 273 271 277 278 276 277 277 276 276 277 278 279 279 281 283 283 282 281 280 277 271 270 274 280 283 285 287 288 287 287 286 286 286 286 286 286 286 286 287 287 287 288 288 288 289 289 290 290 291 291 291 291 290 290 290 291 293 294 292 290 291 292 292 292 293 294 293 293 296 299 299 301 307 310 304 295 286 281 283 284 276 260 244 228 214 205 205 213 220
278 281 284 284 281 277 277 282 283 278 273 273 273 273 273 275 276 276 277 279 281 282 281 280 281 279 274 273 276 280 283 285 288 288 288 287 287 286 286 286 286 286 286 286 287 287 287 288 288 288 289 289 289 290 290 290 290 290 290 290 291 291 292 291 292 293 292 291 292 294 297 294 292 295 298 298 300 305 307 300 291 284 286 288 282 270 251 233 216 209 208 213 222 232
277 279 283 283 282 280 281 285 284 277 271 271 273 274 274 275 276 276 276 276 278 280 281 282 284 287 280 274 273 276 279 282 284 288 289 288 288 287 287 286 286 286 286 286 286 287 287 287 287 288 288 288 289 289 289 289 289 289 290 290 290 291 291 292 292 293 293 293 293 296 298 294 289 290 295 297 298 302 304 299 292 291 293 289 279 258 236 220 213 213 216 225 234 244
277 279 283 283 283 282 283 284 283 278 274 274 276 277 277 278 279 279 278 278 279 280 281 282 285 288 284 278 274 274 276 278 280 285 289 289 288 288 287 287 286 286 286 286 286 286 287 287 287 287 288 288 288 288 289 289 289 289 289 290 290 290 291 291 292 292 293 294 295 296 297 294 290 291 296 298 299 301 304 302 298 299 296 287 271 246 222 214 219 224 229 242 252 276
277 279 282 284 284 283 284 283 281 280 279 278 278 279 280 280 281 281 281 281 281 280 280 280 283 287 285 280 276 274 274 277 279 282 286 289 288 288 288 288 287 286 286 286 286 286 286 287 287 287 287 288 288 288 288 289 289 289 289 289 290 290 291 291 291 292 293 294 295 296 296 296 296 299 303 303 303 304 308 309 305 301 293 280 257 229 214 217 228 234 248 264 289 305
276 277 281 285 285 284 285 284 282 282 282 281 281 281 282 282 283 282 282 283 283 281 280 280 282 286 285 282 278 275 275 277 278 279 282 285 287 288 288 288 288 287 286 286 286 286 286 286 287 287 287 287 288 288 288 288 289 289 289 289 290 290 290 291 291 292 293 294 294 295 296 298 300 304 307 306 307 310 315 313 306 298 286 267 238 214 215 225 235 245 263 288 306 302
274 275 278 283 286 286 287 286 285 284 284 284 284 283 284 284 284 284 283 283 283 282 282 282 282 284 284 284 282 278 275 275 275 275 277 282 285 287 288 289 288 287 286 286 286 286 286 286 286 287 287 287 288 288 288 288 288 289 289 289 290 290 290 291 291 292 293 293 294 295 296 298 300 305 308 308 310 315 318 310 300 290 273 248 220 215 225 231 239 258 283 311 309 299
274 273 272 277 284 288 288 288 288 288 288 288 287 286 286 286 286 286 285 284 284 283 283 283 282 281 283 285 285 282 276 273 273 274 276 281 284 286 288 289 289 287 286 286 286 286 286 286 286 287 287 287 288 288 288 288 288 289 289 289 289 290 290 291 291 292 292 293 294 295 296 298 300 303 307 309 312 318 317 305 293 280 259 235 225 235 245 250 265 292 311 316 309 299
274 270 262 268 281 288 290 292 293 295 295 292 289 288 287 287 288 287 286 285 284 284 284 284 283 281 281 284 285 285 279 275 275 276 277 279 283 284 286 288 289 288 286 286 285 285 285 286 286 286 287 287 288 288 288 288 288 289 289 289 289 290 290 291 291 292 292 293 294 295 296 298 300 302 305 308 313 318 316 302 288 271 249 243 249 261 272 290 305 309 310 310 306 297
271 263 253 261 275 288 296 298 299 302 301 296 292 290 289 289 289 289 288 286 285 285 284 285 285 283 282 283 285 286 284 280 277 277 277 278 280 281 282 285 289 288 286 285 285 284 285 285 285 286 287 288 288 288 288 288 289 289 289 289 289 290 290 290 291 291 292 293 294 295 296 298 299 301 304 307 312 317 315 303 288 273 266 271 274 280 297 307 308 306 304 301 299 296
268 263 261 266 276 292 307 309 307 308 307 300 294 292 290 290 289 289 288 287 286 285 285 285 288 287 284 282 283 286 287 285 281 278 277 277 279 279 280 282 286 287 285 284 284 284 283 284 284 286 288 288 289 289 289 289 289 289 289 289 289 290 290 290 291 291 292 293 294 295 296 297 299 301 303 306 310 315 315 307 300 296 296 293 289 296 306 308 306 302 299 296 294 294
270 268 271 279 288 296 312 317 314 313 310 303 295 292 290 290 289 288 288 288 287 286 285 286 289 289 285 283 283 285 288 288 286 282 278 275 276 278 279 279 281 284 283 282 282 282 281 281 282 285 289 290 290 290 289 289 289 289 289 289 289 290 290 290 291 291 292 293 293 294 296 297 299 300 302 305 309 313 315 315 318 316 310 305 304 308 308 306 303 300 297 295 292 292
281 279 285 293 296 297 301 309 312 310 309 302 295 291 289 288 287 287 288 288 288 287 286 287 290 289 287 286 285 285 287 287 286 283 279 276 275 277 278 279 279 281 281 281 282 283 283 283 284 286 290 292 292 291 290 289 289 289 289 289 289 290 290 290 291 291 292 292 293 294 295 297 298 300 302 304 308 312 316 321 328 328 320 318 319 311 306 304 302 299 296 294 291 291
285 293 298 297 294 286 285 290 293 294 296 294 291 288 286 286 285 285 287 288 288 288 287 288 292 292 289 288 286 285 285 285 284 282 280 278 276 276 278 279 279 281 283 285 286 287 289 290 290 290 291 293 294 293 292 290 289 289 289 289 290 290 290 291 291 291 292 292 293 294 295 296 298 300 301 304 307 311 316 322 333 338 333 328 317 308 303 300 300 297 294 292 290 290
