windninja/windninja_output/Output_2025-08-24_1900-1950_Google earth_Fire_150m_10min/merlingen_7.5mi_point_08-24-2025_1930_150m_ang.asc
ncols	158
nrows	163
xllcorner	391686.332397
yllcorner	5160024.123721
cellsize	150.000000
NODATA_value	-32768.000000
[rows 42 to 83 of 163, columns 0 to 93 of 158]
261 261 262 263 264 265 267 267 267 268 269 269 270 270 271 271 271 272 273 274 275 275 276 277 278 280 282 285 288 289 285 283 283 282 280 278 276 279 281 279 276 274 273 276 280 282 278 274 275 279 279 279 282 284 280 274 269 267 266 263 262 264 267 266 268 276 280 281 283 282 275 275 282 291 294 294 302 322 308 286 279 279 280 283 287 288 285 283 286 290 289 283 275 276
261 261 262 263 265 266 267 267 268 268 269 270 270 271 271 271 272 272 273 274 274 275 276 277 278 279 281 284 287 287 285 283 283 285 288 290 289 286 284 281 276 272 274 278 278 274 270 269 273 279 280 277 276 276 275 270 265 262 262 264 267 273 276 275 274 279 286 287 284 280 277 279 284 291 293 294 300 314 303 288 283 284 287 289 288 282 272 271 278 285 287 285 280 280
262 262 262 264 266 266 266 267 268 268 269 270 270 270 271 271 272 272 273 274 274 275 276 277 277 279 281 283 284 285 284 284 285 288 292 296 294 288 283 279 276 275 277 277 272 265 266 271 278 282 281 276 270 268 266 264 262 261 264 269 273 278 282 284 285 286 287 287 285 283 282 281 282 286 287 286 287 293 288 286 287 291 293 289 281 268 264 268 273 279 283 286 285 283
262 262 263 265 266 266 267 268 268 269 269 270 270 271 271 272 272 273 273 274 274 275 276 277 278 279 280 281 282 284 284 285 286 289 293 297 295 290 285 283 281 280 277 273 267 264 270 278 283 283 278 270 264 260 259 259 260 264 271 276 279 282 287 292 292 290 286 284 284 284 282 279 277 277 274 270 263 264 281 289 294 295 290 281 268 263 266 269 271 274 280 286 287 283
263 263 265 265 265 266 268 268 269 269 270 270 271 271 271 272 273 273 273 274 274 275 275 276 278 279 279 280 281 283 284 285 286 290 293 295 294 293 290 288 286 282 276 270 265 270 278 282 283 279 271 264 257 254 257 259 262 271 280 285 286 288 291 294 292 288 285 280 279 282 281 278 274 270 264 258 248 263 284 289 291 288 281 271 266 267 271 273 271 272 278 286 287 283
264 264 265 264 264 266 269 270 270 270 270 270 271 271 272 272 273 273 273 274 274 275 275 276 277 278 279 279 281 282 283 285 286 289 292 293 293 294 293 291 289 284 277 270 269 277 283 283 278 272 266 258 252 255 258 262 270 278 285 291 293 291 290 290 288 284 281 278 277 279 279 277 272 266 259 251 247 266 282 283 281 278 274 272 272 274 276 276 274 275 279 284 285 281
264 264 265 264 263 266 269 271 271 271 271 271 271 271 272 272 273 273 273 274 274 275 276 276 277 278 278 279 280 281 283 284 285 288 291 293 293 293 294 293 290 286 279 275 277 282 283 280 274 267 259 252 254 259 263 269 277 285 290 294 295 289 285 284 283 281 279 278 277 277 276 274 271 264 256 249 252 268 277 278 276 277 278 278 278 279 279 279 281 282 280 278 278 277
265 265 264 263 264 266 269 272 273 272 272 272 272 272 272 272 273 273 273 274 274 275 276 276 276 277 278 279 280 281 282 283 285 287 290 293 294 294 294 294 291 287 284 284 285 283 280 276 270 261 251 253 260 266 272 278 284 290 292 292 290 285 279 279 281 281 280 278 277 276 274 272 268 262 255 253 260 270 275 277 277 279 281 282 282 283 283 285 286 284 278 272 270 272
266 265 264 262 264 267 268 270 273 274 272 272 272 272 272 272 273 273 274 274 274 275 276 276 277 277 278 279 280 281 282 283 284 286 288 292 294 294 293 293 291 289 290 291 289 284 278 271 264 255 252 261 269 274 279 285 289 289 288 285 282 278 275 277 280 281 280 278 276 275 273 270 265 260 259 262 268 271 274 275 277 279 280 283 285 286 288 288 285 280 274 268 264 264
267 267 265 264 266 267 266 268 272 274 274 273 272 273 273 273 273 273 274 274 275 275 276 276 277 277 278 278 279 280 281 282 283 285 287 290 292 293 293 292 291 291 292 294 290 284 276 267 258 257 265 274 278 281 285 288 288 285 280 277 274 273 275 278 280 281 279 277 275 273 271 268 265 263 265 269 272 274 274 275 276 276 278 282 286 288 288 285 281 276 271 264 260 258
267 267 267 268 269 268 266 266 269 273 274 273 273 273 273 273 273 273 274 274 275 275 276 276 277 277 277 278 279 280 281 282 283 284 286 288 290 292 293 294 293 291 293 295 291 283 275 266 263 270 280 283 282 285 288 288 285 279 272 270 271 274 277 278 280 281 280 277 274 272 271 269 267 267 270 272 274 277 278 276 273 272 275 280 284 286 286 283 279 274 268 263 258 259
265 267 270 271 270 270 268 266 267 270 273 274 273 273 273 274 274 274 274 275 275 275 276 276 277 277 278 278 279 280 280 281 282 283 285 286 288 290 292 294 294 292 292 295 292 284 277 275 278 282 285 284 283 285 286 285 281 275 269 268 272 277 278 279 280 282 280 276 273 273 273 272 269 269 271 273 275 277 280 279 275 273 275 278 281 284 286 284 279 272 267 265 263 265
264 265 269 274 271 270 268 266 265 267 272 274 274 274 274 274 274 274 274 274 275 276 276 276 277 277 278 278 279 279 280 281 282 283 284 285 287 288 290 294 295 293 291 292 292 287 284 288 289 287 284 283 284 284 283 281 278 273 270 272 275 279 280 279 280 282 282 279 275 275 274 270 267 269 272 274 275 278 281 283 282 280 278 277 278 280 284 284 279 272 270 271 274 276
265 265 267 272 273 270 270 267 264 264 269 274 275 276 275 274 274 275 275 275 275 275 276 277 277 277 278 278 279 279 280 281 282 282 283 284 285 287 289 291 293 292 289 289 292 293 294 296 294 290 286 284 285 284 281 279 275 272 274 277 280 282 281 279 280 282 282 281 278 273 267 263 267 273 275 276 278 281 283 286 288 285 281 279 277 277 277 279 278 275 275 277 284 289
267 266 265 267 270 271 272 271 267 265 267 271 275 277 276 275 275 275 275 275 275 275 276 277 277 277 278 278 279 279 280 280 281 282 283 284 285 286 287 289 290 290 289 290 293 297 300 300 297 294 291 286 284 284 280 277 274 275 279 283 285 285 280 276 276 278 280 280 275 267 260 264 273 277 278 279 282 285 287 289 290 287 283 280 278 275 271 270 272 274 279 286 298 304
268 267 266 264 266 268 271 273 272 269 268 268 271 275 277 277 276 276 276 276 276 276 276 277 277 278 278 278 279 279 280 280 281 282 282 283 284 285 286 287 288 289 290 292 293 296 300 301 299 299 296 287 285 284 279 276 277 280 284 287 287 284 279 273 271 273 277 276 269 263 266 274 278 279 281 284 287 288 289 289 288 286 283 280 276 272 268 266 269 277 288 301 310 310
267 267 267 266 265 266 268 272 275 274 271 267 266 269 275 279 278 277 276 277 277 276 276 277 277 278 278 278 279 279 280 280 281 281 282 283 283 284 285 286 287 288 289 291 293 294 296 299 301 303 302 292 287 285 280 276 280 285 287 288 286 282 277 272 268 268 273 273 267 270 276 279 280 282 285 288 290 290 290 289 286 282 280 277 273 270 269 271 278 291 300 306 310 308
267 267 267 266 266 266 267 270 274 276 273 269 266 266 271 277 279 279 278 277 277 277 277 277 277 278 278 278 279 279 280 280 281 281 282 282 283 284 285 285 286 287 288 290 291 292 294 298 302 307 309 300 290 285 280 277 282 287 288 287 285 281 276 271 267 266 270 271 270 275 280 282 283 285 288 290 291 290 288 285 282 278 276 274 271 270 273 282 294 302 302 302 302 300
267 267 266 266 266 267 268 269 272 274 275 274 271 268 268 271 276 280 280 279 278 278 278 278 278 278 278 278 279 279 280 280 281 281 282 282 283 283 284 285 286 287 288 289 290 291 293 296 301 307 312 306 293 286 281 278 283 288 287 286 284 281 276 270 267 266 268 269 273 278 281 284 287 288 291 292 290 288 284 281 279 277 274 272 270 273 281 293 301 303 301 298 295 290
267 267 267 267 267 267 268 270 271 273 275 277 277 273 268 267 271 276 280 281 280 279 278 278 277 278 278 279 279 279 280 280 281 281 281 282 282 283 284 284 285 286 287 288 289 291 292 295 298 304 310 308 297 288 282 280 284 286 286 284 283 280 277 273 269 267 265 265 276 282 285 287 289 290 292 292 288 284 282 280 278 276 273 271 273 279 291 300 302 301 300 296 288 275
268 268 268 268 268 268 269 270 271 272 275 278 280 277 272 268 267 271 276 280 281 280 279 278 278 278 278 279 280 280 280 280 281 281 281 282 282 283 283 284 285 286 286 287 289 290 291 293 296 300 306 308 299 292 286 284 285 285 285 284 283 281 280 276 271 267 262 268 282 286 288 289 290 292 293 291 286 283 282 280 278 275 273 274 280 287 296 302 301 298 296 288 273 261
269 269 269 269 270 270 270 270 270 271 273 277 280 280 278 272 268 268 271 276 280 281 280 279 279 278 279 280 280 280 280 280 281 281 281 282 282 283 283 284 284 285 286 287 288 289 290 292 294 297 303 306 301 296 294 290 286 285 285 285 286 285 281 275 270 266 265 278 286 289 290 290 291 293 294 290 287 286 285 282 279 276 276 282 290 295 300 302 299 293 284 274 262 250
269 269 270 271 272 272 272 271 271 271 272 276 280 281 280 278 273 269 268 271 275 279 280 281 280 279 279 279 280 280 281 281 281 281 281 282 282 283 283 284 284 285 286 286 287 288 289 291 293 295 299 303 301 298 299 296 287 285 286 288 288 284 274 267 269 271 279 288 291 291 292 291 291 293 294 293 291 290 289 285 281 281 285 291 297 299 299 299 294 284 273 263 251 239
268 268 269 271 272 272 272 271 271 272 272 275 280 282 281 281 278 273 269 268 271 274 278 280 281 280 280 279 280 280 281 281 281 281 282 282 282 283 283 283 284 285 285 286 287 288 289 290 291 293 296 299 299 298 300 301 292 286 285 286 285 277 269 271 276 283 291 294 294 293 293 292 290 292 295 297 295 294 291 286 284 289 295 299 300 298 296 292 285 274 263 251 237 229
266 265 266 269 271 272 272 271 270 272 274 276 278 282 283 281 280 278 274 270 269 270 273 277 281 282 281 280 280 280 281 281 281 281 282 282 282 283 283 283 284 284 285 286 286 287 288 289 290 292 293 295 297 297 299 302 297 288 283 281 280 280 281 283 284 287 292 295 295 294 294 292 290 292 297 299 298 296 295 292 295 301 305 307 301 295 291 285 273 261 249 235 225 217
264 262 262 264 268 273 274 270 269 271 275 276 276 279 283 282 280 280 279 276 272 269 270 273 277 279 280 280 280 281 281 281 282 282 282 282 282 283 283 283 284 284 285 285 286 287 287 288 289 290 291 292 294 295 296 298 296 290 283 279 282 292 292 289 287 286 288 291 293 294 295 292 290 293 297 299 299 300 303 304 305 306 305 303 297 287 280 270 259 249 235 222 214 209
268 266 263 262 265 269 271 267 266 270 274 275 275 276 279 280 280 281 282 280 275 273 271 271 272 273 275 278 281 282 282 282 282 282 282 282 283 283 283 283 284 284 284 285 285 286 287 287 288 289 290 291 292 293 294 294 293 291 287 282 286 295 296 292 289 287 287 289 293 294 295 293 291 294 297 298 301 305 309 307 305 302 296 291 288 280 269 258 250 236 222 210 206 208
276 277 274 270 268 266 264 264 266 269 272 273 273 273 274 276 278 279 281 280 278 277 275 273 271 267 268 274 279 282 284 284 284 283 283 283 283 283 283 283 284 284 284 285 285 286 286 287 287 288 289 290 290 291 291 291 291 291 289 287 289 295 296 293 290 289 289 291 293 294 294 292 292 295 298 299 301 307 310 306 300 294 285 281 285 278 264 253 240 224 211 204 206 213
277 280 282 280 275 269 266 270 272 271 271 270 268 268 270 271 273 274 276 279 279 278 277 276 272 266 266 271 276 280 283 284 285 285 284 283 283 283 283 284 284 284 284 285 285 285 286 286 287 287 288 288 289 289 290 290 290 290 289 289 290 293 293 291 290 291 291 291 292 293 294 292 292 296 298 298 301 307 310 304 295 286 281 283 284 277 260 244 228 214 205 205 212 220
274 277 281 282 279 275 274 279 280 274 269 268 268 267 267 269 270 270 272 274 277 278 278 277 276 274 270 270 272 276 279 282 285 286 285 284 284 284 284 284 284 284 284 284 285 285 285 286 286 287 287 288 288 288 289 289 289 289 289 289 290 291 291 291 291 292 292 291 291 294 296 293 291 294 297 297 300 305 307 300 291 284 286 288 282 270 251 232 216 209 207 212 222 233
274 276 280 281 280 278 279 283 282 275 269 269 271 271 270 271 272 272 271 271 273 276 277 278 280 282 276 271 269 272 276 278 282 285 286 286 285 285 284 284 284 284 284 284 285 285 285 286 286 286 287 287 287 288 288 288 288 288 289 289 290 290 291 291 292 292 292 292 293 296 297 294 289 289 294 296 298 301 304 298 292 291 293 289 279 258 236 220 214 213 216 225 235 245
274 276 280 281 280 280 281 282 281 276 272 272 273 274 274 275 276 275 274 273 274 275 276 278 281 284 280 274 270 270 272 274 277 282 286 287 286 286 285 284 284 284 284 284 284 285 285 285 286 286 286 287 287 287 288 288 288 288 288 289 289 290 290 290 291 292 293 294 295 296 296 293 289 290 295 298 298 300 303 301 298 298 296 287 271 245 222 214 219 224 230 242 254 277
274 276 280 282 282 281 281 281 279 278 277 276 275 276 276 277 278 277 277 278 277 277 276 277 279 283 282 277 272 270 271 273 275 279 283 286 286 286 286 285 285 284 284 284 284 284 285 285 285 286 286 286 287 287 287 288 288 288 288 289 289 289 290 290 291 291 292 293 294 295 295 295 296 299 303 302 303 303 307 308 304 301 293 281 257 229 215 217 228 234 249 265 291 306
273 275 279 283 283 283 283 282 281 280 280 279 278 278 279 279 279 279 279 279 279 278 277 277 278 282 282 279 275 272 272 273 275 276 279 282 284 285 286 286 285 285 284 284 284 284 285 285 285 285 286 286 286 287 287 287 288 288 288 288 289 289 289 290 291 291 292 293 294 294 295 297 300 304 307 306 306 309 313 312 306 298 286 267 238 215 215 225 235 245 264 289 307 303
271 273 276 281 284 285 285 285 283 282 282 282 281 281 281 281 281 281 280 280 280 279 278 278 279 280 281 281 279 275 272 272 272 272 275 279 283 285 286 286 286 285 284 284 284 284 284 285 285 285 286 286 286 287 287 287 287 288 288 288 289 289 289 290 290 291 292 293 293 294 296 298 300 304 308 308 309 314 317 310 300 290 273 248 221 215 224 231 239 258 283 311 309 300
271 271 271 275 283 287 288 287 287 287 286 286 284 283 283 283 283 283 282 281 280 280 280 280 278 278 280 282 282 279 273 270 270 271 274 278 282 284 286 287 287 285 284 284 284 284 284 284 285 285 286 286 286 287 287 287 287 288 288 288 289 289 289 290 290 291 292 292 293 294 296 298 299 303 306 309 312 317 317 305 293 280 259 235 226 234 245 250 265 293 311 316 310 299
272 268 262 268 280 288 290 291 292 294 293 290 287 285 285 285 285 284 284 282 281 281 281 281 279 277 278 281 283 282 277 272 272 273 275 277 280 282 283 286 287 286 284 284 283 283 284 284 284 285 286 286 286 287 287 287 287 288 288 288 288 289 289 290 290 291 292 292 293 294 296 297 299 301 305 308 312 318 316 302 288 271 248 242 248 260 272 290 305 310 311 310 306 298
269 262 253 260 274 288 295 297 298 301 299 294 290 287 286 286 286 286 285 283 282 282 281 281 281 280 279 280 282 284 282 277 275 274 274 276 278 279 280 283 287 286 284 283 283 283 283 283 284 285 286 286 287 287 287 287 287 288 288 288 288 289 289 290 290 291 291 292 293 294 295 297 298 300 303 307 312 317 315 303 288 272 265 270 274 279 297 307 308 306 304 302 300 297
264 259 258 263 274 290 305 307 305 306 304 298 291 289 287 287 286 286 285 284 283 282 282 282 285 284 281 280 280 283 285 282 279 276 274 275 276 276 277 279 284 285 283 283 282 282 282 282 283 285 287 287 288 288 288 288 288 288 288 288 288 289 289 290 290 291 291 292 293 294 295 297 298 300 302 306 310 315 314 307 300 296 295 292 289 295 306 308 306 302 299 297 295 295
263 264 268 276 286 294 308 314 311 310 307 300 292 289 287 287 286 285 285 285 284 283 283 284 286 286 283 281 280 283 286 286 283 279 275 273 273 276 276 276 279 282 281 280 280 280 280 279 281 284 288 289 289 289 288 288 288 288 288 288 289 289 289 290 290 291 291 292 293 294 295 297 298 300 302 305 308 313 315 315 318 316 309 304 303 307 308 306 304 300 297 295 292 292
275 276 282 290 294 293 295 302 306 305 303 297 291 287 286 285 285 284 285 286 285 284 284 285 287 286 284 283 282 283 284 285 284 281 277 273 272 274 276 276 277 278 279 279 280 281 282 282 283 285 289 291 291 290 289 288 288 288 288 288 289 289 289 290 290 291 291 292 293 294 295 296 298 299 301 304 307 311 315 320 327 328 319 317 318 311 306 304 302 299 296 294 291 291
282 289 294 294 291 282 280 283 285 287 290 289 287 285 283 283 282 283 284 285 286 286 285 285 289 289 287 285 284 282 282 282 282 280 278 276 274 274 275 276 277 278 281 282 284 285 287 289 289 289 290 291 293 293 291 289 288 288 288 288 289 289 289 290 290 291 291 292 293 294 295 296 297 299 301 303 306 310 315 322 332 338 332 327 317 309 303 300 300 297 295 293 291 290
