windninja/windninja_output/Output_2025-08-24_1900-1950_Google earth_Fire_150m_10min/merlingen_7.5mi_point_08-24-2025_1910_150m_ang.asc
ncols	158
nrows	163
xllcorner	391686.332397
yllcorner	5160024.123721
cellsize	150.000000
NODATA_value	-32768.000000
[rows 84 to 125 of 163, columns 0 to 93 of 158]
297 305 314 312 308 307 313 317 316 316 314 312 308 302 299 299 298 297 298 299 300 301 301 303 308 310 307 305 305 304 303 303 302 299 296 294 293 294 295 298 301 303 305 305 305 305 305 306 305 306 307 308 308 308 306 303 302 302 302 302 302 303 303 303 303 303 304 304 305 305 306 307 308 309 311 313 315 318 323 329 340 347 347 337 318 311 306 302 301 300 299 297 296 295
281 284 290 289 287 285 283 284 292 302 307 308 306 301 298 298 297 295 296 297 297 299 300 302 306 309 306 304 304 304 304 303 303 302 299 297 296 294 294 296 300 302 302 301 300 299 298 298 298 299 300 301 302 304 304 303 302 302 302 302 302 303 303 303 303 303 304 304 305 305 306 307 308 309 310 312 314 318 322 329 340 347 347 334 314 307 304 302 301 300 299 297 296 295
276 275 274 274 271 265 262 273 288 299 305 306 303 300 297 296 294 292 291 291 292 293 295 298 304 310 309 306 304 304 304 303 305 306 304 303 301 298 296 297 299 301 302 301 299 298 296 295 295 297 298 298 298 299 301 301 301 301 301 302 302 303 303 303 303 303 304 304 304 305 306 306 307 308 310 311 313 316 321 327 336 342 342 328 311 304 302 300 300 299 298 298 299 302
276 272 267 267 267 267 274 286 294 299 304 302 300 300 295 293 291 287 286 287 289 290 291 299 310 318 316 311 307 305 304 303 304 305 305 304 304 302 300 299 300 302 303 301 299 297 295 295 294 295 296 297 297 297 298 298 299 300 301 302 302 303 303 303 303 303 304 304 304 305 305 306 307 308 309 311 312 315 319 324 331 335 334 323 309 302 299 298 296 295 296 299 302 304
280 277 276 281 284 288 292 296 296 295 298 300 301 302 298 294 288 284 284 287 291 294 301 311 323 330 321 313 309 306 305 304 303 302 302 301 302 301 299 298 299 302 304 303 301 298 296 294 294 295 297 298 298 298 298 298 297 298 299 301 303 304 304 304 304 303 304 304 304 304 305 305 306 307 308 310 311 313 316 320 324 328 326 317 307 300 297 295 295 295 297 300 299 294
293 293 294 295 295 296 295 295 293 290 295 304 307 305 300 293 286 283 285 290 297 305 312 321 335 338 324 314 309 306 305 304 303 302 301 300 300 299 296 293 294 297 301 303 302 299 296 294 294 296 298 300 302 303 303 301 298 295 296 300 304 305 305 304 304 303 303 303 304 304 304 305 306 306 307 308 310 311 313 316 319 321 320 313 303 297 293 291 294 296 296 295 288 280
297 298 296 292 291 294 295 294 294 294 298 307 311 307 301 294 289 285 285 292 304 314 322 332 343 341 325 314 309 306 304 303 302 302 301 300 300 301 299 294 292 293 296 299 300 298 295 293 293 295 298 301 305 307 307 303 298 295 297 303 308 308 306 304 304 303 303 303 303 304 304 304 305 306 306 307 308 310 311 313 314 316 317 312 304 300 297 293 294 294 290 284 280 277
293 295 297 295 297 300 302 304 306 302 303 310 317 314 310 306 300 292 286 294 310 323 334 341 349 342 324 313 308 305 302 301 301 301 301 300 301 302 303 300 295 293 294 296 298 298 295 292 291 292 296 300 304 307 310 308 304 303 304 307 312 311 307 305 304 303 303 303 303 303 303 304 304 305 305 306 307 308 309 310 311 312 314 312 308 305 302 297 294 289 281 274 274 273
293 297 305 309 310 314 319 326 329 321 312 315 320 319 315 310 308 304 300 306 315 335 345 347 351 337 319 310 305 303 301 299 299 301 301 300 301 302 302 302 298 293 292 293 296 296 294 290 287 288 292 297 302 306 312 313 309 307 305 306 310 311 308 305 304 303 303 303 303 303 303 303 304 304 304 305 306 306 307 307 308 309 309 309 306 303 300 296 290 281 268 266 269 268
294 299 308 313 315 319 326 335 342 336 326 328 332 333 334 328 322 318 313 313 319 343 349 349 347 328 314 307 303 300 298 296 297 299 301 301 300 300 301 302 302 296 291 291 293 293 292 289 287 286 288 295 303 307 310 310 304 300 298 298 303 308 307 304 303 302 302 302 302 302 302 303 303 303 304 304 304 305 305 305 305 305 305 304 302 297 294 290 281 271 265 267 269 269
292 297 306 310 310 314 322 334 343 338 329 331 336 339 341 333 327 322 312 305 312 328 338 338 331 318 309 305 301 297 294 293 295 300 302 301 300 300 300 302 305 304 297 293 293 294 294 293 291 291 293 299 308 309 307 305 300 295 294 295 298 303 304 303 302 302 302 302 302 302 302 302 302 302 303 303 303 303 303 303 303 303 302 301 299 295 291 285 278 273 272 273 274 274
287 291 300 304 303 304 309 320 331 328 319 319 323 325 327 317 315 307 296 283 280 245 234 274 301 305 304 302 299 297 295 296 298 301 302 301 299 299 300 301 305 308 304 299 299 301 301 301 300 300 301 303 310 309 304 303 301 298 297 297 297 300 302 302 302 301 301 301 301 301 301 301 302 302 302 302 302 302 302 302 302 301 300 299 297 295 291 287 283 280 279 278 278 278
285 288 295 300 298 296 297 303 309 307 300 296 293 293 296 292 290 288 277 246 215 214 223 258 287 298 301 300 300 300 299 298 298 298 300 299 298 298 299 301 304 308 307 303 302 304 306 307 306 305 303 301 303 305 302 300 300 298 297 297 297 299 301 300 301 301 301 301 301 301 301 301 301 301 301 301 301 301 301 301 300 300 299 298 296 294 291 289 286 284 283 282 281 280
287 288 291 294 290 285 283 285 286 286 283 275 272 281 283 284 285 281 262 223 204 212 235 265 289 300 302 300 299 298 295 292 290 291 295 296 296 297 299 301 303 307 309 305 302 302 302 302 301 297 294 292 294 299 299 297 297 297 296 296 297 297 299 299 300 300 300 300 300 300 300 300 300 300 300 300 300 300 300 299 299 298 298 297 295 294 292 290 288 286 285 284 283 283
283 282 281 279 279 276 273 271 270 269 262 258 258 263 269 273 273 261 233 214 211 229 261 284 303 310 304 299 295 292 288 286 285 287 290 292 293 295 298 301 303 307 310 306 300 297 296 293 290 287 287 289 291 294 296 295 295 297 297 297 296 296 296 297 299 300 300 300 300 300 299 299 299 299 299 299 299 299 299 298 298 298 297 296 295 294 292 291 289 288 287 286 285 284
275 273 269 269 270 268 264 262 257 251 249 249 249 256 263 262 253 237 219 214 232 267 287 298 310 309 297 292 288 285 284 284 284 286 289 292 294 295 298 301 303 306 309 309 303 299 297 293 290 289 290 291 292 294 295 296 296 296 297 298 298 297 296 296 297 299 299 300 300 299 299 299 298 298 298 298 298 298 298 298 297 297 296 295 295 294 292 291 290 289 288 287 286 285
276 273 267 266 263 259 256 255 250 245 244 241 238 243 247 245 243 237 228 240 271 288 291 288 274 275 279 281 281 279 278 279 281 285 289 292 294 294 297 301 305 306 309 311 307 302 298 296 294 293 293 294 295 296 297 298 297 295 297 300 301 299 298 297 298 299 300 300 300 299 298 298 297 297 297 297 297 297 297 297 297 296 296 295 294 294 293 292 291 289 289 288 287 286
282 278 271 265 259 255 252 251 249 247 245 242 238 237 239 245 256 264 269 282 290 291 278 246 236 253 266 270 271 270 271 275 279 283 288 291 292 293 295 300 306 307 309 311 309 302 298 296 296 296 295 295 296 296 296 297 298 297 298 300 301 300 298 297 298 300 301 301 300 297 296 296 297 297 296 296 296 296 296 296 296 296 295 295 294 294 293 292 291 290 289 288 287 287
287 283 275 267 261 257 255 253 252 251 250 248 246 247 261 274 279 286 294 293 288 274 243 234 240 250 257 261 263 267 271 275 279 283 286 290 292 294 295 298 304 307 308 311 311 308 303 301 300 299 297 296 297 297 297 298 299 299 298 300 302 302 300 298 298 300 301 301 299 295 293 294 296 296 295 295 295 295 295 296 296 295 295 295 294 294 293 292 291 290 289 289 288 287
293 289 279 271 266 263 260 257 256 255 255 256 260 272 283 285 284 286 291 286 270 237 229 238 243 246 252 260 265 270 274 276 278 282 285 289 293 295 294 296 301 306 308 310 312 311 306 303 302 299 298 297 298 299 300 300 300 299 299 300 303 305 303 300 298 299 300 300 299 295 292 293 295 295 294 294 294 294 295 295 295 295 295 295 294 294 293 292 291 290 290 289 288 287
299 295 285 276 270 266 263 260 257 257 260 263 270 278 282 282 277 275 272 262 242 230 236 243 242 245 255 264 269 273 276 277 278 281 284 287 292 295 295 296 300 305 307 309 312 312 308 304 303 301 299 299 299 300 300 301 301 301 300 300 301 303 302 300 299 299 300 302 301 297 293 291 291 291 290 289 291 293 294 294 294 295 295 295 294 294 293 292 291 290 290 289 288 287
307 302 290 280 272 268 265 261 258 260 262 266 271 276 278 277 272 264 255 246 238 239 245 244 246 254 261 266 270 274 277 279 280 281 282 286 292 297 299 300 303 306 307 309 312 313 311 308 307 305 303 302 302 301 300 300 301 301 300 299 300 300 300 299 298 298 300 303 303 299 294 290 289 290 289 289 291 292 291 292 293 295 295 295 294 294 293 292 291 291 290 289 288 287
317 311 297 285 277 272 268 264 263 266 272 277 280 282 281 277 270 263 254 246 244 249 252 250 254 260 263 265 269 275 280 284 285 281 280 286 295 301 303 304 305 307 308 309 312 314 314 312 311 309 306 305 304 303 302 302 301 300 299 298 299 300 300 299 299 298 299 302 303 299 294 291 289 291 293 293 293 293 291 291 294 297 297 296 295 294 293 292 291 290 289 288 287 287
333 324 308 294 283 277 276 280 283 286 291 294 293 288 283 278 272 267 259 251 251 258 264 264 261 262 264 265 269 277 285 288 289 281 281 291 300 304 303 304 307 308 309 310 313 316 318 317 314 311 307 304 304 304 302 302 302 301 300 298 298 299 300 300 300 300 299 301 303 300 294 292 291 291 292 292 293 296 297 295 295 298 299 297 296 294 293 292 291 290 289 288 287 286
349 340 320 305 298 296 300 303 304 300 295 292 287 280 277 278 277 273 264 259 263 269 274 276 269 265 268 270 269 278 287 289 291 282 285 296 303 304 302 306 311 310 309 312 315 317 320 321 319 315 310 306 304 304 303 302 302 302 302 301 299 298 300 301 299 299 299 299 303 303 296 292 291 291 291 292 293 296 298 296 293 296 299 299 297 295 293 292 290 289 288 287 287 286
4 354 331 318 314 312 310 308 302 293 283 278 276 274 275 281 286 284 273 270 274 278 281 283 280 273 273 273 271 278 287 290 291 285 287 297 303 303 306 310 312 308 308 313 316 317 320 323 322 318 315 311 308 306 305 303 302 302 303 304 303 299 300 301 298 296 298 299 302 303 298 291 291 293 293 293 293 294 295 294 292 293 298 301 299 296 293 291 290 288 287 286 286 285
13 0 335 323 315 309 302 294 286 279 275 273 275 277 280 286 295 301 288 278 278 283 290 293 293 286 280 279 277 281 288 292 291 285 286 295 302 306 311 315 312 306 307 313 316 317 321 325 325 321 318 314 311 308 307 306 304 302 302 305 304 300 298 299 297 295 297 299 301 303 302 296 293 293 293 292 291 290 291 292 292 291 295 299 299 296 293 290 288 286 285 285 284 284
13 360 337 323 312 302 293 287 283 280 275 273 279 284 287 292 303 324 308 284 280 286 298 305 301 295 292 290 284 281 286 292 291 285 288 298 306 311 317 318 315 310 309 312 315 317 320 325 326 323 320 317 314 310 308 308 307 303 301 303 304 301 298 299 299 297 297 299 301 303 303 298 293 292 291 290 290 288 288 289 291 291 293 296 299 297 292 289 285 283 282 282 282 283
16 2 339 324 313 305 300 295 291 287 281 281 290 296 294 296 310 338 327 301 291 292 303 315 307 297 298 296 291 282 281 288 292 289 294 303 311 316 321 320 317 310 304 308 316 320 320 322 324 324 322 321 319 312 309 309 310 306 302 303 305 303 300 300 301 300 298 299 301 303 302 297 293 291 290 289 290 289 288 288 289 291 293 295 298 297 291 286 281 278 279 282 284 284
22 10 347 330 317 310 306 303 300 298 294 291 297 303 299 298 313 343 337 319 304 297 302 319 309 298 301 301 297 289 282 282 288 291 296 304 312 316 319 317 314 304 300 306 317 322 321 320 322 324 324 325 323 317 311 310 311 309 304 304 306 306 303 301 303 302 300 300 302 305 304 300 297 295 291 289 290 291 291 288 287 290 292 292 294 294 288 282 279 278 283 289 289 285
28 19 358 339 326 319 313 310 307 303 300 298 303 308 300 299 315 340 341 326 311 301 304 315 312 308 309 307 302 299 290 282 283 290 296 302 305 309 315 317 311 303 303 308 317 322 323 324 324 325 325 328 326 321 314 312 313 311 307 304 306 309 306 303 304 305 303 303 303 305 306 302 298 297 294 290 290 291 292 289 286 288 292 292 293 294 286 282 282 285 291 294 292 284
33 23 2 345 334 328 322 317 313 306 303 305 310 312 301 300 316 340 345 331 316 310 312 316 317 317 317 315 309 310 307 292 285 288 295 302 306 309 312 314 310 307 309 312 317 324 328 329 327 326 327 330 330 325 317 313 313 312 309 306 307 310 308 304 305 308 306 304 303 304 305 302 296 295 295 292 289 290 292 291 287 287 291 294 293 295 290 287 289 291 293 295 291 283
34 23 4 350 339 332 327 324 318 310 307 311 317 317 302 301 316 343 351 339 327 322 320 319 320 322 324 318 309 316 320 307 292 287 294 304 311 314 312 311 311 312 314 314 317 324 329 328 325 325 328 332 334 330 322 314 312 313 311 308 308 310 309 305 305 309 308 305 304 304 304 303 298 295 295 294 290 288 289 290 286 286 291 293 292 294 294 292 292 293 293 292 289 286
35 26 9 354 341 335 332 328 320 313 309 314 324 322 303 299 312 340 347 339 331 325 321 318 320 325 332 326 316 319 322 312 302 297 301 309 315 319 315 313 316 317 317 316 316 322 326 326 326 327 330 335 339 336 329 319 314 313 312 309 309 312 311 308 307 310 310 307 306 305 306 305 302 297 294 295 294 289 287 288 287 288 292 294 292 294 297 295 293 293 292 291 292 291
39 31 14 357 343 337 335 326 317 312 309 315 329 324 306 295 303 328 338 335 328 320 316 314 315 320 328 328 326 329 327 322 318 311 312 319 325 328 321 319 323 323 320 316 315 319 325 328 329 331 333 339 342 341 335 323 315 314 313 311 310 313 313 310 310 313 313 310 307 306 306 307 306 301 296 295 296 292 289 290 290 290 292 295 294 296 298 296 294 293 293 294 294 291
42 35 17 356 342 338 332 322 313 310 307 312 328 324 309 296 298 317 330 330 324 317 312 310 309 310 314 317 322 328 328 328 323 315 314 320 329 334 332 332 332 328 323 319 318 321 325 327 330 333 334 340 344 344 340 327 317 314 314 312 311 313 312 310 311 312 312 311 308 305 306 307 307 305 299 295 294 294 292 290 288 287 290 294 296 297 299 297 295 294 294 295 294 288
43 37 19 356 343 337 326 316 311 311 308 308 324 329 317 301 297 308 325 328 324 317 310 306 303 303 304 307 311 315 318 320 317 311 309 313 324 331 335 341 342 337 331 327 327 328 328 330 333 335 336 340 345 347 344 331 319 314 314 313 311 313 311 305 301 298 299 305 306 303 304 307 307 306 303 297 294 292 291 289 287 286 289 294 296 299 301 299 296 294 294 295 292 285
43 35 13 356 351 345 331 318 312 314 310 304 318 332 324 308 297 303 320 328 324 315 307 303 299 299 301 305 307 306 306 306 306 306 306 308 315 318 326 338 342 340 332 329 329 330 331 335 340 339 339 341 345 350 348 337 322 315 315 312 309 308 302 291 282 280 285 295 302 302 302 305 305 306 305 302 297 293 290 289 288 289 292 295 298 302 303 301 297 294 295 296 293 288
38 27 5 353 351 347 338 327 318 319 313 303 314 333 326 311 296 296 311 321 320 312 306 300 295 294 296 301 302 302 304 304 303 305 303 302 308 307 312 326 334 334 326 320 319 321 324 333 340 340 339 339 346 353 350 339 324 316 314 309 303 296 287 283 285 287 290 297 302 302 300 301 303 305 306 306 303 297 293 292 290 291 295 300 303 305 307 305 299 297 298 300 294 290
33 22 1 351 346 340 335 328 321 322 314 305 314 333 327 310 295 287 294 306 308 307 303 296 291 291 292 294 298 302 307 306 301 303 302 299 305 306 305 319 329 331 325 315 311 312 315 325 335 339 338 339 347 355 351 340 323 312 307 302 294 289 291 297 300 298 297 298 302 304 301 299 300 302 305 307 308 304 300 298 295 295 299 304 305 307 309 307 300 298 301 305 296 291
32 20 1 354 346 336 330 325 319 322 315 307 316 332 325 310 296 285 283 293 300 302 301 298 295 291 289 296 303 307 313 308 301 303 302 297 301 305 303 312 325 330 328 317 310 310 314 322 334 338 338 341 350 356 353 345 327 309 301 299 299 301 306 308 307 303 300 297 298 302 301 295 294 297 301 306 310 309 305 303 301 296 297 302 304 306 311 307 299 298 303 309 301 295
26 16 2 356 348 338 332 326 320 321 316 307 313 326 318 307 298 291 286 290 296 302 305 301 297 296 301 310 313 318 322 311 301 301 301 295 297 304 303 308 320 328 330 319 308 307 312 322 333 337 338 343 352 358 357 351 338 321 313 315 316 312 313 313 309 304 301 297 295 296 297 294 292 295 298 302 307 308 305 302 300 295 292 296 301 306 313 308 300 301 308 313 305 298
