windninja/windninja_output/Output_2025-08-24_1900-1950_Google earth_Fire_150m_10min/merlingen_7.5mi_point_08-24-2025_1930_150m_ang.asc
ncols	158
nrows	163
xllcorner	391686.332397
yllcorner	5160024.123721
cellsize	150.000000
NODATA_value	-32768.000000
[rows 0 to 41 of 163, columns 0 to 93 of 158]
268 266 264 262 262 263 262 257 255 255 253 245 234 229 234 243 253 258 262 271 276 264 251 251 256 262 262 256 254 255 255 255 256 255 255 259 264 265 265 264 261 261 262 264 267 270 274 277 276 274 273 273 273 274 274 271 269 268 270 272 271 268 266 265 263 260 261 265 270 274 274 272 269 267 266 267 268 268 270 271 270 265 263 265 266 264 260 257 257 255 252 252 252 249
268 267 266 265 264 263 260 258 258 258 254 245 234 232 237 245 253 258 264 269 272 267 258 255 256 259 260 258 257 257 256 257 257 257 258 261 262 264 265 265 264 264 264 266 269 271 273 276 278 277 275 274 273 272 271 270 269 269 270 271 271 270 269 268 266 265 265 266 270 273 274 272 270 269 269 269 268 268 271 272 269 266 265 265 265 266 264 260 259 258 257 257 256 254
268 268 268 267 266 263 258 259 262 261 257 246 236 238 243 250 255 259 264 266 266 269 269 262 258 257 257 260 260 258 258 259 260 261 263 264 263 264 265 266 268 269 269 270 272 273 274 275 276 277 276 275 272 270 270 271 272 272 271 271 272 272 272 271 271 270 269 269 271 272 273 272 273 273 273 271 269 270 272 272 268 266 267 266 266 269 270 266 263 263 264 265 264 263
268 267 266 265 265 263 261 262 263 263 257 245 240 244 251 256 259 261 262 262 263 266 271 268 262 258 257 258 258 258 259 260 262 265 266 266 266 265 266 269 270 271 273 274 275 275 275 274 273 274 275 274 271 270 271 272 273 273 272 271 272 273 273 272 272 272 272 271 272 272 272 272 274 274 273 273 273 272 271 270 269 267 267 268 269 271 273 271 268 267 268 269 271 271
269 267 264 263 263 263 265 267 267 262 253 244 243 250 258 261 261 261 260 259 260 265 272 274 268 262 259 257 257 257 257 259 263 266 267 267 267 267 269 272 273 274 275 276 275 275 274 273 272 272 271 271 271 270 271 272 272 273 273 273 273 273 273 272 273 273 273 272 272 271 271 272 274 274 273 273 274 274 271 269 269 269 269 270 271 272 276 279 277 274 272 273 277 280
271 270 266 264 264 265 268 270 267 260 253 249 249 256 263 263 261 259 259 259 260 265 273 279 276 269 264 260 258 258 259 260 262 264 265 266 268 271 272 273 275 276 276 275 274 272 272 272 271 270 268 268 269 270 270 271 273 274 274 274 274 273 273 273 274 274 274 273 272 271 270 271 274 276 274 273 274 276 273 268 267 272 273 273 272 272 276 282 284 283 281 280 282 287
271 272 271 269 267 267 268 267 263 258 256 255 257 262 265 264 261 258 257 258 260 264 271 280 281 275 269 266 264 262 262 264 264 262 263 267 270 272 272 272 273 274 273 272 271 271 270 270 270 268 267 267 268 269 270 271 273 274 275 276 276 275 274 273 273 274 275 274 273 272 271 272 275 276 276 274 274 274 272 267 269 275 277 275 274 273 275 281 287 290 289 286 285 286
269 270 272 273 271 269 267 264 261 260 261 262 264 266 265 264 262 259 258 258 260 263 267 275 282 280 274 272 269 266 267 267 266 264 266 268 270 270 269 269 269 270 270 270 270 271 270 270 269 268 267 268 268 268 269 272 274 275 277 278 279 277 275 273 272 273 275 275 274 274 274 274 274 274 276 275 273 271 268 267 272 277 279 278 276 275 277 281 286 291 292 290 287 285
269 269 270 272 272 270 267 263 262 263 266 269 271 270 267 264 263 262 260 259 261 263 264 269 277 283 279 274 271 270 270 270 268 267 268 269 268 267 266 266 266 267 268 269 270 270 270 269 269 269 269 270 269 268 270 273 275 277 278 278 277 276 276 273 270 272 275 276 275 274 275 275 273 272 273 274 273 269 266 269 274 279 283 283 282 282 282 284 289 294 297 295 293 293
269 269 269 270 270 269 267 265 265 266 269 272 276 275 269 265 264 264 263 262 262 262 263 265 270 278 280 275 272 273 272 271 270 269 268 267 266 265 265 264 265 266 268 269 269 269 269 269 269 270 270 269 270 272 273 274 275 275 274 272 272 274 276 274 273 274 276 276 274 271 271 273 273 272 272 272 271 270 271 275 278 280 285 288 287 287 287 289 294 297 297 297 298 299
269 269 269 268 268 267 267 267 267 268 270 272 277 278 273 268 266 266 267 266 264 263 263 264 266 271 276 274 272 273 272 270 270 270 268 266 264 264 264 265 265 266 267 267 267 268 269 269 268 269 271 271 271 274 274 272 271 271 269 267 268 270 273 276 279 279 277 275 272 269 270 272 274 274 272 270 271 275 282 283 282 281 283 288 290 291 292 290 292 294 291 291 294 296
269 269 268 268 267 267 268 268 268 268 270 272 275 278 276 272 270 269 269 269 268 266 264 263 263 265 266 269 271 272 271 269 270 271 269 266 264 264 266 266 266 266 266 265 265 265 266 265 264 266 271 272 272 272 272 270 267 266 265 264 265 267 272 280 282 281 278 274 272 273 274 273 274 275 275 275 277 282 288 290 286 282 283 287 292 296 294 289 289 293 289 286 287 292
268 268 268 267 267 268 268 268 268 269 270 271 274 276 277 275 274 273 271 271 270 268 265 262 260 258 260 265 269 270 270 269 270 270 268 265 266 267 268 267 266 266 264 263 262 261 258 257 259 264 268 269 269 269 271 271 268 264 260 259 262 266 273 280 283 282 279 279 282 283 279 275 275 280 284 285 284 285 289 292 290 287 286 288 291 294 292 287 288 293 289 283 283 289
268 268 268 268 268 268 268 268 268 269 270 271 272 274 275 276 277 277 274 272 271 269 265 262 258 257 259 264 267 268 269 270 270 269 267 266 267 268 268 267 266 264 261 261 260 258 254 252 255 261 265 267 267 267 270 273 272 266 258 258 264 270 275 280 283 282 281 285 292 292 285 281 281 285 289 288 286 285 284 286 289 289 289 287 285 287 287 283 281 285 285 279 277 279
268 268 268 268 268 268 267 267 268 269 270 271 273 274 273 274 276 279 278 274 270 267 264 260 258 258 260 263 265 266 267 269 270 269 269 269 267 265 264 263 262 258 257 259 261 259 259 259 256 257 261 265 265 266 269 272 274 272 265 264 269 274 279 281 280 281 284 288 294 300 298 290 287 286 287 287 286 282 279 282 287 290 288 284 280 279 280 276 271 273 276 273 269 270
267 267 267 268 268 267 267 268 268 269 270 271 273 276 276 273 273 274 276 274 270 267 263 260 259 261 263 263 263 265 267 269 269 268 268 267 264 262 259 258 258 256 257 261 263 261 263 266 263 259 261 264 268 270 270 269 272 276 274 272 274 278 281 281 278 279 285 288 292 302 307 297 289 286 286 287 284 280 280 284 287 287 283 279 275 273 271 268 265 264 267 269 267 267
267 267 267 267 267 267 267 268 268 269 270 271 273 278 280 276 272 270 271 271 269 266 264 262 262 262 263 263 264 266 268 267 264 262 261 261 262 261 258 258 259 260 262 263 263 263 263 264 268 270 269 268 271 272 270 267 267 273 278 278 278 279 281 281 278 278 282 287 290 297 304 300 292 291 291 289 285 283 285 286 284 281 278 274 270 267 264 261 264 268 269 269 268 268
267 267 267 267 267 267 267 267 268 269 269 271 273 276 280 278 273 270 268 268 267 266 265 264 264 262 262 265 267 267 266 262 257 254 255 258 261 262 261 261 263 264 265 264 262 264 265 266 270 275 276 274 272 271 269 267 268 271 278 280 279 279 279 280 280 280 281 285 287 289 296 301 298 297 297 293 290 288 285 280 274 273 271 267 263 263 262 262 268 277 279 273 270 270
266 266 266 266 266 267 267 268 268 268 269 270 272 274 277 277 274 270 268 266 265 265 265 266 265 263 263 265 267 266 262 257 253 253 256 259 261 263 263 264 265 265 265 265 264 265 270 273 273 273 275 276 274 271 270 271 271 272 276 279 278 277 277 279 282 282 281 281 283 286 293 300 299 297 298 296 291 285 276 269 268 269 269 267 264 263 265 268 271 278 284 280 274 273
266 266 266 266 266 266 267 267 268 268 268 269 271 272 274 275 273 270 267 266 265 265 266 266 265 265 264 264 264 263 260 255 253 255 258 261 263 265 266 266 266 265 265 265 266 269 272 275 274 272 272 275 276 276 276 275 273 273 275 277 276 274 275 279 281 282 280 279 283 289 294 298 296 294 296 295 288 278 272 269 271 273 275 275 272 269 268 269 271 276 284 286 279 275
266 266 266 266 266 266 266 267 267 268 268 269 270 271 271 272 270 269 268 267 266 266 266 266 265 264 263 263 262 261 258 254 254 257 261 263 265 267 268 267 265 265 264 265 269 272 272 272 273 273 272 274 278 281 280 277 275 273 273 273 272 272 275 280 282 282 283 284 287 291 292 292 290 290 293 295 287 278 274 274 277 278 279 280 279 274 270 269 271 277 284 289 280 276
266 266 265 265 266 266 266 266 267 267 268 268 269 270 270 270 269 268 268 267 267 266 266 266 265 264 263 262 262 261 258 256 257 262 265 265 266 266 266 265 263 263 264 267 269 270 271 272 274 274 274 275 277 280 281 280 278 276 273 270 270 272 276 280 283 285 288 289 289 288 286 283 283 285 290 297 293 283 276 276 278 278 278 281 283 278 273 272 275 279 285 290 282 277
265 265 265 265 266 266 266 266 266 267 268 268 268 269 269 269 269 268 268 267 267 266 266 265 264 263 262 261 260 261 260 261 264 266 266 267 265 263 263 263 263 264 265 266 268 270 273 274 275 275 274 275 276 277 280 281 281 279 276 270 270 273 276 281 287 291 293 291 286 281 278 277 279 283 290 300 302 290 281 276 274 274 276 280 285 283 280 278 278 280 284 289 283 278
265 265 265 265 265 265 265 266 266 267 268 268 267 267 268 269 269 268 268 267 266 266 265 264 263 262 260 259 260 262 264 267 268 267 265 265 265 263 263 265 266 266 266 266 269 274 274 273 274 274 274 274 275 277 280 282 282 281 279 273 271 272 276 284 292 295 293 287 279 272 271 274 279 285 291 299 304 295 286 277 271 271 273 277 283 287 288 284 279 279 282 285 281 278
264 264 265 265 265 265 265 265 266 267 267 268 267 267 267 268 268 268 268 267 267 266 265 264 262 260 257 257 260 265 268 270 271 268 265 264 263 264 266 268 269 269 268 270 273 273 271 270 271 273 274 275 276 278 279 281 281 280 279 276 273 274 280 287 292 291 286 277 269 266 268 276 283 288 290 291 295 295 291 283 276 273 272 273 278 286 290 286 281 279 280 282 279 278
264 264 264 265 265 265 265 265 266 267 267 267 268 268 267 267 268 268 268 267 267 266 265 264 262 258 253 255 260 265 269 272 274 272 267 263 262 264 269 271 272 272 273 275 273 269 267 269 271 273 274 275 276 278 280 282 281 277 276 277 279 283 287 288 287 285 279 269 262 263 271 283 289 289 288 284 284 291 296 293 286 280 275 273 275 282 288 287 283 282 284 287 282 279
264 264 264 264 264 265 265 266 266 266 266 266 267 268 268 268 268 268 267 267 267 266 265 264 261 256 251 254 260 263 266 271 275 276 272 266 262 264 269 274 275 276 278 276 273 269 267 269 272 273 273 273 275 278 283 285 279 272 274 281 286 289 290 286 281 275 270 263 260 267 278 287 290 289 289 285 279 284 296 302 295 287 281 278 278 280 284 283 280 281 287 295 287 280
263 263 263 264 264 264 265 266 266 266 266 266 267 267 268 268 268 268 267 267 267 267 266 264 261 256 253 256 258 259 261 267 274 277 277 273 267 267 270 274 277 278 280 278 274 272 270 268 271 274 273 272 275 279 284 287 278 272 279 286 289 289 287 282 275 268 262 258 265 274 281 285 288 288 290 289 279 279 290 302 300 293 288 285 282 279 277 276 275 277 284 296 294 284
263 263 263 263 264 264 265 266 266 265 266 266 266 267 268 268 268 268 268 268 268 267 267 265 263 259 259 260 258 254 256 262 269 274 278 281 277 272 272 276 279 280 281 279 278 276 273 269 269 273 276 274 275 277 281 286 283 278 281 287 289 286 282 277 272 266 261 262 273 280 283 284 285 285 287 290 284 278 281 293 301 300 294 288 283 276 272 274 273 273 277 289 297 291
263 263 263 263 264 264 265 265 265 265 266 266 266 267 268 268 268 268 269 269 268 268 267 266 266 266 267 265 259 253 253 257 262 270 280 288 285 277 276 279 281 281 280 279 278 277 275 274 273 275 276 275 274 273 274 278 284 280 280 284 287 283 275 269 267 266 266 270 278 283 284 283 280 279 283 289 287 278 275 283 297 304 297 288 281 276 276 278 276 272 271 279 292 295
263 263 262 262 263 264 265 265 265 265 266 266 267 267 268 268 269 269 269 269 269 268 268 268 269 271 273 269 262 256 254 256 261 271 281 290 287 281 279 280 282 281 279 276 275 276 278 280 279 275 273 273 271 268 267 268 274 279 280 280 281 279 269 261 263 269 274 276 278 281 283 279 274 276 285 292 288 279 274 279 291 302 299 290 285 283 283 282 278 272 268 270 279 288
262 262 262 262 263 264 265 265 265 265 266 266 267 267 268 268 269 269 270 270 270 270 269 269 271 274 275 272 265 259 260 264 267 272 279 288 288 283 281 280 279 277 275 273 272 275 278 279 277 272 271 271 269 266 263 259 267 276 280 278 276 273 263 258 264 274 281 281 278 278 279 276 277 284 292 293 289 281 276 277 285 297 298 293 289 287 284 280 275 271 268 266 268 278
261 262 262 262 264 264 264 264 265 265 266 266 267 267 268 268 268 269 270 271 271 271 271 271 274 276 277 275 269 265 267 270 270 270 274 285 289 283 280 276 273 272 272 272 272 273 276 275 272 270 271 271 270 267 262 260 268 273 275 275 273 269 261 259 266 276 287 287 279 276 277 281 286 292 296 296 292 285 278 277 279 286 291 292 290 286 282 278 273 270 269 267 267 273
261 261 261 263 264 264 264 264 265 266 266 267 267 267 268 268 268 269 270 271 271 272 273 274 275 278 279 278 277 275 273 271 269 267 270 282 291 282 276 272 270 269 269 270 270 273 274 271 269 270 270 271 271 269 265 266 273 273 270 269 270 271 267 264 267 273 285 290 282 277 280 286 289 293 297 299 297 291 282 275 272 275 282 288 291 287 282 280 277 272 270 270 272 277
260 260 260 263 264 264 264 264 265 266 267 267 267 268 268 268 269 270 270 271 272 273 275 277 277 278 279 281 284 283 279 273 270 269 269 276 286 279 272 269 267 265 266 266 268 271 271 269 269 270 271 270 271 270 269 271 276 276 270 266 266 271 277 272 267 268 277 288 289 285 285 286 285 288 293 297 299 295 285 274 267 268 274 281 290 290 282 281 281 275 273 275 278 283
260 260 261 262 263 263 263 264 265 266 267 267 268 268 268 269 269 270 271 272 273 274 275 277 279 279 281 283 286 286 283 280 277 275 271 269 272 273 268 265 262 261 262 265 268 270 271 270 271 271 271 270 270 272 274 275 277 277 273 268 266 270 281 281 270 267 272 283 291 292 287 281 279 281 288 295 297 290 284 277 270 267 267 272 280 290 286 282 283 282 280 281 281 282
260 261 262 263 263 262 263 265 265 266 267 267 268 268 269 269 270 270 271 272 273 274 275 277 279 281 283 285 286 288 289 287 283 278 271 265 261 261 261 259 259 261 263 266 269 271 271 272 273 272 272 272 273 274 277 277 275 275 274 270 268 271 280 287 277 269 271 279 288 290 282 275 274 280 288 293 293 286 281 282 279 270 265 264 270 286 294 287 284 288 287 284 281 280
260 261 262 263 263 262 264 265 266 266 267 268 268 268 269 270 270 271 271 272 273 274 275 277 279 282 285 289 291 292 292 289 284 277 270 263 256 251 254 257 260 264 267 269 271 272 273 273 272 272 274 277 276 276 277 278 276 274 273 272 270 271 278 287 284 274 273 277 282 280 273 273 279 287 291 289 292 291 282 282 284 278 269 264 269 281 296 295 288 290 290 285 282 284
260 261 262 262 263 263 264 265 266 267 268 268 268 269 269 270 271 271 272 272 273 274 276 277 279 282 287 294 296 292 289 287 282 277 270 261 249 249 255 260 263 267 270 272 272 273 275 275 273 273 277 281 280 276 277 281 281 276 274 273 271 270 273 282 285 278 276 276 276 271 274 282 287 290 288 285 293 303 285 278 284 283 275 270 272 278 292 301 294 291 290 286 285 286
260 261 262 262 263 264 264 265 267 268 268 268 268 269 270 270 271 272 272 273 274 275 276 277 279 283 288 294 294 289 285 285 283 277 270 257 247 253 258 261 266 270 273 275 275 274 276 277 277 275 277 282 285 282 281 284 286 282 278 274 270 264 263 270 281 279 276 275 272 274 283 289 288 284 280 285 296 314 295 279 278 279 278 277 276 278 287 300 299 292 289 287 286 284
260 260 262 262 263 264 265 266 268 268 268 268 269 269 270 270 271 272 272 273 274 275 276 277 279 282 287 291 291 287 285 285 284 278 268 258 256 260 261 263 267 272 276 278 277 276 276 279 280 277 276 282 291 290 284 282 284 283 277 272 265 257 255 262 276 279 275 273 274 281 288 286 280 280 283 288 299 323 307 282 272 272 277 279 278 280 288 298 299 293 290 285 281 279
260 260 261 263 264 265 266 267 267 268 268 269 269 270 270 271 271 272 273 274 275 275 276 277 279 281 284 287 289 288 286 285 284 279 271 265 266 269 270 270 271 274 275 277 279 281 279 279 280 279 278 282 290 291 284 277 276 276 272 266 260 256 257 262 270 277 275 275 280 285 283 277 278 286 290 291 302 325 308 283 273 273 277 279 282 286 291 295 295 293 291 283 275 274
