windninja/windninja_output/Output_2025-08-24_1900-1950_Google earth_Fire_150m_10min/merlingen_7.5mi_point_08-24-2025_1900_150m_ang.asc
ncols	158
nrows	163
xllcorner	391686.332397
yllcorner	5160024.123721
cellsize	150.000000
NODATA_value	-32768.000000
[rows 42 to 83 of 163, columns 0 to 94 of 158]
308 309 311 313 315 316 318 319 321 322 323 324 324 325 325 326 326 326 326 326 326 326 327 326 326 327 326 326 326 323 320 320 322 326 332 338 338 333 331 329 328 327 328 328 327 328 328 328 327 323 315 313 319 322 316 311 310 310 304 297 299 306 308 307 308 310 309 309 312 316 316 312 313 320 317 316 332 350 346 330 318 314 309 306 307 309 314 315 312 309 306 298 289 289 296
306 307 308 310 312 314 316 318 319 320 322 323 323 324 324 324 325 325 325 325 325 326 326 325 325 326 325 325 324 323 320 321 323 328 333 336 334 330 328 327 324 323 322 321 322 325 325 322 320 317 311 310 316 321 316 310 307 306 302 298 301 306 307 308 308 311 314 316 319 327 328 321 321 324 321 323 340 356 351 332 319 315 311 308 307 308 308 305 304 305 304 301 294 292 297
304 305 306 308 310 312 314 316 317 319 320 321 322 323 323 323 324 324 324 324 325 325 325 325 325 325 325 324 324 323 322 322 324 328 331 332 328 323 323 323 322 321 318 316 319 324 323 320 319 317 314 314 318 322 317 310 307 305 304 304 306 308 310 310 310 310 313 316 323 332 331 325 325 325 324 329 349 3 352 330 318 316 312 306 302 300 298 296 296 298 300 300 296 293 295
304 304 305 307 308 310 312 314 316 317 318 319 320 321 322 322 323 323 323 324 324 324 324 324 324 324 324 323 323 323 323 323 324 327 329 327 324 321 320 322 323 319 314 314 322 327 323 320 318 316 315 313 315 318 313 307 305 306 308 310 311 312 314 315 312 310 311 313 320 326 323 321 320 320 322 331 355 6 347 328 320 315 308 299 292 292 295 294 292 293 297 299 297 293 292
304 304 305 306 307 308 310 312 314 315 317 318 319 320 321 321 322 322 322 323 323 323 323 323 323 323 322 323 322 322 322 322 323 326 327 326 323 322 322 322 321 317 313 315 324 325 321 317 315 314 313 312 313 312 309 306 307 309 311 314 316 316 316 316 313 310 310 310 316 320 316 314 312 312 317 331 356 358 336 322 314 308 299 290 288 293 296 296 293 291 295 298 297 294 291
303 303 304 305 305 305 307 310 312 314 315 317 318 319 319 320 320 321 321 321 322 322 322 322 322 322 322 322 322 322 322 321 322 323 324 324 323 322 321 321 319 316 314 319 326 322 317 314 312 314 314 313 313 312 313 313 312 312 313 316 319 315 312 311 309 307 307 309 314 317 314 311 308 308 314 329 350 343 325 311 303 298 293 293 296 299 299 298 294 293 295 297 297 295 292
302 303 303 304 303 303 305 308 310 312 313 315 316 317 318 318 319 319 320 320 321 321 321 321 320 321 321 321 321 321 321 321 321 322 323 323 322 321 320 319 318 315 315 322 325 319 315 312 312 316 317 315 312 311 314 315 313 314 315 319 320 313 307 305 303 303 305 309 313 314 311 309 307 307 312 325 336 329 317 306 300 298 299 301 304 305 303 302 301 299 296 293 293 294 293
302 302 303 303 302 302 304 307 309 311 312 313 315 316 317 317 318 318 319 319 320 320 320 320 320 320 321 321 321 320 320 321 321 321 322 323 322 321 321 320 317 315 316 321 321 315 311 312 314 318 323 319 316 317 319 318 315 314 315 318 318 310 302 299 300 303 306 309 312 312 310 308 307 308 312 321 326 324 316 308 304 303 305 306 307 307 307 308 305 301 295 288 286 289 290
301 302 303 304 303 302 304 306 308 310 311 312 314 315 316 316 317 317 318 318 319 319 319 319 319 320 320 320 320 320 320 320 320 320 321 322 321 321 320 320 318 317 318 321 318 311 309 310 312 318 322 316 317 321 322 318 315 313 314 315 312 305 297 296 299 304 307 309 310 309 308 306 306 309 314 319 322 321 315 308 305 304 306 308 308 309 309 307 303 298 292 284 280 281 282
301 302 304 304 303 304 305 306 308 310 311 312 313 314 314 315 316 317 317 317 318 318 318 319 318 319 319 319 319 319 319 319 319 319 320 320 319 319 319 320 319 317 318 320 317 310 309 312 315 322 324 319 318 319 318 314 312 311 311 311 307 301 295 295 299 305 308 310 310 309 307 306 308 312 314 316 318 318 313 308 304 302 302 305 308 308 307 303 298 293 289 281 274 273 278
301 302 305 304 302 303 305 305 307 310 311 311 312 313 313 314 314 315 316 316 317 317 317 317 317 318 318 318 318 318 318 318 318 319 319 318 318 318 318 320 319 316 316 319 317 311 311 321 327 329 329 325 322 320 315 310 308 308 308 307 305 302 296 295 300 307 311 313 312 310 309 310 313 315 314 314 316 315 310 306 303 299 299 301 303 304 303 300 295 290 285 279 273 274 284
301 302 305 305 303 304 306 305 305 308 310 310 311 312 312 313 313 314 315 315 315 316 316 316 317 317 317 317 317 317 317 318 318 318 318 318 318 318 318 319 319 316 316 318 317 314 318 329 329 328 327 325 321 318 312 307 307 309 308 306 305 303 297 296 302 310 315 318 315 313 314 317 318 317 314 313 315 312 307 304 303 300 300 302 302 301 302 301 296 289 284 282 280 283 293
302 302 305 307 305 305 307 305 303 305 308 309 309 311 311 312 313 313 314 314 314 315 315 315 316 316 316 316 317 317 317 317 317 317 317 317 317 317 317 318 318 315 314 316 317 317 322 329 326 325 326 322 318 314 307 305 309 314 312 310 308 304 299 298 305 314 321 325 322 319 320 321 319 315 313 314 315 312 308 308 308 305 304 305 304 302 303 302 297 291 288 289 292 294 295
302 301 302 304 302 301 304 304 302 303 306 308 308 309 310 311 312 312 313 314 314 314 314 315 315 315 316 316 316 316 316 316 316 316 316 316 316 316 316 316 315 313 311 313 316 318 322 325 324 324 327 321 317 313 305 305 313 318 315 312 311 307 302 300 307 317 325 329 324 321 323 322 316 315 315 316 317 313 310 313 313 309 306 306 305 304 304 304 301 295 292 293 299 302 297
302 301 300 301 300 298 300 302 301 301 304 307 307 308 309 310 310 311 312 313 313 313 314 314 314 315 315 315 315 315 315 315 315 315 315 315 315 315 315 315 314 313 312 314 316 319 321 322 322 325 327 319 315 311 303 305 317 320 317 314 311 308 303 300 305 316 325 327 323 320 322 320 318 318 318 320 319 315 314 315 315 310 307 305 305 303 303 304 304 299 295 299 308 312 304
301 301 300 301 302 301 301 303 303 302 305 308 308 307 308 309 310 311 311 312 312 312 313 313 314 314 314 314 314 314 314 314 315 315 315 315 315 315 315 314 314 314 314 315 316 317 318 319 320 324 325 317 313 309 302 307 321 321 317 315 311 307 302 298 302 314 324 327 325 323 323 320 319 320 320 323 321 316 316 317 316 312 308 305 301 297 295 297 301 303 306 312 317 316 308
301 301 301 301 302 302 303 304 305 304 306 309 307 306 307 308 308 309 310 311 311 311 312 312 313 313 313 313 314 314 314 314 314 314 314 314 314 314 314 314 314 314 314 314 315 314 315 316 317 321 324 318 312 308 303 308 320 319 314 312 310 306 302 298 300 312 324 331 334 329 323 321 320 320 321 323 320 317 318 319 317 313 308 304 299 295 294 297 304 310 312 313 316 314 305
301 301 301 300 300 301 301 303 304 303 304 306 306 305 306 307 308 309 309 310 311 311 311 312 312 313 313 313 313 313 313 313 313 313 313 313 313 313 313 313 314 314 314 314 314 314 314 315 317 321 324 320 311 306 303 308 317 315 311 309 308 306 302 299 300 309 324 337 338 326 321 321 320 320 322 322 318 316 317 317 316 311 307 305 301 299 301 306 312 313 310 308 309 307 296
300 301 301 300 300 300 300 300 301 302 304 307 308 307 307 308 308 308 309 310 311 311 311 312 312 312 312 312 312 312 312 313 313 313 313 313 313 313 313 313 313 313 313 314 314 314 314 315 317 320 323 320 311 305 304 309 313 311 308 307 306 305 301 298 300 307 322 340 335 321 319 320 319 319 322 321 317 316 316 315 313 309 305 304 302 303 307 312 313 310 308 305 303 299 288
301 301 300 300 300 300 299 299 301 303 306 309 310 309 308 308 308 309 309 309 310 310 310 311 311 311 311 311 311 312 312 312 312 312 312 312 312 312 312 313 313 313 313 313 313 314 314 315 316 319 322 319 310 304 303 307 308 306 305 304 304 303 301 299 301 307 322 340 329 320 320 320 318 319 321 320 316 317 318 316 315 310 305 302 302 304 309 312 310 308 307 304 298 289 278
302 301 300 300 300 300 300 301 301 303 305 308 309 309 309 308 308 309 309 309 309 309 309 310 310 310 310 310 311 311 311 311 311 311 312 312 312 312 312 312 312 312 312 313 313 313 314 314 315 317 320 319 311 306 306 307 305 303 303 303 303 304 304 303 303 307 323 335 324 320 320 319 317 319 320 319 318 318 319 319 317 313 308 305 306 307 308 310 308 306 304 299 286 275 265
303 302 299 299 300 300 301 301 302 302 303 306 308 309 310 309 308 308 309 309 309 309 309 310 310 310 310 310 311 311 311 311 311 311 311 311 311 311 311 312 312 312 312 312 312 313 313 313 314 315 318 319 313 310 312 311 304 302 303 305 307 308 306 302 299 301 316 324 321 321 321 319 317 319 321 321 322 322 324 324 321 318 314 312 314 311 309 309 306 301 296 287 276 262 246
305 302 299 299 299 299 299 299 300 301 302 304 308 310 310 309 309 309 310 310 310 309 309 309 310 309 309 309 310 310 310 310 310 311 311 311 311 311 311 311 311 311 311 312 312 312 312 312 313 314 315 316 313 311 315 314 305 303 304 306 309 309 302 292 291 299 313 319 320 321 321 318 316 319 323 324 325 326 330 330 327 324 320 317 315 310 307 306 302 294 287 278 264 244 228
308 304 300 300 300 299 299 298 297 299 300 302 307 310 310 309 309 309 309 309 309 310 309 309 309 309 308 309 310 310 310 310 310 310 310 310 310 310 311 311 311 311 311 311 311 311 311 312 312 312 313 313 312 310 313 315 308 304 304 305 307 308 301 297 303 311 318 320 321 321 321 318 316 319 324 326 326 328 334 334 330 327 323 321 315 307 304 301 296 289 280 264 242 225 211
310 306 302 301 300 300 302 301 300 300 302 303 306 309 310 310 309 308 309 309 310 312 310 309 310 309 308 309 309 309 309 310 310 310 310 310 310 310 310 310 310 310 310 311 311 311 311 311 311 311 311 311 311 309 311 312 308 303 300 300 306 316 313 310 312 315 319 321 321 320 319 316 315 320 325 326 327 330 337 338 333 329 326 322 313 305 300 296 288 278 265 240 220 204 197
311 309 306 304 302 303 307 306 302 302 303 305 307 309 310 309 308 309 309 309 311 313 311 311 311 309 307 307 307 307 308 309 309 309 309 309 309 310 310 310 310 310 310 310 310 310 310 310 310 310 310 310 309 309 308 308 305 300 296 295 307 319 315 312 311 313 317 320 320 319 318 315 314 318 324 326 328 334 340 337 331 326 320 316 308 297 290 284 276 264 242 215 200 192 194
309 309 311 313 311 311 315 315 307 303 304 307 308 309 311 310 308 309 310 309 309 310 311 312 312 311 307 304 304 305 307 308 308 309 309 309 309 309 309 309 309 309 310 310 310 310 310 310 310 309 309 309 309 308 307 306 303 300 297 296 304 313 311 309 309 311 315 318 319 319 318 315 313 316 322 325 329 335 337 331 324 317 309 303 298 288 278 272 265 244 216 193 188 192 199
303 304 306 310 311 312 319 323 315 311 313 317 317 316 316 316 312 309 309 309 308 308 308 309 312 311 305 303 304 305 306 307 308 308 309 309 309 309 309 309 309 309 309 309 309 309 309 309 309 309 309 308 308 307 307 306 304 302 300 299 302 307 307 306 305 308 311 314 317 319 318 315 312 317 323 325 328 333 333 325 316 308 298 293 293 285 275 268 250 219 195 184 188 198 211
299 299 298 297 298 299 308 317 313 310 315 320 320 320 320 319 316 312 310 310 309 308 306 306 310 311 305 303 305 306 306 306 307 308 308 308 308 309 309 309 309 309 309 309 309 309 309 308 308 308 308 308 307 307 306 306 305 304 303 302 303 304 303 300 300 303 305 308 311 315 317 313 312 319 324 325 327 329 329 321 310 300 294 293 291 284 272 255 227 199 187 186 196 209 235
299 298 296 294 291 289 293 301 302 299 301 306 308 310 313 315 314 312 312 311 310 307 306 306 311 315 308 305 306 307 307 307 307 307 308 308 308 308 308 308 308 308 308 308 308 308 308 308 308 308 308 307 307 307 306 306 305 305 304 304 304 304 302 301 301 301 301 301 304 309 313 311 310 318 324 324 324 326 326 318 307 298 298 296 289 280 265 237 204 190 189 196 214 238 265
299 299 298 296 294 292 293 296 295 290 287 290 294 297 301 304 307 308 310 311 311 310 309 309 314 317 311 305 305 307 308 307 307 307 308 308 308 308 308 308 308 308 308 308 308 308 308 307 307 307 307 307 307 306 306 306 305 305 305 305 305 305 304 304 304 303 302 301 302 305 307 305 304 311 319 319 319 321 324 319 310 305 303 297 287 272 247 214 198 196 200 217 237 257 289
300 299 299 298 296 295 295 295 293 290 289 292 295 298 299 301 303 304 305 308 310 311 311 312 315 317 312 306 304 305 307 307 306 307 309 309 308 308 308 308 308 308 308 308 307 307 307 307 307 307 307 307 306 306 306 306 306 305 305 305 305 305 305 305 304 304 304 304 305 304 303 301 299 306 314 315 316 319 325 323 315 310 304 295 283 259 220 200 206 214 229 258 276 299 315
301 299 298 297 295 294 294 294 293 293 294 295 297 300 302 303 304 304 304 306 307 307 308 310 313 316 313 308 304 303 305 306 306 308 310 310 309 308 308 308 308 308 307 307 307 307 307 307 306 306 306 306 306 306 306 306 306 306 305 305 305 305 305 305 305 305 306 306 306 305 305 304 305 310 315 316 318 321 328 327 318 311 302 290 272 232 202 205 222 235 266 295 318 316 314
301 298 295 295 293 292 292 293 293 294 295 296 298 300 302 303 304 305 305 306 306 305 305 306 309 313 312 308 305 303 304 306 306 306 307 309 309 308 308 308 308 308 307 307 307 306 306 306 306 306 306 306 306 306 306 306 306 306 306 305 305 305 305 305 306 306 306 307 306 306 307 308 310 314 317 317 319 325 332 327 316 306 295 279 247 201 202 218 236 253 279 309 318 309 307
303 297 292 292 291 290 290 291 292 294 296 298 299 300 301 303 304 305 305 306 306 306 305 306 308 310 309 307 306 305 303 303 302 300 301 305 307 307 308 309 308 308 307 307 306 306 306 306 306 306 306 306 306 306 306 306 306 306 306 306 306 306 306 306 306 306 306 307 307 308 309 310 311 314 317 316 319 326 331 321 309 298 284 257 205 196 214 225 240 268 296 320 315 304 300
311 298 285 283 286 288 289 290 292 295 298 300 301 301 302 303 304 305 305 305 306 306 306 307 308 309 307 305 306 305 302 300 299 299 301 304 306 307 307 308 309 308 307 306 306 305 305 305 305 305 305 305 305 306 306 306 306 306 306 306 306 306 306 306 306 306 307 307 307 308 309 311 312 314 316 317 320 326 326 314 301 290 269 231 209 222 243 256 282 308 320 322 314 305 300
328 301 272 272 281 286 288 291 295 300 303 303 303 303 303 304 305 305 306 306 306 305 306 307 310 309 306 305 306 306 304 302 302 303 303 305 307 306 306 307 309 308 306 306 305 304 304 304 304 304 305 305 305 305 306 306 306 306 306 306 306 306 306 306 306 307 307 307 308 308 309 311 312 313 315 317 321 325 323 310 297 285 260 248 265 290 303 315 319 319 318 316 311 304 301
12 339 264 272 280 290 296 299 301 307 309 308 306 305 305 305 305 306 306 306 305 305 305 307 311 310 306 306 307 309 309 305 304 303 302 304 307 307 305 305 308 307 305 304 304 303 303 302 303 303 304 305 305 305 306 306 306 306 306 306 306 306 306 306 306 307 307 307 308 309 310 311 312 313 315 317 321 324 322 311 300 297 301 307 313 316 323 321 317 314 311 308 306 303 303
35 11 302 289 295 308 316 315 313 315 316 312 308 306 306 306 305 305 306 305 305 304 304 307 312 311 307 306 307 310 311 308 307 305 304 304 306 307 305 305 307 306 303 302 301 301 300 300 300 301 303 304 305 306 306 306 306 306 306 306 306 306 306 306 306 307 307 307 308 309 310 311 312 313 315 317 320 323 322 317 316 323 326 325 323 322 320 316 313 309 306 304 302 302 302
47 2 299 299 305 316 332 333 327 325 323 318 311 307 306 305 305 304 305 305 305 304 304 307 311 310 306 305 306 309 311 310 309 308 305 304 305 306 306 305 307 308 303 300 298 296 295 294 294 297 301 304 305 306 306 306 306 306 306 306 306 306 306 306 306 307 307 307 308 309 309 311 311 313 314 316 319 322 324 325 331 335 334 332 329 323 316 313 310 307 304 302 300 300 301
38 330 303 307 312 322 337 340 337 333 329 321 312 308 305 304 303 303 303 304 303 303 304 306 311 310 306 306 307 308 309 308 306 304 302 302 303 305 305 306 308 310 308 305 303 301 301 300 299 300 303 305 306 307 307 306 306 306 305 306 306 306 306 306 306 307 307 307 308 308 309 310 311 312 314 316 318 322 325 329 336 341 340 339 334 320 313 310 308 306 304 302 299 300 302
315 319 318 316 316 319 328 335 336 332 326 317 310 306 303 302 301 300 301 302 302 303 303 305 310 311 308 308 308 307 306 306 304 302 300 298 298 300 303 304 307 309 311 311 311 311 312 312 310 310 311 310 309 309 308 307 306 306 305 305 306 306 306 306 306 306 307 307 308 308 309 310 311 312 313 315 318 321 325 330 339 346 346 341 327 315 309 306 306 304 302 300 299 299 300
