windninja/windninja_output/Output_2025-08-24_1900-1950_Google earth_Fire_150m_10min/merlingen_7.5mi_point_08-24-2025_1940_150m_vel.asc
ncols	158
nrows	163
xllcorner	391686.332397
yllcorner	5160024.123721
cellsize	150.000000
NODATA_value	-32768.000000
[rows 0 to 37 of 163, columns 0 to 83 of 158]
1.87 1.92 1.96 1.95 1.99 2.03 1.92 1.90 2.03 2.05 1.99 1.99 2.16 2.48 2.62 2.48 2.24 2.03 2.04 2.10 1.84 1.62 1.88 2.10 2.12 2.01 1.85 1.85 1.98 1.99 1.96 1.97 1.97 1.91 1.93 2.01 1.90 1.82 1.85 1.77 1.79 1.86 1.84 1.84 1.85 1.81 1.82 1.75 1.69 1.72 1.73 1.72 1.74 1.73 1.67 1.66 1.67 1.70 1.72 1.69 1.63 1.63 1.65 1.63 1.62 1.64 1.69 1.72 1.70 1.65 1.60 1.57 1.56 1.56 1.61 1.61 1.57 1.59 1.60 1.57 1.52 1.48 1.55 1.59
1.79 1.89 1.94 1.91 1.98 2.01 1.89 1.88 2.00 2.02 1.92 1.82 1.91 2.26 2.57 2.62 2.42 2.16 2.16 2.19 1.83 1.49 1.65 1.99 2.18 2.10 1.88 1.82 1.93 1.96 1.94 1.96 1.97 1.92 1.92 2.03 1.95 1.86 1.87 1.77 1.77 1.84 1.84 1.88 1.89 1.85 1.86 1.80 1.69 1.69 1.70 1.71 1.73 1.71 1.65 1.64 1.66 1.70 1.74 1.70 1.61 1.60 1.62 1.61 1.58 1.59 1.67 1.75 1.76 1.68 1.58 1.54 1.53 1.55 1.60 1.59 1.55 1.62 1.65 1.55 1.46 1.45 1.54 1.59
1.64 1.85 1.91 1.84 1.96 1.90 1.82 1.89 1.99 1.94 1.74 1.48 1.50 1.85 2.39 2.75 2.66 2.40 2.35 2.26 1.87 1.44 1.35 1.71 2.15 2.19 1.97 1.84 1.86 1.91 1.94 1.95 1.94 1.94 1.95 2.00 1.99 1.94 1.89 1.79 1.77 1.81 1.84 1.94 1.95 1.90 1.90 1.86 1.73 1.64 1.67 1.67 1.67 1.67 1.64 1.64 1.68 1.70 1.73 1.71 1.62 1.58 1.59 1.59 1.55 1.55 1.65 1.79 1.86 1.73 1.55 1.50 1.53 1.56 1.59 1.53 1.51 1.67 1.71 1.51 1.34 1.43 1.55 1.52
1.52 1.80 1.88 1.80 1.93 1.79 1.74 1.94 2.00 1.88 1.59 1.26 1.29 1.61 2.14 2.74 2.76 2.57 2.47 2.31 1.98 1.61 1.32 1.42 1.92 2.13 2.05 1.94 1.86 1.89 1.97 1.99 1.98 1.98 1.97 1.96 1.96 1.96 1.92 1.85 1.82 1.81 1.89 1.98 1.98 1.93 1.88 1.84 1.75 1.67 1.65 1.60 1.60 1.66 1.67 1.66 1.68 1.69 1.70 1.71 1.67 1.58 1.56 1.58 1.55 1.54 1.62 1.80 1.90 1.74 1.53 1.51 1.56 1.56 1.55 1.49 1.50 1.68 1.72 1.47 1.24 1.40 1.57 1.47
1.44 1.69 1.84 1.81 1.90 1.78 1.74 1.94 1.96 1.76 1.46 1.17 1.19 1.53 2.12 2.69 2.81 2.64 2.47 2.37 2.15 1.84 1.44 1.27 1.66 1.94 2.00 1.98 1.89 1.91 1.99 2.08 2.13 2.07 1.96 1.95 1.95 1.97 1.99 1.92 1.84 1.85 1.96 2.00 1.97 1.92 1.85 1.78 1.75 1.71 1.62 1.56 1.57 1.65 1.70 1.69 1.69 1.69 1.68 1.70 1.68 1.59 1.54 1.57 1.56 1.55 1.60 1.80 1.91 1.71 1.53 1.55 1.58 1.56 1.51 1.50 1.53 1.64 1.67 1.45 1.22 1.34 1.58 1.53
1.46 1.59 1.72 1.80 1.90 1.84 1.84 1.94 1.84 1.58 1.35 1.14 1.08 1.48 2.18 2.59 2.78 2.70 2.47 2.38 2.30 2.09 1.62 1.27 1.44 1.70 1.81 1.88 1.88 1.88 1.96 2.12 2.24 2.16 2.02 1.97 2.00 2.03 2.05 1.98 1.88 1.90 1.98 1.97 1.93 1.89 1.82 1.76 1.73 1.67 1.60 1.57 1.59 1.65 1.72 1.73 1.72 1.71 1.69 1.68 1.66 1.58 1.54 1.57 1.57 1.55 1.59 1.79 1.88 1.66 1.54 1.61 1.64 1.54 1.46 1.51 1.60 1.64 1.54 1.37 1.28 1.39 1.58 1.57
1.54 1.57 1.61 1.72 1.87 1.90 1.93 1.90 1.69 1.47 1.30 1.15 1.06 1.44 2.19 2.50 2.63 2.70 2.55 2.43 2.43 2.33 1.86 1.35 1.32 1.49 1.63 1.74 1.79 1.81 1.91 2.12 2.23 2.16 2.11 2.10 2.08 2.08 2.06 1.99 1.93 1.93 1.95 1.93 1.88 1.86 1.82 1.75 1.69 1.60 1.56 1.60 1.63 1.66 1.74 1.77 1.76 1.74 1.71 1.68 1.64 1.56 1.53 1.57 1.58 1.56 1.60 1.79 1.84 1.61 1.53 1.69 1.71 1.52 1.42 1.51 1.64 1.63 1.38 1.26 1.41 1.54 1.56 1.56
1.57 1.61 1.62 1.67 1.80 1.89 1.94 1.84 1.61 1.45 1.30 1.15 1.08 1.43 2.13 2.44 2.44 2.57 2.59 2.48 2.54 2.53 2.12 1.55 1.29 1.31 1.52 1.66 1.68 1.72 1.91 2.10 2.14 2.11 2.18 2.22 2.15 2.08 2.06 2.00 1.96 1.94 1.93 1.90 1.87 1.85 1.80 1.74 1.66 1.55 1.54 1.62 1.63 1.66 1.79 1.83 1.80 1.79 1.75 1.70 1.63 1.51 1.48 1.55 1.59 1.59 1.65 1.78 1.79 1.59 1.54 1.73 1.73 1.52 1.41 1.48 1.62 1.58 1.26 1.22 1.58 1.68 1.55 1.53
1.57 1.64 1.69 1.69 1.74 1.82 1.86 1.76 1.61 1.48 1.34 1.19 1.09 1.35 2.03 2.39 2.35 2.42 2.52 2.52 2.60 2.62 2.32 1.85 1.42 1.25 1.42 1.60 1.56 1.65 1.94 2.06 2.02 2.10 2.25 2.26 2.15 2.06 2.04 2.02 1.98 1.96 1.93 1.91 1.91 1.85 1.76 1.74 1.63 1.49 1.55 1.64 1.58 1.63 1.87 1.93 1.85 1.83 1.79 1.69 1.58 1.45 1.40 1.47 1.56 1.66 1.74 1.77 1.72 1.59 1.59 1.71 1.67 1.53 1.43 1.45 1.57 1.47 1.22 1.32 1.73 1.80 1.59 1.53
1.57 1.64 1.73 1.73 1.72 1.76 1.77 1.71 1.63 1.53 1.41 1.26 1.13 1.27 1.84 2.29 2.35 2.35 2.38 2.52 2.65 2.63 2.46 2.07 1.64 1.32 1.30 1.50 1.52 1.62 1.97 2.01 1.91 2.08 2.28 2.26 2.12 2.03 2.02 2.03 2.01 2.00 1.96 1.93 1.93 1.84 1.73 1.74 1.63 1.46 1.54 1.65 1.55 1.65 1.93 2.02 1.89 1.81 1.75 1.62 1.53 1.46 1.34 1.34 1.54 1.75 1.82 1.75 1.60 1.54 1.64 1.70 1.63 1.52 1.45 1.44 1.50 1.40 1.25 1.50 1.83 1.88 1.68 1.58
1.58 1.64 1.74 1.74 1.71 1.72 1.73 1.71 1.64 1.56 1.48 1.35 1.20 1.23 1.65 2.15 2.32 2.35 2.31 2.43 2.60 2.61 2.53 2.21 1.83 1.51 1.26 1.38 1.54 1.64 1.92 1.97 1.87 2.04 2.23 2.22 2.11 2.01 2.01 2.04 2.04 2.03 2.00 1.93 1.94 1.87 1.71 1.71 1.65 1.46 1.53 1.63 1.58 1.72 1.92 2.03 1.90 1.74 1.67 1.58 1.57 1.51 1.31 1.31 1.61 1.80 1.83 1.69 1.43 1.47 1.69 1.75 1.62 1.48 1.42 1.41 1.50 1.48 1.41 1.66 1.87 1.89 1.75 1.65
1.60 1.65 1.73 1.74 1.71 1.71 1.73 1.72 1.66 1.59 1.53 1.43 1.28 1.24 1.55 2.03 2.26 2.35 2.35 2.37 2.49 2.55 2.53 2.30 1.97 1.65 1.32 1.35 1.56 1.68 1.84 1.93 1.91 2.02 2.14 2.14 2.08 2.02 2.04 2.05 2.03 2.06 2.02 1.91 1.95 1.93 1.72 1.65 1.65 1.55 1.57 1.59 1.58 1.75 1.90 1.97 1.89 1.70 1.59 1.56 1.62 1.58 1.40 1.45 1.71 1.78 1.76 1.57 1.31 1.47 1.74 1.77 1.65 1.46 1.38 1.43 1.58 1.68 1.68 1.76 1.83 1.85 1.82 1.84
1.63 1.66 1.71 1.72 1.71 1.73 1.74 1.71 1.67 1.62 1.57 1.49 1.36 1.28 1.52 2.01 2.23 2.28 2.36 2.38 2.41 2.44 2.44 2.31 2.05 1.71 1.45 1.45 1.60 1.70 1.80 1.91 1.96 1.99 2.02 2.08 2.08 2.05 2.05 2.00 2.01 2.07 1.97 1.88 1.96 1.95 1.77 1.67 1.71 1.71 1.64 1.56 1.57 1.75 1.92 1.91 1.79 1.65 1.53 1.57 1.70 1.68 1.60 1.65 1.74 1.72 1.64 1.50 1.38 1.54 1.69 1.72 1.71 1.54 1.46 1.57 1.71 1.86 1.85 1.76 1.77 1.86 1.92 2.07
1.65 1.67 1.69 1.71 1.71 1.74 1.74 1.71 1.69 1.65 1.60 1.54 1.40 1.32 1.58 2.06 2.28 2.22 2.27 2.39 2.36 2.32 2.32 2.24 2.04 1.78 1.59 1.58 1.65 1.71 1.81 1.91 1.98 1.95 1.90 2.05 2.12 2.08 2.04 1.94 1.99 2.03 1.91 1.86 1.93 1.90 1.75 1.71 1.83 1.88 1.72 1.58 1.56 1.76 2.00 1.90 1.67 1.48 1.41 1.60 1.82 1.83 1.81 1.81 1.73 1.65 1.59 1.62 1.60 1.52 1.56 1.69 1.81 1.70 1.58 1.61 1.77 1.92 1.83 1.69 1.78 1.93 2.01 2.12
1.68 1.68 1.69 1.71 1.72 1.73 1.73 1.72 1.72 1.68 1.64 1.59 1.43 1.34 1.61 2.13 2.38 2.23 2.15 2.29 2.30 2.20 2.19 2.15 2.02 1.85 1.69 1.68 1.70 1.72 1.86 1.97 1.96 1.90 1.87 2.02 2.10 2.10 2.02 1.91 1.95 1.93 1.91 1.93 1.89 1.84 1.70 1.60 1.79 2.00 1.90 1.65 1.57 1.80 2.05 1.95 1.62 1.32 1.26 1.60 1.97 2.00 1.97 1.84 1.70 1.69 1.70 1.80 1.76 1.51 1.48 1.75 1.90 1.76 1.55 1.56 1.77 1.82 1.74 1.78 1.92 1.97 1.97 1.98
1.69 1.69 1.70 1.72 1.72 1.73 1.73 1.74 1.74 1.71 1.68 1.62 1.50 1.37 1.57 2.17 2.45 2.28 2.10 2.14 2.18 2.10 2.06 2.05 2.03 1.93 1.73 1.69 1.75 1.74 1.92 2.04 1.93 1.88 1.90 1.94 2.00 2.08 2.00 1.92 1.93 1.85 1.93 2.04 1.85 1.79 1.79 1.57 1.54 1.88 2.05 1.79 1.67 1.87 2.00 1.98 1.73 1.32 1.22 1.63 2.08 2.17 2.03 1.73 1.66 1.85 1.86 1.89 1.90 1.60 1.51 1.76 1.86 1.66 1.51 1.58 1.67 1.65 1.73 2.00 2.05 1.87 1.81 1.79
1.70 1.70 1.71 1.72 1.72 1.73 1.75 1.75 1.75 1.74 1.72 1.66 1.59 1.46 1.56 2.11 2.41 2.31 2.13 2.06 2.06 2.00 1.94 1.96 2.05 2.00 1.77 1.67 1.77 1.83 1.97 2.01 1.88 1.86 1.92 1.92 1.96 2.01 1.96 1.93 1.92 1.85 1.95 2.06 1.88 1.76 1.84 1.69 1.54 1.76 2.00 1.90 1.81 1.88 1.89 1.90 1.86 1.52 1.32 1.75 2.17 2.23 1.99 1.61 1.64 1.96 2.01 1.98 1.96 1.69 1.53 1.62 1.72 1.64 1.57 1.56 1.52 1.64 1.94 2.14 1.93 1.64 1.63 1.60
1.70 1.71 1.72 1.73 1.73 1.74 1.76 1.76 1.77 1.78 1.76 1.70 1.67 1.60 1.64 1.99 2.30 2.29 2.16 2.06 1.99 1.93 1.88 1.92 2.02 2.01 1.83 1.71 1.76 1.88 1.97 1.91 1.82 1.86 1.96 2.02 1.99 1.95 1.91 1.93 1.94 1.92 1.95 1.98 1.91 1.83 1.80 1.77 1.78 1.89 1.94 1.90 1.84 1.83 1.80 1.83 1.92 1.75 1.56 1.82 2.17 2.21 1.91 1.61 1.69 2.00 2.16 2.07 1.88 1.69 1.60 1.57 1.68 1.71 1.54 1.48 1.52 1.76 2.04 1.95 1.65 1.53 1.48 1.43
1.70 1.72 1.73 1.73 1.74 1.76 1.77 1.79 1.79 1.79 1.79 1.76 1.73 1.72 1.73 1.91 2.16 2.20 2.12 2.04 1.97 1.92 1.88 1.90 1.96 1.96 1.89 1.80 1.77 1.84 1.88 1.80 1.76 1.83 2.00 2.13 2.08 1.95 1.89 1.94 1.96 1.93 1.96 1.92 1.90 1.93 1.88 1.81 1.88 1.98 1.94 1.84 1.77 1.75 1.77 1.83 1.92 1.88 1.77 1.86 2.13 2.16 1.86 1.69 1.80 2.01 2.19 2.06 1.81 1.80 1.77 1.61 1.66 1.65 1.43 1.39 1.49 1.65 1.82 1.70 1.56 1.52 1.39 1.31
1.71 1.72 1.73 1.74 1.75 1.78 1.79 1.81 1.81 1.79 1.80 1.82 1.80 1.78 1.80 1.90 2.05 2.10 2.05 2.00 1.96 1.93 1.90 1.89 1.92 1.93 1.91 1.85 1.79 1.78 1.75 1.69 1.72 1.83 2.01 2.16 2.16 2.01 1.89 1.96 1.95 1.91 1.96 1.93 1.92 2.02 2.04 1.86 1.81 1.99 1.99 1.86 1.74 1.71 1.79 1.85 1.88 1.92 1.90 1.90 2.04 2.09 1.91 1.80 1.88 2.02 2.12 2.05 1.97 2.02 1.86 1.59 1.55 1.52 1.39 1.31 1.30 1.42 1.61 1.64 1.59 1.55 1.41 1.28
1.73 1.73 1.74 1.74 1.76 1.79 1.81 1.83 1.83 1.79 1.81 1.87 1.85 1.82 1.85 1.90 1.98 2.02 2.00 1.97 1.95 1.92 1.90 1.89 1.90 1.90 1.89 1.86 1.81 1.73 1.63 1.59 1.71 1.89 2.05 2.18 2.23 2.09 1.91 1.93 1.91 1.90 1.95 1.97 2.04 2.10 2.07 1.88 1.78 1.95 2.03 1.93 1.82 1.76 1.78 1.79 1.82 1.89 1.94 1.92 1.94 2.08 2.07 1.91 1.94 2.06 2.09 2.14 2.21 2.07 1.71 1.43 1.41 1.47 1.39 1.17 1.11 1.29 1.53 1.67 1.68 1.60 1.45 1.28
1.75 1.75 1.74 1.75 1.78 1.80 1.83 1.85 1.85 1.82 1.83 1.88 1.88 1.85 1.86 1.89 1.94 1.98 1.98 1.95 1.93 1.91 1.89 1.88 1.87 1.87 1.87 1.86 1.80 1.70 1.56 1.50 1.69 1.97 2.08 2.16 2.26 2.14 1.92 1.87 1.87 1.90 1.98 2.06 2.14 2.12 2.05 1.93 1.84 1.93 2.04 2.00 1.92 1.82 1.73 1.74 1.79 1.82 1.86 1.91 1.91 2.13 2.23 2.00 2.03 2.17 2.17 2.26 2.24 1.85 1.44 1.28 1.35 1.51 1.39 1.08 1.02 1.21 1.49 1.71 1.72 1.56 1.44 1.34
1.76 1.75 1.74 1.77 1.80 1.80 1.83 1.86 1.88 1.86 1.85 1.88 1.90 1.88 1.87 1.89 1.91 1.95 1.96 1.94 1.92 1.90 1.88 1.86 1.84 1.83 1.85 1.85 1.80 1.71 1.54 1.44 1.70 2.03 2.10 2.15 2.22 2.14 1.95 1.85 1.85 1.91 2.02 2.14 2.19 2.16 2.08 1.97 1.90 1.92 2.05 2.03 1.95 1.87 1.75 1.73 1.78 1.77 1.70 1.82 1.96 2.20 2.34 2.18 2.25 2.34 2.25 2.21 1.98 1.55 1.28 1.25 1.42 1.62 1.45 1.12 0.99 1.15 1.46 1.66 1.67 1.52 1.50 1.42
1.76 1.75 1.76 1.80 1.81 1.81 1.83 1.86 1.89 1.91 1.88 1.87 1.90 1.91 1.89 1.89 1.90 1.93 1.95 1.92 1.90 1.89 1.86 1.84 1.81 1.79 1.81 1.84 1.84 1.76 1.57 1.46 1.71 1.99 2.10 2.16 2.14 2.09 2.01 1.89 1.85 1.91 2.01 2.16 2.30 2.25 2.06 1.98 1.93 1.92 2.05 2.04 1.96 1.94 1.83 1.74 1.77 1.73 1.56 1.69 2.00 2.28 2.50 2.56 2.53 2.34 2.09 1.90 1.60 1.36 1.25 1.30 1.59 1.76 1.52 1.10 0.92 1.13 1.38 1.50 1.58 1.55 1.54 1.47
1.77 1.76 1.77 1.81 1.82 1.82 1.84 1.87 1.92 1.94 1.91 1.86 1.88 1.93 1.92 1.90 1.91 1.92 1.93 1.90 1.88 1.87 1.84 1.80 1.77 1.75 1.75 1.85 1.96 1.85 1.62 1.55 1.67 1.87 2.05 2.13 2.12 2.11 2.06 1.95 1.86 1.88 1.97 2.23 2.43 2.22 1.96 1.99 1.99 1.97 2.04 2.05 2.01 1.99 1.89 1.77 1.76 1.66 1.48 1.57 1.95 2.39 2.78 2.86 2.50 2.02 1.73 1.48 1.32 1.29 1.32 1.49 1.85 1.84 1.38 0.93 0.90 1.14 1.29 1.35 1.49 1.57 1.53 1.48
1.78 1.78 1.79 1.81 1.83 1.84 1.84 1.89 1.96 1.96 1.92 1.88 1.89 1.92 1.92 1.91 1.92 1.91 1.91 1.90 1.86 1.84 1.82 1.76 1.71 1.66 1.67 1.90 2.13 1.98 1.69 1.64 1.67 1.74 1.93 2.04 2.10 2.22 2.17 1.97 1.89 1.88 2.00 2.34 2.39 2.05 1.94 2.04 2.05 2.05 2.04 2.09 2.08 2.02 1.94 1.80 1.67 1.55 1.47 1.56 2.01 2.70 3.07 2.80 2.17 1.71 1.41 1.20 1.20 1.34 1.56 1.89 2.03 1.70 1.16 0.81 1.00 1.26 1.29 1.30 1.46 1.55 1.46 1.47
1.79 1.79 1.80 1.82 1.85 1.84 1.85 1.92 1.98 1.96 1.93 1.92 1.92 1.92 1.91 1.92 1.92 1.90 1.90 1.89 1.85 1.82 1.78 1.71 1.64 1.52 1.56 1.97 2.28 2.12 1.84 1.77 1.74 1.68 1.75 1.84 2.01 2.36 2.35 2.03 1.91 1.95 2.09 2.32 2.23 1.91 1.96 2.12 2.15 2.08 2.01 2.11 2.15 2.10 2.04 1.74 1.45 1.45 1.57 1.78 2.42 3.13 3.05 2.40 1.83 1.48 1.18 1.02 1.14 1.50 1.99 2.19 1.93 1.48 0.98 0.73 1.08 1.44 1.38 1.34 1.46 1.48 1.40 1.48
1.79 1.81 1.82 1.83 1.86 1.86 1.87 1.96 1.98 1.95 1.94 1.95 1.95 1.93 1.91 1.92 1.92 1.89 1.89 1.88 1.85 1.81 1.74 1.64 1.55 1.39 1.43 1.95 2.31 2.20 2.07 2.00 1.85 1.71 1.64 1.62 1.84 2.38 2.52 2.15 1.93 2.08 2.15 2.19 2.09 1.84 1.90 2.15 2.25 2.09 1.93 2.13 2.23 2.25 2.10 1.50 1.15 1.45 1.85 2.21 2.86 3.18 2.65 1.91 1.55 1.34 1.06 0.97 1.22 1.78 2.31 2.20 1.71 1.29 0.86 0.68 1.08 1.60 1.56 1.37 1.39 1.37 1.38 1.56
1.80 1.81 1.84 1.86 1.88 1.88 1.91 1.98 1.97 1.94 1.96 1.97 1.97 1.96 1.93 1.92 1.91 1.89 1.87 1.88 1.86 1.79 1.70 1.60 1.46 1.28 1.36 1.83 2.18 2.20 2.27 2.29 2.04 1.84 1.70 1.57 1.73 2.27 2.61 2.26 2.02 2.18 2.13 2.10 2.00 1.77 1.82 2.06 2.31 2.18 1.90 2.10 2.31 2.35 2.07 1.26 0.98 1.56 2.18 2.62 2.99 2.88 2.22 1.59 1.35 1.23 1.00 1.00 1.50 2.11 2.40 2.10 1.56 1.14 0.77 0.68 1.03 1.64 1.68 1.42 1.34 1.29 1.39 1.60
1.81 1.82 1.85 1.88 1.90 1.90 1.94 1.98 1.96 1.96 1.97 1.99 2.00 1.99 1.95 1.92 1.91 1.89 1.87 1.88 1.84 1.77 1.69 1.57 1.40 1.25 1.34 1.68 1.90 2.03 2.31 2.54 2.34 2.13 1.97 1.68 1.67 2.21 2.64 2.34 2.15 2.20 2.05 2.07 1.91 1.69 1.79 1.97 2.32 2.27 1.91 2.05 2.30 2.34 2.01 1.23 1.00 1.64 2.39 2.93 2.94 2.41 1.85 1.45 1.25 1.17 0.98 1.13 1.85 2.37 2.37 1.91 1.39 1.03 0.75 0.78 1.11 1.54 1.73 1.60 1.36 1.25 1.33 1.51
1.83 1.83 1.85 1.90 1.94 1.95 1.95 1.97 1.98 1.97 1.98 2.00 2.02 2.01 1.98 1.94 1.91 1.88 1.87 1.87 1.82 1.75 1.68 1.56 1.40 1.29 1.35 1.52 1.62 1.74 2.11 2.56 2.64 2.58 2.29 1.69 1.60 2.20 2.65 2.40 2.20 2.12 1.94 2.00 1.86 1.67 1.83 2.06 2.32 2.20 1.91 2.01 2.20 2.30 2.02 1.26 1.13 1.75 2.53 3.08 2.73 1.90 1.54 1.41 1.32 1.22 1.05 1.27 2.08 2.52 2.20 1.60 1.27 1.06 0.87 0.95 1.10 1.36 1.72 1.78 1.47 1.22 1.24 1.40
1.86 1.85 1.84 1.90 2.00 2.00 1.95 1.96 1.99 1.99 1.99 2.01 2.04 2.03 2.01 1.96 1.92 1.88 1.86 1.86 1.82 1.74 1.67 1.57 1.44 1.36 1.34 1.37 1.39 1.55 1.98 2.49 2.78 2.94 2.50 1.58 1.54 2.30 2.64 2.36 2.14 1.97 1.83 1.91 1.84 1.72 1.93 2.19 2.21 2.04 1.93 1.98 2.05 2.25 2.03 1.32 1.37 2.00 2.66 3.09 2.54 1.56 1.26 1.40 1.53 1.39 1.15 1.35 2.17 2.53 1.94 1.42 1.33 1.22 1.03 1.01 1.04 1.24 1.67 1.89 1.59 1.20 1.18 1.34
1.89 1.88 1.84 1.91 2.06 2.02 1.95 1.98 2.01 2.01 2.00 2.03 2.05 2.04 2.02 1.98 1.93 1.91 1.88 1.85 1.81 1.74 1.65 1.59 1.52 1.40 1.33 1.25 1.19 1.41 2.02 2.56 2.82 3.09 2.65 1.58 1.56 2.39 2.51 2.17 2.05 1.87 1.78 1.86 1.83 1.79 2.03 2.17 2.01 1.96 1.97 1.94 1.95 2.11 2.00 1.49 1.58 2.20 2.76 2.98 2.31 1.36 1.05 1.37 1.76 1.62 1.30 1.45 2.15 2.43 1.86 1.51 1.53 1.33 1.07 0.99 1.02 1.21 1.61 1.90 1.59 1.15 1.17 1.30
1.89 1.90 1.87 1.96 2.09 2.02 1.96 2.00 2.03 2.03 2.01 2.04 2.06 2.05 2.04 1.99 1.95 1.94 1.90 1.85 1.82 1.75 1.64 1.59 1.57 1.43 1.31 1.18 1.08 1.36 2.02 2.55 2.72 3.08 2.93 1.81 1.61 2.29 2.31 1.99 1.97 1.85 1.76 1.85 1.83 1.88 2.06 2.03 1.90 1.97 2.00 1.93 1.92 1.94 1.91 1.70 1.75 2.21 2.71 2.86 2.25 1.33 0.93 1.30 1.87 1.84 1.52 1.55 1.99 2.33 2.01 1.71 1.58 1.27 1.04 1.01 1.06 1.23 1.57 1.78 1.51 1.19 1.23 1.33
1.88 1.90 1.92 2.04 2.11 2.02 1.98 2.01 2.06 2.06 2.03 2.05 2.06 2.05 2.04 2.00 1.97 1.96 1.91 1.86 1.84 1.78 1.67 1.61 1.58 1.46 1.30 1.17 1.09 1.37 1.97 2.42 2.60 2.97 3.11 2.25 1.64 2.03 2.12 1.90 1.90 1.83 1.77 1.82 1.88 1.97 2.00 1.91 1.91 1.99 1.99 1.95 1.91 1.83 1.84 1.88 1.95 2.13 2.48 2.79 2.41 1.47 0.92 1.16 1.82 2.01 1.81 1.70 1.98 2.34 2.09 1.70 1.45 1.16 1.03 1.03 1.09 1.26 1.45 1.53 1.44 1.30 1.34 1.42
1.88 1.89 1.96 2.10 2.13 2.03 1.99 2.03 2.08 2.09 2.06 2.05 2.06 2.06 2.04 2.01 1.99 1.97 1.92 1.89 1.87 1.80 1.70 1.64 1.58 1.46 1.31 1.19 1.13 1.42 1.97 2.29 2.54 2.91 3.09 2.49 1.72 1.76 1.95 1.84 1.79 1.81 1.82 1.84 1.97 2.06 1.91 1.87 1.95 1.98 1.96 1.93 1.90 1.83 1.87 1.98 2.06 2.07 2.23 2.67 2.56 1.69 1.02 1.06 1.62 2.05 2.09 2.01 2.22 2.29 1.84 1.52 1.35 1.12 1.07 1.07 1.06 1.17 1.26 1.31 1.37 1.34 1.39 1.49
1.91 1.92 2.00 2.13 2.14 2.06 2.02 2.05 2.10 2.12 2.09 2.07 2.07 2.06 2.05 2.03 2.00 1.98 1.94 1.91 1.88 1.81 1.75 1.69 1.59 1.46 1.34 1.17 1.16 1.60 2.07 2.28 2.55 2.84 2.90 2.46 1.88 1.71 1.84 1.82 1.74 1.80 1.89 1.93 2.04 2.09 1.90 1.89 1.97 1.94 1.96 1.92 1.90 1.92 1.95 1.99 2.02 2.04 2.11 2.49 2.59 1.90 1.20 1.06 1.37 1.94 2.32 2.40 2.33 1.92 1.42 1.37 1.36 1.24 1.18 1.07 0.97 1.01 1.17 1.29 1.28 1.25 1.35 1.51
1.95 1.97 2.05 2.13 2.12 2.09 2.07 2.08 2.11 2.13 2.12 2.09 2.07 2.07 2.06 2.04 2.01 1.99 1.96 1.93 1.89 1.83 1.78 1.72 1.62 1.50 1.35 1.16 1.31 1.93 2.18 2.25 2.43 2.59 2.66 2.29 1.82 1.74 1.88 1.86 1.78 1.84 1.93 2.02 2.11 2.08 1.93 1.91 1.91 1.94 2.01 1.93 1.89 1.99 2.02 1.95 1.93 1.99 2.09 2.35 2.49 2.04 1.42 1.11 1.21 1.77 2.46 2.67 2.19 1.46 1.20 1.37 1.51 1.44 1.17 1.00 0.96 0.94 1.16 1.33 1.18 1.13 1.24 1.43
