windninja/windninja_output/Output_2025-10-23_2200-2250_Google earth_Fire_150m_10min/merlingen_7.5mi_point_10-23-2025_2210_150m_ang.asc
ncols	158
nrows	163
xllcorner	391686.332397
yllcorner	5160024.123721
cellsize	150.000000
NODATA_value	-32768.000000
[rows 0 to 41 of 163, columns 0 to 93 of 158]
82 80 77 73 69 70 67 62 59 58 55 47 39 37 41 49 56 59 60 65 63 46 39 41 45 47 45 41 39 39 39 39 40 38 37 40 43 43 43 40 37 36 36 37 38 37 39 36 29 26 24 23 22 22 22 21 21 20 19 17 15 14 12 10 8 6 4 2 359 356 353 351 348 344 341 338 336 332 328 326 324 321 315 312 310 306 300 294 291 287 281 278 276 271
82 81 78 75 73 71 67 63 63 62 57 47 37 38 44 50 55 57 59 62 58 45 41 43 46 47 44 42 42 42 41 41 41 40 40 42 42 41 41 39 37 37 36 37 37 35 36 34 29 27 27 26 26 26 25 24 22 21 20 18 16 15 13 11 9 7 6 3 360 356 353 351 348 344 341 339 336 332 328 326 324 320 315 311 308 305 303 297 291 288 284 281 278 275
81 81 79 77 76 71 65 65 67 64 57 43 35 40 47 53 55 55 57 58 52 45 43 45 47 47 44 44 45 44 45 45 44 43 43 43 42 40 40 38 37 37 37 37 36 34 33 32 30 28 29 29 29 29 28 26 24 23 22 21 19 17 15 14 12 10 8 5 1 357 355 351 347 344 341 339 337 331 327 326 326 320 314 311 306 306 307 301 293 290 288 286 283 281
80 79 77 75 74 70 66 67 66 62 52 38 35 42 50 57 58 57 57 55 52 48 44 43 47 47 45 44 43 43 45 46 46 46 45 44 43 43 42 40 39 38 38 39 37 35 34 33 31 30 29 29 29 30 29 27 26 26 25 24 22 19 18 17 15 12 10 7 3 359 356 351 346 343 340 338 335 329 325 325 326 319 313 311 305 304 309 305 297 292 289 288 287 285
81 79 75 73 72 70 70 71 68 61 49 38 36 44 55 61 61 60 58 56 54 53 49 43 47 47 45 43 41 41 43 44 46 47 46 45 45 45 44 42 40 38 39 39 37 36 36 35 34 33 32 31 31 32 32 31 30 29 28 27 26 23 21 20 18 15 12 9 5 1 357 351 346 343 340 336 331 326 323 323 324 318 311 309 304 301 307 308 302 296 290 287 289 290
84 83 78 74 73 72 73 74 69 59 49 42 39 48 60 63 62 60 58 58 58 58 55 48 49 50 47 45 42 42 42 43 45 45 44 44 45 45 44 42 41 40 41 41 40 40 39 38 37 36 35 34 35 35 35 34 33 32 31 29 28 26 24 23 20 17 14 11 7 2 358 352 346 343 340 336 330 325 323 321 318 314 309 306 301 298 301 305 303 300 295 290 290 292
85 85 84 79 76 74 74 73 67 58 52 47 44 54 64 65 63 60 58 58 59 60 59 54 54 54 51 49 47 45 44 46 47 46 44 45 45 45 45 44 43 43 45 45 44 44 43 41 40 39 37 37 37 37 38 38 37 35 34 32 30 28 26 25 23 20 17 13 9 4 359 353 347 343 340 336 330 325 324 320 313 312 309 304 299 294 294 298 301 301 298 293 290 288
84 84 85 85 82 78 75 71 65 60 57 53 49 57 65 66 63 61 59 58 59 61 60 58 58 55 53 53 51 48 49 51 51 49 49 49 48 48 48 47 47 48 48 48 47 47 46 44 43 41 40 40 40 39 41 41 39 38 36 33 31 28 27 27 26 24 20 15 10 4 358 353 348 345 340 334 328 324 325 319 309 308 309 304 298 293 292 294 297 299 298 294 290 287
84 83 83 84 83 80 76 71 67 64 63 60 57 60 66 66 63 63 61 60 61 61 60 59 57 53 54 55 53 51 55 56 54 53 55 55 53 52 51 51 51 52 51 51 50 49 48 47 46 43 42 44 42 42 44 44 41 39 37 35 34 32 31 30 29 28 23 17 11 6 359 352 348 344 340 333 326 323 324 315 304 304 308 306 301 297 294 294 296 298 299 297 294 293
84 83 83 82 81 79 76 73 71 68 67 66 64 64 67 66 65 65 63 61 62 61 61 58 54 51 52 55 53 54 59 58 55 57 58 58 56 54 54 54 54 54 54 53 53 52 50 50 49 45 46 47 45 45 48 48 45 43 42 41 40 39 37 35 34 32 26 19 14 9 2 354 348 343 338 332 323 321 322 313 305 302 305 306 301 298 296 295 297 298 296 295 295 295
84 84 83 81 79 78 76 74 73 71 70 69 69 69 70 69 68 67 66 64 63 62 61 58 54 52 49 51 54 56 60 59 58 60 61 59 57 55 56 56 56 55 55 55 55 55 54 53 53 50 52 52 50 51 54 53 52 51 51 48 47 46 43 41 40 37 30 24 18 13 5 355 348 344 338 330 321 318 319 313 306 301 301 302 300 300 297 294 294 295 290 289 291 291
85 84 83 81 79 78 77 76 74 72 72 71 70 70 72 73 72 70 68 68 67 65 63 59 55 52 47 50 56 59 61 61 61 63 63 61 59 58 58 58 57 57 57 55 56 57 56 56 56 57 60 60 60 62 64 63 60 58 57 56 56 56 53 50 49 44 36 30 23 14 4 356 349 345 341 333 325 320 318 314 307 301 298 299 300 302 298 292 291 294 288 283 284 288
85 84 83 81 79 79 78 77 75 73 73 72 70 70 74 78 77 73 71 71 71 69 66 61 57 53 50 53 59 61 62 62 64 64 63 62 62 62 62 60 59 59 57 55 56 56 55 56 60 64 67 67 68 71 73 72 68 63 61 61 65 66 65 65 62 53 45 36 22 10 2 356 349 343 339 333 327 320 317 316 310 303 300 298 298 300 295 289 289 293 286 280 279 284
85 84 83 82 80 79 78 77 75 74 73 73 70 69 74 79 81 80 76 74 72 70 67 63 59 55 53 56 59 61 63 65 66 65 62 63 64 64 63 61 61 62 60 61 62 61 57 55 59 65 67 68 70 72 76 79 76 69 63 63 66 68 67 68 66 61 55 40 17 4 0 354 345 339 334 328 321 314 311 310 307 303 299 295 292 292 290 284 282 285 283 277 274 276
85 85 83 82 81 80 78 76 76 75 74 74 72 70 72 77 81 82 81 77 73 69 66 63 60 57 56 57 59 60 63 66 67 65 64 65 64 63 63 63 65 65 64 68 70 67 65 61 59 60 64 67 67 69 72 75 76 71 63 62 65 66 64 61 58 55 50 35 11 356 352 346 339 334 330 323 314 307 301 301 302 301 296 290 286 284 284 278 272 273 276 273 269 269
85 85 84 83 81 80 79 77 76 75 75 74 74 73 73 76 77 77 78 77 73 69 65 62 61 60 59 58 59 60 63 65 64 63 65 66 66 66 66 66 67 66 66 69 69 66 67 68 64 62 63 63 63 64 65 65 67 66 61 62 65 65 63 57 51 48 42 29 11 351 338 332 330 330 326 320 312 304 300 299 299 297 291 285 281 278 274 271 267 265 268 268 266 266
85 85 84 82 81 80 79 78 77 76 76 75 75 76 79 79 76 74 73 73 71 68 64 62 62 62 60 59 60 62 65 65 62 62 65 67 70 70 68 67 67 65 66 67 65 64 65 66 67 69 68 64 63 63 63 62 62 62 60 62 65 65 63 55 50 49 42 27 10 351 336 326 320 323 322 318 312 305 301 298 294 290 284 278 274 270 266 263 266 269 268 266 264 263
85 85 83 82 81 80 79 78 77 77 76 76 76 78 81 82 79 75 72 70 69 67 65 65 65 64 62 62 64 65 65 63 60 61 63 66 68 68 66 66 67 67 68 68 66 66 67 65 66 71 72 69 66 65 65 63 63 62 60 63 65 65 62 55 52 50 42 27 10 350 336 329 320 318 318 315 312 304 296 290 284 281 276 269 265 264 263 263 268 276 276 267 262 262
86 85 84 82 81 80 79 78 78 77 76 76 76 78 80 82 80 76 72 70 69 67 67 68 68 66 65 65 66 67 65 61 58 59 62 64 67 68 67 68 69 69 69 69 68 69 71 71 70 71 72 72 70 67 66 65 65 64 63 64 66 65 61 56 53 48 41 29 11 346 334 330 322 316 315 311 304 295 284 278 276 275 273 269 264 261 262 264 268 274 278 271 265 263
86 85 84 83 81 80 79 79 78 77 76 75 76 77 78 79 78 75 72 70 69 68 68 68 68 67 66 66 66 65 63 59 59 61 65 68 70 71 70 70 70 68 69 69 69 71 73 73 72 72 73 73 73 71 69 67 66 65 65 66 67 66 64 60 56 51 43 31 7 343 333 329 321 315 313 309 297 285 277 274 274 275 276 275 269 264 262 262 265 269 275 274 267 264
86 86 84 83 81 80 79 79 78 77 76 76 76 76 76 76 76 73 72 71 70 69 68 67 67 67 66 65 64 63 61 58 59 63 66 69 70 71 69 68 68 68 69 69 71 73 73 72 72 73 73 74 75 75 74 71 69 67 66 67 67 67 67 64 59 53 43 26 0 342 335 327 317 311 309 310 298 283 277 275 276 277 277 277 273 267 263 261 263 268 272 273 265 263
86 85 84 83 82 81 79 78 77 76 76 76 75 75 75 74 73 72 72 71 70 69 68 68 67 66 66 65 64 63 61 58 59 65 67 68 69 68 67 67 67 67 68 70 73 74 74 74 74 75 75 75 75 76 76 75 73 71 69 68 67 68 68 65 59 53 38 17 357 342 334 324 311 305 306 310 304 286 275 273 274 273 272 274 275 269 263 261 265 268 270 268 262 261
86 85 84 83 82 81 79 78 77 76 76 75 75 75 74 74 72 72 72 71 70 69 68 68 66 66 65 64 64 64 62 60 63 68 70 70 70 68 67 68 68 68 69 71 73 74 75 75 76 75 75 76 75 75 76 77 76 75 72 69 68 69 68 65 60 50 31 13 357 343 332 321 307 300 303 310 309 292 279 271 267 266 267 271 275 272 266 264 266 267 267 260 256 260
86 86 84 83 82 81 79 78 77 77 77 76 74 74 74 73 72 72 72 71 69 68 68 67 66 65 64 64 65 66 66 65 69 71 71 71 72 70 70 70 70 70 71 72 74 77 76 75 75 75 76 76 76 76 77 78 78 77 73 70 69 69 70 69 61 46 26 12 359 343 328 314 303 300 302 307 309 297 284 271 263 261 262 264 269 274 274 269 266 266 262 252 254 259
87 86 85 83 82 80 79 78 77 77 76 76 75 74 73 72 72 72 72 71 70 69 68 67 65 64 62 63 66 70 70 71 73 72 71 71 71 72 73 73 73 73 72 73 76 76 73 73 75 76 77 77 77 78 78 78 77 76 74 71 70 71 73 71 59 41 27 13 0 341 321 307 302 301 300 298 299 296 288 275 265 261 258 257 262 271 275 272 268 266 259 246 252 259
87 86 85 83 82 80 79 78 78 77 76 75 75 74 73 72 72 72 72 71 70 70 68 66 64 61 59 62 68 72 73 75 76 75 72 70 69 72 76 77 76 75 76 78 78 73 72 74 76 77 78 78 79 80 80 79 76 74 74 75 75 76 74 67 51 36 26 14 0 337 311 304 303 301 298 290 283 289 293 286 275 266 258 254 256 262 267 268 268 266 259 246 251 256
87 86 85 83 82 80 79 79 78 77 75 75 75 75 74 73 73 73 72 72 71 70 68 66 63 59 56 62 67 70 72 76 80 81 77 72 69 73 77 79 78 79 81 81 78 73 72 74 76 76 75 77 79 81 82 80 73 71 73 76 80 82 76 64 50 37 26 16 2 334 308 303 302 300 299 289 275 280 293 296 285 273 263 258 257 258 257 258 262 264 261 253 252 253
87 86 85 83 82 80 79 79 78 76 75 75 75 74 74 74 74 73 73 72 71 70 68 66 63 57 56 62 66 67 69 75 81 83 83 78 74 75 78 80 80 82 83 82 78 74 71 72 74 76 75 75 76 80 83 79 68 68 73 77 81 82 75 62 50 39 30 19 359 328 306 300 299 297 296 289 274 274 284 296 292 281 272 267 264 259 252 251 256 258 259 261 260 255
87 86 84 83 82 80 80 79 78 76 75 75 74 74 75 75 74 74 73 72 71 71 70 68 64 58 57 63 64 62 64 71 76 80 84 85 81 78 80 81 80 82 82 80 77 73 71 71 72 75 74 73 74 77 78 71 63 68 74 78 80 76 67 56 46 39 31 17 350 321 306 300 297 293 290 288 278 272 274 285 295 291 280 274 268 260 253 253 255 254 254 260 268 264
87 87 85 83 82 81 80 79 77 76 75 75 75 75 75 75 75 74 73 73 73 72 71 69 65 61 63 66 63 58 60 65 70 77 83 86 82 80 81 81 80 80 78 77 76 73 72 72 73 72 69 70 71 72 71 65 61 69 75 79 80 72 62 52 46 42 31 11 338 315 305 298 292 286 286 287 280 270 268 276 289 295 285 275 268 261 259 260 258 253 250 254 266 272
88 87 85 82 81 81 80 79 77 76 76 76 75 75 76 76 75 75 75 74 74 73 71 69 67 68 71 70 65 61 62 66 69 76 83 83 80 81 82 80 79 77 74 73 72 70 72 75 75 71 67 69 69 68 66 60 62 73 78 79 77 69 62 55 50 43 27 3 324 306 298 289 283 283 287 286 277 267 265 270 280 290 286 277 270 265 264 263 258 252 248 250 258 270
88 87 85 82 82 82 80 78 77 77 76 76 76 76 76 76 76 76 76 75 74 73 73 71 72 73 73 71 66 64 68 72 75 79 82 80 79 83 83 79 77 75 73 73 71 71 75 78 78 74 72 72 71 70 66 59 63 74 81 80 74 65 60 57 53 43 24 357 313 297 291 285 284 288 290 284 274 266 264 266 271 278 281 278 274 270 267 262 257 253 250 249 252 262
88 87 85 83 83 82 79 78 78 77 77 76 76 77 77 77 76 77 77 76 76 76 75 74 75 76 75 72 66 65 71 76 77 78 79 79 82 85 83 77 75 74 73 74 73 73 78 79 76 75 76 76 74 73 68 62 65 72 77 79 75 66 58 56 54 41 19 351 310 292 289 289 291 294 293 285 275 267 263 263 263 263 271 276 274 271 267 262 257 254 254 252 252 258
87 86 84 84 84 82 80 78 78 78 78 78 77 77 77 77 77 77 77 78 78 78 77 76 77 78 78 75 71 72 76 77 75 75 77 81 86 84 79 75 74 72 72 74 74 76 79 77 75 77 78 78 78 76 72 69 72 74 74 74 72 67 58 54 51 39 12 342 308 294 292 292 292 293 290 286 280 271 263 258 253 252 261 270 273 267 263 261 256 252 252 253 257 262
87 86 84 84 84 82 80 79 79 79 79 79 79 78 78 78 78 78 78 79 79 79 79 81 81 80 79 77 77 80 82 80 77 76 77 78 82 81 76 73 72 71 72 74 76 79 80 78 78 80 79 79 79 79 78 78 80 81 76 72 70 66 56 50 48 38 6 334 306 300 299 294 288 286 286 285 282 276 266 254 248 247 253 261 268 264 259 258 255 250 250 254 259 266
88 87 85 84 83 81 80 79 79 79 79 80 80 79 79 79 79 80 80 80 80 80 81 83 83 82 80 79 80 86 89 86 82 81 78 73 71 74 73 71 71 70 73 75 77 80 80 79 80 80 79 79 79 80 81 82 83 83 80 77 74 69 58 48 46 36 2 321 306 302 299 290 282 278 280 283 280 274 268 260 252 246 247 252 259 264 260 255 253 252 253 256 260 264
89 88 87 85 83 81 80 80 80 80 80 81 80 80 80 80 81 81 81 81 81 82 83 83 84 84 84 82 83 90 94 92 89 85 79 71 66 66 69 70 71 72 74 76 78 80 80 80 81 80 79 80 80 80 82 82 80 80 80 79 76 71 60 48 45 33 353 314 303 299 290 278 275 277 280 281 276 266 265 268 262 250 245 247 253 264 267 256 253 256 258 259 260 262
89 89 88 86 83 81 81 81 81 81 82 82 81 81 82 82 82 82 82 82 83 83 83 84 85 86 86 86 89 94 95 94 91 86 79 73 65 62 66 70 72 75 76 77 79 80 80 81 80 79 81 83 81 81 82 83 80 78 78 78 76 70 59 48 44 28 338 308 298 290 280 275 279 283 281 275 273 264 261 265 265 255 247 245 251 260 267 260 257 260 262 260 261 266
90 89 88 86 84 83 82 82 83 83 83 83 82 83 83 83 83 83 83 83 84 84 84 85 86 87 89 92 97 97 95 93 90 85 79 72 62 63 69 72 74 76 78 79 80 80 81 79 77 78 81 83 81 79 81 82 79 76 74 72 69 64 56 48 40 15 322 299 291 283 280 284 286 284 273 269 274 271 257 257 258 254 250 249 254 257 258 261 261 261 260 260 267 270
90 90 88 86 85 84 84 84 85 86 85 84 84 84 84 84 84 84 85 85 85 85 86 86 87 88 91 97 100 96 94 93 90 85 80 69 60 66 70 72 75 78 80 82 80 79 80 80 78 78 79 81 79 77 77 77 74 71 68 65 60 55 51 48 35 3 313 294 286 285 289 290 286 274 264 271 279 280 255 250 247 247 252 255 258 258 258 262 263 259 256 261 269 269
90 90 89 88 87 86 86 87 87 87 86 85 86 86 85 85 85 86 86 86 86 86 87 87 88 89 93 97 98 95 94 94 92 87 79 69 67 70 71 72 75 79 82 83 80 79 79 79 78 77 78 80 81 78 75 71 68 66 66 63 58 54 52 49 34 358 311 295 288 290 291 286 276 269 268 277 283 286 256 249 242 239 248 256 259 261 263 263 262 258 256 261 264 264
90 90 90 89 89 89 89 89 89 88 88 88 88 88 87 87 87 87 87 87 88 88 87 88 89 90 92 95 96 96 95 93 91 87 79 73 75 77 76 76 77 78 78 78 79 80 77 74 74 75 77 79 79 78 76 71 66 65 67 66 61 56 53 47 33 358 312 297 295 292 286 275 272 276 279 281 283 277 252 249 243 239 246 253 259 262 261 256 256 259 260 259 257 258
