windninja/windninja_output/Output_2025-10-23_2200-2250_Google earth_Fire_150m_10min/merlingen_7.5mi_point_10-23-2025_2200_150m_vel.asc
ncols	158
nrows	163
xllcorner	391686.332397
yllcorner	5160024.123721
cellsize	150.000000
NODATA_value	-32768.000000
[rows 38 to 75 of 163, columns 0 to 83 of 158]
2.08 2.11 2.19 2.24 2.27 2.32 2.35 2.36 2.35 2.38 2.40 2.38 2.38 2.38 2.36 2.34 2.32 2.30 2.27 2.25 2.21 2.17 2.12 2.07 2.00 1.93 1.88 1.89 1.98 2.05 2.02 1.96 1.98 2.10 2.29 2.39 2.36 2.36 2.35 2.23 2.13 2.07 2.05 2.08 2.11 2.09 2.09 2.15 2.20 2.20 2.19 2.21 2.23 2.18 2.15 2.22 2.31 2.36 2.41 2.44 2.41 2.26 2.09 1.91 1.80 1.91 2.33 2.48 1.96 1.51 1.65 2.20 2.54 2.26 1.73 1.66 1.90 1.89 1.82 1.83 1.67 1.53 1.51 1.74
2.10 2.12 2.16 2.23 2.27 2.28 2.31 2.33 2.33 2.33 2.35 2.34 2.34 2.36 2.34 2.30 2.28 2.25 2.23 2.21 2.17 2.14 2.09 2.05 1.98 1.90 1.83 1.77 1.73 1.71 1.68 1.68 1.78 1.93 2.08 2.25 2.38 2.57 2.62 2.49 2.30 2.18 2.17 2.24 2.34 2.38 2.32 2.29 2.38 2.46 2.47 2.50 2.64 2.82 2.94 2.98 3.03 3.07 3.07 3.03 2.90 2.64 2.29 1.98 1.86 1.97 2.35 2.28 1.73 1.73 2.33 2.69 2.42 1.81 1.57 1.98 2.27 2.10 1.99 1.99 1.77 1.55 1.55 1.91
2.14 2.19 2.16 2.18 2.23 2.25 2.27 2.30 2.29 2.26 2.28 2.30 2.28 2.31 2.33 2.29 2.26 2.23 2.20 2.17 2.14 2.10 2.07 2.03 1.97 1.87 1.76 1.62 1.50 1.50 1.55 1.53 1.54 1.65 1.84 2.01 2.17 2.42 2.69 2.77 2.68 2.53 2.45 2.41 2.43 2.53 2.60 2.59 2.60 2.62 2.62 2.73 3.02 3.25 3.30 3.28 3.24 3.12 2.95 2.75 2.46 2.23 2.09 1.97 1.95 2.10 2.37 2.22 2.00 2.39 2.65 2.27 1.71 1.46 1.73 2.45 2.55 2.24 2.09 1.97 1.74 1.65 1.78 2.12
2.13 2.17 2.14 2.13 2.16 2.18 2.20 2.25 2.27 2.21 2.21 2.24 2.24 2.24 2.26 2.25 2.22 2.21 2.18 2.14 2.10 2.06 2.03 1.99 1.94 1.85 1.74 1.61 1.51 1.50 1.54 1.50 1.46 1.52 1.71 1.93 2.05 2.12 2.39 2.81 3.05 3.11 3.04 2.87 2.79 2.94 3.10 3.12 3.03 2.96 2.95 3.03 3.08 2.93 2.71 2.61 2.51 2.30 2.08 1.83 1.65 1.68 1.92 2.14 2.19 2.29 2.47 2.54 2.71 2.82 2.35 1.82 1.71 1.77 2.24 2.82 2.55 2.14 1.91 1.72 1.60 1.71 2.01 2.37
2.06 2.08 2.06 2.06 2.08 2.11 2.10 2.15 2.21 2.18 2.15 2.17 2.18 2.18 2.20 2.20 2.18 2.16 2.14 2.10 2.05 2.01 1.98 1.96 1.90 1.82 1.74 1.64 1.56 1.55 1.58 1.57 1.52 1.52 1.64 1.87 2.16 2.38 2.57 2.81 3.00 3.07 3.10 3.15 3.18 3.15 3.01 2.83 2.70 2.65 2.69 2.72 2.59 2.33 2.10 1.93 1.79 1.61 1.40 1.27 1.30 1.54 1.95 2.30 2.48 2.70 3.00 3.30 3.33 2.86 2.24 2.12 2.31 2.41 2.85 2.99 2.34 1.94 1.74 1.64 1.67 1.79 2.11 2.74
2.01 2.00 1.98 1.98 2.00 2.05 2.04 2.05 2.11 2.12 2.09 2.10 2.12 2.11 2.12 2.12 2.11 2.09 2.09 2.06 2.01 1.97 1.93 1.92 1.89 1.82 1.75 1.68 1.59 1.52 1.52 1.54 1.54 1.55 1.62 1.80 2.11 2.43 2.57 2.58 2.55 2.59 2.71 2.83 2.79 2.57 2.36 2.27 2.25 2.31 2.44 2.47 2.34 2.15 1.93 1.69 1.49 1.35 1.24 1.23 1.37 1.64 1.94 2.22 2.69 3.30 3.75 3.89 3.61 3.19 2.97 3.06 3.10 3.13 3.30 2.95 2.23 1.86 1.68 1.63 1.75 2.02 2.61 3.44
1.97 1.95 1.91 1.90 1.91 1.95 1.98 1.98 2.00 2.03 2.02 2.02 2.05 2.05 2.05 2.05 2.05 2.04 2.03 2.02 1.99 1.95 1.90 1.88 1.86 1.82 1.76 1.70 1.63 1.55 1.51 1.52 1.55 1.57 1.59 1.67 1.82 1.93 1.99 2.08 2.17 2.33 2.44 2.43 2.30 2.14 2.06 2.11 2.32 2.59 2.68 2.53 2.32 2.12 1.86 1.59 1.39 1.30 1.32 1.48 1.71 1.92 2.10 2.40 3.09 3.69 3.87 3.74 3.42 3.32 3.43 3.47 3.41 3.36 3.13 2.52 2.00 1.76 1.59 1.61 1.91 2.52 3.29 3.52
1.94 1.91 1.87 1.85 1.84 1.86 1.89 1.91 1.92 1.95 1.96 1.95 1.96 1.98 1.99 2.00 1.99 2.00 1.99 1.97 1.95 1.93 1.89 1.85 1.82 1.79 1.75 1.69 1.63 1.58 1.56 1.56 1.56 1.56 1.56 1.55 1.52 1.53 1.64 1.81 2.02 2.20 2.25 2.17 2.10 2.12 2.17 2.32 2.61 2.72 2.50 2.18 1.98 1.77 1.59 1.44 1.33 1.33 1.55 1.88 2.15 2.38 2.69 3.20 3.75 3.84 3.57 3.19 2.76 2.62 2.77 2.84 2.81 2.71 2.36 1.92 1.66 1.62 1.65 1.96 2.54 3.07 3.20 2.62
1.92 1.88 1.84 1.82 1.80 1.79 1.79 1.80 1.83 1.86 1.89 1.89 1.89 1.91 1.93 1.93 1.93 1.93 1.93 1.91 1.89 1.87 1.85 1.83 1.79 1.76 1.72 1.67 1.63 1.57 1.54 1.53 1.53 1.53 1.53 1.52 1.47 1.46 1.55 1.69 1.83 1.96 2.03 2.03 1.97 2.03 2.27 2.55 2.62 2.36 2.05 1.87 1.71 1.52 1.38 1.35 1.39 1.57 1.94 2.34 2.67 3.00 3.47 3.85 3.89 3.61 3.15 2.66 2.28 2.19 2.23 2.23 2.18 2.03 1.78 1.58 1.51 1.58 1.84 2.30 2.67 2.71 2.32 1.73
1.91 1.86 1.80 1.78 1.79 1.77 1.69 1.67 1.72 1.75 1.80 1.82 1.83 1.84 1.86 1.86 1.86 1.86 1.87 1.86 1.83 1.81 1.79 1.77 1.75 1.71 1.69 1.66 1.63 1.59 1.55 1.51 1.48 1.47 1.44 1.43 1.44 1.44 1.47 1.55 1.66 1.78 1.89 1.99 2.04 2.12 2.32 2.42 2.24 1.99 1.83 1.68 1.59 1.57 1.55 1.57 1.74 2.05 2.47 2.85 3.10 3.36 3.58 3.55 3.34 3.03 2.59 2.27 2.10 2.08 2.07 1.96 1.84 1.65 1.44 1.33 1.37 1.49 1.76 2.04 2.15 1.99 1.76 1.56
1.90 1.86 1.78 1.73 1.78 1.80 1.65 1.54 1.58 1.65 1.69 1.71 1.74 1.77 1.79 1.79 1.79 1.79 1.80 1.79 1.78 1.76 1.75 1.74 1.72 1.69 1.66 1.64 1.62 1.59 1.56 1.53 1.50 1.46 1.41 1.39 1.39 1.40 1.41 1.45 1.51 1.56 1.66 1.85 2.10 2.29 2.35 2.23 2.03 1.88 1.71 1.56 1.49 1.52 1.61 1.79 2.11 2.61 3.11 3.30 3.28 3.24 3.13 2.95 2.80 2.56 2.26 2.08 1.98 1.92 1.86 1.76 1.62 1.40 1.20 1.15 1.24 1.40 1.59 1.78 1.86 1.84 1.81 1.75
1.90 1.83 1.76 1.72 1.75 1.82 1.70 1.49 1.44 1.53 1.60 1.63 1.65 1.68 1.72 1.74 1.73 1.73 1.74 1.74 1.73 1.72 1.71 1.70 1.70 1.67 1.65 1.63 1.61 1.59 1.57 1.55 1.52 1.49 1.45 1.42 1.43 1.45 1.46 1.46 1.44 1.41 1.49 1.70 1.95 2.12 2.12 1.98 1.84 1.70 1.63 1.64 1.67 1.76 1.93 2.20 2.64 3.18 3.39 3.21 3.00 2.82 2.65 2.62 2.60 2.42 2.16 1.95 1.84 1.78 1.73 1.63 1.45 1.23 1.11 1.19 1.37 1.56 1.69 1.83 1.94 2.02 2.00 1.94
1.91 1.80 1.70 1.72 1.79 1.84 1.79 1.59 1.38 1.40 1.50 1.56 1.59 1.62 1.66 1.69 1.69 1.68 1.69 1.70 1.69 1.69 1.67 1.67 1.68 1.67 1.64 1.61 1.60 1.58 1.56 1.54 1.51 1.49 1.47 1.45 1.45 1.47 1.48 1.46 1.43 1.46 1.56 1.68 1.81 1.89 1.84 1.69 1.51 1.37 1.35 1.52 1.82 2.12 2.41 2.77 3.23 3.39 3.08 2.64 2.38 2.22 2.26 2.53 2.58 2.33 2.03 1.82 1.69 1.62 1.55 1.43 1.24 1.12 1.15 1.33 1.52 1.64 1.74 1.88 2.05 2.11 2.07 2.01
1.94 1.77 1.61 1.65 1.78 1.86 1.88 1.78 1.50 1.34 1.39 1.49 1.53 1.55 1.59 1.62 1.65 1.64 1.64 1.65 1.64 1.65 1.65 1.63 1.63 1.64 1.62 1.60 1.58 1.57 1.55 1.53 1.52 1.50 1.48 1.45 1.42 1.40 1.41 1.42 1.44 1.49 1.57 1.66 1.72 1.72 1.63 1.51 1.42 1.34 1.40 1.69 1.95 2.19 2.54 3.04 3.27 2.96 2.45 2.09 1.87 1.83 2.20 2.66 2.56 2.20 1.94 1.75 1.62 1.52 1.42 1.29 1.18 1.17 1.28 1.41 1.50 1.58 1.73 1.94 2.04 1.99 1.96 2.00
2.00 1.74 1.51 1.54 1.65 1.71 1.80 1.87 1.69 1.43 1.35 1.42 1.47 1.50 1.52 1.55 1.57 1.58 1.59 1.60 1.59 1.59 1.60 1.59 1.58 1.58 1.58 1.57 1.56 1.55 1.54 1.53 1.52 1.51 1.49 1.46 1.43 1.39 1.39 1.42 1.46 1.51 1.57 1.64 1.66 1.60 1.48 1.49 1.66 1.86 2.13 2.32 2.39 2.48 2.75 3.03 2.85 2.35 1.96 1.75 1.70 1.87 2.43 2.80 2.52 2.16 1.92 1.71 1.57 1.50 1.43 1.36 1.32 1.33 1.38 1.43 1.45 1.52 1.72 1.90 1.88 1.84 1.93 2.03
2.10 1.84 1.52 1.51 1.64 1.64 1.70 1.85 1.80 1.52 1.33 1.34 1.39 1.44 1.47 1.50 1.52 1.53 1.54 1.54 1.54 1.53 1.54 1.55 1.55 1.55 1.55 1.55 1.54 1.53 1.53 1.52 1.51 1.50 1.50 1.48 1.46 1.44 1.42 1.43 1.49 1.57 1.63 1.64 1.59 1.53 1.51 1.64 1.95 2.28 2.43 2.44 2.50 2.66 2.84 2.84 2.43 1.99 1.74 1.67 1.77 2.07 2.66 2.90 2.54 2.19 1.96 1.75 1.63 1.60 1.59 1.54 1.46 1.41 1.42 1.45 1.44 1.50 1.69 1.80 1.75 1.87 2.08 2.12
2.09 1.99 1.67 1.49 1.62 1.68 1.66 1.81 1.89 1.64 1.35 1.27 1.30 1.36 1.41 1.45 1.48 1.49 1.50 1.51 1.51 1.51 1.50 1.51 1.52 1.52 1.53 1.52 1.52 1.52 1.52 1.51 1.51 1.51 1.50 1.49 1.48 1.46 1.45 1.45 1.49 1.55 1.56 1.49 1.41 1.42 1.57 1.78 2.06 2.23 2.24 2.24 2.33 2.48 2.67 2.60 2.18 1.86 1.78 1.86 2.03 2.39 2.92 3.01 2.63 2.31 2.10 1.95 1.90 1.89 1.79 1.57 1.39 1.37 1.45 1.48 1.47 1.57 1.81 1.87 1.89 2.13 2.29 2.24
1.95 1.99 1.82 1.46 1.37 1.44 1.43 1.57 1.84 1.81 1.49 1.27 1.22 1.26 1.32 1.38 1.40 1.42 1.45 1.48 1.49 1.49 1.48 1.48 1.49 1.49 1.50 1.50 1.50 1.51 1.51 1.51 1.50 1.51 1.50 1.50 1.49 1.49 1.48 1.46 1.45 1.41 1.36 1.32 1.34 1.42 1.58 1.84 2.04 2.08 2.10 2.23 2.35 2.43 2.60 2.44 2.03 1.85 1.91 2.12 2.44 2.87 3.17 3.06 2.64 2.31 2.12 2.02 2.01 1.91 1.62 1.33 1.33 1.47 1.56 1.56 1.59 1.80 2.04 2.10 2.21 2.37 2.37 2.25
1.82 1.87 1.87 1.65 1.38 1.26 1.21 1.26 1.54 1.78 1.66 1.40 1.23 1.18 1.22 1.29 1.34 1.36 1.38 1.41 1.45 1.46 1.45 1.45 1.46 1.47 1.48 1.49 1.49 1.50 1.50 1.50 1.50 1.50 1.50 1.50 1.51 1.51 1.50 1.49 1.45 1.39 1.36 1.39 1.47 1.55 1.69 1.84 1.91 1.93 2.00 2.15 2.25 2.39 2.51 2.22 1.95 1.95 2.12 2.44 2.84 3.13 3.16 2.88 2.42 2.06 1.88 1.81 1.70 1.45 1.25 1.34 1.59 1.71 1.74 1.74 1.84 2.12 2.30 2.34 2.36 2.35 2.27 2.18
1.79 1.78 1.82 1.83 1.71 1.53 1.33 1.19 1.29 1.59 1.73 1.66 1.47 1.26 1.16 1.20 1.28 1.32 1.34 1.35 1.38 1.42 1.45 1.45 1.44 1.45 1.46 1.47 1.47 1.48 1.49 1.49 1.50 1.51 1.51 1.51 1.51 1.51 1.51 1.51 1.50 1.49 1.49 1.51 1.54 1.60 1.66 1.69 1.72 1.76 1.83 1.96 2.08 2.27 2.36 2.11 2.03 2.19 2.50 2.85 3.06 3.06 2.90 2.61 2.21 1.91 1.74 1.61 1.41 1.24 1.37 1.68 1.84 1.88 1.94 2.02 2.20 2.46 2.56 2.48 2.35 2.25 2.15 2.02
1.82 1.79 1.75 1.76 1.77 1.73 1.60 1.38 1.27 1.39 1.58 1.70 1.69 1.48 1.21 1.11 1.16 1.25 1.30 1.33 1.35 1.36 1.39 1.41 1.43 1.44 1.44 1.45 1.46 1.47 1.48 1.49 1.50 1.50 1.51 1.52 1.53 1.53 1.54 1.54 1.54 1.54 1.54 1.55 1.55 1.56 1.55 1.55 1.55 1.57 1.65 1.83 2.07 2.30 2.31 2.10 2.06 2.29 2.68 2.95 2.98 2.87 2.70 2.45 2.12 1.86 1.73 1.61 1.48 1.54 1.76 1.90 1.95 2.03 2.15 2.27 2.50 2.70 2.65 2.45 2.25 2.11 1.98 1.80
1.80 1.78 1.74 1.68 1.63 1.63 1.63 1.53 1.35 1.26 1.29 1.42 1.61 1.66 1.45 1.20 1.11 1.15 1.23 1.29 1.33 1.36 1.37 1.39 1.40 1.42 1.43 1.44 1.45 1.46 1.47 1.49 1.50 1.51 1.52 1.53 1.54 1.54 1.55 1.56 1.57 1.58 1.58 1.59 1.59 1.58 1.57 1.56 1.55 1.57 1.66 1.88 2.14 2.29 2.22 2.01 2.01 2.32 2.69 2.81 2.76 2.67 2.51 2.29 2.00 1.83 1.78 1.68 1.62 1.74 1.89 1.95 2.07 2.24 2.35 2.45 2.66 2.69 2.41 2.14 1.96 1.87 1.78 1.63
1.79 1.77 1.71 1.67 1.61 1.55 1.52 1.48 1.38 1.27 1.22 1.26 1.44 1.69 1.73 1.51 1.25 1.14 1.16 1.23 1.29 1.35 1.39 1.40 1.40 1.40 1.41 1.43 1.44 1.45 1.47 1.49 1.50 1.51 1.52 1.53 1.55 1.56 1.57 1.58 1.59 1.60 1.61 1.62 1.63 1.63 1.64 1.65 1.67 1.70 1.75 1.88 2.07 2.16 2.07 1.93 2.06 2.42 2.64 2.62 2.53 2.40 2.24 2.09 1.93 1.84 1.71 1.56 1.57 1.77 1.92 2.04 2.26 2.42 2.48 2.59 2.68 2.43 2.04 1.82 1.70 1.66 1.59 1.47
1.78 1.76 1.70 1.65 1.63 1.59 1.52 1.47 1.44 1.38 1.33 1.31 1.36 1.54 1.75 1.76 1.56 1.32 1.19 1.18 1.23 1.29 1.33 1.36 1.37 1.38 1.39 1.41 1.43 1.45 1.47 1.49 1.50 1.51 1.53 1.55 1.56 1.57 1.59 1.60 1.61 1.63 1.64 1.65 1.66 1.68 1.70 1.73 1.76 1.78 1.78 1.79 1.93 2.01 1.86 1.77 2.05 2.38 2.46 2.36 2.23 2.13 2.07 2.00 1.91 1.80 1.61 1.51 1.63 1.92 2.08 2.24 2.44 2.52 2.55 2.59 2.45 2.09 1.84 1.72 1.61 1.53 1.41 1.34
1.74 1.69 1.62 1.58 1.58 1.60 1.60 1.57 1.52 1.45 1.37 1.31 1.29 1.35 1.53 1.74 1.77 1.60 1.37 1.23 1.19 1.23 1.28 1.31 1.35 1.37 1.38 1.40 1.43 1.45 1.47 1.49 1.51 1.52 1.54 1.56 1.57 1.59 1.60 1.62 1.64 1.65 1.66 1.68 1.70 1.72 1.75 1.77 1.79 1.80 1.80 1.83 1.96 1.97 1.76 1.77 2.09 2.30 2.30 2.23 2.12 2.11 2.13 2.04 1.90 1.72 1.55 1.61 1.90 2.15 2.25 2.39 2.56 2.61 2.57 2.45 2.16 1.91 1.80 1.68 1.57 1.45 1.34 1.41
1.75 1.63 1.51 1.48 1.47 1.52 1.59 1.61 1.58 1.51 1.41 1.32 1.27 1.28 1.36 1.55 1.73 1.76 1.63 1.43 1.29 1.24 1.26 1.31 1.35 1.38 1.40 1.42 1.44 1.45 1.47 1.49 1.51 1.53 1.55 1.57 1.59 1.60 1.62 1.64 1.65 1.67 1.69 1.71 1.73 1.75 1.78 1.80 1.81 1.83 1.86 1.94 2.06 2.05 1.93 1.98 2.19 2.30 2.31 2.31 2.31 2.29 2.10 1.76 1.53 1.36 1.31 1.71 2.16 2.32 2.37 2.51 2.67 2.66 2.53 2.31 2.10 2.00 1.88 1.73 1.60 1.47 1.48 1.82
1.81 1.65 1.47 1.43 1.41 1.40 1.42 1.45 1.48 1.49 1.45 1.38 1.34 1.34 1.33 1.40 1.58 1.76 1.80 1.67 1.49 1.35 1.28 1.29 1.34 1.38 1.41 1.42 1.43 1.45 1.48 1.50 1.52 1.54 1.56 1.58 1.60 1.62 1.64 1.66 1.68 1.69 1.71 1.74 1.76 1.78 1.80 1.81 1.84 1.87 1.92 1.99 2.07 2.11 2.04 2.08 2.28 2.39 2.42 2.48 2.39 2.05 1.52 1.15 1.17 1.25 1.57 2.09 2.35 2.42 2.50 2.63 2.75 2.67 2.46 2.28 2.25 2.21 2.04 1.86 1.69 1.64 1.88 2.40
1.95 1.80 1.62 1.54 1.49 1.44 1.40 1.38 1.35 1.34 1.38 1.39 1.36 1.34 1.36 1.38 1.44 1.59 1.76 1.79 1.67 1.52 1.40 1.32 1.32 1.36 1.41 1.44 1.46 1.48 1.50 1.51 1.53 1.55 1.57 1.59 1.61 1.64 1.66 1.68 1.69 1.72 1.74 1.76 1.78 1.80 1.82 1.84 1.87 1.90 1.94 1.98 2.04 2.07 2.02 2.12 2.37 2.50 2.52 2.44 2.00 1.35 1.11 1.36 1.75 2.02 2.31 2.46 2.44 2.47 2.55 2.68 2.74 2.55 2.38 2.38 2.40 2.28 2.03 1.81 1.74 1.93 2.46 3.20
2.03 2.02 1.92 1.72 1.57 1.54 1.58 1.60 1.57 1.50 1.48 1.50 1.44 1.36 1.38 1.40 1.39 1.42 1.56 1.75 1.85 1.79 1.64 1.49 1.41 1.39 1.42 1.46 1.48 1.50 1.51 1.52 1.54 1.56 1.59 1.61 1.63 1.65 1.68 1.70 1.72 1.74 1.76 1.78 1.80 1.82 1.84 1.86 1.89 1.92 1.95 1.98 2.01 2.02 2.02 2.15 2.35 2.43 2.37 2.11 1.58 1.37 1.73 2.21 2.46 2.58 2.59 2.48 2.43 2.48 2.53 2.64 2.67 2.51 2.46 2.46 2.38 2.17 1.94 1.89 2.16 2.75 3.66 4.79
2.13 2.33 2.47 2.26 1.95 1.82 1.86 1.87 1.80 1.69 1.63 1.59 1.58 1.54 1.45 1.40 1.41 1.42 1.48 1.63 1.79 1.88 1.85 1.75 1.61 1.49 1.40 1.36 1.39 1.44 1.48 1.52 1.55 1.58 1.60 1.63 1.65 1.67 1.70 1.72 1.74 1.76 1.78 1.80 1.82 1.84 1.87 1.89 1.91 1.94 1.96 1.98 2.01 2.02 2.05 2.12 2.19 2.16 2.04 1.82 1.58 1.76 2.20 2.49 2.60 2.59 2.47 2.36 2.38 2.45 2.50 2.58 2.60 2.51 2.45 2.37 2.26 2.10 2.06 2.36 3.00 3.85 4.88 5.49
2.27 2.46 2.87 3.08 3.02 2.81 2.59 2.43 2.20 1.96 1.84 1.77 1.73 1.70 1.62 1.51 1.47 1.50 1.52 1.53 1.56 1.67 1.82 1.89 1.84 1.68 1.48 1.35 1.34 1.39 1.45 1.51 1.56 1.59 1.62 1.65 1.68 1.70 1.72 1.74 1.76 1.78 1.80 1.82 1.84 1.86 1.88 1.91 1.93 1.96 1.98 2.00 2.02 2.04 2.06 2.08 2.06 1.99 1.92 1.80 1.70 1.90 2.23 2.45 2.51 2.40 2.31 2.35 2.45 2.50 2.46 2.47 2.53 2.44 2.27 2.22 2.16 2.06 2.20 2.70 3.38 4.13 4.70 4.40
2.14 2.06 2.22 2.66 2.98 3.10 3.08 3.01 2.92 2.82 2.74 2.65 2.48 2.27 2.12 1.95 1.76 1.63 1.54 1.48 1.48 1.55 1.63 1.74 1.81 1.75 1.57 1.44 1.41 1.42 1.46 1.51 1.56 1.61 1.64 1.67 1.70 1.72 1.74 1.76 1.78 1.80 1.82 1.84 1.86 1.88 1.91 1.93 1.95 1.97 1.99 2.02 2.04 2.05 2.06 2.06 2.04 2.01 1.97 1.90 1.83 1.96 2.21 2.35 2.28 2.14 2.20 2.38 2.49 2.47 2.34 2.42 2.60 2.44 2.23 2.13 2.02 2.03 2.26 2.77 3.29 3.64 3.56 3.44
1.91 1.72 1.44 1.36 1.50 1.83 2.15 2.41 2.64 2.82 2.91 2.91 2.82 2.69 2.52 2.33 2.13 1.90 1.68 1.54 1.50 1.50 1.51 1.54 1.56 1.61 1.67 1.65 1.61 1.56 1.53 1.54 1.58 1.62 1.66 1.69 1.72 1.74 1.76 1.78 1.80 1.82 1.84 1.86 1.88 1.91 1.93 1.95 1.97 1.99 2.01 2.03 2.05 2.07 2.08 2.08 2.07 2.06 2.03 2.00 1.98 2.05 2.13 2.10 2.01 2.00 2.12 2.23 2.24 2.18 2.22 2.55 2.69 2.38 2.13 1.98 1.97 2.08 2.31 2.61 2.81 2.79 2.68 3.57
1.78 1.62 1.32 1.06 0.89 0.89 1.04 1.29 1.53 1.71 1.72 1.74 1.80 1.91 2.02 2.05 2.05 2.02 1.94 1.79 1.62 1.52 1.51 1.50 1.52 1.65 1.85 1.94 1.89 1.78 1.70 1.64 1.63 1.64 1.67 1.71 1.75 1.77 1.79 1.81 1.83 1.84 1.86 1.88 1.91 1.93 1.95 1.97 1.99 2.01 2.04 2.05 2.07 2.08 2.09 2.10 2.10 2.09 2.08 2.08 2.08 2.11 2.10 2.05 2.03 2.05 2.04 2.02 1.97 1.98 2.24 2.60 2.56 2.11 1.89 1.88 2.02 2.12 2.17 2.14 2.11 2.21 2.74 4.41
1.70 1.58 1.37 1.18 1.04 0.96 0.96 1.01 1.05 1.00 0.92 0.95 1.04 1.16 1.30 1.45 1.59 1.75 1.87 1.91 1.85 1.77 1.70 1.67 1.70 1.76 1.84 1.92 1.95 1.92 1.87 1.79 1.72 1.70 1.71 1.74 1.77 1.79 1.81 1.83 1.85 1.87 1.89 1.91 1.93 1.95 1.97 1.99 2.01 2.03 2.05 2.07 2.09 2.11 2.12 2.13 2.13 2.14 2.14 2.14 2.14 2.15 2.15 2.14 2.15 2.13 2.06 2.02 1.97 2.04 2.21 2.34 2.15 1.67 1.62 1.76 1.95 1.99 1.86 1.74 1.83 2.33 3.58 5.09
1.69 1.56 1.34 1.20 1.12 1.08 1.09 1.07 1.02 0.93 0.92 1.02 1.11 1.17 1.23 1.31 1.40 1.49 1.57 1.70 1.84 1.92 1.92 1.89 1.85 1.81 1.81 1.82 1.88 1.93 1.92 1.87 1.85 1.83 1.82 1.81 1.80 1.81 1.83 1.86 1.88 1.89 1.91 1.93 1.95 1.97 1.99 2.01 2.03 2.05 2.08 2.10 2.11 2.13 2.14 2.15 2.16 2.17 2.18 2.18 2.19 2.20 2.20 2.20 2.19 2.17 2.13 2.12 2.13 2.16 2.15 2.07 1.81 1.50 1.55 1.74 1.88 1.85 1.65 1.65 2.03 3.05 4.57 4.98
1.65 1.46 1.19 1.07 1.03 1.04 1.06 1.07 1.04 1.02 1.06 1.15 1.22 1.29 1.36 1.42 1.47 1.49 1.51 1.57 1.65 1.74 1.80 1.82 1.82 1.84 1.84 1.82 1.81 1.84 1.88 1.92 1.97 2.00 1.98 1.92 1.88 1.87 1.88 1.90 1.91 1.92 1.93 1.95 1.97 1.99 2.01 2.03 2.06 2.08 2.10 2.12 2.14 2.16 2.17 2.19 2.20 2.20 2.21 2.22 2.23 2.24 2.24 2.24 2.23 2.22 2.21 2.22 2.24 2.22 2.15 2.03 1.85 1.73 1.79 1.96 2.02 1.85 1.64 1.82 2.71 4.10 4.89 3.87
1.68 1.40 1.03 0.88 0.86 0.91 0.97 1.02 1.06 1.11 1.15 1.19 1.24 1.32 1.39 1.46 1.51 1.56 1.59 1.61 1.61 1.62 1.64 1.68 1.73 1.75 1.75 1.76 1.82 1.87 1.91 1.96 1.99 1.97 1.93 1.90 1.90 1.92 1.94 1.93 1.93 1.94 1.96 1.97 1.99 2.01 2.03 2.05 2.08 2.10 2.13 2.15 2.17 2.19 2.20 2.22 2.23 2.24 2.25 2.26 2.27 2.28 2.28 2.28 2.27 2.28 2.28 2.30 2.29 2.25 2.19 2.12 2.06 2.02 2.06 2.16 2.11 1.89 1.83 2.32 3.64 4.53 4.04 2.19
