windninja/windninja_output/Output_2025-10-23_2200-2250_Google earth_Fire_150m_10min/merlingen_7.5mi_point_10-23-2025_2200_150m_ang.asc
ncols	158
nrows	163
xllcorner	391686.332397
yllcorner	5160024.123721
cellsize	150.000000
NODATA_value	-32768.000000
[rows 42 to 83 of 163, columns 0 to 94 of 158]
43 44 44 45 46 47 47 47 47 46 45 45 45 44 44 43 42 41 40 39 38 36 35 34 32 30 28 25 22 22 23 24 23 23 22 22 23 20 16 14 13 13 13 10 4 2 4 6 5 0 354 351 351 350 349 350 354 356 355 356 357 354 349 348 346 337 331 330 332 336 340 334 331 333 327 326 341 356 353 343 335 330 323 317 316 318 324 326 321 316 311 303 293 292 300
42 42 43 44 46 47 47 47 47 46 45 45 45 45 44 43 42 42 41 40 38 37 35 34 33 30 28 26 23 22 23 24 23 19 16 15 14 11 10 11 13 15 12 6 4 7 10 11 7 359 352 350 354 355 354 355 359 2 2 357 351 345 340 340 339 335 333 333 338 347 348 341 338 336 332 334 349 1 358 345 334 329 322 317 315 319 324 320 314 312 310 306 298 295 301
40 41 42 44 45 46 47 47 47 47 46 46 46 45 44 44 43 42 41 40 38 37 35 34 33 31 28 26 24 23 23 23 20 16 13 9 6 7 11 13 15 14 10 6 9 14 16 11 3 355 351 354 358 1 2 3 4 6 1 353 347 341 337 334 330 329 331 333 341 349 348 344 342 340 338 344 359 8 1 345 332 326 320 315 313 316 316 310 307 306 306 305 299 296 298
39 40 41 43 44 46 47 47 47 47 46 46 45 45 44 44 43 42 41 40 38 37 35 34 33 31 29 27 25 23 22 21 18 15 11 6 4 7 11 12 12 11 9 9 13 16 14 5 355 351 354 360 5 8 10 10 9 4 354 348 344 341 338 334 328 326 328 332 339 344 343 342 341 341 343 351 7 12 359 342 331 323 316 309 306 310 310 306 302 301 303 303 300 296 295
38 38 40 42 43 45 46 46 46 46 46 45 45 44 44 43 42 42 41 40 38 36 35 34 32 30 29 27 25 23 21 19 17 13 9 6 5 5 6 7 7 8 10 13 16 14 7 358 352 354 360 6 14 18 17 14 8 356 346 342 342 339 335 332 328 327 328 332 338 340 337 336 337 339 347 358 10 8 350 335 325 317 309 302 304 309 309 306 302 299 300 302 300 297 294
37 38 39 39 42 46 47 46 46 45 45 45 44 44 43 43 42 41 40 39 38 36 35 34 32 31 29 27 25 23 21 19 16 12 9 6 5 4 3 3 4 5 10 15 15 9 359 353 354 0 6 14 20 20 16 10 0 350 341 338 338 335 331 328 326 325 328 333 338 339 335 334 335 339 349 3 10 360 341 326 316 309 305 306 310 311 310 308 303 300 300 301 300 298 295
36 37 37 37 41 46 47 45 44 45 45 44 43 43 43 43 42 41 40 39 37 36 35 33 32 30 28 26 24 23 20 18 15 12 9 5 4 3 1 360 360 2 8 12 10 2 355 355 359 6 14 23 23 18 12 3 351 343 338 338 338 332 327 324 322 322 327 333 337 337 335 334 335 341 353 4 4 352 336 322 314 312 312 314 316 316 313 312 309 305 301 297 297 298 297
37 36 34 35 40 46 46 44 42 43 43 43 42 42 42 42 41 40 39 38 36 35 33 32 31 29 27 25 24 22 19 17 14 12 8 5 3 1 359 358 358 1 4 5 2 357 355 358 5 12 21 23 18 11 5 355 344 337 336 339 338 332 326 321 320 322 327 332 336 337 336 335 337 345 354 359 355 347 337 326 319 317 317 319 319 318 317 316 312 307 301 293 291 294 294
37 35 31 32 38 43 44 42 40 40 40 40 40 40 40 40 39 38 38 36 35 34 32 31 30 28 26 24 23 21 18 16 14 11 8 4 1 359 358 358 359 359 358 357 356 354 356 3 14 24 25 18 9 3 357 348 339 335 336 339 338 333 323 317 319 323 328 332 335 335 335 335 340 347 351 350 347 344 336 327 321 318 319 320 319 318 318 315 309 304 298 290 285 285 286
39 35 28 30 36 39 39 40 38 36 36 38 38 38 38 39 38 37 36 35 33 32 31 29 28 27 25 23 21 19 17 15 13 10 7 4 360 358 357 357 358 356 354 353 352 353 359 11 25 28 18 7 1 355 348 339 335 335 340 342 340 333 321 315 318 325 330 334 336 336 335 337 342 346 345 343 342 340 333 326 321 317 315 317 317 316 314 309 304 299 295 286 278 276 282
42 35 25 28 35 37 37 39 37 33 32 35 36 36 37 37 36 35 34 33 32 31 30 28 27 26 24 22 20 18 16 14 12 9 7 4 0 357 355 355 355 353 350 349 350 354 2 15 21 13 4 360 357 352 342 333 332 338 344 346 342 333 319 314 319 327 333 337 338 337 338 340 344 345 342 339 339 336 329 323 320 316 313 313 312 311 309 306 302 297 291 283 276 277 287
40 34 23 24 32 33 32 36 38 33 30 32 33 34 34 34 34 33 32 32 31 29 28 27 25 24 22 20 19 17 15 13 10 8 6 3 0 357 355 352 352 351 348 347 349 355 3 9 7 1 358 357 354 348 339 332 334 343 349 348 342 331 318 315 322 330 337 342 342 339 340 343 346 345 340 338 338 333 324 320 320 317 314 314 312 309 308 307 302 295 290 287 284 286 295
34 32 24 20 27 28 27 33 37 35 30 29 31 31 31 32 31 31 30 30 29 27 26 25 23 22 20 19 17 15 13 11 9 7 5 2 360 357 354 351 348 347 347 347 348 352 359 0 356 355 357 356 350 344 336 333 340 349 352 347 341 330 319 317 325 334 342 347 346 343 344 348 348 343 339 338 338 332 324 323 323 319 317 318 316 312 310 309 304 298 294 294 296 297 296
28 29 27 22 26 29 27 29 35 36 32 28 28 28 28 29 29 29 28 27 26 25 24 23 21 20 18 17 15 13 12 10 8 6 3 1 359 357 354 350 346 344 345 346 346 347 350 351 350 352 356 353 349 343 334 335 346 353 350 344 338 330 322 321 327 338 345 349 346 346 350 354 348 341 338 339 338 331 326 326 326 321 318 318 318 316 315 314 310 302 297 297 302 304 297
25 27 28 26 26 29 27 25 32 36 32 27 25 24 25 26 27 26 25 24 24 23 22 20 19 18 16 15 13 11 10 8 6 4 2 0 358 356 353 351 347 345 344 345 344 343 343 343 345 349 353 349 346 341 333 338 351 353 347 340 334 329 324 322 328 338 345 348 347 350 358 353 344 341 339 340 337 330 328 328 327 322 318 317 316 315 316 317 316 307 300 302 310 313 305
25 25 26 25 24 25 24 21 25 31 29 25 24 23 21 22 23 23 22 22 21 20 19 18 16 15 14 13 11 10 8 6 4 2 1 359 357 355 353 351 348 346 345 343 342 340 338 337 340 344 348 346 343 337 332 340 350 350 343 337 332 327 324 323 329 339 346 349 352 357 354 346 342 341 340 340 336 331 329 330 329 324 320 316 313 309 308 311 313 312 310 314 319 317 308
23 23 23 23 23 23 23 19 18 23 24 23 24 25 21 17 18 19 19 18 18 18 17 16 14 13 12 10 9 7 6 4 2 1 359 357 355 354 352 350 348 346 344 342 340 338 336 334 334 338 343 343 339 334 332 340 347 344 337 333 330 328 325 325 330 340 347 352 358 354 346 343 341 340 339 339 334 330 331 332 331 327 322 317 312 308 307 309 313 315 314 315 317 315 305
21 21 21 22 22 22 22 20 17 18 20 20 23 26 23 16 13 14 15 14 15 14 14 12 11 11 9 8 7 5 4 2 1 359 357 356 354 352 351 349 347 346 344 342 340 338 336 334 332 334 338 339 335 332 332 340 344 337 331 329 329 328 327 327 332 340 347 357 359 349 343 342 339 337 338 337 331 329 330 332 331 327 323 321 317 314 314 315 318 316 312 310 310 308 297
19 19 20 20 21 21 21 21 19 17 15 12 15 21 22 18 13 10 9 10 10 11 10 9 9 8 7 6 4 3 2 0 359 357 356 354 352 351 349 348 346 345 343 342 340 338 337 335 333 333 334 333 329 328 331 339 339 332 327 326 327 326 326 327 332 339 348 360 356 344 340 340 336 335 336 334 330 330 332 332 330 326 322 321 319 317 318 318 316 312 309 306 304 300 289
18 18 19 19 19 19 19 19 17 14 10 6 7 13 19 19 15 10 6 4 5 6 7 7 7 6 4 3 2 0 359 358 357 355 354 352 351 349 348 347 345 344 342 341 339 338 336 335 334 332 332 329 324 323 328 335 332 327 324 323 324 325 325 327 332 338 351 1 351 340 339 337 334 333 334 332 330 332 335 334 332 328 323 320 317 315 316 316 313 309 308 306 300 291 280
19 19 18 17 16 17 17 16 15 13 9 4 2 5 12 17 16 13 7 3 1 2 3 4 4 3 2 0 359 358 357 356 354 353 352 351 349 348 347 345 344 343 341 340 339 337 336 334 333 332 332 330 324 322 327 331 326 322 322 322 324 324 325 328 332 339 355 358 344 338 337 335 332 332 333 332 332 335 337 337 335 332 328 322 319 314 312 313 310 307 306 301 288 278 267
23 21 18 15 13 13 13 13 13 12 8 3 359 359 3 10 14 14 10 5 360 358 359 360 360 360 359 357 356 355 354 353 352 351 350 349 347 346 345 344 343 341 340 339 338 336 335 334 332 331 331 330 325 324 329 331 324 321 321 323 326 327 327 329 329 335 350 346 339 337 336 333 330 332 334 335 337 338 340 342 340 338 333 326 323 316 312 311 307 303 298 290 279 265 247
28 23 16 13 10 9 10 11 11 10 8 2 356 356 358 1 7 10 11 8 3 358 356 355 356 357 356 355 354 353 352 351 350 349 348 347 346 345 344 342 341 340 339 338 336 335 334 333 332 330 329 328 325 323 328 330 324 321 321 322 325 329 329 325 320 328 337 336 336 336 336 332 330 332 335 338 339 340 345 346 345 342 335 328 322 314 310 308 304 297 291 282 267 246 228
28 22 14 10 8 7 6 8 9 7 5 1 355 353 354 355 358 3 8 9 6 1 357 353 352 352 353 353 352 350 349 349 348 347 346 345 344 343 342 341 340 339 338 337 335 334 333 332 331 329 328 326 323 321 324 326 323 321 321 320 324 334 336 328 327 331 334 334 335 335 334 331 328 332 337 339 339 342 348 350 347 342 334 329 320 311 306 303 299 293 284 268 244 224 209
20 18 13 10 7 4 3 5 6 4 0 359 356 350 350 352 353 355 2 6 5 3 0 355 351 349 349 350 349 348 347 346 346 345 344 343 342 341 340 339 338 337 336 335 334 333 332 331 330 328 327 325 323 320 320 321 318 317 317 318 327 340 336 331 331 332 333 335 334 333 332 329 328 332 337 338 339 343 351 352 346 340 334 328 317 308 303 299 293 284 270 243 220 201 194
3 7 11 11 7 1 359 3 6 3 359 357 356 352 348 349 351 351 353 357 1 3 2 358 354 350 347 346 345 345 344 344 343 342 342 341 340 340 339 338 337 336 335 334 333 332 331 330 329 328 326 324 323 321 319 316 313 309 309 312 327 335 330 327 328 330 333 334 333 331 331 328 326 331 335 338 340 345 351 348 340 334 326 321 312 301 294 289 282 270 245 213 196 188 191
341 353 4 7 7 3 359 3 7 4 358 355 354 353 351 348 348 348 348 351 355 358 359 359 357 355 351 346 341 340 340 340 340 340 340 339 339 338 337 336 336 335 334 333 332 331 330 329 328 327 326 324 322 321 319 316 312 308 306 309 319 325 323 321 323 327 331 333 332 331 330 327 324 328 334 337 340 346 347 339 331 323 314 308 301 290 282 278 271 247 214 187 182 187 196
326 333 350 359 4 5 3 4 6 4 360 358 357 356 355 353 351 349 347 348 350 351 353 355 357 360 358 349 341 337 336 336 337 337 337 337 337 336 336 335 334 333 333 332 331 330 329 328 327 326 325 324 322 321 319 317 314 312 310 309 313 316 316 315 316 321 325 328 330 331 331 326 323 328 334 336 339 343 341 332 323 314 303 298 296 288 279 274 255 217 187 177 181 193 207
327 326 328 338 352 2 4 1 1 2 1 1 1 1 360 358 357 354 351 348 347 347 348 349 354 359 359 351 344 339 335 333 333 334 335 335 335 334 334 333 333 332 331 331 330 329 328 327 326 325 324 323 322 321 319 318 316 315 314 313 313 313 310 308 307 311 316 319 323 328 330 325 323 329 335 337 338 339 337 327 317 307 300 297 293 287 278 262 227 190 177 178 189 203 232
337 334 329 327 334 345 349 348 350 355 360 2 2 3 2 360 358 358 356 352 349 346 345 345 349 352 354 352 349 344 339 335 331 331 331 332 333 333 332 332 332 331 330 329 329 328 327 326 325 325 324 323 322 321 319 318 317 316 315 315 314 313 311 309 308 307 307 308 312 319 324 321 321 329 335 336 335 335 334 326 315 306 304 300 292 284 272 240 194 179 179 188 207 234 265
346 343 339 336 336 338 336 334 334 342 352 355 355 355 355 355 354 354 354 354 352 349 346 345 346 346 347 349 350 347 343 339 334 330 329 329 330 331 331 331 330 330 329 328 328 327 326 325 325 324 323 322 321 320 319 319 318 317 316 316 315 314 313 313 311 310 308 307 308 311 314 313 314 324 331 330 329 331 334 329 320 313 308 300 291 278 254 206 185 183 190 209 230 256 290
356 351 344 341 338 337 335 332 330 335 343 347 347 347 347 347 346 345 347 350 350 349 347 346 345 344 343 344 347 347 345 342 337 333 330 329 329 329 329 329 329 328 328 327 326 326 325 324 324 323 322 321 321 320 319 318 318 317 317 316 316 315 314 314 313 312 312 311 311 310 308 306 307 316 324 325 326 328 335 334 324 316 308 299 287 268 213 188 194 203 222 261 280 302 316
6 1 349 340 336 332 330 330 329 332 336 339 342 343 343 342 342 341 342 342 343 344 345 345 344 343 342 342 343 344 344 342 338 336 333 331 329 328 327 328 328 327 327 326 325 325 324 323 323 322 321 321 320 320 319 318 318 317 317 316 316 315 315 314 314 313 313 313 313 312 311 309 310 317 323 324 326 331 338 335 325 315 305 294 279 228 189 195 215 231 273 304 322 317 315
21 14 356 340 328 322 320 321 324 327 330 332 335 337 337 338 338 339 339 339 338 339 339 340 341 340 339 339 340 341 341 340 338 336 334 332 329 328 327 327 327 326 326 325 324 324 323 322 322 321 320 320 319 319 318 318 318 317 317 316 316 315 315 314 314 314 314 314 313 313 314 314 316 319 322 323 326 334 340 333 320 310 299 285 250 183 189 210 233 255 284 314 320 309 308
34 29 10 343 317 306 306 309 314 318 323 327 330 331 333 334 334 335 336 336 337 336 337 337 338 339 336 334 335 338 339 338 336 333 330 328 327 326 326 326 326 325 325 324 323 323 322 321 321 320 320 319 319 318 318 318 317 317 316 316 316 315 315 315 314 314 314 314 314 314 315 316 317 320 322 321 325 333 337 325 312 302 288 261 184 178 201 216 238 271 300 323 316 305 301
48 45 33 356 304 293 292 296 303 311 317 323 326 327 329 330 330 331 333 334 334 334 334 335 338 339 334 330 330 332 335 336 335 333 330 328 327 325 324 325 325 325 324 323 322 321 321 320 319 319 318 318 318 318 317 317 317 317 316 316 315 315 315 315 315 314 314 314 314 315 316 317 318 319 321 321 324 331 331 317 305 295 276 222 190 205 238 260 288 312 322 323 315 305 300
62 61 53 30 290 282 284 291 300 309 317 322 324 325 327 328 328 329 331 332 332 332 331 333 337 339 334 329 328 330 333 334 335 333 331 330 329 327 324 323 324 324 323 322 321 320 319 318 318 318 317 317 317 317 317 317 316 316 316 316 315 315 315 315 314 314 314 314 315 315 316 317 317 318 320 321 325 329 327 314 302 294 273 250 284 311 320 323 322 321 319 317 312 304 302
66 65 55 25 322 295 297 300 305 313 320 323 324 325 326 327 327 327 328 329 329 329 329 331 335 336 333 331 330 331 332 332 333 332 330 329 330 329 325 323 323 322 321 320 319 318 317 316 316 315 316 316 316 316 316 316 316 316 315 315 315 315 314 314 314 314 314 314 314 315 315 316 317 318 319 321 325 328 325 315 307 312 323 326 330 330 331 325 319 315 312 309 307 304 303
60 54 28 1 338 332 327 322 320 323 325 326 326 326 325 326 326 326 326 326 327 326 327 329 332 332 330 330 331 331 331 330 331 332 331 330 330 330 327 324 324 322 318 317 316 315 314 313 312 312 314 315 315 316 316 316 316 315 315 315 315 314 314 314 314 314 314 314 314 315 315 316 317 318 319 321 324 327 325 320 323 334 337 336 334 330 323 318 315 310 307 304 302 303 303
60 52 10 340 334 341 349 344 338 336 334 331 328 326 324 324 324 324 324 324 324 324 325 327 330 329 326 327 329 330 330 328 329 331 332 332 332 330 328 327 327 325 320 315 311 309 307 305 304 305 309 312 315 316 316 315 315 315 315 314 314 314 314 314 314 313 314 314 314 314 315 316 317 317 319 321 323 326 327 329 336 341 342 341 338 328 318 314 312 308 306 303 300 301 302
65 48 343 331 334 351 1 357 352 347 343 336 330 327 324 323 322 321 320 320 320 321 322 325 328 327 324 325 327 328 327 325 324 324 325 328 330 329 328 327 329 329 326 322 319 315 314 313 310 310 311 312 314 315 316 316 315 315 314 314 314 313 313 313 313 313 313 313 313 314 314 315 316 317 318 320 322 326 328 333 340 345 346 346 339 322 315 312 310 308 305 303 300 301 303
10 356 342 340 345 355 1 2 360 354 347 338 330 326 322 321 320 317 316 316 317 318 319 322 326 326 325 325 326 326 325 324 323 321 319 319 321 324 325 326 327 328 328 327 326 326 325 324 322 322 322 320 317 317 316 315 314 314 314 313 313 313 313 313 313 313 313 313 313 313 314 315 316 317 318 319 321 325 328 334 342 350 350 345 330 317 310 308 307 306 303 301 300 300 301
