windninja/windninja_output/Output_2025-10-23_2200-2250_Google earth_Fire_150m_10min/merlingen_7.5mi_point_10-23-2025_2210_150m_vel.asc
ncols	158
nrows	163
xllcorner	391686.332397
yllcorner	5160024.123721
cellsize	150.000000
NODATA_value	-32768.000000
[rows 0 to 37 of 163, columns 0 to 83 of 158]
1.77 1.80 1.82 1.82 1.88 1.94 1.86 1.88 2.01 2.04 2.03 2.10 2.34 2.65 2.71 2.48 2.15 1.89 1.86 1.83 1.57 1.60 2.03 2.24 2.15 1.96 1.82 1.87 1.99 2.00 1.96 1.93 1.87 1.79 1.79 1.76 1.60 1.48 1.43 1.39 1.43 1.46 1.42 1.36 1.30 1.22 1.14 1.07 1.11 1.23 1.28 1.29 1.29 1.26 1.21 1.15 1.08 1.02 0.96 0.92 0.90 0.88 0.84 0.81 0.78 0.76 0.73 0.69 0.66 0.65 0.64 0.62 0.61 0.59 0.60 0.61 0.59 0.57 0.58 0.60 0.60 0.57 0.57 0.59
1.73 1.80 1.81 1.78 1.86 1.92 1.86 1.86 1.95 1.96 1.93 1.94 2.12 2.48 2.70 2.65 2.38 2.07 2.01 1.97 1.65 1.49 1.77 2.11 2.22 2.09 1.90 1.85 1.91 1.93 1.91 1.90 1.87 1.81 1.76 1.78 1.70 1.59 1.54 1.47 1.45 1.47 1.46 1.44 1.38 1.32 1.29 1.21 1.13 1.15 1.18 1.17 1.16 1.15 1.12 1.08 1.05 1.02 0.98 0.92 0.87 0.84 0.82 0.79 0.76 0.73 0.71 0.67 0.65 0.63 0.62 0.61 0.60 0.60 0.60 0.59 0.57 0.57 0.60 0.60 0.57 0.55 0.56 0.57
1.63 1.76 1.78 1.72 1.81 1.81 1.78 1.86 1.92 1.86 1.75 1.66 1.78 2.12 2.55 2.81 2.66 2.37 2.26 2.16 1.83 1.47 1.42 1.77 2.17 2.23 2.04 1.87 1.83 1.85 1.86 1.83 1.80 1.78 1.74 1.75 1.77 1.73 1.66 1.57 1.51 1.48 1.47 1.48 1.45 1.41 1.40 1.37 1.25 1.14 1.10 1.09 1.08 1.06 1.04 1.02 1.01 0.99 0.96 0.92 0.86 0.82 0.79 0.76 0.72 0.68 0.66 0.64 0.62 0.60 0.58 0.57 0.57 0.58 0.57 0.55 0.55 0.57 0.59 0.56 0.52 0.52 0.54 0.54
1.51 1.71 1.79 1.74 1.80 1.71 1.70 1.88 1.93 1.83 1.67 1.53 1.63 1.90 2.29 2.73 2.71 2.49 2.41 2.28 1.99 1.65 1.39 1.48 1.95 2.20 2.17 2.04 1.93 1.93 1.94 1.89 1.80 1.75 1.73 1.71 1.71 1.70 1.65 1.57 1.53 1.50 1.48 1.47 1.44 1.41 1.38 1.37 1.34 1.26 1.18 1.14 1.12 1.11 1.06 1.01 0.97 0.93 0.90 0.89 0.85 0.80 0.76 0.72 0.69 0.65 0.62 0.60 0.58 0.56 0.54 0.53 0.53 0.52 0.51 0.51 0.52 0.54 0.54 0.51 0.48 0.50 0.52 0.51
1.39 1.60 1.78 1.78 1.80 1.69 1.67 1.82 1.85 1.73 1.57 1.43 1.50 1.78 2.17 2.62 2.72 2.53 2.40 2.35 2.14 1.81 1.43 1.30 1.65 1.98 2.14 2.16 2.09 2.07 2.10 2.09 2.01 1.87 1.74 1.71 1.70 1.68 1.65 1.57 1.52 1.50 1.51 1.50 1.46 1.42 1.37 1.33 1.31 1.27 1.21 1.14 1.10 1.09 1.05 0.99 0.94 0.89 0.86 0.83 0.80 0.76 0.72 0.69 0.65 0.62 0.60 0.57 0.54 0.52 0.50 0.49 0.48 0.48 0.47 0.46 0.47 0.48 0.49 0.46 0.44 0.46 0.49 0.51
1.38 1.48 1.65 1.76 1.80 1.74 1.72 1.79 1.73 1.57 1.45 1.34 1.32 1.62 2.14 2.49 2.69 2.62 2.40 2.34 2.25 1.97 1.48 1.16 1.34 1.64 1.85 2.00 2.05 2.06 2.10 2.17 2.18 2.08 1.92 1.81 1.76 1.73 1.69 1.62 1.55 1.49 1.48 1.46 1.42 1.39 1.34 1.29 1.25 1.21 1.18 1.14 1.08 1.04 1.01 0.97 0.92 0.88 0.84 0.80 0.77 0.74 0.70 0.67 0.63 0.60 0.57 0.54 0.52 0.49 0.47 0.45 0.45 0.45 0.45 0.44 0.45 0.46 0.45 0.41 0.40 0.43 0.48 0.51
1.46 1.48 1.53 1.64 1.76 1.78 1.79 1.78 1.62 1.45 1.36 1.27 1.21 1.50 2.12 2.39 2.55 2.65 2.51 2.39 2.36 2.18 1.67 1.16 1.13 1.35 1.54 1.71 1.82 1.89 1.96 2.05 2.12 2.12 2.06 1.96 1.85 1.78 1.72 1.65 1.57 1.49 1.44 1.39 1.34 1.32 1.29 1.24 1.21 1.17 1.15 1.13 1.09 1.05 1.01 0.95 0.90 0.85 0.81 0.78 0.76 0.73 0.70 0.67 0.62 0.58 0.54 0.51 0.49 0.47 0.47 0.46 0.45 0.44 0.43 0.43 0.44 0.44 0.40 0.36 0.40 0.45 0.47 0.49
1.53 1.55 1.54 1.55 1.66 1.74 1.80 1.76 1.57 1.40 1.31 1.20 1.15 1.45 2.07 2.36 2.37 2.53 2.58 2.46 2.46 2.39 1.97 1.39 1.07 1.12 1.35 1.53 1.60 1.67 1.78 1.89 1.95 1.97 1.98 1.94 1.84 1.77 1.71 1.64 1.56 1.49 1.44 1.38 1.32 1.27 1.24 1.20 1.15 1.12 1.09 1.08 1.07 1.06 1.03 0.96 0.89 0.84 0.79 0.76 0.74 0.71 0.70 0.67 0.63 0.58 0.52 0.49 0.46 0.45 0.44 0.44 0.43 0.42 0.41 0.40 0.40 0.39 0.34 0.34 0.42 0.46 0.45 0.46
1.55 1.60 1.63 1.58 1.60 1.67 1.73 1.70 1.55 1.40 1.29 1.14 1.06 1.33 1.97 2.32 2.30 2.39 2.51 2.50 2.51 2.49 2.23 1.76 1.27 1.05 1.22 1.44 1.46 1.52 1.69 1.76 1.79 1.86 1.90 1.85 1.76 1.70 1.67 1.62 1.55 1.48 1.42 1.37 1.32 1.25 1.21 1.18 1.12 1.07 1.07 1.05 1.01 1.00 1.02 0.97 0.89 0.85 0.80 0.74 0.70 0.65 0.62 0.62 0.61 0.57 0.52 0.48 0.45 0.43 0.40 0.38 0.37 0.36 0.36 0.36 0.36 0.33 0.29 0.33 0.43 0.47 0.45 0.46
1.56 1.62 1.69 1.65 1.61 1.63 1.67 1.65 1.55 1.43 1.32 1.17 1.02 1.18 1.75 2.21 2.30 2.32 2.36 2.47 2.56 2.53 2.40 2.03 1.59 1.20 1.14 1.37 1.43 1.46 1.68 1.70 1.66 1.79 1.89 1.86 1.75 1.67 1.65 1.62 1.56 1.50 1.43 1.36 1.32 1.24 1.17 1.16 1.10 1.01 1.01 1.03 0.97 0.95 0.99 0.96 0.86 0.81 0.77 0.70 0.65 0.59 0.53 0.51 0.52 0.52 0.49 0.45 0.42 0.39 0.36 0.33 0.32 0.32 0.31 0.31 0.31 0.30 0.29 0.36 0.44 0.48 0.46 0.46
1.58 1.63 1.71 1.69 1.63 1.62 1.65 1.64 1.57 1.45 1.38 1.24 1.06 1.10 1.52 2.03 2.26 2.31 2.23 2.31 2.51 2.55 2.50 2.21 1.83 1.49 1.23 1.32 1.45 1.48 1.65 1.67 1.59 1.70 1.84 1.85 1.77 1.67 1.65 1.64 1.59 1.54 1.47 1.38 1.33 1.25 1.13 1.12 1.08 0.96 0.93 0.95 0.90 0.90 0.92 0.91 0.83 0.74 0.70 0.66 0.61 0.56 0.49 0.44 0.44 0.44 0.42 0.40 0.36 0.34 0.33 0.32 0.31 0.30 0.28 0.27 0.28 0.30 0.33 0.40 0.45 0.47 0.46 0.46
1.61 1.65 1.71 1.70 1.65 1.63 1.65 1.66 1.59 1.50 1.43 1.32 1.16 1.10 1.39 1.88 2.16 2.27 2.21 2.19 2.33 2.45 2.49 2.31 1.99 1.71 1.42 1.36 1.46 1.52 1.62 1.66 1.61 1.67 1.75 1.78 1.75 1.68 1.65 1.62 1.58 1.57 1.50 1.41 1.38 1.31 1.16 1.08 1.06 0.97 0.89 0.85 0.80 0.83 0.84 0.83 0.79 0.70 0.65 0.60 0.57 0.53 0.44 0.38 0.37 0.35 0.34 0.32 0.31 0.31 0.31 0.31 0.30 0.29 0.28 0.29 0.31 0.35 0.39 0.42 0.44 0.46 0.47 0.51
1.66 1.68 1.71 1.70 1.67 1.67 1.67 1.65 1.61 1.54 1.49 1.39 1.25 1.15 1.37 1.84 2.06 2.13 2.20 2.21 2.23 2.29 2.36 2.29 2.08 1.81 1.55 1.46 1.50 1.54 1.60 1.66 1.67 1.66 1.69 1.74 1.72 1.66 1.63 1.58 1.56 1.57 1.50 1.43 1.44 1.40 1.26 1.15 1.09 1.02 0.91 0.81 0.77 0.80 0.82 0.77 0.73 0.67 0.62 0.59 0.57 0.51 0.42 0.35 0.31 0.28 0.26 0.25 0.26 0.28 0.28 0.28 0.28 0.29 0.31 0.34 0.36 0.39 0.42 0.42 0.43 0.46 0.50 0.57
1.70 1.71 1.72 1.70 1.69 1.70 1.69 1.67 1.64 1.59 1.53 1.45 1.30 1.23 1.47 1.90 2.07 1.98 2.07 2.21 2.20 2.19 2.24 2.22 2.08 1.87 1.67 1.59 1.59 1.61 1.64 1.66 1.69 1.65 1.63 1.74 1.75 1.67 1.62 1.54 1.54 1.55 1.45 1.38 1.40 1.37 1.27 1.23 1.23 1.14 0.98 0.85 0.80 0.83 0.85 0.76 0.65 0.60 0.58 0.61 0.61 0.52 0.44 0.37 0.29 0.24 0.21 0.18 0.19 0.21 0.23 0.25 0.27 0.30 0.32 0.32 0.34 0.38 0.38 0.38 0.42 0.48 0.52 0.58
1.73 1.74 1.74 1.72 1.71 1.72 1.71 1.70 1.68 1.63 1.58 1.51 1.35 1.27 1.55 2.02 2.21 1.99 1.92 2.11 2.15 2.10 2.14 2.16 2.08 1.92 1.75 1.70 1.68 1.67 1.74 1.75 1.69 1.63 1.59 1.70 1.78 1.74 1.66 1.55 1.53 1.51 1.46 1.40 1.34 1.28 1.18 1.12 1.22 1.29 1.15 0.95 0.85 0.89 0.91 0.81 0.65 0.54 0.53 0.61 0.63 0.56 0.47 0.41 0.33 0.26 0.22 0.17 0.15 0.15 0.19 0.24 0.27 0.28 0.27 0.28 0.32 0.33 0.34 0.38 0.45 0.49 0.52 0.55
1.77 1.77 1.76 1.75 1.73 1.73 1.72 1.72 1.72 1.68 1.63 1.57 1.43 1.26 1.48 2.09 2.35 2.14 1.94 1.99 2.07 2.03 2.04 2.10 2.10 1.98 1.77 1.73 1.77 1.73 1.81 1.86 1.74 1.68 1.66 1.66 1.72 1.75 1.68 1.60 1.55 1.46 1.49 1.51 1.34 1.27 1.24 1.06 1.01 1.22 1.27 1.08 0.95 0.95 0.96 0.91 0.76 0.57 0.51 0.59 0.63 0.57 0.49 0.41 0.37 0.33 0.26 0.20 0.17 0.15 0.17 0.21 0.24 0.24 0.25 0.27 0.29 0.30 0.34 0.43 0.47 0.47 0.49 0.50
1.80 1.80 1.79 1.78 1.76 1.76 1.75 1.74 1.75 1.73 1.68 1.62 1.53 1.34 1.41 2.00 2.35 2.27 2.08 2.00 2.00 1.97 1.96 2.02 2.12 2.06 1.83 1.73 1.81 1.82 1.86 1.89 1.78 1.75 1.76 1.70 1.70 1.72 1.67 1.64 1.60 1.48 1.52 1.58 1.41 1.29 1.31 1.19 1.01 1.07 1.18 1.12 1.01 0.97 0.95 0.95 0.88 0.69 0.55 0.60 0.63 0.58 0.49 0.40 0.36 0.34 0.28 0.22 0.19 0.18 0.19 0.20 0.21 0.23 0.25 0.26 0.26 0.31 0.40 0.46 0.44 0.42 0.44 0.45
1.83 1.83 1.82 1.80 1.79 1.78 1.78 1.78 1.78 1.78 1.74 1.68 1.63 1.50 1.50 1.87 2.23 2.26 2.15 2.08 2.01 1.94 1.89 1.95 2.07 2.07 1.91 1.75 1.75 1.85 1.91 1.87 1.80 1.83 1.88 1.86 1.79 1.74 1.68 1.67 1.64 1.55 1.53 1.53 1.45 1.35 1.29 1.24 1.17 1.13 1.09 1.05 1.01 0.98 0.93 0.91 0.90 0.78 0.64 0.62 0.64 0.59 0.49 0.40 0.35 0.33 0.28 0.22 0.19 0.19 0.20 0.21 0.23 0.25 0.25 0.25 0.27 0.34 0.42 0.41 0.39 0.40 0.40 0.40
1.86 1.85 1.84 1.83 1.83 1.82 1.81 1.83 1.82 1.81 1.80 1.77 1.72 1.66 1.65 1.83 2.11 2.17 2.12 2.10 2.04 1.95 1.89 1.93 2.02 2.03 1.96 1.84 1.76 1.81 1.88 1.85 1.82 1.87 1.97 2.01 1.93 1.78 1.66 1.67 1.64 1.57 1.57 1.50 1.44 1.41 1.31 1.19 1.19 1.21 1.11 1.00 0.96 0.95 0.92 0.89 0.87 0.81 0.70 0.63 0.63 0.60 0.50 0.41 0.36 0.32 0.28 0.23 0.18 0.18 0.21 0.22 0.24 0.25 0.24 0.24 0.27 0.31 0.37 0.36 0.37 0.40 0.38 0.37
1.89 1.88 1.86 1.86 1.86 1.86 1.86 1.87 1.86 1.82 1.84 1.86 1.81 1.77 1.78 1.88 2.04 2.09 2.09 2.10 2.05 1.99 1.94 1.96 2.01 2.02 1.99 1.92 1.84 1.82 1.82 1.82 1.83 1.88 1.97 2.05 2.02 1.84 1.66 1.68 1.66 1.60 1.60 1.54 1.47 1.46 1.39 1.22 1.14 1.21 1.17 1.02 0.93 0.88 0.89 0.87 0.85 0.82 0.74 0.66 0.62 0.59 0.50 0.41 0.35 0.29 0.25 0.21 0.19 0.21 0.22 0.23 0.24 0.25 0.24 0.23 0.23 0.27 0.33 0.36 0.39 0.41 0.39 0.36
1.92 1.91 1.89 1.88 1.88 1.89 1.91 1.92 1.90 1.85 1.87 1.93 1.90 1.86 1.89 1.94 2.02 2.05 2.07 2.10 2.07 2.01 1.98 1.99 2.02 2.03 2.02 1.98 1.90 1.85 1.79 1.77 1.86 1.97 2.05 2.10 2.10 1.91 1.70 1.71 1.69 1.63 1.62 1.57 1.53 1.49 1.43 1.28 1.16 1.19 1.19 1.08 0.95 0.85 0.82 0.82 0.80 0.80 0.77 0.69 0.63 0.59 0.51 0.40 0.33 0.28 0.23 0.20 0.20 0.21 0.21 0.21 0.22 0.24 0.24 0.21 0.20 0.26 0.32 0.38 0.42 0.43 0.41 0.37
1.96 1.95 1.92 1.90 1.91 1.92 1.94 1.97 1.96 1.91 1.91 1.97 1.96 1.93 1.95 1.99 2.02 2.05 2.09 2.11 2.08 2.03 2.01 2.01 2.02 2.05 2.05 2.01 1.94 1.86 1.77 1.71 1.85 2.06 2.09 2.11 2.17 2.01 1.76 1.72 1.72 1.68 1.67 1.63 1.60 1.53 1.43 1.32 1.20 1.18 1.19 1.12 1.01 0.88 0.80 0.78 0.76 0.74 0.74 0.71 0.64 0.60 0.52 0.40 0.33 0.27 0.22 0.20 0.20 0.19 0.18 0.18 0.20 0.24 0.23 0.19 0.18 0.24 0.32 0.40 0.44 0.43 0.43 0.39
1.99 1.98 1.95 1.95 1.95 1.95 1.96 2.00 2.01 1.98 1.96 2.00 2.03 2.00 2.00 2.02 2.02 2.07 2.12 2.13 2.10 2.06 2.05 2.03 2.01 2.06 2.07 2.04 1.99 1.90 1.77 1.65 1.82 2.08 2.10 2.08 2.14 2.06 1.86 1.74 1.70 1.70 1.72 1.71 1.67 1.58 1.45 1.34 1.24 1.18 1.19 1.13 1.03 0.93 0.83 0.76 0.73 0.70 0.67 0.69 0.66 0.60 0.53 0.41 0.32 0.26 0.21 0.20 0.18 0.17 0.16 0.17 0.20 0.25 0.24 0.20 0.18 0.22 0.30 0.40 0.44 0.44 0.46 0.44
2.01 2.00 1.99 1.99 1.99 1.98 1.99 2.02 2.05 2.06 2.02 2.01 2.07 2.08 2.05 2.04 2.05 2.09 2.14 2.14 2.11 2.09 2.08 2.05 2.02 2.07 2.09 2.08 2.05 1.96 1.78 1.62 1.79 2.05 2.12 2.13 2.09 2.01 1.92 1.78 1.68 1.68 1.73 1.75 1.74 1.62 1.44 1.38 1.28 1.18 1.20 1.14 1.04 0.97 0.87 0.77 0.72 0.68 0.62 0.63 0.65 0.61 0.53 0.41 0.30 0.23 0.20 0.18 0.16 0.15 0.14 0.16 0.22 0.27 0.26 0.20 0.17 0.22 0.28 0.35 0.43 0.46 0.50 0.49
2.04 2.03 2.02 2.03 2.02 2.02 2.01 2.05 2.11 2.12 2.08 2.03 2.07 2.13 2.11 2.09 2.09 2.12 2.16 2.14 2.12 2.11 2.10 2.05 2.03 2.07 2.11 2.15 2.18 2.04 1.81 1.67 1.75 1.97 2.11 2.17 2.13 2.05 1.95 1.80 1.67 1.65 1.70 1.78 1.82 1.62 1.44 1.43 1.34 1.22 1.20 1.14 1.05 0.99 0.90 0.79 0.72 0.67 0.59 0.58 0.61 0.60 0.53 0.40 0.27 0.20 0.16 0.14 0.12 0.12 0.12 0.17 0.26 0.28 0.24 0.18 0.19 0.23 0.25 0.29 0.39 0.46 0.50 0.53
2.09 2.06 2.05 2.06 2.06 2.04 2.04 2.10 2.17 2.16 2.13 2.09 2.10 2.14 2.14 2.14 2.15 2.16 2.17 2.15 2.12 2.12 2.09 2.05 2.02 2.04 2.12 2.27 2.39 2.21 1.89 1.77 1.75 1.83 2.01 2.12 2.16 2.19 2.03 1.81 1.68 1.63 1.66 1.80 1.81 1.58 1.47 1.48 1.39 1.28 1.20 1.15 1.08 1.00 0.90 0.78 0.71 0.66 0.61 0.56 0.57 0.58 0.51 0.39 0.27 0.20 0.16 0.13 0.10 0.09 0.13 0.23 0.29 0.27 0.20 0.16 0.21 0.25 0.25 0.27 0.35 0.42 0.45 0.53
2.12 2.10 2.08 2.09 2.09 2.07 2.07 2.15 2.22 2.20 2.17 2.17 2.17 2.15 2.15 2.18 2.20 2.20 2.20 2.17 2.14 2.12 2.08 2.03 1.99 1.95 2.07 2.41 2.60 2.42 2.09 1.93 1.82 1.72 1.81 1.94 2.09 2.32 2.20 1.84 1.68 1.65 1.67 1.78 1.73 1.51 1.51 1.54 1.44 1.31 1.22 1.19 1.11 1.02 0.90 0.74 0.66 0.67 0.65 0.59 0.58 0.56 0.46 0.35 0.27 0.21 0.17 0.13 0.11 0.11 0.19 0.28 0.28 0.24 0.17 0.14 0.23 0.32 0.29 0.28 0.33 0.37 0.40 0.49
2.13 2.13 2.13 2.12 2.12 2.10 2.13 2.21 2.24 2.22 2.22 2.23 2.24 2.20 2.18 2.22 2.23 2.22 2.21 2.20 2.16 2.12 2.07 2.00 1.94 1.83 1.96 2.45 2.73 2.61 2.42 2.23 1.98 1.77 1.69 1.68 1.89 2.33 2.37 1.94 1.67 1.72 1.71 1.70 1.64 1.45 1.48 1.58 1.54 1.34 1.20 1.22 1.17 1.07 0.92 0.65 0.58 0.68 0.70 0.64 0.62 0.54 0.39 0.29 0.24 0.20 0.16 0.13 0.11 0.14 0.23 0.28 0.26 0.21 0.15 0.12 0.23 0.38 0.36 0.30 0.31 0.33 0.36 0.45
2.14 2.16 2.17 2.16 2.16 2.15 2.19 2.26 2.26 2.24 2.27 2.29 2.30 2.27 2.23 2.25 2.27 2.23 2.22 2.22 2.18 2.14 2.06 1.96 1.85 1.71 1.85 2.35 2.69 2.73 2.76 2.66 2.25 1.97 1.78 1.58 1.73 2.21 2.44 2.04 1.73 1.79 1.71 1.64 1.55 1.40 1.41 1.53 1.63 1.42 1.16 1.20 1.23 1.14 0.94 0.60 0.51 0.67 0.75 0.69 0.62 0.52 0.37 0.27 0.22 0.19 0.16 0.13 0.13 0.18 0.25 0.27 0.24 0.19 0.14 0.13 0.23 0.40 0.43 0.35 0.31 0.30 0.35 0.45
2.17 2.19 2.19 2.20 2.21 2.21 2.24 2.28 2.28 2.28 2.30 2.34 2.35 2.34 2.32 2.29 2.29 2.26 2.23 2.22 2.19 2.15 2.06 1.94 1.78 1.61 1.72 2.14 2.44 2.60 2.91 3.07 2.70 2.33 2.02 1.61 1.61 2.11 2.42 2.08 1.82 1.81 1.68 1.65 1.51 1.35 1.38 1.45 1.60 1.50 1.22 1.21 1.26 1.21 1.00 0.66 0.51 0.64 0.77 0.74 0.60 0.46 0.37 0.28 0.22 0.17 0.14 0.13 0.14 0.21 0.26 0.25 0.22 0.18 0.15 0.16 0.24 0.38 0.48 0.45 0.35 0.29 0.33 0.44
2.22 2.21 2.20 2.22 2.29 2.29 2.27 2.30 2.32 2.32 2.34 2.39 2.40 2.41 2.39 2.34 2.31 2.28 2.25 2.24 2.20 2.15 2.07 1.93 1.76 1.61 1.66 1.92 2.09 2.23 2.66 3.12 3.07 2.80 2.29 1.60 1.55 2.07 2.39 2.10 1.84 1.78 1.64 1.67 1.55 1.36 1.39 1.43 1.51 1.45 1.28 1.24 1.25 1.26 1.09 0.76 0.60 0.66 0.76 0.77 0.57 0.39 0.33 0.28 0.22 0.16 0.13 0.11 0.15 0.21 0.24 0.21 0.20 0.20 0.17 0.19 0.23 0.35 0.50 0.53 0.41 0.29 0.31 0.41
2.30 2.24 2.18 2.24 2.38 2.38 2.29 2.32 2.37 2.37 2.39 2.43 2.46 2.46 2.46 2.40 2.35 2.31 2.27 2.24 2.21 2.15 2.06 1.93 1.79 1.68 1.67 1.76 1.84 2.02 2.48 2.94 3.13 3.12 2.50 1.54 1.50 2.11 2.34 2.07 1.86 1.73 1.59 1.63 1.57 1.40 1.43 1.47 1.44 1.34 1.26 1.22 1.20 1.24 1.13 0.83 0.73 0.77 0.78 0.76 0.57 0.36 0.30 0.27 0.22 0.15 0.12 0.10 0.14 0.21 0.21 0.20 0.23 0.23 0.20 0.19 0.22 0.33 0.50 0.59 0.48 0.32 0.32 0.41
2.34 2.28 2.19 2.27 2.46 2.43 2.31 2.35 2.41 2.42 2.43 2.48 2.52 2.52 2.51 2.46 2.40 2.36 2.30 2.24 2.22 2.16 2.04 1.95 1.87 1.71 1.65 1.62 1.63 1.91 2.50 2.94 3.12 3.29 2.71 1.58 1.49 2.15 2.24 1.96 1.87 1.71 1.56 1.61 1.54 1.44 1.50 1.51 1.38 1.32 1.26 1.19 1.14 1.17 1.12 0.89 0.79 0.85 0.84 0.74 0.53 0.35 0.28 0.26 0.22 0.14 0.11 0.10 0.15 0.21 0.21 0.23 0.28 0.25 0.20 0.18 0.21 0.31 0.48 0.61 0.53 0.38 0.38 0.43
2.34 2.30 2.24 2.35 2.52 2.45 2.35 2.39 2.47 2.48 2.47 2.52 2.56 2.56 2.56 2.50 2.45 2.42 2.34 2.27 2.25 2.18 2.01 1.95 1.94 1.77 1.63 1.49 1.40 1.73 2.39 2.93 3.07 3.32 3.05 1.81 1.47 2.08 2.14 1.88 1.88 1.73 1.57 1.63 1.54 1.48 1.55 1.47 1.36 1.34 1.27 1.17 1.10 1.07 1.04 0.91 0.80 0.84 0.87 0.77 0.54 0.34 0.25 0.24 0.22 0.15 0.10 0.10 0.15 0.22 0.24 0.28 0.30 0.24 0.20 0.19 0.21 0.29 0.44 0.59 0.57 0.48 0.48 0.49
2.31 2.30 2.32 2.47 2.55 2.46 2.39 2.43 2.53 2.54 2.52 2.56 2.59 2.59 2.59 2.54 2.49 2.46 2.40 2.32 2.28 2.20 2.04 1.97 1.94 1.82 1.64 1.45 1.33 1.58 2.24 2.77 2.94 3.21 3.25 2.30 1.52 1.90 2.05 1.86 1.86 1.75 1.63 1.65 1.58 1.55 1.53 1.41 1.38 1.35 1.27 1.19 1.10 1.02 0.97 0.91 0.83 0.78 0.80 0.78 0.60 0.36 0.23 0.21 0.21 0.15 0.10 0.11 0.18 0.26 0.28 0.30 0.29 0.23 0.20 0.20 0.22 0.28 0.38 0.52 0.59 0.58 0.60 0.60
2.29 2.31 2.39 2.57 2.59 2.48 2.43 2.47 2.59 2.61 2.59 2.60 2.62 2.62 2.60 2.57 2.53 2.50 2.44 2.36 2.31 2.23 2.12 2.03 1.92 1.80 1.63 1.46 1.37 1.61 2.18 2.54 2.78 3.08 3.22 2.63 1.82 1.79 1.95 1.87 1.83 1.78 1.72 1.67 1.65 1.64 1.49 1.39 1.40 1.34 1.26 1.19 1.11 1.01 0.96 0.92 0.85 0.76 0.71 0.73 0.63 0.39 0.22 0.18 0.18 0.15 0.10 0.13 0.24 0.30 0.27 0.27 0.27 0.24 0.23 0.22 0.23 0.27 0.34 0.42 0.53 0.60 0.67 0.73
2.31 2.35 2.45 2.60 2.61 2.52 2.49 2.53 2.62 2.68 2.66 2.64 2.64 2.64 2.63 2.61 2.57 2.53 2.47 2.40 2.33 2.28 2.19 2.08 1.95 1.79 1.61 1.43 1.43 1.83 2.25 2.39 2.65 2.95 3.03 2.68 2.14 1.90 1.94 1.91 1.82 1.80 1.80 1.71 1.68 1.68 1.50 1.40 1.40 1.32 1.25 1.18 1.11 1.03 0.97 0.91 0.84 0.76 0.68 0.67 0.61 0.40 0.22 0.16 0.15 0.13 0.11 0.18 0.27 0.27 0.22 0.24 0.28 0.27 0.26 0.24 0.22 0.26 0.35 0.41 0.44 0.51 0.66 0.81
2.38 2.43 2.53 2.60 2.58 2.57 2.58 2.59 2.64 2.72 2.73 2.67 2.66 2.67 2.66 2.63 2.59 2.54 2.49 2.43 2.37 2.31 2.23 2.12 2.00 1.82 1.61 1.40 1.51 2.12 2.31 2.31 2.53 2.72 2.81 2.53 2.12 2.02 2.07 2.00 1.87 1.83 1.82 1.75 1.73 1.68 1.51 1.42 1.37 1.32 1.27 1.16 1.07 1.04 0.98 0.88 0.80 0.76 0.69 0.64 0.57 0.40 0.24 0.15 0.13 0.11 0.12 0.21 0.26 0.22 0.20 0.26 0.32 0.31 0.26 0.25 0.22 0.23 0.38 0.45 0.39 0.42 0.57 0.77
