windninja/windninja_output/Output_2025-10-23_2200-2250_Google earth_Fire_150m_10min/merlingen_7.5mi_point_10-23-2025_2220_150m_vel.asc
ncols	158
nrows	163
xllcorner	391686.332397
yllcorner	5160024.123721
cellsize	150.000000
NODATA_value	-32768.000000
[rows 38 to 75 of 163, columns 0 to 83 of 158]
0.67 0.65 0.59 0.51 0.43 0.38 0.35 0.32 0.30 0.29 0.29 0.27 0.27 0.27 0.27 0.28 0.28 0.29 0.30 0.30 0.31 0.32 0.32 0.32 0.32 0.31 0.31 0.30 0.32 0.36 0.38 0.39 0.43 0.49 0.58 0.62 0.62 0.66 0.71 0.70 0.68 0.69 0.69 0.72 0.76 0.77 0.76 0.78 0.83 0.88 0.86 0.82 0.84 0.91 0.91 0.86 0.91 1.04 1.14 1.21 1.30 1.27 1.06 0.80 0.71 0.84 1.11 1.20 1.04 0.92 0.92 0.94 0.95 0.91 0.84 0.81 0.73 0.75 0.98 1.12 0.91 0.84 0.97 1.19
0.65 0.63 0.55 0.47 0.41 0.37 0.33 0.32 0.30 0.29 0.28 0.27 0.27 0.28 0.28 0.28 0.29 0.29 0.30 0.31 0.32 0.32 0.33 0.33 0.33 0.32 0.31 0.30 0.30 0.34 0.36 0.37 0.41 0.47 0.54 0.59 0.64 0.72 0.77 0.76 0.73 0.71 0.71 0.73 0.79 0.84 0.82 0.79 0.84 0.93 0.95 0.89 0.89 1.02 1.11 1.07 1.06 1.16 1.28 1.36 1.44 1.52 1.43 1.09 0.83 0.87 1.12 1.19 1.02 0.93 0.93 0.95 0.96 0.94 0.91 0.89 0.81 0.78 0.96 1.26 1.23 1.03 0.97 1.07
0.62 0.61 0.53 0.45 0.40 0.36 0.33 0.32 0.31 0.29 0.28 0.27 0.27 0.28 0.29 0.29 0.29 0.30 0.31 0.32 0.32 0.33 0.33 0.34 0.34 0.33 0.32 0.30 0.30 0.33 0.36 0.36 0.37 0.42 0.49 0.54 0.59 0.67 0.78 0.83 0.82 0.80 0.77 0.76 0.79 0.86 0.89 0.86 0.86 0.94 1.01 0.94 0.91 1.00 1.15 1.20 1.15 1.14 1.21 1.28 1.34 1.46 1.58 1.39 1.00 0.94 1.19 1.23 1.06 0.98 0.93 0.90 0.87 0.83 0.88 0.94 0.89 0.86 0.93 1.17 1.35 1.32 1.22 1.19
0.59 0.58 0.51 0.44 0.39 0.35 0.33 0.32 0.30 0.28 0.28 0.28 0.28 0.28 0.29 0.30 0.30 0.31 0.32 0.33 0.33 0.34 0.34 0.35 0.35 0.34 0.34 0.32 0.32 0.34 0.37 0.37 0.37 0.40 0.46 0.52 0.57 0.60 0.69 0.82 0.90 0.93 0.93 0.89 0.86 0.91 0.99 1.01 0.99 1.01 1.07 1.03 0.92 0.87 0.93 1.03 1.01 0.94 0.97 1.06 1.12 1.20 1.44 1.55 1.30 1.09 1.23 1.32 1.19 1.11 1.04 0.98 0.91 0.82 0.87 0.95 0.93 0.90 0.89 1.01 1.19 1.29 1.37 1.40
0.56 0.54 0.48 0.42 0.38 0.35 0.33 0.31 0.30 0.28 0.28 0.28 0.28 0.29 0.30 0.30 0.31 0.32 0.33 0.33 0.34 0.34 0.35 0.36 0.36 0.36 0.35 0.35 0.34 0.35 0.39 0.40 0.40 0.40 0.44 0.50 0.59 0.65 0.70 0.78 0.87 0.92 0.96 0.97 0.95 0.95 0.97 0.98 0.95 0.92 0.97 0.99 0.88 0.79 0.78 0.85 0.88 0.84 0.85 0.93 0.98 1.01 1.18 1.45 1.53 1.36 1.30 1.41 1.42 1.33 1.28 1.22 1.11 0.98 0.97 1.01 0.98 0.93 0.91 0.98 1.11 1.16 1.25 1.39
0.53 0.51 0.46 0.41 0.38 0.35 0.33 0.30 0.29 0.28 0.28 0.28 0.29 0.29 0.30 0.31 0.31 0.32 0.33 0.34 0.35 0.35 0.35 0.36 0.37 0.37 0.37 0.37 0.36 0.36 0.39 0.41 0.41 0.41 0.43 0.47 0.55 0.64 0.70 0.73 0.77 0.82 0.87 0.89 0.88 0.86 0.86 0.87 0.87 0.85 0.90 0.94 0.90 0.84 0.82 0.83 0.85 0.85 0.86 0.92 0.93 0.90 0.95 1.13 1.39 1.48 1.43 1.47 1.60 1.66 1.65 1.62 1.50 1.33 1.25 1.19 1.11 1.02 0.96 0.97 1.06 1.14 1.22 1.31
0.50 0.48 0.43 0.39 0.37 0.34 0.31 0.29 0.29 0.28 0.28 0.28 0.29 0.29 0.30 0.31 0.32 0.33 0.34 0.35 0.35 0.36 0.36 0.37 0.38 0.38 0.38 0.39 0.38 0.38 0.39 0.41 0.42 0.42 0.42 0.44 0.47 0.53 0.57 0.63 0.69 0.76 0.80 0.81 0.81 0.81 0.82 0.84 0.87 0.90 0.95 1.00 0.98 0.93 0.91 0.89 0.87 0.86 0.89 0.94 0.96 0.94 0.90 0.95 1.11 1.31 1.39 1.40 1.51 1.67 1.75 1.79 1.77 1.64 1.48 1.35 1.21 1.12 1.04 1.00 1.01 1.08 1.19 1.28
0.47 0.45 0.41 0.38 0.35 0.32 0.30 0.29 0.28 0.27 0.28 0.28 0.28 0.29 0.30 0.31 0.32 0.33 0.34 0.35 0.36 0.36 0.37 0.38 0.39 0.39 0.40 0.40 0.40 0.40 0.41 0.42 0.43 0.43 0.42 0.41 0.41 0.45 0.50 0.56 0.64 0.72 0.78 0.78 0.78 0.82 0.86 0.87 0.89 0.91 0.94 0.98 0.97 0.92 0.90 0.92 0.89 0.87 0.89 0.95 1.01 1.03 1.01 1.01 1.07 1.15 1.24 1.27 1.22 1.25 1.38 1.51 1.61 1.61 1.52 1.39 1.22 1.15 1.14 1.12 1.10 1.09 1.12 1.19
0.46 0.44 0.40 0.36 0.32 0.30 0.29 0.27 0.27 0.27 0.27 0.28 0.28 0.29 0.30 0.31 0.32 0.34 0.35 0.35 0.36 0.37 0.38 0.39 0.40 0.40 0.41 0.41 0.42 0.42 0.42 0.43 0.43 0.43 0.43 0.42 0.42 0.43 0.47 0.53 0.58 0.66 0.74 0.78 0.77 0.80 0.85 0.89 0.89 0.88 0.90 0.94 0.96 0.92 0.88 0.91 0.93 0.90 0.89 0.93 1.03 1.11 1.12 1.10 1.11 1.12 1.14 1.17 1.10 1.05 1.12 1.23 1.37 1.47 1.48 1.42 1.27 1.18 1.18 1.17 1.11 1.06 1.06 1.11
0.44 0.42 0.37 0.33 0.29 0.27 0.27 0.26 0.26 0.26 0.26 0.27 0.28 0.29 0.30 0.31 0.33 0.34 0.35 0.36 0.37 0.37 0.38 0.39 0.40 0.41 0.42 0.42 0.43 0.43 0.43 0.44 0.44 0.43 0.42 0.42 0.43 0.43 0.45 0.48 0.53 0.61 0.71 0.78 0.80 0.81 0.83 0.85 0.86 0.86 0.89 0.92 0.95 0.98 0.96 0.96 0.99 0.98 0.95 0.92 1.00 1.10 1.11 1.05 1.04 1.06 1.05 1.08 1.08 1.06 1.07 1.12 1.24 1.36 1.41 1.40 1.29 1.16 1.08 1.08 1.05 1.01 1.04 1.08
0.42 0.39 0.35 0.30 0.27 0.25 0.25 0.25 0.24 0.25 0.25 0.26 0.27 0.28 0.30 0.31 0.32 0.34 0.35 0.36 0.37 0.38 0.39 0.40 0.41 0.42 0.42 0.43 0.44 0.45 0.45 0.45 0.45 0.44 0.43 0.42 0.43 0.44 0.44 0.46 0.49 0.54 0.63 0.71 0.79 0.83 0.84 0.84 0.86 0.87 0.90 0.92 0.93 0.95 0.96 0.98 1.00 1.02 1.04 1.02 1.00 1.04 1.06 1.00 0.95 0.96 0.98 1.01 1.04 1.04 1.06 1.09 1.16 1.26 1.33 1.34 1.27 1.16 1.08 1.08 1.11 1.09 1.07 1.09
0.39 0.37 0.33 0.28 0.24 0.23 0.23 0.23 0.23 0.23 0.24 0.25 0.26 0.28 0.30 0.31 0.32 0.34 0.35 0.36 0.37 0.38 0.39 0.41 0.42 0.43 0.43 0.44 0.45 0.46 0.47 0.47 0.47 0.47 0.45 0.44 0.45 0.46 0.46 0.47 0.48 0.51 0.56 0.63 0.71 0.78 0.82 0.83 0.84 0.85 0.90 0.96 0.98 0.99 1.01 1.03 1.04 1.04 1.06 1.06 1.03 1.03 1.07 1.04 0.95 0.92 0.93 0.95 0.99 1.02 1.05 1.09 1.14 1.19 1.26 1.30 1.29 1.26 1.23 1.23 1.23 1.21 1.15 1.11
0.37 0.35 0.31 0.27 0.24 0.22 0.22 0.22 0.22 0.22 0.23 0.24 0.25 0.27 0.29 0.31 0.32 0.33 0.35 0.36 0.37 0.39 0.40 0.41 0.43 0.44 0.45 0.46 0.47 0.47 0.48 0.48 0.49 0.49 0.48 0.46 0.46 0.47 0.48 0.48 0.50 0.52 0.55 0.58 0.64 0.71 0.77 0.79 0.79 0.77 0.79 0.89 0.97 1.03 1.08 1.10 1.10 1.09 1.05 1.01 0.98 1.00 1.06 1.06 0.96 0.90 0.90 0.91 0.93 0.97 1.01 1.05 1.09 1.13 1.19 1.23 1.26 1.28 1.31 1.33 1.31 1.28 1.23 1.15
0.35 0.32 0.28 0.25 0.23 0.21 0.20 0.20 0.20 0.20 0.21 0.23 0.24 0.26 0.28 0.30 0.32 0.33 0.35 0.36 0.38 0.39 0.41 0.42 0.43 0.45 0.46 0.47 0.48 0.48 0.49 0.50 0.50 0.50 0.50 0.49 0.47 0.46 0.47 0.49 0.51 0.53 0.53 0.56 0.60 0.67 0.74 0.78 0.81 0.77 0.76 0.86 0.93 0.96 1.01 1.05 1.07 1.07 1.05 1.00 0.96 0.98 1.07 1.07 0.96 0.89 0.90 0.92 0.94 0.96 0.99 1.02 1.06 1.10 1.13 1.14 1.15 1.19 1.27 1.36 1.38 1.34 1.25 1.14
0.34 0.31 0.26 0.23 0.20 0.18 0.17 0.17 0.19 0.19 0.19 0.21 0.23 0.25 0.28 0.30 0.32 0.33 0.35 0.37 0.38 0.39 0.41 0.42 0.44 0.45 0.47 0.48 0.49 0.50 0.51 0.51 0.52 0.52 0.52 0.51 0.49 0.48 0.47 0.49 0.51 0.54 0.53 0.54 0.58 0.66 0.70 0.77 0.88 0.92 0.94 1.00 1.04 1.02 0.99 0.98 0.99 1.01 1.03 1.02 0.99 1.01 1.10 1.11 0.97 0.91 0.92 0.95 0.97 0.99 1.01 1.05 1.08 1.11 1.12 1.10 1.07 1.07 1.13 1.26 1.37 1.43 1.35 1.17
0.34 0.30 0.25 0.21 0.18 0.16 0.14 0.15 0.17 0.17 0.17 0.19 0.22 0.24 0.27 0.29 0.31 0.33 0.35 0.37 0.38 0.40 0.41 0.43 0.45 0.46 0.47 0.49 0.50 0.51 0.52 0.53 0.53 0.53 0.54 0.53 0.52 0.51 0.49 0.49 0.51 0.55 0.56 0.54 0.56 0.64 0.71 0.77 0.89 0.99 1.01 1.02 1.05 1.08 1.04 0.98 0.95 0.98 1.03 1.05 1.03 1.04 1.13 1.14 1.01 0.95 0.97 1.01 1.04 1.05 1.06 1.10 1.13 1.14 1.14 1.11 1.07 1.04 1.03 1.09 1.23 1.41 1.48 1.38
0.32 0.29 0.24 0.19 0.16 0.13 0.11 0.11 0.14 0.16 0.16 0.18 0.21 0.24 0.26 0.29 0.31 0.33 0.35 0.37 0.39 0.40 0.42 0.44 0.45 0.47 0.48 0.50 0.51 0.52 0.53 0.54 0.54 0.55 0.55 0.55 0.55 0.54 0.52 0.50 0.50 0.53 0.55 0.53 0.52 0.58 0.68 0.75 0.82 0.90 0.95 0.97 0.97 1.01 1.05 1.01 0.97 1.00 1.05 1.10 1.11 1.12 1.19 1.18 1.09 1.05 1.06 1.11 1.18 1.20 1.17 1.16 1.14 1.13 1.14 1.13 1.10 1.09 1.08 1.05 1.13 1.31 1.48 1.54
0.29 0.27 0.22 0.16 0.12 0.09 0.08 0.08 0.12 0.15 0.16 0.17 0.20 0.22 0.25 0.28 0.31 0.33 0.35 0.37 0.40 0.41 0.43 0.44 0.46 0.47 0.49 0.51 0.52 0.53 0.54 0.55 0.56 0.56 0.57 0.57 0.57 0.56 0.55 0.53 0.50 0.50 0.51 0.51 0.50 0.52 0.60 0.69 0.75 0.82 0.89 0.97 0.98 1.00 1.06 1.05 1.00 1.02 1.07 1.12 1.16 1.22 1.29 1.27 1.16 1.10 1.10 1.12 1.19 1.25 1.23 1.18 1.14 1.13 1.14 1.15 1.14 1.15 1.17 1.13 1.13 1.24 1.39 1.49
0.28 0.25 0.20 0.15 0.10 0.06 0.04 0.05 0.09 0.15 0.17 0.18 0.20 0.21 0.24 0.27 0.30 0.33 0.35 0.37 0.40 0.42 0.43 0.45 0.46 0.48 0.50 0.51 0.53 0.54 0.55 0.56 0.57 0.58 0.58 0.59 0.59 0.58 0.58 0.56 0.54 0.52 0.52 0.53 0.53 0.53 0.56 0.61 0.67 0.74 0.82 0.91 0.96 0.99 1.05 1.04 1.02 1.05 1.08 1.12 1.16 1.23 1.33 1.36 1.21 1.06 1.02 1.02 1.06 1.13 1.16 1.19 1.20 1.20 1.20 1.19 1.20 1.22 1.23 1.21 1.18 1.20 1.29 1.37
0.27 0.24 0.19 0.14 0.09 0.04 0.02 0.03 0.07 0.13 0.17 0.20 0.22 0.22 0.23 0.26 0.30 0.33 0.35 0.37 0.40 0.42 0.44 0.46 0.47 0.49 0.51 0.52 0.54 0.55 0.56 0.57 0.58 0.59 0.60 0.60 0.60 0.60 0.60 0.59 0.58 0.57 0.56 0.56 0.55 0.54 0.52 0.52 0.56 0.63 0.71 0.83 0.89 0.94 1.03 1.03 1.03 1.08 1.13 1.15 1.17 1.21 1.30 1.37 1.28 1.10 0.99 0.98 1.01 1.07 1.14 1.22 1.25 1.25 1.25 1.25 1.27 1.31 1.31 1.31 1.29 1.27 1.28 1.30
0.27 0.24 0.19 0.14 0.10 0.05 0.02 0.04 0.07 0.11 0.16 0.20 0.25 0.26 0.25 0.25 0.28 0.32 0.35 0.38 0.40 0.42 0.45 0.47 0.48 0.50 0.52 0.53 0.55 0.56 0.57 0.58 0.59 0.60 0.61 0.61 0.62 0.62 0.62 0.62 0.61 0.61 0.60 0.58 0.56 0.54 0.50 0.46 0.46 0.50 0.58 0.73 0.84 0.92 1.02 1.02 1.00 1.04 1.09 1.11 1.15 1.22 1.30 1.39 1.36 1.19 1.06 1.04 1.09 1.16 1.18 1.22 1.26 1.27 1.28 1.28 1.30 1.34 1.36 1.37 1.38 1.38 1.35 1.32
0.27 0.24 0.19 0.15 0.11 0.06 0.04 0.06 0.08 0.11 0.14 0.19 0.25 0.30 0.30 0.27 0.27 0.31 0.34 0.37 0.40 0.43 0.45 0.47 0.49 0.51 0.52 0.54 0.55 0.57 0.58 0.59 0.60 0.61 0.62 0.63 0.63 0.64 0.64 0.64 0.64 0.63 0.62 0.61 0.60 0.57 0.54 0.50 0.46 0.45 0.50 0.62 0.78 0.89 0.98 1.00 0.95 0.96 1.00 1.03 1.08 1.17 1.29 1.39 1.39 1.27 1.14 1.11 1.14 1.19 1.19 1.20 1.25 1.27 1.29 1.30 1.30 1.30 1.32 1.32 1.33 1.38 1.41 1.40
0.27 0.25 0.21 0.16 0.12 0.09 0.08 0.09 0.11 0.12 0.15 0.18 0.23 0.31 0.35 0.34 0.31 0.30 0.33 0.36 0.40 0.44 0.46 0.48 0.50 0.51 0.53 0.55 0.56 0.58 0.59 0.60 0.61 0.62 0.63 0.64 0.65 0.65 0.66 0.66 0.66 0.65 0.65 0.64 0.63 0.61 0.59 0.56 0.52 0.47 0.46 0.52 0.66 0.80 0.91 0.96 0.94 0.93 0.94 0.96 1.00 1.07 1.19 1.33 1.38 1.32 1.18 1.08 1.10 1.15 1.16 1.18 1.22 1.25 1.26 1.29 1.31 1.30 1.28 1.27 1.27 1.31 1.37 1.39
0.29 0.26 0.22 0.18 0.15 0.12 0.11 0.12 0.14 0.16 0.17 0.19 0.23 0.29 0.37 0.41 0.39 0.35 0.34 0.35 0.39 0.42 0.46 0.48 0.50 0.52 0.53 0.55 0.57 0.58 0.60 0.61 0.62 0.64 0.65 0.65 0.66 0.67 0.67 0.67 0.67 0.67 0.67 0.66 0.66 0.65 0.63 0.61 0.57 0.52 0.47 0.45 0.53 0.67 0.79 0.85 0.88 0.88 0.87 0.88 0.91 0.97 1.07 1.22 1.31 1.32 1.22 1.10 1.08 1.14 1.17 1.19 1.20 1.22 1.23 1.24 1.28 1.30 1.29 1.29 1.28 1.30 1.33 1.33
0.29 0.27 0.23 0.20 0.17 0.15 0.15 0.16 0.17 0.18 0.20 0.21 0.23 0.27 0.34 0.42 0.45 0.44 0.40 0.37 0.38 0.41 0.45 0.48 0.50 0.53 0.54 0.56 0.57 0.59 0.60 0.62 0.63 0.64 0.66 0.67 0.67 0.68 0.69 0.69 0.69 0.69 0.69 0.69 0.68 0.67 0.66 0.64 0.61 0.56 0.51 0.48 0.50 0.57 0.69 0.78 0.83 0.83 0.83 0.84 0.87 0.92 1.01 1.13 1.25 1.29 1.25 1.18 1.14 1.15 1.18 1.20 1.20 1.20 1.21 1.23 1.25 1.28 1.30 1.31 1.32 1.33 1.35 1.34
0.29 0.28 0.25 0.22 0.20 0.18 0.18 0.19 0.20 0.22 0.22 0.23 0.24 0.27 0.31 0.38 0.46 0.50 0.48 0.44 0.41 0.41 0.44 0.47 0.51 0.54 0.56 0.56 0.58 0.60 0.61 0.63 0.64 0.65 0.66 0.67 0.68 0.69 0.70 0.70 0.71 0.71 0.71 0.70 0.70 0.69 0.68 0.66 0.64 0.61 0.56 0.53 0.53 0.57 0.65 0.77 0.85 0.84 0.83 0.85 0.90 0.96 1.01 1.05 1.10 1.12 1.07 1.11 1.15 1.17 1.19 1.21 1.22 1.20 1.20 1.24 1.28 1.31 1.34 1.37 1.39 1.40 1.42 1.42
0.29 0.29 0.27 0.25 0.22 0.20 0.20 0.20 0.21 0.24 0.25 0.26 0.27 0.29 0.31 0.35 0.43 0.51 0.55 0.53 0.49 0.45 0.44 0.46 0.50 0.53 0.56 0.57 0.58 0.60 0.61 0.63 0.65 0.66 0.67 0.69 0.70 0.70 0.71 0.72 0.72 0.72 0.72 0.72 0.72 0.71 0.70 0.69 0.67 0.65 0.61 0.56 0.54 0.56 0.60 0.70 0.86 0.90 0.87 0.86 0.88 0.92 0.96 0.96 0.95 0.92 0.93 1.01 1.10 1.17 1.21 1.23 1.23 1.20 1.19 1.24 1.31 1.37 1.42 1.46 1.48 1.47 1.47 1.48
0.30 0.30 0.30 0.28 0.25 0.23 0.22 0.21 0.22 0.23 0.26 0.28 0.28 0.29 0.32 0.35 0.39 0.46 0.55 0.59 0.57 0.53 0.50 0.48 0.48 0.52 0.56 0.58 0.60 0.61 0.62 0.64 0.65 0.67 0.68 0.69 0.70 0.71 0.72 0.73 0.73 0.74 0.74 0.74 0.73 0.73 0.72 0.71 0.70 0.68 0.64 0.59 0.55 0.53 0.53 0.59 0.76 0.92 0.93 0.87 0.80 0.81 0.92 1.03 1.07 1.04 1.03 1.04 1.07 1.11 1.16 1.21 1.22 1.19 1.17 1.21 1.29 1.36 1.41 1.46 1.49 1.48 1.47 1.50
0.34 0.34 0.33 0.30 0.27 0.26 0.27 0.27 0.27 0.27 0.29 0.31 0.31 0.31 0.33 0.37 0.38 0.42 0.49 0.59 0.64 0.63 0.60 0.55 0.52 0.52 0.55 0.58 0.61 0.62 0.63 0.64 0.66 0.67 0.69 0.70 0.71 0.72 0.73 0.74 0.75 0.75 0.75 0.75 0.75 0.75 0.74 0.74 0.72 0.71 0.68 0.64 0.59 0.54 0.51 0.50 0.58 0.76 0.87 0.86 0.79 0.82 0.99 1.16 1.24 1.22 1.15 1.08 1.05 1.06 1.08 1.14 1.19 1.19 1.19 1.20 1.23 1.29 1.34 1.42 1.52 1.55 1.56 1.59
0.42 0.43 0.42 0.37 0.33 0.33 0.34 0.34 0.33 0.32 0.33 0.34 0.36 0.36 0.35 0.36 0.40 0.42 0.46 0.54 0.62 0.68 0.70 0.67 0.61 0.57 0.55 0.55 0.57 0.60 0.62 0.64 0.66 0.68 0.69 0.71 0.72 0.73 0.74 0.75 0.76 0.76 0.77 0.77 0.77 0.77 0.76 0.76 0.74 0.73 0.71 0.68 0.64 0.60 0.54 0.47 0.44 0.50 0.65 0.76 0.77 0.81 0.90 1.05 1.18 1.22 1.19 1.11 1.04 1.02 1.03 1.07 1.13 1.15 1.16 1.16 1.16 1.22 1.31 1.42 1.53 1.59 1.57 1.51
0.53 0.53 0.53 0.53 0.52 0.51 0.49 0.46 0.43 0.40 0.39 0.39 0.40 0.42 0.41 0.40 0.41 0.44 0.46 0.49 0.54 0.61 0.69 0.74 0.74 0.69 0.63 0.57 0.54 0.56 0.59 0.62 0.65 0.68 0.70 0.71 0.73 0.74 0.75 0.76 0.77 0.77 0.78 0.78 0.78 0.78 0.78 0.78 0.77 0.76 0.74 0.72 0.70 0.66 0.61 0.54 0.47 0.44 0.50 0.61 0.63 0.64 0.71 0.82 0.96 1.09 1.15 1.14 1.10 1.06 1.04 1.04 1.05 1.04 1.04 1.06 1.08 1.12 1.20 1.29 1.35 1.38 1.39 1.29
0.59 0.57 0.54 0.55 0.57 0.58 0.59 0.60 0.60 0.60 0.61 0.61 0.60 0.58 0.56 0.54 0.51 0.49 0.47 0.48 0.51 0.56 0.61 0.69 0.75 0.78 0.75 0.66 0.58 0.55 0.56 0.59 0.63 0.66 0.69 0.71 0.73 0.75 0.76 0.77 0.78 0.78 0.79 0.79 0.80 0.80 0.80 0.79 0.79 0.78 0.77 0.75 0.74 0.71 0.68 0.64 0.60 0.55 0.53 0.56 0.55 0.52 0.54 0.61 0.69 0.81 0.94 1.05 1.09 1.09 1.07 1.04 1.03 1.02 1.01 1.00 0.99 0.99 1.03 1.11 1.15 1.15 1.23 1.28
0.58 0.55 0.49 0.44 0.40 0.40 0.45 0.51 0.58 0.63 0.67 0.70 0.71 0.71 0.70 0.68 0.65 0.61 0.55 0.52 0.52 0.54 0.56 0.60 0.65 0.74 0.82 0.78 0.69 0.64 0.59 0.58 0.60 0.64 0.68 0.71 0.73 0.75 0.76 0.78 0.78 0.79 0.80 0.80 0.81 0.81 0.81 0.81 0.81 0.80 0.79 0.78 0.77 0.75 0.73 0.71 0.69 0.66 0.63 0.61 0.58 0.53 0.47 0.45 0.46 0.51 0.64 0.75 0.85 0.93 1.00 1.05 1.04 1.02 1.00 0.99 0.95 0.92 0.92 0.94 1.00 1.07 1.16 1.32
0.56 0.53 0.47 0.40 0.34 0.29 0.29 0.33 0.38 0.42 0.43 0.46 0.49 0.55 0.60 0.63 0.66 0.68 0.67 0.63 0.58 0.56 0.56 0.58 0.62 0.70 0.85 0.92 0.87 0.78 0.71 0.65 0.61 0.61 0.65 0.69 0.72 0.75 0.77 0.78 0.79 0.80 0.81 0.82 0.82 0.82 0.82 0.82 0.82 0.82 0.81 0.81 0.80 0.79 0.77 0.76 0.74 0.73 0.71 0.69 0.66 0.62 0.56 0.50 0.45 0.42 0.42 0.46 0.54 0.64 0.78 0.92 0.97 0.95 0.94 0.96 0.95 0.90 0.86 0.83 0.88 1.02 1.13 1.35
0.53 0.51 0.46 0.41 0.36 0.32 0.30 0.30 0.30 0.28 0.27 0.28 0.32 0.36 0.42 0.48 0.53 0.60 0.67 0.70 0.70 0.67 0.65 0.65 0.66 0.69 0.78 0.90 0.95 0.91 0.84 0.78 0.70 0.64 0.64 0.67 0.71 0.74 0.77 0.78 0.80 0.81 0.82 0.82 0.83 0.83 0.84 0.84 0.84 0.84 0.83 0.83 0.82 0.81 0.80 0.80 0.79 0.77 0.76 0.75 0.73 0.70 0.67 0.63 0.58 0.52 0.46 0.42 0.41 0.42 0.47 0.59 0.74 0.75 0.78 0.82 0.86 0.84 0.80 0.81 0.86 0.97 1.13 1.40
0.51 0.49 0.45 0.40 0.37 0.35 0.34 0.32 0.30 0.28 0.28 0.32 0.35 0.37 0.40 0.43 0.47 0.51 0.56 0.63 0.70 0.74 0.75 0.74 0.72 0.71 0.74 0.82 0.92 0.95 0.93 0.88 0.83 0.75 0.69 0.68 0.70 0.73 0.76 0.78 0.80 0.82 0.83 0.83 0.84 0.84 0.85 0.85 0.85 0.85 0.85 0.85 0.84 0.84 0.83 0.82 0.82 0.81 0.80 0.79 0.77 0.75 0.73 0.71 0.68 0.64 0.60 0.54 0.48 0.41 0.34 0.35 0.45 0.53 0.61 0.67 0.73 0.75 0.75 0.79 0.89 0.98 1.15 1.39
0.48 0.45 0.40 0.37 0.35 0.34 0.33 0.32 0.31 0.30 0.32 0.35 0.38 0.41 0.44 0.47 0.49 0.51 0.53 0.56 0.61 0.66 0.71 0.74 0.74 0.73 0.75 0.79 0.86 0.92 0.94 0.93 0.92 0.89 0.82 0.77 0.74 0.74 0.75 0.78 0.81 0.82 0.83 0.84 0.85 0.85 0.86 0.86 0.86 0.86 0.86 0.86 0.86 0.86 0.85 0.85 0.84 0.84 0.83 0.82 0.81 0.79 0.78 0.76 0.74 0.72 0.69 0.65 0.60 0.53 0.46 0.40 0.39 0.43 0.52 0.60 0.67 0.72 0.73 0.77 0.91 1.04 1.19 1.37
0.44 0.40 0.35 0.32 0.31 0.31 0.31 0.31 0.31 0.32 0.33 0.35 0.38 0.41 0.44 0.48 0.50 0.53 0.55 0.57 0.58 0.61 0.64 0.68 0.70 0.71 0.71 0.75 0.83 0.91 0.95 0.96 0.95 0.93 0.87 0.81 0.78 0.77 0.77 0.78 0.80 0.83 0.84 0.85 0.86 0.86 0.87 0.87 0.87 0.87 0.87 0.88 0.88 0.88 0.87 0.87 0.87 0.86 0.86 0.85 0.84 0.83 0.81 0.80 0.78 0.76 0.74 0.71 0.68 0.64 0.60 0.55 0.50 0.45 0.46 0.53 0.60 0.68 0.74 0.78 0.90 1.05 1.20 1.29
