windninja/windninja_output/Output_2025-10-23_2200-2250_Google earth_Fire_150m_10min/merlingen_7.5mi_point_10-23-2025_2240_150m_vel.asc
ncols	158
nrows	163
xllcorner	391686.332397
yllcorner	5160024.123721
cellsize	150.000000
NODATA_value	-32768.000000
[rows 0 to 37 of 163, columns 0 to 83 of 158]
1.57 1.59 1.62 1.60 1.65 1.70 1.62 1.62 1.73 1.75 1.73 1.77 1.97 2.26 2.34 2.16 1.89 1.67 1.65 1.62 1.38 1.34 1.67 1.85 1.78 1.62 1.50 1.54 1.64 1.63 1.59 1.57 1.52 1.46 1.46 1.44 1.30 1.21 1.18 1.13 1.15 1.17 1.13 1.08 1.03 0.96 0.90 0.83 0.82 0.86 0.87 0.86 0.85 0.82 0.78 0.74 0.71 0.67 0.63 0.59 0.55 0.53 0.51 0.48 0.45 0.43 0.40 0.37 0.33 0.31 0.29 0.27 0.26 0.25 0.25 0.25 0.25 0.26 0.27 0.29 0.29 0.29 0.31 0.34
1.52 1.58 1.61 1.57 1.64 1.68 1.61 1.61 1.71 1.70 1.66 1.63 1.76 2.09 2.30 2.28 2.07 1.80 1.76 1.73 1.43 1.23 1.45 1.73 1.83 1.73 1.56 1.51 1.57 1.58 1.56 1.55 1.53 1.47 1.43 1.45 1.37 1.28 1.23 1.17 1.15 1.16 1.14 1.12 1.07 1.00 0.97 0.90 0.82 0.81 0.82 0.81 0.79 0.77 0.74 0.72 0.69 0.66 0.63 0.58 0.54 0.51 0.49 0.46 0.43 0.41 0.38 0.35 0.32 0.29 0.27 0.26 0.25 0.24 0.24 0.24 0.24 0.25 0.27 0.28 0.28 0.29 0.31 0.33
1.40 1.54 1.57 1.51 1.60 1.58 1.53 1.61 1.68 1.63 1.51 1.37 1.43 1.74 2.14 2.39 2.27 2.01 1.94 1.86 1.54 1.20 1.15 1.46 1.80 1.83 1.66 1.52 1.50 1.52 1.53 1.51 1.47 1.45 1.41 1.41 1.41 1.36 1.29 1.21 1.16 1.14 1.12 1.12 1.09 1.03 1.01 0.97 0.87 0.79 0.77 0.76 0.75 0.74 0.71 0.68 0.66 0.64 0.61 0.58 0.53 0.49 0.46 0.43 0.40 0.37 0.34 0.32 0.29 0.26 0.24 0.22 0.22 0.21 0.21 0.21 0.21 0.23 0.25 0.25 0.24 0.26 0.30 0.31
1.30 1.48 1.55 1.51 1.57 1.47 1.45 1.63 1.68 1.57 1.39 1.21 1.29 1.55 1.92 2.34 2.32 2.12 2.05 1.93 1.67 1.37 1.13 1.20 1.60 1.80 1.75 1.64 1.55 1.54 1.57 1.54 1.47 1.43 1.40 1.37 1.36 1.35 1.29 1.22 1.17 1.13 1.12 1.11 1.07 1.02 0.98 0.97 0.92 0.85 0.80 0.77 0.76 0.75 0.71 0.67 0.64 0.61 0.58 0.56 0.52 0.47 0.44 0.41 0.38 0.34 0.32 0.29 0.26 0.23 0.21 0.19 0.18 0.17 0.17 0.17 0.18 0.21 0.23 0.22 0.21 0.25 0.29 0.29
1.22 1.38 1.52 1.53 1.54 1.46 1.44 1.60 1.62 1.47 1.28 1.11 1.18 1.45 1.85 2.27 2.35 2.18 2.05 1.99 1.81 1.53 1.18 1.04 1.35 1.62 1.71 1.71 1.63 1.62 1.65 1.66 1.61 1.50 1.40 1.36 1.35 1.33 1.29 1.22 1.15 1.12 1.13 1.12 1.07 1.02 0.98 0.94 0.91 0.87 0.82 0.77 0.74 0.74 0.71 0.67 0.63 0.59 0.56 0.53 0.50 0.45 0.42 0.39 0.36 0.32 0.30 0.27 0.24 0.21 0.18 0.16 0.15 0.14 0.14 0.15 0.16 0.18 0.20 0.20 0.20 0.23 0.28 0.29
1.22 1.30 1.43 1.51 1.54 1.50 1.50 1.59 1.52 1.33 1.19 1.06 1.04 1.33 1.85 2.18 2.34 2.26 2.06 2.00 1.93 1.71 1.27 0.96 1.12 1.36 1.50 1.60 1.60 1.60 1.63 1.69 1.72 1.64 1.50 1.41 1.38 1.35 1.31 1.24 1.16 1.12 1.12 1.10 1.06 1.03 0.98 0.93 0.89 0.86 0.82 0.78 0.74 0.72 0.70 0.67 0.63 0.59 0.55 0.52 0.48 0.44 0.41 0.38 0.35 0.31 0.28 0.26 0.23 0.19 0.16 0.14 0.12 0.11 0.11 0.12 0.14 0.17 0.18 0.19 0.20 0.22 0.26 0.29
1.28 1.30 1.34 1.43 1.53 1.54 1.56 1.57 1.40 1.22 1.12 1.02 0.96 1.25 1.85 2.10 2.22 2.28 2.15 2.04 2.02 1.90 1.46 1.01 0.98 1.15 1.29 1.41 1.47 1.49 1.54 1.63 1.69 1.66 1.59 1.51 1.44 1.38 1.33 1.27 1.19 1.14 1.12 1.08 1.03 1.01 0.97 0.91 0.88 0.84 0.80 0.79 0.76 0.73 0.71 0.67 0.63 0.58 0.54 0.50 0.47 0.43 0.40 0.37 0.34 0.30 0.27 0.24 0.21 0.17 0.14 0.11 0.09 0.08 0.08 0.10 0.13 0.15 0.15 0.17 0.21 0.23 0.25 0.28
1.32 1.35 1.35 1.38 1.47 1.52 1.57 1.53 1.34 1.19 1.10 0.99 0.93 1.23 1.81 2.07 2.06 2.19 2.21 2.09 2.10 2.06 1.71 1.22 0.96 0.98 1.15 1.29 1.32 1.36 1.45 1.56 1.60 1.59 1.58 1.55 1.46 1.40 1.35 1.29 1.23 1.18 1.14 1.09 1.04 1.00 0.96 0.91 0.86 0.81 0.78 0.77 0.76 0.73 0.73 0.69 0.63 0.59 0.54 0.50 0.46 0.42 0.39 0.37 0.34 0.31 0.27 0.24 0.20 0.16 0.12 0.09 0.06 0.05 0.06 0.08 0.12 0.14 0.14 0.16 0.23 0.25 0.24 0.27
1.33 1.38 1.41 1.39 1.42 1.47 1.51 1.47 1.34 1.21 1.11 0.98 0.90 1.15 1.72 2.03 2.00 2.07 2.16 2.14 2.16 2.15 1.92 1.52 1.10 0.90 1.05 1.23 1.22 1.26 1.43 1.50 1.50 1.54 1.58 1.56 1.46 1.39 1.36 1.31 1.26 1.21 1.15 1.11 1.06 1.00 0.95 0.92 0.86 0.79 0.77 0.78 0.73 0.72 0.75 0.71 0.64 0.59 0.55 0.50 0.45 0.40 0.37 0.36 0.34 0.32 0.28 0.24 0.19 0.15 0.11 0.08 0.05 0.03 0.05 0.07 0.11 0.13 0.13 0.17 0.24 0.26 0.23 0.25
1.33 1.38 1.45 1.44 1.40 1.42 1.45 1.43 1.35 1.24 1.15 1.03 0.90 1.05 1.55 1.94 2.02 2.03 2.04 2.12 2.21 2.19 2.06 1.74 1.34 1.01 0.97 1.17 1.20 1.23 1.45 1.47 1.40 1.51 1.61 1.57 1.46 1.38 1.36 1.34 1.29 1.23 1.18 1.11 1.07 1.00 0.93 0.92 0.86 0.76 0.76 0.78 0.71 0.70 0.76 0.74 0.65 0.59 0.56 0.50 0.45 0.41 0.36 0.33 0.33 0.33 0.29 0.24 0.19 0.14 0.11 0.07 0.04 0.01 0.04 0.07 0.10 0.12 0.13 0.19 0.25 0.28 0.25 0.24
1.34 1.39 1.46 1.45 1.41 1.40 1.42 1.43 1.37 1.27 1.21 1.10 0.96 0.99 1.36 1.81 2.00 2.04 1.95 2.02 2.18 2.20 2.15 1.88 1.53 1.23 1.00 1.10 1.22 1.26 1.44 1.45 1.37 1.48 1.59 1.57 1.49 1.39 1.37 1.36 1.31 1.27 1.21 1.13 1.10 1.03 0.93 0.91 0.87 0.75 0.75 0.76 0.70 0.71 0.75 0.75 0.67 0.59 0.55 0.50 0.47 0.43 0.36 0.32 0.33 0.33 0.29 0.24 0.19 0.15 0.12 0.08 0.04 0.01 0.04 0.07 0.10 0.12 0.13 0.18 0.25 0.30 0.29 0.27
1.36 1.40 1.46 1.45 1.42 1.41 1.43 1.45 1.39 1.31 1.27 1.18 1.04 0.99 1.26 1.71 1.94 2.02 1.96 1.95 2.07 2.15 2.17 1.97 1.67 1.41 1.14 1.12 1.25 1.32 1.42 1.45 1.41 1.47 1.53 1.53 1.49 1.41 1.39 1.36 1.32 1.30 1.24 1.15 1.13 1.09 0.95 0.90 0.88 0.80 0.77 0.73 0.69 0.73 0.75 0.74 0.68 0.60 0.54 0.50 0.48 0.45 0.38 0.34 0.35 0.32 0.29 0.24 0.19 0.15 0.12 0.08 0.05 0.03 0.05 0.09 0.12 0.15 0.15 0.17 0.23 0.30 0.33 0.33
1.39 1.42 1.45 1.45 1.43 1.44 1.45 1.45 1.41 1.36 1.32 1.24 1.12 1.04 1.25 1.69 1.89 1.93 1.98 1.98 2.00 2.04 2.08 1.98 1.76 1.51 1.28 1.23 1.30 1.36 1.41 1.45 1.47 1.47 1.47 1.51 1.49 1.43 1.40 1.35 1.31 1.32 1.24 1.16 1.18 1.15 1.02 0.94 0.92 0.88 0.80 0.72 0.69 0.74 0.76 0.72 0.66 0.59 0.53 0.51 0.51 0.47 0.41 0.38 0.36 0.32 0.28 0.24 0.19 0.16 0.13 0.10 0.07 0.05 0.07 0.11 0.15 0.18 0.19 0.19 0.22 0.28 0.33 0.36
1.42 1.43 1.45 1.45 1.45 1.47 1.47 1.46 1.44 1.40 1.36 1.30 1.16 1.10 1.33 1.75 1.92 1.84 1.90 2.01 1.99 1.96 1.99 1.94 1.79 1.58 1.40 1.35 1.37 1.40 1.44 1.47 1.50 1.46 1.41 1.52 1.52 1.45 1.40 1.32 1.31 1.32 1.22 1.16 1.18 1.15 1.04 0.99 1.01 0.97 0.85 0.75 0.71 0.76 0.80 0.72 0.62 0.54 0.50 0.53 0.54 0.49 0.44 0.41 0.35 0.30 0.27 0.25 0.21 0.17 0.14 0.11 0.08 0.07 0.08 0.10 0.13 0.17 0.20 0.21 0.23 0.27 0.32 0.37
1.45 1.45 1.46 1.46 1.46 1.48 1.48 1.48 1.48 1.44 1.40 1.35 1.20 1.13 1.39 1.84 2.04 1.86 1.79 1.95 1.96 1.89 1.90 1.89 1.79 1.64 1.48 1.44 1.44 1.44 1.52 1.55 1.51 1.44 1.40 1.49 1.54 1.50 1.43 1.33 1.32 1.29 1.25 1.21 1.16 1.10 1.01 0.94 1.00 1.05 0.96 0.81 0.74 0.78 0.82 0.75 0.61 0.49 0.46 0.53 0.57 0.53 0.48 0.41 0.34 0.30 0.28 0.25 0.22 0.17 0.14 0.12 0.10 0.08 0.08 0.08 0.11 0.15 0.19 0.21 0.23 0.26 0.31 0.37
1.47 1.47 1.48 1.48 1.48 1.49 1.49 1.50 1.51 1.48 1.45 1.41 1.28 1.14 1.34 1.90 2.14 1.96 1.79 1.84 1.88 1.82 1.81 1.83 1.82 1.71 1.52 1.47 1.52 1.49 1.58 1.64 1.52 1.46 1.45 1.46 1.50 1.52 1.46 1.39 1.34 1.26 1.28 1.31 1.16 1.07 1.06 0.92 0.86 1.00 1.05 0.89 0.79 0.81 0.82 0.77 0.65 0.49 0.45 0.53 0.59 0.56 0.49 0.39 0.33 0.32 0.29 0.25 0.22 0.17 0.14 0.12 0.09 0.06 0.06 0.08 0.11 0.15 0.19 0.23 0.24 0.26 0.31 0.35
1.49 1.49 1.50 1.50 1.50 1.51 1.52 1.52 1.53 1.52 1.50 1.45 1.38 1.23 1.31 1.84 2.14 2.05 1.89 1.82 1.81 1.77 1.73 1.76 1.84 1.79 1.57 1.47 1.55 1.57 1.63 1.65 1.53 1.51 1.53 1.49 1.49 1.51 1.46 1.41 1.37 1.27 1.30 1.35 1.19 1.07 1.10 1.00 0.87 0.94 1.03 0.94 0.84 0.83 0.79 0.76 0.70 0.56 0.47 0.55 0.61 0.58 0.49 0.37 0.33 0.34 0.31 0.26 0.22 0.17 0.13 0.11 0.08 0.05 0.06 0.08 0.11 0.16 0.21 0.24 0.26 0.28 0.31 0.34
1.51 1.51 1.52 1.52 1.52 1.53 1.54 1.55 1.56 1.57 1.55 1.51 1.47 1.38 1.40 1.74 2.05 2.05 1.94 1.86 1.80 1.73 1.68 1.72 1.82 1.81 1.65 1.51 1.53 1.61 1.67 1.62 1.54 1.56 1.61 1.60 1.56 1.51 1.44 1.42 1.39 1.32 1.32 1.30 1.22 1.14 1.10 1.04 1.00 1.01 0.99 0.93 0.87 0.83 0.78 0.74 0.73 0.64 0.55 0.57 0.61 0.58 0.47 0.37 0.35 0.35 0.32 0.27 0.21 0.16 0.13 0.11 0.09 0.06 0.05 0.07 0.11 0.17 0.22 0.25 0.27 0.29 0.31 0.33
1.53 1.53 1.53 1.54 1.55 1.56 1.57 1.59 1.60 1.60 1.60 1.58 1.55 1.51 1.52 1.70 1.95 1.98 1.92 1.88 1.82 1.74 1.68 1.72 1.79 1.79 1.71 1.61 1.55 1.60 1.64 1.58 1.54 1.58 1.66 1.71 1.66 1.54 1.42 1.44 1.42 1.35 1.35 1.28 1.23 1.21 1.14 1.05 1.05 1.07 1.00 0.91 0.85 0.82 0.78 0.75 0.74 0.68 0.61 0.59 0.61 0.57 0.46 0.39 0.37 0.36 0.32 0.26 0.20 0.17 0.16 0.15 0.12 0.09 0.07 0.06 0.09 0.15 0.22 0.25 0.27 0.30 0.30 0.31
1.55 1.55 1.55 1.56 1.57 1.59 1.61 1.63 1.63 1.61 1.64 1.66 1.63 1.61 1.63 1.73 1.87 1.91 1.88 1.88 1.84 1.77 1.73 1.74 1.78 1.78 1.75 1.68 1.61 1.58 1.57 1.54 1.54 1.59 1.68 1.77 1.75 1.60 1.44 1.45 1.43 1.37 1.36 1.30 1.26 1.26 1.22 1.09 1.02 1.08 1.04 0.93 0.85 0.80 0.79 0.77 0.74 0.70 0.66 0.61 0.59 0.55 0.47 0.41 0.38 0.35 0.32 0.26 0.23 0.21 0.19 0.17 0.15 0.14 0.12 0.11 0.11 0.16 0.22 0.26 0.29 0.31 0.30 0.29
1.58 1.58 1.57 1.58 1.60 1.62 1.65 1.68 1.68 1.64 1.66 1.72 1.70 1.68 1.71 1.77 1.84 1.86 1.86 1.88 1.85 1.80 1.76 1.76 1.79 1.79 1.77 1.72 1.65 1.59 1.52 1.49 1.55 1.66 1.75 1.81 1.82 1.66 1.46 1.46 1.44 1.38 1.37 1.33 1.33 1.31 1.26 1.12 1.02 1.07 1.06 0.98 0.88 0.81 0.79 0.76 0.73 0.70 0.68 0.62 0.57 0.55 0.50 0.43 0.39 0.37 0.33 0.29 0.27 0.24 0.20 0.17 0.15 0.15 0.15 0.15 0.18 0.23 0.28 0.30 0.32 0.33 0.32 0.29
1.60 1.60 1.59 1.60 1.62 1.65 1.68 1.72 1.72 1.68 1.70 1.76 1.76 1.74 1.77 1.80 1.83 1.85 1.87 1.89 1.87 1.81 1.78 1.78 1.78 1.79 1.78 1.74 1.67 1.59 1.50 1.43 1.54 1.75 1.80 1.81 1.87 1.72 1.49 1.46 1.45 1.41 1.41 1.40 1.40 1.34 1.26 1.16 1.07 1.06 1.07 1.02 0.93 0.83 0.77 0.74 0.72 0.70 0.67 0.62 0.57 0.56 0.53 0.44 0.41 0.39 0.35 0.32 0.27 0.22 0.18 0.16 0.16 0.16 0.15 0.16 0.19 0.26 0.33 0.37 0.37 0.36 0.36 0.32
1.63 1.62 1.62 1.63 1.66 1.67 1.70 1.74 1.76 1.75 1.75 1.79 1.82 1.80 1.80 1.82 1.83 1.86 1.90 1.91 1.88 1.83 1.81 1.79 1.77 1.79 1.79 1.76 1.71 1.62 1.49 1.38 1.54 1.80 1.83 1.81 1.85 1.75 1.57 1.47 1.43 1.42 1.45 1.47 1.45 1.38 1.29 1.20 1.12 1.06 1.07 1.03 0.94 0.86 0.79 0.75 0.73 0.69 0.63 0.61 0.59 0.57 0.55 0.47 0.46 0.43 0.38 0.32 0.25 0.19 0.17 0.17 0.17 0.18 0.17 0.16 0.18 0.23 0.32 0.41 0.45 0.44 0.43 0.38
1.64 1.64 1.65 1.67 1.69 1.70 1.72 1.76 1.81 1.82 1.80 1.79 1.85 1.87 1.85 1.84 1.84 1.88 1.92 1.91 1.88 1.85 1.84 1.80 1.77 1.79 1.80 1.79 1.76 1.69 1.52 1.40 1.56 1.80 1.85 1.86 1.82 1.73 1.64 1.52 1.43 1.44 1.47 1.50 1.53 1.45 1.28 1.22 1.14 1.06 1.08 1.03 0.94 0.90 0.83 0.76 0.72 0.68 0.60 0.58 0.59 0.59 0.58 0.55 0.51 0.43 0.35 0.27 0.20 0.17 0.17 0.17 0.18 0.20 0.21 0.19 0.17 0.20 0.26 0.37 0.47 0.50 0.51 0.48
1.67 1.66 1.68 1.70 1.72 1.73 1.74 1.79 1.86 1.88 1.85 1.82 1.85 1.91 1.90 1.88 1.88 1.90 1.94 1.91 1.89 1.87 1.84 1.80 1.76 1.78 1.80 1.83 1.88 1.78 1.58 1.47 1.56 1.73 1.83 1.87 1.83 1.77 1.69 1.57 1.45 1.43 1.46 1.55 1.62 1.44 1.24 1.23 1.17 1.09 1.09 1.04 0.97 0.93 0.86 0.77 0.72 0.66 0.58 0.56 0.58 0.62 0.64 0.60 0.48 0.35 0.27 0.20 0.15 0.13 0.14 0.16 0.19 0.21 0.22 0.21 0.18 0.17 0.21 0.29 0.41 0.50 0.55 0.58
1.71 1.70 1.70 1.73 1.75 1.76 1.77 1.83 1.91 1.92 1.90 1.87 1.88 1.93 1.93 1.92 1.93 1.94 1.95 1.92 1.89 1.88 1.84 1.79 1.74 1.73 1.78 1.92 2.06 1.92 1.65 1.57 1.57 1.62 1.76 1.82 1.83 1.88 1.78 1.59 1.48 1.44 1.47 1.62 1.62 1.36 1.24 1.27 1.22 1.14 1.09 1.05 1.01 0.95 0.88 0.78 0.69 0.62 0.56 0.55 0.60 0.69 0.70 0.58 0.41 0.30 0.23 0.17 0.14 0.14 0.15 0.17 0.20 0.22 0.23 0.24 0.25 0.20 0.17 0.22 0.33 0.44 0.52 0.61
1.73 1.73 1.73 1.76 1.78 1.78 1.80 1.89 1.96 1.95 1.93 1.94 1.95 1.94 1.94 1.96 1.98 1.97 1.97 1.95 1.91 1.88 1.83 1.77 1.71 1.63 1.71 2.03 2.23 2.08 1.81 1.71 1.65 1.56 1.62 1.68 1.77 2.00 1.93 1.64 1.50 1.49 1.54 1.63 1.54 1.29 1.27 1.31 1.27 1.16 1.08 1.07 1.03 0.98 0.92 0.77 0.61 0.58 0.58 0.60 0.70 0.78 0.69 0.49 0.34 0.25 0.20 0.17 0.16 0.18 0.19 0.20 0.20 0.22 0.23 0.26 0.31 0.29 0.19 0.17 0.25 0.35 0.43 0.53
1.74 1.76 1.77 1.79 1.81 1.82 1.85 1.94 1.98 1.97 1.98 2.00 2.01 1.98 1.96 2.00 2.01 1.99 1.99 1.97 1.93 1.88 1.82 1.74 1.66 1.52 1.60 2.06 2.31 2.19 2.05 1.94 1.77 1.61 1.54 1.50 1.65 2.03 2.08 1.73 1.52 1.58 1.59 1.57 1.46 1.26 1.25 1.32 1.32 1.18 1.05 1.08 1.06 1.03 0.94 0.68 0.51 0.57 0.66 0.71 0.79 0.77 0.58 0.38 0.27 0.21 0.18 0.17 0.18 0.21 0.22 0.22 0.22 0.22 0.23 0.24 0.31 0.37 0.30 0.19 0.20 0.26 0.34 0.43
1.75 1.78 1.81 1.83 1.85 1.86 1.91 1.99 2.00 1.99 2.02 2.05 2.06 2.04 2.01 2.03 2.04 2.01 1.99 1.99 1.94 1.89 1.81 1.71 1.59 1.41 1.50 1.97 2.26 2.24 2.28 2.25 1.95 1.75 1.62 1.45 1.56 1.96 2.17 1.83 1.58 1.66 1.58 1.51 1.40 1.23 1.21 1.28 1.37 1.24 1.04 1.07 1.10 1.07 0.91 0.58 0.46 0.61 0.75 0.81 0.81 0.69 0.48 0.32 0.24 0.20 0.18 0.18 0.21 0.22 0.23 0.25 0.26 0.25 0.23 0.22 0.26 0.38 0.39 0.27 0.19 0.20 0.27 0.37
1.78 1.81 1.84 1.86 1.90 1.92 1.97 2.02 2.02 2.03 2.06 2.10 2.11 2.10 2.09 2.06 2.07 2.04 2.01 2.00 1.96 1.91 1.82 1.70 1.53 1.35 1.45 1.83 2.04 2.10 2.36 2.53 2.26 2.03 1.84 1.52 1.49 1.90 2.19 1.89 1.67 1.67 1.53 1.49 1.35 1.18 1.20 1.25 1.38 1.29 1.05 1.06 1.11 1.05 0.87 0.57 0.47 0.63 0.79 0.85 0.76 0.56 0.38 0.27 0.22 0.21 0.20 0.21 0.22 0.22 0.22 0.25 0.27 0.27 0.25 0.24 0.27 0.37 0.44 0.37 0.23 0.17 0.23 0.34
1.83 1.83 1.84 1.89 1.97 2.00 2.00 2.03 2.06 2.07 2.09 2.14 2.16 2.17 2.16 2.11 2.09 2.06 2.03 2.01 1.96 1.91 1.84 1.70 1.53 1.40 1.46 1.68 1.77 1.84 2.20 2.58 2.57 2.44 2.09 1.51 1.44 1.90 2.19 1.92 1.70 1.62 1.45 1.45 1.33 1.17 1.22 1.30 1.38 1.26 1.06 1.06 1.06 1.03 0.87 0.56 0.49 0.66 0.81 0.85 0.68 0.44 0.31 0.24 0.22 0.21 0.21 0.22 0.22 0.20 0.20 0.21 0.24 0.26 0.27 0.28 0.31 0.39 0.49 0.47 0.32 0.20 0.21 0.31
1.90 1.87 1.84 1.91 2.06 2.08 2.02 2.05 2.11 2.12 2.14 2.18 2.21 2.22 2.21 2.17 2.12 2.09 2.06 2.02 1.97 1.92 1.84 1.71 1.58 1.49 1.48 1.54 1.55 1.68 2.08 2.51 2.71 2.76 2.26 1.43 1.40 1.97 2.17 1.89 1.68 1.54 1.39 1.41 1.33 1.20 1.28 1.38 1.33 1.18 1.09 1.05 1.00 1.01 0.88 0.57 0.56 0.73 0.83 0.83 0.62 0.37 0.26 0.24 0.24 0.24 0.23 0.23 0.23 0.21 0.19 0.20 0.23 0.25 0.27 0.29 0.33 0.40 0.51 0.55 0.44 0.29 0.25 0.31
1.94 1.91 1.85 1.95 2.15 2.14 2.04 2.09 2.15 2.17 2.18 2.23 2.26 2.27 2.26 2.22 2.17 2.14 2.08 2.02 1.99 1.94 1.82 1.73 1.67 1.54 1.48 1.42 1.36 1.57 2.12 2.57 2.75 2.90 2.41 1.45 1.41 2.03 2.08 1.76 1.64 1.48 1.35 1.39 1.32 1.25 1.36 1.37 1.23 1.15 1.11 1.04 0.98 0.98 0.87 0.65 0.65 0.78 0.84 0.78 0.56 0.34 0.26 0.26 0.28 0.27 0.26 0.26 0.25 0.24 0.24 0.24 0.26 0.26 0.27 0.29 0.33 0.40 0.51 0.60 0.54 0.41 0.35 0.34
1.95 1.94 1.91 2.03 2.21 2.16 2.08 2.13 2.21 2.22 2.22 2.27 2.31 2.30 2.30 2.26 2.21 2.18 2.11 2.05 2.03 1.97 1.82 1.76 1.74 1.60 1.48 1.34 1.23 1.50 2.10 2.58 2.67 2.88 2.67 1.67 1.44 1.95 1.93 1.65 1.62 1.47 1.34 1.39 1.32 1.31 1.39 1.30 1.18 1.17 1.12 1.04 0.98 0.93 0.86 0.75 0.72 0.79 0.81 0.73 0.55 0.37 0.29 0.30 0.31 0.29 0.27 0.25 0.24 0.26 0.29 0.30 0.30 0.29 0.28 0.29 0.32 0.38 0.50 0.64 0.65 0.55 0.49 0.42
1.94 1.95 1.99 2.15 2.24 2.18 2.12 2.17 2.27 2.28 2.27 2.31 2.34 2.34 2.33 2.29 2.25 2.22 2.16 2.10 2.07 1.99 1.86 1.79 1.77 1.66 1.49 1.32 1.22 1.46 2.05 2.48 2.57 2.79 2.85 2.06 1.46 1.75 1.80 1.59 1.57 1.46 1.36 1.39 1.36 1.37 1.35 1.23 1.20 1.19 1.12 1.05 0.97 0.89 0.85 0.82 0.80 0.78 0.76 0.71 0.57 0.40 0.32 0.32 0.32 0.30 0.27 0.25 0.23 0.25 0.29 0.32 0.33 0.31 0.29 0.28 0.29 0.32 0.42 0.59 0.70 0.69 0.65 0.58
1.95 1.97 2.07 2.25 2.29 2.21 2.17 2.22 2.33 2.35 2.33 2.35 2.36 2.36 2.34 2.32 2.29 2.26 2.20 2.14 2.09 2.02 1.93 1.86 1.77 1.66 1.49 1.34 1.26 1.51 2.05 2.34 2.51 2.76 2.85 2.27 1.56 1.56 1.67 1.56 1.51 1.46 1.42 1.39 1.41 1.44 1.31 1.21 1.23 1.18 1.10 1.04 0.97 0.90 0.88 0.87 0.83 0.76 0.71 0.70 0.60 0.42 0.32 0.32 0.33 0.31 0.29 0.28 0.25 0.23 0.25 0.29 0.32 0.31 0.29 0.27 0.26 0.28 0.32 0.42 0.58 0.69 0.75 0.74
1.99 2.03 2.14 2.30 2.33 2.26 2.24 2.27 2.36 2.41 2.40 2.38 2.38 2.38 2.37 2.35 2.32 2.28 2.23 2.17 2.12 2.06 1.99 1.91 1.80 1.65 1.50 1.33 1.31 1.73 2.16 2.29 2.50 2.71 2.69 2.27 1.73 1.54 1.60 1.57 1.49 1.48 1.49 1.43 1.45 1.47 1.31 1.23 1.23 1.15 1.10 1.05 0.98 0.94 0.92 0.87 0.81 0.74 0.68 0.68 0.61 0.44 0.33 0.33 0.34 0.32 0.31 0.30 0.28 0.24 0.23 0.26 0.29 0.29 0.29 0.28 0.27 0.31 0.35 0.37 0.42 0.55 0.71 0.83
2.06 2.11 2.23 2.32 2.32 2.31 2.33 2.34 2.38 2.46 2.46 2.41 2.40 2.41 2.40 2.38 2.34 2.30 2.25 2.20 2.15 2.09 2.03 1.95 1.84 1.69 1.52 1.31 1.43 2.05 2.26 2.25 2.41 2.50 2.49 2.15 1.70 1.58 1.65 1.62 1.52 1.52 1.52 1.48 1.50 1.48 1.32 1.24 1.19 1.14 1.14 1.07 0.99 0.97 0.94 0.86 0.78 0.73 0.69 0.66 0.60 0.46 0.36 0.34 0.33 0.31 0.29 0.28 0.28 0.27 0.26 0.27 0.29 0.29 0.31 0.31 0.29 0.33 0.43 0.44 0.38 0.44 0.60 0.79
