windninja/windninja_output/Output_2025-10-23_2200-2250_Google earth_Fire_150m_10min/merlingen_7.5mi_point_10-23-2025_2230_150m_ang.asc
ncols	158
nrows	163
xllcorner	391686.332397
yllcorner	5160024.123721
cellsize	150.000000
NODATA_value	-32768.000000
[rows 86 to 128 of 163, columns 0 to 95 of 158]
83 81 78 77 74 68 60 59 66 72 75 73 76 80 81 82 84 87 90 94 98 101 105 109 115 120 118 115 114 115 116 116 118 122 121 120 121 121 122 125 129 134 137 138 139 140 141 141 142 146 150 154 159 163 165 166 168 170 173 176 179 182 185 189 192 195 198 200 203 205 207 208 209 211 212 212 212 211 208 201 187 177 183 211 235 242 244 246 246 248 250 252 253 252 249 246
84 81 77 76 72 66 62 63 69 72 72 71 76 79 79 80 79 81 85 90 94 98 103 112 123 131 126 120 117 117 118 119 121 125 126 125 126 127 128 130 133 137 140 142 143 144 144 146 147 150 153 156 160 164 167 169 171 173 176 179 182 185 189 192 195 198 200 203 205 207 209 211 212 213 214 215 215 215 213 209 196 180 181 213 236 241 245 248 249 251 253 255 257 255 251 247
85 84 80 77 72 66 64 65 67 69 70 73 77 78 77 75 72 76 81 88 94 100 109 121 135 144 133 123 120 119 120 121 123 125 126 126 128 130 131 134 138 142 145 146 148 149 150 151 153 157 160 161 163 167 170 173 175 177 178 181 184 188 191 195 198 201 203 206 208 210 212 213 215 216 217 218 219 219 219 217 211 197 197 238 250 247 247 248 250 254 258 260 259 257 258 261
88 87 84 79 73 69 67 66 64 65 72 78 78 76 74 69 69 75 82 90 99 111 121 130 146 153 136 126 123 122 123 124 125 127 128 128 130 132 132 133 137 143 148 151 152 153 155 157 159 162 166 168 169 171 174 179 182 184 183 181 184 189 194 197 200 203 206 208 210 212 214 215 217 218 219 220 222 223 224 224 223 223 237 267 273 268 260 257 256 260 263 261 257 255 257 263
90 88 82 77 76 75 71 67 62 65 74 79 75 72 70 68 71 76 84 96 111 123 130 136 152 157 137 128 125 125 125 126 128 131 132 132 134 136 137 137 139 144 149 152 154 156 158 161 164 167 169 171 172 174 178 184 189 191 188 183 184 190 196 200 203 206 208 210 212 214 216 217 219 220 222 223 225 226 227 229 231 235 246 265 273 275 273 267 266 268 265 257 256 256 256 259
87 83 76 72 74 76 74 69 64 69 76 77 70 69 70 72 76 78 84 100 119 132 138 139 157 157 137 129 128 127 127 128 130 133 135 136 138 141 142 144 146 149 152 155 157 159 161 164 168 170 171 173 174 176 181 187 190 189 190 190 189 192 198 202 205 208 210 212 214 216 218 219 221 222 224 225 227 228 230 232 235 240 247 258 267 272 273 271 270 268 262 256 260 262 261 262
85 82 76 73 73 75 76 74 67 70 74 73 66 67 72 78 85 90 96 108 120 139 142 137 161 152 135 130 129 129 129 131 132 135 138 139 142 144 145 147 150 155 158 159 161 162 164 167 170 173 174 174 175 177 180 183 185 188 194 198 198 197 201 205 208 210 212 214 216 218 219 221 222 224 225 227 228 230 232 235 238 243 250 259 267 271 272 273 271 265 258 260 265 266 266 268
88 87 83 81 80 81 82 81 74 72 74 74 72 76 83 92 103 110 112 112 112 120 116 126 165 146 135 132 132 132 132 132 133 137 141 142 144 146 148 150 154 159 164 166 167 169 169 171 174 177 177 173 175 180 180 179 184 193 202 207 206 203 204 207 210 212 214 216 218 219 221 222 224 225 227 228 230 232 234 236 239 243 249 258 267 271 273 273 270 263 259 262 265 266 266 268
90 90 89 89 90 90 90 90 95 92 85 82 83 90 98 104 109 114 110 100 84 50 20 26 142 140 136 135 135 135 133 131 133 139 144 146 147 149 151 154 158 163 168 173 176 178 177 177 178 180 179 177 178 184 185 185 190 200 207 210 210 208 208 210 212 214 216 218 219 221 222 224 225 227 228 230 231 233 235 237 240 243 248 253 260 265 269 269 265 261 260 260 261 262 262 263
90 89 90 93 93 92 90 94 111 110 100 92 91 93 100 102 103 102 96 81 59 38 22 30 98 131 137 137 138 140 139 137 139 145 149 149 149 151 153 156 159 163 167 174 179 182 182 181 180 179 181 185 188 190 192 193 196 201 206 210 212 211 211 213 214 216 218 220 221 222 224 225 227 228 230 231 233 234 236 238 241 243 246 250 254 258 260 261 260 258 258 258 258 258 259 259
92 91 92 94 92 86 83 88 101 107 102 95 89 90 97 98 97 98 88 59 36 32 30 50 97 125 137 140 142 145 144 143 146 150 153 151 151 153 155 158 160 162 165 170 176 180 182 182 181 182 188 196 199 197 198 200 202 205 209 211 213 213 214 215 217 218 220 221 222 224 225 227 228 229 231 232 234 235 237 239 241 243 245 248 250 253 254 255 256 255 255 255 256 256 256 257
96 95 94 93 88 82 78 79 86 95 96 89 87 90 95 98 101 98 80 44 25 29 44 73 109 132 143 147 147 145 142 142 147 152 155 152 151 153 156 160 162 163 165 167 171 176 180 182 185 191 200 206 206 203 203 207 208 210 212 214 216 217 217 218 219 220 221 222 224 225 227 228 230 231 232 233 235 236 238 239 241 243 244 246 248 250 251 252 253 253 253 253 254 254 254 254
96 95 92 89 87 83 78 76 78 81 82 85 91 96 97 97 96 85 57 37 31 47 81 107 134 151 154 153 150 144 141 142 147 153 157 155 153 153 156 160 163 165 166 167 171 175 179 185 194 202 206 208 208 208 207 209 211 212 213 216 218 220 222 223 222 223 223 224 226 227 228 230 231 232 233 235 236 237 238 240 241 243 244 245 247 248 249 250 251 251 251 252 252 253 253 253
91 89 86 86 87 85 82 80 76 73 75 79 84 92 96 91 78 60 43 37 54 93 117 132 155 169 165 159 154 149 146 148 150 154 158 158 158 158 158 159 162 165 167 169 174 179 183 189 197 202 205 206 207 208 209 210 212 214 215 215 216 220 223 226 226 226 226 227 227 228 230 231 232 233 235 236 237 238 239 240 241 243 244 245 246 247 248 249 249 250 250 250 251 251 251 251
92 89 86 85 84 82 81 80 76 73 72 72 73 80 81 75 68 61 54 69 103 120 126 142 185 193 176 168 162 156 150 150 151 152 155 158 161 163 162 161 162 165 167 170 174 180 186 191 196 201 204 205 206 208 209 210 212 215 216 214 215 217 221 224 226 228 228 228 228 230 231 233 234 235 236 237 238 239 240 241 242 243 244 245 246 246 247 248 248 249 249 249 250 250 250 250
96 94 89 86 82 80 79 78 77 75 75 74 74 74 74 77 89 101 113 122 125 127 128 146 255 223 195 185 178 169 160 155 154 151 150 153 157 162 164 164 163 165 167 169 173 181 188 192 196 200 203 205 206 208 210 211 212 214 216 216 216 218 220 223 225 226 227 229 230 233 235 236 236 237 238 239 240 240 241 242 243 243 244 245 245 246 246 247 247 248 248 248 249 249 249 249
100 98 93 88 84 82 81 80 80 80 81 82 85 93 107 117 122 131 143 138 131 128 126 277 253 238 230 221 210 190 177 169 165 160 154 149 150 156 160 164 165 165 167 168 171 178 186 191 195 199 203 206 207 208 211 211 212 213 216 216 216 216 218 222 225 226 227 228 231 235 239 240 240 240 240 241 241 242 243 243 244 244 245 245 245 246 246 246 247 247 247 248 248 248 248 248
104 102 97 92 89 88 87 85 85 86 87 91 101 117 125 127 128 135 143 139 131 121 281 254 242 244 242 234 217 197 187 184 183 180 173 158 147 147 153 160 164 163 164 166 167 172 182 190 195 200 204 206 207 208 209 210 212 214 215 216 215 214 216 221 225 226 226 227 228 232 238 243 244 244 244 244 245 245 245 245 245 245 245 246 246 246 246 246 246 247 247 247 247 247 247 247
109 107 102 97 93 92 91 89 87 88 92 98 107 116 120 120 119 123 125 119 106 245 229 227 235 233 229 223 214 207 202 201 200 198 191 177 158 146 147 154 160 161 161 162 163 167 177 187 195 200 204 206 207 208 209 210 212 213 215 217 217 217 218 221 223 225 225 224 224 227 234 239 245 249 251 252 251 250 249 248 248 247 247 246 246 246 246 246 246 247 247 247 247 246 247 247
115 113 107 101 97 95 93 91 89 90 93 98 104 111 115 115 110 104 99 94 182 206 209 220 221 217 219 219 218 219 218 215 209 206 205 196 179 162 153 154 159 161 159 158 160 164 172 182 190 197 201 204 206 208 210 211 212 214 216 218 219 219 220 222 224 225 225 222 222 226 230 233 238 243 248 253 255 255 255 254 253 251 249 248 247 247 247 247 247 247 247 247 246 246 246 247
125 122 114 109 104 102 100 97 97 100 108 116 121 125 125 122 117 115 126 166 195 200 204 209 210 212 214 218 221 222 220 216 210 210 211 204 191 177 164 159 159 161 160 158 157 160 166 176 184 191 198 202 204 207 210 211 212 214 216 218 219 219 220 222 224 225 225 223 221 224 229 231 233 234 238 244 249 251 253 256 259 257 252 250 248 248 247 247 247 247 247 246 246 246 247 247
140 135 127 120 115 112 114 120 126 131 138 144 148 151 147 143 141 146 165 187 198 200 198 198 203 209 212 213 217 221 219 218 213 209 209 206 200 191 180 168 161 160 160 160 158 157 161 170 179 187 196 201 204 206 209 211 212 214 216 218 220 220 220 221 222 223 225 224 221 223 227 230 232 234 236 239 243 244 245 249 255 259 257 253 250 249 248 248 248 247 247 247 246 247 247 247
158 153 143 136 135 137 142 147 149 150 153 156 163 168 167 165 165 174 190 199 197 198 198 195 197 205 208 206 211 220 220 221 214 205 209 213 211 201 190 179 168 161 160 159 159 157 157 163 173 184 193 200 204 206 209 211 213 214 215 216 218 220 221 221 223 224 224 224 222 221 224 229 232 234 235 237 239 241 243 246 249 254 259 257 253 250 249 249 248 248 247 247 247 247 247 247
176 170 157 151 150 151 153 156 157 157 163 171 179 182 181 177 177 186 197 201 201 203 205 199 194 197 203 203 210 220 220 218 212 205 217 223 216 203 190 188 183 168 158 156 157 157 155 158 167 178 188 196 202 205 208 210 213 214 214 213 215 219 221 221 224 226 226 225 223 221 223 228 232 233 234 236 238 240 242 246 248 250 254 258 257 253 251 250 249 249 249 249 248 248 248 247
188 179 164 157 154 153 155 159 164 170 178 186 189 188 185 182 182 189 196 202 209 214 209 201 193 190 197 200 207 217 219 216 211 209 221 225 212 199 195 195 191 181 168 155 151 154 155 155 161 171 181 191 199 204 207 208 211 214 215 214 214 218 221 220 222 226 227 226 224 221 221 226 230 232 234 236 238 239 241 244 248 250 252 254 257 257 254 252 251 251 251 251 251 250 249 248
191 182 169 163 160 161 166 172 178 184 191 197 193 187 186 186 187 188 193 200 211 220 214 200 195 191 189 189 199 212 219 218 211 210 216 216 206 199 198 196 188 188 188 169 150 149 151 152 154 163 174 186 196 203 206 207 209 214 217 216 215 218 221 220 220 223 225 226 225 222 221 225 230 232 233 236 237 238 240 244 247 250 251 251 252 255 256 255 255 254 254 254 254 253 251 249
197 189 177 176 175 176 180 184 187 191 196 197 192 186 187 192 193 187 188 194 204 216 219 204 198 196 186 180 188 205 216 219 213 209 214 213 208 206 204 197 192 196 198 186 163 152 150 148 147 153 166 179 191 201 206 206 207 212 216 216 215 217 219 220 219 220 222 223 224 223 223 227 231 232 233 235 236 236 237 240 244 248 249 249 249 248 251 254 255 256 258 259 257 254 252 250
206 199 190 189 187 186 186 188 191 194 194 193 192 190 192 198 195 184 179 186 196 210 221 216 203 202 196 188 185 195 209 216 217 217 221 222 219 216 209 202 200 199 197 192 178 162 154 150 147 147 155 170 184 196 204 206 206 209 214 216 214 214 217 220 219 219 220 221 221 220 221 225 228 230 231 234 235 235 235 236 240 245 247 248 248 245 246 248 250 253 259 260 256 253 251 250
211 207 200 195 193 194 192 192 194 195 190 188 192 195 199 201 192 176 171 178 189 204 216 218 208 203 202 201 197 192 199 212 219 224 229 231 226 219 210 202 197 190 189 191 186 170 160 158 155 150 149 158 174 190 201 205 205 208 213 215 215 213 215 219 218 217 218 219 220 219 219 223 227 229 229 232 235 236 235 235 239 242 241 242 243 239 240 243 243 249 255 254 251 249 248 249
213 209 203 198 196 197 197 200 200 194 186 185 190 197 202 203 192 176 169 174 184 196 205 208 208 204 202 202 203 197 193 204 216 225 228 222 214 210 207 199 188 183 187 192 189 177 167 165 164 158 152 153 163 182 198 205 206 207 211 215 214 212 214 218 218 216 217 219 220 220 219 222 227 231 231 232 233 235 236 235 239 241 239 237 236 232 233 238 241 249 251 248 244 242 243 245
213 209 204 202 200 200 201 203 202 194 186 185 189 194 200 205 198 182 172 172 180 186 191 198 205 207 205 204 208 199 189 194 208 220 225 214 202 198 197 191 182 182 189 195 194 185 175 168 165 163 157 154 159 173 192 204 207 207 210 214 214 213 214 217 218 215 216 218 219 219 219 220 223 228 232 234 234 235 236 237 240 243 240 235 232 229 229 234 241 247 247 243 238 236 239 241
213 211 209 207 205 204 201 199 196 194 192 189 189 190 198 210 210 187 169 165 171 176 180 188 197 202 203 204 207 202 191 190 199 209 210 200 191 189 188 185 183 186 192 196 197 192 179 169 166 167 165 160 160 168 185 201 207 208 209 213 213 212 213 216 217 215 215 217 218 218 218 217 219 223 228 232 234 234 235 236 240 244 241 233 230 228 228 233 240 243 242 238 233 235 239 239
216 214 212 210 207 204 200 195 192 194 199 198 189 185 195 212 217 191 162 155 157 165 172 178 186 193 194 194 200 204 200 191 190 197 203 202 195 188 184 184 186 190 194 197 198 193 182 174 171 171 171 167 163 166 180 197 206 208 209 212 213 211 212 214 214 213 213 215 217 218 217 216 217 219 224 227 229 231 233 234 237 241 239 233 230 230 230 233 238 238 236 233 230 234 240 239
219 216 213 212 209 203 200 196 194 195 203 204 191 184 193 210 218 205 166 147 143 151 163 171 177 182 183 186 194 198 195 188 186 193 205 210 205 194 190 191 193 194 195 195 193 192 186 179 175 176 176 171 166 166 175 193 205 209 210 211 213 211 211 213 213 213 213 214 216 219 218 216 216 217 220 224 226 228 232 235 238 240 238 233 232 232 232 233 235 234 232 229 227 232 238 239
220 217 212 213 213 208 206 203 199 198 203 208 195 185 192 206 218 217 189 152 135 135 148 161 169 174 178 184 188 189 191 190 192 202 211 215 211 204 200 201 202 200 198 197 196 195 191 184 180 180 180 176 170 167 173 189 204 209 210 211 212 211 213 217 221 225 224 219 219 220 219 217 216 216 218 221 223 226 230 235 238 240 238 234 233 233 232 232 233 232 231 227 224 229 236 238
219 215 207 205 207 208 208 209 208 202 203 210 199 184 188 201 216 222 211 182 143 120 119 139 156 165 173 180 184 185 189 198 204 209 215 217 215 215 209 207 208 207 207 206 206 203 199 194 189 186 184 180 173 170 174 186 201 208 209 212 214 215 221 227 233 240 245 240 228 224 221 219 219 218 217 217 219 222 226 231 234 237 236 233 233 232 230 230 231 232 230 225 222 227 235 238
213 209 199 196 199 200 202 207 212 208 205 213 205 183 182 195 215 225 224 212 184 126 101 96 112 137 157 170 177 181 187 200 208 211 219 219 218 219 212 205 209 214 217 216 214 212 209 203 196 192 189 183 176 173 175 183 198 208 210 215 220 224 229 231 230 233 238 242 240 233 227 224 222 220 217 215 216 219 222 225 228 232 233 230 230 228 226 226 228 230 227 220 221 229 238 241
209 206 198 193 195 197 200 204 211 212 210 219 216 188 181 192 213 226 230 230 221 188 120 79 76 89 109 137 159 171 182 199 211 214 221 222 217 219 216 205 204 212 218 219 216 214 211 203 197 194 191 187 180 176 177 183 200 214 219 222 226 228 228 226 224 226 229 231 235 238 236 232 228 224 220 217 215 216 218 219 222 226 228 226 226 226 223 222 226 228 225 218 220 232 240 242
209 206 200 196 195 198 199 203 209 210 212 224 226 204 190 194 211 222 226 232 234 226 190 141 112 92 91 117 145 161 181 202 213 214 221 224 219 219 219 209 202 206 215 221 219 214 209 201 193 192 192 190 184 178 180 188 203 219 227 227 224 223 221 220 221 224 226 228 230 234 242 247 244 236 228 222 216 215 217 216 217 222 225 225 225 225 221 221 227 229 225 217 219 231 238 237
205 204 200 195 194 196 199 201 205 206 211 224 232 222 208 204 208 214 218 220 226 229 215 183 156 141 136 146 154 166 184 205 216 216 221 226 221 219 220 214 205 203 210 221 223 218 210 201 192 192 194 193 189 183 182 189 201 212 219 218 215 216 216 216 219 223 225 227 228 230 235 247 255 255 247 235 226 221 221 220 219 224 226 224 224 223 218 219 225 227 223 215 220 232 236 232
201 203 201 195 193 196 200 198 199 202 208 220 229 229 221 213 205 207 208 212 217 217 206 185 171 167 166 166 169 175 184 204 217 216 220 226 224 221 222 219 212 204 205 217 224 221 213 203 195 193 196 195 191 187 185 188 198 208 214 212 210 213 215 216 220 224 225 226 227 227 229 235 243 251 258 259 251 242 237 233 229 229 227 224 223 221 216 218 223 226 223 216 222 233 233 228
201 203 202 196 193 195 197 196 196 198 203 213 220 224 226 219 203 200 203 203 200 198 194 187 185 183 183 183 180 176 181 199 213 214 217 226 227 225 224 223 218 209 204 211 222 224 217 207 201 198 198 196 192 190 189 190 197 208 214 213 213 215 217 219 222 225 225 226 227 227 229 233 238 243 250 262 273 270 261 247 236 233 230 226 223 217 212 213 218 222 223 219 224 231 230 226
201 203 202 198 192 192 194 195 195 196 197 203 208 213 220 222 207 198 192 183 180 188 196 197 200 204 202 194 182 173 173 189 207 213 217 224 230 229 226 226 223 214 205 205 219 225 221 211 204 201 199 197 193 192 192 193 198 208 215 216 217 218 218 220 222 224 225 225 226 227 229 233 238 243 248 257 271 288 285 273 255 239 230 227 222 213 208 207 210 215 217 217 220 225 227 225
