windninja/windninja_output/Output_2025-10-23_2200-2250_Google earth_Fire_150m_10min/merlingen_7.5mi_point_10-23-2025_2230_150m_ang.asc
ncols	158
nrows	163
xllcorner	391686.332397
yllcorner	5160024.123721
cellsize	150.000000
NODATA_value	-32768.000000
[rows 0 to 42 of 163, columns 0 to 95 of 158]
70 68 65 60 57 57 55 51 49 48 46 41 35 34 39 47 54 57 58 63 60 44 38 40 45 48 47 43 42 42 42 43 45 44 43 47 51 52 53 51 48 47 48 50 52 54 57 57 50 46 44 42 43 44 44 44 44 44 46 46 44 43 43 42 40 39 40 43 46 48 47 45 44 43 43 44 45 47 48 47 46 44 44 47 48 47 44 44 45 43 43 43 42 41 41 42
69 68 65 61 60 58 55 53 53 52 48 40 33 34 40 47 52 53 55 59 54 42 38 42 46 47 45 43 44 44 44 45 45 45 45 48 49 49 50 48 47 48 47 49 50 51 52 52 50 48 47 46 47 47 46 45 45 45 46 47 45 45 44 43 42 41 43 45 48 48 47 45 45 45 45 45 45 47 49 47 45 45 46 48 48 48 46 46 47 46 46 47 46 45 44 45
66 66 64 62 62 59 54 54 56 53 45 34 29 34 42 48 50 49 52 53 48 41 39 43 46 46 45 45 46 47 47 48 48 47 48 49 48 47 47 46 47 47 48 49 49 48 48 48 47 47 49 49 49 49 48 47 47 47 48 48 47 46 46 46 45 45 47 50 51 50 48 47 48 49 49 48 47 50 51 48 45 48 50 50 51 52 49 48 50 51 52 54 53 52 52 52
62 62 61 59 59 55 52 53 52 48 40 29 29 36 43 51 52 51 51 51 48 44 40 40 45 46 45 44 44 44 47 49 50 50 49 49 49 49 49 48 47 47 48 50 50 48 48 48 46 45 46 46 46 48 48 48 49 50 50 50 49 47 47 48 48 48 50 53 55 53 49 49 51 52 52 51 51 53 54 50 46 49 52 51 54 56 51 49 51 52 54 57 58 57 59 61
59 59 58 57 56 54 53 54 52 46 38 29 29 36 47 54 55 54 53 52 51 49 44 39 44 45 43 42 40 41 43 45 48 49 49 49 50 51 50 49 48 47 49 50 49 49 49 48 47 47 46 46 47 49 50 50 51 52 52 52 52 50 50 51 51 51 52 55 57 54 52 53 55 55 54 55 57 58 57 53 50 52 55 54 57 60 56 54 56 56 56 60 62 63 66 69
61 61 59 57 55 54 55 56 53 46 39 33 30 39 51 56 56 55 54 54 54 54 50 42 45 47 45 43 42 41 42 44 46 47 47 48 49 49 49 49 48 49 50 51 50 51 51 50 50 49 48 48 50 51 52 53 53 54 54 54 53 52 52 53 53 53 54 57 58 55 53 56 58 57 55 56 59 61 59 55 54 58 61 60 61 63 62 63 66 64 64 66 68 70 74 76
63 64 63 60 57 56 56 56 52 45 40 36 33 42 55 58 57 55 54 54 55 56 54 48 49 50 49 48 46 44 44 46 48 47 46 47 48 49 49 49 49 51 53 54 54 54 53 52 52 50 49 50 51 52 54 55 56 57 56 56 55 53 52 53 54 55 56 59 60 56 54 57 59 57 56 57 59 61 58 55 58 63 65 65 65 66 68 70 75 77 78 78 76 76 78 81
62 63 64 64 62 60 59 57 52 47 43 38 36 45 56 58 56 55 54 53 54 56 55 53 52 50 50 51 49 47 49 52 51 50 50 51 51 51 52 52 53 54 55 56 56 56 56 55 54 52 51 53 52 52 55 58 58 58 58 57 56 53 52 53 54 56 59 61 61 58 57 60 60 58 58 60 62 62 56 56 64 68 67 67 67 69 70 73 78 84 87 87 85 84 84 89
61 61 62 63 64 63 61 58 53 50 47 43 39 45 55 57 56 56 55 54 55 56 55 53 50 47 50 53 51 51 55 56 54 54 56 57 56 55 55 56 56 57 58 58 58 58 57 57 56 53 53 55 54 55 59 60 60 59 59 59 58 56 55 55 56 58 61 62 61 59 61 64 63 60 60 62 64 62 58 61 69 73 72 70 71 71 73 75 80 84 88 90 91 93 96 99
60 61 62 62 61 61 60 58 55 52 50 48 44 47 55 57 57 57 56 55 56 56 55 52 48 45 47 51 51 52 58 58 56 58 59 59 58 57 58 58 59 59 60 60 60 60 59 59 58 55 57 58 57 59 63 63 62 62 62 61 61 62 61 60 62 64 64 64 62 60 63 66 66 65 64 65 67 65 62 66 72 75 76 77 78 78 79 82 84 85 86 91 96 99 101 102
60 61 61 60 59 58 58 57 56 53 52 51 49 50 57 60 60 59 58 57 57 56 55 53 48 46 43 48 51 54 59 59 59 61 62 61 59 58 59 60 59 60 60 60 61 62 62 62 61 60 63 63 62 65 68 67 67 67 66 64 65 66 66 68 73 73 71 68 63 62 65 67 67 66 65 66 69 71 71 73 74 74 76 80 85 86 87 87 88 86 86 90 95 98 100 102
60 60 61 60 58 58 58 57 56 54 54 53 51 52 58 63 63 61 60 60 60 59 57 54 50 47 44 48 54 58 61 61 62 64 64 63 61 60 61 61 61 61 61 60 61 63 63 63 64 65 70 71 71 74 75 74 71 70 69 69 71 72 74 80 83 82 78 73 67 67 69 69 68 67 65 66 70 73 78 80 78 75 76 79 86 90 90 89 88 87 89 91 93 97 102 103
60 60 60 59 58 58 58 58 57 56 55 54 53 53 60 67 68 65 63 63 63 62 60 57 53 50 48 52 57 60 62 63 64 65 64 64 64 64 64 63 62 63 61 59 61 61 60 61 66 70 74 76 77 79 81 81 78 73 70 71 75 78 82 90 92 89 86 81 78 77 75 72 71 71 70 71 72 74 77 79 79 79 79 82 85 87 88 88 87 89 92 92 92 98 102 101
60 60 60 59 58 58 58 58 57 57 56 56 54 53 61 69 73 71 68 66 65 64 62 60 56 53 51 54 57 59 62 65 66 65 64 65 66 66 66 64 65 65 64 64 66 65 61 59 63 69 73 75 77 79 83 86 85 78 70 70 75 80 84 89 93 93 92 93 96 92 83 78 77 77 77 78 78 78 77 77 81 84 85 85 83 83 87 87 85 88 93 93 92 95 99 99
60 60 59 59 59 58 58 57 57 57 57 57 55 53 58 66 71 73 72 70 67 65 63 60 57 55 54 55 57 59 62 66 67 66 65 66 65 65 65 66 68 67 67 72 73 71 68 65 63 64 68 72 72 74 78 81 83 79 71 71 75 79 82 83 83 87 91 96 103 107 98 88 85 82 81 82 84 82 79 81 86 89 88 86 82 82 86 85 81 83 90 91 89 90 95 98
59 59 59 59 59 59 58 58 58 58 57 57 56 54 57 64 67 67 69 70 67 64 61 59 58 58 56 55 57 59 62 64 63 63 65 67 68 68 68 69 70 69 68 72 72 69 70 72 68 65 66 67 67 69 70 71 73 74 71 73 77 80 82 79 75 79 86 90 96 108 113 101 92 85 83 85 84 81 82 87 91 90 89 87 84 82 83 82 80 80 86 89 90 92 96 100
59 59 59 58 58 58 58 58 58 58 58 58 58 58 61 66 66 64 64 65 65 62 60 59 59 59 57 56 58 59 63 63 61 63 66 69 72 72 70 69 68 67 68 69 67 66 67 68 70 72 71 67 67 68 68 67 67 68 70 74 79 81 81 76 75 78 83 88 91 97 108 108 99 94 91 88 84 84 89 90 88 86 87 86 84 83 81 80 82 87 91 94 97 100 104 109
59 58 58 58 58 58 58 58 58 59 59 59 60 61 65 70 69 66 64 63 63 62 61 61 62 61 59 59 61 62 64 63 61 61 64 67 69 69 67 66 67 67 69 69 67 67 68 67 69 74 75 72 70 69 69 67 68 68 70 75 78 80 78 75 77 79 82 86 87 88 95 103 103 103 101 94 91 92 91 88 83 83 85 83 81 82 82 82 88 97 102 101 102 106 112 118
58 58 58 58 58 58 58 58 59 58 59 60 61 62 66 70 71 68 66 65 64 63 63 64 65 64 62 63 64 66 64 61 59 59 62 64 67 68 67 68 69 69 70 69 68 69 72 73 72 73 75 76 74 71 69 70 70 70 72 75 77 77 76 76 79 81 82 82 83 86 92 97 98 99 102 101 98 94 88 82 82 85 86 84 83 84 86 89 93 100 108 108 107 111 118 126
58 58 58 57 57 57 58 59 59 59 59 60 61 62 65 68 69 68 66 65 64 63 63 64 64 64 63 63 64 64 62 59 59 61 65 68 69 70 69 69 69 68 68 68 69 71 73 75 74 74 75 76 77 75 73 72 71 71 73 76 77 76 77 79 81 83 83 81 83 88 92 93 92 92 96 98 95 90 87 86 88 90 91 91 90 90 91 93 96 102 111 117 115 116 122 130
58 58 57 57 57 57 58 59 59 59 59 61 61 62 64 65 66 66 65 65 64 63 63 63 63 63 63 63 62 62 60 57 58 62 65 67 69 69 67 66 66 67 68 68 71 73 74 73 74 75 75 76 78 79 79 76 74 73 73 74 75 76 79 81 83 85 85 85 88 90 88 86 86 89 93 93 89 87 87 89 92 94 95 97 97 95 94 95 98 105 114 123 120 119 125 133
58 57 57 57 57 57 58 58 59 59 59 61 61 62 63 64 64 63 64 64 64 63 63 63 63 63 63 62 62 61 59 56 58 62 65 65 66 66 64 65 65 65 67 69 72 74 74 74 74 75 76 76 78 79 81 80 79 77 74 73 73 76 79 82 84 87 88 89 89 87 81 79 82 88 92 94 91 87 86 88 92 94 95 99 101 99 98 98 102 108 118 128 128 126 132 140
57 57 56 57 57 57 57 58 58 59 59 60 61 61 62 63 62 63 63 63 63 62 63 62 62 62 62 61 61 61 60 57 60 65 67 68 68 66 65 66 66 66 68 70 72 74 75 75 75 75 76 77 77 78 80 82 82 81 77 73 73 76 80 83 88 92 92 90 86 79 75 76 81 87 93 98 98 92 89 88 89 92 95 99 104 105 105 106 107 112 121 133 135 132 137 146
57 57 56 57 57 57 57 58 59 59 60 60 60 61 61 62 62 63 63 63 62 62 62 61 61 61 61 61 62 63 63 62 66 68 68 70 70 69 68 68 68 68 69 70 73 75 74 74 75 75 76 77 77 78 81 82 83 82 79 75 74 77 82 88 94 95 91 86 79 74 73 76 83 90 94 97 100 99 95 91 87 89 93 98 104 109 112 111 109 113 123 137 137 135 141 149
57 57 56 57 57 57 57 58 59 60 60 60 61 61 61 61 62 63 63 63 62 62 62 61 60 60 59 60 64 67 67 68 70 70 69 69 69 70 72 71 71 70 70 71 75 74 71 72 74 76 77 78 78 80 81 81 81 81 79 77 77 80 86 92 95 93 87 80 73 72 74 81 90 94 92 90 96 102 101 96 91 91 94 96 102 110 115 114 112 115 126 140 140 139 145 154
57 57 56 57 57 57 57 58 59 60 60 60 61 62 61 61 62 63 63 63 63 63 62 60 59 57 56 59 65 69 70 72 74 72 70 68 67 70 74 74 73 73 73 76 76 71 70 73 74 76 77 78 80 82 83 82 80 77 78 80 83 88 92 91 88 84 80 73 70 73 80 90 96 95 90 84 90 101 107 105 100 97 97 98 102 110 117 118 116 118 130 145 146 146 153 161
56 56 56 56 57 57 57 59 60 60 60 60 61 62 62 62 63 63 63 63 63 63 61 60 58 54 52 58 64 66 69 73 78 78 75 69 66 70 74 76 75 76 78 79 76 70 69 72 74 75 74 77 80 82 85 84 76 73 77 83 91 96 96 89 81 76 71 67 68 75 86 95 98 94 89 84 86 95 108 113 109 104 102 103 105 110 118 121 119 121 132 145 148 151 160 168
56 56 56 56 57 57 58 59 60 59 60 61 61 62 62 63 64 64 64 63 63 62 61 59 57 51 51 57 61 62 65 72 77 80 81 76 71 72 75 77 76 78 80 79 75 70 68 69 72 75 73 74 77 81 85 81 69 70 78 87 93 96 94 87 79 73 67 64 70 81 89 94 95 94 91 89 88 92 102 115 114 110 109 109 109 110 115 119 120 124 134 143 148 153 163 172
55 56 56 56 57 57 58 59 60 60 60 61 62 62 63 64 64 64 64 63 63 63 62 60 57 51 51 57 58 57 60 67 72 76 80 80 76 74 76 76 76 78 78 77 74 70 68 68 70 73 73 72 74 78 80 74 65 72 81 89 94 92 87 81 76 72 67 67 78 88 91 92 92 90 89 91 94 93 96 107 116 116 114 112 109 107 109 116 119 125 135 143 147 151 160 170
56 56 56 56 57 58 59 60 60 60 60 61 62 63 64 64 65 64 64 64 64 64 63 61 57 53 55 58 56 53 55 61 65 71 77 77 74 74 76 75 74 75 73 72 72 69 69 69 71 70 67 69 72 73 72 66 64 75 82 89 93 89 80 74 73 73 71 73 85 92 94 91 86 84 86 94 98 94 93 101 114 119 116 111 108 107 111 117 121 127 136 144 148 150 154 164
56 56 55 56 57 59 59 59 60 60 61 62 63 63 64 65 65 65 65 65 65 64 63 61 59 58 61 62 58 55 58 61 64 70 75 73 70 74 76 75 73 72 69 69 68 67 70 73 74 70 66 68 69 69 68 61 64 79 86 88 89 85 76 71 73 77 78 81 88 93 96 90 84 85 91 98 100 96 94 100 112 121 119 114 112 115 119 123 125 130 138 146 150 150 150 155
57 56 55 56 58 59 59 59 60 61 61 63 63 64 65 65 66 66 66 66 66 65 64 63 62 63 63 63 59 59 64 67 69 73 75 70 70 77 78 74 72 71 69 70 69 68 73 78 77 74 73 73 71 71 67 59 65 79 87 88 85 79 71 70 75 82 86 87 90 92 93 88 89 94 99 101 101 98 97 100 109 120 121 118 117 118 120 122 123 128 135 146 155 157 155 156
56 56 55 56 59 59 59 60 61 61 62 63 64 65 66 66 66 67 67 67 67 67 66 65 66 66 65 62 57 57 64 69 71 73 74 72 74 80 78 74 72 71 70 72 71 72 77 79 76 76 77 77 76 74 69 63 68 77 83 86 84 77 68 69 77 85 93 94 91 89 89 91 95 101 103 103 104 103 100 101 106 115 118 119 119 118 118 121 124 129 136 146 158 167 170 168
55 55 55 58 60 60 59 60 62 63 63 64 65 66 66 66 66 67 68 68 69 69 68 67 68 68 68 64 59 62 68 70 70 71 73 75 78 79 76 72 71 70 70 72 73 76 79 77 76 78 79 79 80 78 73 71 76 79 79 79 80 78 69 70 76 83 93 99 94 90 91 95 98 101 104 107 109 109 105 101 102 109 114 119 123 124 123 127 132 138 146 153 161 170 177 178
55 54 55 58 60 60 60 60 62 63 64 65 66 67 67 67 67 68 69 69 70 70 70 71 71 70 68 67 66 71 76 74 72 72 73 72 74 76 72 69 69 69 70 73 75 79 80 78 78 80 80 80 81 80 79 80 84 85 81 77 77 77 74 74 76 80 87 98 100 97 95 95 95 98 103 109 112 112 108 101 99 106 113 118 125 130 130 133 139 146 154 161 168 174 181 186
55 55 56 59 60 60 60 61 63 64 65 66 67 68 68 68 69 70 70 70 71 71 72 74 74 73 71 69 71 79 84 81 77 76 74 68 65 70 70 68 68 69 71 74 76 79 80 79 80 81 80 79 80 81 83 84 86 87 85 81 79 79 80 81 79 78 83 94 103 104 98 92 91 94 101 108 112 110 107 104 103 106 111 116 123 131 134 138 145 152 158 164 172 181 189 192
55 56 58 60 60 60 61 63 64 65 66 67 68 68 69 70 70 71 71 71 72 73 74 75 75 76 75 73 75 84 89 87 84 80 75 68 62 62 66 68 69 71 73 75 77 79 79 80 81 80 80 81 81 82 84 85 84 84 85 83 82 81 84 89 85 80 82 90 100 102 95 90 91 96 104 108 110 108 107 109 110 109 109 112 118 129 138 143 149 155 159 166 176 188 194 194
56 57 59 61 61 61 62 64 65 67 68 68 69 69 70 71 71 71 72 72 73 74 75 75 76 77 77 76 80 88 90 89 86 82 76 70 62 60 65 68 70 73 75 76 78 80 79 80 79 79 82 84 82 83 85 86 83 82 82 83 82 82 84 92 91 85 85 90 94 92 87 89 96 104 107 107 111 115 110 111 116 116 114 115 120 131 142 148 151 155 161 168 179 189 196 200
57 58 60 61 62 63 64 65 67 68 69 69 69 71 72 72 72 73 73 74 74 75 75 76 78 78 79 82 88 90 89 88 86 81 77 69 59 61 67 69 71 74 76 77 78 79 80 79 77 78 82 85 83 81 84 86 84 81 80 81 80 78 80 86 91 89 89 90 89 84 87 96 102 106 106 105 114 124 116 112 120 123 121 122 124 134 148 153 155 159 165 173 182 193 204 209
59 60 61 62 63 65 66 67 69 70 70 70 71 72 72 73 73 74 74 75 75 76 77 78 79 80 82 88 93 92 90 90 87 83 77 66 57 63 67 69 73 76 79 80 78 78 79 79 77 78 81 83 83 81 82 83 83 80 79 78 75 71 71 77 86 89 90 90 87 88 97 103 103 101 100 106 116 132 126 116 121 126 125 125 125 133 147 155 158 163 171 179 189 201 210 212
60 61 63 64 65 66 67 69 71 71 71 71 72 73 73 74 74 75 75 76 77 77 77 78 79 81 85 90 93 92 91 91 89 85 77 66 64 67 67 69 72 76 80 81 79 78 78 79 78 78 80 84 87 86 82 79 79 79 79 76 72 67 66 73 83 88 89 89 89 96 103 102 98 99 102 109 120 137 133 120 121 128 130 130 130 135 147 157 162 166 174 184 198 211 216 214
61 62 63 65 66 68 69 70 71 72 72 73 73 74 74 74 75 75 76 77 78 78 78 79 80 82 85 89 91 92 92 91 90 86 77 70 71 73 74 73 73 75 76 76 79 79 77 75 75 77 80 83 87 88 84 79 76 77 79 76 72 68 69 73 79 88 89 89 94 99 99 95 97 104 109 112 123 138 134 123 122 128 131 134 138 144 155 164 167 170 174 186 205 216 218 214
62 63 64 65 67 70 71 72 72 72 73 74 75 75 75 75 76 76 77 78 78 79 79 80 81 83 85 87 91 92 91 89 88 86 81 77 75 78 80 79 77 75 73 75 78 78 75 72 74 79 83 84 83 83 84 81 76 76 77 77 75 76 78 77 78 86 92 93 95 96 91 92 99 108 114 116 125 138 136 128 127 129 131 135 141 149 163 173 174 175 178 188 204 214 214 208
