windninja/windninja_output/Output_2025-10-23_2200-2250_Google earth_Fire_150m_10min/merlingen_7.5mi_point_10-23-2025_2250_150m_ang.asc
ncols	158
nrows	163
xllcorner	391686.332397
yllcorner	5160024.123721
cellsize	150.000000
NODATA_value	-32768.000000
[rows 42 to 83 of 163, columns 0 to 94 of 158]
21 21 20 20 20 20 19 20 21 21 20 21 22 22 23 24 24 25 25 26 26 26 27 28 29 29 30 30 31 37 47 54 60 64 64 64 67 71 74 75 78 83 90 102 115 126 132 138 145 149 150 153 159 163 165 170 176 180 185 192 195 193 192 196 197 193 189 190 190 192 197 197 192 186 181 183 186 186 188 195 199 199 200 200 196 196 199 201 200 197 197 202 211 214 209
25 24 23 22 21 21 20 21 21 21 20 21 21 22 23 24 24 24 25 25 26 26 26 27 29 29 30 31 32 37 47 54 57 60 63 68 71 72 75 82 88 93 101 109 117 126 133 139 145 149 150 154 162 167 170 174 180 186 191 194 193 188 186 189 191 188 184 185 189 193 193 193 191 185 183 186 189 190 191 194 197 197 196 193 193 198 205 207 206 202 200 201 207 211 209
29 28 27 25 23 22 22 22 22 22 21 21 21 22 23 23 23 23 24 24 24 25 25 27 28 29 29 30 32 37 45 52 55 59 65 75 83 86 90 95 100 104 110 115 121 130 137 143 148 151 153 159 167 172 176 180 185 189 191 191 190 187 185 183 181 181 182 184 188 191 191 192 193 190 190 193 194 194 196 197 196 192 190 192 198 206 209 210 210 208 205 203 206 212 212
33 31 29 27 25 24 24 23 22 22 21 21 21 21 22 22 22 22 22 23 23 24 25 26 27 27 28 31 33 37 42 48 53 58 68 84 98 102 104 107 111 114 115 118 128 138 144 147 149 151 156 164 171 177 182 186 190 190 188 186 186 185 182 178 175 176 181 184 187 189 192 194 197 197 199 200 198 197 198 196 191 188 190 199 208 210 209 210 212 213 210 206 207 213 215
36 34 31 29 28 27 25 24 23 22 22 21 21 21 21 21 20 21 22 22 23 23 24 25 26 27 29 31 33 36 41 47 53 60 71 87 102 112 114 116 119 121 120 124 137 145 146 147 149 154 160 168 178 184 187 190 192 188 182 180 181 181 178 175 175 177 182 187 189 189 192 196 200 203 204 204 200 196 195 193 190 191 200 209 212 210 208 207 210 213 211 207 208 213 216
38 36 33 32 31 30 28 25 24 23 22 21 21 20 20 20 20 20 21 21 22 23 23 24 25 27 28 30 32 35 40 46 55 64 78 93 104 115 122 124 126 127 127 134 145 148 147 147 151 159 166 174 183 187 188 189 188 184 178 174 175 176 175 174 176 180 184 189 190 190 192 196 201 205 207 207 203 197 194 196 198 203 208 210 209 207 206 206 208 210 209 209 211 213 216
40 39 36 34 34 34 30 26 24 23 22 21 21 20 20 20 19 20 20 21 21 22 22 23 25 26 27 29 31 35 39 46 54 65 80 96 109 119 127 131 131 132 134 142 148 148 148 150 156 164 173 182 186 187 188 187 183 178 174 173 174 175 177 178 178 181 186 189 191 192 194 197 201 205 208 208 205 200 199 201 205 206 205 204 203 203 203 204 204 204 207 212 214 215 215
43 41 38 37 36 36 32 27 24 23 23 22 21 20 20 19 19 19 20 20 20 21 21 22 24 25 26 28 30 34 38 44 52 63 78 98 114 123 131 135 136 137 140 146 149 147 148 154 161 169 179 185 185 186 185 183 178 172 172 174 176 178 182 182 180 181 185 188 191 193 195 198 201 205 207 206 203 200 200 202 204 204 202 201 200 200 200 199 198 201 207 215 217 217 218
45 43 40 38 37 36 33 29 24 22 22 22 20 20 19 19 18 18 19 19 19 19 20 21 22 23 24 26 29 33 37 43 51 63 79 101 119 128 134 138 140 142 145 149 150 148 150 158 167 176 182 183 181 181 181 178 173 171 173 177 181 184 187 184 181 182 185 188 191 194 197 200 203 205 205 202 199 198 200 202 203 203 202 200 199 198 196 195 198 203 209 215 219 221 222
50 47 41 38 37 35 33 31 26 22 22 21 20 19 19 19 18 18 18 18 18 18 19 20 21 23 24 26 28 32 36 43 52 65 84 105 122 131 137 142 144 145 147 150 151 150 154 165 177 182 182 180 178 178 176 172 170 173 179 183 186 189 189 184 181 183 186 189 192 195 198 201 203 203 202 200 198 197 199 201 203 205 205 202 199 197 196 197 202 207 210 216 221 224 224
54 50 42 40 39 36 34 33 29 23 21 21 20 20 19 18 18 18 17 17 17 18 19 19 20 22 23 25 28 32 36 43 53 68 87 108 125 136 142 146 148 147 149 151 152 154 160 172 180 179 177 177 178 177 173 168 170 178 185 189 191 190 188 183 181 183 186 190 193 196 198 199 200 200 201 200 198 197 198 200 203 207 208 206 202 200 199 202 205 209 213 217 220 221 220
54 50 43 39 39 36 34 34 32 27 23 21 21 20 19 18 18 17 17 17 17 17 18 19 20 21 22 24 27 31 36 44 56 73 94 113 128 139 145 149 151 149 150 152 154 158 165 173 175 173 174 175 176 176 172 169 174 182 190 193 192 189 186 183 182 183 186 190 194 195 195 196 198 200 201 201 200 199 199 200 203 206 207 207 206 205 203 203 207 212 215 216 214 214 209
52 50 44 39 39 37 33 35 35 32 26 22 21 19 19 19 18 17 17 17 17 17 17 18 19 20 22 24 27 31 37 45 59 78 100 120 133 142 147 151 152 151 151 153 156 160 166 170 169 170 174 176 175 175 173 172 178 186 191 192 191 188 185 183 182 183 185 189 192 193 194 196 200 201 201 201 200 201 200 199 199 202 203 204 206 207 206 206 209 212 213 212 208 206 200
51 51 48 43 43 42 37 36 37 35 30 24 21 19 19 19 18 17 17 17 17 17 17 17 18 19 21 23 26 31 38 48 64 87 110 127 138 145 149 152 152 152 152 155 158 160 164 166 166 169 175 176 175 175 173 175 182 188 190 189 187 185 184 184 183 184 186 188 191 194 197 202 203 201 200 200 200 200 199 197 195 197 200 202 204 206 207 208 210 212 213 210 204 198 195
53 52 50 47 47 47 43 38 37 38 34 27 22 20 18 19 18 17 17 17 17 17 17 17 18 19 21 23 26 31 39 51 71 97 119 134 143 149 152 154 154 154 155 158 160 161 161 162 164 168 173 175 175 175 174 178 185 188 188 185 182 182 185 187 186 185 186 188 192 199 204 203 200 198 199 199 198 197 196 195 194 196 199 201 202 205 207 209 210 213 215 210 197 186 188
55 54 51 48 45 44 43 38 36 37 34 28 25 22 18 17 18 17 17 16 16 17 17 17 18 19 21 23 27 33 43 58 83 110 129 141 148 152 154 156 157 158 159 160 161 161 160 160 162 166 171 174 175 175 175 179 184 186 184 181 180 182 186 190 190 187 187 190 196 201 201 198 197 197 197 196 195 194 194 194 195 197 199 202 205 209 211 212 211 210 208 196 180 178 184
56 55 52 49 46 44 42 38 34 35 33 29 28 27 21 16 17 17 16 16 16 17 17 18 18 19 21 24 28 35 47 68 96 122 137 146 151 155 157 158 159 160 161 162 162 162 161 160 160 163 168 173 174 174 176 180 182 183 180 178 180 183 187 192 193 190 188 190 195 197 195 195 196 195 194 193 192 192 192 193 196 199 201 205 209 213 214 214 210 203 193 183 177 177 188
57 56 53 52 49 46 44 40 36 36 34 31 31 30 25 18 16 16 15 16 16 17 17 18 18 19 21 25 31 41 56 83 113 133 144 151 155 157 159 160 161 162 163 164 164 164 164 163 162 162 165 169 171 172 177 181 182 180 177 177 180 183 188 193 195 193 189 190 194 195 194 194 194 193 192 191 190 190 192 195 197 201 204 206 209 212 212 209 202 191 182 179 180 183 200
58 57 55 53 51 49 47 44 41 38 35 30 28 29 27 23 18 15 14 15 16 17 17 18 19 20 23 28 35 47 69 100 125 141 149 154 157 159 161 162 163 164 165 166 167 167 167 166 165 163 162 164 167 171 176 182 181 177 175 176 179 183 189 194 196 194 191 191 194 194 193 192 191 191 190 189 190 192 195 198 200 203 205 207 208 209 208 203 193 182 179 182 185 194 209
59 59 57 55 52 50 48 46 43 39 34 28 25 27 28 27 23 18 15 13 15 17 18 19 20 22 26 32 41 60 88 118 137 147 153 157 159 161 162 164 165 166 167 168 168 168 168 168 167 165 164 163 164 168 176 182 180 176 175 176 180 184 188 193 195 195 194 194 194 192 191 190 189 189 188 188 191 195 197 199 201 204 208 210 210 208 202 194 186 179 179 187 195 206 215
61 61 59 57 54 51 48 46 43 40 36 30 26 26 27 28 27 23 19 15 14 17 18 19 22 26 30 37 51 75 108 132 145 152 156 159 161 163 164 165 167 168 169 169 170 170 170 170 170 168 167 166 164 166 175 180 179 176 176 178 180 183 185 190 194 196 196 195 192 190 189 189 188 187 187 189 193 196 198 200 203 206 210 212 210 206 197 185 180 180 184 196 209 214 218
65 64 63 60 56 52 50 47 44 41 39 33 28 26 25 27 29 27 24 19 15 16 18 20 25 30 35 45 66 98 125 141 150 155 158 161 163 164 166 167 168 169 170 171 171 171 172 172 172 171 169 167 165 166 172 178 179 177 177 177 179 181 185 191 197 199 198 193 189 188 188 188 187 186 186 190 194 195 197 200 204 207 209 210 206 200 189 180 178 184 196 208 215 219 223
68 67 65 62 59 56 54 51 47 44 42 37 30 26 25 26 28 29 28 24 20 19 20 23 28 33 43 61 89 117 137 147 153 157 160 162 164 166 167 169 170 171 172 172 173 173 173 173 173 172 170 167 166 166 169 174 179 179 177 175 177 182 192 203 206 200 192 186 185 186 187 187 186 185 186 190 192 193 195 199 203 206 206 205 201 192 185 180 182 193 205 212 218 224 228
67 66 64 62 59 57 55 53 51 48 45 40 33 27 26 26 28 29 30 29 27 25 25 28 31 40 56 78 109 132 144 151 156 159 162 164 166 167 169 170 171 172 173 173 174 174 175 175 174 174 172 170 167 166 167 169 174 178 178 176 178 190 201 202 197 190 184 182 183 184 185 186 186 186 186 187 189 191 194 200 204 205 204 201 196 188 184 185 192 201 209 217 223 229 234
64 63 62 61 60 57 53 51 50 48 45 42 36 30 28 28 29 31 32 33 32 29 30 33 36 51 76 102 123 139 149 154 158 161 163 165 167 169 170 171 172 173 174 175 175 176 176 176 176 175 174 173 170 168 166 164 166 173 178 180 184 189 191 191 189 186 183 182 183 183 184 185 186 186 185 185 186 190 194 200 202 201 196 191 189 188 188 192 202 209 214 220 227 233 240
58 58 58 57 58 57 52 48 48 48 46 43 38 33 30 30 32 33 33 36 36 34 37 41 46 67 95 116 133 143 151 156 159 162 164 166 168 170 171 172 173 174 175 176 176 177 177 177 177 177 176 175 174 171 169 165 162 166 176 183 184 182 181 183 185 186 186 185 184 183 183 184 185 184 184 184 186 189 192 194 194 191 187 183 187 193 197 203 210 214 218 224 231 236 239
53 56 55 52 51 50 45 43 47 50 48 43 39 37 33 31 35 36 37 40 42 44 49 55 64 84 108 127 138 146 152 157 161 163 166 167 169 171 172 173 174 175 176 177 177 177 178 178 178 178 178 177 176 175 173 170 167 167 173 179 179 175 175 177 181 185 187 186 185 183 183 184 184 183 183 184 185 187 188 188 186 184 184 186 196 204 206 208 213 218 223 229 235 237 237
61 65 64 57 54 50 43 39 44 46 43 38 36 35 33 32 36 41 43 47 53 61 69 75 85 102 118 132 143 149 153 157 161 164 166 168 170 172 173 174 175 176 177 177 178 178 179 179 179 179 179 179 178 177 177 176 174 173 174 176 175 171 170 171 175 181 184 184 184 184 185 185 183 182 183 185 186 185 184 184 184 185 192 201 207 209 208 210 217 222 226 230 233 233 233
71 76 81 78 73 64 54 48 50 50 45 40 39 38 37 37 41 45 49 56 65 74 85 96 109 124 133 139 147 153 156 158 161 164 167 169 171 172 174 175 176 177 177 178 179 179 179 180 180 180 180 180 180 179 179 179 178 178 177 177 176 172 168 168 169 172 176 179 181 184 186 185 182 182 184 187 187 184 181 181 186 194 203 208 208 207 209 215 221 225 227 228 228 226 225
74 77 82 85 83 79 73 70 71 67 59 55 54 51 48 48 49 51 55 63 74 86 100 113 129 142 145 149 155 159 160 161 162 164 166 169 171 173 174 176 177 177 178 179 179 180 180 180 181 181 181 181 181 181 181 180 180 180 180 180 179 177 174 173 171 168 169 171 175 178 180 181 182 183 186 188 187 183 182 185 193 202 207 207 206 206 210 218 224 228 227 226 223 218 216
77 78 80 81 81 80 79 80 82 78 71 70 70 68 65 63 63 64 67 73 85 101 116 126 138 150 151 153 160 164 166 167 166 165 166 168 171 173 175 176 177 178 179 179 180 180 181 181 181 182 182 182 182 182 182 182 182 182 182 182 181 180 179 178 177 174 172 170 169 168 168 174 182 185 187 187 186 184 184 191 198 203 203 202 204 207 212 221 227 229 225 224 224 219 212
79 80 81 81 80 80 79 80 81 79 74 73 74 74 74 75 77 81 85 90 99 111 124 135 144 152 155 157 161 166 169 171 170 169 168 169 171 173 174 176 177 178 179 180 180 181 181 182 182 182 182 182 182 183 183 183 183 183 183 183 182 182 182 181 181 180 178 175 172 168 164 167 177 183 185 185 185 185 187 194 199 199 195 198 205 211 217 224 228 225 220 219 221 219 197
82 83 84 84 82 81 81 81 80 79 77 76 76 77 79 82 87 93 99 106 112 120 129 138 147 154 157 160 163 166 171 172 172 172 172 172 172 173 174 176 178 179 180 180 181 181 182 182 182 182 183 183 183 183 183 183 184 184 184 184 183 183 183 183 183 182 181 179 177 176 173 171 173 175 178 180 182 185 189 193 195 191 190 198 209 218 223 225 225 222 217 211 207 195 184
84 84 86 87 86 85 85 84 82 82 81 81 81 82 86 90 94 99 106 114 120 125 132 140 148 155 158 160 164 168 171 173 173 175 176 175 174 174 174 176 178 179 180 181 181 182 182 182 183 183 183 183 183 184 184 184 184 184 184 184 184 184 184 184 184 183 182 181 181 181 180 177 175 172 172 175 177 183 189 189 186 185 193 207 217 221 223 223 224 223 219 206 192 183 180
84 84 86 88 89 90 89 88 87 86 87 88 89 90 93 96 101 106 112 119 126 131 136 143 150 156 159 159 162 167 172 174 176 179 178 175 174 174 174 176 177 179 180 181 182 182 182 183 183 183 183 183 184 184 184 184 185 185 185 185 185 185 185 185 185 184 184 183 183 183 182 180 178 175 171 170 172 179 184 183 181 187 205 221 229 229 228 228 228 228 220 200 182 178 182
86 85 85 87 91 94 94 93 92 93 93 94 95 97 99 103 108 113 118 125 130 135 141 146 153 160 160 158 161 166 172 177 178 180 179 176 175 175 175 176 177 179 181 181 182 183 183 183 183 183 183 184 184 184 184 185 185 185 185 185 186 186 186 185 185 185 185 184 184 184 183 182 180 178 174 170 169 172 177 180 183 198 220 231 235 236 236 232 227 216 199 184 177 178 186
88 85 80 84 95 100 100 99 99 100 101 100 100 102 105 109 114 118 123 129 134 138 142 148 156 163 161 160 163 166 171 176 178 179 180 179 178 177 176 176 177 179 181 182 182 183 183 183 183 183 183 183 184 184 184 185 185 185 186 186 186 186 186 186 186 186 186 185 185 184 184 183 182 181 178 174 170 168 171 178 191 209 222 226 223 221 221 215 202 194 185 179 177 182 189
88 82 73 77 92 106 110 108 107 109 109 107 106 107 111 114 117 122 127 131 135 139 143 149 157 162 163 163 166 167 170 173 177 180 180 180 180 181 180 178 177 178 181 182 183 184 184 184 183 183 183 183 183 184 184 185 185 185 186 186 186 186 186 186 187 186 186 186 186 185 185 184 184 183 180 177 173 169 168 176 196 209 211 210 210 210 207 198 190 184 182 182 182 185 190
84 79 75 80 91 108 123 121 117 118 116 112 111 112 115 118 120 124 129 133 137 140 145 150 157 161 162 165 168 169 170 171 175 179 181 181 182 183 184 182 180 180 181 183 184 184 184 184 183 182 181 182 182 183 184 185 185 186 186 186 186 187 187 187 187 187 187 187 186 186 186 185 184 184 182 180 176 172 170 176 191 199 201 202 204 204 198 188 183 183 184 185 186 187 191
84 82 83 92 104 113 127 132 127 124 122 118 115 114 116 120 122 125 130 135 138 142 146 152 157 159 160 164 168 169 170 170 172 176 181 184 185 184 184 186 186 184 185 186 186 186 186 186 184 179 177 178 180 182 183 184 185 186 186 186 186 187 187 187 187 187 187 187 187 187 186 186 185 184 183 181 179 176 173 175 182 190 197 201 203 200 188 181 181 184 186 188 190 191 193
98 95 100 110 115 117 121 129 130 128 126 121 118 117 119 122 123 126 130 135 138 141 145 151 157 159 160 162 166 169 170 169 170 173 178 184 186 185 185 186 188 188 187 188 187 186 185 185 183 179 175 175 177 180 182 184 185 186 186 186 187 187 187 187 187 187 188 188 187 187 187 186 185 185 184 183 181 178 175 174 176 184 196 201 200 189 181 178 180 184 187 190 193 194 194
107 112 118 119 118 114 116 122 124 123 122 119 119 118 118 122 123 124 129 133 136 140 144 150 156 159 161 163 166 169 171 171 173 175 177 181 184 185 186 186 187 187 186 185 185 184 183 182 181 182 182 180 178 179 182 184 185 186 186 186 187 187 187 187 188 188 188 188 188 187 187 186 186 185 185 184 182 180 177 175 174 180 191 196 191 182 177 178 180 183 188 192 195 197 197
