windninja/windninja_output/Output_2025-10-23_2200-2250_Google earth_Fire_150m_10min/merlingen_7.5mi_point_10-23-2025_2230_150m_vel.asc
ncols	158
nrows	163
xllcorner	391686.332397
yllcorner	5160024.123721
cellsize	150.000000
NODATA_value	-32768.000000
[rows 38 to 75 of 163, columns 0 to 83 of 158]
2.79 2.83 2.91 2.96 2.94 2.95 2.95 2.93 2.91 2.93 2.92 2.84 2.82 2.84 2.80 2.74 2.69 2.63 2.58 2.52 2.45 2.37 2.28 2.19 2.04 1.83 1.59 1.38 1.61 2.12 2.20 2.22 2.42 2.58 2.80 2.60 2.21 2.31 2.52 2.38 2.24 2.20 2.15 2.10 2.14 2.09 1.91 1.78 1.72 1.82 1.83 1.62 1.47 1.57 1.62 1.43 1.29 1.36 1.43 1.49 1.51 1.32 0.98 0.68 0.61 0.84 1.20 1.20 0.82 0.56 0.54 0.61 0.62 0.49 0.34 0.37 0.38 0.32 0.35 0.41 0.35 0.30 0.30 0.31
2.93 2.95 2.97 3.00 2.99 2.96 2.96 2.97 2.93 2.90 2.89 2.83 2.81 2.84 2.81 2.73 2.67 2.62 2.57 2.52 2.45 2.37 2.29 2.21 2.08 1.86 1.64 1.52 1.71 2.07 2.18 2.15 2.20 2.33 2.49 2.28 2.07 2.35 2.58 2.49 2.35 2.26 2.21 2.09 2.07 2.11 1.97 1.71 1.63 1.83 1.93 1.66 1.39 1.48 1.65 1.46 1.22 1.25 1.38 1.45 1.42 1.34 1.18 0.87 0.66 0.81 1.19 1.15 0.77 0.60 0.63 0.65 0.57 0.39 0.32 0.41 0.42 0.31 0.33 0.39 0.34 0.29 0.29 0.32
3.11 3.14 3.05 3.01 3.01 2.97 2.97 3.00 2.95 2.86 2.83 2.83 2.79 2.81 2.81 2.73 2.66 2.62 2.57 2.51 2.45 2.37 2.29 2.22 2.12 1.92 1.76 1.68 1.72 1.97 2.18 2.10 1.99 2.09 2.12 1.92 1.88 2.17 2.48 2.58 2.50 2.39 2.29 2.07 1.97 2.08 2.01 1.73 1.57 1.75 1.98 1.77 1.37 1.35 1.56 1.50 1.23 1.15 1.30 1.38 1.32 1.28 1.32 1.15 0.80 0.83 1.15 1.09 0.78 0.70 0.68 0.59 0.49 0.34 0.34 0.48 0.43 0.30 0.31 0.36 0.32 0.29 0.31 0.33
3.21 3.23 3.10 3.02 2.99 2.96 2.96 2.99 2.97 2.84 2.78 2.80 2.77 2.76 2.77 2.71 2.64 2.61 2.57 2.50 2.44 2.35 2.28 2.23 2.15 1.99 1.87 1.78 1.72 1.91 2.15 2.04 1.87 1.84 1.74 1.69 1.80 1.96 2.20 2.45 2.52 2.51 2.37 2.13 1.99 1.99 1.95 1.77 1.59 1.68 2.00 1.90 1.43 1.23 1.38 1.47 1.28 1.11 1.21 1.31 1.23 1.13 1.25 1.30 1.03 0.91 1.08 1.06 0.86 0.74 0.61 0.52 0.47 0.35 0.40 0.51 0.40 0.27 0.27 0.31 0.31 0.31 0.33 0.35
3.25 3.22 3.11 3.02 2.98 2.98 2.92 2.92 2.95 2.84 2.74 2.76 2.75 2.72 2.72 2.68 2.62 2.59 2.56 2.51 2.42 2.33 2.26 2.24 2.17 2.04 1.95 1.85 1.76 1.89 2.05 1.98 1.81 1.64 1.47 1.48 1.69 1.93 2.10 2.25 2.40 2.47 2.38 2.25 2.09 1.89 1.83 1.79 1.66 1.70 2.01 1.99 1.48 1.17 1.25 1.37 1.27 1.13 1.15 1.23 1.17 1.05 1.13 1.25 1.19 1.07 1.03 1.04 0.90 0.67 0.54 0.53 0.50 0.41 0.47 0.50 0.33 0.23 0.23 0.28 0.32 0.32 0.34 0.37
3.26 3.21 3.10 3.02 2.98 2.99 2.91 2.85 2.89 2.82 2.72 2.72 2.72 2.68 2.66 2.64 2.59 2.56 2.54 2.50 2.40 2.31 2.26 2.23 2.18 2.07 1.99 1.92 1.84 1.86 1.93 1.91 1.77 1.55 1.37 1.32 1.53 1.90 2.06 2.10 2.23 2.34 2.36 2.32 2.09 1.79 1.73 1.77 1.75 1.81 2.03 1.96 1.49 1.19 1.22 1.27 1.22 1.14 1.13 1.19 1.17 1.07 1.08 1.11 1.19 1.19 1.06 0.99 0.84 0.60 0.53 0.57 0.53 0.46 0.49 0.43 0.27 0.20 0.22 0.28 0.31 0.33 0.38 0.43
3.28 3.21 3.09 3.02 2.97 2.94 2.89 2.83 2.81 2.78 2.71 2.68 2.68 2.64 2.61 2.59 2.56 2.54 2.51 2.47 2.39 2.31 2.25 2.20 2.17 2.10 2.02 1.96 1.88 1.83 1.85 1.85 1.72 1.53 1.35 1.29 1.51 1.83 1.94 1.95 2.04 2.25 2.41 2.31 1.94 1.71 1.71 1.77 1.84 1.92 1.97 1.83 1.48 1.24 1.24 1.25 1.18 1.12 1.14 1.19 1.19 1.15 1.08 1.05 1.18 1.23 1.10 0.93 0.72 0.56 0.55 0.58 0.55 0.50 0.45 0.34 0.22 0.17 0.21 0.27 0.32 0.37 0.43 0.42
3.28 3.21 3.11 3.04 2.95 2.88 2.85 2.81 2.76 2.73 2.69 2.64 2.61 2.59 2.57 2.55 2.52 2.51 2.48 2.42 2.36 2.30 2.24 2.19 2.16 2.11 2.05 1.97 1.89 1.83 1.82 1.80 1.69 1.53 1.39 1.37 1.50 1.67 1.77 1.79 1.90 2.21 2.42 2.19 1.74 1.65 1.77 1.86 1.94 1.94 1.83 1.68 1.47 1.25 1.23 1.26 1.18 1.13 1.17 1.21 1.21 1.19 1.13 1.12 1.23 1.21 1.05 0.86 0.62 0.53 0.57 0.58 0.56 0.50 0.40 0.29 0.18 0.16 0.23 0.31 0.38 0.42 0.42 0.33
3.27 3.22 3.12 3.04 2.94 2.87 2.82 2.75 2.70 2.67 2.66 2.60 2.55 2.53 2.52 2.50 2.48 2.46 2.44 2.38 2.32 2.26 2.22 2.19 2.15 2.10 2.04 1.97 1.90 1.84 1.80 1.76 1.68 1.54 1.43 1.42 1.47 1.55 1.64 1.70 1.81 2.10 2.31 2.04 1.61 1.63 1.84 2.00 2.01 1.81 1.65 1.54 1.42 1.29 1.21 1.23 1.22 1.21 1.25 1.22 1.19 1.21 1.22 1.20 1.19 1.11 0.94 0.78 0.59 0.52 0.56 0.56 0.54 0.49 0.38 0.28 0.18 0.18 0.28 0.36 0.40 0.39 0.33 0.24
3.30 3.24 3.11 3.00 2.97 2.94 2.80 2.67 2.63 2.60 2.59 2.56 2.50 2.48 2.48 2.46 2.43 2.41 2.39 2.35 2.28 2.22 2.20 2.18 2.14 2.08 2.01 1.96 1.91 1.85 1.79 1.74 1.67 1.57 1.45 1.41 1.48 1.53 1.56 1.62 1.72 1.94 2.08 1.83 1.60 1.73 1.94 2.06 1.93 1.63 1.50 1.42 1.36 1.35 1.25 1.21 1.27 1.32 1.36 1.25 1.15 1.24 1.28 1.19 1.12 1.03 0.84 0.71 0.60 0.54 0.55 0.53 0.52 0.47 0.37 0.27 0.20 0.23 0.31 0.36 0.35 0.32 0.27 0.24
3.35 3.27 3.08 2.92 2.98 3.08 2.84 2.57 2.52 2.53 2.52 2.48 2.44 2.43 2.43 2.41 2.38 2.36 2.34 2.30 2.24 2.20 2.17 2.15 2.12 2.06 1.99 1.94 1.90 1.85 1.79 1.73 1.67 1.59 1.47 1.40 1.48 1.53 1.51 1.55 1.65 1.79 1.79 1.61 1.62 1.89 2.04 1.98 1.76 1.49 1.37 1.34 1.33 1.35 1.26 1.23 1.35 1.44 1.44 1.24 1.10 1.22 1.27 1.16 1.06 0.95 0.78 0.66 0.59 0.54 0.53 0.51 0.49 0.43 0.35 0.27 0.24 0.26 0.31 0.33 0.32 0.30 0.28 0.26
3.41 3.26 3.02 2.87 2.99 3.19 2.97 2.57 2.40 2.43 2.45 2.40 2.37 2.37 2.38 2.37 2.32 2.30 2.29 2.24 2.20 2.17 2.13 2.11 2.10 2.04 1.96 1.92 1.88 1.83 1.78 1.73 1.67 1.61 1.50 1.42 1.46 1.50 1.48 1.50 1.58 1.65 1.57 1.47 1.63 1.97 2.03 1.81 1.58 1.35 1.25 1.32 1.37 1.33 1.26 1.30 1.46 1.55 1.43 1.17 1.04 1.13 1.22 1.18 1.04 0.88 0.74 0.63 0.57 0.53 0.52 0.50 0.46 0.39 0.33 0.29 0.28 0.30 0.32 0.34 0.33 0.32 0.30 0.28
3.51 3.23 2.87 2.82 3.06 3.22 3.06 2.71 2.35 2.29 2.34 2.33 2.31 2.30 2.31 2.32 2.29 2.24 2.23 2.20 2.16 2.15 2.09 2.06 2.07 2.02 1.94 1.89 1.86 1.82 1.77 1.72 1.67 1.61 1.53 1.45 1.45 1.47 1.45 1.45 1.50 1.56 1.50 1.42 1.62 1.93 1.90 1.65 1.43 1.19 1.12 1.29 1.39 1.32 1.30 1.43 1.61 1.56 1.29 1.06 0.98 1.04 1.19 1.23 1.04 0.82 0.69 0.59 0.54 0.52 0.50 0.47 0.42 0.36 0.33 0.32 0.32 0.32 0.33 0.34 0.34 0.32 0.30 0.29
3.63 3.20 2.68 2.72 3.08 3.17 3.07 2.92 2.48 2.19 2.19 2.25 2.25 2.23 2.24 2.26 2.25 2.19 2.17 2.16 2.12 2.10 2.06 2.02 2.02 1.98 1.92 1.87 1.84 1.80 1.76 1.71 1.66 1.61 1.55 1.49 1.44 1.42 1.41 1.39 1.44 1.53 1.48 1.40 1.58 1.80 1.70 1.47 1.32 1.15 1.09 1.30 1.39 1.31 1.36 1.59 1.65 1.43 1.15 0.98 0.93 0.99 1.21 1.28 1.01 0.75 0.64 0.55 0.52 0.50 0.48 0.45 0.40 0.36 0.35 0.34 0.33 0.33 0.34 0.35 0.34 0.31 0.28 0.28
3.79 3.19 2.52 2.64 3.02 3.01 2.93 3.03 2.73 2.23 2.07 2.16 2.19 2.17 2.18 2.19 2.19 2.14 2.12 2.12 2.07 2.04 2.02 2.00 1.97 1.93 1.89 1.85 1.82 1.78 1.74 1.69 1.65 1.60 1.55 1.51 1.45 1.41 1.38 1.33 1.39 1.53 1.48 1.38 1.47 1.63 1.48 1.23 1.24 1.21 1.20 1.31 1.36 1.36 1.51 1.69 1.54 1.25 1.06 0.96 0.92 0.99 1.25 1.29 0.95 0.70 0.59 0.52 0.49 0.48 0.46 0.43 0.39 0.36 0.36 0.35 0.33 0.33 0.34 0.35 0.32 0.30 0.28 0.27
3.86 3.31 2.53 2.56 2.97 2.86 2.71 2.99 2.92 2.37 2.04 2.06 2.10 2.11 2.13 2.14 2.12 2.09 2.07 2.06 2.03 1.99 1.97 1.96 1.92 1.88 1.85 1.82 1.79 1.75 1.71 1.67 1.63 1.59 1.55 1.51 1.46 1.41 1.36 1.30 1.35 1.51 1.49 1.34 1.31 1.41 1.29 1.05 1.16 1.27 1.26 1.29 1.33 1.45 1.65 1.67 1.34 1.07 0.98 0.96 0.95 1.04 1.29 1.27 0.90 0.65 0.54 0.48 0.48 0.48 0.45 0.42 0.38 0.37 0.37 0.35 0.33 0.33 0.34 0.34 0.31 0.31 0.31 0.31
3.67 3.47 2.80 2.45 2.81 2.79 2.54 2.83 3.02 2.61 2.13 1.99 2.00 2.03 2.07 2.08 2.05 2.03 2.02 2.01 1.99 1.95 1.93 1.91 1.88 1.84 1.81 1.79 1.76 1.72 1.68 1.65 1.61 1.58 1.54 1.50 1.46 1.41 1.36 1.30 1.33 1.46 1.45 1.28 1.17 1.22 1.15 1.01 1.16 1.25 1.21 1.27 1.34 1.48 1.72 1.59 1.15 0.92 0.92 0.97 1.00 1.10 1.30 1.22 0.86 0.61 0.50 0.44 0.46 0.48 0.44 0.39 0.36 0.37 0.37 0.35 0.33 0.33 0.35 0.34 0.33 0.33 0.35 0.36
3.34 3.46 3.16 2.54 2.57 2.65 2.40 2.52 2.92 2.87 2.35 1.99 1.92 1.94 1.98 2.01 1.99 1.97 1.96 1.95 1.95 1.92 1.88 1.86 1.83 1.80 1.77 1.75 1.72 1.69 1.66 1.62 1.59 1.56 1.52 1.48 1.45 1.41 1.37 1.32 1.33 1.38 1.35 1.23 1.13 1.12 1.08 1.07 1.15 1.14 1.10 1.27 1.35 1.47 1.72 1.48 0.98 0.83 0.90 0.99 1.05 1.16 1.27 1.15 0.81 0.56 0.46 0.42 0.45 0.47 0.40 0.35 0.36 0.38 0.38 0.35 0.33 0.35 0.37 0.36 0.36 0.36 0.36 0.37
3.17 3.30 3.29 2.86 2.56 2.53 2.31 2.19 2.57 2.90 2.60 2.11 1.93 1.88 1.86 1.92 1.94 1.91 1.89 1.88 1.89 1.88 1.85 1.81 1.77 1.75 1.73 1.71 1.68 1.65 1.63 1.60 1.56 1.53 1.50 1.46 1.43 1.39 1.36 1.33 1.31 1.30 1.26 1.20 1.15 1.11 1.08 1.08 1.09 1.01 1.01 1.26 1.33 1.47 1.68 1.32 0.86 0.82 0.92 1.02 1.11 1.19 1.21 1.08 0.77 0.51 0.42 0.40 0.42 0.41 0.36 0.36 0.40 0.40 0.38 0.36 0.36 0.38 0.39 0.38 0.37 0.36 0.35 0.36
3.17 3.17 3.17 3.02 2.78 2.62 2.38 2.09 2.22 2.68 2.63 2.27 2.09 1.93 1.78 1.80 1.87 1.85 1.83 1.81 1.82 1.83 1.81 1.78 1.73 1.70 1.69 1.67 1.64 1.62 1.59 1.56 1.53 1.50 1.47 1.44 1.41 1.38 1.35 1.32 1.29 1.26 1.22 1.18 1.16 1.13 1.08 1.03 1.01 0.92 0.94 1.19 1.31 1.47 1.60 1.18 0.80 0.85 0.99 1.09 1.14 1.15 1.13 1.03 0.75 0.50 0.40 0.38 0.38 0.36 0.37 0.41 0.43 0.41 0.40 0.38 0.40 0.42 0.42 0.41 0.39 0.37 0.35 0.34
3.18 3.10 3.00 2.92 2.83 2.74 2.56 2.23 2.12 2.40 2.39 2.23 2.26 2.15 1.85 1.72 1.75 1.77 1.77 1.76 1.76 1.76 1.76 1.74 1.68 1.65 1.64 1.62 1.60 1.58 1.55 1.53 1.50 1.47 1.44 1.41 1.38 1.35 1.33 1.29 1.26 1.23 1.19 1.16 1.14 1.12 1.05 1.00 0.96 0.88 0.87 1.09 1.31 1.47 1.50 1.10 0.79 0.90 1.07 1.12 1.11 1.08 1.05 0.96 0.75 0.52 0.40 0.35 0.34 0.37 0.42 0.44 0.43 0.42 0.42 0.41 0.43 0.45 0.44 0.41 0.39 0.37 0.36 0.34
3.13 3.05 2.93 2.83 2.73 2.68 2.64 2.43 2.24 2.23 2.10 1.96 2.17 2.34 2.08 1.75 1.65 1.67 1.68 1.69 1.69 1.70 1.71 1.68 1.63 1.61 1.60 1.58 1.56 1.54 1.52 1.49 1.47 1.44 1.41 1.38 1.35 1.33 1.30 1.27 1.24 1.21 1.18 1.14 1.12 1.09 1.04 0.99 0.93 0.86 0.83 1.01 1.30 1.43 1.38 1.05 0.83 0.97 1.11 1.10 1.05 1.01 0.98 0.90 0.73 0.54 0.41 0.33 0.33 0.40 0.45 0.44 0.44 0.45 0.44 0.43 0.45 0.45 0.41 0.38 0.37 0.36 0.36 0.37
3.04 2.99 2.88 2.79 2.69 2.62 2.59 2.53 2.38 2.19 1.96 1.73 1.88 2.26 2.26 1.96 1.70 1.61 1.59 1.60 1.61 1.64 1.65 1.61 1.58 1.56 1.55 1.54 1.52 1.50 1.48 1.45 1.43 1.40 1.38 1.35 1.32 1.30 1.27 1.24 1.21 1.18 1.15 1.12 1.10 1.06 1.03 0.98 0.93 0.87 0.85 0.98 1.24 1.35 1.25 0.99 0.91 1.05 1.10 1.05 0.99 0.93 0.90 0.84 0.71 0.56 0.42 0.30 0.33 0.43 0.46 0.45 0.46 0.46 0.45 0.45 0.46 0.42 0.38 0.35 0.34 0.35 0.36 0.37
2.94 2.91 2.83 2.72 2.67 2.62 2.57 2.55 2.43 2.21 1.94 1.65 1.66 1.95 2.16 2.15 1.92 1.68 1.56 1.50 1.53 1.57 1.58 1.55 1.53 1.52 1.52 1.50 1.48 1.46 1.43 1.41 1.39 1.37 1.34 1.32 1.29 1.27 1.24 1.21 1.19 1.16 1.13 1.10 1.07 1.04 1.01 0.98 0.94 0.89 0.86 0.94 1.14 1.24 1.11 0.94 1.00 1.10 1.06 0.99 0.92 0.85 0.83 0.79 0.69 0.57 0.41 0.29 0.36 0.47 0.47 0.47 0.48 0.47 0.46 0.45 0.43 0.39 0.36 0.35 0.35 0.35 0.35 0.35
2.88 2.84 2.75 2.65 2.59 2.59 2.58 2.55 2.43 2.23 1.97 1.67 1.57 1.65 1.85 2.09 2.08 1.87 1.65 1.48 1.46 1.48 1.49 1.48 1.47 1.48 1.48 1.46 1.43 1.41 1.39 1.37 1.35 1.33 1.31 1.28 1.26 1.23 1.21 1.18 1.16 1.13 1.10 1.07 1.05 1.02 0.99 0.97 0.94 0.90 0.86 0.89 1.06 1.11 0.98 0.93 1.06 1.09 1.01 0.93 0.86 0.81 0.79 0.73 0.65 0.55 0.39 0.33 0.43 0.49 0.48 0.49 0.49 0.48 0.46 0.44 0.40 0.37 0.37 0.36 0.36 0.36 0.36 0.36
2.91 2.79 2.66 2.59 2.50 2.49 2.52 2.52 2.42 2.26 2.04 1.73 1.53 1.49 1.57 1.81 2.00 2.00 1.81 1.58 1.44 1.40 1.40 1.40 1.40 1.44 1.46 1.42 1.38 1.36 1.35 1.33 1.31 1.29 1.27 1.25 1.22 1.20 1.18 1.15 1.13 1.10 1.08 1.05 1.02 1.00 0.98 0.95 0.93 0.90 0.86 0.88 0.99 1.01 0.89 0.91 1.06 1.06 0.96 0.90 0.83 0.78 0.74 0.65 0.59 0.51 0.38 0.41 0.49 0.50 0.49 0.49 0.50 0.48 0.45 0.42 0.40 0.39 0.39 0.39 0.39 0.39 0.40 0.42
2.98 2.79 2.60 2.53 2.46 2.39 2.39 2.42 2.36 2.24 2.10 1.85 1.52 1.41 1.44 1.55 1.75 1.91 1.91 1.74 1.52 1.38 1.34 1.33 1.33 1.38 1.43 1.38 1.33 1.32 1.30 1.28 1.27 1.25 1.23 1.21 1.19 1.17 1.14 1.12 1.10 1.07 1.05 1.02 1.00 0.98 0.96 0.93 0.91 0.89 0.87 0.87 0.92 0.95 0.85 0.86 1.03 1.04 0.94 0.89 0.80 0.69 0.61 0.56 0.56 0.50 0.45 0.50 0.52 0.51 0.50 0.50 0.50 0.47 0.44 0.42 0.42 0.43 0.43 0.43 0.43 0.43 0.44 0.46
2.96 2.81 2.63 2.54 2.45 2.36 2.28 2.31 2.30 2.16 2.09 1.95 1.55 1.33 1.38 1.43 1.50 1.65 1.83 1.84 1.63 1.45 1.36 1.30 1.26 1.31 1.37 1.33 1.30 1.29 1.26 1.24 1.23 1.21 1.19 1.17 1.15 1.13 1.11 1.09 1.07 1.04 1.02 1.00 0.97 0.95 0.93 0.91 0.89 0.88 0.86 0.85 0.88 0.90 0.82 0.82 0.96 1.01 0.93 0.85 0.69 0.51 0.49 0.56 0.59 0.56 0.55 0.55 0.52 0.50 0.50 0.50 0.49 0.45 0.43 0.44 0.45 0.45 0.44 0.44 0.44 0.45 0.47 0.49
2.71 2.78 2.79 2.63 2.46 2.35 2.21 2.23 2.29 2.17 2.07 1.96 1.62 1.31 1.29 1.36 1.38 1.42 1.59 1.75 1.68 1.53 1.45 1.34 1.24 1.25 1.30 1.27 1.26 1.25 1.21 1.19 1.18 1.17 1.15 1.13 1.11 1.10 1.07 1.05 1.03 1.01 0.99 0.97 0.95 0.93 0.91 0.89 0.87 0.86 0.85 0.84 0.84 0.84 0.81 0.82 0.90 0.95 0.90 0.78 0.56 0.43 0.53 0.63 0.64 0.60 0.57 0.53 0.50 0.49 0.49 0.49 0.48 0.45 0.44 0.45 0.44 0.43 0.43 0.44 0.47 0.50 0.54 0.57
2.15 2.60 2.98 2.85 2.66 2.39 2.10 2.13 2.31 2.29 2.11 1.87 1.65 1.43 1.24 1.26 1.33 1.33 1.39 1.54 1.57 1.53 1.52 1.43 1.29 1.24 1.23 1.23 1.22 1.21 1.17 1.15 1.14 1.13 1.11 1.10 1.08 1.06 1.04 1.02 1.00 0.98 0.96 0.94 0.92 0.90 0.88 0.87 0.85 0.84 0.82 0.81 0.81 0.80 0.79 0.80 0.84 0.85 0.82 0.72 0.53 0.49 0.61 0.66 0.63 0.59 0.54 0.49 0.48 0.49 0.48 0.48 0.47 0.45 0.44 0.43 0.43 0.43 0.45 0.49 0.54 0.57 0.58 0.56
1.45 2.13 2.82 2.98 3.04 2.71 2.10 2.08 2.41 2.44 2.15 1.80 1.64 1.50 1.29 1.20 1.28 1.31 1.30 1.35 1.38 1.40 1.47 1.47 1.36 1.26 1.23 1.23 1.19 1.16 1.13 1.10 1.10 1.08 1.07 1.06 1.04 1.02 1.00 0.98 0.97 0.95 0.93 0.91 0.89 0.87 0.86 0.84 0.83 0.81 0.80 0.79 0.78 0.77 0.77 0.77 0.77 0.75 0.74 0.68 0.56 0.56 0.63 0.64 0.61 0.56 0.51 0.48 0.48 0.49 0.47 0.46 0.45 0.42 0.40 0.40 0.41 0.42 0.45 0.49 0.52 0.52 0.49 0.43
1.17 1.55 2.16 2.54 2.92 2.89 2.33 2.11 2.54 2.67 2.26 1.90 1.74 1.58 1.41 1.30 1.29 1.32 1.27 1.23 1.25 1.29 1.35 1.38 1.31 1.25 1.33 1.32 1.21 1.13 1.09 1.05 1.05 1.04 1.03 1.02 1.00 0.99 0.97 0.95 0.93 0.92 0.90 0.88 0.86 0.85 0.83 0.82 0.80 0.79 0.77 0.76 0.75 0.74 0.73 0.72 0.71 0.70 0.68 0.64 0.58 0.58 0.61 0.61 0.57 0.52 0.49 0.49 0.49 0.47 0.45 0.43 0.43 0.41 0.39 0.39 0.38 0.40 0.43 0.47 0.47 0.43 0.40 0.38
1.48 1.59 1.82 2.07 2.41 2.56 2.16 1.87 2.33 2.66 2.30 1.94 1.87 1.74 1.57 1.45 1.39 1.39 1.31 1.19 1.18 1.21 1.26 1.28 1.12 1.11 1.38 1.44 1.25 1.13 1.07 1.02 1.00 0.98 0.98 0.98 0.97 0.95 0.93 0.91 0.90 0.88 0.87 0.85 0.83 0.82 0.80 0.79 0.77 0.76 0.75 0.74 0.72 0.71 0.70 0.69 0.68 0.66 0.64 0.61 0.58 0.57 0.57 0.55 0.51 0.48 0.48 0.47 0.45 0.42 0.41 0.43 0.43 0.41 0.39 0.38 0.38 0.39 0.42 0.43 0.41 0.37 0.37 0.41
1.87 1.83 1.86 1.97 2.14 2.19 1.91 1.70 2.07 2.43 2.06 1.75 1.72 1.66 1.58 1.47 1.42 1.45 1.40 1.26 1.18 1.17 1.21 1.19 0.97 0.93 1.30 1.48 1.33 1.16 1.07 1.01 0.96 0.93 0.92 0.93 0.92 0.91 0.89 0.88 0.86 0.85 0.83 0.82 0.81 0.79 0.78 0.76 0.75 0.73 0.72 0.71 0.70 0.69 0.67 0.66 0.64 0.63 0.61 0.59 0.57 0.55 0.54 0.51 0.48 0.47 0.45 0.42 0.40 0.39 0.40 0.42 0.40 0.37 0.36 0.37 0.38 0.40 0.40 0.38 0.34 0.35 0.37 0.44
2.13 2.06 1.98 1.94 1.97 2.01 1.88 1.75 1.98 2.15 1.82 1.63 1.58 1.49 1.45 1.37 1.32 1.37 1.39 1.31 1.23 1.19 1.18 1.12 0.92 0.84 1.12 1.39 1.37 1.22 1.10 1.02 0.96 0.90 0.88 0.89 0.88 0.86 0.86 0.85 0.83 0.82 0.80 0.79 0.78 0.76 0.75 0.74 0.72 0.71 0.70 0.69 0.67 0.66 0.65 0.63 0.62 0.60 0.58 0.57 0.55 0.53 0.52 0.49 0.47 0.45 0.42 0.40 0.38 0.37 0.37 0.36 0.33 0.30 0.32 0.34 0.36 0.38 0.37 0.35 0.34 0.35 0.39 0.48
2.35 2.24 2.04 1.90 1.90 1.93 1.87 1.81 1.86 1.82 1.68 1.60 1.51 1.41 1.36 1.29 1.24 1.27 1.28 1.24 1.22 1.21 1.17 1.09 0.92 0.82 0.99 1.22 1.31 1.25 1.12 1.03 0.99 0.92 0.85 0.84 0.83 0.82 0.82 0.81 0.80 0.78 0.77 0.76 0.75 0.73 0.72 0.71 0.70 0.69 0.67 0.66 0.65 0.64 0.62 0.61 0.59 0.58 0.56 0.55 0.53 0.51 0.49 0.47 0.45 0.43 0.41 0.39 0.37 0.35 0.32 0.29 0.27 0.26 0.29 0.31 0.33 0.34 0.35 0.35 0.36 0.38 0.42 0.50
2.59 2.42 2.08 1.85 1.86 1.88 1.82 1.79 1.73 1.61 1.56 1.52 1.44 1.37 1.30 1.22 1.20 1.22 1.20 1.15 1.14 1.16 1.14 1.08 0.93 0.82 0.91 1.07 1.19 1.22 1.13 1.03 1.01 0.95 0.85 0.79 0.78 0.78 0.78 0.77 0.76 0.75 0.74 0.73 0.72 0.71 0.69 0.68 0.67 0.66 0.65 0.64 0.63 0.61 0.60 0.59 0.57 0.56 0.54 0.53 0.51 0.50 0.48 0.46 0.44 0.42 0.40 0.39 0.37 0.34 0.31 0.29 0.27 0.27 0.29 0.31 0.33 0.34 0.34 0.36 0.40 0.43 0.45 0.52
2.80 2.58 2.17 1.86 1.80 1.83 1.75 1.68 1.61 1.50 1.45 1.41 1.35 1.31 1.25 1.17 1.14 1.17 1.15 1.09 1.07 1.08 1.08 1.05 0.94 0.82 0.85 0.96 1.07 1.15 1.11 1.04 1.00 0.95 0.84 0.77 0.75 0.76 0.75 0.74 0.72 0.72 0.71 0.70 0.69 0.68 0.67 0.66 0.65 0.64 0.63 0.62 0.60 0.59 0.58 0.57 0.55 0.54 0.52 0.51 0.49 0.48 0.46 0.45 0.43 0.41 0.39 0.38 0.36 0.34 0.32 0.31 0.30 0.29 0.29 0.30 0.32 0.34 0.36 0.38 0.41 0.43 0.46 0.50
