windninja/windninja_output/Output_2025-10-23_2200-2250_Google earth_Fire_150m_10min/merlingen_7.5mi_point_10-23-2025_2200_150m_ang.asc
ncols	158
nrows	163
xllcorner	391686.332397
yllcorner	5160024.123721
cellsize	150.000000
NODATA_value	-32768.000000
[rows 0 to 41 of 163, columns 0 to 94 of 158]
25 24 22 19 18 18 17 15 15 14 14 13 13 15 18 21 22 19 15 13 8 4 5 7 9 8 7 4 3 4 4 4 4 2 0 1 2 360 357 355 354 354 354 353 351 350 349 347 345 347 349 349 349 350 350 349 347 344 342 341 341 341 340 338 337 337 336 335 334 334 334 333 331 329 327 327 327 324 321 321 321 319 315 312 311 308 304 300 298 295 291 289 288 285 279
26 25 21 19 18 19 19 18 17 16 14 12 12 15 18 21 20 15 11 10 6 2 2 7 10 10 8 5 4 5 6 5 5 3 1 2 2 0 358 357 355 355 355 354 352 352 351 349 346 346 347 347 348 349 349 349 347 345 343 342 342 341 340 339 338 337 336 335 334 334 334 334 332 330 328 328 328 325 323 323 323 321 316 314 312 310 309 305 301 298 295 293 292 289 287
24 23 20 18 19 19 20 20 17 14 10 9 10 13 17 19 16 12 10 9 6 1 359 5 11 12 10 7 6 8 8 6 5 3 1 1 2 1 359 358 356 355 355 353 353 352 352 352 350 348 346 347 348 349 349 348 346 345 344 344 343 342 341 340 339 339 337 335 333 334 335 335 333 331 330 331 331 327 325 326 328 324 319 318 315 315 318 315 311 308 305 303 303 302 302
18 20 19 18 18 17 16 15 12 9 8 7 9 11 14 17 15 13 12 12 10 4 359 1 8 11 11 9 8 9 9 8 5 2 1 1 1 1 0 358 356 356 354 353 352 352 352 353 354 352 350 350 351 351 349 348 346 345 344 344 344 343 342 341 340 339 337 335 333 334 336 335 332 330 330 330 330 327 325 328 331 327 322 322 317 317 323 323 320 319 317 314 313 314 314
10 15 19 18 18 15 12 10 9 10 10 8 8 10 12 15 16 15 16 16 14 8 1 359 3 7 9 9 9 8 9 9 7 3 1 1 2 1 359 356 355 355 354 353 353 353 353 354 354 354 354 353 352 351 350 348 346 345 344 343 343 343 342 341 340 339 338 335 333 335 336 334 331 330 330 329 326 324 325 328 330 326 322 323 319 317 322 324 323 324 324 323 323 324 323
9 12 16 18 17 14 11 10 10 12 12 9 7 9 12 15 19 20 20 19 17 11 2 356 358 2 6 8 8 8 8 8 7 6 5 3 1 359 357 357 356 354 353 354 354 355 355 355 354 355 356 356 353 352 350 349 347 345 344 343 343 343 343 342 341 340 338 335 334 337 338 334 331 331 333 331 327 325 325 328 328 324 320 321 319 317 320 321 319 322 324 324 327 328 327
13 13 13 15 15 14 13 13 13 13 11 8 6 8 13 16 19 22 21 19 18 14 5 356 354 358 3 6 6 7 7 6 6 7 6 4 1 359 358 358 357 356 355 355 356 356 356 355 355 356 357 357 355 353 351 348 346 345 344 343 344 345 345 344 342 341 339 336 335 338 339 336 333 334 335 333 331 328 330 332 327 324 323 321 319 317 317 317 316 317 317 317 320 323 323
15 15 13 13 14 15 16 17 16 13 10 6 5 7 14 17 18 20 20 19 18 16 10 0 353 355 0 2 4 6 6 5 6 7 6 3 1 1 1 1 360 359 358 358 357 356 356 356 356 357 357 356 355 355 352 348 346 344 343 343 343 345 346 346 344 342 339 336 335 338 338 335 335 337 336 333 330 330 335 333 324 322 325 324 323 321 320 319 318 316 313 312 312 313 318
15 16 16 14 15 17 19 19 17 13 9 5 2 5 13 17 18 18 20 19 18 17 14 7 358 354 357 1 3 5 5 4 6 7 5 4 4 4 4 4 3 2 1 359 358 357 356 356 356 357 357 355 354 355 351 348 346 345 343 342 343 343 344 345 345 343 339 336 337 339 336 333 333 335 335 333 329 331 337 331 321 320 324 326 326 326 326 326 326 326 324 322 319 320 322
16 17 18 17 16 17 19 18 16 12 9 5 1 2 11 17 18 17 18 18 18 17 15 10 4 357 356 1 4 4 4 4 5 7 7 6 7 7 7 7 6 4 1 360 358 358 357 356 356 356 356 355 354 352 348 346 344 343 343 342 342 340 340 341 340 338 337 336 338 339 336 332 331 333 334 333 329 331 336 331 325 323 325 325 323 324 325 325 328 332 332 329 326 326 324
17 18 18 18 17 17 17 16 14 12 9 6 2 1 8 16 18 17 16 16 17 17 15 12 8 3 360 2 4 4 5 6 6 7 8 10 10 10 9 8 6 5 3 2 1 359 357 357 357 356 354 353 352 348 345 343 342 340 340 340 338 334 335 334 330 329 330 332 338 339 334 332 332 334 335 334 329 329 331 329 328 327 327 325 321 321 321 319 322 329 330 325 323 326 322
18 18 19 19 18 17 17 16 15 13 11 8 4 3 7 13 16 17 16 15 16 17 17 15 11 9 6 5 6 6 8 9 9 8 10 12 12 11 9 8 7 6 5 5 4 2 360 360 1 358 352 349 346 341 337 335 335 334 333 332 324 319 320 320 318 317 319 324 333 334 331 331 333 336 339 338 335 333 331 329 328 329 330 328 325 325 323 317 319 328 325 317 317 322 318
19 19 19 19 19 18 17 16 16 14 12 10 7 5 8 12 14 15 16 15 15 16 18 18 17 16 13 11 10 10 10 11 10 10 12 14 13 11 9 9 8 7 7 7 7 8 9 11 10 2 353 346 339 328 320 319 322 325 326 315 301 298 300 300 301 302 304 312 324 327 327 329 331 334 337 337 336 334 333 333 331 329 329 327 326 327 324 318 321 329 323 313 313 318 313
21 21 20 20 19 18 18 17 17 15 14 12 9 9 11 15 16 13 15 16 16 18 20 23 23 21 17 14 13 12 13 12 12 12 13 14 13 11 10 10 10 11 14 15 16 18 19 19 16 10 2 354 346 331 313 305 306 314 324 319 312 310 308 305 301 296 295 300 310 318 323 325 327 330 332 331 329 328 329 331 329 326 325 323 322 324 321 315 318 323 318 308 306 307 302
22 22 21 20 19 19 19 18 17 16 15 13 10 9 13 17 18 13 13 17 19 21 24 26 25 22 17 16 15 15 16 15 13 13 12 12 14 15 15 17 21 28 34 35 31 29 23 15 12 13 9 2 356 348 340 332 328 332 337 333 328 325 324 325 322 313 308 305 305 311 318 321 322 325 328 326 322 320 320 320 320 321 320 317 317 317 314 310 309 310 304 294 288 288 288
23 23 22 21 21 20 20 19 19 17 16 14 11 7 10 17 19 16 14 17 21 22 23 25 24 21 17 17 18 17 16 14 13 14 14 17 23 27 30 34 40 40 36 29 22 20 16 8 6 8 6 2 357 352 351 352 351 348 344 336 331 330 330 334 333 327 322 318 314 315 316 313 314 319 323 323 321 318 317 315 316 316 313 309 308 306 301 297 295 293 290 284 281 281 282
24 23 23 22 22 21 20 20 19 18 17 15 13 8 8 15 20 20 18 18 20 21 22 23 23 22 19 17 18 16 15 16 18 23 29 35 38 40 38 37 33 25 19 17 16 13 11 10 4 357 358 359 356 353 353 356 357 354 347 338 333 332 333 337 335 329 326 324 322 323 319 311 306 312 319 321 322 321 318 315 314 313 307 302 296 290 284 278 280 289 294 292 289 287 287
25 24 24 23 22 22 21 20 20 19 18 17 15 12 9 14 21 22 22 21 22 22 23 23 24 24 22 19 18 18 20 23 28 33 36 35 32 29 26 24 21 18 16 16 16 13 9 7 2 355 353 354 354 354 355 355 355 353 348 341 336 335 337 339 334 329 327 326 326 325 323 320 314 313 316 318 322 320 314 309 305 303 299 292 284 279 277 278 286 295 300 297 294 293 292
26 25 25 24 23 22 22 21 20 20 19 19 17 15 14 16 22 24 25 26 26 25 25 25 26 27 25 22 21 24 27 30 31 31 31 30 28 25 23 21 20 19 18 17 16 12 6 1 359 358 354 352 353 355 355 353 351 350 347 342 338 337 339 338 334 329 327 327 327 324 325 328 324 319 318 315 313 308 298 290 289 289 289 291 291 290 292 294 294 298 303 301 297 296 296
27 26 25 24 24 23 23 22 22 21 21 20 19 18 18 19 23 26 27 28 27 26 25 26 26 26 26 25 25 26 29 30 31 32 33 33 30 26 21 19 18 17 17 16 13 9 4 0 359 359 357 354 351 351 350 350 350 349 346 342 339 337 337 335 331 327 325 327 327 326 329 332 329 326 325 322 313 300 290 288 290 293 298 304 304 301 300 299 296 298 307 310 301 297 297
28 27 26 25 25 24 24 23 23 22 22 22 21 20 20 22 24 25 26 26 26 25 25 25 25 26 27 27 27 27 27 28 30 31 29 27 25 20 17 16 17 17 17 16 11 7 5 4 1 358 358 355 351 347 346 346 347 348 346 344 342 338 334 333 330 327 327 327 327 329 333 335 331 327 328 331 329 320 311 305 304 306 308 310 310 305 301 298 296 300 309 316 305 298 298
29 28 27 26 25 25 25 24 24 23 22 23 23 22 22 23 24 24 25 26 26 25 25 25 26 27 28 28 28 27 27 26 26 25 22 20 20 19 17 17 19 19 18 15 11 9 7 5 1 359 357 355 352 348 345 344 343 344 346 346 345 338 334 333 329 327 328 328 328 331 336 336 330 324 325 332 336 331 324 317 313 312 310 311 314 310 306 302 300 303 311 321 313 302 302
29 29 28 27 26 25 25 25 25 24 23 23 24 23 23 24 24 24 25 26 25 25 25 26 26 27 28 29 28 28 26 22 21 22 21 21 23 24 22 21 20 19 17 16 14 10 5 3 1 360 357 355 353 351 347 344 342 342 344 347 344 337 332 331 329 329 330 330 332 336 338 336 329 323 326 333 337 333 327 323 320 319 315 314 316 314 312 308 304 306 314 326 319 305 303
30 30 28 28 27 26 26 26 26 25 24 24 24 25 24 24 24 25 26 26 25 25 26 26 26 28 29 30 31 30 26 21 21 24 26 27 28 29 26 23 19 18 18 17 12 7 5 5 3 0 358 356 354 351 348 345 343 342 344 345 342 336 329 327 328 330 332 333 336 339 338 334 325 323 328 336 337 330 325 324 323 323 320 318 318 316 315 310 305 306 314 328 318 304 302
31 30 29 29 28 27 27 27 27 26 25 25 25 26 25 25 25 25 26 26 26 26 26 26 26 28 30 33 35 33 28 24 23 26 29 30 30 30 27 22 18 16 16 13 8 7 8 8 6 2 358 356 353 350 349 347 345 344 345 343 339 332 326 325 327 329 331 334 337 336 332 326 322 324 331 339 335 326 323 323 322 323 325 324 320 317 314 308 303 304 315 329 317 305 302
32 32 30 30 29 28 27 27 28 27 27 26 26 26 26 26 26 26 27 27 26 27 27 26 26 28 31 34 36 35 31 28 25 25 26 28 30 30 26 21 17 14 11 8 9 12 13 10 7 3 359 356 352 348 346 346 348 349 348 342 334 327 326 329 333 334 335 340 341 333 324 320 321 326 336 344 334 323 322 323 323 323 327 327 323 321 320 315 306 305 317 331 320 309 305
33 32 31 30 29 28 28 28 28 28 27 27 27 27 27 27 27 27 28 27 27 27 26 26 26 26 28 33 36 36 34 32 29 25 25 26 27 29 25 19 15 12 8 7 10 12 12 11 7 3 1 359 353 347 344 347 353 355 350 341 330 323 324 331 338 341 345 349 345 332 321 319 322 328 340 347 335 322 322 323 322 321 325 325 323 323 326 321 310 308 318 330 322 312 308
34 33 32 31 30 29 29 29 29 29 28 28 28 28 28 28 28 28 28 28 27 26 26 25 25 24 25 30 34 34 35 35 33 29 26 25 25 27 25 19 14 10 6 7 9 9 9 10 8 3 2 360 356 349 345 350 358 357 348 339 329 323 323 330 337 343 350 352 342 328 320 320 325 331 342 347 335 322 322 324 321 320 321 320 317 318 324 321 311 309 317 325 322 314 310
34 34 33 32 31 30 30 30 30 29 29 30 30 29 29 29 29 29 28 28 27 27 26 25 24 21 22 26 29 31 33 35 33 30 26 19 19 22 22 17 11 8 6 6 6 6 7 9 9 4 360 359 357 353 351 354 357 352 344 335 329 327 330 335 339 345 352 349 334 323 320 324 330 336 344 344 331 318 318 321 321 321 319 315 310 309 312 313 308 307 313 320 320 314 311
35 35 34 33 32 31 31 31 31 30 30 30 30 30 30 30 30 29 29 28 28 28 27 25 23 19 18 22 25 26 29 33 33 29 20 12 12 15 16 12 8 6 6 6 5 5 6 5 4 2 1 359 358 357 357 358 355 348 340 331 327 330 338 342 343 344 348 342 326 319 319 325 334 340 345 341 330 318 312 314 319 321 317 311 305 304 307 308 307 306 308 312 315 313 309
37 36 34 33 33 32 32 31 31 31 31 31 31 31 31 31 30 30 29 29 29 28 27 25 22 19 18 21 24 26 30 34 32 26 16 9 9 11 12 9 6 6 7 7 7 6 4 0 359 1 2 360 360 1 2 3 358 346 335 327 325 331 341 345 341 339 341 334 319 313 316 322 329 335 341 339 334 325 315 312 317 322 318 311 309 310 311 309 307 304 302 302 305 305 302
38 36 34 34 34 33 32 32 32 32 32 32 33 33 32 32 31 31 30 30 29 28 27 25 22 19 18 20 24 29 34 34 30 25 18 10 8 9 9 9 8 8 9 10 10 7 2 358 358 1 2 1 2 4 6 7 1 347 332 325 327 338 348 347 337 333 336 330 316 310 314 319 322 329 337 339 337 330 319 315 319 325 321 314 311 309 307 303 299 296 293 291 291 295 297
39 37 35 35 36 34 32 33 33 33 33 33 33 33 33 33 33 32 31 30 30 29 27 25 23 20 18 18 20 24 27 27 27 28 23 11 7 9 10 11 13 13 12 12 11 8 4 1 3 4 2 1 1 3 7 6 358 349 337 327 329 343 354 349 336 331 333 329 318 313 319 324 325 331 338 339 339 332 322 316 320 327 321 315 310 306 301 298 294 291 289 286 286 289 296
39 38 36 36 37 35 34 34 34 34 34 34 34 34 35 34 33 33 32 31 31 29 27 25 24 21 18 17 15 17 21 25 27 30 27 11 3 9 13 15 17 16 14 14 14 10 7 8 9 7 4 1 359 1 4 0 352 347 342 336 335 344 352 348 337 332 331 326 318 317 324 328 329 334 339 339 338 333 326 321 323 326 320 316 315 312 306 303 301 297 292 290 289 292 299
38 38 36 37 38 36 34 34 36 36 35 36 36 36 36 35 34 34 33 32 31 30 27 25 24 22 20 17 14 16 22 27 28 29 26 15 4 10 16 17 19 20 19 21 20 15 13 13 11 8 6 3 1 360 358 353 346 341 340 339 340 345 350 346 338 334 330 325 318 318 325 330 331 335 337 336 334 329 324 322 325 327 322 316 318 318 312 309 308 304 299 298 297 298 302
39 38 37 38 38 36 35 35 37 37 36 37 37 37 37 36 36 35 34 33 32 30 29 27 25 23 21 18 17 19 23 26 25 25 24 20 13 14 20 23 25 27 27 26 23 18 16 13 10 8 7 4 2 359 354 349 345 340 337 335 337 344 347 343 338 334 330 325 319 318 324 328 329 332 333 332 331 324 317 315 318 323 320 313 314 318 315 312 314 312 307 304 300 297 299
40 40 39 39 39 37 37 37 38 38 38 38 38 38 38 37 37 36 35 34 33 32 31 29 26 24 21 19 20 22 21 19 20 23 26 25 22 22 27 32 33 32 29 26 21 18 15 11 10 9 6 2 1 357 353 350 349 346 341 336 335 340 343 340 336 332 328 324 321 322 323 319 318 324 328 331 331 327 318 313 314 315 313 307 307 314 318 316 315 315 311 306 300 296 300
41 41 41 41 40 39 38 39 39 40 40 39 39 39 39 38 38 37 36 35 34 33 32 29 27 24 21 18 18 18 16 15 19 26 29 29 28 32 36 36 34 31 27 23 19 16 14 11 11 9 3 359 359 356 352 350 350 350 347 341 339 340 341 339 335 328 321 319 322 328 326 317 317 324 331 332 332 334 327 318 318 317 313 308 305 311 322 322 315 314 312 306 300 300 304
42 42 42 41 41 40 40 41 41 41 41 40 40 40 40 40 39 38 37 36 35 34 32 30 28 25 20 16 14 16 17 18 22 26 29 31 33 38 38 34 30 27 23 19 16 14 10 8 8 6 1 358 358 358 354 350 350 351 350 347 345 346 345 343 339 327 316 314 321 331 328 324 325 331 338 332 330 338 333 324 326 325 318 311 305 310 324 327 319 315 313 307 301 299 302
44 45 44 43 42 42 42 43 43 43 42 42 41 42 41 41 40 39 38 37 36 34 33 32 29 25 21 15 14 19 22 22 23 25 30 33 32 33 34 32 29 24 19 15 13 12 9 6 5 4 1 357 356 356 354 352 351 351 351 349 350 354 355 350 343 330 315 313 321 327 325 325 329 338 341 328 329 342 339 330 333 333 322 311 303 306 318 326 322 317 315 307 299 297 298
45 47 45 44 44 44 44 45 45 44 43 43 42 42 42 41 40 40 39 38 37 35 34 32 30 26 23 19 19 23 25 23 22 27 32 33 30 29 29 28 26 21 16 12 10 9 8 5 2 2 0 354 351 350 352 353 352 351 350 349 353 0 2 355 344 332 319 317 323 324 324 325 327 338 335 325 332 347 343 334 337 338 328 315 306 305 315 324 324 319 316 305 296 292 295
45 46 45 45 45 45 45 46 46 45 44 44 43 43 43 42 41 40 40 38 37 36 34 33 31 28 26 23 21 23 25 23 23 26 28 29 29 28 25 22 19 15 14 12 7 4 4 4 3 1 358 353 349 347 349 351 353 352 350 352 357 2 360 353 346 335 325 324 326 327 329 328 327 333 328 324 336 351 347 338 335 335 326 318 313 313 320 326 324 319 314 303 292 288 294
