windninja/windninja_output/Output_2025-10-23_2200-2250_Google earth_Fire_150m_10min/merlingen_7.5mi_point_10-23-2025_2240_150m_ang.asc
ncols	158
nrows	163
xllcorner	391686.332397
yllcorner	5160024.123721
cellsize	150.000000
NODATA_value	-32768.000000
[rows 42 to 83 of 163, columns 0 to 93 of 158]
87 87 88 90 90 92 93 93 92 93 94 94 94 94 94 94 94 94 95 95 96 96 97 97 98 100 101 104 106 106 104 101 101 100 99 98 96 98 100 100 98 96 95 99 104 105 102 100 101 105 105 105 109 112 110 105 104 106 107 107 111 123 134 147 163 171 179 191 199 206 210 215 217 211 217 222 208 191 197 211 218 222 228 235 240 238 230 228 234 240 245 246 246 251
87 88 89 91 93 94 95 95 94 94 95 95 95 95 95 95 95 95 96 96 97 97 98 98 99 100 101 103 106 106 104 102 102 104 106 107 107 105 104 102 98 95 96 100 100 98 96 95 99 103 105 103 104 107 107 105 103 104 107 109 115 124 132 142 158 171 179 189 200 203 205 211 213 210 215 217 205 194 199 211 219 225 233 241 241 233 226 230 236 241 245 246 250 255
87 88 90 92 95 95 95 96 96 96 96 97 97 97 97 97 97 97 97 97 98 98 99 99 99 100 102 103 105 105 104 104 104 106 109 113 112 108 103 100 98 98 99 98 95 92 93 97 102 107 107 104 102 104 104 103 104 105 109 115 122 128 134 142 151 166 181 191 199 202 204 211 213 214 217 215 204 196 203 215 224 231 238 242 238 228 227 233 238 243 246 250 258 259
87 88 91 94 95 96 96 97 98 97 98 98 98 98 98 98 98 98 99 99 99 99 99 100 101 101 103 103 104 105 105 105 106 108 111 114 113 109 104 103 103 102 99 96 92 92 96 102 107 108 105 101 98 99 100 101 103 108 114 121 127 133 140 147 153 165 183 197 201 205 211 217 220 222 222 217 204 199 208 218 226 235 241 241 234 229 230 235 239 243 247 255 262 260
88 90 93 94 95 96 98 99 99 99 99 99 100 99 99 100 100 100 99 100 100 100 100 101 102 102 102 103 104 105 106 106 107 109 112 113 113 111 110 109 107 103 99 94 92 97 103 107 108 106 101 97 95 96 100 102 106 113 119 126 133 138 144 150 159 172 189 203 205 209 218 223 227 227 224 217 206 201 210 221 231 238 241 239 234 232 234 236 238 242 247 257 261 257
89 91 93 93 93 96 99 100 100 101 101 101 101 101 101 101 101 101 101 101 101 101 101 102 102 103 103 103 104 105 106 107 107 109 112 113 113 113 113 111 109 106 100 95 96 103 107 107 105 101 99 95 94 97 102 107 112 118 124 130 136 139 144 151 164 180 197 208 209 211 219 225 228 227 223 217 209 207 216 228 237 240 240 237 235 234 236 237 239 242 248 254 256 252
89 91 92 92 92 95 99 102 103 102 102 102 102 102 102 102 102 102 102 102 101 102 102 102 103 103 104 104 105 106 106 107 108 109 112 114 114 113 113 112 111 108 102 100 103 107 108 106 102 99 96 94 96 100 105 112 118 123 128 134 139 141 145 155 170 189 202 209 211 214 220 224 226 225 221 217 214 214 222 232 237 239 238 235 233 234 235 236 240 244 247 249 250 247
90 91 91 91 92 95 98 103 105 104 103 103 103 103 103 103 103 103 103 103 103 103 104 104 104 104 105 105 106 106 107 108 109 110 112 114 115 114 114 114 112 109 107 108 109 108 106 103 100 97 95 97 102 108 114 119 122 126 130 136 141 144 151 164 178 193 203 208 212 216 220 223 223 222 219 216 215 216 222 229 234 236 236 234 233 234 234 236 241 243 243 244 245 244
91 91 91 90 93 96 97 101 106 107 105 104 105 105 104 103 104 104 104 104 104 104 105 105 105 105 106 106 106 107 107 108 109 110 112 114 115 115 115 114 112 111 112 114 112 108 104 101 98 95 96 102 109 115 120 124 126 127 130 135 140 148 159 172 186 197 204 209 213 217 221 223 222 220 218 216 215 216 221 228 233 235 234 234 235 236 236 239 242 242 241 241 241 241
91 92 92 93 96 97 97 98 104 108 107 106 106 106 105 105 105 105 105 105 105 105 105 106 106 106 106 107 107 108 108 109 110 111 112 113 115 115 115 115 114 113 114 116 114 109 104 100 96 97 105 111 114 118 122 124 125 126 131 138 144 154 166 180 193 200 204 208 213 217 221 222 220 219 218 218 216 216 221 227 231 234 236 237 238 239 240 242 242 241 239 239 239 239
91 92 95 97 98 99 97 96 101 107 109 107 106 106 106 106 106 106 106 106 106 106 106 106 107 107 107 107 108 108 109 110 110 111 112 113 114 116 116 117 116 114 115 118 115 109 105 102 103 110 118 120 120 122 124 123 123 126 133 142 150 160 173 189 199 201 203 208 213 217 219 219 217 217 219 220 219 219 224 229 230 232 237 241 244 245 244 244 243 241 238 238 237 238
89 91 98 101 100 100 99 97 98 104 108 109 108 107 107 107 107 107 107 107 107 107 107 107 108 108 108 108 109 109 110 110 111 112 112 113 114 116 117 119 118 116 116 118 117 111 108 112 115 118 121 121 122 124 123 122 124 130 137 147 155 164 179 196 201 201 202 206 212 216 216 215 214 216 220 221 220 223 230 232 230 232 236 238 242 246 248 245 242 239 238 238 236 237
88 90 98 105 101 100 101 97 95 99 106 109 109 108 108 108 108 108 108 108 108 108 109 109 109 109 109 109 110 110 111 111 112 112 113 114 115 116 117 119 120 117 116 116 117 114 114 119 121 120 121 121 122 123 121 122 128 137 145 152 159 169 186 200 202 201 200 202 209 212 212 212 215 218 221 222 221 226 232 232 231 233 234 233 234 240 244 245 241 238 238 239 240 241
89 89 93 101 102 100 101 98 94 95 102 109 110 110 110 109 109 109 109 109 109 109 109 110 110 110 110 110 111 111 112 112 113 113 114 115 115 116 117 119 119 117 115 115 117 119 120 123 123 122 124 123 124 124 121 123 133 144 151 155 162 174 192 204 205 202 200 200 207 212 211 213 218 220 222 221 222 227 231 231 230 233 234 232 232 234 234 235 237 239 242 245 247 253
91 91 90 94 98 100 102 103 98 95 99 105 110 111 112 110 110 110 110 110 110 110 110 111 111 111 111 112 112 112 113 113 114 114 115 115 116 117 118 119 119 118 117 118 120 122 124 125 124 124 127 125 125 125 123 126 140 149 154 157 163 177 197 209 210 205 202 202 208 214 214 216 218 219 221 220 222 228 230 229 230 233 234 233 232 232 229 228 230 237 248 255 264 272
92 92 91 91 94 97 101 106 105 100 100 102 106 110 113 113 111 111 111 111 111 111 111 112 112 113 113 113 113 113 114 114 115 115 116 116 117 118 118 119 119 120 120 121 122 123 124 125 125 127 129 126 126 126 124 130 146 153 156 159 167 183 202 214 215 208 202 203 208 213 214 216 218 219 219 219 222 228 228 226 227 230 232 233 234 234 232 230 230 237 250 267 281 283
92 92 92 92 93 94 98 104 108 106 104 102 101 104 111 114 114 113 113 113 113 112 112 113 113 114 114 114 114 115 115 115 116 117 117 118 118 119 119 120 121 121 122 123 123 123 124 125 125 128 131 129 128 127 127 135 148 153 156 161 172 190 205 216 217 211 203 200 204 210 213 215 218 219 219 219 223 227 225 223 224 227 230 232 234 235 235 236 238 247 263 275 282 283
91 92 92 93 94 95 96 101 107 108 106 105 101 101 106 113 115 115 114 114 114 114 114 114 114 115 115 115 116 116 116 117 117 118 118 119 120 120 121 121 122 123 123 124 125 125 126 127 128 130 133 133 130 129 131 140 150 153 157 164 177 193 207 217 219 213 204 197 201 211 214 215 218 220 219 220 225 226 223 222 223 226 228 228 230 233 235 240 250 265 276 277 278 277
91 91 92 92 94 96 97 100 103 106 108 111 108 104 104 108 113 116 117 116 116 116 115 116 116 116 116 116 117 117 118 118 119 119 120 120 121 122 122 123 124 125 125 126 127 128 128 129 131 133 135 136 132 130 134 145 152 155 160 170 182 196 209 219 220 215 206 196 204 215 216 216 220 221 220 222 226 224 222 223 224 226 228 228 229 232 238 248 264 276 278 274 272 265
92 92 92 93 94 95 97 100 102 105 109 115 115 110 104 104 109 115 118 119 118 117 117 117 117 117 117 118 118 119 119 120 120 121 121 122 123 123 124 125 126 126 127 128 129 130 131 132 134 135 137 137 133 131 136 147 154 157 166 175 188 201 211 218 220 217 207 199 208 216 217 218 222 222 221 223 225 222 221 222 223 226 229 230 232 237 248 261 272 278 276 270 262 249
93 93 93 94 95 96 98 100 102 105 109 115 117 115 110 105 106 110 115 119 120 119 118 118 118 118 118 119 120 120 121 121 122 122 123 124 124 125 126 127 128 129 130 130 132 133 134 135 137 138 139 139 136 134 141 152 158 163 173 183 193 203 210 215 219 217 207 204 211 217 218 220 224 223 222 223 223 222 220 221 223 226 229 234 238 247 262 274 278 276 271 262 250 241
94 94 95 96 98 100 100 101 101 103 107 113 117 118 116 111 108 108 111 117 120 121 121 120 120 120 120 121 122 122 122 123 124 124 125 126 126 127 128 129 130 131 132 133 134 136 137 138 140 141 143 143 140 140 147 158 166 172 181 188 195 202 208 216 224 221 210 210 215 217 219 222 226 224 221 220 221 220 219 220 222 225 229 236 243 256 271 279 278 271 258 250 243 236
94 95 96 97 100 102 102 101 102 103 105 110 118 121 120 117 113 110 110 114 118 121 122 123 123 122 121 122 123 124 124 125 125 126 127 128 129 130 130 131 133 134 135 136 137 139 140 142 144 145 146 146 145 146 150 160 173 183 189 193 196 203 212 225 234 228 216 215 216 217 219 223 227 224 218 218 219 217 214 216 220 224 231 239 250 266 274 275 272 259 248 242 236 232
94 94 95 98 100 102 102 101 101 103 104 109 117 122 121 120 119 115 112 111 116 120 122 124 125 124 123 124 125 126 127 127 128 128 129 130 131 132 133 134 135 137 138 139 141 142 144 146 148 150 151 152 151 151 153 160 174 189 197 200 200 204 216 226 228 222 216 215 216 219 221 225 228 224 217 216 217 214 211 215 222 228 237 246 259 270 272 268 258 245 239 234 230 229
92 91 93 97 100 102 103 102 102 104 107 110 115 122 123 122 121 120 117 114 115 119 121 124 126 127 126 126 127 127 129 129 130 131 131 132 133 135 136 137 138 140 141 143 145 147 149 151 153 156 158 159 160 161 161 163 173 192 205 209 204 201 212 220 222 220 217 215 217 221 223 228 230 223 217 215 215 212 209 216 225 234 244 254 263 266 265 258 244 237 231 227 226 224
91 89 89 91 96 102 106 104 101 104 108 111 113 119 124 123 122 123 122 119 119 120 121 124 127 128 128 128 128 129 130 131 132 133 134 135 136 137 139 140 142 143 145 147 149 151 154 156 159 162 165 168 170 172 173 174 180 198 215 218 207 201 211 221 223 222 219 218 220 224 225 230 231 224 217 215 213 209 208 217 228 239 251 258 263 262 257 245 237 231 225 222 221 221
103 96 92 92 95 101 107 104 100 102 107 111 114 117 122 125 124 124 125 124 123 123 123 125 128 129 129 128 129 131 132 134 134 136 137 138 139 140 142 143 145 147 149 151 154 156 159 162 166 169 173 177 180 184 187 191 198 208 222 225 216 211 220 228 229 225 222 222 223 225 226 230 233 227 219 217 214 207 209 222 235 246 254 256 264 262 250 237 232 226 221 218 219 221
112 108 103 100 98 98 102 105 102 104 109 113 115 118 122 125 126 125 126 127 126 126 125 126 129 131 128 128 131 133 134 136 137 138 140 141 142 144 145 147 149 151 154 156 159 162 165 169 173 177 181 185 189 193 198 203 208 215 223 227 227 228 234 240 238 231 229 228 226 225 225 232 236 227 219 220 217 212 215 230 242 251 251 255 266 262 246 233 227 221 217 215 218 222
109 110 111 108 102 97 98 107 106 105 108 113 115 117 122 125 126 125 126 128 129 128 127 128 132 135 130 130 134 136 137 139 140 141 143 144 145 147 149 151 153 156 159 161 165 168 172 176 180 184 188 193 197 201 206 210 214 219 224 228 232 236 244 250 250 246 243 240 234 229 228 236 237 225 219 221 221 219 223 234 244 248 250 260 267 259 239 228 222 218 214 215 219 222
105 108 111 111 105 101 102 109 109 104 102 105 108 111 116 121 124 124 126 129 130 130 130 130 137 142 136 134 138 141 142 142 143 144 146 147 149 151 153 156 158 161 164 167 171 175 179 183 187 191 196 200 204 208 211 215 219 223 226 229 233 237 241 247 252 256 258 257 250 242 238 242 239 227 221 224 226 224 225 234 243 248 256 267 264 249 230 223 218 216 215 218 221 222
105 107 111 111 109 106 107 112 111 103 98 100 105 109 113 117 122 124 127 130 133 134 134 135 141 146 140 137 141 145 147 148 148 148 149 151 153 155 158 160 163 166 170 174 178 182 186 190 194 198 202 206 209 213 216 220 223 226 228 231 234 236 239 243 247 251 256 259 258 258 259 257 247 234 228 229 231 228 224 232 243 254 265 269 259 235 221 217 218 218 218 222 225 228
105 108 111 112 111 110 111 112 111 105 102 105 109 113 116 120 124 126 128 132 135 137 139 141 145 148 145 142 143 147 151 153 154 154 155 155 158 160 163 166 169 173 176 180 184 188 192 197 200 204 208 211 214 217 220 223 226 228 230 233 235 237 239 242 244 247 249 252 255 262 269 270 260 245 238 237 238 233 224 233 248 263 271 265 248 226 216 215 220 222 221 225 231 243
106 108 111 114 113 111 111 111 110 109 110 111 114 118 121 125 127 129 130 134 136 137 140 143 147 150 149 147 147 150 155 158 159 161 162 163 164 165 168 171 175 179 183 187 191 195 199 203 206 210 213 216 218 221 224 226 228 230 232 234 236 238 240 242 244 245 246 248 252 257 262 265 262 255 248 247 244 235 227 239 258 269 268 255 234 219 215 218 223 224 227 228 236 268
105 106 110 115 114 112 113 112 112 113 114 116 119 122 125 130 133 133 134 137 139 139 141 144 148 152 151 150 152 154 158 162 164 167 170 171 171 172 174 177 182 186 190 194 198 201 205 208 211 214 217 220 222 224 227 228 230 232 234 236 237 239 241 242 243 245 246 248 251 253 255 256 257 259 260 257 249 235 232 250 267 269 260 242 222 213 215 220 225 231 238 242 262 277
106 105 106 112 115 114 114 114 114 117 119 121 124 126 129 134 137 137 138 141 143 144 146 147 151 155 155 153 155 158 162 166 168 173 177 177 177 178 181 184 188 192 196 200 204 207 210 213 216 219 221 223 225 227 229 231 232 234 235 237 238 240 241 242 244 245 246 248 250 251 252 253 255 259 265 265 257 241 242 261 269 263 249 231 218 217 221 225 231 242 255 276 286 281
111 105 99 103 111 114 115 116 118 121 125 128 130 131 134 138 140 140 142 146 148 149 150 152 156 160 158 156 157 161 167 172 175 179 184 184 184 186 189 192 195 198 202 206 209 213 216 218 221 223 225 227 228 230 231 233 234 236 237 238 239 241 242 243 244 245 247 248 249 250 252 253 254 257 262 266 266 257 258 266 264 252 237 227 224 230 235 237 243 257 276 289 288 280
121 106 86 92 106 112 116 120 124 130 133 135 136 137 139 143 145 145 148 151 152 153 154 157 162 166 163 162 163 166 171 177 181 184 189 191 192 195 198 199 201 204 208 212 215 217 220 223 225 227 228 230 231 232 234 235 236 237 238 239 240 241 242 243 245 246 247 248 249 250 251 253 254 255 259 263 267 270 270 267 257 240 228 227 227 231 237 245 261 273 280 284 283 275
176 155 76 91 100 114 123 129 132 138 143 144 144 144 146 149 150 151 154 157 157 158 159 162 167 170 169 169 170 172 175 180 185 190 196 198 199 202 206 208 207 210 214 217 219 222 225 227 229 231 232 233 234 235 235 236 237 238 239 240 241 242 243 244 245 246 247 248 249 250 251 252 253 255 257 259 264 272 275 266 250 231 224 225 225 228 240 259 273 277 277 277 276 272
229 219 140 113 116 129 141 146 144 148 154 154 152 152 154 155 156 158 161 163 162 163 165 168 171 172 173 175 178 179 180 183 189 195 201 203 205 208 211 214 214 215 220 223 226 228 230 232 235 236 237 236 236 237 237 238 239 239 240 241 242 243 244 245 246 246 247 248 249 250 251 252 253 254 256 257 260 267 272 262 241 226 224 224 225 235 257 274 277 276 274 273 272 270
239 218 142 129 130 140 159 165 162 164 167 165 162 161 161 162 163 166 168 168 168 169 171 174 175 176 178 181 185 186 186 188 192 197 204 209 210 212 215 218 218 218 223 228 232 235 237 238 242 245 244 241 239 239 239 239 240 241 241 242 243 244 245 245 246 247 248 249 250 250 251 252 253 254 255 257 259 263 266 258 236 225 226 227 231 252 275 279 277 274 271 270 268 267
243 208 144 137 138 151 174 180 180 180 180 177 172 171 171 171 172 173 175 174 175 176 178 180 181 182 184 186 190 193 194 196 199 204 211 214 216 217 219 220 220 219 222 225 229 232 234 236 239 243 245 245 243 241 240 240 241 242 243 243 244 245 245 246 247 247 248 249 250 251 251 252 253 254 255 257 259 261 263 259 239 223 226 233 250 274 279 279 277 274 271 268 266 264
168 165 155 150 152 163 182 193 197 197 195 188 183 182 182 182 182 182 183 183 182 183 185 186 186 187 190 192 196 200 202 205 208 213 218 222 223 223 223 224 223 222 222 222 224 226 227 229 233 235 236 238 241 241 241 241 242 243 244 244 245 246 246 247 247 248 249 249 250 251 252 252 253 254 256 257 259 260 262 263 250 223 227 243 271 281 280 277 276 274 271 268 265 263
