windninja/windninja_output/Output_2025-10-23_2200-2250_Google earth_Fire_150m_10min/merlingen_7.5mi_point_10-23-2025_2250_150m_vel.asc
ncols	158
nrows	163
xllcorner	391686.332397
yllcorner	5160024.123721
cellsize	150.000000
NODATA_value	-32768.000000
[rows 38 to 75 of 163, columns 0 to 83 of 158]
2.27 2.24 2.12 1.97 1.82 1.72 1.63 1.53 1.44 1.37 1.31 1.25 1.20 1.14 1.08 1.03 0.98 0.94 0.90 0.86 0.81 0.76 0.72 0.67 0.61 0.56 0.51 0.47 0.47 0.46 0.43 0.39 0.40 0.44 0.48 0.47 0.42 0.41 0.40 0.34 0.30 0.27 0.25 0.23 0.21 0.20 0.19 0.19 0.19 0.21 0.23 0.25 0.26 0.27 0.28 0.31 0.35 0.39 0.43 0.46 0.50 0.51 0.48 0.44 0.42 0.44 0.49 0.52 0.51 0.51 0.54 0.60 0.67 0.67 0.63 0.60 0.61 0.68 0.79 0.82 0.71 0.67 0.74 0.87
2.29 2.24 2.08 1.94 1.81 1.69 1.58 1.50 1.42 1.35 1.29 1.22 1.16 1.11 1.06 1.01 0.95 0.91 0.87 0.82 0.78 0.74 0.70 0.65 0.60 0.54 0.48 0.43 0.38 0.37 0.35 0.33 0.35 0.38 0.42 0.41 0.38 0.40 0.40 0.35 0.29 0.26 0.24 0.22 0.20 0.20 0.20 0.20 0.21 0.23 0.25 0.28 0.31 0.34 0.38 0.41 0.45 0.50 0.54 0.58 0.61 0.64 0.62 0.53 0.47 0.47 0.50 0.51 0.51 0.54 0.61 0.67 0.68 0.67 0.66 0.68 0.71 0.76 0.84 0.97 0.96 0.83 0.76 0.78
2.36 2.32 2.11 1.93 1.81 1.70 1.60 1.50 1.41 1.32 1.25 1.19 1.14 1.09 1.05 1.00 0.94 0.89 0.85 0.80 0.76 0.72 0.68 0.63 0.58 0.52 0.45 0.38 0.31 0.30 0.31 0.29 0.28 0.32 0.35 0.34 0.32 0.34 0.37 0.35 0.30 0.26 0.24 0.21 0.20 0.21 0.22 0.22 0.23 0.25 0.28 0.31 0.36 0.41 0.44 0.47 0.50 0.52 0.54 0.55 0.57 0.61 0.66 0.62 0.53 0.53 0.56 0.57 0.57 0.61 0.63 0.60 0.56 0.58 0.66 0.75 0.80 0.84 0.86 0.95 1.06 1.05 0.97 0.90
2.42 2.38 2.17 1.97 1.81 1.68 1.59 1.51 1.41 1.30 1.23 1.18 1.12 1.07 1.03 0.98 0.93 0.88 0.83 0.78 0.74 0.70 0.65 0.61 0.56 0.50 0.44 0.37 0.31 0.29 0.29 0.27 0.25 0.26 0.28 0.28 0.28 0.28 0.29 0.31 0.29 0.27 0.24 0.22 0.21 0.22 0.24 0.25 0.26 0.28 0.32 0.35 0.38 0.40 0.40 0.41 0.43 0.43 0.42 0.42 0.45 0.51 0.63 0.70 0.66 0.61 0.64 0.69 0.72 0.73 0.68 0.61 0.59 0.62 0.71 0.80 0.85 0.85 0.83 0.84 0.94 1.04 1.10 1.10
2.44 2.38 2.19 2.00 1.83 1.69 1.57 1.48 1.41 1.31 1.22 1.16 1.10 1.04 1.00 0.95 0.90 0.86 0.81 0.76 0.71 0.67 0.63 0.59 0.54 0.49 0.43 0.37 0.32 0.29 0.29 0.27 0.25 0.23 0.22 0.23 0.26 0.26 0.25 0.26 0.27 0.26 0.24 0.24 0.24 0.24 0.25 0.25 0.26 0.29 0.33 0.35 0.36 0.35 0.35 0.35 0.35 0.35 0.34 0.35 0.39 0.46 0.57 0.71 0.78 0.76 0.78 0.87 0.92 0.89 0.84 0.81 0.79 0.79 0.84 0.88 0.88 0.85 0.83 0.85 0.91 0.96 1.02 1.13
2.45 2.38 2.20 2.02 1.86 1.73 1.60 1.47 1.39 1.31 1.22 1.15 1.09 1.02 0.97 0.92 0.87 0.83 0.78 0.74 0.69 0.65 0.61 0.57 0.53 0.48 0.43 0.38 0.32 0.28 0.27 0.26 0.24 0.21 0.18 0.18 0.21 0.24 0.24 0.24 0.25 0.25 0.25 0.26 0.25 0.22 0.22 0.23 0.26 0.30 0.34 0.36 0.35 0.35 0.35 0.34 0.33 0.34 0.35 0.37 0.41 0.45 0.51 0.62 0.77 0.88 0.95 1.02 1.09 1.15 1.16 1.16 1.12 1.08 1.06 1.02 0.97 0.91 0.86 0.85 0.90 0.97 1.05 1.14
2.45 2.37 2.18 2.01 1.86 1.73 1.60 1.48 1.38 1.30 1.21 1.13 1.07 1.01 0.95 0.90 0.85 0.81 0.77 0.73 0.69 0.64 0.59 0.55 0.51 0.47 0.43 0.38 0.33 0.28 0.25 0.24 0.22 0.19 0.16 0.15 0.17 0.20 0.22 0.23 0.23 0.25 0.27 0.27 0.24 0.21 0.21 0.25 0.30 0.36 0.39 0.38 0.37 0.37 0.36 0.35 0.34 0.35 0.38 0.42 0.47 0.50 0.53 0.59 0.72 0.87 0.96 1.00 1.08 1.21 1.29 1.32 1.33 1.28 1.19 1.10 1.02 0.97 0.91 0.86 0.88 0.98 1.10 1.12
2.46 2.37 2.19 2.02 1.86 1.71 1.59 1.48 1.38 1.29 1.20 1.12 1.05 1.00 0.94 0.89 0.85 0.81 0.76 0.72 0.67 0.63 0.58 0.54 0.50 0.46 0.42 0.37 0.32 0.28 0.25 0.23 0.21 0.17 0.15 0.13 0.15 0.18 0.20 0.22 0.23 0.25 0.28 0.26 0.22 0.21 0.25 0.31 0.37 0.40 0.38 0.35 0.34 0.34 0.34 0.34 0.35 0.37 0.42 0.49 0.55 0.60 0.65 0.73 0.81 0.85 0.87 0.89 0.89 0.93 1.02 1.10 1.17 1.19 1.14 1.07 1.00 0.98 0.99 0.99 1.02 1.04 1.01 0.95
2.48 2.38 2.21 2.04 1.87 1.70 1.56 1.46 1.37 1.29 1.21 1.13 1.05 0.99 0.94 0.89 0.84 0.79 0.74 0.70 0.65 0.61 0.57 0.53 0.49 0.44 0.40 0.36 0.32 0.27 0.24 0.21 0.19 0.16 0.14 0.13 0.15 0.16 0.19 0.21 0.23 0.26 0.28 0.25 0.21 0.24 0.31 0.37 0.40 0.37 0.35 0.34 0.33 0.32 0.33 0.35 0.38 0.42 0.48 0.56 0.65 0.73 0.80 0.86 0.86 0.83 0.81 0.80 0.79 0.79 0.82 0.88 0.97 1.03 1.07 1.07 1.03 1.00 1.04 1.06 1.02 0.93 0.83 0.81
2.48 2.38 2.19 2.03 1.88 1.69 1.51 1.40 1.34 1.26 1.19 1.13 1.06 0.99 0.93 0.87 0.82 0.77 0.72 0.68 0.63 0.59 0.55 0.51 0.47 0.42 0.38 0.35 0.31 0.27 0.23 0.20 0.17 0.15 0.13 0.13 0.14 0.16 0.18 0.21 0.23 0.26 0.27 0.24 0.24 0.29 0.36 0.39 0.38 0.35 0.34 0.33 0.33 0.36 0.38 0.41 0.46 0.51 0.57 0.65 0.72 0.78 0.81 0.79 0.77 0.74 0.73 0.74 0.77 0.79 0.80 0.81 0.87 0.95 1.02 1.05 1.03 0.98 0.94 0.91 0.84 0.77 0.77 0.82
2.46 2.36 2.18 2.01 1.89 1.73 1.50 1.35 1.29 1.23 1.16 1.09 1.03 0.97 0.91 0.85 0.80 0.75 0.70 0.66 0.62 0.57 0.53 0.49 0.45 0.41 0.37 0.34 0.30 0.26 0.23 0.19 0.16 0.14 0.12 0.11 0.13 0.15 0.18 0.21 0.24 0.26 0.26 0.25 0.29 0.35 0.39 0.39 0.37 0.35 0.34 0.33 0.34 0.37 0.41 0.46 0.52 0.61 0.70 0.75 0.77 0.76 0.73 0.69 0.66 0.66 0.68 0.72 0.75 0.77 0.78 0.79 0.83 0.90 0.97 1.01 1.01 0.97 0.91 0.87 0.86 0.84 0.84 0.90
2.44 2.34 2.17 2.02 1.88 1.76 1.55 1.33 1.23 1.19 1.14 1.07 1.01 0.95 0.90 0.84 0.79 0.74 0.69 0.65 0.60 0.56 0.52 0.48 0.44 0.40 0.36 0.33 0.29 0.25 0.22 0.19 0.16 0.13 0.11 0.11 0.12 0.15 0.18 0.21 0.23 0.25 0.26 0.29 0.33 0.38 0.39 0.37 0.35 0.34 0.34 0.37 0.40 0.44 0.49 0.55 0.62 0.71 0.77 0.78 0.76 0.72 0.67 0.65 0.64 0.65 0.67 0.70 0.73 0.76 0.78 0.80 0.83 0.87 0.94 1.01 1.05 1.06 1.04 1.01 1.00 0.99 0.97 0.97
2.44 2.31 2.13 2.04 1.94 1.82 1.66 1.42 1.22 1.15 1.12 1.07 1.01 0.95 0.90 0.85 0.79 0.73 0.68 0.64 0.60 0.56 0.51 0.47 0.44 0.40 0.36 0.31 0.28 0.24 0.21 0.18 0.15 0.13 0.11 0.11 0.12 0.15 0.18 0.20 0.23 0.25 0.28 0.31 0.35 0.39 0.38 0.35 0.32 0.30 0.32 0.38 0.46 0.53 0.60 0.66 0.73 0.77 0.74 0.70 0.66 0.64 0.62 0.63 0.65 0.66 0.67 0.68 0.70 0.72 0.75 0.77 0.80 0.85 0.92 0.99 1.05 1.10 1.12 1.11 1.09 1.08 1.06 1.03
2.46 2.26 2.03 1.98 1.96 1.88 1.77 1.58 1.31 1.14 1.09 1.06 1.00 0.94 0.88 0.83 0.78 0.73 0.68 0.63 0.59 0.55 0.50 0.46 0.42 0.38 0.35 0.31 0.27 0.23 0.20 0.17 0.14 0.12 0.11 0.11 0.12 0.15 0.17 0.20 0.23 0.27 0.30 0.33 0.37 0.38 0.37 0.33 0.31 0.31 0.36 0.44 0.50 0.55 0.62 0.71 0.75 0.73 0.68 0.64 0.61 0.60 0.61 0.64 0.66 0.67 0.69 0.70 0.72 0.73 0.74 0.76 0.80 0.85 0.90 0.94 0.98 1.03 1.10 1.15 1.16 1.12 1.05 1.00
2.54 2.24 1.92 1.87 1.84 1.77 1.73 1.66 1.44 1.22 1.10 1.04 0.99 0.93 0.86 0.81 0.76 0.71 0.66 0.62 0.57 0.53 0.49 0.45 0.40 0.36 0.33 0.29 0.25 0.22 0.19 0.16 0.13 0.11 0.10 0.11 0.12 0.15 0.18 0.21 0.24 0.28 0.32 0.35 0.38 0.38 0.36 0.35 0.39 0.45 0.52 0.57 0.60 0.63 0.67 0.71 0.69 0.65 0.63 0.62 0.61 0.63 0.66 0.68 0.69 0.71 0.73 0.74 0.75 0.76 0.78 0.82 0.86 0.90 0.92 0.93 0.93 0.94 1.00 1.08 1.16 1.18 1.11 0.99
2.64 2.33 1.91 1.82 1.83 1.72 1.66 1.66 1.51 1.26 1.09 1.01 0.96 0.91 0.86 0.80 0.75 0.70 0.65 0.60 0.55 0.51 0.47 0.43 0.39 0.35 0.31 0.28 0.24 0.21 0.17 0.14 0.12 0.10 0.10 0.10 0.12 0.15 0.18 0.22 0.25 0.30 0.34 0.36 0.38 0.38 0.38 0.41 0.48 0.56 0.60 0.62 0.65 0.68 0.70 0.69 0.66 0.63 0.63 0.64 0.65 0.68 0.71 0.74 0.76 0.77 0.79 0.82 0.83 0.83 0.86 0.91 0.94 0.95 0.95 0.94 0.93 0.91 0.90 0.94 1.06 1.19 1.25 1.18
2.58 2.43 2.02 1.75 1.78 1.74 1.63 1.63 1.56 1.32 1.08 0.96 0.91 0.87 0.84 0.79 0.74 0.69 0.64 0.59 0.54 0.50 0.45 0.41 0.38 0.34 0.30 0.26 0.22 0.19 0.16 0.13 0.11 0.09 0.09 0.11 0.13 0.16 0.19 0.23 0.27 0.31 0.34 0.35 0.36 0.38 0.41 0.47 0.54 0.58 0.59 0.61 0.63 0.66 0.69 0.69 0.66 0.65 0.68 0.71 0.74 0.76 0.79 0.82 0.85 0.88 0.91 0.94 0.98 1.00 0.99 0.98 0.95 0.94 0.96 0.97 0.97 0.96 0.95 0.95 1.03 1.17 1.31 1.38
2.37 2.38 2.14 1.70 1.55 1.53 1.44 1.45 1.52 1.42 1.15 0.94 0.86 0.82 0.79 0.76 0.71 0.67 0.62 0.58 0.54 0.49 0.44 0.40 0.36 0.32 0.28 0.25 0.21 0.18 0.14 0.11 0.09 0.08 0.09 0.11 0.14 0.17 0.20 0.24 0.27 0.31 0.32 0.34 0.36 0.39 0.44 0.50 0.56 0.57 0.59 0.64 0.67 0.69 0.71 0.71 0.69 0.69 0.73 0.78 0.84 0.90 0.92 0.92 0.92 0.93 0.95 0.98 1.03 1.05 1.03 0.97 0.95 0.96 0.99 1.01 1.03 1.05 1.06 1.07 1.10 1.18 1.28 1.37
2.23 2.25 2.17 1.87 1.55 1.39 1.26 1.21 1.33 1.40 1.25 1.01 0.86 0.77 0.74 0.72 0.68 0.63 0.59 0.55 0.52 0.48 0.43 0.38 0.34 0.30 0.27 0.23 0.19 0.16 0.13 0.10 0.08 0.08 0.09 0.12 0.15 0.18 0.21 0.25 0.28 0.31 0.33 0.36 0.39 0.42 0.47 0.52 0.55 0.57 0.60 0.64 0.67 0.70 0.71 0.70 0.71 0.74 0.78 0.84 0.91 0.96 0.98 0.97 0.93 0.89 0.89 0.91 0.91 0.93 0.95 0.99 1.04 1.06 1.07 1.09 1.12 1.14 1.17 1.19 1.18 1.18 1.22 1.29
2.20 2.15 2.09 1.99 1.79 1.56 1.32 1.13 1.14 1.27 1.29 1.15 0.98 0.80 0.69 0.67 0.65 0.61 0.57 0.53 0.49 0.46 0.42 0.37 0.33 0.29 0.25 0.21 0.18 0.14 0.11 0.09 0.08 0.08 0.10 0.13 0.16 0.20 0.23 0.26 0.30 0.33 0.35 0.38 0.40 0.44 0.47 0.49 0.52 0.55 0.58 0.62 0.65 0.68 0.71 0.72 0.76 0.82 0.88 0.94 0.97 0.96 0.96 0.97 0.95 0.91 0.87 0.87 0.86 0.89 0.97 1.07 1.12 1.14 1.16 1.20 1.24 1.27 1.30 1.32 1.30 1.25 1.22 1.22
2.18 2.10 1.98 1.91 1.82 1.69 1.50 1.25 1.09 1.13 1.18 1.17 1.09 0.91 0.70 0.61 0.60 0.58 0.55 0.51 0.47 0.43 0.39 0.35 0.31 0.27 0.23 0.20 0.16 0.13 0.10 0.08 0.07 0.09 0.11 0.14 0.18 0.21 0.25 0.28 0.31 0.34 0.37 0.39 0.41 0.43 0.45 0.46 0.47 0.50 0.55 0.61 0.66 0.71 0.73 0.74 0.77 0.83 0.90 0.95 0.97 0.97 0.97 1.00 1.01 0.97 0.93 0.93 0.96 1.01 1.07 1.11 1.15 1.19 1.23 1.27 1.31 1.35 1.39 1.40 1.39 1.35 1.29 1.24
2.14 2.07 1.93 1.82 1.71 1.62 1.53 1.35 1.14 1.02 0.98 0.99 1.04 0.99 0.81 0.64 0.56 0.53 0.51 0.48 0.45 0.41 0.37 0.33 0.29 0.25 0.22 0.18 0.14 0.11 0.08 0.07 0.08 0.10 0.13 0.16 0.20 0.23 0.27 0.30 0.33 0.36 0.38 0.40 0.42 0.44 0.45 0.46 0.48 0.50 0.55 0.61 0.68 0.71 0.73 0.74 0.76 0.81 0.88 0.91 0.93 0.95 0.98 1.02 1.03 1.02 1.00 1.01 1.04 1.08 1.09 1.12 1.18 1.23 1.28 1.32 1.33 1.35 1.35 1.34 1.33 1.34 1.34 1.33
2.07 2.02 1.90 1.78 1.67 1.54 1.44 1.33 1.17 1.02 0.91 0.86 0.91 0.99 0.93 0.77 0.60 0.50 0.46 0.45 0.42 0.39 0.36 0.32 0.27 0.23 0.20 0.16 0.12 0.09 0.07 0.07 0.09 0.11 0.15 0.18 0.22 0.26 0.29 0.32 0.35 0.37 0.40 0.42 0.44 0.46 0.48 0.49 0.51 0.53 0.55 0.59 0.64 0.68 0.71 0.74 0.78 0.82 0.85 0.87 0.88 0.89 0.92 0.98 1.04 1.06 1.03 0.99 1.01 1.05 1.09 1.13 1.19 1.25 1.30 1.35 1.36 1.33 1.29 1.26 1.26 1.28 1.31 1.32
2.02 1.97 1.86 1.74 1.64 1.53 1.41 1.30 1.18 1.05 0.93 0.83 0.81 0.87 0.92 0.86 0.71 0.55 0.45 0.41 0.38 0.36 0.33 0.29 0.26 0.21 0.17 0.14 0.10 0.08 0.07 0.08 0.10 0.14 0.17 0.21 0.24 0.28 0.31 0.34 0.37 0.39 0.41 0.43 0.45 0.47 0.49 0.51 0.53 0.54 0.55 0.55 0.59 0.63 0.65 0.69 0.75 0.78 0.79 0.79 0.80 0.81 0.86 0.94 1.03 1.07 1.06 1.01 1.01 1.07 1.13 1.18 1.22 1.26 1.30 1.32 1.32 1.31 1.30 1.30 1.28 1.27 1.27 1.26
1.98 1.92 1.81 1.68 1.58 1.51 1.42 1.31 1.18 1.06 0.93 0.80 0.72 0.71 0.76 0.81 0.77 0.64 0.50 0.40 0.34 0.32 0.29 0.26 0.23 0.19 0.15 0.12 0.09 0.07 0.07 0.09 0.13 0.16 0.20 0.23 0.27 0.30 0.33 0.36 0.38 0.41 0.43 0.45 0.47 0.49 0.51 0.53 0.54 0.55 0.55 0.57 0.59 0.61 0.62 0.67 0.72 0.75 0.76 0.76 0.77 0.81 0.87 0.95 1.02 1.07 1.09 1.09 1.10 1.13 1.18 1.21 1.24 1.28 1.31 1.31 1.30 1.31 1.33 1.34 1.33 1.32 1.31 1.29
1.99 1.88 1.73 1.60 1.47 1.40 1.36 1.29 1.18 1.07 0.94 0.79 0.68 0.63 0.63 0.69 0.73 0.68 0.56 0.44 0.35 0.30 0.27 0.24 0.20 0.17 0.13 0.10 0.08 0.07 0.09 0.12 0.15 0.19 0.22 0.26 0.29 0.32 0.35 0.38 0.40 0.42 0.45 0.47 0.49 0.51 0.52 0.54 0.55 0.56 0.58 0.61 0.63 0.64 0.67 0.72 0.75 0.75 0.77 0.80 0.86 0.90 0.91 0.88 0.87 0.90 0.94 1.05 1.14 1.19 1.22 1.25 1.28 1.30 1.32 1.34 1.35 1.38 1.41 1.43 1.43 1.42 1.43 1.44
2.05 1.89 1.68 1.54 1.40 1.29 1.24 1.20 1.12 1.04 0.95 0.80 0.67 0.61 0.57 0.57 0.61 0.64 0.59 0.49 0.39 0.30 0.25 0.20 0.18 0.15 0.12 0.09 0.07 0.08 0.11 0.14 0.18 0.22 0.25 0.29 0.32 0.34 0.37 0.40 0.42 0.44 0.46 0.49 0.51 0.52 0.54 0.55 0.57 0.59 0.60 0.62 0.63 0.65 0.68 0.73 0.78 0.81 0.83 0.86 0.89 0.88 0.80 0.72 0.69 0.74 0.87 1.03 1.15 1.22 1.27 1.30 1.32 1.33 1.33 1.37 1.43 1.50 1.55 1.57 1.56 1.55 1.55 1.58
2.06 1.93 1.71 1.53 1.38 1.27 1.17 1.11 1.04 0.96 0.89 0.79 0.65 0.57 0.53 0.50 0.49 0.52 0.54 0.50 0.41 0.32 0.24 0.19 0.14 0.12 0.10 0.08 0.08 0.11 0.14 0.17 0.21 0.24 0.28 0.31 0.34 0.36 0.39 0.42 0.44 0.46 0.48 0.50 0.52 0.54 0.56 0.57 0.59 0.60 0.61 0.62 0.62 0.62 0.64 0.69 0.78 0.85 0.88 0.86 0.80 0.73 0.75 0.82 0.91 0.99 1.07 1.13 1.16 1.21 1.26 1.31 1.33 1.32 1.33 1.39 1.47 1.53 1.57 1.59 1.60 1.60 1.63 1.71
1.93 1.92 1.80 1.57 1.39 1.26 1.16 1.11 1.07 0.96 0.86 0.79 0.66 0.54 0.49 0.47 0.43 0.41 0.43 0.44 0.41 0.33 0.26 0.19 0.13 0.10 0.09 0.09 0.10 0.13 0.17 0.20 0.24 0.27 0.30 0.33 0.36 0.39 0.41 0.43 0.46 0.48 0.50 0.52 0.54 0.56 0.57 0.59 0.61 0.62 0.63 0.63 0.62 0.61 0.62 0.65 0.70 0.77 0.81 0.80 0.75 0.78 0.93 1.08 1.19 1.22 1.21 1.18 1.17 1.18 1.21 1.25 1.30 1.33 1.37 1.41 1.44 1.48 1.52 1.60 1.70 1.79 1.89 2.03
1.60 1.81 1.92 1.72 1.49 1.27 1.12 1.10 1.10 1.01 0.87 0.76 0.68 0.58 0.47 0.43 0.41 0.37 0.34 0.35 0.35 0.32 0.27 0.20 0.14 0.10 0.09 0.10 0.13 0.16 0.19 0.23 0.26 0.30 0.33 0.35 0.38 0.41 0.43 0.46 0.48 0.50 0.52 0.54 0.56 0.57 0.59 0.61 0.62 0.63 0.64 0.64 0.64 0.63 0.62 0.61 0.59 0.58 0.61 0.68 0.75 0.85 0.96 1.08 1.18 1.23 1.23 1.19 1.16 1.16 1.18 1.20 1.25 1.31 1.36 1.38 1.39 1.44 1.55 1.69 1.86 2.00 2.05 2.02
1.14 1.49 1.83 1.84 1.74 1.49 1.21 1.17 1.18 1.05 0.88 0.74 0.66 0.59 0.50 0.41 0.39 0.35 0.30 0.28 0.27 0.25 0.23 0.19 0.13 0.11 0.10 0.12 0.15 0.19 0.22 0.25 0.29 0.32 0.35 0.38 0.40 0.43 0.45 0.47 0.49 0.52 0.54 0.56 0.57 0.59 0.61 0.62 0.64 0.65 0.66 0.67 0.67 0.66 0.65 0.62 0.57 0.53 0.52 0.58 0.66 0.74 0.83 0.92 1.02 1.12 1.18 1.21 1.21 1.20 1.19 1.18 1.19 1.22 1.25 1.29 1.32 1.38 1.49 1.63 1.74 1.80 1.73 1.51
0.90 1.07 1.38 1.55 1.64 1.60 1.39 1.27 1.28 1.21 1.02 0.88 0.77 0.67 0.58 0.48 0.41 0.35 0.28 0.24 0.21 0.19 0.19 0.17 0.13 0.11 0.12 0.15 0.18 0.21 0.24 0.28 0.31 0.34 0.37 0.40 0.42 0.45 0.47 0.49 0.51 0.54 0.55 0.57 0.59 0.61 0.63 0.64 0.65 0.67 0.68 0.68 0.69 0.69 0.68 0.66 0.64 0.60 0.58 0.58 0.61 0.64 0.69 0.75 0.80 0.88 1.01 1.14 1.22 1.24 1.21 1.19 1.20 1.23 1.24 1.23 1.23 1.27 1.36 1.47 1.50 1.42 1.31 1.21
1.05 1.05 1.10 1.16 1.25 1.32 1.20 1.05 1.11 1.17 1.05 0.92 0.85 0.75 0.64 0.54 0.45 0.38 0.29 0.23 0.20 0.18 0.17 0.16 0.14 0.13 0.16 0.19 0.22 0.24 0.27 0.29 0.32 0.35 0.38 0.41 0.44 0.46 0.49 0.51 0.53 0.55 0.57 0.59 0.61 0.63 0.64 0.66 0.67 0.69 0.70 0.70 0.71 0.71 0.71 0.71 0.70 0.68 0.67 0.65 0.64 0.63 0.61 0.58 0.57 0.63 0.75 0.87 0.97 1.06 1.15 1.21 1.24 1.24 1.23 1.20 1.19 1.21 1.26 1.28 1.25 1.16 1.13 1.17
1.25 1.19 1.12 1.09 1.10 1.09 0.96 0.80 0.85 0.95 0.85 0.73 0.68 0.64 0.58 0.51 0.45 0.39 0.32 0.25 0.20 0.18 0.18 0.18 0.17 0.18 0.22 0.26 0.27 0.29 0.30 0.32 0.34 0.36 0.40 0.43 0.46 0.48 0.51 0.53 0.55 0.57 0.59 0.61 0.63 0.64 0.66 0.68 0.69 0.70 0.72 0.73 0.73 0.74 0.74 0.74 0.74 0.74 0.73 0.73 0.72 0.69 0.65 0.60 0.56 0.55 0.55 0.58 0.66 0.79 0.97 1.11 1.15 1.15 1.14 1.16 1.19 1.19 1.17 1.10 1.03 1.05 1.11 1.18
1.36 1.29 1.18 1.10 1.05 1.02 0.91 0.79 0.80 0.84 0.72 0.62 0.57 0.51 0.47 0.43 0.39 0.35 0.31 0.27 0.22 0.20 0.20 0.21 0.22 0.24 0.28 0.30 0.32 0.34 0.36 0.37 0.37 0.39 0.41 0.44 0.47 0.49 0.52 0.54 0.57 0.59 0.61 0.63 0.65 0.66 0.68 0.69 0.71 0.72 0.73 0.75 0.76 0.76 0.77 0.77 0.77 0.77 0.78 0.77 0.77 0.76 0.74 0.72 0.68 0.63 0.58 0.55 0.57 0.63 0.71 0.78 0.87 0.89 0.95 1.01 1.08 1.10 1.07 1.02 1.00 1.05 1.16 1.26
1.44 1.35 1.20 1.09 1.04 0.99 0.91 0.83 0.79 0.75 0.68 0.61 0.55 0.48 0.43 0.39 0.35 0.32 0.30 0.27 0.25 0.24 0.24 0.25 0.27 0.28 0.32 0.34 0.36 0.38 0.40 0.41 0.42 0.43 0.44 0.46 0.47 0.50 0.53 0.56 0.58 0.61 0.63 0.64 0.66 0.68 0.69 0.71 0.73 0.74 0.75 0.76 0.77 0.79 0.79 0.80 0.80 0.81 0.81 0.81 0.81 0.80 0.80 0.78 0.76 0.74 0.71 0.68 0.65 0.61 0.55 0.51 0.54 0.64 0.76 0.86 0.94 0.99 0.99 1.01 1.07 1.14 1.24 1.32
1.50 1.40 1.20 1.05 1.01 0.97 0.89 0.83 0.78 0.70 0.64 0.59 0.53 0.47 0.42 0.37 0.35 0.32 0.30 0.28 0.28 0.27 0.28 0.29 0.30 0.33 0.35 0.37 0.39 0.40 0.42 0.45 0.48 0.50 0.50 0.51 0.51 0.53 0.55 0.58 0.61 0.62 0.64 0.66 0.68 0.70 0.71 0.73 0.74 0.76 0.77 0.79 0.80 0.81 0.81 0.82 0.83 0.83 0.84 0.84 0.84 0.84 0.83 0.83 0.82 0.81 0.80 0.78 0.75 0.69 0.62 0.56 0.55 0.62 0.74 0.84 0.93 0.98 0.99 1.03 1.18 1.31 1.33 1.33
1.55 1.44 1.21 1.04 0.96 0.94 0.87 0.80 0.75 0.68 0.61 0.57 0.51 0.47 0.42 0.37 0.35 0.34 0.32 0.30 0.29 0.30 0.31 0.31 0.33 0.34 0.36 0.39 0.42 0.45 0.47 0.50 0.52 0.52 0.52 0.53 0.54 0.55 0.57 0.59 0.62 0.64 0.66 0.68 0.70 0.71 0.73 0.74 0.76 0.77 0.79 0.80 0.82 0.83 0.84 0.85 0.85 0.86 0.87 0.87 0.87 0.87 0.87 0.87 0.86 0.86 0.85 0.84 0.81 0.78 0.76 0.73 0.71 0.71 0.75 0.82 0.90 0.97 1.04 1.12 1.27 1.33 1.26 1.23
