windninja/windninja_output/Output_2025-10-23_2200-2250_Google earth_Fire_150m_10min/merlingen_7.5mi_point_10-23-2025_2220_150m_ang.asc
ncols	158
nrows	163
xllcorner	391686.332397
yllcorner	5160024.123721
cellsize	150.000000
NODATA_value	-32768.000000
[rows 0 to 41 of 163, columns 0 to 93 of 158]
244 246 250 251 254 259 261 258 257 259 258 252 241 236 241 251 262 266 268 275 277 262 246 245 250 256 255 249 245 245 244 244 245 244 242 246 251 252 253 249 244 242 243 244 246 247 251 251 242 234 230 228 227 228 228 229 230 230 232 231 229 228 227 226 223 221 223 226 230 231 230 229 228 227 226 227 229 232 234 233 231 229 230 234 236 235 231 231 232 230 229 230 229 227
245 248 252 254 257 260 260 260 262 262 260 253 241 238 243 251 258 263 267 270 271 263 251 248 250 252 251 249 247 246 246 245 245 243 243 245 246 246 246 244 242 241 240 240 241 241 241 241 239 235 233 232 232 232 231 230 230 229 230 231 229 228 227 226 224 223 225 228 230 230 229 228 227 226 227 227 228 231 232 230 229 229 231 233 235 234 231 230 232 231 231 232 231 230
247 250 253 255 259 259 257 260 263 264 261 252 243 243 247 252 255 257 261 262 260 261 259 252 249 247 246 247 248 247 247 246 245 244 244 243 240 239 238 237 237 237 236 236 235 233 232 231 231 232 233 232 233 233 232 230 229 228 228 228 227 226 226 225 224 225 227 229 230 229 227 226 227 227 227 226 226 229 230 227 225 228 231 231 232 231 227 227 229 230 232 233 231 230
246 249 251 254 257 257 257 259 260 260 257 248 245 248 251 255 255 255 255 255 255 256 257 253 248 244 241 241 241 241 242 243 244 244 242 240 239 238 237 235 233 232 232 232 231 230 229 227 226 225 225 226 227 228 228 228 228 228 228 227 226 224 224 225 225 224 226 229 231 229 226 226 227 228 228 227 226 229 229 226 222 225 229 228 230 230 223 221 223 224 225 227 226 224
249 251 252 253 255 257 259 262 262 259 253 247 246 250 256 258 257 256 255 253 252 254 255 252 248 243 238 235 233 233 234 235 237 239 238 237 237 236 234 232 229 228 228 228 227 227 226 226 225 224 224 224 225 227 227 228 228 228 228 227 226 225 224 225 224 224 225 229 231 229 226 228 229 228 228 229 230 232 230 227 223 226 228 227 229 231 224 219 219 218 219 221 221 218
254 255 255 254 256 258 262 265 264 259 254 252 251 255 260 259 257 255 254 253 253 256 258 256 251 246 240 236 233 231 230 231 232 231 231 232 232 231 229 228 226 226 227 227 227 227 227 226 226 225 224 225 226 227 228 228 228 228 227 226 226 224 224 224 224 224 225 228 229 226 225 228 229 226 225 226 229 231 230 227 227 229 230 228 229 230 228 223 222 218 217 217 216 212
257 259 260 260 259 260 262 264 261 258 256 256 256 259 262 260 257 253 251 251 252 254 257 260 258 251 245 241 236 232 231 232 231 229 228 227 227 226 226 226 226 227 228 229 230 230 229 228 227 225 224 225 225 226 228 229 228 227 226 225 223 221 220 222 223 223 224 227 228 224 222 225 225 222 221 223 226 227 225 224 227 228 228 228 229 231 231 229 228 225 222 221 219 216
258 259 263 265 265 264 263 262 261 260 261 260 260 261 261 260 257 253 251 250 250 251 252 254 258 253 248 244 239 235 235 235 233 231 230 229 228 227 228 228 229 229 230 231 232 231 230 229 227 225 225 226 225 225 227 228 227 226 224 222 220 217 217 219 221 222 223 226 226 222 221 223 223 221 220 223 226 227 222 223 229 229 225 225 227 228 229 228 228 227 228 229 229 227
259 260 262 266 267 267 265 263 262 263 264 265 265 264 262 259 257 255 252 250 250 249 248 248 249 249 246 244 239 238 240 239 235 234 235 235 233 232 232 232 233 233 233 233 232 231 230 230 228 225 225 226 225 225 228 227 225 224 223 221 221 219 218 219 221 223 223 224 223 221 222 226 226 224 223 224 227 227 223 225 231 231 225 221 220 220 221 222 219 215 215 219 223 222
261 262 263 265 266 267 266 265 265 265 266 268 270 269 264 260 257 256 253 250 249 248 246 244 242 241 241 241 238 238 241 239 235 236 237 237 235 234 234 234 235 234 234 233 233 232 231 231 229 225 226 228 225 226 229 229 226 225 226 226 226 226 223 224 226 226 225 223 221 222 225 228 228 226 225 226 229 227 222 223 227 228 225 220 220 220 219 218 213 210 211 213 214 213
263 264 265 265 266 266 266 266 267 267 268 269 272 272 268 263 259 258 256 253 250 247 245 242 238 235 233 235 236 238 240 239 237 240 240 237 235 234 234 234 233 233 233 233 234 234 232 232 231 229 231 232 229 230 233 234 234 234 235 234 235 235 232 232 235 232 229 226 222 224 228 228 226 225 225 227 230 228 221 220 222 223 223 221 223 222 221 222 218 213 216 219 217 215
265 265 266 266 267 267 268 268 268 268 268 269 271 273 271 267 263 260 258 257 254 250 246 242 238 235 231 234 239 240 242 242 241 242 241 239 237 235 235 234 233 233 233 232 233 234 234 236 237 239 243 243 243 245 247 247 245 244 244 245 247 249 248 249 249 245 240 233 227 227 228 227 225 222 221 222 223 222 218 216 219 221 220 219 218 216 219 225 221 214 220 227 224 220
266 267 267 268 268 269 269 269 269 269 269 270 270 272 272 271 268 264 260 259 257 254 249 245 241 237 234 237 241 243 243 242 242 241 240 240 239 238 236 234 234 234 232 230 232 233 233 236 242 247 251 254 256 259 262 261 256 251 249 251 256 258 262 269 270 265 257 246 234 229 228 227 225 220 215 214 215 216 215 213 216 219 218 218 217 215 219 224 219 211 220 229 228 223
268 268 269 269 270 270 270 270 270 270 270 270 270 270 271 272 272 270 265 261 258 255 252 248 243 239 236 238 240 240 242 243 243 241 239 239 239 238 237 235 236 236 236 238 240 240 236 234 238 245 249 252 254 258 263 267 265 257 248 247 251 252 255 261 268 270 270 267 258 239 231 229 226 220 214 214 217 220 219 217 218 219 220 222 222 219 222 227 223 218 225 234 234 233
269 270 271 271 272 272 271 271 271 272 272 272 272 271 269 269 271 272 270 265 260 255 252 248 244 241 238 238 238 239 241 243 243 240 238 238 237 237 238 239 242 243 245 250 250 247 244 237 233 235 239 242 242 244 248 253 254 248 238 237 240 240 240 239 241 248 254 260 270 269 241 232 228 222 219 220 225 227 227 228 227 225 225 228 228 227 230 232 229 228 238 246 246 247
271 271 272 273 273 273 273 273 273 273 273 273 273 274 271 268 267 267 268 265 260 255 250 246 244 242 239 237 237 237 238 239 236 236 238 240 242 243 243 245 247 246 245 246 243 240 240 240 235 233 232 229 227 228 229 231 233 229 224 230 234 234 232 228 227 232 235 238 245 255 259 244 235 228 224 225 228 230 232 234 232 230 233 235 235 236 238 240 238 237 243 250 250 250
272 273 274 274 275 275 275 275 275 274 274 274 274 277 277 272 266 263 261 261 258 253 249 246 244 242 238 236 235 235 237 237 235 237 241 246 248 248 245 243 241 238 236 236 233 232 233 233 233 232 229 224 221 222 223 225 226 223 218 224 230 232 230 225 224 229 231 231 232 232 238 255 251 239 229 227 227 229 231 233 231 232 237 240 243 246 246 247 249 245 241 241 242 243
274 274 275 276 276 276 276 276 276 276 275 275 275 277 279 275 269 264 260 258 255 252 249 247 245 243 239 237 237 238 238 237 236 237 239 241 242 240 237 235 234 233 234 234 232 231 230 227 226 227 227 225 223 224 225 225 225 222 217 220 227 230 227 223 223 227 230 230 229 229 228 230 240 242 236 229 227 229 234 236 237 239 240 242 245 248 248 247 249 249 244 239 237 238
276 276 277 277 278 278 278 278 278 277 276 276 276 276 277 276 271 266 261 257 254 252 250 249 247 244 242 240 241 241 239 236 233 233 234 236 236 235 234 234 234 233 234 233 232 232 231 226 225 227 228 227 226 225 224 223 223 222 220 221 226 228 226 223 223 226 229 230 228 228 224 218 222 229 232 234 238 243 247 248 248 250 247 242 239 239 238 239 243 245 244 240 239 238
277 278 279 279 279 280 280 280 280 279 277 276 276 276 275 274 270 266 261 258 254 252 250 248 246 244 242 240 240 239 236 233 232 234 237 238 238 236 233 232 231 230 230 229 229 229 229 226 226 229 230 229 228 225 223 221 221 222 222 223 227 230 229 226 226 228 230 229 226 224 220 215 218 221 221 224 236 247 251 250 249 249 245 238 234 234 234 235 239 242 238 232 237 238
279 280 281 281 281 282 282 281 281 280 279 278 277 275 274 271 268 264 261 257 254 251 249 246 244 243 241 239 237 235 232 229 230 232 233 233 233 230 226 226 226 227 228 228 228 229 229 227 227 229 230 229 227 224 223 222 222 222 223 225 226 230 230 228 227 228 227 225 224 221 218 217 220 223 220 216 219 227 234 239 241 240 238 235 232 233 234 234 238 241 235 226 232 237
281 281 282 283 283 284 283 283 282 282 281 279 277 275 273 270 267 263 260 257 253 251 248 245 243 241 239 237 236 233 229 226 226 229 228 227 227 226 224 224 225 225 226 227 229 230 230 228 225 226 227 227 226 225 224 224 224 223 223 224 224 228 230 227 226 225 222 222 223 221 219 219 222 226 223 212 210 217 223 229 233 234 235 234 230 230 231 233 238 238 231 220 224 233
282 283 284 284 285 286 285 285 284 283 282 280 278 276 273 270 267 263 259 256 253 250 247 244 241 239 237 235 234 232 228 223 225 228 228 228 229 228 226 225 225 224 225 228 230 230 227 225 224 224 226 226 226 226 224 223 223 223 221 223 224 227 229 226 223 221 218 220 222 221 220 220 223 226 222 208 203 212 218 223 226 227 230 232 228 227 226 229 234 234 228 215 219 231
284 285 286 287 287 287 287 286 285 285 284 282 279 276 273 270 267 263 259 255 252 248 245 242 240 238 235 234 234 233 229 225 227 230 231 232 232 231 229 227 225 224 225 227 228 226 223 224 224 224 226 227 226 225 223 222 222 222 219 220 224 228 230 228 222 218 218 221 223 223 222 222 226 226 219 209 203 210 217 221 224 224 226 229 228 227 226 229 233 234 227 215 220 231
286 287 288 288 289 289 289 288 287 286 285 283 280 277 274 270 267 263 259 255 251 247 244 240 238 235 233 234 236 236 232 229 230 231 231 231 231 231 230 227 225 223 223 224 226 224 223 225 225 225 227 227 226 224 223 221 221 221 219 220 225 228 230 228 224 222 224 226 227 228 228 227 227 225 218 213 211 215 218 220 222 222 222 224 226 227 228 232 237 236 226 214 221 231
288 288 289 290 291 291 291 290 289 288 286 284 282 278 274 270 266 262 258 254 250 247 243 239 236 231 229 231 236 237 235 233 232 230 229 228 228 230 231 228 225 223 222 224 226 223 223 225 225 225 226 227 228 227 224 220 219 220 222 223 226 228 228 225 221 220 222 223 226 229 231 230 228 223 216 212 218 223 219 217 219 219 218 219 222 223 221 225 234 235 223 210 218 227
290 290 291 292 293 293 293 292 291 290 287 285 282 279 275 270 266 262 257 253 249 246 242 237 233 227 224 229 234 235 234 235 236 233 229 225 225 229 230 226 223 222 222 225 225 220 221 223 223 223 223 226 228 227 223 217 216 220 223 223 226 230 229 225 222 220 219 219 222 226 230 230 227 221 212 208 217 225 221 213 217 218 217 217 220 220 216 218 228 232 221 208 214 223
292 292 293 294 295 295 295 294 293 291 288 286 283 279 275 271 266 261 257 252 249 245 240 235 230 224 222 227 231 230 231 235 237 235 233 227 225 229 230 226 222 222 222 222 220 215 216 219 222 221 218 221 223 223 220 211 210 217 220 220 225 231 231 228 226 224 219 217 220 225 230 230 224 218 209 204 215 224 224 214 215 218 218 219 221 221 217 218 226 229 222 210 211 220
294 294 295 296 296 297 297 296 294 292 289 286 283 279 275 271 266 261 256 252 248 244 239 234 228 221 220 224 225 224 227 231 232 232 230 225 223 226 228 223 218 218 217 217 215 212 213 216 220 219 213 216 219 220 218 206 202 212 219 222 226 229 227 224 224 223 218 217 221 227 229 226 220 216 209 206 214 226 228 223 218 217 220 224 228 227 224 224 228 228 224 217 214 220
296 296 297 298 298 299 299 297 296 293 290 287 283 279 275 271 266 260 256 251 247 242 238 233 227 221 219 221 220 218 221 225 227 227 224 215 213 220 223 218 213 213 211 212 211 209 210 212 215 213 208 211 215 218 216 205 200 211 222 229 231 230 226 224 224 223 217 216 225 231 231 226 221 217 211 208 215 226 232 232 225 217 222 229 233 232 230 229 229 227 225 223 221 223
298 299 300 300 300 301 300 299 297 295 292 288 284 279 275 270 265 260 255 251 246 241 237 232 227 222 220 220 218 218 221 225 225 225 219 207 207 215 219 214 210 210 208 211 210 207 209 210 212 211 209 211 215 218 217 209 207 216 226 234 234 231 229 228 228 225 217 218 230 237 237 231 226 220 210 207 211 220 229 232 228 218 221 230 231 228 228 228 228 227 226 227 229 234
300 301 302 303 302 303 303 301 299 296 293 288 284 279 274 269 264 259 254 250 245 241 236 232 227 223 221 219 217 220 225 227 226 226 220 206 205 215 217 213 212 211 211 213 212 210 211 213 216 217 217 218 219 223 221 212 213 221 231 238 235 226 224 228 231 227 217 219 232 239 237 231 227 218 208 206 209 216 225 230 227 218 219 227 231 231 232 232 232 233 232 232 234 239
302 303 304 305 304 305 305 303 300 297 293 288 284 279 273 268 263 258 254 250 245 241 236 232 228 224 220 215 212 214 220 223 224 227 224 208 206 216 218 216 216 215 215 216 215 214 217 220 221 223 224 224 224 225 223 214 213 221 230 238 235 223 217 222 229 228 218 217 229 235 230 223 219 212 206 205 206 212 222 228 226 220 222 227 232 237 239 238 237 237 238 237 237 240
305 306 307 307 306 306 306 304 301 297 293 288 283 278 272 267 261 257 253 249 245 241 236 232 229 224 219 213 207 209 216 221 222 226 226 211 204 216 218 217 218 216 216 218 218 220 223 224 224 226 227 226 227 227 225 219 217 221 228 232 231 218 208 215 225 228 222 218 227 230 224 217 215 210 205 203 203 208 217 223 224 221 223 227 227 229 233 234 232 233 234 236 239 241
308 309 310 310 309 309 308 305 301 297 293 288 282 277 271 265 261 256 252 248 244 241 237 233 229 224 218 213 208 211 219 223 223 225 224 214 203 213 217 215 217 218 220 222 224 226 228 227 227 229 229 229 230 230 228 226 225 225 229 232 229 218 204 210 222 227 226 224 227 228 222 218 217 213 208 205 204 207 214 220 221 220 222 226 225 223 227 229 227 227 229 231 235 239
312 312 313 313 313 312 310 307 302 297 292 287 281 275 270 265 260 256 251 247 244 241 237 234 230 225 219 213 211 216 222 223 222 223 222 216 207 211 217 218 220 222 224 225 226 228 227 226 227 227 227 227 228 227 226 226 227 228 232 235 234 224 207 206 218 225 227 225 226 228 225 224 222 218 213 208 207 214 222 225 223 220 222 227 229 224 224 226 224 223 225 228 233 239
315 316 316 316 315 314 312 307 302 297 291 286 280 274 269 264 259 255 251 247 244 240 237 234 230 225 220 214 214 219 221 220 220 222 223 219 213 213 219 223 224 225 225 224 225 225 223 223 225 225 225 224 223 222 221 222 223 226 229 234 235 228 213 204 212 222 226 227 226 226 227 231 230 223 215 210 209 216 226 230 227 224 225 228 232 230 221 221 222 220 222 227 232 238
320 320 319 318 318 316 312 307 302 296 290 285 279 273 268 263 259 254 250 247 244 240 237 234 230 225 220 214 214 219 218 216 219 223 224 220 216 217 222 224 223 224 223 222 223 223 221 221 222 223 224 221 219 220 221 220 219 221 223 227 230 227 217 206 208 221 229 231 228 223 224 228 227 219 212 212 210 209 219 226 225 223 224 226 230 230 219 215 221 222 222 227 232 238
324 324 324 322 320 317 313 307 301 295 289 284 277 272 267 262 258 254 250 246 243 240 237 234 230 225 219 213 214 218 218 217 219 221 222 219 215 220 224 223 221 221 220 220 220 220 217 215 215 217 218 215 213 217 219 216 213 215 217 219 221 220 216 209 208 220 233 236 230 222 220 219 217 213 210 213 208 198 212 222 220 217 220 223 230 229 219 210 216 221 222 227 237 242
329 329 328 326 322 318 313 306 301 295 288 282 276 271 266 261 257 253 250 246 243 240 237 234 230 226 221 216 217 221 221 219 218 219 220 216 213 217 220 220 221 220 219 216 215 216 215 212 210 214 216 212 207 208 211 208 203 205 209 212 213 215 217 215 211 218 233 237 229 221 217 217 217 214 211 213 206 190 202 216 216 215 220 226 233 232 224 212 212 218 220 228 241 244
337 336 333 329 324 320 314 307 301 294 287 281 276 270 265 261 257 253 249 246 243 240 236 233 231 227 223 221 220 223 223 220 218 219 218 214 212 213 216 217 218 218 216 213 212 214 213 209 207 211 215 211 201 200 206 206 201 202 208 212 213 216 220 221 216 217 230 233 225 219 218 221 223 215 210 212 203 187 194 210 214 214 218 225 231 232 225 213 211 216 218 229 239 243
345 344 339 333 327 321 315 308 300 294 287 281 275 270 265 260 256 252 249 246 243 239 236 234 231 227 225 222 220 221 223 220 217 216 213 211 212 214 214 214 212 211 211 210 209 207 206 205 203 206 212 210 200 198 206 210 208 207 214 220 220 218 220 221 219 218 225 226 220 216 218 221 220 210 206 210 201 188 193 208 215 214 216 221 225 225 219 213 213 216 220 229 236 240
