windninja/windninja_output/Output_2025-10-23_2200-2250_Google earth_Fire_150m_10min/merlingen_7.5mi_point_10-23-2025_2230_150m_vel.asc
ncols	158
nrows	163
xllcorner	391686.332397
yllcorner	5160024.123721
cellsize	150.000000
NODATA_value	-32768.000000
[rows 76 to 113 of 163, columns 0 to 83 of 158]
2.89 2.72 2.33 1.94 1.78 1.79 1.67 1.55 1.50 1.42 1.36 1.32 1.26 1.24 1.20 1.11 1.08 1.11 1.10 1.04 1.02 1.02 1.02 1.01 0.92 0.80 0.82 0.91 0.97 1.04 1.07 1.02 0.98 0.93 0.85 0.77 0.74 0.74 0.72 0.70 0.68 0.68 0.68 0.67 0.66 0.65 0.64 0.64 0.63 0.62 0.61 0.60 0.59 0.57 0.56 0.55 0.54 0.52 0.51 0.50 0.48 0.47 0.45 0.43 0.42 0.40 0.39 0.37 0.35 0.34 0.33 0.32 0.31 0.29 0.29 0.29 0.30 0.33 0.37 0.39 0.39 0.39 0.44 0.46
2.91 2.76 2.46 2.14 1.90 1.76 1.57 1.45 1.40 1.33 1.27 1.22 1.17 1.17 1.14 1.05 1.02 1.05 1.03 0.98 0.98 0.97 0.97 0.95 0.86 0.78 0.84 0.91 0.90 0.91 0.97 0.99 0.95 0.91 0.87 0.79 0.74 0.72 0.69 0.66 0.65 0.65 0.65 0.64 0.63 0.63 0.62 0.61 0.60 0.60 0.59 0.58 0.57 0.56 0.55 0.53 0.52 0.51 0.49 0.48 0.47 0.45 0.44 0.42 0.41 0.40 0.38 0.37 0.35 0.34 0.33 0.33 0.32 0.31 0.29 0.28 0.28 0.30 0.33 0.35 0.35 0.35 0.42 0.46
2.93 2.59 2.41 2.50 2.21 1.79 1.50 1.37 1.33 1.24 1.15 1.09 1.08 1.09 1.07 1.00 0.98 0.99 0.95 0.92 0.93 0.93 0.93 0.89 0.76 0.75 0.87 0.90 0.85 0.81 0.84 0.93 0.93 0.89 0.87 0.80 0.73 0.69 0.66 0.64 0.61 0.61 0.62 0.61 0.61 0.60 0.60 0.59 0.58 0.58 0.57 0.56 0.55 0.54 0.53 0.52 0.51 0.50 0.48 0.47 0.46 0.44 0.43 0.42 0.40 0.39 0.38 0.37 0.36 0.35 0.34 0.33 0.33 0.32 0.30 0.29 0.27 0.28 0.29 0.30 0.33 0.36 0.43 0.51
2.72 2.34 2.29 2.90 2.81 2.12 1.53 1.29 1.27 1.13 0.97 0.95 0.98 1.00 1.00 0.96 0.94 0.91 0.87 0.86 0.88 0.89 0.90 0.82 0.68 0.71 0.87 0.90 0.83 0.74 0.74 0.85 0.89 0.87 0.85 0.80 0.71 0.65 0.65 0.63 0.58 0.57 0.58 0.58 0.58 0.57 0.57 0.56 0.56 0.56 0.55 0.55 0.54 0.53 0.52 0.50 0.49 0.48 0.47 0.46 0.45 0.44 0.42 0.41 0.40 0.39 0.38 0.37 0.36 0.35 0.35 0.34 0.34 0.33 0.32 0.31 0.29 0.28 0.27 0.28 0.33 0.40 0.47 0.57
2.19 2.05 2.22 2.70 3.02 2.58 1.53 1.11 1.10 0.93 0.77 0.79 0.89 0.92 0.93 0.91 0.88 0.84 0.80 0.80 0.83 0.85 0.85 0.77 0.64 0.67 0.84 0.87 0.81 0.72 0.71 0.78 0.82 0.83 0.83 0.78 0.68 0.62 0.63 0.62 0.55 0.53 0.55 0.55 0.54 0.54 0.54 0.53 0.54 0.54 0.54 0.53 0.52 0.51 0.51 0.50 0.49 0.47 0.46 0.45 0.44 0.43 0.42 0.41 0.40 0.39 0.38 0.38 0.37 0.36 0.36 0.35 0.35 0.34 0.34 0.33 0.31 0.29 0.27 0.28 0.34 0.43 0.49 0.56
1.62 1.76 2.08 2.49 2.96 2.55 1.32 0.82 0.83 0.71 0.60 0.66 0.79 0.85 0.87 0.85 0.81 0.78 0.76 0.75 0.78 0.80 0.80 0.73 0.61 0.65 0.79 0.82 0.78 0.72 0.71 0.74 0.76 0.77 0.77 0.74 0.66 0.61 0.61 0.59 0.53 0.49 0.51 0.50 0.50 0.50 0.49 0.48 0.50 0.52 0.52 0.52 0.51 0.50 0.49 0.48 0.47 0.46 0.46 0.45 0.44 0.43 0.42 0.41 0.40 0.39 0.39 0.38 0.38 0.38 0.37 0.37 0.36 0.36 0.36 0.35 0.33 0.31 0.29 0.30 0.36 0.43 0.49 0.52
1.70 1.81 2.13 2.68 2.73 1.94 1.21 0.86 0.69 0.60 0.52 0.58 0.71 0.79 0.82 0.80 0.75 0.74 0.73 0.71 0.73 0.75 0.76 0.70 0.59 0.63 0.75 0.76 0.74 0.72 0.70 0.70 0.70 0.69 0.69 0.69 0.65 0.60 0.59 0.57 0.52 0.48 0.48 0.50 0.50 0.50 0.50 0.49 0.52 0.54 0.53 0.52 0.50 0.49 0.49 0.47 0.46 0.46 0.45 0.44 0.43 0.42 0.42 0.41 0.41 0.40 0.40 0.39 0.39 0.39 0.39 0.38 0.38 0.37 0.37 0.36 0.35 0.33 0.32 0.32 0.34 0.40 0.47 0.52
2.63 2.28 2.23 2.44 2.13 1.60 1.22 0.94 0.78 0.65 0.54 0.57 0.66 0.73 0.77 0.74 0.71 0.71 0.70 0.68 0.68 0.70 0.71 0.66 0.58 0.62 0.71 0.71 0.70 0.69 0.67 0.66 0.64 0.63 0.63 0.63 0.63 0.60 0.58 0.54 0.50 0.49 0.51 0.54 0.56 0.57 0.58 0.59 0.61 0.60 0.57 0.54 0.51 0.50 0.48 0.47 0.46 0.45 0.44 0.43 0.43 0.42 0.42 0.41 0.41 0.41 0.41 0.41 0.41 0.40 0.40 0.40 0.40 0.39 0.39 0.38 0.37 0.35 0.33 0.31 0.31 0.35 0.44 0.53
2.92 2.53 2.08 1.99 1.82 1.56 1.20 0.94 0.83 0.71 0.62 0.59 0.62 0.70 0.73 0.71 0.68 0.68 0.68 0.65 0.66 0.66 0.66 0.65 0.60 0.61 0.66 0.66 0.65 0.65 0.64 0.62 0.59 0.57 0.58 0.59 0.60 0.59 0.55 0.52 0.50 0.50 0.52 0.54 0.55 0.56 0.57 0.58 0.59 0.56 0.54 0.54 0.52 0.49 0.47 0.45 0.45 0.44 0.44 0.43 0.43 0.42 0.42 0.42 0.42 0.42 0.42 0.42 0.42 0.42 0.42 0.42 0.41 0.41 0.41 0.40 0.39 0.37 0.34 0.32 0.31 0.33 0.39 0.47
3.15 2.66 2.03 1.87 1.80 1.57 1.18 0.95 0.87 0.75 0.65 0.59 0.59 0.66 0.71 0.69 0.65 0.66 0.66 0.64 0.63 0.62 0.62 0.64 0.61 0.57 0.59 0.60 0.61 0.62 0.60 0.58 0.55 0.52 0.54 0.57 0.57 0.56 0.53 0.52 0.51 0.50 0.50 0.50 0.50 0.50 0.50 0.50 0.49 0.47 0.46 0.45 0.45 0.45 0.45 0.44 0.44 0.43 0.43 0.43 0.43 0.43 0.43 0.43 0.43 0.43 0.43 0.44 0.44 0.44 0.44 0.44 0.43 0.43 0.42 0.42 0.41 0.39 0.36 0.34 0.32 0.34 0.36 0.42
3.29 2.71 2.01 1.81 1.73 1.54 1.17 1.00 0.94 0.80 0.67 0.57 0.58 0.62 0.67 0.67 0.63 0.65 0.65 0.63 0.61 0.59 0.61 0.64 0.60 0.53 0.52 0.56 0.59 0.58 0.54 0.55 0.53 0.51 0.55 0.57 0.55 0.54 0.53 0.52 0.51 0.49 0.49 0.49 0.48 0.48 0.48 0.47 0.46 0.44 0.42 0.40 0.40 0.41 0.42 0.43 0.43 0.43 0.42 0.43 0.43 0.43 0.43 0.43 0.44 0.44 0.45 0.45 0.46 0.46 0.46 0.46 0.45 0.45 0.44 0.44 0.43 0.41 0.38 0.34 0.31 0.31 0.34 0.40
3.23 2.61 1.97 1.76 1.58 1.45 1.21 1.05 1.01 0.89 0.67 0.57 0.59 0.58 0.62 0.63 0.60 0.63 0.65 0.64 0.60 0.57 0.63 0.70 0.62 0.50 0.48 0.53 0.55 0.53 0.51 0.52 0.52 0.51 0.54 0.55 0.53 0.53 0.53 0.52 0.50 0.48 0.47 0.47 0.47 0.46 0.46 0.46 0.44 0.41 0.39 0.38 0.39 0.39 0.39 0.40 0.40 0.40 0.41 0.42 0.43 0.43 0.44 0.45 0.45 0.46 0.46 0.47 0.47 0.48 0.48 0.48 0.48 0.47 0.47 0.46 0.45 0.43 0.40 0.35 0.28 0.24 0.24 0.31
2.98 2.49 1.91 1.66 1.41 1.31 1.25 1.13 1.05 0.95 0.71 0.59 0.58 0.54 0.57 0.58 0.57 0.63 0.67 0.68 0.62 0.61 0.77 0.80 0.60 0.43 0.43 0.48 0.49 0.48 0.48 0.49 0.49 0.48 0.49 0.51 0.51 0.51 0.51 0.51 0.50 0.48 0.47 0.47 0.47 0.47 0.47 0.46 0.44 0.42 0.40 0.39 0.38 0.39 0.39 0.39 0.39 0.38 0.39 0.40 0.42 0.44 0.45 0.46 0.46 0.47 0.48 0.48 0.49 0.50 0.50 0.50 0.50 0.50 0.49 0.48 0.47 0.45 0.42 0.36 0.28 0.19 0.13 0.19
2.61 2.30 1.82 1.50 1.30 1.19 1.19 1.16 1.06 1.00 0.86 0.65 0.54 0.50 0.50 0.50 0.55 0.63 0.71 0.74 0.71 0.80 0.90 0.74 0.43 0.31 0.35 0.41 0.43 0.45 0.46 0.46 0.47 0.46 0.47 0.49 0.48 0.47 0.47 0.47 0.46 0.46 0.46 0.46 0.47 0.47 0.47 0.45 0.44 0.43 0.43 0.43 0.44 0.44 0.45 0.45 0.43 0.39 0.36 0.37 0.41 0.44 0.46 0.47 0.48 0.49 0.49 0.50 0.51 0.51 0.52 0.52 0.52 0.52 0.51 0.50 0.49 0.48 0.45 0.40 0.33 0.22 0.14 0.20
2.34 2.07 1.67 1.41 1.25 1.11 1.05 1.05 1.00 1.03 1.00 0.71 0.49 0.46 0.44 0.44 0.51 0.63 0.78 0.89 0.94 0.96 0.81 0.47 0.25 0.22 0.29 0.36 0.39 0.41 0.43 0.44 0.44 0.44 0.45 0.47 0.46 0.45 0.45 0.46 0.45 0.44 0.43 0.43 0.44 0.45 0.45 0.45 0.44 0.44 0.44 0.46 0.48 0.49 0.49 0.48 0.46 0.44 0.43 0.41 0.42 0.44 0.47 0.48 0.49 0.50 0.51 0.52 0.53 0.53 0.54 0.54 0.54 0.54 0.54 0.53 0.52 0.51 0.48 0.45 0.39 0.31 0.23 0.26
2.14 1.86 1.53 1.42 1.30 1.08 0.93 0.89 0.90 1.02 1.05 0.75 0.48 0.42 0.41 0.40 0.46 0.58 0.81 1.06 1.07 0.86 0.49 0.26 0.15 0.16 0.25 0.32 0.36 0.38 0.40 0.41 0.42 0.43 0.44 0.45 0.45 0.45 0.46 0.47 0.46 0.44 0.42 0.42 0.42 0.42 0.42 0.42 0.42 0.43 0.43 0.44 0.46 0.48 0.49 0.52 0.54 0.58 0.60 0.56 0.50 0.47 0.48 0.50 0.51 0.52 0.53 0.54 0.54 0.55 0.56 0.56 0.57 0.57 0.56 0.56 0.55 0.54 0.52 0.50 0.46 0.40 0.34 0.34
1.89 1.67 1.41 1.37 1.33 1.16 0.92 0.77 0.75 0.96 1.04 0.76 0.51 0.43 0.39 0.41 0.45 0.55 0.85 1.10 0.96 0.47 0.22 0.12 0.08 0.13 0.22 0.29 0.32 0.35 0.37 0.39 0.41 0.42 0.43 0.43 0.44 0.44 0.45 0.46 0.45 0.44 0.42 0.41 0.40 0.39 0.39 0.38 0.37 0.38 0.39 0.40 0.43 0.44 0.47 0.53 0.60 0.63 0.64 0.62 0.57 0.51 0.50 0.51 0.52 0.53 0.54 0.55 0.56 0.57 0.58 0.58 0.59 0.59 0.59 0.59 0.58 0.58 0.56 0.54 0.52 0.48 0.43 0.41
1.66 1.50 1.28 1.23 1.27 1.19 0.97 0.70 0.56 0.80 1.00 0.81 0.56 0.46 0.41 0.46 0.54 0.68 0.95 1.00 0.64 0.14 0.05 0.04 0.05 0.12 0.21 0.27 0.30 0.33 0.34 0.36 0.39 0.40 0.40 0.41 0.42 0.43 0.44 0.45 0.44 0.43 0.43 0.42 0.40 0.37 0.35 0.36 0.37 0.37 0.36 0.38 0.41 0.43 0.43 0.45 0.47 0.48 0.51 0.55 0.56 0.54 0.52 0.52 0.53 0.54 0.56 0.57 0.58 0.59 0.60 0.60 0.61 0.62 0.62 0.62 0.62 0.61 0.60 0.59 0.58 0.56 0.53 0.50
1.54 1.40 1.19 1.16 1.23 1.16 0.94 0.62 0.40 0.61 0.89 0.82 0.62 0.49 0.44 0.56 0.65 0.75 0.90 0.74 0.36 0.15 0.10 0.04 0.04 0.12 0.20 0.25 0.28 0.29 0.30 0.34 0.38 0.39 0.38 0.39 0.41 0.42 0.43 0.44 0.44 0.46 0.48 0.48 0.46 0.42 0.40 0.40 0.41 0.44 0.47 0.48 0.46 0.45 0.43 0.39 0.36 0.37 0.43 0.49 0.52 0.52 0.52 0.53 0.54 0.55 0.57 0.58 0.59 0.60 0.61 0.62 0.63 0.64 0.64 0.65 0.65 0.64 0.64 0.64 0.63 0.63 0.62 0.61
1.44 1.33 1.16 1.15 1.21 1.10 0.84 0.55 0.42 0.57 0.78 0.78 0.63 0.48 0.45 0.60 0.66 0.71 0.80 0.57 0.28 0.24 0.17 0.09 0.06 0.13 0.19 0.23 0.25 0.26 0.30 0.37 0.41 0.39 0.37 0.38 0.40 0.41 0.42 0.42 0.44 0.47 0.50 0.54 0.57 0.59 0.57 0.56 0.56 0.60 0.64 0.62 0.54 0.48 0.45 0.42 0.40 0.40 0.43 0.47 0.51 0.52 0.52 0.53 0.55 0.56 0.58 0.59 0.60 0.62 0.63 0.64 0.65 0.66 0.67 0.67 0.68 0.68 0.68 0.68 0.68 0.68 0.69 0.70
1.31 1.29 1.20 1.15 1.15 1.01 0.80 0.57 0.47 0.53 0.65 0.67 0.53 0.43 0.45 0.57 0.61 0.73 0.78 0.42 0.29 0.29 0.22 0.13 0.10 0.15 0.18 0.22 0.24 0.29 0.36 0.40 0.38 0.35 0.34 0.35 0.37 0.39 0.40 0.41 0.42 0.45 0.48 0.52 0.59 0.67 0.71 0.73 0.74 0.73 0.69 0.64 0.58 0.52 0.49 0.46 0.43 0.42 0.42 0.45 0.49 0.51 0.52 0.53 0.55 0.57 0.58 0.60 0.62 0.63 0.65 0.66 0.67 0.68 0.69 0.69 0.70 0.71 0.71 0.72 0.72 0.73 0.74 0.75
1.27 1.27 1.20 1.08 1.03 0.95 0.81 0.64 0.53 0.50 0.52 0.47 0.37 0.38 0.45 0.55 0.62 0.71 0.68 0.43 0.33 0.29 0.25 0.19 0.16 0.17 0.19 0.21 0.25 0.30 0.33 0.32 0.29 0.28 0.29 0.31 0.34 0.36 0.38 0.39 0.41 0.43 0.45 0.48 0.52 0.57 0.62 0.66 0.65 0.61 0.58 0.59 0.58 0.55 0.52 0.50 0.46 0.43 0.43 0.43 0.45 0.48 0.50 0.52 0.54 0.57 0.59 0.61 0.63 0.64 0.66 0.67 0.68 0.70 0.71 0.72 0.73 0.73 0.74 0.75 0.76 0.77 0.78 0.80
1.35 1.29 1.13 0.96 0.89 0.88 0.78 0.67 0.59 0.51 0.45 0.38 0.31 0.33 0.43 0.54 0.61 0.58 0.44 0.39 0.33 0.25 0.27 0.28 0.25 0.21 0.20 0.21 0.23 0.25 0.25 0.24 0.24 0.25 0.26 0.28 0.31 0.33 0.35 0.37 0.40 0.42 0.44 0.45 0.45 0.45 0.46 0.48 0.49 0.49 0.52 0.56 0.59 0.57 0.55 0.55 0.54 0.50 0.47 0.47 0.47 0.47 0.48 0.49 0.51 0.55 0.58 0.60 0.63 0.65 0.67 0.68 0.70 0.71 0.72 0.74 0.75 0.76 0.77 0.78 0.79 0.80 0.82 0.84
1.41 1.25 1.01 0.86 0.79 0.75 0.67 0.64 0.59 0.50 0.44 0.37 0.29 0.29 0.38 0.49 0.51 0.43 0.34 0.31 0.27 0.31 0.42 0.39 0.27 0.18 0.16 0.17 0.19 0.20 0.20 0.20 0.21 0.22 0.25 0.28 0.31 0.32 0.33 0.34 0.37 0.40 0.43 0.45 0.46 0.48 0.49 0.50 0.52 0.55 0.58 0.59 0.63 0.64 0.62 0.61 0.61 0.59 0.54 0.52 0.53 0.54 0.52 0.50 0.49 0.51 0.54 0.59 0.62 0.65 0.68 0.69 0.71 0.72 0.74 0.75 0.76 0.78 0.79 0.80 0.81 0.83 0.84 0.86
1.26 1.12 0.93 0.82 0.73 0.65 0.60 0.57 0.54 0.47 0.43 0.36 0.29 0.28 0.31 0.39 0.42 0.32 0.23 0.21 0.30 0.47 0.45 0.23 0.10 0.10 0.11 0.13 0.14 0.14 0.14 0.15 0.16 0.19 0.23 0.27 0.29 0.31 0.32 0.33 0.36 0.38 0.41 0.44 0.48 0.51 0.52 0.53 0.56 0.61 0.64 0.65 0.67 0.70 0.71 0.70 0.68 0.67 0.63 0.58 0.59 0.62 0.63 0.60 0.55 0.52 0.52 0.56 0.60 0.65 0.68 0.70 0.71 0.73 0.75 0.76 0.78 0.79 0.80 0.82 0.83 0.85 0.87 0.88
1.06 0.96 0.86 0.77 0.65 0.59 0.55 0.51 0.47 0.43 0.39 0.34 0.27 0.25 0.26 0.31 0.34 0.28 0.20 0.29 0.47 0.50 0.27 0.04 0.05 0.06 0.07 0.08 0.08 0.09 0.09 0.11 0.13 0.16 0.18 0.20 0.23 0.26 0.29 0.32 0.34 0.36 0.38 0.41 0.44 0.47 0.51 0.54 0.58 0.63 0.68 0.71 0.71 0.71 0.74 0.75 0.75 0.77 0.75 0.67 0.61 0.63 0.68 0.70 0.67 0.60 0.57 0.56 0.58 0.63 0.68 0.70 0.71 0.73 0.75 0.77 0.79 0.80 0.81 0.83 0.84 0.86 0.88 0.90
0.89 0.83 0.75 0.68 0.59 0.53 0.50 0.47 0.42 0.38 0.35 0.30 0.24 0.20 0.25 0.33 0.37 0.36 0.36 0.44 0.48 0.27 0.04 0.04 0.06 0.07 0.07 0.06 0.06 0.07 0.09 0.11 0.13 0.13 0.14 0.14 0.17 0.21 0.25 0.28 0.30 0.32 0.35 0.39 0.43 0.49 0.56 0.61 0.64 0.67 0.70 0.73 0.75 0.77 0.77 0.77 0.79 0.82 0.84 0.81 0.72 0.69 0.71 0.75 0.76 0.70 0.64 0.61 0.61 0.63 0.67 0.68 0.69 0.72 0.75 0.77 0.79 0.80 0.82 0.83 0.85 0.87 0.89 0.91
0.76 0.71 0.65 0.59 0.53 0.48 0.44 0.42 0.38 0.34 0.31 0.28 0.24 0.24 0.31 0.37 0.40 0.39 0.38 0.40 0.28 0.03 0.05 0.06 0.09 0.11 0.10 0.09 0.09 0.10 0.11 0.13 0.13 0.12 0.12 0.12 0.14 0.17 0.19 0.22 0.24 0.28 0.31 0.35 0.40 0.45 0.52 0.60 0.65 0.69 0.72 0.75 0.77 0.80 0.85 0.86 0.85 0.85 0.88 0.89 0.86 0.81 0.80 0.82 0.83 0.80 0.73 0.69 0.68 0.70 0.74 0.72 0.67 0.68 0.73 0.76 0.78 0.80 0.81 0.83 0.85 0.87 0.89 0.91
0.65 0.61 0.55 0.50 0.47 0.43 0.39 0.36 0.34 0.31 0.28 0.26 0.25 0.26 0.29 0.32 0.33 0.30 0.24 0.16 0.05 0.03 0.08 0.11 0.13 0.15 0.17 0.16 0.14 0.14 0.13 0.12 0.12 0.12 0.12 0.12 0.12 0.13 0.15 0.17 0.21 0.24 0.28 0.32 0.36 0.39 0.44 0.52 0.61 0.69 0.74 0.78 0.80 0.81 0.84 0.89 0.92 0.92 0.92 0.92 0.90 0.87 0.85 0.87 0.90 0.89 0.83 0.78 0.76 0.80 0.86 0.85 0.74 0.68 0.69 0.73 0.75 0.77 0.79 0.81 0.83 0.86 0.88 0.90
0.53 0.50 0.45 0.42 0.40 0.38 0.34 0.30 0.29 0.28 0.26 0.24 0.24 0.24 0.25 0.25 0.25 0.20 0.13 0.06 0.02 0.07 0.12 0.17 0.20 0.23 0.24 0.24 0.23 0.20 0.17 0.15 0.14 0.15 0.15 0.13 0.13 0.13 0.15 0.17 0.20 0.23 0.26 0.29 0.33 0.37 0.42 0.48 0.58 0.70 0.79 0.84 0.88 0.89 0.86 0.86 0.90 0.96 0.98 0.97 0.94 0.91 0.88 0.88 0.91 0.93 0.91 0.85 0.84 0.88 0.94 1.00 0.96 0.81 0.75 0.77 0.76 0.74 0.76 0.78 0.80 0.82 0.85 0.88
0.43 0.41 0.37 0.35 0.35 0.32 0.29 0.25 0.25 0.26 0.25 0.25 0.25 0.23 0.22 0.20 0.18 0.14 0.09 0.07 0.08 0.10 0.15 0.22 0.27 0.30 0.32 0.33 0.32 0.29 0.25 0.21 0.20 0.20 0.20 0.17 0.16 0.16 0.16 0.17 0.19 0.22 0.25 0.28 0.31 0.35 0.39 0.45 0.53 0.64 0.77 0.86 0.93 0.99 0.99 0.94 0.91 0.94 0.99 1.03 1.01 0.97 0.96 0.95 0.94 0.96 0.95 0.88 0.87 0.94 0.99 1.04 1.10 1.06 0.96 0.92 0.86 0.77 0.78 0.81 0.79 0.75 0.79 0.85
0.36 0.34 0.31 0.30 0.30 0.28 0.26 0.25 0.28 0.32 0.34 0.33 0.30 0.24 0.20 0.18 0.15 0.13 0.10 0.11 0.13 0.16 0.20 0.25 0.33 0.38 0.40 0.43 0.44 0.40 0.35 0.31 0.28 0.27 0.27 0.25 0.22 0.19 0.17 0.17 0.19 0.22 0.25 0.28 0.31 0.35 0.39 0.45 0.51 0.58 0.67 0.77 0.86 0.96 1.05 1.08 1.02 0.98 1.01 1.05 1.07 1.03 0.99 1.01 1.02 1.01 1.01 0.95 0.87 0.94 1.05 1.08 1.11 1.15 1.13 1.07 1.00 0.89 0.86 0.91 0.87 0.74 0.71 0.78
0.33 0.31 0.29 0.30 0.31 0.33 0.38 0.40 0.42 0.41 0.36 0.30 0.23 0.20 0.18 0.17 0.17 0.16 0.15 0.16 0.18 0.22 0.25 0.27 0.33 0.41 0.47 0.50 0.55 0.53 0.45 0.40 0.36 0.36 0.35 0.32 0.28 0.24 0.22 0.21 0.20 0.22 0.25 0.29 0.32 0.36 0.40 0.45 0.51 0.58 0.65 0.73 0.79 0.87 0.98 1.10 1.13 1.10 1.07 1.10 1.15 1.15 1.06 1.03 1.05 1.04 1.05 1.03 0.93 0.92 1.05 1.17 1.16 1.15 1.19 1.19 1.14 1.02 0.93 0.97 1.00 0.87 0.71 0.70
0.32 0.31 0.32 0.38 0.43 0.47 0.46 0.43 0.38 0.31 0.24 0.20 0.19 0.19 0.19 0.21 0.23 0.25 0.26 0.27 0.27 0.26 0.27 0.28 0.32 0.42 0.51 0.54 0.59 0.60 0.56 0.52 0.47 0.44 0.42 0.37 0.33 0.30 0.30 0.28 0.24 0.20 0.22 0.27 0.31 0.35 0.40 0.44 0.48 0.55 0.66 0.77 0.85 0.88 0.93 1.03 1.14 1.19 1.16 1.15 1.22 1.29 1.22 1.11 1.10 1.08 1.03 1.04 1.01 0.94 1.00 1.19 1.26 1.21 1.21 1.25 1.25 1.17 1.04 1.00 1.05 1.02 0.83 0.68
0.37 0.37 0.40 0.43 0.43 0.39 0.33 0.27 0.23 0.20 0.19 0.19 0.20 0.22 0.24 0.26 0.28 0.31 0.37 0.40 0.38 0.32 0.29 0.30 0.33 0.38 0.49 0.60 0.71 0.74 0.66 0.61 0.59 0.56 0.51 0.43 0.37 0.36 0.36 0.35 0.32 0.28 0.24 0.24 0.29 0.35 0.40 0.43 0.47 0.53 0.62 0.74 0.87 0.94 0.97 1.01 1.10 1.20 1.21 1.15 1.18 1.31 1.36 1.25 1.20 1.19 1.08 1.01 1.01 0.99 1.00 1.17 1.32 1.31 1.28 1.28 1.29 1.27 1.19 1.10 1.08 1.09 0.98 0.77
0.41 0.41 0.41 0.39 0.34 0.28 0.23 0.21 0.21 0.21 0.22 0.21 0.22 0.26 0.31 0.33 0.34 0.37 0.43 0.49 0.53 0.47 0.35 0.34 0.36 0.38 0.45 0.60 0.77 0.92 0.86 0.70 0.65 0.67 0.67 0.58 0.49 0.44 0.42 0.42 0.43 0.43 0.37 0.28 0.29 0.33 0.36 0.40 0.45 0.51 0.58 0.67 0.79 0.93 1.00 1.03 1.09 1.19 1.24 1.18 1.14 1.25 1.37 1.38 1.35 1.35 1.28 1.11 0.99 0.98 1.00 1.12 1.30 1.36 1.36 1.35 1.33 1.33 1.31 1.23 1.15 1.14 1.06 0.89
0.41 0.39 0.36 0.33 0.29 0.27 0.27 0.27 0.27 0.28 0.29 0.32 0.32 0.35 0.37 0.38 0.37 0.41 0.47 0.60 0.73 0.74 0.55 0.41 0.41 0.40 0.40 0.45 0.60 0.86 1.02 0.91 0.74 0.72 0.72 0.71 0.65 0.55 0.48 0.46 0.46 0.45 0.43 0.38 0.35 0.34 0.35 0.38 0.43 0.48 0.55 0.65 0.76 0.89 1.00 1.04 1.09 1.21 1.31 1.28 1.21 1.24 1.35 1.40 1.42 1.46 1.48 1.37 1.15 1.00 0.98 1.07 1.23 1.35 1.40 1.42 1.39 1.38 1.42 1.41 1.30 1.21 1.10 0.98
0.46 0.41 0.35 0.32 0.30 0.29 0.30 0.32 0.34 0.36 0.39 0.42 0.45 0.45 0.43 0.42 0.40 0.45 0.59 0.74 0.87 0.97 0.87 0.57 0.46 0.47 0.45 0.43 0.44 0.61 0.93 1.08 0.94 0.76 0.69 0.66 0.65 0.60 0.52 0.48 0.45 0.45 0.46 0.45 0.41 0.38 0.38 0.41 0.44 0.48 0.53 0.61 0.74 0.89 1.00 1.06 1.09 1.19 1.34 1.38 1.32 1.30 1.38 1.42 1.40 1.47 1.56 1.57 1.46 1.26 1.14 1.16 1.24 1.34 1.45 1.50 1.46 1.40 1.43 1.52 1.54 1.37 1.15 1.05
