windninja/windninja_output/Output_2025-10-23_0600-0650_Google earth_Fire_150m_10min/merlingen_7.5mi_point_10-23-2025_0640_150m_vel.asc
ncols	158
nrows	163
xllcorner	391686.332397
yllcorner	5160024.123721
cellsize	150.000000
NODATA_value	-32768.000000
[rows 0 to 37 of 163, columns 0 to 83 of 158]
4.72 4.76 4.81 4.82 5.00 5.14 4.95 4.98 5.30 5.35 5.31 5.42 5.98 6.78 6.97 6.45 5.68 5.05 5.02 5.03 4.30 4.05 5.06 5.67 5.56 5.13 4.74 4.84 5.19 5.22 5.14 5.13 5.06 4.88 4.91 5.01 4.63 4.39 4.38 4.22 4.30 4.48 4.42 4.38 4.30 4.13 4.07 3.84 3.71 3.89 4.00 4.04 4.11 4.07 3.96 3.95 3.94 3.94 3.92 3.78 3.68 3.73 3.77 3.77 3.80 3.86 3.94 3.91 3.74 3.49 3.34 3.31 3.36 3.42 3.47 3.43 3.36 3.34 3.26 3.13 3.10 3.12 3.23 3.24
4.61 4.73 4.75 4.68 4.88 5.05 4.89 4.88 5.14 5.15 5.02 4.97 5.40 6.31 6.93 6.88 6.24 5.45 5.36 5.33 4.37 3.70 4.35 5.32 5.73 5.45 4.91 4.76 5.00 5.09 5.07 5.08 5.06 4.92 4.85 5.05 4.86 4.59 4.53 4.30 4.28 4.42 4.43 4.50 4.44 4.27 4.27 4.05 3.70 3.71 3.84 3.89 3.97 3.99 3.91 3.88 3.90 3.93 3.97 3.83 3.64 3.63 3.69 3.69 3.64 3.67 3.82 3.92 3.86 3.59 3.34 3.27 3.30 3.35 3.40 3.38 3.36 3.43 3.34 3.11 3.03 3.08 3.19 3.25
4.34 4.64 4.66 4.52 4.75 4.74 4.69 4.89 5.04 4.90 4.58 4.27 4.50 5.37 6.57 7.30 6.95 6.17 5.97 5.72 4.73 3.62 3.44 4.45 5.63 5.80 5.25 4.83 4.81 4.92 5.01 5.01 4.95 4.92 4.88 4.98 5.02 4.90 4.72 4.46 4.35 4.35 4.40 4.59 4.55 4.38 4.42 4.35 3.94 3.65 3.70 3.76 3.84 3.92 3.85 3.80 3.84 3.87 3.97 3.93 3.68 3.54 3.56 3.60 3.48 3.45 3.65 3.92 4.01 3.71 3.33 3.21 3.24 3.27 3.30 3.23 3.28 3.54 3.48 3.09 2.90 3.10 3.19 3.15
3.99 4.51 4.72 4.59 4.74 4.50 4.48 4.93 5.06 4.81 4.34 3.90 4.10 4.80 5.90 7.17 7.15 6.57 6.36 6.00 5.15 4.18 3.38 3.63 4.99 5.69 5.57 5.24 4.99 5.04 5.21 5.18 5.01 4.94 4.89 4.86 4.91 4.93 4.79 4.55 4.44 4.38 4.47 4.62 4.54 4.41 4.37 4.37 4.22 3.98 3.83 3.76 3.85 3.98 3.92 3.80 3.80 3.80 3.85 3.89 3.75 3.53 3.49 3.55 3.46 3.40 3.55 3.88 4.06 3.74 3.32 3.23 3.26 3.25 3.20 3.09 3.13 3.47 3.54 3.08 2.75 3.09 3.31 3.06
3.63 4.18 4.70 4.71 4.73 4.47 4.39 4.77 4.85 4.56 4.09 3.64 3.75 4.48 5.64 6.92 7.23 6.76 6.38 6.20 5.63 4.71 3.59 3.13 4.18 5.09 5.47 5.50 5.29 5.31 5.50 5.61 5.54 5.25 4.92 4.87 4.90 4.92 4.86 4.63 4.42 4.39 4.57 4.64 4.54 4.47 4.37 4.26 4.21 4.15 3.97 3.79 3.82 3.99 4.00 3.89 3.84 3.80 3.76 3.78 3.72 3.53 3.45 3.50 3.45 3.39 3.49 3.85 4.06 3.70 3.35 3.30 3.30 3.22 3.15 3.09 3.07 3.26 3.40 3.11 2.70 2.88 3.28 3.13
3.53 3.81 4.33 4.65 4.73 4.56 4.48 4.66 4.53 4.14 3.79 3.42 3.31 4.10 5.58 6.57 7.15 6.97 6.38 6.21 6.00 5.27 3.88 2.91 3.41 4.24 4.75 5.11 5.19 5.25 5.44 5.76 5.95 5.74 5.31 5.07 5.05 5.02 4.96 4.77 4.51 4.43 4.57 4.59 4.50 4.49 4.37 4.22 4.16 4.10 3.99 3.92 3.88 3.95 4.01 3.97 3.90 3.83 3.75 3.70 3.67 3.52 3.43 3.48 3.45 3.39 3.44 3.81 4.00 3.65 3.43 3.47 3.38 3.15 3.06 3.19 3.23 3.19 3.09 2.99 2.86 2.86 3.10 3.12
3.73 3.77 3.92 4.26 4.59 4.64 4.67 4.63 4.26 3.84 3.55 3.26 3.05 3.81 5.51 6.29 6.75 7.02 6.66 6.35 6.30 5.88 4.50 3.05 2.95 3.52 4.00 4.43 4.69 4.85 5.10 5.53 5.85 5.83 5.68 5.46 5.27 5.17 5.06 4.88 4.68 4.57 4.58 4.52 4.41 4.42 4.34 4.18 4.11 3.98 3.90 4.00 4.02 4.00 4.07 4.05 3.95 3.86 3.73 3.64 3.58 3.45 3.43 3.51 3.51 3.43 3.44 3.76 3.89 3.53 3.44 3.66 3.56 3.12 2.95 3.18 3.39 3.32 2.89 2.82 3.08 3.07 2.97 3.02
3.90 3.94 3.90 3.96 4.27 4.50 4.67 4.57 4.12 3.70 3.41 3.09 2.92 3.71 5.36 6.16 6.24 6.70 6.81 6.51 6.55 6.42 5.31 3.71 2.85 2.94 3.53 4.01 4.17 4.34 4.75 5.23 5.47 5.52 5.61 5.59 5.37 5.22 5.13 4.96 4.81 4.71 4.65 4.55 4.42 4.35 4.26 4.15 4.02 3.85 3.79 3.93 3.99 4.05 4.23 4.18 4.01 3.90 3.73 3.60 3.47 3.29 3.34 3.53 3.62 3.57 3.52 3.71 3.78 3.43 3.33 3.67 3.66 3.24 2.97 3.07 3.38 3.36 2.84 2.76 3.27 3.25 2.88 2.91
3.91 4.05 4.12 4.02 4.09 4.28 4.46 4.40 4.06 3.68 3.36 2.98 2.75 3.43 5.08 6.03 6.01 6.27 6.61 6.59 6.68 6.69 5.99 4.69 3.32 2.68 3.18 3.78 3.79 3.98 4.61 4.94 5.03 5.29 5.55 5.55 5.30 5.14 5.10 5.02 4.90 4.79 4.67 4.56 4.48 4.32 4.17 4.13 3.94 3.67 3.75 3.91 3.79 3.91 4.37 4.34 4.04 3.93 3.79 3.57 3.38 3.12 3.05 3.31 3.60 3.74 3.68 3.66 3.64 3.44 3.37 3.56 3.54 3.31 3.07 3.04 3.28 3.23 2.84 2.88 3.42 3.38 2.81 2.71
3.91 4.06 4.26 4.20 4.10 4.18 4.28 4.25 4.03 3.72 3.44 3.04 2.66 3.07 4.52 5.72 5.99 6.05 6.17 6.50 6.78 6.76 6.40 5.38 4.12 3.04 2.91 3.56 3.70 3.85 4.62 4.76 4.65 5.12 5.58 5.56 5.25 5.06 5.08 5.07 4.97 4.88 4.74 4.58 4.52 4.32 4.10 4.12 3.91 3.49 3.63 3.88 3.66 3.81 4.36 4.45 4.06 3.89 3.81 3.55 3.36 3.14 2.82 2.85 3.36 3.74 3.75 3.61 3.42 3.42 3.57 3.59 3.41 3.23 3.11 3.07 3.21 3.03 2.76 3.09 3.53 3.49 2.90 2.55
3.94 4.07 4.28 4.27 4.15 4.16 4.22 4.22 4.04 3.77 3.57 3.22 2.77 2.85 3.93 5.24 5.85 5.98 5.80 6.08 6.62 6.76 6.63 5.81 4.75 3.79 3.06 3.36 3.76 3.93 4.53 4.65 4.49 4.93 5.42 5.49 5.27 5.04 5.06 5.11 5.03 4.98 4.86 4.62 4.59 4.41 4.03 4.05 3.93 3.45 3.52 3.71 3.58 3.85 4.25 4.46 4.12 3.79 3.71 3.51 3.44 3.28 2.76 2.64 3.20 3.57 3.63 3.46 3.10 3.27 3.68 3.70 3.40 3.14 3.07 3.11 3.23 3.01 2.67 3.03 3.46 3.55 3.17 2.72
3.99 4.09 4.26 4.27 4.18 4.16 4.20 4.22 4.08 3.85 3.69 3.42 3.00 2.84 3.59 4.84 5.56 5.85 5.74 5.75 6.15 6.48 6.60 6.06 5.19 4.35 3.50 3.42 3.82 4.06 4.40 4.57 4.54 4.82 5.15 5.27 5.21 5.05 5.06 5.05 4.99 5.05 4.92 4.66 4.72 4.63 4.11 3.95 3.95 3.65 3.56 3.51 3.48 3.87 4.15 4.29 4.12 3.76 3.56 3.44 3.53 3.41 2.89 2.81 3.23 3.36 3.39 3.16 2.74 3.03 3.59 3.71 3.46 3.07 2.97 3.14 3.31 3.22 2.89 2.89 3.18 3.42 3.36 3.13
4.06 4.12 4.22 4.24 4.21 4.22 4.21 4.19 4.10 3.95 3.80 3.58 3.22 2.97 3.51 4.69 5.27 5.48 5.70 5.76 5.85 6.06 6.24 6.01 5.39 4.61 3.89 3.72 3.94 4.13 4.33 4.55 4.67 4.74 4.88 5.11 5.12 5.03 5.03 4.91 4.91 5.06 4.86 4.67 4.85 4.83 4.41 4.13 4.13 4.04 3.75 3.47 3.47 3.89 4.20 4.10 3.90 3.64 3.43 3.50 3.71 3.57 3.24 3.19 3.23 3.19 3.14 2.87 2.53 2.81 3.27 3.51 3.49 3.03 2.78 3.01 3.26 3.39 3.20 2.88 2.94 3.22 3.35 3.43
4.12 4.15 4.20 4.21 4.22 4.27 4.26 4.21 4.15 4.03 3.89 3.70 3.34 3.15 3.72 4.79 5.26 5.10 5.35 5.74 5.74 5.74 5.88 5.79 5.38 4.77 4.22 4.07 4.14 4.23 4.39 4.56 4.72 4.65 4.63 5.06 5.18 5.05 4.96 4.75 4.86 4.99 4.71 4.58 4.77 4.72 4.40 4.33 4.55 4.51 4.02 3.63 3.54 3.95 4.40 4.10 3.59 3.25 3.18 3.60 4.00 3.84 3.68 3.52 3.21 3.07 3.00 2.91 2.67 2.55 2.81 3.19 3.43 3.08 2.70 2.77 3.10 3.40 3.31 2.99 2.97 3.13 3.29 3.50
4.18 4.19 4.22 4.22 4.22 4.26 4.27 4.26 4.23 4.11 3.99 3.83 3.43 3.21 3.88 5.05 5.55 5.08 4.95 5.45 5.57 5.45 5.56 5.57 5.32 4.88 4.42 4.32 4.33 4.34 4.61 4.76 4.68 4.54 4.51 4.92 5.17 5.16 5.00 4.73 4.78 4.79 4.73 4.70 4.60 4.48 4.16 3.97 4.48 4.95 4.61 3.94 3.67 4.10 4.58 4.30 3.51 2.87 2.83 3.58 4.25 4.17 3.98 3.63 3.26 3.20 3.14 3.17 2.95 2.43 2.38 2.96 3.30 3.06 2.66 2.68 3.02 3.22 3.22 3.20 3.17 3.13 3.21 3.38
4.22 4.23 4.25 4.26 4.25 4.27 4.27 4.28 4.29 4.19 4.09 3.95 3.60 3.20 3.71 5.19 5.84 5.38 4.92 5.10 5.31 5.21 5.24 5.34 5.34 5.02 4.47 4.39 4.53 4.46 4.77 5.00 4.71 4.58 4.63 4.75 4.98 5.16 5.03 4.86 4.78 4.58 4.81 5.02 4.52 4.33 4.35 3.77 3.70 4.62 5.04 4.38 3.96 4.28 4.58 4.59 3.93 2.90 2.66 3.51 4.34 4.43 4.07 3.41 3.34 3.64 3.48 3.38 3.23 2.50 2.26 2.76 3.09 2.82 2.60 2.70 2.87 2.99 3.18 3.48 3.33 3.01 3.09 3.17
4.25 4.26 4.28 4.30 4.29 4.31 4.31 4.30 4.33 4.27 4.18 4.05 3.83 3.36 3.54 4.96 5.80 5.64 5.21 5.04 5.07 5.00 4.95 5.10 5.34 5.19 4.58 4.33 4.57 4.67 4.89 5.00 4.74 4.73 4.84 4.81 4.91 5.04 4.94 4.90 4.83 4.58 4.83 5.13 4.65 4.32 4.54 4.17 3.66 4.09 4.71 4.52 4.22 4.29 4.40 4.58 4.43 3.49 2.85 3.62 4.43 4.54 4.02 3.20 3.31 3.94 3.88 3.59 3.37 2.73 2.31 2.49 2.75 2.61 2.53 2.59 2.60 2.91 3.37 3.61 3.23 2.86 2.95 2.96
4.28 4.30 4.32 4.33 4.33 4.35 4.36 4.37 4.37 4.37 4.29 4.16 4.03 3.72 3.72 4.61 5.48 5.57 5.33 5.16 5.01 4.84 4.74 4.90 5.19 5.18 4.76 4.37 4.43 4.73 4.96 4.89 4.72 4.86 5.09 5.16 5.09 4.97 4.86 4.91 4.88 4.73 4.82 4.91 4.74 4.51 4.42 4.32 4.24 4.30 4.32 4.26 4.22 4.24 4.20 4.34 4.53 4.06 3.40 3.77 4.48 4.56 3.92 3.24 3.34 3.96 4.20 3.84 3.35 2.93 2.59 2.37 2.57 2.60 2.34 2.33 2.47 2.95 3.50 3.42 3.01 2.88 2.85 2.79
4.30 4.31 4.34 4.36 4.38 4.40 4.41 4.44 4.42 4.41 4.41 4.32 4.20 4.06 4.03 4.47 5.14 5.32 5.21 5.15 5.00 4.81 4.69 4.81 5.01 5.03 4.85 4.56 4.41 4.61 4.81 4.73 4.68 4.87 5.23 5.48 5.38 5.01 4.74 4.88 4.88 4.78 4.87 4.76 4.69 4.72 4.48 4.19 4.35 4.58 4.35 4.07 4.00 4.05 4.08 4.19 4.38 4.26 3.87 3.91 4.45 4.54 3.92 3.45 3.50 3.90 4.30 3.99 3.37 3.20 2.93 2.43 2.49 2.52 2.16 2.14 2.38 2.82 3.31 3.18 2.93 2.92 2.71 2.57
4.34 4.34 4.35 4.38 4.42 4.46 4.48 4.51 4.48 4.42 4.48 4.51 4.39 4.30 4.32 4.54 4.93 5.08 5.06 5.08 4.98 4.83 4.74 4.80 4.92 4.94 4.88 4.73 4.54 4.53 4.56 4.55 4.62 4.82 5.19 5.53 5.56 5.12 4.70 4.86 4.88 4.79 4.91 4.81 4.73 4.86 4.79 4.28 4.16 4.60 4.57 4.15 3.85 3.76 3.93 4.08 4.21 4.33 4.21 4.08 4.34 4.50 4.05 3.64 3.67 3.91 4.18 4.01 3.64 3.50 3.05 2.42 2.41 2.45 2.17 2.02 2.13 2.56 3.03 3.11 2.99 2.92 2.65 2.39
4.39 4.38 4.37 4.40 4.44 4.51 4.56 4.59 4.57 4.46 4.50 4.62 4.55 4.47 4.53 4.65 4.83 4.93 4.98 5.03 4.95 4.83 4.78 4.80 4.88 4.91 4.89 4.79 4.64 4.52 4.38 4.35 4.64 5.01 5.33 5.60 5.72 5.28 4.76 4.86 4.88 4.83 4.90 4.89 4.93 4.97 4.90 4.47 4.15 4.49 4.66 4.36 3.96 3.68 3.72 3.84 3.98 4.22 4.38 4.26 4.23 4.52 4.35 3.83 3.79 3.97 4.01 4.01 3.91 3.57 2.90 2.35 2.39 2.51 2.25 1.84 1.89 2.42 2.96 3.15 3.07 2.91 2.66 2.32
4.44 4.43 4.41 4.43 4.48 4.53 4.61 4.67 4.66 4.55 4.57 4.69 4.67 4.59 4.64 4.71 4.78 4.88 4.96 4.99 4.93 4.82 4.79 4.79 4.82 4.89 4.89 4.81 4.67 4.50 4.25 4.12 4.55 5.19 5.37 5.55 5.84 5.48 4.86 4.83 4.88 4.91 5.01 5.06 5.14 5.07 4.89 4.61 4.31 4.41 4.64 4.52 4.19 3.82 3.62 3.64 3.78 3.96 4.20 4.34 4.24 4.59 4.63 4.03 3.94 4.04 3.93 4.02 3.94 3.32 2.67 2.40 2.52 2.68 2.30 1.66 1.62 2.24 2.91 3.27 3.20 2.88 2.71 2.41
4.46 4.46 4.46 4.49 4.54 4.56 4.62 4.72 4.75 4.69 4.64 4.72 4.79 4.72 4.70 4.74 4.75 4.87 4.97 4.97 4.92 4.83 4.81 4.77 4.76 4.86 4.88 4.82 4.73 4.54 4.18 3.91 4.43 5.20 5.33 5.42 5.66 5.54 5.07 4.80 4.79 4.91 5.11 5.27 5.34 5.19 4.94 4.69 4.44 4.37 4.63 4.58 4.31 4.04 3.73 3.59 3.68 3.74 3.76 4.16 4.35 4.69 4.86 4.35 4.20 4.11 3.87 3.89 3.64 3.06 2.64 2.52 2.75 2.92 2.41 1.59 1.35 1.93 2.68 3.24 3.34 3.00 2.90 2.60
4.48 4.48 4.50 4.56 4.60 4.61 4.65 4.73 4.82 4.82 4.72 4.70 4.84 4.86 4.79 4.76 4.76 4.85 4.96 4.93 4.89 4.85 4.81 4.75 4.73 4.81 4.84 4.85 4.83 4.62 4.16 3.81 4.31 5.05 5.33 5.47 5.45 5.35 5.19 4.85 4.66 4.83 5.09 5.36 5.57 5.33 4.90 4.79 4.56 4.39 4.64 4.60 4.35 4.24 3.94 3.62 3.65 3.61 3.38 3.75 4.34 4.82 5.13 4.90 4.47 3.97 3.63 3.52 3.25 2.95 2.73 2.70 3.03 3.12 2.49 1.59 1.24 1.72 2.31 2.85 3.27 3.21 3.11 2.87
4.53 4.51 4.53 4.60 4.65 4.66 4.68 4.77 4.89 4.92 4.82 4.72 4.79 4.93 4.88 4.82 4.81 4.85 4.93 4.88 4.84 4.84 4.78 4.69 4.68 4.76 4.82 4.96 5.10 4.78 4.21 3.92 4.17 4.75 5.22 5.47 5.46 5.36 5.20 4.88 4.61 4.69 4.94 5.42 5.78 5.29 4.82 4.93 4.76 4.52 4.62 4.60 4.45 4.36 4.08 3.70 3.64 3.52 3.20 3.38 4.12 4.95 5.49 5.31 4.39 3.58 3.24 3.06 2.98 2.93 2.85 2.96 3.34 3.17 2.30 1.59 1.44 1.72 2.00 2.34 2.89 3.17 3.15 3.09
4.58 4.56 4.57 4.64 4.69 4.70 4.71 4.84 4.98 4.97 4.90 4.82 4.81 4.89 4.90 4.88 4.89 4.88 4.90 4.85 4.80 4.79 4.72 4.62 4.58 4.61 4.79 5.20 5.56 5.14 4.38 4.12 4.13 4.36 4.92 5.27 5.47 5.67 5.39 4.85 4.61 4.57 4.80 5.48 5.69 5.06 4.89 5.08 4.93 4.74 4.66 4.68 4.60 4.43 4.14 3.73 3.51 3.44 3.29 3.33 4.01 5.18 5.74 5.17 4.04 3.28 2.90 2.70 2.86 3.06 3.16 3.41 3.48 2.91 2.02 1.58 1.85 1.99 1.86 1.95 2.47 2.86 2.90 3.08
4.63 4.62 4.63 4.68 4.73 4.73 4.76 4.92 5.04 5.01 4.96 4.93 4.91 4.87 4.87 4.91 4.93 4.91 4.89 4.85 4.78 4.72 4.63 4.52 4.44 4.34 4.62 5.48 6.01 5.60 4.84 4.49 4.29 4.08 4.35 4.75 5.25 6.00 5.81 4.93 4.59 4.63 4.84 5.39 5.35 4.77 4.97 5.28 5.13 4.85 4.70 4.86 4.79 4.58 4.24 3.51 3.15 3.41 3.57 3.67 4.55 5.67 5.56 4.54 3.72 3.22 2.77 2.56 2.82 3.33 3.78 3.80 3.29 2.56 1.72 1.45 2.14 2.50 2.02 1.83 2.19 2.44 2.50 2.79
4.64 4.68 4.71 4.74 4.78 4.78 4.83 5.00 5.06 5.02 5.02 5.03 5.02 4.93 4.87 4.93 4.95 4.89 4.88 4.84 4.76 4.67 4.53 4.39 4.25 4.01 4.30 5.49 6.24 6.01 5.62 5.21 4.65 4.18 4.00 4.02 4.66 5.98 6.23 5.18 4.56 4.83 4.93 5.08 4.99 4.51 4.79 5.37 5.46 4.92 4.57 4.97 5.06 4.90 4.35 3.01 2.64 3.45 4.02 4.33 5.27 5.81 4.91 3.74 3.31 3.12 2.71 2.53 2.88 3.62 4.25 3.89 3.00 2.25 1.50 1.25 2.08 2.92 2.52 1.92 1.96 2.07 2.20 2.54
4.65 4.71 4.79 4.81 4.84 4.85 4.93 5.06 5.07 5.03 5.07 5.11 5.11 5.03 4.93 4.94 4.96 4.88 4.83 4.82 4.74 4.64 4.45 4.24 4.00 3.69 3.99 5.17 6.06 6.24 6.41 6.22 5.29 4.64 4.17 3.72 4.19 5.60 6.38 5.41 4.70 5.01 4.90 4.84 4.67 4.28 4.47 5.12 5.73 5.20 4.40 4.88 5.30 5.23 4.46 2.67 2.23 3.48 4.57 5.06 5.56 5.42 4.36 3.28 2.96 2.91 2.56 2.53 3.16 3.97 4.37 3.80 2.83 2.10 1.44 1.22 1.84 3.01 3.01 2.24 1.90 1.83 2.04 2.45
4.69 4.74 4.82 4.89 4.94 4.94 5.00 5.09 5.09 5.07 5.11 5.17 5.17 5.13 5.05 4.97 4.96 4.88 4.80 4.78 4.70 4.60 4.39 4.13 3.77 3.41 3.67 4.62 5.36 5.86 6.70 7.18 6.37 5.53 4.76 3.80 3.89 5.34 6.32 5.50 4.93 5.04 4.77 4.84 4.49 4.08 4.32 4.75 5.57 5.41 4.54 4.81 5.38 5.46 4.68 2.92 2.24 3.46 4.99 5.77 5.57 4.70 3.91 3.26 2.90 2.76 2.39 2.55 3.63 4.34 4.26 3.52 2.71 2.12 1.55 1.38 1.90 2.84 3.26 2.79 2.05 1.70 1.86 2.31
4.78 4.78 4.81 4.94 5.08 5.07 5.04 5.10 5.15 5.12 5.14 5.22 5.23 5.21 5.16 5.03 4.95 4.88 4.80 4.75 4.66 4.53 4.36 4.07 3.68 3.34 3.45 4.02 4.47 4.91 6.01 7.21 7.23 6.65 5.44 3.78 3.74 5.21 6.21 5.53 4.97 4.90 4.60 4.84 4.55 4.05 4.31 4.69 5.22 5.17 4.68 4.82 5.24 5.60 5.03 3.39 2.78 3.71 5.21 6.21 5.38 3.85 3.39 3.32 3.11 2.76 2.30 2.60 4.01 4.67 3.99 3.03 2.57 2.19 1.69 1.62 1.89 2.56 3.31 3.25 2.35 1.65 1.68 2.11
4.91 4.83 4.80 4.98 5.23 5.22 5.07 5.12 5.21 5.19 5.20 5.26 5.28 5.28 5.23 5.11 4.98 4.89 4.78 4.71 4.63 4.48 4.29 4.03 3.69 3.42 3.39 3.60 3.83 4.34 5.47 6.70 7.31 7.40 6.00 3.66 3.61 5.31 6.04 5.45 4.98 4.68 4.41 4.68 4.55 4.17 4.45 4.86 4.94 4.74 4.60 4.69 4.90 5.49 5.19 3.75 3.53 4.39 5.47 6.32 5.27 3.39 2.94 3.32 3.48 2.96 2.31 2.64 4.17 4.79 3.62 2.70 2.57 2.22 1.72 1.65 1.79 2.34 3.24 3.52 2.69 1.73 1.64 2.00
5.01 4.92 4.81 5.01 5.36 5.30 5.10 5.17 5.26 5.25 5.24 5.31 5.35 5.33 5.29 5.18 5.04 4.94 4.78 4.66 4.61 4.45 4.18 4.01 3.80 3.45 3.31 3.26 3.31 4.00 5.43 6.62 7.24 7.82 6.53 3.73 3.56 5.41 5.76 5.13 4.96 4.56 4.30 4.57 4.46 4.30 4.70 4.93 4.68 4.61 4.61 4.51 4.56 5.05 5.06 4.02 3.93 4.96 5.88 6.25 4.96 3.11 2.57 3.26 3.92 3.38 2.45 2.62 4.10 4.71 3.52 2.74 2.70 2.19 1.65 1.55 1.67 2.19 3.08 3.60 2.91 1.94 1.83 2.01
5.02 5.00 4.94 5.13 5.44 5.32 5.15 5.22 5.33 5.31 5.26 5.35 5.39 5.37 5.35 5.22 5.10 5.02 4.84 4.67 4.61 4.44 4.10 3.97 3.91 3.53 3.23 2.93 2.79 3.53 5.12 6.50 7.01 7.88 7.38 4.31 3.52 5.22 5.46 4.86 4.90 4.57 4.32 4.57 4.43 4.48 4.83 4.75 4.55 4.65 4.65 4.47 4.40 4.54 4.67 4.21 4.03 4.89 6.00 6.32 5.02 3.00 2.18 3.01 4.19 3.96 2.87 2.62 3.65 4.48 3.73 2.97 2.73 2.10 1.58 1.48 1.59 1.99 2.82 3.45 3.09 2.35 2.22 2.21
4.99 5.03 5.12 5.36 5.50 5.35 5.21 5.27 5.42 5.40 5.32 5.37 5.40 5.39 5.35 5.25 5.14 5.06 4.91 4.74 4.65 4.45 4.13 3.95 3.88 3.60 3.22 2.80 2.58 3.19 4.74 6.07 6.61 7.52 7.86 5.57 3.67 4.71 5.18 4.77 4.82 4.62 4.43 4.57 4.57 4.71 4.73 4.52 4.58 4.68 4.61 4.52 4.39 4.27 4.33 4.36 4.29 4.55 5.45 6.32 5.51 3.29 1.95 2.54 4.11 4.47 3.63 2.94 3.41 4.18 3.72 3.04 2.69 2.09 1.63 1.52 1.58 1.87 2.40 3.01 3.16 2.84 2.67 2.59
4.98 5.03 5.23 5.55 5.61 5.40 5.28 5.34 5.51 5.50 5.41 5.40 5.42 5.40 5.34 5.27 5.18 5.10 4.95 4.79 4.68 4.50 4.26 4.04 3.81 3.56 3.18 2.82 2.63 3.24 4.59 5.49 6.19 7.12 7.71 6.39 4.40 4.37 4.92 4.77 4.71 4.70 4.63 4.60 4.78 4.97 4.58 4.43 4.65 4.65 4.56 4.53 4.44 4.26 4.29 4.44 4.49 4.43 4.82 5.95 5.82 3.75 2.02 2.14 3.61 4.61 4.38 3.67 3.72 3.87 3.26 2.89 2.69 2.16 1.82 1.61 1.56 1.80 2.06 2.39 2.80 2.92 3.00 3.03
5.04 5.10 5.29 5.59 5.66 5.50 5.38 5.40 5.54 5.59 5.52 5.44 5.43 5.40 5.36 5.29 5.20 5.12 4.99 4.83 4.71 4.57 4.37 4.14 3.85 3.52 3.13 2.75 2.75 3.68 4.68 5.13 5.90 6.76 7.16 6.42 5.13 4.62 4.87 4.87 4.66 4.70 4.80 4.72 4.94 5.09 4.58 4.47 4.64 4.55 4.56 4.49 4.41 4.39 4.38 4.40 4.46 4.47 4.63 5.49 5.78 4.16 2.38 2.04 2.90 4.24 4.85 4.54 4.03 3.34 2.66 2.72 2.72 2.29 1.95 1.68 1.50 1.67 2.01 2.22 2.30 2.51 2.93 3.27
5.18 5.25 5.44 5.59 5.62 5.58 5.53 5.49 5.54 5.64 5.60 5.48 5.43 5.43 5.39 5.31 5.22 5.12 5.02 4.89 4.76 4.62 4.44 4.24 3.96 3.56 3.12 2.66 2.95 4.29 4.78 4.96 5.58 6.15 6.56 5.96 5.02 4.88 5.15 5.05 4.78 4.77 4.82 4.87 5.11 5.09 4.63 4.52 4.54 4.59 4.67 4.42 4.28 4.49 4.50 4.28 4.24 4.47 4.65 5.16 5.54 4.48 2.94 2.17 2.38 3.64 5.00 5.13 4.06 2.90 2.50 2.73 2.85 2.38 1.86 1.69 1.50 1.44 2.06 2.37 2.03 2.05 2.52 3.07
