windninja/windninja_output/Output_2025-10-23_0600-0650_Google earth_Fire_150m_10min/merlingen_7.5mi_point_10-23-2025_0650_150m_vel.asc
ncols	158
nrows	163
xllcorner	391686.332397
yllcorner	5160024.123721
cellsize	150.000000
NODATA_value	-32768.000000
[rows 38 to 75 of 163, columns 0 to 83 of 158]
1.90 1.93 1.99 2.02 2.02 2.03 2.05 2.05 2.03 2.05 2.06 2.02 2.01 2.02 2.00 1.96 1.93 1.89 1.86 1.83 1.78 1.72 1.66 1.59 1.49 1.35 1.20 1.07 1.14 1.40 1.45 1.46 1.63 1.80 2.02 2.00 1.84 1.92 2.03 1.91 1.79 1.74 1.69 1.66 1.68 1.65 1.53 1.48 1.50 1.55 1.51 1.34 1.30 1.39 1.39 1.24 1.22 1.36 1.46 1.52 1.59 1.50 1.19 0.85 0.73 0.88 1.17 1.22 1.01 0.86 0.84 0.84 0.82 0.76 0.69 0.66 0.59 0.58 0.75 0.83 0.67 0.60 0.68 0.82
1.97 1.98 2.00 2.03 2.04 2.03 2.04 2.06 2.04 2.03 2.03 2.00 1.99 2.01 2.00 1.95 1.91 1.88 1.84 1.82 1.77 1.72 1.66 1.61 1.51 1.36 1.20 1.07 1.12 1.33 1.41 1.40 1.47 1.63 1.82 1.82 1.77 1.98 2.11 2.02 1.88 1.78 1.71 1.64 1.66 1.71 1.60 1.44 1.43 1.58 1.62 1.41 1.29 1.44 1.56 1.43 1.32 1.42 1.56 1.64 1.70 1.74 1.59 1.18 0.86 0.90 1.16 1.19 0.98 0.86 0.83 0.83 0.82 0.78 0.74 0.71 0.64 0.60 0.72 0.92 0.89 0.73 0.68 0.72
2.04 2.07 2.02 2.02 2.03 2.02 2.04 2.06 2.04 1.99 1.99 1.99 1.97 1.99 2.00 1.94 1.90 1.88 1.84 1.80 1.76 1.71 1.66 1.61 1.53 1.39 1.24 1.13 1.11 1.27 1.40 1.35 1.31 1.44 1.57 1.56 1.59 1.80 2.05 2.13 2.04 1.91 1.77 1.63 1.59 1.70 1.68 1.50 1.41 1.55 1.68 1.48 1.24 1.31 1.54 1.57 1.42 1.37 1.46 1.55 1.58 1.68 1.78 1.52 1.04 0.96 1.20 1.21 0.99 0.89 0.82 0.78 0.74 0.68 0.71 0.74 0.69 0.66 0.69 0.86 0.96 0.93 0.84 0.79
2.06 2.09 2.03 2.00 2.00 2.00 2.01 2.05 2.05 1.97 1.94 1.97 1.95 1.95 1.96 1.93 1.89 1.87 1.84 1.79 1.75 1.69 1.64 1.61 1.54 1.42 1.31 1.21 1.14 1.24 1.39 1.33 1.24 1.28 1.32 1.39 1.48 1.57 1.76 2.00 2.08 2.06 1.97 1.80 1.66 1.66 1.72 1.67 1.55 1.58 1.71 1.59 1.27 1.12 1.25 1.40 1.32 1.18 1.23 1.34 1.36 1.40 1.61 1.69 1.36 1.10 1.21 1.26 1.09 0.98 0.90 0.82 0.75 0.66 0.69 0.75 0.72 0.68 0.66 0.73 0.84 0.90 0.93 0.93
2.04 2.04 2.00 1.97 1.98 1.99 1.96 1.98 2.02 1.96 1.91 1.93 1.93 1.91 1.92 1.90 1.87 1.85 1.83 1.79 1.73 1.67 1.63 1.61 1.55 1.45 1.37 1.28 1.18 1.24 1.35 1.33 1.24 1.16 1.12 1.21 1.40 1.55 1.64 1.77 1.92 2.01 2.01 1.91 1.76 1.65 1.65 1.65 1.55 1.48 1.60 1.58 1.28 1.06 1.08 1.20 1.20 1.10 1.11 1.20 1.21 1.17 1.31 1.56 1.58 1.36 1.25 1.32 1.27 1.15 1.09 1.02 0.91 0.79 0.77 0.78 0.75 0.70 0.67 0.71 0.78 0.80 0.84 0.91
2.02 2.00 1.96 1.94 1.95 1.97 1.94 1.92 1.96 1.94 1.89 1.89 1.90 1.88 1.87 1.87 1.84 1.82 1.81 1.78 1.72 1.65 1.61 1.59 1.56 1.48 1.40 1.33 1.24 1.23 1.29 1.30 1.22 1.10 1.00 1.02 1.19 1.43 1.54 1.60 1.72 1.83 1.85 1.80 1.68 1.55 1.53 1.54 1.50 1.44 1.52 1.52 1.32 1.15 1.12 1.15 1.15 1.11 1.11 1.16 1.14 1.05 1.06 1.21 1.42 1.45 1.34 1.34 1.41 1.42 1.38 1.34 1.22 1.06 0.98 0.91 0.84 0.76 0.70 0.69 0.73 0.78 0.81 0.85
2.00 1.97 1.93 1.92 1.91 1.92 1.91 1.89 1.90 1.90 1.86 1.85 1.86 1.84 1.83 1.83 1.81 1.80 1.78 1.76 1.71 1.65 1.60 1.57 1.55 1.49 1.42 1.36 1.29 1.24 1.25 1.26 1.18 1.07 0.95 0.89 1.00 1.21 1.34 1.43 1.54 1.69 1.76 1.71 1.57 1.48 1.48 1.49 1.49 1.47 1.51 1.52 1.40 1.26 1.22 1.21 1.15 1.12 1.13 1.15 1.14 1.07 0.99 0.99 1.12 1.27 1.29 1.26 1.32 1.43 1.47 1.47 1.43 1.29 1.15 1.02 0.91 0.82 0.75 0.70 0.69 0.73 0.79 0.82
1.98 1.96 1.91 1.90 1.87 1.86 1.87 1.86 1.84 1.85 1.84 1.81 1.80 1.80 1.80 1.79 1.77 1.77 1.76 1.72 1.68 1.64 1.60 1.56 1.53 1.49 1.44 1.37 1.31 1.26 1.24 1.23 1.16 1.05 0.94 0.87 0.91 1.04 1.18 1.26 1.37 1.57 1.72 1.64 1.46 1.46 1.51 1.49 1.46 1.44 1.45 1.47 1.40 1.26 1.23 1.24 1.17 1.11 1.10 1.12 1.14 1.13 1.06 1.01 1.05 1.10 1.15 1.14 1.07 1.06 1.16 1.24 1.29 1.26 1.16 1.04 0.90 0.83 0.81 0.78 0.76 0.74 0.73 0.74
1.96 1.94 1.90 1.88 1.85 1.83 1.82 1.80 1.79 1.79 1.80 1.78 1.75 1.75 1.76 1.75 1.74 1.73 1.72 1.69 1.65 1.61 1.58 1.56 1.52 1.48 1.44 1.38 1.33 1.27 1.23 1.20 1.14 1.04 0.94 0.90 0.91 0.95 1.03 1.11 1.22 1.43 1.63 1.57 1.38 1.39 1.47 1.49 1.44 1.38 1.38 1.39 1.37 1.28 1.19 1.21 1.20 1.13 1.07 1.05 1.10 1.15 1.12 1.06 1.06 1.06 1.05 1.04 0.96 0.89 0.92 0.99 1.09 1.13 1.11 1.05 0.93 0.84 0.83 0.81 0.75 0.69 0.66 0.67
1.96 1.94 1.88 1.84 1.85 1.85 1.78 1.72 1.72 1.73 1.74 1.73 1.71 1.71 1.71 1.71 1.70 1.69 1.68 1.66 1.62 1.58 1.56 1.54 1.51 1.47 1.42 1.38 1.33 1.28 1.23 1.18 1.12 1.04 0.93 0.89 0.91 0.92 0.93 1.00 1.10 1.28 1.47 1.46 1.37 1.38 1.40 1.43 1.41 1.32 1.32 1.34 1.34 1.34 1.26 1.22 1.22 1.18 1.10 0.99 1.00 1.10 1.10 1.02 0.99 0.99 0.96 0.96 0.92 0.88 0.88 0.89 0.97 1.03 1.05 1.02 0.93 0.82 0.75 0.72 0.68 0.63 0.64 0.65
1.97 1.94 1.85 1.78 1.85 1.93 1.79 1.63 1.63 1.66 1.67 1.66 1.66 1.66 1.68 1.67 1.65 1.64 1.64 1.61 1.58 1.55 1.53 1.52 1.50 1.45 1.40 1.36 1.33 1.29 1.24 1.18 1.13 1.05 0.95 0.88 0.90 0.91 0.89 0.92 1.00 1.13 1.24 1.26 1.31 1.39 1.41 1.39 1.36 1.30 1.29 1.30 1.29 1.29 1.24 1.20 1.21 1.18 1.14 1.03 0.97 1.03 1.07 1.00 0.92 0.90 0.88 0.88 0.88 0.85 0.85 0.86 0.89 0.94 0.97 0.96 0.89 0.80 0.73 0.71 0.70 0.67 0.65 0.65
2.00 1.92 1.80 1.74 1.84 1.98 1.85 1.61 1.52 1.57 1.61 1.60 1.60 1.61 1.63 1.63 1.61 1.60 1.60 1.57 1.55 1.53 1.50 1.49 1.48 1.44 1.38 1.35 1.32 1.28 1.24 1.19 1.14 1.08 0.98 0.89 0.89 0.91 0.88 0.88 0.94 1.02 1.04 1.05 1.15 1.33 1.39 1.34 1.29 1.24 1.24 1.30 1.32 1.28 1.23 1.21 1.21 1.15 1.10 1.05 1.00 1.02 1.08 1.03 0.91 0.84 0.82 0.81 0.82 0.82 0.83 0.84 0.85 0.88 0.91 0.91 0.89 0.85 0.81 0.79 0.77 0.74 0.69 0.66
2.04 1.89 1.71 1.71 1.87 1.98 1.91 1.70 1.47 1.46 1.52 1.54 1.54 1.55 1.57 1.59 1.58 1.55 1.55 1.53 1.51 1.50 1.47 1.45 1.45 1.42 1.37 1.33 1.30 1.27 1.23 1.18 1.14 1.08 1.00 0.92 0.88 0.88 0.87 0.87 0.91 0.96 0.94 0.91 1.04 1.25 1.31 1.26 1.21 1.11 1.08 1.20 1.27 1.25 1.24 1.23 1.22 1.16 1.07 1.01 0.97 0.99 1.07 1.05 0.90 0.80 0.77 0.76 0.76 0.77 0.78 0.80 0.81 0.82 0.84 0.85 0.85 0.85 0.85 0.84 0.81 0.77 0.73 0.68
2.11 1.86 1.58 1.63 1.86 1.95 1.92 1.84 1.56 1.38 1.40 1.47 1.49 1.50 1.51 1.54 1.54 1.51 1.50 1.50 1.47 1.46 1.44 1.41 1.41 1.39 1.35 1.31 1.29 1.25 1.22 1.18 1.13 1.08 1.02 0.95 0.88 0.85 0.84 0.84 0.87 0.92 0.88 0.84 0.96 1.15 1.20 1.19 1.19 1.08 1.02 1.13 1.17 1.13 1.13 1.17 1.17 1.14 1.07 1.00 0.95 0.97 1.06 1.04 0.87 0.77 0.75 0.74 0.74 0.74 0.75 0.76 0.77 0.78 0.78 0.77 0.76 0.77 0.81 0.84 0.83 0.79 0.72 0.65
2.20 1.85 1.47 1.55 1.79 1.82 1.83 1.91 1.72 1.41 1.32 1.40 1.44 1.45 1.46 1.48 1.49 1.47 1.46 1.46 1.43 1.41 1.41 1.39 1.37 1.35 1.32 1.29 1.27 1.24 1.20 1.17 1.13 1.08 1.03 0.98 0.91 0.85 0.81 0.79 0.83 0.90 0.85 0.78 0.87 1.05 1.08 1.07 1.18 1.16 1.11 1.16 1.19 1.15 1.10 1.11 1.09 1.07 1.05 1.01 0.96 0.96 1.06 1.04 0.85 0.75 0.74 0.74 0.75 0.75 0.75 0.76 0.76 0.76 0.76 0.73 0.70 0.68 0.71 0.76 0.81 0.82 0.76 0.65
2.25 1.92 1.46 1.48 1.74 1.71 1.68 1.87 1.84 1.50 1.29 1.32 1.36 1.39 1.41 1.43 1.43 1.42 1.41 1.41 1.40 1.37 1.36 1.36 1.34 1.31 1.29 1.27 1.25 1.22 1.18 1.15 1.11 1.08 1.04 0.99 0.94 0.87 0.81 0.75 0.78 0.88 0.85 0.75 0.78 0.94 0.98 0.94 1.07 1.13 1.13 1.14 1.16 1.18 1.16 1.11 1.02 1.00 1.03 1.02 0.98 0.97 1.06 1.03 0.86 0.76 0.75 0.77 0.78 0.77 0.76 0.77 0.78 0.77 0.75 0.72 0.68 0.65 0.63 0.65 0.71 0.80 0.82 0.75
2.15 2.03 1.62 1.40 1.64 1.67 1.56 1.77 1.91 1.66 1.34 1.25 1.28 1.31 1.36 1.38 1.38 1.38 1.37 1.37 1.36 1.34 1.32 1.31 1.30 1.28 1.26 1.24 1.22 1.19 1.16 1.13 1.10 1.07 1.03 0.99 0.95 0.89 0.83 0.75 0.74 0.82 0.83 0.74 0.69 0.78 0.85 0.83 0.91 1.00 1.04 1.08 1.07 1.11 1.19 1.12 0.98 0.96 1.01 1.03 1.01 1.01 1.07 1.03 0.89 0.81 0.80 0.82 0.86 0.86 0.82 0.80 0.77 0.75 0.74 0.72 0.69 0.66 0.64 0.61 0.64 0.73 0.81 0.83
1.94 2.01 1.83 1.45 1.46 1.54 1.44 1.55 1.84 1.83 1.49 1.25 1.21 1.23 1.27 1.32 1.32 1.32 1.32 1.32 1.33 1.31 1.28 1.27 1.25 1.24 1.23 1.21 1.19 1.17 1.14 1.11 1.08 1.05 1.02 0.99 0.95 0.90 0.85 0.78 0.74 0.75 0.77 0.72 0.66 0.65 0.69 0.72 0.79 0.86 0.93 1.04 1.05 1.07 1.19 1.11 0.97 0.94 0.98 1.01 1.02 1.05 1.11 1.06 0.92 0.83 0.81 0.81 0.85 0.88 0.85 0.79 0.76 0.73 0.72 0.71 0.70 0.69 0.68 0.65 0.64 0.69 0.75 0.79
1.81 1.90 1.92 1.67 1.46 1.44 1.34 1.29 1.58 1.83 1.66 1.35 1.21 1.16 1.17 1.24 1.27 1.26 1.26 1.26 1.28 1.28 1.25 1.23 1.21 1.20 1.19 1.18 1.16 1.14 1.11 1.09 1.06 1.04 1.01 0.98 0.94 0.91 0.86 0.82 0.77 0.74 0.72 0.70 0.65 0.60 0.57 0.60 0.66 0.72 0.80 0.95 1.00 1.05 1.16 1.06 0.94 0.94 0.96 0.97 0.99 1.03 1.10 1.10 0.94 0.79 0.74 0.73 0.74 0.78 0.79 0.79 0.78 0.76 0.74 0.73 0.72 0.71 0.71 0.69 0.66 0.65 0.68 0.71
1.80 1.80 1.83 1.78 1.65 1.54 1.38 1.20 1.31 1.64 1.67 1.48 1.34 1.21 1.10 1.13 1.20 1.21 1.20 1.20 1.21 1.23 1.22 1.20 1.17 1.16 1.15 1.14 1.13 1.11 1.09 1.07 1.04 1.02 0.99 0.96 0.93 0.90 0.86 0.83 0.79 0.75 0.71 0.68 0.65 0.59 0.52 0.49 0.53 0.56 0.65 0.84 0.93 0.99 1.10 1.00 0.90 0.93 0.96 0.96 0.97 0.99 1.05 1.09 0.97 0.80 0.71 0.68 0.69 0.72 0.75 0.78 0.79 0.77 0.76 0.75 0.75 0.75 0.74 0.73 0.70 0.67 0.66 0.65
1.80 1.76 1.72 1.70 1.68 1.65 1.53 1.31 1.22 1.41 1.49 1.47 1.49 1.39 1.16 1.04 1.08 1.13 1.15 1.15 1.16 1.16 1.17 1.16 1.14 1.12 1.12 1.10 1.09 1.08 1.06 1.04 1.02 0.99 0.97 0.95 0.92 0.89 0.86 0.83 0.80 0.76 0.72 0.68 0.64 0.59 0.52 0.45 0.42 0.41 0.49 0.70 0.85 0.95 1.04 0.95 0.84 0.86 0.90 0.91 0.93 0.97 1.03 1.07 1.01 0.86 0.74 0.70 0.72 0.76 0.76 0.77 0.78 0.77 0.76 0.75 0.75 0.76 0.76 0.75 0.74 0.71 0.68 0.64
1.77 1.73 1.68 1.63 1.59 1.59 1.57 1.45 1.29 1.28 1.26 1.25 1.42 1.53 1.34 1.08 1.00 1.03 1.06 1.09 1.11 1.12 1.12 1.11 1.09 1.08 1.08 1.07 1.05 1.04 1.03 1.01 0.99 0.97 0.95 0.93 0.90 0.88 0.85 0.82 0.79 0.76 0.72 0.68 0.65 0.60 0.55 0.47 0.39 0.33 0.35 0.53 0.76 0.88 0.96 0.89 0.78 0.78 0.82 0.84 0.86 0.91 0.99 1.04 1.01 0.89 0.78 0.73 0.74 0.76 0.75 0.74 0.75 0.75 0.75 0.74 0.73 0.72 0.71 0.70 0.69 0.69 0.69 0.67
1.72 1.69 1.65 1.61 1.56 1.52 1.51 1.48 1.38 1.26 1.15 1.06 1.19 1.47 1.50 1.29 1.06 0.97 0.97 1.00 1.03 1.07 1.08 1.07 1.05 1.05 1.04 1.03 1.02 1.01 0.99 0.98 0.96 0.94 0.92 0.90 0.88 0.86 0.83 0.81 0.78 0.75 0.72 0.69 0.65 0.61 0.57 0.51 0.43 0.34 0.28 0.39 0.62 0.78 0.85 0.83 0.77 0.75 0.75 0.76 0.78 0.81 0.89 0.97 0.98 0.90 0.78 0.70 0.69 0.72 0.71 0.71 0.71 0.72 0.72 0.72 0.72 0.69 0.67 0.65 0.63 0.64 0.65 0.65
1.66 1.65 1.61 1.57 1.55 1.52 1.49 1.47 1.41 1.28 1.14 0.99 1.01 1.24 1.45 1.46 1.27 1.06 0.94 0.91 0.94 0.99 1.02 1.02 1.01 1.01 1.00 0.99 0.98 0.97 0.96 0.94 0.93 0.91 0.90 0.88 0.86 0.84 0.82 0.79 0.77 0.74 0.72 0.69 0.65 0.62 0.58 0.54 0.47 0.38 0.29 0.31 0.47 0.63 0.71 0.72 0.72 0.72 0.69 0.68 0.70 0.72 0.78 0.87 0.91 0.88 0.79 0.69 0.67 0.69 0.70 0.69 0.69 0.69 0.69 0.68 0.68 0.67 0.66 0.64 0.62 0.61 0.61 0.60
1.63 1.60 1.55 1.50 1.48 1.50 1.50 1.48 1.41 1.30 1.15 0.98 0.91 1.00 1.19 1.41 1.42 1.25 1.05 0.90 0.87 0.90 0.94 0.95 0.96 0.97 0.97 0.95 0.93 0.93 0.92 0.91 0.90 0.88 0.87 0.85 0.84 0.82 0.80 0.78 0.76 0.73 0.71 0.68 0.65 0.62 0.59 0.55 0.49 0.42 0.34 0.31 0.40 0.51 0.58 0.63 0.67 0.67 0.65 0.64 0.64 0.66 0.71 0.78 0.84 0.85 0.80 0.73 0.69 0.68 0.69 0.69 0.67 0.66 0.66 0.65 0.65 0.65 0.64 0.63 0.62 0.61 0.60 0.59
1.65 1.57 1.47 1.43 1.38 1.40 1.44 1.45 1.41 1.33 1.19 1.01 0.88 0.87 0.96 1.17 1.36 1.37 1.22 1.02 0.88 0.84 0.86 0.88 0.91 0.94 0.94 0.92 0.89 0.89 0.88 0.87 0.86 0.85 0.84 0.83 0.81 0.80 0.78 0.76 0.74 0.72 0.69 0.67 0.64 0.62 0.58 0.55 0.51 0.46 0.38 0.34 0.38 0.44 0.48 0.58 0.66 0.65 0.61 0.61 0.63 0.65 0.68 0.70 0.72 0.72 0.67 0.67 0.68 0.68 0.68 0.68 0.67 0.65 0.64 0.64 0.65 0.65 0.65 0.65 0.64 0.63 0.62 0.62
1.72 1.58 1.42 1.37 1.33 1.29 1.31 1.36 1.35 1.30 1.23 1.07 0.87 0.82 0.85 0.95 1.14 1.30 1.33 1.20 1.00 0.87 0.82 0.81 0.83 0.88 0.91 0.88 0.86 0.85 0.84 0.84 0.83 0.82 0.81 0.80 0.79 0.77 0.76 0.74 0.72 0.70 0.68 0.66 0.64 0.61 0.58 0.55 0.52 0.48 0.42 0.36 0.36 0.39 0.40 0.48 0.63 0.66 0.61 0.58 0.58 0.61 0.64 0.63 0.61 0.58 0.57 0.60 0.64 0.66 0.67 0.67 0.66 0.64 0.62 0.63 0.65 0.67 0.68 0.68 0.67 0.65 0.64 0.64
1.76 1.63 1.46 1.38 1.32 1.27 1.24 1.27 1.27 1.21 1.19 1.10 0.88 0.77 0.81 0.84 0.92 1.08 1.26 1.29 1.14 0.98 0.87 0.79 0.76 0.81 0.86 0.85 0.83 0.82 0.80 0.80 0.80 0.79 0.78 0.77 0.76 0.75 0.73 0.72 0.70 0.69 0.67 0.65 0.63 0.60 0.58 0.55 0.53 0.49 0.45 0.39 0.35 0.35 0.34 0.37 0.53 0.64 0.62 0.57 0.52 0.52 0.59 0.64 0.65 0.62 0.60 0.60 0.60 0.62 0.63 0.65 0.65 0.62 0.60 0.61 0.64 0.66 0.66 0.66 0.66 0.65 0.65 0.66
1.66 1.67 1.62 1.46 1.34 1.27 1.23 1.27 1.31 1.23 1.15 1.11 0.94 0.75 0.74 0.80 0.82 0.87 1.04 1.21 1.22 1.12 1.01 0.88 0.77 0.75 0.79 0.80 0.80 0.80 0.77 0.76 0.76 0.76 0.75 0.74 0.73 0.72 0.71 0.70 0.68 0.67 0.65 0.64 0.62 0.60 0.57 0.55 0.53 0.50 0.47 0.42 0.37 0.34 0.31 0.29 0.37 0.51 0.58 0.55 0.49 0.50 0.60 0.69 0.72 0.70 0.65 0.60 0.58 0.58 0.58 0.60 0.61 0.61 0.60 0.59 0.59 0.61 0.62 0.63 0.67 0.69 0.71 0.76
1.40 1.65 1.86 1.74 1.53 1.32 1.22 1.29 1.37 1.31 1.18 1.07 1.00 0.86 0.73 0.74 0.79 0.79 0.85 1.00 1.11 1.15 1.13 1.03 0.89 0.79 0.75 0.74 0.73 0.74 0.73 0.72 0.72 0.72 0.72 0.71 0.70 0.69 0.68 0.67 0.66 0.65 0.64 0.62 0.61 0.59 0.57 0.55 0.53 0.50 0.48 0.44 0.41 0.37 0.32 0.27 0.26 0.32 0.43 0.48 0.47 0.47 0.52 0.61 0.67 0.68 0.66 0.61 0.56 0.54 0.54 0.55 0.56 0.57 0.57 0.56 0.55 0.56 0.59 0.63 0.69 0.73 0.75 0.73
1.06 1.40 1.86 2.03 2.01 1.76 1.46 1.47 1.55 1.44 1.25 1.09 1.01 0.95 0.84 0.75 0.77 0.78 0.77 0.83 0.91 0.99 1.07 1.10 1.03 0.93 0.83 0.75 0.68 0.66 0.66 0.67 0.68 0.68 0.68 0.68 0.67 0.67 0.66 0.65 0.64 0.63 0.62 0.61 0.59 0.58 0.56 0.54 0.53 0.51 0.48 0.46 0.43 0.40 0.36 0.32 0.27 0.26 0.31 0.37 0.37 0.37 0.40 0.46 0.54 0.60 0.62 0.61 0.58 0.55 0.52 0.51 0.51 0.50 0.50 0.50 0.51 0.51 0.54 0.58 0.61 0.63 0.61 0.52
0.76 0.84 1.24 1.61 1.89 1.95 1.78 1.70 1.81 1.78 1.56 1.42 1.32 1.19 1.08 0.98 0.88 0.83 0.76 0.74 0.78 0.83 0.90 0.97 1.01 1.02 0.98 0.85 0.70 0.62 0.59 0.60 0.62 0.63 0.64 0.65 0.65 0.64 0.64 0.63 0.62 0.61 0.60 0.59 0.58 0.57 0.55 0.54 0.52 0.51 0.49 0.47 0.45 0.42 0.40 0.37 0.34 0.31 0.30 0.31 0.30 0.28 0.30 0.33 0.38 0.43 0.50 0.55 0.56 0.55 0.52 0.50 0.48 0.48 0.48 0.47 0.45 0.45 0.47 0.50 0.50 0.47 0.43 0.39
0.71 0.65 0.68 0.86 1.15 1.42 1.41 1.36 1.55 1.74 1.66 1.57 1.53 1.45 1.33 1.21 1.11 1.00 0.87 0.76 0.73 0.75 0.78 0.81 0.83 0.93 1.05 0.98 0.80 0.68 0.60 0.55 0.55 0.58 0.60 0.61 0.62 0.62 0.61 0.61 0.60 0.60 0.59 0.58 0.57 0.56 0.55 0.53 0.52 0.50 0.49 0.47 0.45 0.44 0.42 0.40 0.38 0.36 0.34 0.32 0.30 0.27 0.24 0.23 0.23 0.26 0.33 0.39 0.43 0.46 0.48 0.50 0.49 0.49 0.47 0.44 0.42 0.41 0.41 0.41 0.40 0.37 0.36 0.36
0.89 0.80 0.69 0.71 0.85 0.95 0.89 0.82 1.00 1.26 1.22 1.15 1.16 1.19 1.19 1.15 1.12 1.11 1.05 0.91 0.80 0.74 0.74 0.74 0.71 0.78 0.99 1.08 0.97 0.81 0.70 0.60 0.53 0.52 0.54 0.57 0.58 0.59 0.59 0.59 0.58 0.58 0.57 0.56 0.56 0.55 0.54 0.53 0.51 0.50 0.49 0.47 0.46 0.45 0.43 0.42 0.40 0.39 0.37 0.36 0.34 0.31 0.28 0.24 0.21 0.20 0.20 0.22 0.26 0.31 0.38 0.44 0.46 0.44 0.42 0.41 0.41 0.39 0.37 0.34 0.31 0.31 0.33 0.35
1.04 0.95 0.82 0.77 0.78 0.82 0.76 0.68 0.78 0.94 0.91 0.86 0.85 0.85 0.87 0.89 0.90 0.97 1.01 1.00 0.94 0.85 0.79 0.75 0.70 0.69 0.82 1.00 1.03 0.93 0.82 0.72 0.61 0.52 0.50 0.52 0.54 0.56 0.57 0.57 0.57 0.56 0.56 0.55 0.55 0.54 0.53 0.52 0.51 0.50 0.49 0.48 0.46 0.45 0.44 0.43 0.41 0.40 0.39 0.38 0.36 0.35 0.33 0.31 0.28 0.25 0.21 0.19 0.19 0.20 0.24 0.28 0.33 0.33 0.34 0.34 0.36 0.35 0.33 0.30 0.29 0.30 0.33 0.37
1.18 1.06 0.88 0.79 0.77 0.78 0.74 0.70 0.71 0.76 0.79 0.80 0.78 0.76 0.75 0.75 0.74 0.77 0.81 0.86 0.90 0.91 0.88 0.82 0.74 0.68 0.71 0.84 0.95 0.96 0.88 0.80 0.72 0.62 0.53 0.51 0.51 0.52 0.54 0.55 0.55 0.55 0.54 0.54 0.53 0.53 0.52 0.51 0.50 0.49 0.49 0.48 0.47 0.46 0.44 0.43 0.42 0.41 0.40 0.39 0.38 0.37 0.35 0.34 0.32 0.30 0.28 0.25 0.23 0.20 0.17 0.16 0.18 0.22 0.25 0.27 0.29 0.30 0.29 0.29 0.30 0.32 0.36 0.38
1.31 1.16 0.89 0.74 0.72 0.71 0.68 0.69 0.67 0.66 0.69 0.73 0.74 0.73 0.72 0.71 0.70 0.71 0.71 0.71 0.74 0.79 0.81 0.80 0.74 0.68 0.69 0.75 0.84 0.89 0.87 0.82 0.78 0.72 0.63 0.57 0.54 0.52 0.52 0.53 0.54 0.54 0.53 0.53 0.52 0.52 0.51 0.51 0.50 0.49 0.48 0.48 0.47 0.46 0.45 0.44 0.43 0.42 0.41 0.40 0.39 0.38 0.37 0.36 0.34 0.33 0.32 0.30 0.28 0.25 0.22 0.19 0.17 0.19 0.22 0.25 0.28 0.28 0.27 0.28 0.33 0.38 0.38 0.36
1.49 1.29 0.95 0.71 0.63 0.62 0.58 0.58 0.60 0.59 0.60 0.63 0.64 0.66 0.66 0.65 0.66 0.68 0.69 0.67 0.67 0.68 0.70 0.71 0.69 0.64 0.64 0.67 0.75 0.83 0.84 0.81 0.78 0.74 0.67 0.60 0.56 0.54 0.52 0.52 0.52 0.53 0.53 0.52 0.52 0.51 0.50 0.50 0.49 0.49 0.48 0.47 0.47 0.46 0.45 0.45 0.44 0.43 0.42 0.41 0.40 0.39 0.38 0.37 0.36 0.35 0.34 0.33 0.31 0.29 0.27 0.25 0.23 0.22 0.23 0.25 0.27 0.28 0.29 0.30 0.37 0.40 0.35 0.31
