windninja/windninja_output/Output_2025-10-23_0600-0650_Google earth_Fire_150m_10min/merlingen_7.5mi_point_10-23-2025_0620_150m_vel.asc
ncols	158
nrows	163
xllcorner	391686.332397
yllcorner	5160024.123721
cellsize	150.000000
NODATA_value	-32768.000000
[rows 38 to 75 of 163, columns 0 to 83 of 158]
5.76 5.82 5.90 5.81 5.65 5.62 5.63 5.63 5.67 5.81 5.77 5.57 5.54 5.60 5.58 5.47 5.38 5.28 5.19 5.13 5.03 4.89 4.77 4.64 4.40 4.06 3.62 3.34 4.15 5.37 5.45 5.36 5.57 5.63 5.85 5.08 3.97 4.25 4.84 4.74 4.59 4.63 4.63 4.62 4.89 4.85 4.44 4.16 4.06 4.40 4.59 4.15 3.80 4.08 4.32 3.91 3.58 3.80 4.09 4.40 4.57 4.08 3.13 2.24 2.05 2.95 4.36 4.53 3.26 2.37 2.31 2.53 2.51 1.96 1.46 1.57 1.41 1.03 1.64 2.21 1.77 1.56 1.86 2.32
5.84 5.90 5.85 5.74 5.67 5.64 5.67 5.78 5.83 5.85 5.74 5.57 5.58 5.67 5.64 5.49 5.41 5.34 5.25 5.20 5.09 4.95 4.84 4.73 4.53 4.19 3.86 3.89 4.52 5.15 5.23 5.13 5.06 5.10 5.17 4.31 3.66 4.36 4.97 4.95 4.85 4.85 4.88 4.71 4.74 4.88 4.58 4.07 3.90 4.45 4.81 4.28 3.63 3.87 4.36 3.96 3.38 3.49 3.92 4.22 4.23 4.12 3.74 2.85 2.21 2.86 4.38 4.39 3.08 2.50 2.60 2.64 2.34 1.71 1.48 1.78 1.53 0.83 1.28 2.16 2.01 1.65 1.79 2.23
5.83 5.95 5.80 5.71 5.70 5.65 5.74 5.93 5.95 5.80 5.66 5.63 5.64 5.69 5.67 5.52 5.43 5.39 5.32 5.24 5.15 5.02 4.88 4.79 4.65 4.35 4.17 4.23 4.38 4.78 5.20 5.01 4.61 4.59 4.35 3.62 3.50 4.18 4.83 5.13 5.16 5.18 5.13 4.70 4.54 4.83 4.69 4.11 3.82 4.28 4.95 4.59 3.71 3.67 4.16 3.99 3.33 3.18 3.66 3.99 3.89 3.89 4.18 3.77 2.71 2.94 4.29 4.21 3.13 2.88 2.76 2.46 2.10 1.53 1.55 2.00 1.54 0.68 0.96 1.85 2.07 1.94 2.05 2.36
5.69 5.80 5.70 5.65 5.67 5.70 5.82 5.98 5.97 5.74 5.61 5.70 5.70 5.67 5.66 5.55 5.46 5.43 5.37 5.28 5.21 5.05 4.89 4.85 4.75 4.51 4.39 4.32 4.25 4.66 5.15 4.82 4.31 4.08 3.60 3.28 3.52 3.98 4.54 5.09 5.33 5.47 5.20 4.73 4.63 4.73 4.59 4.16 3.79 4.11 5.03 4.94 3.87 3.38 3.71 3.91 3.39 3.01 3.38 3.73 3.59 3.43 3.97 4.29 3.52 3.26 4.04 4.12 3.42 3.04 2.58 2.29 2.10 1.51 1.66 2.08 1.38 0.62 0.83 1.49 1.87 1.95 2.25 2.52
5.49 5.54 5.53 5.52 5.61 5.80 5.86 5.89 5.91 5.73 5.63 5.71 5.72 5.65 5.62 5.57 5.48 5.43 5.41 5.35 5.23 5.02 4.91 4.92 4.82 4.61 4.51 4.39 4.33 4.65 4.90 4.60 4.15 3.70 3.22 3.08 3.43 4.11 4.66 5.00 5.29 5.40 5.17 5.04 4.88 4.49 4.28 4.13 3.91 4.18 5.14 5.18 3.89 3.09 3.32 3.63 3.37 3.03 3.17 3.50 3.42 3.15 3.54 4.11 4.09 3.84 3.84 3.97 3.58 2.84 2.46 2.45 2.25 1.69 1.86 2.00 1.19 0.66 0.79 1.32 1.70 1.85 2.18 2.56
5.30 5.32 5.32 5.40 5.62 5.84 5.80 5.75 5.83 5.75 5.63 5.67 5.70 5.61 5.57 5.55 5.47 5.43 5.43 5.39 5.21 5.02 4.96 4.94 4.86 4.69 4.58 4.53 4.47 4.54 4.59 4.44 4.08 3.60 3.19 3.03 3.48 4.41 4.77 4.79 4.96 5.18 5.34 5.38 4.85 4.11 3.95 4.07 4.17 4.49 5.23 5.10 3.81 3.04 3.16 3.35 3.25 3.06 3.11 3.41 3.43 3.24 3.36 3.60 4.05 4.25 3.89 3.73 3.38 2.72 2.55 2.75 2.52 2.02 2.03 1.82 1.14 0.80 0.86 1.25 1.60 1.87 2.20 2.61
5.10 5.09 5.15 5.40 5.64 5.71 5.66 5.68 5.73 5.71 5.63 5.63 5.64 5.56 5.53 5.51 5.46 5.46 5.45 5.36 5.18 5.06 4.99 4.92 4.87 4.76 4.68 4.62 4.50 4.40 4.41 4.34 4.06 3.66 3.28 3.21 3.77 4.43 4.53 4.41 4.55 5.12 5.62 5.37 4.42 3.82 3.88 4.14 4.50 4.88 5.10 4.69 3.72 3.10 3.15 3.27 3.14 3.06 3.18 3.44 3.56 3.50 3.37 3.40 3.98 4.33 3.98 3.47 2.90 2.53 2.60 2.85 2.79 2.45 2.21 1.78 1.23 1.01 1.07 1.33 1.60 1.92 2.34 2.61
4.86 4.91 5.12 5.43 5.51 5.50 5.57 5.64 5.62 5.61 5.61 5.58 5.55 5.51 5.50 5.48 5.46 5.48 5.43 5.30 5.17 5.07 4.98 4.91 4.88 4.83 4.75 4.61 4.47 4.37 4.34 4.28 4.06 3.71 3.44 3.48 3.80 4.09 4.19 4.14 4.40 5.16 5.65 5.03 3.89 3.67 4.07 4.49 4.92 5.00 4.66 4.20 3.65 3.13 3.12 3.29 3.17 3.12 3.32 3.52 3.62 3.67 3.55 3.63 4.13 4.19 3.79 3.24 2.44 2.19 2.48 2.72 2.85 2.71 2.39 1.92 1.36 1.16 1.28 1.52 1.77 2.08 2.36 2.42
4.72 4.86 5.13 5.28 5.28 5.38 5.52 5.54 5.51 5.52 5.57 5.54 5.46 5.45 5.46 5.46 5.45 5.43 5.36 5.25 5.15 5.03 4.96 4.93 4.91 4.85 4.72 4.57 4.47 4.40 4.32 4.23 4.07 3.79 3.59 3.59 3.70 3.87 4.05 4.11 4.35 4.96 5.36 4.62 3.59 3.74 4.39 4.99 5.12 4.61 4.11 3.80 3.53 3.25 3.10 3.22 3.29 3.39 3.60 3.59 3.58 3.78 3.88 3.90 4.04 3.88 3.40 2.97 2.33 2.09 2.34 2.50 2.72 2.73 2.44 2.05 1.54 1.27 1.42 1.74 1.99 2.18 2.25 2.16
4.72 4.87 5.00 4.95 5.05 5.38 5.50 5.42 5.41 5.45 5.50 5.46 5.37 5.38 5.42 5.42 5.39 5.34 5.28 5.21 5.10 4.98 4.95 4.95 4.91 4.80 4.66 4.57 4.49 4.41 4.31 4.20 4.06 3.87 3.66 3.57 3.71 3.90 3.98 4.03 4.20 4.67 4.86 4.12 3.61 4.10 4.82 5.20 4.84 4.03 3.69 3.49 3.39 3.43 3.21 3.18 3.49 3.78 3.97 3.68 3.47 3.89 4.13 3.94 3.81 3.61 3.07 2.72 2.35 2.15 2.27 2.36 2.54 2.58 2.37 2.08 1.70 1.43 1.55 1.90 2.15 2.18 2.12 2.01
4.75 4.81 4.75 4.56 4.86 5.48 5.56 5.32 5.28 5.37 5.41 5.33 5.27 5.30 5.37 5.35 5.29 5.26 5.21 5.14 5.04 4.96 4.94 4.93 4.88 4.77 4.64 4.57 4.49 4.40 4.29 4.18 4.07 3.95 3.72 3.59 3.77 3.92 3.87 3.88 4.09 4.37 4.24 3.70 3.80 4.61 5.09 4.93 4.34 3.66 3.33 3.28 3.35 3.45 3.27 3.30 3.79 4.18 4.24 3.68 3.34 3.85 4.16 3.92 3.66 3.36 2.85 2.51 2.31 2.18 2.23 2.30 2.37 2.37 2.24 2.04 1.80 1.64 1.72 2.02 2.22 2.17 2.03 1.91
4.79 4.71 4.42 4.21 4.77 5.59 5.64 5.32 5.16 5.24 5.27 5.19 5.18 5.23 5.28 5.27 5.21 5.17 5.14 5.05 4.99 4.96 4.90 4.86 4.85 4.76 4.62 4.54 4.47 4.38 4.28 4.18 4.11 4.00 3.80 3.66 3.79 3.87 3.79 3.79 3.97 4.06 3.81 3.54 3.98 4.86 5.02 4.46 3.86 3.28 3.02 3.25 3.47 3.45 3.36 3.60 4.20 4.55 4.21 3.48 3.19 3.61 4.06 4.05 3.64 3.12 2.66 2.35 2.21 2.16 2.19 2.25 2.24 2.17 2.10 1.99 1.88 1.83 1.92 2.12 2.25 2.22 2.03 1.84
4.85 4.58 4.04 3.97 4.89 5.63 5.62 5.41 5.08 5.05 5.10 5.07 5.11 5.13 5.15 5.17 5.14 5.08 5.05 4.99 4.95 4.94 4.85 4.80 4.81 4.73 4.57 4.50 4.44 4.36 4.28 4.20 4.11 4.01 3.86 3.75 3.78 3.79 3.71 3.69 3.79 3.89 3.72 3.55 4.06 4.80 4.68 4.04 3.45 2.90 2.77 3.22 3.56 3.46 3.52 4.01 4.64 4.58 3.82 3.20 3.07 3.39 4.04 4.28 3.65 2.90 2.48 2.20 2.10 2.09 2.14 2.16 2.11 2.02 1.96 1.91 1.86 1.87 2.03 2.22 2.30 2.26 2.07 1.85
4.91 4.41 3.71 3.95 5.11 5.54 5.40 5.47 5.12 4.89 4.89 4.97 5.02 5.00 5.02 5.06 5.08 4.98 4.94 4.95 4.90 4.87 4.80 4.74 4.75 4.67 4.53 4.46 4.41 4.34 4.27 4.19 4.10 4.01 3.91 3.82 3.75 3.70 3.64 3.58 3.67 3.88 3.75 3.55 3.99 4.49 4.18 3.55 3.18 2.79 2.73 3.30 3.61 3.53 3.78 4.52 4.78 4.22 3.45 3.04 2.98 3.28 4.14 4.45 3.55 2.68 2.31 2.08 2.03 2.04 2.07 2.07 1.98 1.91 1.88 1.84 1.78 1.79 1.99 2.26 2.37 2.32 2.15 1.91
4.92 4.26 3.58 4.11 5.22 5.30 5.05 5.44 5.31 4.79 4.65 4.81 4.86 4.85 4.90 4.97 4.99 4.89 4.87 4.90 4.83 4.76 4.73 4.71 4.67 4.57 4.48 4.43 4.38 4.31 4.24 4.16 4.08 4.01 3.92 3.85 3.76 3.67 3.60 3.48 3.58 3.90 3.81 3.55 3.73 4.04 3.61 2.96 2.99 2.98 3.02 3.37 3.61 3.73 4.24 4.83 4.46 3.69 3.24 3.03 3.01 3.33 4.33 4.53 3.38 2.49 2.14 1.97 1.99 2.02 2.01 1.98 1.90 1.86 1.89 1.83 1.73 1.71 1.89 2.17 2.32 2.39 2.32 2.05
4.75 4.28 3.76 4.24 5.15 5.05 4.72 5.29 5.41 4.74 4.47 4.61 4.66 4.72 4.81 4.89 4.87 4.79 4.80 4.79 4.74 4.67 4.66 4.66 4.57 4.49 4.44 4.39 4.34 4.27 4.20 4.13 4.06 3.99 3.92 3.85 3.77 3.68 3.58 3.43 3.53 3.92 3.86 3.46 3.33 3.50 3.13 2.55 2.88 3.19 3.19 3.33 3.56 4.00 4.67 4.77 3.90 3.19 3.05 3.09 3.15 3.52 4.47 4.49 3.24 2.32 1.97 1.86 1.97 2.02 1.96 1.90 1.85 1.86 1.91 1.86 1.73 1.73 1.88 2.00 2.10 2.33 2.44 2.25
4.43 4.41 4.15 4.24 4.90 4.84 4.42 4.90 5.27 4.84 4.46 4.45 4.49 4.61 4.75 4.78 4.73 4.70 4.70 4.68 4.66 4.61 4.59 4.57 4.49 4.42 4.38 4.35 4.29 4.23 4.16 4.10 4.04 3.97 3.91 3.84 3.76 3.68 3.58 3.46 3.55 3.85 3.75 3.27 2.98 3.07 2.86 2.52 2.92 3.17 3.08 3.31 3.59 4.12 4.88 4.55 3.34 2.78 2.89 3.16 3.31 3.74 4.53 4.34 3.09 2.18 1.83 1.74 1.96 2.07 1.95 1.85 1.84 1.89 1.92 1.88 1.76 1.82 1.97 1.89 1.88 2.16 2.36 2.32
4.14 4.43 4.41 4.12 4.46 4.56 4.17 4.37 4.97 5.03 4.63 4.35 4.38 4.52 4.62 4.65 4.61 4.60 4.59 4.57 4.58 4.55 4.51 4.47 4.41 4.35 4.32 4.29 4.23 4.17 4.12 4.06 4.00 3.94 3.88 3.81 3.74 3.67 3.59 3.51 3.55 3.64 3.49 3.13 2.91 2.88 2.75 2.70 2.92 2.88 2.82 3.34 3.64 4.11 4.91 4.25 2.90 2.56 2.86 3.21 3.45 3.92 4.47 4.16 2.96 2.04 1.72 1.63 1.87 2.06 1.96 1.87 1.89 1.91 1.91 1.86 1.79 1.91 2.03 1.87 1.79 2.01 2.18 2.20
4.02 4.28 4.40 4.07 4.12 4.32 4.09 4.04 4.59 5.09 4.83 4.35 4.34 4.47 4.44 4.49 4.52 4.49 4.49 4.45 4.48 4.48 4.44 4.39 4.32 4.28 4.25 4.22 4.17 4.12 4.07 4.01 3.95 3.90 3.84 3.77 3.71 3.64 3.58 3.52 3.49 3.43 3.29 3.10 3.00 2.90 2.80 2.79 2.76 2.56 2.60 3.30 3.60 4.13 4.80 3.83 2.60 2.54 2.93 3.30 3.60 3.97 4.30 4.03 2.91 1.94 1.61 1.54 1.71 1.91 1.89 1.91 1.95 1.93 1.91 1.82 1.83 1.99 2.03 1.90 1.81 1.91 2.02 2.05
4.00 4.10 4.20 4.06 4.04 4.17 4.12 3.98 4.30 5.01 4.88 4.34 4.37 4.43 4.28 4.33 4.41 4.38 4.37 4.34 4.38 4.39 4.35 4.32 4.24 4.19 4.17 4.14 4.10 4.06 4.01 3.96 3.90 3.85 3.79 3.73 3.67 3.61 3.55 3.49 3.42 3.33 3.21 3.11 3.06 2.98 2.83 2.69 2.57 2.34 2.41 3.14 3.55 4.15 4.59 3.46 2.43 2.60 3.10 3.43 3.66 3.88 4.06 3.91 2.99 2.01 1.58 1.50 1.61 1.76 1.84 1.94 1.97 1.94 1.91 1.80 1.87 2.04 2.01 1.91 1.84 1.88 1.94 1.94
3.96 3.96 3.99 3.97 3.98 4.07 4.15 4.08 4.30 4.87 4.64 4.13 4.31 4.45 4.27 4.22 4.27 4.27 4.26 4.25 4.27 4.27 4.27 4.26 4.16 4.10 4.09 4.06 4.03 3.99 3.94 3.89 3.84 3.79 3.74 3.68 3.62 3.57 3.51 3.44 3.37 3.28 3.19 3.10 3.05 2.97 2.79 2.61 2.46 2.25 2.22 2.84 3.55 4.13 4.29 3.25 2.40 2.71 3.28 3.50 3.56 3.71 3.83 3.72 3.08 2.21 1.65 1.47 1.55 1.75 1.85 1.90 1.95 1.93 1.88 1.80 1.90 2.03 1.96 1.86 1.84 1.91 1.94 1.91
3.86 3.81 3.81 3.84 3.86 3.98 4.15 4.23 4.40 4.58 4.25 3.81 4.07 4.52 4.43 4.18 4.13 4.14 4.15 4.15 4.15 4.17 4.21 4.16 4.06 4.01 4.00 3.98 3.95 3.92 3.87 3.83 3.78 3.73 3.68 3.63 3.57 3.52 3.46 3.39 3.32 3.24 3.16 3.08 3.01 2.92 2.78 2.61 2.44 2.24 2.13 2.61 3.52 3.99 3.95 3.11 2.50 2.90 3.36 3.43 3.38 3.47 3.59 3.53 3.09 2.38 1.75 1.43 1.50 1.79 1.88 1.85 1.91 1.92 1.83 1.82 1.95 1.97 1.87 1.80 1.79 1.89 1.95 1.90
3.68 3.65 3.66 3.69 3.75 3.91 4.11 4.33 4.42 4.30 4.02 3.64 3.85 4.46 4.49 4.22 4.07 4.03 4.05 4.03 4.03 4.10 4.12 4.03 3.95 3.92 3.92 3.90 3.88 3.84 3.80 3.76 3.72 3.67 3.62 3.57 3.52 3.46 3.40 3.34 3.27 3.20 3.12 3.05 2.97 2.88 2.77 2.63 2.47 2.29 2.18 2.53 3.35 3.76 3.57 2.96 2.73 3.13 3.34 3.28 3.19 3.17 3.28 3.30 3.03 2.51 1.83 1.36 1.47 1.84 1.89 1.82 1.87 1.90 1.78 1.82 1.97 1.90 1.79 1.75 1.73 1.82 1.89 1.85
3.46 3.48 3.53 3.56 3.67 3.86 4.07 4.35 4.41 4.22 3.97 3.66 3.79 4.14 4.25 4.28 4.15 4.02 3.99 3.90 3.92 4.00 3.96 3.88 3.83 3.83 3.84 3.83 3.80 3.76 3.72 3.68 3.64 3.60 3.55 3.50 3.46 3.40 3.35 3.29 3.22 3.16 3.08 3.01 2.93 2.84 2.75 2.64 2.52 2.38 2.25 2.46 3.09 3.43 3.17 2.80 2.98 3.29 3.24 3.11 2.97 2.91 2.97 3.01 2.87 2.53 1.90 1.40 1.53 1.86 1.87 1.84 1.86 1.84 1.75 1.79 1.90 1.83 1.74 1.72 1.72 1.77 1.81 1.79
3.29 3.31 3.40 3.47 3.59 3.82 4.09 4.32 4.35 4.19 3.98 3.71 3.69 3.76 3.88 4.19 4.21 4.08 3.95 3.79 3.82 3.84 3.79 3.74 3.71 3.75 3.79 3.77 3.71 3.67 3.64 3.60 3.57 3.52 3.48 3.43 3.39 3.34 3.29 3.23 3.17 3.11 3.04 2.97 2.89 2.81 2.73 2.65 2.56 2.46 2.29 2.37 2.87 3.07 2.76 2.71 3.16 3.31 3.11 2.95 2.78 2.72 2.75 2.70 2.65 2.45 1.89 1.55 1.70 1.85 1.84 1.87 1.88 1.78 1.72 1.75 1.79 1.76 1.70 1.69 1.71 1.74 1.78 1.79
3.16 3.15 3.27 3.43 3.57 3.82 4.07 4.22 4.22 4.14 3.99 3.72 3.54 3.53 3.63 3.91 4.09 4.11 3.99 3.80 3.73 3.66 3.62 3.60 3.61 3.69 3.75 3.70 3.61 3.58 3.56 3.52 3.49 3.45 3.40 3.36 3.32 3.27 3.22 3.17 3.11 3.05 2.99 2.92 2.85 2.78 2.72 2.65 2.57 2.49 2.34 2.35 2.68 2.77 2.46 2.62 3.19 3.26 2.99 2.81 2.64 2.56 2.53 2.43 2.44 2.29 1.78 1.64 1.79 1.82 1.81 1.87 1.91 1.75 1.64 1.67 1.70 1.70 1.65 1.65 1.71 1.72 1.76 1.83
2.99 3.00 3.18 3.41 3.61 3.78 3.91 4.06 4.11 4.04 3.97 3.81 3.51 3.38 3.48 3.66 3.85 3.96 4.00 3.88 3.65 3.51 3.50 3.50 3.49 3.58 3.69 3.61 3.50 3.50 3.47 3.43 3.40 3.37 3.32 3.29 3.25 3.20 3.15 3.10 3.05 3.00 2.94 2.87 2.81 2.75 2.69 2.63 2.56 2.49 2.40 2.35 2.51 2.60 2.31 2.40 3.07 3.21 2.93 2.73 2.46 2.26 2.26 2.31 2.36 2.11 1.73 1.68 1.75 1.75 1.78 1.87 1.91 1.72 1.53 1.54 1.63 1.63 1.58 1.62 1.70 1.70 1.76 1.84
2.78 2.87 3.17 3.43 3.59 3.68 3.70 3.89 4.01 3.90 3.95 3.98 3.51 3.21 3.36 3.52 3.59 3.64 3.84 3.90 3.63 3.45 3.46 3.43 3.36 3.47 3.60 3.50 3.43 3.44 3.38 3.34 3.31 3.28 3.24 3.21 3.17 3.13 3.08 3.04 2.99 2.93 2.88 2.82 2.77 2.71 2.66 2.60 2.54 2.48 2.43 2.36 2.42 2.48 2.25 2.25 2.81 3.11 2.93 2.65 2.17 1.79 1.98 2.31 2.38 2.09 1.79 1.67 1.65 1.67 1.72 1.84 1.89 1.67 1.44 1.41 1.51 1.51 1.46 1.56 1.66 1.68 1.74 1.82
2.44 2.71 3.21 3.44 3.54 3.62 3.56 3.69 3.91 3.90 4.03 4.01 3.47 3.15 3.24 3.35 3.37 3.36 3.58 3.79 3.63 3.44 3.44 3.39 3.29 3.39 3.47 3.39 3.37 3.36 3.28 3.24 3.22 3.19 3.16 3.13 3.09 3.05 3.01 2.96 2.92 2.87 2.82 2.77 2.72 2.67 2.62 2.56 2.51 2.46 2.42 2.38 2.37 2.37 2.25 2.25 2.56 2.86 2.86 2.55 1.87 1.47 1.86 2.29 2.35 2.14 1.85 1.62 1.55 1.60 1.63 1.76 1.84 1.62 1.40 1.33 1.38 1.38 1.34 1.45 1.61 1.68 1.75 1.86
1.87 2.49 3.20 3.38 3.62 3.69 3.41 3.41 3.78 4.05 4.10 3.78 3.40 3.21 3.08 3.10 3.22 3.24 3.38 3.58 3.49 3.36 3.43 3.39 3.28 3.28 3.30 3.28 3.28 3.26 3.20 3.15 3.13 3.11 3.08 3.05 3.01 2.97 2.93 2.89 2.85 2.80 2.76 2.71 2.67 2.62 2.57 2.52 2.47 2.43 2.39 2.36 2.33 2.29 2.26 2.27 2.39 2.52 2.61 2.40 1.72 1.43 1.79 2.14 2.23 2.12 1.88 1.63 1.53 1.56 1.56 1.68 1.76 1.55 1.35 1.28 1.26 1.23 1.22 1.34 1.53 1.68 1.83 1.90
1.58 2.37 3.06 3.31 3.87 3.86 3.15 2.98 3.68 4.20 4.05 3.53 3.32 3.21 2.93 2.92 3.12 3.20 3.25 3.31 3.24 3.24 3.38 3.36 3.24 3.14 3.14 3.24 3.24 3.19 3.12 3.06 3.05 3.02 2.99 2.96 2.93 2.89 2.85 2.81 2.77 2.73 2.69 2.65 2.61 2.56 2.52 2.47 2.43 2.39 2.36 2.32 2.29 2.25 2.23 2.23 2.25 2.26 2.30 2.20 1.74 1.56 1.79 1.96 2.04 1.98 1.83 1.68 1.58 1.55 1.51 1.60 1.67 1.46 1.24 1.20 1.17 1.07 1.06 1.24 1.44 1.65 1.91 1.91
1.83 2.29 2.87 3.28 3.91 3.84 2.91 2.62 3.68 4.36 3.98 3.41 3.24 3.08 2.86 2.85 2.99 3.13 3.11 3.04 3.04 3.14 3.24 3.26 3.07 2.89 3.14 3.36 3.25 3.14 3.06 2.98 2.95 2.92 2.89 2.88 2.85 2.81 2.77 2.73 2.69 2.66 2.62 2.58 2.54 2.50 2.46 2.42 2.38 2.35 2.31 2.27 2.24 2.21 2.19 2.17 2.15 2.12 2.10 2.02 1.80 1.69 1.77 1.83 1.82 1.75 1.69 1.66 1.59 1.52 1.47 1.57 1.62 1.37 1.15 1.14 1.09 0.97 0.95 1.17 1.42 1.65 1.89 1.96
2.15 2.39 2.76 3.16 3.63 3.57 2.80 2.59 3.69 4.40 3.79 3.12 3.04 2.91 2.76 2.76 2.82 2.97 2.97 2.87 2.90 2.99 3.10 3.14 2.72 2.52 3.21 3.55 3.29 3.11 3.00 2.91 2.86 2.82 2.79 2.79 2.76 2.72 2.68 2.65 2.61 2.58 2.54 2.51 2.47 2.44 2.40 2.37 2.33 2.29 2.26 2.22 2.19 2.16 2.13 2.10 2.07 2.03 1.99 1.91 1.81 1.75 1.74 1.71 1.65 1.57 1.57 1.56 1.50 1.41 1.39 1.56 1.58 1.27 1.10 1.11 1.06 0.94 0.92 1.11 1.37 1.61 1.75 2.04
2.40 2.49 2.73 2.98 3.23 3.26 2.90 2.78 3.64 4.24 3.42 2.81 2.82 2.73 2.68 2.65 2.66 2.82 2.89 2.81 2.78 2.85 3.00 2.98 2.44 2.30 3.13 3.61 3.36 3.09 2.97 2.86 2.78 2.71 2.68 2.70 2.66 2.62 2.59 2.56 2.53 2.50 2.47 2.44 2.40 2.37 2.34 2.30 2.27 2.23 2.20 2.17 2.13 2.10 2.07 2.03 2.00 1.96 1.91 1.85 1.78 1.74 1.69 1.62 1.57 1.52 1.49 1.46 1.36 1.26 1.28 1.49 1.50 1.19 1.04 1.07 1.07 0.96 0.91 1.05 1.26 1.49 1.68 2.18
2.57 2.61 2.73 2.81 2.93 3.08 3.01 2.99 3.54 3.78 3.07 2.74 2.74 2.65 2.66 2.59 2.56 2.73 2.84 2.77 2.72 2.81 2.89 2.81 2.40 2.26 2.88 3.44 3.37 3.13 2.95 2.82 2.75 2.64 2.57 2.59 2.56 2.52 2.50 2.48 2.45 2.42 2.39 2.36 2.33 2.30 2.27 2.24 2.21 2.17 2.14 2.11 2.07 2.04 2.00 1.97 1.93 1.89 1.85 1.79 1.74 1.70 1.65 1.58 1.53 1.49 1.43 1.38 1.29 1.20 1.21 1.33 1.35 1.09 0.98 1.01 1.06 0.97 0.88 0.98 1.16 1.38 1.75 2.28
2.76 2.76 2.72 2.66 2.80 2.99 3.01 3.08 3.28 3.18 2.85 2.76 2.69 2.60 2.62 2.55 2.53 2.68 2.77 2.70 2.71 2.78 2.79 2.70 2.40 2.24 2.64 3.12 3.26 3.18 2.95 2.79 2.77 2.65 2.51 2.47 2.43 2.41 2.40 2.39 2.36 2.33 2.30 2.28 2.25 2.23 2.20 2.17 2.14 2.11 2.08 2.04 2.01 1.98 1.94 1.91 1.87 1.83 1.78 1.74 1.69 1.65 1.60 1.54 1.50 1.45 1.39 1.34 1.26 1.18 1.16 1.19 1.15 0.98 0.92 0.94 0.99 0.94 0.81 0.90 1.12 1.41 1.88 2.18
2.95 2.88 2.67 2.56 2.72 2.88 2.92 2.99 2.96 2.79 2.74 2.72 2.62 2.59 2.57 2.49 2.50 2.64 2.70 2.63 2.64 2.70 2.68 2.62 2.37 2.22 2.46 2.80 3.05 3.13 2.95 2.80 2.80 2.69 2.47 2.33 2.31 2.32 2.31 2.29 2.26 2.24 2.22 2.20 2.18 2.15 2.12 2.10 2.07 2.04 2.01 1.98 1.95 1.91 1.88 1.84 1.80 1.77 1.72 1.68 1.64 1.60 1.55 1.50 1.46 1.41 1.35 1.30 1.24 1.17 1.13 1.10 1.02 0.89 0.85 0.89 0.91 0.87 0.75 0.81 1.14 1.55 1.90 1.92
3.05 2.93 2.70 2.53 2.61 2.79 2.83 2.83 2.75 2.64 2.63 2.60 2.54 2.56 2.53 2.43 2.45 2.59 2.62 2.53 2.51 2.56 2.56 2.55 2.38 2.18 2.31 2.56 2.80 2.99 2.93 2.81 2.79 2.67 2.43 2.25 2.23 2.25 2.23 2.18 2.15 2.15 2.13 2.11 2.10 2.07 2.05 2.03 2.00 1.97 1.94 1.91 1.88 1.85 1.81 1.78 1.74 1.70 1.66 1.62 1.59 1.54 1.50 1.46 1.41 1.36 1.31 1.26 1.21 1.15 1.10 1.06 0.97 0.84 0.78 0.83 0.82 0.75 0.70 0.84 1.25 1.63 1.77 1.61
