windninja/windninja_output/Output_2025-10-23_0600-0650_Google earth_Fire_150m_10min/merlingen_7.5mi_point_10-23-2025_0610_150m_vel.asc
ncols	158
nrows	163
xllcorner	391686.332397
yllcorner	5160024.123721
cellsize	150.000000
NODATA_value	-32768.000000
[rows 38 to 75 of 163, columns 0 to 83 of 158]
6.58 6.65 6.85 6.92 6.84 6.83 6.83 6.84 6.84 6.90 6.87 6.70 6.63 6.68 6.63 6.51 6.40 6.28 6.17 6.07 5.92 5.72 5.54 5.34 5.01 4.52 3.94 3.50 4.30 5.71 5.93 5.95 6.42 6.86 7.42 6.80 5.70 6.10 6.83 6.58 6.30 6.30 6.28 6.35 6.62 6.52 6.07 5.78 5.71 6.17 6.38 5.73 5.34 5.85 6.18 5.58 5.20 5.70 6.26 6.80 7.17 6.54 4.96 3.39 3.08 4.57 6.90 7.32 5.38 3.89 3.78 4.07 4.00 3.19 2.40 2.53 2.27 1.65 2.75 3.70 2.96 2.64 3.18 4.03
6.78 6.83 6.89 6.94 6.90 6.85 6.87 6.97 6.95 6.88 6.83 6.69 6.63 6.72 6.68 6.52 6.41 6.30 6.19 6.11 5.97 5.78 5.61 5.44 5.14 4.67 4.20 4.03 4.65 5.56 5.81 5.72 5.81 6.20 6.55 5.85 5.31 6.20 7.00 6.90 6.65 6.53 6.48 6.33 6.41 6.62 6.28 5.59 5.38 6.23 6.74 5.90 5.02 5.51 6.32 5.71 4.89 5.24 6.05 6.61 6.77 6.80 6.24 4.64 3.50 4.50 6.95 7.14 5.12 4.09 4.14 4.19 3.78 2.90 2.49 2.91 2.48 1.28 2.13 3.67 3.45 2.87 3.07 3.84
6.98 7.05 6.93 6.91 6.94 6.87 6.92 7.07 7.04 6.82 6.73 6.72 6.64 6.70 6.71 6.55 6.41 6.33 6.23 6.13 6.01 5.83 5.65 5.51 5.30 4.88 4.55 4.46 4.61 5.24 5.82 5.61 5.31 5.54 5.48 4.87 4.84 5.73 6.74 7.16 7.08 6.95 6.77 6.25 6.10 6.54 6.44 5.63 5.19 5.98 6.97 6.32 4.94 4.97 5.96 5.87 4.93 4.79 5.64 6.28 6.28 6.51 7.07 6.30 4.41 4.66 6.87 6.87 5.17 4.63 4.38 3.97 3.47 2.59 2.57 3.28 2.50 1.10 1.61 3.13 3.61 3.44 3.58 4.10
7.05 7.11 6.96 6.89 6.92 6.91 6.96 7.09 7.08 6.78 6.65 6.73 6.67 6.65 6.68 6.56 6.40 6.35 6.29 6.16 6.04 5.84 5.66 5.60 5.43 5.08 4.85 4.68 4.57 5.11 5.76 5.46 4.99 4.84 4.42 4.26 4.64 5.22 6.02 6.85 7.16 7.32 7.02 6.42 6.18 6.28 6.23 5.77 5.27 5.74 7.06 6.84 5.18 4.51 5.23 5.75 5.11 4.57 5.18 5.84 5.75 5.66 6.63 7.16 5.83 5.23 6.51 6.74 5.58 4.91 4.25 3.82 3.48 2.52 2.70 3.41 2.28 1.11 1.44 2.49 3.23 3.46 3.97 4.46
7.03 7.03 6.94 6.86 6.90 7.01 6.96 6.98 7.04 6.80 6.62 6.69 6.68 6.61 6.61 6.54 6.41 6.35 6.33 6.22 6.05 5.83 5.69 5.68 5.53 5.23 5.05 4.86 4.72 5.09 5.51 5.29 4.81 4.27 3.75 3.76 4.38 5.22 5.81 6.32 6.87 7.21 7.03 6.83 6.52 5.98 5.83 5.81 5.53 5.81 7.15 7.21 5.40 4.31 4.74 5.33 5.08 4.63 4.90 5.47 5.39 5.06 5.74 6.77 6.82 6.27 6.18 6.48 5.91 4.78 4.25 4.19 3.77 2.81 3.03 3.28 2.00 1.25 1.44 2.22 2.95 3.23 3.82 4.57
7.01 6.96 6.88 6.85 6.92 7.06 6.95 6.84 6.94 6.83 6.62 6.64 6.66 6.57 6.53 6.50 6.40 6.34 6.34 6.26 6.05 5.84 5.73 5.70 5.59 5.36 5.18 5.07 4.93 5.01 5.20 5.12 4.68 4.05 3.55 3.42 4.12 5.29 5.70 5.88 6.41 6.83 7.03 7.13 6.55 5.64 5.50 5.75 5.87 6.23 7.22 7.12 5.45 4.44 4.66 5.00 4.90 4.71 4.86 5.33 5.35 5.05 5.24 5.74 6.61 6.89 6.27 6.06 5.69 4.80 4.56 4.80 4.33 3.45 3.42 3.07 2.04 1.57 1.59 2.15 2.79 3.22 3.84 4.65
6.98 6.91 6.84 6.89 6.94 6.97 6.91 6.81 6.82 6.79 6.63 6.59 6.60 6.51 6.48 6.45 6.38 6.35 6.33 6.23 6.05 5.89 5.76 5.68 5.62 5.47 5.33 5.22 5.05 4.93 5.00 4.97 4.61 4.08 3.60 3.49 4.22 5.10 5.35 5.46 5.86 6.59 7.26 7.14 6.07 5.35 5.46 5.79 6.23 6.67 7.00 6.65 5.47 4.67 4.79 5.00 4.81 4.71 4.94 5.34 5.49 5.38 5.19 5.28 6.23 6.86 6.41 5.66 4.91 4.50 4.64 5.04 4.90 4.30 3.87 3.17 2.30 1.95 1.95 2.31 2.76 3.26 4.07 4.67
6.93 6.89 6.89 6.95 6.90 6.85 6.85 6.80 6.73 6.71 6.64 6.55 6.50 6.46 6.44 6.40 6.34 6.34 6.31 6.18 6.03 5.91 5.78 5.69 5.64 5.56 5.44 5.27 5.09 4.95 4.92 4.88 4.60 4.14 3.77 3.80 4.22 4.66 4.91 5.04 5.49 6.52 7.35 6.77 5.39 5.17 5.70 6.16 6.64 6.74 6.47 6.11 5.47 4.78 4.81 5.09 4.91 4.78 5.05 5.37 5.56 5.64 5.46 5.58 6.37 6.55 6.09 5.33 4.11 3.74 4.27 4.73 4.97 4.77 4.24 3.46 2.53 2.18 2.31 2.66 3.05 3.55 4.14 4.35
6.92 6.91 6.93 6.92 6.84 6.83 6.82 6.73 6.65 6.61 6.61 6.51 6.40 6.39 6.39 6.36 6.31 6.30 6.27 6.14 6.00 5.88 5.78 5.73 5.69 5.60 5.46 5.28 5.15 5.02 4.91 4.84 4.63 4.23 3.95 3.97 4.15 4.40 4.62 4.81 5.27 6.23 6.99 6.26 4.98 5.15 5.98 6.73 6.87 6.27 5.84 5.63 5.35 4.98 4.79 5.01 5.11 5.12 5.32 5.36 5.43 5.77 5.95 6.00 6.28 6.13 5.52 4.93 3.92 3.51 3.96 4.30 4.71 4.76 4.34 3.69 2.84 2.36 2.52 3.03 3.44 3.77 3.99 3.92
7.01 6.99 6.90 6.76 6.82 7.00 6.84 6.61 6.54 6.52 6.53 6.44 6.34 6.32 6.34 6.32 6.27 6.23 6.19 6.11 5.97 5.83 5.79 5.78 5.72 5.59 5.44 5.31 5.20 5.08 4.95 4.84 4.66 4.37 4.08 3.98 4.19 4.38 4.45 4.67 5.07 5.80 6.28 5.60 4.98 5.51 6.41 6.95 6.57 5.62 5.33 5.22 5.15 5.26 5.00 4.98 5.36 5.62 5.83 5.43 5.18 5.91 6.36 6.13 6.01 5.79 5.03 4.51 3.93 3.62 3.85 4.03 4.37 4.48 4.20 3.75 3.09 2.57 2.68 3.31 3.75 3.79 3.79 3.65
7.16 7.04 6.81 6.53 6.79 7.32 7.00 6.48 6.38 6.42 6.42 6.33 6.26 6.25 6.29 6.27 6.20 6.17 6.12 6.05 5.93 5.83 5.79 5.77 5.73 5.58 5.43 5.33 5.23 5.12 4.99 4.86 4.71 4.50 4.18 4.02 4.24 4.40 4.37 4.54 4.91 5.34 5.39 4.91 5.06 6.08 6.77 6.64 5.97 5.18 4.91 4.96 5.06 5.24 5.04 5.09 5.67 6.11 6.23 5.47 4.99 5.88 6.49 6.20 5.84 5.43 4.67 4.15 3.84 3.68 3.80 3.91 4.06 4.11 3.96 3.67 3.23 2.90 3.00 3.52 3.90 3.83 3.64 3.48
7.33 7.03 6.60 6.37 6.82 7.57 7.29 6.52 6.18 6.25 6.30 6.20 6.15 6.16 6.22 6.23 6.13 6.08 6.06 5.97 5.89 5.84 5.76 5.73 5.72 5.60 5.42 5.32 5.24 5.14 5.03 4.90 4.77 4.60 4.31 4.11 4.25 4.39 4.37 4.44 4.71 4.93 4.74 4.50 5.10 6.37 6.74 6.08 5.37 4.70 4.51 4.92 5.24 5.23 5.11 5.39 6.16 6.59 6.20 5.26 4.89 5.64 6.44 6.48 5.87 5.06 4.36 3.86 3.67 3.65 3.73 3.83 3.84 3.77 3.71 3.56 3.34 3.21 3.37 3.73 3.98 3.95 3.66 3.36
7.56 6.99 6.24 6.23 7.00 7.63 7.47 6.82 6.10 6.00 6.11 6.08 6.06 6.05 6.11 6.16 6.10 5.99 5.98 5.92 5.85 5.83 5.73 5.66 5.70 5.60 5.40 5.30 5.25 5.16 5.05 4.95 4.82 4.66 4.45 4.27 4.27 4.37 4.34 4.32 4.48 4.68 4.55 4.38 5.12 6.28 6.30 5.52 4.86 4.19 4.04 4.77 5.28 5.16 5.24 5.88 6.75 6.72 5.76 4.92 4.81 5.40 6.45 6.89 5.92 4.70 4.05 3.64 3.49 3.52 3.61 3.68 3.62 3.50 3.45 3.38 3.28 3.29 3.57 3.94 4.10 4.04 3.76 3.40
7.84 6.93 5.86 6.11 7.16 7.53 7.41 7.20 6.35 5.83 5.82 5.95 5.97 5.95 5.99 6.05 6.06 5.92 5.88 5.89 5.80 5.77 5.70 5.62 5.64 5.56 5.39 5.30 5.25 5.17 5.07 4.97 4.85 4.72 4.57 4.44 4.34 4.30 4.26 4.18 4.34 4.67 4.56 4.36 5.02 5.84 5.60 4.89 4.56 4.06 3.92 4.77 5.23 5.10 5.47 6.56 6.98 6.33 5.34 4.77 4.74 5.25 6.65 7.23 5.79 4.36 3.79 3.45 3.38 3.43 3.49 3.51 3.40 3.31 3.29 3.21 3.10 3.14 3.51 4.02 4.24 4.18 3.93 3.52
8.16 6.92 5.59 6.09 7.18 7.25 7.10 7.39 6.87 5.87 5.55 5.77 5.85 5.85 5.89 5.95 5.97 5.86 5.81 5.85 5.76 5.68 5.66 5.62 5.57 5.48 5.38 5.31 5.25 5.17 5.08 4.98 4.88 4.77 4.66 4.55 4.42 4.30 4.21 4.06 4.25 4.74 4.63 4.32 4.66 5.25 4.82 4.08 4.30 4.29 4.28 4.81 5.22 5.36 6.07 7.01 6.62 5.64 5.07 4.83 4.81 5.32 7.00 7.40 5.53 4.07 3.54 3.28 3.31 3.40 3.40 3.37 3.26 3.22 3.28 3.19 3.00 2.97 3.31 3.85 4.16 4.35 4.26 3.77
8.23 7.18 5.70 6.01 7.12 6.95 6.63 7.31 7.28 6.14 5.46 5.57 5.70 5.75 5.81 5.86 5.85 5.78 5.77 5.77 5.70 5.62 5.60 5.59 5.50 5.41 5.36 5.30 5.24 5.16 5.07 4.99 4.90 4.81 4.72 4.62 4.50 4.37 4.22 4.03 4.21 4.77 4.71 4.21 4.17 4.54 4.14 3.44 3.96 4.41 4.46 4.73 5.14 5.77 6.77 7.04 5.88 4.93 4.82 4.93 5.01 5.63 7.29 7.37 5.31 3.83 3.28 3.13 3.32 3.40 3.32 3.23 3.19 3.24 3.33 3.24 3.02 3.02 3.30 3.54 3.77 4.26 4.50 4.17
7.82 7.53 6.35 5.87 6.82 6.76 6.22 6.94 7.45 6.63 5.66 5.45 5.55 5.63 5.73 5.77 5.73 5.71 5.69 5.68 5.66 5.58 5.54 5.52 5.44 5.36 5.32 5.27 5.21 5.14 5.06 4.99 4.91 4.83 4.75 4.65 4.55 4.44 4.29 4.11 4.24 4.68 4.63 4.07 3.74 3.88 3.67 3.26 3.84 4.27 4.27 4.70 5.16 5.94 7.20 6.85 5.11 4.36 4.59 5.01 5.26 6.04 7.44 7.16 5.10 3.65 3.06 2.94 3.33 3.50 3.30 3.17 3.18 3.28 3.35 3.28 3.08 3.19 3.48 3.35 3.39 3.96 4.37 4.31
7.23 7.58 7.15 6.08 6.35 6.54 5.99 6.28 7.23 7.20 6.17 5.50 5.45 5.50 5.57 5.65 5.64 5.62 5.59 5.59 5.61 5.56 5.49 5.44 5.37 5.31 5.28 5.24 5.18 5.12 5.05 4.99 4.91 4.84 4.76 4.68 4.59 4.49 4.38 4.26 4.30 4.46 4.38 3.97 3.64 3.56 3.43 3.41 3.77 3.84 3.85 4.74 5.25 5.93 7.32 6.49 4.47 4.06 4.50 5.02 5.48 6.38 7.40 6.91 4.96 3.45 2.88 2.74 3.18 3.50 3.34 3.21 3.27 3.33 3.33 3.25 3.14 3.37 3.61 3.34 3.25 3.68 4.04 4.10
7.01 7.35 7.44 6.65 6.24 6.36 5.94 5.68 6.54 7.35 6.75 5.77 5.51 5.43 5.35 5.49 5.57 5.52 5.50 5.47 5.52 5.53 5.45 5.39 5.30 5.25 5.23 5.19 5.14 5.09 5.03 4.97 4.90 4.83 4.77 4.69 4.61 4.53 4.44 4.36 4.31 4.27 4.16 3.94 3.75 3.58 3.46 3.46 3.52 3.32 3.45 4.70 5.21 5.98 7.23 5.90 4.05 4.02 4.55 5.11 5.73 6.47 7.15 6.77 4.96 3.30 2.68 2.57 2.88 3.22 3.22 3.31 3.41 3.37 3.33 3.19 3.22 3.53 3.63 3.42 3.29 3.49 3.75 3.83
7.09 7.12 7.21 6.94 6.56 6.43 6.09 5.53 5.88 6.99 6.89 6.06 5.79 5.55 5.23 5.30 5.45 5.42 5.40 5.36 5.41 5.44 5.40 5.35 5.23 5.17 5.17 5.14 5.10 5.05 5.00 4.95 4.88 4.82 4.76 4.69 4.62 4.54 4.47 4.39 4.31 4.21 4.08 3.95 3.85 3.72 3.53 3.36 3.28 2.96 3.12 4.44 5.14 6.04 6.99 5.35 3.76 4.08 4.78 5.34 5.88 6.35 6.77 6.62 5.16 3.44 2.62 2.50 2.70 2.95 3.11 3.35 3.45 3.38 3.34 3.17 3.30 3.64 3.60 3.44 3.37 3.46 3.59 3.65
7.16 7.02 6.90 6.80 6.68 6.60 6.40 5.84 5.75 6.52 6.44 5.94 6.07 5.98 5.44 5.18 5.24 5.29 5.29 5.28 5.31 5.32 5.34 5.31 5.17 5.11 5.12 5.08 5.05 5.01 4.97 4.92 4.86 4.80 4.75 4.68 4.61 4.55 4.47 4.39 4.31 4.21 4.09 3.98 3.90 3.79 3.55 3.32 3.15 2.81 2.82 3.97 5.12 6.06 6.57 5.02 3.64 4.18 5.08 5.52 5.77 6.08 6.39 6.35 5.34 3.77 2.75 2.46 2.60 2.93 3.13 3.30 3.41 3.38 3.31 3.18 3.37 3.65 3.53 3.37 3.37 3.52 3.62 3.60
7.10 6.94 6.76 6.67 6.57 6.56 6.60 6.31 6.08 6.18 5.85 5.42 5.87 6.40 5.99 5.31 5.08 5.10 5.15 5.18 5.19 5.23 5.28 5.21 5.09 5.05 5.05 5.03 5.00 4.97 4.92 4.87 4.83 4.78 4.72 4.66 4.60 4.54 4.47 4.39 4.31 4.22 4.11 4.01 3.92 3.79 3.60 3.38 3.15 2.84 2.73 3.61 5.07 5.89 6.03 4.78 3.78 4.46 5.29 5.47 5.48 5.70 6.01 6.05 5.37 4.06 2.95 2.41 2.52 3.01 3.20 3.20 3.35 3.38 3.24 3.22 3.48 3.55 3.38 3.26 3.26 3.49 3.66 3.60
6.93 6.84 6.68 6.61 6.54 6.51 6.60 6.61 6.43 6.07 5.53 4.98 5.31 6.27 6.37 5.75 5.21 5.02 5.00 5.02 5.04 5.14 5.20 5.09 5.00 4.99 4.99 4.98 4.95 4.92 4.88 4.83 4.79 4.74 4.69 4.64 4.58 4.52 4.45 4.38 4.30 4.22 4.13 4.03 3.92 3.80 3.66 3.47 3.25 2.98 2.85 3.46 4.78 5.54 5.43 4.53 4.17 4.88 5.31 5.26 5.17 5.21 5.49 5.68 5.26 4.29 3.11 2.28 2.45 3.09 3.22 3.15 3.30 3.36 3.17 3.23 3.53 3.42 3.23 3.18 3.16 3.36 3.55 3.52
6.73 6.71 6.62 6.52 6.52 6.56 6.62 6.73 6.59 6.12 5.52 4.88 4.96 5.65 6.11 6.16 5.69 5.20 4.98 4.84 4.89 5.02 5.05 4.97 4.92 4.93 4.95 4.93 4.89 4.86 4.82 4.78 4.74 4.70 4.65 4.61 4.55 4.50 4.44 4.37 4.30 4.22 4.13 4.03 3.93 3.82 3.70 3.56 3.39 3.17 2.98 3.33 4.35 5.06 4.80 4.28 4.61 5.20 5.20 5.00 4.84 4.78 4.96 5.19 4.97 4.33 3.23 2.35 2.57 3.14 3.18 3.19 3.31 3.29 3.12 3.20 3.42 3.30 3.14 3.14 3.14 3.28 3.43 3.42
6.63 6.58 6.53 6.44 6.41 6.55 6.70 6.80 6.63 6.20 5.66 4.99 4.82 5.01 5.41 6.04 6.09 5.67 5.18 4.81 4.78 4.84 4.86 4.83 4.81 4.89 4.93 4.89 4.83 4.79 4.76 4.73 4.69 4.66 4.61 4.57 4.52 4.47 4.41 4.35 4.28 4.21 4.13 4.03 3.95 3.85 3.75 3.65 3.50 3.33 3.08 3.22 4.07 4.52 4.15 4.15 4.95 5.29 5.04 4.78 4.54 4.48 4.58 4.64 4.58 4.19 3.21 2.64 2.87 3.15 3.15 3.26 3.37 3.20 3.06 3.14 3.20 3.16 3.07 3.06 3.14 3.24 3.37 3.43
6.68 6.52 6.41 6.40 6.33 6.44 6.67 6.79 6.62 6.29 5.86 5.20 4.75 4.67 4.84 5.43 5.97 6.00 5.56 5.06 4.79 4.67 4.67 4.67 4.69 4.83 4.93 4.85 4.74 4.71 4.70 4.67 4.63 4.60 4.56 4.52 4.48 4.43 4.38 4.33 4.26 4.19 4.12 4.04 3.96 3.88 3.79 3.70 3.58 3.45 3.23 3.27 3.85 4.09 3.66 4.02 5.06 5.26 4.87 4.60 4.33 4.21 4.23 4.17 4.23 3.89 2.99 2.78 3.06 3.12 3.13 3.30 3.43 3.14 2.91 2.97 3.02 3.03 2.97 2.99 3.15 3.21 3.35 3.54
6.79 6.54 6.35 6.38 6.38 6.36 6.47 6.65 6.55 6.28 6.05 5.54 4.77 4.50 4.59 4.87 5.42 5.80 5.83 5.49 5.00 4.66 4.57 4.53 4.53 4.73 4.91 4.79 4.66 4.66 4.63 4.60 4.57 4.55 4.51 4.48 4.44 4.39 4.35 4.29 4.24 4.17 4.11 4.04 3.97 3.89 3.82 3.73 3.64 3.54 3.41 3.36 3.66 3.87 3.42 3.66 4.91 5.23 4.82 4.50 4.04 3.70 3.76 3.99 4.09 3.56 2.90 2.87 3.01 3.02 3.11 3.33 3.46 3.09 2.72 2.73 2.87 2.88 2.80 2.91 3.11 3.18 3.34 3.61
6.71 6.57 6.46 6.44 6.42 6.35 6.27 6.46 6.49 6.20 6.13 5.91 4.90 4.31 4.46 4.65 4.87 5.21 5.64 5.76 5.32 4.84 4.66 4.52 4.40 4.60 4.83 4.70 4.62 4.63 4.55 4.52 4.51 4.49 4.46 4.42 4.39 4.35 4.31 4.26 4.21 4.15 4.09 4.03 3.97 3.90 3.83 3.76 3.69 3.61 3.54 3.47 3.59 3.73 3.38 3.45 4.51 5.11 4.89 4.42 3.54 2.89 3.31 4.03 4.14 3.57 3.06 2.88 2.85 2.90 3.01 3.31 3.44 3.00 2.57 2.51 2.67 2.65 2.55 2.77 3.03 3.15 3.37 3.68
6.17 6.47 6.80 6.67 6.50 6.37 6.11 6.23 6.49 6.30 6.19 5.99 5.09 4.31 4.31 4.52 4.59 4.68 5.10 5.59 5.48 5.07 4.90 4.69 4.43 4.50 4.67 4.60 4.59 4.58 4.48 4.44 4.44 4.43 4.40 4.37 4.34 4.30 4.26 4.22 4.17 4.12 4.07 4.02 3.96 3.90 3.84 3.78 3.72 3.66 3.62 3.56 3.58 3.61 3.46 3.53 4.13 4.73 4.81 4.28 3.04 2.38 3.15 4.01 4.11 3.72 3.22 2.81 2.73 2.82 2.89 3.22 3.37 2.91 2.51 2.37 2.40 2.39 2.32 2.57 2.95 3.19 3.52 4.01
4.95 6.05 7.15 7.10 6.96 6.55 5.83 5.89 6.52 6.67 6.36 5.77 5.17 4.61 4.21 4.25 4.48 4.49 4.66 5.13 5.22 5.07 5.13 4.99 4.63 4.50 4.53 4.53 4.53 4.52 4.43 4.37 4.38 4.36 4.34 4.31 4.28 4.25 4.21 4.17 4.13 4.09 4.04 4.00 3.95 3.89 3.84 3.79 3.74 3.69 3.66 3.62 3.60 3.57 3.55 3.62 3.88 4.17 4.39 4.05 2.84 2.34 3.07 3.79 3.96 3.72 3.29 2.86 2.74 2.79 2.81 3.09 3.24 2.82 2.43 2.27 2.16 2.08 2.08 2.37 2.86 3.34 3.96 4.34
3.55 5.13 6.80 7.28 7.70 7.15 5.59 5.53 6.68 7.10 6.49 5.58 5.14 4.80 4.28 4.09 4.38 4.51 4.49 4.68 4.75 4.79 5.07 5.13 4.84 4.60 4.58 4.64 4.55 4.45 4.37 4.29 4.30 4.29 4.27 4.24 4.22 4.19 4.16 4.12 4.08 4.05 4.01 3.97 3.93 3.88 3.84 3.79 3.75 3.71 3.67 3.64 3.61 3.59 3.59 3.62 3.71 3.77 3.90 3.76 2.93 2.62 3.12 3.54 3.65 3.48 3.22 2.99 2.85 2.79 2.76 2.98 3.12 2.71 2.24 2.13 1.99 1.80 1.81 2.28 2.85 3.53 4.33 4.37
3.33 4.24 5.72 6.61 7.58 7.56 5.90 5.30 6.88 7.59 6.62 5.60 5.22 4.85 4.45 4.24 4.36 4.57 4.45 4.33 4.41 4.56 4.79 4.96 4.72 4.56 4.95 5.05 4.68 4.46 4.31 4.20 4.20 4.20 4.18 4.17 4.16 4.13 4.10 4.07 4.03 4.00 3.97 3.93 3.90 3.86 3.82 3.78 3.74 3.70 3.67 3.64 3.61 3.60 3.59 3.59 3.60 3.58 3.60 3.51 3.10 2.91 3.16 3.36 3.28 3.09 3.04 3.01 2.89 2.76 2.70 2.94 3.07 2.55 2.08 2.03 1.87 1.66 1.67 2.25 2.97 3.63 4.23 4.45
4.23 4.57 5.30 5.98 6.83 7.11 5.82 5.03 6.62 7.72 6.65 5.53 5.36 5.10 4.73 4.50 4.51 4.69 4.54 4.22 4.25 4.40 4.60 4.70 4.15 4.11 5.22 5.54 4.95 4.56 4.33 4.16 4.10 4.08 4.08 4.09 4.09 4.06 4.03 4.01 3.98 3.95 3.93 3.90 3.86 3.83 3.80 3.76 3.73 3.69 3.66 3.63 3.61 3.58 3.57 3.55 3.53 3.50 3.45 3.36 3.19 3.09 3.16 3.17 3.01 2.88 2.92 2.90 2.77 2.59 2.58 2.99 3.04 2.35 1.97 1.97 1.87 1.68 1.69 2.19 2.91 3.51 3.85 4.73
5.21 5.21 5.47 5.85 6.29 6.42 5.64 5.16 6.43 7.44 6.21 5.23 5.20 5.05 4.86 4.61 4.59 4.81 4.75 4.40 4.24 4.32 4.51 4.47 3.67 3.57 5.00 5.79 5.33 4.76 4.47 4.24 4.07 3.96 3.94 3.99 4.00 3.98 3.96 3.94 3.92 3.90 3.88 3.85 3.83 3.80 3.77 3.74 3.71 3.68 3.65 3.61 3.59 3.56 3.53 3.51 3.48 3.44 3.38 3.30 3.21 3.15 3.12 3.04 2.93 2.88 2.85 2.78 2.62 2.41 2.46 2.93 2.92 2.18 1.86 1.94 1.95 1.77 1.71 2.07 2.62 3.22 3.79 5.28
5.92 5.83 5.78 5.77 5.91 6.06 5.75 5.57 6.37 6.76 5.68 5.12 5.02 4.81 4.73 4.54 4.47 4.69 4.77 4.56 4.40 4.43 4.47 4.29 3.59 3.32 4.41 5.54 5.57 5.08 4.68 4.40 4.21 3.95 3.82 3.89 3.90 3.88 3.88 3.87 3.86 3.84 3.82 3.80 3.78 3.76 3.74 3.71 3.68 3.65 3.62 3.59 3.56 3.53 3.50 3.47 3.43 3.39 3.34 3.27 3.20 3.14 3.09 3.01 2.93 2.87 2.78 2.69 2.54 2.41 2.45 2.70 2.67 2.02 1.78 1.88 1.99 1.84 1.63 1.89 2.39 3.04 4.17 5.68
6.59 6.41 6.01 5.70 5.79 5.96 5.85 5.82 6.04 5.85 5.36 5.16 4.93 4.69 4.59 4.45 4.38 4.51 4.56 4.44 4.45 4.53 4.48 4.25 3.65 3.30 3.99 4.99 5.43 5.32 4.89 4.57 4.46 4.14 3.83 3.77 3.77 3.76 3.78 3.79 3.79 3.77 3.76 3.75 3.73 3.72 3.70 3.68 3.65 3.62 3.59 3.56 3.53 3.50 3.47 3.43 3.39 3.34 3.30 3.24 3.18 3.12 3.07 3.00 2.92 2.84 2.75 2.64 2.54 2.49 2.45 2.46 2.31 1.88 1.74 1.84 1.94 1.81 1.51 1.72 2.36 3.31 4.72 5.48
7.31 6.98 6.21 5.67 5.77 5.93 5.82 5.80 5.67 5.30 5.12 5.05 4.82 4.63 4.52 4.38 4.33 4.40 4.40 4.29 4.33 4.44 4.43 4.27 3.75 3.36 3.76 4.47 5.05 5.30 5.02 4.72 4.66 4.43 3.97 3.69 3.67 3.68 3.68 3.70 3.70 3.70 3.70 3.69 3.68 3.67 3.66 3.64 3.61 3.59 3.56 3.53 3.50 3.47 3.43 3.39 3.35 3.31 3.26 3.21 3.15 3.10 3.04 2.98 2.90 2.82 2.73 2.64 2.58 2.51 2.40 2.29 2.11 1.82 1.73 1.85 1.85 1.68 1.41 1.63 2.62 3.91 4.90 4.67
7.94 7.48 6.55 5.81 5.71 5.92 5.77 5.57 5.40 5.10 4.93 4.85 4.68 4.56 4.47 4.31 4.24 4.31 4.32 4.21 4.19 4.26 4.28 4.23 3.85 3.42 3.60 4.10 4.65 5.08 5.06 4.82 4.74 4.62 4.15 3.75 3.65 3.66 3.64 3.59 3.58 3.61 3.63 3.63 3.63 3.63 3.61 3.60 3.58 3.55 3.53 3.50 3.47 3.43 3.40 3.35 3.31 3.27 3.22 3.17 3.12 3.07 3.01 2.95 2.88 2.80 2.72 2.65 2.59 2.50 2.37 2.23 2.06 1.84 1.75 1.84 1.73 1.49 1.36 1.82 3.16 4.25 4.44 3.65
