windninja/windninja_output/Output_2025-10-23_0600-0650_Google earth_Fire_150m_10min/merlingen_7.5mi_point_10-23-2025_0650_150m_ang.asc
ncols	158
nrows	163
xllcorner	391686.332397
yllcorner	5160024.123721
cellsize	150.000000
NODATA_value	-32768.000000
[rows 0 to 46 of 163, columns 0 to 95 of 158]
58 57 55 51 48 49 48 43 42 42 40 36 31 32 37 44 52 54 54 58 53 37 32 35 39 42 41 37 36 36 37 38 39 39 38 42 45 46 47 45 41 41 42 43 45 46 49 48 40 35 33 32 32 33 34 35 35 36 37 36 35 34 34 33 31 30 31 34 37 37 36 35 35 34 34 35 36 39 40 38 37 36 38 41 43 42 39 39 41 39 38 39 38 37 38 40
57 57 55 51 51 50 48 46 47 46 42 35 29 31 37 44 48 48 49 51 46 34 31 35 40 41 39 37 37 38 39 39 40 39 39 42 43 43 43 41 40 40 40 41 41 41 42 41 37 36 35 35 36 37 37 36 36 36 37 36 35 35 34 33 32 31 33 36 38 37 36 35 35 34 34 35 36 39 39 37 36 37 39 41 42 41 38 39 41 40 40 41 40 39 38 40
54 55 53 51 53 50 47 48 49 46 38 29 26 30 38 43 44 42 44 45 39 32 30 35 40 41 39 38 39 41 42 42 41 40 41 41 40 39 39 38 38 38 38 39 38 37 36 36 35 35 36 37 38 40 39 37 36 36 37 37 35 34 34 34 33 34 36 38 40 38 36 35 35 35 36 36 36 38 38 36 35 37 40 40 41 40 35 36 39 40 42 42 40 39 38 38
49 51 50 49 50 47 44 45 43 39 32 24 25 31 38 45 45 43 44 43 40 35 30 31 38 39 38 37 37 38 40 42 42 42 41 40 40 40 40 38 36 36 36 37 37 35 35 35 34 33 33 34 35 37 37 37 37 37 38 37 36 34 34 35 35 35 36 39 41 39 36 36 37 38 38 37 36 39 40 37 33 36 39 38 40 40 33 32 34 35 37 38 36 35 34 34
45 48 48 47 48 45 43 44 42 37 31 25 24 31 40 46 48 47 46 45 43 41 33 28 34 37 36 35 33 34 36 38 39 40 39 39 40 40 39 37 35 34 35 35 35 35 36 35 35 35 35 35 36 37 38 38 39 39 39 38 38 36 36 37 36 36 37 41 43 40 38 39 40 39 39 39 41 42 42 39 35 37 40 38 40 42 34 29 30 30 32 34 32 29 28 27
47 49 49 47 46 45 45 46 44 39 33 28 25 32 43 48 49 49 48 48 48 46 39 29 32 36 36 35 34 33 34 36 37 37 37 37 38 37 36 35 34 34 36 37 37 38 38 37 37 37 37 37 38 40 40 40 40 40 39 39 38 37 37 37 37 37 38 41 42 40 39 41 41 39 37 39 41 42 41 40 40 41 41 40 41 42 39 32 30 29 28 29 28 24 23 24
50 51 51 49 47 46 47 47 44 39 34 30 26 34 47 50 50 49 47 47 48 48 44 34 33 37 38 38 37 35 35 37 38 37 36 36 36 36 36 36 36 37 39 40 41 41 41 40 39 38 38 38 39 40 41 42 42 41 40 39 37 36 35 37 38 38 38 41 42 39 37 39 39 36 35 37 39 40 38 38 41 41 40 41 42 44 43 39 36 31 29 30 29 27 27 28
50 51 52 53 52 51 50 49 44 40 36 31 27 35 47 50 49 48 47 46 47 48 46 40 35 35 38 39 38 37 38 40 41 40 40 39 38 38 39 39 40 41 43 43 44 44 43 42 41 40 39 40 40 40 42 43 42 41 40 38 36 34 34 36 37 38 39 41 42 38 37 39 39 36 36 38 41 42 38 38 43 43 38 39 40 42 42 40 37 34 33 35 37 36 34 33
50 51 52 53 54 55 54 51 46 42 38 33 29 35 46 49 48 48 48 47 48 48 46 42 35 30 35 39 39 39 43 44 43 43 45 45 44 44 44 45 46 46 47 46 46 45 45 45 43 41 41 42 41 42 45 44 42 41 40 38 38 37 36 37 39 40 41 40 40 38 39 42 42 40 39 40 43 43 39 40 45 45 38 35 35 34 35 35 31 27 26 28 31 30 29 31
50 51 53 52 52 53 52 50 47 43 41 37 32 35 45 49 49 49 48 47 48 48 46 42 36 30 31 38 38 40 45 45 43 46 48 48 47 47 48 49 49 49 48 48 48 48 46 47 45 42 43 45 43 44 47 47 44 43 44 44 44 44 42 42 44 45 43 41 39 40 43 46 45 43 42 42 45 44 39 39 42 43 38 34 34 33 32 31 26 23 24 25 25 24 26 33
51 52 53 52 51 50 50 49 47 44 43 40 36 37 46 51 51 51 49 48 48 47 46 43 38 33 29 34 39 41 46 47 47 50 52 51 49 49 49 49 49 49 49 49 50 51 49 49 49 47 49 50 48 49 52 53 52 52 53 52 52 53 50 50 53 51 48 45 42 43 46 47 44 43 43 45 48 45 38 36 38 39 38 35 36 34 33 34 30 27 30 31 28 26 31 37
51 52 52 52 50 50 50 49 47 45 44 42 39 39 46 53 53 52 50 50 50 49 48 44 40 37 33 36 42 46 49 51 51 53 54 53 52 51 51 50 50 51 50 49 51 52 52 53 55 56 60 61 61 63 65 65 63 62 62 62 64 66 65 65 66 63 59 53 47 46 47 46 44 41 40 40 41 40 35 33 35 37 36 34 32 29 31 36 33 27 33 38 35 31 35 40
52 52 52 51 50 50 50 49 48 47 46 44 41 41 48 56 57 54 53 53 53 52 51 48 45 42 39 42 46 49 51 52 53 54 54 55 55 54 53 52 52 52 50 49 51 52 52 55 60 65 68 70 73 76 78 78 74 69 67 69 73 76 79 85 86 81 74 65 54 49 48 47 45 40 34 33 34 34 33 30 33 35 35 34 32 29 32 37 32 25 33 41 39 34 40 46
52 52 52 51 51 50 50 49 49 48 47 46 43 42 49 59 63 60 57 56 55 54 54 52 49 46 43 44 47 49 52 55 56 55 54 55 56 55 55 54 55 56 56 57 60 59 56 54 58 64 68 70 72 76 81 85 83 75 67 66 70 72 74 79 85 87 86 84 75 60 52 49 46 40 34 34 36 38 37 34 35 36 36 37 37 34 36 40 37 31 38 47 47 45 51 56
53 53 52 52 51 51 50 50 49 49 48 47 44 41 47 56 62 62 61 60 58 56 55 53 51 48 45 46 47 49 53 56 56 55 54 55 55 56 57 58 62 63 64 69 70 67 64 59 55 57 61 63 63 66 69 74 75 69 59 59 62 62 62 61 62 69 74 79 87 84 61 53 48 43 39 40 44 46 46 45 43 40 41 43 43 42 44 46 44 43 51 60 61 60 64 67
53 53 52 52 52 52 51 51 50 49 49 48 46 42 45 53 57 57 58 59 58 56 53 52 51 50 47 46 48 49 51 53 52 52 55 58 61 62 63 65 67 66 65 67 65 62 62 63 58 55 55 53 51 52 53 55 56 54 49 53 57 58 56 51 50 54 58 60 66 74 75 64 56 49 45 45 47 49 50 50 48 45 48 50 50 51 53 55 54 53 58 65 66 65 68 71
53 53 53 52 52 51 51 51 51 50 50 49 48 45 48 55 56 55 54 55 55 53 51 51 51 50 48 46 48 49 51 53 52 54 60 64 68 68 66 64 63 60 59 60 57 56 56 56 57 57 55 50 47 48 48 49 50 48 43 49 54 56 54 48 47 52 53 54 55 54 59 73 70 58 49 47 47 48 49 49 48 48 53 56 59 62 63 64 66 61 56 57 57 58 60 63
53 53 53 52 52 51 51 51 51 51 50 50 50 49 52 58 60 57 55 54 54 53 52 53 53 52 50 50 50 52 54 54 54 56 59 61 63 62 59 58 58 57 58 58 56 56 55 53 52 55 55 52 50 50 50 50 50 47 42 46 52 54 51 46 47 50 52 52 51 50 49 51 59 61 55 49 46 48 52 54 54 56 58 60 63 66 67 65 65 64 58 54 53 53 54 55
53 53 53 52 52 51 51 51 51 51 51 51 51 52 54 59 61 60 58 57 56 55 55 56 56 55 54 53 54 57 57 55 53 53 55 57 59 59 58 58 59 58 59 58 57 57 57 55 53 55 56 56 54 52 50 49 49 48 45 46 51 52 49 46 47 49 52 52 50 49 46 39 43 50 51 53 56 62 66 66 67 68 66 61 58 57 56 56 59 60 57 54 54 52 50 50
54 54 53 52 52 52 52 52 52 51 51 51 52 52 54 58 60 60 59 58 56 55 55 56 56 55 55 55 55 56 55 53 52 55 58 61 61 61 58 58 57 56 56 56 56 57 57 56 56 57 58 57 56 53 50 48 48 48 48 49 52 54 53 50 50 52 53 51 48 45 41 36 38 42 41 45 56 66 70 69 69 68 63 56 52 52 51 52 56 57 52 46 51 53 52 49
54 54 53 52 52 52 52 52 52 51 52 52 52 53 54 56 57 57 57 56 55 54 54 54 54 54 55 54 54 53 52 50 51 54 57 58 58 57 53 53 53 54 55 55 56 57 58 56 56 57 58 57 56 54 53 51 49 49 49 50 51 54 55 52 52 52 51 48 46 43 39 37 41 44 41 37 39 47 54 59 60 58 56 53 50 51 52 52 55 56 50 40 46 52 53 50
54 54 53 53 52 52 52 52 52 52 52 53 53 53 54 54 55 55 55 55 55 54 54 54 54 54 54 54 53 53 50 48 49 52 53 53 54 53 51 52 52 53 54 56 58 59 59 57 55 55 56 56 55 55 55 54 53 51 50 50 50 53 55 52 51 50 47 46 46 43 41 40 43 47 44 33 31 38 44 49 51 52 53 52 48 48 49 51 54 54 46 35 39 48 49 48
54 54 53 53 52 52 52 52 52 52 52 52 53 53 53 54 53 54 54 54 54 53 53 53 52 53 53 53 53 52 50 47 49 53 54 55 56 55 53 54 53 53 54 56 58 59 57 56 54 54 56 56 55 55 55 54 53 52 50 50 50 53 55 52 49 46 43 44 44 43 41 41 44 47 42 30 25 33 39 43 46 46 49 51 47 45 45 46 50 50 43 31 35 45 48 46
55 54 53 53 53 52 52 52 52 53 52 52 52 53 53 53 53 54 54 54 53 53 53 52 51 52 52 53 54 55 52 50 53 56 57 59 60 59 57 56 54 54 55 56 58 57 55 55 55 55 56 57 55 55 54 53 53 53 49 48 50 53 56 54 50 45 43 45 45 45 43 44 47 47 40 30 25 31 38 42 44 44 46 48 46 44 42 45 49 49 42 31 36 46 48 47
55 54 54 53 53 52 52 52 53 53 53 52 53 53 52 52 53 54 54 53 53 53 52 51 51 51 51 53 57 59 57 56 57 59 59 59 59 60 60 58 56 55 54 55 57 55 53 55 56 56 57 57 56 55 54 52 52 51 49 49 52 55 57 56 51 48 48 49 49 50 49 49 49 46 39 34 33 36 40 41 43 43 42 43 44 44 43 47 52 51 42 31 37 46 48 48
55 55 54 54 53 53 52 53 54 53 53 53 53 53 53 53 53 54 54 54 53 53 52 51 50 49 48 52 57 60 60 60 61 59 58 57 57 60 62 60 58 56 55 57 58 54 53 56 56 56 57 57 58 58 56 52 49 50 51 52 55 57 56 52 47 44 45 46 48 51 53 52 50 45 37 33 39 44 41 38 40 40 38 38 41 41 38 41 49 51 39 28 34 42 45 46
55 55 54 54 53 53 52 53 54 53 53 53 53 54 53 54 54 54 54 54 53 53 51 50 48 45 44 50 56 58 59 62 65 65 61 56 55 59 61 60 57 56 57 59 58 52 52 54 55 54 53 56 58 59 56 49 45 48 51 53 57 61 58 52 46 44 42 41 44 48 52 52 49 43 34 29 38 46 42 34 37 38 37 36 38 38 34 35 44 47 37 24 30 38 42 43
55 54 54 54 53 53 53 54 54 53 53 53 54 54 54 54 55 54 54 54 53 52 51 49 46 42 42 49 53 54 56 61 66 67 67 61 57 60 62 60 57 58 59 58 54 49 48 50 53 53 50 51 53 54 54 44 39 44 49 50 56 61 60 54 51 47 43 40 43 48 52 52 46 40 31 27 36 45 43 35 36 38 38 38 40 39 35 36 43 45 38 26 26 36 39 40
55 55 54 54 53 53 53 54 54 53 54 54 54 54 55 55 55 55 54 53 53 52 51 49 46 40 41 46 49 48 52 57 60 63 65 62 59 60 61 58 54 55 54 53 50 46 46 48 51 51 46 47 49 51 50 37 30 40 48 53 57 57 54 49 48 47 42 40 45 50 52 49 42 38 32 28 36 47 48 43 38 37 39 43 46 46 43 42 45 45 41 33 28 33 37 37
55 55 54 54 54 54 54 54 54 54 54 54 55 55 55 55 55 55 54 54 54 53 52 49 46 41 41 46 45 43 47 52 55 58 58 53 50 55 58 54 49 49 47 48 46 43 44 45 48 45 40 42 46 48 46 34 28 40 52 59 61 57 52 48 48 47 42 40 49 54 54 49 43 39 33 30 36 46 52 51 44 36 41 48 51 51 48 47 46 45 42 39 34 34 39 39
56 56 54 54 54 55 55 54 54 54 54 55 55 55 56 56 56 55 55 55 55 53 52 49 46 44 45 47 46 45 49 52 54 56 54 45 43 52 55 51 47 46 44 45 44 42 44 46 47 44 40 42 45 48 46 37 35 46 57 63 63 57 53 52 52 50 43 43 54 60 60 53 48 42 32 29 33 41 49 51 47 37 40 48 49 47 45 45 45 44 44 44 44 45 51 52
57 56 54 54 55 55 54 54 54 54 55 55 56 56 57 56 56 56 56 55 55 54 52 50 48 47 47 47 46 48 54 57 57 58 56 43 43 53 55 51 49 48 47 49 47 45 48 51 53 52 51 51 51 52 49 40 40 51 62 66 62 52 49 51 55 53 44 44 56 63 60 53 49 40 30 28 31 37 45 49 46 37 37 45 48 49 48 49 50 50 50 49 50 53 60 62
57 56 54 55 56 56 54 54 55 55 55 56 56 57 57 57 57 57 57 56 56 55 53 51 51 49 47 45 42 44 51 55 57 60 59 47 45 56 57 54 53 52 51 53 51 51 55 57 57 57 59 58 56 56 52 43 42 51 59 65 62 50 42 46 53 54 45 43 54 59 53 45 41 35 28 27 28 33 42 48 46 39 40 44 49 53 56 55 55 55 55 54 53 55 56 54
56 55 54 56 58 56 55 55 56 56 56 57 57 57 58 57 57 57 57 57 58 57 54 53 53 51 49 45 40 43 51 55 56 59 60 51 47 57 57 53 54 52 52 55 55 57 60 60 59 61 61 61 61 60 55 50 48 52 56 59 58 47 35 41 50 53 49 46 52 54 47 39 38 32 27 25 25 29 37 43 43 40 42 44 44 46 50 51 50 50 51 53 54 54 51 43
55 55 54 57 58 56 55 55 57 57 57 58 58 59 58 58 58 58 58 58 58 57 56 56 55 52 50 46 44 50 58 60 58 59 59 52 45 54 54 52 53 53 55 58 60 63 65 63 63 64 64 63 64 63 61 59 59 59 59 59 56 46 31 36 48 52 52 50 53 53 45 40 39 35 30 27 26 29 35 41 41 39 40 43 42 40 44 46 44 44 46 47 49 51 50 42
55 55 55 57 57 56 55 56 57 58 58 59 59 59 59 59 59 60 59 59 59 58 58 59 58 56 52 49 49 57 65 64 61 61 58 52 44 50 54 54 55 56 59 61 62 65 65 63 63 63 62 62 62 61 61 61 61 62 63 63 61 52 35 34 44 50 51 50 52 53 48 45 44 40 35 30 29 36 44 46 43 40 41 45 47 41 41 43 40 39 40 42 45 51 52 46
56 57 57 58 57 56 56 57 58 59 59 60 60 60 60 61 61 60 60 60 60 60 60 60 59 58 55 51 52 62 68 66 65 64 61 54 47 48 54 57 58 59 61 61 62 63 61 61 62 62 61 60 59 58 58 58 57 58 60 62 62 56 42 34 41 47 50 51 50 50 50 53 52 45 37 32 31 38 47 50 47 44 44 47 50 46 37 38 38 35 36 40 45 50 49 40
57 57 58 59 58 57 58 59 59 60 61 61 61 61 61 61 61 61 61 61 61 61 61 61 60 59 56 52 55 64 66 66 67 66 63 57 50 50 55 58 59 61 61 60 61 62 60 59 59 60 61 59 56 56 58 56 54 54 55 57 59 55 46 36 38 48 54 55 51 46 46 50 50 41 34 34 31 30 40 46 45 43 44 45 48 47 34 30 36 36 35 39 44 48 45 37
58 58 59 59 59 59 59 60 61 62 62 61 61 62 63 63 62 62 62 62 62 62 62 62 61 60 57 55 60 67 67 68 68 66 63 57 50 53 58 58 58 59 60 59 59 59 58 55 52 54 57 55 51 53 55 53 48 47 48 49 50 48 44 38 37 48 58 60 53 44 42 41 39 35 32 35 30 20 32 42 40 37 40 42 47 46 35 26 30 34 35 39 46 51 48 42
60 60 60 60 60 60 61 62 63 63 63 62 63 63 64 64 63 63 63 63 63 63 63 63 63 61 60 62 67 71 72 71 69 66 63 54 47 52 56 57 58 60 60 58 56 56 56 53 49 51 54 52 45 45 47 44 38 38 40 42 41 42 43 42 39 46 59 61 52 44 40 39 39 36 32 34 27 12 22 36 36 35 39 44 50 49 39 26 25 31 34 39 49 53 49 44
61 61 61 61 62 62 63 64 65 64 64 64 64 64 64 64 64 64 64 64 64 64 64 64 64 63 64 68 71 73 74 74 71 69 63 54 51 53 54 55 56 58 59 57 54 54 53 50 47 49 53 51 41 38 42 40 35 34 39 42 42 42 45 46 43 44 55 57 49 43 41 44 45 37 31 32 24 9 15 31 34 34 37 43 48 48 39 27 25 29 31 39 50 54 51 46
61 61 62 62 63 64 64 65 65 65 65 65 65 65 65 65 65 65 65 65 65 65 64 65 65 65 66 68 70 73 74 73 71 68 60 54 55 57 57 55 53 53 52 51 51 50 47 44 42 45 50 49 41 38 44 45 42 41 46 50 48 45 46 47 45 44 50 50 44 40 41 43 42 31 27 29 21 10 14 28 35 33 35 39 41 39 33 28 28 30 32 40 49 53 51 44
61 61 62 63 64 65 66 66 66 66 66 66 66 66 66 66 66 66 66 66 66 65 65 66 66 66 67 68 70 72 72 71 69 66 59 55 55 56 56 54 53 52 50 49 48 45 45 45 46 49 54 53 46 43 48 52 49 49 53 56 54 49 47 46 44 44 43 42 38 35 36 37 34 25 23 26 19 12 15 26 33 34 36 37 36 33 31 31 33 33 34 39 45 48 44 35
61 61 62 63 65 66 67 67 67 67 67 67 67 67 67 67 67 67 67 67 67 66 66 66 66 66 67 68 70 72 72 70 68 64 61 57 56 57 56 55 56 55 55 54 51 48 49 51 53 56 58 55 47 43 48 52 52 52 55 57 56 54 51 47 45 42 37 35 34 29 28 30 28 22 21 23 19 15 18 26 32 33 35 35 34 33 35 37 38 37 37 38 43 48 43 35
61 61 62 64 66 67 67 67 68 68 68 68 68 68 68 68 67 68 68 67 67 67 67 67 67 67 67 68 69 70 71 70 68 65 63 61 63 64 62 59 59 59 60 58 53 50 53 55 56 56 55 51 45 43 47 51 52 53 54 56 55 54 53 49 47 43 38 34 31 27 26 28 28 25 25 25 21 19 23 29 32 31 31 34 37 38 38 40 42 42 40 40 46 50 46 39
61 61 63 65 66 67 68 68 68 68 68 69 69 68 68 68 68 68 68 68 67 67 67 67 67 67 68 68 68 69 69 69 68 66 65 67 70 70 67 63 62 62 63 59 51 50 54 56 56 55 53 51 48 46 49 52 53 54 55 54 52 51 48 45 44 43 40 37 31 30 33 34 35 34 33 31 25 22 26 28 28 28 33 40 42 41 40 41 43 45 44 43 48 50 47 42
61 62 63 65 66 67 69 69 69 69 69 69 69 69 69 69 69 69 68 68 68 67 67 67 68 68 68 68 68 69 69 69 68 67 67 68 71 72 70 67 66 66 64 58 51 53 56 57 57 55 53 51 50 51 53 54 55 55 55 52 47 46 43 41 41 42 41 39 35 35 39 40 41 41 38 34 27 23 25 28 29 34 42 47 45 42 41 40 42 44 44 45 47 49 47 42
