windninja/windninja_output/Output_2025-10-23_0600-0650_Google earth_Fire_150m_10min/merlingen_7.5mi_point_10-23-2025_0620_150m_vel.asc
ncols	158
nrows	163
xllcorner	391686.332397
yllcorner	5160024.123721
cellsize	150.000000
NODATA_value	-32768.000000
[rows 76 to 113 of 163, columns 0 to 83 of 158]
2.94 2.94 2.79 2.54 2.55 2.75 2.73 2.65 2.61 2.54 2.53 2.50 2.46 2.50 2.48 2.37 2.37 2.50 2.51 2.40 2.40 2.44 2.45 2.48 2.34 2.10 2.21 2.47 2.60 2.76 2.84 2.78 2.71 2.61 2.44 2.27 2.21 2.20 2.13 2.06 2.03 2.04 2.04 2.03 2.02 2.00 1.98 1.95 1.93 1.90 1.87 1.84 1.81 1.78 1.75 1.71 1.68 1.64 1.60 1.57 1.53 1.49 1.45 1.41 1.37 1.32 1.28 1.23 1.18 1.13 1.07 1.02 0.94 0.82 0.76 0.77 0.72 0.62 0.66 0.97 1.33 1.51 1.54 1.37
2.76 2.81 2.80 2.67 2.66 2.70 2.58 2.52 2.54 2.49 2.47 2.40 2.37 2.42 2.41 2.30 2.28 2.40 2.38 2.27 2.30 2.35 2.37 2.38 2.17 1.99 2.22 2.45 2.44 2.47 2.61 2.70 2.63 2.56 2.51 2.33 2.20 2.15 2.04 1.96 1.92 1.93 1.95 1.94 1.93 1.92 1.90 1.88 1.86 1.83 1.80 1.77 1.74 1.71 1.68 1.64 1.61 1.58 1.54 1.51 1.47 1.44 1.40 1.36 1.32 1.28 1.24 1.20 1.15 1.10 1.04 0.98 0.92 0.84 0.77 0.73 0.65 0.55 0.63 1.02 1.30 1.28 1.27 1.23
2.52 2.33 2.55 3.08 3.03 2.72 2.53 2.52 2.59 2.53 2.39 2.26 2.26 2.32 2.30 2.22 2.23 2.29 2.22 2.15 2.21 2.27 2.31 2.22 1.93 1.92 2.28 2.41 2.32 2.22 2.30 2.55 2.59 2.53 2.52 2.37 2.17 2.06 1.98 1.90 1.81 1.81 1.85 1.85 1.85 1.84 1.82 1.81 1.79 1.76 1.74 1.70 1.67 1.64 1.61 1.58 1.54 1.51 1.48 1.45 1.42 1.38 1.35 1.31 1.27 1.23 1.20 1.16 1.11 1.06 1.01 0.96 0.90 0.84 0.77 0.71 0.61 0.52 0.60 0.94 1.15 1.06 1.06 1.15
1.96 1.71 2.22 3.59 4.02 3.44 2.78 2.60 2.70 2.51 2.19 2.08 2.14 2.19 2.17 2.14 2.17 2.14 2.04 2.03 2.11 2.19 2.22 2.06 1.75 1.85 2.26 2.37 2.24 2.06 2.07 2.35 2.49 2.48 2.47 2.35 2.12 1.97 1.97 1.89 1.71 1.68 1.75 1.77 1.77 1.76 1.75 1.74 1.72 1.70 1.67 1.63 1.60 1.56 1.53 1.50 1.48 1.45 1.42 1.39 1.35 1.32 1.29 1.26 1.23 1.19 1.15 1.12 1.07 1.03 0.98 0.93 0.88 0.83 0.77 0.70 0.61 0.52 0.56 0.79 0.93 0.88 0.92 1.04
1.20 1.25 2.08 3.40 4.60 4.68 3.35 2.68 2.65 2.30 1.92 1.87 1.98 2.03 2.05 2.07 2.05 1.97 1.89 1.92 2.02 2.09 2.08 1.93 1.67 1.78 2.18 2.29 2.16 1.97 1.97 2.17 2.30 2.35 2.41 2.31 2.03 1.90 1.95 1.88 1.65 1.56 1.65 1.68 1.67 1.68 1.68 1.68 1.67 1.65 1.60 1.56 1.52 1.49 1.46 1.43 1.40 1.38 1.35 1.32 1.29 1.27 1.24 1.21 1.18 1.14 1.11 1.07 1.03 0.99 0.95 0.90 0.85 0.81 0.76 0.69 0.61 0.52 0.52 0.62 0.69 0.73 0.79 0.88
0.55 1.16 2.34 3.59 5.00 4.58 2.81 2.24 2.21 1.90 1.63 1.63 1.77 1.86 1.92 1.95 1.88 1.81 1.78 1.82 1.92 1.96 1.96 1.84 1.61 1.71 2.06 2.15 2.07 1.96 1.94 2.04 2.10 2.15 2.24 2.22 2.00 1.86 1.88 1.85 1.64 1.49 1.55 1.59 1.59 1.62 1.59 1.60 1.65 1.63 1.54 1.47 1.43 1.40 1.38 1.35 1.33 1.31 1.28 1.26 1.23 1.21 1.18 1.15 1.12 1.09 1.06 1.03 1.00 0.96 0.92 0.87 0.82 0.78 0.74 0.68 0.61 0.53 0.48 0.48 0.48 0.58 0.71 0.75
0.86 1.57 2.91 4.47 4.82 3.20 1.78 1.46 1.43 1.35 1.25 1.34 1.55 1.68 1.78 1.78 1.70 1.68 1.71 1.73 1.79 1.83 1.86 1.75 1.54 1.66 1.95 2.00 1.97 1.94 1.90 1.92 1.93 1.94 1.99 2.06 2.00 1.86 1.81 1.77 1.61 1.47 1.47 1.53 1.55 1.56 1.52 1.52 1.62 1.62 1.49 1.38 1.32 1.29 1.29 1.27 1.26 1.24 1.22 1.19 1.17 1.15 1.12 1.10 1.07 1.04 1.02 0.99 0.96 0.92 0.88 0.84 0.80 0.75 0.71 0.66 0.61 0.53 0.46 0.40 0.35 0.42 0.60 0.68
3.10 2.95 3.51 4.07 3.48 2.32 1.56 1.13 0.94 0.88 0.90 1.11 1.35 1.50 1.60 1.60 1.58 1.59 1.63 1.64 1.67 1.72 1.75 1.66 1.49 1.62 1.84 1.86 1.83 1.85 1.82 1.79 1.78 1.77 1.79 1.87 1.91 1.84 1.77 1.66 1.54 1.45 1.44 1.48 1.51 1.52 1.48 1.47 1.55 1.54 1.42 1.30 1.22 1.17 1.18 1.19 1.18 1.17 1.15 1.13 1.11 1.09 1.06 1.04 1.02 0.99 0.97 0.94 0.91 0.88 0.85 0.81 0.77 0.73 0.69 0.64 0.59 0.52 0.44 0.35 0.27 0.29 0.45 0.61
3.95 3.50 3.06 2.83 2.47 2.07 1.46 1.02 0.88 0.79 0.85 1.02 1.15 1.33 1.45 1.48 1.49 1.52 1.55 1.57 1.59 1.61 1.62 1.60 1.52 1.55 1.69 1.70 1.68 1.72 1.71 1.67 1.64 1.62 1.66 1.74 1.79 1.77 1.68 1.57 1.48 1.42 1.41 1.42 1.44 1.45 1.44 1.44 1.45 1.41 1.33 1.26 1.16 1.08 1.07 1.11 1.12 1.10 1.09 1.07 1.05 1.02 1.00 0.98 0.96 0.94 0.92 0.90 0.87 0.84 0.81 0.78 0.74 0.70 0.66 0.62 0.57 0.51 0.43 0.34 0.23 0.21 0.32 0.51
4.47 3.71 2.71 2.45 2.36 2.05 1.46 1.07 0.98 0.93 0.93 0.94 1.00 1.20 1.36 1.40 1.39 1.45 1.48 1.49 1.52 1.51 1.52 1.56 1.51 1.42 1.48 1.54 1.57 1.60 1.57 1.55 1.50 1.47 1.57 1.67 1.68 1.67 1.59 1.51 1.43 1.37 1.35 1.36 1.38 1.39 1.39 1.41 1.37 1.28 1.22 1.19 1.12 1.05 1.01 1.03 1.05 1.04 1.02 1.00 0.98 0.96 0.95 0.93 0.91 0.89 0.87 0.85 0.83 0.80 0.77 0.74 0.71 0.67 0.63 0.60 0.55 0.50 0.42 0.33 0.22 0.18 0.25 0.45
4.66 3.76 2.67 2.39 2.28 2.02 1.49 1.23 1.18 1.08 0.95 0.84 0.92 1.10 1.27 1.31 1.29 1.37 1.41 1.42 1.44 1.41 1.46 1.53 1.45 1.27 1.29 1.40 1.49 1.47 1.40 1.43 1.38 1.33 1.46 1.57 1.57 1.58 1.56 1.48 1.38 1.27 1.24 1.28 1.31 1.32 1.33 1.34 1.30 1.19 1.10 1.07 1.04 1.01 0.98 0.98 0.98 0.97 0.96 0.94 0.92 0.90 0.88 0.87 0.85 0.84 0.82 0.80 0.78 0.76 0.74 0.71 0.68 0.64 0.61 0.57 0.53 0.48 0.42 0.32 0.21 0.16 0.21 0.45
4.46 3.50 2.57 2.31 2.07 1.87 1.52 1.36 1.36 1.24 0.94 0.78 0.92 1.02 1.15 1.20 1.18 1.30 1.36 1.39 1.37 1.33 1.45 1.58 1.40 1.13 1.13 1.27 1.35 1.32 1.28 1.32 1.30 1.23 1.32 1.41 1.42 1.48 1.53 1.48 1.35 1.19 1.13 1.17 1.22 1.26 1.27 1.27 1.24 1.13 1.01 0.96 0.95 0.95 0.94 0.93 0.92 0.91 0.89 0.87 0.85 0.83 0.82 0.81 0.80 0.79 0.77 0.76 0.74 0.72 0.70 0.68 0.65 0.62 0.59 0.55 0.51 0.47 0.41 0.32 0.20 0.12 0.14 0.34
3.93 3.25 2.45 2.11 1.81 1.68 1.60 1.50 1.45 1.33 1.00 0.84 0.91 0.94 1.02 1.06 1.05 1.23 1.38 1.44 1.35 1.36 1.65 1.67 1.24 0.88 0.94 1.11 1.17 1.18 1.19 1.22 1.21 1.17 1.20 1.26 1.25 1.31 1.41 1.44 1.36 1.19 1.06 1.05 1.10 1.16 1.21 1.21 1.17 1.08 0.96 0.90 0.86 0.87 0.89 0.88 0.87 0.85 0.82 0.79 0.77 0.76 0.75 0.75 0.74 0.74 0.73 0.71 0.70 0.68 0.66 0.64 0.62 0.59 0.56 0.53 0.49 0.45 0.40 0.32 0.22 0.10 0.08 0.22
3.28 2.90 2.30 1.87 1.62 1.53 1.55 1.55 1.46 1.41 1.25 0.97 0.84 0.84 0.87 0.89 0.98 1.22 1.44 1.52 1.46 1.62 1.75 1.39 0.75 0.54 0.73 0.94 1.01 1.07 1.10 1.12 1.12 1.09 1.11 1.16 1.12 1.11 1.22 1.34 1.32 1.19 1.06 0.97 0.98 1.05 1.13 1.16 1.11 1.01 0.93 0.86 0.80 0.79 0.81 0.83 0.84 0.83 0.79 0.71 0.66 0.67 0.69 0.69 0.69 0.69 0.68 0.67 0.66 0.64 0.63 0.61 0.59 0.56 0.54 0.51 0.47 0.44 0.39 0.33 0.24 0.14 0.10 0.18
2.88 2.54 2.06 1.74 1.54 1.41 1.37 1.43 1.40 1.49 1.50 1.07 0.75 0.74 0.74 0.75 0.93 1.20 1.53 1.74 1.77 1.73 1.38 0.76 0.34 0.31 0.59 0.80 0.89 0.96 1.01 1.02 1.03 1.00 1.03 1.09 1.01 0.97 1.03 1.18 1.24 1.15 1.03 0.94 0.90 0.93 1.00 1.08 1.06 0.97 0.88 0.82 0.76 0.72 0.72 0.76 0.81 0.83 0.80 0.65 0.54 0.57 0.62 0.64 0.64 0.64 0.63 0.63 0.62 0.60 0.59 0.58 0.56 0.54 0.51 0.49 0.46 0.43 0.39 0.34 0.28 0.19 0.13 0.16
2.55 2.20 1.84 1.76 1.62 1.36 1.19 1.22 1.30 1.55 1.63 1.15 0.74 0.68 0.69 0.71 0.85 1.10 1.54 1.95 1.82 1.34 0.69 0.40 0.22 0.25 0.51 0.70 0.79 0.86 0.91 0.92 0.94 0.92 0.93 0.98 0.93 0.89 0.89 0.96 1.11 1.11 1.01 0.92 0.85 0.83 0.88 0.95 0.99 0.94 0.84 0.76 0.70 0.64 0.62 0.68 0.77 0.81 0.82 0.69 0.51 0.50 0.55 0.59 0.60 0.60 0.59 0.58 0.58 0.57 0.56 0.54 0.53 0.51 0.49 0.47 0.44 0.42 0.38 0.34 0.30 0.23 0.17 0.16
2.10 1.86 1.64 1.69 1.74 1.52 1.22 1.09 1.22 1.63 1.74 1.27 0.86 0.73 0.68 0.72 0.81 1.01 1.54 1.87 1.48 0.53 0.31 0.32 0.23 0.27 0.48 0.62 0.69 0.76 0.82 0.84 0.86 0.83 0.81 0.85 0.85 0.84 0.80 0.79 0.90 1.01 1.01 0.92 0.82 0.75 0.77 0.83 0.89 0.89 0.80 0.69 0.62 0.55 0.50 0.56 0.69 0.75 0.79 0.74 0.59 0.50 0.51 0.54 0.55 0.56 0.55 0.54 0.54 0.53 0.52 0.51 0.50 0.49 0.47 0.45 0.43 0.41 0.38 0.35 0.31 0.26 0.20 0.17
1.65 1.50 1.36 1.44 1.61 1.57 1.33 1.11 1.15 1.60 1.90 1.56 1.16 1.00 0.91 0.94 0.95 1.10 1.54 1.63 1.14 0.44 0.37 0.34 0.26 0.31 0.45 0.55 0.62 0.68 0.73 0.76 0.79 0.74 0.69 0.72 0.76 0.76 0.74 0.70 0.70 0.83 0.96 0.93 0.80 0.72 0.70 0.73 0.79 0.81 0.76 0.63 0.52 0.47 0.42 0.42 0.54 0.62 0.66 0.67 0.61 0.51 0.49 0.50 0.51 0.51 0.51 0.51 0.50 0.49 0.49 0.48 0.47 0.46 0.45 0.44 0.42 0.40 0.38 0.35 0.32 0.29 0.24 0.19
1.31 1.22 1.14 1.20 1.38 1.38 1.18 0.91 0.79 1.17 1.70 1.69 1.44 1.28 1.21 1.26 1.27 1.32 1.57 1.49 1.13 0.84 0.64 0.45 0.32 0.34 0.42 0.48 0.55 0.60 0.64 0.69 0.71 0.62 0.57 0.61 0.65 0.66 0.66 0.63 0.58 0.64 0.83 0.93 0.84 0.73 0.67 0.66 0.70 0.72 0.72 0.61 0.45 0.43 0.41 0.38 0.43 0.49 0.53 0.56 0.55 0.49 0.46 0.46 0.47 0.47 0.47 0.47 0.46 0.46 0.46 0.45 0.45 0.44 0.43 0.42 0.41 0.39 0.37 0.35 0.33 0.31 0.28 0.25
1.00 1.00 1.02 1.08 1.25 1.22 0.99 0.66 0.46 0.71 1.17 1.35 1.23 1.03 0.99 1.21 1.36 1.52 1.69 1.43 1.11 0.99 0.75 0.50 0.34 0.33 0.38 0.42 0.47 0.50 0.57 0.63 0.61 0.51 0.45 0.50 0.55 0.56 0.56 0.55 0.50 0.49 0.62 0.83 0.88 0.82 0.75 0.69 0.68 0.69 0.71 0.67 0.51 0.44 0.43 0.39 0.39 0.41 0.43 0.47 0.48 0.45 0.43 0.42 0.42 0.43 0.43 0.44 0.43 0.43 0.43 0.42 0.42 0.42 0.41 0.40 0.39 0.38 0.37 0.35 0.34 0.32 0.30 0.28
0.63 0.78 0.92 1.00 1.16 1.18 1.00 0.69 0.48 0.50 0.72 0.94 0.90 0.81 0.85 1.12 1.25 1.55 1.72 1.22 0.94 0.90 0.72 0.49 0.32 0.28 0.31 0.35 0.39 0.41 0.50 0.55 0.52 0.43 0.38 0.41 0.45 0.46 0.46 0.46 0.43 0.39 0.45 0.60 0.74 0.80 0.81 0.78 0.75 0.74 0.73 0.70 0.60 0.48 0.44 0.40 0.37 0.37 0.37 0.39 0.41 0.40 0.39 0.39 0.39 0.39 0.39 0.40 0.40 0.40 0.39 0.39 0.39 0.39 0.39 0.38 0.38 0.37 0.36 0.35 0.34 0.33 0.32 0.31
0.37 0.55 0.77 0.85 1.01 1.13 1.07 0.86 0.64 0.51 0.54 0.55 0.55 0.70 0.82 1.03 1.19 1.46 1.60 1.21 0.92 0.82 0.74 0.50 0.28 0.22 0.22 0.27 0.30 0.32 0.39 0.44 0.42 0.37 0.32 0.33 0.34 0.34 0.36 0.38 0.38 0.35 0.35 0.43 0.53 0.61 0.67 0.70 0.68 0.66 0.65 0.65 0.59 0.50 0.44 0.41 0.36 0.33 0.31 0.31 0.32 0.33 0.33 0.33 0.34 0.35 0.36 0.36 0.36 0.36 0.36 0.37 0.36 0.37 0.36 0.36 0.36 0.36 0.35 0.35 0.34 0.33 0.33 0.32
0.24 0.35 0.57 0.63 0.75 0.92 0.95 0.87 0.75 0.61 0.52 0.43 0.39 0.53 0.76 0.96 1.14 1.25 1.09 1.05 0.96 0.83 0.76 0.52 0.30 0.23 0.20 0.20 0.23 0.26 0.29 0.31 0.30 0.28 0.26 0.26 0.25 0.24 0.25 0.29 0.33 0.33 0.33 0.36 0.41 0.44 0.48 0.53 0.55 0.56 0.55 0.56 0.55 0.49 0.44 0.41 0.39 0.35 0.32 0.30 0.28 0.27 0.26 0.26 0.27 0.29 0.31 0.32 0.33 0.34 0.34 0.34 0.34 0.34 0.34 0.34 0.34 0.34 0.34 0.34 0.34 0.34 0.33 0.33
0.21 0.19 0.36 0.42 0.50 0.59 0.62 0.68 0.68 0.61 0.55 0.46 0.38 0.45 0.67 0.91 1.03 0.92 0.75 0.76 0.83 0.81 0.75 0.61 0.43 0.30 0.21 0.17 0.16 0.19 0.20 0.19 0.17 0.17 0.18 0.19 0.21 0.22 0.22 0.24 0.29 0.33 0.34 0.35 0.40 0.44 0.46 0.49 0.52 0.54 0.54 0.54 0.54 0.52 0.47 0.44 0.42 0.39 0.35 0.33 0.31 0.29 0.26 0.24 0.23 0.24 0.26 0.29 0.30 0.31 0.31 0.31 0.31 0.32 0.32 0.32 0.33 0.33 0.33 0.33 0.33 0.34 0.34 0.34
0.26 0.19 0.26 0.33 0.37 0.40 0.44 0.49 0.52 0.50 0.50 0.45 0.38 0.44 0.57 0.74 0.88 0.75 0.56 0.55 0.61 0.64 0.64 0.52 0.36 0.27 0.19 0.12 0.10 0.11 0.11 0.08 0.05 0.05 0.09 0.15 0.21 0.25 0.28 0.31 0.33 0.35 0.36 0.38 0.42 0.46 0.47 0.48 0.51 0.54 0.55 0.55 0.54 0.55 0.53 0.49 0.45 0.42 0.39 0.36 0.35 0.34 0.33 0.30 0.27 0.25 0.25 0.26 0.28 0.28 0.28 0.28 0.29 0.29 0.30 0.30 0.31 0.31 0.32 0.32 0.33 0.34 0.34 0.35
0.30 0.24 0.23 0.29 0.32 0.32 0.35 0.38 0.39 0.40 0.42 0.40 0.35 0.40 0.47 0.58 0.71 0.64 0.46 0.47 0.48 0.47 0.47 0.38 0.26 0.19 0.13 0.06 0.05 0.07 0.06 0.05 0.08 0.11 0.15 0.19 0.22 0.29 0.35 0.40 0.40 0.40 0.41 0.43 0.44 0.44 0.46 0.48 0.50 0.53 0.55 0.55 0.53 0.52 0.51 0.51 0.49 0.48 0.45 0.40 0.36 0.35 0.36 0.36 0.34 0.32 0.29 0.27 0.26 0.25 0.25 0.26 0.27 0.28 0.28 0.29 0.29 0.30 0.31 0.32 0.33 0.33 0.34 0.35
0.31 0.26 0.22 0.26 0.28 0.28 0.28 0.30 0.31 0.33 0.33 0.33 0.31 0.32 0.41 0.53 0.60 0.57 0.49 0.46 0.44 0.38 0.34 0.29 0.19 0.12 0.07 0.06 0.09 0.11 0.12 0.16 0.20 0.24 0.28 0.32 0.34 0.41 0.46 0.47 0.46 0.47 0.49 0.49 0.50 0.52 0.56 0.57 0.57 0.56 0.55 0.55 0.55 0.53 0.52 0.51 0.51 0.51 0.50 0.47 0.44 0.42 0.41 0.39 0.38 0.37 0.34 0.30 0.25 0.22 0.21 0.23 0.25 0.26 0.27 0.27 0.28 0.29 0.30 0.31 0.32 0.33 0.34 0.35
0.36 0.32 0.25 0.23 0.24 0.24 0.23 0.23 0.25 0.26 0.25 0.24 0.22 0.21 0.26 0.37 0.45 0.45 0.42 0.41 0.40 0.32 0.26 0.21 0.13 0.07 0.07 0.11 0.15 0.19 0.22 0.27 0.34 0.38 0.43 0.47 0.50 0.54 0.56 0.55 0.55 0.56 0.56 0.56 0.57 0.58 0.59 0.61 0.60 0.58 0.56 0.56 0.56 0.58 0.59 0.59 0.56 0.54 0.53 0.54 0.55 0.52 0.48 0.45 0.44 0.41 0.37 0.32 0.28 0.25 0.24 0.24 0.23 0.23 0.24 0.26 0.27 0.28 0.30 0.31 0.32 0.33 0.34 0.35
0.38 0.35 0.29 0.24 0.21 0.20 0.18 0.16 0.16 0.18 0.16 0.15 0.13 0.09 0.10 0.17 0.25 0.26 0.26 0.29 0.30 0.26 0.20 0.13 0.08 0.06 0.09 0.14 0.21 0.29 0.33 0.39 0.49 0.55 0.59 0.63 0.66 0.68 0.69 0.69 0.67 0.66 0.65 0.66 0.65 0.63 0.61 0.60 0.59 0.59 0.59 0.59 0.59 0.59 0.60 0.60 0.59 0.57 0.55 0.55 0.54 0.51 0.49 0.49 0.48 0.45 0.41 0.38 0.35 0.34 0.32 0.27 0.23 0.21 0.21 0.22 0.25 0.28 0.30 0.31 0.32 0.33 0.35 0.36
0.40 0.37 0.31 0.25 0.20 0.16 0.13 0.10 0.09 0.10 0.09 0.05 0.04 0.04 0.05 0.09 0.14 0.17 0.19 0.21 0.20 0.17 0.12 0.08 0.07 0.10 0.16 0.21 0.29 0.39 0.45 0.55 0.65 0.70 0.74 0.82 0.88 0.88 0.89 0.87 0.84 0.79 0.78 0.78 0.75 0.71 0.69 0.67 0.66 0.67 0.69 0.69 0.68 0.64 0.61 0.59 0.58 0.59 0.58 0.56 0.53 0.51 0.50 0.49 0.47 0.46 0.45 0.44 0.41 0.38 0.36 0.33 0.29 0.26 0.25 0.28 0.30 0.29 0.28 0.29 0.32 0.35 0.36 0.37
0.41 0.39 0.32 0.26 0.22 0.18 0.15 0.12 0.10 0.10 0.10 0.08 0.07 0.04 0.03 0.05 0.09 0.12 0.14 0.15 0.14 0.12 0.10 0.09 0.12 0.18 0.25 0.32 0.42 0.53 0.64 0.73 0.75 0.79 0.94 1.13 1.18 1.12 1.08 1.04 0.98 0.92 0.92 0.91 0.85 0.82 0.79 0.75 0.73 0.74 0.76 0.76 0.74 0.71 0.68 0.63 0.60 0.59 0.58 0.57 0.55 0.54 0.54 0.53 0.52 0.50 0.48 0.45 0.43 0.41 0.38 0.37 0.37 0.39 0.41 0.42 0.40 0.34 0.33 0.35 0.38 0.38 0.38 0.38
0.44 0.42 0.35 0.30 0.26 0.23 0.20 0.20 0.23 0.26 0.27 0.26 0.21 0.12 0.07 0.05 0.06 0.09 0.12 0.14 0.15 0.15 0.14 0.15 0.20 0.28 0.34 0.42 0.60 0.74 0.83 0.85 0.75 0.87 1.28 1.53 1.46 1.26 1.20 1.19 1.12 1.07 1.07 1.04 1.00 0.97 0.92 0.88 0.83 0.79 0.77 0.75 0.74 0.73 0.72 0.69 0.65 0.62 0.60 0.57 0.56 0.58 0.59 0.59 0.58 0.55 0.50 0.47 0.44 0.42 0.41 0.41 0.43 0.46 0.48 0.48 0.47 0.46 0.48 0.49 0.46 0.42 0.40 0.40
0.46 0.44 0.39 0.36 0.35 0.37 0.42 0.42 0.43 0.39 0.34 0.26 0.17 0.11 0.10 0.11 0.10 0.09 0.11 0.15 0.20 0.23 0.21 0.20 0.26 0.37 0.44 0.50 0.76 0.97 0.97 0.93 0.79 1.04 1.71 1.85 1.55 1.34 1.40 1.44 1.29 1.21 1.25 1.24 1.17 1.11 1.06 1.01 0.94 0.88 0.82 0.78 0.74 0.72 0.71 0.69 0.68 0.66 0.65 0.64 0.63 0.64 0.63 0.60 0.57 0.54 0.51 0.49 0.47 0.45 0.45 0.45 0.48 0.50 0.53 0.55 0.55 0.56 0.56 0.53 0.49 0.45 0.44 0.42
0.46 0.45 0.45 0.48 0.54 0.56 0.54 0.49 0.42 0.33 0.23 0.16 0.13 0.12 0.16 0.20 0.16 0.10 0.11 0.18 0.28 0.33 0.28 0.23 0.28 0.42 0.53 0.60 0.91 1.18 1.09 1.04 0.98 1.30 2.01 1.98 1.59 1.57 1.75 1.64 1.31 1.29 1.44 1.40 1.29 1.25 1.21 1.11 1.01 0.96 0.93 0.89 0.83 0.77 0.73 0.71 0.71 0.72 0.73 0.73 0.70 0.70 0.68 0.61 0.56 0.54 0.52 0.52 0.50 0.47 0.45 0.49 0.56 0.60 0.62 0.61 0.61 0.60 0.54 0.51 0.49 0.49 0.49 0.46
0.50 0.52 0.57 0.61 0.60 0.52 0.42 0.34 0.28 0.24 0.21 0.19 0.18 0.21 0.28 0.32 0.25 0.11 0.12 0.25 0.39 0.43 0.33 0.27 0.31 0.43 0.58 0.70 1.05 1.35 1.26 1.18 1.18 1.56 2.24 2.20 1.92 2.03 2.00 1.59 1.32 1.51 1.63 1.48 1.39 1.41 1.33 1.18 1.09 1.04 1.00 0.96 0.89 0.83 0.79 0.77 0.75 0.75 0.77 0.74 0.71 0.72 0.68 0.60 0.57 0.57 0.56 0.55 0.52 0.49 0.51 0.59 0.66 0.67 0.66 0.64 0.62 0.59 0.55 0.54 0.53 0.54 0.53 0.48
0.55 0.59 0.62 0.60 0.53 0.44 0.35 0.31 0.29 0.28 0.28 0.28 0.28 0.33 0.42 0.45 0.32 0.12 0.13 0.32 0.50 0.57 0.42 0.32 0.35 0.48 0.63 0.76 1.10 1.45 1.48 1.37 1.36 1.83 2.59 2.68 2.50 2.41 2.05 1.58 1.58 1.74 1.73 1.63 1.59 1.52 1.36 1.22 1.17 1.13 1.07 0.99 0.88 0.84 0.85 0.82 0.78 0.78 0.79 0.75 0.71 0.71 0.68 0.64 0.64 0.65 0.64 0.60 0.56 0.55 0.59 0.66 0.70 0.68 0.68 0.67 0.64 0.59 0.57 0.57 0.58 0.60 0.57 0.51
0.55 0.57 0.59 0.55 0.50 0.45 0.39 0.37 0.36 0.34 0.34 0.41 0.45 0.46 0.55 0.58 0.37 0.17 0.15 0.34 0.55 0.68 0.56 0.35 0.38 0.63 0.76 0.86 1.05 1.38 1.65 1.66 1.65 2.25 3.07 3.12 2.84 2.45 1.88 1.66 1.66 1.59 1.70 1.91 1.84 1.61 1.38 1.25 1.21 1.19 1.14 1.03 0.92 0.89 0.90 0.86 0.83 0.83 0.84 0.81 0.75 0.72 0.71 0.71 0.71 0.72 0.71 0.67 0.63 0.61 0.63 0.68 0.72 0.71 0.72 0.71 0.68 0.65 0.65 0.65 0.65 0.66 0.61 0.54
0.55 0.56 0.56 0.54 0.52 0.49 0.45 0.43 0.42 0.39 0.42 0.56 0.61 0.56 0.63 0.70 0.47 0.29 0.32 0.40 0.56 0.74 0.66 0.39 0.47 0.84 0.97 1.03 1.08 1.25 1.61 1.90 2.15 2.84 3.48 3.21 2.63 2.13 1.75 1.58 1.41 1.44 1.92 2.21 1.97 1.61 1.40 1.33 1.30 1.27 1.20 1.09 1.01 0.98 0.96 0.92 0.87 0.86 0.88 0.86 0.81 0.76 0.76 0.80 0.79 0.77 0.77 0.75 0.75 0.74 0.73 0.76 0.80 0.79 0.77 0.77 0.75 0.73 0.74 0.73 0.74 0.72 0.62 0.54
