windninja/windninja_output/Output_2025-10-23_0600-0650_Google earth_Fire_150m_10min/merlingen_7.5mi_point_10-23-2025_0640_150m_ang.asc
ncols	158
nrows	163
xllcorner	391686.332397
yllcorner	5160024.123721
cellsize	150.000000
NODATA_value	-32768.000000
[rows 48 to 95 of 163, columns 0 to 95 of 158]
77 78 78 77 78 81 84 86 85 85 85 85 85 85 85 86 86 86 86 86 86 87 87 88 88 89 89 90 91 92 93 94 95 98 101 103 104 104 104 103 101 97 89 83 83 89 91 89 82 74 68 64 66 70 71 75 83 90 95 97 98 94 92 91 91 88 84 80 77 76 77 76 74 68 60 53 52 61 73 80 82 83 83 82 80 81 82 82 84 86 86 85 85 84 81 78
78 78 77 76 78 81 84 86 87 86 86 86 86 86 86 86 86 86 86 86 87 87 88 88 88 89 90 90 91 91 92 94 95 97 100 103 104 104 105 104 102 98 95 92 92 92 90 85 78 69 62 64 70 74 77 83 90 96 96 94 92 90 88 88 90 88 85 81 78 76 76 75 71 65 59 56 59 64 72 78 80 82 84 84 83 83 83 85 88 87 83 79 78 79 79 75
79 78 76 75 78 81 82 85 88 88 87 86 86 86 86 86 86 87 87 87 87 88 88 88 88 89 89 90 90 91 92 93 95 96 98 102 104 104 104 104 102 100 100 100 98 94 88 82 75 67 64 71 76 79 82 89 95 95 92 88 86 85 86 88 90 88 84 81 78 77 76 74 69 65 62 62 64 66 71 76 80 82 83 84 85 87 88 89 88 84 80 76 74 73 74 73
80 79 77 77 80 81 81 82 86 89 88 87 87 87 87 86 87 87 87 87 88 88 88 89 89 89 89 90 90 91 92 93 94 96 97 100 103 104 104 104 103 102 103 104 101 95 87 78 71 69 74 81 84 86 90 95 95 91 84 81 81 82 86 89 90 87 83 80 77 76 75 73 69 66 67 69 69 70 73 76 78 79 82 85 88 90 91 89 86 82 78 74 71 69 71 75
81 80 79 80 83 83 80 80 83 87 88 87 87 87 87 87 87 87 87 88 88 88 88 89 89 89 89 90 91 91 92 93 94 95 97 99 101 103 105 105 104 103 104 106 102 94 86 75 71 76 83 86 86 89 95 97 93 85 79 77 79 84 88 90 89 86 82 78 75 75 74 72 69 68 70 72 73 75 78 79 77 76 80 86 90 92 91 89 86 81 76 73 69 69 74 85
79 79 81 83 84 83 81 80 81 84 87 88 87 87 87 88 88 88 88 88 88 89 89 89 89 89 90 90 91 91 92 93 94 95 96 97 99 102 104 106 106 104 104 106 103 94 87 81 81 84 86 87 87 90 94 94 89 81 76 77 81 86 90 90 88 85 80 74 73 74 74 71 69 69 72 74 75 78 83 83 79 77 79 82 86 91 93 90 85 80 76 74 71 71 82 104
77 78 81 85 84 82 81 80 79 81 86 88 88 88 88 88 88 88 88 88 88 89 89 89 89 90 90 90 91 91 92 92 93 94 95 97 98 100 102 106 107 105 103 103 103 98 92 91 93 91 87 87 90 91 92 91 85 78 76 79 83 88 90 90 87 82 77 71 71 73 71 68 67 71 74 75 75 79 85 86 84 83 81 80 80 84 89 90 85 79 77 78 79 80 92 108
77 78 80 84 86 84 83 81 78 79 83 88 89 90 89 89 88 89 88 88 88 89 89 90 90 90 90 90 91 91 92 92 93 94 95 96 97 99 100 103 106 105 102 101 104 104 102 102 100 94 89 90 91 92 91 88 80 76 79 83 87 90 90 88 84 79 74 71 72 71 66 64 69 74 76 76 77 82 86 88 89 87 84 80 78 78 79 81 82 81 82 84 88 93 98 106
79 79 78 80 83 85 85 85 81 80 81 85 89 91 91 89 89 89 89 89 89 89 89 90 90 90 90 91 91 91 92 92 93 94 94 95 96 98 99 101 102 103 102 103 105 108 110 109 105 99 95 93 92 93 91 85 77 78 84 88 91 92 89 84 80 76 73 72 72 69 64 67 73 76 77 77 80 85 87 88 90 88 85 82 80 77 72 70 72 78 85 93 103 110 105 103
80 80 78 77 78 81 84 87 86 83 81 81 84 89 92 91 90 90 90 90 90 90 90 90 90 91 91 91 91 92 92 92 93 93 94 95 96 97 98 99 100 101 103 104 105 108 111 112 110 107 102 96 94 94 90 84 79 83 89 93 93 91 87 82 76 72 71 70 69 67 68 73 76 77 78 80 83 87 88 87 87 86 84 82 80 77 73 69 70 77 90 106 118 118 110 99
80 80 79 78 78 78 81 85 89 88 84 79 79 84 90 93 92 91 91 91 91 90 90 90 91 91 91 91 91 92 92 92 93 93 94 95 95 96 97 98 99 100 102 103 105 107 109 113 114 115 111 101 97 96 91 84 83 89 93 94 93 90 86 80 74 70 68 65 63 67 74 77 78 80 81 83 87 89 88 85 82 81 81 79 77 76 75 75 79 90 104 113 118 117 106 88
79 79 79 79 79 79 80 83 88 90 87 83 79 80 85 91 94 93 92 91 91 91 91 91 91 91 91 91 92 92 92 93 93 93 94 94 95 96 96 97 98 99 100 102 104 105 107 111 115 120 120 111 102 97 91 86 87 94 96 95 93 89 84 79 74 70 67 61 62 72 78 79 81 83 85 86 89 89 85 82 79 78 77 76 74 74 76 82 94 106 111 111 111 109 95 75
79 79 79 79 79 80 81 83 86 88 88 87 84 82 81 84 90 94 94 93 92 92 92 91 91 91 91 92 92 92 92 93 93 93 94 94 95 95 96 97 98 99 100 101 102 104 106 109 114 120 126 119 107 99 92 87 90 96 97 95 93 89 84 79 74 71 66 58 65 77 81 83 85 87 88 89 89 87 82 79 78 78 76 74 73 75 81 92 105 111 111 107 103 96 81 66
79 79 79 79 79 80 82 84 85 86 88 90 90 86 81 80 84 90 94 95 94 93 92 91 91 91 92 92 93 93 93 93 93 94 94 94 95 95 96 96 97 98 99 100 101 103 105 107 111 118 125 122 111 102 94 91 94 97 97 95 92 89 86 82 77 72 65 58 72 82 84 86 89 90 90 91 88 82 79 78 77 77 76 75 77 81 92 104 110 111 109 103 94 79 69 60
80 80 80 80 80 81 82 83 85 86 88 91 93 90 85 81 80 84 90 94 95 95 93 92 91 92 92 93 93 93 93 93 94 94 94 94 95 95 96 96 97 98 98 99 101 102 104 106 109 114 121 122 114 106 99 96 97 97 96 95 93 91 89 84 79 73 64 63 79 85 87 89 91 92 91 89 85 81 79 77 77 76 75 78 82 90 102 111 111 108 104 94 79 68 61 55
81 82 82 82 83 83 83 83 84 84 87 90 93 93 90 85 81 81 84 89 93 95 94 93 92 92 93 93 94 93 94 94 94 94 94 94 95 95 96 96 97 97 98 99 100 101 103 105 107 111 116 120 115 110 107 102 98 98 97 96 95 93 89 83 80 75 69 76 85 88 89 90 92 93 92 87 84 82 79 77 76 75 76 82 90 99 108 113 110 103 91 80 70 61 56 51
82 82 83 83 85 86 86 85 84 84 85 89 93 94 93 91 86 82 81 84 88 92 94 95 94 93 93 93 94 94 94 94 94 94 94 95 95 95 96 96 96 97 98 99 100 101 102 104 106 108 112 117 116 112 113 108 100 97 98 99 97 92 83 79 82 82 83 90 92 91 91 92 93 93 91 88 86 84 79 75 74 76 81 88 97 106 109 109 104 92 79 71 62 56 52 46
80 80 81 83 85 85 86 85 85 85 86 88 93 95 94 93 91 86 82 81 83 87 91 94 95 94 94 93 94 94 95 95 95 95 95 95 95 95 96 96 96 97 97 98 99 100 101 103 104 106 109 113 115 113 115 115 105 98 97 98 95 85 79 82 86 89 94 96 95 93 93 93 93 92 91 91 89 85 78 74 76 82 90 97 104 107 106 102 92 78 69 61 55 52 48 43
76 76 78 81 83 85 84 83 83 85 88 89 90 94 95 93 93 91 86 82 81 82 86 90 94 95 95 94 94 94 95 95 95 95 95 95 95 96 96 96 96 97 97 98 99 100 101 102 103 105 107 109 112 112 115 117 112 102 96 93 89 85 88 90 90 91 94 96 96 96 96 95 93 92 93 94 91 85 78 78 84 93 102 108 107 103 100 93 78 67 60 53 49 45 44 45
70 71 72 74 79 84 84 81 81 84 88 88 87 90 95 94 92 93 92 88 83 81 82 85 89 93 94 94 95 95 95 95 95 96 96 96 96 96 96 96 97 97 97 98 98 99 100 101 102 104 105 107 108 110 112 114 113 107 98 92 91 97 100 97 93 92 91 93 96 98 98 97 95 94 94 94 92 87 83 89 96 103 107 108 104 97 89 77 67 60 52 46 43 40 42 48
69 71 70 69 73 77 77 74 76 82 85 86 86 87 89 92 92 93 94 92 88 85 83 83 84 85 88 92 95 97 97 97 96 96 96 96 96 96 96 97 97 97 97 98 98 99 100 100 101 102 104 105 106 107 109 110 110 108 103 98 99 106 107 103 98 93 91 92 96 98 98 97 96 95 95 94 93 92 93 99 103 105 102 99 98 92 80 67 61 53 46 40 39 41 45 52
82 84 82 77 76 74 69 67 73 78 80 79 79 80 81 84 88 91 93 93 91 89 88 85 82 79 81 88 94 97 98 99 98 97 97 97 97 97 97 97 97 97 97 98 98 99 99 100 101 102 102 103 104 105 106 107 107 107 105 103 104 109 110 107 103 98 95 96 97 97 96 96 97 97 96 96 96 98 103 105 104 101 94 92 98 91 76 63 56 47 40 36 39 44 50 56
87 92 96 94 89 81 74 75 80 80 77 74 73 73 75 78 81 84 87 90 92 91 90 89 85 78 79 85 90 94 97 99 100 99 98 98 97 97 97 97 97 97 98 98 98 99 99 100 100 101 102 102 103 104 104 105 105 105 105 104 105 108 109 108 105 104 103 101 100 98 97 98 98 97 97 96 98 104 108 106 101 95 91 95 97 90 71 58 50 41 36 37 42 47 55 61
85 89 96 99 96 91 89 92 93 88 81 79 78 77 76 77 78 79 82 85 88 90 91 90 88 84 82 82 85 89 93 97 100 101 100 99 98 98 98 98 98 98 98 98 98 98 99 99 100 100 101 102 102 103 103 103 104 104 104 104 105 106 107 107 107 108 108 106 104 104 104 102 98 96 96 97 100 105 108 104 98 93 96 101 96 82 63 52 42 39 38 42 48 52 59 73
85 88 94 96 96 94 95 99 99 92 85 84 85 85 84 83 83 82 82 82 84 87 90 90 90 91 88 84 82 84 88 91 95 100 101 101 100 99 98 98 98 98 98 98 98 99 99 99 100 100 100 101 101 102 102 103 103 103 103 103 104 104 105 106 107 108 109 109 109 110 111 107 99 96 98 100 101 104 105 101 99 101 105 103 92 70 53 44 41 42 44 50 55 61 74 103
87 89 94 95 96 96 97 99 98 93 87 87 87 88 88 87 88 88 87 86 85 86 87 89 91 93 92 87 83 83 85 87 90 96 100 101 101 100 99 99 99 98 98 98 98 98 99 99 99 100 100 101 101 101 102 102 102 102 103 103 103 104 104 105 106 106 107 108 110 112 112 110 105 102 104 105 105 105 106 104 105 109 109 101 84 60 44 40 45 49 51 58 64 79 109 116
87 90 95 97 98 98 98 97 96 94 92 90 89 89 90 90 90 91 91 90 90 89 88 88 90 93 93 89 86 84 84 86 88 92 96 99 100 100 101 100 99 99 99 98 99 99 99 99 99 100 100 100 101 101 101 102 102 102 102 103 103 103 104 104 105 105 106 107 109 110 111 111 111 112 113 112 111 110 110 113 114 113 107 93 70 49 40 43 52 55 61 67 80 108 115 115
87 89 94 99 100 100 100 99 97 96 95 94 93 92 92 92 92 92 92 92 92 91 90 89 91 93 93 92 88 86 85 86 88 89 92 95 98 100 101 101 100 99 99 99 99 99 99 99 99 100 100 100 101 101 101 101 102 102 102 102 103 103 104 104 104 105 106 107 108 109 110 111 113 117 120 118 117 116 118 120 118 111 99 79 56 41 42 49 55 62 73 86 106 110 110 107
86 88 93 99 103 104 104 103 101 99 98 97 96 95 95 95 95 94 93 93 92 92 92 91 91 92 94 95 93 89 86 85 86 86 89 93 97 100 101 101 101 100 99 99 99 99 99 99 100 100 100 100 101 101 101 101 102 102 102 102 103 103 103 104 104 105 106 106 107 108 109 111 113 118 122 122 122 124 126 121 114 103 87 65 48 45 51 55 60 73 90 115 119 111 104 100
87 87 89 94 102 107 107 106 105 105 103 101 99 98 97 97 97 96 95 94 93 93 93 93 91 90 93 96 97 93 87 84 85 86 88 92 96 98 100 101 101 100 99 99 99 99 99 99 100 100 100 101 101 101 101 102 102 102 102 102 103 103 103 104 104 105 105 106 107 108 109 111 113 116 120 123 125 130 129 118 107 94 75 58 53 61 67 68 76 96 116 125 120 110 102 97
88 85 80 87 101 108 111 112 111 112 109 105 102 100 99 99 99 98 97 95 94 94 95 94 91 89 92 95 97 96 91 86 85 87 88 90 93 95 98 101 102 101 99 99 99 99 99 99 100 100 101 101 101 102 102 102 102 102 102 103 103 103 103 104 104 105 105 106 107 108 109 111 113 115 118 122 126 132 130 116 102 85 68 63 65 71 77 89 107 115 119 120 116 107 100 98
84 79 71 78 93 107 115 117 117 119 116 109 104 102 100 100 100 99 98 96 96 96 95 95 94 92 92 93 96 97 95 91 88 87 88 89 90 92 94 98 102 101 100 99 99 99 99 99 100 101 101 102 102 102 102 102 102 102 103 103 103 103 104 104 104 105 105 106 107 108 109 110 112 114 117 120 125 132 130 117 101 85 77 77 77 79 92 110 115 115 114 111 109 105 100 99
77 74 72 78 88 104 120 123 121 123 120 112 105 103 101 101 100 100 99 98 97 97 96 96 97 96 94 93 94 96 98 96 92 89 88 88 89 89 91 94 98 100 99 99 99 98 99 99 100 102 103 103 103 103 103 103 103 103 103 103 103 104 104 104 105 105 105 106 107 108 109 110 112 114 116 119 123 129 129 120 109 99 96 92 87 93 109 117 116 112 109 106 104 102 100 99
75 78 82 89 99 105 114 121 121 120 119 112 105 102 101 101 100 99 99 100 98 97 97 97 99 99 97 95 94 96 99 99 96 92 88 86 86 89 89 90 92 96 97 97 97 98 98 97 98 102 105 106 105 104 104 103 103 103 103 103 104 104 104 104 105 105 106 106 107 108 109 110 112 113 115 118 121 126 129 127 125 118 109 102 100 111 118 118 115 110 107 104 101 99 100 100
87 89 96 104 107 101 94 98 105 107 109 106 102 100 99 99 98 99 99 100 100 99 98 99 100 100 99 98 96 96 98 99 98 96 91 87 85 87 89 90 89 91 93 94 95 97 98 98 99 102 106 108 108 107 105 104 104 104 104 104 104 104 105 105 105 106 106 107 107 108 109 110 112 113 115 117 120 125 129 133 137 133 119 114 121 121 118 116 113 110 106 103 99 98 99 99
94 99 105 105 101 89 83 81 82 86 92 97 98 97 96 96 97 98 99 101 101 101 100 100 103 103 101 100 98 97 97 97 97 96 94 91 89 88 90 90 90 91 93 95 97 98 100 102 103 103 104 107 109 109 107 105 104 104 104 104 105 105 105 105 106 106 106 107 107 108 109 110 112 113 115 117 120 124 129 135 144 147 136 130 127 121 116 113 112 109 105 102 99 97 97 97
90 92 97 93 84 80 76 72 72 76 84 91 92 92 93 94 95 96 98 100 102 103 102 102 106 107 103 100 98 97 96 96 95 93 92 93 92 92 91 91 92 94 96 98 99 99 101 103 104 102 102 103 105 107 106 105 104 104 105 105 105 105 106 106 106 106 107 107 108 108 109 110 112 113 115 117 120 123 129 137 150 157 153 139 124 119 114 110 108 107 104 101 98 95 95 95
85 84 83 81 78 74 68 65 70 77 84 87 88 88 89 91 92 94 96 99 102 103 104 105 108 110 105 100 99 99 97 95 94 92 90 91 92 92 93 95 96 97 97 98 98 99 100 101 102 102 101 100 100 102 104 105 104 105 105 105 106 106 106 106 107 107 107 108 108 109 110 111 112 113 115 117 119 123 128 137 152 160 159 142 123 117 112 109 108 107 105 102 99 97 97 98
84 82 79 79 76 70 64 64 73 80 84 83 85 87 87 87 88 90 93 96 99 101 104 107 111 112 108 103 101 100 98 96 96 95 93 91 90 90 91 95 98 100 99 98 97 98 98 99 100 102 103 101 100 100 102 104 105 105 106 106 107 107 107 107 107 107 108 108 109 109 110 111 112 113 115 117 119 123 128 136 150 158 157 140 121 113 111 108 106 105 104 102 103 104 104 103
85 82 78 78 74 69 65 68 75 79 81 80 84 85 84 84 83 84 87 91 95 98 101 109 118 121 112 105 101 99 98 98 98 100 98 94 91 89 88 91 95 100 101 99 96 96 97 98 98 100 102 102 102 101 102 103 105 106 107 107 108 108 108 108 108 108 108 109 109 109 110 111 112 113 115 117 119 122 127 134 145 153 151 137 121 112 109 107 104 103 103 106 108 110 109 106
86 84 81 79 74 68 67 69 72 75 77 81 84 84 82 79 76 79 83 88 93 97 106 117 128 131 114 104 100 97 97 98 98 100 101 99 97 93 89 88 90 94 99 100 98 96 96 96 97 98 100 103 104 103 103 103 104 106 108 109 110 110 109 109 109 109 109 109 109 110 110 111 112 113 115 117 119 122 126 131 139 146 145 134 122 112 107 104 104 104 106 109 108 103 100 100
89 88 85 81 76 71 69 69 67 69 76 83 84 82 78 73 71 76 82 89 97 107 115 122 133 131 110 102 98 96 96 96 97 98 99 101 101 99 93 90 89 91 95 99 100 98 95 94 96 97 99 102 105 107 106 104 103 103 106 111 113 112 111 110 109 109 109 110 110 110 111 111 112 113 115 117 119 121 124 128 133 139 140 131 121 113 107 103 105 107 108 106 100 92 90 94
90 88 82 77 77 76 72 68 63 67 76 82 80 77 73 70 71 74 81 92 107 117 121 120 117 112 102 98 96 95 95 95 96 97 97 98 100 101 98 93 91 91 94 97 100 99 96 94 94 97 100 103 107 109 108 104 100 100 105 113 118 116 112 111 110 110 110 110 110 111 111 112 113 114 115 116 118 120 122 125 129 133 136 131 123 118 114 109 108 108 104 97 93 90 90 91
86 83 75 72 74 76 73 68 63 68 75 76 71 69 69 69 71 73 79 95 113 125 120 99 80 84 92 94 94 94 94 95 96 97 98 97 98 101 102 98 92 90 92 96 99 100 98 95 94 96 101 105 108 111 112 107 104 106 108 113 120 119 114 112 111 110 110 111 111 111 111 112 113 114 115 116 117 119 121 123 126 129 132 131 127 124 120 115 111 106 98 90 90 90 88 89
84 80 74 71 71 71 71 66 60 64 70 70 63 64 67 71 75 78 86 98 109 119 97 68 53 69 85 90 91 92 93 94 96 98 99 98 98 99 102 102 96 90 89 93 97 99 98 96 94 95 99 105 110 113 117 116 113 111 109 108 113 117 115 112 111 111 111 111 111 111 112 112 113 114 114 116 117 118 120 121 123 125 128 128 126 122 119 115 108 100 88 86 89 89 88 91
86 84 79 76 75 75 73 66 56 59 64 62 57 56 59 68 79 88 95 97 91 60 44 42 43 65 81 87 89 91 92 93 96 99 100 99 98 99 101 103 101 93 88 90 94 96 97 96 95 95 98 106 113 115 119 120 114 109 105 103 106 112 114 112 111 111 111 111 112 112 112 113 113 114 114 115 116 117 118 120 121 122 123 124 122 118 115 110 102 92 86 88 91 91 91 93
87 85 83 83 84 83 79 73 66 70 68 64 58 56 58 70 79 87 90 81 61 37 29 33 43 66 79 85 87 87 88 92 97 101 101 100 99 100 101 102 104 100 92 89 90 93 96 98 97 97 101 108 116 116 116 117 113 108 105 103 104 109 112 112 112 111 111 112 112 112 113 113 113 114 114 115 116 117 117 118 119 120 120 120 118 116 112 107 99 94 93 94 94 95 95 95
86 84 83 86 87 84 80 80 89 90 83 75 69 68 72 80 81 84 81 66 47 39 35 41 53 70 79 83 84 84 87 93 98 101 102 101 101 101 101 103 106 107 100 92 90 93 96 100 102 104 106 108 113 114 113 114 113 111 109 107 106 109 111 112 112 112 112 112 113 113 113 113 113 114 114 115 115 116 117 117 118 118 118 117 116 114 112 107 103 101 99 99 98 98 98 98
