windninja/windninja_output/Output_2025-10-23_0600-0650_Google earth_Fire_150m_10min/merlingen_7.5mi_point_10-23-2025_0630_150m_ang.asc
ncols	158
nrows	163
xllcorner	391686.332397
yllcorner	5160024.123721
cellsize	150.000000
NODATA_value	-32768.000000
[rows 90 to 134 of 163, columns 0 to 95 of 158]
99 99 95 90 90 90 89 85 82 86 96 106 109 104 99 93 91 91 95 105 118 129 136 144 156 154 135 123 118 115 113 112 112 112 112 112 113 113 110 105 103 104 107 110 112 111 108 105 105 108 111 115 118 121 120 116 111 110 113 120 125 124 121 120 119 119 118 118 119 119 119 120 121 121 122 123 125 126 128 130 133 136 137 132 124 120 115 111 111 111 106 100 96 93 93 94
96 95 90 88 91 95 95 92 90 91 97 103 107 105 103 101 99 95 95 107 125 138 146 149 159 150 130 120 116 114 112 111 111 112 112 111 112 114 115 111 105 103 105 108 110 111 109 105 104 106 110 115 118 122 124 120 117 117 118 122 128 127 123 120 119 119 119 119 119 119 119 120 120 121 122 123 124 125 126 128 129 132 134 132 128 125 121 116 112 108 100 91 92 91 89 90
96 95 95 95 97 101 108 113 110 100 98 101 103 104 106 106 107 106 107 116 127 147 152 146 154 138 122 116 113 112 111 110 110 112 113 112 112 113 115 114 109 103 102 105 108 110 108 105 102 103 107 113 118 122 127 127 123 121 119 119 125 127 124 121 120 119 119 119 119 119 119 120 120 121 121 122 123 124 125 126 127 128 129 129 127 123 120 115 109 101 88 86 89 88 88 90
99 100 102 103 104 109 116 126 130 112 103 106 112 118 121 119 121 121 119 119 121 135 129 120 130 122 115 113 111 110 108 108 109 112 114 113 112 112 113 115 114 107 101 102 105 107 106 105 103 102 105 112 120 123 127 127 121 117 114 113 117 123 123 121 120 119 119 119 119 119 119 120 120 121 121 122 122 123 123 124 125 125 125 125 122 118 115 110 102 91 85 87 90 90 90 92
100 101 104 107 108 110 115 125 139 125 110 110 119 126 130 124 122 121 114 103 88 58 39 56 91 109 111 110 109 106 104 105 109 113 115 113 112 112 113 115 117 115 106 102 103 105 107 107 106 106 108 115 124 125 124 123 118 113 112 111 113 119 121 120 119 119 119 119 119 119 119 120 120 120 121 121 121 122 122 123 123 123 123 122 120 116 112 107 99 94 93 94 94 95 95 95
97 98 102 105 105 104 105 115 132 126 113 106 106 107 112 108 107 104 96 79 57 42 36 51 81 103 108 108 107 105 105 108 111 114 115 114 112 113 113 115 118 121 115 108 106 109 111 112 113 114 116 118 124 124 121 120 119 116 115 114 114 117 119 119 119 119 119 119 119 119 120 120 120 120 120 120 121 121 121 122 121 121 121 120 118 116 112 108 104 101 100 99 99 99 99 98
97 98 100 103 100 95 93 98 110 114 107 98 90 88 94 95 94 94 84 55 39 40 45 64 88 102 107 107 107 109 110 110 109 110 113 114 113 113 113 115 118 122 121 115 112 113 115 117 119 119 117 113 115 120 118 118 118 117 116 115 115 117 119 119 119 119 119 119 119 119 120 120 120 120 120 120 120 120 121 121 120 120 119 118 117 115 113 110 108 106 104 103 102 102 101 101
101 100 99 99 93 85 81 82 87 93 94 88 84 86 90 93 95 92 74 44 33 41 56 78 98 108 110 108 109 110 108 105 103 104 108 111 111 112 114 115 118 123 124 119 115 115 114 114 114 111 107 105 107 113 115 114 115 115 115 115 116 116 118 118 119 119 119 119 119 119 119 119 119 120 120 120 120 120 120 120 120 119 119 118 117 115 113 112 110 108 107 106 105 104 103 103
98 97 94 90 88 83 78 75 75 77 76 76 80 84 88 90 90 79 57 42 39 51 73 93 109 115 110 107 106 105 103 101 100 101 104 107 109 112 115 117 118 122 126 122 116 113 111 108 105 102 102 103 105 109 112 112 113 115 116 116 116 116 116 118 119 119 120 120 120 119 119 119 119 119 119 119 119 119 119 119 119 119 118 117 116 115 114 112 111 110 109 107 107 106 105 104
93 90 85 85 86 83 80 76 72 67 67 69 72 81 86 84 76 63 49 42 52 74 93 102 108 103 99 101 101 100 99 100 101 102 104 107 110 112 115 118 120 122 126 125 119 115 113 109 105 104 105 106 107 109 111 113 113 114 116 118 117 117 116 117 118 120 120 120 120 119 119 119 119 119 119 119 119 119 119 119 119 118 118 117 116 115 114 113 112 111 110 109 108 107 106 106
93 89 84 83 81 78 76 75 71 66 65 64 63 70 75 72 69 65 55 58 79 96 99 90 69 73 85 92 95 95 95 96 99 103 106 109 110 111 114 119 122 124 126 128 123 117 114 111 109 107 107 109 110 111 112 114 114 113 115 119 120 119 118 117 119 120 121 121 121 120 119 119 119 119 119 119 119 119 119 119 118 118 118 117 116 116 115 114 113 112 111 110 109 108 108 107
96 93 87 82 77 74 72 71 70 68 67 64 62 62 64 68 74 78 77 88 100 102 88 62 53 66 78 84 87 88 90 94 98 103 107 110 111 111 113 118 124 126 127 129 126 119 114 112 112 111 110 110 111 112 112 113 115 114 115 119 121 120 118 118 119 121 122 123 122 119 118 118 118 118 118 118 118 118 118 118 118 118 118 117 117 116 115 114 114 113 112 111 110 110 109 108
99 96 89 82 77 75 74 72 71 71 70 68 65 64 72 81 85 89 94 99 99 86 62 55 58 67 74 79 82 86 90 94 98 102 106 110 112 113 114 117 123 126 127 129 130 125 119 117 116 114 112 111 112 113 113 114 116 116 116 118 121 122 121 118 118 121 123 123 121 118 116 117 118 118 118 118 118 118 118 118 118 118 118 117 117 116 116 115 114 113 113 112 111 110 110 109
102 99 91 85 80 78 77 75 73 73 73 74 75 83 92 93 92 93 96 95 83 57 52 59 62 65 71 79 84 90 94 96 98 101 105 110 114 115 114 116 121 125 127 129 132 129 123 119 117 115 114 113 114 115 116 117 117 117 117 119 122 124 123 120 119 120 122 123 122 118 115 116 118 118 117 117 117 117 118 118 118 118 118 118 117 117 116 116 115 114 113 113 112 111 110 109
106 102 94 87 83 81 79 77 75 75 78 80 85 94 99 98 93 89 87 79 63 53 57 62 62 64 73 82 88 92 96 97 98 101 104 108 112 115 116 116 120 125 128 129 132 131 126 122 119 117 115 115 115 117 117 117 118 118 118 119 120 122 123 121 120 120 122 124 124 121 116 114 115 115 114 113 115 116 117 118 118 118 118 118 118 117 117 116 115 114 114 113 112 111 111 110
109 104 95 88 84 82 80 77 76 78 81 85 90 95 98 97 92 85 78 69 61 61 64 63 64 70 77 82 87 92 96 98 100 101 102 106 112 118 120 121 123 126 128 129 132 134 131 127 124 122 119 119 118 118 118 118 119 119 118 118 119 120 121 120 119 119 122 125 126 122 117 114 113 113 113 112 114 116 115 115 117 119 119 119 118 118 117 116 116 115 114 113 113 112 111 110
113 108 97 89 85 83 80 78 79 82 87 92 96 99 100 97 91 84 77 69 66 70 71 68 70 75 78 81 86 93 98 102 104 101 100 106 114 121 123 124 126 127 128 130 133 135 135 132 129 127 123 122 121 120 119 120 120 119 118 118 119 120 121 121 120 120 121 125 127 123 118 115 114 115 117 117 117 117 115 115 118 121 121 120 119 118 118 117 116 115 114 113 113 112 111 110
122 115 101 93 87 84 85 88 91 94 99 102 102 99 97 95 91 86 80 72 71 77 81 78 75 77 79 80 85 94 102 106 107 100 100 110 119 124 123 124 128 129 129 131 134 137 138 137 134 130 125 122 122 121 120 120 121 121 120 118 118 120 122 122 122 122 122 124 127 124 119 116 115 115 116 117 117 120 121 119 119 122 123 122 120 119 118 117 116 115 114 113 113 112 111 110
137 125 107 99 97 97 101 105 106 104 101 98 95 90 90 93 94 90 82 78 81 86 90 89 83 79 83 84 85 94 104 107 109 100 104 115 122 123 122 126 131 131 130 133 136 138 141 141 138 134 129 125 123 123 122 121 121 122 122 122 120 119 121 123 121 122 122 123 127 127 121 116 115 116 115 116 117 121 123 120 118 120 124 124 122 120 119 117 116 115 114 113 113 112 111 110
156 142 120 113 113 113 111 108 104 98 90 87 85 85 88 94 99 96 85 84 90 94 96 97 94 88 88 87 88 96 104 107 109 103 106 116 122 122 125 130 133 129 129 134 138 138 141 144 142 138 134 130 127 126 124 123 122 122 123 125 124 121 121 123 121 120 122 123 126 129 124 117 115 117 117 117 117 119 120 119 117 118 122 126 124 122 119 117 116 114 113 113 112 112 111 110
174 157 132 123 118 112 105 97 91 87 85 84 84 87 92 99 106 107 93 89 92 99 105 107 107 101 95 94 93 98 105 108 108 103 105 114 121 125 130 134 132 126 128 134 137 138 142 147 146 141 138 134 131 128 127 126 125 123 123 126 126 122 121 123 121 119 121 124 126 129 127 121 117 118 118 117 116 116 117 117 117 116 120 124 125 123 119 117 115 113 112 111 111 111 110 109
179 161 136 123 114 104 97 93 90 87 85 85 89 94 98 104 114 129 110 93 93 100 113 120 117 112 109 107 100 98 102 109 109 103 107 117 125 130 136 137 134 130 129 132 136 138 141 146 147 144 141 138 134 130 129 129 129 125 123 125 127 124 121 123 123 122 121 124 127 129 129 123 118 117 116 116 115 114 113 114 116 116 118 122 125 124 119 116 113 110 109 109 109 110 109 108
182 164 137 121 111 105 101 98 95 92 87 90 99 106 105 108 120 148 134 108 100 103 115 129 123 115 116 115 109 100 98 105 110 108 112 122 130 135 140 139 136 130 125 129 137 141 142 144 146 145 143 142 139 134 130 131 132 128 125 126 128 127 124 124 126 125 124 125 127 128 127 123 119 117 116 115 115 116 114 114 115 116 119 122 125 124 119 114 109 105 105 109 111 111 110 108
190 173 142 124 114 109 107 104 101 99 97 99 106 113 109 110 123 156 151 129 113 106 112 129 124 116 119 121 117 108 100 100 106 110 115 123 131 135 138 137 133 124 120 126 137 143 142 142 144 145 145 146 144 138 133 133 134 132 128 127 130 131 128 126 128 128 127 127 129 131 130 126 123 121 118 115 116 117 117 114 113 115 118 119 122 123 117 111 107 105 109 115 116 113 110 107
200 186 154 133 123 117 114 112 108 105 106 108 112 116 110 111 127 156 158 140 122 110 111 123 126 124 126 125 121 118 110 101 102 109 115 121 124 128 134 136 131 124 123 128 137 143 144 145 146 146 147 149 148 143 137 135 136 135 131 129 131 134 132 128 130 131 130 129 130 132 133 129 125 123 120 116 116 117 118 116 112 114 118 119 121 123 117 111 110 112 116 121 120 113 107 104
210 196 163 143 133 126 121 118 115 113 114 117 120 119 110 113 130 157 164 148 131 121 121 126 130 132 134 132 127 129 126 111 104 107 115 122 126 129 131 134 131 128 129 132 138 144 148 150 148 147 148 151 151 147 140 137 137 137 134 131 133 136 135 130 131 134 133 131 131 132 133 130 124 122 122 118 116 116 119 118 113 113 119 122 122 125 120 115 116 116 119 122 120 113 108 109
214 199 170 150 139 133 127 124 122 120 121 124 128 125 112 115 131 160 171 158 144 137 134 132 133 136 139 135 127 134 139 126 111 107 114 124 131 135 133 132 132 132 135 135 137 145 150 149 147 146 149 152 155 152 145 139 137 138 137 134 134 137 136 132 132 136 136 133 132 133 133 132 127 123 122 120 117 115 116 117 112 112 118 122 122 125 124 120 119 118 119 120 120 117 115 115
217 203 177 156 142 138 136 132 127 124 123 129 138 135 117 113 126 158 167 159 149 142 138 134 134 139 147 143 133 137 141 132 121 117 121 130 136 140 136 134 137 138 138 137 138 143 147 147 147 148 151 156 159 157 151 143 140 140 139 136 136 140 139 136 135 138 138 136 135 135 135 135 132 127 123 122 121 117 115 115 113 114 119 123 122 124 125 122 119 119 119 120 122 120 117 116
221 211 186 161 147 143 143 137 129 125 122 129 144 139 121 111 117 145 158 155 147 139 134 132 131 136 145 145 143 147 146 142 138 131 131 139 146 149 143 141 144 145 142 138 137 141 147 149 151 152 154 160 162 162 157 148 142 141 141 139 138 141 140 138 139 142 142 140 138 136 136 137 136 132 126 124 124 120 117 117 117 116 119 123 123 124 125 123 120 120 121 123 124 119 116 115
225 216 193 163 149 147 143 135 127 124 121 125 144 142 125 112 114 134 150 150 145 137 131 129 127 128 132 135 140 146 147 148 143 135 134 141 151 156 154 154 155 151 146 142 141 144 148 149 152 154 156 161 164 165 161 152 144 142 142 140 139 141 141 139 141 143 143 143 140 137 136 138 138 135 130 126 125 124 120 118 116 114 117 123 124 124 125 124 122 121 122 125 124 116 113 116
226 219 196 166 151 148 139 131 126 127 123 123 141 146 134 119 115 126 144 148 145 138 131 126 123 123 123 126 130 134 137 140 137 132 130 135 147 154 157 164 165 161 155 151 151 152 152 152 155 157 158 161 165 167 165 156 147 143 143 142 140 142 140 136 134 131 131 137 138 136 136 138 138 137 134 130 127 125 121 117 114 113 117 122 123 126 127 125 123 122 123 125 123 114 114 120
227 218 192 170 162 157 143 132 128 130 127 122 135 151 143 126 116 122 139 149 146 136 129 124 120 119 121 124 126 126 125 126 126 127 127 130 138 143 151 162 167 166 159 155 155 156 156 159 163 162 161 162 166 170 169 161 150 145 144 142 140 140 137 128 119 113 115 124 132 133 134 137 137 136 136 134 131 127 123 119 117 116 119 123 125 128 130 128 124 122 124 126 124 116 116 123
222 210 184 171 165 160 150 139 133 135 130 121 133 152 146 131 116 116 131 142 142 134 127 121 116 114 117 121 122 122 124 125 124 126 126 125 132 133 138 151 160 163 158 151 149 149 152 159 164 164 163 162 167 172 171 163 152 147 145 142 138 136 129 125 126 123 122 126 130 130 131 133 135 135 137 137 135 131 127 124 121 120 123 127 129 132 134 132 128 125 127 131 123 116 117 123
217 205 181 170 163 155 149 141 134 137 132 124 133 153 147 131 117 109 116 129 131 130 126 118 112 111 113 115 118 121 126 126 122 125 125 123 130 133 134 146 155 159 158 152 146 143 145 153 161 164 163 162 169 174 171 164 153 145 142 139 137 136 135 137 138 134 131 131 132 132 130 129 131 133 135 137 138 135 132 130 128 125 127 131 133 134 137 136 129 127 130 134 124 116 119 125
216 203 182 174 165 153 146 141 134 137 133 126 135 152 146 131 118 109 108 118 124 125 124 121 116 112 110 116 123 127 133 129 123 125 126 122 127 133 133 142 152 158 161 156 150 145 145 151 160 164 164 166 172 175 174 169 160 148 141 142 145 145 145 146 143 138 135 134 133 134 130 123 123 126 131 135 139 138 134 133 132 127 126 131 132 134 140 137 128 126 131 137 127 119 122 128
210 200 184 177 168 156 149 143 137 138 134 127 133 146 139 129 121 115 113 118 123 127 129 124 120 119 122 130 133 138 143 133 124 125 126 121 124 132 134 140 149 157 161 158 151 148 147 153 160 163 165 169 175 178 178 175 169 161 155 156 155 151 150 150 146 141 138 136 134 134 131 123 119 121 125 130 134 135 133 130 129 125 123 127 131 136 143 139 129 128 134 139 130 122 124 130
207 199 184 177 169 159 152 144 139 139 136 129 133 145 138 134 132 125 121 121 124 130 137 135 135 138 142 143 145 150 153 141 128 126 127 123 123 129 132 137 145 154 159 158 153 149 150 157 163 166 167 171 177 181 181 178 173 166 161 161 159 154 153 152 147 143 140 138 136 136 134 130 126 124 124 126 130 131 129 128 128 125 123 126 130 139 147 142 133 130 135 139 129 124 127 132
207 197 182 177 170 162 154 144 141 140 140 137 140 146 145 146 146 138 133 131 137 143 148 152 151 149 150 151 150 154 157 149 137 133 131 125 122 125 128 131 137 146 152 156 153 149 151 160 167 170 170 172 179 184 184 181 175 166 160 160 159 156 155 152 148 144 143 141 139 138 134 130 128 127 126 126 128 130 130 131 131 129 127 127 132 144 154 150 142 136 137 137 130 127 130 133
206 196 181 176 169 160 151 144 142 142 143 143 145 149 151 153 152 144 140 141 144 147 151 156 156 152 147 144 146 150 153 150 144 143 141 130 123 123 125 125 128 135 143 149 151 149 152 161 169 170 170 175 182 186 186 183 176 167 161 160 160 159 158 154 150 147 146 144 142 140 134 127 124 124 124 123 126 129 128 129 131 131 131 131 133 143 152 152 148 143 142 139 134 131 130 132
207 200 183 175 168 155 145 139 139 141 143 141 141 144 150 154 153 145 140 140 142 145 147 149 146 141 141 143 142 142 144 145 144 148 151 145 133 124 121 120 123 127 132 138 145 149 155 166 171 171 173 178 186 189 188 184 177 169 164 162 162 161 160 157 153 150 149 148 146 143 137 130 124 122 121 119 122 126 123 122 125 126 128 129 130 136 143 144 143 142 141 139 138 138 135 134
210 203 185 176 170 156 143 135 133 136 137 135 132 131 136 144 143 141 139 140 140 142 145 147 144 140 142 147 145 142 139 139 143 149 156 157 153 143 132 127 126 126 128 132 138 145 157 172 176 175 179 185 191 192 189 184 178 172 167 165 164 163 161 159 155 153 152 151 149 146 141 133 128 125 123 121 122 125 122 120 120 122 124 123 123 128 133 135 133 132 132 132 135 142 142 141
211 202 186 178 171 159 150 142 133 130 129 127 126 126 127 130 130 131 135 139 141 143 146 150 149 144 146 150 150 149 145 142 145 151 156 160 164 164 158 148 141 138 137 135 137 143 156 173 179 179 185 193 195 193 189 184 179 174 169 167 166 164 161 159 157 156 154 153 152 150 144 137 133 128 125 123 124 129 127 122 123 125 126 123 121 122 126 131 130 128 127 124 126 136 141 141
210 203 188 178 169 159 156 154 146 138 134 132 131 130 129 128 123 122 126 131 137 142 146 150 150 150 152 150 146 146 143 140 144 150 154 158 163 168 170 167 159 154 150 145 144 148 155 168 179 185 192 197 197 193 189 186 183 177 173 171 170 165 163 161 159 157 155 154 154 152 146 141 138 131 126 123 124 132 134 127 126 130 132 128 124 122 127 130 128 124 124 122 119 124 131 130
213 206 189 176 164 159 157 155 152 151 151 149 144 137 132 131 129 129 134 138 139 144 149 151 153 158 162 152 140 136 132 130 135 143 149 153 157 163 171 172 167 163 161 158 158 162 162 167 179 192 198 198 196 193 190 188 186 181 177 175 172 168 168 165 162 160 156 154 154 153 148 144 141 137 129 122 121 129 134 129 126 130 135 132 127 126 128 128 125 120 119 119 115 114 119 118
213 203 186 174 163 161 159 154 151 152 156 160 156 146 139 135 133 134 142 149 150 149 150 151 156 166 173 171 158 146 139 133 131 135 138 144 151 159 166 169 169 168 166 167 173 175 172 174 186 196 198 197 195 193 191 190 188 183 178 176 172 171 172 170 166 163 159 155 152 150 148 146 144 140 132 122 118 122 129 126 124 127 132 131 127 126 126 126 125 120 116 114 110 106 110 116
