windninja/windninja_output/Output_2025-10-23_0600-0650_Google earth_Fire_150m_10min/merlingen_7.5mi_point_10-23-2025_0640_150m_ang.asc
ncols	158
nrows	163
xllcorner	391686.332397
yllcorner	5160024.123721
cellsize	150.000000
NODATA_value	-32768.000000
[rows 0 to 47 of 163, columns 0 to 95 of 158]
78 77 74 70 68 69 67 62 61 60 58 51 42 40 45 54 63 67 69 77 78 62 51 52 58 63 61 56 55 56 55 56 58 57 56 61 66 67 68 66 62 62 63 65 68 71 74 76 71 66 64 63 63 64 64 63 62 62 64 65 64 62 61 59 57 56 56 60 65 68 68 66 63 62 62 63 64 65 68 68 66 63 62 65 67 66 62 60 61 59 57 57 56 54 53 54
77 77 75 72 71 70 66 64 65 64 60 50 41 41 48 55 61 64 68 73 72 62 55 55 58 60 59 57 58 57 57 58 58 58 59 62 63 64 65 64 63 63 63 65 67 68 70 72 71 69 67 66 66 66 64 63 63 63 65 65 65 63 62 61 60 58 59 62 66 68 67 65 64 64 64 64 63 65 68 67 65 63 64 65 66 66 63 62 62 61 61 61 60 58 56 56
76 76 75 74 74 70 65 66 68 66 59 46 39 44 51 58 61 62 66 68 64 61 60 59 59 58 57 59 60 59 60 61 61 61 63 63 62 62 63 63 64 64 65 67 67 67 67 67 67 68 69 68 67 66 65 65 65 65 65 65 65 64 64 64 63 63 64 66 68 68 66 65 66 67 67 65 64 66 68 66 62 63 66 65 66 68 65 63 63 63 66 66 65 64 62 62
74 74 72 71 71 68 65 66 66 63 55 41 39 46 54 62 64 64 65 64 62 62 61 59 60 58 57 57 57 57 59 61 63 65 64 64 64 64 64 64 64 64 66 68 68 67 67 66 64 64 65 64 64 64 65 66 67 67 67 66 65 65 65 65 65 65 66 68 70 69 66 66 68 69 69 67 67 69 68 65 61 63 66 65 68 70 66 63 62 62 64 67 67 66 66 66
73 72 70 69 69 68 68 70 68 62 52 41 40 49 60 65 66 66 65 63 63 65 64 61 62 60 57 55 53 54 56 58 61 64 64 64 64 65 66 66 66 66 67 68 67 67 66 65 64 64 63 62 63 65 65 66 67 68 68 68 67 66 66 66 66 67 68 70 71 69 66 68 70 70 69 70 72 72 70 66 63 65 67 67 70 71 69 68 67 64 63 66 68 68 69 70
76 76 73 70 69 69 71 72 69 61 52 46 43 53 65 68 67 66 65 65 65 68 69 67 67 64 60 57 54 54 54 56 59 60 61 62 64 65 66 66 66 67 69 68 67 67 66 65 65 64 62 62 64 66 67 67 68 69 70 69 68 67 67 67 68 68 69 71 71 68 66 69 72 71 69 69 72 74 71 65 65 70 72 71 71 72 73 76 77 73 70 70 69 69 71 71
77 78 78 74 72 71 72 72 67 60 55 51 49 59 68 70 67 65 64 64 66 68 70 72 73 70 65 62 60 57 57 60 61 60 59 61 64 65 65 65 66 67 69 69 68 68 67 66 66 64 62 63 64 65 67 69 70 71 71 71 70 68 66 67 68 69 70 72 72 68 66 69 71 70 68 69 70 72 68 64 67 73 74 73 73 73 75 79 84 86 84 81 77 74 74 75
76 77 79 79 77 74 73 70 65 61 59 56 55 62 69 70 68 65 64 64 65 67 69 72 75 72 68 67 64 62 63 65 64 63 63 65 66 66 66 66 67 68 68 69 69 69 69 68 67 65 64 65 65 64 67 70 72 72 72 72 71 68 66 65 66 68 71 73 72 69 69 71 70 68 68 70 71 70 64 63 71 76 75 74 74 74 75 78 83 90 92 90 87 83 80 83
75 76 77 78 79 77 74 70 67 65 64 63 61 65 69 69 68 67 66 65 66 67 67 68 70 71 70 70 67 66 69 70 67 66 69 70 68 67 67 67 68 69 69 70 70 70 69 69 68 66 66 67 66 66 70 72 73 73 73 73 72 70 69 67 66 69 72 73 72 69 71 73 71 69 69 70 72 68 63 67 75 79 79 77 75 75 75 77 81 85 88 89 89 89 88 90
75 75 76 76 76 75 73 71 70 68 68 69 68 69 71 70 69 69 67 66 67 67 67 66 65 67 69 69 67 68 72 72 69 70 71 70 69 68 68 68 69 70 70 71 71 71 70 70 70 68 68 69 68 71 74 75 75 74 74 72 72 73 73 72 72 74 75 74 71 68 71 73 73 72 71 71 72 70 67 71 77 79 81 82 82 81 80 81 82 81 80 83 88 88 88 90
75 76 76 75 74 73 72 72 71 70 70 71 72 74 74 73 72 71 70 69 68 67 67 65 63 63 63 65 67 70 73 72 71 73 73 70 69 68 68 69 69 70 70 70 71 72 72 72 71 70 73 73 73 76 78 77 76 76 75 73 74 76 76 79 83 82 80 76 71 69 72 74 74 72 71 71 73 75 76 78 78 77 78 83 88 89 88 88 86 81 78 82 86 85 86 87
75 76 75 74 73 73 73 72 71 71 72 72 73 74 76 77 76 74 73 73 72 70 68 65 62 61 58 63 69 72 73 73 73 75 74 72 70 69 71 71 70 70 70 69 70 71 71 72 71 73 78 79 80 81 82 81 78 77 76 75 77 79 82 89 92 90 86 80 74 74 76 75 74 73 70 71 74 77 82 84 81 77 77 81 87 90 89 88 86 81 81 83 84 85 87 87
75 75 75 74 73 73 74 73 72 72 72 72 72 74 78 81 81 77 75 76 76 74 71 67 64 60 59 64 70 72 73 73 75 75 74 73 73 73 73 72 71 71 69 67 68 68 66 67 71 76 80 82 83 84 86 86 83 78 74 75 79 83 88 96 99 96 92 89 87 85 82 78 76 76 75 75 76 78 80 82 82 80 80 82 85 86 86 85 82 79 82 83 82 84 88 86
75 75 75 74 74 73 73 73 73 73 73 73 72 73 77 82 85 84 81 78 77 75 72 68 64 61 61 65 69 71 73 75 76 75 73 73 74 74 74 72 72 72 70 70 71 70 65 63 68 74 77 80 81 83 86 89 88 82 74 74 79 84 89 95 99 98 97 99 104 101 90 84 82 83 83 83 82 81 79 79 83 85 85 85 82 81 84 83 78 77 82 83 81 82 85 85
75 75 75 75 74 74 73 73 73 73 73 74 73 72 75 79 84 86 85 81 78 75 71 68 65 64 63 65 68 69 72 75 77 75 74 75 73 72 72 72 73 71 71 75 76 74 72 70 67 68 72 76 77 79 82 86 88 84 76 75 79 84 88 89 89 92 97 102 109 115 107 96 91 88 86 87 87 84 81 83 88 90 88 85 81 80 82 80 74 74 81 83 81 81 84 86
75 75 75 74 74 74 74 73 73 73 73 74 74 74 75 78 80 81 82 81 78 74 71 67 66 67 66 65 67 68 72 74 73 73 74 75 74 73 72 72 73 71 71 75 75 73 74 77 73 69 70 72 73 75 76 76 79 80 78 79 82 85 88 85 81 85 92 97 103 116 121 109 98 91 89 89 87 84 84 89 92 91 88 85 81 80 79 77 74 73 78 81 81 80 84 87
75 75 74 74 74 73 73 73 73 74 74 74 75 78 81 81 78 76 76 77 76 73 70 68 68 68 66 66 67 69 72 72 69 69 71 73 76 75 73 72 72 71 73 73 72 71 72 73 76 78 76 73 73 75 74 72 72 74 77 81 84 86 86 83 81 83 88 93 97 104 115 114 105 100 97 92 88 87 90 91 89 86 85 83 81 79 77 75 78 79 79 80 79 79 82 84
74 74 74 74 73 73 73 73 73 74 74 75 76 79 83 84 81 77 75 74 73 72 70 70 70 69 67 69 70 71 72 69 66 66 68 71 73 73 71 71 72 73 74 73 71 72 73 72 75 80 81 78 76 75 73 72 72 73 76 81 83 84 83 81 83 84 87 91 93 94 102 110 109 108 106 99 94 93 92 88 83 82 82 79 76 77 77 76 81 88 88 82 79 79 79 80
74 74 74 73 73 73 73 73 74 73 74 75 76 78 82 84 82 79 76 74 73 72 72 73 73 71 70 71 73 73 70 66 63 64 66 69 71 73 72 73 74 74 74 74 73 74 77 79 78 79 81 82 79 76 74 75 75 75 77 81 82 82 81 81 84 86 86 87 87 91 97 103 104 104 107 105 101 95 88 83 82 83 82 79 76 75 76 78 82 88 93 87 82 81 79 77
74 74 74 73 73 73 73 74 74 74 73 74 75 77 79 81 81 78 76 74 73 72 72 73 72 72 71 71 71 71 68 64 63 65 69 72 74 75 74 74 74 73 73 73 74 76 79 81 80 79 80 82 82 80 79 77 76 76 78 80 81 80 81 83 85 87 86 85 87 92 96 97 96 96 99 101 96 90 86 84 85 86 86 84 80 77 76 78 81 86 91 91 86 84 82 79
74 74 74 73 73 73 73 73 74 73 74 74 75 76 77 78 78 76 75 74 73 73 72 72 72 71 71 70 69 68 66 62 63 66 70 72 74 74 73 72 72 72 72 73 75 78 79 78 79 80 80 81 83 85 84 81 79 77 77 78 78 79 82 85 87 88 88 88 91 93 91 89 89 91 94 93 86 82 82 85 87 87 87 87 85 81 79 78 81 86 90 91 86 84 85 84
74 74 73 73 73 73 73 73 73 73 74 74 75 75 76 76 75 75 74 74 73 72 72 72 71 70 70 69 68 67 65 62 63 68 71 71 72 72 71 71 70 70 71 74 77 78 79 79 80 81 81 81 83 85 86 85 83 81 78 76 76 79 82 85 88 91 92 92 92 89 83 80 83 88 92 92 85 80 79 81 84 85 85 87 88 84 80 80 84 87 89 88 83 83 85 87
74 73 73 73 73 73 73 72 72 73 74 74 74 74 75 75 74 74 74 73 73 72 72 71 70 69 69 68 68 67 66 64 67 72 73 74 73 71 70 71 70 70 72 74 76 78 80 80 80 80 81 81 81 82 85 86 86 84 80 76 76 79 82 86 92 95 95 93 88 80 75 76 81 87 92 95 91 83 79 78 77 78 81 85 89 88 84 83 85 87 86 82 80 83 85 87
74 73 73 73 73 73 72 72 73 73 74 74 73 73 74 74 74 74 74 73 72 71 71 70 69 68 67 67 68 69 69 70 73 74 74 74 74 73 72 72 72 73 73 74 77 80 79 79 80 80 81 81 81 83 85 86 87 86 82 77 77 79 84 91 97 98 94 89 80 74 72 75 82 89 91 91 93 91 85 78 74 74 77 80 86 91 92 89 86 86 84 77 79 83 85 87
74 73 73 73 73 72 72 72 73 73 74 74 73 73 73 73 74 74 74 73 72 71 71 69 68 66 65 65 69 73 74 75 77 76 74 74 73 74 75 76 75 75 74 76 79 79 76 77 78 80 81 81 82 84 85 85 85 84 83 80 79 82 88 95 98 95 89 81 74 71 73 80 88 91 88 82 88 96 93 84 77 75 74 74 80 89 95 93 89 87 82 73 78 84 85 86
73 73 73 73 73 72 72 72 73 73 73 73 74 74 73 73 73 74 74 73 72 72 70 69 67 64 61 64 70 74 76 78 80 78 75 72 71 74 78 79 78 78 78 81 80 75 74 76 78 79 81 82 84 85 86 86 84 81 81 83 86 91 94 94 90 86 81 73 69 71 78 89 94 92 83 74 81 94 100 94 86 80 74 72 75 82 88 89 90 88 83 75 78 82 84 85
73 73 73 73 72 72 72 73 73 73 73 73 74 74 74 74 74 74 73 73 73 72 70 68 65 60 58 63 69 71 74 79 83 84 80 73 70 74 78 81 80 81 83 83 80 74 73 75 78 79 78 80 83 86 89 88 80 76 79 86 94 99 98 92 83 77 71 65 66 73 84 94 95 90 80 69 75 86 100 106 98 88 80 76 77 78 79 81 84 86 86 83 81 80 81 82
72 72 72 72 72 72 72 73 73 73 72 73 73 74 74 74 74 74 73 73 72 71 70 68 64 58 56 62 66 67 70 76 82 85 86 80 75 76 79 81 82 84 85 83 79 75 72 73 76 78 77 77 80 84 89 86 73 73 82 90 96 99 97 89 80 73 65 62 68 79 88 92 92 87 78 70 75 82 93 107 106 97 90 86 84 80 74 74 78 81 84 90 90 83 80 80
72 72 72 72 72 72 73 73 73 72 73 73 73 74 74 75 75 74 74 73 72 72 71 69 65 58 58 63 64 61 64 71 77 81 85 86 82 79 81 82 82 84 84 82 80 75 73 72 74 77 77 76 78 81 83 78 69 75 84 92 96 94 89 82 76 71 65 64 76 86 90 89 86 81 74 74 81 83 86 97 108 106 99 94 89 82 76 76 78 77 79 87 96 92 86 83
72 72 72 72 72 73 73 73 73 73 73 73 73 74 74 75 75 74 74 74 73 73 71 70 66 62 63 66 62 58 60 65 70 77 84 87 83 81 82 82 82 82 80 79 78 75 74 74 75 75 72 74 75 76 75 70 69 79 85 92 96 91 81 74 72 72 68 71 83 91 92 87 80 74 72 78 85 83 83 90 104 111 104 96 90 85 83 84 82 77 75 80 93 99 96 90
73 73 72 71 72 73 73 73 73 73 73 73 74 74 75 75 75 75 75 75 74 73 72 70 68 68 70 70 64 60 62 65 69 76 83 85 81 82 83 82 81 79 76 75 74 73 75 79 79 75 71 72 73 72 70 64 67 82 88 90 91 87 76 70 72 75 75 78 86 91 93 86 78 76 76 81 83 80 81 87 98 109 107 99 93 90 89 88 84 78 74 75 84 96 100 98
73 72 71 71 72 73 73 72 73 73 73 74 74 75 75 75 76 76 76 75 75 74 73 72 72 72 73 71 66 64 68 72 74 79 82 81 81 85 84 81 79 78 75 75 73 74 79 82 81 77 76 76 74 72 69 61 66 81 89 89 86 79 70 68 74 80 83 84 87 90 89 83 83 85 84 82 80 79 80 84 90 98 103 101 98 95 92 88 84 80 77 75 78 88 98 101
72 72 71 72 73 73 72 72 73 73 73 74 74 75 75 76 76 76 76 76 76 76 75 74 75 76 75 72 65 64 71 75 77 78 80 82 84 87 85 80 77 76 75 76 75 76 81 82 79 78 79 79 78 75 70 64 69 78 84 87 84 76 65 67 75 83 89 90 87 86 85 84 88 91 88 84 81 80 81 82 83 85 92 98 99 96 93 89 84 81 80 78 78 84 93 102
71 71 71 73 74 73 72 73 73 74 74 75 75 75 76 76 76 76 76 77 78 78 77 76 77 78 78 75 70 71 75 76 75 75 78 83 88 86 81 77 75 74 74 76 76 79 81 80 78 79 80 80 81 78 74 72 77 80 79 80 80 76 65 67 74 81 90 95 90 86 85 87 89 89 87 86 86 84 81 78 74 75 83 93 97 94 90 89 85 81 80 80 83 87 94 102
71 70 70 73 74 73 72 73 74 74 75 76 76 76 76 76 76 77 77 78 78 79 79 80 80 80 79 78 78 81 83 80 77 77 77 78 83 82 77 74 73 72 73 75 77 81 82 79 80 81 81 81 81 81 80 81 84 85 80 77 77 75 69 69 73 77 84 95 97 93 89 87 85 84 85 89 92 91 84 75 69 69 76 85 93 93 88 87 86 81 79 82 87 92 97 101
71 71 71 72 73 73 72 73 74 75 75 76 76 77 77 77 77 78 78 78 79 79 81 82 83 82 81 80 82 88 90 87 83 82 79 74 71 75 74 72 71 71 73 75 77 81 81 80 81 81 81 80 81 82 83 85 86 86 84 80 78 77 75 76 75 75 80 90 100 100 93 85 82 81 85 91 93 91 88 82 74 70 71 77 85 93 91 87 86 85 84 86 88 91 95 99
71 72 73 73 73 72 73 74 74 75 76 77 77 77 77 78 78 78 79 79 80 81 82 83 84 85 85 83 85 92 96 94 90 86 80 72 66 66 69 70 71 72 74 76 79 81 81 81 82 81 81 81 81 82 85 85 83 83 84 82 80 79 80 83 79 76 78 87 95 97 88 83 83 85 88 90 89 86 86 89 85 76 71 72 78 91 98 89 86 89 90 89 88 89 93 99
72 72 73 74 73 73 73 75 75 76 77 77 77 78 78 79 79 79 79 80 81 82 82 83 85 86 87 87 91 96 98 96 92 86 80 73 64 62 66 69 71 74 76 77 80 81 81 81 80 80 83 84 83 83 85 85 82 81 81 81 80 79 81 87 85 81 82 86 89 84 79 81 87 91 89 86 88 84 82 87 89 82 74 71 76 87 99 95 90 92 93 90 89 92 95 94
72 72 73 74 74 74 74 75 77 77 78 78 78 78 79 79 80 80 80 81 82 82 83 84 85 87 89 93 99 98 97 95 91 86 80 71 60 62 68 70 73 75 78 79 80 81 81 80 78 79 83 86 84 82 84 86 83 79 78 78 77 75 76 81 84 84 86 87 83 76 77 85 90 89 81 83 90 89 79 81 84 83 78 76 80 84 90 97 94 93 93 91 93 96 93 87
73 73 74 74 74 75 75 77 78 79 78 78 79 79 80 80 80 81 81 82 82 83 84 85 86 88 92 98 101 98 95 95 92 86 80 68 58 64 68 71 74 77 80 82 80 80 81 81 79 80 82 85 85 82 82 83 82 79 77 75 72 68 67 72 79 83 86 86 80 79 87 92 89 80 73 83 92 94 79 76 74 76 80 83 84 85 87 96 97 92 89 91 95 95 90 86
73 74 74 75 75 76 77 78 79 79 79 79 80 80 80 81 81 81 82 83 83 84 84 85 86 89 93 98 100 97 96 96 93 88 79 68 65 68 69 71 74 78 82 83 81 80 81 81 81 80 81 85 89 87 82 79 78 77 76 74 68 63 62 68 77 82 84 84 81 86 92 90 84 77 77 88 93 92 81 75 68 67 76 84 85 87 91 95 96 92 90 90 91 89 89 89
73 74 74 75 76 77 78 79 80 80 80 80 81 81 81 81 81 82 82 83 84 84 85 85 87 89 92 95 98 98 96 95 94 89 80 72 73 76 76 75 76 78 78 79 82 82 80 78 78 79 82 85 89 89 84 79 75 75 76 73 68 63 64 68 73 81 83 82 85 88 85 81 81 81 85 91 91 79 74 74 70 69 75 80 85 89 90 89 90 92 92 89 84 84 89 92
74 74 75 76 77 79 80 80 80 80 81 81 82 82 82 82 82 83 83 84 84 85 85 86 87 89 91 94 97 98 96 93 92 90 85 81 79 81 84 82 80 78 76 78 82 81 78 75 76 81 85 85 84 83 83 80 75 73 74 73 72 71 73 71 72 79 84 84 84 81 73 74 79 83 90 92 83 61 63 71 73 75 79 84 89 88 80 76 83 90 92 88 82 84 89 91
74 74 75 76 78 80 80 81 81 81 82 82 82 83 83 83 83 83 84 84 85 85 86 86 87 88 90 93 96 97 95 93 92 92 93 91 90 89 88 85 81 79 80 83 81 76 74 74 78 84 87 84 79 76 78 77 73 71 72 74 77 80 82 79 78 82 86 86 80 69 65 71 75 79 85 84 68 45 56 71 76 81 87 92 91 81 69 71 78 86 90 89 88 89 89 86
74 75 76 78 79 80 80 81 82 82 82 83 83 83 83 83 84 84 85 85 85 85 86 87 87 88 90 92 94 95 95 94 94 95 97 100 100 96 90 86 83 83 85 84 78 72 73 78 83 88 87 81 73 70 71 72 70 70 73 77 81 85 88 89 90 90 88 86 78 68 67 70 71 73 75 70 52 36 53 72 83 90 94 93 84 70 67 72 77 83 88 91 94 93 88 81
75 75 77 79 80 80 81 82 82 82 83 83 84 83 84 84 84 85 85 85 85 86 86 87 88 89 90 91 92 93 94 94 95 96 99 104 104 99 94 90 89 88 86 82 74 71 76 83 89 89 84 76 70 67 68 69 69 73 79 83 85 87 91 96 97 95 89 84 77 74 75 74 72 71 67 60 42 35 56 76 89 95 94 86 74 68 70 74 77 81 86 93 97 93 85 79
76 76 78 79 79 81 82 83 83 83 83 84 84 84 84 85 85 85 85 85 86 86 86 87 88 89 89 90 91 93 94 95 96 98 101 103 104 103 100 97 95 91 86 79 73 76 83 88 90 85 78 72 67 65 68 69 71 79 86 90 89 90 95 98 97 93 88 82 76 77 79 77 74 70 63 54 41 40 64 81 89 91 86 79 73 73 76 77 77 79 85 94 97 92 84 79
76 77 78 78 78 81 83 84 84 84 84 84 84 85 85 85 85 86 86 86 86 86 87 88 88 89 89 90 91 92 94 95 96 98 101 103 104 104 104 101 98 94 87 78 76 83 90 91 86 79 74 68 64 66 67 70 77 84 92 96 96 94 95 96 94 90 85 80 76 77 78 77 75 69 62 53 45 52 71 81 85 85 82 79 77 78 80 80 79 81 86 91 92 88 82 79
