windninja/windninja_output/Output_2025-10-23_0600-0650_Google earth_Fire_150m_10min/merlingen_7.5mi_point_10-23-2025_0600_150m_ang.asc
ncols	158
nrows	163
xllcorner	391686.332397
yllcorner	5160024.123721
cellsize	150.000000
NODATA_value	-32768.000000
[rows 98 to 146 of 163, columns 0 to 95 of 158]
85 84 81 78 76 70 64 61 63 66 70 75 82 86 87 88 87 79 61 49 47 55 68 79 82 77 79 84 88 91 92 91 89 89 91 94 97 100 101 101 101 104 107 104 98 95 94 92 90 86 84 84 84 87 91 93 95 99 101 102 102 103 104 105 106 106 106 105 104 104 104 105 105 105 105 106 106 106 107 107 107 107 107 107 107 106 105 104 103 101 100 99 99 98 97 97
83 82 80 80 81 79 75 72 68 65 67 71 77 87 90 87 81 70 58 51 53 64 75 78 69 60 71 81 86 89 90 91 92 92 93 95 97 99 102 104 104 105 108 106 99 96 96 93 88 85 84 85 84 85 88 92 93 95 99 101 101 101 103 105 107 108 107 106 105 105 105 105 105 105 106 106 106 106 107 107 107 107 107 107 106 105 105 104 103 102 101 100 99 98 98 97
81 80 79 79 79 77 77 76 72 69 70 70 73 80 84 80 76 72 62 58 68 79 81 70 54 56 69 78 84 87 89 91 94 97 98 98 98 97 100 105 108 107 109 108 102 97 94 92 89 86 85 85 85 85 86 89 90 91 95 99 100 99 99 102 106 108 109 109 107 106 106 105 105 106 106 106 106 106 106 107 107 107 106 106 106 105 104 104 103 102 101 100 100 99 98 98
81 80 79 78 75 74 74 74 73 73 72 70 69 69 71 72 73 73 69 74 86 89 76 59 54 61 71 77 83 86 89 92 96 100 103 103 101 100 100 104 109 110 109 111 106 98 93 91 89 87 86 85 85 86 86 87 88 89 91 95 99 99 98 99 102 107 109 110 109 107 106 106 106 107 106 106 107 107 107 107 107 107 106 106 105 105 104 103 103 102 101 101 100 99 99 98
80 80 79 76 74 73 73 73 73 73 72 71 68 64 66 70 72 72 72 80 85 77 62 58 60 66 73 79 83 87 91 94 97 100 103 107 107 106 104 105 109 111 111 112 110 102 95 91 89 88 86 84 84 85 86 87 88 88 88 89 94 98 99 98 99 103 106 108 108 106 106 107 108 108 107 107 107 107 107 107 107 107 106 106 105 105 104 104 103 102 102 101 100 100 99 99
79 79 77 75 74 73 74 74 73 74 73 73 72 75 78 78 77 76 77 81 75 59 58 62 64 67 74 81 85 90 93 94 95 98 102 107 112 112 108 106 108 112 114 114 114 109 99 92 88 86 85 85 85 85 85 85 86 87 87 88 91 95 97 96 97 99 102 104 105 104 104 107 110 110 109 108 108 108 108 108 107 107 107 107 106 105 105 104 103 102 102 101 101 100 100 99
78 77 75 74 74 74 75 74 74 76 78 79 83 90 95 93 87 82 82 78 67 58 60 64 64 66 72 78 85 91 94 95 95 97 100 105 111 114 112 109 110 114 116 116 116 113 104 96 89 86 85 85 85 86 86 85 84 85 86 88 89 91 94 95 95 95 98 100 101 101 101 102 106 109 109 108 109 110 109 109 109 108 108 107 106 106 105 104 103 103 102 102 101 101 100 99
77 76 73 72 73 75 75 75 75 78 81 86 91 96 100 99 94 88 82 75 68 65 65 65 65 67 72 77 83 88 93 95 96 96 97 102 108 114 115 114 113 115 116 117 118 116 109 100 93 87 85 84 83 84 85 86 85 84 84 86 88 89 92 94 94 93 95 98 99 99 98 96 98 104 106 107 110 112 111 110 111 111 110 108 107 106 106 105 104 103 103 102 101 101 100 100
75 73 71 70 71 72 73 73 74 78 82 87 91 95 97 97 94 88 82 75 70 72 71 67 66 68 72 75 78 84 89 95 98 95 93 99 106 113 116 116 115 114 115 116 119 118 113 104 97 91 86 84 82 81 81 83 84 84 84 84 85 87 89 91 92 92 93 96 97 96 96 95 94 96 101 105 108 110 109 110 113 115 113 110 109 107 106 105 104 104 103 102 102 101 100 100
71 69 67 68 69 70 72 73 74 77 80 83 84 86 89 92 91 88 83 77 74 76 78 73 68 68 70 70 74 83 90 94 95 89 90 99 105 109 110 113 115 113 113 114 116 118 116 108 101 95 90 85 83 80 79 79 81 83 83 83 83 86 88 89 90 90 91 93 96 95 93 94 94 95 97 100 103 107 109 109 112 116 117 113 111 109 107 106 105 104 103 103 102 101 101 100
68 65 63 66 68 69 71 72 74 75 76 77 77 77 81 86 88 86 81 78 78 82 84 80 71 68 69 68 71 81 89 90 88 82 90 100 102 99 98 104 109 110 108 109 111 114 116 110 101 94 90 87 85 83 80 78 78 80 81 81 81 83 87 88 88 89 89 90 94 96 92 91 94 95 95 96 98 103 108 107 106 111 117 118 114 110 108 107 106 105 104 103 102 102 101 101
64 62 63 68 70 71 71 70 72 73 73 73 72 74 78 83 86 82 75 76 83 87 87 84 79 73 72 70 72 81 86 85 83 80 89 96 93 87 87 88 88 95 103 106 104 104 109 108 100 92 87 83 82 82 81 78 76 77 79 79 78 79 82 84 85 87 89 89 91 94 93 90 91 94 95 95 96 99 103 105 104 105 112 119 118 114 110 108 106 105 104 103 103 103 102 101
60 61 67 72 74 75 74 73 72 72 72 72 71 73 78 84 87 79 69 72 80 88 91 90 88 83 76 72 74 80 84 82 78 77 84 88 81 74 71 63 55 63 79 88 87 83 86 94 94 90 86 81 78 77 78 78 76 76 77 79 78 78 77 78 80 83 87 90 90 91 93 91 90 91 93 94 94 94 97 100 102 103 107 114 118 116 112 109 107 105 105 104 104 104 103 102
57 62 70 74 76 75 74 74 73 72 71 73 75 76 79 84 87 77 66 69 75 85 95 96 92 90 87 80 74 74 78 80 75 70 74 74 63 52 43 32 26 34 41 36 28 41 53 62 76 79 79 77 75 74 75 75 75 75 76 77 78 77 75 74 75 78 81 86 90 91 93 93 90 89 89 91 91 91 91 95 99 101 103 108 113 116 113 110 108 106 104 104 104 105 104 103
59 65 71 72 73 72 72 71 72 70 68 72 78 80 81 85 86 75 65 67 69 77 88 95 90 92 98 97 84 71 70 73 70 66 66 56 40 30 21 13 12 20 23 15 3 1 11 20 33 54 65 68 70 71 72 72 71 72 73 73 75 75 74 73 73 73 75 77 83 90 93 93 91 88 87 88 88 88 87 89 93 98 101 104 108 111 109 108 106 103 104 106 107 106 106 104
59 62 67 69 71 73 72 71 70 67 65 72 78 79 80 84 85 75 66 66 65 70 77 85 86 90 96 101 97 80 68 64 64 64 58 43 28 19 9 4 4 5 2 359 356 352 351 354 359 14 39 52 59 64 67 68 69 70 70 70 70 70 71 73 72 71 71 71 73 79 85 89 89 87 85 85 86 86 85 84 86 92 97 99 103 106 103 101 100 100 104 110 111 108 105 104
53 56 62 66 69 71 73 72 69 67 70 76 77 74 75 81 84 77 71 70 65 64 67 73 78 82 84 87 91 88 72 60 57 52 36 20 10 6 0 357 354 346 343 347 350 347 345 348 352 355 6 24 42 54 60 62 64 66 67 66 66 66 67 69 70 69 68 67 68 70 74 80 84 86 83 81 82 84 85 82 82 84 87 90 94 98 96 94 96 100 105 110 110 106 101 101
45 50 57 61 65 66 67 69 70 73 79 82 76 66 68 78 84 78 76 80 71 62 58 60 66 72 70 63 63 68 57 48 45 35 7 349 346 349 350 347 341 337 339 344 347 345 346 350 352 351 354 1 20 40 52 56 58 61 64 64 62 61 63 65 65 64 64 65 65 66 68 72 77 82 84 80 78 80 82 81 80 81 81 81 83 84 86 89 95 100 103 105 105 100 97 100
38 45 54 58 62 63 63 62 67 76 84 85 74 62 66 75 80 66 27 80 71 58 50 50 52 55 54 48 50 39 21 19 21 12 346 334 337 342 341 336 333 334 340 344 345 346 348 347 347 347 348 352 4 24 41 49 53 56 59 60 59 58 59 61 61 59 59 61 61 61 62 63 66 71 78 81 77 75 77 79 80 80 79 75 73 73 78 86 93 97 98 98 97 97 98 100
34 41 52 58 61 63 61 59 66 72 81 83 73 62 66 73 74 53 354 30 51 45 41 39 37 35 33 31 27 20 6 358 359 352 342 334 333 338 336 331 333 336 340 342 343 345 344 343 342 345 347 352 359 11 28 41 45 49 53 56 54 52 52 53 53 51 52 54 54 54 54 53 56 59 64 71 74 72 70 71 75 78 76 70 67 67 73 82 87 90 90 90 91 96 99 100
34 37 49 57 60 62 60 61 67 70 73 75 70 65 67 68 67 45 344 340 18 27 28 25 20 17 13 9 10 11 1 350 345 339 341 346 345 343 337 334 338 341 341 340 339 340 342 343 344 346 349 354 360 7 19 29 34 38 41 41 41 38 36 36 36 36 36 40 43 44 43 43 44 48 51 55 59 62 64 64 67 70 69 64 63 66 70 78 82 82 81 82 85 91 95 97
33 33 46 57 61 61 61 66 74 74 70 68 64 65 66 63 60 40 341 320 321 343 1 4 359 355 353 352 356 357 350 345 339 335 339 349 353 350 346 346 348 346 343 339 338 340 341 342 344 348 351 356 1 8 15 18 20 18 14 6 1 356 355 357 6 10 10 17 21 23 23 24 27 32 39 44 46 48 53 58 62 64 62 57 59 63 67 72 75 75 74 74 74 80 87 93
29 27 39 53 59 61 66 72 78 76 69 67 56 45 54 57 52 31 347 320 307 302 311 325 330 331 332 335 337 336 336 336 334 332 335 341 349 350 351 357 358 355 349 345 345 345 344 344 346 349 352 357 3 9 13 10 355 334 325 315 306 303 290 273 255 256 271 291 311 323 333 341 348 360 17 28 33 36 42 49 53 56 53 50 52 56 59 64 67 67 68 66 63 70 80 91
25 23 30 40 44 48 55 66 75 74 65 63 50 24 30 38 35 15 349 327 306 292 289 298 305 310 315 322 322 320 322 324 325 328 330 333 339 343 349 358 1 0 353 349 349 349 348 350 353 354 354 357 2 10 14 5 331 307 297 286 277 260 239 228 222 232 245 253 263 276 286 295 302 313 332 355 13 22 29 33 37 41 40 38 41 44 48 54 58 61 61 57 56 66 78 89
17 15 18 25 30 32 38 47 57 60 52 50 37 7 8 17 12 353 337 320 299 289 287 287 289 294 301 309 311 312 318 320 320 325 325 325 332 334 340 349 356 359 353 346 342 341 343 351 357 358 357 355 2 14 17 2 318 289 275 264 249 230 224 226 231 244 255 262 267 267 268 272 280 288 297 311 333 355 8 16 22 25 24 24 27 30 34 40 46 51 52 46 50 67 80 88
12 7 8 13 21 28 32 38 44 42 34 27 15 359 343 337 327 315 306 295 290 288 284 280 281 287 292 297 304 310 319 321 318 321 321 320 327 330 332 342 350 354 352 342 333 329 332 343 352 356 354 353 3 17 18 4 296 264 252 242 229 226 234 242 247 255 260 264 268 269 267 267 271 275 281 290 301 316 336 354 5 11 12 13 18 22 24 29 37 42 42 36 45 65 78 85
9 2 2 5 10 22 28 34 38 35 24 12 360 352 325 298 281 273 271 272 274 280 286 287 284 281 284 296 308 315 325 322 317 319 319 316 322 327 327 337 346 351 352 339 328 324 327 335 348 353 352 354 7 20 24 17 266 249 246 238 232 242 250 253 256 260 260 260 262 265 266 265 267 271 275 280 288 297 309 324 342 357 5 9 13 16 17 22 30 34 32 27 38 60 71 74
2 356 356 357 2 12 19 24 27 23 16 10 358 336 307 287 274 265 264 273 277 278 282 282 283 287 297 311 317 326 335 325 315 317 317 311 315 323 324 331 341 349 351 336 321 318 322 331 343 349 351 357 10 24 33 36 254 249 251 250 251 256 258 257 257 259 258 256 256 258 263 266 268 272 275 278 282 287 292 299 311 331 353 4 7 10 12 15 21 24 21 16 31 55 62 62
355 351 351 351 354 2 9 11 10 9 8 6 0 331 307 298 286 271 269 273 279 290 295 295 303 312 318 322 329 339 343 330 315 314 315 309 310 317 321 325 335 345 348 336 316 310 317 330 342 349 351 356 13 31 46 65 235 246 252 255 259 259 256 254 256 256 256 255 254 254 258 266 271 274 276 279 281 282 284 287 293 306 327 349 359 4 7 8 13 16 14 10 25 47 53 52
352 346 345 345 346 353 355 356 355 356 358 357 351 331 313 309 305 294 289 292 304 312 317 321 320 320 324 329 334 342 346 336 320 315 313 307 305 309 315 319 325 336 340 336 317 305 310 326 341 349 350 355 19 46 66 102 221 245 253 254 254 253 251 252 254 255 254 254 253 253 255 262 269 274 277 280 283 285 286 289 292 298 307 325 345 356 1 1 5 11 11 8 20 36 43 44
350 341 339 340 339 341 341 343 345 345 347 343 336 328 317 312 307 301 306 315 320 320 320 322 321 317 316 321 331 339 342 336 326 320 313 303 300 303 308 310 314 322 329 332 321 304 301 316 333 341 344 355 30 61 88 137 223 248 253 250 249 249 249 251 253 254 253 253 253 254 255 258 263 269 273 276 283 287 288 290 294 297 301 310 325 340 350 353 358 6 9 9 15 27 36 38
348 339 332 331 331 326 323 326 329 333 334 329 324 318 311 308 308 307 310 315 319 321 316 310 306 305 309 317 324 330 334 334 330 327 317 302 295 295 297 298 303 309 316 323 323 309 300 308 323 328 337 356 50 86 118 165 227 246 250 249 249 249 250 251 253 254 253 254 254 254 255 257 260 265 270 275 281 285 286 287 291 294 296 302 309 319 330 337 345 355 3 8 13 21 28 30
349 339 329 328 327 320 313 310 310 314 317 314 307 299 297 298 302 307 311 315 318 320 317 310 302 301 308 316 320 325 328 332 335 334 326 307 292 288 291 294 296 301 306 314 321 318 308 308 312 315 328 5 97 125 152 188 229 243 248 249 249 249 250 252 253 253 254 255 255 255 255 258 260 262 267 274 281 286 286 287 290 293 293 292 294 302 310 318 325 333 347 3 11 16 21 24
349 338 329 329 326 321 317 310 302 299 298 295 291 289 291 293 293 298 305 311 316 320 321 317 306 300 307 314 318 325 329 333 341 342 334 318 301 292 293 294 296 301 305 309 316 323 321 313 299 295 294 149 140 154 181 204 226 240 247 248 248 249 251 252 253 254 255 255 256 255 256 259 260 262 266 272 280 289 290 289 293 297 296 292 290 291 296 305 311 317 327 346 1 8 16 21
346 333 325 324 323 320 321 319 308 301 300 296 293 293 294 295 292 291 295 302 311 318 323 323 312 300 299 307 311 318 325 331 342 347 339 328 315 302 298 298 300 305 307 307 312 323 331 319 290 273 225 172 165 177 199 213 226 240 246 248 248 253 255 254 254 255 256 256 257 257 259 261 261 262 266 271 279 290 294 292 295 302 303 298 293 290 293 299 303 306 313 327 343 355 6 16
345 331 321 320 318 318 319 319 312 309 311 312 305 299 299 302 300 297 297 301 309 318 325 326 318 303 293 295 300 306 313 320 334 342 339 332 322 311 303 298 298 304 308 307 312 322 330 322 282 245 205 185 183 194 209 217 227 240 247 249 252 255 255 255 256 256 257 258 259 260 262 263 263 264 265 269 277 287 294 293 295 301 306 302 296 294 294 296 297 297 301 310 325 339 351 4
345 330 321 319 316 316 318 317 313 308 311 319 314 305 306 308 306 303 302 303 309 319 325 325 324 314 298 291 295 302 307 313 322 331 334 333 326 317 307 298 294 298 304 305 309 315 320 316 247 219 206 197 196 206 216 220 229 242 249 252 254 255 254 255 256 256 257 259 262 266 266 266 267 265 264 267 273 283 293 293 293 297 303 302 298 296 295 295 294 293 293 297 305 317 329 342
338 327 321 319 314 314 316 315 312 305 303 308 308 302 303 306 306 303 302 303 306 316 321 322 326 324 309 295 293 300 308 313 317 323 328 332 331 324 310 300 295 294 295 297 296 289 284 248 200 210 211 205 207 216 220 222 233 246 252 255 256 255 254 255 256 256 256 257 264 271 274 272 270 269 268 268 270 277 289 294 293 294 297 299 300 299 298 297 295 290 285 284 288 294 304 316
332 323 317 315 311 310 312 311 307 299 293 293 299 294 294 298 301 301 302 301 299 306 314 318 326 329 319 304 295 297 307 313 315 318 324 330 336 333 312 298 296 293 287 285 276 260 243 201 190 209 214 211 216 223 224 227 239 251 256 257 257 256 256 256 255 255 255 257 262 270 278 280 277 276 275 271 270 273 280 290 294 295 296 300 304 306 303 301 298 293 288 282 280 280 282 290
328 319 312 309 304 303 304 303 298 293 291 292 300 295 292 295 299 300 301 296 292 297 307 314 324 330 325 312 300 296 300 305 307 312 319 328 339 341 312 296 296 295 283 267 251 237 222 195 194 210 215 218 225 229 229 235 248 257 259 258 257 257 257 256 255 254 254 257 260 265 275 283 284 283 281 276 272 272 274 280 292 300 300 302 309 311 305 299 298 299 297 288 280 275 274 283
327 317 308 303 297 296 295 293 292 294 295 299 305 301 298 299 301 299 295 290 287 292 300 308 318 327 327 316 305 298 295 294 299 306 312 322 337 342 317 297 293 291 274 252 234 225 214 198 202 213 219 226 231 233 237 246 257 261 261 260 259 258 257 255 253 253 255 258 261 264 271 282 289 290 291 286 277 272 272 274 282 297 300 306 314 312 305 305 309 314 312 299 286 278 279 289
328 317 308 304 298 294 293 293 293 294 296 302 305 304 302 302 300 297 292 286 284 288 294 301 309 318 323 318 310 305 302 295 294 299 302 312 329 335 322 301 289 275 256 237 224 220 213 205 209 219 227 234 235 239 249 259 265 264 263 262 260 260 259 254 252 254 257 261 265 267 270 279 290 296 298 297 286 276 273 274 280 292 304 314 323 320 318 322 329 334 330 314 296 290 292 295
329 319 310 306 301 295 294 298 298 296 302 303 302 302 301 299 296 295 295 289 284 286 290 295 301 310 317 319 315 314 312 300 292 291 295 306 322 327 320 302 280 256 240 226 219 219 215 211 217 226 233 238 242 250 260 266 267 266 264 263 263 263 262 257 254 257 262 266 269 271 274 279 288 296 300 304 295 281 278 279 283 292 303 316 326 327 325 331 341 345 334 316 305 302 303 304
335 319 306 304 301 297 296 300 300 298 303 301 299 297 297 295 293 293 300 300 292 289 288 290 295 302 309 317 318 317 318 308 298 292 293 302 317 321 318 301 260 239 231 220 218 220 217 217 225 231 235 242 253 264 269 270 269 267 266 265 267 268 266 265 264 266 270 272 273 275 278 279 283 294 305 310 302 286 282 284 286 287 292 305 317 322 325 334 343 337 319 305 302 300 299 301
348 318 299 300 301 300 298 299 299 297 295 296 295 292 292 291 291 293 299 305 302 295 292 292 295 298 302 309 311 313 317 316 309 299 291 294 309 316 312 274 231 229 224 218 219 221 219 223 230 232 235 247 262 274 279 276 271 270 269 270 271 271 272 275 277 278 277 277 277 276 276 276 280 291 309 318 307 291 285 288 289 284 285 300 312 319 323 332 341 323 302 295 294 292 289 288
360 324 298 299 303 300 298 300 297 294 287 286 288 287 289 291 292 294 298 304 304 299 296 294 295 298 299 301 304 308 313 316 316 307 292 288 295 296 261 208 217 225 223 220 221 221 222 227 230 233 242 255 266 278 288 289 279 274 274 274 274 274 277 281 284 282 281 280 278 274 272 274 278 285 300 319 312 297 287 290 294 288 290 304 317 320 326 337 337 311 296 291 290 288 286 287
0 331 306 300 300 296 296 298 295 294 284 276 279 288 290 292 291 292 294 297 297 297 296 294 293 296 298 298 302 307 310 312 318 316 296 283 273 245 200 199 213 222 222 221 221 222 226 229 231 239 253 264 271 278 287 297 290 282 279 280 281 280 281 284 284 281 282 282 280 277 274 273 275 279 288 307 311 301 288 288 293 293 297 309 318 317 328 339 327 301 289 285 285 287 290 294
350 328 312 304 300 297 295 294 295 298 286 279 283 295 296 293 290 288 286 285 287 291 293 292 291 294 299 300 301 305 305 307 314 316 297 276 254 218 196 203 214 219 221 222 222 226 229 231 237 249 260 267 273 277 284 297 302 295 288 289 291 289 285 284 284 282 283 284 282 282 281 277 274 275 280 291 301 300 289 285 289 296 302 313 315 314 325 332 316 292 280 276 280 287 294 298
331 320 314 312 306 301 297 294 296 301 294 292 294 303 305 300 295 290 284 281 283 285 286 287 287 291 297 300 301 303 301 298 305 311 290 263 238 212 202 208 214 217 220 223 227 230 233 236 247 257 263 268 273 278 285 297 310 309 300 296 297 296 291 288 289 288 286 286 287 287 287 285 277 274 277 282 289 295 292 287 291 300 306 309 307 311 324 330 309 284 276 278 283 289 296 300
