windninja/windninja_output/Output_2025-10-23_0600-0650_Google earth_Fire_150m_10min/merlingen_7.5mi_point_10-23-2025_0620_150m_ang.asc
ncols	158
nrows	163
xllcorner	391686.332397
yllcorner	5160024.123721
cellsize	150.000000
NODATA_value	-32768.000000
[rows 0 to 52 of 163, columns 0 to 95 of 158]
95 93 91 89 88 89 89 84 81 81 78 69 55 49 53 62 71 76 80 89 94 81 67 67 72 77 75 69 67 67 66 66 67 66 64 69 73 74 74 73 69 68 69 70 73 76 79 81 77 73 71 69 69 70 69 67 66 65 67 68 66 64 62 60 58 56 57 60 65 68 68 65 62 60 60 61 61 63 65 65 62 59 59 62 63 62 58 56 57 55 53 54 52 50 49 50
96 95 94 92 91 89 87 84 83 83 80 70 56 53 58 65 73 78 83 88 91 84 74 71 73 74 73 71 70 69 68 68 68 67 68 71 71 73 74 72 71 71 70 72 74 75 77 79 79 76 74 72 72 71 69 67 66 66 67 68 67 65 64 62 61 59 60 62 66 67 67 64 63 62 62 62 61 63 65 64 61 60 61 61 62 62 59 58 58 57 56 57 55 54 52 52
97 96 96 95 94 91 85 85 87 86 83 72 61 62 66 72 76 80 84 85 84 86 86 79 74 72 72 73 73 71 70 71 71 72 73 73 72 72 73 73 74 74 74 76 77 76 76 76 76 76 76 75 72 71 70 69 69 69 69 68 67 67 66 65 65 64 65 66 68 68 66 64 65 66 66 63 62 64 66 63 59 60 63 61 62 64 60 58 58 59 61 62 60 58 57 56
98 96 94 94 93 91 89 90 91 90 85 71 64 68 73 78 81 82 83 82 81 84 88 84 77 74 72 72 72 71 72 73 74 76 76 76 75 74 74 75 76 76 78 79 79 78 78 75 73 73 74 72 70 70 70 71 71 71 70 69 69 68 67 67 66 66 67 69 70 69 66 65 67 68 67 66 65 67 66 63 58 60 62 62 64 66 61 58 58 58 59 62 61 59 59 59
99 96 93 93 92 93 95 96 95 91 82 72 69 74 80 83 82 82 81 79 80 84 89 89 84 79 74 72 70 71 71 71 74 77 78 77 76 77 78 79 79 79 80 80 79 78 77 75 73 73 71 70 70 71 71 71 72 72 72 72 71 69 69 69 68 68 69 71 71 69 66 68 69 69 68 68 70 70 68 63 60 62 64 63 66 68 64 61 60 58 57 60 61 59 60 60
100 100 96 94 94 95 98 98 94 87 79 77 77 81 86 85 82 80 79 78 79 84 90 95 92 86 80 75 73 72 71 72 74 75 76 76 78 79 80 81 81 81 82 80 78 77 76 75 74 72 69 69 71 72 72 72 73 74 74 73 72 71 70 70 70 70 70 72 72 68 66 69 71 70 67 68 70 72 69 63 63 67 69 67 68 69 68 69 70 66 63 62 60 59 60 59
100 101 101 98 96 96 97 96 92 86 83 84 85 88 88 87 83 79 78 79 80 83 88 97 98 92 85 81 78 75 74 76 77 75 74 77 80 81 81 80 80 81 81 80 78 78 76 75 74 72 69 70 71 71 72 74 75 76 76 75 74 72 70 70 70 71 72 73 73 68 66 69 71 70 68 68 69 70 66 62 65 70 72 70 69 70 71 74 78 79 77 73 68 65 64 65
99 100 101 102 100 97 95 92 89 88 89 91 94 93 90 87 84 81 80 80 81 83 86 93 101 97 90 87 83 80 80 82 80 77 78 80 81 80 79 79 79 79 79 78 78 78 77 76 75 72 71 72 71 70 73 75 77 77 77 77 76 72 70 69 69 71 73 74 73 70 70 71 70 68 68 69 70 68 62 61 69 74 72 70 70 71 71 73 78 83 86 84 80 75 71 73
99 99 99 101 100 97 94 91 90 92 94 98 101 98 91 88 86 84 82 80 82 82 84 88 96 100 95 90 86 84 85 85 82 80 82 82 81 79 78 77 77 78 78 78 78 78 77 76 76 73 72 74 72 72 75 78 78 78 78 78 76 74 73 70 69 71 74 75 73 71 72 74 72 69 68 70 71 67 62 65 73 77 76 73 71 71 70 72 74 77 79 80 81 79 77 80
99 99 98 99 99 97 94 93 93 95 97 101 105 102 94 88 87 87 85 83 83 83 84 86 89 96 97 91 87 87 88 87 84 83 83 81 80 78 77 76 77 78 78 79 79 78 78 77 77 75 75 75 74 76 79 80 80 79 78 76 75 76 76 74 75 76 77 76 73 70 72 74 74 72 70 71 71 69 65 70 75 77 78 78 78 76 74 75 75 71 70 73 77 77 77 81
99 99 98 98 97 97 96 96 96 97 99 101 105 105 98 91 89 89 89 88 86 85 85 84 86 90 93 90 88 89 89 86 85 85 83 80 78 77 77 78 78 78 78 78 78 78 79 78 76 76 78 78 78 81 82 80 79 79 77 75 76 77 77 80 84 84 81 78 72 70 72 74 74 73 71 70 72 74 75 76 76 75 75 79 84 84 82 82 79 72 70 74 76 74 76 79
100 99 99 98 97 97 97 97 97 98 99 101 104 105 101 96 93 91 91 91 90 87 85 83 83 83 83 85 87 87 86 84 84 85 83 80 78 77 79 79 78 78 77 76 76 77 77 76 74 76 81 82 82 83 84 82 79 78 77 76 77 79 82 89 92 90 87 81 75 75 76 76 75 73 70 71 73 76 81 82 78 75 74 77 83 85 84 83 80 73 74 77 76 75 78 79
100 99 99 98 98 98 98 98 97 98 99 100 102 103 102 99 97 94 92 93 93 91 87 83 80 77 76 81 85 85 85 84 85 85 83 81 80 81 81 80 78 78 76 74 74 73 70 69 72 77 81 82 83 84 86 86 83 78 74 74 78 82 87 95 98 95 92 88 87 86 82 78 77 76 76 75 75 77 79 80 79 77 77 78 80 80 80 80 76 70 74 77 75 76 80 80
100 100 99 99 99 98 98 97 97 98 98 99 101 101 100 99 99 99 97 94 93 90 86 81 76 74 75 80 83 84 84 86 86 85 82 81 82 82 82 80 79 77 74 74 74 72 68 65 70 75 78 80 82 83 86 89 88 81 74 74 79 84 89 95 98 97 96 98 103 101 91 85 83 83 84 83 81 80 78 77 80 82 82 81 78 76 79 78 73 70 76 78 76 76 80 80
100 100 99 99 99 98 98 97 97 98 98 99 101 103 99 97 98 101 100 96 91 88 83 79 76 76 78 80 81 82 83 85 86 85 84 84 81 79 78 77 77 74 72 76 77 74 73 72 70 71 75 79 80 81 84 87 89 85 78 77 81 86 90 92 91 93 97 101 108 114 107 96 91 88 87 87 86 83 80 81 86 87 85 82 77 76 79 76 71 69 77 80 78 78 81 83
100 100 99 99 99 98 98 98 97 97 98 99 102 105 103 98 97 98 99 96 91 87 83 79 78 79 80 79 80 81 83 85 84 83 83 81 79 77 75 74 74 72 72 77 78 75 77 80 77 73 75 77 79 81 81 81 83 85 83 82 85 89 91 89 85 88 94 98 103 115 119 108 98 91 88 88 86 83 83 87 90 89 86 82 79 77 77 75 71 70 75 79 79 78 81 85
100 100 99 99 99 98 98 98 98 98 98 99 101 105 107 101 96 94 94 93 91 87 83 80 80 80 80 80 81 83 85 84 79 77 76 76 78 78 76 74 74 75 77 78 76 76 77 78 81 83 82 80 81 82 80 77 77 80 84 86 88 90 90 87 84 86 90 96 99 105 115 113 104 99 96 91 87 86 89 90 87 84 83 81 79 78 76 74 76 77 77 77 76 76 79 81
100 100 99 99 99 99 98 98 98 98 98 99 100 103 106 102 96 93 91 90 88 86 84 83 83 81 80 82 84 84 82 78 72 70 71 74 77 78 76 76 78 79 80 79 77 78 79 79 82 88 88 85 83 82 80 78 78 80 84 87 88 89 88 86 87 87 89 93 95 96 102 109 108 107 105 98 93 92 91 86 81 81 80 77 75 76 76 75 80 86 85 79 75 75 76 76
100 100 99 99 99 99 98 98 98 98 98 98 99 101 103 102 97 93 90 87 85 84 85 85 84 82 81 83 84 82 78 72 69 69 72 75 77 79 79 79 80 80 80 80 79 80 83 86 86 86 87 88 86 82 81 81 81 81 84 87 88 86 85 86 88 89 89 89 90 93 99 104 105 104 106 105 100 94 87 82 81 83 81 78 74 73 74 76 80 85 89 83 79 77 75 73
100 100 100 99 99 98 98 98 98 98 97 97 98 99 100 99 96 92 89 87 86 85 85 85 84 83 82 81 81 79 75 71 69 71 74 77 79 81 82 82 81 80 80 80 80 83 86 88 87 85 86 88 89 87 86 85 83 82 84 86 86 84 85 87 89 90 89 88 90 95 99 100 97 97 99 100 95 89 85 84 84 85 85 82 78 75 74 75 79 83 87 85 81 80 78 74
101 101 100 100 99 99 98 98 98 98 97 97 97 97 97 97 94 91 89 88 87 87 86 85 84 83 82 80 79 77 74 70 70 73 77 80 82 84 83 82 81 80 80 80 83 86 86 86 87 86 86 88 90 92 91 88 85 84 83 84 83 83 86 89 90 91 91 91 94 96 95 92 91 92 94 93 86 82 82 84 86 86 85 85 83 79 76 76 79 83 86 84 80 80 80 79
101 101 100 100 99 99 98 98 97 97 97 97 96 96 96 95 93 91 90 89 88 87 86 86 84 82 81 79 78 77 75 72 72 78 82 82 82 82 81 81 79 78 79 82 84 85 85 86 88 88 88 88 90 92 92 91 89 87 84 82 82 83 86 89 92 94 96 96 95 92 86 83 85 89 93 93 85 79 78 80 83 84 84 85 85 81 78 77 81 84 84 80 76 78 80 81
101 100 100 100 100 99 98 97 97 97 97 96 96 96 95 94 93 92 91 90 88 87 86 85 84 82 80 79 78 77 77 76 79 83 84 84 82 79 79 79 78 78 80 82 84 86 88 89 89 89 88 88 88 89 92 93 92 91 86 81 81 83 86 90 96 99 100 97 91 83 78 78 82 88 92 95 90 82 78 77 76 77 80 83 85 84 81 80 81 82 81 73 72 77 79 81
101 101 100 100 100 99 98 97 96 97 97 97 95 94 94 94 93 92 91 90 88 87 86 85 83 81 79 77 77 78 80 82 85 84 82 82 82 80 79 81 81 81 82 82 85 89 89 88 88 88 88 88 88 90 92 94 93 92 89 83 81 83 88 95 101 102 99 93 84 76 74 77 84 90 92 91 92 90 84 77 73 72 75 78 83 87 88 85 83 82 78 69 71 78 80 81
101 101 101 100 99 99 98 97 97 97 97 96 95 94 94 93 93 92 91 90 88 87 86 84 82 79 76 74 77 82 84 86 87 84 82 81 80 81 83 84 85 84 84 85 89 89 86 85 87 88 89 88 90 91 92 93 93 91 89 86 84 86 92 98 102 99 93 84 76 73 75 82 90 93 89 83 88 95 91 82 76 73 72 72 77 85 90 89 86 83 76 65 71 78 79 80
101 101 101 100 99 99 98 97 97 97 96 96 96 95 93 93 92 92 91 90 89 88 86 84 81 77 72 73 79 83 85 88 90 88 84 81 79 82 86 87 87 88 89 90 90 85 83 84 86 87 88 89 90 92 93 94 92 88 87 88 90 95 98 98 95 91 85 76 71 72 80 90 95 93 84 75 81 92 98 91 84 77 71 69 72 78 83 84 85 84 76 65 70 75 77 78
101 101 101 100 100 99 98 98 97 96 95 95 95 95 94 93 92 92 91 90 89 88 86 84 81 75 70 74 78 81 83 88 92 93 89 83 79 82 87 90 91 92 94 93 89 85 83 84 86 87 87 87 90 92 96 97 89 83 85 91 98 103 102 96 88 81 75 68 68 75 86 95 96 91 82 70 75 85 98 103 94 85 76 72 73 74 73 75 80 82 79 71 71 73 73 75
102 101 101 100 99 99 98 98 97 96 95 95 94 94 94 93 93 92 91 90 89 88 87 85 81 75 72 75 77 78 80 86 92 94 94 90 85 84 87 92 94 95 96 94 90 87 84 83 85 88 87 86 88 92 97 97 85 82 88 96 101 103 100 93 83 76 69 65 71 81 89 93 93 88 79 70 75 82 91 104 103 93 86 82 80 75 69 69 74 76 77 79 79 75 72 72
102 102 101 100 99 99 99 98 97 96 95 94 94 94 94 94 93 93 92 91 90 89 88 87 84 78 77 79 78 74 76 82 88 92 96 98 94 89 91 94 96 97 97 95 92 89 86 84 84 87 89 87 87 90 92 91 84 85 91 98 101 99 94 87 80 75 68 68 79 88 91 90 87 82 75 74 80 82 85 95 105 103 95 90 86 79 72 72 74 73 73 78 85 83 77 73
102 102 101 100 99 99 99 98 96 96 95 94 94 94 94 94 93 93 92 91 91 90 89 88 86 85 86 85 79 73 73 77 82 90 99 105 101 95 94 97 98 97 96 94 93 90 88 87 86 86 86 86 85 85 84 83 85 88 91 96 100 96 86 78 76 75 71 74 85 92 93 88 81 75 73 78 84 83 82 89 102 108 101 93 87 82 79 80 77 72 70 73 83 89 87 81
103 103 101 100 99 99 99 97 96 96 95 94 94 94 94 94 94 93 93 93 92 91 90 89 89 91 93 89 81 75 74 76 81 91 100 108 104 98 97 97 98 96 93 91 89 88 90 92 91 86 83 84 82 80 78 74 79 89 93 94 95 91 80 73 75 78 78 82 88 93 94 86 78 76 77 81 82 80 81 86 96 105 103 95 90 86 85 83 79 73 69 70 77 89 94 91
103 103 102 100 99 99 99 97 96 96 95 94 94 94 94 94 94 94 94 93 92 92 91 91 93 95 95 92 84 78 79 83 87 92 98 105 104 100 98 96 95 92 89 88 86 87 91 93 90 85 84 83 81 79 75 68 75 87 93 92 90 83 74 71 76 83 86 87 89 91 90 84 83 85 84 82 79 78 80 83 88 94 99 97 94 91 88 84 80 76 73 71 73 83 94 96
103 102 102 100 100 99 98 97 96 96 95 94 94 94 94 94 94 94 94 93 93 93 93 93 95 98 98 95 88 85 87 90 90 89 92 101 105 100 97 92 89 87 86 86 86 87 90 90 86 84 85 85 83 80 75 71 77 84 88 90 87 80 70 70 78 86 93 93 89 87 86 85 89 91 88 83 80 79 80 81 81 81 89 95 95 93 90 86 81 78 77 75 74 79 88 95
103 102 101 101 100 99 98 97 96 96 95 95 95 94 94 94 94 93 94 94 95 95 96 96 97 100 101 100 98 95 93 91 88 86 89 99 107 99 92 88 86 84 84 85 85 87 88 86 84 85 85 85 85 83 79 78 84 85 84 83 83 81 72 71 77 84 93 98 91 87 86 88 90 89 87 85 84 82 79 76 73 72 80 89 94 90 86 85 81 77 76 77 79 82 87 93
103 102 101 101 100 99 98 97 96 96 96 96 95 95 94 94 94 94 95 95 96 96 97 99 100 100 101 102 103 101 97 92 89 88 89 94 103 96 89 85 83 81 82 82 83 87 87 84 85 86 85 85 85 85 84 85 89 89 84 80 80 80 77 75 77 80 87 97 98 94 90 88 86 84 84 88 89 88 82 73 67 67 73 82 89 88 83 83 81 76 75 77 81 86 90 91
104 103 102 101 100 99 98 97 96 96 96 96 95 95 94 94 95 95 95 96 96 97 98 100 101 101 101 102 104 105 103 99 95 94 90 87 89 89 85 81 79 78 79 81 83 86 87 86 86 86 85 85 85 86 88 89 90 90 87 83 81 81 81 82 79 78 83 92 101 101 93 86 83 81 84 90 91 89 86 79 72 67 69 74 81 88 85 81 80 78 77 79 81 84 88 90
105 104 103 102 100 98 98 98 97 96 96 96 96 95 95 95 95 95 96 96 97 97 98 100 101 102 104 105 106 107 108 106 102 97 90 83 78 78 77 77 77 78 79 82 84 86 87 87 87 86 86 87 87 88 90 90 88 88 87 85 83 83 85 89 84 79 81 89 97 98 89 84 83 85 87 88 88 84 84 87 83 73 69 69 75 86 91 83 79 81 82 81 81 82 85 87
105 105 104 102 100 98 98 98 97 96 97 97 96 96 96 96 96 96 96 96 97 98 99 100 101 104 106 109 111 110 110 108 103 96 88 81 73 69 72 75 77 80 82 84 86 88 88 88 87 86 89 91 90 89 90 91 88 86 85 85 83 83 86 92 90 83 83 88 90 86 80 82 87 91 88 85 86 81 80 85 86 79 72 69 73 82 91 86 81 83 84 82 81 85 86 81
106 105 104 102 100 99 98 98 98 98 98 97 97 96 97 97 97 97 97 97 98 98 99 100 102 104 108 113 115 111 108 106 101 95 88 79 68 68 74 77 80 83 86 88 88 89 89 89 87 87 91 93 92 89 90 92 90 86 84 83 81 79 81 86 89 86 87 88 84 77 78 86 90 88 81 82 87 84 76 78 81 79 75 73 76 79 82 85 84 84 83 82 86 89 85 76
106 105 103 101 100 99 99 98 99 99 98 98 97 97 97 97 97 97 98 98 98 99 100 100 102 104 108 114 114 109 105 104 101 96 88 76 66 72 76 79 82 86 89 91 90 89 90 91 89 88 90 93 94 91 90 92 92 87 84 81 77 72 71 76 83 85 87 87 81 80 88 92 89 79 73 82 89 86 74 73 71 71 75 79 81 80 80 84 85 82 79 82 88 88 82 76
106 105 104 102 101 101 100 100 100 100 99 98 99 98 98 98 98 98 98 99 99 99 100 100 102 104 108 111 111 107 104 104 102 96 87 76 75 78 78 80 83 88 92 93 91 90 90 92 92 89 89 93 99 98 91 88 88 86 83 79 73 66 65 71 80 85 86 85 83 87 93 90 84 76 76 85 89 80 72 70 65 64 72 79 81 82 84 84 83 81 78 81 84 83 81 80
106 106 105 104 103 102 102 101 101 101 100 100 100 99 99 99 99 99 99 99 100 100 100 100 101 103 106 108 109 107 104 102 101 97 89 83 84 85 85 86 87 89 90 91 93 93 91 90 90 90 90 93 98 98 92 85 82 82 81 77 71 66 67 71 76 83 84 83 86 89 86 81 80 79 83 88 86 67 65 70 67 64 69 75 79 82 81 77 78 80 80 80 77 78 81 81
107 106 106 105 104 104 104 103 101 101 102 101 101 100 100 99 99 99 99 100 100 100 100 101 101 103 104 106 108 108 104 102 101 99 97 94 91 93 95 94 91 89 87 90 94 93 89 85 86 90 91 91 91 91 89 84 79 77 78 76 74 73 75 74 74 81 86 85 85 81 73 73 78 80 86 88 77 52 57 67 69 70 73 77 81 79 70 67 73 78 82 79 75 76 79 76
107 107 106 106 106 105 105 104 103 102 103 102 101 101 101 100 100 100 100 100 100 100 101 101 101 102 103 105 107 107 104 102 102 103 104 104 103 102 100 96 92 88 89 92 91 86 83 82 85 91 93 90 85 83 83 81 77 74 75 77 79 83 85 81 80 83 87 87 80 69 64 69 72 75 81 79 61 42 52 66 70 74 80 85 83 73 62 64 70 76 80 79 79 80 78 70
107 107 107 107 107 106 105 105 104 103 103 103 102 102 101 101 101 101 101 101 100 101 101 101 101 102 103 105 105 105 104 103 103 105 108 111 110 105 99 95 92 91 92 91 85 80 80 84 89 94 93 87 79 76 76 76 74 73 75 80 83 87 90 90 91 90 88 85 77 66 65 68 68 69 71 65 48 36 49 66 76 82 86 85 77 64 61 65 70 75 79 81 85 84 78 68
107 107 108 108 108 107 106 106 105 104 104 104 103 103 102 102 102 102 102 101 101 101 101 101 102 102 103 104 104 105 105 104 105 106 109 113 112 106 101 98 97 95 92 88 81 79 83 90 95 95 90 81 75 72 72 72 72 75 81 86 87 89 93 97 98 95 89 83 76 72 72 71 69 67 64 56 41 34 51 69 80 87 86 79 69 63 65 68 70 73 78 84 88 85 76 68
108 108 109 108 107 107 107 107 106 106 105 105 104 104 103 103 103 102 102 102 102 102 101 102 102 102 102 103 103 104 105 105 105 107 110 111 111 109 106 104 102 97 92 85 80 83 90 95 96 91 83 77 71 69 71 72 74 81 89 92 92 92 96 99 97 93 87 80 74 75 76 74 71 67 61 52 40 38 58 73 81 84 81 75 69 67 69 70 70 72 76 84 87 82 74 68
108 109 109 108 106 106 107 108 107 107 106 106 105 105 104 104 103 103 102 102 102 102 102 102 102 102 102 102 103 104 104 105 105 107 109 111 110 110 109 107 104 100 93 85 83 90 96 96 91 85 78 72 68 69 71 73 79 87 94 98 97 95 96 96 94 89 83 78 74 74 75 74 72 67 59 51 44 48 65 75 80 80 77 74 71 71 73 72 71 73 76 81 82 77 72 68
108 108 108 107 105 105 107 109 109 108 107 107 106 105 105 104 104 103 103 102 102 102 102 102 102 102 102 103 103 103 104 104 105 106 109 111 111 110 110 108 106 102 95 89 90 95 96 93 86 79 72 68 69 72 73 78 86 93 97 99 99 95 92 91 90 87 82 78 75 74 74 73 71 66 58 52 50 57 67 75 77 78 77 75 72 72 72 72 73 75 75 75 75 73 71 67
107 108 108 106 104 104 106 110 111 109 108 107 107 106 105 105 104 104 103 103 103 103 103 102 102 102 103 103 103 103 103 104 105 106 108 111 111 110 110 109 107 103 99 98 98 97 94 89 83 74 66 68 73 77 80 86 93 98 98 95 93 91 88 87 89 87 83 78 75 73 73 72 69 63 57 54 55 60 66 72 75 76 76 75 74 73 72 73 75 75 72 70 70 70 69 66
106 108 108 107 105 105 106 108 112 112 109 108 108 107 106 105 105 105 104 104 104 103 103 103 103 103 103 103 103 103 103 104 105 106 107 110 111 110 110 109 106 104 104 105 102 98 92 86 79 70 68 74 80 82 86 92 97 97 93 88 86 85 85 87 88 86 82 78 75 74 73 71 67 62 59 59 59 61 65 70 73 75 75 74 75 76 75 76 75 73 69 67 66 66 66 64
106 108 110 109 107 107 106 106 110 113 112 110 109 108 107 106 105 105 105 104 104 104 104 104 103 103 103 103 103 103 103 104 104 105 106 108 109 110 110 109 107 106 107 108 105 98 91 82 74 72 77 84 87 89 93 97 97 92 85 81 81 82 86 89 88 85 81 76 74 73 72 70 66 63 63 64 64 64 66 70 72 73 74 76 77 78 79 78 75 72 68 66 64 63 64 65
105 108 112 111 109 108 107 104 108 113 113 111 109 108 107 107 106 106 105 105 105 104 104 104 103 103 103 103 103 103 103 104 104 105 106 107 108 109 110 110 108 106 108 109 106 98 89 80 76 80 88 90 90 92 97 98 94 86 79 77 79 83 88 89 87 84 79 74 72 71 70 68 65 64 66 67 67 68 71 72 70 70 73 77 81 82 81 78 76 72 68 65 62 62 64 69
