windninja/windninja_output/Output_2025-10-23_0600-0650_Google earth_Fire_150m_10min/merlingen_7.5mi_point_10-23-2025_0630_150m_ang.asc
ncols	158
nrows	163
xllcorner	391686.332397
yllcorner	5160024.123721
cellsize	150.000000
NODATA_value	-32768.000000
[rows 45 to 89 of 163, columns 0 to 95 of 158]
98 98 99 101 101 101 101 101 102 101 102 102 102 102 102 102 102 102 102 103 103 103 104 104 105 106 107 107 108 109 109 109 110 113 117 119 117 112 108 106 104 103 100 96 90 88 93 100 105 105 100 92 86 82 81 81 81 85 92 97 100 103 107 112 112 110 106 104 103 103 102 99 97 96 94 89 83 86 100 108 113 114 110 100 88 83 86 89 91 94 100 105 107 103 97 94
98 99 100 101 100 101 102 102 102 102 102 102 103 102 102 103 103 103 103 103 103 103 103 104 105 106 106 106 107 108 109 110 111 114 117 118 117 115 113 111 109 104 99 93 89 93 100 104 105 101 93 86 79 76 79 80 83 92 100 105 107 108 112 114 112 108 105 100 98 101 100 97 93 89 84 77 68 83 103 108 110 107 100 91 86 87 91 93 91 92 98 105 107 102 96 93
99 100 100 100 99 100 102 103 103 103 103 103 103 103 103 103 103 103 103 103 103 103 104 104 105 105 105 106 107 108 109 110 111 113 116 117 116 116 115 113 111 106 100 93 92 100 105 104 100 94 88 80 75 77 80 84 91 99 106 112 113 111 110 110 108 104 100 97 96 98 98 96 91 86 79 71 67 86 101 102 101 98 94 92 92 93 96 96 94 94 99 103 104 100 95 93
99 99 100 99 98 99 102 105 105 104 104 104 104 103 103 103 103 103 103 103 103 104 104 104 104 105 106 106 107 107 108 109 110 112 115 117 116 116 116 115 112 108 102 98 100 104 105 102 96 89 81 75 76 81 84 91 98 105 110 114 115 109 105 103 103 101 98 97 96 96 95 93 90 83 75 69 72 87 96 97 96 96 97 97 97 99 99 99 100 101 99 98 98 97 94 92
99 99 99 98 98 99 101 105 106 105 105 104 104 104 104 104 104 104 104 104 104 104 105 105 105 105 106 106 107 107 108 109 110 111 114 117 117 116 117 116 113 109 106 107 107 105 102 98 92 83 74 75 82 88 93 99 105 110 112 112 111 105 99 98 100 100 99 97 96 95 93 91 87 81 74 73 80 89 94 96 97 98 100 101 102 102 102 104 105 103 97 91 90 92 92 88
99 99 99 98 98 99 100 103 107 107 106 105 105 105 104 104 104 104 104 104 104 105 105 105 105 105 106 106 107 107 108 109 110 111 113 116 117 117 116 115 113 111 111 113 111 105 100 94 86 78 75 83 91 96 101 106 109 110 108 105 102 98 96 97 100 101 99 97 95 94 92 89 84 79 78 82 87 90 93 95 97 98 100 102 104 105 107 107 104 99 93 87 84 84 85 85
99 100 101 100 100 101 100 101 105 108 108 106 106 105 105 104 104 105 105 105 105 105 105 105 105 105 106 106 107 107 108 108 109 110 112 114 116 116 116 115 114 113 114 115 112 105 98 90 81 80 87 96 99 102 106 109 109 105 100 97 95 94 95 98 100 100 99 97 94 92 90 87 84 82 85 89 91 92 93 95 95 95 97 101 105 107 107 104 100 95 90 84 80 78 81 87
98 100 103 103 102 102 100 99 103 108 109 107 106 106 105 105 105 105 105 105 105 105 105 105 106 105 106 106 107 107 107 108 109 110 111 112 114 115 116 117 115 113 115 117 113 105 98 89 86 93 102 104 104 106 109 108 105 99 93 91 92 95 97 98 100 101 99 96 93 92 90 88 86 87 89 91 93 95 97 96 93 91 94 100 104 106 105 102 98 93 88 83 78 78 85 101
96 99 105 106 104 104 102 99 100 104 108 108 106 106 106 106 105 105 105 105 105 105 105 105 106 106 106 106 107 107 107 108 109 109 110 111 113 114 116 118 117 114 114 117 114 106 100 99 101 105 107 106 105 106 107 106 102 96 90 89 93 97 99 99 100 101 100 95 93 92 92 91 88 88 90 92 94 96 99 98 94 93 94 97 101 104 105 104 98 92 87 85 82 84 96 117
96 97 104 109 106 104 104 100 97 100 106 108 107 107 107 106 106 106 106 105 105 106 106 106 106 106 106 106 107 107 107 108 108 109 110 111 112 113 114 117 118 115 113 114 113 109 107 110 111 109 107 105 105 105 104 102 99 94 91 93 96 99 100 99 100 102 101 98 94 94 93 89 87 89 91 93 95 97 100 102 101 99 97 97 97 100 104 104 98 92 90 91 93 95 103 116
97 97 100 106 105 103 103 101 96 96 102 107 108 108 107 106 106 106 106 106 106 106 106 106 106 106 106 107 107 107 107 108 108 109 109 110 111 112 113 115 116 114 111 111 113 115 115 117 116 112 108 106 106 105 102 100 96 94 95 98 101 103 101 99 99 101 101 100 96 92 87 82 87 92 95 95 97 100 102 105 107 104 101 98 96 96 96 98 97 94 94 96 102 107 108 113
99 98 97 99 102 102 103 104 99 96 99 104 107 109 109 107 107 107 107 106 106 106 106 106 107 107 107 107 107 107 107 108 108 109 109 110 110 111 112 113 113 113 112 113 115 118 121 121 118 116 113 108 106 105 101 97 95 96 100 103 105 105 100 96 95 97 99 98 95 87 80 84 92 96 97 98 101 103 105 107 108 106 102 99 97 94 90 89 91 93 97 104 116 122 115 113
99 99 97 97 99 101 103 106 104 101 100 102 104 107 109 109 108 107 107 107 107 106 106 107 107 107 107 107 107 107 107 108 108 108 109 109 110 110 111 112 112 113 113 114 116 118 121 121 120 120 118 109 106 105 100 97 98 101 105 107 107 104 99 93 90 92 95 94 89 83 86 93 97 98 100 103 105 106 108 108 107 104 102 99 95 91 87 85 87 95 106 119 129 128 119 111
98 99 98 98 98 98 100 105 108 106 103 101 100 102 107 110 109 108 108 108 107 107 107 107 107 107 107 107 107 107 108 108 108 108 109 109 110 110 111 111 112 112 113 114 115 116 118 120 122 124 123 113 108 106 101 98 102 106 107 108 106 102 97 92 88 87 91 91 87 89 96 98 99 101 104 107 108 108 108 107 104 101 98 96 92 89 88 90 96 108 118 124 128 126 116 100
98 98 98 98 98 98 99 102 106 107 105 103 99 98 103 108 110 110 109 108 108 107 107 107 107 107 107 107 107 108 108 108 108 108 109 109 109 110 110 111 111 112 113 114 114 115 117 119 122 127 129 121 112 107 101 98 103 108 108 107 104 101 96 91 86 86 89 90 89 94 99 100 102 104 107 109 109 108 106 103 100 97 95 93 90 89 92 100 111 119 121 120 120 118 105 86
98 98 97 97 98 99 99 100 103 105 106 107 105 101 100 103 108 110 111 110 109 109 108 108 108 108 107 108 108 108 108 108 108 108 109 109 109 109 110 110 111 111 112 113 114 115 116 118 122 127 132 126 114 107 102 100 104 108 108 106 104 100 95 90 87 86 87 87 91 97 100 103 105 107 109 110 108 106 102 99 97 95 93 91 89 91 99 110 119 121 119 116 113 107 92 76
98 98 97 98 98 98 99 100 102 104 107 111 111 106 101 100 103 108 111 111 111 110 109 108 108 108 108 108 108 108 108 108 108 109 109 109 109 109 110 110 111 111 112 112 113 114 116 118 120 125 131 128 117 109 103 102 105 107 106 105 102 100 97 92 89 86 84 84 96 101 104 106 108 109 110 110 106 102 100 98 96 94 92 90 92 97 108 117 120 119 118 114 106 91 79 68
99 98 98 98 99 99 100 101 102 104 107 111 112 110 105 100 100 103 108 111 111 111 109 108 108 107 108 108 109 109 108 108 109 109 109 109 109 109 110 110 110 111 111 112 113 114 115 117 119 122 127 128 120 113 107 106 106 106 105 104 103 101 100 96 91 87 82 88 101 105 107 108 109 111 111 109 104 101 100 98 96 94 91 93 98 105 114 120 120 117 114 105 90 78 69 59
99 99 99 99 100 101 101 101 101 102 105 109 112 112 110 105 101 100 103 107 111 111 111 110 109 108 108 109 109 109 109 109 109 109 109 109 109 109 110 110 110 111 111 112 113 113 114 116 117 120 124 127 122 117 115 111 107 105 106 106 106 105 101 95 90 86 85 97 105 108 108 109 109 111 112 108 105 103 102 99 97 95 94 100 107 113 118 121 118 112 102 91 79 68 59 51
99 99 99 100 101 102 102 101 101 101 102 107 112 114 113 110 106 102 101 103 107 110 111 111 110 109 108 109 109 109 109 109 109 109 109 109 109 109 110 110 110 111 111 112 112 113 114 115 116 118 121 124 122 119 120 117 108 106 107 108 108 104 94 88 89 91 98 107 110 110 110 110 110 111 112 110 109 108 106 102 98 98 102 107 114 117 118 117 113 102 90 80 69 58 51 42
99 99 99 101 101 102 102 101 100 101 102 105 111 115 113 112 110 106 101 101 103 106 109 110 111 110 109 109 109 109 110 109 109 109 109 109 109 110 110 110 110 111 111 111 112 113 113 114 115 117 118 121 121 119 121 122 113 107 106 107 105 97 89 91 97 103 110 113 113 112 112 110 109 110 113 114 113 110 108 102 101 105 111 116 118 116 114 111 103 90 80 68 57 50 43 36
98 96 96 99 101 102 103 101 100 102 104 106 109 114 115 113 111 110 106 102 102 103 105 108 111 111 110 110 109 109 110 110 110 110 110 110 110 110 110 110 110 111 111 111 112 112 113 113 114 115 116 118 119 118 120 122 117 109 104 102 101 101 102 103 104 107 111 114 114 113 113 111 109 111 115 116 115 112 110 108 111 117 122 124 119 113 109 103 89 77 67 55 47 40 36 36
98 95 93 95 98 103 106 102 100 101 105 106 107 111 115 113 111 111 111 107 104 103 103 105 108 110 109 109 109 109 110 110 110 110 110 110 110 110 110 110 110 111 111 111 111 112 112 113 114 114 115 116 116 117 118 119 117 111 104 99 103 112 113 109 107 107 108 111 113 114 114 112 110 112 115 116 116 116 117 119 121 123 123 121 115 106 98 87 77 67 54 44 37 33 35 40
105 101 97 96 98 102 107 103 98 100 104 106 107 109 111 113 112 112 113 110 107 105 104 104 105 105 105 107 109 110 110 111 111 110 110 110 110 110 110 110 111 111 111 111 111 112 112 112 113 113 114 114 115 115 116 116 115 112 107 103 107 116 116 112 109 107 107 109 112 114 114 112 110 111 114 115 117 120 124 123 122 120 114 109 106 98 87 75 68 56 44 34 31 33 38 46
109 109 105 103 101 100 103 104 100 102 105 108 108 108 110 112 111 111 112 111 109 108 106 105 104 100 99 103 108 110 111 112 112 111 111 111 111 111 111 111 111 111 111 111 111 111 112 112 112 113 113 114 114 114 114 114 113 112 111 108 110 115 116 113 111 109 109 110 112 113 113 111 111 113 115 116 118 123 127 123 119 113 103 100 103 96 83 71 59 45 35 28 31 38 46 54
107 108 109 107 103 98 98 106 105 103 104 106 106 106 107 108 108 107 108 110 110 109 107 106 105 100 97 100 106 109 111 112 113 113 112 111 111 111 111 111 111 111 111 111 111 111 112 112 112 112 113 113 113 113 113 113 112 112 111 111 112 114 114 111 110 111 111 111 111 112 113 111 111 114 116 116 118 124 127 122 114 105 99 102 102 95 78 63 50 37 30 30 37 44 56 66
104 106 108 108 104 100 100 107 107 101 98 99 99 100 101 104 104 104 105 107 108 108 108 107 108 108 102 100 102 106 109 111 113 114 113 112 112 112 111 111 111 111 111 111 111 111 111 112 112 112 112 112 113 113 112 112 112 112 112 112 112 112 112 112 112 113 112 111 111 113 115 113 110 113 115 115 118 122 124 118 109 103 104 107 101 88 69 54 40 33 32 37 46 54 66 87
102 104 107 107 105 103 104 108 107 100 94 95 97 99 100 101 103 104 104 105 106 107 108 109 113 115 108 101 100 103 106 108 110 113 114 114 113 112 112 112 111 111 111 111 111 111 111 111 112 112 112 112 112 112 112 112 112 112 112 112 112 112 112 113 113 113 113 113 113 115 117 114 108 109 113 115 116 119 122 116 111 110 112 108 98 77 57 43 37 38 40 48 56 65 85 118
102 104 107 107 107 106 107 108 106 101 97 98 100 101 102 104 105 105 105 105 106 107 108 110 113 116 111 104 100 100 103 105 107 111 114 115 114 113 113 112 112 112 111 111 111 111 111 111 111 112 112 112 112 112 112 112 112 112 112 112 112 112 112 112 113 113 114 114 115 116 116 113 109 110 114 116 117 118 121 120 117 117 115 106 90 65 45 37 42 47 52 62 71 92 122 125
101 103 106 108 108 107 107 106 105 104 103 102 103 104 105 106 107 107 107 108 108 107 107 108 111 116 113 107 102 100 101 103 105 108 113 115 114 114 114 113 112 112 112 111 111 111 111 111 111 112 112 112 112 112 112 112 112 112 112 112 112 112 112 113 113 113 114 115 115 116 116 115 115 118 121 121 121 122 125 126 123 120 113 100 77 51 38 41 51 56 67 80 102 121 125 123
99 101 104 108 108 107 108 107 106 106 106 105 105 106 107 108 109 109 109 109 109 108 107 107 110 114 113 109 105 102 102 103 105 106 109 112 113 114 114 114 113 112 112 112 111 111 111 111 111 111 112 112 112 112 112 112 112 112 112 112 112 112 113 113 113 114 114 115 115 116 116 118 120 123 126 125 125 127 132 131 125 117 105 86 60 39 39 48 56 65 81 102 121 120 119 116
98 98 101 106 108 109 109 109 108 108 108 108 108 109 109 110 110 110 110 110 110 109 109 108 109 112 112 111 109 105 102 102 102 101 104 108 111 113 114 114 114 113 112 112 111 111 111 111 111 111 112 112 112 112 112 112 112 112 112 112 113 113 113 113 113 114 114 115 115 116 117 118 120 124 127 127 128 132 136 129 120 109 93 69 45 40 49 54 61 77 99 126 127 117 112 109
98 96 94 98 106 109 110 110 110 112 112 112 111 111 111 112 112 112 111 111 110 110 110 110 110 109 110 111 111 108 102 99 99 100 103 107 111 112 114 115 115 114 112 112 111 111 111 111 111 112 112 112 112 112 112 112 112 112 113 113 113 113 113 113 114 114 114 115 116 116 117 119 121 123 126 128 131 136 135 124 112 100 79 58 50 59 67 71 83 108 127 134 127 117 110 107
98 92 83 89 102 109 111 113 115 118 119 117 115 113 113 113 114 114 113 112 111 111 111 111 111 109 109 110 112 111 106 102 101 103 104 106 109 111 112 114 115 114 112 112 111 111 111 111 111 111 112 112 112 113 113 113 113 113 113 113 113 113 113 114 114 114 115 115 116 117 118 119 120 122 125 128 132 137 135 121 107 91 71 65 70 80 89 104 121 127 128 128 124 115 110 109
96 85 74 83 96 109 117 120 122 125 126 122 118 116 115 115 115 115 114 113 112 111 111 112 114 112 109 110 112 113 112 107 104 103 103 105 108 108 109 112 115 115 112 111 111 110 110 110 111 111 112 113 113 113 113 113 113 113 113 113 113 113 114 114 114 114 115 115 116 117 118 119 120 122 124 127 131 136 134 122 108 94 87 91 93 96 112 124 125 124 122 119 117 114 111 111
99 90 86 90 100 116 129 131 130 132 132 126 120 118 116 116 116 115 115 114 113 112 111 113 117 115 111 109 111 114 115 112 108 105 104 104 106 107 107 109 113 114 112 111 110 109 109 109 110 111 113 113 114 114 114 114 113 113 113 114 114 114 114 114 114 115 115 116 116 117 118 119 120 122 124 126 130 134 134 126 119 115 114 111 107 112 123 126 124 120 117 114 112 112 111 110
114 97 96 103 112 121 138 143 139 139 137 130 122 118 117 116 115 115 115 115 114 113 112 114 118 117 112 110 110 113 116 115 113 109 105 103 104 106 107 107 109 112 110 108 107 107 107 106 106 109 113 115 115 115 114 114 114 114 114 114 114 114 114 115 115 115 115 116 117 117 118 119 121 122 124 126 129 133 135 134 136 134 127 122 121 126 127 125 122 118 115 113 110 109 110 109
115 106 109 116 120 122 130 140 142 140 139 131 122 118 116 115 114 114 114 115 114 113 113 115 118 117 114 113 112 113 114 114 113 110 106 103 102 105 106 107 108 110 110 109 109 109 110 109 109 111 114 117 117 117 116 115 114 114 114 114 114 114 115 115 115 115 116 116 117 118 118 120 121 122 124 126 128 132 135 139 145 145 138 135 136 130 125 123 121 117 114 111 109 108 110 109
110 118 123 121 118 112 114 122 127 128 129 125 119 115 113 112 112 112 113 114 115 115 114 115 120 119 116 115 114 112 112 112 111 109 107 104 102 103 105 106 108 110 113 114 114 115 117 118 117 117 118 119 119 119 117 116 115 114 114 115 115 115 115 115 116 116 116 116 117 118 119 120 121 122 124 126 128 132 136 141 150 155 150 146 137 128 122 119 119 116 113 110 108 107 108 107
102 108 116 111 103 99 99 99 99 106 114 117 115 111 109 110 110 110 111 113 114 115 115 116 121 122 118 116 115 113 112 112 110 108 106 105 104 104 105 106 108 111 113 114 114 114 115 116 116 116 117 117 118 119 118 116 115 115 115 115 115 115 115 116 116 116 116 117 117 118 119 120 121 122 124 125 128 131 136 143 155 162 160 149 132 125 120 116 115 114 111 109 106 105 104 105
92 92 93 91 88 84 78 76 86 98 108 113 112 109 107 107 108 108 109 111 113 114 115 117 120 123 119 115 114 114 113 112 111 109 106 106 105 104 105 107 110 112 112 112 111 110 110 111 112 112 113 113 113 115 116 115 115 115 115 115 115 116 116 116 116 116 117 117 118 118 119 120 121 122 124 125 128 131 136 143 156 163 163 148 129 122 119 115 114 113 112 109 107 105 105 107
89 87 84 84 80 74 68 72 87 100 107 109 108 107 105 104 104 103 104 106 109 110 112 115 120 125 123 118 116 115 114 113 113 113 111 109 107 105 105 108 111 113 112 111 110 109 109 109 109 111 112 111 110 112 114 114 115 115 115 115 116 116 116 117 117 117 117 117 118 118 119 120 121 122 123 125 127 131 135 142 153 160 159 144 127 119 116 114 113 112 110 110 111 113 114 114
89 86 81 80 77 73 73 81 91 99 103 104 105 106 102 101 99 98 99 102 105 106 109 116 127 134 129 122 118 115 115 114 114 116 114 112 109 107 106 106 109 113 114 112 109 108 108 108 108 109 111 112 112 111 111 113 113 114 115 116 117 117 117 117 117 117 117 118 118 118 119 120 121 122 123 125 127 130 134 140 148 154 152 141 125 117 114 112 110 109 109 112 115 117 118 116
91 89 86 86 84 81 83 87 90 92 96 102 106 106 103 98 94 93 95 100 105 109 116 127 139 146 134 124 119 116 114 114 113 114 114 112 111 109 106 105 106 110 114 114 112 109 107 107 107 108 110 112 113 112 112 112 112 114 115 116 118 118 118 118 118 118 118 118 118 119 119 120 121 122 123 125 126 129 132 136 142 147 145 136 125 116 112 110 109 110 112 115 113 109 105 104
97 97 96 94 90 88 87 86 84 85 94 106 109 107 102 94 90 91 95 102 110 119 127 136 151 153 136 124 118 115 114 113 113 113 112 112 113 111 107 103 103 106 110 114 113 110 107 105 106 108 111 114 116 117 116 114 112 111 113 117 121 121 120 119 118 118 118 118 118 119 119 120 121 122 123 124 126 128 130 133 137 140 140 132 123 115 110 107 109 112 111 111 104 96 94 97
