windninja/windninja_output/Output_2025-10-23_0600-0650_Google earth_Fire_150m_10min/merlingen_7.5mi_point_10-23-2025_0650_150m_ang.asc
ncols	158
nrows	163
xllcorner	391686.332397
yllcorner	5160024.123721
cellsize	150.000000
NODATA_value	-32768.000000
[rows 94 to 140 of 163, columns 0 to 95 of 158]
318 325 336 340 340 343 348 352 356 357 357 357 356 355 355 352 347 341 335 339 358 6 8 7 359 346 335 329 325 320 315 311 311 315 317 318 317 317 318 320 323 325 321 319 319 316 313 310 306 305 306 311 320 322 319 316 309 306 308 311 315 320 320 317 316 315 314 314 314 314 314 314 314 314 313 313 313 313 312 312 311 311 309 307 303 298 293 287 280 277 279 285 292 303 319 341
304 312 326 330 330 332 338 343 346 346 345 349 352 354 353 346 346 342 333 339 9 17 15 2 345 334 329 324 321 318 314 311 312 315 316 315 314 314 315 317 321 324 323 321 323 323 321 318 315 314 314 317 324 323 317 314 311 308 308 309 311 315 315 314 313 312 312 312 311 312 312 312 311 311 311 311 311 311 310 310 310 309 308 307 305 302 299 296 293 294 297 301 307 316 325 338
296 302 315 322 324 327 330 331 330 328 325 329 339 344 341 332 330 323 316 333 50 98 352 324 320 320 321 319 317 316 313 312 311 312 313 312 311 311 312 314 317 321 321 318 320 323 323 322 320 317 316 317 321 321 315 311 310 308 307 308 308 311 312 311 310 310 310 310 310 310 310 309 309 309 309 309 309 309 309 308 308 308 307 307 306 304 303 302 302 303 305 309 313 319 326 335
294 297 306 313 316 320 324 323 317 311 307 300 316 335 323 317 314 309 296 229 163 180 244 288 307 315 317 315 313 309 305 303 302 304 306 306 306 307 309 312 314 318 320 316 313 315 315 314 312 310 308 308 311 315 312 308 306 305 305 305 305 306 307 307 308 308 308 308 308 308 308 307 307 307 307 307 307 307 307 307 307 307 307 306 306 305 305 305 305 307 308 311 315 320 325 332
287 288 292 294 298 303 309 311 306 299 285 272 269 280 284 285 287 271 221 188 186 234 281 300 316 324 319 311 306 301 296 294 294 296 299 301 301 303 306 310 312 316 319 315 310 307 304 302 299 298 299 302 304 307 307 305 304 305 305 304 304 302 302 303 305 306 306 306 306 306 305 305 305 305 305 305 305 305 305 305 306 305 306 306 305 305 305 306 307 308 310 312 315 319 323 330
278 276 273 275 279 279 278 279 275 269 266 263 258 258 263 262 249 224 200 197 241 291 304 313 327 328 314 304 297 292 290 290 291 292 296 299 301 302 304 308 311 314 318 317 312 308 305 302 299 299 301 302 304 305 305 305 305 304 305 306 306 303 301 301 302 303 304 304 304 304 304 303 303 303 303 303 303 303 304 304 304 304 305 305 305 306 306 306 307 308 310 312 314 318 322 327
279 276 271 271 269 265 262 261 257 253 249 243 236 237 237 237 236 226 220 251 290 301 304 309 314 305 295 291 288 284 282 282 285 289 294 298 300 301 303 307 311 314 316 319 315 310 306 304 302 302 302 304 306 306 306 306 305 303 304 308 308 306 303 301 301 303 303 304 304 303 301 301 301 301 301 301 301 302 302 302 303 303 304 304 304 305 306 306 307 308 310 312 314 317 321 325
286 283 276 271 266 261 258 257 256 253 250 247 241 235 236 245 264 279 291 297 300 299 289 258 249 268 275 275 274 273 273 277 281 286 291 295 297 298 300 306 312 314 316 318 316 310 305 304 304 304 303 304 304 304 304 305 305 304 304 306 307 306 303 302 302 304 305 304 302 300 298 298 299 299 299 299 299 300 300 301 302 302 303 303 304 305 305 306 307 308 309 311 313 316 319 323
292 288 281 274 269 265 262 260 260 260 258 258 257 260 277 290 295 302 310 303 295 282 248 238 247 257 262 265 266 269 272 276 281 285 289 293 296 298 300 304 310 313 315 317 318 315 310 308 307 306 304 303 303 304 302 303 305 304 304 305 307 307 305 302 301 303 305 304 301 297 294 295 297 297 297 297 298 298 299 300 300 301 302 302 303 304 305 305 306 307 309 310 312 315 318 321
298 295 286 279 275 272 270 266 265 265 265 267 273 285 294 294 293 296 300 292 275 238 230 241 247 250 257 263 267 272 276 278 280 283 287 292 296 298 298 301 306 312 314 316 319 317 312 309 308 306 304 302 303 304 304 304 304 303 303 304 307 309 307 303 300 302 303 303 302 297 293 293 295 295 294 294 295 296 297 298 299 300 301 302 302 303 304 305 306 307 308 309 311 313 316 319
304 300 292 284 279 275 272 269 265 265 268 271 277 284 286 284 280 278 275 262 241 230 238 245 244 248 258 265 270 274 277 278 279 282 285 289 295 298 299 300 305 310 313 315 318 318 314 310 308 306 304 303 302 303 303 303 303 303 302 302 304 305 305 302 300 301 302 304 304 299 294 291 291 291 289 289 291 294 295 296 297 299 300 301 302 302 303 304 305 306 307 308 310 312 314 316
310 305 296 286 279 275 272 267 264 265 267 270 274 278 279 278 271 263 253 243 236 239 245 244 247 254 260 265 269 273 276 278 280 282 283 287 294 300 303 304 307 311 313 315 318 320 318 315 313 310 307 306 304 302 302 302 302 301 300 299 300 301 301 300 299 299 301 304 305 300 295 291 290 290 289 289 291 292 292 293 295 298 300 301 301 302 302 303 304 304 305 307 308 310 312 314
318 312 300 289 282 278 273 269 268 270 275 280 282 283 281 276 269 261 252 244 242 248 250 249 252 257 260 262 266 272 278 282 284 281 280 287 296 303 306 308 309 312 313 315 318 320 321 319 316 313 309 307 306 303 301 301 301 300 298 297 297 299 300 299 298 298 299 302 304 299 294 291 290 292 295 295 295 294 292 292 296 300 301 301 301 301 302 302 303 303 304 305 306 308 310 311
329 320 306 294 286 281 280 282 285 288 292 295 294 288 281 277 271 265 257 248 248 256 261 259 255 256 258 259 264 274 282 286 287 279 280 291 301 306 306 308 311 313 314 316 319 322 324 323 320 316 310 306 305 304 301 300 300 299 297 295 295 296 298 298 298 298 298 300 303 299 293 291 290 291 293 294 296 299 299 298 298 300 302 302 302 301 301 302 302 302 303 303 304 306 308 309
340 331 312 300 295 295 300 302 301 298 294 290 285 277 274 274 274 269 259 254 258 265 269 267 259 255 259 260 262 272 282 286 287 279 284 296 304 305 304 308 314 315 314 317 321 323 326 327 325 321 314 307 305 303 301 299 297 298 297 296 294 294 296 297 296 296 296 296 300 300 294 289 289 290 291 293 295 299 302 299 297 299 302 303 302 301 301 301 301 301 301 301 302 304 306 307
351 339 319 309 308 307 306 303 297 288 280 274 271 269 270 275 280 275 262 261 267 272 273 272 266 261 261 261 263 272 281 284 286 281 285 296 302 303 307 313 316 312 312 318 322 323 327 330 329 324 319 313 308 305 302 299 296 296 297 298 296 293 294 295 292 291 293 294 297 299 294 288 288 291 292 293 294 296 298 297 295 297 301 305 304 302 301 300 299 299 299 299 300 302 303 305
358 344 322 312 307 301 295 286 278 272 269 268 268 269 273 280 287 285 267 263 268 276 281 281 279 272 265 264 266 272 280 283 283 279 283 293 301 305 311 317 315 309 310 317 322 323 327 333 333 328 323 317 311 306 303 301 298 294 294 297 296 291 289 291 290 288 291 294 295 297 296 291 289 290 291 291 292 292 294 295 295 295 299 304 305 302 300 298 297 296 296 296 297 299 301 302
357 341 320 309 299 291 283 277 273 270 266 267 271 276 279 285 294 305 278 264 267 276 289 293 287 281 278 275 269 269 275 282 282 278 284 295 304 310 317 319 317 312 311 315 320 323 327 333 334 331 326 321 314 307 304 303 300 294 291 293 295 291 287 287 289 288 289 292 295 296 297 292 288 287 288 289 290 289 289 292 294 295 298 302 305 303 299 296 293 291 291 292 294 296 298 299
356 339 316 304 294 288 285 280 277 273 268 271 280 286 285 287 298 323 301 274 270 275 289 301 291 284 287 286 278 268 268 276 282 282 289 299 308 314 320 320 318 312 306 310 320 325 328 331 333 332 330 327 320 310 304 303 302 296 291 291 293 291 287 287 288 288 287 289 292 295 294 291 287 286 286 287 289 290 289 290 292 295 299 302 305 305 299 294 289 285 286 291 295 296 297 297
360 341 316 302 293 290 287 284 281 277 275 277 284 290 286 287 300 333 324 295 277 273 280 296 291 286 291 292 288 277 268 269 277 284 292 301 308 313 317 317 314 304 300 307 319 327 328 328 330 332 332 332 327 315 306 303 302 298 291 290 292 291 287 286 289 288 286 287 290 295 295 292 290 288 286 286 287 290 292 290 291 294 298 299 302 304 298 292 288 285 290 298 300 299 298 295
6 348 320 305 298 294 291 289 284 279 280 283 287 290 284 286 302 334 337 308 283 272 273 285 291 292 295 294 291 288 277 268 273 282 291 298 301 305 311 314 310 302 302 307 318 326 329 330 331 333 335 337 332 321 309 304 303 300 293 289 290 291 289 286 288 289 287 287 288 292 294 292 290 289 287 284 286 289 292 290 289 292 298 300 302 305 298 292 292 294 299 305 305 300 294 292
14 354 324 310 302 298 293 290 285 283 287 290 292 287 280 287 305 335 345 319 294 280 277 284 293 297 298 295 293 297 292 275 272 279 289 297 302 305 307 309 308 305 307 311 317 325 332 335 334 333 336 339 338 328 313 304 302 300 294 289 289 290 289 286 287 289 288 286 286 287 289 289 286 286 288 286 284 286 290 291 288 290 297 302 303 307 301 297 298 299 302 307 306 300 296 296
18 355 326 311 303 298 292 289 288 289 293 296 297 289 280 287 304 336 352 334 312 301 295 290 291 296 300 294 291 301 306 289 275 275 286 297 305 308 305 305 307 309 311 312 315 324 332 334 332 332 336 341 344 337 319 305 299 299 295 290 288 289 287 285 286 288 288 285 284 285 286 286 283 283 286 287 285 284 287 289 287 288 296 301 302 306 304 301 300 301 303 306 306 304 301 302
19 358 327 309 300 297 296 293 292 292 293 299 304 296 282 283 296 331 347 338 323 312 305 297 292 295 302 298 295 302 307 296 284 282 289 299 306 310 306 306 311 313 313 312 313 320 327 330 331 332 336 344 350 346 330 309 300 298 295 291 289 290 288 286 286 287 287 285 284 284 285 285 284 281 282 286 287 284 283 286 287 289 295 300 300 303 305 302 301 302 304 306 308 305 302 302
23 5 328 307 300 299 300 298 294 291 289 296 310 303 284 277 285 316 336 335 324 312 304 299 296 296 303 304 302 305 309 308 305 298 297 301 309 315 310 310 315 315 313 310 309 315 324 330 333 335 339 348 355 354 341 315 301 297 295 292 290 292 291 288 286 286 286 284 282 282 284 285 284 281 279 282 286 285 284 286 289 290 294 298 299 301 304 303 301 303 306 308 309 304 300 299
28 13 332 306 301 301 299 296 292 290 286 290 309 306 287 275 280 302 326 330 324 313 304 299 297 296 298 300 301 306 311 316 313 304 299 299 305 316 318 319 320 316 312 309 310 315 322 327 332 336 340 349 357 359 349 321 302 295 294 292 290 292 291 288 285 283 283 281 279 279 282 284 284 283 279 277 279 283 284 285 286 287 291 296 299 301 303 303 302 304 306 309 309 302 297 299
31 18 337 305 300 299 294 292 291 291 286 287 305 312 294 279 279 291 314 325 324 316 306 299 296 295 295 296 299 303 305 308 306 300 295 294 300 309 318 325 324 319 315 314 316 318 322 327 333 337 340 349 358 3 357 328 303 295 293 291 290 290 287 281 276 273 275 278 278 277 279 282 284 284 281 276 275 277 280 282 283 284 289 295 298 302 304 303 302 303 305 307 307 299 297 303
33 18 338 313 306 302 294 291 292 294 289 286 301 318 303 282 276 283 302 319 323 316 307 300 295 294 295 297 300 300 299 298 296 295 293 292 296 298 307 321 322 317 310 310 313 317 322 330 338 340 342 348 358 6 5 338 305 295 292 289 285 281 273 265 259 263 271 279 283 280 278 279 282 285 284 279 274 273 275 279 282 285 290 295 299 304 306 305 302 301 304 307 305 298 299 306
28 9 335 320 311 305 296 289 289 294 290 287 299 321 310 287 273 274 286 301 311 310 306 301 294 292 294 297 298 298 300 299 295 295 292 290 293 290 294 311 317 310 298 294 298 305 312 325 336 340 341 344 357 11 9 343 308 294 288 282 274 263 257 256 258 265 272 282 289 287 281 279 281 283 285 284 279 274 274 276 280 284 291 298 302 306 309 307 303 302 305 309 303 296 299 306
20 360 330 319 309 299 293 284 281 285 287 288 299 321 313 291 273 265 267 281 293 300 300 296 292 292 293 294 297 300 304 302 295 295 292 288 291 289 287 302 315 311 295 284 286 293 301 315 330 336 337 340 358 16 10 346 305 286 279 271 259 254 259 265 269 272 274 277 286 291 287 282 282 282 284 287 286 281 278 277 279 283 291 299 302 305 309 308 303 302 306 310 302 296 300 307
15 354 327 320 310 298 291 282 276 278 280 284 297 314 310 294 276 261 257 266 281 290 294 295 292 290 290 296 303 307 311 304 296 296 293 287 289 291 287 294 311 315 302 283 279 285 294 308 326 334 335 340 1 18 16 352 298 275 271 266 259 264 271 274 276 276 274 272 275 284 287 284 282 283 284 288 292 290 285 282 281 281 285 293 298 302 308 305 299 300 305 311 304 299 303 310
6 348 329 323 315 302 293 286 280 279 276 275 284 298 300 293 283 268 258 261 272 285 293 292 291 292 299 309 313 318 321 306 296 296 294 286 286 292 289 290 304 315 311 289 278 279 288 302 322 329 332 340 3 21 25 6 298 273 270 271 275 276 277 277 276 275 274 271 269 271 278 281 282 285 288 290 294 295 291 286 283 279 278 282 291 298 305 302 297 300 307 312 306 301 305 312
359 343 325 322 316 303 294 291 287 281 273 267 269 284 291 295 292 279 269 266 270 283 296 298 303 310 316 319 323 330 331 311 296 294 295 288 285 290 291 290 297 312 316 298 281 278 284 298 316 326 328 337 5 29 37 22 301 275 271 275 280 279 276 274 273 272 271 269 267 265 269 276 281 285 289 293 295 296 294 290 288 284 279 280 285 294 302 300 298 300 307 312 306 302 307 313
0 341 321 321 317 307 298 293 290 284 274 264 264 274 287 299 302 293 286 284 292 301 308 315 315 316 320 324 327 335 337 319 299 292 292 287 283 285 289 289 292 305 315 309 289 279 281 291 307 319 322 332 12 44 53 39 294 275 273 273 275 274 272 271 271 270 269 267 266 264 265 270 277 283 288 293 298 299 298 297 295 292 287 284 285 294 304 305 302 302 306 310 306 304 308 313
0 340 319 318 317 308 299 293 291 287 280 271 267 269 277 293 301 298 300 308 312 312 310 313 312 309 308 313 323 332 335 324 306 294 286 281 281 282 284 285 288 297 309 315 301 283 277 280 290 299 308 324 26 61 69 58 284 274 272 270 269 268 268 269 269 268 267 266 265 264 264 266 270 277 282 287 295 301 300 300 301 298 295 292 290 295 304 307 306 305 307 309 308 307 307 310
0 339 314 312 312 303 296 291 289 288 288 283 274 267 267 276 293 301 307 311 314 313 304 297 294 294 298 306 314 322 328 326 314 300 286 276 274 276 277 279 284 291 300 311 310 292 279 273 276 285 296 311 59 87 92 91 274 271 268 266 266 266 267 267 267 267 266 265 265 264 264 264 266 270 276 282 289 297 297 298 300 300 299 296 293 294 299 301 301 301 303 305 308 309 307 308
5 341 313 310 311 301 294 290 288 289 290 286 277 270 266 273 286 299 307 311 312 312 306 295 288 289 295 302 306 315 321 325 323 312 297 279 269 268 273 277 281 287 293 304 312 306 287 275 272 275 278 266 127 124 131 206 266 266 265 265 265 265 265 266 266 266 266 266 265 265 264 265 265 267 271 278 286 293 295 296 298 300 301 297 293 293 294 294 293 294 295 296 300 307 308 307
6 344 315 309 310 303 295 289 287 289 289 285 280 276 275 277 282 291 300 307 310 313 313 305 292 286 292 299 304 313 319 326 332 326 311 291 275 269 271 275 280 287 292 299 308 312 300 281 270 266 254 205 160 154 181 229 255 261 263 262 262 263 265 266 265 265 266 266 266 265 265 266 266 266 269 275 283 293 295 294 299 304 305 301 297 294 293 295 294 293 292 289 289 296 301 300
3 342 317 307 306 305 300 291 285 288 292 291 288 286 285 285 284 285 289 298 307 314 316 314 301 286 282 291 298 305 314 322 334 336 322 308 293 279 274 275 281 288 291 294 301 310 309 288 270 259 232 196 178 180 207 230 247 257 260 260 261 265 267 266 266 266 266 267 267 267 268 268 267 267 269 273 281 292 297 294 298 306 310 307 302 298 300 300 296 292 290 287 283 283 286 283
2 341 318 308 302 304 305 297 286 285 294 300 297 293 293 295 293 289 288 293 304 315 320 319 308 288 275 278 287 294 301 310 325 334 328 318 306 292 282 278 280 286 290 291 294 299 302 292 267 245 218 200 193 200 218 231 244 256 259 261 264 266 267 266 266 266 267 268 269 271 271 270 270 269 268 271 278 288 296 294 295 303 311 310 306 304 304 303 298 291 288 286 280 274 271 270
0 339 321 311 302 301 305 302 295 287 290 301 300 296 300 303 300 295 291 292 300 314 320 319 315 297 278 272 278 288 295 301 312 324 327 322 312 300 290 283 280 282 286 286 282 278 280 276 246 229 217 207 204 214 224 229 241 255 261 263 265 265 264 265 265 266 267 268 272 276 275 274 274 271 267 269 273 283 293 294 293 297 305 307 305 305 305 304 301 294 288 284 277 270 266 269
351 332 319 312 303 301 303 303 301 292 287 291 294 294 298 302 301 296 293 292 294 306 314 316 319 312 291 276 274 283 293 299 305 314 322 324 318 309 297 289 284 281 280 277 268 259 254 235 218 222 220 213 213 223 228 231 244 257 263 266 266 264 263 264 264 265 264 265 271 280 284 281 278 275 271 269 270 276 287 292 292 292 295 301 304 306 305 305 302 296 288 282 276 270 268 268
345 325 312 308 301 300 300 299 297 291 285 284 289 289 291 295 297 296 295 292 288 293 304 310 319 321 306 287 278 279 289 297 301 307 316 323 327 320 300 289 286 282 275 266 257 249 238 214 207 220 220 217 222 229 231 235 250 261 266 267 266 265 264 265 264 263 262 264 268 276 286 288 285 283 278 272 269 271 276 286 291 291 293 298 305 308 307 306 304 299 292 286 279 273 269 268
346 323 305 300 295 295 296 293 289 286 286 287 293 290 289 291 295 296 295 289 284 287 297 305 317 325 317 300 286 279 279 286 293 299 308 320 332 330 302 288 286 283 271 255 246 238 228 208 207 218 220 224 230 233 235 243 258 267 269 268 266 265 265 264 262 260 261 263 265 270 280 289 290 289 287 278 272 269 270 275 286 295 296 299 308 311 305 302 302 304 301 292 282 276 274 283
347 327 306 293 289 290 291 289 287 287 289 293 299 297 294 294 295 292 289 283 281 284 292 300 311 322 322 308 294 283 275 275 284 293 299 311 330 332 307 290 284 278 263 248 236 230 222 209 210 219 224 232 236 238 243 256 268 272 271 269 267 266 265 263 260 259 259 262 265 268 275 286 294 295 296 291 278 271 268 269 277 290 295 302 309 308 303 303 308 315 314 301 285 279 285 297
345 330 313 299 288 285 286 290 291 291 292 297 302 301 298 296 292 287 282 277 277 281 288 295 303 314 320 313 301 292 283 276 277 283 289 300 319 326 313 292 277 262 252 241 231 227 221 213 216 224 231 237 239 243 255 269 275 274 271 270 269 268 266 262 257 258 261 265 268 270 274 282 294 301 303 302 289 277 272 271 275 286 299 308 317 316 315 319 325 333 332 313 292 287 292 300
344 330 316 307 295 284 284 291 294 294 299 300 300 300 297 293 288 286 284 278 275 278 283 288 296 305 313 315 308 303 300 286 276 274 281 293 309 317 311 290 266 250 243 234 227 227 222 217 222 230 237 242 246 254 266 275 276 274 272 271 271 271 270 265 260 262 266 270 272 274 276 281 290 299 305 308 300 284 278 278 280 287 298 309 321 323 322 327 338 348 339 313 300 295 295 300
