windninja/windninja_output/Output_2025-10-23_0600-0650_Google earth_Fire_150m_10min/merlingen_7.5mi_point_10-23-2025_0600_150m_vel.asc
ncols	158
nrows	163
xllcorner	391686.332397
yllcorner	5160024.123721
cellsize	150.000000
NODATA_value	-32768.000000
[rows 0 to 37 of 163, columns 0 to 83 of 158]
5.91 5.97 6.03 5.96 6.11 6.28 5.99 5.95 6.31 6.32 6.21 6.21 6.80 7.88 8.26 7.77 6.96 6.27 6.26 6.34 5.44 4.84 5.86 6.61 6.58 6.12 5.63 5.73 6.16 6.17 6.07 6.09 6.04 5.84 5.90 6.05 5.60 5.33 5.36 5.15 5.22 5.42 5.34 5.31 5.23 5.02 4.97 4.72 4.54 4.69 4.76 4.79 4.86 4.81 4.68 4.66 4.67 4.70 4.68 4.53 4.40 4.43 4.48 4.47 4.51 4.58 4.66 4.63 4.45 4.17 3.98 3.92 3.97 4.05 4.11 4.06 3.98 3.96 3.87 3.71 3.66 3.69 3.82 3.82
5.76 5.95 6.00 5.85 6.05 6.21 5.90 5.89 6.25 6.22 5.96 5.66 5.99 7.17 8.08 8.17 7.52 6.66 6.63 6.67 5.45 4.41 5.06 6.22 6.75 6.44 5.78 5.63 5.95 6.04 6.01 6.05 6.04 5.88 5.83 6.10 5.85 5.54 5.48 5.20 5.18 5.34 5.33 5.43 5.38 5.15 5.16 4.92 4.52 4.50 4.62 4.66 4.75 4.75 4.64 4.61 4.62 4.67 4.74 4.58 4.35 4.33 4.38 4.38 4.33 4.36 4.53 4.65 4.60 4.29 3.98 3.87 3.90 3.97 4.04 3.99 3.97 4.06 3.97 3.69 3.58 3.64 3.77 3.84
5.41 5.88 5.95 5.70 5.97 5.85 5.61 5.91 6.21 6.01 5.45 4.69 4.77 5.92 7.52 8.58 8.27 7.38 7.25 7.01 5.71 4.29 4.09 5.25 6.60 6.76 6.10 5.69 5.71 5.83 5.96 5.98 5.92 5.89 5.87 5.99 6.01 5.85 5.64 5.33 5.22 5.24 5.28 5.54 5.49 5.26 5.28 5.20 4.72 4.40 4.47 4.53 4.60 4.68 4.58 4.52 4.56 4.60 4.73 4.67 4.38 4.22 4.23 4.27 4.14 4.10 4.33 4.66 4.78 4.43 3.97 3.80 3.83 3.89 3.92 3.82 3.87 4.18 4.12 3.65 3.42 3.66 3.77 3.71
5.09 5.74 5.97 5.74 5.90 5.51 5.37 6.01 6.20 5.78 4.97 4.04 4.25 5.27 6.80 8.55 8.57 7.85 7.60 7.17 6.12 4.96 4.05 4.28 5.86 6.59 6.40 6.05 5.76 5.84 6.11 6.12 5.98 5.95 5.89 5.84 5.87 5.90 5.73 5.46 5.32 5.24 5.37 5.58 5.47 5.28 5.21 5.18 4.96 4.69 4.55 4.46 4.54 4.72 4.65 4.52 4.53 4.53 4.59 4.64 4.46 4.19 4.14 4.22 4.12 4.04 4.22 4.62 4.84 4.45 3.95 3.82 3.87 3.87 3.82 3.66 3.70 4.11 4.19 3.63 3.22 3.64 3.90 3.60
4.81 5.40 5.93 5.86 5.84 5.49 5.40 6.00 6.04 5.41 4.52 3.68 3.84 4.93 6.64 8.40 8.76 8.14 7.61 7.35 6.68 5.65 4.33 3.71 4.97 5.94 6.24 6.21 5.92 5.99 6.27 6.47 6.50 6.25 5.89 5.82 5.86 5.89 5.85 5.57 5.31 5.26 5.50 5.59 5.45 5.32 5.18 5.04 4.96 4.87 4.65 4.44 4.50 4.72 4.74 4.61 4.56 4.53 4.50 4.52 4.44 4.19 4.09 4.16 4.11 4.03 4.15 4.60 4.85 4.40 3.97 3.92 3.93 3.84 3.75 3.67 3.65 3.88 4.03 3.65 3.16 3.40 3.88 3.68
4.81 5.10 5.61 5.84 5.88 5.67 5.66 5.99 5.68 4.87 4.19 3.57 3.41 4.61 6.75 8.06 8.68 8.39 7.62 7.40 7.19 6.42 4.80 3.62 4.22 5.08 5.53 5.83 5.83 5.89 6.14 6.57 6.90 6.68 6.19 5.96 5.99 6.00 5.95 5.71 5.38 5.32 5.52 5.52 5.37 5.32 5.17 4.98 4.91 4.82 4.66 4.57 4.57 4.69 4.77 4.70 4.63 4.58 4.49 4.43 4.37 4.17 4.07 4.14 4.11 4.03 4.10 4.55 4.77 4.32 4.06 4.11 4.03 3.76 3.64 3.77 3.84 3.80 3.66 3.51 3.35 3.39 3.68 3.68
5.09 5.16 5.30 5.59 5.87 5.85 5.91 5.90 5.23 4.46 3.99 3.53 3.26 4.44 6.79 7.77 8.20 8.40 7.89 7.50 7.53 7.17 5.60 3.93 3.83 4.38 4.82 5.22 5.41 5.52 5.81 6.41 6.83 6.73 6.53 6.35 6.21 6.14 6.03 5.79 5.55 5.47 5.51 5.44 5.26 5.25 5.14 4.94 4.86 4.68 4.55 4.67 4.72 4.72 4.83 4.81 4.71 4.63 4.47 4.36 4.28 4.08 4.05 4.15 4.16 4.08 4.10 4.50 4.64 4.18 4.05 4.33 4.23 3.70 3.50 3.76 4.01 3.93 3.40 3.29 3.62 3.65 3.54 3.56
5.28 5.36 5.34 5.41 5.71 5.82 5.93 5.73 4.98 4.36 3.97 3.50 3.27 4.41 6.60 7.60 7.58 8.03 8.06 7.64 7.79 7.75 6.50 4.70 3.75 3.74 4.35 4.86 4.93 5.04 5.57 6.23 6.48 6.46 6.58 6.62 6.38 6.20 6.09 5.88 5.71 5.61 5.56 5.45 5.27 5.19 5.07 4.93 4.77 4.53 4.43 4.62 4.69 4.75 5.01 4.98 4.79 4.69 4.48 4.33 4.16 3.90 3.92 4.15 4.27 4.23 4.20 4.43 4.50 4.07 3.94 4.35 4.34 3.83 3.51 3.63 4.00 3.95 3.32 3.22 3.86 3.88 3.43 3.43
5.32 5.48 5.58 5.49 5.53 5.64 5.71 5.52 4.97 4.46 4.08 3.58 3.31 4.19 6.26 7.40 7.31 7.58 7.86 7.77 7.98 8.04 7.22 5.74 4.18 3.42 3.97 4.64 4.55 4.73 5.57 6.01 6.03 6.29 6.67 6.69 6.36 6.15 6.08 5.97 5.84 5.74 5.61 5.48 5.37 5.17 4.98 4.93 4.70 4.34 4.43 4.63 4.47 4.62 5.21 5.20 4.85 4.73 4.56 4.29 4.05 3.73 3.62 3.90 4.24 4.44 4.39 4.37 4.33 4.07 4.01 4.24 4.20 3.91 3.63 3.60 3.89 3.80 3.31 3.38 4.06 4.05 3.35 3.20
5.34 5.51 5.73 5.64 5.46 5.47 5.48 5.39 5.05 4.61 4.29 3.83 3.42 3.92 5.64 7.05 7.32 7.37 7.39 7.70 8.10 8.10 7.69 6.47 4.94 3.71 3.61 4.34 4.44 4.63 5.64 5.82 5.61 6.18 6.75 6.72 6.33 6.06 6.05 6.06 5.96 5.85 5.70 5.51 5.43 5.19 4.91 4.94 4.67 4.15 4.33 4.62 4.33 4.55 5.25 5.37 4.90 4.68 4.59 4.26 4.04 3.80 3.40 3.40 4.01 4.48 4.50 4.32 4.06 4.05 4.23 4.27 4.07 3.83 3.67 3.63 3.80 3.57 3.24 3.64 4.20 4.18 3.46 3.05
5.39 5.54 5.77 5.70 5.47 5.39 5.39 5.39 5.13 4.74 4.52 4.12 3.63 3.75 5.02 6.58 7.25 7.36 7.08 7.35 7.96 8.09 7.94 6.91 5.55 4.43 3.59 4.00 4.50 4.77 5.56 5.67 5.47 6.03 6.58 6.63 6.34 6.01 6.03 6.14 6.04 5.96 5.84 5.56 5.51 5.31 4.85 4.88 4.71 4.14 4.26 4.46 4.28 4.65 5.17 5.42 4.99 4.58 4.48 4.22 4.15 3.98 3.35 3.19 3.90 4.35 4.41 4.17 3.70 3.87 4.37 4.41 4.06 3.73 3.63 3.68 3.82 3.57 3.19 3.62 4.13 4.21 3.75 3.27
5.47 5.58 5.75 5.68 5.49 5.41 5.41 5.42 5.20 4.88 4.70 4.38 3.91 3.73 4.65 6.22 7.05 7.30 7.12 7.12 7.58 7.88 7.94 7.17 6.03 4.99 3.94 3.99 4.61 4.96 5.40 5.56 5.56 5.93 6.28 6.40 6.29 6.04 6.09 6.11 5.99 6.05 5.91 5.58 5.66 5.56 4.94 4.75 4.75 4.43 4.37 4.27 4.23 4.74 5.09 5.26 5.01 4.55 4.31 4.18 4.30 4.15 3.54 3.47 3.99 4.15 4.17 3.85 3.31 3.63 4.28 4.44 4.13 3.64 3.50 3.70 3.90 3.83 3.48 3.51 3.82 4.05 3.96 3.75
5.56 5.63 5.71 5.65 5.54 5.50 5.48 5.41 5.25 5.04 4.86 4.57 4.13 3.84 4.59 6.17 6.88 6.99 7.16 7.22 7.33 7.51 7.62 7.16 6.28 5.27 4.41 4.35 4.77 5.05 5.30 5.54 5.73 5.84 5.94 6.22 6.23 6.08 6.13 5.96 5.91 6.08 5.82 5.56 5.79 5.77 5.26 4.91 4.96 4.91 4.59 4.24 4.25 4.79 5.17 5.07 4.78 4.42 4.16 4.26 4.53 4.37 4.01 3.97 4.01 3.96 3.89 3.55 3.12 3.43 3.96 4.23 4.19 3.62 3.32 3.59 3.86 4.03 3.83 3.48 3.54 3.83 3.99 4.11
5.65 5.68 5.70 5.64 5.58 5.59 5.53 5.43 5.32 5.16 4.98 4.74 4.25 3.99 4.82 6.31 6.98 6.73 6.91 7.30 7.23 7.15 7.22 6.95 6.31 5.51 4.86 4.78 4.97 5.14 5.36 5.59 5.82 5.71 5.63 6.17 6.31 6.14 6.07 5.77 5.86 6.03 5.66 5.50 5.74 5.68 5.25 5.14 5.45 5.46 4.89 4.43 4.34 4.85 5.43 5.09 4.43 3.98 3.87 4.39 4.88 4.71 4.56 4.38 3.99 3.81 3.73 3.65 3.36 3.18 3.47 3.91 4.16 3.73 3.29 3.38 3.74 4.07 3.96 3.59 3.56 3.76 3.96 4.21
5.73 5.73 5.72 5.67 5.62 5.61 5.55 5.49 5.42 5.26 5.11 4.91 4.38 4.07 4.93 6.53 7.31 6.78 6.56 7.04 7.04 6.77 6.81 6.68 6.27 5.71 5.16 5.08 5.17 5.22 5.59 5.84 5.79 5.57 5.51 6.04 6.28 6.25 6.11 5.75 5.78 5.78 5.71 5.70 5.58 5.42 5.03 4.79 5.36 5.93 5.55 4.78 4.47 5.01 5.63 5.30 4.32 3.53 3.48 4.37 5.19 5.14 4.93 4.49 4.03 3.95 3.92 4.00 3.73 3.09 3.02 3.70 4.08 3.75 3.26 3.29 3.67 3.88 3.88 3.86 3.83 3.78 3.89 4.07
5.79 5.78 5.76 5.72 5.65 5.62 5.57 5.54 5.51 5.36 5.25 5.07 4.64 4.15 4.77 6.68 7.55 6.99 6.43 6.59 6.69 6.46 6.39 6.37 6.31 5.97 5.28 5.16 5.37 5.35 5.79 6.11 5.75 5.57 5.64 5.82 6.06 6.28 6.14 5.90 5.79 5.55 5.83 6.11 5.47 5.23 5.29 4.61 4.50 5.56 6.06 5.27 4.79 5.20 5.56 5.56 4.75 3.55 3.29 4.30 5.33 5.49 5.05 4.20 4.07 4.46 4.33 4.25 4.08 3.21 2.91 3.52 3.86 3.49 3.20 3.30 3.47 3.60 3.86 4.22 4.03 3.64 3.74 3.81
5.84 5.83 5.81 5.76 5.69 5.67 5.63 5.59 5.57 5.49 5.39 5.20 4.95 4.45 4.75 6.51 7.47 7.14 6.59 6.37 6.35 6.16 6.01 6.08 6.35 6.22 5.43 5.10 5.44 5.60 5.95 6.08 5.69 5.68 5.84 5.85 5.99 6.17 6.03 5.94 5.85 5.54 5.88 6.23 5.60 5.21 5.49 5.03 4.46 5.04 5.75 5.47 5.11 5.21 5.30 5.48 5.29 4.20 3.49 4.46 5.48 5.63 4.97 3.92 4.03 4.80 4.80 4.50 4.23 3.47 2.98 3.20 3.48 3.27 3.15 3.17 3.15 3.53 4.11 4.37 3.90 3.44 3.55 3.56
5.87 5.87 5.84 5.79 5.75 5.72 5.70 5.67 5.64 5.61 5.53 5.35 5.20 4.91 5.03 6.16 7.12 7.07 6.68 6.42 6.19 5.94 5.76 5.92 6.27 6.22 5.67 5.23 5.35 5.73 6.02 5.87 5.61 5.78 6.08 6.23 6.21 6.07 5.90 5.94 5.92 5.75 5.88 5.96 5.73 5.48 5.37 5.22 5.17 5.33 5.38 5.25 5.16 5.15 5.07 5.21 5.43 4.87 4.11 4.63 5.53 5.63 4.81 3.95 4.08 4.85 5.18 4.78 4.17 3.64 3.26 3.05 3.27 3.29 2.95 2.89 3.04 3.62 4.26 4.12 3.60 3.44 3.41 3.35
5.91 5.90 5.87 5.83 5.81 5.79 5.76 5.77 5.72 5.67 5.65 5.54 5.41 5.31 5.36 5.96 6.73 6.80 6.54 6.39 6.17 5.89 5.72 5.89 6.13 6.08 5.85 5.52 5.37 5.61 5.81 5.64 5.53 5.76 6.20 6.60 6.55 6.11 5.77 5.94 5.96 5.82 5.94 5.79 5.69 5.76 5.50 5.17 5.37 5.65 5.39 5.06 4.94 4.94 4.93 5.07 5.31 5.15 4.70 4.80 5.49 5.57 4.77 4.20 4.29 4.81 5.30 4.91 4.14 3.94 3.67 3.10 3.16 3.18 2.75 2.70 2.96 3.46 4.01 3.83 3.51 3.47 3.26 3.09
5.97 5.94 5.90 5.87 5.86 5.86 5.85 5.87 5.81 5.69 5.71 5.75 5.63 5.55 5.63 5.95 6.40 6.48 6.33 6.30 6.15 5.92 5.79 5.88 6.03 6.00 5.92 5.73 5.48 5.46 5.47 5.39 5.47 5.74 6.23 6.71 6.80 6.28 5.75 5.95 5.96 5.83 5.96 5.83 5.77 5.95 5.90 5.33 5.17 5.68 5.64 5.16 4.80 4.66 4.81 4.99 5.12 5.24 5.12 4.99 5.32 5.49 4.93 4.45 4.51 4.83 5.16 4.93 4.46 4.33 3.81 3.05 3.01 3.05 2.74 2.54 2.62 3.11 3.66 3.74 3.57 3.48 3.20 2.88
6.03 6.00 5.93 5.90 5.89 5.92 5.94 5.97 5.90 5.73 5.76 5.91 5.81 5.71 5.81 5.99 6.18 6.22 6.19 6.24 6.15 5.93 5.82 5.88 5.98 5.96 5.91 5.79 5.57 5.39 5.21 5.14 5.46 5.97 6.42 6.79 7.00 6.48 5.80 5.91 5.93 5.86 5.94 5.94 6.05 6.13 6.04 5.53 5.15 5.55 5.76 5.42 4.94 4.61 4.64 4.74 4.89 5.15 5.32 5.18 5.15 5.50 5.29 4.70 4.68 4.91 4.98 4.97 4.85 4.42 3.57 2.87 2.92 3.09 2.80 2.28 2.28 2.91 3.56 3.78 3.67 3.48 3.22 2.81
6.09 6.06 5.97 5.93 5.95 5.96 6.00 6.05 5.99 5.83 5.84 5.99 5.94 5.84 5.91 5.99 6.04 6.10 6.15 6.20 6.12 5.91 5.83 5.87 5.90 5.91 5.88 5.78 5.60 5.34 5.05 4.86 5.36 6.22 6.50 6.73 7.11 6.67 5.89 5.84 5.89 5.92 6.06 6.18 6.34 6.26 6.03 5.72 5.36 5.47 5.78 5.61 5.19 4.77 4.53 4.54 4.72 4.90 5.12 5.26 5.13 5.56 5.64 4.94 4.88 5.04 4.93 5.04 4.88 4.06 3.20 2.86 3.03 3.27 2.85 2.06 1.96 2.68 3.47 3.90 3.80 3.43 3.25 2.91
6.13 6.09 6.02 6.01 6.03 6.00 6.02 6.09 6.08 5.98 5.93 5.99 6.06 5.98 5.96 5.98 5.96 6.05 6.16 6.17 6.08 5.91 5.84 5.83 5.80 5.84 5.85 5.78 5.64 5.40 4.97 4.63 5.31 6.35 6.53 6.64 6.94 6.72 6.12 5.82 5.78 5.94 6.21 6.45 6.56 6.41 6.13 5.85 5.54 5.44 5.75 5.67 5.32 5.00 4.66 4.52 4.64 4.67 4.63 5.06 5.26 5.67 5.93 5.37 5.26 5.19 4.90 4.87 4.45 3.64 3.09 2.98 3.30 3.56 2.97 1.98 1.66 2.34 3.22 3.85 3.93 3.54 3.44 3.11
6.15 6.11 6.08 6.10 6.09 6.05 6.04 6.09 6.16 6.16 6.03 5.97 6.09 6.11 6.03 5.98 5.95 6.03 6.15 6.11 6.02 5.93 5.84 5.77 5.71 5.75 5.79 5.80 5.76 5.55 5.02 4.64 5.32 6.24 6.55 6.72 6.71 6.55 6.31 5.91 5.67 5.90 6.24 6.56 6.87 6.61 6.07 5.94 5.68 5.45 5.75 5.69 5.37 5.26 4.92 4.56 4.59 4.51 4.20 4.60 5.28 5.84 6.28 6.12 5.67 5.04 4.57 4.34 3.89 3.44 3.17 3.20 3.66 3.81 3.04 1.95 1.56 2.14 2.81 3.40 3.84 3.76 3.66 3.39
6.21 6.16 6.14 6.15 6.14 6.10 6.06 6.13 6.27 6.29 6.15 5.99 6.05 6.19 6.11 6.02 5.99 6.04 6.12 6.04 5.96 5.91 5.80 5.68 5.61 5.64 5.70 5.89 6.12 5.81 5.16 4.87 5.24 5.90 6.44 6.72 6.69 6.59 6.42 6.02 5.68 5.79 6.09 6.69 7.19 6.54 5.92 6.07 5.89 5.60 5.73 5.70 5.52 5.44 5.10 4.64 4.55 4.39 3.99 4.19 5.06 6.06 6.80 6.67 5.57 4.51 4.01 3.69 3.51 3.42 3.33 3.55 4.09 3.88 2.79 1.88 1.77 2.15 2.46 2.82 3.42 3.73 3.68 3.61
6.28 6.22 6.18 6.19 6.19 6.14 6.09 6.22 6.40 6.36 6.22 6.08 6.08 6.17 6.13 6.07 6.08 6.08 6.08 6.01 5.91 5.85 5.73 5.56 5.45 5.40 5.57 6.12 6.67 6.24 5.39 5.17 5.24 5.48 6.12 6.48 6.66 6.97 6.70 6.03 5.75 5.72 6.01 6.90 7.10 6.18 5.96 6.24 6.09 5.85 5.76 5.80 5.72 5.54 5.21 4.67 4.37 4.24 4.05 4.14 4.99 6.47 7.21 6.49 5.03 4.04 3.51 3.20 3.34 3.58 3.76 4.15 4.30 3.57 2.42 1.83 2.21 2.45 2.31 2.41 2.99 3.40 3.40 3.58
6.32 6.29 6.24 6.24 6.24 6.18 6.15 6.34 6.48 6.38 6.26 6.21 6.21 6.15 6.10 6.13 6.15 6.10 6.07 6.01 5.89 5.77 5.62 5.43 5.26 5.01 5.28 6.43 7.17 6.71 5.90 5.63 5.46 5.22 5.53 5.89 6.41 7.40 7.23 6.16 5.78 5.87 6.17 6.84 6.67 5.82 6.02 6.44 6.34 5.98 5.76 5.98 5.94 5.75 5.39 4.44 3.87 4.12 4.36 4.58 5.75 7.20 7.05 5.66 4.50 3.84 3.26 2.98 3.27 3.92 4.56 4.66 4.07 3.13 2.05 1.66 2.50 3.01 2.50 2.30 2.72 2.97 2.97 3.29
6.32 6.34 6.32 6.30 6.29 6.22 6.26 6.46 6.49 6.37 6.32 6.33 6.32 6.20 6.10 6.18 6.20 6.10 6.06 6.01 5.87 5.71 5.50 5.26 5.03 4.59 4.88 6.46 7.40 7.07 6.72 6.44 5.87 5.37 5.18 5.12 5.82 7.44 7.78 6.52 5.80 6.19 6.32 6.45 6.23 5.53 5.80 6.50 6.69 6.05 5.58 6.07 6.22 6.12 5.52 3.80 3.16 4.13 4.93 5.46 6.70 7.36 6.20 4.62 3.97 3.67 3.15 2.93 3.36 4.33 5.16 4.75 3.68 2.73 1.78 1.45 2.43 3.48 3.07 2.42 2.48 2.56 2.66 3.05
6.32 6.38 6.39 6.36 6.35 6.30 6.39 6.53 6.47 6.37 6.39 6.42 6.41 6.31 6.20 6.22 6.23 6.12 6.03 5.98 5.84 5.68 5.41 5.12 4.74 4.19 4.53 6.10 7.13 7.19 7.50 7.49 6.50 5.86 5.40 4.85 5.37 7.06 8.02 6.84 6.00 6.42 6.26 6.16 5.87 5.29 5.44 6.20 6.95 6.35 5.41 5.96 6.48 6.46 5.53 3.28 2.65 4.21 5.66 6.40 7.05 6.79 5.38 3.98 3.52 3.42 2.98 2.94 3.77 4.82 5.32 4.61 3.41 2.50 1.70 1.44 2.20 3.60 3.61 2.77 2.40 2.29 2.50 2.97
6.37 6.41 6.42 6.44 6.46 6.42 6.49 6.55 6.48 6.42 6.44 6.49 6.49 6.44 6.35 6.26 6.24 6.14 6.01 5.95 5.81 5.64 5.38 5.02 4.50 3.95 4.30 5.54 6.32 6.71 7.75 8.45 7.62 6.85 6.14 5.03 5.07 6.82 8.04 7.01 6.30 6.43 6.02 6.07 5.60 5.03 5.29 5.81 6.80 6.57 5.50 5.83 6.51 6.62 5.65 3.47 2.67 4.26 6.21 7.25 7.02 5.82 4.70 3.86 3.44 3.27 2.82 3.02 4.41 5.32 5.19 4.24 3.20 2.48 1.82 1.66 2.30 3.41 3.88 3.37 2.55 2.12 2.29 2.82
6.47 6.45 6.40 6.47 6.61 6.60 6.53 6.53 6.53 6.48 6.48 6.55 6.57 6.55 6.49 6.34 6.25 6.15 6.03 5.94 5.78 5.59 5.37 4.95 4.42 4.03 4.24 4.96 5.35 5.75 7.06 8.56 8.68 8.26 7.02 5.00 4.88 6.73 7.98 7.09 6.36 6.20 5.74 5.96 5.56 4.96 5.32 5.86 6.51 6.32 5.64 5.81 6.29 6.69 5.97 3.93 3.27 4.60 6.52 7.75 6.71 4.71 4.03 3.90 3.69 3.30 2.77 3.15 4.88 5.71 4.85 3.63 3.05 2.58 2.02 1.95 2.28 3.07 3.94 3.89 2.86 2.05 2.07 2.59
6.62 6.49 6.35 6.48 6.81 6.79 6.51 6.52 6.60 6.55 6.54 6.61 6.65 6.65 6.59 6.45 6.30 6.19 6.05 5.91 5.75 5.57 5.32 4.94 4.54 4.23 4.24 4.46 4.61 5.12 6.53 8.18 9.07 9.31 7.67 4.76 4.72 6.94 7.84 6.97 6.30 5.86 5.48 5.76 5.57 5.13 5.56 6.15 6.21 5.87 5.65 5.72 5.91 6.57 6.16 4.33 4.15 5.41 6.82 7.85 6.47 4.09 3.46 3.89 4.15 3.58 2.84 3.24 5.08 5.81 4.37 3.24 3.09 2.68 2.10 2.00 2.15 2.80 3.85 4.18 3.22 2.10 2.01 2.47
6.70 6.56 6.33 6.52 7.01 6.88 6.50 6.57 6.66 6.63 6.60 6.68 6.75 6.72 6.67 6.54 6.38 6.27 6.07 5.86 5.78 5.61 5.24 4.98 4.76 4.36 4.20 4.05 3.94 4.70 6.58 8.27 9.09 9.81 8.26 4.85 4.74 7.11 7.46 6.51 6.19 5.66 5.32 5.63 5.51 5.35 5.88 6.19 5.83 5.72 5.70 5.55 5.57 6.11 6.04 4.73 4.68 6.05 7.23 7.68 6.05 3.73 3.00 3.81 4.67 4.10 3.05 3.26 4.98 5.68 4.23 3.31 3.29 2.70 2.03 1.89 2.02 2.62 3.66 4.27 3.43 2.29 2.21 2.48
6.66 6.58 6.42 6.69 7.13 6.87 6.54 6.62 6.75 6.72 6.65 6.76 6.82 6.78 6.75 6.61 6.46 6.35 6.12 5.91 5.85 5.66 5.21 5.02 4.96 4.52 4.18 3.74 3.46 4.36 6.44 8.21 8.75 9.79 9.27 5.62 4.78 6.82 6.96 6.09 6.09 5.63 5.31 5.62 5.50 5.60 6.04 5.91 5.65 5.78 5.77 5.53 5.43 5.55 5.67 5.09 4.92 6.00 7.31 7.66 6.08 3.61 2.55 3.54 4.98 4.77 3.55 3.28 4.47 5.42 4.50 3.60 3.34 2.58 1.93 1.81 1.95 2.41 3.35 4.07 3.59 2.73 2.63 2.69
6.58 6.55 6.59 6.95 7.16 6.86 6.60 6.66 6.86 6.84 6.75 6.83 6.85 6.83 6.78 6.66 6.53 6.42 6.22 6.03 5.93 5.71 5.32 5.11 5.03 4.68 4.17 3.65 3.39 4.21 6.21 7.78 8.31 9.40 9.86 7.09 4.84 6.07 6.51 5.91 5.95 5.66 5.41 5.60 5.68 5.91 5.91 5.63 5.72 5.82 5.72 5.59 5.42 5.27 5.35 5.39 5.32 5.64 6.66 7.63 6.63 3.94 2.30 3.02 4.90 5.34 4.39 3.63 4.22 5.12 4.54 3.68 3.23 2.52 1.98 1.86 1.97 2.28 2.86 3.54 3.67 3.27 3.13 3.10
6.54 6.54 6.73 7.16 7.21 6.87 6.65 6.73 6.96 6.97 6.88 6.87 6.89 6.87 6.79 6.71 6.60 6.49 6.31 6.13 6.00 5.79 5.51 5.28 5.04 4.69 4.16 3.70 3.46 4.34 6.16 7.22 7.99 9.11 9.75 7.93 5.40 5.45 6.10 5.85 5.78 5.74 5.63 5.63 5.95 6.23 5.72 5.53 5.80 5.78 5.67 5.59 5.46 5.29 5.35 5.53 5.58 5.50 5.93 7.24 7.02 4.49 2.41 2.61 4.35 5.50 5.24 4.46 4.60 4.81 4.01 3.46 3.19 2.57 2.19 2.00 1.94 2.18 2.47 2.85 3.30 3.40 3.49 3.55
6.58 6.63 6.85 7.22 7.21 6.92 6.77 6.82 7.01 7.09 7.01 6.94 6.92 6.89 6.84 6.77 6.67 6.55 6.40 6.22 6.07 5.89 5.69 5.45 5.11 4.67 4.18 3.66 3.61 4.98 6.43 7.00 7.87 8.81 9.10 7.91 6.13 5.55 5.93 5.94 5.72 5.76 5.85 5.79 6.17 6.39 5.71 5.57 5.78 5.67 5.69 5.57 5.45 5.47 5.49 5.47 5.50 5.51 5.70 6.71 6.99 4.99 2.88 2.56 3.59 5.11 5.80 5.47 4.93 4.14 3.25 3.25 3.25 2.74 2.38 2.07 1.84 2.00 2.40 2.67 2.75 2.96 3.42 3.81
6.69 6.77 7.02 7.19 7.10 7.00 6.95 6.93 7.03 7.18 7.14 6.99 6.93 6.94 6.91 6.82 6.71 6.59 6.46 6.31 6.15 5.98 5.80 5.58 5.24 4.76 4.24 3.61 4.03 5.96 6.67 6.85 7.51 8.03 8.36 7.38 6.00 5.81 6.20 6.15 5.87 5.87 5.92 5.99 6.40 6.41 5.78 5.61 5.63 5.71 5.84 5.53 5.34 5.61 5.64 5.33 5.23 5.47 5.69 6.30 6.69 5.38 3.58 2.75 3.00 4.44 6.03 6.18 4.90 3.51 3.00 3.27 3.43 2.89 2.27 2.07 1.81 1.71 2.44 2.83 2.44 2.44 2.97 3.58
