windninja/windninja_output/Output_2025-10-23_0600-0650_Google earth_Fire_150m_10min/merlingen_7.5mi_point_10-23-2025_0630_150m_vel.asc
ncols	158
nrows	163
xllcorner	391686.332397
yllcorner	5160024.123721
cellsize	150.000000
NODATA_value	-32768.000000
[rows 38 to 75 of 163, columns 0 to 83 of 158]
6.02 6.09 6.27 6.28 6.16 6.13 6.13 6.18 6.23 6.30 6.29 6.13 6.06 6.12 6.10 6.01 5.92 5.83 5.75 5.68 5.58 5.43 5.30 5.18 4.95 4.60 4.18 4.00 4.99 6.32 6.42 6.27 6.45 6.56 6.69 5.67 4.23 4.48 5.28 5.21 5.10 5.26 5.38 5.53 5.76 5.69 5.37 5.11 4.90 5.32 5.71 5.28 4.85 5.13 5.51 5.17 4.75 4.92 5.29 5.72 5.89 5.24 4.04 2.99 2.90 4.14 6.17 6.53 4.62 3.07 3.09 3.73 3.90 3.10 2.09 2.23 2.35 1.87 2.30 3.00 2.53 2.27 2.53 3.14
6.18 6.24 6.27 6.24 6.21 6.16 6.18 6.33 6.38 6.33 6.27 6.13 6.08 6.17 6.16 6.04 5.95 5.87 5.79 5.74 5.64 5.50 5.39 5.27 5.08 4.77 4.51 4.63 5.32 5.99 6.08 5.94 5.87 5.98 5.89 4.69 3.82 4.61 5.44 5.47 5.46 5.54 5.69 5.69 5.68 5.79 5.58 5.03 4.76 5.45 6.01 5.48 4.78 5.04 5.70 5.32 4.64 4.70 5.17 5.49 5.34 4.99 4.45 3.51 3.04 4.06 6.24 6.27 4.26 3.41 3.87 4.13 3.60 2.42 1.88 2.67 2.69 1.75 1.91 2.84 2.54 2.14 2.44 3.22
6.28 6.37 6.26 6.23 6.26 6.19 6.27 6.48 6.50 6.30 6.18 6.17 6.13 6.18 6.21 6.09 5.97 5.91 5.85 5.79 5.71 5.57 5.43 5.34 5.23 4.97 4.83 4.91 5.07 5.53 6.02 5.82 5.42 5.38 4.86 3.86 3.72 4.51 5.33 5.72 5.81 5.95 6.08 5.74 5.52 5.81 5.72 5.11 4.76 5.31 6.21 5.95 5.13 5.14 5.60 5.31 4.54 4.36 4.85 5.12 4.74 4.47 4.77 4.51 3.58 4.14 6.05 5.91 4.39 4.26 4.30 3.73 2.99 2.06 2.14 3.25 2.82 1.63 1.68 2.43 2.40 2.22 2.67 3.42
6.28 6.35 6.24 6.20 6.25 6.27 6.37 6.53 6.52 6.25 6.14 6.22 6.18 6.17 6.22 6.11 5.97 5.94 5.91 5.84 5.76 5.59 5.45 5.44 5.35 5.11 5.01 4.97 4.92 5.40 5.97 5.63 5.09 4.73 3.97 3.53 3.85 4.41 5.14 5.82 6.11 6.41 6.20 5.70 5.70 5.88 5.69 5.17 4.73 5.16 6.42 6.48 5.36 4.80 5.03 5.09 4.38 3.91 4.34 4.65 4.29 3.95 4.63 5.18 4.48 4.51 5.66 5.79 5.01 4.60 3.79 3.19 2.94 2.24 2.69 3.59 2.56 1.36 1.35 1.89 2.22 2.35 2.95 3.61
6.20 6.23 6.18 6.15 6.23 6.40 6.44 6.44 6.47 6.28 6.15 6.22 6.22 6.17 6.18 6.10 5.99 5.96 5.96 5.90 5.77 5.58 5.48 5.51 5.42 5.21 5.12 5.06 5.03 5.41 5.72 5.39 4.86 4.24 3.62 3.47 3.93 4.81 5.50 5.91 6.28 6.39 6.07 6.07 6.14 5.69 5.25 4.96 4.75 5.26 6.64 6.73 5.12 4.16 4.41 4.67 4.21 3.73 3.92 4.30 4.13 3.85 4.47 5.15 5.19 5.23 5.53 5.82 5.32 4.09 3.20 3.26 3.24 2.70 3.28 3.54 2.03 1.02 1.02 1.58 2.16 2.46 3.06 3.93
6.12 6.13 6.09 6.11 6.27 6.48 6.42 6.32 6.40 6.32 6.16 6.19 6.23 6.15 6.11 6.08 6.00 5.97 5.98 5.93 5.76 5.60 5.53 5.52 5.45 5.29 5.21 5.21 5.19 5.28 5.36 5.17 4.72 4.15 3.73 3.62 4.31 5.40 5.70 5.73 5.95 6.06 6.27 6.64 6.12 4.96 4.58 4.76 5.04 5.69 6.79 6.57 4.84 3.88 4.04 4.21 3.93 3.65 3.77 4.19 4.28 4.23 4.55 4.85 5.49 6.01 5.89 5.73 4.92 3.49 3.09 3.61 3.51 3.15 3.48 3.02 1.52 0.73 0.86 1.54 2.18 2.63 3.45 4.51
6.04 6.02 6.02 6.17 6.34 6.39 6.33 6.28 6.32 6.30 6.18 6.17 6.19 6.10 6.07 6.06 6.00 6.00 6.00 5.92 5.76 5.64 5.56 5.50 5.46 5.38 5.34 5.32 5.20 5.11 5.13 5.05 4.72 4.28 3.94 4.01 4.79 5.43 5.38 5.27 5.42 5.99 6.76 6.70 5.39 4.34 4.40 4.90 5.61 6.33 6.65 5.97 4.56 3.73 3.79 3.93 3.71 3.58 3.84 4.32 4.58 4.71 4.73 4.94 5.97 6.59 6.15 5.36 4.17 3.18 3.25 3.69 3.60 3.37 3.19 2.29 1.05 0.50 0.87 1.64 2.35 3.08 4.09 4.60
5.94 5.95 6.07 6.26 6.28 6.25 6.28 6.28 6.24 6.23 6.20 6.15 6.10 6.06 6.06 6.04 5.99 6.01 6.00 5.88 5.76 5.66 5.56 5.50 5.50 5.48 5.42 5.29 5.15 5.06 5.05 5.01 4.78 4.40 4.17 4.37 4.77 4.99 5.00 4.99 5.30 6.19 6.91 6.19 4.54 4.10 4.74 5.55 6.40 6.55 5.98 5.18 4.31 3.59 3.60 3.85 3.71 3.70 4.14 4.62 4.88 5.08 5.20 5.68 6.59 6.66 5.91 4.88 3.47 2.94 3.32 3.56 3.59 3.38 2.81 1.93 0.85 0.49 1.10 2.00 2.90 3.67 4.17 3.91
5.89 5.97 6.13 6.19 6.13 6.20 6.27 6.24 6.17 6.16 6.19 6.11 6.03 6.03 6.03 6.02 5.99 5.99 5.96 5.85 5.74 5.63 5.55 5.54 5.55 5.51 5.38 5.24 5.16 5.09 5.03 4.99 4.82 4.51 4.39 4.47 4.61 4.79 4.90 4.99 5.36 6.10 6.54 5.54 4.10 4.30 5.38 6.43 6.69 5.88 5.06 4.53 4.00 3.62 3.56 3.76 3.91 4.18 4.73 5.03 5.15 5.53 6.03 6.35 6.54 6.16 5.26 4.32 3.18 2.86 3.25 3.37 3.47 3.27 2.66 1.88 0.99 0.72 1.52 2.55 3.28 3.63 3.58 3.17
5.97 6.02 6.08 5.95 6.00 6.31 6.31 6.16 6.11 6.12 6.14 6.05 5.98 5.98 6.00 5.99 5.96 5.93 5.89 5.82 5.70 5.58 5.56 5.59 5.57 5.47 5.33 5.25 5.18 5.11 5.03 4.98 4.84 4.64 4.47 4.41 4.60 4.80 4.84 4.99 5.29 5.80 5.91 4.88 4.16 4.94 6.16 6.77 6.16 4.94 4.38 3.98 3.71 3.82 3.69 3.78 4.32 4.88 5.51 5.53 5.37 5.98 6.47 6.27 6.01 5.56 4.58 3.82 3.15 2.91 3.14 3.16 3.24 3.04 2.51 1.89 1.26 1.16 1.90 2.79 3.28 3.27 3.13 2.88
6.09 6.03 5.91 5.65 5.88 6.52 6.45 6.11 6.02 6.05 6.06 5.97 5.91 5.91 5.95 5.95 5.90 5.87 5.83 5.77 5.65 5.57 5.58 5.58 5.54 5.44 5.32 5.26 5.18 5.12 5.05 4.97 4.87 4.73 4.52 4.42 4.64 4.79 4.79 4.93 5.19 5.43 5.18 4.46 4.57 5.77 6.60 6.34 5.37 4.31 3.75 3.59 3.69 3.94 3.84 4.07 4.92 5.72 6.24 5.76 5.33 5.94 6.31 5.97 5.61 5.08 4.18 3.52 3.11 2.94 3.01 3.00 2.98 2.74 2.32 1.90 1.56 1.62 2.14 2.82 3.19 3.14 3.01 2.82
6.22 5.99 5.63 5.40 5.87 6.71 6.65 6.15 5.91 5.94 5.97 5.88 5.83 5.84 5.89 5.91 5.85 5.80 5.77 5.70 5.62 5.60 5.56 5.53 5.53 5.45 5.31 5.23 5.18 5.13 5.06 4.98 4.90 4.78 4.61 4.51 4.66 4.81 4.81 4.84 4.98 5.03 4.74 4.44 5.00 6.22 6.48 5.59 4.63 3.68 3.21 3.52 3.94 4.07 4.11 4.64 5.76 6.62 6.43 5.42 4.93 5.43 5.93 5.98 5.52 4.72 3.92 3.31 2.99 2.89 2.89 2.88 2.73 2.43 2.16 1.93 1.82 1.93 2.33 2.84 3.15 3.21 3.03 2.79
6.37 5.91 5.27 5.23 6.05 6.78 6.73 6.33 5.86 5.79 5.83 5.78 5.76 5.76 5.81 5.85 5.81 5.72 5.70 5.65 5.60 5.61 5.53 5.48 5.51 5.45 5.28 5.20 5.18 5.13 5.07 4.99 4.91 4.81 4.69 4.62 4.70 4.80 4.74 4.67 4.73 4.87 4.75 4.60 5.23 6.19 5.95 4.89 3.98 3.14 2.90 3.64 4.27 4.29 4.55 5.50 6.70 6.83 5.77 4.70 4.43 4.84 5.73 6.28 5.56 4.38 3.62 3.10 2.85 2.79 2.78 2.72 2.50 2.22 2.08 2.02 1.99 2.08 2.44 2.92 3.22 3.24 3.05 2.81
6.54 5.82 4.95 5.23 6.30 6.70 6.60 6.49 5.98 5.67 5.63 5.67 5.69 5.68 5.71 5.76 5.77 5.66 5.62 5.64 5.59 5.56 5.50 5.45 5.47 5.39 5.24 5.19 5.17 5.12 5.06 4.99 4.92 4.84 4.76 4.72 4.71 4.69 4.61 4.50 4.61 4.92 4.87 4.70 5.23 5.78 5.22 4.12 3.52 3.02 3.01 4.00 4.57 4.59 5.16 6.52 7.04 6.17 4.87 4.17 4.07 4.50 5.90 6.64 5.43 4.02 3.35 2.90 2.72 2.68 2.65 2.55 2.32 2.14 2.13 2.14 2.07 2.12 2.49 3.00 3.25 3.23 3.12 2.92
6.69 5.77 4.80 5.36 6.43 6.51 6.30 6.54 6.28 5.65 5.39 5.53 5.58 5.57 5.62 5.68 5.70 5.59 5.57 5.62 5.54 5.48 5.45 5.44 5.40 5.31 5.23 5.19 5.15 5.11 5.05 4.98 4.92 4.86 4.81 4.77 4.70 4.63 4.57 4.43 4.56 5.01 4.98 4.73 4.93 5.19 4.43 3.34 3.29 3.41 3.73 4.36 4.74 4.99 5.97 7.06 6.54 5.19 4.30 3.96 3.98 4.56 6.31 6.84 5.15 3.73 3.10 2.68 2.58 2.60 2.54 2.40 2.21 2.14 2.23 2.23 2.12 2.16 2.55 2.99 3.11 3.21 3.28 3.11
6.60 5.90 5.00 5.43 6.42 6.29 5.94 6.45 6.50 5.69 5.24 5.36 5.45 5.48 5.56 5.61 5.60 5.53 5.53 5.55 5.48 5.42 5.41 5.41 5.32 5.25 5.21 5.17 5.13 5.09 5.03 4.97 4.92 4.87 4.83 4.77 4.70 4.64 4.56 4.42 4.58 5.09 5.07 4.64 4.47 4.49 3.82 3.00 3.46 4.01 4.17 4.42 4.78 5.44 6.61 6.96 5.62 4.31 3.90 3.96 4.15 4.93 6.65 6.81 4.91 3.49 2.81 2.43 2.50 2.56 2.46 2.28 2.13 2.16 2.31 2.30 2.17 2.27 2.69 2.89 2.89 3.18 3.42 3.26
6.22 6.14 5.55 5.44 6.21 6.10 5.60 6.09 6.46 5.90 5.31 5.23 5.35 5.42 5.49 5.53 5.49 5.48 5.47 5.45 5.43 5.39 5.36 5.34 5.26 5.21 5.18 5.14 5.11 5.06 5.01 4.96 4.91 4.87 4.82 4.77 4.71 4.65 4.58 4.48 4.65 5.04 4.93 4.38 4.01 3.96 3.58 3.25 3.89 4.23 4.02 4.36 4.88 5.63 6.86 6.56 4.69 3.64 3.66 4.07 4.45 5.40 6.85 6.62 4.69 3.27 2.54 2.20 2.43 2.57 2.36 2.11 2.07 2.24 2.37 2.35 2.20 2.42 2.86 2.82 2.78 3.18 3.42 3.25
5.86 6.20 6.05 5.48 5.78 5.86 5.38 5.55 6.18 6.21 5.59 5.23 5.30 5.35 5.37 5.41 5.42 5.41 5.39 5.37 5.39 5.36 5.31 5.27 5.21 5.16 5.14 5.11 5.07 5.03 4.98 4.94 4.90 4.85 4.81 4.76 4.71 4.65 4.60 4.56 4.66 4.78 4.60 4.16 3.88 3.81 3.69 3.75 4.09 3.95 3.71 4.48 5.00 5.64 6.93 6.07 3.90 3.29 3.68 4.25 4.86 5.87 6.83 6.31 4.48 3.00 2.30 2.03 2.33 2.47 2.16 1.97 2.15 2.36 2.43 2.34 2.27 2.64 3.00 2.87 2.87 3.18 3.30 3.15
5.77 6.06 6.16 5.62 5.49 5.66 5.36 5.16 5.72 6.33 5.95 5.35 5.31 5.30 5.21 5.29 5.37 5.34 5.31 5.28 5.31 5.32 5.26 5.22 5.15 5.11 5.09 5.07 5.04 4.99 4.95 4.92 4.87 4.83 4.79 4.74 4.69 4.64 4.60 4.57 4.57 4.52 4.38 4.17 4.04 3.97 3.96 4.00 3.98 3.60 3.53 4.57 5.00 5.69 6.81 5.39 3.38 3.28 3.89 4.60 5.38 6.12 6.54 5.97 4.26 2.73 2.08 1.91 2.09 2.15 1.95 2.08 2.38 2.46 2.46 2.33 2.43 2.90 3.10 2.98 2.94 3.06 3.11 3.03
5.83 5.89 5.95 5.71 5.52 5.58 5.44 5.09 5.37 6.23 6.10 5.44 5.37 5.30 5.11 5.19 5.30 5.26 5.23 5.19 5.24 5.26 5.21 5.19 5.09 5.04 5.05 5.02 4.99 4.95 4.92 4.88 4.84 4.80 4.76 4.72 4.67 4.62 4.58 4.54 4.50 4.42 4.33 4.23 4.16 4.14 4.05 3.91 3.78 3.40 3.39 4.41 4.96 5.77 6.55 4.82 3.18 3.52 4.35 5.09 5.67 5.97 6.09 5.67 4.22 2.68 1.95 1.78 1.81 1.85 1.97 2.36 2.54 2.50 2.51 2.42 2.66 3.12 3.15 2.98 2.87 2.90 2.94 2.88
5.86 5.77 5.70 5.63 5.56 5.56 5.54 5.29 5.41 6.08 5.86 5.27 5.34 5.41 5.21 5.13 5.16 5.16 5.15 5.14 5.17 5.16 5.16 5.15 5.03 4.98 4.99 4.97 4.94 4.91 4.88 4.84 4.80 4.77 4.73 4.69 4.64 4.60 4.55 4.50 4.45 4.38 4.31 4.23 4.19 4.15 3.97 3.80 3.66 3.32 3.24 4.10 5.04 5.88 6.18 4.54 3.23 3.86 4.88 5.40 5.54 5.61 5.63 5.33 4.24 2.80 1.94 1.62 1.56 1.86 2.23 2.50 2.59 2.60 2.62 2.60 2.92 3.25 3.10 2.84 2.69 2.72 2.78 2.68
5.79 5.66 5.53 5.52 5.49 5.52 5.64 5.58 5.64 5.82 5.42 4.90 5.11 5.59 5.51 5.17 5.04 5.05 5.07 5.07 5.06 5.08 5.14 5.08 4.95 4.92 4.93 4.91 4.89 4.87 4.84 4.80 4.77 4.73 4.69 4.65 4.61 4.57 4.52 4.47 4.42 4.36 4.29 4.23 4.17 4.09 3.95 3.81 3.65 3.40 3.30 3.99 5.16 5.80 5.70 4.34 3.46 4.31 5.22 5.36 5.23 5.22 5.22 4.99 4.19 2.98 2.03 1.44 1.46 2.08 2.43 2.51 2.66 2.78 2.72 2.76 3.14 3.22 2.88 2.60 2.46 2.55 2.63 2.50
5.61 5.52 5.41 5.41 5.43 5.49 5.66 5.78 5.79 5.59 5.17 4.69 4.88 5.58 5.67 5.30 5.04 4.99 5.00 4.98 4.96 5.04 5.09 4.97 4.87 4.86 4.87 4.86 4.84 4.82 4.79 4.75 4.72 4.69 4.65 4.61 4.57 4.53 4.49 4.44 4.39 4.33 4.27 4.21 4.14 4.06 3.97 3.86 3.74 3.57 3.49 3.99 5.02 5.53 5.19 4.16 3.90 4.80 5.28 5.14 4.92 4.77 4.75 4.66 4.10 3.17 2.12 1.28 1.52 2.30 2.55 2.59 2.82 2.94 2.80 2.90 3.19 2.97 2.57 2.40 2.30 2.41 2.49 2.37
5.39 5.37 5.32 5.31 5.38 5.49 5.65 5.88 5.89 5.58 5.17 4.74 4.85 5.27 5.42 5.42 5.21 5.03 4.97 4.87 4.88 4.96 4.95 4.84 4.78 4.80 4.82 4.82 4.80 4.77 4.74 4.71 4.68 4.64 4.61 4.57 4.53 4.49 4.45 4.40 4.36 4.30 4.25 4.18 4.12 4.05 3.98 3.91 3.82 3.70 3.59 3.86 4.70 5.17 4.66 4.02 4.41 5.10 5.13 4.86 4.59 4.37 4.35 4.35 3.95 3.23 2.12 1.30 1.78 2.53 2.66 2.77 3.00 3.02 2.88 2.96 3.00 2.64 2.35 2.27 2.22 2.29 2.34 2.28
5.23 5.20 5.23 5.26 5.30 5.49 5.73 5.95 5.89 5.61 5.26 4.85 4.79 4.86 4.98 5.33 5.37 5.19 4.98 4.79 4.81 4.83 4.79 4.72 4.68 4.75 4.80 4.79 4.75 4.71 4.68 4.66 4.62 4.60 4.56 4.53 4.49 4.45 4.41 4.37 4.32 4.27 4.22 4.16 4.11 4.05 4.00 3.95 3.87 3.79 3.63 3.76 4.48 4.75 4.16 4.02 4.80 5.18 4.93 4.62 4.31 4.15 4.14 4.01 3.70 3.12 2.04 1.59 2.23 2.70 2.76 2.93 3.14 3.04 2.87 2.84 2.67 2.42 2.24 2.15 2.14 2.17 2.22 2.30
5.11 5.07 5.15 5.25 5.31 5.51 5.77 5.92 5.82 5.60 5.35 4.96 4.70 4.63 4.69 5.01 5.30 5.31 5.07 4.84 4.77 4.69 4.65 4.61 4.59 4.70 4.81 4.77 4.67 4.63 4.63 4.60 4.57 4.55 4.51 4.48 4.45 4.41 4.37 4.33 4.29 4.24 4.19 4.14 4.09 4.05 4.00 3.95 3.89 3.83 3.72 3.82 4.32 4.44 3.90 4.07 4.94 5.14 4.79 4.51 4.22 4.02 3.84 3.56 3.41 2.94 2.06 2.07 2.63 2.79 2.82 3.04 3.25 3.04 2.76 2.59 2.43 2.33 2.15 2.02 2.05 2.04 2.15 2.47
4.98 4.97 5.09 5.26 5.41 5.52 5.65 5.80 5.74 5.53 5.43 5.19 4.72 4.52 4.56 4.74 5.05 5.18 5.13 5.00 4.78 4.58 4.54 4.53 4.49 4.64 4.80 4.70 4.58 4.59 4.58 4.54 4.51 4.49 4.46 4.43 4.40 4.37 4.33 4.29 4.25 4.20 4.16 4.12 4.07 4.03 3.99 3.95 3.90 3.86 3.83 3.87 4.14 4.27 3.82 3.90 4.86 5.11 4.80 4.54 4.06 3.49 3.18 3.22 3.32 2.87 2.41 2.63 2.84 2.83 2.88 3.13 3.31 2.98 2.56 2.39 2.38 2.28 1.99 1.88 1.93 1.99 2.28 2.78
4.78 4.88 5.13 5.31 5.44 5.48 5.46 5.62 5.67 5.47 5.50 5.47 4.80 4.35 4.45 4.63 4.77 4.85 4.99 5.08 4.84 4.55 4.51 4.48 4.40 4.57 4.74 4.60 4.54 4.57 4.51 4.47 4.46 4.44 4.41 4.38 4.35 4.32 4.28 4.25 4.21 4.17 4.13 4.09 4.05 4.01 3.97 3.94 3.91 3.88 3.88 3.88 4.02 4.13 3.79 3.84 4.66 5.05 4.85 4.44 3.50 2.52 2.60 3.27 3.50 3.16 2.95 2.91 2.85 2.84 2.91 3.17 3.29 2.85 2.43 2.35 2.37 2.15 1.76 1.70 1.87 2.12 2.63 3.26
4.33 4.71 5.25 5.38 5.45 5.50 5.33 5.39 5.61 5.58 5.65 5.56 4.84 4.32 4.38 4.52 4.55 4.54 4.72 5.01 4.88 4.56 4.54 4.51 4.40 4.52 4.62 4.53 4.52 4.52 4.44 4.40 4.40 4.38 4.36 4.33 4.30 4.27 4.24 4.21 4.17 4.13 4.09 4.06 4.02 3.99 3.95 3.92 3.90 3.88 3.88 3.88 3.94 3.97 3.84 3.95 4.46 4.81 4.72 4.12 2.85 2.08 2.74 3.57 3.72 3.47 3.15 2.85 2.78 2.84 2.89 3.15 3.22 2.76 2.45 2.35 2.24 1.94 1.57 1.61 2.03 2.59 3.38 4.34
3.63 4.41 5.29 5.43 5.65 5.69 5.16 5.05 5.54 5.84 5.80 5.35 4.83 4.48 4.27 4.27 4.42 4.44 4.55 4.85 4.76 4.49 4.57 4.59 4.43 4.41 4.45 4.44 4.46 4.45 4.38 4.34 4.34 4.33 4.30 4.28 4.25 4.22 4.19 4.16 4.12 4.09 4.05 4.02 3.99 3.96 3.93 3.90 3.88 3.87 3.86 3.86 3.87 3.87 3.88 3.97 4.19 4.34 4.33 3.85 2.71 2.36 3.12 3.71 3.76 3.48 3.07 2.76 2.76 2.85 2.88 3.10 3.15 2.76 2.43 2.24 2.05 1.75 1.54 1.87 2.58 3.41 4.43 4.99
3.25 4.19 5.18 5.47 6.03 6.00 4.86 4.54 5.46 6.11 5.83 5.13 4.78 4.53 4.17 4.09 4.34 4.48 4.50 4.59 4.47 4.38 4.57 4.61 4.40 4.24 4.28 4.44 4.46 4.41 4.36 4.29 4.29 4.27 4.25 4.22 4.20 4.17 4.14 4.11 4.07 4.04 4.01 3.98 3.95 3.92 3.90 3.87 3.85 3.83 3.82 3.82 3.81 3.82 3.85 3.88 3.94 3.93 3.94 3.69 2.95 2.81 3.34 3.70 3.65 3.31 2.99 2.83 2.83 2.85 2.84 2.99 3.10 2.74 2.29 2.11 1.93 1.67 1.68 2.29 3.06 3.90 4.65 4.49
3.58 4.16 5.04 5.49 6.14 6.06 4.63 4.10 5.53 6.43 5.87 5.04 4.72 4.45 4.16 4.07 4.25 4.47 4.40 4.26 4.24 4.32 4.48 4.54 4.21 3.89 4.28 4.63 4.52 4.43 4.34 4.25 4.23 4.22 4.19 4.16 4.14 4.12 4.09 4.06 4.02 3.99 3.97 3.94 3.91 3.88 3.86 3.84 3.82 3.80 3.78 3.77 3.77 3.77 3.77 3.78 3.77 3.73 3.70 3.56 3.20 3.11 3.43 3.61 3.41 3.10 2.99 2.97 2.90 2.79 2.70 2.92 3.10 2.63 2.16 2.04 1.86 1.73 1.88 2.52 3.25 3.82 4.05 4.04
4.13 4.41 4.95 5.38 5.87 5.81 4.56 4.14 5.67 6.62 5.70 4.69 4.49 4.30 4.08 3.99 4.08 4.32 4.27 4.08 4.12 4.23 4.37 4.42 3.77 3.44 4.41 4.92 4.64 4.44 4.32 4.22 4.18 4.15 4.11 4.10 4.09 4.06 4.03 4.00 3.97 3.94 3.92 3.89 3.86 3.84 3.82 3.80 3.78 3.76 3.74 3.73 3.72 3.71 3.70 3.68 3.65 3.62 3.55 3.46 3.32 3.28 3.39 3.37 3.16 3.02 3.06 3.02 2.86 2.63 2.58 3.01 3.10 2.46 2.03 1.95 1.90 1.89 2.05 2.53 3.04 3.33 3.39 4.25
4.58 4.65 4.94 5.21 5.45 5.43 4.76 4.55 5.77 6.49 5.19 4.26 4.23 4.10 3.99 3.88 3.94 4.19 4.22 4.04 4.00 4.12 4.30 4.22 3.47 3.28 4.40 5.05 4.78 4.45 4.32 4.22 4.15 4.08 4.02 4.03 4.03 4.00 3.96 3.94 3.91 3.89 3.86 3.84 3.82 3.79 3.77 3.75 3.74 3.72 3.70 3.68 3.66 3.65 3.63 3.60 3.57 3.53 3.47 3.40 3.33 3.30 3.28 3.21 3.10 3.06 3.03 2.95 2.78 2.58 2.67 3.08 2.98 2.23 1.87 1.90 2.00 2.00 2.03 2.25 2.53 2.85 3.37 4.96
4.88 4.91 5.00 5.02 5.10 5.19 5.00 4.98 5.71 5.87 4.74 4.23 4.20 4.04 4.00 3.88 3.91 4.13 4.18 4.01 3.97 4.13 4.23 4.08 3.54 3.37 4.16 4.90 4.83 4.53 4.33 4.20 4.16 4.03 3.94 3.98 3.97 3.92 3.90 3.88 3.85 3.83 3.81 3.79 3.77 3.75 3.73 3.71 3.69 3.67 3.65 3.63 3.61 3.59 3.57 3.54 3.50 3.46 3.41 3.36 3.30 3.26 3.22 3.17 3.10 3.04 2.96 2.89 2.76 2.70 2.78 2.94 2.73 2.01 1.78 1.91 2.07 2.01 1.82 1.89 2.21 2.80 4.00 5.49
5.18 5.18 5.03 4.84 4.94 5.13 5.11 5.17 5.38 5.08 4.54 4.37 4.22 4.05 4.02 3.95 3.97 4.09 4.10 3.99 4.04 4.17 4.18 4.05 3.61 3.38 3.92 4.55 4.74 4.64 4.35 4.19 4.21 4.08 3.94 3.91 3.88 3.84 3.82 3.81 3.79 3.77 3.75 3.73 3.71 3.70 3.68 3.66 3.65 3.63 3.61 3.59 3.56 3.54 3.51 3.48 3.44 3.40 3.36 3.31 3.26 3.22 3.18 3.12 3.05 2.99 2.92 2.85 2.79 2.79 2.74 2.68 2.44 1.95 1.84 1.99 2.10 1.97 1.64 1.72 2.26 3.30 4.79 5.32
5.49 5.39 5.03 4.73 4.87 5.08 5.06 5.08 4.99 4.64 4.47 4.41 4.22 4.08 4.05 4.00 3.99 4.05 4.06 4.01 4.06 4.14 4.11 3.99 3.62 3.40 3.73 4.19 4.52 4.62 4.40 4.24 4.28 4.21 3.97 3.79 3.77 3.76 3.75 3.75 3.72 3.70 3.68 3.67 3.66 3.64 3.63 3.62 3.60 3.58 3.56 3.54 3.51 3.49 3.46 3.43 3.39 3.35 3.31 3.27 3.22 3.18 3.13 3.08 3.02 2.96 2.90 2.84 2.82 2.77 2.65 2.52 2.33 2.08 2.02 2.16 2.14 1.90 1.59 1.77 2.77 4.17 5.04 4.32
5.62 5.48 5.10 4.71 4.76 5.04 5.00 4.88 4.77 4.53 4.39 4.33 4.20 4.11 4.09 4.02 3.96 4.01 4.04 4.00 3.99 4.03 4.00 3.94 3.68 3.39 3.56 3.93 4.27 4.49 4.46 4.31 4.30 4.25 3.94 3.69 3.67 3.71 3.71 3.66 3.63 3.62 3.61 3.61 3.60 3.59 3.58 3.57 3.55 3.54 3.52 3.49 3.47 3.44 3.41 3.38 3.34 3.31 3.26 3.22 3.18 3.14 3.09 3.04 2.98 2.93 2.88 2.83 2.79 2.71 2.60 2.49 2.38 2.23 2.19 2.27 2.14 1.84 1.66 2.17 3.58 4.59 4.35 2.93
