windninja/windninja_output/Output_2025-10-23_0600-0650_Google earth_Fire_150m_10min/merlingen_7.5mi_point_10-23-2025_0600_150m_ang.asc
ncols	158
nrows	163
xllcorner	391686.332397
yllcorner	5160024.123721
cellsize	150.000000
NODATA_value	-32768.000000
[rows 49 to 97 of 163, columns 0 to 95 of 158]
91 92 91 90 90 92 95 98 100 99 98 97 97 97 96 96 96 96 95 95 95 96 96 96 96 96 97 97 97 98 99 100 101 102 105 108 109 108 108 107 105 101 97 96 96 95 92 87 81 72 65 66 72 76 80 86 93 98 99 96 95 92 89 89 91 89 86 82 79 78 77 76 72 66 60 57 60 66 74 79 82 83 85 85 85 85 85 86 89 88 84 80 79 80 80 75
91 91 91 89 91 93 94 97 101 100 99 98 98 97 97 96 96 96 96 96 96 96 96 96 96 96 97 97 97 98 98 99 100 102 104 107 108 108 108 107 105 103 103 103 101 96 91 84 77 69 66 73 79 82 86 92 97 98 94 90 88 87 87 89 90 89 85 82 79 78 77 75 70 65 63 64 66 68 72 77 81 83 84 85 87 88 89 90 89 85 81 76 75 74 74 73
92 92 91 91 93 94 93 94 98 101 100 99 98 98 97 97 97 97 96 96 97 96 96 97 97 96 96 97 97 98 98 99 100 101 103 105 107 108 108 107 105 105 105 106 103 97 90 80 73 71 76 83 86 89 93 97 98 93 86 83 82 84 87 90 91 88 84 80 78 77 76 73 70 67 68 70 71 71 74 77 80 81 83 86 89 91 92 90 87 83 79 74 71 70 72 75
91 92 93 95 95 95 93 92 95 100 101 99 98 98 98 97 97 97 97 97 97 97 96 97 97 97 96 97 97 98 98 99 99 100 102 103 105 107 108 108 107 105 106 108 104 97 88 78 74 79 86 89 89 92 97 98 95 87 80 79 81 85 89 91 90 87 83 78 76 75 75 72 70 69 71 73 74 76 79 80 78 77 81 86 91 93 92 90 86 82 77 73 70 69 74 86
89 91 96 98 96 96 94 92 93 97 100 100 99 98 98 98 98 97 97 97 97 97 97 97 97 97 97 97 97 98 98 99 99 100 101 102 104 106 107 109 109 106 107 108 105 96 89 84 85 88 90 90 90 93 96 96 91 83 78 78 82 87 90 90 89 85 80 75 74 75 74 72 69 70 73 74 76 79 84 84 79 78 80 83 87 91 93 91 86 80 77 75 72 72 82 104
88 89 95 101 97 96 95 92 90 92 98 100 100 99 99 98 98 98 97 97 97 97 97 97 97 97 97 97 98 98 98 98 99 100 100 101 102 104 106 109 110 107 105 105 105 100 95 95 96 94 90 90 92 93 94 92 87 80 78 81 84 89 91 90 87 83 77 72 72 73 72 69 68 71 74 76 76 80 85 87 84 83 82 80 81 85 90 91 86 80 78 78 79 80 92 108
88 89 92 98 98 95 95 93 89 89 95 99 101 100 100 99 98 98 98 98 97 97 98 98 97 97 97 97 98 98 98 98 99 99 100 101 102 103 104 106 108 107 104 103 105 105 104 104 102 97 92 92 93 94 93 89 81 78 81 85 88 91 91 88 85 79 74 71 72 71 67 65 70 74 76 77 77 82 86 88 89 88 85 81 79 79 79 81 82 82 82 84 88 93 98 105
90 89 89 91 94 95 96 96 92 89 92 96 100 101 101 99 99 99 99 98 98 97 98 98 98 98 98 98 98 98 98 98 99 99 100 100 101 102 103 104 105 105 104 104 106 109 111 110 107 102 98 95 94 94 92 86 79 80 85 89 92 93 89 85 80 76 73 72 73 69 65 67 73 76 78 78 80 85 87 89 90 89 85 82 80 77 73 71 73 78 85 92 103 109 104 102
90 90 89 88 90 92 95 98 97 93 92 93 96 100 102 101 100 99 99 99 99 98 98 98 98 98 98 98 98 98 98 98 99 99 99 100 100 101 102 102 103 104 105 106 107 110 112 113 111 108 104 97 95 95 91 85 81 85 90 93 94 92 88 82 76 72 71 70 69 67 68 73 76 77 79 80 83 87 88 87 87 86 85 82 80 77 73 70 70 77 89 105 117 117 109 98
90 90 90 89 89 90 92 96 100 98 95 92 91 94 100 103 102 100 100 100 99 99 98 98 98 98 98 98 98 98 98 98 99 99 99 99 100 100 101 102 102 103 104 106 107 108 110 113 114 115 112 103 98 96 91 85 85 90 94 94 93 89 86 80 74 69 67 65 63 68 74 77 78 79 81 83 87 88 87 85 82 81 81 79 77 76 75 75 79 89 103 112 117 115 105 87
89 89 89 89 90 90 91 94 98 100 97 94 90 90 95 101 103 102 101 100 100 99 99 99 99 98 98 98 98 98 98 98 99 99 99 99 100 100 100 101 101 102 103 104 106 107 108 112 116 119 120 111 103 98 92 87 88 94 96 95 92 89 84 78 73 69 66 61 62 72 77 79 81 83 84 86 89 89 85 81 79 78 77 75 74 74 76 82 93 105 110 110 109 107 93 73
89 88 88 89 89 90 91 93 95 97 99 99 96 92 91 95 100 103 103 102 101 100 100 99 99 99 99 99 99 98 99 99 99 99 99 99 99 100 100 100 101 102 102 103 104 106 107 110 114 120 125 119 107 99 93 88 91 96 97 95 92 89 84 79 74 70 66 58 65 76 80 82 84 86 86 88 88 86 81 79 78 77 76 74 73 75 81 92 104 110 110 105 102 94 79 65
88 88 88 88 89 90 91 93 94 96 99 102 102 97 91 90 94 100 103 104 103 101 100 99 99 99 99 99 99 99 99 99 99 99 99 99 99 99 100 100 100 101 102 103 103 105 106 108 112 117 124 122 111 102 94 91 94 97 96 94 91 88 85 81 76 72 65 58 71 80 83 85 88 89 89 89 86 81 79 77 77 77 76 75 76 81 91 102 108 110 108 101 92 77 67 59
89 89 89 89 90 90 91 93 94 95 98 102 104 101 95 91 90 94 99 103 103 103 101 100 99 99 99 99 99 99 99 99 99 99 99 99 99 99 99 100 100 101 101 102 103 104 105 107 110 114 120 122 113 106 99 96 97 97 96 94 92 90 88 83 78 73 63 62 77 84 85 87 89 90 90 88 84 80 78 76 76 75 75 77 82 89 101 110 110 107 102 92 77 66 60 55
90 90 90 90 92 93 93 93 93 94 96 100 103 103 101 95 91 91 94 98 102 103 102 101 100 99 99 100 100 100 99 99 99 99 99 99 99 99 99 100 100 100 101 101 102 103 104 106 108 111 116 120 115 109 106 101 98 97 97 96 94 92 87 82 79 74 68 74 83 86 87 88 90 91 89 85 82 80 78 75 75 74 76 81 88 97 107 112 109 101 88 78 69 60 55 51
89 89 90 92 93 95 94 93 93 93 94 98 104 105 103 101 96 91 90 93 97 100 102 102 101 100 99 100 100 100 100 100 99 99 99 99 99 99 99 99 100 100 100 101 102 102 104 105 107 109 112 116 115 112 112 108 100 97 97 98 96 90 81 78 81 81 82 88 89 88 88 89 90 90 88 85 83 81 77 74 73 74 80 86 95 104 107 108 103 89 76 69 61 56 52 47
88 88 89 92 93 94 94 93 93 93 94 97 103 106 104 103 101 95 91 90 92 96 99 101 102 101 100 100 100 100 100 100 100 99 99 99 99 99 99 99 100 100 100 100 101 102 103 104 105 107 109 113 114 112 114 114 104 98 97 97 93 84 77 80 85 88 92 93 92 91 90 90 90 89 88 88 86 82 75 72 74 80 88 95 102 105 104 100 90 75 67 60 55 52 48 45
84 84 86 89 92 93 93 92 91 93 96 97 100 105 106 103 102 100 95 91 90 92 94 98 101 102 101 100 100 100 100 100 100 100 100 100 99 99 99 99 99 100 100 100 101 101 102 103 104 105 107 109 111 112 114 116 111 102 96 92 88 83 86 88 88 89 91 93 93 93 93 92 90 89 89 90 87 82 75 74 81 90 98 104 104 101 98 90 75 65 58 52 49 46 46 47
80 80 81 83 87 93 94 91 89 92 96 97 97 101 105 104 101 102 100 96 92 90 90 93 97 100 100 100 100 100 100 101 100 100 100 100 100 100 100 99 99 100 100 100 100 101 101 102 103 104 105 107 108 109 111 113 112 106 97 91 89 94 97 95 91 89 88 90 93 94 95 94 92 90 90 89 87 82 78 84 92 99 104 105 101 95 87 74 65 58 51 46 44 42 44 50
85 83 80 79 83 88 90 86 86 90 94 95 96 97 100 102 102 102 103 100 96 93 91 91 92 93 95 98 100 102 102 101 101 101 100 100 100 100 100 100 100 100 100 100 100 100 101 101 102 103 104 105 106 107 108 109 109 107 102 96 97 104 105 101 96 91 88 89 92 95 95 94 93 91 90 89 88 85 87 94 99 101 99 96 96 90 78 65 59 53 47 41 41 43 46 53
96 95 92 88 86 84 82 81 84 88 91 91 91 93 94 97 99 100 101 101 99 97 95 93 90 86 88 94 99 102 103 103 102 102 101 101 100 100 100 100 100 100 100 100 100 100 100 101 101 102 103 103 104 105 105 106 106 105 104 101 102 106 108 105 100 95 92 92 93 93 92 93 93 92 91 91 90 92 97 100 101 99 92 90 96 90 74 61 55 48 41 38 41 46 52 56
96 100 102 100 94 87 83 86 90 89 88 87 86 86 88 90 92 94 96 99 99 98 97 96 92 85 85 90 95 99 102 104 104 103 102 101 101 101 100 100 100 100 100 100 100 100 100 100 101 101 102 102 103 103 104 104 104 103 103 103 103 106 107 106 103 102 100 98 96 94 93 94 94 92 91 90 92 98 103 102 98 93 89 93 96 88 69 57 50 43 38 39 44 48 55 61
93 97 102 103 99 95 94 98 98 93 88 86 86 85 86 87 88 89 90 94 96 97 97 96 95 92 89 88 91 95 98 101 104 105 104 102 102 101 101 100 100 100 100 100 100 100 100 100 100 101 101 101 102 102 102 102 102 102 102 102 103 104 105 105 105 106 106 104 102 101 101 98 94 91 90 92 94 99 102 100 95 91 94 99 94 80 62 52 44 41 40 44 49 52 58 70
92 95 100 101 100 99 100 104 103 96 88 88 90 90 90 89 90 90 90 90 92 95 96 96 98 100 94 89 87 90 93 96 100 104 105 104 103 102 101 101 100 100 100 100 100 100 100 100 100 100 100 101 101 101 101 101 101 101 102 102 102 102 103 104 105 105 106 106 107 108 108 103 96 91 93 96 97 99 99 97 95 98 102 101 90 68 53 45 43 44 46 51 56 60 72 98
92 95 99 101 101 101 101 103 102 96 91 91 92 93 93 93 94 95 94 93 93 93 94 96 98 101 98 92 88 88 90 92 95 100 104 105 104 103 102 101 101 100 100 100 99 99 99 100 100 100 100 100 100 100 101 101 101 101 101 101 101 102 102 102 103 104 105 105 107 109 109 107 102 99 100 101 101 100 99 99 101 106 106 98 81 59 45 42 47 50 52 57 63 76 104 113
92 95 100 102 102 102 102 102 100 98 96 95 94 95 96 96 96 97 97 97 96 95 94 94 97 100 99 95 90 88 88 90 93 96 100 103 103 103 103 102 101 100 100 100 100 99 99 99 99 100 100 100 100 100 100 100 100 100 100 100 101 101 101 102 102 103 103 104 105 107 109 109 108 109 108 107 106 104 104 107 110 110 104 90 68 49 42 45 53 56 60 64 75 102 111 111
91 93 98 103 105 104 104 103 102 100 100 99 98 97 98 98 98 98 98 98 97 96 95 95 96 99 99 96 93 89 89 90 91 93 95 99 101 102 103 103 102 101 100 100 99 99 99 99 99 99 99 99 100 100 100 100 100 100 100 100 100 101 101 101 102 102 103 103 104 106 107 108 110 113 115 113 111 110 111 115 114 108 96 77 55 43 44 50 56 62 72 82 100 106 106 103
89 91 96 102 106 107 107 106 105 104 103 102 101 100 100 101 100 99 99 98 98 98 97 97 97 98 99 99 97 92 89 89 89 89 92 96 100 102 103 103 102 101 100 100 100 99 99 99 99 99 100 100 100 100 100 100 100 100 100 100 100 100 100 101 101 101 102 103 104 105 106 107 109 113 118 118 117 118 119 117 110 101 84 65 50 49 54 56 61 72 87 110 115 107 101 95
89 90 91 96 105 109 110 109 109 109 108 106 104 103 102 103 102 101 100 99 99 98 99 98 96 95 98 100 100 96 90 87 87 88 91 95 98 100 102 103 103 101 100 100 99 99 99 99 99 99 99 100 100 100 100 100 100 100 100 100 100 100 100 100 101 101 102 102 103 104 105 106 109 112 116 118 121 125 124 114 104 91 74 60 56 63 67 68 75 91 110 120 117 107 97 92
90 86 80 88 102 110 112 114 114 116 114 111 107 105 104 104 104 104 102 101 100 99 99 99 97 94 96 99 100 99 94 89 88 89 90 92 96 97 99 102 103 102 100 99 99 99 99 99 99 100 100 100 100 100 100 100 100 100 100 100 100 100 100 100 100 101 101 102 103 103 105 106 108 110 113 117 122 128 125 112 99 83 68 64 65 69 74 84 101 109 113 115 112 102 95 91
85 79 70 79 94 108 117 120 120 123 121 115 110 107 106 105 106 105 103 102 101 100 100 100 99 97 96 97 99 100 98 93 90 89 90 91 92 93 95 99 103 102 100 99 99 99 99 99 99 100 100 100 100 100 100 100 100 100 99 99 100 100 100 100 100 101 101 102 102 103 104 106 107 109 112 115 120 127 126 113 98 82 74 74 73 74 85 103 110 110 109 106 104 99 94 92
79 75 75 81 92 107 124 127 125 128 126 118 112 109 107 106 106 105 104 103 102 101 100 100 102 101 98 96 97 99 100 98 94 90 89 90 90 91 92 95 99 101 100 99 99 98 98 98 99 101 101 101 101 101 100 100 100 100 100 100 100 100 100 100 100 101 101 101 102 103 104 105 107 108 110 113 117 123 124 115 103 92 89 85 80 86 102 111 111 107 104 101 99 96 94 93
78 81 86 93 102 109 122 130 129 129 128 120 112 108 107 106 105 104 105 105 103 102 101 101 103 103 100 98 97 98 101 101 98 94 89 87 87 89 90 91 93 96 97 97 97 98 98 97 98 101 104 104 103 102 101 100 100 100 100 100 100 100 100 100 100 100 101 101 102 103 104 105 106 108 110 112 115 120 123 121 117 107 99 93 92 103 113 113 110 105 101 98 95 93 93 94
90 92 99 107 110 106 102 109 117 120 121 116 110 107 105 104 104 104 105 105 104 103 102 102 104 104 102 100 99 99 100 101 100 97 92 88 86 88 90 90 89 91 92 94 95 96 98 98 98 101 104 106 106 104 102 101 100 100 100 100 100 100 100 100 100 101 101 101 102 103 103 104 106 107 109 111 114 118 122 126 129 122 107 103 112 115 114 111 108 104 100 97 93 91 92 92
97 103 109 109 104 93 88 88 91 96 103 107 106 103 102 102 102 103 104 105 105 105 103 104 106 106 103 102 100 98 98 99 98 97 95 92 89 88 89 90 89 90 92 94 95 96 98 100 100 100 102 104 106 105 103 101 100 100 100 100 100 100 100 100 100 101 101 101 102 102 103 104 105 107 109 111 113 117 122 128 136 137 124 119 120 116 112 108 106 103 99 95 92 90 90 90
91 95 101 96 87 82 78 75 75 81 91 99 99 98 98 99 100 101 103 105 106 107 105 105 109 110 105 102 100 98 97 97 95 94 93 93 93 92 91 91 92 93 95 96 96 97 98 100 100 99 98 98 101 103 102 101 100 100 100 100 100 100 100 101 101 101 101 101 102 102 103 104 105 107 108 110 113 116 121 129 142 149 143 131 119 114 110 105 103 102 99 95 92 89 88 89
85 85 84 82 79 75 68 65 71 80 89 93 94 93 94 96 97 99 101 103 105 107 108 108 110 112 107 102 100 100 98 96 94 92 91 91 92 92 93 94 95 95 95 96 96 97 98 99 100 99 98 96 96 97 100 100 100 100 100 100 101 101 101 101 101 101 101 101 102 102 103 104 105 106 108 110 112 116 121 130 145 155 153 136 118 112 107 104 102 101 99 96 93 90 89 90
84 82 79 79 76 70 63 63 73 82 87 88 89 91 91 92 93 94 96 100 103 105 107 109 113 114 110 104 102 101 99 97 96 95 92 90 89 89 90 94 97 98 97 95 95 95 96 97 98 100 100 98 96 96 98 100 100 100 101 101 101 101 101 101 101 101 101 101 102 102 103 104 105 106 108 110 112 115 120 129 143 154 152 135 117 109 105 103 100 99 97 96 96 97 95 93
85 82 78 77 73 67 64 67 75 80 83 83 87 89 89 88 87 87 90 95 99 101 104 111 120 122 113 106 102 99 99 98 98 99 97 93 89 87 87 89 93 97 98 96 94 94 94 95 96 97 99 99 98 97 98 99 100 101 102 102 102 102 102 101 101 101 101 102 102 102 103 104 105 106 108 110 112 115 120 127 140 149 148 134 116 107 103 101 99 97 97 99 101 102 100 95
85 84 80 78 72 67 66 69 72 75 78 83 87 87 86 82 80 82 86 91 96 100 108 118 129 132 114 104 100 97 97 98 98 99 100 98 95 91 87 86 87 91 96 97 94 92 92 93 94 94 96 99 100 99 98 99 100 101 103 104 104 103 102 102 102 102 102 102 102 103 103 104 105 106 107 109 112 115 119 125 134 143 143 132 118 108 102 98 98 98 100 103 101 96 93 94
88 87 84 79 74 69 68 67 66 69 76 84 86 84 81 75 74 78 85 91 98 108 116 122 132 131 110 102 98 96 95 96 96 97 98 99 100 97 91 88 87 88 92 95 96 94 91 91 92 94 95 97 100 101 100 98 97 98 102 106 108 105 103 102 102 102 102 102 102 103 103 104 105 106 107 109 111 114 117 122 129 136 138 130 119 111 104 99 100 102 102 101 94 87 86 90
89 87 81 76 75 74 70 65 62 66 76 82 80 78 75 72 73 76 82 93 107 117 120 117 111 108 100 97 96 95 94 95 95 96 96 96 98 99 96 90 88 88 90 93 96 95 92 90 90 93 95 98 100 102 101 97 94 94 100 108 112 108 104 103 102 102 102 102 102 103 103 104 104 106 107 108 110 113 116 119 124 129 133 129 121 116 112 106 104 104 100 92 88 86 85 87
85 81 72 68 70 72 69 64 60 66 74 74 68 68 68 69 71 73 79 95 113 123 116 90 70 77 90 93 93 93 93 94 95 96 96 94 95 98 99 94 88 87 89 92 95 96 94 91 90 92 96 99 102 103 102 97 95 97 100 104 110 109 105 103 102 102 102 102 102 103 103 104 104 105 107 108 110 112 114 117 120 124 129 129 125 121 117 112 107 103 94 86 88 87 87 88
82 77 69 66 65 65 63 57 52 58 66 65 59 60 65 69 74 77 84 96 106 112 84 60 46 64 83 89 91 92 92 93 94 96 96 95 94 96 98 98 92 86 86 89 93 95 95 92 91 92 95 100 104 106 107 105 102 101 99 97 101 106 105 103 102 102 102 102 102 103 103 104 104 105 106 107 109 111 112 115 117 120 124 125 123 120 116 112 106 97 86 85 89 89 88 91
83 80 73 69 68 66 62 52 43 51 58 55 48 48 51 61 72 81 90 92 84 49 37 37 39 62 80 85 88 90 91 92 94 96 97 95 95 95 96 98 96 88 84 86 90 92 94 93 92 92 94 101 107 107 110 112 107 101 96 93 95 100 103 102 102 102 102 102 103 103 103 104 104 105 106 107 108 110 111 113 115 117 119 120 119 116 113 108 100 91 85 88 91 91 91 93
83 80 76 75 76 74 68 57 46 56 59 54 47 43 45 58 68 77 83 76 55 34 27 30 39 62 77 83 86 87 87 91 95 98 98 97 96 95 96 97 97 92 85 83 84 87 91 92 92 92 95 101 108 107 107 110 107 102 98 95 95 98 101 102 102 102 102 102 103 103 104 104 104 105 106 106 107 109 110 111 113 114 115 116 115 113 110 105 98 93 92 92 93 93 93 94
81 78 76 78 79 76 70 65 68 73 72 65 59 58 61 72 73 78 76 62 44 38 35 40 51 67 76 81 83 83 85 91 95 98 98 97 97 97 96 97 98 98 91 83 81 83 86 90 93 95 97 98 100 102 103 106 106 104 101 99 97 99 101 102 102 102 102 103 103 104 104 104 104 105 105 106 107 108 109 110 111 112 112 112 112 111 108 105 101 98 97 96 95 95 95 95
81 79 78 78 75 69 63 63 73 86 87 79 70 68 75 80 80 83 74 49 41 45 48 57 67 76 80 82 83 85 89 91 92 93 96 97 97 97 97 97 99 102 99 91 86 84 85 89 93 95 94 89 89 95 98 101 104 104 103 101 100 100 101 102 103 103 103 103 104 104 104 104 104 105 105 106 107 107 108 109 109 110 110 110 109 108 107 104 102 100 99 97 97 96 96 95
84 83 80 76 72 65 60 58 65 76 83 80 76 73 79 82 86 84 69 46 42 49 59 71 80 83 83 83 86 91 93 90 88 89 92 96 98 98 99 98 100 104 105 99 94 91 90 91 92 90 86 83 84 89 94 97 100 102 103 103 102 102 103 104 104 104 104 104 104 104 104 104 105 105 105 106 106 107 107 108 108 109 109 108 108 107 106 104 102 101 100 99 98 97 97 96
