windninja/windninja_output/Output_2025-10-23_0600-0650_Google earth_Fire_150m_10min/merlingen_7.5mi_point_10-23-2025_0610_150m_ang.asc
ncols	158
nrows	163
xllcorner	391686.332397
yllcorner	5160024.123721
cellsize	150.000000
NODATA_value	-32768.000000
[rows 53 to 105 of 163, columns 0 to 95 of 158]
82 83 86 88 88 87 85 84 85 88 91 91 90 90 90 90 90 90 90 90 90 90 90 90 90 90 90 91 91 92 92 93 94 95 96 97 99 101 103 105 105 103 103 104 101 92 84 77 78 81 82 83 83 86 91 92 86 77 72 73 76 82 87 87 83 78 72 67 66 67 66 63 60 61 64 65 65 68 73 74 70 69 71 73 77 82 83 81 76 71 68 67 64 63 72 91
80 81 86 90 88 87 85 83 82 84 89 92 91 91 91 90 90 90 90 90 90 90 91 91 90 91 91 91 91 92 92 93 93 94 95 96 98 99 101 105 106 104 102 102 101 96 89 87 89 87 83 84 86 88 89 88 81 74 72 75 78 84 87 86 81 75 68 62 63 64 63 60 59 63 65 66 65 69 75 76 73 73 71 69 70 74 79 80 75 70 69 69 68 68 82 99
81 81 83 89 90 88 87 84 81 82 86 91 93 93 92 91 91 91 90 90 90 90 91 91 91 91 91 91 91 92 92 93 93 94 95 95 96 98 100 102 105 104 101 100 102 102 100 99 97 91 85 86 88 89 89 85 76 72 75 78 82 86 86 84 79 71 64 60 62 62 58 57 61 66 67 66 66 71 75 76 76 76 73 69 67 67 68 69 71 71 72 74 76 80 89 97
82 82 81 83 87 88 89 88 84 82 84 88 92 94 93 92 91 91 91 91 90 90 91 91 91 91 91 91 91 92 92 92 93 94 94 95 96 97 98 100 101 102 101 101 103 106 108 107 102 96 91 89 89 90 88 82 72 73 78 83 87 88 85 80 75 68 63 61 63 61 57 59 65 67 67 67 68 74 76 76 76 76 74 71 68 66 62 60 62 67 75 82 91 97 94 92
83 83 82 80 82 85 88 90 89 86 84 84 87 92 94 94 93 92 92 92 91 91 91 91 91 91 91 92 92 92 92 92 93 93 94 94 95 96 97 98 99 100 101 102 104 106 110 110 107 103 98 92 91 91 88 80 73 77 83 88 89 87 83 78 71 65 61 60 60 59 59 64 67 67 67 67 70 75 75 74 73 73 73 71 70 68 64 61 60 66 77 93 105 106 99 87
83 83 82 81 81 82 84 88 92 91 87 83 82 86 92 96 95 93 92 92 92 92 91 91 92 92 92 92 92 92 92 92 93 93 94 94 95 95 96 97 98 99 100 102 103 105 108 111 112 112 107 98 94 93 88 80 77 83 88 90 88 85 81 76 69 63 58 55 54 58 64 67 68 68 69 70 73 75 73 70 68 68 69 69 68 67 66 66 68 76 90 100 105 104 95 76
82 82 82 82 82 82 83 86 91 93 90 86 82 83 87 93 96 95 94 93 92 92 92 92 92 92 92 92 92 92 92 93 93 93 93 94 94 95 95 96 97 98 99 100 102 103 105 109 113 118 119 108 99 94 88 81 82 89 92 91 88 84 80 75 69 63 57 50 51 61 67 68 70 71 71 72 76 76 71 68 66 66 66 65 64 65 66 71 80 93 100 100 99 96 84 65
82 82 82 82 82 83 84 86 88 91 91 90 87 84 84 87 93 96 96 95 94 93 93 92 92 92 92 92 92 92 92 93 93 93 93 94 94 94 95 96 96 97 98 99 100 102 104 107 111 119 125 117 104 96 89 83 86 92 93 91 88 84 80 75 69 64 58 47 54 67 70 71 74 74 73 74 76 73 69 66 65 66 66 64 63 65 69 79 92 101 101 96 91 83 70 58
82 82 82 82 82 83 84 86 88 89 91 93 93 89 83 82 86 92 96 97 96 94 93 92 92 92 92 93 93 93 93 93 93 93 93 94 94 94 95 95 96 96 97 98 99 101 102 105 109 115 123 121 109 99 91 87 90 93 93 91 88 85 81 77 71 66 57 48 61 71 73 74 77 77 76 76 74 69 66 65 65 66 66 65 66 70 79 90 98 101 98 91 81 67 60 54
83 83 83 83 83 83 84 86 87 88 91 94 96 93 87 83 82 86 91 96 97 96 94 93 92 92 93 93 93 93 93 93 93 93 93 93 94 94 94 95 95 96 97 97 98 100 101 104 107 111 118 120 112 104 96 92 94 94 93 91 89 86 84 79 73 67 56 53 67 74 75 77 79 79 77 75 72 68 65 64 64 64 65 67 71 79 91 100 101 98 92 81 69 59 55 51
84 84 84 85 85 86 86 86 86 87 89 93 96 96 93 87 83 83 86 91 95 96 95 94 93 93 93 93 94 93 93 93 93 93 93 94 94 94 94 95 95 95 96 97 98 99 100 102 104 108 114 118 113 107 103 98 95 94 93 92 90 88 83 78 74 69 61 65 74 76 77 78 80 79 76 72 69 67 64 62 63 63 65 70 77 86 98 104 101 92 78 69 61 55 52 49
84 84 85 86 87 88 88 87 87 87 88 91 96 97 96 93 88 84 83 85 90 93 95 95 95 93 93 93 93 94 94 94 93 94 94 94 94 94 94 94 95 95 96 96 97 98 99 101 103 105 110 115 114 110 109 104 96 94 94 94 92 86 78 75 78 76 75 79 80 78 78 79 80 79 75 71 69 67 61 59 60 62 67 74 83 94 99 99 94 80 67 62 55 52 50 47
83 83 84 86 87 88 88 87 87 88 88 91 95 97 96 96 93 88 83 82 85 88 92 95 96 95 94 93 93 94 94 94 94 94 94 94 94 94 94 94 95 95 95 96 97 98 99 100 101 103 106 110 112 111 112 112 101 95 93 93 90 79 74 77 80 81 84 85 83 81 80 81 81 78 75 73 71 65 58 58 61 67 74 81 90 96 96 91 80 66 59 55 51 50 49 47
79 78 80 83 86 87 87 86 85 87 90 91 93 97 98 96 95 93 88 84 83 83 86 91 95 96 95 94 94 94 94 94 94 94 94 94 94 94 94 94 95 95 95 96 96 97 98 99 100 102 104 106 109 110 112 115 109 99 92 89 83 77 80 83 82 82 83 84 83 84 83 83 81 78 75 74 71 64 58 59 66 74 83 90 92 92 89 81 66 57 52 48 47 47 48 50
73 73 74 77 81 87 87 83 83 86 90 91 90 93 97 96 94 95 93 89 85 82 83 86 90 93 94 94 95 95 95 95 95 94 94 94 94 94 94 94 94 95 95 95 96 96 97 98 99 100 102 103 105 107 109 112 111 104 95 88 85 89 92 89 85 82 81 81 84 86 86 85 83 79 76 74 71 64 59 65 73 81 89 92 91 87 80 67 58 53 47 44 45 44 47 52
73 74 73 72 76 80 81 77 79 84 88 88 89 89 92 94 94 95 96 94 89 86 84 83 84 86 88 92 95 96 96 96 95 95 95 95 95 95 94 95 95 95 95 95 95 96 97 97 98 99 100 101 102 104 106 107 108 106 101 94 94 100 101 97 91 85 81 81 84 86 86 86 84 82 78 75 72 67 66 75 82 87 88 87 89 85 72 59 54 48 44 42 43 45 48 52
85 87 85 80 78 77 73 71 76 81 83 82 82 83 84 87 91 93 95 94 92 90 89 86 83 79 81 88 94 97 98 98 97 96 96 95 95 95 95 95 95 95 95 95 95 96 96 97 97 98 99 100 101 102 102 103 104 104 102 99 100 105 106 102 97 91 87 86 85 85 84 85 86 83 78 77 76 74 77 84 88 88 83 83 91 85 68 56 50 44 41 40 42 46 50 53
89 94 97 96 91 83 77 79 83 83 81 78 77 77 78 80 83 86 89 92 93 92 91 90 85 78 79 85 90 94 97 99 99 98 97 96 96 95 95 95 95 95 95 95 95 95 96 96 97 97 98 98 99 100 100 101 101 101 101 100 101 104 105 104 102 100 97 94 91 87 85 86 86 82 79 78 79 82 86 89 88 84 82 87 91 83 63 52 46 42 39 39 43 45 51 54
87 91 98 100 97 92 90 94 95 89 83 81 81 79 79 79 80 81 83 86 89 91 92 91 88 84 82 82 85 88 92 96 99 100 99 97 96 96 95 95 95 95 95 95 95 95 95 96 96 96 97 97 98 98 99 99 99 99 99 99 100 101 102 103 104 105 104 102 99 96 94 92 87 82 79 79 82 85 88 88 86 83 87 93 89 74 55 47 42 41 40 42 45 46 50 57
87 90 95 97 97 96 96 100 100 93 86 85 87 86 85 84 85 84 83 83 85 88 90 90 91 92 88 83 82 84 87 90 94 99 100 99 98 97 96 96 95 95 95 95 95 95 95 95 96 96 96 97 97 97 98 98 98 98 98 98 99 99 100 101 102 103 104 105 105 106 106 100 91 84 83 84 85 86 86 85 86 90 95 95 85 61 47 43 43 44 43 47 50 52 58 79
88 91 95 97 97 97 98 100 99 94 89 88 89 89 89 89 89 89 88 86 86 87 88 89 91 93 92 87 83 82 84 86 89 94 99 100 99 98 97 96 96 95 95 95 95 95 95 95 95 96 96 96 96 97 97 97 97 97 97 98 98 98 99 99 100 101 102 103 105 108 109 106 99 93 92 93 92 90 87 87 91 98 100 92 75 53 42 41 46 47 46 50 55 64 87 98
88 91 96 99 99 99 99 99 97 95 94 92 91 91 91 92 92 92 92 91 91 89 88 88 90 93 92 89 85 83 83 84 87 90 94 97 98 98 98 97 96 96 95 95 95 95 95 95 95 95 96 96 96 96 96 96 96 97 97 97 97 97 98 98 98 99 100 101 103 105 106 107 106 105 104 101 99 94 90 93 99 102 98 84 61 46 41 43 49 50 52 53 59 85 96 97
88 90 95 100 102 101 102 101 98 98 97 95 94 93 94 94 94 93 93 93 93 92 90 89 90 93 93 91 87 85 84 85 86 88 90 93 96 97 98 98 97 96 95 95 95 95 95 95 95 95 95 96 96 96 96 96 96 96 96 96 96 97 97 97 98 98 99 100 101 102 103 104 107 111 112 109 105 100 97 103 106 101 90 71 51 41 42 47 51 55 63 66 80 93 94 90
87 88 93 99 104 105 105 104 102 101 100 99 98 97 96 96 96 95 94 94 93 93 92 91 91 92 93 94 92 87 84 84 85 85 87 91 95 97 98 98 97 96 95 95 95 95 95 95 95 95 95 95 96 96 96 96 96 96 96 96 96 96 96 97 97 98 98 99 99 100 101 103 105 110 115 115 112 110 109 108 104 95 78 60 47 45 49 52 55 65 78 95 103 98 90 83
87 87 89 95 103 107 108 107 106 106 104 103 101 99 99 98 98 97 96 95 94 94 93 93 91 89 92 95 96 92 86 83 83 84 86 90 93 96 97 98 98 96 95 95 95 95 95 95 95 95 95 96 96 96 96 96 96 96 96 96 96 96 96 96 97 97 97 98 99 99 100 102 104 108 112 116 118 120 117 108 98 85 68 56 53 58 63 63 67 80 96 107 106 96 86 79
88 85 80 87 101 109 111 112 112 113 111 107 103 101 100 100 100 99 98 96 95 95 95 94 91 88 91 94 96 95 89 85 84 85 86 88 91 93 95 98 99 97 95 95 95 95 95 95 95 95 96 96 96 96 96 96 96 96 95 95 95 96 96 96 96 96 97 97 98 99 100 101 103 105 109 113 119 125 121 107 93 75 61 58 58 61 65 71 85 94 99 102 100 91 82 77
85 79 71 78 93 107 115 118 118 120 117 111 106 103 101 101 101 100 99 97 96 96 95 95 93 91 91 92 94 95 93 89 86 85 86 87 88 88 91 95 98 98 96 95 95 94 95 95 95 96 96 97 97 96 96 96 96 96 95 95 95 95 96 96 96 96 96 97 98 98 99 100 102 104 106 110 116 124 123 108 90 70 61 61 59 60 69 86 95 98 97 94 92 88 81 77
78 74 72 78 89 105 121 124 123 124 121 113 107 104 102 102 101 101 100 98 97 97 96 96 96 95 93 92 92 94 96 94 90 86 85 85 86 86 87 90 94 96 96 95 95 94 94 95 96 97 98 98 98 97 97 96 96 96 95 95 95 95 95 95 96 96 96 97 97 98 99 100 101 102 104 108 113 120 121 110 92 75 70 66 62 68 86 99 100 97 93 90 88 85 81 79
75 78 83 90 100 106 116 124 123 123 121 114 107 103 102 102 101 100 100 100 99 97 97 97 98 98 96 94 92 94 97 97 94 90 85 83 83 85 86 86 88 91 92 93 94 94 94 94 95 98 101 101 100 98 97 97 96 96 96 96 95 95 95 95 96 96 96 96 97 97 98 99 100 102 103 106 110 116 119 115 104 88 78 71 71 85 101 103 99 94 91 88 85 81 80 80
88 90 96 105 108 103 97 102 109 111 112 108 104 102 100 100 100 99 100 101 100 99 98 98 99 99 98 96 95 94 96 97 96 93 89 84 82 83 85 85 85 85 87 89 91 92 94 94 95 98 101 103 103 100 98 97 96 96 96 96 96 96 96 96 96 96 96 96 97 97 98 99 100 101 103 105 108 112 117 120 120 103 84 80 91 103 104 102 99 94 89 85 82 78 78 78
94 100 106 106 102 91 85 84 85 89 95 99 100 98 98 98 98 98 100 101 102 101 99 100 102 102 99 98 96 94 94 95 94 93 91 89 86 85 86 86 85 86 87 89 90 91 93 95 95 96 97 100 102 102 99 97 96 96 96 96 96 96 96 96 96 96 96 96 96 97 98 98 99 101 102 104 107 110 116 123 132 127 100 96 107 108 104 100 98 94 89 85 81 77 76 76
90 93 98 93 85 81 78 74 74 78 86 93 95 94 94 95 96 97 99 101 102 103 102 101 105 106 101 98 96 95 94 93 92 90 90 90 90 89 88 87 87 89 90 92 92 93 94 96 97 95 94 94 96 98 98 97 96 96 96 96 96 96 96 96 96 96 96 96 96 97 97 98 99 100 102 103 106 110 115 124 141 148 132 116 110 107 103 98 95 94 90 86 82 78 76 76
85 84 83 82 79 75 69 66 72 79 86 90 91 90 91 92 93 95 97 100 102 103 104 105 107 109 104 98 97 96 94 92 90 88 87 88 89 89 90 91 92 92 92 92 93 93 94 96 97 97 95 93 92 93 96 96 96 96 97 97 97 97 96 96 96 96 96 96 96 97 97 98 99 100 101 103 105 109 114 124 144 155 150 127 111 105 100 96 94 93 90 87 83 80 78 77
84 82 79 79 76 71 64 65 74 82 86 86 87 88 88 88 89 91 93 96 99 102 104 107 110 111 106 101 99 97 95 93 92 91 89 87 85 85 87 91 94 95 93 92 91 92 93 94 96 97 97 95 93 93 94 96 97 97 97 97 97 97 97 97 97 96 96 96 96 97 97 98 99 100 101 103 105 108 114 124 143 155 151 128 110 103 99 96 92 90 89 87 86 85 81 77
85 82 79 78 74 69 66 69 76 81 82 82 85 86 85 85 84 84 88 92 95 97 101 109 118 119 109 102 98 96 95 95 95 96 94 90 86 83 83 85 90 94 95 93 91 90 91 92 93 95 96 97 96 94 95 96 97 98 98 99 99 98 98 97 97 97 96 96 97 97 97 98 98 100 101 102 105 108 113 123 138 151 148 130 110 101 97 95 92 90 89 91 92 90 84 78
86 84 81 79 74 69 67 70 73 75 77 82 85 84 82 79 77 79 83 88 93 97 105 116 127 128 110 101 97 94 94 94 95 96 97 96 92 88 84 83 84 88 93 94 91 90 90 91 91 92 94 96 97 96 95 96 97 99 100 101 101 100 99 98 97 97 97 97 97 97 97 98 98 99 101 102 105 108 112 120 132 144 144 131 115 102 96 92 92 92 94 95 93 88 85 85
88 88 85 80 76 71 69 69 67 69 76 84 84 82 79 73 72 76 82 89 96 106 114 120 129 125 106 98 95 93 92 93 93 94 95 97 98 94 89 85 84 86 89 92 93 91 88 88 89 91 92 95 97 98 97 95 94 95 99 104 105 102 100 98 98 97 97 97 97 97 97 98 98 99 100 102 104 107 111 116 125 135 139 130 118 109 100 95 94 96 97 95 88 82 81 85
89 87 82 77 77 75 72 68 63 67 76 82 80 76 73 70 70 74 81 92 106 116 119 116 109 101 96 94 92 91 91 92 92 93 93 94 96 97 94 88 86 86 88 91 93 92 90 88 88 90 93 95 98 100 98 93 90 91 98 106 110 105 101 99 98 97 97 97 97 97 97 98 98 99 100 102 103 106 109 113 119 127 132 129 121 116 110 103 101 100 96 87 83 82 80 81
85 82 74 71 73 75 72 67 62 67 75 76 70 68 67 68 70 72 78 94 112 123 116 93 70 74 86 89 90 90 90 91 92 93 93 93 94 96 97 92 87 85 86 90 93 93 92 89 88 90 93 97 100 102 100 94 92 95 98 102 108 106 102 99 98 98 97 97 97 97 97 98 98 99 100 101 103 105 107 110 115 121 126 127 123 120 115 109 105 100 92 83 85 85 84 84
83 79 72 69 69 69 68 63 57 61 68 68 62 62 65 69 74 76 84 96 107 115 89 62 49 63 80 85 87 89 90 90 92 94 94 94 93 94 97 97 90 84 83 87 91 93 92 90 89 90 94 99 102 105 106 104 101 100 97 95 98 102 101 99 98 98 97 97 97 97 98 98 98 99 100 101 102 104 106 108 111 115 120 123 121 118 114 110 104 95 85 84 88 88 87 89
85 82 77 73 72 72 69 61 50 56 61 59 53 52 55 64 74 83 92 94 87 54 42 41 42 61 77 83 86 87 88 90 93 95 96 94 93 94 95 97 94 86 82 84 88 90 91 90 89 90 93 100 106 107 109 111 106 100 95 91 92 97 99 99 98 98 98 98 98 98 98 98 98 99 99 100 101 102 104 106 108 111 114 117 117 114 111 106 99 89 84 87 89 89 89 91
85 84 80 80 81 80 76 67 58 63 64 60 53 50 52 64 73 82 86 78 58 36 29 35 43 63 76 81 83 84 85 89 94 97 97 95 94 95 95 96 97 92 84 81 82 85 89 91 91 91 94 101 108 107 107 110 106 101 97 94 93 95 97 98 98 98 98 98 98 98 98 98 98 99 99 100 101 102 103 104 106 107 109 111 111 110 108 103 96 91 89 89 90 90 89 90
84 82 81 83 84 81 77 74 81 84 79 71 66 64 68 76 77 81 78 64 46 40 37 43 54 69 77 80 81 81 84 90 94 97 97 96 96 96 96 97 99 99 91 84 81 82 86 90 93 96 98 98 101 102 102 105 105 103 100 97 95 96 97 98 99 99 98 98 98 98 98 98 98 98 99 99 100 101 102 103 104 105 106 106 106 106 104 101 97 94 92 91 90 89 89 89
85 84 83 83 81 74 70 71 83 93 91 82 74 72 79 83 83 85 76 50 42 46 49 59 69 77 80 80 81 84 88 90 91 92 95 97 97 97 97 98 100 103 100 92 87 85 87 91 95 97 95 90 89 94 98 100 103 102 101 100 98 97 99 99 99 99 99 99 99 99 99 98 98 98 99 99 100 100 101 101 102 103 103 103 103 102 101 99 97 94 93 91 90 89 89 88
88 87 85 82 77 71 66 65 71 81 86 81 78 77 82 85 88 86 70 46 41 49 60 73 82 84 82 82 84 89 91 89 87 88 91 95 97 98 99 100 101 105 106 101 96 93 92 93 94 92 87 84 84 89 93 96 98 100 101 101 100 99 100 101 101 100 100 100 100 99 99 99 99 99 99 99 99 100 100 100 101 101 101 101 101 100 99 98 96 94 93 91 90 89 88 88
89 88 84 81 79 75 69 66 67 70 73 77 83 86 87 88 87 78 60 48 45 54 69 81 86 80 79 82 86 88 90 89 88 87 90 93 97 100 102 103 103 106 109 106 100 97 96 94 91 87 85 84 84 87 91 93 94 98 100 100 100 100 101 102 103 102 102 101 100 100 99 99 99 99 99 99 99 99 100 100 100 100 100 100 99 98 98 96 95 94 92 91 90 89 88 87
87 85 82 82 83 81 78 74 71 68 69 72 77 85 88 86 79 68 56 49 52 65 78 82 73 63 71 79 83 86 87 89 90 90 91 94 97 100 103 107 107 108 111 109 102 99 98 94 90 87 86 86 85 86 89 92 93 94 98 99 99 99 100 102 104 105 104 103 101 100 100 99 99 99 99 99 99 99 99 99 99 99 99 99 98 97 97 96 94 93 92 91 90 89 88 87
85 83 81 81 81 79 78 78 74 70 70 69 70 77 81 78 74 70 61 57 69 82 83 71 54 56 67 75 80 83 85 87 91 94 96 98 99 99 102 108 111 111 113 113 107 101 97 94 91 88 87 87 87 87 88 90 91 91 95 99 99 98 98 100 103 106 106 105 103 101 100 100 100 100 99 99 99 99 99 99 99 99 99 98 98 97 96 95 94 93 92 91 89 88 87 86
86 85 83 80 78 76 75 75 74 72 71 69 67 66 68 70 72 73 69 75 87 90 77 58 53 59 68 73 77 80 83 87 92 96 101 102 102 101 103 108 114 115 115 117 112 103 98 95 93 91 89 88 88 88 88 89 89 90 92 95 98 98 97 97 100 104 106 107 105 102 101 101 101 100 100 100 100 100 99 99 99 99 99 98 97 96 96 95 93 92 91 90 89 88 87 86
87 86 83 80 77 76 75 75 74 73 72 70 67 63 65 70 73 73 74 82 86 77 60 56 58 63 69 73 76 80 84 88 93 97 101 105 107 106 106 108 114 117 117 119 118 110 102 98 95 93 90 88 88 88 89 89 90 90 90 91 95 98 98 97 98 101 104 104 103 101 100 102 103 102 101 100 100 100 100 100 100 99 99 98 97 96 95 95 93 92 91 90 89 88 87 86
87 86 83 80 77 76 76 75 74 74 73 73 72 74 78 79 78 77 78 81 74 56 54 59 61 62 68 74 78 83 87 89 91 95 100 105 110 111 109 109 113 118 120 122 123 118 108 101 96 93 91 90 90 90 90 90 90 90 90 91 93 96 97 96 96 98 100 100 100 98 98 101 104 103 102 101 101 101 101 101 100 100 99 99 98 97 96 94 93 92 91 90 89 88 87 86
87 86 82 79 78 78 77 76 75 76 77 79 81 88 92 91 86 81 80 75 63 54 57 60 60 61 68 74 80 85 89 90 91 94 98 102 109 113 112 112 115 120 122 124 126 123 115 106 99 94 93 92 92 92 92 90 90 90 90 91 92 94 95 95 95 95 96 97 97 96 95 96 100 103 102 102 103 103 103 102 102 101 101 100 98 97 96 95 94 92 91 90 89 88 87 86
87 85 81 78 78 78 78 76 75 77 80 84 88 93 95 94 90 83 77 70 62 60 61 60 60 63 68 73 78 84 88 91 93 94 95 100 107 114 116 117 118 121 124 125 128 128 122 114 106 100 96 94 93 92 93 93 91 90 90 90 91 91 93 95 94 93 94 95 95 94 92 90 92 97 99 101 104 105 104 104 104 104 103 101 100 98 97 95 94 93 92 90 89 88 87 86
