windninja/windninja_output/Output_2025-08-24_0900-0950_Google earth_Fire_150m_10min/merlingen_7.5mi_point_08-24-2025_0900_150m_ang.asc
ncols	158
nrows	163
xllcorner	391686.332397
yllcorner	5160024.123721
cellsize	150.000000
NODATA_value	-32768.000000
[rows 54 to 107 of 163, columns 0 to 95 of 158]
26 23 14 7 6 6 5 5 5 2 356 353 352 352 351 350 350 349 349 349 348 348 347 347 347 347 347 347 346 346 346 346 345 345 345 344 343 342 341 339 338 337 338 339 341 346 353 355 354 356 360 2 1 1 2 2 7 15 20 21 20 21 25 25 20 17 17 19 24 26 25 26 29 31 32 32 31 33 35 34 34 36 38 37 39 43 45 45 45 45 46 46 45 44 56 69
23 22 18 10 7 7 6 6 7 5 359 354 352 351 351 350 350 349 349 349 349 348 348 347 347 347 347 347 347 347 346 346 346 346 345 345 344 344 342 340 337 336 338 340 340 341 346 348 348 353 359 2 1 2 4 6 10 16 18 18 17 18 23 24 20 17 17 18 22 26 27 30 32 32 32 31 31 32 34 32 30 33 36 36 37 39 40 41 43 45 48 49 47 48 62 71
23 23 21 17 12 9 6 5 6 6 2 357 353 350 350 350 350 349 349 349 349 349 348 348 348 347 347 347 347 347 347 347 346 346 346 346 345 345 344 343 341 339 339 342 341 340 340 341 344 350 356 360 1 2 5 9 13 15 16 14 13 16 23 27 24 19 18 19 24 30 32 32 31 30 30 30 30 32 32 30 30 33 36 36 37 38 38 38 40 45 52 55 54 54 63 65
25 23 21 19 15 12 8 3 2 3 2 1 357 352 350 350 350 350 349 349 349 349 349 348 348 348 348 347 347 347 347 347 347 347 347 346 346 346 345 345 344 343 342 342 342 339 337 337 340 346 352 357 1 2 6 10 11 12 12 10 12 18 25 30 28 22 19 21 27 32 31 29 29 28 28 27 28 30 29 28 30 33 36 38 40 42 42 41 40 43 50 54 54 59 68 64
26 24 21 19 17 14 11 5 0 359 0 3 2 358 352 348 349 349 349 349 349 348 348 348 348 348 348 348 348 348 348 347 347 347 347 347 347 347 346 346 346 345 344 344 342 340 338 335 334 339 346 354 359 1 6 9 9 9 9 9 13 20 27 32 31 25 20 20 24 27 26 26 28 28 27 26 26 28 27 27 29 33 36 39 42 45 45 45 44 44 50 56 57 66 72 62
26 25 23 21 18 16 13 8 2 358 359 2 4 2 356 351 348 348 348 349 349 349 348 348 348 348 348 348 348 348 348 348 348 348 348 348 348 348 347 347 347 347 346 346 345 343 342 339 335 334 340 348 355 359 5 9 8 8 9 11 15 21 28 33 33 27 21 18 21 26 26 26 27 27 26 25 27 27 28 29 31 34 37 38 40 43 44 45 46 51 60 64 66 71 69 59
27 27 25 22 20 17 13 9 5 1 359 359 360 1 0 357 351 348 347 348 349 349 349 349 349 349 349 348 348 348 348 348 348 348 348 348 348 348 348 348 348 348 348 347 347 346 345 343 340 336 336 341 349 356 4 9 9 7 9 12 16 23 29 34 34 29 23 18 23 28 27 26 27 27 25 25 28 29 30 32 33 36 38 38 39 41 43 46 51 61 66 67 67 65 62 56
29 29 27 24 21 18 14 10 6 3 360 357 356 358 1 1 357 352 348 347 347 348 349 349 349 349 349 348 348 348 348 349 349 349 349 349 349 349 349 349 349 349 349 349 348 348 347 346 344 340 337 337 342 351 2 10 10 9 11 14 19 25 30 33 34 31 26 21 24 27 26 26 26 26 25 26 29 30 31 33 34 37 40 41 42 43 46 50 59 67 67 66 63 58 56 54
32 31 29 25 21 18 14 10 7 4 1 357 354 355 359 1 1 357 352 348 347 347 348 349 350 349 349 348 348 349 349 349 349 349 349 350 350 350 350 350 350 350 350 350 350 350 349 349 347 344 341 339 340 347 360 9 11 11 13 16 20 24 27 30 33 32 27 23 25 25 25 26 27 26 25 28 31 32 32 33 35 38 41 44 45 48 55 61 67 68 66 64 60 55 54 53
38 36 31 26 21 16 13 11 9 6 2 358 355 354 355 358 1 1 358 353 349 348 348 349 349 349 349 348 349 349 349 349 349 350 350 350 350 350 351 351 351 351 351 351 351 351 351 350 349 348 345 342 342 346 355 5 11 12 13 15 16 20 24 31 38 37 30 26 24 24 25 27 28 26 25 28 31 31 31 32 35 37 40 44 45 52 62 69 72 69 62 61 58 55 53 52
44 40 33 27 21 17 14 12 10 8 5 360 355 354 353 354 357 1 1 357 354 351 349 348 349 349 349 349 349 349 349 349 350 350 350 350 351 351 351 352 352 352 352 352 352 352 352 352 352 350 348 344 343 346 350 359 10 14 13 12 13 20 31 43 49 42 30 24 23 24 25 27 29 27 25 27 29 28 28 30 33 36 39 43 47 58 66 69 70 63 58 57 54 54 53 51
44 40 32 26 21 18 15 13 11 8 5 0 356 354 353 352 353 358 1 0 359 356 352 349 348 348 349 350 350 349 349 350 350 350 351 351 351 352 352 352 353 353 353 353 354 354 354 354 353 353 351 348 346 346 347 353 5 13 14 13 15 26 38 42 38 30 23 20 21 24 25 28 31 28 25 25 27 26 25 30 35 38 41 45 52 64 68 67 61 55 54 53 52 52 52 51
39 36 31 27 22 17 14 12 11 8 3 0 359 354 352 353 352 354 357 360 1 359 356 353 350 348 349 350 350 350 350 350 350 351 351 351 352 352 352 353 353 354 354 354 355 355 355 355 355 355 354 353 351 349 348 348 356 10 17 20 20 22 28 29 28 25 22 20 22 25 26 30 32 28 25 24 25 25 26 31 36 39 41 44 54 63 66 62 55 52 50 49 50 50 51 53
27 28 28 26 22 15 11 12 13 9 3 1 1 357 353 353 353 353 353 355 359 1 0 358 354 351 350 349 349 349 350 350 350 351 351 351 352 352 353 353 354 354 355 355 356 356 356 357 357 357 357 357 356 355 353 350 352 5 21 26 20 15 19 24 27 26 25 24 25 26 27 31 33 29 25 25 25 24 24 29 32 36 42 46 58 66 64 56 53 51 47 46 47 47 50 54
7 16 22 21 19 14 10 12 15 11 5 2 1 359 357 354 353 353 352 353 356 359 360 360 359 357 355 352 349 348 348 349 350 351 351 352 352 353 353 354 355 355 356 356 357 357 358 358 359 359 359 360 360 360 359 359 359 6 19 26 20 14 17 24 28 28 28 27 27 27 28 33 36 32 27 28 26 23 23 29 34 41 49 55 70 73 63 53 51 48 46 44 46 48 49 52
356 5 17 18 18 16 14 13 14 10 6 4 3 2 1 359 357 355 353 353 354 355 356 358 0 3 2 356 351 348 347 348 349 350 351 352 352 353 354 354 355 356 356 357 358 358 359 360 0 1 1 2 3 3 4 5 7 10 16 22 21 17 18 26 30 31 31 30 28 28 30 36 39 32 28 30 29 25 25 33 41 50 57 64 78 76 60 51 49 46 43 43 45 47 49 50
6 10 18 22 24 25 20 14 12 11 9 8 8 7 6 4 3 1 359 356 354 354 355 355 359 5 5 0 355 351 349 347 348 349 351 352 353 353 354 355 356 356 357 358 359 359 0 1 2 2 3 4 5 6 7 9 11 14 17 20 22 22 24 33 38 38 37 36 33 32 33 39 39 30 29 32 33 29 29 37 47 56 62 72 81 73 56 49 46 44 41 41 43 44 47 48
22 23 25 31 37 37 29 19 14 14 15 16 15 14 11 8 7 6 4 1 357 356 355 355 357 359 1 2 360 357 354 351 348 348 350 351 352 354 354 355 356 357 358 359 360 0 1 2 3 4 5 6 7 8 10 11 13 16 18 20 22 25 28 34 40 44 48 49 44 38 37 42 41 33 33 36 37 33 33 42 53 61 69 80 78 64 50 46 44 43 42 42 43 42 44 48
32 32 31 32 33 33 28 21 18 21 25 25 21 17 13 10 7 6 5 4 2 359 357 356 356 355 356 1 3 1 358 356 353 350 349 350 352 354 355 356 357 358 359 360 1 1 2 3 4 5 6 7 9 10 12 13 15 18 20 22 24 26 29 32 36 41 47 52 51 50 52 56 51 42 39 41 42 38 35 45 57 66 77 82 73 53 43 42 44 45 43 44 45 45 49 65
41 39 37 35 33 31 26 21 20 23 23 21 17 13 10 8 6 4 3 3 2 1 359 358 356 355 354 358 3 3 2 0 358 355 351 351 352 353 355 356 357 358 359 0 1 2 3 4 5 7 8 9 10 12 13 15 17 19 21 23 26 28 30 33 36 39 42 45 48 57 68 72 65 52 48 48 49 44 38 48 61 73 82 78 63 47 40 41 46 46 43 45 48 55 72 86
49 48 45 41 38 34 29 25 22 21 18 16 14 10 7 6 4 2 0 360 360 360 0 360 358 356 355 357 1 3 3 2 0 359 356 354 354 354 355 356 358 359 0 1 2 3 4 6 7 8 9 10 12 13 15 17 19 21 23 25 27 29 32 34 37 39 41 43 46 53 60 65 64 58 54 54 52 46 42 52 67 77 79 69 53 42 41 43 47 46 46 43 46 70 84 88
56 55 53 50 46 40 33 27 22 18 15 13 11 8 6 4 3 1 359 359 359 359 360 360 358 356 355 356 359 2 3 2 1 1 1 359 356 355 355 356 358 360 1 2 3 4 5 7 8 9 10 12 13 15 16 18 20 22 24 26 28 31 33 35 37 39 41 44 47 50 53 55 57 59 60 60 53 45 45 59 75 78 73 59 45 39 41 44 47 51 55 51 62 82 86 85
61 61 61 61 57 50 38 28 21 16 13 10 8 6 4 2 2 0 359 360 359 359 359 358 358 357 356 354 356 360 3 4 4 5 4 1 358 356 357 357 358 0 2 3 4 5 7 8 9 10 12 13 15 16 18 20 21 23 25 28 30 32 34 36 38 40 43 45 48 50 52 54 56 58 61 63 58 47 50 68 78 76 66 53 45 44 47 48 52 60 68 80 93 91 86 81
66 67 68 70 70 63 46 27 15 9 7 6 5 3 2 1 0 359 359 360 359 359 358 358 359 0 357 354 353 357 3 6 6 6 5 2 359 358 358 358 359 1 2 4 5 7 8 9 10 12 13 14 16 18 19 21 23 25 27 29 31 33 35 37 39 42 44 46 48 51 53 54 55 57 60 65 65 57 63 77 78 70 60 53 52 57 60 59 60 69 80 93 96 91 84 80
73 72 69 74 86 86 56 7 357 357 359 2 2 2 1 0 359 358 358 359 359 358 357 358 0 2 359 355 354 355 0 5 5 5 5 4 2 1 1 359 359 1 3 5 6 8 9 10 12 13 14 16 17 19 21 22 24 26 28 30 32 35 37 39 41 43 45 47 49 51 53 54 56 58 61 65 68 68 75 81 75 62 54 53 52 54 57 61 69 77 84 91 93 88 82 79
73 71 64 61 73 74 1 339 342 348 355 359 0 1 1 360 358 358 358 359 359 358 357 358 359 360 360 358 356 356 358 1 4 5 6 6 5 5 5 2 0 2 4 6 7 9 11 12 13 14 15 17 18 20 22 24 26 28 30 32 34 36 38 40 42 44 46 48 50 52 54 55 56 59 61 64 67 73 82 80 69 54 49 48 47 48 55 68 79 85 87 88 89 87 83 81
67 62 50 42 32 13 351 345 346 349 354 357 360 1 1 360 359 359 359 359 358 358 358 358 358 358 358 359 359 358 357 358 2 5 7 7 7 8 8 7 4 3 5 7 9 11 13 14 15 16 16 18 19 21 23 25 27 29 31 33 36 37 40 42 44 46 48 50 52 54 55 56 57 60 62 64 67 72 80 77 61 50 48 46 45 52 68 83 87 88 88 87 87 86 85 86
65 61 48 32 20 16 9 360 358 358 358 359 1 2 1 360 360 0 359 358 357 357 358 358 357 356 357 358 0 359 357 357 359 2 7 10 9 8 9 10 9 7 9 11 13 15 16 18 20 19 17 18 20 22 25 27 29 31 33 35 37 39 41 43 45 47 49 51 53 55 56 57 59 61 63 65 67 70 74 71 56 49 50 49 51 66 86 91 90 88 87 87 86 85 86 88
74 68 43 20 15 24 23 15 10 8 6 5 4 4 3 2 1 1 359 357 356 357 357 357 357 356 356 357 359 359 358 357 358 1 6 11 12 10 10 11 12 11 12 13 14 14 15 16 19 19 17 17 19 22 25 28 31 33 35 37 39 41 43 45 47 49 51 53 54 56 57 59 60 62 64 66 68 70 72 69 56 47 49 54 66 87 92 93 92 90 87 86 84 83 85 87
55 43 23 21 23 29 28 24 22 19 15 10 8 7 6 4 3 1 359 357 356 356 356 357 356 355 356 357 359 360 0 0 0 2 6 9 12 12 11 12 13 12 11 11 11 12 12 12 15 17 18 18 19 22 26 29 32 34 36 39 41 43 45 47 49 50 52 54 56 57 59 60 62 64 65 68 70 71 73 73 63 49 50 60 84 96 96 94 93 92 90 87 84 83 84 86
40 33 28 34 37 36 34 34 34 29 20 13 11 10 8 5 3 2 359 356 355 354 355 355 353 353 355 358 359 1 2 3 3 6 8 10 11 12 13 14 13 12 11 11 12 14 15 15 17 21 23 23 23 24 27 31 34 36 38 40 42 44 46 48 50 52 54 55 57 59 60 62 63 65 67 69 71 72 74 76 73 63 64 78 94 97 95 93 93 93 92 90 87 85 84 86
38 42 47 50 50 48 45 44 40 31 20 15 14 12 9 7 5 3 0 357 355 353 352 351 351 351 354 358 359 0 2 4 5 7 10 11 11 13 14 13 12 12 13 15 16 18 20 23 25 28 29 30 30 30 30 33 36 39 41 43 45 46 48 50 52 54 55 57 59 60 62 63 65 67 69 71 72 74 77 80 83 92 100 101 99 97 94 92 92 93 93 91 89 87 86 88
47 53 58 59 60 58 53 45 36 26 18 17 15 11 10 9 8 6 3 0 355 351 347 344 346 350 354 357 359 0 2 4 5 5 8 10 12 14 15 14 12 12 14 16 18 20 24 28 30 30 31 33 35 35 35 37 39 41 43 45 47 48 50 52 54 55 57 59 60 62 63 65 67 68 70 72 74 76 80 85 98 123 124 110 101 96 95 93 92 92 91 91 92 93 91 89
61 65 67 66 61 54 45 34 28 24 20 19 15 11 11 11 10 9 7 2 357 351 342 337 341 349 355 358 0 2 3 4 4 3 6 9 11 14 16 16 15 13 14 17 20 23 27 30 32 33 34 35 36 38 39 41 43 45 47 48 49 50 52 54 55 57 59 60 62 63 65 66 68 70 72 74 76 78 83 90 106 131 133 116 101 95 93 93 92 91 92 95 98 98 95 91
68 68 62 53 44 38 33 29 28 29 25 18 12 10 10 11 12 11 8 2 356 348 341 342 347 353 357 360 2 5 5 5 5 5 6 7 9 13 17 19 19 18 16 16 20 24 28 30 32 33 35 35 36 39 41 44 47 49 51 51 52 53 54 55 57 59 61 62 64 65 66 68 70 71 73 75 78 81 86 92 105 126 133 122 108 97 92 91 91 93 96 99 98 94 92 93
65 59 47 42 38 33 31 32 31 31 25 15 11 10 11 13 14 11 5 359 351 344 344 351 358 0 1 2 5 6 7 7 7 9 9 8 8 12 18 22 24 23 20 18 21 25 29 32 34 35 35 34 34 36 39 42 46 51 56 58 55 54 55 57 59 61 62 64 65 67 68 69 71 73 75 77 79 83 87 92 101 116 127 123 114 106 97 94 95 98 99 98 92 87 88 92
60 54 46 46 43 38 34 32 29 26 22 16 12 12 13 14 11 9 3 352 344 344 352 3 6 5 5 5 7 8 8 9 10 10 12 12 11 12 16 23 27 27 26 24 24 27 30 34 37 37 37 37 36 36 38 41 46 51 57 59 55 55 57 59 61 62 64 65 67 68 69 71 72 74 76 78 81 83 86 91 98 108 118 119 115 112 108 102 101 102 98 91 87 86 87 89
55 50 43 40 36 31 26 23 22 22 23 19 15 13 12 10 7 7 3 349 343 351 5 12 11 9 8 8 9 10 10 12 12 12 13 15 15 14 14 20 25 28 29 28 27 29 32 36 39 41 40 41 41 40 38 41 45 49 52 53 51 54 58 60 62 64 66 67 68 70 71 72 74 75 77 79 81 84 87 90 95 102 111 115 114 113 111 106 103 100 93 85 87 88 87 89
49 43 34 29 27 22 14 10 13 19 22 19 16 14 12 8 6 3 359 355 354 4 15 18 17 13 11 11 11 12 12 14 14 13 13 16 17 17 17 18 23 28 31 32 31 32 35 40 44 47 48 47 46 44 40 40 47 51 54 53 52 54 58 62 64 66 67 68 70 71 72 74 75 76 78 80 82 84 87 90 94 99 105 111 112 111 109 106 102 94 84 85 89 89 89 91
42 37 29 26 23 19 14 10 11 17 21 17 12 9 9 8 3 358 359 5 12 14 19 21 19 16 14 14 14 15 15 16 15 13 15 17 20 21 21 19 21 27 33 36 35 36 39 43 47 49 53 54 50 48 47 50 58 61 61 60 57 57 60 63 66 67 69 70 71 73 74 75 76 77 79 80 82 84 86 89 92 96 100 105 107 107 106 103 96 88 84 86 90 89 89 92
33 31 28 26 24 21 19 14 12 15 19 17 13 10 9 9 7 5 10 23 26 21 22 23 21 18 16 16 16 17 19 19 17 14 16 20 22 22 22 22 21 24 32 36 36 37 40 42 45 47 52 53 48 49 53 59 67 69 67 65 63 61 62 66 68 69 70 72 73 74 75 76 77 78 80 81 83 84 86 88 90 93 96 99 101 102 101 98 92 88 87 87 88 89 89 90
21 27 29 28 28 26 24 19 14 16 21 24 22 22 20 21 23 30 32 36 34 33 32 30 24 19 17 17 17 19 20 18 17 17 19 21 23 24 25 26 24 23 28 33 35 36 37 39 43 46 49 50 46 48 55 60 66 69 69 67 66 65 66 69 70 71 73 74 75 75 76 77 78 79 80 82 83 84 86 88 89 91 93 94 96 97 96 94 91 89 89 88 88 88 88 88
6 23 31 29 31 30 27 23 21 28 42 44 44 45 47 51 51 54 51 40 43 47 46 40 28 19 17 18 17 17 18 19 21 23 22 23 25 27 29 30 28 26 28 33 35 35 36 38 42 47 51 52 50 51 56 62 66 69 70 70 69 69 70 72 72 74 75 76 76 76 77 78 79 80 81 82 83 84 86 87 88 90 91 92 92 93 92 92 90 89 88 88 87 87 87 87
351 14 31 33 38 39 36 33 33 40 53 60 62 55 55 56 59 61 55 46 49 54 53 45 25 14 15 17 18 17 20 25 28 28 27 27 29 31 32 32 32 31 31 37 41 41 43 47 52 56 57 57 56 54 58 63 67 70 71 73 73 72 73 74 75 77 77 77 77 77 79 80 81 81 82 83 84 85 86 87 88 89 89 90 91 91 90 90 89 88 88 87 86 86 86 86
334 5 42 48 54 52 48 45 44 46 54 66 75 76 73 71 70 68 61 54 51 50 48 34 13 11 16 18 20 23 26 29 31 32 32 31 33 35 36 36 37 37 36 41 47 51 57 61 63 62 61 60 59 58 62 65 67 70 72 73 74 75 77 78 79 79 79 79 79 80 80 81 81 82 83 83 84 85 86 86 87 88 88 89 89 89 89 89 88 87 87 87 86 86 85 85
318 7 64 67 70 70 69 66 62 59 60 62 63 68 74 76 76 71 65 56 44 39 34 27 18 18 21 23 24 27 30 31 33 35 34 34 36 38 40 41 42 43 41 43 49 56 60 63 63 62 62 62 61 61 64 66 67 69 72 73 72 74 77 80 83 83 83 82 82 81 82 82 82 83 83 84 85 85 86 86 87 87 88 88 88 88 88 88 87 87 86 86 86 85 85 84
346 28 65 70 73 73 75 74 71 66 64 62 61 67 76 78 76 71 59 44 36 33 33 34 33 30 28 28 28 31 34 35 37 38 38 38 39 41 45 47 48 48 48 48 53 58 62 63 63 63 64 64 64 64 65 66 67 69 72 73 72 73 75 79 83 85 86 85 83 82 82 83 84 84 84 85 85 86 86 87 87 87 87 87 88 88 87 87 87 86 86 86 85 84 84 84
23 42 63 69 71 72 72 71 69 66 63 60 57 58 62 64 58 52 42 35 34 36 41 44 41 36 33 33 33 35 38 41 43 43 43 43 44 47 51 53 52 53 55 57 61 64 66 67 67 67 66 66 66 67 68 68 68 70 71 72 74 75 76 77 80 83 85 86 85 84 84 85 85 85 85 86 86 86 87 87 87 87 87 87 87 87 87 87 86 86 85 85 84 84 83 83
43 52 63 67 68 69 69 66 64 62 58 56 51 45 41 40 40 37 31 32 36 41 46 45 42 38 38 38 38 38 40 43 45 46 48 51 53 55 58 59 58 61 64 67 69 70 71 71 70 71 70 70 69 69 71 71 71 72 71 72 75 77 78 78 80 82 84 84 84 84 86 87 88 87 87 87 87 87 87 88 88 88 88 88 87 87 86 86 86 85 85 85 84 83 83 83
52 56 61 63 64 63 63 63 61 58 55 52 46 39 34 35 37 36 33 38 43 44 46 45 42 41 41 42 40 41 42 43 45 49 53 57 60 63 65 66 67 70 73 75 78 80 78 76 75 74 74 74 74 74 74 74 75 75 74 75 76 77 77 78 80 81 82 82 81 81 84 88 90 89 88 88 88 89 89 89 88 88 88 88 87 87 87 86 86 85 84 84 84 83 82 82
57 58 60 62 63 63 63 61 59 59 57 53 48 43 43 44 47 45 46 53 50 45 44 43 42 41 42 43 42 44 44 44 49 53 57 61 66 70 72 73 75 76 79 83 87 90 89 85 81 79 79 79 79 80 80 78 77 77 78 78 78 78 78 80 80 80 80 80 79 79 81 84 88 90 90 90 91 91 91 90 90 90 89 88 88 87 87 86 85 85 85 84 83 82 82 81
61 61 61 61 62 63 62 61 59 59 60 58 56 53 51 52 55 56 56 55 49 45 43 42 40 39 41 42 44 46 46 49 54 56 59 65 70 74 77 79 80 82 86 90 94 97 97 94 90 87 86 85 84 83 84 83 81 80 80 81 80 80 81 82 81 81 81 80 78 79 79 78 80 85 88 90 93 93 92 92 92 92 91 90 89 88 87 86 85 85 84 84 83 82 81 81
63 62 61 60 61 61 61 61 59 59 59 57 54 50 49 50 52 53 50 46 45 45 43 40 38 38 39 42 46 50 52 54 55 55 61 70 76 78 81 84 86 87 91 95 99 103 104 103 101 97 95 92 90 87 86 87 87 85 84 83 82 82 83 83 83 83 82 81 79 78 78 77 77 79 83 87 90 91 91 93 96 96 93 91 89 88 87 86 86 85 84 83 82 81 81 81
64 63 60 60 60 59 59 57 53 50 49 46 43 43 45 47 48 47 44 42 42 44 42 36 34 36 38 40 45 51 54 56 53 53 64 75 82 82 83 88 91 92 94 98 103 109 112 112 110 107 103 99 97 94 91 89 89 89 87 85 84 85 86 85 84 84 82 81 81 78 77 78 79 79 81 84 86 89 90 91 94 98 97 94 91 89 88 87 86 85 84 83 82 82 81 81
