windninja/windninja_output/Output_2025-08-24_0900-0950_Google earth_Fire_150m_10min/merlingen_7.5mi_point_08-24-2025_0940_150m_ang.asc
ncols	158
nrows	163
xllcorner	391686.332397
yllcorner	5160024.123721
cellsize	150.000000
NODATA_value	-32768.000000
[rows 0 to 46 of 163, columns 0 to 95 of 158]
341 339 337 338 339 340 342 342 341 341 343 344 343 340 334 331 329 327 328 333 339 343 345 348 350 351 352 351 352 356 359 1 4 6 8 14 21 26 30 32 34 38 43 49 54 59 67 70 65 62 62 64 67 71 75 78 80 82 86 89 90 89 89 90 89 88 89 93 99 103 104 103 101 100 99 101 102 102 104 106 106 103 100 102 104 102 98 95 95 94 91 91 92 89 85 84
343 339 336 337 337 338 341 340 337 337 340 343 346 345 341 338 337 336 335 337 340 342 344 347 350 352 352 350 351 355 358 360 3 4 5 11 16 19 21 24 27 31 36 40 44 48 54 57 60 62 64 67 70 73 75 77 79 81 84 87 89 89 90 90 91 90 91 94 97 101 103 102 101 101 101 102 101 102 104 106 105 103 102 102 102 103 102 99 97 97 96 96 95 94 92 90
343 339 337 337 336 338 341 340 336 336 339 345 350 349 346 343 342 342 340 341 343 343 342 346 351 354 354 352 352 355 358 359 0 2 3 7 11 13 16 18 20 24 28 32 35 39 42 46 50 56 62 65 68 71 73 75 77 79 81 83 86 88 89 90 92 93 93 94 95 98 100 100 101 103 103 102 101 101 104 105 104 102 103 102 101 105 108 104 100 101 102 102 102 102 102 101
339 337 338 338 337 339 341 339 339 340 343 348 351 348 345 341 341 342 343 344 345 344 342 344 349 353 355 355 355 357 358 359 359 358 0 3 7 11 14 15 16 19 22 26 30 34 37 41 45 48 53 57 61 65 68 72 76 78 80 81 83 85 87 88 90 92 93 93 94 96 97 99 100 101 102 102 103 101 101 103 105 102 101 103 103 105 110 109 106 105 105 106 108 109 109 111
333 334 337 339 338 339 339 337 338 341 347 350 350 347 341 338 339 341 344 346 346 343 342 343 345 349 354 356 357 358 359 0 360 358 359 3 6 8 10 10 12 14 18 22 26 31 35 39 43 46 50 54 58 62 66 70 73 76 79 80 82 83 85 87 89 91 92 92 93 94 95 97 98 99 100 100 102 102 100 100 103 102 101 103 103 104 110 114 112 110 109 109 113 116 117 119
329 330 334 338 338 338 336 334 336 342 347 349 348 344 338 336 338 341 343 344 344 341 339 340 341 344 349 354 356 357 358 359 360 1 2 3 4 4 6 8 10 12 17 22 27 32 36 39 43 46 49 53 57 61 65 68 71 74 77 79 80 81 83 85 87 89 90 91 92 92 92 94 98 100 99 98 100 102 101 98 99 103 103 103 103 103 107 114 115 115 115 114 117 121 122 122
329 328 330 333 335 336 335 335 338 342 345 346 346 342 335 335 338 342 344 344 343 340 338 336 337 340 344 348 352 354 356 356 358 1 3 2 2 3 5 8 11 14 19 24 29 33 37 40 43 45 48 51 55 59 64 67 70 73 75 77 78 79 80 82 85 87 89 91 91 91 91 93 96 98 99 98 98 100 100 97 98 103 105 104 103 101 104 110 115 117 117 115 115 117 118 118
329 329 328 328 330 331 333 335 338 340 342 343 344 341 336 335 338 342 344 345 344 342 340 337 335 337 341 343 347 351 352 352 356 359 1 1 1 4 8 11 14 17 21 26 30 33 37 40 42 44 48 51 53 56 61 65 68 71 73 76 77 77 77 79 81 84 88 90 90 91 92 93 93 95 98 98 97 96 96 96 98 103 106 105 104 103 104 108 112 116 117 115 113 113 115 118
328 328 328 328 327 327 329 333 336 338 338 339 341 340 337 336 338 340 342 344 343 342 343 342 339 338 340 342 345 348 348 349 353 357 358 359 2 6 10 14 17 21 23 26 29 32 36 40 42 42 46 51 53 55 60 64 66 69 72 74 76 78 79 79 79 82 87 89 89 89 91 93 92 92 95 96 96 94 92 95 99 103 108 109 108 109 108 111 115 119 121 121 119 119 122 121
328 327 328 328 329 329 329 332 334 336 336 337 337 337 335 335 337 338 340 342 342 343 343 344 343 340 340 343 345 347 346 347 351 354 356 359 3 7 11 15 18 20 22 25 29 32 35 39 41 41 47 51 53 56 61 64 66 69 71 73 75 79 82 82 83 85 87 88 87 86 88 91 92 92 93 94 94 94 95 98 100 103 108 112 111 112 112 114 119 122 123 123 123 125 124 119
327 327 327 328 330 330 331 332 333 335 335 335 336 335 333 332 334 335 337 339 341 343 344 345 346 345 344 345 346 345 344 347 349 351 355 359 4 8 10 13 15 18 20 24 30 33 35 39 42 44 50 53 54 59 64 67 69 72 73 74 77 80 83 86 90 90 89 87 85 84 87 90 92 92 91 91 92 97 103 104 103 102 105 110 112 114 115 113 116 119 117 117 120 123 120 116
327 327 327 328 329 330 331 332 333 334 334 335 335 335 332 330 331 333 334 335 336 339 342 345 346 348 349 347 344 344 344 345 347 349 352 358 3 6 7 10 14 17 20 24 29 33 35 42 47 52 58 62 64 69 73 74 74 75 76 77 80 83 87 93 95 94 92 88 86 88 89 89 90 92 92 92 95 100 107 109 106 103 104 109 114 118 116 112 113 118 115 111 113 119 118 114
326 326 327 328 329 330 330 331 332 333 333 334 335 335 331 326 326 329 332 333 333 335 339 343 346 349 350 347 343 342 343 344 345 347 352 357 360 1 3 8 12 15 19 22 27 32 37 44 52 59 65 69 73 78 81 82 79 76 75 77 81 85 90 98 100 98 96 94 95 95 92 89 90 94 98 99 99 101 105 109 108 107 107 109 112 116 114 110 112 119 115 109 110 116 114 109
326 326 326 327 329 329 330 331 331 332 333 333 335 336 332 324 321 323 327 329 331 333 336 339 345 349 348 345 343 342 342 341 342 346 351 354 356 357 1 6 10 16 23 29 36 40 41 42 48 55 61 65 69 74 80 85 85 79 72 72 77 82 87 93 97 98 98 102 107 105 97 94 94 98 102 103 102 101 101 104 108 109 110 108 107 109 110 106 106 113 112 106 104 107 107 104
325 326 326 327 328 328 329 330 331 331 332 332 334 337 334 327 322 322 324 325 327 330 334 338 342 344 345 344 343 343 342 339 340 344 347 350 354 358 2 8 15 27 38 44 47 47 45 39 40 45 51 54 56 61 66 73 76 73 66 67 73 78 81 83 85 89 95 100 108 115 110 102 99 99 101 102 102 100 97 101 107 109 109 106 102 103 105 101 98 101 103 99 96 97 99 100
325 325 326 326 327 328 328 329 330 330 331 332 333 335 334 330 327 327 326 325 326 330 334 338 339 340 341 343 343 343 341 341 343 345 346 348 354 360 8 17 24 31 32 31 30 31 34 35 36 40 42 41 41 45 49 53 58 59 58 65 71 75 78 77 76 81 88 93 100 114 120 111 102 99 99 102 101 97 98 103 107 107 105 102 99 97 96 94 92 92 95 95 93 94 96 99
325 325 325 326 327 328 328 329 329 329 330 331 331 332 331 327 326 329 330 329 328 331 334 337 337 338 340 341 342 342 340 341 345 348 348 349 351 358 7 11 12 11 11 16 19 20 26 29 30 31 35 35 35 40 44 48 52 53 54 62 69 74 75 74 74 79 84 90 94 101 112 113 106 105 105 102 100 100 103 104 103 102 100 97 94 92 89 87 90 95 97 97 96 96 97 99
324 324 325 326 327 327 328 328 329 329 329 330 330 330 328 323 322 325 329 330 330 330 332 333 333 335 337 337 337 337 338 340 347 352 352 350 350 352 356 359 1 3 6 12 16 18 21 22 22 24 29 33 36 41 45 48 51 52 52 59 67 71 72 72 75 79 83 88 90 93 100 107 108 110 110 106 104 104 103 99 95 94 94 91 88 87 87 87 94 103 105 100 98 98 98 98
324 324 325 326 326 327 327 328 328 329 329 329 328 328 326 323 320 321 324 325 327 328 328 328 328 330 332 333 332 332 335 341 347 349 348 348 348 349 351 353 356 1 5 9 13 16 16 15 19 26 29 33 38 41 44 46 50 52 54 59 65 69 69 71 76 80 82 84 86 90 96 102 104 106 109 109 107 102 95 90 90 92 92 90 89 88 90 93 96 103 109 106 101 100 100 98
324 324 324 325 326 327 327 327 327 328 328 328 328 327 326 323 321 320 321 323 325 326 327 327 328 329 330 331 332 332 335 342 345 343 341 342 343 345 348 350 354 359 3 6 9 11 12 13 19 27 32 34 37 40 41 44 48 52 55 59 64 68 70 73 77 81 82 82 85 91 95 98 98 99 103 105 101 95 91 90 92 94 97 98 96 93 93 94 95 100 109 112 104 102 102 101
324 324 324 325 326 326 326 326 327 327 327 327 327 327 326 324 323 322 323 324 325 326 327 328 328 329 329 331 332 333 337 342 343 342 341 342 343 345 347 351 354 358 1 4 5 8 13 16 19 25 30 33 36 38 41 45 48 52 55 59 62 66 71 74 77 80 82 83 88 92 92 91 93 95 100 101 96 91 90 92 96 98 100 102 101 97 94 93 95 101 109 114 106 102 103 105
323 324 324 325 325 326 326 326 326 327 327 326 326 326 326 325 325 324 324 325 326 326 327 327 328 329 329 331 332 333 337 341 341 339 340 341 343 346 348 351 354 357 359 1 4 9 13 15 17 21 27 31 34 38 42 46 51 53 54 56 59 65 71 73 77 82 84 87 89 88 85 85 88 93 98 102 99 93 90 92 95 97 98 101 104 100 96 95 98 102 109 116 109 103 105 108
323 323 324 324 325 325 326 326 326 326 326 326 326 326 325 325 325 325 325 325 326 326 326 327 328 329 330 331 332 333 335 338 337 335 336 337 339 345 348 350 352 354 357 1 5 8 9 11 14 19 25 30 35 39 41 45 50 53 52 54 59 65 70 73 79 84 86 87 85 81 79 81 85 91 97 105 106 98 94 91 91 92 95 100 105 104 102 101 101 103 109 116 110 104 105 108
323 323 324 324 325 325 325 325 325 325 325 326 326 326 325 325 325 324 324 325 326 326 327 328 328 328 329 330 329 329 331 332 331 330 332 333 335 340 344 346 349 351 356 1 3 3 6 11 15 19 26 31 35 38 40 43 48 51 51 54 59 65 72 78 84 85 85 83 79 76 76 80 87 93 97 102 107 104 99 93 88 89 92 96 102 108 109 105 102 102 107 113 108 103 104 107
323 323 323 324 324 325 325 325 324 324 325 325 325 325 325 325 324 324 324 324 325 325 326 327 328 329 330 329 325 324 326 326 325 326 329 332 335 337 339 342 345 348 353 356 359 3 8 13 17 20 26 30 33 37 39 42 46 50 51 54 60 67 74 81 85 84 82 78 74 74 77 83 92 96 95 93 99 106 104 98 92 91 91 92 97 105 110 107 103 103 106 110 106 104 104 107
323 323 323 323 324 324 325 324 324 324 324 324 324 324 324 324 324 323 323 323 324 324 325 327 328 331 333 331 325 323 324 323 323 325 329 333 337 337 337 339 342 346 348 352 357 5 11 13 16 20 24 30 35 38 40 41 44 48 52 57 64 72 78 79 77 76 75 71 69 72 80 91 97 96 92 86 91 102 109 107 101 97 94 92 95 102 108 108 105 104 109 116 109 105 105 106
323 323 323 323 324 324 325 324 323 324 324 324 323 323 323 322 322 323 322 323 323 323 324 326 329 333 336 332 327 326 326 322 320 320 324 331 336 337 337 338 341 344 345 349 357 4 9 13 15 19 23 30 35 38 40 38 40 46 52 58 69 80 82 77 72 69 67 65 66 73 85 95 98 95 91 85 86 95 109 116 110 103 99 98 98 101 105 105 102 104 111 121 114 107 106 106
323 323 323 323 324 324 324 323 323 323 323 323 322 322 322 321 321 322 322 322 322 323 324 326 329 334 336 332 330 332 331 326 322 320 319 323 330 334 336 339 341 342 343 349 355 0 6 12 16 18 20 27 32 36 38 33 35 44 51 58 71 79 80 76 72 68 63 62 68 79 88 93 94 93 91 87 87 91 102 115 115 109 105 105 103 100 100 99 99 101 108 121 120 111 107 107
323 323 323 323 323 324 323 322 322 323 322 322 321 321 321 321 321 321 321 321 322 323 324 326 329 334 335 331 333 338 337 332 329 326 324 325 329 332 336 340 343 343 346 350 354 359 3 10 17 17 16 23 30 35 37 29 28 41 53 63 72 75 73 71 70 67 62 63 75 86 89 90 90 89 87 90 92 91 94 106 115 115 110 107 103 98 95 98 97 97 102 114 121 117 112 111
323 323 323 323 323 323 323 322 322 322 321 321 321 320 320 320 320 320 321 321 321 322 323 325 328 331 331 329 332 338 339 338 336 332 331 334 336 336 337 341 344 346 349 352 354 358 2 7 12 14 15 21 28 34 36 29 27 42 56 68 75 74 68 66 66 67 65 68 81 90 92 89 84 83 84 91 95 91 90 98 111 118 113 106 101 97 98 102 101 97 97 105 116 119 116 114
323 323 323 323 323 322 322 322 322 321 321 320 320 319 319 319 319 319 320 320 320 321 323 325 327 328 327 325 327 331 332 333 335 333 333 338 341 338 337 341 344 347 351 354 357 359 1 3 7 13 17 21 28 36 38 33 33 47 61 70 74 72 67 65 67 71 70 74 84 90 92 87 82 83 87 93 94 90 89 94 105 116 114 108 104 103 105 105 102 98 95 97 105 112 113 112
323 324 324 324 322 322 323 322 321 321 320 319 319 318 318 318 318 318 319 319 319 321 322 324 325 326 326 325 328 330 328 327 329 329 332 339 341 336 336 340 344 347 351 354 358 360 1 2 8 17 23 28 33 41 42 35 39 52 65 73 72 65 61 63 69 75 76 78 84 88 88 85 86 91 94 94 92 90 89 92 100 110 113 110 108 107 105 102 99 96 93 92 94 102 109 111
323 324 324 323 321 322 323 322 321 320 320 319 318 318 318 318 318 317 318 318 318 320 322 323 323 324 326 328 333 336 332 329 328 327 329 337 338 332 333 339 344 347 351 353 357 0 2 5 14 22 28 33 37 43 43 37 40 51 63 71 71 62 54 59 69 77 81 83 83 84 84 86 92 96 97 96 95 93 91 92 94 100 106 108 108 105 103 100 96 94 93 92 92 98 106 113
324 324 324 323 321 321 322 321 320 319 319 318 318 317 317 317 318 317 318 318 318 319 321 322 323 324 325 327 332 332 328 326 328 328 328 333 334 332 334 341 344 348 351 354 357 360 4 10 17 24 29 34 39 44 45 43 44 52 59 65 66 59 50 57 67 74 81 88 86 84 85 89 93 94 96 99 100 98 94 90 88 90 98 105 109 106 102 102 100 96 94 94 97 101 109 118
325 325 325 323 321 322 322 321 319 318 318 317 317 316 316 317 317 317 317 318 318 318 320 321 322 324 325 327 328 326 321 321 325 328 330 334 335 334 337 343 346 350 353 355 358 0 6 13 19 24 30 36 41 45 48 50 52 57 61 63 63 59 51 57 65 70 77 88 93 91 89 88 89 90 94 99 103 103 98 89 84 85 92 99 107 108 102 102 104 99 97 100 103 107 112 119
326 326 325 323 322 323 322 321 319 318 318 317 316 316 316 316 316 316 317 317 318 318 319 319 320 321 324 327 327 323 318 320 324 326 330 336 340 337 339 344 348 352 355 356 358 2 6 12 16 22 28 35 39 41 45 49 54 59 64 67 67 64 58 60 65 68 74 84 95 98 92 87 85 86 92 99 102 100 98 93 88 85 86 91 99 109 106 103 105 106 105 105 105 106 109 116
327 326 324 323 323 323 322 321 319 318 317 317 316 316 316 316 316 316 317 317 317 318 318 319 320 321 323 327 328 323 320 321 322 323 325 334 342 343 344 346 349 352 354 355 357 2 6 10 15 21 27 31 34 37 41 45 50 55 61 66 68 67 64 64 66 68 73 82 92 94 88 84 84 88 94 98 98 95 95 98 97 89 84 84 90 105 113 107 106 111 111 108 105 104 110 118
327 327 325 323 323 323 322 320 318 317 317 317 317 316 316 316 316 316 317 317 317 318 318 319 320 321 324 328 329 323 322 321 320 319 322 329 340 348 349 348 349 349 351 354 357 1 5 9 15 21 26 27 30 36 42 45 47 51 56 62 66 67 66 66 69 72 77 83 86 82 79 82 88 94 95 93 97 98 93 96 100 96 88 84 89 101 116 115 109 111 113 109 106 109 113 119
327 327 325 324 323 322 321 320 318 318 317 317 317 316 316 316 316 316 317 317 317 318 319 319 320 321 324 328 326 321 319 319 319 320 322 330 344 351 348 347 348 349 350 353 358 1 4 7 13 19 22 23 26 35 42 42 42 47 52 57 60 61 62 63 68 75 81 84 82 75 78 87 93 94 88 90 100 106 93 91 98 99 93 90 93 99 112 120 115 113 113 110 109 110 111 112
328 327 326 325 323 322 321 319 319 318 318 318 317 317 316 316 316 317 317 317 318 318 319 319 320 321 323 324 321 317 315 316 318 320 323 333 347 348 348 348 347 348 349 351 356 2 4 6 10 17 23 23 23 29 36 37 36 41 48 52 54 54 56 60 66 74 82 84 79 78 87 94 93 85 81 92 103 116 100 91 91 94 95 96 96 98 107 120 120 114 112 111 109 108 107 109
330 328 327 326 324 324 322 320 319 319 319 318 318 318 317 317 317 317 317 318 318 319 319 320 320 321 322 321 319 316 314 315 317 318 323 335 340 342 346 349 350 350 349 351 356 2 5 6 8 16 24 25 19 23 33 37 36 40 49 53 53 52 55 61 67 74 80 81 79 86 92 91 87 83 86 96 105 121 108 93 86 87 94 98 97 100 108 118 120 115 114 109 105 103 105 110
333 331 330 328 326 325 324 322 320 320 320 319 319 319 318 318 318 318 318 318 319 319 320 320 320 321 321 320 320 318 315 316 317 319 327 335 337 338 341 345 349 350 353 356 357 359 3 7 9 14 23 26 21 24 37 44 45 48 56 59 57 55 57 62 66 74 78 79 83 87 86 82 85 89 95 100 106 118 107 93 87 89 93 97 101 106 111 116 117 116 114 107 99 98 105 112
336 335 333 331 329 326 325 324 322 322 322 320 320 320 319 319 319 319 319 319 319 320 320 320 320 321 321 321 321 320 318 319 320 323 329 334 338 339 339 341 344 349 354 357 356 358 3 10 14 17 26 31 30 32 43 51 52 54 59 62 62 60 63 63 65 73 79 81 83 81 75 78 86 92 99 102 103 107 101 94 92 95 97 101 107 109 107 106 109 113 113 107 100 101 109 118
339 338 337 334 331 329 327 326 324 323 323 322 321 321 320 320 320 320 319 319 320 320 321 321 321 322 322 322 322 321 320 321 323 326 329 333 335 335 336 338 342 348 352 353 356 3 11 17 20 22 30 35 34 35 43 51 53 54 58 62 65 68 71 70 71 76 82 84 81 74 72 79 85 92 98 99 96 93 95 96 96 100 105 108 109 104 95 96 102 109 111 110 106 106 110 117
343 341 339 336 333 331 329 328 326 325 324 323 322 322 321 321 321 321 321 321 321 322 322 322 322 323 323 323 323 322 322 322 324 327 329 330 330 329 332 336 342 347 349 352 359 10 16 18 20 22 28 33 34 35 42 49 51 53 57 62 66 71 75 79 83 85 85 86 81 75 77 81 83 88 92 90 84 76 85 95 101 108 111 108 102 91 89 93 98 103 108 111 110 108 108 110
347 345 341 338 335 333 331 330 328 327 326 325 324 324 323 323 323 322 322 322 323 323 323 323 323 323 324 324 324 324 324 325 326 328 329 328 326 326 330 335 341 345 348 354 4 12 15 16 17 21 28 36 38 39 45 50 52 55 60 64 67 72 78 85 90 91 88 85 83 83 84 84 84 84 83 79 70 67 85 99 108 112 109 100 90 86 91 95 96 99 105 111 111 108 105 106
350 347 343 340 338 335 333 331 330 329 327 327 326 325 325 324 324 323 323 323 324 324 324 324 324 324 325 325 325 326 326 326 327 329 329 329 328 328 331 335 338 342 349 359 6 11 13 15 17 23 32 37 40 43 47 50 53 58 65 68 69 74 82 88 90 90 87 83 81 85 88 87 85 82 78 73 65 72 93 102 107 106 99 92 88 91 96 98 97 97 104 111 111 108 104 105
