windninja/windninja_output/Output_2025-08-24_0900-0950_Google earth_Fire_150m_10min/merlingen_7.5mi_point_08-24-2025_0930_150m_ang.asc
ncols	158
nrows	163
xllcorner	391686.332397
yllcorner	5160024.123721
cellsize	150.000000
NODATA_value	-32768.000000
[rows 86 to 128 of 163, columns 0 to 95 of 158]
83 81 79 79 76 72 67 68 74 79 81 80 79 80 81 81 82 83 86 89 92 95 98 102 107 110 109 107 107 109 109 110 113 115 115 115 115 114 114 116 119 122 124 124 124 123 123 122 122 124 126 127 129 132 134 134 134 135 135 136 137 138 139 140 140 141 141 142 142 143 144 144 145 145 146 147 148 149 151 154 159 163 164 156 143 137 136 136 137 137 137 138 140 143 147 149
84 82 79 79 76 72 70 72 77 80 80 79 80 81 81 80 79 81 84 88 91 92 96 105 115 119 115 111 109 109 110 111 113 116 118 118 119 119 118 119 120 123 125 125 124 123 122 122 122 123 125 126 128 129 130 131 131 133 134 135 137 138 139 140 140 141 141 142 142 143 143 144 144 145 146 146 147 148 149 151 154 156 155 149 140 136 135 134 134 134 135 137 139 141 145 148
86 85 83 82 78 74 73 74 76 77 79 82 84 82 80 79 77 78 82 87 92 95 104 116 126 129 118 112 110 110 111 112 112 114 115 116 118 119 118 119 121 124 127 128 127 125 124 123 124 125 127 128 129 129 130 130 130 130 131 133 136 138 139 140 140 141 141 142 142 143 143 144 144 144 145 145 146 147 147 148 149 149 146 140 134 133 133 132 134 134 135 135 134 130 126 126
89 89 88 85 81 78 76 74 72 73 81 87 87 83 80 76 74 77 83 89 97 107 116 124 133 131 118 112 110 110 111 112 113 114 115 116 117 118 116 115 117 121 126 128 128 127 125 124 125 127 130 132 134 135 136 135 133 129 127 131 136 139 140 140 141 141 141 142 142 142 143 143 144 144 144 145 145 145 146 146 145 145 142 134 127 124 124 126 131 132 130 129 125 118 114 115
91 90 86 83 83 83 79 75 72 74 82 89 87 82 79 75 75 78 84 94 108 119 125 127 130 127 116 112 110 110 110 111 113 114 115 116 118 120 119 117 116 118 122 125 126 126 125 124 124 126 130 133 136 139 140 139 136 131 129 133 138 140 140 141 141 141 141 142 142 142 143 143 143 144 144 144 144 144 144 144 143 142 140 135 128 125 124 124 126 125 121 119 118 116 116 117
89 87 82 79 81 84 83 80 76 78 84 87 84 81 80 79 80 80 83 99 117 128 129 122 122 119 112 110 110 110 110 111 112 114 115 117 119 121 123 122 118 118 120 122 125 125 124 122 122 124 128 131 134 138 143 144 141 139 138 140 144 143 142 141 141 141 141 141 142 142 142 143 143 143 143 143 143 143 143 142 141 140 139 137 133 131 129 126 124 119 113 108 108 105 104 106
88 87 83 81 82 84 87 88 82 80 83 84 81 80 82 83 86 88 94 107 118 132 123 109 108 108 107 107 108 108 109 110 111 114 116 118 119 121 123 124 122 119 119 120 123 124 122 120 118 118 122 127 131 136 143 145 142 141 141 143 147 146 143 141 141 141 141 141 141 142 142 142 142 143 143 143 143 142 142 141 140 139 137 135 132 129 127 124 118 110 97 92 94 93 93 97
91 91 90 89 89 90 93 96 92 85 84 86 86 88 91 93 100 105 109 110 110 109 98 92 95 102 105 106 107 107 108 108 110 114 117 118 119 120 122 124 126 123 119 119 122 122 121 119 117 116 117 124 132 136 139 139 135 133 134 138 143 146 144 141 141 141 141 141 141 141 142 142 142 142 142 142 142 141 141 140 139 138 135 132 128 123 120 115 107 96 90 92 95 95 97 99
93 93 94 95 96 96 97 99 106 102 94 92 95 99 103 104 107 110 107 98 85 68 67 77 89 101 104 106 106 105 104 106 110 116 119 119 119 120 122 125 129 130 126 124 125 126 125 124 122 122 123 128 137 138 136 134 128 126 129 132 137 142 142 141 140 140 140 140 141 141 141 141 142 142 142 142 141 141 140 140 139 137 135 132 128 123 118 112 105 101 102 105 107 108 109 110
92 92 94 97 97 96 95 98 113 114 104 96 94 95 102 102 101 100 95 81 67 56 56 69 87 99 104 106 106 105 106 110 114 117 119 118 118 120 122 124 129 133 132 130 132 135 135 133 132 131 132 135 142 141 136 134 131 130 131 132 135 139 140 139 139 139 140 140 140 141 141 141 141 141 141 141 141 140 140 139 138 137 135 133 130 127 123 118 115 114 115 116 116 117 118 118
94 93 95 98 95 90 88 93 103 108 103 96 91 92 98 99 97 96 86 61 49 50 57 75 91 100 104 106 107 111 113 113 113 114 117 118 119 120 121 124 127 132 133 132 133 137 139 139 138 137 136 137 140 140 136 133 132 131 131 132 133 137 138 138 138 139 139 140 140 140 140 141 141 141 141 141 140 140 140 139 138 137 136 134 132 130 127 125 124 122 122 123 123 123 124 124
98 97 96 95 91 86 83 85 91 97 97 93 94 95 97 98 99 96 79 50 40 49 64 84 100 107 108 107 109 111 110 108 107 109 113 116 116 118 121 123 127 131 134 131 130 133 134 133 132 131 130 131 134 137 135 132 131 130 130 130 131 134 135 136 137 138 139 139 140 140 140 140 140 140 140 140 140 140 139 139 138 137 136 135 134 132 131 130 128 128 127 127 128 128 129 129
96 95 92 90 89 86 83 82 83 86 86 87 91 94 95 96 95 85 62 45 43 57 78 97 112 115 110 107 107 106 104 103 104 107 110 113 114 117 120 124 126 131 134 132 128 126 125 123 121 121 124 128 131 134 134 132 132 132 132 131 131 131 131 133 134 136 137 138 139 139 139 140 140 140 140 140 140 139 139 139 138 138 137 136 135 134 133 132 132 131 131 131 131 132 132 132
92 90 87 88 89 88 86 83 80 77 78 80 83 89 92 89 80 67 53 47 57 80 97 106 114 109 102 102 102 102 102 103 104 106 109 113 115 117 120 124 127 130 134 134 131 128 127 124 123 125 127 130 132 134 135 134 134 133 134 135 135 133 131 131 132 134 135 137 138 138 139 139 139 139 139 139 139 139 139 139 138 138 137 137 136 136 135 134 134 134 134 134 134 134 134 135
92 90 87 88 88 86 85 84 80 77 77 78 78 82 81 76 72 69 61 66 86 101 103 97 80 83 91 96 98 98 97 99 102 105 109 113 116 117 119 124 128 130 133 136 134 131 129 128 128 129 131 133 135 136 137 137 137 135 135 138 139 138 136 134 133 134 134 136 137 138 138 138 138 138 139 139 139 139 139 138 138 138 138 137 137 137 136 136 136 136 136 136 136 136 137 137
96 94 91 88 85 84 83 82 81 80 80 79 77 74 73 73 80 85 87 95 105 106 94 69 62 75 85 89 91 91 92 95 99 103 108 111 114 116 118 123 129 131 133 136 135 131 129 129 130 131 133 135 136 136 137 138 140 138 138 139 139 139 138 137 137 137 136 136 137 136 136 136 137 137 138 138 138 138 138 138 138 138 138 138 138 138 138 137 137 137 138 138 138 139 139 139
99 97 93 88 85 85 84 84 83 83 83 82 81 80 84 90 93 97 103 105 104 93 69 62 67 75 81 83 84 87 90 95 99 102 107 111 114 116 117 121 127 131 132 135 137 135 133 133 134 134 135 135 137 138 137 139 140 141 141 142 142 141 140 139 138 139 139 139 137 134 131 132 134 136 136 136 136 137 137 137 138 138 138 138 138 138 139 139 139 139 139 139 140 140 140 141
101 99 94 91 88 87 87 86 85 85 85 86 89 96 101 101 99 100 104 101 89 64 59 66 70 72 76 81 85 90 94 96 99 103 107 111 114 116 116 118 124 128 131 133 136 137 135 135 136 136 136 136 137 139 140 141 142 142 142 144 145 145 144 142 140 140 141 142 141 137 132 130 132 133 133 133 134 135 136 136 137 137 138 138 139 139 139 139 140 140 140 141 141 141 141 142
103 101 96 93 90 89 89 87 85 85 87 89 94 100 103 102 97 95 93 85 68 59 65 70 70 71 78 85 90 94 97 98 100 103 106 109 113 115 116 117 122 127 130 132 135 136 134 134 136 137 137 137 138 139 140 142 143 143 143 143 144 145 145 143 142 143 145 146 146 143 138 133 131 128 126 125 127 130 133 134 135 136 138 138 139 139 140 140 140 141 141 142 142 142 143 144
105 103 97 93 91 90 89 87 85 85 88 91 94 98 100 99 95 89 82 74 67 68 71 71 72 77 82 87 90 94 98 101 102 102 103 107 113 118 120 122 124 128 130 131 134 137 137 136 138 139 139 140 140 140 139 140 143 144 143 143 144 145 144 142 142 143 146 149 150 146 142 140 137 132 127 124 125 127 128 128 131 134 137 138 139 140 140 141 141 141 142 142 143 143 144 144
108 105 99 94 92 90 89 87 86 88 92 96 99 102 102 99 94 88 81 74 72 76 78 76 78 82 84 86 90 96 101 105 106 102 101 107 116 122 124 125 126 129 129 131 134 137 138 138 139 140 140 141 143 143 143 142 143 143 143 144 145 145 145 144 144 144 146 149 151 149 146 144 143 143 140 136 133 132 128 126 128 133 136 138 139 140 140 141 141 142 142 143 144 144 144 145
113 109 102 96 93 90 91 94 96 98 103 106 105 102 100 98 94 90 85 79 77 82 87 86 83 84 86 86 89 98 105 109 109 102 103 112 121 125 124 125 128 130 130 132 135 138 140 141 140 140 138 139 141 143 144 145 145 144 143 144 145 145 145 146 146 147 148 149 151 151 149 146 144 144 143 141 139 140 139 135 132 133 135 137 138 140 141 141 141 142 143 143 144 144 145 146
119 113 105 100 99 100 103 107 109 108 105 103 99 94 94 96 98 94 88 84 86 90 95 97 91 86 89 90 89 98 107 110 112 103 107 118 125 126 124 127 132 132 131 134 137 138 141 143 143 142 140 139 140 141 143 145 147 146 146 147 147 145 145 146 146 148 149 150 152 152 151 147 144 143 143 143 143 143 142 139 137 136 135 136 138 139 140 141 142 142 143 143 144 144 145 146
126 120 111 110 111 112 111 109 107 101 95 92 91 90 92 97 102 101 91 89 93 97 101 103 100 93 93 93 92 99 108 111 113 107 108 118 125 125 128 132 135 129 129 134 138 138 141 145 145 144 143 143 142 142 143 145 146 147 147 149 150 148 148 149 147 146 148 150 153 154 152 147 145 146 145 145 145 144 143 140 138 138 138 138 137 138 139 140 141 141 142 142 143 144 145 146
136 128 119 116 114 110 105 99 95 93 91 89 90 91 94 100 108 112 99 92 95 101 108 110 109 104 99 99 98 102 110 113 113 107 107 117 124 128 133 138 135 128 129 134 136 138 141 146 147 144 144 144 145 144 144 145 146 146 146 149 150 149 150 152 151 148 147 149 152 155 154 149 147 148 147 145 145 145 145 142 139 138 140 140 138 137 137 138 139 139 139 139 140 141 143 146
140 132 121 115 110 104 99 96 95 93 90 89 93 97 100 106 115 128 112 96 96 103 115 120 117 113 111 110 105 103 108 113 114 108 111 120 128 133 139 141 138 133 131 133 135 137 141 145 147 145 144 145 145 145 145 147 148 146 145 147 149 149 151 154 154 152 151 150 151 153 152 148 146 148 148 146 146 146 145 143 141 139 141 143 143 140 137 135 135 134 133 134 136 138 141 144
141 132 120 113 108 105 102 101 99 97 93 93 101 107 106 109 120 143 130 110 104 106 118 130 123 115 117 117 112 105 104 111 115 112 116 126 134 139 144 143 140 134 129 131 138 140 140 142 144 144 145 147 148 145 144 147 149 148 147 148 150 150 151 153 155 155 155 156 155 152 150 147 145 147 149 148 148 149 149 147 144 142 144 146 148 148 142 136 131 126 124 129 135 138 141 145
144 134 121 113 109 107 107 105 104 102 100 101 107 113 109 110 123 151 145 129 117 110 116 132 125 116 120 121 118 111 105 106 111 113 118 127 135 140 143 141 138 129 124 129 139 143 140 140 142 143 144 148 150 147 145 147 149 149 148 149 152 153 153 152 154 156 158 160 159 157 154 150 148 150 151 150 150 151 152 152 149 146 147 148 150 152 149 143 137 130 130 135 141 143 145 146
150 140 124 117 114 112 111 110 108 105 106 108 112 116 110 111 126 152 153 138 125 116 118 129 128 125 128 127 123 120 113 106 107 113 118 124 129 134 139 141 136 128 127 132 140 144 144 144 145 144 144 148 150 149 147 147 149 149 149 149 152 155 155 152 154 156 158 160 160 161 160 156 152 152 153 152 151 151 152 153 151 151 154 154 156 159 156 152 147 141 141 146 150 151 150 147
160 148 131 124 120 118 115 113 110 109 112 116 119 119 110 113 129 153 159 143 130 125 128 132 133 134 135 134 129 131 129 116 110 111 119 125 130 134 137 139 136 132 134 137 142 146 148 150 147 145 146 149 151 150 148 147 148 149 149 149 152 156 155 153 154 157 158 159 160 161 162 160 156 152 151 152 153 153 153 154 151 152 158 162 165 168 164 156 150 145 147 155 161 161 157 155
170 154 135 128 123 121 118 116 115 115 117 122 126 123 112 114 130 156 165 153 142 139 138 137 138 139 141 137 128 137 142 131 117 112 118 127 134 139 137 136 135 136 139 140 142 147 150 149 146 146 148 150 153 152 149 148 147 149 149 148 151 155 155 152 153 157 158 158 159 162 163 163 162 158 153 150 152 154 155 154 149 150 158 167 171 172 165 157 151 149 154 163 169 165 160 160
177 159 137 128 123 122 123 122 121 120 120 125 133 131 115 113 125 153 161 155 147 142 140 138 139 143 151 145 136 140 143 134 126 122 126 133 138 143 139 137 140 141 142 142 142 147 149 147 147 148 150 154 157 156 153 150 148 149 149 148 150 154 155 153 154 158 159 158 160 162 163 164 165 165 162 156 153 155 158 157 151 150 159 169 172 170 164 158 155 156 163 170 171 164 159 161
185 167 141 130 126 127 129 127 123 121 118 125 139 135 119 110 117 141 153 151 144 138 135 134 135 140 149 148 147 150 149 144 140 134 136 144 149 151 145 143 147 148 146 142 142 145 149 150 150 152 153 158 160 159 157 151 148 149 150 148 149 152 153 153 156 159 160 160 161 161 162 163 165 166 166 164 162 159 159 159 156 155 162 169 168 165 162 159 158 163 169 173 172 166 162 162
192 175 147 132 129 130 129 126 122 120 117 122 139 137 122 111 114 131 145 147 142 135 131 130 129 131 135 138 143 149 149 149 145 137 138 146 155 158 155 155 157 154 150 145 144 147 149 149 151 154 155 159 161 161 159 153 148 148 149 148 148 150 150 150 154 158 160 161 162 161 160 162 163 165 166 169 170 166 161 159 158 159 165 167 163 161 161 160 162 167 172 175 176 171 166 162
198 182 153 134 130 130 125 122 121 122 119 119 136 142 130 117 114 124 140 144 142 135 129 126 125 125 126 129 133 137 139 141 138 133 133 138 150 156 159 165 166 163 157 154 154 155 154 153 155 156 157 159 162 164 162 155 148 147 149 148 147 149 149 146 147 147 148 154 158 158 159 160 161 161 164 169 173 172 168 164 161 161 165 166 161 159 160 161 165 169 173 178 179 174 165 159
203 185 156 144 141 139 130 124 122 125 122 118 131 147 139 124 114 120 135 143 141 133 126 123 120 121 123 126 128 127 127 127 127 128 129 132 140 144 151 162 167 166 160 156 157 158 158 160 162 161 160 160 163 166 166 159 150 147 148 147 145 147 146 141 136 127 125 134 144 150 155 159 158 158 160 166 171 175 175 171 167 164 164 163 160 161 162 165 168 170 174 180 179 169 160 157
200 179 155 149 147 145 139 131 126 129 125 118 129 148 142 127 114 114 127 135 135 130 124 120 116 115 118 122 123 123 125 126 125 127 126 126 133 134 138 150 158 160 156 151 150 151 153 160 164 163 161 160 163 168 167 160 151 148 147 145 143 144 141 140 143 139 135 134 136 140 147 153 155 155 157 161 166 172 175 176 174 169 165 163 163 165 167 170 172 172 176 181 176 162 154 155
194 172 151 148 144 140 137 133 127 130 126 120 129 149 142 127 114 106 111 121 125 125 122 116 111 112 113 115 119 122 128 127 122 125 125 123 130 132 132 143 152 155 154 149 144 143 146 153 160 162 160 159 165 169 167 160 150 144 142 142 143 145 145 148 149 147 146 144 140 138 139 143 147 151 154 156 160 165 169 174 176 173 168 167 168 169 173 176 174 173 178 180 172 158 153 156
190 168 150 150 145 138 135 132 126 129 126 121 131 146 140 127 115 104 102 110 116 119 121 118 114 111 110 116 123 128 133 129 123 125 124 120 125 131 130 138 148 153 154 149 145 143 145 151 158 161 161 162 167 171 169 164 154 144 138 141 148 150 151 153 151 148 147 149 147 143 136 131 133 140 146 151 154 157 160 165 170 172 173 173 173 174 179 180 176 175 177 176 166 156 156 161
183 166 153 154 149 141 138 135 130 131 128 121 127 138 132 124 117 110 105 108 113 118 122 119 116 116 121 130 133 138 142 131 122 123 124 118 121 129 129 134 143 150 154 148 142 142 144 151 157 160 161 165 170 173 172 169 163 156 152 155 155 152 153 155 152 149 149 150 151 152 144 132 126 128 133 140 145 148 150 154 159 166 173 177 177 179 184 183 178 175 172 170 161 155 159 167
178 164 152 154 150 143 139 137 134 133 130 121 122 133 129 128 126 119 114 112 113 121 128 128 130 135 139 141 144 148 151 137 123 122 124 119 119 125 127 130 137 147 152 149 141 139 144 152 159 161 162 164 171 175 174 171 166 160 156 158 157 154 153 154 152 150 150 151 153 155 154 145 138 133 129 130 136 139 140 144 150 156 166 175 179 183 186 184 179 174 171 167 158 154 161 171
180 164 151 153 151 147 142 137 135 134 133 127 127 132 133 137 138 130 125 124 130 136 141 146 145 144 146 148 148 152 155 143 129 125 124 120 117 119 123 125 129 139 146 148 141 136 141 152 160 163 162 165 172 176 176 173 166 158 153 155 155 154 154 153 151 149 150 152 153 155 154 150 145 141 136 131 131 134 136 141 147 151 157 166 176 182 185 183 180 176 173 167 158 157 165 174
179 164 151 152 151 146 140 136 136 136 137 135 135 136 136 141 142 136 134 137 140 142 144 147 147 143 139 139 143 148 151 145 135 130 126 118 115 116 118 119 121 129 138 144 142 135 137 149 158 160 160 165 174 178 177 174 166 156 151 152 154 154 154 154 152 151 152 153 153 154 153 149 145 142 138 133 131 130 130 134 139 144 151 158 166 175 179 178 177 178 177 171 164 164 171 177
