windninja/windninja_output/Output_2025-08-24_0900-0950_Google earth_Fire_150m_10min/merlingen_7.5mi_point_08-24-2025_0930_150m_vel.asc
ncols	158
nrows	163
xllcorner	391686.332397
yllcorner	5160024.123721
cellsize	150.000000
NODATA_value	-32768.000000
[rows 38 to 75 of 163, columns 0 to 83 of 158]
0.59 0.58 0.56 0.52 0.49 0.46 0.44 0.42 0.40 0.38 0.37 0.35 0.34 0.33 0.31 0.30 0.29 0.28 0.27 0.26 0.25 0.24 0.23 0.21 0.20 0.18 0.16 0.15 0.15 0.17 0.17 0.18 0.19 0.22 0.24 0.23 0.19 0.20 0.22 0.21 0.20 0.21 0.21 0.22 0.23 0.23 0.23 0.22 0.22 0.24 0.26 0.26 0.25 0.26 0.29 0.30 0.29 0.30 0.32 0.35 0.35 0.33 0.30 0.28 0.28 0.32 0.43 0.46 0.35 0.26 0.29 0.39 0.46 0.42 0.33 0.33 0.39 0.40 0.39 0.39 0.37 0.36 0.34 0.37
0.60 0.59 0.55 0.52 0.48 0.46 0.43 0.41 0.40 0.38 0.36 0.35 0.33 0.32 0.31 0.30 0.28 0.27 0.26 0.25 0.24 0.23 0.22 0.21 0.20 0.18 0.16 0.14 0.14 0.16 0.17 0.17 0.18 0.20 0.22 0.20 0.18 0.20 0.22 0.22 0.21 0.21 0.22 0.22 0.23 0.24 0.24 0.22 0.22 0.25 0.28 0.28 0.27 0.29 0.33 0.33 0.33 0.35 0.36 0.38 0.36 0.33 0.29 0.27 0.28 0.33 0.43 0.43 0.30 0.30 0.41 0.47 0.43 0.34 0.30 0.39 0.46 0.44 0.43 0.45 0.42 0.37 0.35 0.39
0.62 0.61 0.56 0.52 0.49 0.46 0.44 0.42 0.40 0.37 0.36 0.35 0.33 0.32 0.31 0.30 0.29 0.27 0.26 0.25 0.24 0.23 0.22 0.21 0.20 0.18 0.16 0.14 0.13 0.15 0.17 0.17 0.17 0.18 0.19 0.17 0.17 0.19 0.21 0.22 0.22 0.22 0.23 0.22 0.22 0.24 0.24 0.23 0.23 0.25 0.29 0.31 0.31 0.33 0.35 0.35 0.35 0.35 0.36 0.35 0.31 0.26 0.25 0.27 0.30 0.34 0.43 0.40 0.34 0.41 0.46 0.40 0.32 0.28 0.34 0.48 0.50 0.46 0.46 0.45 0.41 0.40 0.41 0.44
0.63 0.62 0.57 0.53 0.49 0.46 0.44 0.42 0.40 0.38 0.36 0.35 0.33 0.32 0.31 0.30 0.29 0.27 0.26 0.25 0.24 0.23 0.22 0.21 0.20 0.18 0.17 0.15 0.14 0.15 0.17 0.16 0.16 0.16 0.15 0.15 0.16 0.17 0.19 0.22 0.23 0.24 0.23 0.22 0.23 0.25 0.25 0.24 0.23 0.26 0.32 0.34 0.33 0.32 0.33 0.32 0.30 0.28 0.29 0.28 0.24 0.21 0.25 0.31 0.33 0.37 0.42 0.43 0.45 0.47 0.40 0.32 0.33 0.34 0.42 0.53 0.50 0.45 0.42 0.38 0.37 0.41 0.47 0.52
0.64 0.63 0.58 0.54 0.50 0.47 0.44 0.42 0.40 0.38 0.36 0.34 0.33 0.32 0.31 0.30 0.28 0.27 0.26 0.25 0.24 0.22 0.22 0.21 0.20 0.18 0.17 0.16 0.14 0.15 0.16 0.16 0.15 0.14 0.13 0.13 0.15 0.18 0.19 0.21 0.23 0.24 0.23 0.24 0.26 0.25 0.24 0.23 0.23 0.26 0.33 0.35 0.30 0.27 0.28 0.29 0.25 0.23 0.23 0.23 0.22 0.24 0.30 0.34 0.37 0.42 0.48 0.53 0.54 0.46 0.37 0.38 0.42 0.44 0.52 0.57 0.47 0.41 0.38 0.37 0.39 0.43 0.48 0.59
0.64 0.63 0.59 0.55 0.51 0.48 0.45 0.42 0.40 0.39 0.36 0.35 0.33 0.32 0.30 0.29 0.28 0.27 0.26 0.25 0.23 0.22 0.21 0.21 0.20 0.19 0.17 0.16 0.15 0.15 0.16 0.16 0.15 0.14 0.13 0.12 0.15 0.18 0.19 0.20 0.22 0.23 0.24 0.27 0.26 0.22 0.21 0.22 0.24 0.28 0.34 0.34 0.28 0.25 0.25 0.25 0.22 0.20 0.20 0.22 0.24 0.28 0.33 0.36 0.42 0.51 0.58 0.61 0.57 0.50 0.48 0.53 0.54 0.55 0.61 0.57 0.45 0.39 0.37 0.38 0.41 0.47 0.57 0.71
0.64 0.62 0.58 0.55 0.51 0.48 0.46 0.43 0.40 0.39 0.36 0.35 0.33 0.32 0.30 0.29 0.28 0.27 0.26 0.25 0.24 0.22 0.21 0.20 0.20 0.19 0.18 0.17 0.16 0.15 0.15 0.15 0.15 0.14 0.12 0.13 0.15 0.18 0.19 0.19 0.20 0.23 0.26 0.27 0.23 0.19 0.19 0.22 0.27 0.32 0.35 0.32 0.26 0.23 0.23 0.22 0.20 0.19 0.21 0.25 0.29 0.32 0.35 0.40 0.50 0.59 0.61 0.59 0.54 0.52 0.56 0.58 0.59 0.60 0.59 0.50 0.41 0.38 0.37 0.38 0.44 0.55 0.69 0.73
0.65 0.62 0.59 0.55 0.52 0.48 0.46 0.43 0.41 0.39 0.37 0.35 0.33 0.32 0.30 0.29 0.28 0.27 0.26 0.25 0.24 0.23 0.21 0.20 0.19 0.19 0.18 0.17 0.16 0.15 0.15 0.15 0.15 0.14 0.13 0.14 0.15 0.17 0.18 0.18 0.20 0.24 0.27 0.25 0.19 0.18 0.21 0.26 0.32 0.34 0.32 0.27 0.23 0.19 0.19 0.20 0.19 0.20 0.25 0.30 0.34 0.38 0.42 0.51 0.60 0.62 0.58 0.52 0.45 0.43 0.47 0.49 0.50 0.51 0.46 0.39 0.36 0.36 0.39 0.46 0.56 0.66 0.67 0.54
0.65 0.63 0.59 0.56 0.52 0.48 0.45 0.43 0.41 0.39 0.37 0.35 0.33 0.32 0.30 0.29 0.28 0.27 0.26 0.24 0.23 0.22 0.21 0.20 0.19 0.19 0.18 0.17 0.16 0.16 0.15 0.15 0.15 0.14 0.14 0.14 0.15 0.16 0.17 0.18 0.20 0.24 0.26 0.23 0.18 0.19 0.25 0.31 0.33 0.30 0.26 0.23 0.19 0.17 0.17 0.18 0.20 0.24 0.31 0.37 0.40 0.46 0.53 0.59 0.61 0.59 0.52 0.45 0.38 0.38 0.41 0.42 0.42 0.40 0.37 0.34 0.34 0.37 0.44 0.53 0.59 0.57 0.48 0.36
0.65 0.63 0.58 0.55 0.52 0.48 0.44 0.41 0.40 0.38 0.37 0.35 0.34 0.32 0.30 0.29 0.28 0.26 0.25 0.24 0.23 0.22 0.21 0.20 0.19 0.19 0.18 0.17 0.17 0.16 0.15 0.15 0.15 0.14 0.14 0.14 0.15 0.16 0.17 0.19 0.20 0.23 0.24 0.20 0.18 0.23 0.29 0.33 0.30 0.25 0.22 0.19 0.16 0.18 0.18 0.20 0.25 0.31 0.38 0.44 0.46 0.51 0.56 0.56 0.55 0.51 0.44 0.39 0.36 0.38 0.40 0.38 0.37 0.35 0.32 0.31 0.32 0.36 0.42 0.46 0.46 0.41 0.37 0.35
0.64 0.62 0.58 0.55 0.52 0.49 0.44 0.40 0.39 0.38 0.36 0.35 0.33 0.32 0.30 0.29 0.27 0.26 0.25 0.24 0.23 0.22 0.21 0.20 0.19 0.19 0.18 0.17 0.17 0.16 0.16 0.15 0.15 0.15 0.14 0.14 0.15 0.16 0.17 0.19 0.20 0.22 0.22 0.19 0.21 0.27 0.31 0.31 0.27 0.22 0.18 0.16 0.16 0.19 0.20 0.24 0.31 0.39 0.47 0.48 0.48 0.51 0.51 0.49 0.48 0.45 0.40 0.37 0.36 0.36 0.37 0.36 0.34 0.32 0.29 0.28 0.31 0.35 0.39 0.40 0.40 0.40 0.40 0.41
0.64 0.61 0.58 0.55 0.52 0.50 0.45 0.40 0.37 0.37 0.36 0.34 0.33 0.31 0.30 0.29 0.27 0.26 0.25 0.24 0.23 0.22 0.21 0.20 0.20 0.19 0.18 0.17 0.17 0.16 0.16 0.16 0.15 0.15 0.15 0.14 0.15 0.17 0.17 0.18 0.19 0.21 0.21 0.20 0.23 0.29 0.31 0.27 0.23 0.18 0.15 0.15 0.19 0.22 0.24 0.29 0.38 0.48 0.51 0.47 0.45 0.45 0.45 0.46 0.46 0.43 0.39 0.36 0.35 0.35 0.35 0.34 0.33 0.29 0.27 0.30 0.35 0.39 0.42 0.43 0.45 0.46 0.46 0.46
0.64 0.61 0.57 0.55 0.54 0.51 0.48 0.42 0.37 0.36 0.35 0.34 0.33 0.32 0.30 0.29 0.28 0.26 0.25 0.24 0.23 0.22 0.21 0.20 0.20 0.19 0.18 0.17 0.17 0.16 0.16 0.16 0.16 0.15 0.15 0.15 0.16 0.17 0.17 0.18 0.19 0.20 0.21 0.21 0.25 0.29 0.28 0.23 0.19 0.14 0.13 0.18 0.23 0.26 0.30 0.37 0.47 0.51 0.46 0.39 0.37 0.37 0.40 0.47 0.47 0.41 0.37 0.34 0.33 0.33 0.33 0.32 0.29 0.27 0.29 0.34 0.39 0.42 0.44 0.45 0.48 0.49 0.49 0.48
0.64 0.59 0.55 0.54 0.54 0.53 0.51 0.47 0.40 0.35 0.35 0.34 0.33 0.31 0.30 0.29 0.28 0.26 0.25 0.24 0.23 0.22 0.21 0.20 0.19 0.19 0.18 0.17 0.17 0.16 0.16 0.16 0.16 0.16 0.16 0.16 0.16 0.17 0.17 0.17 0.19 0.21 0.22 0.22 0.25 0.28 0.25 0.19 0.16 0.14 0.15 0.22 0.27 0.29 0.35 0.45 0.50 0.45 0.37 0.32 0.30 0.31 0.41 0.50 0.46 0.39 0.36 0.34 0.32 0.32 0.31 0.30 0.28 0.29 0.32 0.35 0.38 0.41 0.44 0.47 0.48 0.47 0.45 0.47
0.66 0.59 0.52 0.51 0.51 0.50 0.49 0.49 0.43 0.38 0.35 0.34 0.33 0.31 0.30 0.29 0.27 0.26 0.25 0.24 0.23 0.22 0.21 0.20 0.19 0.18 0.18 0.17 0.17 0.16 0.16 0.16 0.16 0.16 0.16 0.16 0.16 0.17 0.17 0.17 0.19 0.21 0.22 0.23 0.24 0.25 0.22 0.16 0.16 0.19 0.23 0.28 0.30 0.33 0.40 0.48 0.46 0.37 0.30 0.27 0.28 0.32 0.45 0.52 0.45 0.38 0.36 0.33 0.32 0.32 0.31 0.31 0.31 0.32 0.34 0.36 0.37 0.38 0.43 0.46 0.46 0.44 0.44 0.46
0.68 0.61 0.51 0.50 0.51 0.49 0.48 0.49 0.45 0.39 0.34 0.33 0.32 0.31 0.30 0.28 0.27 0.26 0.25 0.24 0.23 0.22 0.21 0.20 0.19 0.18 0.18 0.17 0.17 0.17 0.16 0.16 0.16 0.16 0.16 0.17 0.17 0.17 0.17 0.17 0.19 0.22 0.23 0.23 0.23 0.23 0.20 0.17 0.21 0.25 0.27 0.29 0.31 0.36 0.43 0.47 0.39 0.31 0.26 0.26 0.29 0.36 0.49 0.53 0.45 0.39 0.36 0.33 0.33 0.34 0.34 0.34 0.34 0.34 0.35 0.36 0.36 0.37 0.40 0.42 0.42 0.45 0.49 0.49
0.67 0.64 0.54 0.48 0.50 0.50 0.47 0.48 0.47 0.41 0.34 0.32 0.31 0.30 0.29 0.28 0.27 0.26 0.25 0.24 0.23 0.22 0.21 0.20 0.19 0.18 0.18 0.17 0.17 0.17 0.16 0.16 0.16 0.16 0.16 0.17 0.17 0.17 0.18 0.18 0.19 0.22 0.23 0.22 0.21 0.21 0.20 0.21 0.25 0.27 0.26 0.28 0.32 0.36 0.44 0.43 0.34 0.27 0.26 0.29 0.33 0.41 0.52 0.54 0.46 0.41 0.38 0.36 0.37 0.39 0.38 0.35 0.32 0.33 0.36 0.37 0.37 0.39 0.42 0.44 0.45 0.50 0.54 0.55
0.62 0.63 0.57 0.47 0.44 0.44 0.42 0.43 0.46 0.44 0.37 0.31 0.29 0.29 0.28 0.27 0.26 0.25 0.24 0.24 0.23 0.22 0.20 0.20 0.19 0.18 0.18 0.17 0.17 0.17 0.16 0.16 0.16 0.16 0.17 0.17 0.17 0.18 0.18 0.19 0.20 0.22 0.22 0.21 0.20 0.21 0.22 0.24 0.27 0.26 0.25 0.30 0.33 0.37 0.44 0.40 0.29 0.25 0.28 0.33 0.39 0.48 0.55 0.54 0.46 0.40 0.38 0.38 0.39 0.38 0.34 0.30 0.31 0.35 0.38 0.38 0.39 0.43 0.47 0.49 0.52 0.55 0.56 0.56
0.58 0.59 0.58 0.51 0.43 0.40 0.37 0.37 0.41 0.44 0.40 0.34 0.29 0.27 0.27 0.26 0.26 0.25 0.24 0.23 0.22 0.22 0.21 0.20 0.19 0.18 0.18 0.17 0.17 0.17 0.17 0.16 0.16 0.17 0.17 0.17 0.18 0.18 0.18 0.19 0.20 0.21 0.21 0.21 0.21 0.22 0.24 0.26 0.27 0.25 0.25 0.31 0.33 0.37 0.43 0.36 0.26 0.27 0.32 0.39 0.46 0.52 0.54 0.51 0.43 0.37 0.35 0.34 0.34 0.30 0.27 0.30 0.37 0.40 0.41 0.42 0.44 0.49 0.53 0.55 0.56 0.55 0.54 0.54
0.57 0.56 0.56 0.54 0.50 0.45 0.39 0.35 0.36 0.40 0.41 0.38 0.33 0.28 0.25 0.25 0.25 0.24 0.23 0.22 0.22 0.21 0.21 0.20 0.19 0.18 0.18 0.17 0.17 0.17 0.17 0.17 0.17 0.17 0.17 0.17 0.18 0.18 0.19 0.19 0.20 0.21 0.21 0.22 0.22 0.24 0.25 0.25 0.26 0.25 0.25 0.30 0.33 0.38 0.42 0.33 0.27 0.31 0.38 0.45 0.50 0.52 0.51 0.47 0.40 0.35 0.33 0.31 0.29 0.27 0.30 0.37 0.42 0.43 0.45 0.47 0.51 0.56 0.59 0.59 0.57 0.55 0.53 0.51
0.57 0.56 0.53 0.52 0.51 0.49 0.44 0.38 0.34 0.36 0.38 0.39 0.37 0.32 0.26 0.23 0.23 0.23 0.23 0.22 0.21 0.21 0.20 0.19 0.19 0.18 0.18 0.17 0.17 0.17 0.17 0.17 0.17 0.17 0.17 0.18 0.18 0.18 0.19 0.19 0.20 0.21 0.21 0.22 0.23 0.24 0.24 0.24 0.25 0.24 0.25 0.29 0.34 0.39 0.40 0.32 0.28 0.34 0.43 0.48 0.49 0.49 0.48 0.45 0.39 0.34 0.32 0.31 0.30 0.32 0.38 0.42 0.44 0.46 0.49 0.52 0.57 0.61 0.62 0.60 0.58 0.55 0.51 0.47
0.56 0.55 0.52 0.50 0.48 0.46 0.45 0.41 0.36 0.33 0.32 0.33 0.36 0.35 0.30 0.25 0.22 0.22 0.22 0.22 0.21 0.21 0.20 0.19 0.18 0.18 0.18 0.17 0.17 0.17 0.17 0.17 0.17 0.17 0.17 0.18 0.18 0.18 0.19 0.20 0.20 0.21 0.21 0.22 0.23 0.24 0.24 0.25 0.25 0.25 0.26 0.30 0.36 0.39 0.38 0.31 0.30 0.38 0.45 0.47 0.47 0.47 0.46 0.42 0.37 0.34 0.33 0.32 0.33 0.37 0.41 0.43 0.46 0.50 0.53 0.56 0.60 0.61 0.58 0.55 0.52 0.50 0.49 0.47
0.55 0.54 0.52 0.49 0.47 0.45 0.43 0.41 0.37 0.33 0.30 0.30 0.32 0.35 0.34 0.30 0.24 0.21 0.20 0.20 0.20 0.20 0.20 0.19 0.18 0.18 0.18 0.17 0.17 0.17 0.17 0.17 0.17 0.17 0.17 0.18 0.18 0.19 0.19 0.20 0.20 0.21 0.22 0.22 0.23 0.24 0.24 0.25 0.26 0.26 0.27 0.30 0.36 0.38 0.36 0.31 0.33 0.41 0.46 0.45 0.45 0.43 0.42 0.40 0.37 0.35 0.33 0.30 0.32 0.37 0.41 0.45 0.49 0.53 0.55 0.58 0.60 0.57 0.52 0.48 0.47 0.46 0.45 0.44
0.54 0.53 0.51 0.49 0.47 0.45 0.42 0.40 0.38 0.35 0.32 0.29 0.29 0.31 0.34 0.33 0.29 0.23 0.20 0.19 0.19 0.19 0.19 0.19 0.18 0.18 0.17 0.17 0.17 0.17 0.17 0.17 0.17 0.17 0.18 0.18 0.18 0.19 0.19 0.20 0.20 0.21 0.22 0.22 0.23 0.24 0.25 0.26 0.26 0.27 0.27 0.29 0.35 0.37 0.33 0.30 0.35 0.42 0.44 0.42 0.41 0.39 0.39 0.39 0.38 0.35 0.31 0.29 0.33 0.40 0.45 0.48 0.52 0.55 0.56 0.58 0.57 0.52 0.49 0.47 0.46 0.44 0.42 0.40
0.53 0.51 0.49 0.47 0.45 0.44 0.43 0.41 0.38 0.35 0.32 0.28 0.26 0.26 0.29 0.32 0.32 0.27 0.23 0.19 0.18 0.18 0.18 0.18 0.18 0.18 0.18 0.17 0.17 0.17 0.17 0.17 0.17 0.18 0.18 0.18 0.19 0.19 0.20 0.20 0.21 0.21 0.22 0.23 0.23 0.24 0.25 0.26 0.26 0.27 0.27 0.30 0.34 0.36 0.31 0.31 0.37 0.42 0.41 0.40 0.39 0.39 0.40 0.40 0.38 0.34 0.30 0.32 0.39 0.45 0.48 0.51 0.55 0.57 0.57 0.56 0.52 0.49 0.49 0.48 0.46 0.44 0.42 0.41
0.53 0.51 0.47 0.45 0.42 0.42 0.42 0.41 0.38 0.36 0.33 0.28 0.25 0.24 0.25 0.28 0.31 0.30 0.26 0.22 0.19 0.18 0.18 0.18 0.18 0.18 0.18 0.17 0.17 0.17 0.17 0.17 0.17 0.18 0.18 0.18 0.19 0.19 0.20 0.20 0.21 0.21 0.22 0.23 0.24 0.24 0.25 0.26 0.27 0.28 0.28 0.31 0.34 0.35 0.32 0.33 0.39 0.41 0.41 0.41 0.41 0.42 0.40 0.36 0.32 0.29 0.27 0.35 0.44 0.48 0.50 0.53 0.57 0.58 0.57 0.54 0.52 0.52 0.52 0.50 0.48 0.46 0.46 0.51
0.55 0.51 0.46 0.44 0.41 0.39 0.38 0.38 0.37 0.35 0.33 0.29 0.25 0.24 0.23 0.24 0.27 0.29 0.28 0.26 0.22 0.19 0.17 0.17 0.17 0.17 0.18 0.17 0.17 0.17 0.17 0.17 0.17 0.18 0.18 0.18 0.19 0.19 0.20 0.20 0.21 0.22 0.22 0.23 0.24 0.24 0.25 0.26 0.27 0.28 0.29 0.31 0.33 0.35 0.33 0.34 0.40 0.42 0.43 0.44 0.43 0.38 0.30 0.26 0.26 0.27 0.32 0.41 0.48 0.50 0.52 0.56 0.59 0.58 0.55 0.54 0.56 0.58 0.57 0.54 0.52 0.52 0.55 0.63
0.56 0.53 0.47 0.44 0.41 0.38 0.37 0.36 0.35 0.33 0.32 0.30 0.25 0.22 0.22 0.22 0.23 0.25 0.27 0.27 0.24 0.21 0.19 0.17 0.16 0.17 0.18 0.17 0.17 0.17 0.17 0.17 0.18 0.18 0.18 0.19 0.19 0.20 0.20 0.21 0.21 0.22 0.22 0.23 0.24 0.25 0.25 0.26 0.27 0.28 0.29 0.31 0.33 0.34 0.33 0.35 0.41 0.43 0.44 0.43 0.37 0.26 0.23 0.28 0.35 0.40 0.45 0.48 0.50 0.51 0.53 0.56 0.58 0.56 0.54 0.57 0.60 0.60 0.57 0.54 0.54 0.57 0.66 0.78
0.53 0.53 0.51 0.45 0.41 0.38 0.36 0.36 0.36 0.33 0.31 0.30 0.26 0.22 0.21 0.21 0.21 0.21 0.23 0.26 0.26 0.23 0.21 0.19 0.17 0.16 0.17 0.17 0.17 0.17 0.17 0.17 0.18 0.18 0.18 0.19 0.19 0.20 0.20 0.21 0.21 0.22 0.23 0.23 0.24 0.25 0.26 0.26 0.27 0.28 0.29 0.30 0.32 0.33 0.34 0.36 0.40 0.42 0.42 0.39 0.30 0.26 0.32 0.42 0.47 0.49 0.50 0.49 0.49 0.50 0.52 0.55 0.56 0.55 0.57 0.59 0.60 0.57 0.54 0.56 0.62 0.73 0.89 1.09
0.45 0.51 0.55 0.51 0.45 0.39 0.36 0.37 0.38 0.35 0.32 0.29 0.27 0.24 0.21 0.20 0.21 0.20 0.20 0.22 0.24 0.24 0.23 0.21 0.19 0.17 0.17 0.17 0.17 0.17 0.17 0.17 0.18 0.18 0.19 0.19 0.19 0.20 0.20 0.21 0.21 0.22 0.23 0.23 0.24 0.25 0.26 0.27 0.27 0.28 0.29 0.30 0.32 0.33 0.34 0.36 0.38 0.39 0.38 0.35 0.30 0.32 0.41 0.47 0.49 0.49 0.47 0.47 0.48 0.49 0.51 0.54 0.56 0.57 0.58 0.58 0.57 0.56 0.58 0.66 0.79 0.94 1.11 1.19
0.33 0.43 0.54 0.56 0.54 0.48 0.40 0.39 0.41 0.38 0.33 0.29 0.27 0.25 0.23 0.20 0.20 0.20 0.19 0.20 0.20 0.21 0.22 0.22 0.21 0.19 0.18 0.18 0.17 0.17 0.17 0.17 0.18 0.18 0.19 0.19 0.20 0.20 0.21 0.21 0.22 0.22 0.23 0.24 0.24 0.25 0.26 0.27 0.27 0.28 0.29 0.30 0.31 0.32 0.33 0.35 0.36 0.36 0.36 0.34 0.32 0.35 0.42 0.46 0.47 0.46 0.45 0.47 0.49 0.50 0.51 0.53 0.55 0.56 0.55 0.55 0.55 0.55 0.61 0.71 0.84 0.95 1.01 0.90
0.25 0.30 0.40 0.47 0.51 0.52 0.46 0.43 0.45 0.44 0.39 0.35 0.32 0.29 0.26 0.24 0.22 0.21 0.19 0.18 0.19 0.19 0.20 0.21 0.20 0.20 0.20 0.20 0.18 0.17 0.17 0.17 0.18 0.18 0.19 0.19 0.20 0.20 0.21 0.21 0.22 0.22 0.23 0.24 0.24 0.25 0.26 0.27 0.28 0.28 0.29 0.30 0.31 0.32 0.33 0.34 0.35 0.35 0.35 0.35 0.34 0.36 0.41 0.44 0.43 0.42 0.44 0.47 0.50 0.51 0.51 0.53 0.57 0.56 0.53 0.52 0.51 0.54 0.60 0.70 0.78 0.80 0.73 0.65
0.29 0.29 0.30 0.33 0.38 0.42 0.40 0.36 0.39 0.43 0.40 0.37 0.36 0.33 0.31 0.28 0.26 0.24 0.21 0.19 0.18 0.18 0.19 0.19 0.18 0.18 0.22 0.22 0.19 0.18 0.18 0.18 0.18 0.18 0.19 0.19 0.20 0.20 0.21 0.21 0.22 0.23 0.23 0.24 0.24 0.25 0.26 0.27 0.28 0.28 0.29 0.30 0.31 0.32 0.33 0.34 0.34 0.35 0.35 0.35 0.35 0.37 0.39 0.40 0.38 0.39 0.42 0.44 0.45 0.46 0.49 0.55 0.58 0.54 0.51 0.49 0.50 0.54 0.59 0.65 0.67 0.61 0.54 0.64
0.35 0.34 0.32 0.32 0.33 0.34 0.31 0.28 0.30 0.36 0.33 0.30 0.30 0.30 0.29 0.27 0.26 0.26 0.24 0.21 0.19 0.18 0.19 0.19 0.16 0.16 0.21 0.23 0.21 0.19 0.19 0.18 0.18 0.18 0.19 0.19 0.20 0.21 0.21 0.22 0.22 0.23 0.23 0.24 0.25 0.25 0.26 0.27 0.28 0.28 0.29 0.30 0.31 0.32 0.33 0.33 0.34 0.35 0.35 0.36 0.36 0.37 0.38 0.38 0.38 0.38 0.39 0.40 0.40 0.42 0.49 0.55 0.55 0.48 0.46 0.47 0.51 0.54 0.56 0.55 0.51 0.48 0.55 0.78
0.40 0.38 0.35 0.33 0.33 0.33 0.30 0.27 0.29 0.31 0.29 0.26 0.26 0.25 0.24 0.24 0.23 0.24 0.24 0.23 0.21 0.20 0.19 0.18 0.16 0.14 0.18 0.22 0.22 0.21 0.19 0.19 0.19 0.19 0.19 0.20 0.20 0.21 0.21 0.22 0.22 0.23 0.23 0.24 0.25 0.25 0.26 0.27 0.28 0.28 0.29 0.30 0.31 0.32 0.32 0.33 0.34 0.34 0.35 0.36 0.37 0.37 0.38 0.39 0.39 0.39 0.39 0.39 0.40 0.43 0.46 0.48 0.45 0.39 0.39 0.44 0.49 0.51 0.49 0.46 0.45 0.51 0.69 0.90
0.43 0.41 0.36 0.33 0.33 0.32 0.31 0.29 0.29 0.28 0.27 0.26 0.25 0.23 0.23 0.22 0.21 0.21 0.21 0.21 0.21 0.21 0.20 0.19 0.16 0.14 0.17 0.20 0.22 0.22 0.20 0.20 0.20 0.19 0.19 0.20 0.20 0.21 0.21 0.22 0.22 0.23 0.24 0.24 0.25 0.26 0.26 0.27 0.28 0.28 0.29 0.30 0.31 0.32 0.32 0.33 0.34 0.35 0.35 0.36 0.37 0.38 0.38 0.39 0.39 0.40 0.41 0.41 0.42 0.43 0.42 0.40 0.37 0.34 0.37 0.43 0.47 0.47 0.44 0.44 0.49 0.64 0.86 0.90
0.47 0.43 0.37 0.33 0.32 0.32 0.30 0.29 0.28 0.27 0.26 0.25 0.24 0.23 0.23 0.22 0.21 0.20 0.20 0.20 0.20 0.20 0.20 0.19 0.17 0.15 0.16 0.19 0.21 0.22 0.21 0.20 0.21 0.21 0.20 0.20 0.20 0.21 0.21 0.22 0.22 0.23 0.24 0.24 0.25 0.26 0.26 0.27 0.28 0.29 0.29 0.30 0.31 0.32 0.32 0.33 0.34 0.35 0.35 0.36 0.37 0.38 0.38 0.39 0.40 0.40 0.41 0.42 0.43 0.42 0.41 0.40 0.39 0.39 0.42 0.46 0.48 0.46 0.44 0.47 0.62 0.84 0.94 0.74
0.50 0.46 0.39 0.33 0.31 0.31 0.29 0.28 0.27 0.26 0.25 0.24 0.23 0.23 0.22 0.21 0.20 0.20 0.20 0.19 0.19 0.19 0.19 0.19 0.18 0.16 0.16 0.18 0.20 0.21 0.21 0.21 0.21 0.21 0.20 0.20 0.20 0.21 0.22 0.22 0.22 0.23 0.24 0.24 0.25 0.26 0.26 0.27 0.28 0.29 0.29 0.30 0.31 0.32 0.32 0.33 0.34 0.35 0.35 0.36 0.37 0.38 0.38 0.39 0.40 0.41 0.42 0.42 0.43 0.43 0.43 0.43 0.43 0.44 0.45 0.48 0.49 0.47 0.47 0.56 0.79 0.92 0.79 0.44
