windninja/windninja_output/Output_2025-08-24_0900-0950_Google earth_Fire_150m_10min/merlingen_7.5mi_point_08-24-2025_0920_150m_ang.asc
ncols	158
nrows	163
xllcorner	391686.332397
yllcorner	5160024.123721
cellsize	150.000000
NODATA_value	-32768.000000
[rows 84 to 125 of 163, columns 0 to 93 of 158]
307 313 321 319 318 320 324 324 320 317 314 310 307 302 299 298 297 295 294 294 293 292 289 287 288 287 282 277 274 271 268 265 262 260 259 258 257 254 251 247 243 240 238 235 233 231 229 227 225 223 219 216 213 211 210 210 208 206 204 202 200 198 196 195 193 191 189 188 186 185 183 181 180 178 177 175 174 173 171 171 172 175 180 179 168 160 156 154 153 153 153 154 156 158
287 290 299 299 300 302 305 303 303 305 307 306 304 299 296 295 294 292 291 291 291 290 289 287 287 287 281 276 273 271 267 264 260 257 255 255 254 254 253 251 247 243 240 239 238 237 236 235 233 229 225 222 219 215 212 211 210 208 206 203 201 199 197 195 194 192 190 189 187 185 184 182 180 179 177 176 174 173 171 171 171 173 176 174 162 157 156 156 155 154 153 154 156 158
280 281 285 286 285 284 286 290 295 300 304 303 299 297 294 292 290 288 287 286 287 286 285 286 288 286 281 276 273 271 267 264 260 257 254 251 249 248 249 250 249 246 241 239 238 237 237 236 235 233 229 225 222 219 215 213 211 209 207 204 202 200 198 196 194 193 191 189 188 186 184 183 181 179 178 176 174 173 171 170 169 169 170 167 159 155 155 155 155 155 155 155 156 157
278 277 276 278 279 280 284 290 294 298 300 298 295 294 290 287 285 282 281 282 283 281 282 287 293 291 282 276 272 268 266 264 262 260 257 252 247 244 244 244 245 245 242 239 237 237 237 236 235 234 231 227 224 222 219 217 214 211 208 205 203 201 199 197 195 194 192 190 189 187 185 183 182 180 178 176 174 172 170 168 165 163 161 159 155 155 155 153 153 154 154 154 152 153
279 279 280 284 287 288 289 291 291 291 293 293 293 292 288 284 280 277 277 279 281 281 286 294 300 295 281 274 270 266 264 263 262 261 260 258 253 247 244 242 241 241 240 238 236 235 235 235 234 232 229 227 225 223 221 219 217 214 211 207 203 201 199 198 196 194 193 191 189 188 186 184 182 180 178 176 174 172 170 167 163 158 154 150 148 151 154 154 155 154 152 149 146 142
286 287 289 290 290 289 287 285 283 281 286 293 293 290 286 279 273 272 274 278 282 288 295 299 300 289 277 271 268 265 263 261 260 259 258 259 258 254 249 247 244 242 239 238 237 236 235 235 234 231 228 225 222 219 218 217 217 218 215 208 202 200 199 198 197 195 194 192 190 188 187 185 183 181 179 177 175 173 170 167 163 157 151 145 140 141 146 150 153 151 146 143 141 137
286 286 285 282 283 284 283 280 277 277 283 292 292 286 281 275 271 269 271 279 289 297 299 295 286 277 271 268 266 264 262 261 259 258 256 256 256 255 251 247 246 245 243 241 239 238 236 235 234 232 230 226 221 218 215 216 218 218 216 206 198 198 199 199 198 196 195 193 191 189 187 186 184 182 180 177 175 173 170 167 163 159 154 148 142 141 143 145 147 143 138 138 141 140
280 280 277 276 279 282 282 280 276 275 280 286 286 281 277 274 271 268 268 279 295 303 296 279 269 265 266 265 264 263 262 260 259 258 257 255 254 253 252 248 244 243 243 242 241 240 238 237 236 235 232 229 224 219 214 214 215 213 210 205 198 197 199 200 199 197 196 194 192 190 188 187 185 183 180 178 176 174 171 168 164 160 156 152 149 147 145 145 142 137 132 133 135 132
277 277 277 277 278 281 284 285 279 273 274 278 278 277 275 274 273 270 272 281 292 299 280 263 257 260 263 263 263 262 261 260 260 259 258 256 253 252 252 250 246 242 242 243 243 242 241 240 240 240 238 234 229 222 214 210 211 210 210 209 203 199 200 201 200 198 197 195 193 191 189 187 185 183 181 179 177 174 172 169 165 161 156 152 148 146 144 142 137 131 122 122 122 119
277 278 279 278 278 280 283 284 280 269 267 269 270 269 268 269 272 275 278 278 272 259 254 252 252 258 261 262 262 261 261 260 261 261 259 257 254 252 251 250 246 242 241 242 243 243 243 242 242 242 242 240 231 223 216 213 216 218 218 216 210 204 202 202 201 199 198 196 194 192 190 189 187 184 182 180 178 175 173 170 167 163 159 153 147 142 139 135 128 121 121 123 124 124
276 276 277 278 278 278 277 277 278 274 267 264 262 262 262 265 268 271 271 261 244 232 235 244 250 257 261 261 260 259 259 261 264 264 261 257 255 254 252 250 246 241 239 239 238 239 241 241 241 239 239 236 227 222 221 220 224 225 222 219 214 208 205 204 202 201 199 197 195 194 192 190 188 186 184 181 179 177 174 172 169 165 162 157 151 146 140 135 131 133 136 138 138 138
272 271 272 275 275 272 270 270 279 281 273 264 259 258 262 266 264 264 261 248 234 232 236 246 254 260 262 261 259 257 258 261 263 263 260 258 257 255 253 251 248 242 239 237 234 233 234 235 235 234 233 231 223 220 223 223 223 223 221 218 216 211 207 206 204 202 200 199 197 195 193 191 189 187 185 183 180 178 176 173 170 168 165 161 158 154 150 146 145 146 146 146 146 146
271 270 270 271 269 263 260 262 271 278 274 266 259 257 263 267 265 266 257 234 231 236 243 255 263 265 264 261 259 259 260 260 260 259 259 259 259 257 255 253 251 247 243 240 236 232 230 230 231 232 232 230 225 222 225 226 225 224 222 220 217 213 210 208 206 204 202 200 198 196 194 192 190 188 186 184 182 179 177 175 172 170 167 164 162 159 157 155 153 153 152 152 151 151
273 271 269 267 262 257 254 254 259 266 268 264 263 262 265 267 269 267 251 230 229 238 250 263 271 270 266 262 261 263 264 261 259 258 259 260 261 260 258 255 253 250 247 245 242 238 236 235 236 237 235 233 230 226 226 228 228 227 225 223 219 216 212 210 207 205 203 201 199 198 195 193 191 189 187 185 183 181 179 176 174 172 169 167 165 163 161 159 158 157 156 156 155 154
271 270 266 263 262 258 254 253 253 256 258 262 266 268 269 270 268 260 243 232 232 241 255 267 273 267 263 262 263 264 264 263 261 260 259 261 262 264 263 260 256 253 250 248 247 246 246 245 244 241 238 235 232 230 229 229 228 227 225 223 221 219 217 213 210 207 204 202 201 199 197 195 193 191 189 187 185 182 180 178 176 174 172 170 168 166 164 163 161 160 159 159 158 157
267 266 263 263 265 263 261 259 256 254 256 259 262 268 270 267 261 252 241 235 238 249 260 264 259 254 257 261 262 263 263 264 264 263 262 262 263 264 265 265 261 256 252 249 246 246 246 245 242 239 237 235 232 230 229 228 228 227 225 222 220 219 219 217 213 209 206 204 202 200 198 196 195 193 190 188 186 184 182 180 178 176 174 172 170 168 167 165 164 163 162 161 160 160
266 264 262 263 263 262 262 262 259 256 256 256 257 261 263 260 257 254 247 244 252 263 264 254 243 247 255 259 261 262 263 264 266 267 267 266 265 264 265 267 265 260 256 251 247 245 244 243 240 237 236 234 231 230 228 227 227 227 226 221 218 217 217 217 214 210 207 204 203 202 200 198 196 194 192 190 188 186 183 181 179 177 175 174 172 170 169 168 166 165 164 163 163 162
266 265 263 262 260 260 260 260 259 258 257 256 254 252 252 253 255 256 253 256 267 269 258 244 243 250 256 258 260 261 262 265 268 271 273 273 270 268 267 267 268 265 260 256 251 247 245 243 241 238 235 233 232 231 230 228 225 225 225 223 220 218 217 217 215 211 208 206 204 204 203 201 198 196 194 192 190 187 185 183 181 179 177 175 174 172 171 169 168 167 166 165 165 164
266 265 264 261 259 259 260 260 259 259 258 257 254 249 248 251 254 254 254 260 265 257 246 244 248 252 256 259 260 261 263 266 269 272 276 278 278 275 272 271 270 268 265 260 254 248 244 241 238 237 235 234 232 230 230 229 226 225 224 222 220 217 216 217 217 213 210 208 207 207 207 204 200 198 196 194 191 189 187 184 182 180 178 177 175 174 172 171 170 169 168 167 167 166
265 264 263 261 260 260 260 260 260 259 259 259 258 258 259 258 257 256 257 260 254 241 242 248 250 251 255 259 262 264 266 267 268 272 275 279 282 282 278 275 274 273 270 266 261 253 246 241 238 236 235 234 233 230 229 227 226 225 224 222 219 216 215 217 217 215 212 210 208 209 211 208 203 200 198 196 193 191 188 186 184 181 180 178 177 175 174 173 172 171 170 169 168 168
264 263 261 260 260 261 261 260 260 260 262 263 264 268 271 270 265 261 260 257 247 240 244 248 247 248 253 258 261 265 268 268 269 271 273 277 282 285 283 280 279 278 276 272 268 261 253 245 239 236 236 235 233 232 230 227 226 225 224 224 222 219 217 217 217 216 213 210 208 208 210 212 210 207 205 201 196 192 189 187 185 182 181 179 178 177 175 174 173 172 171 171 170 170
263 262 260 259 259 260 261 260 259 261 264 266 269 272 274 273 269 264 260 254 247 246 247 246 245 247 251 255 258 263 267 270 271 271 271 275 281 286 287 285 283 282 280 278 274 267 257 248 240 236 235 233 232 231 231 229 227 225 225 225 223 221 220 220 219 218 215 210 208 209 211 212 213 211 208 205 199 194 191 188 184 182 181 180 179 178 177 176 175 174 173 172 172 171
262 260 258 257 257 258 259 258 258 260 263 266 269 271 272 271 267 263 257 251 248 251 250 245 244 247 249 251 255 261 266 271 271 268 268 275 283 288 289 289 287 284 282 281 278 273 263 251 243 238 235 232 230 229 229 229 228 227 226 225 224 222 220 220 219 218 217 212 209 210 212 212 212 209 206 204 201 197 194 190 182 179 179 180 180 179 178 177 176 175 175 174 174 172
259 258 255 255 255 256 257 258 258 260 262 264 263 263 264 266 264 262 257 251 249 253 254 247 243 244 246 246 251 260 267 271 269 263 267 278 286 288 287 289 290 287 284 282 281 278 269 256 246 241 238 235 232 229 228 227 227 226 226 226 225 224 222 220 219 218 217 215 210 210 212 213 212 211 209 207 204 198 193 192 187 179 177 179 180 180 179 178 178 177 177 176 175 174
258 255 253 254 255 255 256 257 258 258 259 259 257 256 258 261 262 259 254 251 252 256 257 251 243 242 244 243 246 257 265 267 265 258 269 281 286 284 284 288 292 290 286 285 283 279 275 262 248 241 238 237 234 232 229 227 226 226 225 224 224 224 223 221 221 219 218 216 212 209 211 214 214 212 211 209 206 201 196 195 194 187 178 176 179 180 180 180 180 179 178 177 176 175
256 254 254 256 257 258 257 256 256 256 255 254 253 252 255 259 261 254 247 248 255 260 260 254 247 242 242 241 246 257 262 262 261 258 269 280 282 281 285 288 288 286 289 291 287 282 280 270 252 241 236 234 233 231 230 228 227 226 225 222 221 223 223 221 222 222 220 218 214 210 211 214 215 212 210 209 208 206 202 199 198 195 186 178 177 179 181 182 182 181 180 179 177 176
255 255 258 260 261 260 258 256 255 253 253 253 251 252 255 261 262 250 240 244 253 262 264 258 252 246 243 240 245 255 260 260 257 257 267 277 280 283 288 286 277 278 287 293 293 287 282 275 256 244 237 233 231 230 229 228 227 227 227 223 221 223 224 222 222 224 223 220 216 212 210 212 214 213 212 212 211 211 208 204 201 199 194 186 180 179 182 183 184 183 182 180 179 178
256 257 260 261 260 258 256 255 254 253 252 253 254 254 257 262 263 247 236 241 249 260 268 263 255 253 249 243 243 248 254 259 256 255 265 275 281 286 289 280 275 274 277 286 294 293 287 281 265 247 238 233 230 230 230 227 226 227 228 226 223 224 224 222 220 221 222 221 217 213 210 212 215 215 214 214 214 213 212 209 205 202 199 193 187 183 184 186 187 187 185 183 180 179
258 259 259 258 257 256 254 253 253 251 248 251 257 258 259 263 263 246 234 238 243 252 263 264 254 257 260 258 250 244 247 253 256 259 269 276 281 285 284 278 275 269 269 276 288 294 288 284 279 257 238 230 228 230 230 227 225 226 228 226 223 223 224 222 220 220 221 220 218 215 213 215 217 217 216 216 215 212 211 211 208 205 202 198 194 191 192 193 194 194 188 182 180 181
258 258 258 257 256 257 256 253 251 248 246 251 256 258 258 262 264 250 234 234 237 245 254 258 254 259 265 267 262 251 245 247 254 264 274 280 280 278 276 273 267 262 266 274 283 286 282 279 279 268 242 226 224 228 229 228 225 225 226 226 223 221 222 223 221 219 220 219 218 215 213 214 215 215 216 217 216 212 210 211 211 210 206 204 201 197 199 201 201 196 186 180 180 185
254 254 255 255 255 255 256 255 251 247 249 254 255 252 253 261 268 263 240 235 234 239 244 251 254 259 261 262 264 262 249 246 252 264 275 280 277 273 270 264 256 258 265 272 274 273 272 268 263 261 245 222 220 224 228 227 225 224 226 226 223 220 221 223 221 218 218 218 217 215 213 214 216 215 215 217 217 214 212 211 213 212 208 205 204 201 202 203 198 190 186 184 186 191
250 251 252 253 254 253 252 252 251 251 256 260 255 246 249 261 271 275 254 242 239 237 238 243 251 256 255 252 257 262 252 245 250 260 271 276 276 271 265 257 253 260 265 266 267 267 267 258 253 250 237 211 209 219 226 227 226 224 225 226 224 220 220 223 221 218 217 218 218 216 215 215 218 219 217 217 217 217 214 211 214 215 210 207 207 203 201 200 194 189 190 192 194 196
248 250 251 252 252 252 249 247 249 255 263 264 254 242 248 261 272 276 266 253 247 241 237 239 244 250 251 248 256 261 252 243 245 254 266 274 274 266 257 254 256 262 263 260 261 263 259 251 246 242 229 203 193 210 223 227 227 225 225 226 224 221 221 223 222 218 217 218 218 217 215 215 217 220 220 219 218 219 217 215 217 218 213 209 209 205 200 197 194 193 196 199 199 195
246 249 251 251 252 252 249 246 249 255 262 265 254 243 249 259 268 275 287 276 255 248 244 240 239 241 242 244 253 259 255 249 245 250 257 264 263 254 247 252 255 257 256 254 256 254 246 240 238 234 225 201 184 197 215 225 227 226 225 226 224 220 220 222 221 218 216 217 217 216 215 213 214 217 219 220 219 219 219 218 218 219 215 210 209 205 199 196 197 199 201 202 198 193
247 249 250 251 253 252 250 250 253 255 257 260 257 250 251 254 261 275 299 304 280 262 254 250 246 241 237 239 244 247 252 256 255 257 255 249 243 234 237 244 246 246 247 249 250 247 241 237 233 229 224 202 184 186 206 222 227 226 225 226 225 221 220 221 219 216 215 216 217 216 215 213 212 214 217 218 218 218 219 217 217 218 216 211 208 204 200 198 200 202 203 201 198 196
247 247 248 252 255 253 252 255 259 258 255 258 261 257 252 252 259 271 293 312 305 282 268 263 260 255 249 247 245 245 251 257 263 264 257 248 240 230 231 235 232 233 236 239 241 240 237 235 232 227 222 205 186 182 197 218 226 227 225 226 225 222 221 221 218 216 215 215 216 217 216 213 211 212 214 217 218 217 218 219 220 222 218 212 207 204 201 199 201 203 203 202 201 201
245 245 247 251 256 255 256 259 263 261 256 260 264 260 252 252 258 265 280 303 313 301 284 275 270 267 265 262 262 262 261 261 265 263 258 253 245 239 238 234 230 228 230 233 234 233 230 228 224 221 218 207 190 181 191 214 226 228 226 226 226 222 222 225 225 227 226 220 218 219 217 214 212 211 212 215 217 218 220 222 224 224 220 213 209 204 200 200 203 204 204 203 202 203
242 244 246 247 247 249 252 258 264 264 258 262 268 265 253 250 255 262 270 285 305 308 299 287 280 276 272 272 275 277 273 268 266 263 260 256 253 249 245 242 237 233 234 237 237 235 233 229 221 218 216 209 195 183 187 208 225 228 227 227 228 225 227 231 234 241 245 239 227 223 219 216 215 213 211 211 214 216 219 221 222 222 219 213 208 204 201 201 204 206 205 204 201 199
237 243 247 244 240 239 242 248 256 261 259 264 271 276 261 251 252 256 262 269 285 299 302 297 288 283 280 280 282 281 279 274 269 265 263 259 257 252 246 246 245 242 241 240 241 243 243 237 226 221 217 212 198 184 187 204 222 227 227 229 231 230 233 234 232 235 240 242 238 230 224 220 217 215 211 209 210 213 215 217 219 220 217 210 206 204 201 202 204 205 205 202 200 196
240 248 252 247 241 240 240 242 246 250 255 267 275 280 271 260 253 250 252 261 271 283 292 295 291 289 288 286 287 287 284 278 272 268 265 261 257 253 248 244 246 245 242 239 240 243 243 237 227 221 218 215 200 186 190 204 223 232 234 234 233 233 233 231 229 230 232 233 235 235 231 227 222 218 213 209 207 209 211 212 214 216 213 208 206 206 204 203 206 206 205 201 197 195
244 250 253 249 246 245 244 241 244 244 248 262 273 275 275 270 258 247 244 252 265 275 282 286 287 288 288 292 295 294 289 279 273 271 268 262 258 257 251 245 244 245 242 241 239 239 239 234 224 219 218 214 201 189 191 205 222 234 239 237 232 231 230 227 227 230 230 230 231 233 237 240 235 227 219 213 207 206 207 207 209 213 214 211 209 208 206 206 209 209 205 198 193 192
241 247 250 247 245 245 244 243 244 242 244 253 262 267 273 274 265 250 242 244 254 269 277 278 280 283 291 300 302 301 291 278 273 272 269 264 260 260 255 248 245 245 244 245 243 240 237 232 221 218 219 215 204 193 191 202 215 226 231 229 226 228 227 225 227 229 230 230 230 230 233 242 246 243 233 221 212 207 207 207 207 213 216 214 212 210 207 207 209 208 201 193 189 189
