windninja/windninja_output/Output_2025-08-24_0900-0950_Google earth_Fire_150m_10min/merlingen_7.5mi_point_08-24-2025_0950_150m_ang.asc
ncols	158
nrows	163
xllcorner	391686.332397
yllcorner	5160024.123721
cellsize	150.000000
NODATA_value	-32768.000000
[rows 92 to 137 of 163, columns 0 to 95 of 158]
86 83 79 78 78 80 82 79 72 73 78 80 76 76 76 77 78 78 85 97 108 117 99 79 70 76 83 86 87 88 89 89 91 93 94 93 93 94 97 97 91 85 86 89 93 94 93 91 90 91 96 101 105 108 111 110 108 108 105 104 108 111 109 107 106 106 106 107 107 108 109 109 110 111 112 113 114 115 117 118 120 122 124 124 123 120 117 114 108 100 87 85 88 88 88 91
87 86 84 82 82 83 83 80 72 70 73 73 70 70 71 76 83 88 95 97 93 76 67 64 64 74 82 85 86 87 87 89 92 94 95 94 94 94 95 97 95 87 83 86 89 91 92 91 90 91 94 102 108 109 112 114 109 104 100 98 100 105 107 106 106 106 106 106 107 107 108 109 109 110 111 112 113 114 115 116 117 118 119 119 118 114 112 107 100 89 84 86 89 89 89 92
88 87 87 88 89 89 88 85 82 81 77 73 70 69 70 77 84 89 91 83 67 50 47 54 62 75 82 84 84 84 85 88 93 96 97 95 94 95 95 97 98 93 86 84 85 88 91 92 92 93 97 104 111 109 109 111 107 102 99 98 98 102 104 105 105 105 106 106 106 107 108 108 109 109 110 111 112 112 113 114 115 115 115 115 114 111 108 103 96 91 90 91 92 93 93 94
87 86 86 89 90 88 86 87 97 97 89 81 77 75 80 85 84 86 82 69 54 48 48 57 69 79 83 83 83 82 85 90 94 97 97 96 95 96 96 97 99 100 93 87 84 87 90 94 97 100 102 103 105 106 105 106 106 104 102 100 99 101 103 104 105 105 105 105 106 107 107 107 108 108 109 110 110 111 112 112 113 113 113 112 111 110 107 103 100 97 96 96 96 96 96 96
88 87 88 89 86 81 78 81 92 100 96 87 79 78 84 87 86 88 79 54 46 50 56 69 80 85 85 84 84 86 89 91 92 92 94 96 96 96 97 98 100 104 101 94 91 90 92 96 100 102 100 95 94 99 100 102 104 104 103 102 101 101 103 104 104 105 105 105 106 106 106 107 107 108 108 109 109 110 110 111 111 111 111 111 110 108 107 105 103 101 100 99 99 98 98 98
91 90 89 87 82 76 73 73 79 87 90 84 82 82 85 87 90 88 72 48 43 52 64 79 89 91 88 86 87 90 92 90 88 88 91 95 96 98 99 99 101 105 106 102 98 96 95 97 98 95 90 87 88 93 96 98 100 101 102 102 101 101 103 104 104 105 105 105 105 106 106 106 107 107 107 108 108 109 109 110 110 110 110 109 109 108 106 105 104 103 102 101 100 100 100 100
91 90 87 84 83 79 74 73 73 76 78 81 85 88 89 90 89 80 61 48 47 57 73 87 95 91 86 86 88 89 90 89 88 88 90 93 96 99 101 102 103 105 108 105 100 98 97 95 92 89 87 87 87 90 94 95 97 99 101 101 101 101 102 104 105 105 105 105 105 105 105 106 106 106 107 107 108 108 108 109 109 109 109 108 108 107 106 105 104 103 103 102 102 101 101 101
88 86 84 84 85 84 81 79 75 73 74 76 79 85 89 86 80 69 56 50 54 69 83 88 85 75 78 83 85 86 87 89 89 90 91 94 96 99 102 105 106 107 110 108 102 99 98 95 91 88 88 89 88 89 92 95 95 97 99 101 100 101 102 103 105 106 106 106 105 105 105 105 105 106 106 106 107 107 108 108 108 108 108 108 107 107 106 105 105 104 103 103 102 102 102 101
87 85 83 84 83 81 81 81 77 74 73 72 73 78 81 77 74 70 61 60 73 86 88 77 61 64 73 79 82 84 85 87 90 93 95 97 98 98 101 107 110 110 112 112 106 100 97 95 92 90 89 90 90 90 92 94 94 94 98 101 101 101 100 102 105 107 107 107 106 105 104 104 105 105 105 106 106 107 107 107 107 108 107 107 107 107 106 106 105 104 104 103 103 102 102 102
88 87 85 83 80 79 79 79 78 76 75 73 70 68 69 71 73 75 72 78 90 93 80 61 58 65 73 77 79 80 83 87 91 95 99 101 101 100 102 106 112 113 113 115 111 102 97 96 94 92 91 90 91 91 92 92 93 94 95 99 101 101 99 100 103 106 108 108 106 104 103 104 104 105 105 105 106 106 106 107 107 107 107 107 107 106 106 106 105 105 104 104 103 103 103 102
89 88 86 82 80 79 79 78 78 77 76 74 70 66 67 72 75 76 78 85 88 79 62 59 62 67 72 75 77 80 83 87 91 95 100 104 105 105 105 107 112 115 115 117 116 108 102 98 96 94 92 90 91 91 92 93 94 94 93 95 99 101 101 100 101 104 106 106 105 102 102 103 105 105 104 105 105 105 106 106 107 107 107 107 107 106 106 106 105 105 104 104 104 103 103 102
90 88 85 82 81 80 80 79 78 78 77 76 75 77 80 80 79 78 80 83 75 58 56 62 64 66 71 76 79 83 87 88 91 94 99 104 108 109 108 108 111 116 117 119 120 116 107 100 96 93 92 91 92 93 93 93 94 94 94 95 98 101 101 99 99 101 103 103 102 100 100 102 105 105 104 104 104 105 106 106 106 107 107 107 107 106 106 106 105 105 105 104 104 103 103 102
89 88 85 82 81 81 80 79 78 79 80 81 83 88 91 90 85 81 80 76 63 55 59 63 62 64 70 75 80 85 88 89 91 94 97 102 107 111 111 110 113 117 119 120 122 121 113 104 98 94 93 93 93 94 94 93 93 93 94 95 96 98 99 99 99 99 100 101 101 100 98 99 101 103 102 102 104 105 106 106 107 107 107 107 107 107 106 106 105 105 105 104 104 103 102 102
89 87 84 81 80 81 80 79 78 79 82 85 88 92 94 93 88 82 76 70 62 61 63 61 61 65 69 74 78 84 88 91 93 93 95 99 106 112 115 115 116 119 121 122 124 125 119 111 104 99 96 95 93 93 94 94 93 92 93 93 94 95 97 98 98 97 98 100 100 99 97 95 95 99 100 102 104 105 105 105 107 108 108 108 107 107 106 106 105 105 104 104 103 103 102 102
89 86 82 79 79 79 79 78 78 80 83 87 90 91 92 91 86 81 74 67 64 67 66 61 62 65 68 70 76 82 88 93 94 91 92 99 108 115 118 119 119 120 121 123 126 128 125 118 112 105 100 96 94 92 92 93 94 93 92 92 92 94 96 97 97 97 97 99 100 97 95 94 93 96 100 103 105 106 104 105 108 111 110 109 108 107 106 106 105 105 104 104 103 103 102 102
88 85 80 78 78 77 78 80 80 82 84 86 86 84 85 86 83 80 73 67 65 70 72 65 61 63 65 66 72 82 90 94 93 87 91 102 112 116 116 118 122 122 122 124 127 130 131 126 119 111 104 99 96 93 91 90 92 93 92 91 91 93 96 96 97 97 96 97 99 97 93 94 95 95 98 100 103 106 108 107 109 112 113 111 109 108 107 106 105 104 104 103 103 103 102 102
87 84 79 78 79 79 81 83 83 83 81 80 78 75 77 80 81 78 71 68 70 75 76 70 62 61 64 64 68 80 89 91 90 84 94 106 113 113 113 118 124 125 123 126 129 132 135 134 126 117 108 101 98 96 93 90 89 91 92 91 90 91 95 96 95 95 95 95 98 98 93 92 94 96 97 98 101 105 108 107 105 109 114 114 111 109 107 106 105 104 103 103 103 102 102 101
87 84 81 83 84 85 83 82 80 78 76 74 71 71 75 79 81 74 65 67 75 80 80 74 67 63 64 64 69 80 86 87 87 85 94 105 110 110 115 121 123 121 123 128 132 132 136 139 133 123 113 105 100 98 95 92 89 89 92 93 91 90 92 93 92 93 94 95 96 98 94 91 93 97 98 98 100 102 104 105 103 105 111 115 114 110 108 106 104 103 103 102 102 102 101 101
89 87 87 89 88 86 82 78 76 73 73 72 70 71 76 82 84 70 59 65 75 83 85 80 75 70 66 65 70 79 85 85 84 84 92 102 108 113 119 121 117 115 120 128 132 133 137 143 140 130 120 110 102 97 96 95 92 90 91 93 92 89 88 88 89 90 93 96 96 97 97 95 95 96 97 97 98 98 100 102 103 104 107 112 114 111 108 105 103 102 101 101 101 101 101 99
91 91 90 89 86 82 79 77 75 73 71 73 74 76 80 85 86 68 56 63 71 82 91 87 81 78 76 71 70 73 80 85 83 83 92 103 111 117 122 120 117 115 116 124 131 134 137 144 145 136 126 116 105 98 96 96 93 90 90 91 92 90 87 86 87 88 91 95 97 98 99 97 95 94 95 95 96 95 96 99 102 103 105 109 112 111 108 104 101 99 99 99 100 101 100 98
93 92 89 85 82 80 77 76 75 72 69 73 79 82 83 86 87 70 58 62 67 76 87 91 82 83 88 87 79 71 72 80 84 87 97 106 113 118 121 119 117 111 108 116 129 136 137 141 144 142 133 123 111 102 97 96 95 91 89 90 91 90 87 87 88 88 88 90 94 98 99 98 95 94 93 94 95 95 95 96 100 103 106 108 110 110 105 101 98 95 97 100 102 101 100 98
91 90 86 83 81 81 79 77 74 70 69 74 80 83 83 86 90 84 70 64 64 69 77 84 82 87 93 96 92 79 71 74 82 92 101 108 112 112 114 113 109 102 103 113 126 136 136 137 142 144 140 134 120 106 99 97 96 93 90 88 90 90 88 88 90 89 87 87 90 96 99 98 97 95 93 93 95 96 96 95 96 101 104 104 106 106 101 97 94 95 101 107 107 103 99 96
87 85 83 82 81 81 80 79 74 70 73 79 81 78 79 86 95 111 103 71 64 65 69 76 84 89 92 93 94 92 79 73 80 91 101 107 106 105 107 106 100 100 105 112 122 131 135 138 140 143 145 144 131 112 101 97 97 95 91 88 89 89 88 89 90 90 88 88 89 92 95 97 97 97 94 92 94 97 98 95 94 97 101 102 104 104 98 95 96 101 107 111 109 102 95 94
85 83 81 82 81 79 78 77 75 76 83 87 82 73 75 86 100 123 142 87 73 67 66 72 82 89 89 87 90 97 88 76 78 87 98 105 106 105 102 99 99 105 109 112 118 128 137 140 138 141 146 150 143 122 104 97 96 96 93 90 89 89 89 89 90 91 90 89 89 90 91 92 92 95 96 94 92 94 97 97 95 96 100 101 101 102 99 99 103 106 109 110 106 99 96 98
86 84 82 80 80 79 75 72 75 82 91 93 83 70 74 88 101 124 161 119 91 80 73 73 76 83 86 83 88 98 96 82 77 82 94 104 108 104 97 98 104 109 111 109 113 124 133 136 133 135 143 151 153 135 109 97 95 96 95 92 89 89 89 90 90 91 90 89 89 89 89 89 88 90 95 97 94 92 94 96 95 96 100 100 97 99 102 103 106 107 107 106 104 101 103 104
88 84 81 80 79 79 76 73 77 84 90 94 87 74 77 85 95 118 158 144 113 96 88 79 75 76 79 80 88 97 99 90 81 83 91 100 104 100 94 99 107 109 108 106 107 114 123 129 132 134 140 153 160 148 119 100 95 96 96 93 92 91 91 91 91 90 90 90 89 88 89 89 88 87 89 95 97 93 91 93 95 98 100 99 96 99 104 105 106 106 105 104 105 105 106 105
89 84 79 79 80 80 79 80 83 84 85 90 93 86 80 80 87 110 147 151 131 109 97 91 85 80 79 83 85 88 96 102 101 97 95 92 92 91 93 100 104 103 101 101 101 106 117 127 133 135 139 153 164 159 131 104 96 95 95 94 94 95 95 93 91 90 90 89 88 89 90 90 89 86 86 89 93 93 92 94 96 98 99 99 99 102 106 106 105 105 104 105 106 105 104 104
90 84 79 81 83 82 82 85 88 87 83 86 96 95 83 78 84 101 133 148 142 122 108 101 98 93 90 90 87 89 99 110 112 105 96 88 83 84 92 95 93 91 92 94 98 102 110 120 129 133 135 149 163 166 143 109 97 94 95 95 95 97 98 95 92 90 89 88 86 88 90 91 91 89 86 85 86 90 93 94 95 95 96 99 102 105 107 107 105 104 104 105 104 100 101 105
88 82 78 81 84 85 85 88 91 90 85 87 98 100 86 80 84 93 115 140 145 134 119 109 104 101 100 99 100 102 103 106 107 101 94 89 85 85 91 90 83 80 85 91 95 97 102 112 122 127 129 140 159 169 152 112 98 95 95 95 96 97 95 92 88 87 88 89 88 88 90 92 93 93 89 84 82 84 89 91 93 93 96 99 104 108 110 108 105 104 103 103 101 97 102 111
88 84 81 79 78 79 82 87 93 94 87 89 99 109 92 80 81 88 102 124 140 137 127 116 109 106 104 105 108 109 106 102 100 98 94 91 89 87 87 90 85 79 82 87 90 92 98 106 114 118 122 132 152 172 162 117 99 96 95 95 94 90 86 81 78 82 90 97 99 94 91 91 94 96 94 88 82 81 83 87 91 93 97 101 106 110 112 109 105 103 104 103 100 99 105 114
95 90 88 81 73 71 73 78 85 91 89 92 101 119 103 84 79 82 90 101 120 129 128 122 113 109 108 110 111 110 109 106 101 98 94 91 90 85 83 90 91 84 79 79 83 90 94 98 102 104 109 119 144 175 164 122 100 95 93 91 86 79 76 75 76 82 90 100 108 105 96 93 95 97 98 95 88 82 82 83 87 92 99 105 108 111 113 110 105 104 105 104 100 102 108 115
107 96 92 86 76 73 71 71 74 78 85 94 104 121 113 93 80 75 76 87 101 114 120 119 114 112 112 111 113 113 114 109 101 99 96 91 89 85 81 84 92 87 78 74 76 84 88 91 94 95 99 107 129 175 155 117 97 91 88 84 76 73 77 81 84 87 89 93 103 110 105 100 98 98 99 101 98 92 87 85 85 90 98 105 108 110 111 108 105 104 106 107 103 104 110 117
104 97 92 88 81 78 75 71 71 72 77 90 102 112 112 101 85 72 68 77 91 103 110 113 112 111 111 115 120 121 119 109 102 100 97 91 88 88 83 80 88 90 81 74 73 77 82 87 89 91 94 96 105 159 138 99 87 84 84 81 75 79 85 87 90 91 89 87 91 101 106 103 102 102 102 105 108 105 98 93 90 89 92 98 102 105 107 104 102 103 108 114 110 108 112 118
96 92 90 88 84 80 77 74 74 71 73 79 88 98 106 104 93 77 67 70 80 96 106 107 108 110 116 125 128 129 125 109 101 101 98 91 89 91 86 81 85 91 87 80 75 74 78 82 84 88 89 86 82 82 88 78 77 78 80 81 84 87 89 89 90 90 89 86 84 87 95 101 103 106 108 109 113 113 108 101 97 91 88 89 96 101 102 100 100 104 113 120 115 111 114 119
91 89 88 88 84 80 78 80 78 73 69 70 74 85 95 104 101 87 76 72 77 89 103 108 114 122 129 133 135 137 133 109 99 98 98 92 88 90 90 85 85 92 94 86 79 76 77 77 78 80 81 78 67 42 27 59 71 76 79 82 87 89 88 87 87 87 87 85 83 81 85 94 100 106 110 114 116 117 114 108 104 99 92 89 92 96 99 100 102 106 115 122 116 113 116 119
94 90 89 89 86 81 81 83 82 75 67 64 67 75 89 101 104 95 90 88 93 101 108 116 119 123 129 132 133 140 139 114 97 92 93 92 88 88 90 88 86 93 102 97 86 80 77 75 72 71 73 70 54 29 22 45 69 78 81 82 84 85 84 85 86 86 85 84 83 81 82 87 94 101 107 113 119 121 120 118 115 109 102 96 94 96 103 106 106 108 114 120 117 115 117 117
97 92 89 89 89 87 85 84 82 77 69 64 63 66 75 91 99 99 103 115 119 114 109 109 111 110 110 115 126 137 141 123 101 88 83 85 87 87 87 87 88 94 106 111 98 84 77 70 65 66 68 63 42 23 23 41 68 80 82 81 81 82 82 84 85 85 84 83 82 82 82 83 88 95 101 107 116 123 123 122 122 118 112 107 103 103 109 112 112 110 112 117 118 116 114 114
93 90 89 89 90 91 91 88 84 80 78 72 65 61 64 72 89 103 115 122 124 119 104 95 95 96 99 104 112 126 137 130 109 91 80 76 79 82 83 85 88 94 103 115 112 93 79 66 60 62 62 55 33 22 27 42 67 78 80 80 80 81 82 83 84 84 83 82 82 81 81 82 83 88 94 101 109 118 119 120 122 121 119 114 109 108 111 112 111 110 110 113 115 114 110 110
94 89 88 90 92 92 93 92 90 88 87 83 74 68 65 71 85 104 116 122 122 119 108 94 89 92 95 95 99 114 127 132 122 101 86 75 71 72 77 82 86 91 99 111 119 108 85 68 61 62 57 48 29 24 35 48 66 75 78 79 80 80 81 82 83 82 82 83 82 81 81 82 82 83 88 95 104 113 116 117 119 122 122 118 113 111 111 110 108 109 109 107 108 109 107 105
98 91 86 86 89 91 89 89 92 96 96 91 85 81 79 80 88 100 111 117 119 121 117 105 92 88 89 91 95 105 117 129 134 117 96 82 73 69 69 74 80 87 93 102 114 115 94 74 67 63 53 41 30 30 42 52 65 74 77 78 78 80 82 82 82 82 83 83 83 82 82 83 83 82 85 91 99 110 113 114 119 125 127 123 118 115 113 114 112 111 109 104 101 104 103 98
97 93 87 84 88 93 89 82 83 93 100 99 96 93 92 92 94 96 100 108 116 122 123 118 102 87 79 86 94 100 109 120 137 134 110 95 84 74 68 68 75 81 85 91 99 105 96 80 72 63 49 39 34 36 46 53 63 73 77 77 78 82 84 83 83 83 83 84 84 83 84 84 83 83 85 89 96 107 112 111 116 126 131 129 124 121 122 122 116 111 108 104 98 96 95 87
95 93 90 87 89 93 92 84 78 81 91 101 101 100 101 104 103 98 93 97 111 123 128 123 109 87 75 77 87 93 100 109 128 141 126 109 97 85 75 72 74 77 79 82 82 77 79 79 71 60 48 41 39 43 49 53 61 71 75 77 79 82 83 83 83 83 84 85 86 87 87 86 85 84 83 87 95 104 111 110 111 120 130 131 127 126 128 125 119 111 107 104 96 89 83 81
96 95 94 92 90 90 93 93 86 79 81 89 93 99 108 115 111 103 94 91 98 118 128 124 113 91 76 71 75 84 90 97 112 133 136 122 105 93 85 82 79 76 78 77 68 61 62 63 60 55 49 44 43 48 52 53 61 71 76 78 81 81 80 81 82 83 84 85 89 93 92 90 89 86 83 85 90 99 109 110 109 112 121 126 126 127 127 127 123 115 108 103 95 86 80 82
89 90 92 92 90 88 90 95 95 88 81 81 86 96 109 115 114 105 99 94 91 100 116 119 119 105 86 74 71 75 82 87 98 117 132 132 117 101 94 90 85 79 77 72 61 57 54 48 48 51 49 46 47 52 54 55 63 73 78 81 81 80 79 80 81 81 81 83 89 98 102 98 93 90 86 84 85 91 103 108 108 107 110 116 122 126 127 127 125 117 109 103 95 88 84 84
81 83 87 89 89 89 89 90 92 92 87 85 87 95 103 109 111 108 104 98 91 90 100 111 122 119 100 84 76 73 75 81 88 98 118 132 132 114 100 94 89 83 76 66 60 57 52 44 44 51 51 49 51 54 55 57 66 76 80 82 81 80 80 80 79 79 79 81 86 95 105 107 102 98 92 86 84 85 90 100 106 106 107 113 121 126 126 126 125 120 114 107 100 94 88 87
91 86 83 83 88 91 90 86 85 88 91 93 98 100 101 103 106 107 105 98 92 91 96 105 120 129 114 97 85 76 70 75 83 90 102 123 139 129 103 94 91 86 75 63 58 56 52 44 44 51 52 53 56 57 58 62 72 80 83 82 80 79 79 79 78 77 77 80 83 89 99 109 110 109 104 93 86 83 83 88 99 108 109 114 122 126 121 119 122 124 122 113 104 98 98 109
