windninja/windninja_output/Output_2025-08-24_0900-0950_Google earth_Fire_150m_10min/merlingen_7.5mi_point_08-24-2025_0910_150m_vel.asc
ncols	158
nrows	163
xllcorner	391686.332397
yllcorner	5160024.123721
cellsize	150.000000
NODATA_value	-32768.000000
[rows 76 to 113 of 163, columns 0 to 83 of 158]
0.16 0.14 0.12 0.09 0.08 0.07 0.06 0.05 0.05 0.05 0.04 0.04 0.03 0.03 0.03 0.03 0.02 0.02 0.03 0.03 0.04 0.05 0.05 0.06 0.07 0.07 0.08 0.09 0.10 0.12 0.13 0.13 0.13 0.13 0.13 0.13 0.14 0.14 0.15 0.16 0.17 0.17 0.18 0.19 0.19 0.20 0.21 0.21 0.22 0.23 0.23 0.24 0.25 0.25 0.26 0.26 0.27 0.27 0.28 0.29 0.29 0.30 0.30 0.31 0.31 0.31 0.32 0.32 0.32 0.33 0.33 0.33 0.34 0.34 0.35 0.36 0.36 0.37 0.42 0.50 0.56 0.50 0.33 0.20
0.15 0.13 0.11 0.09 0.07 0.06 0.05 0.04 0.04 0.03 0.03 0.03 0.02 0.02 0.02 0.02 0.02 0.02 0.03 0.04 0.04 0.05 0.06 0.07 0.08 0.08 0.09 0.09 0.10 0.11 0.13 0.14 0.14 0.14 0.15 0.14 0.15 0.15 0.15 0.16 0.17 0.18 0.19 0.19 0.20 0.20 0.21 0.22 0.22 0.23 0.23 0.24 0.25 0.26 0.26 0.27 0.27 0.28 0.29 0.29 0.30 0.30 0.31 0.31 0.32 0.32 0.33 0.33 0.33 0.34 0.34 0.35 0.35 0.35 0.35 0.35 0.35 0.36 0.41 0.48 0.47 0.33 0.20 0.19
0.13 0.12 0.10 0.09 0.07 0.05 0.04 0.03 0.03 0.03 0.02 0.01 0.01 0.01 0.01 0.02 0.02 0.03 0.04 0.04 0.05 0.06 0.07 0.07 0.08 0.09 0.10 0.10 0.10 0.11 0.13 0.15 0.16 0.16 0.17 0.17 0.17 0.16 0.16 0.16 0.17 0.18 0.19 0.20 0.20 0.21 0.21 0.22 0.22 0.23 0.24 0.24 0.25 0.26 0.27 0.27 0.28 0.28 0.29 0.30 0.30 0.31 0.31 0.32 0.32 0.33 0.33 0.34 0.34 0.35 0.35 0.35 0.35 0.36 0.36 0.36 0.36 0.37 0.40 0.42 0.37 0.24 0.22 0.24
0.11 0.10 0.10 0.09 0.07 0.05 0.03 0.02 0.02 0.02 0.01 0.01 0.00 0.01 0.01 0.02 0.02 0.03 0.04 0.05 0.06 0.06 0.07 0.08 0.09 0.10 0.11 0.12 0.12 0.12 0.13 0.15 0.17 0.17 0.17 0.18 0.18 0.18 0.18 0.17 0.17 0.17 0.18 0.19 0.20 0.20 0.21 0.21 0.22 0.23 0.24 0.25 0.25 0.26 0.27 0.28 0.28 0.29 0.29 0.30 0.31 0.31 0.32 0.32 0.33 0.33 0.34 0.34 0.35 0.35 0.36 0.36 0.36 0.37 0.37 0.37 0.38 0.38 0.40 0.38 0.31 0.26 0.30 0.37
0.08 0.08 0.08 0.08 0.07 0.05 0.03 0.02 0.02 0.01 0.01 0.00 0.01 0.02 0.02 0.03 0.03 0.04 0.05 0.05 0.06 0.07 0.08 0.09 0.09 0.10 0.12 0.13 0.13 0.14 0.14 0.16 0.17 0.19 0.20 0.20 0.19 0.19 0.20 0.19 0.18 0.17 0.17 0.18 0.18 0.19 0.20 0.20 0.21 0.22 0.23 0.24 0.26 0.26 0.27 0.28 0.29 0.29 0.30 0.30 0.31 0.32 0.32 0.33 0.33 0.34 0.34 0.35 0.35 0.36 0.36 0.37 0.37 0.38 0.38 0.39 0.39 0.39 0.39 0.37 0.33 0.34 0.39 0.42
0.05 0.06 0.07 0.07 0.07 0.06 0.04 0.02 0.02 0.02 0.01 0.02 0.02 0.02 0.03 0.03 0.04 0.04 0.05 0.06 0.07 0.07 0.08 0.09 0.10 0.11 0.12 0.13 0.14 0.15 0.15 0.16 0.18 0.20 0.21 0.22 0.21 0.21 0.21 0.21 0.21 0.19 0.18 0.17 0.17 0.16 0.16 0.17 0.17 0.19 0.21 0.24 0.26 0.27 0.28 0.28 0.29 0.29 0.30 0.31 0.31 0.32 0.33 0.33 0.34 0.34 0.35 0.35 0.36 0.36 0.37 0.37 0.38 0.39 0.39 0.40 0.40 0.40 0.40 0.39 0.39 0.42 0.42 0.41
0.05 0.06 0.08 0.09 0.08 0.05 0.04 0.04 0.03 0.03 0.03 0.02 0.03 0.03 0.03 0.04 0.04 0.05 0.05 0.06 0.07 0.08 0.09 0.10 0.10 0.11 0.12 0.13 0.14 0.15 0.16 0.16 0.16 0.16 0.18 0.21 0.22 0.23 0.22 0.23 0.23 0.23 0.23 0.22 0.21 0.21 0.20 0.21 0.22 0.23 0.23 0.24 0.25 0.27 0.28 0.29 0.29 0.30 0.30 0.31 0.32 0.32 0.33 0.33 0.34 0.35 0.35 0.36 0.36 0.37 0.37 0.38 0.39 0.39 0.40 0.41 0.41 0.41 0.42 0.42 0.42 0.42 0.42 0.44
0.10 0.10 0.11 0.10 0.08 0.05 0.05 0.04 0.04 0.04 0.03 0.03 0.03 0.04 0.04 0.04 0.05 0.05 0.06 0.06 0.07 0.08 0.09 0.10 0.11 0.12 0.13 0.14 0.15 0.16 0.16 0.16 0.16 0.16 0.16 0.17 0.19 0.21 0.22 0.23 0.23 0.24 0.26 0.28 0.29 0.30 0.31 0.32 0.34 0.34 0.33 0.31 0.29 0.29 0.29 0.29 0.30 0.30 0.31 0.31 0.32 0.33 0.33 0.34 0.34 0.35 0.36 0.36 0.37 0.37 0.38 0.39 0.39 0.40 0.41 0.41 0.42 0.42 0.43 0.43 0.41 0.41 0.44 0.53
0.13 0.12 0.10 0.08 0.06 0.05 0.04 0.04 0.03 0.03 0.03 0.04 0.04 0.04 0.04 0.05 0.05 0.05 0.06 0.06 0.07 0.08 0.09 0.10 0.11 0.13 0.14 0.15 0.16 0.16 0.17 0.18 0.18 0.17 0.17 0.16 0.17 0.18 0.19 0.21 0.22 0.24 0.25 0.26 0.27 0.28 0.29 0.30 0.31 0.32 0.34 0.34 0.33 0.31 0.30 0.29 0.30 0.30 0.31 0.32 0.32 0.33 0.34 0.34 0.35 0.35 0.36 0.37 0.37 0.38 0.38 0.39 0.40 0.40 0.41 0.42 0.43 0.43 0.44 0.44 0.44 0.45 0.49 0.60
0.13 0.10 0.07 0.06 0.05 0.04 0.04 0.03 0.03 0.03 0.04 0.04 0.04 0.05 0.05 0.05 0.05 0.05 0.06 0.06 0.06 0.07 0.08 0.10 0.11 0.12 0.13 0.14 0.15 0.16 0.17 0.18 0.19 0.20 0.20 0.20 0.19 0.18 0.18 0.19 0.21 0.23 0.24 0.24 0.23 0.23 0.24 0.24 0.24 0.25 0.26 0.28 0.29 0.29 0.29 0.29 0.30 0.30 0.31 0.32 0.32 0.33 0.34 0.35 0.35 0.36 0.36 0.37 0.38 0.38 0.39 0.39 0.40 0.41 0.42 0.42 0.43 0.44 0.45 0.47 0.49 0.52 0.58 0.68
0.14 0.10 0.06 0.05 0.04 0.04 0.04 0.04 0.04 0.04 0.05 0.05 0.05 0.05 0.06 0.06 0.06 0.06 0.06 0.05 0.06 0.06 0.07 0.08 0.11 0.13 0.14 0.15 0.16 0.16 0.17 0.18 0.19 0.21 0.23 0.25 0.25 0.24 0.22 0.21 0.20 0.21 0.23 0.24 0.24 0.24 0.24 0.23 0.23 0.23 0.23 0.23 0.25 0.27 0.28 0.28 0.29 0.30 0.31 0.32 0.33 0.33 0.34 0.35 0.35 0.36 0.37 0.37 0.38 0.38 0.39 0.40 0.40 0.41 0.42 0.43 0.44 0.45 0.47 0.49 0.52 0.58 0.67 0.78
0.11 0.08 0.05 0.05 0.05 0.05 0.06 0.06 0.06 0.06 0.05 0.05 0.05 0.06 0.06 0.06 0.07 0.06 0.06 0.05 0.06 0.06 0.07 0.10 0.13 0.15 0.16 0.17 0.17 0.17 0.17 0.18 0.18 0.20 0.21 0.24 0.27 0.29 0.29 0.27 0.25 0.23 0.23 0.24 0.25 0.25 0.25 0.25 0.24 0.23 0.22 0.22 0.24 0.25 0.26 0.26 0.27 0.29 0.30 0.31 0.33 0.34 0.34 0.35 0.36 0.36 0.37 0.38 0.38 0.39 0.39 0.40 0.41 0.41 0.42 0.43 0.44 0.46 0.48 0.50 0.54 0.60 0.69 0.78
0.09 0.08 0.08 0.08 0.09 0.09 0.10 0.09 0.09 0.07 0.06 0.06 0.07 0.07 0.07 0.08 0.07 0.08 0.07 0.07 0.08 0.09 0.13 0.18 0.19 0.19 0.18 0.18 0.18 0.18 0.18 0.18 0.18 0.18 0.18 0.19 0.22 0.25 0.28 0.30 0.29 0.27 0.25 0.25 0.26 0.27 0.27 0.26 0.25 0.25 0.25 0.24 0.24 0.25 0.26 0.26 0.26 0.27 0.28 0.30 0.32 0.34 0.35 0.36 0.36 0.37 0.37 0.38 0.38 0.39 0.40 0.40 0.41 0.42 0.43 0.44 0.45 0.46 0.48 0.50 0.52 0.57 0.62 0.69
0.12 0.12 0.13 0.12 0.11 0.11 0.11 0.11 0.10 0.09 0.08 0.08 0.08 0.09 0.08 0.09 0.09 0.09 0.09 0.10 0.12 0.16 0.22 0.23 0.22 0.20 0.19 0.18 0.19 0.19 0.19 0.20 0.20 0.20 0.19 0.18 0.18 0.19 0.22 0.24 0.26 0.27 0.27 0.26 0.26 0.27 0.28 0.28 0.27 0.27 0.28 0.28 0.28 0.30 0.30 0.30 0.29 0.27 0.26 0.29 0.33 0.34 0.35 0.36 0.36 0.37 0.37 0.38 0.38 0.39 0.40 0.40 0.41 0.42 0.43 0.44 0.45 0.46 0.47 0.49 0.51 0.54 0.56 0.58
0.14 0.15 0.14 0.11 0.10 0.11 0.11 0.12 0.13 0.13 0.13 0.11 0.10 0.10 0.09 0.09 0.10 0.11 0.11 0.12 0.19 0.25 0.27 0.24 0.21 0.20 0.19 0.19 0.19 0.19 0.20 0.20 0.20 0.20 0.21 0.20 0.19 0.19 0.21 0.24 0.25 0.25 0.25 0.25 0.25 0.25 0.26 0.28 0.28 0.28 0.29 0.30 0.32 0.33 0.33 0.32 0.31 0.30 0.31 0.34 0.35 0.35 0.36 0.36 0.36 0.37 0.37 0.38 0.39 0.39 0.40 0.40 0.41 0.42 0.43 0.44 0.44 0.45 0.47 0.48 0.50 0.52 0.53 0.54
0.16 0.16 0.16 0.16 0.16 0.14 0.14 0.16 0.17 0.18 0.18 0.16 0.14 0.13 0.13 0.13 0.13 0.14 0.14 0.17 0.25 0.29 0.26 0.24 0.22 0.20 0.20 0.19 0.19 0.19 0.19 0.19 0.20 0.20 0.21 0.22 0.22 0.22 0.22 0.25 0.27 0.27 0.26 0.24 0.24 0.24 0.25 0.26 0.27 0.28 0.28 0.29 0.31 0.33 0.34 0.35 0.37 0.41 0.44 0.43 0.40 0.37 0.36 0.36 0.37 0.37 0.38 0.38 0.39 0.39 0.40 0.40 0.41 0.42 0.42 0.43 0.44 0.45 0.46 0.48 0.49 0.50 0.52 0.55
0.19 0.20 0.23 0.25 0.26 0.26 0.28 0.31 0.32 0.32 0.27 0.22 0.19 0.17 0.16 0.16 0.17 0.19 0.24 0.30 0.31 0.27 0.22 0.21 0.20 0.19 0.19 0.19 0.19 0.19 0.19 0.19 0.20 0.20 0.21 0.22 0.23 0.23 0.23 0.23 0.25 0.28 0.28 0.25 0.23 0.23 0.22 0.22 0.23 0.24 0.25 0.26 0.29 0.31 0.33 0.38 0.43 0.47 0.46 0.44 0.41 0.38 0.37 0.36 0.37 0.37 0.37 0.38 0.38 0.39 0.40 0.40 0.41 0.42 0.42 0.43 0.44 0.45 0.46 0.47 0.48 0.49 0.51 0.53
0.23 0.24 0.27 0.29 0.32 0.35 0.39 0.42 0.45 0.44 0.42 0.39 0.36 0.36 0.36 0.34 0.34 0.37 0.38 0.38 0.35 0.25 0.21 0.20 0.19 0.19 0.18 0.19 0.19 0.18 0.18 0.18 0.18 0.19 0.20 0.21 0.22 0.23 0.24 0.23 0.24 0.27 0.29 0.28 0.24 0.22 0.21 0.21 0.22 0.23 0.23 0.26 0.29 0.30 0.31 0.34 0.36 0.35 0.34 0.35 0.36 0.37 0.36 0.36 0.36 0.37 0.37 0.38 0.38 0.39 0.39 0.40 0.41 0.41 0.42 0.43 0.43 0.44 0.45 0.46 0.47 0.48 0.48 0.49
0.27 0.27 0.28 0.29 0.31 0.33 0.34 0.36 0.38 0.42 0.46 0.49 0.51 0.52 0.53 0.50 0.48 0.47 0.41 0.35 0.32 0.28 0.24 0.21 0.19 0.19 0.19 0.19 0.19 0.18 0.18 0.17 0.17 0.18 0.20 0.21 0.22 0.23 0.24 0.24 0.25 0.28 0.32 0.34 0.31 0.28 0.25 0.24 0.25 0.27 0.31 0.34 0.33 0.31 0.31 0.30 0.28 0.27 0.28 0.30 0.32 0.34 0.34 0.35 0.36 0.36 0.37 0.37 0.38 0.39 0.39 0.40 0.40 0.41 0.41 0.42 0.43 0.44 0.44 0.45 0.46 0.46 0.47 0.47
0.32 0.29 0.27 0.28 0.28 0.27 0.26 0.26 0.27 0.30 0.32 0.35 0.36 0.32 0.32 0.33 0.37 0.36 0.34 0.31 0.30 0.28 0.23 0.19 0.17 0.17 0.18 0.18 0.19 0.19 0.20 0.20 0.21 0.21 0.20 0.21 0.21 0.22 0.23 0.24 0.25 0.27 0.31 0.36 0.40 0.40 0.38 0.36 0.36 0.40 0.43 0.42 0.37 0.33 0.31 0.30 0.29 0.28 0.29 0.30 0.31 0.32 0.33 0.34 0.35 0.36 0.36 0.37 0.38 0.39 0.39 0.39 0.40 0.40 0.41 0.42 0.42 0.43 0.43 0.44 0.45 0.45 0.45 0.45
0.36 0.31 0.28 0.29 0.28 0.25 0.23 0.21 0.19 0.17 0.15 0.17 0.18 0.18 0.18 0.20 0.23 0.27 0.30 0.27 0.23 0.24 0.21 0.16 0.13 0.14 0.16 0.17 0.18 0.20 0.23 0.24 0.23 0.21 0.20 0.19 0.20 0.21 0.22 0.24 0.24 0.26 0.28 0.32 0.39 0.44 0.47 0.49 0.49 0.49 0.46 0.41 0.36 0.33 0.31 0.30 0.29 0.28 0.28 0.28 0.30 0.31 0.32 0.33 0.34 0.35 0.36 0.37 0.38 0.38 0.38 0.39 0.39 0.40 0.41 0.41 0.42 0.42 0.43 0.43 0.44 0.44 0.44 0.44
0.43 0.36 0.29 0.26 0.23 0.22 0.21 0.19 0.16 0.13 0.10 0.08 0.09 0.14 0.16 0.18 0.20 0.25 0.30 0.27 0.24 0.23 0.21 0.14 0.11 0.13 0.15 0.17 0.18 0.19 0.19 0.19 0.19 0.19 0.18 0.18 0.18 0.19 0.21 0.23 0.24 0.25 0.26 0.29 0.32 0.36 0.41 0.43 0.43 0.39 0.35 0.34 0.34 0.33 0.31 0.30 0.28 0.27 0.26 0.27 0.27 0.29 0.30 0.32 0.33 0.35 0.36 0.36 0.37 0.37 0.38 0.38 0.39 0.39 0.40 0.40 0.41 0.42 0.42 0.43 0.43 0.43 0.43 0.44
0.50 0.39 0.25 0.18 0.15 0.15 0.17 0.17 0.16 0.13 0.09 0.06 0.06 0.09 0.12 0.15 0.18 0.21 0.23 0.26 0.27 0.25 0.23 0.18 0.18 0.19 0.17 0.17 0.16 0.15 0.14 0.14 0.16 0.17 0.17 0.17 0.17 0.17 0.19 0.21 0.24 0.25 0.26 0.27 0.28 0.28 0.29 0.30 0.30 0.29 0.29 0.31 0.33 0.32 0.31 0.31 0.30 0.29 0.28 0.27 0.27 0.26 0.28 0.29 0.31 0.33 0.34 0.35 0.36 0.36 0.37 0.38 0.38 0.39 0.39 0.40 0.40 0.41 0.41 0.42 0.42 0.43 0.43 0.43
0.53 0.38 0.20 0.13 0.10 0.08 0.08 0.09 0.10 0.09 0.09 0.07 0.06 0.07 0.11 0.15 0.19 0.19 0.19 0.21 0.25 0.28 0.30 0.30 0.27 0.23 0.19 0.16 0.15 0.14 0.13 0.13 0.13 0.14 0.16 0.17 0.18 0.18 0.19 0.20 0.22 0.24 0.26 0.28 0.29 0.30 0.31 0.31 0.31 0.32 0.33 0.33 0.35 0.35 0.34 0.33 0.33 0.32 0.30 0.30 0.30 0.29 0.29 0.28 0.29 0.31 0.32 0.34 0.35 0.36 0.36 0.37 0.37 0.38 0.38 0.39 0.39 0.40 0.41 0.41 0.41 0.42 0.42 0.42
0.47 0.34 0.18 0.13 0.08 0.05 0.04 0.05 0.06 0.07 0.08 0.08 0.08 0.09 0.12 0.16 0.20 0.19 0.17 0.18 0.23 0.27 0.29 0.28 0.24 0.20 0.17 0.15 0.14 0.13 0.12 0.11 0.10 0.11 0.13 0.15 0.18 0.19 0.19 0.20 0.22 0.24 0.26 0.28 0.30 0.32 0.33 0.33 0.34 0.35 0.36 0.37 0.37 0.39 0.39 0.38 0.36 0.34 0.33 0.33 0.33 0.33 0.33 0.32 0.31 0.31 0.32 0.33 0.34 0.34 0.35 0.35 0.36 0.37 0.37 0.38 0.38 0.39 0.40 0.40 0.41 0.41 0.41 0.42
0.38 0.30 0.18 0.12 0.08 0.05 0.04 0.05 0.06 0.07 0.09 0.10 0.10 0.12 0.14 0.17 0.22 0.23 0.20 0.23 0.24 0.24 0.25 0.24 0.21 0.19 0.16 0.14 0.12 0.11 0.10 0.09 0.08 0.08 0.08 0.10 0.13 0.16 0.19 0.21 0.22 0.24 0.25 0.27 0.29 0.30 0.31 0.33 0.34 0.37 0.39 0.39 0.39 0.39 0.39 0.39 0.39 0.39 0.38 0.35 0.33 0.33 0.35 0.36 0.35 0.35 0.34 0.33 0.32 0.32 0.33 0.34 0.35 0.36 0.36 0.37 0.37 0.38 0.39 0.39 0.40 0.40 0.41 0.41
0.31 0.25 0.17 0.12 0.08 0.07 0.06 0.07 0.08 0.09 0.10 0.11 0.12 0.15 0.21 0.26 0.29 0.31 0.31 0.30 0.27 0.23 0.23 0.24 0.22 0.19 0.16 0.14 0.12 0.11 0.10 0.09 0.08 0.07 0.06 0.07 0.10 0.13 0.17 0.19 0.21 0.22 0.24 0.26 0.29 0.32 0.35 0.38 0.39 0.39 0.39 0.40 0.41 0.41 0.40 0.40 0.41 0.42 0.41 0.40 0.38 0.37 0.38 0.38 0.37 0.36 0.35 0.33 0.31 0.29 0.29 0.31 0.33 0.34 0.34 0.35 0.36 0.37 0.38 0.38 0.39 0.40 0.40 0.40
0.27 0.23 0.17 0.13 0.11 0.10 0.09 0.09 0.09 0.10 0.11 0.11 0.12 0.14 0.18 0.22 0.27 0.29 0.30 0.30 0.28 0.26 0.25 0.24 0.23 0.21 0.19 0.15 0.12 0.11 0.11 0.10 0.09 0.07 0.06 0.07 0.09 0.12 0.14 0.16 0.18 0.21 0.23 0.26 0.28 0.31 0.34 0.38 0.39 0.40 0.40 0.40 0.42 0.43 0.45 0.45 0.44 0.43 0.43 0.44 0.45 0.44 0.42 0.40 0.39 0.38 0.36 0.34 0.32 0.30 0.29 0.29 0.30 0.30 0.31 0.32 0.34 0.35 0.36 0.37 0.38 0.39 0.39 0.40
0.25 0.23 0.18 0.15 0.12 0.11 0.10 0.10 0.09 0.10 0.10 0.10 0.10 0.10 0.09 0.11 0.16 0.19 0.19 0.22 0.26 0.27 0.28 0.27 0.25 0.23 0.23 0.20 0.15 0.13 0.11 0.09 0.09 0.08 0.07 0.07 0.09 0.11 0.13 0.15 0.18 0.20 0.23 0.25 0.28 0.29 0.31 0.34 0.37 0.40 0.41 0.42 0.43 0.43 0.44 0.46 0.47 0.46 0.45 0.45 0.44 0.43 0.42 0.42 0.42 0.40 0.39 0.37 0.36 0.35 0.34 0.31 0.27 0.25 0.25 0.27 0.29 0.32 0.34 0.35 0.36 0.37 0.38 0.39
0.25 0.23 0.19 0.16 0.13 0.12 0.11 0.10 0.10 0.10 0.10 0.09 0.07 0.06 0.06 0.07 0.10 0.13 0.16 0.20 0.23 0.25 0.28 0.28 0.27 0.27 0.27 0.24 0.20 0.17 0.13 0.10 0.08 0.08 0.08 0.08 0.11 0.13 0.16 0.18 0.20 0.21 0.23 0.25 0.27 0.29 0.31 0.33 0.37 0.41 0.45 0.47 0.48 0.47 0.44 0.44 0.46 0.47 0.47 0.46 0.44 0.43 0.42 0.41 0.40 0.40 0.40 0.40 0.39 0.38 0.37 0.35 0.31 0.27 0.25 0.27 0.29 0.29 0.29 0.31 0.34 0.36 0.38 0.38
0.26 0.24 0.20 0.19 0.17 0.15 0.14 0.13 0.12 0.13 0.13 0.12 0.11 0.10 0.09 0.09 0.11 0.14 0.16 0.19 0.22 0.24 0.25 0.28 0.30 0.30 0.30 0.29 0.26 0.22 0.17 0.13 0.11 0.11 0.10 0.11 0.14 0.16 0.18 0.20 0.21 0.22 0.24 0.26 0.28 0.30 0.31 0.33 0.36 0.40 0.45 0.49 0.51 0.52 0.51 0.48 0.45 0.46 0.47 0.47 0.46 0.44 0.44 0.43 0.42 0.41 0.41 0.40 0.40 0.39 0.38 0.37 0.37 0.37 0.36 0.35 0.33 0.30 0.29 0.31 0.34 0.36 0.37 0.37
0.29 0.27 0.24 0.22 0.20 0.19 0.18 0.18 0.19 0.22 0.23 0.23 0.22 0.19 0.16 0.13 0.13 0.15 0.16 0.18 0.22 0.25 0.24 0.24 0.30 0.33 0.33 0.33 0.33 0.28 0.22 0.18 0.15 0.14 0.14 0.16 0.18 0.18 0.19 0.21 0.22 0.24 0.26 0.28 0.30 0.32 0.33 0.35 0.37 0.39 0.41 0.44 0.47 0.51 0.53 0.53 0.50 0.48 0.47 0.47 0.47 0.46 0.45 0.45 0.45 0.44 0.42 0.41 0.40 0.40 0.40 0.39 0.39 0.39 0.39 0.38 0.36 0.36 0.37 0.38 0.37 0.36 0.36 0.36
0.32 0.30 0.27 0.26 0.25 0.27 0.30 0.31 0.31 0.31 0.29 0.26 0.23 0.22 0.20 0.18 0.17 0.17 0.18 0.19 0.21 0.25 0.24 0.22 0.26 0.32 0.35 0.35 0.37 0.35 0.27 0.23 0.20 0.19 0.19 0.20 0.20 0.20 0.22 0.24 0.25 0.26 0.28 0.31 0.33 0.34 0.36 0.38 0.39 0.40 0.42 0.43 0.44 0.47 0.50 0.53 0.54 0.52 0.51 0.51 0.51 0.49 0.47 0.46 0.45 0.44 0.43 0.42 0.41 0.40 0.41 0.41 0.39 0.39 0.40 0.40 0.40 0.40 0.40 0.39 0.37 0.36 0.35 0.35
0.34 0.32 0.30 0.32 0.33 0.35 0.36 0.34 0.31 0.28 0.27 0.26 0.24 0.23 0.23 0.22 0.20 0.21 0.24 0.25 0.25 0.25 0.24 0.21 0.22 0.29 0.34 0.35 0.37 0.37 0.33 0.29 0.26 0.23 0.21 0.21 0.21 0.24 0.29 0.29 0.25 0.26 0.30 0.32 0.33 0.35 0.38 0.38 0.39 0.41 0.44 0.47 0.48 0.48 0.48 0.51 0.54 0.55 0.55 0.55 0.56 0.56 0.52 0.48 0.44 0.42 0.41 0.42 0.42 0.41 0.40 0.41 0.42 0.42 0.43 0.43 0.43 0.41 0.37 0.36 0.35 0.36 0.36 0.35
0.37 0.35 0.34 0.33 0.32 0.29 0.27 0.26 0.25 0.25 0.26 0.27 0.25 0.25 0.26 0.25 0.22 0.23 0.28 0.33 0.33 0.28 0.23 0.21 0.21 0.24 0.31 0.37 0.43 0.44 0.37 0.34 0.31 0.28 0.24 0.23 0.26 0.31 0.33 0.31 0.28 0.30 0.32 0.32 0.34 0.37 0.39 0.39 0.39 0.42 0.44 0.47 0.50 0.51 0.51 0.51 0.53 0.56 0.56 0.54 0.55 0.56 0.56 0.51 0.48 0.44 0.41 0.40 0.41 0.42 0.42 0.45 0.46 0.46 0.44 0.42 0.41 0.39 0.37 0.36 0.35 0.35 0.35 0.33
0.38 0.37 0.34 0.31 0.28 0.25 0.24 0.24 0.25 0.25 0.27 0.27 0.25 0.25 0.28 0.28 0.25 0.25 0.30 0.36 0.41 0.37 0.25 0.21 0.22 0.22 0.26 0.35 0.45 0.53 0.48 0.37 0.34 0.34 0.34 0.34 0.35 0.38 0.36 0.34 0.36 0.37 0.36 0.34 0.36 0.38 0.38 0.38 0.40 0.43 0.44 0.46 0.47 0.50 0.53 0.53 0.54 0.55 0.55 0.54 0.53 0.54 0.55 0.56 0.54 0.52 0.48 0.43 0.40 0.42 0.44 0.45 0.46 0.45 0.44 0.42 0.40 0.38 0.36 0.35 0.35 0.35 0.34 0.33
0.37 0.35 0.32 0.30 0.28 0.27 0.27 0.28 0.28 0.28 0.30 0.33 0.30 0.28 0.30 0.30 0.27 0.26 0.31 0.41 0.51 0.52 0.38 0.25 0.24 0.24 0.23 0.25 0.33 0.48 0.55 0.48 0.38 0.37 0.39 0.44 0.45 0.41 0.37 0.36 0.36 0.35 0.35 0.39 0.41 0.39 0.37 0.37 0.40 0.42 0.45 0.46 0.48 0.50 0.53 0.54 0.56 0.57 0.58 0.57 0.55 0.54 0.55 0.57 0.58 0.58 0.57 0.52 0.46 0.42 0.41 0.42 0.43 0.44 0.44 0.43 0.42 0.41 0.41 0.39 0.37 0.36 0.35 0.33
0.41 0.37 0.32 0.31 0.30 0.28 0.28 0.29 0.32 0.33 0.34 0.37 0.36 0.33 0.33 0.33 0.29 0.28 0.37 0.47 0.57 0.64 0.56 0.36 0.27 0.27 0.25 0.24 0.25 0.33 0.49 0.55 0.47 0.38 0.37 0.39 0.41 0.39 0.36 0.34 0.32 0.31 0.36 0.42 0.43 0.40 0.38 0.40 0.42 0.43 0.45 0.46 0.49 0.52 0.54 0.55 0.56 0.58 0.61 0.61 0.59 0.58 0.58 0.58 0.58 0.60 0.61 0.61 0.58 0.53 0.48 0.47 0.47 0.47 0.46 0.45 0.43 0.43 0.44 0.43 0.41 0.38 0.34 0.31
