windninja/windninja_output/Output_2025-08-24_0900-0950_Google earth_Fire_150m_10min/merlingen_7.5mi_point_08-24-2025_0910_150m_ang.asc
ncols	158
nrows	163
xllcorner	391686.332397
yllcorner	5160024.123721
cellsize	150.000000
NODATA_value	-32768.000000
[rows 0 to 41 of 163, columns 0 to 94 of 158]
339 338 338 340 342 344 346 346 345 346 347 348 349 348 345 343 340 338 338 339 342 345 346 347 348 348 347 345 345 346 347 347 347 346 345 346 347 347 346 8 130 155 160 159 159 160 159 158 158 160 162 162 163 164 165 164 163 162 161 160 161 162 161 160 160 161 160 160 160 160 160 160 160 158 157 158 159 158 155 155 157 157 155 153 153 151 150 149 147 147 145 144 144 143 141
338 337 337 338 340 342 345 345 343 344 345 348 351 351 349 347 345 343 342 342 344 345 346 348 349 349 349 347 346 347 348 347 347 347 346 347 349 350 351 8 108 148 158 159 160 161 161 160 158 159 160 160 161 162 163 163 163 162 161 161 161 161 161 160 160 161 160 160 159 160 160 161 160 159 158 159 160 159 156 157 158 158 155 155 154 152 152 152 150 149 147 145 146 145 145
336 334 335 337 337 340 344 344 341 341 344 349 353 352 352 349 347 347 345 345 347 346 345 348 351 352 351 349 348 349 349 348 348 348 348 349 351 355 360 17 99 136 150 155 158 159 160 160 160 158 157 158 159 160 161 161 161 161 161 161 161 161 161 161 161 161 160 160 159 159 161 161 160 159 159 160 162 160 158 159 162 160 157 158 157 155 157 158 157 156 152 150 151 152 153
331 331 334 336 337 340 343 342 342 343 346 351 353 352 350 347 347 347 348 349 349 348 346 348 350 353 354 353 352 352 352 351 350 349 349 351 354 358 5 22 81 123 138 148 153 155 157 158 160 160 159 160 161 161 161 160 160 160 160 161 161 161 161 160 161 161 160 159 158 160 161 161 159 158 159 160 160 159 159 160 163 162 160 160 157 156 160 161 161 162 161 158 156 158 158
326 328 333 336 337 339 340 339 340 344 349 352 353 351 347 345 347 348 349 351 351 348 347 347 348 351 354 355 356 355 355 355 354 352 352 354 356 360 7 25 74 117 129 141 148 151 154 156 157 158 159 160 160 160 160 160 159 159 159 159 160 160 161 160 160 160 160 159 158 160 161 160 158 158 159 158 156 156 158 161 163 161 159 160 157 156 158 159 159 162 164 163 161 161 161
322 324 329 334 336 337 337 336 339 345 350 351 351 349 345 344 347 349 351 351 351 348 346 346 346 348 352 355 356 356 357 357 356 356 356 357 358 1 8 24 63 108 123 133 142 146 150 153 154 156 158 159 159 158 159 158 158 158 158 159 159 160 160 160 160 160 160 158 158 161 162 160 158 159 161 160 158 156 158 162 163 159 157 158 157 157 157 155 153 156 159 160 162 163 161
321 321 325 330 333 335 336 337 340 345 348 349 350 347 344 344 347 351 352 352 351 348 345 344 343 346 350 353 354 356 357 357 357 359 0 360 0 4 12 28 59 98 117 124 134 141 146 149 152 155 157 158 158 159 158 157 157 157 158 158 159 160 161 161 160 160 160 158 158 162 163 161 159 160 162 162 161 159 161 165 162 159 157 157 157 157 156 153 149 149 149 151 155 158 158
321 322 323 325 328 331 334 337 341 344 345 346 348 347 344 345 348 351 352 353 352 350 348 345 343 345 349 350 353 356 356 356 357 360 1 1 3 9 18 32 57 89 112 119 128 136 142 146 149 153 155 156 157 159 157 156 156 156 157 157 158 160 162 162 162 161 160 158 159 161 162 161 161 163 162 161 160 161 166 166 159 157 158 159 159 159 158 155 152 147 144 143 145 149 154
321 321 323 325 326 327 331 336 339 341 342 343 345 346 345 346 348 349 352 353 352 352 351 349 346 346 348 350 353 355 355 355 358 0 1 3 6 13 22 35 57 85 108 118 125 133 139 143 147 152 154 154 156 157 156 155 156 156 156 156 157 158 159 161 162 162 159 158 159 161 160 158 160 162 162 161 160 163 168 164 156 154 157 159 160 160 161 160 158 157 155 153 151 152 155
320 321 323 325 327 329 331 335 338 340 341 341 342 343 343 346 348 348 350 353 353 353 352 352 351 348 348 351 354 355 355 356 358 1 2 5 8 15 24 36 56 82 105 118 122 130 136 141 145 150 151 152 154 155 153 153 154 154 154 154 155 154 155 157 158 158 157 157 160 162 160 158 158 160 162 162 160 163 166 163 158 157 156 156 155 156 158 158 159 162 163 160 157 157 156
320 321 323 325 328 330 333 335 337 339 340 341 341 342 342 344 346 347 348 350 352 353 354 354 354 353 352 354 355 355 355 357 359 0 3 7 10 16 23 33 51 77 102 117 120 127 134 138 142 147 148 149 151 151 149 149 149 149 150 151 151 150 152 153 151 151 152 155 160 162 160 158 159 161 163 163 161 160 160 159 159 160 160 156 151 151 152 150 153 160 162 158 155 158 156
320 321 323 325 328 330 332 335 337 339 340 341 342 342 342 342 344 346 347 348 349 352 354 356 356 357 358 357 356 356 356 359 360 0 3 7 11 14 20 30 48 75 101 117 122 126 132 136 139 143 143 144 144 143 142 142 143 144 145 146 144 142 144 145 143 143 145 150 158 159 158 159 160 162 166 166 164 162 158 157 158 161 162 160 155 154 153 148 150 158 158 152 151 156 153
320 321 323 326 328 330 332 334 337 338 340 341 342 343 342 339 340 343 346 347 348 350 353 357 359 2 2 359 357 356 357 359 359 360 4 7 9 11 17 28 46 72 99 117 124 125 132 135 137 139 140 140 139 137 135 137 139 142 144 141 135 134 133 132 132 133 135 142 151 153 155 157 159 161 163 163 163 162 161 160 159 159 160 158 156 157 155 151 154 160 157 151 151 153 149
320 321 323 326 328 330 333 335 336 338 340 341 343 345 343 339 336 339 343 345 347 350 353 358 2 4 3 360 358 358 357 357 358 359 3 5 5 8 14 25 43 68 93 112 121 123 131 139 142 142 143 144 143 140 134 133 136 140 147 146 142 140 138 135 132 129 128 132 139 145 151 154 155 157 158 157 157 156 158 160 158 156 156 154 154 157 154 151 154 157 154 149 148 149 144
320 321 323 326 328 330 333 335 337 338 340 341 343 346 346 343 339 338 340 343 347 351 355 359 2 2 0 359 358 359 358 356 356 358 359 1 4 8 13 23 41 65 91 113 123 121 130 142 148 151 152 152 152 150 146 143 144 149 155 154 151 149 148 150 148 141 138 134 133 137 145 149 151 153 155 154 151 151 153 152 151 151 151 151 152 153 150 149 152 153 147 138 136 136 133
320 321 323 326 328 330 332 334 336 338 340 341 343 344 345 344 343 343 343 343 347 351 355 358 360 359 358 359 360 359 357 355 356 358 359 1 6 10 15 22 37 62 99 126 136 136 140 145 149 153 157 160 160 158 158 159 159 159 160 156 153 152 153 157 157 152 149 145 141 140 141 141 142 148 152 152 151 151 151 147 147 147 146 146 148 148 145 144 147 148 142 133 131 132 130
321 322 324 326 328 331 333 334 336 338 339 341 342 343 342 341 343 346 347 347 348 352 355 357 358 358 358 359 359 357 355 356 359 2 4 5 5 5 6 8 14 41 115 141 147 147 147 153 154 153 156 160 160 159 161 163 164 164 162 157 154 153 155 159 158 154 152 150 149 148 144 136 134 141 148 151 153 154 150 147 148 148 145 143 142 139 137 134 134 141 146 145 144 142 140
321 322 324 326 329 331 333 335 337 338 340 341 342 342 340 339 341 345 349 350 351 353 354 355 355 357 358 357 356 355 356 359 5 8 7 1 357 354 352 352 354 5 119 151 154 152 151 156 157 155 155 157 159 160 161 162 163 164 162 158 155 155 158 160 157 154 153 152 153 152 149 146 141 140 143 148 152 151 147 145 145 144 143 142 139 135 134 136 137 140 144 146 148 148 147
321 322 324 327 329 331 333 335 337 339 340 341 342 342 341 339 340 344 347 350 352 353 353 353 354 356 356 355 354 354 358 2 5 3 360 356 352 348 346 343 342 339 230 168 162 157 154 154 156 156 156 156 158 160 162 162 162 162 161 159 156 157 160 160 157 154 153 154 154 151 151 153 150 146 145 143 143 141 136 134 135 134 138 143 147 148 150 148 145 143 144 146 147 148 150
322 322 325 327 330 332 333 335 337 339 340 342 342 343 342 341 342 344 347 349 351 352 352 352 353 354 354 355 355 355 358 1 2 358 353 350 345 342 341 338 335 326 276 188 171 162 157 156 157 157 157 157 158 159 160 161 161 162 160 158 157 157 158 157 155 152 152 154 154 152 154 157 156 154 153 150 145 138 132 134 136 138 144 149 152 152 153 152 147 145 149 151 148 146 148
322 323 325 328 330 332 334 335 337 339 340 341 343 344 344 344 345 346 348 349 350 351 352 352 352 353 354 355 355 356 357 359 359 355 350 346 342 341 340 337 332 321 275 200 177 167 161 160 159 159 159 158 158 157 157 158 160 161 160 160 160 158 156 155 154 152 153 153 153 154 158 160 157 155 156 159 160 157 153 149 147 148 150 151 153 152 152 152 147 146 151 155 151 148 148
323 324 326 328 330 332 334 336 338 340 341 342 343 344 345 346 347 347 348 349 350 351 352 352 352 353 354 355 355 355 356 357 356 350 346 345 343 341 340 335 328 313 270 209 183 172 166 163 162 161 160 159 159 158 156 157 157 158 160 162 162 159 156 156 153 152 153 153 153 157 161 162 158 153 154 159 163 163 162 158 154 154 153 152 154 153 154 153 148 148 154 160 158 152 150
323 324 326 328 330 333 335 337 339 340 341 343 344 345 345 346 347 348 349 349 350 351 351 352 352 353 354 355 355 354 353 353 349 345 343 341 339 338 336 330 322 304 266 220 194 178 170 167 165 163 161 160 160 159 158 158 157 157 160 163 163 158 155 155 153 153 154 154 157 161 164 163 158 154 154 158 162 162 162 162 162 162 158 156 155 154 155 154 150 151 157 165 162 154 151
323 325 327 329 331 333 335 337 339 340 341 343 345 346 346 347 348 348 349 350 351 351 351 352 353 353 354 355 354 351 349 347 343 341 340 336 333 331 328 322 316 299 269 231 200 182 174 172 168 164 162 161 160 160 159 159 157 158 161 163 162 158 153 151 151 154 156 157 161 165 165 162 156 153 156 161 162 158 157 161 164 166 164 162 158 154 152 150 149 151 159 168 163 153 151
324 325 327 329 331 334 336 338 339 340 342 343 345 346 347 348 348 348 349 350 350 351 351 352 353 354 356 357 352 347 344 342 338 337 336 334 330 325 321 317 311 297 269 232 203 188 180 177 171 166 163 162 160 160 160 160 159 160 162 162 160 156 151 149 150 152 155 159 164 164 162 157 152 153 159 165 162 154 153 158 162 165 167 168 163 156 151 147 145 149 161 171 163 154 152
325 326 328 330 332 334 337 338 339 341 342 344 345 346 347 348 348 348 349 350 350 350 351 352 353 355 359 358 351 345 342 338 334 334 334 333 329 322 316 312 306 294 270 238 212 195 186 181 174 168 165 162 160 159 159 160 162 164 164 161 157 152 150 152 156 157 159 164 167 164 157 150 150 155 164 170 163 153 151 155 158 161 167 169 167 162 158 154 148 149 161 170 165 158 155
326 326 328 330 333 335 337 338 340 342 343 345 345 346 347 348 348 349 349 350 350 350 351 351 353 356 359 356 351 347 343 336 330 327 327 328 327 320 314 311 306 296 277 248 218 198 189 185 175 170 168 165 161 158 157 161 166 168 166 161 153 147 148 154 160 164 167 171 171 163 153 149 152 157 166 172 167 156 151 152 153 156 162 165 164 164 165 163 155 153 159 165 163 161 160
327 327 329 331 333 336 337 338 340 342 344 345 346 346 347 347 348 349 349 350 349 349 350 351 353 356 357 354 351 351 347 338 330 324 320 320 319 315 311 309 305 295 278 247 216 197 188 186 178 171 170 167 164 160 159 164 171 171 165 159 152 146 147 154 160 165 171 173 169 159 151 151 154 159 167 171 166 159 155 152 150 153 157 157 157 161 166 166 160 158 160 161 159 159 161
327 328 330 332 334 336 338 339 341 343 344 345 346 347 347 347 348 348 349 349 349 349 349 350 352 355 354 350 351 354 351 343 336 329 322 320 319 314 310 309 305 295 277 243 213 196 188 186 180 173 169 168 165 163 162 167 171 168 162 156 151 151 154 158 162 166 172 172 163 154 151 155 160 164 169 168 161 156 156 154 150 151 153 151 150 154 161 162 159 160 162 159 155 154 156
328 329 331 333 335 337 338 340 342 343 345 346 347 347 347 347 348 348 348 348 348 348 349 349 350 351 348 346 348 352 352 347 342 333 327 329 328 321 314 313 309 297 275 239 211 195 187 183 176 172 171 168 167 166 166 169 169 164 159 152 149 153 160 164 165 166 170 167 157 150 151 157 165 169 171 167 161 156 155 152 150 150 149 147 147 151 156 155 156 160 163 160 155 150 149
329 330 332 334 336 337 339 341 343 344 345 346 346 347 347 347 347 347 348 347 347 348 348 348 349 347 344 342 345 348 347 344 340 334 331 334 333 323 316 314 309 295 268 232 208 193 184 178 171 170 170 167 167 168 169 173 170 162 155 150 149 154 162 166 165 164 165 162 152 146 148 156 163 166 168 166 164 162 158 154 152 152 150 148 150 154 155 154 155 158 162 160 154 146 139
330 331 333 336 337 338 340 342 343 344 345 346 347 347 347 347 347 347 347 347 346 347 347 347 346 344 342 342 345 347 343 336 333 330 330 335 333 322 315 312 305 288 257 226 207 193 183 175 169 167 166 165 166 168 170 175 172 163 153 149 152 160 168 169 163 160 162 159 150 146 150 155 156 160 164 166 167 165 160 157 158 159 154 149 149 149 149 150 151 153 155 156 153 144 135
332 333 335 336 337 339 342 343 344 345 346 346 347 347 347 347 347 346 345 345 345 345 346 346 344 342 342 342 347 348 342 335 332 327 325 331 329 318 311 306 295 278 249 225 208 194 185 177 172 168 165 165 165 166 171 174 171 166 158 151 154 164 172 171 163 159 160 158 152 150 155 156 155 159 164 166 167 165 162 160 163 165 158 151 148 146 145 146 149 150 150 150 149 144 140
333 334 336 337 337 340 342 344 344 345 345 346 346 347 347 347 347 346 345 344 344 343 344 343 342 342 340 341 344 342 336 332 331 327 322 325 325 316 308 301 287 271 245 226 212 197 189 183 176 171 168 166 164 165 169 169 166 164 162 159 159 165 171 171 165 162 159 155 151 153 157 158 158 162 165 165 165 164 163 164 169 169 162 155 153 154 153 152 155 156 155 152 146 143 144
335 336 338 339 339 342 344 345 345 345 345 345 346 346 346 346 346 345 344 344 343 342 341 340 340 340 340 340 339 334 328 325 326 325 322 324 325 315 306 297 282 264 243 230 217 203 195 187 181 175 171 168 167 167 167 166 163 160 161 162 164 167 169 168 166 165 161 154 149 150 157 161 162 165 165 163 162 160 159 165 172 173 168 161 157 159 159 158 159 160 159 156 150 145 145
337 338 340 341 342 344 345 346 346 346 345 345 345 345 345 345 345 344 343 343 342 341 340 338 337 337 338 339 337 330 323 322 323 322 321 323 324 313 301 289 275 259 245 233 219 207 199 190 184 178 175 172 171 170 169 166 164 161 160 160 164 167 167 165 165 167 163 156 149 149 156 162 163 165 163 161 159 156 154 158 166 171 171 166 162 159 158 161 163 162 159 156 151 145 143
339 339 340 342 344 346 346 346 346 346 345 345 345 345 345 344 343 343 342 341 340 339 338 337 336 335 336 337 337 328 322 322 321 318 314 314 315 307 291 277 267 256 244 231 219 209 201 192 186 181 176 174 173 172 169 168 168 166 164 162 163 165 165 162 163 165 163 157 153 153 157 158 158 159 160 161 161 161 158 154 157 165 170 170 166 158 157 160 163 160 157 154 150 146 146
341 342 342 343 346 347 347 347 346 346 345 345 345 344 344 343 342 342 341 340 339 338 337 336 335 334 335 337 335 326 323 321 317 312 307 304 303 291 277 270 264 254 242 229 219 210 202 193 188 183 177 174 174 172 170 168 170 170 169 166 165 166 164 162 161 160 158 155 156 162 164 157 154 156 162 163 162 166 166 160 159 163 167 170 166 161 160 160 159 158 156 153 149 146 149
344 344 345 346 348 348 348 347 346 345 345 345 345 344 342 342 341 341 340 339 338 337 336 334 333 333 334 335 330 323 320 318 313 309 304 298 289 275 272 269 263 253 241 229 219 209 199 191 187 183 178 175 175 175 171 169 170 172 172 170 169 170 169 167 164 159 153 152 159 167 164 158 157 162 169 164 160 166 169 167 166 166 166 165 161 162 165 163 159 158 158 154 146 142 148
347 347 348 349 349 349 348 347 346 345 344 344 344 343 342 341 340 339 338 337 336 335 334 333 332 331 331 329 324 318 314 313 311 307 301 292 282 277 272 265 260 252 241 228 215 206 197 189 184 181 178 174 173 174 172 170 170 171 171 170 172 176 178 174 168 161 153 153 161 163 158 157 161 170 173 161 159 167 169 170 174 173 169 161 156 159 164 163 160 159 161 155 143 141 148
352 351 351 351 351 350 349 347 345 345 344 344 343 342 341 340 339 338 337 336 335 334 333 332 330 330 328 324 320 315 310 308 307 302 295 286 282 277 269 262 257 249 239 224 211 203 196 187 182 180 177 172 169 168 170 170 169 169 169 169 173 180 184 180 171 163 157 158 161 157 156 158 163 171 167 157 161 170 169 170 177 179 174 164 158 156 159 162 161 160 161 154 145 143 147
357 356 355 353 352 351 349 347 346 345 344 343 342 341 340 340 339 338 336 335 334 333 332 331 329 328 326 323 320 315 310 307 304 299 294 288 282 274 267 262 254 243 230 217 205 196 190 185 181 179 175 170 167 165 166 168 169 168 167 170 176 181 182 180 174 166 160 161 160 159 163 164 163 165 159 155 164 173 171 171 175 177 173 168 161 158 162 166 164 161 158 152 148 146 146
