windninja/windninja_output/Output_2025-08-24_0900-0950_Google earth_Fire_150m_10min/merlingen_7.5mi_point_08-24-2025_0930_150m_ang.asc
ncols	158
nrows	163
xllcorner	391686.332397
yllcorner	5160024.123721
cellsize	150.000000
NODATA_value	-32768.000000
[rows 0 to 42 of 163, columns 0 to 95 of 158]
45 43 40 37 35 36 34 32 32 33 32 30 28 30 35 42 49 51 51 56 53 41 38 42 47 53 54 52 52 55 57 60 63 65 66 72 78 81 84 84 83 85 88 91 95 100 104 108 111 113 116 118 121 124 125 124 122 121 123 125 127 127 127 127 127 128 128 130 132 135 136 136 136 134 134 136 137 135 134 135 137 137 133 133 133 131 129 127 126 125 123 122 124 123 120 115
42 41 38 35 35 35 34 34 35 34 32 28 26 29 35 40 44 44 46 49 46 38 38 42 47 51 51 51 54 56 58 61 63 65 68 72 76 79 82 84 85 87 89 93 97 101 105 109 113 114 115 116 118 119 121 121 122 123 124 125 127 128 128 129 130 130 130 130 132 135 137 137 137 136 136 137 138 136 136 138 139 138 135 134 134 133 134 132 130 130 127 127 127 127 126 125
34 35 33 32 34 34 33 35 35 33 28 24 23 27 33 39 40 39 41 43 41 37 37 43 48 50 50 52 56 58 60 63 65 67 71 74 75 78 81 84 88 91 94 97 101 104 107 110 114 115 115 116 116 115 118 121 123 125 125 126 128 130 131 131 132 132 132 131 131 134 137 138 138 138 138 139 140 139 138 141 143 141 138 138 137 138 142 141 139 139 136 134 136 137 139 139
24 28 29 29 31 30 29 29 28 26 23 20 21 26 33 39 40 39 41 42 42 40 37 40 47 48 49 50 52 55 59 62 66 70 72 74 76 78 81 86 89 93 96 100 103 106 108 110 111 115 117 118 118 118 120 122 123 124 125 126 128 130 131 131 132 133 133 131 131 134 137 138 137 137 137 139 140 138 138 142 147 144 141 142 140 140 146 147 147 148 147 144 144 147 147 147
14 21 25 26 28 26 24 25 25 25 24 21 21 26 33 39 41 42 43 44 44 43 40 39 45 47 47 48 48 51 54 59 64 69 72 74 76 79 83 87 91 94 98 101 103 105 107 109 110 113 114 116 117 118 119 120 122 123 125 126 127 129 131 131 132 133 133 131 130 134 136 136 136 137 138 138 137 136 137 142 146 143 141 143 141 140 145 148 148 151 153 152 152 153 153 154
10 15 20 23 25 24 23 24 26 27 26 22 20 26 35 40 43 45 45 47 47 48 45 40 44 48 48 49 49 51 53 58 62 65 67 71 76 80 84 87 91 95 98 100 101 102 104 106 109 110 111 113 115 116 117 119 121 123 125 126 127 129 131 131 132 133 134 132 131 135 137 135 135 138 141 140 138 137 138 142 144 141 139 141 142 140 143 144 143 146 150 151 154 156 155 155
10 12 15 19 22 22 23 25 26 26 25 22 21 26 37 41 43 44 44 45 47 49 48 44 46 50 52 53 53 54 56 60 62 63 65 70 76 80 83 86 89 93 95 96 98 99 102 104 106 108 110 111 114 116 117 118 120 122 125 127 129 132 133 133 133 134 134 132 132 137 140 138 138 141 143 143 141 140 143 145 143 141 141 142 141 140 140 141 139 140 141 142 147 150 151 152
9 11 12 14 19 22 25 27 27 26 24 21 20 26 36 40 41 43 43 43 46 48 48 46 46 50 54 56 56 57 60 64 65 66 69 73 76 78 81 83 86 89 91 93 96 99 101 103 105 107 109 112 114 115 116 118 121 123 126 128 131 134 135 135 134 135 134 133 134 138 140 139 140 143 144 143 141 141 147 147 140 140 144 145 145 144 144 144 142 139 137 136 137 140 146 148
6 9 12 13 17 22 26 27 26 25 23 21 19 23 34 39 40 42 43 44 46 48 47 46 44 46 51 55 56 59 64 67 67 69 73 75 77 78 80 82 84 87 90 92 95 98 100 101 104 108 110 111 114 115 115 118 122 124 126 128 129 131 133 134 134 133 134 134 136 138 138 135 136 140 142 141 139 142 148 145 138 138 144 147 148 149 150 150 150 150 148 147 144 146 149 147
4 7 11 13 16 20 24 25 25 24 23 21 18 22 32 38 40 41 41 43 45 46 47 45 43 43 48 54 56 60 66 67 68 70 73 75 76 77 79 81 84 87 89 92 95 97 99 101 104 108 110 110 113 116 116 118 121 122 122 122 123 125 128 130 130 131 132 134 136 137 135 133 135 138 140 140 138 141 148 146 142 141 144 145 144 146 148 149 152 155 157 155 151 152 151 145
3 5 9 12 15 17 20 21 22 23 23 22 20 21 31 38 40 41 41 43 44 45 46 45 43 43 43 50 56 60 65 67 68 72 74 75 75 77 79 81 84 86 89 91 93 95 99 100 102 106 108 109 112 115 114 113 113 114 113 114 115 117 122 125 126 127 128 130 134 135 133 134 136 139 141 140 138 140 145 145 145 146 146 145 141 143 144 142 145 153 155 151 149 152 150 144
1 3 7 11 13 16 18 19 21 22 23 23 22 22 29 38 40 41 42 44 46 47 47 46 44 44 44 50 57 61 66 68 71 74 76 75 75 77 80 82 84 86 88 89 91 93 96 97 97 100 104 106 106 107 106 105 104 104 105 105 104 105 112 119 120 121 121 124 131 134 133 135 137 142 146 147 146 145 146 145 146 147 149 149 146 147 145 140 142 152 151 144 144 149 147 142
360 2 5 9 12 14 16 19 20 22 23 23 23 24 30 38 41 41 43 45 47 48 49 48 48 48 48 53 59 63 66 69 71 74 74 75 77 80 82 83 84 86 87 88 89 89 89 89 91 95 99 100 100 99 100 101 100 99 97 94 95 98 105 111 113 113 114 119 129 133 133 134 137 142 147 149 149 148 149 149 148 147 149 148 147 149 147 142 146 154 150 142 142 147 142 138
359 0 4 7 10 13 16 18 20 21 22 23 23 25 31 39 44 44 45 46 47 49 51 52 52 51 51 54 58 62 66 70 72 73 73 75 78 80 82 83 85 85 85 86 87 86 85 85 88 93 97 98 98 97 98 100 101 99 95 94 99 105 110 112 113 110 110 115 123 130 132 133 135 141 145 145 143 143 145 148 147 145 145 144 144 147 145 141 144 150 146 138 138 139 135 131
358 360 2 6 9 12 15 17 19 21 22 23 23 23 29 38 43 43 45 48 50 51 53 53 53 52 52 54 57 60 65 70 72 73 74 76 77 78 80 82 83 81 80 84 86 86 88 91 91 91 95 99 100 100 102 104 107 109 109 108 111 116 120 123 122 119 119 119 121 128 133 133 134 137 141 140 137 136 136 137 139 140 140 139 139 141 139 137 139 141 135 126 122 123 122 121
357 359 1 5 8 11 14 16 19 20 22 23 23 21 25 34 38 40 42 47 49 50 51 51 52 53 52 54 57 60 64 67 68 70 74 76 78 78 78 79 80 79 81 85 89 89 92 97 97 94 97 103 109 111 112 112 116 122 124 118 118 122 126 129 129 127 128 127 126 131 133 129 129 132 137 138 136 134 134 134 135 136 134 132 133 132 129 127 129 130 126 120 117 117 117 117
356 358 1 4 7 10 13 15 18 20 21 22 23 22 23 33 38 39 40 43 46 47 48 50 52 53 52 53 56 58 63 65 66 69 72 76 79 79 78 78 80 82 86 88 89 92 93 96 101 103 105 109 114 115 115 115 116 124 130 125 122 123 126 131 130 127 129 131 132 135 135 128 123 127 134 136 137 137 136 134 134 134 131 127 124 120 116 111 114 124 131 130 129 128 127 126
355 357 0 3 6 9 12 15 17 19 21 22 24 24 25 33 40 41 41 42 45 47 49 51 53 54 54 55 58 61 64 65 65 66 69 73 76 78 78 79 82 85 88 88 89 92 95 98 103 108 111 112 113 113 113 114 116 123 130 127 124 124 128 132 131 128 129 132 133 135 136 135 130 129 133 135 138 138 133 129 127 127 125 122 117 113 111 114 120 127 133 134 136 136 136 134
355 356 359 3 6 9 11 14 16 19 21 23 24 26 28 33 40 43 44 46 47 49 50 53 55 56 56 58 61 64 65 64 63 64 68 71 74 77 79 81 83 85 86 88 90 92 98 104 105 106 109 111 112 113 114 117 119 122 127 127 124 124 128 131 131 130 128 130 132 133 137 141 138 135 134 132 131 127 119 113 113 115 118 123 125 126 130 131 129 131 135 136 136 137 139 141
354 356 359 2 5 8 11 13 16 18 21 23 25 27 29 33 39 43 45 47 47 49 50 52 54 55 56 58 60 62 62 62 63 66 70 73 76 78 80 82 83 85 86 88 91 95 100 105 106 104 106 109 113 116 118 120 121 121 123 125 122 121 124 128 129 128 127 129 133 136 140 144 142 140 141 138 131 121 112 112 116 120 127 133 135 135 136 136 132 133 139 143 138 137 139 142
354 355 358 1 4 8 11 13 16 18 20 23 25 27 30 33 37 41 43 44 45 46 48 49 51 53 55 57 59 60 60 59 61 66 70 72 75 77 79 81 82 84 86 88 93 98 99 102 104 105 106 109 114 118 119 119 120 121 122 122 121 120 122 127 128 129 130 132 134 138 143 145 142 140 142 146 146 139 132 129 129 132 135 137 139 137 137 136 133 134 142 148 143 138 139 140
354 355 358 1 4 7 10 13 16 18 20 23 25 27 29 32 35 38 40 42 43 45 47 49 50 52 54 56 58 59 58 58 60 65 68 70 72 75 77 79 80 82 85 90 94 96 98 101 105 106 108 110 114 117 119 119 120 121 121 121 122 121 123 128 129 130 134 135 135 139 143 143 140 136 139 148 152 149 144 140 138 138 137 139 142 140 140 138 135 137 145 154 150 142 142 143
353 355 358 0 3 6 10 13 16 18 19 22 25 27 29 32 34 37 39 40 42 44 46 47 49 51 53 55 56 58 57 57 61 66 69 72 74 74 75 78 80 83 86 89 92 96 100 103 106 107 108 110 113 115 119 121 121 123 124 122 122 121 122 128 131 134 137 137 137 141 143 142 139 136 140 148 153 151 147 145 145 146 143 142 144 143 144 142 139 141 148 159 156 145 144 145
353 354 357 0 3 6 9 13 16 18 19 21 24 27 29 31 33 36 38 39 41 43 44 46 48 50 52 54 57 59 60 60 65 68 70 73 75 76 77 79 82 84 86 88 93 98 101 102 105 107 108 110 112 115 119 122 123 124 127 125 122 120 121 127 133 137 139 138 137 139 140 140 136 136 143 151 154 148 144 145 147 149 148 147 147 144 143 141 138 141 150 162 156 145 143 145
353 354 357 360 3 6 9 13 15 18 19 21 24 27 28 30 33 35 37 39 41 42 44 45 47 48 51 55 60 63 63 65 68 70 71 72 74 76 80 82 84 86 88 91 96 98 99 100 102 106 107 109 113 116 119 122 123 124 127 126 121 120 123 128 132 134 134 134 133 132 132 134 134 138 145 153 151 143 142 144 147 149 153 153 150 145 142 138 135 139 152 165 157 146 144 145
353 354 357 360 3 6 9 12 15 17 20 22 24 26 28 31 33 35 37 39 40 42 43 44 46 46 48 53 59 63 65 68 71 71 70 70 71 76 81 84 86 89 92 95 96 95 95 98 102 105 108 109 112 115 118 123 125 125 125 124 122 124 127 130 134 135 135 135 132 129 129 132 135 140 149 157 150 141 141 144 146 149 154 157 154 151 149 146 139 140 153 165 159 151 148 148
353 354 357 360 3 6 9 12 15 17 20 22 24 26 29 31 33 34 36 38 40 41 42 43 44 43 44 51 57 60 63 69 74 76 74 71 70 75 81 85 88 91 95 96 95 94 95 98 103 107 108 109 111 114 120 126 127 124 124 126 126 126 128 131 135 137 140 141 138 132 130 133 137 142 153 161 151 141 141 144 144 146 151 154 153 153 157 155 146 144 153 161 158 154 153 152
353 354 357 0 3 6 9 12 15 18 20 22 25 27 29 31 33 34 36 38 39 40 41 42 42 41 41 49 54 56 59 66 73 77 80 77 74 76 80 85 88 92 96 97 96 98 99 100 103 108 110 110 113 117 122 131 134 128 128 130 127 125 125 128 129 132 140 144 139 133 131 134 139 145 155 161 151 142 143 144 143 144 147 147 147 150 157 157 150 148 153 156 154 153 155 155
353 354 357 1 4 6 9 12 15 18 20 23 25 27 28 30 32 34 35 37 39 40 41 41 41 39 40 45 49 50 54 61 66 71 77 80 78 78 81 85 88 93 96 98 100 101 102 101 102 108 115 114 115 118 122 135 142 132 127 128 127 126 127 129 131 133 141 144 137 132 132 136 143 149 156 158 148 139 140 143 143 144 144 141 140 142 149 151 148 150 154 154 151 149 151 154
353 355 358 1 4 6 9 13 15 18 21 23 25 27 28 30 32 33 35 37 38 40 41 41 40 38 39 43 45 45 49 54 60 66 72 75 75 77 82 85 89 92 95 97 100 103 105 107 107 112 118 118 116 117 121 135 142 131 124 123 124 125 126 129 131 133 142 142 133 130 132 138 145 152 158 156 148 139 135 138 142 144 141 137 136 139 143 144 145 149 154 153 150 146 144 146
354 355 358 2 5 7 10 13 16 18 21 23 25 27 29 30 31 33 35 37 38 39 40 40 40 39 40 45 47 48 51 56 59 64 69 69 70 78 83 86 89 91 93 95 98 103 107 111 112 112 116 117 116 114 118 131 135 126 121 118 120 124 122 121 124 130 140 138 127 125 129 134 140 148 156 156 152 146 139 137 142 145 142 138 139 143 144 144 145 148 151 151 147 141 135 134
355 356 359 3 6 7 10 13 16 18 21 23 25 27 29 30 31 33 35 36 38 39 40 40 40 40 41 45 47 51 57 61 63 67 70 68 72 81 84 85 87 90 92 94 96 102 107 109 108 107 109 111 112 110 112 125 128 122 119 116 118 125 125 119 121 130 139 137 126 123 127 132 136 144 153 155 155 151 143 140 145 150 146 140 139 140 139 139 140 141 143 144 142 136 130 128
356 357 360 3 6 8 11 14 17 19 21 23 25 27 29 30 32 33 35 36 38 38 39 40 41 41 41 42 42 45 52 58 62 68 72 71 76 84 85 84 85 88 91 94 97 101 104 105 104 104 106 109 110 110 110 121 126 122 118 115 116 126 134 127 124 130 139 139 129 125 131 137 140 147 154 156 156 154 147 143 147 153 148 143 140 136 134 135 137 137 137 137 137 134 134 135
357 358 1 3 6 9 12 15 17 20 21 23 25 27 29 30 31 33 34 36 37 38 38 39 41 40 41 40 39 44 52 58 61 66 71 74 81 84 83 83 85 87 90 93 96 100 102 101 101 104 106 108 110 110 110 118 124 122 116 113 116 129 142 136 127 129 136 137 131 128 136 142 145 150 155 156 156 154 150 148 152 156 150 146 144 144 141 141 144 144 143 140 136 135 139 144
358 359 2 5 7 10 13 15 18 20 21 23 25 27 29 30 31 33 34 35 37 38 39 39 41 41 41 42 43 50 60 64 64 67 69 70 77 81 80 81 83 85 88 91 94 98 100 99 101 104 106 107 109 110 111 115 120 120 116 112 117 131 145 141 130 128 132 134 132 132 138 144 147 151 154 153 153 150 148 149 155 159 155 149 148 150 148 147 149 150 149 147 142 138 141 147
359 0 3 6 9 11 14 16 18 20 22 23 25 27 29 30 31 33 34 35 37 38 39 40 42 43 43 44 46 57 67 68 68 70 70 67 68 77 79 80 81 82 86 90 94 97 100 102 104 106 107 108 110 113 116 118 119 119 116 111 113 127 143 143 134 129 130 133 133 134 138 141 144 148 149 150 150 145 140 142 149 156 157 152 149 150 150 151 154 153 151 148 144 139 139 144
1 1 4 7 11 13 15 17 19 21 22 23 25 27 28 30 31 32 34 35 37 38 39 41 42 43 44 44 48 59 68 71 72 74 73 68 66 70 76 78 81 83 87 92 96 98 102 104 106 107 108 111 114 117 120 122 121 120 119 114 114 124 138 143 137 131 129 132 134 136 136 132 134 140 146 149 151 148 142 139 142 149 153 152 150 149 150 152 155 153 151 147 143 139 141 148
2 3 5 9 12 15 17 18 20 22 22 23 25 27 28 29 30 32 33 35 36 38 39 41 42 43 44 44 48 59 65 70 75 76 75 71 67 67 73 78 81 86 90 93 97 100 103 106 107 108 111 115 118 119 121 123 124 124 123 121 119 125 135 142 139 131 126 128 134 140 138 132 134 141 149 151 151 155 151 146 146 148 151 153 149 150 153 154 152 151 150 147 143 140 145 154
4 5 8 11 14 16 18 19 20 21 22 23 25 26 28 29 30 31 33 34 36 37 39 40 42 43 44 43 50 61 66 71 75 77 75 70 64 68 74 79 83 89 93 96 99 102 106 110 111 112 115 121 124 122 122 127 131 131 130 129 128 131 137 144 142 132 123 123 132 142 141 140 142 148 156 151 149 158 158 153 154 154 153 151 147 150 158 158 153 152 152 148 140 138 144 156
8 8 11 14 16 17 19 20 20 21 22 23 25 26 27 28 30 31 33 34 35 37 38 40 42 44 44 46 55 65 70 75 77 77 75 67 63 70 75 80 85 91 96 100 102 104 108 112 115 114 116 123 130 130 129 133 138 139 136 135 136 137 139 143 144 135 124 123 132 139 140 142 146 154 159 147 150 162 162 158 162 163 157 148 142 146 156 158 155 154 155 149 138 137 143 153
12 12 14 16 17 18 19 20 20 21 22 23 24 25 27 28 29 30 32 33 35 36 38 40 43 44 47 51 59 68 74 78 80 79 74 69 70 75 77 81 86 92 99 103 104 106 109 115 119 118 116 123 133 135 132 134 139 140 136 133 134 137 137 138 143 137 126 126 134 138 140 141 143 154 153 145 152 166 163 159 166 170 163 151 144 144 151 156 156 155 155 147 139 137 142 149
17 17 17 17 18 19 19 20 21 21 22 23 23 25 26 27 28 30 31 33 34 36 38 40 43 45 48 53 59 67 74 77 79 79 75 73 77 83 86 87 90 94 98 102 107 111 114 117 122 122 119 123 131 134 129 127 131 133 129 125 127 134 135 136 141 138 131 131 138 141 144 143 143 152 148 144 155 169 166 162 164 166 161 155 150 150 155 160 159 155 152 146 141 139 142 149
21 21 20 20 20 20 19 20 21 21 21 22 23 24 25 27 28 29 31 32 34 36 38 41 43 45 49 53 58 65 71 73 76 78 78 79 82 88 93 94 95 95 97 103 109 114 114 113 117 120 118 118 125 129 126 122 123 125 123 119 123 133 135 137 140 140 139 139 143 149 153 148 148 152 147 146 160 172 171 167 163 161 157 152 150 153 162 167 161 155 151 148 145 143 148 156
