windninja/windninja_output/Output_2025-08-24_0900-0950_Google earth_Fire_150m_10min/merlingen_7.5mi_point_08-24-2025_0910_150m_ang.asc
ncols	158
nrows	163
xllcorner	391686.332397
yllcorner	5160024.123721
cellsize	150.000000
NODATA_value	-32768.000000
[rows 42 to 83 of 163, columns 0 to 94 of 158]
2 1 359 356 354 351 349 348 347 346 344 343 341 340 339 339 338 337 335 334 333 332 331 329 328 326 324 322 320 316 311 308 304 301 298 293 284 277 271 262 250 236 222 211 200 191 187 184 182 177 172 169 168 167 165 166 169 171 171 174 176 176 174 176 176 169 163 162 163 167 172 169 163 163 157 157 168 176 176 174 174 172 169 164 159 161 169 173 167 161 156 153 152 150 152
6 5 3 359 356 353 351 349 347 346 344 343 341 340 339 338 337 336 334 333 332 331 330 328 327 325 323 321 318 314 310 307 304 302 300 295 287 280 271 259 245 232 221 209 199 192 189 187 183 177 170 168 170 170 169 170 172 176 177 177 175 170 167 169 170 166 163 163 168 175 176 171 168 165 161 163 174 181 180 175 172 170 165 158 157 165 177 176 169 162 158 156 151 147 154
10 9 6 1 357 354 353 350 348 346 345 343 341 340 339 337 336 335 333 332 332 330 329 327 326 324 322 320 318 314 310 307 304 301 298 295 290 279 266 253 240 230 220 209 199 195 193 188 181 174 170 171 173 174 175 176 177 179 179 176 173 169 166 164 160 160 161 163 169 176 175 173 172 170 168 172 181 186 184 176 169 165 159 155 160 173 179 174 168 163 159 155 147 144 153
15 13 8 3 360 357 354 352 349 347 345 343 341 340 339 337 336 334 333 332 331 330 329 327 325 323 321 319 316 314 311 307 304 301 297 293 286 275 262 249 238 229 219 208 200 196 193 184 175 171 171 175 177 179 180 181 182 180 176 173 172 170 167 162 157 156 158 162 167 171 171 172 173 173 175 180 187 189 184 175 166 160 155 156 167 177 175 171 168 164 160 153 145 145 154
18 15 10 6 3 359 355 353 350 348 346 344 342 340 339 337 335 334 333 332 330 329 328 326 324 322 320 318 316 313 310 306 303 300 296 290 282 273 263 250 238 227 218 208 200 195 188 179 173 173 175 178 183 185 184 185 184 178 171 169 169 167 163 160 157 157 159 163 167 168 167 169 171 175 180 185 189 187 178 169 162 157 156 161 171 173 170 167 167 165 160 151 147 149 158
20 17 12 9 6 1 356 353 351 349 346 344 343 341 339 337 335 334 332 331 330 329 327 325 323 321 319 317 315 312 309 305 302 298 293 288 281 273 263 249 235 224 215 207 199 192 182 176 175 176 178 183 187 187 186 184 181 175 168 165 165 163 159 157 156 157 160 164 168 168 167 168 171 176 183 189 190 183 173 166 160 158 161 167 170 170 168 167 166 163 158 153 152 156 162
22 19 15 13 10 4 357 353 351 349 346 345 343 341 339 337 335 334 332 331 330 328 326 324 322 320 319 317 314 311 308 304 301 296 292 287 280 271 260 246 233 222 213 203 195 187 179 176 177 179 183 189 189 188 186 182 176 170 165 164 163 160 158 156 155 156 160 165 168 168 168 169 171 177 185 190 189 182 174 168 165 164 165 167 170 169 168 168 165 160 158 157 158 162 165
24 22 19 16 12 6 359 354 351 349 347 345 343 341 339 337 335 334 332 331 329 327 326 324 322 320 318 316 313 310 307 304 300 296 292 286 278 268 256 242 230 221 209 197 190 183 179 178 180 183 188 191 189 186 183 178 171 164 162 165 165 162 159 156 154 156 160 165 167 169 169 170 174 180 186 187 184 180 176 172 169 168 167 168 168 168 168 167 162 160 161 162 164 167 169
27 24 21 18 13 6 2 356 351 349 348 346 344 341 339 337 335 334 332 331 329 327 326 324 322 320 318 316 313 310 307 303 299 295 290 284 277 265 252 239 228 216 203 192 186 181 180 181 185 189 190 189 185 182 179 173 167 163 163 166 166 165 161 156 155 158 162 165 167 169 170 172 176 181 183 182 180 179 177 174 170 169 169 169 168 166 165 162 160 161 163 166 169 173 177
31 28 23 18 12 7 4 0 354 350 348 346 344 342 340 338 336 334 333 331 329 327 326 324 321 319 317 315 312 309 306 302 298 293 288 282 274 263 250 237 224 212 199 188 183 180 181 186 193 193 189 185 181 177 173 167 163 164 168 170 170 168 161 154 155 160 163 167 169 170 171 174 178 180 179 177 177 177 175 173 172 171 170 168 166 163 161 159 159 161 165 169 174 180 183
36 31 23 17 11 8 6 3 357 352 350 347 345 343 340 338 336 334 332 330 329 327 325 323 321 319 317 314 311 308 305 301 297 292 286 279 270 260 247 232 219 208 195 185 181 181 183 188 192 188 183 181 179 176 169 163 162 167 172 174 174 170 160 154 156 161 166 169 171 171 173 175 178 179 177 176 176 174 172 171 173 175 172 167 163 160 159 160 160 163 167 171 175 179 176
37 32 22 16 12 8 6 4 359 355 351 347 345 343 341 338 336 334 332 330 329 327 325 323 321 318 316 313 311 307 304 300 295 290 284 276 267 256 243 228 214 203 191 182 179 181 183 185 184 180 179 178 177 174 167 162 165 172 177 178 175 169 159 155 159 163 168 172 173 173 173 175 178 179 178 177 177 174 170 169 173 175 173 172 167 162 160 161 163 167 170 171 172 171 160
36 32 23 15 12 9 7 6 3 358 353 348 345 343 341 339 337 334 333 331 328 327 325 322 320 318 315 313 310 306 303 298 294 288 282 273 263 252 238 223 209 198 189 182 178 179 181 180 177 176 178 178 175 172 167 164 169 176 179 178 175 168 159 157 161 166 170 174 175 174 175 178 181 180 178 178 178 176 171 170 171 171 172 174 174 171 166 165 167 171 171 170 167 163 144
34 32 27 18 14 12 8 7 5 1 355 348 344 342 341 339 336 334 333 331 329 326 324 322 320 318 315 312 309 305 301 297 292 286 279 270 259 247 233 219 206 195 188 183 178 176 176 175 173 174 178 177 175 172 167 167 174 178 178 176 172 167 162 160 163 168 172 174 174 176 180 184 182 179 177 178 179 175 171 171 170 168 170 173 175 176 177 177 176 174 169 165 161 155 139
35 34 30 24 19 14 9 6 4 2 357 350 345 342 340 338 336 334 332 330 328 326 324 322 320 317 314 311 308 304 300 296 290 284 276 266 255 242 228 214 203 193 186 182 178 174 171 170 170 172 175 174 174 171 167 170 177 179 177 173 168 165 163 163 166 169 172 174 175 180 187 185 180 178 178 178 177 173 171 171 170 168 169 171 173 175 181 185 185 181 170 161 156 152 143
37 35 31 26 21 16 10 4 1 360 358 354 349 343 340 338 336 334 332 330 328 326 324 321 319 316 313 310 307 303 298 293 288 280 272 262 249 236 223 210 199 191 185 180 177 173 169 166 167 169 172 173 173 170 167 171 176 177 174 169 166 164 164 166 169 171 172 175 179 184 184 180 178 178 177 177 175 172 171 172 172 171 171 172 173 176 182 187 186 181 170 158 153 150 145
38 36 31 27 23 18 13 6 359 356 356 356 353 347 340 336 335 334 332 330 328 325 323 321 319 316 312 309 305 302 297 292 285 277 268 256 243 230 217 206 196 190 184 180 176 173 169 166 164 166 169 172 171 169 168 172 175 174 169 166 165 165 166 168 171 174 174 177 182 182 178 177 177 177 176 175 172 170 171 173 175 175 175 176 178 182 185 185 180 170 158 152 151 148 143
39 37 33 29 25 20 15 8 1 356 355 355 355 350 343 337 335 333 331 330 328 325 322 320 318 315 312 308 304 300 295 289 281 273 263 250 237 224 212 202 194 188 184 180 176 173 170 167 165 164 165 168 168 167 168 173 174 170 165 164 165 166 168 170 174 175 175 179 182 179 176 176 176 174 174 173 170 169 171 174 176 177 179 180 183 185 185 179 170 158 148 145 146 144 142
41 39 35 31 26 21 16 10 3 358 355 353 352 350 346 342 336 332 330 329 328 325 322 320 317 314 310 307 303 298 292 286 278 268 256 244 230 217 207 198 192 187 183 180 177 174 172 169 166 164 162 163 164 165 168 173 172 167 163 163 164 165 168 172 175 176 177 181 181 177 175 175 173 172 172 171 169 171 174 177 178 179 181 183 184 184 181 172 160 149 145 143 143 145 150
42 41 37 32 28 22 17 11 5 0 356 352 349 348 348 345 340 334 330 328 326 324 322 319 316 313 309 305 300 295 289 282 273 262 250 236 223 212 203 196 190 186 182 179 177 174 172 170 168 165 163 161 160 162 167 172 169 164 162 162 163 165 168 171 174 176 180 184 179 175 174 173 171 170 171 170 170 175 178 179 181 182 184 186 184 179 170 162 152 145 144 146 146 152 162
45 43 39 34 28 22 17 11 5 1 356 351 347 346 346 345 342 337 332 328 325 323 321 318 315 311 307 303 299 293 285 277 267 255 242 229 217 207 199 194 189 185 182 179 177 175 172 171 169 166 165 163 160 160 167 170 166 163 162 162 164 165 166 170 174 178 184 184 176 173 173 172 169 169 170 170 173 177 179 182 183 185 188 188 183 174 160 152 147 144 146 148 152 162 172
49 47 42 36 29 22 17 12 7 2 358 352 347 345 343 342 342 339 335 330 326 324 320 317 314 310 305 301 296 289 281 271 260 247 234 221 211 203 196 192 188 184 182 179 177 175 173 171 170 168 166 164 161 161 166 169 166 163 162 163 164 165 167 171 175 179 183 178 173 172 172 170 168 168 170 173 176 178 180 184 186 189 190 186 180 167 154 147 143 142 148 153 160 173 184
53 51 44 38 30 23 18 13 8 4 359 352 348 345 342 340 339 339 336 331 327 324 320 316 313 308 303 298 292 284 275 264 251 238 226 215 206 199 194 190 186 184 181 179 177 175 173 172 170 169 166 163 161 161 163 166 166 165 163 161 163 167 173 178 177 176 174 171 170 171 171 170 168 168 171 174 176 177 181 185 188 190 187 182 173 158 149 145 142 145 155 161 173 188 201
54 51 44 37 30 24 19 13 8 4 358 352 348 345 342 338 336 336 335 331 328 324 320 316 311 306 300 294 287 278 268 255 242 230 219 210 202 197 192 188 185 183 181 179 177 175 174 172 171 169 167 164 161 159 160 162 163 164 163 161 164 175 183 180 175 172 169 168 169 169 170 169 167 169 172 173 174 177 182 187 190 189 184 178 167 152 146 144 147 156 164 174 191 207 229
51 48 43 37 30 24 18 13 9 3 356 352 349 344 341 338 335 333 331 329 327 323 319 314 310 305 298 290 282 272 259 246 233 222 212 205 199 194 190 187 185 182 181 179 177 176 174 173 171 170 168 166 163 160 159 157 156 160 162 163 169 177 176 173 172 170 169 169 169 168 168 167 167 170 171 171 172 177 183 188 188 184 177 170 160 151 146 148 157 167 176 193 209 233 257
44 43 41 36 31 23 16 13 10 4 356 353 350 345 341 338 335 332 329 326 325 322 317 311 306 301 293 286 275 263 250 236 225 215 207 201 196 192 189 186 184 182 180 179 177 176 174 173 172 170 169 167 165 162 160 155 152 152 157 163 170 171 167 167 169 170 170 170 169 167 167 166 166 168 170 171 172 177 182 182 179 174 166 161 155 148 146 155 167 177 193 210 233 251 259
33 37 37 32 27 20 14 13 12 5 357 353 349 347 343 338 334 331 327 324 320 318 314 307 300 293 285 277 268 255 241 228 218 210 203 198 194 191 188 186 183 182 180 179 177 176 175 173 172 171 170 168 166 164 162 159 155 152 154 159 163 163 161 161 164 168 171 171 169 168 167 166 164 166 168 170 172 176 178 174 169 164 157 154 150 141 144 163 176 192 210 233 249 253 249
33 38 39 32 27 23 18 14 12 6 0 357 353 349 346 342 337 331 327 322 317 311 306 300 292 281 272 267 258 247 233 220 211 205 199 195 192 189 187 185 183 181 180 179 177 176 175 174 173 171 170 169 168 166 164 162 160 158 157 157 158 157 155 155 157 163 167 168 168 169 170 167 163 165 169 170 172 174 173 168 163 158 155 156 147 139 150 171 189 208 227 242 245 240 233
46 49 51 47 40 34 26 17 10 7 4 2 359 355 351 346 341 333 326 321 315 307 299 290 280 265 258 254 245 236 225 214 206 200 196 193 190 188 186 184 183 181 180 179 177 176 175 174 173 172 171 170 169 167 166 165 163 162 161 160 159 156 152 149 150 153 157 160 163 167 170 166 163 166 170 172 172 171 169 165 161 160 162 157 144 142 160 183 205 223 234 236 230 223 214
53 54 55 54 52 46 36 23 14 11 10 7 2 358 353 347 342 333 325 319 310 302 292 281 267 253 245 237 230 223 216 209 202 196 193 190 189 187 185 184 182 181 180 179 178 177 175 174 173 172 171 170 169 168 167 166 165 164 163 162 161 159 156 153 151 149 148 149 154 160 163 162 162 167 171 172 171 169 168 166 165 166 165 153 143 150 174 197 220 233 233 226 216 206 198
58 58 54 51 48 43 36 26 19 17 14 7 1 353 347 342 336 329 321 313 302 290 279 267 253 240 233 227 221 215 210 205 200 194 190 188 187 186 184 183 182 181 180 179 178 177 176 175 174 173 172 171 170 169 168 167 167 166 165 164 163 161 160 159 156 154 151 149 149 150 151 153 158 166 170 170 169 168 170 172 172 169 161 149 147 165 191 213 230 230 222 216 212 201 183
63 62 57 52 47 41 35 27 22 20 14 5 358 349 341 335 327 319 309 300 288 274 261 249 235 225 221 219 215 211 207 203 199 193 188 186 185 184 183 182 181 181 180 179 178 177 176 175 174 173 172 171 171 170 169 168 167 167 166 165 164 163 162 161 160 158 157 155 152 149 146 145 150 161 165 166 166 168 172 176 175 166 155 148 155 183 209 224 226 218 209 206 206 194 164
67 66 62 55 50 44 38 31 25 20 12 4 357 348 338 330 322 307 294 284 271 258 244 233 222 214 212 211 210 208 205 201 197 194 189 186 184 183 182 181 181 181 180 179 178 177 176 175 174 173 173 172 171 170 169 169 168 167 167 166 165 164 163 162 162 161 160 158 156 154 152 150 151 156 161 162 164 169 175 176 170 160 150 151 173 206 223 222 215 209 198 193 188 164 153
72 71 66 61 55 49 42 34 28 22 13 4 356 346 334 323 315 298 279 265 252 240 228 222 215 208 207 206 205 204 202 199 196 195 191 187 185 183 181 181 181 180 180 179 178 177 176 175 174 174 173 172 171 171 170 169 169 168 167 167 166 165 164 164 163 162 161 160 159 158 157 156 156 156 157 159 162 169 175 172 161 153 150 163 199 220 222 214 209 205 190 181 166 149 145
75 74 70 65 60 55 48 40 33 26 16 4 353 342 325 311 297 277 260 246 234 223 217 214 209 205 204 201 199 200 201 199 198 198 194 188 185 183 181 180 180 180 180 179 178 177 176 175 175 174 173 172 172 171 170 170 169 168 168 167 166 166 165 164 164 163 162 161 161 160 160 159 158 157 156 155 159 166 171 164 153 149 156 191 227 229 221 218 213 199 181 169 152 141 140
79 77 73 70 68 63 56 48 39 31 20 6 350 332 309 289 263 245 236 226 218 212 209 207 204 203 202 199 196 196 199 200 199 198 194 188 185 183 180 179 179 180 179 179 178 177 177 176 175 174 173 172 172 171 170 170 169 169 168 168 167 166 166 165 164 164 163 162 162 161 161 160 160 159 157 155 157 162 163 157 149 154 183 221 233 228 222 216 203 182 169 160 150 142 142
85 81 74 76 82 81 71 56 45 38 28 9 344 310 275 250 231 224 219 213 209 206 203 202 199 201 201 197 195 193 195 198 197 195 192 189 186 184 182 179 178 179 179 179 178 178 177 176 175 174 173 172 172 171 171 170 170 169 169 168 167 167 166 166 165 164 164 163 162 162 161 161 161 160 159 157 157 159 158 153 152 173 204 213 208 205 204 193 175 166 159 154 148 144 146
86 81 71 71 85 96 95 72 57 52 47 17 299 245 228 219 213 210 208 205 203 201 200 198 195 196 198 196 194 190 191 193 194 194 193 190 188 186 185 181 178 178 179 179 179 178 177 176 174 173 172 172 171 171 171 170 170 169 169 168 168 167 167 166 165 165 164 164 163 163 162 162 162 161 160 159 159 158 156 154 162 185 194 194 194 194 189 175 163 156 151 149 146 145 148
83 79 73 74 83 97 116 108 90 91 93 144 193 201 206 207 203 201 200 198 198 197 197 195 191 192 194 195 193 190 188 189 191 193 192 190 189 188 187 185 181 179 179 179 179 178 177 176 174 172 171 171 171 170 170 170 170 170 169 169 168 167 167 166 166 165 165 164 164 163 163 163 162 162 161 161 160 159 157 158 170 182 184 186 189 187 174 161 155 151 148 146 144 145 147
91 85 82 90 105 117 134 143 136 139 149 170 184 194 200 201 197 196 195 194 194 193 193 192 189 190 192 193 192 189 187 186 186 189 191 192 191 188 187 187 186 183 182 182 180 179 177 176 172 168 166 167 169 170 170 170 170 170 169 169 168 168 167 167 166 166 165 164 164 164 163 163 162 162 162 161 161 161 160 162 170 177 182 186 187 178 161 154 151 150 148 147 145 146 148
114 104 106 117 127 139 154 163 164 164 169 177 186 189 195 197 193 193 192 191 190 190 190 189 188 188 190 189 190 189 187 185 185 187 190 192 192 189 188 188 187 186 185 185 183 181 179 177 174 170 165 164 166 168 170 170 170 170 169 169 168 168 167 167 166 166 165 165 164 164 164 163 163 162 162 162 162 162 162 163 168 174 183 187 183 164 154 150 150 149 149 148 147 149 150
125 129 136 140 147 157 165 176 178 178 181 183 186 190 193 196 193 191 191 189 187 187 187 187 185 185 187 187 188 189 188 187 188 188 189 190 191 190 189 188 187 186 184 183 182 180 179 177 176 175 175 171 168 168 170 171 170 170 170 169 168 168 167 167 167 166 165 165 165 164 164 163 163 163 162 162 162 162 162 164 167 174 181 182 170 156 149 147 147 147 147 148 148 149 150
