windninja/windninja_output/Output_2025-08-24_0900-0950_Google earth_Fire_150m_10min/merlingen_7.5mi_point_08-24-2025_0940_150m_vel.asc
ncols	158
nrows	163
xllcorner	391686.332397
yllcorner	5160024.123721
cellsize	150.000000
NODATA_value	-32768.000000
[rows 114 to 151 of 163, columns 0 to 83 of 158]
0.61 0.63 0.64 0.66 0.68 0.68 0.65 0.64 0.64 0.67 0.71 0.82 0.84 0.76 0.83 0.89 0.59 0.22 0.25 0.47 0.77 1.16 1.28 0.93 0.75 0.78 0.75 0.68 0.65 0.65 0.87 1.30 1.53 1.58 1.49 1.18 0.91 0.75 0.56 0.43 0.40 0.49 0.62 0.64 0.44 0.26 0.22 0.21 0.19 0.17 0.16 0.12 0.17 0.33 0.50 0.56 0.55 0.58 0.69 0.76 0.72 0.66 0.70 0.78 0.73 0.69 0.73 0.75 0.74 0.67 0.61 0.63 0.67 0.66 0.69 0.76 0.76 0.72 0.66 0.68 0.76 0.73 0.59 0.52
0.58 0.63 0.69 0.69 0.70 0.70 0.70 0.67 0.63 0.65 0.71 0.77 0.76 0.77 0.92 1.00 0.66 0.20 0.15 0.30 0.57 0.91 1.21 1.23 1.07 0.89 0.80 0.78 0.84 0.68 0.66 1.09 1.59 1.77 1.54 1.15 0.87 0.71 0.59 0.45 0.43 0.55 0.64 0.63 0.49 0.32 0.23 0.18 0.17 0.16 0.14 0.12 0.09 0.22 0.44 0.55 0.56 0.56 0.64 0.74 0.73 0.67 0.70 0.79 0.77 0.69 0.71 0.76 0.76 0.72 0.67 0.68 0.71 0.69 0.67 0.73 0.79 0.77 0.68 0.65 0.76 0.77 0.63 0.52
0.52 0.61 0.70 0.71 0.71 0.70 0.70 0.71 0.71 0.71 0.76 0.71 0.63 0.70 0.96 1.12 0.75 0.22 0.11 0.19 0.44 0.69 0.93 1.20 1.27 1.10 0.87 0.86 0.99 0.77 0.59 0.91 1.46 1.84 1.65 1.18 0.84 0.64 0.60 0.54 0.51 0.59 0.62 0.61 0.55 0.36 0.22 0.16 0.17 0.16 0.12 0.10 0.07 0.12 0.34 0.52 0.58 0.57 0.60 0.70 0.72 0.68 0.71 0.78 0.79 0.70 0.69 0.75 0.77 0.75 0.71 0.71 0.75 0.78 0.71 0.70 0.76 0.80 0.72 0.66 0.75 0.80 0.65 0.50
0.48 0.58 0.69 0.72 0.72 0.69 0.66 0.69 0.77 0.83 0.84 0.67 0.50 0.58 0.94 1.22 0.87 0.26 0.07 0.10 0.32 0.54 0.70 0.93 1.20 1.28 1.10 1.01 1.15 0.88 0.61 0.73 1.16 1.70 1.72 1.20 0.81 0.60 0.61 0.64 0.60 0.61 0.60 0.62 0.60 0.42 0.24 0.18 0.17 0.17 0.13 0.07 0.05 0.04 0.23 0.47 0.58 0.58 0.59 0.67 0.69 0.67 0.71 0.79 0.79 0.71 0.70 0.74 0.77 0.76 0.74 0.72 0.76 0.83 0.84 0.77 0.72 0.76 0.77 0.71 0.77 0.82 0.65 0.48
0.46 0.55 0.67 0.72 0.72 0.69 0.63 0.65 0.75 0.85 0.93 0.73 0.44 0.48 0.85 1.26 1.11 0.42 0.08 0.05 0.15 0.36 0.53 0.67 0.86 1.11 1.14 1.15 1.28 1.17 0.86 0.74 0.93 1.46 1.65 1.46 1.11 0.77 0.73 0.74 0.68 0.65 0.63 0.64 0.63 0.50 0.32 0.23 0.19 0.18 0.14 0.03 0.04 0.02 0.15 0.40 0.57 0.60 0.60 0.65 0.67 0.64 0.68 0.78 0.79 0.74 0.72 0.75 0.77 0.77 0.75 0.72 0.73 0.81 0.91 0.88 0.76 0.73 0.77 0.77 0.81 0.81 0.64 0.47
0.47 0.52 0.65 0.74 0.72 0.67 0.64 0.66 0.73 0.78 0.91 0.84 0.46 0.43 0.72 1.17 1.29 0.73 0.21 0.12 0.14 0.24 0.40 0.54 0.67 0.78 0.85 0.94 1.15 1.25 1.14 0.96 1.03 1.35 1.51 1.56 1.43 1.12 0.98 0.95 0.89 0.81 0.76 0.72 0.68 0.59 0.43 0.30 0.23 0.18 0.15 0.06 0.05 0.06 0.10 0.32 0.54 0.61 0.61 0.65 0.68 0.64 0.65 0.73 0.74 0.74 0.73 0.74 0.79 0.81 0.77 0.71 0.70 0.76 0.88 0.94 0.87 0.78 0.79 0.80 0.83 0.80 0.65 0.51
0.46 0.51 0.63 0.77 0.75 0.65 0.66 0.70 0.74 0.72 0.81 0.90 0.55 0.40 0.61 1.04 1.35 1.06 0.43 0.18 0.19 0.24 0.34 0.49 0.62 0.69 0.73 0.78 0.91 1.06 1.17 1.13 1.15 1.31 1.39 1.45 1.42 1.29 1.09 1.03 1.10 1.08 0.99 0.90 0.82 0.71 0.58 0.42 0.29 0.22 0.18 0.12 0.08 0.09 0.10 0.27 0.50 0.61 0.62 0.66 0.70 0.65 0.66 0.70 0.68 0.71 0.71 0.66 0.73 0.83 0.80 0.72 0.69 0.71 0.79 0.90 0.94 0.90 0.86 0.85 0.83 0.81 0.68 0.57
0.43 0.49 0.62 0.78 0.83 0.75 0.77 0.82 0.81 0.67 0.72 0.94 0.66 0.35 0.52 0.94 1.35 1.25 0.70 0.31 0.22 0.28 0.37 0.48 0.61 0.67 0.69 0.75 0.93 1.11 1.16 1.19 1.23 1.25 1.37 1.38 1.27 1.28 1.03 0.86 1.01 1.15 1.19 1.05 0.92 0.82 0.70 0.55 0.39 0.31 0.25 0.17 0.12 0.13 0.13 0.23 0.48 0.61 0.62 0.67 0.70 0.65 0.66 0.70 0.68 0.74 0.75 0.61 0.60 0.75 0.79 0.75 0.72 0.70 0.70 0.77 0.89 0.97 0.96 0.92 0.87 0.83 0.73 0.64
0.39 0.47 0.58 0.69 0.82 0.88 0.95 1.04 1.00 0.74 0.70 1.00 0.76 0.29 0.37 0.73 1.27 1.40 0.91 0.51 0.32 0.34 0.41 0.50 0.63 0.67 0.68 0.79 1.07 1.22 1.11 1.16 1.24 1.18 1.32 1.36 1.19 1.26 1.05 0.74 0.76 0.98 1.26 1.22 1.00 0.86 0.75 0.58 0.45 0.38 0.32 0.24 0.16 0.16 0.16 0.21 0.45 0.61 0.64 0.68 0.70 0.66 0.66 0.69 0.71 0.82 0.87 0.70 0.58 0.61 0.70 0.73 0.74 0.71 0.66 0.65 0.75 0.89 0.99 1.00 0.96 0.91 0.80 0.71
0.35 0.44 0.53 0.55 0.65 0.79 0.92 1.09 1.21 1.02 0.86 1.10 0.85 0.28 0.26 0.53 1.03 1.44 1.23 0.81 0.58 0.46 0.45 0.53 0.64 0.68 0.69 0.87 1.23 1.26 0.99 1.05 1.18 1.10 1.25 1.34 1.14 1.22 1.20 0.79 0.62 0.79 1.17 1.39 1.20 0.96 0.79 0.58 0.46 0.42 0.38 0.31 0.22 0.20 0.19 0.22 0.41 0.60 0.64 0.66 0.68 0.68 0.69 0.69 0.71 0.84 0.94 0.86 0.68 0.56 0.59 0.69 0.73 0.72 0.66 0.60 0.61 0.74 0.89 0.97 1.01 1.02 0.91 0.76
0.36 0.44 0.51 0.49 0.55 0.69 0.79 0.95 1.19 1.19 1.18 1.28 0.83 0.32 0.28 0.44 0.75 1.23 1.45 1.20 0.89 0.68 0.55 0.57 0.63 0.65 0.71 1.02 1.39 1.17 0.79 0.95 1.12 1.06 1.17 1.32 1.12 1.10 1.21 0.92 0.63 0.63 0.91 1.37 1.46 1.17 0.89 0.65 0.48 0.45 0.45 0.40 0.30 0.26 0.25 0.27 0.41 0.61 0.67 0.60 0.63 0.71 0.72 0.71 0.74 0.84 0.92 0.95 0.87 0.63 0.55 0.65 0.70 0.68 0.66 0.60 0.56 0.62 0.76 0.84 0.93 1.07 1.04 0.82
0.38 0.46 0.53 0.49 0.53 0.65 0.74 0.84 1.07 1.16 1.31 1.49 1.05 0.46 0.36 0.43 0.57 0.83 1.23 1.45 1.39 1.05 0.76 0.66 0.69 0.74 0.93 1.33 1.30 0.84 0.57 0.86 1.11 1.02 1.07 1.29 1.14 1.00 1.13 1.00 0.70 0.55 0.67 1.13 1.51 1.41 1.07 0.75 0.54 0.49 0.48 0.45 0.38 0.33 0.31 0.34 0.47 0.66 0.76 0.65 0.62 0.72 0.74 0.73 0.78 0.86 0.89 0.93 0.96 0.84 0.67 0.69 0.72 0.68 0.66 0.62 0.58 0.59 0.67 0.74 0.79 0.98 1.10 0.95
0.36 0.46 0.53 0.48 0.51 0.61 0.71 0.79 0.93 1.05 1.25 1.62 1.47 0.77 0.56 0.49 0.47 0.59 0.83 1.21 1.47 1.45 1.04 0.82 0.93 1.08 1.16 1.18 0.87 0.47 0.41 0.78 1.12 1.02 1.00 1.23 1.19 0.97 0.98 0.96 0.75 0.54 0.53 0.86 1.39 1.53 1.24 0.89 0.65 0.55 0.52 0.47 0.42 0.39 0.36 0.37 0.47 0.66 0.80 0.75 0.69 0.73 0.74 0.74 0.81 0.88 0.89 0.90 0.95 0.94 0.88 0.83 0.80 0.73 0.69 0.65 0.61 0.60 0.64 0.69 0.72 0.86 1.02 1.01
0.34 0.45 0.54 0.47 0.48 0.58 0.70 0.79 0.82 0.92 1.11 1.51 1.69 1.37 1.01 0.66 0.45 0.53 0.72 0.94 1.23 1.43 1.30 1.03 1.07 1.15 1.03 0.76 0.53 0.34 0.29 0.65 1.09 1.11 1.04 1.17 1.19 1.04 0.88 0.87 0.77 0.55 0.46 0.63 1.15 1.52 1.35 0.98 0.75 0.63 0.58 0.53 0.45 0.42 0.40 0.39 0.44 0.62 0.78 0.78 0.75 0.76 0.76 0.76 0.82 0.88 0.89 0.89 0.91 0.93 0.97 0.99 0.92 0.81 0.75 0.71 0.64 0.61 0.66 0.67 0.70 0.80 0.89 0.94
0.34 0.44 0.54 0.48 0.44 0.52 0.66 0.77 0.79 0.80 0.90 1.21 1.59 1.74 1.57 0.97 0.60 0.63 0.78 1.04 1.14 1.22 1.32 1.21 1.18 1.19 0.98 0.69 0.45 0.31 0.27 0.49 0.92 1.14 1.22 1.26 1.20 1.07 0.88 0.82 0.76 0.61 0.47 0.47 0.85 1.40 1.43 1.04 0.81 0.70 0.61 0.56 0.51 0.48 0.45 0.43 0.46 0.61 0.76 0.79 0.78 0.78 0.78 0.80 0.84 0.88 0.89 0.88 0.90 0.91 0.97 1.08 1.07 0.93 0.83 0.79 0.69 0.65 0.69 0.71 0.74 0.79 0.81 0.86
0.34 0.43 0.54 0.48 0.42 0.47 0.58 0.69 0.73 0.71 0.73 0.88 1.18 1.54 1.76 1.65 1.11 0.90 1.09 1.31 1.09 0.93 1.19 1.34 1.37 1.33 1.08 0.73 0.49 0.35 0.32 0.38 0.63 0.92 1.24 1.47 1.40 1.11 0.91 0.85 0.78 0.68 0.57 0.48 0.61 1.11 1.39 1.17 0.94 0.82 0.70 0.62 0.55 0.52 0.49 0.46 0.50 0.63 0.76 0.80 0.79 0.79 0.80 0.82 0.86 0.89 0.89 0.88 0.89 0.91 0.96 1.08 1.15 1.07 0.93 0.88 0.80 0.69 0.70 0.76 0.79 0.80 0.79 0.80
0.35 0.44 0.56 0.51 0.44 0.51 0.59 0.64 0.65 0.62 0.60 0.64 0.76 0.99 1.36 1.71 1.67 1.50 1.47 1.24 0.84 0.72 0.91 1.28 1.54 1.48 1.12 0.79 0.62 0.46 0.36 0.31 0.36 0.61 0.95 1.42 1.68 1.40 1.03 0.91 0.85 0.76 0.68 0.58 0.55 0.75 1.13 1.18 1.08 0.93 0.77 0.69 0.59 0.54 0.51 0.47 0.51 0.65 0.78 0.82 0.80 0.80 0.82 0.84 0.87 0.89 0.90 0.88 0.88 0.90 0.96 1.06 1.15 1.16 1.09 1.02 0.92 0.74 0.72 0.79 0.82 0.82 0.79 0.75
0.37 0.44 0.58 0.58 0.50 0.55 0.65 0.70 0.69 0.61 0.54 0.52 0.57 0.73 0.96 1.32 1.83 1.97 1.57 0.97 0.72 0.65 0.71 0.99 1.52 1.65 1.11 0.85 0.77 0.58 0.42 0.31 0.24 0.36 0.64 1.07 1.59 1.73 1.41 1.12 0.99 0.87 0.80 0.71 0.56 0.51 0.71 0.96 1.08 0.98 0.80 0.72 0.65 0.58 0.54 0.49 0.51 0.64 0.77 0.82 0.82 0.80 0.80 0.84 0.87 0.89 0.90 0.89 0.87 0.88 0.96 1.05 1.10 1.17 1.19 1.17 1.07 0.83 0.76 0.84 0.89 0.85 0.75 0.69
0.38 0.43 0.53 0.61 0.59 0.58 0.63 0.75 0.87 0.75 0.56 0.50 0.53 0.65 0.88 1.16 1.84 2.16 1.55 0.93 0.74 0.63 0.62 0.75 1.25 1.70 1.43 0.97 0.84 0.66 0.49 0.36 0.22 0.20 0.44 0.74 1.17 1.61 1.69 1.55 1.33 1.09 0.97 0.87 0.66 0.41 0.41 0.66 0.95 0.97 0.81 0.73 0.67 0.61 0.58 0.54 0.53 0.64 0.77 0.83 0.84 0.84 0.79 0.82 0.87 0.88 0.90 0.89 0.85 0.86 0.94 1.03 1.06 1.15 1.22 1.25 1.23 0.96 0.78 0.89 0.95 0.84 0.70 0.66
0.40 0.43 0.49 0.58 0.66 0.62 0.55 0.65 0.90 0.99 0.76 0.57 0.57 0.70 0.89 1.21 1.86 2.09 1.74 1.16 0.79 0.62 0.59 0.66 0.96 1.53 1.68 1.26 0.92 0.72 0.55 0.42 0.25 0.19 0.30 0.53 0.84 1.20 1.49 1.68 1.62 1.34 1.17 1.09 0.88 0.60 0.45 0.52 0.78 0.89 0.80 0.71 0.67 0.64 0.61 0.58 0.59 0.68 0.79 0.84 0.88 0.90 0.83 0.82 0.87 0.88 0.90 0.90 0.83 0.83 0.92 0.98 1.01 1.11 1.24 1.34 1.36 1.06 0.82 0.92 0.97 0.81 0.65 0.62
0.43 0.47 0.50 0.56 0.68 0.66 0.56 0.54 0.69 0.97 1.01 0.78 0.78 0.90 1.12 1.58 1.87 1.87 1.71 1.48 1.07 0.63 0.55 0.58 0.67 1.10 1.66 1.70 1.26 0.86 0.65 0.52 0.36 0.27 0.27 0.37 0.63 0.88 1.17 1.52 1.66 1.48 1.30 1.22 1.05 0.88 0.69 0.59 0.72 0.85 0.82 0.73 0.67 0.65 0.62 0.60 0.62 0.70 0.79 0.84 0.91 0.92 0.87 0.85 0.89 0.91 0.92 0.93 0.87 0.81 0.86 0.93 0.97 1.01 1.19 1.42 1.48 1.21 0.90 0.92 0.97 0.82 0.62 0.55
0.45 0.51 0.54 0.57 0.67 0.70 0.63 0.58 0.57 0.74 0.96 0.94 0.91 1.13 1.66 1.89 1.72 1.58 1.50 1.51 1.35 0.83 0.56 0.52 0.46 0.67 1.25 1.76 1.71 1.21 0.82 0.67 0.55 0.37 0.30 0.31 0.42 0.64 1.01 1.39 1.53 1.49 1.39 1.23 1.12 1.04 0.88 0.73 0.75 0.85 0.85 0.78 0.71 0.66 0.63 0.60 0.64 0.73 0.79 0.83 0.90 0.90 0.88 0.88 0.90 0.94 0.94 0.97 0.99 0.87 0.80 0.85 0.90 0.92 1.08 1.37 1.54 1.40 1.04 0.94 0.93 0.79 0.64 0.58
0.40 0.52 0.62 0.59 0.66 0.69 0.66 0.64 0.61 0.66 0.78 0.86 0.86 1.27 2.04 1.93 1.46 1.39 1.34 1.39 1.37 1.02 0.69 0.54 0.41 0.45 0.83 1.44 1.79 1.59 1.12 0.86 0.76 0.58 0.39 0.32 0.28 0.44 0.94 1.35 1.34 1.38 1.40 1.19 1.11 1.09 0.97 0.80 0.76 0.83 0.84 0.80 0.74 0.69 0.65 0.61 0.64 0.75 0.81 0.85 0.89 0.90 0.90 0.90 0.91 0.96 0.97 1.01 1.12 1.04 0.84 0.78 0.81 0.82 0.93 1.22 1.49 1.51 1.29 1.04 0.90 0.77 0.69 0.68
0.31 0.44 0.63 0.66 0.68 0.67 0.63 0.64 0.69 0.73 0.77 0.83 0.86 1.44 2.16 1.85 1.41 1.29 1.20 1.27 1.29 1.05 0.79 0.64 0.44 0.37 0.57 1.09 1.58 1.69 1.39 1.07 0.91 0.77 0.58 0.36 0.23 0.29 0.87 1.34 1.23 1.19 1.28 1.18 1.09 1.07 0.99 0.83 0.77 0.81 0.82 0.79 0.75 0.71 0.66 0.62 0.66 0.77 0.81 0.84 0.88 0.89 0.91 0.90 0.91 0.97 1.00 1.05 1.19 1.22 1.00 0.81 0.78 0.77 0.74 0.96 1.32 1.48 1.44 1.31 1.03 0.78 0.74 0.78
0.29 0.36 0.53 0.68 0.76 0.71 0.60 0.58 0.65 0.76 0.85 0.91 1.02 1.76 2.14 1.76 1.43 1.26 1.11 1.21 1.27 1.06 0.84 0.71 0.51 0.39 0.45 0.84 1.27 1.50 1.55 1.42 1.12 0.89 0.76 0.50 0.23 0.25 0.76 1.29 1.21 1.03 1.10 1.11 1.07 1.09 1.02 0.87 0.81 0.82 0.82 0.80 0.76 0.72 0.68 0.64 0.67 0.76 0.80 0.82 0.85 0.88 0.91 0.90 0.91 0.97 1.03 1.10 1.21 1.30 1.22 0.97 0.84 0.79 0.72 0.74 1.06 1.31 1.38 1.46 1.31 0.89 0.85 0.84
0.39 0.38 0.42 0.59 0.80 0.84 0.70 0.61 0.61 0.70 0.85 1.04 1.49 2.05 1.97 1.53 1.41 1.35 1.27 1.32 1.34 1.14 0.91 0.74 0.58 0.48 0.48 0.66 0.95 1.11 1.33 1.60 1.51 1.15 0.96 0.65 0.33 0.31 0.65 1.13 1.16 1.00 1.00 1.00 1.01 1.06 1.04 0.92 0.86 0.85 0.83 0.82 0.78 0.76 0.73 0.68 0.69 0.75 0.79 0.81 0.83 0.86 0.89 0.88 0.93 1.00 1.06 1.15 1.23 1.30 1.34 1.22 0.97 0.81 0.74 0.71 0.83 1.09 1.20 1.40 1.45 1.19 1.04 0.85
0.48 0.46 0.44 0.49 0.65 0.84 0.91 0.80 0.70 0.77 0.87 1.21 2.00 2.08 1.50 1.25 1.31 1.30 1.25 1.45 1.56 1.31 1.01 0.81 0.67 0.59 0.55 0.57 0.68 0.74 0.88 1.36 1.66 1.54 1.27 0.89 0.53 0.42 0.57 0.89 1.02 1.00 1.00 0.94 0.93 1.00 1.00 0.94 0.90 0.88 0.85 0.81 0.76 0.76 0.77 0.74 0.71 0.74 0.79 0.81 0.82 0.85 0.84 0.82 0.91 1.05 1.13 1.20 1.26 1.31 1.39 1.39 1.15 0.88 0.78 0.68 0.68 0.92 1.08 1.26 1.47 1.41 1.12 0.81
0.47 0.55 0.57 0.48 0.45 0.59 0.87 0.94 0.93 1.06 1.11 1.68 2.21 1.71 1.12 1.10 1.16 1.16 1.06 1.24 1.58 1.61 1.35 1.02 0.80 0.69 0.61 0.55 0.54 0.54 0.61 0.97 1.39 1.64 1.59 1.21 0.79 0.64 0.60 0.72 0.91 1.00 1.00 0.94 0.91 0.94 0.96 0.94 0.92 0.91 0.88 0.83 0.74 0.68 0.74 0.75 0.73 0.74 0.79 0.82 0.82 0.84 0.80 0.74 0.82 1.01 1.16 1.24 1.30 1.38 1.43 1.46 1.37 1.09 0.83 0.60 0.56 0.81 1.05 1.23 1.50 1.49 1.12 0.81
0.39 0.59 0.74 0.55 0.43 0.47 0.61 0.78 1.01 1.23 1.52 2.18 2.18 1.25 0.98 1.03 1.07 1.14 1.06 1.01 1.22 1.50 1.58 1.47 1.21 0.94 0.70 0.53 0.51 0.51 0.53 0.66 0.96 1.39 1.68 1.46 1.03 0.86 0.81 0.78 0.91 1.03 1.04 1.00 0.95 0.93 0.94 0.94 0.94 0.93 0.92 0.92 0.85 0.67 0.62 0.64 0.68 0.73 0.76 0.81 0.84 0.83 0.78 0.69 0.70 0.85 1.02 1.14 1.27 1.42 1.47 1.49 1.55 1.39 0.85 0.48 0.48 0.78 1.10 1.35 1.47 1.42 1.21 0.92
0.32 0.56 0.84 0.73 0.54 0.52 0.57 0.63 0.86 1.11 1.82 2.34 1.82 1.12 1.00 0.99 1.05 1.19 1.15 0.93 0.91 1.09 1.33 1.53 1.47 1.30 1.13 0.85 0.60 0.55 0.56 0.61 0.67 1.00 1.53 1.54 1.19 0.98 0.92 0.89 0.95 1.06 1.08 1.05 1.01 0.97 0.95 0.95 0.96 0.95 0.95 1.01 1.01 0.82 0.60 0.47 0.56 0.69 0.72 0.77 0.82 0.82 0.77 0.68 0.67 0.77 0.87 0.94 1.06 1.27 1.43 1.51 1.66 1.56 0.97 0.46 0.48 0.73 1.18 1.43 1.27 1.25 1.31 0.99
0.35 0.49 0.75 0.89 0.77 0.66 0.67 0.71 0.84 0.91 1.62 2.47 1.91 1.15 1.03 0.98 1.08 1.26 1.16 0.86 0.84 0.94 1.07 1.26 1.30 1.24 1.24 1.22 1.02 0.76 0.66 0.65 0.57 0.71 1.29 1.40 1.16 0.98 0.92 0.93 0.97 1.04 1.07 1.06 1.04 1.00 0.97 0.97 0.98 0.99 1.02 1.07 1.11 1.00 0.67 0.39 0.44 0.60 0.68 0.73 0.77 0.78 0.78 0.72 0.69 0.79 0.89 0.90 0.92 1.01 1.20 1.47 1.73 1.68 1.15 0.64 0.52 0.68 1.22 1.44 1.14 1.21 1.32 0.89
0.51 0.50 0.56 0.79 0.94 0.94 0.90 0.89 0.92 0.90 1.32 2.42 2.24 1.24 1.03 1.01 1.14 1.28 1.09 0.90 0.91 0.95 1.02 1.06 1.04 0.99 0.97 1.12 1.16 1.08 0.98 0.81 0.56 0.62 1.04 1.19 1.06 0.92 0.88 0.93 0.98 1.04 1.07 1.07 1.05 1.02 0.99 0.98 1.00 1.04 1.10 1.15 1.19 1.09 0.76 0.44 0.37 0.47 0.64 0.74 0.71 0.70 0.77 0.77 0.74 0.85 0.96 0.91 0.89 0.94 0.99 1.26 1.70 1.73 1.27 0.83 0.63 0.69 1.19 1.41 1.23 1.32 1.21 0.65
0.75 0.63 0.47 0.52 0.80 1.05 1.19 1.20 1.13 0.96 1.34 2.24 2.05 1.24 1.09 1.12 1.24 1.34 1.21 1.09 1.04 1.00 1.04 1.00 0.94 0.94 0.88 0.87 0.93 0.97 1.10 1.12 0.83 0.64 0.85 1.05 0.99 0.89 0.85 0.89 0.97 1.03 1.07 1.09 1.08 1.04 1.01 1.00 1.03 1.09 1.15 1.25 1.28 1.13 0.86 0.58 0.38 0.39 0.60 0.73 0.66 0.62 0.70 0.76 0.79 0.90 0.99 0.94 0.92 0.97 0.98 1.11 1.52 1.72 1.36 0.96 0.82 0.84 1.03 1.29 1.42 1.33 0.95 0.63
1.04 0.79 0.47 0.40 0.50 0.79 1.11 1.44 1.48 1.31 1.75 2.07 1.59 1.07 1.00 1.10 1.29 1.36 1.32 1.37 1.40 1.32 1.22 1.11 1.01 0.99 0.91 0.84 0.81 0.70 0.81 1.16 1.07 0.77 0.81 0.99 0.99 0.91 0.87 0.89 0.96 1.02 1.06 1.11 1.13 1.08 1.04 1.04 1.09 1.13 1.19 1.34 1.39 1.19 0.95 0.71 0.47 0.43 0.54 0.66 0.62 0.57 0.63 0.70 0.77 0.88 0.97 0.98 0.97 1.00 1.04 1.11 1.35 1.58 1.36 1.05 1.05 1.07 0.95 1.13 1.42 1.17 0.88 0.71
1.22 0.93 0.55 0.46 0.48 0.55 0.72 1.19 1.70 1.85 1.89 1.69 1.26 0.98 0.83 0.93 1.19 1.26 1.17 1.27 1.48 1.56 1.58 1.60 1.48 1.17 0.98 0.88 0.81 0.62 0.59 0.95 1.06 0.87 0.85 0.98 1.03 0.97 0.92 0.91 0.96 1.02 1.04 1.09 1.14 1.12 1.08 1.12 1.17 1.18 1.25 1.43 1.50 1.32 1.07 0.86 0.62 0.50 0.51 0.58 0.55 0.54 0.61 0.68 0.73 0.81 0.91 0.98 0.99 1.02 1.07 1.07 1.23 1.42 1.33 1.14 1.22 1.23 0.97 1.09 1.26 1.11 1.08 0.90
1.16 1.07 0.81 0.63 0.58 0.58 0.59 0.89 1.77 2.10 1.78 1.42 1.23 1.00 0.82 0.80 0.99 1.17 1.12 1.07 1.18 1.34 1.44 1.68 1.92 1.81 1.34 0.99 0.84 0.71 0.55 0.73 0.96 0.90 0.86 0.95 1.03 1.02 0.98 0.96 0.98 1.03 1.05 1.05 1.10 1.12 1.09 1.15 1.20 1.21 1.31 1.51 1.60 1.50 1.28 0.99 0.73 0.55 0.54 0.51 0.48 0.53 0.62 0.69 0.73 0.79 0.88 0.95 0.99 1.06 1.09 1.00 1.03 1.22 1.31 1.33 1.41 1.24 0.91 1.01 1.07 1.06 1.23 1.18
0.85 1.03 1.15 1.00 0.89 0.71 0.55 0.92 1.97 2.21 1.64 1.41 1.32 1.08 0.91 0.79 0.81 0.98 1.14 1.10 1.00 1.01 1.03 1.25 1.76 2.13 1.93 1.21 0.89 0.81 0.63 0.66 0.85 0.90 0.88 0.91 0.99 1.03 1.03 1.02 1.01 1.06 1.07 1.05 1.09 1.14 1.11 1.12 1.19 1.23 1.33 1.56 1.69 1.68 1.49 1.11 0.81 0.63 0.57 0.53 0.46 0.52 0.64 0.71 0.76 0.79 0.85 0.91 0.98 1.13 1.15 0.91 0.75 0.90 1.18 1.52 1.56 1.12 0.75 0.87 0.88 0.87 1.18 1.40
0.50 0.73 1.07 1.23 1.30 0.97 0.58 1.04 2.09 2.07 1.37 1.34 1.44 1.31 1.08 0.88 0.75 0.79 0.97 1.06 0.99 0.89 0.84 0.97 1.37 1.99 2.27 1.66 0.94 0.81 0.75 0.72 0.80 0.89 0.90 0.89 0.94 0.99 1.02 1.04 1.05 1.08 1.09 1.05 1.09 1.20 1.21 1.10 1.11 1.22 1.32 1.52 1.76 1.84 1.68 1.26 0.91 0.71 0.60 0.59 0.54 0.51 0.63 0.73 0.79 0.78 0.82 0.88 0.96 1.18 1.20 0.83 0.55 0.71 1.09 1.61 1.65 1.05 0.67 0.70 0.73 0.75 1.00 1.44
