windninja/windninja_output/Output_2025-08-24_0900-0950_Google earth_Fire_150m_10min/merlingen_7.5mi_point_08-24-2025_0950_150m_ang.asc
ncols	158
nrows	163
xllcorner	391686.332397
yllcorner	5160024.123721
cellsize	150.000000
NODATA_value	-32768.000000
[rows 46 to 91 of 163, columns 0 to 95 of 158]
338 335 330 327 324 320 317 315 313 311 309 308 307 305 304 303 302 301 300 299 299 298 298 297 297 296 296 295 295 294 294 292 291 287 283 271 237 184 154 144 137 130 122 118 120 121 123 122 121 117 112 108 102 99 100 99 102 110 116 120 122 122 125 126 123 120 118 115 118 121 118 116 113 110 109 111 130 147 133 127 124 119 110 102 98 102 106 107 104 103 108 114 114 110 106 106
341 338 333 331 327 321 319 318 316 314 312 310 309 308 306 305 304 303 302 301 301 300 300 299 299 298 298 297 297 296 296 295 293 289 283 273 230 161 144 138 133 128 123 121 123 123 123 119 116 113 109 103 98 99 103 105 110 116 120 125 127 123 121 121 119 116 114 114 116 119 116 114 110 106 104 104 117 130 125 118 113 108 104 103 105 108 110 109 107 106 109 112 112 110 106 106
342 340 337 336 330 322 320 320 319 316 314 313 311 310 308 307 306 305 304 303 303 302 302 301 300 300 300 300 300 299 299 298 296 294 291 282 172 135 134 132 129 125 122 125 127 124 120 117 114 112 106 98 98 102 106 111 115 119 123 127 128 121 116 114 114 112 112 114 115 116 114 112 109 104 100 99 110 119 117 112 108 108 109 111 113 114 114 114 113 113 110 108 108 108 107 106
343 343 342 341 333 324 321 322 322 319 317 315 314 312 310 309 308 307 306 306 305 305 304 304 303 303 303 303 302 302 302 302 302 300 303 315 115 124 127 128 126 123 123 126 126 121 116 114 112 108 102 101 105 110 115 118 120 122 123 125 125 117 111 109 111 112 113 114 115 114 113 110 107 103 100 104 113 118 117 113 111 112 114 116 117 118 118 120 118 115 109 102 101 103 104 100
345 347 349 346 335 327 324 324 324 322 320 318 317 315 313 312 311 310 309 308 308 307 307 306 306 306 306 306 305 305 306 306 308 312 322 60 109 117 120 122 122 123 126 127 124 118 113 110 106 99 99 106 112 118 121 122 122 121 121 120 117 111 106 106 110 113 113 114 113 112 111 108 105 103 105 111 117 118 116 113 112 113 115 117 119 120 121 121 116 111 106 98 95 95 95 96
348 351 354 348 337 331 329 326 326 325 324 321 319 318 316 314 313 312 312 311 311 310 310 309 308 308 308 309 309 310 311 313 316 328 9 79 104 111 115 117 119 121 124 126 122 116 111 107 99 100 111 115 117 121 122 121 120 117 115 113 110 107 105 107 110 113 114 114 113 111 109 107 106 107 110 114 117 118 115 113 111 110 111 115 119 120 120 116 111 107 102 95 89 87 92 101
354 356 357 348 337 334 333 329 327 328 328 324 322 320 318 317 316 315 314 313 313 312 312 312 312 312 312 312 313 314 316 320 329 353 46 82 98 106 112 116 118 118 121 124 121 115 110 108 108 117 125 124 121 122 121 119 116 113 109 107 107 107 106 107 110 114 115 115 112 111 110 109 110 111 112 114 116 117 116 112 109 107 108 112 116 117 116 113 109 104 99 93 87 88 98 115
1 0 358 350 340 337 338 333 329 330 330 327 325 323 321 319 318 318 317 316 315 315 315 314 314 315 315 316 318 320 324 331 348 23 62 84 96 104 109 114 117 116 119 123 121 115 114 120 122 123 125 124 121 120 118 115 113 111 106 105 108 109 107 107 111 116 118 117 113 112 113 114 114 113 112 114 116 116 114 113 110 108 109 111 113 114 115 114 109 102 98 96 94 96 108 125
6 2 357 351 344 342 342 337 332 331 332 330 327 326 324 322 321 320 320 319 318 318 318 318 318 319 319 321 323 326 333 346 10 44 69 84 94 100 106 112 115 115 115 118 119 117 119 127 127 124 123 121 120 117 113 112 113 111 109 109 111 111 108 108 112 118 122 123 118 116 117 116 112 111 112 114 116 116 115 117 117 114 112 113 113 113 115 115 110 104 101 103 106 108 111 121
8 4 358 353 347 344 344 342 336 333 333 331 329 328 327 325 324 323 323 322 322 321 321 321 322 323 324 326 330 336 345 3 31 57 75 85 93 98 103 108 112 113 112 113 118 120 124 128 127 125 124 121 120 117 111 110 113 113 112 113 115 114 110 109 113 120 125 126 121 117 114 110 110 113 115 116 118 118 118 121 123 119 116 114 113 112 113 114 112 107 105 108 114 117 114 117
11 8 3 359 353 346 345 344 340 335 335 334 332 330 329 328 326 326 325 325 325 325 325 325 326 327 329 333 338 346 1 22 46 65 77 86 92 97 101 105 108 110 110 113 117 122 126 127 126 127 126 119 118 115 110 109 114 115 116 117 117 115 110 107 109 117 123 124 119 111 106 109 114 117 118 120 121 120 121 123 124 120 116 115 114 111 109 109 111 109 109 115 125 129 121 119
15 12 7 4 0 353 349 347 343 338 338 339 336 333 332 331 329 329 329 328 328 328 329 330 331 333 336 341 348 360 17 38 56 70 80 86 92 96 99 102 105 108 110 113 116 119 123 125 126 128 127 118 116 114 109 109 117 119 120 120 118 114 109 104 105 113 120 121 115 109 112 116 118 119 121 124 124 123 124 125 124 120 117 114 110 106 103 103 107 113 119 129 135 134 126 118
20 17 12 8 5 359 355 351 345 341 342 344 342 338 334 333 333 332 332 332 332 332 333 335 337 339 344 350 0 15 32 49 63 74 81 87 91 95 98 101 104 106 109 111 113 116 119 122 124 128 130 121 117 114 109 110 118 120 119 119 117 113 108 104 102 109 118 122 119 117 119 119 119 121 123 126 126 124 125 125 123 119 115 112 107 104 103 106 114 123 128 131 134 132 122 110
24 22 17 13 9 4 359 355 349 344 343 346 347 342 338 337 336 335 335 336 336 337 338 340 343 347 353 2 14 29 44 58 69 77 82 87 91 94 97 100 102 105 107 109 111 113 115 119 123 129 133 127 118 113 109 110 117 119 118 117 115 112 108 103 101 106 116 126 125 119 119 121 121 122 125 127 125 124 123 122 120 116 113 111 108 106 109 117 126 129 127 126 127 125 114 100
29 27 23 18 13 8 3 358 353 350 348 349 349 346 345 344 342 339 339 340 341 342 344 347 351 356 4 15 27 41 54 64 72 79 84 88 91 94 97 99 101 103 106 107 109 111 114 117 121 128 133 129 118 112 109 110 116 117 116 115 114 111 107 103 101 104 113 126 123 117 119 122 122 123 126 127 124 122 120 118 117 114 110 109 108 110 117 125 129 128 125 122 121 116 104 91
34 32 28 23 18 13 7 2 357 355 353 351 350 349 350 350 349 346 344 344 346 348 351 355 359 7 16 28 40 51 61 69 75 80 85 88 91 94 96 98 100 102 104 106 108 110 112 115 119 124 130 128 119 113 109 110 113 114 114 112 111 110 107 104 103 104 110 123 121 119 121 123 123 124 126 125 122 120 120 118 117 113 109 107 109 114 122 128 127 125 124 121 115 105 95 84
40 38 33 27 22 16 11 6 2 360 358 355 352 352 353 354 355 354 352 351 351 354 358 3 10 19 29 39 49 59 66 73 78 82 85 88 91 93 96 98 100 101 103 105 107 109 111 113 116 119 126 128 121 115 112 112 112 112 112 111 111 111 110 108 105 104 108 120 121 121 123 123 123 125 126 124 121 120 121 120 118 114 110 110 115 119 123 128 126 123 122 115 103 93 85 74
47 45 39 32 26 19 15 11 8 6 3 359 357 356 355 356 360 1 0 359 359 3 7 13 21 30 39 49 57 65 71 75 80 83 86 89 91 93 95 97 99 100 102 104 106 107 109 111 113 116 122 126 122 118 119 116 111 111 112 113 114 114 111 106 102 100 106 118 122 123 123 123 122 125 127 125 123 123 124 124 120 118 116 119 124 125 126 127 123 118 112 104 94 83 72 61
53 50 44 37 30 24 21 17 14 12 10 5 2 1 359 359 2 6 8 8 9 13 17 24 32 40 49 57 63 69 74 78 81 84 87 89 91 93 95 97 98 100 101 103 105 106 108 109 111 114 118 122 121 120 123 121 112 110 112 114 116 114 104 96 97 102 114 122 124 124 124 123 122 125 128 128 127 128 130 129 125 124 124 126 128 126 124 123 119 111 104 96 85 71 59 43
55 52 46 40 34 29 26 23 21 18 15 11 8 6 5 4 6 11 14 16 20 24 29 35 42 50 57 63 68 73 77 80 83 85 87 89 91 93 95 96 98 99 101 102 103 105 106 108 110 112 114 118 119 118 122 124 116 111 111 112 112 107 99 100 106 114 123 126 125 125 125 123 121 124 129 131 130 131 134 131 128 129 131 132 129 124 121 118 112 105 97 84 69 56 42 27
53 51 47 43 38 34 29 26 25 23 19 17 15 11 11 11 13 16 20 24 29 33 38 45 50 57 63 68 72 76 79 82 84 86 88 90 92 93 95 96 97 99 100 101 103 104 105 107 108 110 112 114 116 116 119 122 119 112 108 107 108 113 113 113 114 118 122 125 126 125 125 122 120 124 129 132 132 133 138 137 135 137 138 137 129 121 116 112 103 94 84 67 52 36 27 23
47 48 46 44 42 37 31 29 29 28 25 23 22 20 18 19 22 24 27 32 36 39 45 51 56 62 68 72 76 79 81 83 85 87 89 90 92 93 94 96 97 98 99 101 102 103 104 106 107 108 110 111 113 114 116 118 117 112 106 103 110 121 120 117 115 116 119 122 124 124 124 122 120 124 129 131 133 137 143 142 140 138 134 131 124 114 107 100 92 83 67 48 32 22 22 28
40 44 44 40 39 36 30 30 34 34 32 29 28 27 27 26 30 34 36 41 45 48 52 55 58 63 68 74 79 82 84 85 87 88 90 91 92 93 94 96 97 98 99 100 101 102 103 104 106 107 108 109 110 111 113 114 114 112 108 105 111 120 120 118 116 115 117 120 123 124 124 121 119 123 128 130 134 140 144 139 135 131 123 119 114 105 95 90 83 68 48 26 18 20 27 38
46 51 51 45 43 40 34 31 34 36 33 30 31 32 32 33 37 42 46 50 55 58 61 62 61 62 67 74 80 84 86 88 89 89 90 91 92 94 95 95 97 98 98 99 100 101 103 104 105 106 107 108 109 110 110 111 111 111 110 109 111 117 118 117 115 115 116 119 122 123 123 120 119 124 129 130 133 139 142 135 129 122 112 108 110 103 92 85 72 50 28 15 17 27 40 52
60 64 67 65 62 56 47 40 41 42 39 37 38 38 38 40 44 49 53 57 61 64 67 69 67 64 68 74 79 83 86 89 91 91 92 92 93 94 95 95 96 97 98 99 100 101 102 103 104 105 106 106 107 108 109 109 110 110 110 110 112 114 115 113 112 114 116 117 119 121 122 120 120 125 129 129 131 137 139 132 123 113 108 109 108 102 90 76 56 32 17 17 27 40 63 81
65 67 71 74 73 70 65 61 62 60 55 53 54 52 50 50 52 55 57 61 64 68 71 73 71 68 70 74 77 80 84 88 91 93 93 93 94 94 95 95 96 97 98 99 99 100 101 102 103 104 105 106 106 107 108 108 109 109 109 110 111 112 112 112 113 114 114 113 115 119 123 120 118 123 127 127 129 134 135 128 118 111 112 113 106 97 82 62 36 22 20 29 46 66 87 117
69 70 71 72 73 72 71 72 75 72 67 67 67 66 64 62 62 63 63 64 66 70 73 75 74 74 76 75 76 78 82 85 89 93 94 94 95 95 95 95 96 97 98 98 99 100 101 102 102 103 104 105 105 106 107 107 108 108 109 110 110 111 112 112 113 114 114 114 115 118 121 118 114 117 123 124 125 129 133 127 120 118 119 114 105 88 67 42 29 28 34 50 64 81 108 132
74 75 76 75 74 74 74 75 76 74 71 71 71 70 70 70 71 72 71 70 70 72 74 76 77 79 80 79 77 78 80 82 85 90 94 95 95 95 96 96 96 97 97 98 99 99 100 101 102 102 103 104 105 105 106 107 107 108 108 109 110 110 111 112 112 113 114 115 116 118 118 115 112 115 121 123 124 127 132 131 126 125 120 112 99 76 45 30 37 47 60 82 95 117 134 133
77 78 80 80 79 79 79 79 78 77 76 75 74 73 74 74 75 76 77 76 77 77 77 77 78 80 82 81 80 79 80 82 84 88 91 94 95 96 96 97 97 97 97 98 98 99 100 101 101 102 103 103 104 105 105 106 107 107 108 108 109 110 110 111 112 112 113 115 116 117 117 117 117 121 126 126 127 130 135 135 131 126 118 106 86 53 31 36 52 64 89 112 134 134 133 130
79 81 83 85 85 85 84 84 82 81 80 79 78 78 78 78 78 78 79 80 80 81 81 81 81 82 83 83 82 81 81 83 84 86 88 91 94 96 97 97 97 97 97 98 98 99 99 100 101 102 102 103 103 104 105 105 106 107 107 108 109 109 110 110 111 112 113 114 115 116 117 118 121 126 129 128 130 134 140 138 130 122 110 93 64 30 32 48 62 76 98 126 136 127 126 123
80 81 85 88 90 91 91 89 87 86 84 84 83 82 82 82 81 81 81 81 82 82 83 83 83 83 84 86 86 84 82 83 84 84 86 90 93 95 97 97 97 97 97 97 98 98 99 100 100 101 102 103 103 104 105 105 106 106 107 107 108 109 109 110 111 112 113 114 114 115 117 119 121 125 129 129 131 137 142 134 124 113 98 73 35 29 44 53 65 88 114 139 133 123 119 118
82 82 83 87 93 96 96 94 93 91 89 87 86 85 85 85 85 85 84 84 84 84 85 85 83 82 85 89 89 87 83 81 82 83 86 90 93 95 96 98 98 98 97 97 97 98 99 99 100 101 101 102 103 104 104 105 106 106 107 107 108 108 109 110 111 111 112 113 114 115 117 119 121 123 127 129 132 138 139 127 115 104 83 55 41 54 69 78 98 124 138 141 133 123 118 117
85 82 78 84 96 102 102 100 98 98 95 91 89 87 87 87 87 87 86 86 86 86 86 86 83 81 84 88 90 89 86 83 83 85 86 88 91 93 95 97 98 98 97 97 97 98 98 99 100 101 101 102 103 104 104 104 105 106 106 107 107 108 109 109 110 111 112 113 114 115 116 118 120 122 125 128 132 138 137 123 110 96 73 66 78 97 112 127 135 136 136 134 130 122 119 120
82 78 71 76 90 103 109 107 104 104 99 94 91 90 89 89 89 89 88 87 87 87 88 87 85 84 85 87 89 90 89 87 85 85 86 88 89 90 92 96 98 98 97 96 96 97 97 98 99 100 101 102 103 103 104 105 105 105 106 106 107 108 108 109 110 110 111 112 113 114 116 117 119 121 123 127 131 137 135 124 111 99 97 106 113 120 133 136 134 131 128 126 124 121 120 122
75 72 69 74 84 100 115 113 109 108 102 96 92 91 91 90 90 90 89 89 88 88 88 88 88 88 87 87 88 90 92 91 89 86 86 87 88 88 89 92 96 97 96 95 96 96 96 97 98 100 102 103 103 104 104 104 105 105 106 106 107 107 108 108 109 110 111 112 113 114 115 117 118 120 122 125 130 134 134 128 123 123 126 126 125 129 133 133 130 126 123 121 119 119 120 120
74 75 77 83 94 101 108 110 108 105 101 96 93 91 91 91 91 90 90 90 90 90 89 90 90 90 90 89 88 90 93 94 92 90 87 85 86 88 88 89 91 93 93 93 94 95 95 94 96 100 103 105 105 105 104 104 104 105 105 106 106 107 108 108 109 110 110 111 112 113 115 116 118 120 122 124 128 133 135 135 140 140 137 134 134 135 132 130 127 124 121 119 117 117 119 118
86 86 90 98 103 99 94 96 98 97 96 93 92 91 91 91 91 90 91 92 92 91 91 91 91 91 91 91 90 91 92 94 93 92 89 86 85 87 89 89 88 89 91 92 93 95 96 96 98 101 105 107 107 106 105 105 105 105 105 105 106 107 107 108 109 109 110 111 112 113 114 116 117 119 121 123 127 131 135 140 147 149 144 144 144 135 129 127 125 123 120 118 116 117 119 119
91 95 99 100 98 91 88 88 88 88 89 90 91 91 90 90 90 91 92 93 93 93 92 92 93 94 93 93 91 90 91 92 92 91 90 89 87 87 89 89 89 90 92 94 95 97 100 102 103 104 105 107 108 108 106 104 104 105 105 105 106 106 107 108 108 109 110 110 111 113 114 115 117 118 120 123 126 130 134 141 151 158 154 150 140 131 125 123 123 121 118 117 115 115 117 117
87 90 94 91 86 85 84 82 81 83 87 90 90 89 89 89 90 90 92 93 95 95 94 94 97 98 95 93 92 91 91 90 89 89 89 89 89 90 90 90 91 93 94 96 97 97 99 101 102 102 102 103 105 106 105 104 104 104 105 105 106 106 107 107 108 109 109 110 111 112 113 115 116 118 120 122 125 129 134 142 155 163 161 150 133 127 122 119 118 118 116 115 113 112 113 114
84 84 85 84 83 80 77 76 80 85 89 90 89 88 87 88 89 89 91 93 95 96 96 97 99 100 96 93 92 93 91 90 89 87 87 88 89 90 91 92 94 95 95 95 96 96 97 99 100 100 100 99 99 100 103 103 103 104 104 105 106 106 107 107 108 108 109 110 111 112 113 114 116 117 119 121 124 127 132 141 155 163 163 148 129 124 121 118 118 117 116 115 113 112 113 115
84 83 82 83 81 77 74 76 82 89 91 89 88 88 87 86 86 87 89 91 93 94 96 99 102 102 98 95 94 93 92 91 91 90 89 88 87 87 89 93 96 97 96 94 94 94 96 97 98 100 100 99 97 98 100 102 103 103 104 105 106 106 107 107 108 108 109 109 110 111 112 113 115 116 118 120 123 126 131 139 151 159 158 144 127 120 118 117 116 116 115 115 116 119 122 122
85 84 82 82 80 76 76 79 85 89 90 88 89 88 85 84 83 82 85 88 91 92 95 103 110 109 101 96 94 93 92 92 93 94 94 90 87 86 86 89 93 97 97 95 93 93 94 95 96 97 99 100 99 98 99 101 102 103 104 105 106 107 107 107 108 108 108 109 110 111 112 113 114 115 117 119 122 125 129 136 145 152 151 140 125 118 116 114 113 112 113 116 119 122 124 123
86 86 85 85 82 78 78 80 82 83 85 88 90 88 84 81 78 79 82 86 90 92 101 111 119 116 101 95 92 91 91 92 93 94 96 95 93 89 87 86 88 92 96 96 94 93 93 94 94 95 97 99 100 99 99 100 101 103 105 106 107 108 107 107 107 108 108 109 109 110 111 112 113 115 116 118 120 123 127 131 138 144 143 134 124 117 113 111 111 112 115 117 116 112 108 108
89 90 89 87 84 82 79 78 76 77 84 91 91 87 83 76 74 76 82 88 94 102 111 116 120 111 98 93 91 90 90 91 92 92 93 96 97 94 90 87 87 89 92 96 96 94 92 91 93 95 96 99 102 103 102 100 99 99 103 108 110 109 108 107 107 107 108 108 109 110 110 111 112 114 115 117 119 121 124 127 132 136 137 130 121 115 110 108 111 113 113 113 106 99 97 99
90 90 86 83 84 84 81 77 72 75 84 90 88 83 79 74 73 75 80 91 104 114 117 113 104 96 93 91 90 90 90 90 91 91 91 93 95 97 94 90 88 89 90 93 95 95 92 91 91 94 97 100 103 105 104 99 96 96 102 110 115 112 109 107 107 107 107 108 108 109 110 111 112 113 114 116 117 119 121 124 127 131 133 128 121 118 114 111 111 112 108 102 99 96 96 97
87 85 80 78 81 84 83 78 73 76 83 86 82 78 76 74 74 74 78 93 111 121 115 98 84 84 87 88 88 89 89 90 91 92 92 92 93 96 97 94 89 87 89 92 95 95 93 91 90 93 97 101 104 107 106 102 100 103 106 110 115 113 109 107 107 107 107 107 108 108 109 110 111 112 113 114 116 117 119 121 123 126 129 128 125 122 119 115 112 108 100 92 93 92 91 92
