windninja/windninja_output/Output_2025-08-09_2200-2250_Google earth_Fire_150m_10min/merlingen_7.5mi_point_08-09-2025_2200_150m_ang.asc
ncols	158
nrows	163
xllcorner	391686.332397
yllcorner	5160024.123721
cellsize	150.000000
NODATA_value	-32768.000000
[rows 84 to 125 of 163, columns 0 to 93 of 158]
260 260 263 261 256 253 250 248 249 250 254 258 259 260 261 262 262 262 264 265 265 264 262 260 260 259 257 254 253 252 252 251 250 250 252 254 254 253 251 249 247 246 246 247 247 247 248 249 251 249 246 245 246 247 249 250 250 250 250 249 249 249 249 248 248 248 248 248 248 248 247 247 247 247 247 247 247 246 245 242 231 222 225 236 255 260 258 255 253 252 251 248 245 242
258 257 257 257 255 252 247 246 250 254 257 258 258 258 259 259 260 262 263 265 267 267 266 265 264 263 259 256 255 254 252 250 248 247 248 250 252 253 254 253 251 250 249 250 251 252 253 255 256 255 252 249 247 246 248 249 250 250 250 250 250 249 249 249 248 248 248 248 248 248 247 247 247 247 247 247 247 246 245 242 232 223 231 249 260 259 255 253 251 251 250 248 246 244
259 258 256 257 255 251 246 246 252 257 259 257 257 258 257 257 257 259 262 264 267 268 269 271 269 264 259 257 256 255 253 251 249 247 246 245 245 247 249 253 254 253 251 249 250 251 253 255 257 257 256 253 250 249 249 250 251 251 251 251 250 250 249 249 248 248 248 248 248 248 247 247 247 247 247 247 247 247 246 244 239 233 240 257 260 258 255 253 250 249 248 247 247 244
261 259 257 257 253 248 245 247 252 256 256 255 257 257 256 255 254 255 258 262 264 264 268 274 275 264 256 255 254 253 253 253 252 252 251 247 243 242 244 246 249 252 252 250 249 250 252 254 255 256 256 255 253 251 251 252 253 253 253 252 251 250 250 249 248 248 248 248 248 248 248 247 247 247 247 247 247 248 248 249 249 253 261 265 260 256 254 253 251 250 250 250 249 246
262 261 258 255 250 244 243 245 248 251 253 255 257 254 252 250 248 251 254 258 260 261 268 274 272 256 252 252 252 251 251 252 253 254 256 255 251 247 245 244 245 246 249 249 248 248 250 252 252 252 252 254 254 253 252 253 254 256 256 255 253 251 250 249 249 248 248 248 248 248 248 248 248 248 248 248 248 249 250 251 255 265 278 277 268 258 253 251 251 252 253 253 252 248
262 261 257 253 249 246 244 244 243 246 252 256 255 252 249 245 244 248 253 257 260 266 271 269 252 239 246 250 250 250 250 251 252 252 254 257 258 255 251 249 248 247 247 248 249 249 248 249 250 251 250 250 251 251 250 249 250 253 258 261 257 252 250 249 249 248 248 248 248 248 248 248 248 248 248 248 249 250 251 252 256 264 278 282 277 269 261 256 254 256 257 254 250 247
261 259 253 251 251 250 246 243 238 241 250 253 249 247 245 242 242 245 251 260 269 274 270 253 230 228 241 247 249 249 250 251 251 251 252 254 256 256 254 251 250 250 249 250 251 251 250 249 249 251 251 251 250 250 247 246 246 249 256 261 258 252 250 249 249 248 248 248 248 248 248 248 248 248 248 249 249 250 251 253 256 262 271 277 277 275 271 265 262 263 259 250 248 248
257 253 245 243 244 246 243 238 234 240 247 247 240 239 238 237 239 241 247 261 274 274 254 235 221 224 239 246 248 249 251 251 252 252 253 253 252 254 255 252 249 248 249 251 252 252 252 251 251 251 253 254 254 252 246 243 245 248 251 252 250 249 249 249 248 248 248 248 248 248 248 248 248 248 249 249 250 250 251 253 256 260 266 271 273 274 273 269 267 265 257 249 252 254
253 247 239 236 236 235 230 223 221 230 239 239 233 233 235 237 238 239 246 256 262 250 235 227 220 227 239 245 248 250 251 252 253 254 254 253 252 252 254 254 250 246 247 250 253 254 254 253 253 255 257 259 259 256 250 246 248 250 249 245 243 244 247 248 248 249 249 249 249 248 248 248 249 249 249 249 250 251 252 253 255 258 264 270 272 273 272 271 268 262 253 253 258 258
252 247 239 236 235 233 227 217 212 222 230 227 220 218 220 226 230 234 247 251 242 220 220 222 222 231 241 246 248 250 251 254 256 257 256 254 253 253 254 254 251 246 246 248 251 253 254 254 254 255 258 263 263 258 256 259 259 256 252 248 244 243 246 248 249 249 249 249 249 249 249 249 249 249 249 249 250 251 252 253 254 257 260 266 271 272 271 270 266 259 254 255 258 258
250 246 241 241 242 240 234 222 213 223 230 225 218 214 214 223 229 235 246 244 229 215 214 220 225 235 243 246 248 249 251 255 259 260 257 255 255 255 255 254 251 247 244 244 245 247 251 253 254 254 257 261 260 255 257 262 264 261 256 252 248 246 247 248 249 250 249 249 249 249 249 249 249 249 249 250 250 251 251 252 254 256 258 261 265 267 268 267 262 258 255 255 255 255
246 244 242 245 247 245 239 231 228 237 241 236 231 230 232 242 243 248 248 238 225 223 222 229 235 242 245 247 247 247 250 255 258 258 257 256 256 256 256 255 253 250 246 243 240 241 244 247 250 253 255 254 249 249 254 258 261 260 257 254 251 248 248 250 250 250 250 250 250 250 250 250 249 250 250 250 250 251 252 252 253 254 256 258 259 261 262 261 259 257 255 254 254 253
243 245 245 246 245 241 237 235 242 257 260 253 246 244 251 257 256 259 251 229 226 231 235 244 249 250 249 248 248 248 252 254 255 255 256 258 258 258 257 257 256 255 252 248 244 241 241 244 248 251 251 247 244 245 251 255 258 259 258 256 253 250 250 251 251 251 251 251 251 250 250 250 250 250 250 250 251 251 252 252 253 254 255 255 256 257 257 257 256 255 254 253 253 252
241 247 248 246 245 241 237 236 242 252 259 256 255 252 257 260 263 262 248 228 226 235 245 255 260 256 251 249 251 254 257 256 255 254 256 259 261 261 261 259 258 258 257 255 253 249 247 249 251 252 249 246 245 245 249 253 256 258 258 258 256 254 254 254 253 252 252 252 251 251 251 250 250 251 251 251 251 251 252 252 252 253 254 254 255 255 255 255 254 254 253 252 252 251
243 250 252 251 251 248 243 241 242 245 250 257 263 265 266 267 266 258 242 231 229 237 249 258 257 247 247 250 254 257 260 259 258 256 257 259 263 265 266 264 261 260 260 259 257 257 257 257 255 252 249 247 246 246 249 251 252 255 256 256 256 257 258 258 256 255 254 253 252 252 251 251 251 251 251 251 251 252 252 252 252 253 253 253 254 254 254 253 253 253 252 252 251 251
247 254 257 258 260 258 256 253 250 248 250 255 259 266 269 266 261 252 241 234 234 242 251 252 241 235 243 250 254 257 259 260 261 260 260 261 263 265 268 269 267 264 263 260 257 257 257 256 253 250 249 248 246 246 247 249 250 252 254 254 253 254 257 259 260 260 258 255 253 252 252 252 252 252 252 252 252 252 252 252 253 253 253 253 253 253 253 253 252 252 251 251 250 250
247 252 257 259 259 259 259 259 256 253 253 252 253 260 264 261 257 254 244 238 245 255 255 245 233 236 244 250 254 257 259 261 264 266 266 266 265 265 267 271 272 269 267 263 259 257 255 254 251 249 248 247 246 245 246 247 247 249 251 252 251 251 252 255 259 260 260 258 255 254 253 253 253 253 253 253 253 253 253 253 253 253 253 253 253 253 252 252 252 251 251 250 250 250
248 252 256 257 256 256 257 257 256 255 254 251 249 249 250 251 251 251 245 248 260 263 253 239 237 242 248 251 254 256 259 263 267 271 274 274 271 269 269 271 274 273 271 269 264 258 256 254 252 250 248 246 246 246 247 246 245 247 248 249 251 251 250 252 254 257 259 259 257 255 255 255 255 254 254 254 254 254 254 254 254 253 253 253 253 252 252 252 251 251 251 250 250 249
250 253 256 255 254 255 256 256 255 254 253 251 247 242 240 243 246 245 243 251 258 252 241 240 242 246 250 254 255 258 261 264 268 272 276 279 279 277 275 274 276 277 275 274 269 261 256 253 250 249 248 246 246 245 247 246 245 246 245 246 247 249 250 251 252 254 255 256 255 256 257 259 258 256 256 255 255 255 255 255 254 254 254 254 253 253 252 252 251 251 251 250 250 249
251 252 254 254 254 254 255 255 255 254 253 253 250 248 249 249 249 247 247 253 250 237 238 243 244 245 250 255 258 261 264 265 267 271 275 280 285 285 281 279 280 282 281 279 277 269 260 253 249 248 247 247 246 245 245 244 245 245 245 245 245 245 247 249 251 251 252 251 251 252 256 260 262 260 259 258 258 257 257 256 256 255 255 254 254 253 253 252 252 251 251 250 250 249
251 251 252 253 254 255 255 255 255 256 257 258 258 262 266 265 260 255 255 254 244 236 240 243 242 243 248 253 257 262 266 266 267 270 273 277 284 288 287 284 284 286 286 285 284 278 268 258 251 248 247 247 247 247 246 244 243 243 245 246 245 245 245 247 249 248 248 247 246 248 251 255 260 263 263 263 263 262 260 259 258 257 256 255 255 254 253 252 252 251 251 250 250 249
251 251 250 251 253 255 256 255 255 257 260 263 267 270 272 272 267 262 258 252 244 242 243 241 240 242 247 250 254 260 265 268 269 269 270 275 282 288 290 289 288 289 290 290 290 286 275 263 254 249 247 246 245 246 247 246 244 243 244 245 245 244 246 248 248 248 247 244 243 245 248 248 251 257 261 264 267 267 265 264 263 261 259 257 256 255 254 253 252 252 251 251 250 250
251 250 248 249 250 252 253 253 254 256 259 261 265 266 268 269 265 261 255 248 245 247 246 240 239 242 244 247 252 258 263 268 269 266 267 274 283 289 292 293 292 291 291 292 294 292 283 270 260 253 249 246 243 243 243 244 245 244 244 244 244 244 245 247 247 247 247 244 242 243 245 246 247 248 252 258 262 264 264 266 269 267 263 259 257 256 255 254 253 253 252 251 251 250
249 247 246 247 248 249 251 251 251 252 253 255 254 255 259 262 261 258 253 247 245 249 249 241 237 239 241 242 247 257 263 267 265 260 265 276 285 288 289 292 295 294 292 293 295 297 293 279 266 258 253 249 246 243 242 241 242 244 244 243 243 245 246 246 246 245 245 244 242 241 243 245 247 248 250 253 256 258 259 262 266 270 268 263 260 257 256 255 254 253 253 252 251 250
247 245 243 245 247 246 246 246 246 248 249 250 249 248 252 255 257 254 249 246 248 252 252 244 237 237 239 238 243 254 262 263 260 255 267 279 284 283 284 290 296 296 294 296 297 298 300 291 272 260 254 251 249 246 243 241 240 241 242 242 242 244 245 245 245 245 244 243 242 241 241 244 247 249 249 251 253 256 258 259 260 265 270 269 263 260 257 256 255 254 253 253 252 252
246 244 243 245 246 246 245 244 245 247 248 248 246 246 249 254 255 247 240 243 251 256 255 248 239 236 237 236 243 254 258 258 256 255 267 278 280 279 284 289 290 291 295 300 301 299 304 303 282 264 254 249 247 246 245 242 241 241 241 240 239 241 243 243 244 246 245 244 242 240 240 243 247 249 249 250 251 253 256 258 259 260 266 270 268 263 260 258 256 255 255 254 254 253
244 244 246 249 250 250 249 248 248 247 247 247 245 245 250 255 255 240 232 239 249 258 259 252 245 240 237 236 242 251 256 255 252 254 265 274 277 281 286 284 277 280 290 301 305 303 305 311 297 272 258 250 245 243 244 243 241 241 242 241 239 241 241 240 241 244 246 246 243 240 240 243 246 247 248 250 251 251 253 256 259 260 262 266 269 267 263 260 258 257 256 256 256 255
244 246 249 252 252 251 250 249 248 247 246 248 249 248 251 256 254 232 226 235 245 256 262 255 248 246 243 238 239 244 251 255 251 252 262 272 278 283 285 276 272 273 278 290 303 306 308 316 313 285 264 252 245 243 243 242 240 241 243 242 240 241 240 238 238 240 243 245 245 242 241 244 246 246 247 249 250 250 251 254 258 260 261 262 264 266 265 263 261 260 259 259 259 258
247 250 251 251 250 249 247 247 246 244 242 246 250 251 253 257 254 227 221 231 238 248 258 255 246 251 255 252 245 241 244 250 252 256 266 273 277 281 278 273 271 267 268 278 295 306 309 315 322 307 273 252 244 244 244 241 239 240 241 241 239 240 240 239 238 238 239 240 242 244 245 247 248 247 247 248 249 248 248 251 255 259 261 261 261 260 261 262 261 261 263 264 263 261
249 249 250 250 250 250 248 246 244 240 239 244 249 249 251 256 254 226 216 224 231 240 248 251 246 254 260 263 258 246 241 244 251 262 272 277 276 272 269 266 261 259 265 274 286 297 301 304 317 321 296 257 243 243 243 241 239 239 240 240 238 237 238 240 239 237 237 237 238 239 241 245 247 246 245 247 248 248 248 248 251 256 259 259 260 257 256 256 257 259 265 268 265 260
245 246 247 248 248 248 248 247 243 239 241 247 248 244 247 255 257 231 206 221 226 234 240 244 248 253 255 257 260 257 245 243 250 262 272 277 273 268 263 255 248 253 263 270 275 278 284 288 296 313 319 280 244 240 241 241 239 239 239 239 237 235 236 239 238 237 236 236 236 236 237 241 245 246 245 245 247 249 249 247 249 252 253 254 255 252 250 252 252 258 264 265 262 258
241 242 244 245 246 244 244 244 243 244 249 252 246 237 242 255 261 244 196 222 229 231 232 237 244 249 248 246 251 256 246 241 247 258 268 272 270 265 258 247 244 254 261 264 265 268 275 275 275 286 309 314 241 237 240 240 239 238 239 240 237 234 236 239 238 236 236 236 237 236 236 238 243 247 247 246 246 248 249 248 250 252 251 249 249 244 244 249 253 260 263 260 255 252
237 241 243 243 244 243 241 239 242 248 256 256 243 232 241 255 263 250 194 224 233 231 229 232 237 242 243 241 250 254 242 238 242 251 262 269 267 257 247 244 246 255 258 256 258 261 260 257 257 259 265 281 195 229 237 239 239 239 239 240 238 235 236 239 239 235 235 236 236 235 235 235 238 242 247 250 248 247 248 249 252 254 252 247 244 241 242 248 254 260 260 255 250 248
236 240 243 244 245 244 240 237 241 247 255 256 242 232 242 254 260 254 214 231 234 233 232 231 232 234 234 236 247 252 245 242 240 246 253 257 254 241 236 241 245 249 249 249 252 250 242 238 242 244 241 201 156 201 229 237 239 239 239 240 239 235 235 238 238 235 234 235 235 235 234 233 234 236 241 247 249 247 246 248 252 256 253 246 242 242 243 248 254 256 254 250 247 248
237 240 242 244 245 244 241 241 245 247 250 252 244 237 244 249 255 262 276 298 258 245 241 239 236 233 228 230 236 239 243 247 247 250 249 242 234 223 225 233 236 237 239 243 245 242 236 233 234 234 231 198 160 174 215 234 238 238 239 240 240 237 237 237 235 232 232 233 234 235 234 233 232 233 236 240 243 245 246 246 250 253 252 246 244 245 246 249 252 252 249 246 244 248
237 238 241 245 248 245 243 247 251 251 249 250 247 244 244 247 253 262 280 323 313 275 258 254 251 245 238 236 236 236 241 245 253 256 251 242 234 222 222 225 224 226 229 233 235 235 233 231 230 228 224 200 169 165 199 230 237 239 238 240 241 239 239 239 235 232 231 231 232 235 235 234 232 232 234 236 237 240 245 248 250 251 250 247 247 249 249 249 250 248 246 243 241 245
235 236 239 245 249 248 249 253 256 254 250 253 253 245 243 246 253 259 269 304 327 308 283 270 264 261 257 254 252 252 251 251 256 257 253 248 239 233 230 227 224 222 224 227 229 228 226 224 220 219 217 203 178 165 186 223 237 240 239 240 241 239 239 241 241 242 242 238 236 237 236 235 234 234 233 233 234 237 241 247 250 251 250 248 250 252 251 250 248 247 245 241 237 241
232 234 236 238 239 241 245 252 259 257 251 256 259 249 241 243 250 256 262 276 313 319 306 289 278 272 267 265 269 271 267 262 260 258 255 251 247 244 239 234 231 228 230 232 233 232 230 226 218 215 214 206 186 169 179 214 235 239 239 241 241 239 240 242 244 251 257 259 252 244 239 236 237 237 235 232 231 233 237 241 245 249 250 249 251 252 250 248 247 247 245 239 234 240
226 231 235 233 230 230 234 240 249 254 252 259 264 261 246 243 247 252 256 261 283 306 310 304 291 284 279 278 278 277 274 269 263 259 257 254 251 247 241 238 238 236 237 237 238 240 240 233 223 218 215 210 191 172 178 207 231 238 238 240 241 239 241 242 241 246 253 262 267 259 248 242 241 240 238 234 231 231 232 235 239 245 248 248 249 248 246 243 244 245 242 234 234 244
226 234 239 234 230 231 231 234 240 243 249 262 269 268 259 253 248 246 248 255 267 283 297 302 297 293 290 287 286 284 279 272 266 262 260 256 251 247 242 236 237 238 238 236 236 239 240 233 223 217 216 212 194 176 181 204 231 241 242 242 239 238 241 241 241 244 246 249 259 268 261 253 248 244 242 239 235 233 232 231 233 238 243 244 244 245 241 238 242 244 241 233 235 247
230 237 241 236 234 236 235 234 237 237 242 258 268 265 266 264 253 244 241 249 261 273 282 289 291 292 292 294 295 291 281 272 267 264 262 257 252 250 246 237 234 236 237 237 236 235 235 230 219 214 215 211 196 180 184 203 227 240 245 243 238 238 240 239 241 245 244 244 247 256 266 266 262 257 251 247 243 239 236 232 231 235 238 239 240 241 236 235 242 244 241 235 237 248
226 233 237 233 232 235 235 235 237 235 238 248 257 259 267 271 261 246 238 240 250 265 275 277 280 283 291 299 300 295 280 270 267 265 263 258 254 253 249 241 236 235 237 240 240 237 234 227 216 214 216 212 199 186 184 198 217 230 236 236 234 238 238 237 239 243 243 243 243 244 252 264 269 271 268 262 257 254 248 241 237 237 237 236 237 237 231 232 239 243 242 237 241 251
