windninja/windninja_output/Output_2025-08-09_2200-2250_Google earth_Fire_150m_10min/merlingen_7.5mi_point_08-09-2025_2210_150m_vel.asc
ncols	158
nrows	163
xllcorner	391686.332397
yllcorner	5160024.123721
cellsize	150.000000
NODATA_value	-32768.000000
[rows 38 to 75 of 163, columns 0 to 83 of 158]
1.08 1.07 1.05 1.02 1.00 0.98 0.96 0.94 0.92 0.91 0.90 0.89 0.88 0.86 0.85 0.83 0.82 0.81 0.80 0.79 0.77 0.76 0.74 0.72 0.70 0.67 0.66 0.66 0.68 0.70 0.67 0.64 0.65 0.71 0.80 0.84 0.83 0.85 0.87 0.83 0.78 0.76 0.75 0.75 0.77 0.76 0.73 0.74 0.76 0.78 0.75 0.69 0.69 0.72 0.70 0.65 0.66 0.74 0.78 0.81 0.84 0.81 0.66 0.49 0.42 0.48 0.61 0.64 0.54 0.47 0.46 0.46 0.45 0.42 0.38 0.36 0.32 0.30 0.39 0.44 0.35 0.31 0.35 0.41
1.08 1.07 1.04 1.02 0.99 0.97 0.95 0.93 0.92 0.91 0.90 0.88 0.87 0.86 0.85 0.83 0.82 0.80 0.79 0.78 0.77 0.76 0.74 0.72 0.70 0.67 0.64 0.62 0.60 0.58 0.56 0.55 0.59 0.65 0.72 0.78 0.83 0.91 0.95 0.90 0.83 0.79 0.77 0.77 0.81 0.83 0.79 0.74 0.76 0.82 0.82 0.74 0.73 0.81 0.86 0.81 0.78 0.83 0.88 0.91 0.94 0.96 0.88 0.66 0.49 0.49 0.61 0.63 0.53 0.47 0.46 0.46 0.45 0.43 0.40 0.39 0.34 0.31 0.37 0.48 0.45 0.37 0.34 0.37
1.10 1.09 1.05 1.01 1.00 0.98 0.96 0.94 0.92 0.90 0.88 0.88 0.86 0.86 0.85 0.84 0.82 0.81 0.79 0.78 0.77 0.75 0.74 0.72 0.70 0.67 0.62 0.57 0.52 0.51 0.51 0.50 0.50 0.55 0.63 0.69 0.74 0.84 0.95 0.99 0.95 0.89 0.83 0.80 0.80 0.85 0.86 0.81 0.78 0.83 0.86 0.79 0.74 0.80 0.89 0.90 0.84 0.81 0.83 0.86 0.87 0.92 0.98 0.84 0.58 0.53 0.64 0.65 0.54 0.49 0.45 0.43 0.41 0.38 0.39 0.40 0.37 0.33 0.35 0.44 0.49 0.47 0.42 0.40
1.13 1.12 1.07 1.03 1.00 0.98 0.96 0.95 0.93 0.90 0.88 0.87 0.86 0.85 0.85 0.84 0.82 0.81 0.80 0.78 0.77 0.75 0.74 0.72 0.70 0.66 0.62 0.57 0.53 0.52 0.52 0.50 0.48 0.50 0.57 0.65 0.70 0.72 0.82 0.97 1.04 1.05 1.01 0.94 0.88 0.90 0.95 0.95 0.90 0.89 0.91 0.86 0.75 0.68 0.71 0.77 0.74 0.67 0.67 0.71 0.73 0.76 0.88 0.93 0.75 0.61 0.66 0.69 0.60 0.54 0.50 0.46 0.42 0.36 0.37 0.40 0.38 0.35 0.34 0.38 0.44 0.46 0.47 0.47
1.14 1.12 1.09 1.04 1.01 0.98 0.95 0.94 0.93 0.91 0.88 0.87 0.86 0.85 0.84 0.83 0.82 0.81 0.80 0.78 0.76 0.74 0.73 0.72 0.69 0.66 0.63 0.59 0.56 0.54 0.55 0.54 0.51 0.51 0.54 0.62 0.72 0.78 0.83 0.91 0.99 1.03 1.03 1.02 0.97 0.94 0.93 0.90 0.85 0.81 0.82 0.81 0.71 0.61 0.59 0.63 0.63 0.59 0.58 0.63 0.64 0.63 0.72 0.86 0.88 0.75 0.69 0.73 0.71 0.64 0.60 0.56 0.50 0.43 0.41 0.42 0.39 0.36 0.34 0.37 0.41 0.41 0.43 0.46
1.14 1.12 1.09 1.05 1.02 1.00 0.97 0.94 0.92 0.91 0.89 0.87 0.86 0.84 0.83 0.82 0.81 0.80 0.79 0.77 0.76 0.74 0.72 0.71 0.70 0.67 0.64 0.61 0.57 0.54 0.53 0.54 0.53 0.52 0.53 0.58 0.67 0.77 0.82 0.83 0.85 0.88 0.91 0.91 0.88 0.83 0.80 0.79 0.77 0.73 0.75 0.76 0.71 0.64 0.61 0.61 0.61 0.59 0.59 0.61 0.61 0.57 0.58 0.67 0.79 0.81 0.75 0.75 0.79 0.79 0.76 0.73 0.66 0.56 0.52 0.48 0.44 0.39 0.36 0.36 0.39 0.40 0.41 0.43
1.14 1.12 1.08 1.05 1.02 0.99 0.97 0.94 0.92 0.91 0.88 0.87 0.85 0.84 0.83 0.82 0.81 0.80 0.79 0.78 0.77 0.75 0.73 0.71 0.70 0.68 0.66 0.63 0.60 0.56 0.54 0.54 0.54 0.53 0.52 0.52 0.56 0.61 0.64 0.68 0.73 0.79 0.82 0.81 0.78 0.76 0.75 0.75 0.76 0.76 0.78 0.80 0.77 0.71 0.67 0.65 0.61 0.60 0.61 0.62 0.62 0.58 0.55 0.55 0.63 0.72 0.73 0.71 0.74 0.79 0.81 0.80 0.78 0.70 0.61 0.55 0.48 0.43 0.39 0.37 0.37 0.38 0.41 0.43
1.15 1.13 1.09 1.05 1.02 0.99 0.96 0.94 0.92 0.90 0.88 0.86 0.85 0.84 0.83 0.82 0.81 0.80 0.79 0.78 0.77 0.75 0.74 0.72 0.70 0.69 0.67 0.64 0.61 0.58 0.56 0.56 0.55 0.53 0.51 0.48 0.46 0.47 0.52 0.58 0.65 0.73 0.77 0.76 0.74 0.75 0.77 0.76 0.75 0.76 0.76 0.78 0.75 0.69 0.67 0.67 0.63 0.60 0.60 0.62 0.63 0.63 0.60 0.57 0.60 0.63 0.65 0.65 0.60 0.59 0.64 0.69 0.71 0.69 0.63 0.56 0.48 0.44 0.43 0.41 0.39 0.38 0.39 0.41
1.16 1.13 1.09 1.06 1.02 0.98 0.95 0.93 0.91 0.90 0.89 0.87 0.85 0.84 0.83 0.82 0.81 0.80 0.79 0.78 0.76 0.75 0.74 0.72 0.70 0.68 0.66 0.64 0.62 0.59 0.57 0.56 0.54 0.52 0.50 0.48 0.44 0.44 0.47 0.53 0.58 0.64 0.72 0.74 0.71 0.72 0.75 0.77 0.74 0.72 0.72 0.73 0.73 0.69 0.64 0.65 0.65 0.61 0.59 0.59 0.63 0.67 0.65 0.62 0.62 0.61 0.60 0.60 0.55 0.51 0.53 0.56 0.61 0.64 0.62 0.58 0.50 0.45 0.44 0.43 0.40 0.38 0.38 0.38
1.16 1.14 1.09 1.06 1.03 0.97 0.91 0.90 0.89 0.89 0.88 0.87 0.86 0.84 0.83 0.82 0.80 0.79 0.78 0.77 0.76 0.74 0.73 0.72 0.70 0.68 0.66 0.65 0.63 0.61 0.58 0.56 0.53 0.50 0.47 0.46 0.45 0.44 0.44 0.46 0.50 0.57 0.66 0.72 0.72 0.71 0.71 0.72 0.71 0.69 0.70 0.71 0.72 0.72 0.69 0.67 0.68 0.65 0.61 0.57 0.59 0.65 0.64 0.60 0.58 0.58 0.56 0.56 0.54 0.51 0.51 0.52 0.56 0.59 0.59 0.57 0.51 0.44 0.41 0.40 0.39 0.37 0.37 0.37
1.16 1.13 1.09 1.05 1.03 0.99 0.91 0.86 0.86 0.87 0.86 0.85 0.85 0.83 0.82 0.81 0.79 0.79 0.78 0.76 0.75 0.74 0.73 0.71 0.70 0.68 0.67 0.65 0.64 0.62 0.60 0.57 0.55 0.51 0.48 0.45 0.44 0.43 0.42 0.42 0.45 0.49 0.57 0.64 0.69 0.72 0.71 0.70 0.69 0.69 0.69 0.70 0.70 0.69 0.68 0.68 0.68 0.67 0.66 0.62 0.59 0.61 0.63 0.58 0.54 0.53 0.52 0.52 0.51 0.50 0.50 0.50 0.52 0.55 0.56 0.55 0.50 0.45 0.41 0.41 0.41 0.39 0.37 0.36
1.15 1.12 1.09 1.06 1.03 1.01 0.94 0.85 0.83 0.84 0.85 0.84 0.83 0.83 0.82 0.81 0.79 0.78 0.77 0.76 0.75 0.74 0.73 0.72 0.71 0.69 0.67 0.66 0.64 0.63 0.61 0.59 0.57 0.54 0.50 0.47 0.46 0.45 0.43 0.42 0.42 0.44 0.48 0.54 0.60 0.66 0.68 0.67 0.67 0.66 0.68 0.72 0.72 0.71 0.70 0.70 0.69 0.67 0.65 0.64 0.61 0.61 0.64 0.61 0.54 0.50 0.49 0.49 0.49 0.49 0.50 0.50 0.51 0.52 0.53 0.53 0.50 0.48 0.46 0.45 0.44 0.42 0.39 0.36
1.16 1.12 1.07 1.07 1.07 1.05 1.01 0.91 0.82 0.81 0.83 0.84 0.83 0.82 0.82 0.82 0.80 0.78 0.78 0.77 0.76 0.75 0.73 0.72 0.72 0.70 0.68 0.67 0.65 0.63 0.62 0.60 0.58 0.55 0.52 0.48 0.46 0.45 0.44 0.43 0.43 0.44 0.46 0.47 0.52 0.59 0.63 0.63 0.62 0.59 0.59 0.65 0.70 0.72 0.73 0.73 0.71 0.68 0.64 0.60 0.58 0.59 0.64 0.63 0.55 0.49 0.47 0.46 0.46 0.47 0.47 0.48 0.49 0.49 0.49 0.49 0.49 0.48 0.48 0.48 0.46 0.44 0.41 0.37
1.17 1.10 1.03 1.05 1.09 1.09 1.08 1.01 0.88 0.81 0.82 0.83 0.83 0.82 0.81 0.81 0.80 0.79 0.78 0.77 0.76 0.75 0.74 0.72 0.71 0.70 0.69 0.67 0.66 0.64 0.62 0.60 0.59 0.56 0.54 0.50 0.46 0.43 0.43 0.43 0.44 0.44 0.43 0.44 0.48 0.54 0.59 0.61 0.63 0.58 0.56 0.62 0.66 0.65 0.67 0.69 0.68 0.67 0.65 0.60 0.57 0.58 0.64 0.64 0.54 0.47 0.46 0.45 0.46 0.46 0.46 0.47 0.47 0.47 0.47 0.46 0.44 0.44 0.46 0.48 0.48 0.46 0.42 0.37
1.22 1.09 0.98 1.00 1.02 1.04 1.06 1.07 0.98 0.86 0.82 0.82 0.82 0.81 0.80 0.79 0.79 0.78 0.77 0.76 0.75 0.74 0.73 0.72 0.70 0.70 0.69 0.67 0.66 0.64 0.63 0.61 0.59 0.57 0.55 0.52 0.48 0.44 0.42 0.42 0.43 0.44 0.42 0.41 0.45 0.51 0.55 0.58 0.66 0.67 0.66 0.69 0.71 0.69 0.65 0.64 0.63 0.63 0.64 0.62 0.59 0.59 0.66 0.65 0.53 0.47 0.46 0.46 0.46 0.47 0.47 0.47 0.47 0.46 0.46 0.44 0.41 0.40 0.42 0.45 0.47 0.48 0.45 0.38
1.28 1.15 0.99 0.99 1.03 1.02 1.03 1.08 1.03 0.90 0.82 0.80 0.80 0.80 0.80 0.79 0.78 0.78 0.77 0.75 0.74 0.73 0.72 0.72 0.70 0.69 0.68 0.67 0.66 0.65 0.63 0.62 0.60 0.58 0.56 0.54 0.51 0.47 0.44 0.41 0.42 0.45 0.44 0.41 0.42 0.48 0.53 0.55 0.64 0.70 0.70 0.70 0.71 0.72 0.68 0.64 0.60 0.61 0.63 0.63 0.61 0.61 0.67 0.66 0.55 0.48 0.47 0.48 0.49 0.48 0.48 0.48 0.48 0.47 0.46 0.44 0.41 0.39 0.39 0.40 0.43 0.47 0.48 0.43
1.28 1.23 1.06 0.97 1.02 1.04 1.02 1.07 1.07 0.95 0.82 0.77 0.77 0.78 0.79 0.79 0.78 0.77 0.77 0.76 0.74 0.73 0.72 0.71 0.70 0.69 0.68 0.67 0.66 0.65 0.64 0.62 0.61 0.59 0.57 0.55 0.53 0.50 0.46 0.42 0.41 0.42 0.43 0.39 0.37 0.42 0.49 0.52 0.57 0.62 0.65 0.66 0.65 0.67 0.70 0.66 0.60 0.60 0.63 0.65 0.64 0.64 0.69 0.67 0.57 0.51 0.50 0.51 0.53 0.54 0.51 0.49 0.48 0.47 0.46 0.45 0.42 0.41 0.40 0.38 0.38 0.43 0.47 0.46
1.20 1.22 1.13 0.94 0.89 0.91 0.90 0.96 1.06 1.03 0.88 0.77 0.74 0.74 0.75 0.76 0.76 0.76 0.76 0.76 0.75 0.73 0.72 0.71 0.70 0.69 0.68 0.67 0.66 0.65 0.64 0.62 0.61 0.59 0.58 0.56 0.54 0.52 0.49 0.44 0.40 0.38 0.39 0.38 0.35 0.36 0.41 0.46 0.50 0.54 0.59 0.64 0.64 0.65 0.70 0.67 0.61 0.60 0.62 0.64 0.66 0.68 0.72 0.70 0.59 0.52 0.51 0.50 0.53 0.56 0.53 0.50 0.48 0.47 0.46 0.45 0.43 0.43 0.42 0.39 0.37 0.40 0.43 0.44
1.13 1.16 1.16 1.04 0.89 0.83 0.79 0.80 0.93 1.03 0.97 0.83 0.74 0.71 0.71 0.74 0.74 0.74 0.74 0.73 0.74 0.73 0.72 0.71 0.69 0.69 0.68 0.67 0.66 0.65 0.64 0.63 0.61 0.60 0.58 0.57 0.55 0.53 0.50 0.47 0.43 0.40 0.39 0.39 0.37 0.36 0.36 0.39 0.42 0.47 0.52 0.59 0.62 0.64 0.70 0.66 0.60 0.61 0.62 0.63 0.64 0.67 0.73 0.73 0.62 0.50 0.47 0.46 0.47 0.51 0.51 0.51 0.50 0.48 0.47 0.45 0.44 0.44 0.43 0.41 0.38 0.38 0.40 0.41
1.12 1.11 1.13 1.13 1.06 0.96 0.85 0.77 0.81 0.95 1.01 0.96 0.86 0.75 0.68 0.69 0.72 0.73 0.72 0.72 0.72 0.72 0.72 0.71 0.69 0.68 0.68 0.67 0.66 0.65 0.64 0.63 0.62 0.60 0.59 0.58 0.56 0.54 0.52 0.50 0.47 0.45 0.42 0.41 0.39 0.36 0.33 0.31 0.34 0.38 0.43 0.53 0.57 0.61 0.68 0.64 0.59 0.62 0.63 0.63 0.64 0.66 0.71 0.74 0.66 0.53 0.45 0.44 0.45 0.48 0.49 0.51 0.51 0.49 0.48 0.46 0.46 0.46 0.44 0.43 0.41 0.40 0.39 0.39
1.14 1.11 1.09 1.09 1.09 1.07 0.99 0.87 0.80 0.86 0.94 0.99 0.97 0.86 0.71 0.65 0.67 0.70 0.71 0.71 0.71 0.70 0.70 0.70 0.69 0.68 0.68 0.67 0.66 0.65 0.64 0.63 0.62 0.61 0.59 0.58 0.57 0.55 0.53 0.51 0.49 0.47 0.45 0.42 0.40 0.36 0.32 0.28 0.26 0.28 0.33 0.45 0.54 0.59 0.66 0.62 0.57 0.58 0.60 0.61 0.62 0.66 0.70 0.74 0.69 0.57 0.48 0.46 0.47 0.50 0.50 0.50 0.51 0.49 0.48 0.46 0.46 0.46 0.45 0.44 0.43 0.42 0.41 0.39
1.13 1.11 1.08 1.05 1.03 1.02 1.01 0.95 0.84 0.78 0.79 0.85 0.94 0.96 0.84 0.69 0.64 0.65 0.67 0.69 0.70 0.70 0.69 0.69 0.69 0.68 0.67 0.66 0.66 0.65 0.64 0.63 0.62 0.61 0.60 0.59 0.57 0.56 0.54 0.53 0.51 0.49 0.47 0.45 0.42 0.39 0.35 0.31 0.26 0.23 0.26 0.35 0.48 0.56 0.62 0.60 0.54 0.54 0.56 0.57 0.59 0.63 0.69 0.73 0.71 0.61 0.52 0.48 0.49 0.51 0.50 0.49 0.50 0.49 0.47 0.46 0.45 0.45 0.44 0.43 0.42 0.43 0.43 0.41
1.12 1.10 1.08 1.05 1.02 0.98 0.96 0.94 0.87 0.79 0.75 0.75 0.84 0.97 0.98 0.86 0.70 0.63 0.63 0.66 0.68 0.70 0.70 0.69 0.68 0.67 0.67 0.66 0.65 0.64 0.64 0.63 0.62 0.61 0.60 0.59 0.58 0.56 0.55 0.53 0.52 0.50 0.48 0.46 0.44 0.42 0.39 0.35 0.30 0.25 0.22 0.27 0.40 0.51 0.57 0.57 0.54 0.53 0.53 0.53 0.55 0.58 0.63 0.70 0.70 0.63 0.53 0.46 0.46 0.49 0.49 0.48 0.48 0.48 0.46 0.45 0.46 0.44 0.43 0.42 0.40 0.41 0.42 0.41
1.11 1.10 1.07 1.04 1.03 1.00 0.96 0.93 0.89 0.84 0.79 0.74 0.77 0.87 0.98 0.99 0.87 0.72 0.64 0.62 0.64 0.66 0.67 0.68 0.68 0.67 0.66 0.65 0.64 0.64 0.63 0.63 0.62 0.61 0.60 0.59 0.58 0.57 0.56 0.54 0.53 0.51 0.50 0.48 0.46 0.44 0.41 0.38 0.34 0.29 0.23 0.22 0.30 0.42 0.49 0.50 0.51 0.51 0.50 0.49 0.50 0.53 0.57 0.64 0.66 0.63 0.55 0.47 0.46 0.48 0.48 0.47 0.47 0.46 0.44 0.44 0.45 0.44 0.43 0.42 0.41 0.40 0.40 0.39
1.11 1.08 1.04 1.01 1.00 1.00 1.00 0.97 0.92 0.87 0.80 0.73 0.70 0.74 0.85 0.97 0.98 0.87 0.73 0.63 0.60 0.62 0.64 0.65 0.66 0.66 0.65 0.64 0.64 0.63 0.63 0.62 0.62 0.61 0.60 0.59 0.58 0.57 0.56 0.55 0.53 0.52 0.50 0.49 0.47 0.45 0.43 0.41 0.37 0.32 0.27 0.24 0.27 0.35 0.41 0.46 0.49 0.50 0.48 0.48 0.48 0.49 0.53 0.58 0.62 0.62 0.56 0.51 0.48 0.48 0.48 0.47 0.47 0.45 0.43 0.43 0.44 0.44 0.43 0.42 0.41 0.41 0.41 0.39
1.14 1.08 1.00 0.96 0.94 0.95 0.97 0.98 0.95 0.90 0.83 0.74 0.68 0.67 0.72 0.84 0.95 0.96 0.87 0.74 0.65 0.61 0.62 0.63 0.65 0.66 0.66 0.64 0.63 0.63 0.62 0.62 0.61 0.61 0.60 0.59 0.58 0.57 0.56 0.55 0.54 0.53 0.51 0.50 0.48 0.46 0.44 0.42 0.39 0.36 0.31 0.27 0.28 0.32 0.36 0.43 0.50 0.50 0.47 0.47 0.47 0.49 0.52 0.54 0.56 0.55 0.49 0.48 0.48 0.48 0.47 0.47 0.47 0.44 0.42 0.43 0.44 0.44 0.43 0.43 0.43 0.42 0.41 0.41
1.21 1.11 0.98 0.94 0.90 0.87 0.88 0.91 0.91 0.89 0.85 0.77 0.69 0.67 0.68 0.72 0.84 0.95 0.96 0.88 0.76 0.66 0.61 0.60 0.62 0.64 0.65 0.64 0.63 0.62 0.62 0.61 0.61 0.60 0.60 0.59 0.58 0.57 0.56 0.55 0.54 0.53 0.52 0.51 0.49 0.47 0.46 0.44 0.41 0.38 0.34 0.29 0.28 0.30 0.31 0.37 0.50 0.53 0.48 0.46 0.45 0.47 0.50 0.52 0.51 0.47 0.43 0.43 0.46 0.47 0.47 0.48 0.47 0.44 0.42 0.42 0.44 0.44 0.43 0.44 0.44 0.43 0.42 0.41
1.28 1.18 1.04 0.97 0.92 0.88 0.85 0.86 0.85 0.82 0.82 0.78 0.69 0.65 0.66 0.67 0.71 0.82 0.93 0.95 0.87 0.76 0.67 0.61 0.59 0.61 0.64 0.64 0.63 0.62 0.61 0.61 0.60 0.60 0.59 0.59 0.58 0.57 0.57 0.56 0.55 0.54 0.53 0.51 0.50 0.48 0.47 0.45 0.43 0.40 0.37 0.32 0.29 0.28 0.27 0.29 0.42 0.52 0.51 0.46 0.41 0.41 0.48 0.54 0.54 0.49 0.44 0.43 0.43 0.44 0.45 0.47 0.47 0.44 0.41 0.40 0.42 0.43 0.42 0.43 0.44 0.42 0.41 0.40
1.26 1.25 1.18 1.05 0.96 0.91 0.90 0.92 0.93 0.87 0.82 0.81 0.73 0.64 0.63 0.66 0.66 0.69 0.79 0.91 0.94 0.89 0.80 0.70 0.62 0.60 0.61 0.63 0.63 0.62 0.61 0.60 0.60 0.59 0.59 0.58 0.58 0.57 0.57 0.56 0.55 0.54 0.53 0.52 0.51 0.49 0.48 0.46 0.44 0.42 0.40 0.36 0.32 0.29 0.26 0.24 0.31 0.44 0.50 0.48 0.41 0.40 0.48 0.56 0.58 0.54 0.48 0.44 0.42 0.42 0.42 0.45 0.46 0.44 0.41 0.39 0.39 0.40 0.40 0.42 0.43 0.42 0.41 0.41
1.13 1.29 1.41 1.30 1.13 0.98 0.94 0.99 1.02 0.95 0.86 0.81 0.79 0.72 0.64 0.63 0.66 0.65 0.68 0.78 0.88 0.93 0.92 0.84 0.73 0.65 0.60 0.58 0.58 0.59 0.59 0.59 0.59 0.59 0.58 0.58 0.58 0.57 0.56 0.56 0.55 0.54 0.53 0.52 0.51 0.50 0.49 0.47 0.45 0.44 0.42 0.39 0.36 0.33 0.29 0.25 0.25 0.31 0.41 0.44 0.39 0.37 0.41 0.49 0.54 0.54 0.51 0.46 0.42 0.41 0.40 0.42 0.44 0.42 0.40 0.38 0.37 0.37 0.38 0.40 0.41 0.42 0.41 0.40
0.92 1.15 1.47 1.58 1.55 1.37 1.20 1.19 1.18 1.06 0.94 0.85 0.82 0.79 0.73 0.66 0.66 0.66 0.65 0.68 0.74 0.81 0.88 0.91 0.86 0.78 0.69 0.60 0.55 0.54 0.55 0.56 0.57 0.57 0.58 0.57 0.57 0.57 0.56 0.56 0.55 0.54 0.53 0.53 0.52 0.50 0.49 0.48 0.47 0.45 0.43 0.41 0.39 0.37 0.34 0.30 0.27 0.28 0.33 0.37 0.33 0.30 0.33 0.39 0.45 0.49 0.50 0.48 0.45 0.42 0.40 0.41 0.42 0.39 0.36 0.36 0.35 0.34 0.34 0.36 0.37 0.38 0.41 0.40
0.69 0.74 1.01 1.29 1.48 1.53 1.46 1.41 1.44 1.38 1.26 1.18 1.11 1.02 0.95 0.86 0.78 0.71 0.66 0.64 0.66 0.69 0.74 0.82 0.86 0.87 0.82 0.70 0.59 0.53 0.51 0.52 0.54 0.56 0.56 0.57 0.57 0.56 0.56 0.56 0.55 0.54 0.54 0.53 0.52 0.51 0.50 0.49 0.47 0.46 0.45 0.43 0.41 0.40 0.37 0.35 0.33 0.31 0.32 0.33 0.30 0.27 0.28 0.31 0.35 0.38 0.42 0.45 0.44 0.43 0.42 0.42 0.41 0.38 0.35 0.34 0.33 0.31 0.29 0.32 0.34 0.37 0.41 0.42
0.64 0.58 0.56 0.67 0.86 1.08 1.13 1.13 1.25 1.36 1.34 1.31 1.28 1.23 1.14 1.05 0.97 0.87 0.76 0.67 0.64 0.65 0.66 0.69 0.72 0.81 0.89 0.83 0.70 0.61 0.54 0.50 0.50 0.52 0.54 0.55 0.56 0.56 0.56 0.55 0.55 0.54 0.54 0.53 0.52 0.51 0.50 0.49 0.48 0.47 0.46 0.44 0.43 0.42 0.40 0.39 0.37 0.36 0.35 0.34 0.32 0.28 0.27 0.27 0.27 0.28 0.32 0.35 0.37 0.38 0.40 0.42 0.42 0.37 0.35 0.34 0.32 0.29 0.27 0.29 0.33 0.38 0.40 0.45
0.78 0.70 0.59 0.57 0.64 0.72 0.69 0.66 0.76 0.94 0.95 0.92 0.94 0.98 1.00 0.98 0.97 0.96 0.91 0.80 0.71 0.66 0.65 0.65 0.64 0.72 0.88 0.95 0.86 0.74 0.64 0.56 0.51 0.49 0.51 0.53 0.54 0.55 0.55 0.55 0.55 0.54 0.54 0.53 0.52 0.52 0.51 0.50 0.49 0.48 0.47 0.45 0.44 0.43 0.42 0.41 0.40 0.39 0.38 0.36 0.34 0.32 0.30 0.28 0.26 0.25 0.25 0.27 0.28 0.29 0.33 0.38 0.40 0.36 0.34 0.34 0.33 0.29 0.27 0.28 0.32 0.36 0.39 0.48
0.91 0.84 0.73 0.67 0.66 0.67 0.62 0.55 0.60 0.70 0.70 0.67 0.67 0.69 0.72 0.75 0.78 0.84 0.89 0.88 0.84 0.77 0.71 0.69 0.66 0.66 0.76 0.90 0.94 0.86 0.76 0.68 0.59 0.51 0.48 0.50 0.52 0.53 0.54 0.54 0.54 0.54 0.53 0.53 0.52 0.52 0.51 0.50 0.49 0.48 0.47 0.46 0.45 0.44 0.43 0.42 0.41 0.40 0.39 0.38 0.37 0.35 0.34 0.32 0.30 0.28 0.26 0.25 0.24 0.23 0.24 0.29 0.34 0.32 0.30 0.31 0.32 0.29 0.26 0.28 0.31 0.34 0.41 0.51
1.04 0.94 0.79 0.71 0.69 0.68 0.64 0.60 0.59 0.62 0.65 0.66 0.65 0.64 0.64 0.64 0.65 0.68 0.72 0.77 0.82 0.83 0.81 0.76 0.70 0.65 0.68 0.78 0.89 0.90 0.83 0.77 0.70 0.60 0.52 0.50 0.50 0.51 0.52 0.53 0.54 0.54 0.53 0.53 0.52 0.52 0.51 0.50 0.50 0.49 0.48 0.47 0.46 0.45 0.44 0.43 0.42 0.41 0.40 0.39 0.38 0.37 0.36 0.35 0.33 0.32 0.30 0.28 0.26 0.23 0.22 0.24 0.26 0.26 0.27 0.28 0.29 0.28 0.25 0.27 0.31 0.35 0.43 0.51
1.19 1.06 0.84 0.70 0.68 0.66 0.63 0.61 0.60 0.59 0.60 0.63 0.64 0.64 0.64 0.64 0.64 0.64 0.64 0.66 0.69 0.73 0.76 0.75 0.70 0.66 0.66 0.72 0.81 0.86 0.84 0.80 0.77 0.71 0.62 0.55 0.52 0.51 0.51 0.52 0.53 0.53 0.53 0.53 0.52 0.52 0.51 0.51 0.50 0.49 0.48 0.47 0.47 0.46 0.45 0.44 0.43 0.42 0.41 0.41 0.39 0.39 0.37 0.36 0.35 0.34 0.33 0.31 0.29 0.27 0.25 0.23 0.23 0.22 0.23 0.25 0.26 0.27 0.25 0.25 0.31 0.38 0.46 0.47
1.37 1.20 0.92 0.72 0.64 0.62 0.58 0.56 0.57 0.56 0.56 0.58 0.59 0.61 0.61 0.61 0.62 0.64 0.64 0.63 0.63 0.65 0.67 0.68 0.66 0.63 0.62 0.66 0.74 0.82 0.83 0.81 0.79 0.75 0.68 0.60 0.55 0.53 0.51 0.51 0.52 0.53 0.53 0.53 0.52 0.52 0.51 0.51 0.50 0.49 0.48 0.48 0.47 0.46 0.45 0.45 0.44 0.43 0.42 0.41 0.40 0.40 0.39 0.38 0.36 0.35 0.34 0.33 0.31 0.30 0.28 0.26 0.24 0.21 0.20 0.22 0.24 0.24 0.24 0.25 0.32 0.41 0.45 0.42
