windninja/windninja_output/Output_2025-08-09_2200-2250_Google earth_Fire_150m_10min/merlingen_7.5mi_point_08-09-2025_2240_150m_vel.asc
ncols	158
nrows	163
xllcorner	391686.332397
yllcorner	5160024.123721
cellsize	150.000000
NODATA_value	-32768.000000
[rows 114 to 151 of 163, columns 0 to 83 of 158]
0.54 0.52 0.47 0.45 0.45 0.44 0.42 0.41 0.42 0.44 0.45 0.49 0.52 0.51 0.52 0.50 0.38 0.34 0.40 0.48 0.61 0.81 0.89 0.67 0.52 0.50 0.48 0.41 0.35 0.34 0.50 0.73 0.79 0.68 0.55 0.44 0.41 0.42 0.39 0.37 0.36 0.36 0.37 0.36 0.32 0.30 0.30 0.30 0.29 0.27 0.27 0.30 0.35 0.44 0.53 0.57 0.57 0.59 0.66 0.71 0.70 0.68 0.71 0.75 0.72 0.72 0.77 0.80 0.80 0.76 0.68 0.64 0.62 0.61 0.66 0.72 0.70 0.65 0.62 0.66 0.72 0.68 0.56 0.49
0.55 0.55 0.53 0.50 0.49 0.49 0.48 0.45 0.42 0.41 0.43 0.46 0.50 0.55 0.59 0.56 0.41 0.34 0.35 0.38 0.49 0.69 0.90 0.92 0.78 0.64 0.59 0.58 0.55 0.44 0.46 0.67 0.85 0.82 0.63 0.47 0.41 0.42 0.42 0.40 0.42 0.45 0.47 0.45 0.41 0.38 0.37 0.35 0.32 0.31 0.31 0.32 0.34 0.40 0.49 0.56 0.56 0.57 0.61 0.68 0.71 0.70 0.71 0.75 0.75 0.72 0.75 0.79 0.81 0.79 0.76 0.73 0.70 0.63 0.60 0.67 0.74 0.71 0.63 0.62 0.71 0.73 0.63 0.57
0.53 0.55 0.55 0.53 0.51 0.49 0.49 0.50 0.49 0.45 0.43 0.43 0.46 0.53 0.62 0.61 0.45 0.33 0.32 0.35 0.47 0.63 0.81 0.97 1.00 0.85 0.70 0.66 0.64 0.55 0.55 0.69 0.88 0.94 0.73 0.52 0.47 0.49 0.50 0.49 0.49 0.52 0.53 0.52 0.48 0.42 0.37 0.34 0.35 0.36 0.36 0.36 0.36 0.38 0.45 0.53 0.56 0.56 0.58 0.64 0.68 0.69 0.71 0.74 0.75 0.73 0.74 0.78 0.81 0.81 0.80 0.80 0.81 0.78 0.65 0.61 0.69 0.75 0.69 0.62 0.67 0.71 0.64 0.60
0.52 0.54 0.55 0.53 0.51 0.49 0.48 0.51 0.54 0.54 0.50 0.42 0.41 0.47 0.60 0.66 0.50 0.32 0.33 0.39 0.50 0.61 0.70 0.83 1.00 1.07 0.98 0.86 0.84 0.66 0.56 0.59 0.79 1.02 0.98 0.75 0.64 0.61 0.62 0.63 0.65 0.63 0.59 0.58 0.54 0.47 0.43 0.42 0.43 0.44 0.43 0.42 0.40 0.40 0.44 0.52 0.58 0.57 0.57 0.61 0.65 0.68 0.72 0.76 0.76 0.74 0.75 0.78 0.80 0.82 0.82 0.83 0.87 0.91 0.86 0.71 0.64 0.71 0.75 0.69 0.68 0.70 0.62 0.58
0.52 0.53 0.54 0.54 0.52 0.50 0.47 0.48 0.51 0.55 0.57 0.47 0.38 0.42 0.54 0.70 0.61 0.33 0.32 0.36 0.40 0.46 0.53 0.60 0.74 0.97 1.10 1.11 1.14 1.05 0.79 0.68 0.81 1.02 1.16 1.21 1.13 0.95 0.88 0.88 0.84 0.77 0.69 0.63 0.59 0.55 0.53 0.53 0.52 0.51 0.48 0.45 0.43 0.42 0.44 0.51 0.58 0.59 0.58 0.60 0.62 0.63 0.68 0.76 0.80 0.79 0.79 0.81 0.82 0.82 0.82 0.83 0.86 0.94 1.00 0.94 0.78 0.72 0.76 0.76 0.76 0.74 0.65 0.57
0.54 0.53 0.54 0.55 0.51 0.49 0.47 0.45 0.45 0.48 0.55 0.53 0.39 0.38 0.47 0.66 0.69 0.43 0.28 0.27 0.27 0.29 0.35 0.42 0.50 0.61 0.75 0.86 1.04 1.17 1.13 1.06 1.00 0.97 1.07 1.26 1.36 1.32 1.25 1.22 1.14 0.99 0.86 0.77 0.74 0.70 0.63 0.57 0.55 0.52 0.49 0.46 0.44 0.43 0.43 0.48 0.55 0.59 0.59 0.60 0.61 0.61 0.62 0.68 0.74 0.78 0.79 0.81 0.84 0.83 0.80 0.79 0.81 0.88 0.99 1.07 0.99 0.86 0.80 0.77 0.78 0.77 0.69 0.59
0.55 0.54 0.55 0.58 0.53 0.46 0.44 0.43 0.42 0.42 0.48 0.52 0.41 0.39 0.45 0.61 0.71 0.57 0.31 0.23 0.21 0.19 0.22 0.27 0.33 0.39 0.44 0.51 0.65 0.81 0.95 0.97 0.87 0.83 0.89 1.03 1.21 1.29 1.24 1.26 1.32 1.28 1.16 1.06 0.99 0.91 0.81 0.73 0.65 0.58 0.53 0.50 0.47 0.46 0.45 0.46 0.52 0.57 0.58 0.60 0.62 0.60 0.59 0.58 0.56 0.58 0.58 0.61 0.71 0.80 0.80 0.76 0.75 0.79 0.89 1.04 1.12 1.05 0.93 0.85 0.79 0.77 0.70 0.62
0.55 0.55 0.57 0.64 0.67 0.59 0.55 0.51 0.45 0.39 0.43 0.50 0.41 0.38 0.46 0.61 0.73 0.66 0.42 0.25 0.16 0.14 0.12 0.13 0.18 0.25 0.32 0.39 0.46 0.52 0.57 0.63 0.67 0.72 0.82 0.90 0.94 1.02 0.95 0.94 1.13 1.27 1.25 1.10 1.00 0.94 0.89 0.83 0.75 0.66 0.58 0.53 0.51 0.49 0.47 0.48 0.53 0.57 0.58 0.59 0.59 0.56 0.54 0.53 0.49 0.48 0.43 0.35 0.42 0.62 0.73 0.74 0.72 0.70 0.76 0.90 1.07 1.17 1.13 1.02 0.91 0.83 0.74 0.66
0.54 0.55 0.57 0.63 0.72 0.76 0.77 0.75 0.65 0.47 0.42 0.49 0.41 0.32 0.37 0.50 0.70 0.73 0.51 0.32 0.16 0.10 0.09 0.08 0.07 0.11 0.17 0.26 0.34 0.41 0.45 0.53 0.61 0.65 0.74 0.80 0.80 0.89 0.83 0.72 0.79 0.97 1.14 1.07 0.88 0.80 0.76 0.72 0.70 0.66 0.60 0.56 0.52 0.50 0.48 0.49 0.54 0.58 0.58 0.57 0.55 0.52 0.50 0.51 0.53 0.58 0.55 0.38 0.27 0.35 0.53 0.63 0.67 0.67 0.66 0.72 0.88 1.09 1.22 1.22 1.12 0.98 0.83 0.74
0.50 0.50 0.51 0.52 0.58 0.66 0.74 0.81 0.84 0.71 0.54 0.54 0.42 0.27 0.26 0.33 0.54 0.76 0.68 0.43 0.25 0.12 0.05 0.07 0.08 0.07 0.07 0.12 0.23 0.35 0.41 0.47 0.53 0.57 0.67 0.75 0.74 0.84 0.87 0.72 0.65 0.77 1.03 1.15 0.98 0.79 0.70 0.65 0.65 0.66 0.63 0.60 0.55 0.51 0.49 0.47 0.47 0.51 0.50 0.51 0.53 0.52 0.52 0.54 0.57 0.64 0.69 0.61 0.39 0.26 0.32 0.45 0.54 0.59 0.59 0.59 0.67 0.85 1.07 1.24 1.30 1.23 1.04 0.88
0.48 0.48 0.48 0.46 0.49 0.55 0.62 0.70 0.83 0.84 0.78 0.68 0.43 0.25 0.21 0.23 0.36 0.64 0.80 0.64 0.39 0.22 0.12 0.08 0.07 0.08 0.11 0.18 0.32 0.39 0.41 0.45 0.50 0.53 0.61 0.71 0.69 0.73 0.84 0.76 0.65 0.66 0.84 1.12 1.16 0.96 0.79 0.70 0.68 0.70 0.71 0.67 0.60 0.55 0.52 0.49 0.48 0.50 0.48 0.45 0.50 0.57 0.59 0.60 0.61 0.64 0.69 0.73 0.64 0.40 0.27 0.30 0.35 0.40 0.46 0.48 0.51 0.62 0.81 1.00 1.19 1.33 1.28 1.06
0.50 0.51 0.51 0.50 0.51 0.55 0.59 0.64 0.76 0.84 0.89 0.89 0.61 0.29 0.19 0.17 0.24 0.42 0.67 0.80 0.71 0.42 0.23 0.17 0.17 0.18 0.29 0.50 0.51 0.46 0.43 0.47 0.50 0.49 0.55 0.66 0.65 0.64 0.76 0.76 0.65 0.60 0.67 0.94 1.16 1.09 0.91 0.78 0.73 0.72 0.71 0.69 0.66 0.61 0.57 0.57 0.59 0.64 0.65 0.58 0.56 0.62 0.65 0.65 0.66 0.67 0.67 0.72 0.75 0.65 0.44 0.33 0.30 0.26 0.27 0.32 0.35 0.40 0.52 0.67 0.81 1.08 1.30 1.26
0.47 0.49 0.51 0.49 0.51 0.54 0.58 0.61 0.69 0.78 0.88 1.03 0.93 0.49 0.32 0.23 0.22 0.29 0.45 0.67 0.77 0.72 0.48 0.40 0.55 0.69 0.73 0.68 0.56 0.47 0.47 0.53 0.57 0.50 0.50 0.62 0.65 0.58 0.61 0.67 0.62 0.55 0.57 0.74 1.04 1.13 1.02 0.90 0.82 0.76 0.71 0.68 0.66 0.63 0.59 0.58 0.61 0.68 0.74 0.72 0.68 0.66 0.66 0.65 0.66 0.67 0.68 0.69 0.74 0.77 0.70 0.57 0.44 0.31 0.23 0.19 0.20 0.24 0.30 0.41 0.54 0.74 1.07 1.27
0.46 0.49 0.50 0.48 0.49 0.54 0.59 0.62 0.63 0.70 0.82 1.03 1.13 0.91 0.62 0.39 0.30 0.33 0.41 0.53 0.76 0.97 1.02 1.00 0.98 0.91 0.77 0.57 0.46 0.43 0.46 0.55 0.67 0.67 0.59 0.59 0.63 0.57 0.51 0.54 0.54 0.47 0.46 0.57 0.86 1.08 1.04 0.93 0.85 0.77 0.73 0.70 0.65 0.62 0.59 0.56 0.57 0.63 0.70 0.71 0.68 0.66 0.64 0.63 0.64 0.66 0.68 0.69 0.71 0.74 0.77 0.73 0.61 0.46 0.34 0.22 0.13 0.13 0.18 0.26 0.39 0.56 0.77 1.01
0.47 0.49 0.50 0.48 0.46 0.49 0.56 0.60 0.61 0.63 0.72 0.91 1.15 1.23 1.07 0.65 0.44 0.44 0.52 0.72 0.90 1.00 1.08 1.06 0.95 0.81 0.63 0.46 0.38 0.36 0.40 0.48 0.66 0.80 0.81 0.71 0.61 0.56 0.49 0.46 0.45 0.41 0.37 0.41 0.63 0.96 1.04 0.91 0.83 0.77 0.72 0.71 0.68 0.65 0.62 0.59 0.58 0.61 0.65 0.66 0.65 0.65 0.65 0.65 0.65 0.67 0.68 0.68 0.70 0.71 0.74 0.78 0.73 0.58 0.44 0.33 0.19 0.10 0.10 0.14 0.22 0.37 0.56 0.75
0.46 0.47 0.47 0.43 0.41 0.41 0.43 0.49 0.53 0.56 0.61 0.72 0.91 1.14 1.25 1.16 0.79 0.61 0.67 0.79 0.75 0.64 0.74 0.83 0.79 0.72 0.64 0.51 0.39 0.33 0.34 0.37 0.49 0.69 0.88 0.95 0.80 0.58 0.47 0.44 0.41 0.37 0.31 0.28 0.40 0.74 1.00 1.01 0.92 0.85 0.79 0.74 0.69 0.66 0.63 0.61 0.61 0.62 0.64 0.65 0.65 0.66 0.66 0.66 0.66 0.67 0.68 0.68 0.70 0.71 0.74 0.80 0.82 0.73 0.56 0.44 0.30 0.15 0.09 0.08 0.08 0.13 0.27 0.49
0.47 0.48 0.49 0.45 0.41 0.40 0.39 0.38 0.39 0.42 0.45 0.48 0.54 0.68 0.93 1.15 1.07 0.86 0.75 0.64 0.47 0.42 0.54 0.77 0.86 0.78 0.66 0.60 0.52 0.42 0.34 0.31 0.35 0.51 0.73 0.98 1.07 0.84 0.58 0.49 0.44 0.38 0.33 0.28 0.29 0.47 0.84 1.02 1.00 0.91 0.83 0.77 0.69 0.64 0.61 0.59 0.60 0.63 0.66 0.66 0.65 0.65 0.65 0.66 0.66 0.67 0.68 0.68 0.69 0.71 0.74 0.78 0.84 0.85 0.76 0.61 0.44 0.26 0.15 0.10 0.08 0.06 0.05 0.15
0.49 0.51 0.54 0.52 0.46 0.46 0.48 0.46 0.38 0.29 0.27 0.28 0.32 0.41 0.56 0.76 0.92 0.82 0.60 0.42 0.39 0.40 0.45 0.62 0.88 0.91 0.72 0.65 0.62 0.55 0.45 0.36 0.35 0.41 0.55 0.79 1.10 1.18 0.97 0.74 0.63 0.55 0.50 0.42 0.33 0.34 0.57 0.83 0.94 0.89 0.80 0.75 0.70 0.64 0.61 0.57 0.56 0.59 0.62 0.64 0.62 0.60 0.60 0.63 0.65 0.66 0.68 0.68 0.68 0.70 0.74 0.78 0.82 0.86 0.86 0.80 0.64 0.42 0.30 0.22 0.13 0.06 0.06 0.05
0.50 0.49 0.51 0.54 0.52 0.50 0.54 0.60 0.59 0.42 0.27 0.24 0.26 0.33 0.45 0.55 0.72 0.75 0.52 0.34 0.34 0.38 0.43 0.51 0.71 0.95 0.88 0.64 0.54 0.48 0.42 0.36 0.32 0.35 0.47 0.63 0.88 1.16 1.26 1.17 1.00 0.86 0.77 0.66 0.52 0.40 0.40 0.57 0.79 0.84 0.76 0.72 0.69 0.65 0.62 0.58 0.56 0.57 0.60 0.61 0.61 0.60 0.57 0.59 0.62 0.63 0.65 0.66 0.65 0.67 0.72 0.77 0.81 0.86 0.88 0.86 0.78 0.59 0.47 0.42 0.30 0.13 0.03 0.05
0.50 0.48 0.47 0.52 0.55 0.52 0.50 0.57 0.70 0.72 0.53 0.39 0.35 0.36 0.40 0.50 0.68 0.82 0.83 0.63 0.46 0.45 0.48 0.51 0.60 0.90 1.00 0.74 0.50 0.40 0.34 0.29 0.27 0.30 0.40 0.52 0.66 0.87 1.10 1.23 1.19 1.06 0.98 0.91 0.79 0.62 0.49 0.49 0.65 0.75 0.71 0.67 0.66 0.64 0.63 0.60 0.59 0.59 0.62 0.65 0.66 0.66 0.63 0.61 0.62 0.62 0.63 0.62 0.61 0.63 0.68 0.73 0.77 0.85 0.92 0.91 0.83 0.64 0.50 0.49 0.46 0.29 0.10 0.02
0.54 0.52 0.51 0.53 0.57 0.55 0.50 0.50 0.59 0.76 0.80 0.69 0.63 0.56 0.51 0.55 0.65 0.79 0.93 0.93 0.77 0.57 0.49 0.47 0.52 0.75 1.04 1.05 0.78 0.55 0.44 0.37 0.30 0.29 0.32 0.38 0.51 0.65 0.81 1.00 1.11 1.09 1.03 0.99 0.93 0.83 0.69 0.59 0.63 0.71 0.71 0.67 0.64 0.63 0.61 0.60 0.59 0.61 0.62 0.65 0.67 0.68 0.66 0.65 0.65 0.65 0.64 0.62 0.57 0.54 0.60 0.68 0.73 0.78 0.90 0.99 0.95 0.71 0.48 0.45 0.48 0.41 0.24 0.11
0.56 0.58 0.57 0.56 0.58 0.59 0.56 0.51 0.49 0.57 0.72 0.78 0.75 0.71 0.62 0.53 0.51 0.58 0.69 0.83 0.86 0.69 0.49 0.39 0.40 0.53 0.84 1.13 1.10 0.85 0.67 0.58 0.48 0.35 0.29 0.29 0.35 0.49 0.65 0.81 0.94 1.00 0.98 0.94 0.94 0.91 0.80 0.69 0.67 0.72 0.73 0.70 0.65 0.62 0.59 0.58 0.58 0.60 0.61 0.62 0.64 0.66 0.67 0.66 0.67 0.67 0.67 0.66 0.60 0.48 0.46 0.56 0.66 0.73 0.84 1.01 1.08 0.94 0.60 0.45 0.44 0.41 0.34 0.23
0.53 0.59 0.61 0.56 0.56 0.57 0.57 0.55 0.48 0.43 0.46 0.54 0.59 0.63 0.60 0.45 0.35 0.39 0.49 0.61 0.70 0.64 0.50 0.39 0.36 0.41 0.58 0.91 1.12 1.07 0.90 0.75 0.65 0.51 0.35 0.29 0.30 0.38 0.54 0.68 0.74 0.85 0.92 0.90 0.89 0.87 0.80 0.69 0.66 0.69 0.70 0.68 0.65 0.62 0.59 0.57 0.57 0.60 0.62 0.64 0.66 0.67 0.68 0.68 0.69 0.70 0.69 0.69 0.68 0.55 0.37 0.34 0.46 0.59 0.74 0.95 1.12 1.14 0.95 0.64 0.47 0.40 0.37 0.33
0.46 0.51 0.59 0.57 0.52 0.49 0.49 0.50 0.50 0.46 0.42 0.42 0.45 0.54 0.62 0.54 0.44 0.39 0.40 0.46 0.52 0.50 0.46 0.42 0.36 0.35 0.44 0.67 0.94 1.09 0.99 0.79 0.66 0.57 0.47 0.36 0.32 0.34 0.48 0.62 0.64 0.71 0.84 0.85 0.81 0.80 0.76 0.67 0.64 0.65 0.65 0.64 0.62 0.60 0.58 0.56 0.57 0.60 0.62 0.64 0.67 0.68 0.69 0.68 0.69 0.70 0.70 0.68 0.70 0.65 0.44 0.25 0.21 0.26 0.40 0.67 0.98 1.16 1.19 1.04 0.71 0.48 0.41 0.38
0.42 0.43 0.49 0.56 0.55 0.46 0.39 0.38 0.43 0.49 0.52 0.50 0.48 0.56 0.69 0.74 0.71 0.60 0.45 0.42 0.43 0.39 0.35 0.33 0.30 0.29 0.33 0.48 0.72 0.96 1.07 0.96 0.74 0.62 0.54 0.42 0.34 0.33 0.44 0.62 0.65 0.65 0.72 0.77 0.77 0.78 0.75 0.68 0.64 0.64 0.64 0.63 0.62 0.60 0.57 0.56 0.57 0.60 0.61 0.63 0.65 0.68 0.70 0.70 0.69 0.70 0.70 0.69 0.70 0.72 0.61 0.37 0.19 0.12 0.12 0.27 0.62 0.93 1.12 1.21 1.06 0.68 0.52 0.44
0.47 0.43 0.41 0.50 0.60 0.59 0.46 0.36 0.34 0.39 0.49 0.54 0.54 0.58 0.65 0.72 0.77 0.78 0.73 0.62 0.50 0.39 0.31 0.26 0.23 0.22 0.25 0.33 0.51 0.73 0.97 1.11 1.03 0.79 0.61 0.47 0.38 0.37 0.40 0.58 0.67 0.66 0.66 0.68 0.71 0.74 0.74 0.69 0.65 0.64 0.63 0.63 0.62 0.62 0.60 0.58 0.58 0.60 0.61 0.62 0.63 0.65 0.68 0.71 0.74 0.74 0.73 0.74 0.75 0.76 0.74 0.59 0.33 0.16 0.08 0.09 0.29 0.60 0.82 1.06 1.15 0.97 0.79 0.66
0.55 0.50 0.42 0.42 0.53 0.66 0.68 0.55 0.43 0.38 0.40 0.48 0.53 0.51 0.50 0.54 0.63 0.71 0.78 0.86 0.81 0.61 0.43 0.30 0.23 0.20 0.20 0.23 0.33 0.48 0.67 0.94 1.12 1.05 0.85 0.68 0.57 0.48 0.41 0.50 0.63 0.65 0.65 0.62 0.63 0.67 0.69 0.67 0.65 0.63 0.61 0.59 0.59 0.62 0.64 0.62 0.60 0.60 0.61 0.62 0.63 0.65 0.67 0.71 0.79 0.86 0.87 0.86 0.85 0.85 0.84 0.78 0.55 0.29 0.15 0.09 0.15 0.37 0.57 0.79 0.99 0.99 0.89 0.81
0.57 0.58 0.48 0.36 0.35 0.46 0.66 0.74 0.70 0.61 0.48 0.44 0.45 0.40 0.38 0.41 0.47 0.52 0.58 0.75 0.95 0.99 0.83 0.58 0.42 0.29 0.21 0.19 0.22 0.31 0.43 0.66 0.95 1.12 1.08 0.92 0.77 0.66 0.54 0.51 0.59 0.64 0.64 0.61 0.60 0.63 0.65 0.65 0.64 0.63 0.60 0.56 0.51 0.51 0.58 0.62 0.62 0.62 0.64 0.65 0.65 0.67 0.68 0.71 0.82 0.96 1.07 1.10 1.10 1.09 1.07 1.03 0.87 0.54 0.32 0.22 0.20 0.31 0.43 0.54 0.72 0.82 0.76 0.67
0.54 0.60 0.56 0.37 0.27 0.28 0.39 0.59 0.74 0.77 0.68 0.51 0.39 0.30 0.28 0.30 0.36 0.41 0.43 0.50 0.70 0.97 1.08 1.04 0.88 0.66 0.44 0.26 0.19 0.19 0.25 0.40 0.65 0.92 1.08 1.03 0.89 0.80 0.70 0.62 0.63 0.68 0.68 0.66 0.63 0.62 0.63 0.63 0.63 0.62 0.60 0.57 0.49 0.38 0.40 0.50 0.58 0.61 0.64 0.67 0.69 0.70 0.70 0.70 0.76 0.87 1.01 1.13 1.22 1.27 1.27 1.24 1.17 0.95 0.59 0.44 0.40 0.47 0.54 0.54 0.60 0.72 0.69 0.55
0.51 0.60 0.66 0.53 0.35 0.27 0.24 0.29 0.45 0.62 0.73 0.66 0.40 0.27 0.25 0.28 0.33 0.38 0.37 0.35 0.39 0.54 0.78 1.00 1.06 1.02 0.90 0.65 0.39 0.27 0.25 0.28 0.37 0.60 0.90 0.99 0.91 0.79 0.73 0.68 0.67 0.70 0.71 0.69 0.67 0.64 0.62 0.62 0.62 0.61 0.60 0.60 0.56 0.44 0.34 0.37 0.47 0.55 0.59 0.63 0.67 0.69 0.68 0.67 0.65 0.64 0.66 0.74 0.89 1.08 1.22 1.25 1.23 1.15 0.89 0.66 0.62 0.68 0.76 0.73 0.62 0.69 0.71 0.56
0.55 0.57 0.64 0.69 0.56 0.39 0.26 0.18 0.19 0.27 0.50 0.72 0.55 0.37 0.35 0.33 0.34 0.35 0.32 0.26 0.23 0.26 0.37 0.57 0.74 0.85 0.96 0.97 0.84 0.62 0.45 0.33 0.29 0.37 0.67 0.82 0.79 0.72 0.69 0.68 0.67 0.69 0.70 0.69 0.68 0.65 0.63 0.62 0.62 0.62 0.61 0.60 0.60 0.53 0.40 0.32 0.37 0.47 0.52 0.55 0.61 0.67 0.68 0.64 0.58 0.54 0.50 0.48 0.52 0.66 0.91 1.10 1.19 1.19 1.03 0.83 0.73 0.74 0.86 0.88 0.73 0.71 0.72 0.60
0.62 0.53 0.50 0.66 0.75 0.66 0.48 0.31 0.19 0.17 0.30 0.65 0.73 0.67 0.63 0.56 0.50 0.44 0.35 0.26 0.19 0.17 0.20 0.26 0.35 0.45 0.58 0.80 0.92 0.92 0.79 0.57 0.41 0.36 0.52 0.67 0.67 0.63 0.63 0.65 0.67 0.68 0.69 0.68 0.67 0.65 0.62 0.62 0.63 0.63 0.63 0.61 0.59 0.53 0.43 0.33 0.33 0.41 0.51 0.57 0.60 0.66 0.71 0.69 0.62 0.57 0.53 0.45 0.41 0.43 0.52 0.78 1.09 1.19 1.05 0.88 0.73 0.68 0.84 0.97 0.86 0.78 0.75 0.67
0.72 0.54 0.37 0.48 0.70 0.85 0.85 0.68 0.47 0.31 0.35 0.59 0.76 0.87 0.92 0.91 0.86 0.82 0.72 0.57 0.44 0.33 0.25 0.20 0.20 0.23 0.26 0.34 0.52 0.72 0.85 0.82 0.65 0.49 0.50 0.61 0.62 0.60 0.59 0.61 0.65 0.67 0.68 0.69 0.67 0.65 0.64 0.63 0.63 0.63 0.63 0.62 0.59 0.53 0.46 0.39 0.36 0.40 0.50 0.58 0.60 0.62 0.67 0.73 0.74 0.72 0.69 0.60 0.53 0.49 0.45 0.53 0.85 1.11 1.06 0.91 0.75 0.59 0.66 0.92 0.99 0.90 0.84 0.77
0.83 0.59 0.33 0.32 0.42 0.66 0.86 0.94 0.82 0.58 0.56 0.64 0.70 0.75 0.83 0.91 0.94 0.97 1.01 1.02 0.99 0.86 0.68 0.48 0.30 0.21 0.18 0.17 0.20 0.28 0.46 0.71 0.70 0.56 0.54 0.61 0.63 0.61 0.60 0.60 0.63 0.66 0.68 0.70 0.71 0.68 0.66 0.65 0.64 0.63 0.63 0.64 0.61 0.51 0.43 0.36 0.33 0.37 0.42 0.49 0.54 0.56 0.59 0.65 0.74 0.80 0.85 0.86 0.84 0.81 0.75 0.71 0.83 1.04 1.07 0.99 0.92 0.76 0.67 0.85 1.05 1.08 1.02 0.86
0.91 0.65 0.34 0.26 0.24 0.31 0.48 0.77 0.94 0.84 0.73 0.67 0.62 0.56 0.53 0.61 0.74 0.80 0.82 0.91 1.06 1.12 1.12 1.05 0.83 0.54 0.40 0.36 0.33 0.27 0.30 0.50 0.63 0.59 0.59 0.65 0.67 0.65 0.63 0.62 0.64 0.65 0.66 0.69 0.72 0.71 0.69 0.69 0.68 0.67 0.66 0.68 0.65 0.53 0.40 0.30 0.25 0.28 0.34 0.42 0.49 0.52 0.54 0.57 0.60 0.67 0.77 0.85 0.91 0.97 1.01 1.03 1.09 1.19 1.20 1.11 1.06 1.04 1.00 1.01 1.12 1.29 1.29 1.06
0.90 0.81 0.58 0.39 0.27 0.24 0.32 0.50 0.76 0.83 0.76 0.66 0.60 0.52 0.44 0.43 0.55 0.66 0.64 0.61 0.71 0.88 1.03 1.17 1.21 1.07 0.81 0.65 0.58 0.50 0.41 0.46 0.58 0.60 0.60 0.65 0.69 0.70 0.67 0.65 0.65 0.67 0.67 0.67 0.69 0.70 0.68 0.69 0.70 0.69 0.70 0.72 0.70 0.60 0.45 0.31 0.22 0.21 0.25 0.32 0.42 0.49 0.51 0.52 0.53 0.56 0.61 0.67 0.70 0.73 0.79 0.88 1.01 1.19 1.28 1.18 1.04 1.01 1.00 1.01 1.11 1.27 1.44 1.35
0.75 0.87 0.97 0.80 0.57 0.43 0.38 0.39 0.52 0.63 0.68 0.71 0.65 0.53 0.42 0.35 0.36 0.49 0.61 0.59 0.55 0.59 0.68 0.82 1.05 1.19 1.06 0.74 0.58 0.53 0.46 0.45 0.54 0.59 0.60 0.62 0.67 0.70 0.71 0.69 0.68 0.69 0.69 0.68 0.69 0.70 0.66 0.66 0.70 0.71 0.74 0.78 0.78 0.69 0.54 0.36 0.24 0.19 0.22 0.24 0.30 0.42 0.48 0.50 0.52 0.54 0.55 0.57 0.58 0.56 0.51 0.51 0.62 0.84 1.07 1.12 1.01 0.84 0.73 0.85 0.96 1.03 1.30 1.48
0.52 0.63 0.89 0.98 0.91 0.68 0.42 0.34 0.43 0.52 0.58 0.69 0.75 0.66 0.47 0.34 0.26 0.29 0.42 0.52 0.52 0.49 0.48 0.55 0.72 0.98 1.09 0.82 0.53 0.50 0.51 0.50 0.53 0.58 0.60 0.61 0.64 0.67 0.70 0.71 0.71 0.71 0.71 0.70 0.72 0.75 0.71 0.65 0.67 0.71 0.75 0.80 0.85 0.79 0.64 0.44 0.30 0.22 0.22 0.25 0.26 0.31 0.43 0.50 0.51 0.52 0.53 0.55 0.58 0.60 0.55 0.47 0.46 0.56 0.74 0.95 0.99 0.80 0.66 0.72 0.80 0.84 1.03 1.44
