windninja/windninja_output/Output_2025-08-09_2200-2250_Google earth_Fire_150m_10min/merlingen_7.5mi_point_08-09-2025_2230_150m_ang.asc
ncols	158
nrows	163
xllcorner	391686.332397
yllcorner	5160024.123721
cellsize	150.000000
NODATA_value	-32768.000000
[rows 84 to 125 of 163, columns 0 to 93 of 158]
246 242 242 244 242 240 237 235 236 235 235 237 239 241 243 244 244 245 245 245 245 243 240 237 233 231 232 232 232 232 232 231 231 233 236 239 239 238 236 232 229 227 226 225 226 226 226 226 227 226 224 223 222 223 225 227 228 228 227 227 227 226 226 225 225 225 224 224 223 222 222 221 220 219 218 217 214 211 207 200 189 188 196 205 215 217 218 218 217 218 219 219 220 219
247 247 247 248 246 244 240 239 240 240 239 239 238 239 241 242 243 244 246 247 248 247 244 241 237 233 234 234 233 233 231 230 229 229 232 234 236 238 238 236 233 230 229 230 232 233 235 236 237 235 232 229 228 226 226 227 228 228 228 227 227 226 226 225 225 225 224 224 223 223 222 221 220 219 218 217 215 212 207 200 189 185 191 204 216 218 217 218 218 218 219 220 221 221
251 251 250 251 250 247 241 239 240 242 240 238 238 239 240 241 241 244 247 250 251 251 251 250 242 232 231 233 234 234 232 231 229 227 227 228 228 231 234 236 235 232 230 230 231 233 235 237 239 238 236 234 232 230 228 229 229 229 229 228 227 227 226 225 225 225 224 224 223 223 222 221 221 220 219 217 215 212 208 201 189 181 185 201 216 219 219 219 218 218 219 220 219 216
255 255 254 253 248 242 237 235 237 240 239 237 238 238 239 240 239 241 245 248 249 248 249 250 235 221 224 228 231 232 232 232 232 230 229 227 225 226 227 229 231 231 230 230 231 233 235 237 238 238 237 236 234 233 232 232 232 232 230 229 228 227 226 225 225 225 224 224 223 223 222 222 221 220 219 218 216 214 210 204 191 177 177 194 214 219 221 221 222 223 223 221 216 211
257 256 252 246 239 233 231 231 234 238 238 237 237 234 234 234 234 238 241 243 241 238 237 231 214 207 218 226 229 230 230 232 233 234 235 234 231 228 228 228 228 228 227 228 229 231 233 235 235 235 234 234 234 233 233 233 234 235 234 232 229 227 226 225 225 225 224 224 224 223 223 222 221 221 220 219 217 216 213 208 198 182 175 194 216 222 223 224 224 226 224 219 215 214
255 252 245 240 236 231 230 231 232 234 237 236 232 230 231 230 230 234 238 239 235 229 227 219 205 203 216 225 228 229 230 231 232 233 234 237 238 236 235 234 233 230 228 228 229 230 232 233 234 233 231 229 228 228 227 228 231 235 238 236 229 226 225 225 225 225 224 224 224 223 223 222 222 221 220 220 219 217 215 211 205 195 188 206 231 237 236 233 229 229 227 221 221 226
252 247 241 239 239 236 232 230 226 228 234 233 227 227 228 227 227 230 235 239 234 225 219 213 204 204 215 224 227 229 231 231 232 232 232 235 236 236 235 235 236 234 233 231 231 232 232 233 234 233 232 229 226 224 223 225 228 232 235 233 225 223 224 224 225 225 225 224 224 224 223 223 222 222 221 221 220 219 217 215 212 208 204 216 236 246 247 243 238 238 234 226 229 233
246 241 233 230 230 229 226 221 219 225 231 229 221 220 220 219 221 224 231 238 231 218 215 211 204 206 217 224 228 230 231 233 233 233 233 234 233 233 233 233 233 233 234 234 234 234 234 235 236 235 234 232 230 225 221 222 224 225 226 224 218 219 222 224 225 225 225 225 225 224 224 223 223 222 222 221 221 220 219 218 217 215 213 216 228 237 242 243 243 243 238 234 241 244
240 233 223 220 219 216 209 203 205 215 224 223 217 216 217 218 218 217 222 226 222 209 213 212 208 211 220 226 229 231 233 234 235 235 234 234 233 232 233 233 232 232 233 235 236 236 237 238 240 241 240 238 234 228 220 218 222 223 225 223 218 217 221 224 225 225 225 225 225 225 224 224 224 223 223 222 222 221 221 221 220 220 220 223 231 237 242 247 249 247 245 248 255 256
234 228 219 216 216 212 206 199 198 208 216 212 205 203 204 208 207 206 217 224 219 206 209 212 211 216 223 228 230 233 235 237 239 238 236 234 234 233 233 232 230 230 232 234 236 237 239 239 241 242 243 243 236 229 224 224 230 232 232 229 224 220 221 224 225 226 226 226 225 225 225 225 224 224 223 223 223 223 222 222 223 223 225 229 237 246 251 256 257 253 250 252 255 255
226 223 218 218 219 217 212 203 197 206 214 210 203 200 200 206 209 212 223 228 219 209 209 213 215 221 226 229 231 233 237 240 242 240 236 234 235 235 234 232 228 226 229 231 231 233 235 236 238 238 238 238 230 226 228 232 240 241 237 234 230 225 224 225 226 226 226 226 226 226 225 225 225 224 224 224 224 224 224 224 224 225 226 230 235 243 250 255 254 250 247 246 246 246
215 217 218 221 224 222 217 209 202 211 221 220 216 216 216 225 227 234 236 230 220 220 220 223 224 227 229 230 231 232 235 238 239 237 235 236 236 236 235 233 229 224 226 227 226 225 226 228 230 230 231 230 223 223 228 232 236 238 236 234 232 227 226 227 227 227 227 227 227 226 226 226 225 225 225 225 225 225 225 225 225 226 227 229 232 236 241 244 244 243 241 240 240 240
196 211 219 221 224 222 219 215 215 230 243 240 236 235 241 248 248 251 245 226 226 232 235 239 237 234 232 231 231 230 233 235 236 237 236 237 238 238 237 235 232 227 226 227 225 223 222 222 224 226 229 229 226 224 228 233 235 237 237 236 233 230 228 229 228 228 228 227 227 227 227 226 226 226 226 226 226 226 226 226 226 227 228 229 231 233 235 236 237 237 237 236 236 236
174 202 220 223 227 227 225 223 225 235 247 248 249 245 249 253 257 256 244 227 229 237 245 251 246 236 231 231 232 235 240 241 241 240 239 240 242 242 240 237 234 230 228 230 230 228 227 228 230 233 233 232 230 227 229 233 235 237 237 237 236 233 232 231 230 229 228 228 228 228 227 227 227 227 227 226 226 226 226 226 227 227 228 229 230 231 232 233 233 234 234 234 233 233
153 192 228 234 239 237 233 231 232 236 244 254 262 263 264 264 263 256 243 234 232 237 244 247 234 223 227 232 237 242 246 247 245 243 241 242 245 247 245 241 237 233 229 232 235 237 238 240 240 239 236 234 232 230 230 232 233 235 235 236 236 236 236 235 233 231 230 229 229 229 228 228 228 228 228 227 227 227 227 227 227 228 228 229 229 230 230 231 231 231 232 231 231 231
138 194 245 249 253 252 251 249 246 245 249 253 259 267 269 267 262 255 245 237 233 235 239 237 223 219 228 236 241 245 248 249 249 247 245 244 245 247 248 245 241 236 231 230 233 236 238 239 238 236 234 233 231 230 230 231 232 233 233 232 232 233 236 237 237 235 233 231 230 230 229 229 229 229 229 228 228 228 228 228 228 228 228 229 229 229 230 230 230 230 230 230 230 230
164 208 246 252 255 256 258 259 256 252 252 252 255 262 267 263 260 257 247 236 237 242 242 235 227 228 234 239 243 247 250 253 255 255 252 249 247 246 247 247 244 239 234 229 231 234 235 236 235 233 232 231 229 229 228 228 229 231 232 229 228 228 231 233 235 236 235 233 231 231 230 230 230 230 230 230 229 229 229 229 229 229 229 229 229 229 229 229 229 229 229 229 229 229
197 220 244 250 252 254 256 257 256 254 253 251 249 249 251 252 249 247 239 238 247 250 244 236 234 237 241 244 246 249 253 256 259 262 263 261 256 252 250 249 245 241 237 232 231 234 235 235 234 232 231 230 229 229 229 228 227 228 229 228 228 228 229 230 232 232 233 233 232 233 233 233 232 232 231 231 231 231 230 230 230 229 229 229 229 229 229 229 229 229 229 229 229 228
217 229 243 248 250 252 254 254 253 252 251 249 244 238 234 235 237 235 230 237 246 244 240 239 239 242 246 249 250 252 255 258 261 264 268 270 267 262 258 254 249 245 241 235 231 231 232 231 230 230 230 229 228 228 229 228 226 227 227 226 226 225 227 229 231 231 230 231 232 235 237 238 236 234 234 233 233 232 232 231 231 230 230 230 229 229 229 229 229 229 228 228 228 228
227 233 241 245 247 249 251 251 251 251 250 249 244 239 237 237 238 236 235 242 243 237 238 242 242 243 247 251 253 255 257 258 260 263 266 271 275 273 267 262 257 252 247 240 233 230 230 229 228 229 229 230 229 227 226 226 226 226 226 226 224 223 224 227 229 230 229 228 228 231 237 241 240 239 238 237 236 235 234 233 232 232 231 230 230 229 229 229 229 229 228 228 228 228
232 234 239 243 246 249 251 251 252 253 254 253 252 254 257 257 253 248 249 251 243 237 238 241 240 241 245 248 251 256 258 259 260 262 264 269 275 279 276 270 264 259 254 247 239 233 233 231 228 228 229 229 229 228 227 226 225 225 226 227 226 224 224 226 228 228 227 225 224 226 232 237 242 245 246 246 244 241 238 236 235 233 232 231 230 230 229 229 229 229 228 228 228 228
235 236 239 242 246 249 251 251 252 254 257 259 262 266 267 267 264 260 257 252 245 241 240 239 238 238 241 245 248 253 258 261 262 261 261 266 272 277 277 273 268 262 258 253 244 234 230 229 226 226 226 226 226 227 228 227 226 225 226 227 227 226 226 228 228 228 226 223 221 224 228 231 235 239 244 247 249 247 245 244 241 237 234 232 231 231 230 230 229 229 229 229 228 228
237 237 238 240 243 246 248 249 249 251 253 255 257 259 262 264 262 259 253 247 244 245 242 236 234 236 238 241 245 251 255 259 259 256 258 264 271 274 275 274 270 263 259 256 247 235 227 225 224 224 225 224 223 224 225 226 226 226 226 227 226 226 226 227 228 228 227 224 220 223 227 228 230 230 232 237 241 242 244 247 247 242 236 234 232 231 230 230 230 230 229 229 229 229
236 236 235 238 241 242 244 243 241 241 241 242 242 245 251 255 256 254 250 244 242 245 243 234 231 233 234 235 240 249 254 256 253 248 255 265 271 270 270 273 271 263 257 252 244 231 218 218 221 223 226 226 224 224 224 224 224 225 226 226 227 227 226 226 226 226 226 224 221 221 225 228 229 229 230 233 235 234 234 238 243 244 240 236 234 232 231 231 231 231 230 230 229 229
235 234 233 236 237 236 234 232 231 233 237 239 239 241 244 248 249 248 244 242 243 246 244 235 229 230 232 230 235 246 251 252 246 241 254 266 267 262 262 266 266 261 257 249 237 226 208 205 213 218 223 226 226 225 224 224 223 224 224 224 225 227 227 226 227 226 225 225 221 219 223 227 229 230 231 231 232 232 232 235 238 240 241 239 236 234 233 232 232 232 231 231 230 230
235 234 233 233 231 230 230 230 232 236 240 241 239 239 242 245 245 237 233 237 243 248 246 237 228 227 229 227 234 245 247 245 240 239 255 264 261 256 257 257 253 256 261 253 236 223 204 190 201 212 217 221 222 224 224 224 223 224 223 221 222 225 226 225 227 228 227 225 223 219 221 226 229 229 230 230 231 232 233 235 237 238 238 239 238 236 235 234 234 233 233 233 232 232
234 233 233 234 234 236 238 239 240 240 241 241 239 238 242 246 243 227 223 232 242 250 249 239 230 226 226 225 232 242 245 241 237 239 252 260 256 254 254 245 235 241 255 255 238 221 201 177 184 202 211 216 219 221 223 222 223 224 225 222 221 224 225 224 225 228 229 227 224 220 219 224 228 228 229 231 232 233 233 235 237 239 239 238 239 240 239 238 237 236 236 236 235 235
233 233 235 238 240 241 242 242 242 240 240 242 242 239 242 245 240 218 216 227 237 248 251 239 231 229 226 222 226 234 240 241 236 237 248 254 253 251 247 233 225 231 238 241 232 217 194 169 167 187 203 210 216 220 222 220 221 224 226 224 222 224 225 223 223 225 227 227 225 221 219 223 228 229 229 231 232 233 234 236 237 239 239 237 236 238 241 242 242 242 242 242 241 239
236 238 239 240 241 240 239 238 239 237 235 239 241 239 241 245 238 211 210 220 229 239 246 238 229 234 233 229 226 229 234 238 237 239 249 252 250 247 238 229 226 230 234 235 224 206 189 165 152 166 188 201 210 218 221 220 219 222 225 224 221 222 224 224 222 222 224 224 224 223 222 225 229 229 230 231 231 230 231 233 236 239 238 237 234 234 238 243 245 248 249 248 244 241
239 239 240 240 241 241 239 237 234 232 230 235 238 236 238 244 238 205 199 210 219 231 239 238 230 238 240 240 235 229 230 233 238 246 256 257 251 244 234 228 225 226 232 236 225 200 186 172 152 149 166 187 202 214 219 219 218 219 223 223 221 220 222 224 222 221 222 222 221 220 220 223 226 227 228 230 231 230 229 230 233 237 238 238 236 233 235 238 241 244 247 246 241 239
237 237 238 239 238 238 238 236 233 230 230 234 235 231 234 243 238 198 185 201 212 224 232 235 233 234 235 236 238 234 228 231 238 248 258 260 252 243 233 223 217 218 225 230 221 196 183 178 169 155 152 166 189 207 216 218 217 218 221 223 221 218 220 223 221 220 220 221 220 219 218 221 225 226 226 229 231 231 229 229 232 235 233 232 233 229 230 233 232 236 240 238 235 236
233 234 234 235 235 234 233 234 233 232 235 236 230 225 231 242 240 200 178 196 210 218 222 226 229 230 228 227 231 231 223 226 235 246 253 253 246 237 229 218 209 212 218 222 217 200 186 183 180 168 155 154 170 196 212 218 218 217 220 222 221 218 219 222 221 218 219 220 221 220 219 221 226 229 228 228 230 231 230 229 232 234 231 228 228 223 223 227 229 234 237 234 231 231
230 232 233 233 233 233 231 229 231 234 239 237 226 220 229 242 242 207 178 190 207 211 212 218 223 227 225 224 233 229 213 217 227 239 248 247 237 224 218 212 206 210 216 219 218 207 194 185 182 176 164 155 159 182 206 217 218 217 218 221 220 218 219 222 221 218 218 220 220 220 219 219 222 226 229 230 231 231 231 231 235 237 233 227 226 222 219 223 228 234 235 232 227 225
228 231 234 234 235 234 229 226 228 232 238 236 221 215 228 241 244 215 177 178 195 203 206 210 216 219 219 221 228 228 216 215 221 230 234 230 220 210 208 207 205 208 213 216 218 210 194 184 180 180 174 163 159 171 196 213 218 217 218 221 220 217 218 220 220 217 217 218 219 219 218 217 218 222 226 229 230 231 231 231 235 238 234 227 224 222 219 222 228 232 231 228 224 223
230 231 234 235 235 233 228 226 229 231 236 234 220 214 227 238 243 229 178 164 180 199 206 210 212 214 211 211 218 221 219 216 216 225 227 221 212 201 200 202 204 207 210 214 216 209 195 186 183 182 181 170 163 166 186 207 216 218 217 220 220 217 216 218 218 215 214 216 218 218 217 216 216 218 222 225 226 228 230 229 232 235 233 226 224 223 221 223 227 229 227 224 221 224
230 230 232 236 236 232 229 230 234 234 235 236 223 216 226 235 242 240 202 154 156 197 212 217 218 216 211 210 215 216 215 211 214 226 229 226 218 206 202 204 204 205 207 209 208 206 199 192 187 186 185 176 167 165 178 202 215 218 217 219 220 217 216 218 216 215 214 215 217 219 218 216 215 216 219 222 224 225 228 231 234 236 233 227 225 224 222 223 226 226 224 221 219 224
229 229 230 235 238 235 235 238 241 237 235 239 229 215 222 232 241 243 230 185 133 187 226 230 230 228 226 224 223 222 221 219 224 233 235 233 225 217 213 212 211 208 208 207 207 206 202 195 190 188 187 181 172 167 175 197 214 218 217 219 219 217 218 222 224 227 226 220 219 221 219 217 215 215 217 219 221 224 227 232 235 236 233 228 226 225 223 223 224 225 224 221 218 222
226 226 226 227 228 229 233 238 244 240 235 242 237 213 215 227 238 243 238 225 201 358 299 265 253 244 237 235 239 241 239 238 239 238 239 236 232 230 223 219 218 216 216 216 216 213 209 204 197 194 191 185 176 170 174 192 211 217 217 219 221 220 224 230 234 242 247 241 230 225 221 219 218 217 216 216 218 221 224 228 231 233 232 227 226 224 221 222 223 225 223 219 216 219
220 222 221 219 218 218 222 228 236 238 235 245 244 215 211 223 235 241 241 237 242 289 320 309 287 271 257 252 254 253 247 246 244 241 243 240 236 234 227 221 222 224 226 225 224 223 220 213 205 200 196 190 180 173 175 188 207 216 218 222 225 227 231 233 231 235 240 244 243 234 227 223 221 219 216 214 215 217 220 223 226 229 228 224 222 221 218 218 221 223 221 215 214 220
218 222 223 218 216 218 219 223 229 231 234 248 251 223 216 228 235 238 239 243 248 260 289 309 306 297 287 276 270 261 249 248 247 244 245 242 236 235 230 221 219 224 227 227 225 224 222 214 205 201 198 193 183 176 177 187 208 221 226 228 229 230 231 229 226 228 230 232 237 240 236 231 226 222 218 214 213 214 216 218 220 223 224 221 220 220 217 216 220 222 219 213 213 222
220 223 225 220 218 221 221 222 227 227 230 245 252 234 228 238 238 235 234 240 250 257 262 275 286 295 297 289 279 263 245 248 249 246 247 244 238 237 234 224 217 220 225 229 227 223 219 212 202 199 199 196 188 179 180 191 209 225 232 231 228 226 225 223 223 227 228 229 231 234 241 246 242 234 226 219 213 213 214 214 215 220 222 221 220 220 216 216 222 224 219 211 211 220
215 220 222 217 215 219 221 221 225 223 227 238 246 241 243 249 244 234 229 231 240 251 255 253 256 261 267 268 266 247 235 246 250 248 247 246 241 238 236 228 220 218 222 230 230 226 220 211 201 199 201 199 192 184 182 191 204 217 223 222 219 220 220 219 221 225 227 228 229 230 234 246 254 254 244 231 221 217 217 216 216 221 223 222 221 219 215 215 221 222 216 208 209 219
