windninja/windninja_output/Output_2025-08-09_2200-2250_Google earth_Fire_150m_10min/merlingen_7.5mi_point_08-09-2025_2240_150m_ang.asc
ncols	158
nrows	163
xllcorner	391686.332397
yllcorner	5160024.123721
cellsize	150.000000
NODATA_value	-32768.000000
[rows 42 to 83 of 163, columns 0 to 93 of 158]
39 40 41 43 47 52 56 59 63 67 71 75 80 85 89 94 99 104 109 116 123 130 136 143 149 156 162 166 169 172 176 179 181 184 186 188 191 192 191 192 194 197 199 199 196 195 197 201 202 202 207 207 201 199 205 212 212 213 218 223 222 216 215 216 216 216 215 215 213 211 212 214 212 204 203 206 199 192 195 205 212 212 215 218 217 215 213 213 214 215 217 222 228 231
43 43 44 45 48 52 56 60 65 68 73 78 82 87 92 97 102 108 114 120 127 134 140 146 153 159 165 169 172 174 178 181 183 183 183 183 185 186 187 189 194 199 200 198 197 199 203 207 207 207 209 209 205 203 208 213 215 217 220 223 222 218 216 215 215 214 209 208 209 207 206 208 207 201 202 203 199 195 198 205 210 212 214 216 216 214 215 217 219 219 220 221 227 232
47 46 46 48 50 53 57 61 66 70 75 80 85 90 96 101 106 112 118 125 132 138 144 150 156 162 167 171 175 178 180 183 184 183 182 180 180 182 186 191 195 199 199 199 201 204 208 208 207 205 205 207 205 205 209 214 216 217 219 220 219 218 216 214 213 212 210 208 206 204 204 207 207 205 205 205 201 198 202 208 211 211 212 216 218 217 218 221 223 224 223 223 231 235
50 49 49 50 52 54 58 62 66 71 76 82 88 93 99 105 111 117 123 130 137 143 149 154 160 165 170 174 178 180 182 184 184 184 183 180 180 183 187 191 194 197 200 202 202 205 207 206 203 202 205 209 210 210 214 217 218 218 217 216 215 215 212 209 210 211 212 211 207 206 209 212 213 213 212 210 203 200 204 208 208 209 215 221 222 220 220 222 225 227 227 228 234 236
53 52 51 51 53 56 59 63 67 72 78 84 90 97 103 109 115 121 128 135 141 147 153 158 163 168 173 177 181 182 184 185 186 185 184 183 184 184 186 188 191 196 201 203 203 204 204 203 202 203 208 211 213 215 217 219 219 218 215 211 209 210 208 206 209 211 213 213 210 209 214 216 218 219 217 213 205 201 204 207 210 215 223 226 224 221 221 221 223 226 228 230 234 233
55 54 53 53 54 58 62 65 69 74 80 86 93 100 107 114 120 127 134 140 146 152 157 162 167 172 177 180 183 185 186 187 187 187 186 186 186 186 185 187 190 195 200 203 203 203 202 203 204 206 209 212 214 216 216 216 216 215 212 207 204 207 209 209 213 215 215 215 212 211 214 217 220 220 218 214 209 204 207 214 220 224 227 226 223 221 221 221 223 225 227 230 231 230
57 57 55 54 56 60 63 66 71 76 82 89 96 104 111 118 125 133 139 145 151 156 161 166 171 175 179 183 185 187 188 189 189 189 188 187 188 188 187 188 190 194 199 200 200 201 202 203 205 206 210 214 217 217 215 214 214 211 208 203 201 208 214 216 218 219 216 214 213 213 216 218 220 220 218 216 212 210 213 219 223 225 223 221 218 218 219 219 220 222 225 229 230 228
60 59 57 56 58 62 65 68 73 78 84 92 100 108 116 123 131 139 145 151 156 161 165 170 175 179 182 185 187 189 190 191 191 191 190 189 189 189 189 189 191 195 197 197 198 202 204 205 206 207 210 213 215 214 213 212 211 208 204 202 204 211 218 222 221 218 215 214 214 214 216 217 218 219 217 215 212 210 213 217 220 221 220 218 216 215 215 215 216 219 223 228 229 228
63 61 58 57 59 63 65 68 74 81 87 95 104 113 121 129 138 145 151 156 161 165 170 174 178 182 185 187 189 191 192 193 193 193 193 191 190 190 191 191 193 195 194 194 197 203 206 207 210 212 212 214 212 209 208 208 207 206 205 206 209 216 223 226 221 216 215 214 214 216 217 219 219 218 216 213 210 210 213 217 219 219 218 217 216 215 213 214 217 220 223 227 229 229
67 64 60 59 62 63 64 68 74 83 91 99 109 119 128 137 145 151 156 161 165 170 174 178 181 185 188 190 191 193 194 194 195 195 195 193 192 192 193 193 194 195 194 193 197 203 206 209 214 215 213 212 211 208 207 207 207 208 209 211 214 219 226 228 221 215 213 213 214 216 218 219 218 216 215 213 211 210 212 216 218 220 221 219 217 215 215 217 221 223 223 226 229 231
70 67 63 63 66 67 66 69 75 84 95 104 114 125 135 143 151 157 161 165 169 174 178 181 184 188 190 192 193 194 195 196 196 197 197 196 195 195 194 193 195 196 194 192 196 203 206 207 210 208 204 204 206 207 207 209 209 211 212 215 217 220 227 228 219 213 211 211 214 216 216 216 215 214 215 214 212 212 213 216 218 221 224 223 222 221 221 221 223 224 225 226 228 229
70 68 66 66 69 70 70 73 77 86 98 110 121 133 143 150 157 162 166 170 174 178 181 185 187 190 192 194 195 196 197 197 198 198 198 198 198 197 196 194 194 197 195 193 195 202 204 202 203 201 200 202 204 207 209 211 210 211 214 217 218 220 227 226 216 210 208 209 212 214 213 212 212 213 215 215 214 214 217 218 218 220 222 222 223 225 225 223 224 225 226 226 224 224
70 69 68 69 71 71 73 76 81 89 103 117 130 142 150 156 162 166 170 174 178 181 184 188 190 192 194 195 197 197 198 199 199 200 200 200 200 199 198 196 194 197 198 196 196 200 200 197 197 198 200 204 206 208 213 213 209 210 213 215 216 220 225 223 213 206 204 205 209 210 209 210 213 215 216 215 214 216 219 217 216 218 219 218 219 222 224 224 224 224 224 224 221 220
72 72 71 73 76 77 79 83 86 94 109 126 139 149 156 162 166 171 175 178 182 185 188 190 192 194 196 197 198 199 200 200 201 201 201 201 201 201 200 199 197 199 202 201 199 197 196 194 194 197 200 205 206 209 215 213 207 209 212 214 214 217 221 219 212 205 202 202 207 210 210 213 216 216 215 215 214 215 217 214 213 215 216 216 217 218 219 220 222 224 226 225 222 220
76 76 74 75 78 82 86 91 96 104 118 135 147 155 162 167 170 174 178 182 185 188 191 193 194 196 197 199 200 200 201 201 202 202 202 203 203 202 202 201 201 201 202 202 199 195 192 191 193 194 198 205 207 210 216 212 206 209 211 212 213 215 219 219 213 206 203 204 208 213 215 215 215 213 213 213 213 214 214 212 211 214 216 216 216 217 217 217 219 223 229 230 223 217
80 80 78 78 80 85 91 100 110 118 130 146 156 162 166 170 174 178 182 185 188 191 193 195 196 198 199 200 201 202 202 203 203 203 204 204 204 204 203 203 203 203 202 202 200 196 192 191 191 192 196 205 209 213 217 210 204 207 209 209 212 215 220 221 215 207 203 205 210 214 214 213 212 212 212 210 210 212 211 210 211 213 215 217 219 221 221 220 219 221 225 223 213 212
84 84 84 84 86 90 98 110 123 131 141 155 165 169 171 174 178 182 186 189 191 194 196 197 198 199 201 201 202 203 203 204 204 204 205 205 205 205 205 204 204 204 204 203 201 200 197 194 191 189 193 204 209 213 216 209 204 206 209 209 212 216 219 220 216 209 204 204 207 210 210 211 212 211 210 208 208 209 208 208 209 213 216 218 221 224 224 223 221 219 219 216 210 215
88 88 89 91 94 99 107 118 131 139 147 159 170 175 178 180 182 185 188 191 194 196 198 199 200 201 202 203 203 204 204 205 205 205 206 206 206 206 206 206 205 205 205 204 203 203 201 198 194 188 188 199 208 212 214 210 205 208 210 211 212 216 219 220 217 211 204 201 204 209 210 210 211 210 208 207 208 208 208 209 211 214 216 217 219 222 222 222 220 218 219 220 218 223
93 93 95 98 103 109 117 127 137 146 154 163 172 178 183 187 188 189 191 193 196 197 199 200 201 203 203 204 205 205 205 206 206 206 206 207 207 207 207 207 206 206 206 206 205 204 203 201 198 191 186 193 206 212 213 210 208 210 212 212 213 216 219 221 218 213 206 201 205 210 210 209 209 209 206 206 208 209 210 212 213 215 217 217 218 220 220 220 219 220 222 222 222 224
99 100 102 107 112 118 127 136 145 154 161 167 173 179 186 192 194 194 194 195 197 199 201 202 203 204 205 205 206 206 206 207 207 207 207 207 208 208 207 207 207 207 207 207 206 206 205 203 201 197 190 192 205 213 213 212 213 214 214 214 216 217 220 220 218 214 208 203 207 210 209 209 209 208 206 206 209 210 211 212 214 216 219 220 220 220 220 219 221 222 220 222 223 224
104 105 109 114 120 127 136 145 154 161 167 171 176 181 187 193 197 199 199 198 199 201 202 204 205 206 206 206 206 207 207 207 208 208 208 208 208 208 208 208 208 208 208 208 207 207 206 205 204 201 196 195 204 211 212 214 217 217 216 216 216 217 217 217 217 215 209 205 207 208 208 208 209 207 205 207 209 211 211 212 214 217 220 222 222 223 224 222 222 222 220 224 226 225
111 112 115 121 128 136 144 152 161 168 173 177 180 184 188 193 199 202 202 202 202 202 203 204 205 206 207 207 207 208 208 208 208 209 209 209 209 209 209 209 209 209 209 208 208 208 208 207 206 204 200 197 202 207 206 211 218 218 216 214 212 212 214 218 221 219 212 208 207 207 207 208 208 206 204 207 209 210 210 211 214 216 219 221 221 223 225 223 224 224 224 226 227 226
118 118 122 128 135 142 149 158 167 174 179 182 184 187 190 193 197 202 204 205 205 205 205 205 206 207 208 208 208 209 209 209 209 209 209 209 210 210 210 210 210 210 209 209 209 209 209 208 208 207 204 200 202 205 202 207 216 218 215 212 209 211 218 226 230 224 213 207 206 206 206 208 208 205 203 205 207 206 206 209 212 215 217 219 220 223 224 223 224 223 224 225 226 228
127 127 129 136 143 149 156 165 172 178 183 187 188 190 192 194 196 201 205 207 207 207 207 207 207 208 209 209 209 209 209 209 210 210 210 210 210 210 210 210 210 210 210 210 210 210 210 209 209 208 207 205 205 206 202 203 213 216 214 212 210 214 222 225 222 215 207 204 204 204 205 208 209 206 203 202 203 203 204 208 213 216 217 218 220 224 225 223 221 220 222 224 226 229
136 137 139 144 149 155 163 172 179 183 186 190 193 192 193 196 198 201 204 207 207 208 208 208 208 208 209 210 210 210 210 210 210 211 211 211 211 211 211 211 211 211 211 211 211 211 211 210 210 210 210 209 208 209 206 204 211 217 217 216 211 209 213 215 213 209 205 203 204 205 205 208 209 205 202 200 201 202 204 208 213 214 213 212 216 223 224 222 221 221 222 223 226 229
143 145 150 156 159 161 168 177 185 188 190 192 196 196 195 198 200 201 202 205 207 208 209 209 209 210 211 212 212 212 211 211 211 211 211 211 211 211 211 211 211 211 211 211 211 211 211 211 211 211 211 211 211 211 211 211 215 221 224 221 210 204 207 211 211 210 207 206 205 205 205 208 209 204 201 200 200 201 202 205 206 207 208 208 217 227 227 222 222 222 222 223 228 230
142 147 156 165 170 171 175 183 190 192 192 194 197 198 198 199 201 203 202 205 207 208 209 209 209 210 213 215 215 213 212 212 212 212 212 212 212 212 212 212 212 212 212 212 212 212 212 212 212 212 212 212 212 213 213 214 218 223 227 224 213 206 209 212 212 210 209 207 206 205 205 208 209 205 202 201 200 199 198 201 203 206 210 215 230 237 229 221 222 222 223 225 229 231
137 141 151 162 171 177 182 186 191 193 192 193 195 197 198 199 202 204 205 206 208 208 209 210 210 211 215 217 216 215 213 212 212 212 212 212 212 212 212 212 212 212 212 213 213 213 213 213 213 213 213 213 213 214 214 215 217 219 222 223 218 213 213 214 213 212 211 208 206 205 206 209 209 204 201 202 201 199 197 201 206 212 220 228 241 241 227 221 222 222 223 225 228 229
140 141 143 150 163 178 185 185 189 194 194 195 198 199 200 201 203 206 207 207 208 209 210 212 210 211 216 218 216 214 214 213 213 212 212 213 213 213 213 213 213 213 213 213 213 213 213 213 213 214 214 214 214 214 215 216 216 217 218 219 218 217 219 222 221 218 215 212 209 207 208 210 209 203 202 204 203 199 197 201 210 220 227 236 243 237 224 221 222 223 223 223 225 224
150 151 152 154 163 176 183 184 190 198 202 204 206 207 206 205 205 207 208 208 209 210 212 212 208 207 212 215 215 214 214 214 213 213 213 213 213 213 213 213 213 213 213 214 214 214 214 214 214 214 214 214 215 215 215 216 216 217 217 217 217 217 219 221 223 223 223 221 216 210 208 211 210 204 203 205 204 200 199 206 216 225 232 240 241 228 220 221 223 224 223 223 222 220
161 162 165 168 174 181 185 188 195 205 211 213 214 214 212 210 209 209 209 209 209 209 210 210 206 203 209 215 215 215 214 214 215 214 213 213 213 213 213 213 214 214 214 214 214 214 214 214 215 215 215 215 215 215 216 216 216 216 217 217 217 217 218 218 219 220 221 222 220 216 213 217 215 209 207 207 207 203 202 210 220 228 235 240 235 221 217 221 225 225 223 224 225 222
175 174 174 178 183 188 191 195 200 206 210 212 212 212 212 211 211 211 211 210 209 209 209 209 206 204 208 214 216 216 215 214 215 214 212 212 213 213 214 214 214 214 214 214 214 215 215 215 215 215 215 215 215 216 216 216 216 216 217 217 217 217 217 218 218 218 218 218 218 220 223 227 224 215 211 210 209 207 204 211 221 228 235 235 226 219 218 222 225 224 221 222 225 227
190 188 186 187 191 194 197 201 204 206 208 210 210 211 210 210 211 212 212 211 211 211 211 211 208 205 207 212 216 217 216 215 215 214 212 211 213 213 213 214 214 214 214 215 215 215 215 215 215 215 216 216 216 216 216 216 216 217 217 217 217 217 217 217 217 217 217 216 217 219 220 221 219 212 209 209 208 207 206 211 221 226 231 228 221 220 221 223 225 223 221 217 216 218
206 205 203 201 201 204 204 205 207 207 209 210 211 211 211 211 211 211 211 211 212 213 214 213 211 207 208 212 214 216 216 215 216 216 215 214 213 214 214 213 214 214 215 215 215 215 216 216 216 216 216 216 216 216 216 216 217 217 217 217 217 217 217 217 217 217 217 217 217 217 216 215 213 209 206 206 205 204 205 210 219 225 227 224 221 219 221 223 224 226 227 218 211 218
220 220 220 219 219 218 212 209 209 209 210 210 211 211 211 211 211 211 211 212 212 213 213 213 212 210 211 212 213 215 217 217 218 220 220 218 216 215 214 213 214 214 215 215 216 216 216 216 216 216 216 216 216 216 216 217 217 217 217 217 217 217 217 217 217 217 217 217 217 216 215 214 213 210 206 204 202 200 203 211 220 226 228 227 226 225 226 227 229 233 234 224 220 225
232 231 233 240 245 240 227 216 211 209 208 209 211 212 212 212 212 211 211 212 212 212 213 212 212 212 214 214 214 215 218 220 220 220 220 217 215 215 215 214 213 214 215 216 216 216 217 217 217 217 217 217 217 217 217 217 217 217 217 217 217 217 217 217 217 217 217 217 217 216 215 214 214 212 208 205 200 196 201 215 225 228 230 231 232 234 236 234 233 231 224 215 217 224
243 241 239 249 264 265 246 213 204 202 203 207 210 212 212 212 212 211 211 212 213 213 213 212 211 212 215 215 214 214 216 218 218 217 218 217 215 215 216 215 214 214 216 216 217 217 217 218 218 218 217 217 217 217 217 217 217 217 217 217 217 217 217 217 217 217 217 217 217 216 216 215 214 213 210 207 201 194 199 218 227 225 226 228 226 226 227 225 221 219 215 213 216 222
246 243 236 237 249 253 218 187 187 192 198 205 209 211 212 212 212 212 211 212 213 213 214 213 209 210 214 214 213 211 212 215 216 218 219 218 215 215 217 217 215 215 217 218 218 219 219 219 219 219 218 218 217 217 217 217 217 217 217 217 217 217 217 217 217 217 217 217 217 217 216 215 215 214 212 209 204 197 199 216 223 220 218 218 216 217 218 217 217 216 217 218 220 221
239 234 223 219 214 202 186 178 182 188 194 202 208 211 212 212 212 213 212 213 213 214 214 212 208 209 213 214 213 211 210 212 214 216 217 217 216 215 217 217 216 216 219 220 221 221 221 222 222 221 219 218 217 217 217 217 217 217 217 217 217 217 218 218 218 218 218 217 217 217 216 215 215 214 213 210 207 201 201 210 213 212 211 211 213 215 217 217 217 220 221 223 224 222
239 236 222 208 203 203 197 189 189 192 194 201 208 212 213 214 214 214 213 213 213 214 214 212 208 209 214 215 214 212 210 210 211 213 215 217 216 215 216 217 215 215 219 222 225 227 227 228 229 228 223 219 217 217 217 217 217 217 217 217 218 218 218 218 218 218 218 218 217 217 216 216 215 215 213 212 209 204 202 201 200 203 209 211 213 217 219 218 218 221 222 224 225 223
248 241 213 197 199 210 209 202 200 200 200 204 210 213 215 215 216 216 215 214 214 214 214 212 209 210 213 214 214 213 212 213 214 216 218 218 217 216 216 216 215 214 215 217 219 221 221 221 222 223 220 218 217 216 216 217 217 217 218 218 218 218 218 218 218 218 218 218 217 217 217 216 216 215 214 213 210 206 202 197 191 197 207 212 215 218 219 218 219 221 222 223 224 222
223 209 195 199 207 214 213 211 211 211 210 211 213 216 218 219 219 219 218 216 215 214 214 212 208 208 211 212 212 214 214 215 216 219 221 222 222 220 218 217 216 214 212 211 211 211 210 210 212 213 212 212 212 213 215 216 217 218 218 218 218 218 218 218 218 218 218 218 218 217 217 216 216 216 215 213 211 208 204 197 188 191 202 209 215 220 222 221 220 223 224 225 225 224
