windninja/windninja_output/Output_2025-08-09_2200-2250_Google earth_Fire_150m_10min/merlingen_7.5mi_point_08-09-2025_2220_150m_ang.asc
ncols	158
nrows	163
xllcorner	391686.332397
yllcorner	5160024.123721
cellsize	150.000000
NODATA_value	-32768.000000
[rows 0 to 41 of 163, columns 0 to 93 of 158]
247 246 246 243 243 244 244 239 238 238 237 231 223 222 227 236 246 250 252 258 258 242 231 232 238 243 242 237 235 236 236 236 238 237 236 241 245 247 248 246 241 240 241 243 245 247 251 252 245 239 236 234 234 235 235 235 235 235 237 237 235 233 232 231 228 226 228 231 235 237 236 234 233 231 231 232 233 235 237 236 235 232 233 236 238 237 233 232 233 231 230 231 229 228
246 247 247 245 245 245 243 242 243 242 238 230 222 222 229 236 243 245 249 253 251 241 233 234 238 240 239 237 238 238 237 238 238 238 239 241 242 243 243 242 240 240 240 241 243 243 245 245 244 241 239 238 238 238 237 236 235 235 236 237 235 234 233 232 230 229 230 233 236 237 235 234 233 232 232 232 232 235 236 235 233 232 234 236 237 236 233 232 234 233 233 233 232 231
245 246 246 246 247 245 242 243 246 244 237 226 220 224 231 237 240 241 244 246 243 239 237 237 238 238 237 238 239 239 240 240 240 240 241 241 239 239 239 238 239 239 239 240 240 239 238 238 238 239 240 239 239 239 238 236 236 235 236 235 234 234 233 233 232 232 233 236 237 236 234 233 233 233 234 232 231 234 235 233 230 232 235 234 235 235 231 230 232 233 235 235 233 232
241 244 244 244 245 243 240 241 242 239 232 221 219 226 234 240 241 241 242 242 240 239 237 236 238 236 234 234 234 235 237 239 241 242 241 240 240 239 239 238 237 237 238 239 238 237 237 235 234 234 234 234 234 235 236 236 236 237 236 235 234 233 233 233 233 233 234 237 238 236 233 233 235 235 235 234 233 235 235 232 227 230 233 232 235 235 228 226 227 228 230 232 231 229
240 242 242 242 243 241 241 244 242 237 229 221 220 228 238 243 244 243 242 241 241 241 239 236 237 236 233 231 229 230 232 234 237 239 239 239 239 239 239 238 236 235 236 237 236 236 235 234 234 233 232 232 234 235 235 236 237 237 237 236 236 234 233 234 234 233 234 237 239 236 234 235 236 236 235 236 238 238 236 232 229 231 234 232 235 236 230 226 225 224 224 227 226 224
244 245 244 242 242 242 244 246 244 238 231 225 223 232 242 245 245 244 243 243 243 245 245 240 240 239 235 232 230 229 230 232 234 234 234 235 236 237 236 236 235 235 237 237 236 236 236 235 235 234 232 233 234 236 237 237 237 237 237 236 236 234 233 234 234 234 234 237 238 235 233 236 237 235 233 234 237 239 237 233 232 235 236 235 235 236 234 232 231 227 224 224 222 219
247 248 248 246 244 244 245 246 242 237 233 229 227 236 245 247 245 242 241 242 243 246 246 245 245 243 240 237 235 232 232 234 234 232 232 233 234 234 235 234 235 236 238 239 239 238 238 237 236 234 232 233 234 235 237 238 238 238 237 236 234 232 231 232 233 233 234 237 237 233 231 233 235 232 230 232 234 235 232 230 233 236 236 236 236 238 238 238 239 237 233 231 227 224
246 247 250 251 250 248 247 245 242 239 237 233 231 238 245 247 245 242 241 240 242 244 244 245 247 245 243 242 238 235 237 238 237 236 236 236 236 236 236 236 237 238 239 240 240 240 239 238 237 234 234 235 234 234 237 239 238 238 237 235 233 230 229 230 231 233 235 237 236 233 231 233 233 230 230 232 235 234 229 229 236 238 234 234 234 235 236 237 238 240 242 242 239 236
246 247 249 251 253 252 250 246 243 242 241 239 235 239 245 246 244 243 242 241 242 243 242 241 242 242 242 242 240 239 242 243 240 239 241 241 240 239 239 240 240 241 241 241 241 241 240 240 238 235 235 237 235 235 238 239 238 237 237 235 234 233 231 231 231 233 235 236 234 232 233 236 236 233 232 233 236 234 229 232 239 240 236 232 230 230 230 231 229 227 228 231 234 233
247 247 249 249 250 250 249 247 246 244 244 243 241 243 246 246 245 244 243 242 242 242 241 239 237 237 239 240 239 241 244 244 241 242 243 243 242 241 241 241 242 242 242 242 243 242 241 241 239 236 237 238 237 238 241 241 240 239 239 238 238 238 237 236 237 238 237 236 232 232 235 238 238 235 234 235 237 235 230 232 237 238 236 233 233 231 230 229 225 221 221 223 226 225
247 248 249 249 248 248 248 247 246 245 245 245 245 246 249 249 247 246 245 244 243 241 241 238 235 234 232 236 239 241 245 244 243 245 246 244 242 241 242 242 242 242 242 242 243 244 243 243 242 241 243 243 241 243 246 246 245 245 245 243 244 245 244 245 248 246 243 239 234 234 237 238 237 235 234 235 238 238 233 232 233 234 234 234 237 236 235 236 231 224 225 229 228 225
248 248 249 249 248 248 248 247 247 246 246 246 246 247 251 252 251 249 248 248 247 244 242 239 236 233 230 235 241 244 246 246 247 248 248 245 244 243 243 243 242 243 242 241 242 243 243 244 245 247 252 253 252 254 255 254 252 251 250 250 252 254 255 259 261 258 253 245 238 238 239 238 236 233 231 232 233 234 233 232 232 232 231 230 232 232 233 238 233 224 230 236 234 229
248 249 249 249 248 248 249 248 247 247 247 247 246 247 252 256 255 252 250 250 250 248 245 242 238 235 234 238 243 246 247 247 248 248 247 246 246 246 245 244 243 244 241 240 241 241 240 242 247 252 257 259 260 262 264 264 260 255 252 253 257 260 265 272 274 271 265 257 249 245 242 239 237 233 229 227 228 229 229 227 229 231 230 231 231 228 231 236 230 221 230 238 236 232
249 249 249 249 249 249 248 248 248 248 248 248 246 246 251 257 260 259 255 252 251 249 247 245 241 238 237 239 242 244 247 249 250 248 246 247 247 247 247 245 245 245 244 245 247 246 242 240 244 250 254 257 258 261 265 269 267 260 251 250 255 258 262 268 273 274 273 274 273 261 248 243 241 236 231 230 233 234 232 229 231 234 233 235 234 231 234 237 232 227 234 241 240 239
249 249 250 250 250 249 249 248 248 248 248 248 247 245 248 254 259 261 260 256 253 250 248 245 242 240 238 240 241 243 246 249 250 248 247 247 246 246 246 247 249 248 249 253 254 252 249 245 241 242 247 250 250 252 256 260 262 257 247 246 249 252 254 254 255 260 266 272 281 285 266 252 246 240 236 237 241 241 239 240 241 240 239 240 238 236 239 239 236 235 244 250 249 249
250 250 250 250 250 250 249 249 249 249 249 249 248 247 248 252 254 254 256 256 253 249 246 244 242 242 240 240 241 242 245 246 245 245 247 249 249 249 249 250 251 250 249 251 251 248 248 250 245 242 242 241 240 241 242 243 245 244 240 244 248 249 249 244 242 247 253 257 265 281 288 269 256 246 241 242 243 243 244 247 247 245 245 245 243 243 244 244 242 241 246 252 252 252
250 250 250 250 250 249 249 249 249 249 249 249 250 250 253 254 253 250 250 251 250 248 245 243 243 242 241 240 240 241 244 245 243 244 248 251 253 253 250 249 248 246 246 246 244 243 243 244 245 246 243 238 237 238 238 237 238 237 235 241 246 248 247 241 240 244 247 250 253 257 272 280 270 260 250 245 242 243 246 247 245 243 246 247 248 250 249 249 251 249 245 246 246 246
250 250 250 250 250 250 250 249 250 250 250 250 251 252 256 258 256 252 249 248 248 247 246 246 245 244 242 242 243 244 245 244 242 242 245 247 249 248 246 245 244 244 245 245 243 243 243 240 241 245 246 242 239 239 238 238 238 236 234 239 244 246 243 239 240 243 246 247 248 248 252 262 267 268 262 251 245 246 249 248 246 247 248 247 248 251 251 249 252 255 250 245 243 243
250 250 250 250 250 250 250 250 250 250 249 250 251 253 256 258 257 254 251 250 248 248 248 248 248 246 245 245 246 247 246 242 239 239 241 244 245 246 245 245 245 245 246 245 244 244 245 244 242 244 245 246 243 240 239 238 238 237 236 239 243 244 241 239 241 243 245 245 244 246 246 245 249 255 259 259 257 256 255 253 253 254 252 248 244 243 243 244 248 252 252 247 245 243
251 251 251 250 250 250 250 250 250 250 250 250 251 252 254 256 256 254 252 250 249 248 248 248 247 246 245 245 245 245 243 239 239 241 244 246 247 247 245 245 244 243 243 242 243 244 245 245 244 245 246 246 246 243 240 238 237 238 238 240 243 244 243 242 244 246 246 244 243 244 242 237 239 242 243 247 253 256 257 255 255 255 252 247 242 241 240 241 245 249 247 243 244 245
251 251 251 250 250 250 250 250 250 250 250 250 251 251 252 253 253 252 251 249 248 247 247 246 246 245 245 244 243 242 240 237 237 241 243 244 245 244 241 241 240 240 241 241 243 245 245 244 244 245 246 245 246 245 244 241 239 238 239 240 241 243 245 245 245 246 245 243 244 242 237 234 237 241 240 234 234 239 244 248 250 250 248 246 243 242 241 241 245 248 245 237 240 244
251 251 251 251 251 251 250 250 250 250 250 251 251 251 251 251 250 250 249 248 247 247 246 245 245 244 244 243 242 241 238 235 236 240 241 240 241 240 238 238 238 239 240 242 244 246 246 244 243 244 245 244 245 245 246 245 243 241 239 238 238 242 245 244 245 246 244 244 244 239 234 233 236 242 241 231 226 230 235 240 243 244 245 245 242 241 239 240 245 246 241 231 233 241
252 251 251 251 251 251 250 250 250 250 250 250 250 250 250 250 249 249 248 247 246 246 245 244 243 243 242 241 241 240 237 234 237 241 242 243 243 241 239 239 239 239 240 242 244 245 245 243 242 243 244 244 244 244 245 245 245 243 239 238 238 242 245 245 246 245 243 242 240 235 232 232 237 241 240 229 221 227 231 234 236 237 240 243 241 240 237 239 243 243 237 225 228 238
252 251 251 251 251 251 251 250 250 250 250 250 249 249 249 249 249 248 248 247 246 245 244 243 242 242 241 241 242 242 240 239 241 243 244 245 245 244 242 241 240 240 240 241 244 245 242 242 242 243 244 245 244 244 244 244 244 243 239 237 239 242 246 249 249 245 242 240 237 234 233 234 239 242 237 227 221 229 233 233 233 233 235 238 239 241 240 241 243 243 236 223 228 239
252 252 252 252 251 251 251 250 251 251 250 250 249 249 248 248 248 248 247 246 245 245 243 242 241 240 238 240 244 246 245 244 246 245 245 244 244 245 245 244 242 241 240 242 244 242 240 241 242 244 245 245 244 244 243 242 243 242 239 238 241 244 249 251 250 246 243 240 237 237 237 240 244 243 235 226 227 236 238 235 233 232 231 232 235 240 243 245 247 245 234 221 229 238
252 252 252 252 252 251 251 251 251 251 250 250 250 249 248 248 248 248 247 246 245 244 243 241 239 236 235 238 244 247 247 248 249 247 244 242 241 244 247 246 244 242 242 244 245 240 239 241 242 243 244 245 247 247 245 242 240 238 239 242 245 250 252 248 242 239 237 234 234 237 242 247 248 242 231 223 231 242 243 237 234 231 228 228 231 234 234 238 245 245 232 218 226 235
253 252 252 252 252 251 251 251 251 251 250 250 250 250 249 248 248 247 246 246 245 244 242 240 237 233 230 236 242 244 245 249 253 252 247 241 239 243 246 246 244 244 245 246 243 237 237 240 241 241 240 243 246 247 247 241 234 235 239 243 251 257 255 247 238 234 230 228 230 236 244 249 247 239 226 218 228 240 244 241 238 234 229 228 230 230 226 228 238 241 232 218 223 231
253 252 252 252 252 251 251 252 251 250 250 250 249 249 249 249 248 247 246 245 244 243 242 239 235 230 228 235 239 239 241 247 252 254 253 247 242 244 247 246 244 245 246 244 240 234 233 236 239 240 237 238 241 244 245 235 226 232 238 244 252 257 255 247 240 235 228 226 230 238 246 248 243 235 223 215 226 237 241 242 243 238 234 233 234 231 226 226 234 237 232 222 223 230
253 253 252 252 252 252 252 252 251 250 250 250 249 249 249 249 248 247 246 245 244 243 241 239 234 228 228 233 234 233 236 242 246 248 251 249 245 245 246 244 241 243 242 241 238 232 232 234 237 237 233 235 238 240 240 227 218 229 239 247 253 252 246 240 237 234 227 226 235 243 247 243 236 230 221 218 228 239 241 242 246 243 240 241 241 238 232 232 236 235 232 228 228 232
253 253 253 252 252 252 252 252 251 250 250 249 249 249 249 248 248 247 246 246 245 243 241 238 235 230 230 233 231 228 230 235 239 243 246 242 238 242 244 241 237 237 235 235 234 230 231 232 235 233 227 230 234 236 234 222 216 231 243 251 255 250 241 236 235 234 228 228 241 249 249 242 234 229 222 221 230 239 242 245 248 247 246 246 245 242 239 239 238 235 232 232 233 238
254 254 253 252 252 253 253 252 251 250 250 250 249 249 249 248 248 247 246 246 245 243 241 239 235 233 234 234 231 229 232 236 238 241 242 234 231 239 243 239 236 234 231 232 230 228 231 234 236 232 227 229 232 234 232 222 222 237 248 253 254 248 241 237 238 237 231 233 246 253 253 245 238 231 223 221 226 233 239 244 246 245 247 248 244 241 239 239 238 235 233 234 237 245
254 254 253 252 253 253 252 251 251 250 250 250 249 249 249 248 248 247 247 246 245 243 241 239 237 236 235 234 231 232 238 241 242 244 243 231 230 241 243 239 236 235 233 235 233 231 235 240 240 238 237 237 236 237 234 224 227 240 251 255 251 241 235 236 241 242 235 237 248 253 251 244 240 234 223 221 223 228 236 241 241 236 241 247 247 246 244 243 241 240 239 238 239 246
254 254 253 253 254 253 252 251 251 250 250 249 249 249 249 248 247 247 247 247 246 244 242 240 239 238 236 232 227 228 236 241 242 245 245 235 234 245 245 240 238 237 236 238 237 237 241 244 242 242 244 244 242 241 236 227 229 239 248 253 250 238 228 232 240 244 239 238 246 249 245 239 237 231 222 220 220 226 234 239 238 232 237 244 248 250 250 247 245 244 244 242 242 246
254 254 253 254 255 253 252 251 251 251 250 250 250 249 249 248 247 247 247 247 246 245 243 242 241 239 236 231 225 228 236 240 240 243 244 239 237 245 243 239 239 237 236 239 239 242 246 245 243 245 246 246 246 244 239 234 235 240 243 246 245 234 221 227 237 242 242 244 247 246 240 235 234 228 221 219 219 223 230 234 232 230 235 241 243 242 244 244 241 240 241 242 245 247
254 253 253 254 255 253 252 251 251 251 251 250 250 249 249 248 247 248 247 246 246 246 245 244 243 239 236 232 230 236 244 244 242 243 243 238 233 240 239 236 237 237 238 241 243 247 248 246 246 248 247 247 248 247 245 244 245 246 245 244 242 234 219 224 235 239 242 247 251 249 241 235 233 228 224 222 222 226 230 231 229 227 231 237 239 237 238 239 237 236 237 239 243 247
254 254 254 254 254 252 251 251 251 251 251 250 250 250 249 248 248 248 247 247 247 246 246 246 245 242 238 235 235 244 251 249 246 246 243 236 229 234 238 237 237 238 240 242 245 248 247 246 247 247 246 246 246 245 246 247 248 249 249 248 246 239 225 224 233 237 240 245 253 254 245 239 236 232 229 227 226 233 239 237 232 228 230 235 239 238 236 236 234 233 234 237 241 246
255 255 255 255 253 252 251 251 251 251 251 250 250 249 249 249 249 248 247 247 247 247 246 246 245 244 241 237 238 248 254 252 250 248 245 237 230 230 236 238 239 240 242 243 245 246 244 245 246 245 245 244 243 243 244 244 244 245 247 248 248 243 232 226 231 236 239 244 249 249 244 243 242 238 233 228 226 232 240 244 240 234 232 235 239 242 237 234 232 232 234 237 241 245
255 255 256 255 253 252 251 251 251 251 251 250 250 250 249 249 249 248 248 248 248 247 247 246 246 244 242 237 241 251 253 252 252 250 246 239 231 231 236 239 240 242 243 243 245 245 243 243 243 243 245 244 241 242 244 243 240 240 241 244 245 242 236 229 231 238 243 247 246 239 237 241 243 238 230 227 226 224 232 240 240 235 233 233 237 241 234 230 233 234 235 237 241 246
256 256 255 254 253 252 252 252 252 252 251 250 250 250 250 249 249 249 248 248 248 247 247 247 246 245 243 241 248 253 253 252 251 249 245 238 229 232 238 239 239 241 242 242 243 242 241 239 236 238 242 241 237 239 242 241 236 235 235 237 237 236 232 228 229 240 249 251 244 234 233 236 237 231 224 228 227 214 224 234 233 230 231 233 238 239 231 225 230 233 234 237 246 250
256 256 256 254 253 253 252 252 252 252 251 250 250 250 250 250 249 249 249 248 248 248 247 247 247 246 246 248 253 255 255 254 252 249 244 234 226 231 236 238 240 242 243 242 240 240 240 237 234 236 240 238 233 232 235 233 227 227 229 230 229 228 228 229 229 238 249 251 242 235 236 238 236 228 222 229 226 204 214 227 226 225 231 237 242 242 235 226 226 230 231 238 249 251
256 256 255 254 253 253 252 253 253 252 251 251 250 250 250 250 249 249 249 249 249 248 248 247 248 248 249 252 255 256 257 256 254 250 242 232 229 232 234 236 238 240 242 240 238 238 238 235 232 234 239 239 231 228 231 229 223 223 228 230 228 226 229 232 232 236 246 247 240 238 240 240 238 228 223 231 223 198 206 222 223 222 228 236 242 243 238 227 225 228 229 238 247 249
256 256 255 254 254 253 253 253 253 252 251 251 251 251 250 250 249 249 249 249 249 248 248 248 248 248 250 251 253 256 257 255 253 249 239 232 234 237 238 236 235 236 236 235 236 235 232 229 227 230 237 238 232 230 233 233 229 228 233 235 232 229 230 233 233 236 242 242 238 237 235 235 235 225 224 231 219 197 203 218 224 222 226 232 236 237 232 224 225 228 231 238 242 245
