windninja/windninja_output/Output_2025-08-09_2200-2250_Google earth_Fire_150m_10min/merlingen_7.5mi_point_08-09-2025_2250_150m_ang.asc
ncols	158
nrows	163
xllcorner	391686.332397
yllcorner	5160024.123721
cellsize	150.000000
NODATA_value	-32768.000000
[rows 84 to 125 of 163, columns 0 to 93 of 158]
233 228 227 233 234 233 231 230 232 231 229 229 231 234 236 236 236 237 237 235 234 232 230 227 222 220 223 223 224 225 224 224 225 227 230 233 234 233 231 228 225 223 222 221 222 222 222 223 224 224 222 221 221 221 224 226 227 227 227 227 227 227 227 227 227 227 227 227 227 227 227 227 226 226 226 225 224 221 217 210 196 193 202 215 233 239 240 240 239 240 240 239 238 237
235 237 239 241 242 240 237 236 238 236 233 231 231 233 234 235 235 237 238 238 238 236 233 230 225 221 224 225 225 225 224 224 223 224 226 229 231 233 234 231 228 225 225 226 228 229 231 232 233 232 229 227 226 224 225 226 227 228 228 228 228 227 227 227 227 227 227 227 227 227 227 227 227 226 226 226 224 222 218 211 196 190 198 219 237 240 238 238 238 239 240 240 239 238
242 243 245 247 248 245 239 236 237 237 233 231 232 232 234 234 235 238 241 243 243 242 241 237 227 219 221 224 226 226 225 225 223 221 222 223 224 226 229 231 230 227 226 226 228 230 232 234 236 235 234 232 230 228 227 228 228 229 228 228 228 228 227 227 227 227 227 227 227 227 227 227 227 227 227 226 225 223 220 213 199 188 194 221 238 240 240 239 238 238 239 240 240 237
249 250 251 250 245 240 234 231 232 234 233 231 233 232 233 234 233 237 240 242 242 240 239 234 216 208 214 220 223 224 225 226 225 223 222 222 221 221 223 225 226 226 225 226 227 229 232 233 235 235 235 233 232 231 231 231 231 231 230 229 228 228 227 227 227 227 227 228 228 228 228 228 227 227 227 227 226 225 223 218 207 190 193 222 237 239 240 241 241 242 242 242 241 237
252 251 246 239 232 226 225 226 229 233 234 232 230 228 228 229 230 234 236 237 234 228 222 213 200 198 210 218 221 223 224 225 226 227 228 228 225 223 224 225 224 224 223 224 225 227 230 232 232 232 231 231 231 231 231 232 233 234 233 232 229 228 227 227 227 227 228 228 228 228 228 228 228 228 228 227 227 227 226 224 218 206 209 241 247 243 241 241 242 244 246 245 243 242
248 244 235 231 227 224 224 226 227 230 232 229 225 225 226 226 227 230 233 232 225 214 209 205 197 198 209 218 221 223 224 225 225 226 228 231 230 229 230 230 229 227 224 223 225 226 228 230 231 230 229 227 226 226 226 227 230 234 237 236 230 227 226 227 227 227 228 228 228 228 228 228 228 228 228 228 228 228 228 227 226 225 237 263 266 261 254 249 247 249 250 247 245 245
243 238 231 231 231 228 225 224 222 223 228 226 221 222 223 223 223 225 229 229 218 206 205 205 200 200 210 218 221 223 225 226 226 226 227 229 229 229 230 231 232 231 229 227 227 228 229 230 231 231 229 227 224 222 222 224 228 231 235 233 226 224 225 226 227 227 228 228 228 228 228 229 229 229 229 229 230 230 230 230 231 234 242 260 268 269 266 260 257 258 254 246 246 247
237 231 224 222 222 220 217 214 213 219 225 222 216 215 215 214 216 219 224 226 211 201 206 207 202 204 213 219 222 224 226 227 228 227 227 228 227 227 226 227 229 229 230 230 230 230 231 232 233 233 232 230 227 223 219 220 223 225 226 224 219 220 224 226 227 228 228 228 228 229 229 229 229 229 230 230 230 231 231 233 234 237 243 252 260 265 266 263 262 261 254 248 253 255
228 221 213 211 210 207 200 196 199 209 218 217 212 212 213 213 212 211 213 214 208 201 208 210 207 209 216 221 224 226 228 229 229 229 228 228 227 226 226 226 227 228 230 231 232 232 233 235 237 238 237 235 231 226 218 217 221 223 224 224 219 218 222 226 227 228 228 229 229 229 229 230 230 230 230 231 231 232 233 234 236 239 245 253 260 264 265 266 265 260 254 256 261 262
218 212 206 205 206 203 198 192 193 204 211 207 201 199 200 204 201 199 207 214 212 203 208 211 210 214 220 223 226 228 230 232 233 231 229 228 228 228 227 226 225 226 229 231 232 234 235 236 238 239 241 240 233 226 221 222 228 232 232 229 225 221 223 226 227 228 229 229 229 229 230 230 230 230 231 231 232 233 234 235 237 240 244 252 261 266 268 269 266 259 256 258 261 261
204 203 202 204 206 205 202 196 192 201 208 205 199 196 197 202 204 205 215 222 216 208 209 213 214 219 222 225 227 229 232 236 236 233 229 228 229 229 228 226 222 221 225 227 228 229 231 233 235 235 235 234 226 223 225 229 238 239 237 234 230 225 225 227 228 229 229 229 230 230 230 230 231 231 231 232 233 233 234 236 237 240 243 248 254 260 264 265 262 257 255 255 256 256
185 194 201 205 209 208 205 198 192 201 211 213 210 210 210 218 221 229 231 226 219 219 220 223 223 224 225 226 227 228 230 233 233 231 228 229 230 230 229 227 222 218 221 223 222 222 223 224 226 226 227 227 220 220 226 230 234 237 236 234 232 228 227 228 229 229 230 230 230 230 231 231 231 232 232 233 233 234 235 236 237 239 242 245 248 252 255 256 255 253 252 252 252 252
161 182 200 204 209 210 208 203 201 212 231 232 230 230 235 243 243 247 242 224 226 233 236 239 236 231 228 227 226 226 228 230 231 231 230 231 232 232 231 229 225 220 219 222 221 219 218 219 220 222 225 226 224 222 226 231 233 236 236 235 233 230 229 230 230 230 230 231 231 231 231 231 232 232 233 233 234 234 235 236 238 239 241 243 245 247 249 250 250 250 249 249 249 249
145 168 196 205 214 218 216 214 215 223 237 242 245 241 245 249 253 253 242 228 231 239 246 251 244 231 227 227 228 230 234 237 236 235 234 235 236 236 233 230 227 222 219 223 224 222 222 224 226 229 230 230 228 225 227 231 234 236 236 237 235 233 232 232 232 231 231 231 231 232 232 232 232 233 233 234 234 235 236 237 238 239 240 241 243 244 245 246 247 247 247 247 247 247
129 149 199 216 228 229 226 225 226 229 238 250 260 262 262 262 260 255 244 235 233 238 244 244 228 218 223 228 233 238 242 243 242 239 237 238 240 240 237 233 229 224 220 224 228 231 233 235 236 236 234 232 230 228 229 230 232 233 234 235 235 236 237 236 235 233 233 233 233 232 233 233 233 234 234 235 235 236 236 237 238 239 240 241 242 243 243 244 244 245 245 245 245 245
115 130 218 236 245 246 247 245 243 243 246 252 258 266 268 266 262 256 248 239 233 233 235 231 218 216 225 232 237 242 244 246 246 244 241 239 239 240 240 237 232 227 221 221 226 229 232 234 234 232 231 230 229 228 228 229 230 231 232 231 231 233 236 238 238 237 236 234 233 233 233 234 234 235 235 235 236 236 237 237 238 239 239 240 241 241 242 243 243 243 243 244 244 244
127 147 223 242 250 253 256 257 255 252 252 252 255 262 268 265 261 258 247 236 234 237 237 232 226 227 233 237 241 245 248 250 252 252 248 244 241 240 240 238 233 228 223 219 222 227 229 231 230 229 229 228 226 226 226 226 227 230 231 229 227 228 231 234 237 238 237 236 234 234 235 235 235 236 236 236 237 237 237 238 238 239 239 240 240 241 241 241 242 242 242 242 243 243
156 177 224 241 248 251 255 256 255 253 252 250 248 249 251 251 247 244 236 234 241 244 241 236 235 238 240 243 246 249 252 256 258 260 260 256 251 246 244 240 233 229 225 219 221 226 229 230 229 228 227 226 226 226 227 226 225 227 228 227 227 228 229 231 233 234 235 235 235 236 237 237 237 237 237 238 238 238 238 239 239 239 239 240 240 240 241 241 241 241 242 242 242 242
185 200 227 239 244 248 251 251 251 250 249 247 242 235 230 230 232 230 225 231 240 241 239 240 240 243 246 249 251 252 255 257 259 262 266 267 263 257 251 245 238 232 227 221 218 221 224 225 224 225 226 226 225 225 226 226 224 225 226 226 225 225 227 229 232 232 232 233 235 238 241 242 241 240 239 239 240 240 240 240 240 240 240 240 240 240 240 240 241 241 241 241 241 241
206 213 227 235 240 243 246 248 248 248 247 245 240 233 230 231 232 231 229 237 240 236 239 242 243 244 248 252 253 255 256 256 258 261 264 269 272 270 262 255 247 238 231 223 216 217 221 222 223 224 225 226 225 224 224 223 223 225 225 224 223 222 223 227 230 231 230 230 231 234 240 245 245 244 243 243 243 242 242 241 241 241 241 240 240 240 240 240 240 240 241 241 240 241
217 220 228 234 239 244 246 248 249 250 251 250 248 248 251 252 249 244 246 250 243 237 239 241 241 241 244 248 250 255 258 258 259 260 262 266 273 276 272 263 255 245 235 226 217 215 220 222 222 223 224 224 225 224 224 223 223 223 224 225 225 223 224 226 228 229 228 226 226 229 235 240 246 250 251 251 250 248 246 244 244 243 242 241 241 241 240 240 240 240 240 240 240 240
224 225 229 234 240 244 247 248 249 251 255 257 260 263 264 265 263 259 257 252 245 241 240 239 237 237 241 244 247 252 257 259 260 259 259 263 268 273 272 266 257 247 237 229 217 211 214 218 218 219 221 221 222 223 224 224 223 223 224 225 225 225 225 227 229 229 227 224 223 227 231 234 237 243 248 252 254 254 252 251 249 246 244 242 242 241 241 241 241 241 240 240 240 240
228 228 229 233 237 240 243 245 246 248 249 251 252 254 258 261 260 258 253 246 243 244 242 235 233 235 237 239 244 249 253 257 256 253 255 261 266 268 268 265 257 245 236 228 213 204 205 211 213 216 219 219 219 220 222 222 223 223 224 225 225 224 225 227 227 228 228 225 222 225 229 231 232 233 236 242 247 249 251 254 255 252 247 244 243 242 241 241 241 241 241 240 240 240
229 228 228 231 235 237 239 237 235 234 234 234 235 239 246 251 253 252 248 243 241 244 242 232 229 231 233 233 238 246 251 253 249 244 250 260 264 262 261 262 255 242 233 222 207 195 192 200 207 212 218 220 219 219 220 221 221 222 224 225 225 225 225 225 226 226 227 225 222 223 227 230 232 232 234 237 240 240 241 245 251 254 251 247 244 243 242 242 242 241 241 241 241 241
229 227 226 229 230 229 226 224 222 225 230 233 234 237 241 244 246 245 242 240 241 243 242 232 226 228 229 227 232 243 247 248 241 235 249 259 259 252 250 251 245 234 228 215 201 190 180 185 197 207 214 219 220 220 220 220 221 221 222 222 223 225 225 225 226 226 226 225 223 221 224 229 232 233 234 235 236 238 239 242 245 249 253 251 247 244 243 243 242 242 242 242 241 241
229 227 225 225 222 221 221 222 225 230 236 237 236 236 240 242 240 233 230 234 241 246 243 234 224 224 226 224 231 242 243 241 235 233 249 258 252 244 241 239 232 231 230 210 195 187 174 171 185 199 207 213 216 218 219 220 220 221 221 219 220 223 224 224 226 228 227 226 223 221 223 228 231 232 233 234 235 237 239 242 244 245 248 251 251 247 245 244 244 243 243 243 243 243
228 226 224 225 225 227 230 233 235 236 238 239 236 235 238 241 237 223 220 228 239 247 245 235 225 221 222 221 228 238 240 237 232 233 247 254 247 239 236 228 219 222 227 208 183 179 171 163 171 188 199 207 213 216 218 218 219 221 222 219 219 223 224 223 225 228 229 227 224 221 221 226 230 230 232 234 236 237 238 240 243 246 246 248 251 251 249 247 246 246 246 246 246 245
226 226 227 230 232 235 237 238 238 236 237 240 238 235 237 240 233 213 212 224 234 245 246 233 225 222 219 215 221 230 236 236 231 231 241 245 240 235 229 218 209 213 219 209 180 169 165 158 159 174 189 201 209 214 217 216 217 221 223 221 220 222 224 222 222 224 226 227 225 222 221 225 230 231 232 234 235 236 237 240 243 245 246 245 246 249 251 251 250 250 250 250 250 249
230 231 232 233 235 234 234 234 234 233 232 235 236 233 235 239 232 206 205 216 225 235 242 231 222 227 224 218 218 224 230 233 230 232 240 241 236 232 223 214 210 215 219 214 190 170 163 154 148 157 176 191 203 212 216 215 215 218 222 221 219 220 223 222 221 222 224 224 224 223 223 227 230 231 232 233 234 233 234 237 241 244 245 244 243 242 246 250 252 254 255 255 253 250
233 233 234 235 236 235 233 231 230 227 226 230 232 229 232 238 231 199 193 204 215 227 236 232 223 230 231 228 223 221 225 229 232 238 247 247 240 233 222 216 213 213 217 216 199 176 165 158 149 147 159 178 194 206 213 214 213 216 220 220 218 218 220 222 221 220 222 222 221 220 220 224 228 229 230 232 234 233 232 233 237 242 243 244 243 240 241 245 247 250 255 256 252 248
232 232 232 233 233 233 232 231 228 225 224 228 228 224 228 237 228 191 180 195 207 219 228 230 226 226 226 226 227 223 220 226 232 241 250 251 243 233 222 212 206 204 207 210 201 181 169 166 161 152 150 161 181 199 210 213 212 214 218 220 218 216 218 221 220 219 220 220 220 219 218 222 227 228 228 231 233 233 232 232 236 238 238 238 238 234 236 239 239 244 250 249 246 245
229 229 229 229 229 228 228 228 228 226 227 227 223 219 225 235 228 191 174 188 203 212 217 221 223 222 220 218 222 220 212 219 229 239 245 242 232 224 218 207 197 196 201 206 201 186 175 172 170 161 153 153 166 189 206 212 213 213 216 219 218 215 217 220 220 217 218 220 220 220 219 221 226 230 230 230 232 233 233 232 236 238 235 233 232 228 228 233 236 243 246 243 239 238
226 227 228 228 227 227 226 225 225 227 229 226 217 213 223 234 231 198 175 182 197 203 205 211 217 220 218 217 224 218 203 208 220 232 239 234 220 211 207 200 192 194 200 205 203 193 183 175 172 168 160 154 159 176 199 211 213 213 214 218 217 215 217 220 220 217 217 219 220 219 219 220 223 227 231 232 232 233 233 234 238 240 237 231 229 225 224 229 236 242 243 239 234 232
224 226 229 229 229 228 224 220 221 224 229 225 212 208 221 234 235 204 172 171 184 192 196 202 209 213 213 214 220 217 205 204 212 222 224 216 205 198 197 194 191 195 200 204 205 198 185 175 171 171 168 161 159 169 190 207 212 213 214 217 217 214 215 218 218 216 216 217 218 218 218 217 219 222 227 230 232 232 233 233 238 241 238 230 227 225 224 228 235 239 238 234 229 230
226 227 229 230 229 227 221 218 220 223 228 226 210 205 219 232 236 215 169 158 168 183 192 197 202 205 203 204 210 213 210 203 203 211 215 211 203 194 191 191 193 196 200 203 204 198 186 178 175 175 175 168 163 166 182 202 211 213 213 216 216 214 214 216 216 214 213 215 217 218 217 216 216 219 223 226 227 230 231 231 234 238 236 229 227 226 226 229 234 234 232 229 226 231
227 226 227 231 230 225 222 222 225 225 228 228 212 205 217 229 235 228 182 150 147 169 188 197 200 201 198 199 205 208 205 198 198 209 217 218 211 199 195 196 197 198 199 200 198 196 190 183 179 179 179 173 166 165 176 197 210 213 213 215 215 213 213 215 214 214 213 214 217 219 218 216 215 216 220 223 224 226 230 233 236 238 235 230 228 228 227 229 231 231 229 226 224 230
226 225 225 230 232 229 228 229 231 228 227 231 218 204 212 225 234 234 211 163 135 143 177 196 203 203 203 205 206 205 205 203 206 217 223 224 217 210 205 205 205 203 201 200 200 199 194 188 184 183 182 178 170 167 174 192 208 213 213 214 215 213 215 219 222 225 224 219 219 220 219 217 215 215 217 220 222 225 228 233 237 238 236 231 230 229 228 228 229 229 228 225 222 227
224 223 220 221 222 223 226 231 235 230 226 233 225 201 205 218 231 235 227 203 154 111 118 199 212 209 207 208 211 212 214 218 221 223 227 226 222 221 215 212 212 210 210 209 209 206 202 197 192 189 186 181 174 170 174 188 205 212 212 214 217 217 222 228 233 241 246 240 228 224 221 218 218 217 216 216 219 222 225 229 232 235 234 230 230 228 226 226 228 229 227 222 219 224
218 217 214 212 212 212 215 222 229 229 226 236 231 200 198 213 228 235 234 225 213 144 55 16 276 232 215 213 217 218 217 223 226 225 230 229 226 226 218 212 214 218 220 219 217 215 212 206 199 195 191 185 177 173 175 185 201 210 213 217 222 225 230 232 230 233 238 242 240 233 227 223 221 219 216 214 215 218 221 223 227 231 231 227 226 225 222 222 225 227 224 218 218 226
215 216 214 209 209 211 213 217 223 225 226 239 239 206 199 214 227 233 235 237 236 233 273 0 353 330 277 237 225 216 212 222 229 228 232 231 225 226 222 211 210 216 221 222 219 216 214 206 199 196 193 189 181 176 177 184 202 216 221 224 227 228 229 226 224 226 229 231 234 238 235 231 226 222 219 215 213 215 217 218 221 224 226 223 223 223 220 219 224 226 223 216 217 228
216 217 216 211 210 213 214 215 221 221 224 238 243 221 210 220 229 230 231 236 242 244 238 241 282 345 16 181 198 197 205 222 229 228 232 233 227 226 225 214 207 210 219 223 221 216 211 204 196 194 194 192 185 179 180 189 205 221 229 229 225 224 222 220 220 224 226 227 229 233 240 245 242 234 226 219 214 214 215 215 216 221 224 223 222 223 218 218 225 227 222 214 216 227
211 213 213 208 207 211 213 214 218 217 221 233 240 232 227 232 231 226 224 226 233 240 237 222 207 185 163 168 178 187 201 222 230 229 232 234 229 226 226 219 210 208 214 224 225 220 213 204 195 194 196 195 190 183 182 189 202 213 220 219 215 217 216 216 219 223 225 226 228 228 233 246 254 254 245 232 222 218 218 217 217 222 224 223 222 221 217 217 223 225 220 212 215 227
