windninja/windninja_output/Output_2025-08-09_2200-2250_Google earth_Fire_150m_10min/merlingen_7.5mi_point_08-09-2025_2220_150m_ang.asc
ncols	158
nrows	163
xllcorner	391686.332397
yllcorner	5160024.123721
cellsize	150.000000
NODATA_value	-32768.000000
[rows 42 to 83 of 163, columns 0 to 93 of 158]
255 255 254 254 254 254 254 254 253 252 252 251 251 251 250 250 249 249 249 249 249 249 248 249 249 249 249 251 252 255 255 252 250 245 238 233 234 238 239 237 235 235 233 234 234 231 229 229 230 234 241 241 234 231 236 238 235 234 237 240 237 233 233 232 232 235 237 236 233 229 226 228 228 221 224 228 212 197 202 215 223 225 229 233 235 231 225 223 227 231 234 237 239 242
255 255 254 254 254 255 254 254 253 252 252 252 252 251 251 250 250 250 250 250 249 249 249 249 249 249 249 250 252 254 253 251 248 244 240 236 237 239 238 237 238 237 238 239 236 231 231 234 237 241 245 242 234 230 234 237 236 235 237 240 241 240 240 236 234 235 233 231 227 219 217 221 221 217 220 220 207 198 203 216 223 226 231 236 235 228 224 226 230 233 235 236 240 244
254 254 254 255 255 255 254 254 253 253 252 252 252 251 251 251 250 250 250 250 249 249 249 249 249 249 249 250 251 251 252 251 248 245 243 242 246 246 243 240 240 241 243 242 236 231 234 238 241 243 242 238 230 227 231 234 235 235 237 240 241 243 243 242 242 240 235 231 223 216 216 219 219 218 219 216 206 201 207 219 226 229 233 236 233 227 226 230 233 236 237 239 246 249
254 254 255 255 255 255 254 254 253 253 253 252 252 251 251 251 250 250 250 250 249 249 249 249 249 249 249 250 250 250 250 250 249 247 246 249 252 251 247 244 243 244 246 241 233 231 236 241 243 243 239 235 231 229 231 234 235 237 239 241 241 241 241 243 245 243 238 232 224 221 224 225 226 225 223 218 208 203 211 220 225 231 237 237 232 228 229 231 234 237 239 243 250 249
254 254 255 255 254 255 255 254 254 253 253 252 252 251 251 251 251 250 250 250 249 249 248 249 249 249 249 249 249 250 250 250 249 248 248 250 252 253 250 247 247 248 246 239 231 234 240 244 244 240 237 234 231 231 234 235 237 240 243 242 239 239 240 241 242 241 238 233 226 226 231 231 231 230 225 219 209 205 213 222 229 235 239 238 234 231 231 233 234 236 239 246 249 246
254 254 255 254 253 255 256 256 254 254 253 252 252 252 251 251 251 251 250 250 249 249 249 249 249 249 249 249 249 249 250 250 250 250 250 251 252 253 253 251 251 249 245 237 232 239 245 246 243 237 234 232 230 232 233 234 238 241 244 243 239 240 242 243 243 242 237 233 228 227 231 232 233 231 226 220 213 211 219 229 236 240 240 237 234 232 233 233 234 236 239 243 245 241
254 254 254 252 252 255 257 257 256 255 254 253 252 252 252 252 251 251 250 250 249 249 249 249 249 249 249 249 249 249 249 249 250 250 251 251 253 254 254 254 254 252 246 238 237 243 247 245 239 233 230 230 233 235 234 236 240 243 243 240 237 242 244 245 246 244 238 233 230 229 232 233 233 230 226 222 218 218 225 233 237 238 238 235 231 231 231 231 233 235 238 240 240 238
254 254 252 250 252 255 257 258 257 255 254 253 253 252 252 252 251 251 251 250 250 249 249 249 249 249 249 248 248 249 249 249 249 249 250 251 252 253 254 254 254 253 248 243 243 247 247 242 236 230 226 230 234 235 235 238 243 245 242 236 235 240 244 246 246 243 238 233 231 231 231 232 231 228 225 222 219 220 224 230 234 235 234 232 230 229 229 229 232 233 235 237 237 236
255 254 251 249 252 255 255 256 257 256 255 253 253 252 252 251 251 251 250 250 250 250 249 249 249 249 248 248 248 248 249 249 249 249 250 251 252 253 253 252 252 252 250 247 249 251 246 240 235 231 229 234 236 234 234 239 244 244 239 235 236 240 245 249 247 241 237 233 232 232 232 232 230 227 225 222 220 220 224 229 232 233 232 231 230 230 229 230 232 233 233 235 236 236
256 254 251 250 253 254 253 253 256 257 255 253 253 252 252 251 251 251 250 250 250 249 249 249 249 249 248 248 248 248 248 248 248 249 249 251 253 254 253 252 251 253 252 250 252 251 244 237 234 234 235 239 240 238 239 244 246 241 235 234 236 240 248 251 247 239 235 231 231 232 232 232 229 227 226 225 222 221 224 229 231 233 235 234 232 232 232 234 235 235 233 234 235 236
256 255 252 253 255 255 252 252 253 255 254 254 253 252 252 252 251 251 250 250 250 250 249 249 249 249 248 248 248 248 248 248 248 248 249 250 251 253 253 252 252 254 254 252 251 249 242 233 231 232 232 235 237 239 245 249 246 239 234 234 236 241 249 251 245 236 231 229 229 231 231 229 227 226 227 227 225 225 227 230 230 232 235 237 238 238 237 237 237 236 234 234 234 234
254 253 253 254 256 255 252 251 252 253 254 254 253 252 252 252 251 251 251 251 250 250 250 249 249 248 248 248 248 248 248 248 248 248 249 249 250 251 252 253 253 254 253 252 250 246 238 230 231 231 231 233 235 239 246 249 242 235 233 235 237 243 250 250 242 232 227 225 227 229 227 225 224 225 227 228 227 228 233 234 231 232 234 235 237 241 241 239 237 236 235 234 231 231
251 251 253 256 255 253 251 250 250 251 253 255 254 253 253 252 251 251 251 250 250 250 250 249 249 248 248 248 248 248 248 248 248 248 248 249 249 250 251 253 255 255 253 251 250 246 238 232 234 234 232 235 239 242 248 246 237 231 232 235 238 244 249 248 237 227 221 219 223 224 223 222 224 227 228 228 227 229 234 234 231 232 232 230 231 235 238 239 237 234 234 233 231 230
250 250 252 256 258 256 253 251 249 250 252 254 255 255 253 252 252 251 251 250 250 250 250 249 249 249 248 248 248 248 248 248 248 248 248 248 249 249 250 252 255 256 254 252 251 249 243 239 238 235 232 237 240 244 248 243 231 229 232 236 238 243 246 244 234 224 218 216 221 223 222 223 227 229 229 228 227 230 233 231 230 231 231 229 228 229 229 231 233 234 236 236 234 235
251 251 251 251 255 257 257 254 251 250 250 252 255 256 255 253 253 252 251 251 250 250 249 249 249 249 248 248 248 248 248 248 248 248 248 248 248 248 249 250 252 254 253 252 251 251 248 245 241 235 233 240 241 245 248 240 228 229 234 237 241 243 244 241 233 223 218 218 222 225 224 225 227 227 227 226 226 230 231 229 228 230 231 229 228 228 226 225 227 232 239 243 242 240
252 251 250 248 249 252 255 256 255 253 250 248 251 254 256 255 253 252 252 251 251 250 249 249 249 248 248 248 248 248 248 248 247 247 247 248 248 248 248 249 250 250 251 251 251 252 253 251 247 238 236 242 244 248 248 237 226 229 235 239 242 243 243 240 232 223 218 218 222 224 224 226 226 226 226 224 225 228 228 226 226 228 230 230 231 231 230 227 226 229 236 242 241 241
251 251 250 249 248 249 251 253 257 256 252 246 246 250 255 257 255 253 252 251 251 250 250 250 249 248 248 248 248 248 248 247 247 247 247 247 247 247 248 248 248 249 249 250 251 252 254 256 255 247 242 245 247 249 247 236 227 233 239 241 242 242 241 239 232 223 217 215 217 221 224 225 226 226 225 223 225 227 225 223 223 225 228 230 232 233 233 232 230 232 238 241 239 243
250 250 249 250 250 250 250 252 256 258 255 249 246 248 251 255 257 255 253 252 251 250 250 250 249 248 248 248 248 248 248 247 247 247 247 247 247 247 247 247 248 248 248 249 250 251 252 254 256 256 251 250 251 250 245 236 231 239 244 243 242 241 240 237 232 225 217 211 213 221 225 225 226 226 224 223 226 226 224 223 223 225 227 227 228 230 231 232 234 239 245 245 243 244
249 249 249 249 250 251 252 253 255 256 255 252 249 247 247 249 253 256 255 253 252 251 250 249 249 248 248 248 248 248 248 247 247 247 247 247 247 247 247 247 247 247 247 248 248 249 249 251 253 257 260 259 255 251 245 237 236 244 246 244 243 241 240 238 233 227 218 210 216 225 226 226 227 226 223 223 226 225 224 224 225 227 228 227 227 229 231 234 239 247 248 245 242 238
249 249 249 249 249 250 252 253 254 254 254 253 252 249 246 245 248 252 255 255 253 252 251 249 249 249 249 249 248 248 248 247 247 247 247 247 247 246 246 246 247 247 247 247 247 248 248 249 251 255 261 264 261 255 246 241 244 248 248 246 244 243 241 239 234 228 219 212 220 227 226 226 228 226 224 225 226 224 223 224 225 227 229 230 230 231 234 239 245 249 245 240 236 231
250 250 250 250 250 250 251 252 253 253 254 254 255 253 248 245 245 247 251 254 255 253 252 250 249 249 249 249 248 248 248 247 247 247 247 246 246 246 246 246 246 246 246 246 247 247 248 249 250 252 256 262 263 258 249 245 249 251 249 247 245 243 241 238 234 229 219 215 223 226 226 227 228 226 224 225 225 224 223 224 225 227 229 232 233 237 243 248 249 247 240 237 234 230
251 251 252 252 252 252 252 252 252 252 253 254 255 254 251 248 245 245 246 249 252 253 252 250 249 249 249 249 248 248 248 247 247 247 247 246 246 246 246 246 246 246 246 246 246 247 247 248 249 250 253 258 261 257 249 247 250 251 249 246 242 240 238 237 237 233 224 222 225 226 226 227 229 226 223 223 223 223 222 222 224 226 228 232 234 239 248 252 251 244 236 234 232 229
252 252 253 253 254 255 254 254 253 252 252 254 255 254 253 251 248 244 243 245 248 250 252 252 250 249 249 249 248 248 248 247 247 247 246 246 246 246 246 246 245 245 246 246 246 246 247 247 248 249 252 256 259 258 252 248 250 249 248 246 241 237 237 241 244 240 231 228 227 225 225 227 229 225 221 221 221 220 217 219 222 224 228 231 235 244 249 249 246 237 232 231 229 230
250 250 251 252 253 254 254 254 254 254 254 255 255 254 253 253 251 247 243 243 244 246 249 251 251 251 250 249 248 248 248 247 247 247 246 246 246 246 246 245 245 245 245 245 245 246 246 246 247 248 250 254 258 259 257 255 252 248 246 245 239 234 236 241 240 235 230 227 226 225 226 228 229 225 220 219 219 217 214 218 223 226 230 233 239 247 248 243 236 229 228 228 228 230
244 244 246 249 252 253 252 251 251 253 254 254 253 254 254 253 252 250 247 244 242 241 244 247 249 251 250 249 248 248 248 247 247 247 246 246 246 246 245 245 245 245 245 245 245 245 246 246 247 247 249 251 255 258 260 263 260 253 247 243 235 228 233 236 234 231 228 225 226 227 227 229 229 224 219 217 217 215 214 218 223 227 229 231 238 244 243 236 229 226 225 226 227 229
233 236 239 242 247 251 249 246 248 251 254 253 251 251 253 253 252 251 250 247 243 240 240 242 245 248 250 251 251 250 249 248 247 247 247 246 246 246 245 245 245 245 245 245 245 245 245 245 246 247 248 249 251 254 258 264 267 262 254 246 235 229 235 237 234 231 228 226 227 228 228 230 230 224 219 217 215 213 212 216 220 224 228 231 239 244 240 231 228 226 224 224 227 229
220 230 234 234 238 240 237 236 243 249 251 250 248 248 248 249 251 252 252 250 247 243 241 240 240 241 245 250 253 252 251 249 248 247 247 246 246 246 245 245 245 245 245 244 245 245 245 245 245 246 247 248 249 251 254 258 262 264 260 253 244 241 245 244 239 233 229 227 227 227 228 231 231 226 220 218 216 212 211 216 222 227 233 236 247 249 239 228 226 224 224 225 228 230
225 237 243 239 239 238 230 228 237 242 241 238 238 238 238 240 245 249 251 250 249 247 246 243 239 236 241 248 251 253 253 251 250 248 247 246 246 246 245 245 245 244 244 244 244 244 244 245 245 245 246 247 247 249 250 252 255 257 258 255 252 253 255 252 246 239 234 231 228 226 227 231 232 225 220 220 218 214 213 220 228 235 238 243 255 252 235 226 225 223 223 224 227 229
242 251 262 262 257 250 240 236 242 244 239 234 233 233 233 234 237 242 246 248 249 249 249 248 241 235 240 245 247 249 251 252 252 250 248 247 246 246 245 245 245 244 244 244 244 244 244 244 244 245 245 246 246 247 248 249 250 251 252 252 252 255 259 259 256 252 246 240 235 230 228 232 231 223 219 221 220 217 216 224 233 238 242 250 256 249 231 225 224 223 222 223 225 226
247 253 264 269 268 264 259 259 261 256 248 244 243 241 238 237 237 239 240 242 245 248 249 248 241 236 239 241 242 244 246 249 251 251 249 248 247 246 245 245 244 244 244 244 244 244 244 244 244 244 245 245 245 246 246 247 247 248 248 248 249 251 253 256 258 260 259 255 248 240 235 236 232 223 220 222 222 219 219 227 236 241 247 256 254 239 226 223 223 224 223 224 224 223
250 254 261 265 266 265 266 269 270 264 256 255 255 252 249 246 244 243 241 239 240 243 245 245 240 237 241 241 240 240 242 244 247 250 250 249 248 246 245 245 244 244 244 244 244 244 244 244 244 244 244 244 244 245 245 245 246 246 246 246 247 247 248 250 251 254 257 258 257 255 252 248 239 229 225 226 226 223 221 228 238 245 253 257 248 228 220 222 225 226 224 226 227 226
253 256 262 264 265 266 266 268 269 264 258 256 255 254 253 251 250 249 247 243 241 241 242 242 239 238 242 243 241 240 240 240 243 246 248 249 248 247 246 245 244 244 244 244 244 243 243 243 243 244 244 244 244 244 244 244 244 245 245 245 245 245 246 246 247 248 249 251 253 258 262 261 251 239 233 233 232 228 223 229 239 249 256 252 238 224 220 222 226 226 224 225 229 233
256 259 264 267 268 268 268 268 266 263 260 258 255 254 253 252 251 251 250 248 247 245 243 242 240 239 241 243 242 242 240 240 241 242 243 245 246 246 246 245 244 244 244 243 243 243 243 243 243 243 243 243 243 243 243 244 244 244 244 244 244 244 244 244 244 245 245 246 248 251 254 256 253 245 239 237 233 228 224 230 242 251 253 243 229 222 222 224 227 226 225 223 223 232
257 260 266 271 273 273 273 270 267 265 263 260 258 256 254 253 252 251 250 249 249 248 247 245 243 241 242 243 243 242 241 240 241 242 242 243 244 245 246 245 244 244 243 243 243 243 243 243 243 243 243 243 243 243 243 243 243 243 243 243 243 243 243 243 243 243 243 244 245 246 246 246 246 246 243 240 233 227 224 233 247 251 246 235 225 221 222 225 228 230 233 227 226 238
257 260 266 272 278 279 279 276 272 268 265 263 260 258 257 255 253 252 250 249 248 248 247 246 244 242 244 246 245 242 241 241 242 243 244 244 245 246 246 245 244 244 243 243 243 243 243 243 243 243 243 243 243 243 243 242 242 242 242 242 242 242 242 242 242 242 242 243 243 243 242 242 243 244 244 243 236 226 226 240 250 248 241 232 227 226 228 230 232 238 243 242 244 246
259 260 263 270 279 285 285 282 278 274 269 265 261 260 258 256 255 253 251 250 249 248 247 246 243 241 245 249 248 246 243 242 242 242 243 244 244 245 246 245 244 243 243 243 243 243 243 243 243 243 243 243 243 242 242 242 242 242 242 241 241 241 241 241 241 241 241 241 241 241 241 240 241 241 242 243 239 230 232 246 250 243 237 234 233 237 240 238 238 241 241 240 243 244
261 260 257 265 279 288 290 289 285 281 274 267 263 260 258 257 255 254 252 250 249 248 248 246 241 239 244 248 249 246 243 241 240 241 241 241 241 243 244 245 244 243 243 243 243 243 243 244 244 244 243 243 243 242 242 242 241 241 241 241 241 241 241 241 241 240 240 240 240 240 240 240 240 240 240 240 238 233 239 249 247 236 231 232 230 232 234 234 235 236 236 236 239 239
259 255 249 254 269 284 292 293 289 286 276 267 262 260 258 256 255 254 252 250 249 249 249 246 240 239 243 245 245 244 242 242 240 240 241 241 239 239 242 245 245 244 244 244 244 244 244 245 245 245 244 244 243 242 242 241 241 241 241 241 240 240 240 240 240 240 240 240 240 239 239 239 239 239 238 238 236 235 241 247 241 230 225 225 224 224 227 232 236 237 237 237 238 236
251 247 243 247 256 267 280 283 282 280 272 264 260 259 257 256 255 254 252 251 250 250 249 246 241 241 244 244 243 242 242 243 241 239 239 239 238 237 239 241 242 243 245 246 246 246 246 247 247 248 247 245 244 242 242 241 241 241 240 240 240 240 240 240 239 239 239 239 239 239 238 238 238 238 237 236 236 235 238 240 231 223 222 221 221 224 232 238 240 240 239 239 238 235
248 249 251 254 262 263 254 246 255 257 256 256 256 257 257 256 255 254 253 252 251 250 249 246 242 243 246 245 243 241 242 243 241 239 238 237 236 236 237 238 237 238 242 246 248 250 250 250 252 254 252 248 245 243 242 241 241 240 240 240 240 240 239 239 239 239 239 239 239 238 238 238 237 237 236 236 235 233 232 228 219 217 220 221 223 230 241 243 240 239 238 238 237 234
259 260 261 266 268 258 243 235 236 238 240 247 253 254 255 255 254 254 254 253 253 251 250 247 243 244 247 246 244 243 243 244 245 245 242 239 237 236 237 237 234 233 235 238 241 243 244 244 246 249 250 249 246 243 241 241 240 240 240 240 240 239 239 239 239 239 239 238 238 238 238 237 237 236 236 235 234 232 229 222 210 210 218 223 228 240 244 243 240 238 237 236 235 232
259 258 258 261 258 249 242 237 235 236 239 245 251 253 254 254 254 255 255 255 255 253 251 248 244 244 246 245 243 243 243 244 245 246 247 245 243 240 239 237 235 233 232 232 232 233 233 234 236 237 237 239 241 241 240 240 240 240 240 240 240 239 239 239 239 238 238 238 238 238 237 237 237 236 236 235 234 232 228 221 206 204 213 221 235 246 247 243 241 240 238 237 235 233
