windninja/windninja_output/Output_2025-08-09_2200-2250_Google earth_Fire_150m_10min/merlingen_7.5mi_point_08-09-2025_2210_150m_ang.asc
ncols	158
nrows	163
xllcorner	391686.332397
yllcorner	5160024.123721
cellsize	150.000000
NODATA_value	-32768.000000
[rows 0 to 43 of 163, columns 0 to 95 of 158]
210 209 207 204 203 204 204 202 202 202 202 201 200 203 207 213 219 218 216 216 209 199 199 202 206 208 207 204 204 205 206 207 209 209 208 212 216 217 218 215 213 213 214 216 217 218 221 219 211 207 206 206 206 208 209 210 211 212 213 213 212 212 212 211 210 209 211 214 216 217 216 216 216 215 215 216 218 221 223 221 220 220 221 225 227 226 223 224 225 224 223 225 224 223 223 226
210 209 205 203 204 205 205 204 204 204 202 199 198 201 206 211 212 210 208 209 203 195 196 202 206 208 206 204 205 207 208 208 209 208 208 212 213 212 212 211 210 211 211 212 212 212 214 212 208 207 208 208 210 211 212 212 212 212 213 213 212 212 212 211 210 210 212 215 217 217 215 215 216 215 215 217 218 221 221 220 219 220 222 224 226 226 223 224 226 225 226 227 226 225 224 226
206 206 203 202 204 204 205 206 205 201 197 194 195 199 204 208 207 204 203 204 200 193 192 199 207 208 206 205 206 209 210 210 209 209 208 209 209 208 208 207 207 207 207 208 208 207 207 207 206 206 208 209 212 214 213 212 211 211 212 213 212 211 211 211 211 211 214 217 218 217 215 215 216 215 216 217 217 219 220 218 217 220 223 223 225 224 220 221 224 225 227 228 226 226 225 225
199 201 202 201 202 202 201 200 198 196 193 192 193 197 202 206 206 204 204 205 203 197 191 194 203 206 206 205 205 206 208 209 209 208 207 207 208 209 208 206 205 204 205 205 205 205 205 206 206 205 205 207 209 211 211 211 211 212 213 213 212 210 211 212 212 212 214 217 219 218 215 216 217 218 218 217 217 220 221 218 215 218 222 221 224 224 217 216 219 220 222 224 223 222 222 222
191 196 201 201 201 199 196 195 195 195 195 193 193 196 201 205 207 207 207 208 206 201 194 190 197 201 203 203 202 203 204 206 207 206 205 206 207 207 206 204 202 202 202 203 203 204 205 206 207 207 207 208 209 211 212 212 213 213 213 213 213 212 212 213 213 213 214 218 220 218 217 218 219 219 219 220 221 223 223 220 217 219 222 221 223 225 219 214 215 215 217 219 219 217 217 216
189 193 198 200 200 197 195 195 196 198 198 194 192 195 201 205 209 211 211 212 210 206 197 188 191 197 200 202 202 202 202 204 204 204 204 204 204 203 202 202 201 201 202 204 205 207 208 208 208 209 210 210 211 212 213 214 214 213 213 213 213 212 212 213 213 213 214 218 220 218 217 219 220 218 217 219 221 223 222 221 221 223 224 223 224 226 223 219 218 216 215 216 215 212 212 213
192 192 194 197 198 197 197 197 198 199 197 194 192 195 203 207 210 212 211 210 211 209 201 189 188 195 200 202 202 202 202 203 204 204 204 203 201 201 202 202 203 203 205 208 209 210 210 210 210 210 210 211 212 213 214 215 214 213 213 212 211 210 211 212 214 214 214 218 219 216 215 217 217 215 214 216 219 220 219 219 222 223 222 223 225 227 227 225 224 221 220 220 219 217 216 218
193 193 193 194 196 198 200 201 201 199 196 192 190 194 203 207 208 210 210 209 209 209 205 195 188 191 197 200 201 202 203 204 205 206 206 204 203 204 205 206 207 208 210 211 212 212 212 212 212 211 212 212 212 213 215 215 214 213 212 210 209 208 209 211 213 214 215 217 218 215 214 216 217 215 214 217 220 221 218 218 224 224 221 221 223 225 226 225 225 224 226 228 229 227 224 224
192 194 195 194 196 199 203 204 201 198 195 191 188 192 201 206 207 208 209 209 209 209 207 200 192 187 192 198 200 202 205 206 206 208 209 209 209 210 211 212 213 214 214 214 214 213 213 214 213 211 212 213 213 214 216 215 213 212 211 210 210 210 210 212 214 216 216 216 216 215 216 219 220 219 217 219 222 222 219 221 226 226 221 218 218 218 219 220 217 215 215 219 223 223 221 225
192 194 196 196 196 199 201 202 200 197 194 191 187 189 199 206 207 206 207 208 208 209 207 202 196 189 189 197 200 201 205 205 206 209 211 212 212 213 215 216 216 216 215 215 216 215 215 215 214 211 213 215 214 215 217 217 214 214 215 216 217 216 215 216 219 219 217 216 215 216 220 223 222 221 220 221 224 223 218 220 223 224 221 217 218 217 217 217 213 210 212 214 215 215 218 227
193 193 195 196 197 198 199 199 198 196 195 192 188 189 197 205 207 206 205 206 207 207 206 203 199 194 191 195 200 201 205 207 208 211 214 215 215 215 216 216 216 216 216 216 218 218 217 217 218 216 218 219 217 218 221 223 223 223 225 225 225 225 223 223 225 224 222 220 217 220 223 223 221 220 221 223 227 225 218 217 219 221 220 219 220 219 219 221 218 214 217 220 218 217 222 230
193 193 195 196 197 197 198 198 197 196 196 194 191 189 195 202 205 206 205 205 206 207 207 206 202 200 197 199 202 205 209 212 212 214 217 218 218 217 217 216 216 217 217 217 219 220 220 223 226 227 230 230 230 233 236 237 236 235 236 236 239 241 238 237 237 234 231 226 221 222 223 222 221 219 218 219 220 219 215 213 216 218 218 217 216 214 217 224 221 215 221 227 225 221 227 232
193 193 194 196 196 197 197 197 198 197 196 195 193 192 196 201 204 205 205 206 206 208 209 209 208 207 205 205 207 209 211 213 214 215 217 220 220 219 218 217 218 218 217 217 220 222 223 227 233 238 240 243 247 251 254 253 248 244 242 246 251 252 254 259 259 254 247 237 226 223 223 223 222 217 212 211 213 214 212 211 213 217 217 217 216 213 217 223 219 212 221 229 228 224 231 236
193 193 194 195 196 196 197 198 198 198 197 196 195 195 198 204 206 204 205 207 207 209 212 214 214 212 209 208 208 210 213 215 216 216 217 219 219 219 219 218 220 223 224 227 231 231 229 228 232 237 241 243 246 251 257 261 259 251 243 242 245 245 246 251 257 260 260 256 243 228 224 224 222 216 210 211 215 217 216 215 216 217 218 220 221 218 221 226 222 218 225 233 233 232 238 242
193 193 194 195 195 196 197 198 198 198 197 197 195 194 198 204 206 203 204 208 211 213 215 217 216 213 209 209 209 211 214 216 216 216 215 216 218 220 222 225 231 235 239 244 244 241 238 230 226 229 232 233 233 236 240 245 246 239 230 230 232 232 230 228 231 237 242 247 254 246 227 224 222 218 215 217 221 224 225 225 224 222 223 226 226 225 228 230 228 227 236 244 244 244 248 250
193 193 194 195 195 197 197 198 198 198 198 197 195 192 195 202 204 204 203 207 211 212 214 215 215 212 209 209 211 211 212 212 211 213 216 221 227 231 233 237 241 241 239 239 235 232 232 231 227 225 225 221 218 218 220 222 224 220 215 221 225 225 223 219 220 224 225 227 232 232 226 229 227 223 220 221 224 228 229 230 228 227 230 233 233 233 236 237 236 236 240 247 248 247 250 253
193 193 194 195 196 196 197 198 198 198 198 197 196 192 192 200 205 206 205 206 208 210 211 212 213 212 209 208 209 209 210 212 214 220 227 234 239 240 238 236 234 229 226 226 224 223 224 224 223 222 220 216 213 213 215 218 220 216 210 215 221 223 222 217 217 222 223 222 223 221 219 232 238 230 223 223 224 226 228 229 227 228 233 236 239 243 243 244 246 243 239 239 240 241 244 247
193 193 194 195 195 196 197 197 198 198 198 198 197 195 193 199 206 208 208 208 209 211 212 212 213 214 212 210 210 212 214 218 222 226 230 231 231 229 226 224 223 222 223 224 223 222 221 218 216 216 216 215 215 216 217 218 219 216 210 212 219 221 219 215 216 220 222 222 221 221 218 216 225 230 226 224 222 225 230 232 233 235 237 239 242 245 246 244 246 246 241 238 237 237 238 240
192 193 194 195 195 196 197 197 198 198 199 199 199 198 197 200 206 210 211 213 213 213 213 214 216 216 215 213 214 217 220 222 222 223 224 225 225 223 222 222 223 223 224 224 223 222 220 216 215 217 217 217 218 218 217 216 216 216 213 213 218 221 219 216 216 219 222 223 221 220 216 210 213 220 222 225 231 238 243 244 245 246 244 240 237 237 237 237 240 243 242 239 238 238 236 235
193 193 194 194 195 196 197 197 198 198 199 200 200 199 200 202 207 211 213 214 213 213 213 213 215 215 215 215 216 218 220 220 221 223 226 227 226 224 220 220 220 219 220 220 220 219 218 216 216 220 221 220 218 216 214 213 214 216 216 216 220 223 222 219 219 221 223 223 219 216 213 209 211 215 215 218 230 242 247 247 246 246 241 235 232 232 233 234 238 240 237 232 237 239 238 236
193 193 193 194 195 196 197 198 198 199 200 200 200 201 202 203 206 209 210 211 211 211 211 211 212 214 215 215 216 216 216 216 218 221 221 221 220 216 213 214 215 216 218 218 218 218 219 218 217 220 221 220 217 214 214 214 215 216 217 218 220 224 224 221 220 221 220 219 217 214 212 211 215 218 216 212 216 224 231 236 238 237 235 233 231 232 233 234 238 240 235 227 233 238 239 238
193 193 193 194 195 196 197 198 199 199 199 201 201 202 202 204 205 207 208 209 209 210 210 210 212 213 214 215 216 215 214 213 214 215 213 212 213 213 212 213 215 216 217 218 219 221 221 219 216 216 218 218 216 215 215 216 216 216 217 219 219 222 224 220 219 218 215 215 216 215 215 215 218 221 219 209 208 215 222 227 230 231 233 232 229 230 231 233 237 238 232 222 226 235 237 237
192 193 194 194 195 196 197 198 199 199 199 200 202 202 203 204 205 206 207 208 208 209 209 210 211 212 213 214 215 215 212 208 209 212 212 214 216 217 216 216 216 216 217 219 221 220 218 215 214 215 217 218 218 217 216 214 215 215 215 218 219 222 224 220 216 213 211 213 216 216 216 217 220 222 217 206 202 211 217 222 225 226 229 231 228 227 227 230 234 235 229 218 222 233 236 236
192 193 193 194 195 196 197 198 199 200 200 200 202 203 203 203 204 205 206 207 207 208 208 209 210 212 213 215 217 216 212 208 209 214 217 219 221 221 220 217 215 215 216 218 219 216 214 215 216 216 218 219 218 217 215 213 214 215 213 216 219 222 224 220 214 211 211 215 219 220 219 219 222 222 216 207 202 209 216 221 223 224 226 228 228 227 227 230 234 235 229 217 222 233 237 236
192 192 193 194 195 196 197 199 199 200 200 200 202 203 203 203 204 205 206 206 207 208 208 208 209 211 214 217 220 219 214 211 212 216 219 220 221 222 221 218 215 214 214 215 215 214 214 217 217 217 219 219 218 217 215 213 214 215 213 215 220 223 224 220 215 215 218 221 224 225 225 223 223 221 215 211 210 214 218 220 223 223 222 224 226 228 229 233 238 237 228 217 224 234 237 237
193 193 193 194 195 196 197 198 199 200 201 201 201 202 203 204 204 205 206 206 207 208 208 208 209 210 213 217 220 220 217 214 213 213 215 217 219 221 221 217 214 212 212 213 215 215 216 218 218 217 218 219 220 219 216 213 212 215 217 218 220 222 220 218 215 214 217 220 223 227 227 226 223 220 214 211 216 221 218 217 220 221 219 220 223 224 223 227 236 237 226 214 222 231 234 236
193 193 193 194 195 196 197 198 199 200 201 201 202 202 203 204 204 205 206 206 207 207 207 206 207 207 209 214 219 220 218 218 217 214 214 214 216 219 220 215 212 211 210 213 215 213 215 217 217 215 216 219 220 219 215 209 210 216 218 217 218 221 221 218 217 216 216 216 220 223 226 226 222 218 211 207 216 224 220 214 218 220 219 219 221 222 218 220 230 234 225 213 219 227 231 233
192 193 193 194 195 196 197 198 199 200 201 202 203 203 203 204 205 205 206 206 206 206 205 205 205 204 206 211 215 217 218 220 219 217 215 214 214 218 219 214 210 210 209 211 211 208 210 213 216 214 212 215 216 215 212 205 206 213 215 213 217 222 223 222 222 221 217 215 218 222 226 225 220 216 208 204 214 223 222 214 217 220 221 222 224 223 219 220 228 231 226 216 218 226 229 230
192 193 194 195 196 196 197 198 200 201 202 203 203 203 203 204 204 205 205 205 205 205 205 204 203 201 202 206 209 212 215 218 217 215 213 207 208 214 216 211 206 206 206 207 206 205 207 211 214 213 207 210 213 214 212 202 199 208 214 215 218 221 221 219 220 221 217 215 219 223 226 223 217 214 209 206 214 225 227 222 219 219 223 227 230 230 226 226 230 230 227 223 222 228 230 230
192 193 194 195 196 197 198 199 200 201 202 203 203 203 203 203 204 204 204 205 205 205 205 204 202 198 198 201 204 207 210 214 215 213 206 197 198 206 210 206 202 202 202 204 203 202 205 207 210 208 203 206 210 213 212 202 197 206 216 222 223 223 222 220 220 221 215 214 222 227 228 223 219 216 210 208 214 225 231 231 225 219 224 231 235 234 232 232 232 230 228 227 227 232 237 235
193 193 194 196 197 197 198 199 200 201 202 203 203 204 204 204 204 204 204 204 205 205 204 203 200 197 196 199 203 206 211 215 214 210 202 193 194 201 205 202 199 200 201 204 204 202 203 204 206 206 205 206 210 215 214 206 204 211 221 228 228 225 225 225 225 223 215 215 227 234 233 228 225 219 210 207 211 220 228 231 228 219 224 231 232 231 230 231 231 230 229 230 233 240 249 249
193 193 194 196 197 197 198 199 200 201 202 203 204 204 204 204 204 204 204 204 204 204 203 202 199 197 196 198 202 209 215 216 213 210 204 194 194 200 203 202 202 203 204 207 207 205 206 207 210 213 214 214 216 220 219 211 210 217 226 233 230 222 221 225 228 224 215 216 229 236 234 228 225 217 208 207 209 216 224 229 227 218 220 229 233 234 234 235 235 235 235 234 236 243 253 257
194 194 194 196 197 198 198 200 201 201 202 203 203 204 204 204 204 204 204 204 204 203 202 201 199 197 195 196 198 202 207 208 210 213 210 196 193 201 205 206 208 209 209 211 211 210 212 215 217 220 222 222 222 223 221 213 211 218 226 233 232 220 214 220 226 225 214 213 226 233 228 220 217 211 206 206 207 213 222 228 226 220 222 228 234 238 240 240 239 239 240 239 239 243 248 252
194 194 195 196 198 199 199 200 201 202 202 203 203 204 204 204 204 204 204 203 203 203 201 200 199 197 194 193 193 195 201 206 209 215 214 198 190 202 207 208 211 211 211 214 214 215 219 220 222 223 224 224 225 226 224 218 214 218 225 229 228 216 206 213 223 225 218 214 224 228 222 215 214 210 205 204 205 209 218 224 224 221 224 228 229 231 235 236 235 235 237 239 242 244 245 244
194 194 196 197 198 199 199 201 202 202 202 203 204 204 205 204 204 204 204 203 203 202 200 199 199 197 195 193 191 193 201 208 211 213 213 202 191 201 208 209 212 214 216 219 221 223 225 225 225 227 227 227 229 229 227 225 222 223 227 230 227 216 202 208 220 225 224 220 223 226 221 217 216 212 208 206 205 209 216 221 222 220 222 227 227 225 230 232 231 231 233 235 239 244 246 243
194 194 196 197 198 199 200 201 202 202 203 203 204 204 205 205 204 204 204 204 203 202 201 200 199 198 196 194 193 197 202 206 208 209 211 206 199 202 210 213 216 219 222 223 224 226 225 224 225 225 225 226 226 225 225 224 225 227 230 234 232 222 205 204 217 223 225 223 223 225 223 222 221 217 214 209 209 216 224 227 224 221 223 228 230 227 228 229 228 228 230 233 238 244 248 246
195 195 196 198 199 200 201 201 202 203 203 203 204 204 205 205 204 204 204 203 203 203 202 201 199 197 195 195 196 198 198 199 203 208 212 211 207 208 215 220 222 223 223 223 223 223 221 221 223 223 223 222 221 220 220 220 222 224 227 232 234 226 211 203 211 220 224 224 223 223 225 229 229 223 216 211 211 218 227 232 229 226 226 229 233 232 226 226 227 227 229 233 238 243 245 241
195 195 197 198 200 201 202 202 203 204 204 203 204 204 204 204 204 204 204 204 203 203 202 201 199 197 195 194 194 195 194 196 202 210 216 215 213 216 222 223 222 222 222 221 221 221 219 218 220 221 222 219 217 219 220 218 218 220 222 226 229 226 215 204 207 220 227 229 226 221 222 227 227 219 213 213 211 211 221 228 227 226 226 227 232 233 224 221 227 229 230 233 238 244 244 237
196 196 198 200 201 202 203 203 203 203 203 203 204 204 204 204 204 204 204 204 204 203 202 201 200 197 194 191 190 192 194 198 205 211 215 215 215 221 224 221 219 219 218 217 217 217 215 213 213 215 216 213 212 216 218 215 212 214 216 218 220 220 215 208 207 219 232 235 229 221 219 219 217 213 211 215 211 201 214 224 222 220 223 226 232 233 224 217 224 228 229 234 243 249 245 238
198 198 200 201 202 203 203 204 203 203 203 204 204 205 205 204 204 204 204 204 204 203 202 202 200 198 194 189 189 195 200 202 205 210 215 215 213 217 219 219 219 218 216 213 213 214 213 210 209 212 215 211 206 208 211 208 203 205 209 212 213 215 216 214 210 218 233 237 229 220 217 217 218 215 211 215 210 194 204 218 219 218 223 229 236 236 228 219 220 226 227 235 247 250 244 239
200 200 201 202 203 203 203 203 203 203 204 204 204 204 204 204 204 204 204 204 203 203 202 202 201 199 196 192 193 199 204 203 205 211 215 214 212 213 215 216 216 215 213 210 210 212 211 208 205 210 215 210 200 199 205 206 201 202 208 212 214 216 220 221 216 217 230 233 225 219 218 222 224 216 211 215 208 191 197 214 217 217 222 229 235 237 231 221 219 224 226 236 245 247 245 242
202 202 202 203 203 203 203 203 204 203 203 204 204 204 204 204 204 204 204 204 203 203 203 203 202 200 198 197 196 199 204 204 205 209 211 210 212 213 213 212 210 209 208 208 207 205 205 204 203 206 211 209 200 198 206 211 209 209 215 221 221 220 221 222 220 219 226 227 221 217 219 222 221 211 209 214 205 192 196 211 218 217 220 226 230 231 225 219 221 225 229 236 241 244 246 243
204 204 204 204 204 204 203 203 204 204 203 203 204 204 204 204 204 204 204 204 204 203 203 203 203 202 200 199 197 198 203 205 205 205 203 204 206 207 205 205 206 207 208 207 204 201 204 207 208 209 214 214 207 204 211 218 218 218 224 229 227 222 220 221 220 219 219 219 216 214 214 216 215 206 206 211 202 194 197 210 217 219 222 226 228 225 221 220 224 228 232 236 238 242 243 237
206 206 205 205 204 204 204 204 204 204 203 203 204 204 204 204 204 204 204 204 204 203 203 203 203 202 201 200 198 199 203 205 205 201 198 197 199 200 200 202 207 211 211 209 206 207 211 214 215 215 218 216 210 208 213 219 221 223 226 229 229 225 223 221 220 219 214 213 212 209 208 210 209 204 205 207 201 196 200 210 217 220 224 228 227 223 221 224 228 231 234 235 240 245 242 234
