windninja/windninja_output/Output_2025-08-09_2200-2250_Google earth_Fire_150m_10min/merlingen_7.5mi_point_08-09-2025_2250_150m_ang.asc
ncols	158
nrows	163
xllcorner	391686.332397
yllcorner	5160024.123721
cellsize	150.000000
NODATA_value	-32768.000000
[rows 0 to 41 of 163, columns 0 to 93 of 158]
232 233 235 234 235 239 240 237 238 239 239 235 229 228 233 243 253 257 259 265 265 249 237 238 244 249 249 243 241 241 241 242 244 243 241 245 250 252 252 250 245 244 244 246 248 250 254 254 245 238 235 233 232 233 233 234 234 235 236 236 234 232 232 230 228 226 227 230 234 236 234 233 232 230 230 230 232 234 236 235 233 231 232 235 238 236 232 232 233 231 230 230 229 228
232 234 235 236 238 240 240 240 243 244 241 235 227 228 234 241 248 251 254 258 257 247 239 239 242 245 245 243 243 243 243 243 243 242 242 245 246 246 246 244 243 242 241 242 243 243 244 245 243 240 238 237 237 237 236 235 234 234 235 235 234 233 232 231 229 227 229 232 234 235 233 232 231 230 230 231 231 233 234 233 232 231 233 235 236 235 232 232 233 232 232 233 232 230
232 234 235 236 240 240 239 241 245 244 239 230 225 228 234 240 242 243 246 248 245 244 243 241 241 241 240 242 243 243 243 244 243 242 243 242 240 239 239 238 239 239 238 239 238 237 236 235 235 237 238 237 237 237 236 234 234 233 233 233 232 231 231 230 229 229 231 233 234 233 231 230 231 231 231 230 229 231 233 230 228 230 233 232 233 233 229 228 230 232 234 234 232 231
229 233 234 235 238 237 236 238 238 237 232 225 225 230 236 241 242 241 242 242 242 241 240 239 240 238 236 236 236 237 239 240 242 242 241 240 239 239 238 237 235 234 235 236 235 233 233 232 230 230 231 231 231 232 232 232 233 233 233 232 231 229 229 230 229 229 231 233 235 233 230 230 231 232 232 230 230 232 232 229 225 228 231 229 232 233 225 224 225 226 227 230 229 226
229 232 234 234 236 236 236 238 238 235 230 225 224 230 239 243 243 243 242 241 241 242 240 236 237 235 232 230 229 230 231 233 235 237 237 237 237 237 236 234 232 231 231 232 231 231 231 230 229 229 229 229 230 231 232 232 233 233 233 232 231 230 229 230 229 229 230 233 235 232 230 231 233 232 231 232 234 235 233 229 226 228 231 229 232 233 227 222 222 221 221 224 223 221
233 235 236 235 236 236 238 241 240 236 233 229 227 233 241 244 244 243 243 243 243 244 243 238 238 237 233 231 229 228 228 229 230 230 231 232 232 232 231 230 229 229 231 231 231 231 231 230 230 230 228 229 230 232 232 233 233 232 232 231 230 229 229 229 229 229 229 232 233 230 229 232 233 230 228 230 232 234 233 230 229 231 233 231 231 233 230 227 226 222 220 220 218 215
237 238 239 238 238 238 239 241 239 236 234 232 229 236 244 245 243 241 240 241 242 244 244 242 242 240 237 235 232 229 228 229 230 228 227 228 228 228 228 228 228 230 232 233 233 233 232 231 231 229 228 229 229 230 232 233 232 232 231 230 228 226 225 227 228 228 229 232 232 228 226 228 229 227 225 227 229 230 228 227 230 231 231 231 232 234 234 232 233 229 226 225 222 219
237 239 241 242 243 242 242 241 240 238 237 234 231 236 243 244 242 241 239 238 239 241 240 240 241 239 237 237 233 231 232 233 232 230 230 229 229 229 229 230 231 232 233 234 234 234 233 232 231 229 229 230 229 228 231 232 231 231 230 228 226 223 222 224 225 227 228 230 230 227 225 227 227 225 224 226 229 230 225 225 232 232 229 229 230 231 231 231 232 232 234 234 233 230
238 239 241 243 245 246 246 243 241 240 239 236 233 236 241 243 241 241 239 238 239 239 238 236 235 233 235 236 234 233 236 236 233 233 234 234 233 233 233 234 234 235 235 235 235 234 233 233 232 228 229 230 229 229 232 232 230 229 228 227 226 225 224 224 225 227 228 228 227 226 227 230 230 228 226 228 231 229 225 227 234 235 229 225 224 224 225 225 223 220 221 224 227 226
239 240 242 243 244 245 245 244 242 241 240 239 237 239 242 242 241 240 238 237 238 237 236 234 231 229 230 233 232 233 237 235 233 235 236 236 235 235 235 236 236 236 236 235 236 235 234 234 232 229 230 232 229 231 233 233 231 230 230 230 231 231 229 229 230 230 229 227 225 225 229 232 232 230 228 229 232 230 225 227 231 232 229 225 225 224 223 222 218 214 215 217 219 217
241 242 243 243 243 243 243 243 242 241 241 241 240 241 244 244 243 241 240 238 237 236 235 232 229 225 223 228 231 232 236 236 235 238 238 237 235 235 235 235 235 235 235 235 236 237 235 235 234 233 235 235 233 235 237 238 237 237 238 237 237 238 236 236 239 237 234 231 226 228 231 232 230 228 228 230 233 232 226 225 226 227 227 226 228 227 226 227 223 218 220 222 221 218
242 242 243 243 243 243 243 243 242 242 242 241 241 241 244 246 244 242 241 241 240 238 235 232 229 226 224 228 233 235 238 239 239 240 240 238 237 236 236 235 234 235 235 233 235 236 236 238 239 241 245 245 245 247 249 248 246 245 245 245 248 249 249 251 251 248 243 237 230 231 232 231 229 226 225 225 227 226 224 222 224 225 224 223 223 222 224 230 225 218 224 230 227 222
243 243 244 244 243 244 244 244 243 242 242 242 241 242 246 249 248 245 243 242 242 240 238 235 233 230 229 232 236 238 238 239 239 239 239 239 239 238 237 235 235 235 233 232 234 234 234 237 243 248 251 254 256 258 261 260 256 251 248 250 255 257 261 267 269 264 257 248 238 234 232 231 229 225 220 219 219 221 220 218 220 223 223 223 222 219 223 228 223 215 224 232 230 225
244 244 245 244 244 244 244 244 244 243 243 243 241 240 245 251 253 251 247 244 243 242 241 239 236 233 231 232 234 236 238 240 240 239 237 238 238 238 237 236 237 237 237 239 241 241 237 235 239 245 249 252 254 257 262 266 264 256 248 247 250 253 255 261 267 268 268 266 260 245 236 233 231 225 219 220 223 225 223 221 222 224 224 226 226 223 226 230 226 220 228 236 235 234
245 245 245 245 245 245 245 244 244 244 244 243 241 239 241 247 251 252 250 248 245 243 242 240 237 234 232 232 233 234 237 240 240 238 236 237 236 237 238 239 242 243 245 250 250 247 244 238 235 236 240 243 243 245 249 253 255 249 239 238 242 243 243 242 244 250 255 261 270 270 247 237 233 228 224 226 230 232 231 232 232 230 230 232 231 230 232 234 231 230 238 246 246 246
246 246 246 246 246 246 246 245 245 244 244 243 242 240 240 243 245 245 247 247 245 242 240 238 236 235 232 231 232 232 234 235 233 233 236 239 241 242 243 245 247 246 245 246 244 240 241 241 237 234 234 232 229 230 232 233 235 233 228 233 237 238 237 232 231 236 240 243 250 261 265 251 241 234 230 230 232 234 236 238 236 234 236 238 237 237 239 240 238 237 242 249 249 249
247 247 247 247 247 246 246 246 246 245 245 244 243 242 243 245 244 242 241 242 242 239 237 236 235 234 231 230 230 230 232 233 232 235 240 245 248 247 245 243 241 238 236 236 234 233 234 234 235 235 232 227 225 226 227 228 229 227 223 229 234 237 235 229 229 234 236 237 238 239 248 261 256 244 235 232 232 233 236 237 235 235 239 241 243 246 246 246 248 245 240 241 241 242
248 248 248 247 247 247 247 246 246 245 245 245 244 244 246 249 247 244 241 240 239 238 237 237 236 235 232 231 231 232 234 234 234 236 238 240 241 239 236 235 234 233 234 235 233 233 232 229 228 230 231 228 227 227 228 228 229 226 222 226 232 234 231 227 228 232 234 235 235 234 235 239 247 249 243 236 232 234 238 239 239 240 242 242 244 247 248 246 248 249 243 239 238 238
249 249 248 248 248 248 247 247 246 246 245 245 245 245 246 248 248 246 244 242 240 239 239 239 238 237 235 234 235 236 236 234 232 232 233 235 235 235 233 234 234 234 235 234 233 233 232 229 228 230 231 231 230 229 228 227 227 226 224 226 230 232 230 227 228 231 234 234 233 233 231 226 230 237 240 241 243 246 249 248 249 250 247 243 239 239 239 239 243 245 244 240 239 238
250 250 250 249 249 248 248 248 247 246 245 245 245 245 245 246 247 246 244 242 240 239 238 237 237 236 235 234 234 234 233 231 231 233 235 237 237 235 232 232 231 230 230 230 230 231 231 229 229 232 233 232 231 229 226 225 225 226 227 228 231 233 232 230 231 233 235 233 231 230 227 222 224 228 228 231 240 249 251 250 250 249 245 239 235 235 235 236 240 243 239 234 238 239
251 251 250 250 249 249 249 248 248 247 246 245 245 244 244 244 244 243 242 240 238 237 236 234 234 234 233 232 232 231 229 227 228 230 232 232 232 229 226 226 226 227 228 229 229 230 231 230 229 232 232 232 231 229 228 227 226 226 228 229 230 233 234 232 232 233 232 231 230 228 224 222 226 229 227 221 223 230 237 241 243 242 240 237 234 235 235 236 240 242 237 228 233 238
252 252 251 251 250 250 249 249 248 247 246 246 245 244 243 242 241 241 239 238 236 235 234 233 233 232 231 231 231 229 226 223 224 226 225 224 226 225 223 224 225 226 227 228 230 232 232 230 228 229 230 230 229 229 229 229 229 228 227 228 228 232 234 232 231 232 229 229 230 227 224 224 227 231 229 218 215 221 227 232 235 236 237 237 233 233 233 235 239 240 234 222 226 235
253 252 252 252 251 251 250 249 248 247 246 245 244 243 242 241 240 239 237 236 234 234 233 231 231 230 229 229 229 227 224 220 221 224 225 226 227 227 226 225 225 225 226 229 231 232 229 228 226 227 229 230 229 230 229 228 229 228 226 227 228 231 234 231 230 228 226 227 228 225 224 224 228 231 228 215 209 217 222 227 229 230 233 235 232 231 229 232 236 236 230 218 221 232
254 254 253 253 252 251 250 250 249 248 247 245 243 242 241 240 239 238 236 234 233 232 230 229 229 228 228 228 229 228 224 220 223 226 228 230 231 230 228 226 225 225 226 228 230 228 226 226 227 227 230 230 230 230 228 227 228 228 224 225 228 232 235 234 231 227 225 227 228 227 225 226 230 231 225 215 209 216 222 225 227 227 229 231 231 231 230 232 236 236 229 217 222 233
255 255 254 254 253 252 251 250 249 248 247 245 244 242 240 239 238 236 235 233 232 230 229 227 227 227 226 228 231 231 227 224 226 228 228 229 230 230 230 227 225 224 224 225 227 226 225 227 228 228 230 230 229 229 228 226 227 227 224 225 229 233 236 235 232 230 230 230 230 231 230 231 233 231 224 217 217 222 225 225 226 226 225 226 229 231 232 235 239 238 228 216 223 233
256 256 256 255 254 253 252 251 250 248 247 245 243 242 240 238 237 235 234 232 230 229 228 226 225 223 223 226 230 232 229 228 227 225 225 226 226 229 230 227 225 223 223 226 227 225 225 228 227 228 229 231 232 231 229 226 224 225 226 228 231 235 235 232 227 226 226 227 228 231 234 236 235 230 221 216 222 229 227 223 224 223 221 222 225 226 225 229 237 238 225 213 220 229
258 257 257 256 255 254 252 251 250 248 247 245 243 241 239 238 236 234 232 231 229 228 226 224 222 219 218 223 228 229 229 230 230 228 225 223 223 227 229 226 223 223 223 226 226 222 223 226 226 226 226 229 232 232 229 223 220 224 227 228 233 239 237 231 227 225 222 222 224 229 234 237 234 228 217 212 221 230 229 222 224 223 221 221 223 223 219 221 231 234 224 211 217 225
259 259 258 257 256 255 253 252 251 248 246 245 243 241 239 237 235 233 231 229 228 226 224 221 219 215 215 220 225 225 226 230 231 230 228 224 223 227 229 225 222 223 223 223 222 217 218 222 225 225 222 224 227 228 226 217 214 221 225 226 233 239 239 234 230 227 222 220 223 229 235 236 230 224 214 208 219 229 229 223 225 225 223 224 225 224 220 221 228 231 225 214 215 223
261 261 260 259 257 256 255 253 251 249 247 244 242 240 238 236 234 231 229 228 226 224 222 219 216 212 211 215 218 219 222 226 227 227 225 221 220 225 227 222 218 220 219 219 217 214 215 219 223 222 217 220 223 225 224 211 206 217 225 229 234 236 232 229 228 227 221 220 226 232 235 232 226 221 214 210 219 231 232 230 227 225 226 229 232 230 227 226 230 230 227 221 218 223
263 263 262 260 259 258 256 254 251 249 247 244 241 239 237 234 232 230 228 227 225 223 221 218 215 210 209 211 212 213 216 221 222 223 219 210 210 218 222 217 214 214 213 215 214 212 214 216 219 217 212 215 220 222 221 210 204 216 228 235 238 236 231 227 227 227 221 220 230 237 237 231 225 221 215 213 220 230 235 236 233 227 229 234 237 235 232 232 232 229 227 226 224 227
266 265 264 262 260 259 257 254 252 249 246 244 241 239 236 234 231 229 227 225 224 221 220 217 213 209 208 210 210 212 217 220 221 220 214 204 205 213 218 214 211 211 210 213 212 210 212 214 216 215 213 215 219 222 221 212 211 221 233 239 240 236 232 231 231 229 222 223 235 243 242 235 230 224 215 213 216 225 232 236 234 227 229 235 235 232 231 231 230 229 228 229 231 237
268 268 266 264 263 261 258 255 252 249 246 243 240 238 235 232 230 228 226 224 223 220 218 216 212 209 208 208 209 214 220 222 220 221 216 203 204 213 216 214 213 213 213 216 215 213 215 219 221 222 222 222 224 227 224 215 216 227 237 243 240 230 227 230 234 232 223 225 237 244 241 235 231 224 214 212 214 220 229 234 232 224 226 233 235 235 235 235 234 234 234 233 235 241
270 270 269 267 265 263 259 256 252 249 245 242 239 236 234 231 229 227 225 223 222 219 216 215 212 209 207 205 204 208 213 216 218 223 221 206 205 215 218 217 218 217 217 220 218 218 222 225 225 227 229 229 228 229 226 217 217 226 235 242 240 227 219 225 232 233 224 223 235 239 235 228 226 219 212 211 212 217 226 232 230 224 227 233 237 240 241 240 238 238 239 238 238 241
273 273 272 271 268 264 260 256 252 249 245 241 238 235 232 230 227 225 224 222 220 218 215 214 212 208 206 202 199 201 208 214 217 222 223 209 203 215 218 218 219 218 218 221 221 223 227 228 228 230 231 231 232 232 228 223 222 226 232 236 235 223 212 219 229 232 228 226 233 235 229 223 222 217 211 209 209 214 222 227 227 224 227 231 232 232 236 236 234 234 235 237 240 242
277 278 277 276 272 267 261 257 252 248 244 241 237 234 231 228 226 224 222 220 219 218 215 213 211 208 205 202 198 201 210 215 217 221 221 212 202 212 217 217 219 220 222 225 226 230 231 230 231 232 233 233 234 234 233 231 230 231 233 235 233 222 208 214 226 231 232 231 235 236 229 224 223 218 214 211 211 214 220 224 224 222 225 230 230 227 230 232 230 229 231 233 237 241
283 284 285 283 278 271 262 256 251 247 243 239 236 233 230 227 225 223 221 220 219 217 215 213 211 209 206 203 201 205 211 214 216 218 219 215 207 211 218 219 221 224 226 227 228 231 231 230 231 231 231 232 232 231 231 232 233 234 237 239 237 228 212 211 223 229 231 232 236 238 232 229 227 223 220 216 215 221 228 229 226 223 224 230 232 228 228 229 227 225 227 230 234 240
290 291 292 290 284 275 264 255 249 246 242 238 234 231 229 226 224 222 221 219 218 217 215 214 212 209 206 204 204 208 209 210 213 217 221 218 213 213 220 224 225 226 227 226 228 229 227 227 229 229 229 229 228 227 227 228 229 231 234 238 239 233 219 211 219 226 230 232 234 234 233 235 235 229 222 217 216 222 231 235 231 227 227 230 234 233 226 225 225 224 226 229 234 239
298 300 300 298 290 279 265 253 246 243 240 236 232 230 227 225 223 221 220 219 218 216 215 214 211 208 206 203 203 207 206 207 213 219 223 220 216 218 223 225 225 225 225 225 227 227 225 225 226 227 229 226 224 226 227 226 225 227 229 232 235 232 223 214 216 227 234 237 234 229 228 233 233 227 219 218 216 214 224 231 230 227 227 228 233 234 224 220 225 226 226 230 234 239
308 311 311 307 296 281 265 251 243 240 238 234 231 228 226 224 222 221 219 218 217 216 215 214 212 209 206 201 201 206 207 209 214 218 221 219 216 221 225 223 222 223 223 223 224 224 222 220 219 222 224 221 219 223 226 223 219 221 223 225 227 226 222 215 215 227 238 241 235 226 224 226 225 220 216 220 216 205 217 227 225 222 224 226 233 233 223 215 221 225 225 230 239 244
319 323 321 315 301 280 261 247 240 237 236 232 229 227 225 223 221 220 219 218 217 216 215 214 212 210 206 202 203 209 212 212 213 217 219 216 213 217 221 221 222 223 222 220 219 220 220 217 215 219 222 219 214 215 218 215 210 212 216 218 218 219 221 220 217 225 239 242 234 226 225 225 225 219 215 220 215 196 207 220 220 219 224 230 236 236 227 217 217 222 223 231 243 246
335 341 334 321 300 274 255 243 237 235 233 230 228 226 224 222 221 220 219 218 217 216 215 214 213 211 208 206 207 212 215 214 214 217 218 214 212 214 217 219 220 220 220 217 217 219 218 215 212 216 222 219 209 207 213 213 208 208 214 218 218 219 223 225 222 224 236 238 231 227 227 229 229 220 216 221 212 192 199 215 218 217 222 229 235 236 230 218 216 220 222 231 241 244
349 352 340 321 294 266 249 240 234 233 231 229 227 225 223 221 220 219 218 218 217 216 215 215 214 212 211 210 209 212 215 215 214 215 213 211 212 215 216 216 214 214 214 214 214 213 212 210 209 212 219 218 209 207 214 218 215 214 221 225 224 222 223 225 224 225 231 232 227 225 225 227 227 216 214 220 209 193 198 213 218 217 220 225 229 229 224 217 218 221 223 231 238 241
