windninja/windninja_output/Output_2025-08-09_2200-2250_Google earth_Fire_150m_10min/merlingen_7.5mi_point_08-09-2025_2210_150m_ang.asc
ncols	158
nrows	163
xllcorner	391686.332397
yllcorner	5160024.123721
cellsize	150.000000
NODATA_value	-32768.000000
[rows 44 to 87 of 163, columns 0 to 95 of 158]
208 208 207 206 205 205 205 204 204 204 204 204 204 204 204 204 204 204 204 204 204 204 203 203 204 203 202 201 201 201 203 204 203 199 195 192 194 199 203 207 211 213 213 212 211 213 216 217 216 213 213 214 211 210 215 220 222 224 226 227 226 225 224 222 221 219 216 213 210 207 207 210 210 208 209 208 203 200 205 213 218 221 224 228 228 224 224 228 232 234 236 238 246 250 244 236
210 209 208 206 206 206 205 205 204 204 204 204 204 204 204 204 204 204 204 204 204 204 204 204 204 203 203 202 202 202 202 203 201 199 195 193 194 201 206 208 210 212 215 215 212 213 216 216 213 211 213 216 216 215 219 223 224 225 225 224 223 222 220 218 219 220 219 216 211 211 214 216 217 217 216 213 205 202 208 214 217 221 228 231 229 227 227 230 233 236 238 243 251 250 243 237
212 210 208 208 207 207 206 205 205 205 204 204 204 204 204 204 204 204 204 204 204 204 204 204 204 204 204 204 203 203 203 202 202 199 196 195 197 200 203 205 208 213 217 216 213 214 215 213 212 213 216 218 220 221 223 225 226 225 224 220 217 217 216 215 217 219 220 219 215 215 220 222 224 223 220 216 208 204 209 215 220 227 233 234 231 229 230 231 233 235 239 246 250 248 242 238
213 211 210 209 210 210 208 206 205 205 204 204 204 204 204 204 204 204 204 204 204 204 204 204 204 204 204 204 204 204 203 203 202 200 198 197 199 200 201 204 207 212 216 215 213 214 214 214 215 215 217 219 221 223 222 222 223 223 221 216 212 215 218 218 221 223 222 221 218 217 221 224 226 225 222 218 212 209 214 222 230 234 235 234 231 231 232 232 233 236 240 244 246 244 241 238
214 213 211 210 211 212 209 206 205 205 205 204 204 204 204 204 204 204 205 205 205 205 204 205 205 205 204 204 204 204 204 204 203 202 199 198 200 201 201 203 207 212 215 213 212 213 214 215 216 215 217 221 224 225 223 221 222 220 217 211 210 217 223 225 227 227 224 221 219 220 222 225 226 225 223 220 216 215 220 227 232 234 233 231 229 229 231 231 233 236 239 242 242 241 240 238
216 214 212 212 213 213 211 207 204 205 205 204 204 204 204 204 204 204 205 205 205 205 204 205 205 205 204 204 204 204 204 204 204 203 201 199 199 200 201 203 207 212 213 211 211 215 217 217 216 216 217 221 223 222 220 220 220 217 213 211 212 219 227 230 230 227 223 221 221 221 223 225 225 224 223 220 217 217 220 225 229 230 230 229 228 228 229 229 233 235 237 239 239 239 240 239
218 216 213 212 212 213 211 208 204 204 204 204 204 204 204 204 204 204 205 205 204 205 204 204 205 205 204 205 205 205 205 205 204 204 202 200 199 200 201 203 207 210 209 208 212 218 220 219 220 220 221 223 221 217 216 216 217 215 214 214 217 224 231 234 231 225 223 221 222 223 225 226 225 224 222 220 217 217 220 225 228 229 229 228 228 229 229 231 234 236 236 237 238 238 240 239
221 218 213 211 211 211 210 210 206 203 203 204 204 204 204 205 205 204 204 205 204 204 205 205 205 205 205 205 205 205 205 205 205 204 203 202 201 201 202 204 206 209 207 206 212 219 220 220 223 224 222 222 221 217 216 217 217 217 217 218 222 227 234 237 231 224 221 220 222 224 225 226 225 223 222 221 219 218 221 225 228 230 232 231 230 231 233 235 237 237 236 237 238 239 240 241
225 220 212 211 212 211 211 211 208 203 202 204 204 204 204 205 205 205 205 205 205 205 205 205 205 205 205 205 205 205 205 205 205 205 205 204 203 203 203 203 205 209 207 205 210 218 219 217 219 217 213 213 215 216 218 221 220 219 220 222 224 228 235 237 229 221 219 219 221 223 224 224 222 222 223 223 221 221 224 227 227 230 233 235 236 237 238 238 239 239 237 237 237 238 241 245
225 221 212 210 212 210 209 212 211 207 204 204 204 205 205 205 205 205 205 205 205 205 205 205 205 206 206 206 206 206 206 206 206 206 205 205 205 204 203 202 204 208 207 204 208 215 215 211 212 210 208 211 213 216 220 223 220 219 221 224 225 229 236 235 226 218 215 216 219 221 221 220 219 221 223 224 223 225 229 230 229 230 232 233 236 240 241 240 239 238 238 238 236 236 243 258
222 220 213 208 210 210 208 211 213 211 207 204 204 204 205 205 205 205 205 205 205 205 205 205 206 206 206 206 206 206 206 206 206 206 206 206 206 206 205 203 203 207 209 207 208 213 211 206 207 208 210 214 216 219 224 224 218 217 220 223 224 228 234 232 222 214 211 211 216 218 217 217 220 223 224 224 223 226 231 230 229 230 230 229 230 235 239 241 239 237 238 239 238 238 251 268
220 220 217 212 213 214 211 211 214 214 210 206 205 204 205 205 205 205 205 205 206 206 206 206 206 206 206 206 206 206 206 206 207 207 207 207 207 207 206 205 205 208 212 212 210 209 207 204 205 207 209 215 217 220 227 223 215 216 220 222 223 226 230 229 220 212 209 209 214 217 217 220 223 224 225 224 223 226 229 228 227 229 230 229 228 230 231 233 236 238 241 242 243 246 258 267
220 220 219 217 216 218 215 212 214 216 213 208 206 205 204 205 206 205 205 205 206 206 206 206 206 206 206 206 206 207 207 207 207 207 207 207 207 207 207 207 208 209 211 211 209 205 202 201 203 204 208 216 218 222 227 222 214 216 219 221 222 225 229 228 221 213 210 211 216 220 221 222 223 223 223 222 223 226 228 226 226 229 230 230 230 230 228 228 230 236 244 250 254 259 261 261
221 221 219 217 215 215 215 211 211 214 212 208 208 206 204 205 205 205 206 206 206 206 206 206 206 206 206 206 207 207 207 207 207 207 208 208 208 208 208 208 209 209 209 209 208 206 202 201 202 202 206 217 221 225 228 220 212 215 218 220 222 226 229 229 223 214 211 213 217 221 221 221 222 221 222 220 222 225 225 224 225 227 230 231 233 234 233 231 230 234 243 254 263 266 266 258
222 221 219 218 216 215 214 211 209 211 210 209 210 210 207 205 205 205 205 205 206 206 207 206 206 206 206 207 207 207 207 207 208 208 208 208 208 208 209 209 209 209 209 209 209 209 207 205 203 200 204 217 223 226 227 219 212 216 220 221 223 226 229 229 224 216 211 210 213 217 219 220 221 221 221 220 222 224 223 222 223 226 229 231 234 235 235 235 235 239 249 258 263 267 265 251
222 221 220 219 218 217 216 213 211 211 211 210 211 212 210 206 205 205 205 205 206 206 206 206 206 206 207 207 207 207 208 208 208 208 208 209 209 209 209 209 209 210 210 210 210 210 209 208 204 199 200 213 223 226 226 219 215 219 223 224 225 226 228 228 225 218 211 207 210 217 220 220 221 221 220 220 223 224 223 223 224 227 229 229 231 233 234 237 241 250 260 262 262 263 256 243
222 222 221 220 219 219 218 217 215 213 211 208 208 210 211 209 206 205 204 205 205 206 206 206 206 207 207 207 207 208 208 208 208 208 209 209 209 209 209 210 210 210 210 210 211 210 210 209 206 200 196 209 223 227 225 220 219 223 226 226 226 228 229 229 226 220 213 207 212 220 221 221 222 222 220 220 224 224 224 225 226 228 230 229 230 232 235 240 249 259 262 259 257 253 246 240
223 223 222 221 220 219 219 218 216 213 210 205 204 207 210 211 209 206 205 204 205 206 206 207 207 207 208 208 208 208 208 208 208 209 209 209 209 210 210 210 210 210 211 211 211 211 211 210 209 205 200 208 224 229 226 223 225 228 229 229 229 230 231 230 227 222 215 209 216 221 221 221 223 222 221 222 224 224 224 225 226 229 231 232 233 235 239 247 256 262 260 255 250 242 240 238
225 225 224 222 220 219 218 217 216 214 211 206 204 206 208 211 211 209 207 205 204 205 206 207 207 208 208 208 208 208 208 208 209 209 209 209 210 210 210 210 211 211 211 211 211 211 212 212 211 209 205 208 222 228 226 226 230 232 231 230 229 229 229 228 226 223 216 212 218 221 221 222 224 222 221 223 224 224 224 225 227 229 231 234 236 240 249 257 261 259 254 250 243 238 237 237
230 229 227 224 222 219 218 217 216 215 213 209 205 204 205 209 211 211 209 207 205 205 206 206 207 208 208 208 208 208 208 209 209 209 209 210 210 210 210 211 211 211 211 212 212 212 212 213 212 212 209 208 217 223 220 224 231 232 230 228 226 225 226 228 230 228 220 218 219 220 220 223 224 222 221 222 223 224 223 224 226 228 230 234 237 244 256 262 262 256 246 243 240 237 236 236
233 232 228 226 223 221 221 220 218 217 215 212 206 203 204 206 209 210 210 209 207 206 206 206 206 208 209 208 208 209 209 209 209 209 210 210 210 210 211 211 211 212 212 212 212 213 213 213 213 213 212 211 216 220 216 220 229 231 229 226 223 223 228 235 239 234 224 221 220 219 220 223 224 222 220 221 222 221 220 221 225 227 230 235 240 251 257 259 256 247 240 239 236 235 235 234
233 230 227 224 223 222 221 221 222 220 217 214 208 203 204 204 206 208 210 211 210 208 207 206 206 207 209 209 208 209 209 209 209 210 210 210 210 211 211 211 212 212 212 212 213 213 214 214 214 214 214 214 217 221 218 219 228 229 228 226 223 224 230 234 233 227 221 219 219 219 221 224 225 223 220 219 220 219 218 221 225 229 233 237 245 254 257 253 245 237 235 235 234 235 234 233
227 226 224 224 223 221 218 217 219 218 216 214 210 204 203 204 205 207 209 211 210 208 208 208 206 206 208 208 209 209 209 209 210 210 210 210 211 211 211 212 212 212 212 213 213 214 214 214 215 215 216 217 219 221 222 223 230 232 230 228 222 218 224 226 225 221 219 218 219 221 222 225 226 222 219 219 219 219 218 221 227 231 234 238 246 251 251 245 237 233 232 231 232 232 233 235
213 216 219 219 221 218 213 213 217 218 216 213 210 206 203 204 206 206 207 209 209 208 209 209 207 207 209 210 210 210 210 210 210 210 210 211 211 211 212 212 212 212 213 213 214 214 214 215 215 216 217 218 219 221 224 228 236 240 238 233 222 215 221 225 224 222 220 219 220 222 223 226 227 223 220 219 219 218 217 220 225 230 236 240 247 251 246 237 234 232 229 229 230 229 232 237
193 205 212 212 213 211 205 208 215 218 215 211 209 207 204 203 205 206 205 207 209 209 209 209 208 208 211 213 213 212 211 210 210 210 211 211 211 211 212 212 212 213 213 214 214 214 215 215 216 217 217 218 220 221 224 228 235 241 242 237 227 223 227 229 227 224 222 221 221 222 223 227 229 225 221 221 220 217 217 222 228 235 241 244 253 254 244 234 232 230 228 227 229 231 233 238
184 198 211 212 213 212 206 204 210 212 208 204 204 203 202 202 204 207 207 207 209 209 210 210 209 210 214 216 214 212 211 210 210 210 211 211 211 212 212 212 213 213 213 214 214 215 215 216 216 217 218 219 220 221 223 226 229 233 237 237 233 232 235 235 232 229 226 224 222 221 223 227 230 225 221 223 223 221 220 227 235 242 244 247 259 256 241 232 231 228 226 226 229 232 236 239
201 209 224 230 229 225 216 209 212 213 208 205 205 205 204 204 205 208 208 208 208 209 211 212 210 210 215 216 214 212 211 210 210 210 210 211 211 212 212 212 213 213 214 214 215 215 216 216 217 217 218 219 220 221 223 224 226 228 231 232 233 234 239 243 242 239 235 231 228 225 224 229 229 223 221 224 225 224 225 232 239 244 246 253 260 254 237 231 229 227 225 226 230 232 237 241
217 221 231 242 246 243 235 227 227 227 221 218 217 215 212 209 209 209 209 208 209 210 211 212 207 205 211 215 213 212 211 211 210 210 210 211 211 212 212 213 213 214 214 214 215 215 216 217 217 218 218 219 220 221 222 223 225 226 227 229 230 232 235 239 243 245 246 244 239 233 229 232 230 224 223 225 227 226 227 235 242 245 251 260 258 245 232 229 227 227 227 229 232 234 237 247
226 228 233 237 241 242 241 240 243 241 235 233 231 227 223 218 214 213 211 210 209 209 210 209 204 201 208 214 215 213 211 211 211 210 210 211 211 212 212 213 213 214 214 215 215 216 216 217 217 218 219 219 220 221 222 223 224 225 226 227 228 229 231 233 235 239 243 245 245 244 243 243 237 229 227 229 231 229 228 235 242 249 257 261 253 234 226 226 228 230 230 233 237 239 246 271
233 235 237 238 240 241 239 240 242 240 235 232 229 226 224 220 218 216 215 212 210 209 209 208 204 201 206 213 216 215 213 212 213 211 209 209 211 212 212 213 213 214 214 215 216 216 217 217 218 218 219 220 220 221 222 223 223 224 225 226 227 228 229 231 232 233 235 238 241 246 252 254 247 237 234 235 235 233 230 235 244 253 261 258 244 229 224 225 230 233 232 236 240 249 274 286
240 242 244 244 245 244 243 242 240 237 233 230 226 223 221 218 217 217 216 214 213 212 211 210 207 203 205 211 215 217 215 213 213 212 209 208 210 211 212 213 213 214 215 215 216 216 217 218 218 219 219 220 220 221 222 222 223 224 225 225 226 227 228 229 230 231 232 234 236 240 244 247 246 241 238 238 237 234 231 236 248 257 259 250 235 227 225 228 233 234 236 238 243 270 283 285
246 247 250 253 254 253 250 246 241 236 233 230 227 224 221 218 216 216 215 213 213 214 214 213 210 205 207 211 214 216 216 214 214 215 213 211 211 212 212 212 213 214 215 216 216 217 217 218 218 219 219 220 221 221 222 222 223 224 224 225 226 227 227 228 229 230 231 232 234 236 237 238 239 240 241 241 237 233 231 239 253 257 253 241 230 224 226 230 234 238 245 249 262 277 279 278
248 250 254 259 263 265 261 253 246 239 234 230 226 224 221 218 216 215 215 213 213 214 214 213 211 208 209 212 213 215 216 217 218 219 219 216 214 213 212 212 213 214 215 216 217 217 218 218 219 219 220 220 221 221 222 222 223 223 224 225 225 226 227 227 228 229 230 231 232 233 234 235 236 238 241 242 239 233 233 247 256 255 246 236 230 229 232 234 237 245 257 272 282 279 274 271
251 253 256 263 271 275 273 264 253 242 234 228 225 223 221 218 216 215 214 214 214 213 213 212 211 210 212 213 213 215 218 220 220 220 219 216 214 214 213 213 212 214 215 216 217 218 218 219 219 220 220 221 221 221 222 222 223 223 224 224 225 226 226 227 228 229 229 230 231 232 233 234 235 237 239 241 241 237 240 252 255 249 241 236 235 240 244 242 245 256 270 282 284 278 271 268
256 256 254 261 276 285 285 275 256 239 228 224 222 221 219 217 215 215 214 214 214 213 213 212 210 211 214 215 213 213 216 218 218 217 217 216 214 214 215 214 213 214 216 217 218 218 219 220 220 221 221 221 221 221 222 222 223 223 224 224 225 226 226 227 228 228 229 230 231 231 232 233 234 235 237 239 240 240 246 254 252 241 235 235 235 238 241 244 256 266 273 278 278 273 268 268
255 253 247 248 264 279 282 264 239 223 217 217 218 218 217 216 215 214 213 213 214 214 214 212 208 209 213 214 212 210 211 215 217 217 218 217 215 214 216 216 213 214 217 218 219 220 221 221 222 222 222 222 221 222 222 222 223 223 224 224 225 225 226 227 227 228 229 229 230 231 232 232 233 235 236 237 238 240 248 253 247 235 232 232 232 233 239 252 264 269 271 271 271 270 267 268
248 244 235 235 237 233 216 198 201 202 203 208 214 216 216 215 215 214 213 213 214 214 214 212 207 208 213 214 213 210 209 212 214 216 217 217 215 214 216 217 215 215 218 221 222 223 223 224 225 225 223 222 222 222 222 222 223 223 224 224 225 225 226 226 227 228 228 229 230 231 231 232 233 234 235 236 237 239 245 248 240 232 232 231 231 235 250 264 268 268 267 267 267 267 267 268
246 244 239 233 233 228 210 195 196 197 197 203 211 215 216 216 216 215 214 213 214 214 214 211 206 208 213 215 214 211 209 210 212 214 216 217 216 215 216 217 215 214 218 223 226 228 229 230 232 232 228 224 222 221 222 222 223 223 224 224 225 225 226 226 227 228 228 229 230 230 231 232 232 233 234 235 237 237 240 240 233 230 232 232 233 245 263 268 267 265 265 264 264 263 265 268
255 253 243 235 233 228 218 208 204 203 201 205 212 215 217 217 217 217 216 214 214 214 214 211 207 208 213 214 213 213 212 212 214 217 219 219 218 216 217 217 215 213 215 218 220 222 223 223 225 227 225 223 222 221 221 222 223 223 224 224 225 225 226 226 227 228 228 229 229 230 231 231 232 233 234 235 236 236 237 236 230 228 231 234 242 260 266 267 266 264 263 262 261 261 263 266
246 237 226 228 229 228 223 217 214 213 211 212 215 218 220 219 219 220 218 216 215 214 214 212 206 207 211 211 212 214 214 215 217 220 222 224 223 221 219 218 216 214 212 212 212 212 212 212 214 216 216 216 217 218 220 222 223 224 224 225 225 226 226 226 227 228 228 229 229 230 231 231 232 233 234 235 236 236 237 236 229 226 228 235 254 266 268 266 265 264 263 262 261 260 262 264
236 231 227 233 233 231 228 226 226 223 219 217 217 220 222 222 221 221 220 218 216 215 214 212 206 204 209 211 212 214 214 214 216 218 222 225 227 226 224 221 218 216 214 214 215 215 216 216 218 218 217 216 216 216 219 222 223 224 224 225 225 226 226 227 227 228 228 229 229 230 231 231 232 233 234 235 236 236 237 235 229 225 229 242 261 266 266 264 263 264 264 263 261 260 260 263
238 239 241 242 241 239 235 233 233 229 223 219 219 220 221 221 221 223 223 221 220 218 215 212 207 204 209 213 214 214 214 215 215 216 219 221 223 226 226 224 220 218 218 219 221 223 224 226 228 227 224 223 222 220 220 222 224 225 225 225 226 226 226 227 227 228 228 229 229 230 231 231 232 233 234 235 236 236 236 235 228 225 235 254 264 265 263 261 261 262 263 262 261 260 261 264
245 246 247 248 248 245 239 234 232 229 223 220 219 219 221 222 222 225 227 227 227 224 221 215 205 201 205 211 214 214 214 215 214 212 214 216 217 220 222 223 222 219 218 219 221 223 226 229 230 230 229 227 226 224 223 224 225 226 226 226 226 226 226 227 227 228 228 229 230 230 231 232 232 233 234 235 236 237 237 237 234 232 244 261 264 263 262 261 259 260 260 261 263 264 265 266
251 252 252 251 246 240 233 228 227 226 224 221 221 219 221 223 222 225 228 229 227 223 218 206 190 190 200 207 212 214 214 216 216 213 214 215 215 216 218 219 220 219 218 219 221 224 227 229 230 230 230 228 227 227 227 227 228 228 228 227 227 227 226 227 227 228 228 229 230 230 231 232 233 233 234 235 236 238 239 241 243 248 262 269 264 261 260 260 259 259 261 264 267 268 268 267
