windninja/windninja_output/Output_2025-08-09_2200-2250_Google earth_Fire_150m_10min/merlingen_7.5mi_point_08-09-2025_2230_150m_vel.asc
ncols	158
nrows	163
xllcorner	391686.332397
yllcorner	5160024.123721
cellsize	150.000000
NODATA_value	-32768.000000
[rows 76 to 113 of 163, columns 0 to 83 of 158]
0.76 0.69 0.56 0.45 0.40 0.39 0.37 0.34 0.34 0.34 0.34 0.35 0.35 0.36 0.36 0.36 0.36 0.37 0.38 0.39 0.39 0.40 0.41 0.42 0.40 0.37 0.37 0.39 0.43 0.50 0.55 0.55 0.54 0.53 0.49 0.43 0.40 0.39 0.38 0.38 0.38 0.40 0.41 0.41 0.42 0.42 0.42 0.42 0.42 0.42 0.41 0.41 0.41 0.41 0.41 0.41 0.41 0.40 0.40 0.40 0.39 0.39 0.39 0.38 0.37 0.37 0.36 0.35 0.34 0.33 0.31 0.30 0.27 0.24 0.21 0.21 0.23 0.27 0.31 0.35 0.39 0.45 0.51 0.52
0.83 0.76 0.64 0.53 0.45 0.40 0.35 0.32 0.31 0.31 0.31 0.32 0.34 0.35 0.35 0.35 0.35 0.35 0.37 0.38 0.38 0.39 0.40 0.41 0.40 0.39 0.39 0.38 0.38 0.43 0.51 0.55 0.54 0.54 0.53 0.46 0.42 0.40 0.38 0.37 0.38 0.39 0.41 0.41 0.42 0.42 0.42 0.42 0.42 0.42 0.41 0.41 0.41 0.41 0.41 0.41 0.41 0.41 0.41 0.40 0.40 0.40 0.39 0.39 0.38 0.38 0.37 0.36 0.35 0.34 0.33 0.32 0.30 0.27 0.24 0.21 0.20 0.21 0.26 0.32 0.38 0.42 0.47 0.50
0.92 0.78 0.67 0.66 0.56 0.42 0.33 0.29 0.28 0.27 0.28 0.29 0.32 0.34 0.34 0.34 0.34 0.34 0.35 0.37 0.38 0.38 0.39 0.39 0.39 0.41 0.43 0.41 0.38 0.38 0.45 0.53 0.56 0.56 0.56 0.52 0.46 0.43 0.41 0.37 0.36 0.38 0.40 0.41 0.42 0.42 0.42 0.42 0.42 0.41 0.41 0.41 0.41 0.41 0.41 0.41 0.41 0.41 0.41 0.41 0.41 0.40 0.40 0.39 0.39 0.38 0.38 0.37 0.36 0.35 0.34 0.33 0.32 0.30 0.27 0.23 0.20 0.19 0.21 0.28 0.37 0.41 0.45 0.51
0.96 0.80 0.68 0.80 0.72 0.50 0.33 0.25 0.24 0.23 0.23 0.27 0.30 0.33 0.33 0.33 0.33 0.33 0.34 0.35 0.37 0.38 0.39 0.38 0.36 0.39 0.45 0.45 0.41 0.38 0.40 0.48 0.54 0.57 0.57 0.54 0.50 0.48 0.45 0.40 0.35 0.36 0.39 0.40 0.41 0.41 0.41 0.41 0.41 0.41 0.41 0.41 0.41 0.41 0.41 0.41 0.41 0.41 0.41 0.41 0.41 0.41 0.40 0.40 0.40 0.39 0.39 0.38 0.37 0.36 0.35 0.34 0.33 0.32 0.30 0.27 0.23 0.20 0.19 0.25 0.35 0.40 0.45 0.53
0.89 0.79 0.73 0.77 0.78 0.60 0.30 0.20 0.21 0.20 0.20 0.24 0.29 0.32 0.33 0.33 0.33 0.33 0.33 0.34 0.36 0.37 0.38 0.37 0.34 0.36 0.43 0.46 0.45 0.40 0.39 0.44 0.50 0.56 0.59 0.57 0.52 0.51 0.51 0.47 0.39 0.36 0.38 0.39 0.39 0.40 0.41 0.41 0.40 0.39 0.39 0.39 0.40 0.40 0.41 0.41 0.42 0.42 0.42 0.41 0.41 0.41 0.41 0.41 0.40 0.40 0.39 0.39 0.38 0.37 0.36 0.35 0.34 0.33 0.32 0.29 0.26 0.22 0.20 0.23 0.31 0.39 0.45 0.50
0.76 0.70 0.63 0.66 0.72 0.65 0.43 0.32 0.28 0.24 0.22 0.25 0.30 0.32 0.33 0.32 0.33 0.33 0.32 0.32 0.34 0.36 0.37 0.36 0.33 0.34 0.40 0.43 0.45 0.42 0.40 0.41 0.45 0.51 0.58 0.61 0.56 0.52 0.53 0.53 0.47 0.41 0.40 0.40 0.39 0.39 0.38 0.39 0.39 0.37 0.35 0.36 0.38 0.39 0.40 0.41 0.42 0.42 0.42 0.42 0.42 0.41 0.41 0.41 0.41 0.40 0.40 0.39 0.39 0.38 0.37 0.36 0.35 0.34 0.33 0.31 0.29 0.26 0.24 0.25 0.29 0.37 0.43 0.45
0.78 0.67 0.57 0.63 0.64 0.59 0.52 0.45 0.38 0.33 0.28 0.28 0.31 0.33 0.33 0.33 0.32 0.33 0.32 0.31 0.33 0.34 0.36 0.35 0.33 0.34 0.38 0.41 0.43 0.43 0.41 0.40 0.40 0.43 0.49 0.56 0.59 0.56 0.54 0.54 0.52 0.49 0.47 0.47 0.45 0.43 0.42 0.42 0.44 0.41 0.35 0.33 0.34 0.37 0.39 0.41 0.41 0.42 0.42 0.42 0.42 0.42 0.42 0.41 0.41 0.41 0.40 0.40 0.39 0.39 0.38 0.37 0.36 0.35 0.34 0.32 0.30 0.28 0.26 0.25 0.27 0.32 0.40 0.44
0.86 0.70 0.60 0.65 0.63 0.58 0.52 0.47 0.43 0.38 0.32 0.30 0.31 0.33 0.34 0.33 0.33 0.33 0.31 0.30 0.31 0.32 0.34 0.34 0.31 0.34 0.38 0.40 0.41 0.43 0.42 0.41 0.40 0.41 0.43 0.47 0.52 0.53 0.53 0.52 0.51 0.51 0.51 0.52 0.53 0.53 0.52 0.51 0.53 0.53 0.49 0.42 0.37 0.37 0.39 0.41 0.41 0.42 0.42 0.42 0.42 0.42 0.42 0.42 0.41 0.41 0.41 0.40 0.40 0.39 0.39 0.38 0.37 0.36 0.35 0.34 0.32 0.30 0.27 0.25 0.25 0.27 0.36 0.44
0.84 0.75 0.65 0.67 0.67 0.61 0.52 0.45 0.42 0.38 0.34 0.32 0.32 0.34 0.35 0.33 0.33 0.33 0.32 0.30 0.30 0.30 0.31 0.32 0.30 0.31 0.36 0.39 0.40 0.42 0.43 0.43 0.43 0.44 0.44 0.45 0.46 0.48 0.49 0.48 0.48 0.47 0.47 0.48 0.49 0.50 0.50 0.49 0.49 0.51 0.52 0.51 0.46 0.41 0.40 0.41 0.41 0.42 0.42 0.42 0.42 0.42 0.42 0.42 0.42 0.41 0.41 0.41 0.40 0.40 0.39 0.38 0.37 0.37 0.36 0.35 0.33 0.31 0.29 0.27 0.25 0.27 0.32 0.40
0.82 0.76 0.67 0.66 0.67 0.62 0.51 0.44 0.42 0.38 0.35 0.33 0.32 0.34 0.36 0.36 0.34 0.34 0.33 0.31 0.29 0.28 0.28 0.29 0.29 0.27 0.32 0.37 0.39 0.40 0.42 0.43 0.44 0.46 0.49 0.49 0.48 0.48 0.46 0.44 0.44 0.44 0.45 0.45 0.45 0.45 0.45 0.44 0.43 0.42 0.43 0.46 0.47 0.44 0.41 0.41 0.41 0.41 0.42 0.42 0.42 0.42 0.42 0.42 0.42 0.42 0.41 0.41 0.41 0.40 0.40 0.39 0.38 0.37 0.36 0.35 0.34 0.32 0.30 0.28 0.27 0.28 0.31 0.36
0.88 0.80 0.68 0.64 0.66 0.62 0.52 0.47 0.45 0.40 0.36 0.33 0.33 0.34 0.37 0.37 0.36 0.36 0.35 0.32 0.30 0.27 0.26 0.26 0.25 0.25 0.30 0.35 0.38 0.39 0.39 0.42 0.42 0.44 0.50 0.54 0.55 0.55 0.53 0.47 0.42 0.40 0.42 0.45 0.46 0.47 0.47 0.46 0.44 0.40 0.38 0.40 0.42 0.43 0.41 0.41 0.41 0.41 0.41 0.41 0.41 0.41 0.41 0.42 0.42 0.42 0.42 0.41 0.41 0.41 0.40 0.39 0.39 0.38 0.37 0.36 0.34 0.33 0.31 0.28 0.26 0.27 0.31 0.36
0.99 0.84 0.69 0.64 0.62 0.62 0.56 0.51 0.50 0.45 0.38 0.34 0.34 0.34 0.37 0.38 0.38 0.39 0.39 0.36 0.32 0.28 0.28 0.25 0.21 0.24 0.31 0.36 0.39 0.40 0.39 0.40 0.40 0.39 0.43 0.50 0.55 0.60 0.62 0.58 0.49 0.42 0.40 0.43 0.47 0.49 0.49 0.48 0.47 0.43 0.38 0.36 0.38 0.40 0.40 0.40 0.39 0.39 0.39 0.40 0.40 0.41 0.41 0.41 0.42 0.42 0.42 0.42 0.41 0.41 0.40 0.40 0.39 0.38 0.37 0.36 0.35 0.33 0.31 0.28 0.24 0.24 0.25 0.29
1.08 0.88 0.68 0.63 0.59 0.60 0.62 0.59 0.56 0.52 0.42 0.36 0.35 0.34 0.37 0.40 0.40 0.43 0.43 0.40 0.35 0.32 0.32 0.29 0.24 0.26 0.31 0.37 0.40 0.41 0.41 0.41 0.40 0.38 0.37 0.39 0.43 0.51 0.59 0.63 0.60 0.52 0.44 0.42 0.46 0.50 0.52 0.51 0.50 0.47 0.42 0.38 0.37 0.38 0.40 0.40 0.39 0.38 0.37 0.37 0.38 0.39 0.40 0.41 0.42 0.42 0.42 0.42 0.41 0.41 0.41 0.40 0.39 0.39 0.38 0.37 0.35 0.33 0.31 0.28 0.24 0.19 0.17 0.18
1.04 0.89 0.69 0.63 0.58 0.57 0.61 0.63 0.61 0.59 0.51 0.41 0.36 0.36 0.38 0.40 0.43 0.46 0.47 0.44 0.38 0.35 0.36 0.34 0.30 0.29 0.33 0.37 0.40 0.42 0.43 0.42 0.42 0.41 0.39 0.37 0.36 0.39 0.48 0.56 0.59 0.55 0.49 0.44 0.44 0.49 0.54 0.55 0.52 0.49 0.47 0.43 0.40 0.40 0.42 0.44 0.44 0.42 0.37 0.33 0.34 0.37 0.39 0.41 0.41 0.42 0.42 0.42 0.42 0.41 0.41 0.40 0.40 0.39 0.38 0.37 0.36 0.34 0.32 0.29 0.25 0.19 0.13 0.11
0.95 0.85 0.72 0.64 0.58 0.53 0.54 0.60 0.64 0.66 0.62 0.47 0.39 0.38 0.39 0.39 0.44 0.49 0.52 0.48 0.39 0.36 0.38 0.39 0.35 0.33 0.35 0.38 0.40 0.42 0.43 0.43 0.43 0.43 0.43 0.42 0.38 0.36 0.41 0.51 0.56 0.54 0.50 0.45 0.43 0.45 0.50 0.55 0.55 0.51 0.47 0.45 0.43 0.42 0.43 0.46 0.48 0.48 0.44 0.35 0.31 0.34 0.38 0.40 0.41 0.42 0.42 0.42 0.42 0.41 0.41 0.41 0.40 0.39 0.38 0.37 0.36 0.35 0.33 0.30 0.26 0.21 0.16 0.13
0.88 0.81 0.75 0.73 0.67 0.57 0.52 0.57 0.65 0.72 0.71 0.58 0.47 0.45 0.45 0.45 0.47 0.52 0.58 0.54 0.39 0.36 0.41 0.43 0.39 0.37 0.38 0.39 0.41 0.42 0.43 0.43 0.43 0.42 0.43 0.44 0.43 0.39 0.38 0.45 0.55 0.57 0.52 0.47 0.43 0.42 0.45 0.51 0.55 0.53 0.48 0.43 0.41 0.39 0.40 0.46 0.51 0.54 0.54 0.47 0.36 0.35 0.38 0.40 0.41 0.42 0.42 0.42 0.42 0.42 0.41 0.41 0.40 0.40 0.39 0.38 0.37 0.35 0.34 0.31 0.28 0.24 0.19 0.17
0.78 0.76 0.78 0.84 0.86 0.79 0.73 0.76 0.84 0.93 0.88 0.70 0.57 0.52 0.49 0.49 0.50 0.56 0.66 0.67 0.52 0.40 0.40 0.42 0.39 0.38 0.39 0.40 0.41 0.42 0.42 0.43 0.43 0.42 0.42 0.43 0.44 0.42 0.40 0.40 0.48 0.58 0.59 0.52 0.45 0.42 0.43 0.47 0.51 0.52 0.48 0.42 0.38 0.35 0.35 0.40 0.49 0.53 0.57 0.55 0.46 0.39 0.38 0.40 0.41 0.42 0.42 0.42 0.42 0.42 0.41 0.41 0.40 0.40 0.39 0.38 0.37 0.36 0.34 0.33 0.30 0.27 0.22 0.19
0.65 0.66 0.71 0.79 0.87 0.89 0.89 0.92 0.98 1.09 1.13 1.01 0.88 0.85 0.82 0.79 0.73 0.74 0.77 0.79 0.72 0.48 0.42 0.42 0.40 0.39 0.40 0.41 0.42 0.42 0.43 0.43 0.42 0.41 0.40 0.42 0.43 0.43 0.42 0.39 0.40 0.51 0.62 0.59 0.50 0.44 0.42 0.45 0.50 0.52 0.50 0.42 0.34 0.33 0.30 0.30 0.38 0.44 0.49 0.52 0.48 0.42 0.40 0.40 0.41 0.41 0.42 0.42 0.42 0.42 0.41 0.41 0.41 0.40 0.39 0.39 0.38 0.37 0.35 0.34 0.32 0.29 0.26 0.22
0.54 0.57 0.62 0.66 0.72 0.74 0.74 0.73 0.73 0.86 1.08 1.14 1.11 1.09 1.08 1.04 0.98 0.91 0.88 0.87 0.78 0.65 0.55 0.47 0.42 0.40 0.40 0.42 0.43 0.44 0.44 0.44 0.43 0.39 0.38 0.40 0.42 0.42 0.42 0.41 0.38 0.43 0.58 0.66 0.61 0.53 0.48 0.46 0.50 0.53 0.55 0.47 0.35 0.33 0.32 0.29 0.31 0.37 0.41 0.45 0.45 0.42 0.40 0.40 0.41 0.41 0.41 0.41 0.41 0.41 0.41 0.41 0.41 0.40 0.40 0.39 0.38 0.37 0.36 0.35 0.34 0.32 0.30 0.27
0.44 0.50 0.57 0.59 0.63 0.62 0.57 0.49 0.42 0.51 0.70 0.83 0.81 0.70 0.68 0.74 0.86 0.89 0.96 0.88 0.76 0.73 0.61 0.49 0.41 0.39 0.40 0.41 0.43 0.45 0.47 0.48 0.46 0.41 0.37 0.38 0.41 0.41 0.41 0.40 0.37 0.37 0.47 0.62 0.68 0.66 0.61 0.56 0.55 0.57 0.59 0.56 0.43 0.37 0.36 0.34 0.33 0.35 0.38 0.41 0.43 0.40 0.39 0.40 0.40 0.40 0.41 0.41 0.41 0.41 0.41 0.41 0.41 0.40 0.40 0.39 0.39 0.38 0.37 0.36 0.35 0.34 0.32 0.31
0.33 0.41 0.52 0.57 0.63 0.63 0.56 0.44 0.32 0.28 0.39 0.51 0.52 0.50 0.51 0.62 0.72 0.89 1.00 0.80 0.69 0.72 0.64 0.50 0.38 0.35 0.37 0.40 0.41 0.44 0.49 0.52 0.50 0.45 0.39 0.37 0.39 0.40 0.40 0.39 0.36 0.32 0.37 0.49 0.60 0.66 0.68 0.67 0.64 0.63 0.63 0.62 0.53 0.43 0.41 0.38 0.36 0.35 0.36 0.37 0.39 0.39 0.38 0.39 0.39 0.40 0.40 0.40 0.41 0.41 0.41 0.41 0.41 0.40 0.40 0.40 0.39 0.38 0.38 0.37 0.36 0.35 0.34 0.33
0.32 0.35 0.46 0.52 0.60 0.65 0.62 0.52 0.39 0.31 0.33 0.34 0.36 0.45 0.51 0.61 0.72 0.89 1.01 0.86 0.74 0.73 0.71 0.54 0.35 0.31 0.34 0.38 0.40 0.41 0.44 0.48 0.50 0.47 0.41 0.38 0.38 0.38 0.38 0.38 0.36 0.32 0.31 0.38 0.46 0.53 0.59 0.62 0.62 0.62 0.61 0.61 0.57 0.48 0.45 0.43 0.39 0.36 0.35 0.35 0.35 0.36 0.36 0.37 0.38 0.38 0.39 0.40 0.40 0.41 0.40 0.40 0.40 0.40 0.40 0.40 0.39 0.39 0.38 0.38 0.37 0.36 0.36 0.35
0.29 0.25 0.37 0.41 0.49 0.57 0.59 0.57 0.50 0.41 0.36 0.31 0.30 0.37 0.50 0.62 0.74 0.84 0.80 0.82 0.82 0.79 0.79 0.60 0.38 0.34 0.36 0.38 0.39 0.41 0.43 0.44 0.47 0.47 0.43 0.40 0.39 0.37 0.35 0.34 0.34 0.32 0.29 0.33 0.40 0.43 0.47 0.54 0.57 0.58 0.57 0.58 0.58 0.52 0.48 0.47 0.45 0.40 0.37 0.36 0.35 0.34 0.34 0.34 0.35 0.36 0.37 0.38 0.39 0.40 0.40 0.40 0.40 0.40 0.40 0.40 0.39 0.39 0.39 0.38 0.38 0.37 0.37 0.36
0.24 0.15 0.29 0.34 0.39 0.43 0.44 0.49 0.50 0.45 0.42 0.37 0.32 0.36 0.49 0.66 0.75 0.71 0.63 0.67 0.78 0.83 0.82 0.70 0.52 0.44 0.41 0.40 0.40 0.42 0.44 0.44 0.44 0.44 0.43 0.41 0.41 0.39 0.34 0.31 0.31 0.30 0.29 0.31 0.38 0.44 0.47 0.52 0.57 0.58 0.58 0.57 0.57 0.56 0.52 0.49 0.48 0.46 0.41 0.38 0.38 0.37 0.36 0.34 0.33 0.33 0.34 0.36 0.38 0.39 0.39 0.39 0.40 0.40 0.40 0.39 0.39 0.39 0.39 0.38 0.38 0.38 0.37 0.37
0.21 0.19 0.30 0.35 0.38 0.39 0.40 0.44 0.46 0.44 0.44 0.41 0.37 0.39 0.48 0.62 0.73 0.66 0.55 0.57 0.67 0.76 0.78 0.68 0.56 0.49 0.46 0.43 0.42 0.43 0.45 0.45 0.43 0.42 0.40 0.39 0.40 0.40 0.38 0.31 0.27 0.28 0.27 0.28 0.35 0.43 0.48 0.51 0.55 0.58 0.59 0.58 0.57 0.58 0.57 0.54 0.52 0.51 0.46 0.40 0.40 0.41 0.42 0.39 0.35 0.32 0.32 0.33 0.35 0.37 0.38 0.39 0.39 0.39 0.39 0.39 0.39 0.39 0.39 0.38 0.38 0.38 0.38 0.38
0.25 0.26 0.33 0.38 0.39 0.40 0.42 0.43 0.44 0.43 0.44 0.43 0.40 0.43 0.51 0.60 0.71 0.66 0.54 0.59 0.67 0.70 0.71 0.66 0.57 0.51 0.48 0.45 0.43 0.44 0.47 0.47 0.45 0.42 0.38 0.35 0.36 0.38 0.39 0.33 0.26 0.25 0.25 0.24 0.29 0.38 0.46 0.49 0.52 0.56 0.59 0.59 0.57 0.57 0.58 0.57 0.55 0.55 0.53 0.46 0.41 0.41 0.43 0.45 0.42 0.36 0.33 0.32 0.32 0.35 0.37 0.37 0.37 0.38 0.38 0.39 0.38 0.38 0.38 0.38 0.38 0.38 0.38 0.38
0.32 0.33 0.37 0.40 0.41 0.41 0.43 0.43 0.43 0.43 0.44 0.43 0.40 0.42 0.52 0.64 0.72 0.70 0.64 0.68 0.74 0.68 0.67 0.66 0.60 0.55 0.51 0.47 0.44 0.45 0.48 0.50 0.48 0.44 0.39 0.34 0.32 0.34 0.36 0.33 0.26 0.23 0.23 0.22 0.24 0.33 0.44 0.50 0.52 0.54 0.57 0.59 0.59 0.58 0.58 0.57 0.56 0.57 0.57 0.54 0.47 0.43 0.44 0.46 0.46 0.41 0.37 0.34 0.33 0.34 0.36 0.35 0.35 0.36 0.37 0.37 0.38 0.38 0.37 0.37 0.37 0.37 0.37 0.38
0.40 0.40 0.41 0.42 0.43 0.44 0.44 0.44 0.44 0.43 0.43 0.42 0.38 0.36 0.41 0.52 0.65 0.66 0.63 0.72 0.80 0.72 0.68 0.68 0.63 0.60 0.57 0.51 0.46 0.47 0.49 0.51 0.51 0.48 0.43 0.36 0.31 0.31 0.32 0.31 0.25 0.21 0.20 0.19 0.19 0.25 0.36 0.46 0.51 0.54 0.56 0.58 0.58 0.58 0.60 0.60 0.58 0.57 0.58 0.58 0.54 0.49 0.48 0.49 0.50 0.46 0.41 0.38 0.36 0.37 0.38 0.36 0.32 0.33 0.34 0.35 0.36 0.36 0.36 0.36 0.36 0.37 0.37 0.37
0.47 0.46 0.45 0.45 0.45 0.45 0.45 0.45 0.44 0.44 0.42 0.40 0.36 0.32 0.33 0.39 0.53 0.58 0.58 0.69 0.76 0.75 0.74 0.71 0.66 0.64 0.65 0.60 0.52 0.51 0.51 0.51 0.52 0.51 0.46 0.41 0.34 0.30 0.29 0.28 0.24 0.19 0.17 0.17 0.16 0.18 0.26 0.36 0.45 0.52 0.55 0.57 0.58 0.56 0.57 0.59 0.60 0.59 0.59 0.58 0.56 0.52 0.50 0.50 0.52 0.51 0.46 0.42 0.40 0.42 0.44 0.42 0.35 0.31 0.31 0.32 0.32 0.33 0.33 0.34 0.35 0.35 0.36 0.36
0.52 0.50 0.48 0.49 0.48 0.48 0.46 0.45 0.45 0.46 0.44 0.41 0.37 0.34 0.33 0.37 0.46 0.52 0.55 0.61 0.66 0.70 0.74 0.73 0.70 0.69 0.71 0.69 0.62 0.60 0.55 0.53 0.52 0.51 0.50 0.46 0.39 0.31 0.27 0.25 0.23 0.19 0.16 0.15 0.13 0.14 0.20 0.29 0.38 0.47 0.55 0.58 0.60 0.60 0.57 0.56 0.58 0.60 0.61 0.60 0.57 0.54 0.52 0.51 0.51 0.52 0.49 0.46 0.44 0.45 0.48 0.50 0.47 0.37 0.33 0.33 0.31 0.30 0.30 0.31 0.31 0.32 0.33 0.35
0.56 0.53 0.51 0.52 0.53 0.52 0.49 0.47 0.47 0.49 0.48 0.44 0.41 0.37 0.36 0.38 0.43 0.49 0.52 0.55 0.60 0.65 0.67 0.69 0.73 0.73 0.75 0.76 0.75 0.70 0.63 0.57 0.51 0.50 0.54 0.53 0.44 0.33 0.27 0.23 0.21 0.18 0.16 0.14 0.12 0.11 0.15 0.22 0.30 0.39 0.49 0.56 0.60 0.63 0.63 0.59 0.56 0.57 0.60 0.62 0.59 0.56 0.55 0.54 0.52 0.52 0.51 0.46 0.45 0.48 0.50 0.52 0.54 0.51 0.45 0.41 0.36 0.32 0.30 0.31 0.29 0.27 0.29 0.32
0.59 0.57 0.54 0.55 0.57 0.56 0.54 0.50 0.50 0.54 0.55 0.51 0.48 0.46 0.43 0.40 0.42 0.47 0.47 0.50 0.58 0.66 0.61 0.58 0.69 0.77 0.77 0.80 0.86 0.81 0.70 0.61 0.50 0.50 0.60 0.58 0.46 0.33 0.27 0.24 0.19 0.16 0.16 0.14 0.11 0.10 0.11 0.17 0.24 0.32 0.41 0.48 0.53 0.59 0.65 0.65 0.61 0.58 0.59 0.61 0.62 0.59 0.56 0.56 0.55 0.54 0.53 0.49 0.44 0.47 0.52 0.53 0.53 0.55 0.53 0.49 0.44 0.38 0.35 0.36 0.33 0.26 0.25 0.28
0.58 0.58 0.57 0.58 0.59 0.60 0.61 0.58 0.57 0.59 0.61 0.58 0.52 0.51 0.51 0.47 0.44 0.45 0.46 0.48 0.55 0.65 0.59 0.49 0.58 0.73 0.77 0.78 0.90 0.93 0.76 0.65 0.51 0.53 0.66 0.61 0.45 0.34 0.30 0.25 0.18 0.15 0.15 0.13 0.11 0.10 0.09 0.13 0.20 0.28 0.36 0.44 0.48 0.52 0.59 0.65 0.66 0.63 0.61 0.62 0.65 0.64 0.58 0.55 0.56 0.55 0.54 0.53 0.47 0.45 0.52 0.57 0.55 0.54 0.55 0.54 0.50 0.44 0.39 0.39 0.39 0.31 0.24 0.24
0.58 0.57 0.58 0.60 0.61 0.62 0.63 0.62 0.59 0.58 0.62 0.61 0.55 0.54 0.56 0.53 0.47 0.44 0.49 0.55 0.60 0.63 0.57 0.46 0.46 0.61 0.73 0.74 0.88 0.96 0.81 0.70 0.59 0.59 0.72 0.64 0.45 0.36 0.32 0.27 0.19 0.16 0.15 0.11 0.10 0.10 0.09 0.10 0.15 0.23 0.33 0.42 0.48 0.50 0.53 0.58 0.65 0.67 0.64 0.62 0.66 0.70 0.66 0.58 0.57 0.56 0.52 0.52 0.50 0.46 0.48 0.57 0.59 0.56 0.55 0.56 0.55 0.51 0.43 0.40 0.41 0.39 0.30 0.23
0.57 0.56 0.57 0.58 0.57 0.56 0.56 0.57 0.58 0.58 0.61 0.62 0.56 0.56 0.59 0.58 0.47 0.40 0.50 0.64 0.71 0.66 0.52 0.43 0.40 0.47 0.62 0.72 0.90 1.00 0.85 0.73 0.67 0.69 0.79 0.67 0.47 0.39 0.33 0.27 0.24 0.22 0.18 0.11 0.07 0.08 0.08 0.09 0.12 0.19 0.27 0.37 0.46 0.52 0.53 0.55 0.60 0.66 0.66 0.61 0.62 0.70 0.72 0.65 0.62 0.60 0.54 0.49 0.49 0.48 0.48 0.56 0.62 0.60 0.58 0.57 0.56 0.55 0.50 0.44 0.42 0.41 0.36 0.27
0.56 0.56 0.57 0.57 0.56 0.55 0.55 0.56 0.57 0.58 0.60 0.63 0.57 0.55 0.61 0.61 0.47 0.36 0.47 0.66 0.81 0.78 0.52 0.39 0.39 0.41 0.48 0.60 0.84 1.05 0.98 0.78 0.69 0.76 0.84 0.71 0.52 0.41 0.33 0.29 0.28 0.29 0.27 0.15 0.08 0.06 0.07 0.09 0.11 0.15 0.22 0.30 0.39 0.49 0.53 0.54 0.57 0.64 0.67 0.62 0.59 0.64 0.71 0.71 0.68 0.68 0.64 0.54 0.47 0.46 0.47 0.53 0.60 0.62 0.61 0.60 0.57 0.56 0.55 0.50 0.45 0.43 0.39 0.33
0.56 0.56 0.56 0.58 0.57 0.56 0.57 0.58 0.58 0.58 0.61 0.68 0.62 0.55 0.61 0.63 0.47 0.33 0.42 0.64 0.86 0.93 0.68 0.39 0.38 0.43 0.39 0.41 0.57 0.90 1.07 0.93 0.74 0.76 0.83 0.74 0.58 0.44 0.34 0.31 0.29 0.31 0.33 0.25 0.13 0.08 0.07 0.08 0.09 0.12 0.17 0.25 0.35 0.45 0.52 0.53 0.55 0.62 0.68 0.66 0.61 0.62 0.68 0.70 0.71 0.72 0.73 0.66 0.55 0.47 0.45 0.49 0.56 0.61 0.62 0.63 0.60 0.58 0.59 0.58 0.51 0.46 0.41 0.36
0.61 0.58 0.56 0.58 0.58 0.56 0.55 0.57 0.59 0.60 0.62 0.70 0.68 0.59 0.62 0.65 0.47 0.31 0.40 0.60 0.84 1.02 0.92 0.53 0.42 0.49 0.44 0.39 0.40 0.58 0.92 1.05 0.92 0.83 0.83 0.72 0.59 0.49 0.38 0.33 0.31 0.32 0.34 0.31 0.19 0.12 0.10 0.10 0.10 0.12 0.14 0.20 0.30 0.41 0.50 0.52 0.53 0.59 0.67 0.69 0.65 0.63 0.68 0.70 0.68 0.71 0.75 0.75 0.70 0.59 0.52 0.53 0.56 0.60 0.64 0.66 0.63 0.59 0.60 0.63 0.61 0.53 0.43 0.39
