windninja/windninja_output/Output_2025-08-09_2200-2250_Google earth_Fire_150m_10min/merlingen_7.5mi_point_08-09-2025_2220_150m_vel.asc
ncols	158
nrows	163
xllcorner	391686.332397
yllcorner	5160024.123721
cellsize	150.000000
NODATA_value	-32768.000000
[rows 76 to 113 of 163, columns 0 to 83 of 158]
1.32 1.23 1.03 0.85 0.77 0.77 0.73 0.67 0.67 0.65 0.64 0.65 0.64 0.65 0.65 0.64 0.63 0.65 0.66 0.67 0.67 0.68 0.70 0.71 0.68 0.61 0.62 0.67 0.74 0.85 0.93 0.93 0.91 0.90 0.83 0.72 0.67 0.65 0.63 0.62 0.63 0.65 0.67 0.68 0.68 0.69 0.69 0.68 0.68 0.68 0.68 0.67 0.67 0.67 0.66 0.66 0.66 0.65 0.65 0.64 0.63 0.62 0.62 0.61 0.59 0.58 0.56 0.55 0.53 0.51 0.48 0.45 0.41 0.35 0.30 0.30 0.31 0.33 0.38 0.49 0.65 0.78 0.86 0.82
1.43 1.32 1.15 0.99 0.87 0.79 0.70 0.64 0.63 0.61 0.60 0.60 0.61 0.63 0.63 0.61 0.61 0.62 0.64 0.65 0.66 0.67 0.68 0.69 0.67 0.64 0.65 0.66 0.66 0.73 0.86 0.93 0.92 0.92 0.89 0.78 0.70 0.67 0.63 0.62 0.61 0.64 0.66 0.68 0.68 0.69 0.69 0.69 0.68 0.68 0.68 0.68 0.67 0.67 0.67 0.66 0.66 0.66 0.65 0.65 0.64 0.63 0.62 0.61 0.60 0.59 0.58 0.56 0.55 0.53 0.50 0.48 0.44 0.40 0.34 0.29 0.26 0.25 0.31 0.49 0.66 0.71 0.75 0.77
1.54 1.34 1.19 1.21 1.06 0.84 0.68 0.61 0.59 0.56 0.54 0.55 0.58 0.60 0.61 0.60 0.59 0.60 0.61 0.62 0.64 0.65 0.67 0.66 0.63 0.66 0.71 0.70 0.65 0.65 0.75 0.89 0.94 0.94 0.94 0.86 0.76 0.71 0.67 0.62 0.59 0.62 0.65 0.67 0.68 0.69 0.69 0.68 0.68 0.68 0.67 0.67 0.67 0.67 0.67 0.66 0.66 0.66 0.66 0.65 0.65 0.64 0.63 0.62 0.61 0.60 0.59 0.58 0.56 0.54 0.52 0.50 0.47 0.44 0.38 0.32 0.26 0.22 0.26 0.45 0.63 0.64 0.69 0.77
1.56 1.32 1.19 1.45 1.36 1.00 0.69 0.56 0.55 0.50 0.45 0.49 0.54 0.58 0.59 0.59 0.58 0.58 0.58 0.60 0.62 0.64 0.66 0.63 0.58 0.63 0.74 0.75 0.69 0.63 0.67 0.81 0.91 0.95 0.95 0.90 0.82 0.77 0.75 0.67 0.58 0.59 0.63 0.66 0.67 0.68 0.68 0.68 0.68 0.67 0.67 0.66 0.66 0.66 0.66 0.66 0.66 0.66 0.66 0.65 0.65 0.64 0.64 0.63 0.62 0.61 0.60 0.59 0.57 0.56 0.54 0.51 0.49 0.46 0.42 0.37 0.30 0.23 0.24 0.39 0.55 0.59 0.65 0.75
1.39 1.26 1.23 1.39 1.48 1.20 0.66 0.46 0.47 0.41 0.37 0.43 0.52 0.56 0.57 0.57 0.57 0.57 0.56 0.57 0.60 0.63 0.64 0.61 0.54 0.58 0.71 0.77 0.74 0.66 0.64 0.72 0.83 0.93 0.98 0.94 0.85 0.82 0.82 0.77 0.63 0.58 0.62 0.64 0.66 0.67 0.67 0.68 0.67 0.66 0.65 0.64 0.65 0.65 0.66 0.66 0.66 0.66 0.66 0.66 0.65 0.65 0.64 0.64 0.63 0.62 0.61 0.60 0.58 0.57 0.55 0.53 0.51 0.48 0.45 0.41 0.35 0.28 0.25 0.33 0.44 0.53 0.60 0.68
1.16 1.12 1.11 1.23 1.40 1.23 0.72 0.46 0.43 0.38 0.34 0.40 0.50 0.55 0.57 0.56 0.56 0.56 0.54 0.55 0.58 0.61 0.63 0.59 0.53 0.55 0.67 0.73 0.74 0.69 0.65 0.68 0.74 0.84 0.95 0.99 0.91 0.84 0.85 0.85 0.75 0.65 0.65 0.66 0.66 0.66 0.65 0.67 0.68 0.65 0.60 0.59 0.61 0.63 0.65 0.65 0.66 0.66 0.66 0.66 0.65 0.65 0.65 0.64 0.63 0.63 0.62 0.61 0.59 0.58 0.56 0.54 0.52 0.50 0.47 0.43 0.39 0.32 0.29 0.30 0.35 0.46 0.56 0.60
1.21 1.10 1.06 1.23 1.26 1.05 0.82 0.66 0.54 0.47 0.40 0.42 0.50 0.55 0.57 0.56 0.55 0.55 0.54 0.53 0.55 0.58 0.60 0.58 0.52 0.55 0.64 0.68 0.70 0.70 0.67 0.66 0.67 0.72 0.82 0.92 0.95 0.89 0.86 0.86 0.83 0.77 0.74 0.74 0.73 0.71 0.69 0.69 0.73 0.70 0.61 0.56 0.56 0.59 0.63 0.65 0.66 0.66 0.66 0.66 0.66 0.65 0.65 0.64 0.64 0.63 0.62 0.61 0.60 0.59 0.57 0.55 0.53 0.51 0.49 0.46 0.41 0.36 0.32 0.28 0.29 0.37 0.50 0.57
1.50 1.23 1.09 1.20 1.14 0.99 0.84 0.72 0.64 0.56 0.48 0.47 0.51 0.55 0.58 0.56 0.55 0.56 0.54 0.52 0.53 0.55 0.57 0.56 0.50 0.54 0.63 0.65 0.67 0.70 0.69 0.68 0.67 0.69 0.72 0.79 0.86 0.88 0.86 0.84 0.81 0.79 0.78 0.80 0.82 0.82 0.79 0.78 0.82 0.82 0.76 0.66 0.59 0.58 0.61 0.64 0.65 0.66 0.66 0.66 0.66 0.65 0.65 0.65 0.64 0.64 0.63 0.62 0.61 0.60 0.58 0.56 0.54 0.52 0.50 0.47 0.44 0.39 0.33 0.28 0.24 0.28 0.42 0.54
1.53 1.34 1.14 1.17 1.15 1.04 0.85 0.71 0.67 0.60 0.53 0.51 0.52 0.57 0.59 0.57 0.56 0.57 0.55 0.52 0.52 0.51 0.53 0.54 0.48 0.49 0.59 0.64 0.65 0.69 0.70 0.70 0.70 0.72 0.74 0.76 0.79 0.81 0.81 0.79 0.77 0.75 0.74 0.75 0.77 0.78 0.78 0.77 0.78 0.80 0.80 0.77 0.70 0.63 0.61 0.64 0.65 0.66 0.66 0.66 0.65 0.65 0.65 0.65 0.64 0.64 0.63 0.62 0.62 0.60 0.59 0.57 0.55 0.53 0.51 0.49 0.45 0.41 0.36 0.29 0.24 0.25 0.33 0.45
1.57 1.42 1.20 1.16 1.18 1.07 0.85 0.73 0.69 0.62 0.56 0.53 0.52 0.57 0.61 0.60 0.57 0.58 0.57 0.54 0.52 0.49 0.49 0.50 0.48 0.45 0.52 0.60 0.63 0.66 0.68 0.70 0.70 0.74 0.79 0.81 0.80 0.81 0.78 0.74 0.71 0.71 0.71 0.72 0.73 0.74 0.74 0.74 0.72 0.70 0.70 0.73 0.73 0.68 0.63 0.64 0.65 0.65 0.65 0.65 0.65 0.65 0.65 0.65 0.64 0.64 0.64 0.63 0.62 0.61 0.60 0.58 0.56 0.54 0.52 0.50 0.47 0.43 0.38 0.31 0.25 0.24 0.28 0.40
1.70 1.50 1.22 1.14 1.15 1.08 0.87 0.78 0.75 0.67 0.58 0.54 0.54 0.56 0.61 0.62 0.60 0.61 0.61 0.57 0.53 0.49 0.48 0.47 0.43 0.41 0.47 0.56 0.62 0.63 0.63 0.67 0.67 0.70 0.79 0.86 0.88 0.90 0.86 0.78 0.69 0.66 0.68 0.72 0.75 0.76 0.77 0.77 0.74 0.67 0.63 0.65 0.67 0.67 0.65 0.64 0.64 0.65 0.65 0.64 0.64 0.64 0.64 0.64 0.64 0.64 0.64 0.63 0.62 0.61 0.60 0.59 0.57 0.55 0.53 0.51 0.48 0.44 0.39 0.32 0.24 0.21 0.24 0.40
1.85 1.55 1.23 1.14 1.08 1.06 0.94 0.85 0.84 0.76 0.61 0.55 0.56 0.55 0.61 0.63 0.62 0.66 0.66 0.62 0.56 0.51 0.51 0.48 0.36 0.34 0.46 0.56 0.62 0.64 0.62 0.64 0.64 0.63 0.68 0.79 0.87 0.94 0.98 0.93 0.80 0.67 0.64 0.69 0.75 0.79 0.80 0.80 0.78 0.71 0.63 0.60 0.62 0.64 0.65 0.64 0.63 0.63 0.63 0.63 0.63 0.63 0.63 0.64 0.64 0.64 0.64 0.63 0.63 0.62 0.61 0.59 0.58 0.56 0.54 0.52 0.49 0.45 0.40 0.33 0.23 0.15 0.16 0.31
1.93 1.59 1.22 1.11 1.01 1.02 1.03 0.98 0.93 0.86 0.69 0.59 0.57 0.55 0.61 0.65 0.66 0.71 0.73 0.70 0.61 0.55 0.57 0.49 0.33 0.32 0.45 0.56 0.62 0.65 0.65 0.65 0.64 0.62 0.60 0.64 0.70 0.81 0.94 1.00 0.95 0.81 0.69 0.67 0.73 0.81 0.85 0.84 0.81 0.77 0.69 0.62 0.59 0.62 0.64 0.65 0.64 0.62 0.60 0.59 0.60 0.61 0.62 0.63 0.64 0.64 0.64 0.64 0.63 0.62 0.61 0.60 0.59 0.57 0.55 0.53 0.50 0.47 0.42 0.35 0.25 0.14 0.11 0.24
1.82 1.57 1.22 1.08 0.99 0.96 1.02 1.06 1.02 0.98 0.86 0.67 0.58 0.58 0.60 0.64 0.70 0.77 0.80 0.77 0.66 0.60 0.59 0.50 0.38 0.37 0.46 0.56 0.61 0.65 0.67 0.67 0.67 0.66 0.64 0.62 0.60 0.65 0.78 0.92 0.95 0.88 0.77 0.69 0.70 0.77 0.86 0.89 0.85 0.80 0.74 0.68 0.63 0.62 0.65 0.68 0.70 0.68 0.62 0.56 0.53 0.57 0.60 0.62 0.63 0.64 0.64 0.64 0.63 0.63 0.62 0.61 0.59 0.58 0.56 0.54 0.52 0.48 0.44 0.39 0.30 0.20 0.15 0.24
1.65 1.47 1.23 1.10 0.98 0.89 0.91 1.00 1.05 1.10 1.04 0.77 0.62 0.61 0.61 0.63 0.71 0.82 0.90 0.85 0.70 0.60 0.57 0.53 0.46 0.44 0.50 0.57 0.62 0.65 0.67 0.68 0.68 0.68 0.69 0.68 0.62 0.59 0.67 0.83 0.92 0.88 0.80 0.72 0.68 0.71 0.80 0.89 0.90 0.82 0.76 0.70 0.66 0.63 0.64 0.70 0.75 0.77 0.72 0.57 0.48 0.52 0.58 0.61 0.63 0.64 0.64 0.64 0.63 0.63 0.62 0.61 0.60 0.59 0.57 0.55 0.53 0.50 0.47 0.42 0.36 0.28 0.22 0.26
1.52 1.39 1.26 1.22 1.12 0.94 0.86 0.93 1.05 1.19 1.18 0.93 0.74 0.70 0.69 0.70 0.75 0.85 0.98 0.97 0.69 0.54 0.57 0.59 0.54 0.51 0.54 0.59 0.62 0.65 0.67 0.69 0.69 0.67 0.68 0.71 0.68 0.63 0.62 0.73 0.89 0.92 0.85 0.76 0.69 0.68 0.73 0.83 0.89 0.86 0.77 0.69 0.64 0.60 0.60 0.68 0.78 0.83 0.84 0.71 0.53 0.50 0.56 0.61 0.63 0.63 0.64 0.64 0.63 0.63 0.62 0.62 0.60 0.59 0.58 0.56 0.54 0.52 0.49 0.45 0.41 0.35 0.29 0.29
1.34 1.28 1.27 1.35 1.38 1.26 1.13 1.16 1.30 1.48 1.43 1.12 0.90 0.81 0.77 0.76 0.79 0.88 1.08 1.12 0.83 0.55 0.56 0.61 0.56 0.54 0.57 0.61 0.63 0.65 0.67 0.69 0.69 0.67 0.67 0.69 0.70 0.67 0.63 0.63 0.76 0.92 0.94 0.83 0.73 0.67 0.69 0.77 0.85 0.87 0.79 0.69 0.61 0.55 0.51 0.59 0.73 0.81 0.87 0.83 0.67 0.56 0.57 0.60 0.62 0.63 0.64 0.64 0.63 0.63 0.63 0.62 0.61 0.60 0.59 0.57 0.56 0.53 0.51 0.48 0.45 0.40 0.35 0.33
1.11 1.10 1.14 1.26 1.38 1.40 1.37 1.38 1.48 1.69 1.81 1.59 1.37 1.31 1.26 1.21 1.12 1.13 1.23 1.27 1.12 0.71 0.63 0.62 0.58 0.57 0.60 0.63 0.65 0.66 0.68 0.69 0.69 0.66 0.64 0.66 0.68 0.68 0.67 0.62 0.64 0.81 0.98 0.95 0.81 0.71 0.69 0.73 0.82 0.88 0.84 0.71 0.56 0.51 0.45 0.46 0.60 0.71 0.77 0.80 0.73 0.61 0.58 0.61 0.62 0.63 0.63 0.64 0.63 0.63 0.63 0.62 0.61 0.60 0.59 0.58 0.57 0.55 0.53 0.51 0.49 0.45 0.42 0.39
0.91 0.94 0.99 1.06 1.16 1.18 1.15 1.10 1.08 1.33 1.71 1.79 1.72 1.66 1.64 1.59 1.50 1.41 1.43 1.42 1.23 1.00 0.84 0.71 0.62 0.60 0.61 0.64 0.66 0.68 0.70 0.72 0.70 0.64 0.60 0.63 0.67 0.67 0.67 0.64 0.59 0.67 0.90 1.04 0.95 0.84 0.76 0.75 0.82 0.88 0.91 0.78 0.54 0.50 0.49 0.46 0.53 0.62 0.67 0.71 0.70 0.63 0.60 0.61 0.62 0.62 0.63 0.63 0.63 0.63 0.63 0.62 0.62 0.61 0.60 0.59 0.58 0.56 0.55 0.53 0.52 0.50 0.48 0.46
0.73 0.82 0.91 0.96 1.04 1.01 0.90 0.74 0.62 0.77 1.10 1.32 1.28 1.10 1.06 1.19 1.38 1.47 1.60 1.45 1.21 1.16 0.96 0.76 0.62 0.59 0.61 0.63 0.66 0.70 0.75 0.77 0.75 0.65 0.59 0.61 0.65 0.66 0.66 0.63 0.57 0.56 0.73 0.97 1.06 1.02 0.94 0.88 0.88 0.91 0.95 0.89 0.65 0.55 0.56 0.53 0.54 0.58 0.61 0.65 0.66 0.62 0.60 0.61 0.61 0.62 0.62 0.63 0.63 0.63 0.63 0.62 0.62 0.61 0.61 0.60 0.59 0.58 0.56 0.55 0.54 0.53 0.52 0.51
0.53 0.68 0.85 0.93 1.04 1.04 0.91 0.69 0.48 0.45 0.63 0.84 0.85 0.81 0.83 1.03 1.20 1.50 1.70 1.33 1.13 1.17 1.02 0.79 0.59 0.54 0.56 0.61 0.64 0.68 0.77 0.82 0.80 0.71 0.61 0.59 0.63 0.64 0.64 0.62 0.56 0.49 0.56 0.75 0.93 1.02 1.04 1.02 0.99 0.98 0.99 0.96 0.80 0.65 0.63 0.60 0.57 0.57 0.57 0.59 0.62 0.60 0.59 0.60 0.60 0.61 0.61 0.62 0.62 0.62 0.62 0.62 0.62 0.61 0.61 0.60 0.59 0.59 0.58 0.57 0.56 0.55 0.54 0.54
0.44 0.55 0.76 0.86 0.99 1.07 1.01 0.84 0.63 0.50 0.54 0.56 0.57 0.72 0.83 1.02 1.21 1.51 1.70 1.43 1.21 1.19 1.16 0.88 0.57 0.48 0.52 0.58 0.62 0.64 0.71 0.78 0.80 0.75 0.65 0.60 0.61 0.62 0.60 0.59 0.56 0.48 0.47 0.59 0.73 0.82 0.91 0.98 0.99 0.98 0.97 0.96 0.88 0.74 0.69 0.68 0.62 0.58 0.57 0.56 0.56 0.56 0.57 0.58 0.58 0.59 0.60 0.61 0.62 0.62 0.62 0.62 0.62 0.61 0.61 0.61 0.60 0.59 0.59 0.58 0.57 0.57 0.56 0.56
0.36 0.40 0.63 0.70 0.81 0.95 0.97 0.92 0.82 0.67 0.59 0.51 0.48 0.60 0.83 1.04 1.25 1.41 1.32 1.35 1.34 1.29 1.29 0.98 0.61 0.51 0.54 0.58 0.61 0.66 0.70 0.73 0.76 0.75 0.69 0.64 0.63 0.61 0.57 0.55 0.54 0.49 0.44 0.51 0.63 0.69 0.77 0.88 0.94 0.95 0.92 0.92 0.90 0.81 0.74 0.73 0.70 0.64 0.59 0.57 0.55 0.55 0.55 0.55 0.55 0.56 0.58 0.59 0.60 0.61 0.61 0.61 0.61 0.61 0.61 0.61 0.60 0.60 0.59 0.59 0.58 0.58 0.58 0.58
0.27 0.27 0.52 0.59 0.66 0.72 0.74 0.81 0.82 0.74 0.68 0.60 0.52 0.58 0.81 1.10 1.26 1.18 1.04 1.10 1.27 1.36 1.34 1.14 0.80 0.66 0.63 0.61 0.63 0.68 0.72 0.72 0.72 0.72 0.69 0.66 0.66 0.63 0.57 0.50 0.49 0.47 0.43 0.46 0.59 0.69 0.76 0.85 0.92 0.94 0.92 0.90 0.90 0.88 0.81 0.77 0.75 0.72 0.64 0.59 0.58 0.58 0.57 0.55 0.52 0.52 0.53 0.56 0.58 0.60 0.60 0.60 0.61 0.61 0.61 0.61 0.60 0.60 0.60 0.59 0.59 0.59 0.59 0.58
0.29 0.34 0.53 0.60 0.64 0.66 0.67 0.73 0.76 0.73 0.72 0.66 0.59 0.64 0.79 1.04 1.22 1.09 0.90 0.93 1.10 1.26 1.29 1.09 0.86 0.76 0.71 0.67 0.66 0.70 0.73 0.74 0.72 0.69 0.65 0.64 0.65 0.65 0.61 0.51 0.44 0.43 0.41 0.41 0.53 0.67 0.76 0.82 0.88 0.92 0.94 0.91 0.88 0.90 0.88 0.83 0.80 0.79 0.72 0.62 0.60 0.63 0.64 0.62 0.56 0.51 0.50 0.51 0.54 0.58 0.59 0.60 0.60 0.60 0.60 0.60 0.60 0.60 0.60 0.59 0.59 0.59 0.59 0.59
0.40 0.44 0.57 0.64 0.65 0.66 0.69 0.71 0.72 0.71 0.72 0.68 0.63 0.69 0.82 0.99 1.17 1.08 0.86 0.96 1.11 1.18 1.17 1.05 0.90 0.80 0.75 0.72 0.69 0.71 0.76 0.78 0.74 0.70 0.64 0.59 0.59 0.62 0.63 0.54 0.42 0.39 0.38 0.36 0.43 0.59 0.73 0.78 0.82 0.87 0.92 0.92 0.89 0.88 0.89 0.87 0.84 0.85 0.81 0.69 0.61 0.62 0.66 0.69 0.64 0.56 0.52 0.50 0.50 0.55 0.58 0.58 0.58 0.59 0.60 0.60 0.60 0.60 0.59 0.59 0.59 0.59 0.59 0.59
0.52 0.54 0.61 0.67 0.67 0.68 0.70 0.71 0.70 0.70 0.70 0.68 0.63 0.66 0.82 1.02 1.16 1.13 1.01 1.09 1.22 1.12 1.07 1.06 0.96 0.87 0.81 0.75 0.71 0.73 0.79 0.82 0.79 0.75 0.67 0.59 0.55 0.57 0.60 0.55 0.42 0.36 0.35 0.33 0.35 0.50 0.67 0.77 0.80 0.84 0.88 0.92 0.91 0.90 0.90 0.87 0.85 0.87 0.87 0.81 0.70 0.64 0.66 0.71 0.71 0.64 0.56 0.52 0.50 0.53 0.57 0.57 0.55 0.57 0.58 0.59 0.59 0.59 0.59 0.58 0.58 0.58 0.58 0.59
0.64 0.64 0.66 0.69 0.70 0.71 0.72 0.71 0.71 0.70 0.69 0.67 0.60 0.56 0.64 0.83 1.04 1.06 1.02 1.18 1.31 1.17 1.10 1.09 1.01 0.95 0.91 0.82 0.74 0.77 0.81 0.83 0.84 0.80 0.72 0.62 0.55 0.54 0.55 0.52 0.42 0.34 0.32 0.30 0.29 0.37 0.54 0.69 0.77 0.83 0.86 0.89 0.90 0.89 0.93 0.91 0.88 0.87 0.88 0.87 0.81 0.73 0.71 0.74 0.76 0.71 0.62 0.57 0.54 0.56 0.61 0.58 0.53 0.53 0.55 0.57 0.57 0.57 0.57 0.57 0.57 0.57 0.57 0.58
0.74 0.72 0.72 0.72 0.72 0.73 0.73 0.72 0.71 0.70 0.68 0.64 0.57 0.52 0.54 0.65 0.87 0.94 0.94 1.12 1.23 1.21 1.19 1.14 1.06 1.02 1.03 0.95 0.84 0.84 0.83 0.83 0.87 0.84 0.77 0.69 0.60 0.53 0.51 0.49 0.41 0.33 0.29 0.27 0.24 0.27 0.40 0.55 0.68 0.79 0.85 0.88 0.89 0.87 0.88 0.91 0.91 0.90 0.89 0.88 0.84 0.78 0.74 0.76 0.79 0.77 0.69 0.62 0.59 0.62 0.68 0.67 0.58 0.52 0.52 0.54 0.54 0.54 0.54 0.55 0.55 0.55 0.56 0.56
0.80 0.77 0.75 0.77 0.77 0.76 0.74 0.72 0.72 0.74 0.71 0.65 0.60 0.55 0.55 0.62 0.76 0.86 0.90 1.00 1.06 1.12 1.18 1.17 1.11 1.10 1.14 1.10 1.00 0.97 0.90 0.87 0.86 0.85 0.83 0.78 0.67 0.55 0.48 0.45 0.39 0.32 0.27 0.25 0.21 0.21 0.29 0.42 0.56 0.71 0.83 0.88 0.91 0.91 0.87 0.85 0.88 0.91 0.93 0.91 0.86 0.81 0.78 0.77 0.78 0.79 0.74 0.67 0.64 0.67 0.72 0.76 0.73 0.60 0.55 0.55 0.54 0.51 0.51 0.52 0.52 0.52 0.53 0.54
0.86 0.82 0.78 0.81 0.84 0.82 0.78 0.74 0.74 0.78 0.76 0.71 0.65 0.60 0.59 0.61 0.70 0.80 0.83 0.88 0.96 1.05 1.07 1.09 1.15 1.16 1.20 1.21 1.19 1.12 1.03 0.94 0.84 0.83 0.89 0.89 0.75 0.57 0.47 0.41 0.36 0.30 0.27 0.24 0.19 0.17 0.20 0.31 0.43 0.57 0.74 0.84 0.90 0.96 0.96 0.89 0.85 0.87 0.92 0.94 0.90 0.84 0.82 0.81 0.79 0.79 0.76 0.68 0.65 0.70 0.75 0.78 0.82 0.77 0.69 0.65 0.59 0.52 0.51 0.52 0.50 0.46 0.48 0.51
0.88 0.86 0.82 0.85 0.89 0.88 0.85 0.79 0.78 0.85 0.86 0.81 0.76 0.71 0.68 0.64 0.68 0.75 0.75 0.78 0.91 1.05 0.97 0.92 1.09 1.21 1.23 1.27 1.37 1.31 1.14 1.00 0.81 0.81 0.98 0.98 0.78 0.56 0.47 0.41 0.33 0.28 0.26 0.22 0.17 0.13 0.14 0.22 0.34 0.46 0.61 0.73 0.81 0.90 0.98 0.99 0.92 0.88 0.90 0.93 0.94 0.89 0.84 0.84 0.83 0.81 0.80 0.72 0.64 0.69 0.78 0.80 0.81 0.83 0.80 0.75 0.68 0.58 0.55 0.58 0.54 0.44 0.41 0.45
0.87 0.86 0.86 0.89 0.91 0.93 0.94 0.89 0.88 0.92 0.96 0.90 0.81 0.79 0.80 0.74 0.70 0.71 0.72 0.75 0.87 1.03 0.94 0.77 0.90 1.14 1.22 1.23 1.44 1.50 1.23 1.05 0.81 0.85 1.09 1.02 0.76 0.56 0.50 0.43 0.30 0.25 0.25 0.21 0.16 0.12 0.09 0.14 0.26 0.39 0.53 0.65 0.72 0.78 0.89 0.98 1.00 0.96 0.92 0.93 0.97 0.97 0.88 0.83 0.84 0.82 0.81 0.78 0.68 0.65 0.76 0.85 0.84 0.82 0.83 0.82 0.77 0.67 0.59 0.61 0.62 0.51 0.40 0.39
0.85 0.84 0.87 0.91 0.93 0.94 0.96 0.95 0.92 0.91 0.97 0.96 0.85 0.84 0.88 0.83 0.73 0.68 0.75 0.86 0.95 1.00 0.89 0.71 0.70 0.94 1.14 1.17 1.40 1.55 1.31 1.12 0.92 0.93 1.19 1.06 0.74 0.59 0.52 0.44 0.30 0.26 0.25 0.19 0.14 0.12 0.08 0.08 0.17 0.31 0.46 0.61 0.71 0.75 0.80 0.88 0.97 1.01 0.97 0.93 0.98 1.05 0.99 0.87 0.86 0.84 0.78 0.78 0.73 0.66 0.71 0.85 0.90 0.85 0.84 0.85 0.84 0.77 0.66 0.62 0.65 0.61 0.48 0.38
0.84 0.83 0.86 0.88 0.87 0.87 0.87 0.89 0.91 0.90 0.95 0.97 0.88 0.87 0.93 0.90 0.73 0.60 0.75 0.99 1.11 1.05 0.82 0.67 0.61 0.72 0.95 1.12 1.42 1.60 1.37 1.16 1.05 1.09 1.28 1.10 0.77 0.64 0.53 0.41 0.35 0.34 0.29 0.18 0.11 0.09 0.07 0.07 0.11 0.22 0.36 0.52 0.67 0.76 0.79 0.82 0.90 1.00 1.00 0.91 0.93 1.05 1.08 0.98 0.93 0.91 0.81 0.74 0.72 0.69 0.69 0.82 0.93 0.91 0.87 0.87 0.86 0.83 0.76 0.68 0.65 0.65 0.57 0.43
0.81 0.83 0.85 0.87 0.86 0.85 0.85 0.86 0.89 0.89 0.94 0.98 0.89 0.86 0.95 0.95 0.72 0.52 0.69 1.01 1.27 1.23 0.82 0.60 0.59 0.62 0.73 0.92 1.31 1.66 1.57 1.23 1.08 1.20 1.36 1.16 0.84 0.66 0.52 0.42 0.39 0.43 0.40 0.23 0.11 0.07 0.05 0.06 0.10 0.16 0.27 0.41 0.56 0.72 0.79 0.80 0.85 0.96 1.01 0.93 0.88 0.97 1.07 1.06 1.02 1.01 0.95 0.80 0.70 0.67 0.68 0.78 0.91 0.93 0.92 0.91 0.88 0.86 0.83 0.76 0.70 0.67 0.61 0.50
0.81 0.82 0.84 0.87 0.87 0.86 0.86 0.88 0.90 0.89 0.95 1.06 0.97 0.85 0.95 0.98 0.71 0.47 0.61 0.98 1.34 1.46 1.06 0.60 0.58 0.65 0.61 0.63 0.89 1.41 1.69 1.48 1.17 1.21 1.35 1.20 0.93 0.70 0.52 0.45 0.42 0.46 0.49 0.37 0.17 0.07 0.05 0.06 0.09 0.12 0.20 0.33 0.48 0.64 0.76 0.78 0.81 0.93 1.03 0.99 0.91 0.93 1.02 1.06 1.05 1.07 1.08 0.98 0.81 0.68 0.66 0.73 0.85 0.92 0.94 0.95 0.92 0.88 0.90 0.88 0.79 0.71 0.63 0.55
0.89 0.86 0.84 0.87 0.89 0.86 0.84 0.86 0.91 0.91 0.95 1.09 1.06 0.90 0.97 1.01 0.71 0.44 0.57 0.90 1.28 1.60 1.43 0.80 0.63 0.75 0.68 0.61 0.63 0.91 1.44 1.64 1.45 1.32 1.34 1.16 0.94 0.76 0.57 0.48 0.45 0.47 0.51 0.46 0.27 0.14 0.11 0.10 0.11 0.13 0.16 0.25 0.40 0.58 0.73 0.77 0.78 0.87 1.01 1.04 0.97 0.94 1.01 1.04 1.01 1.05 1.12 1.11 1.02 0.86 0.76 0.77 0.83 0.89 0.96 0.99 0.95 0.89 0.90 0.94 0.94 0.81 0.66 0.59
