windninja/windninja_output/Output_2025-08-09_2200-2250_Google earth_Fire_150m_10min/merlingen_7.5mi_point_08-09-2025_2250_150m_vel.asc
ncols	158
nrows	163
xllcorner	391686.332397
yllcorner	5160024.123721
cellsize	150.000000
NODATA_value	-32768.000000
[rows 76 to 113 of 163, columns 0 to 83 of 158]
0.42 0.37 0.29 0.23 0.20 0.19 0.18 0.18 0.18 0.19 0.20 0.21 0.22 0.23 0.24 0.25 0.26 0.27 0.28 0.29 0.30 0.31 0.32 0.33 0.33 0.31 0.31 0.33 0.36 0.42 0.46 0.46 0.46 0.45 0.42 0.38 0.36 0.35 0.35 0.35 0.36 0.37 0.38 0.39 0.39 0.40 0.40 0.40 0.40 0.41 0.41 0.41 0.41 0.41 0.41 0.41 0.41 0.41 0.41 0.41 0.40 0.40 0.40 0.39 0.39 0.38 0.37 0.36 0.35 0.34 0.33 0.31 0.29 0.25 0.21 0.21 0.23 0.26 0.30 0.36 0.43 0.51 0.58 0.57
0.48 0.43 0.35 0.28 0.23 0.20 0.17 0.16 0.16 0.17 0.19 0.20 0.22 0.23 0.24 0.24 0.25 0.26 0.28 0.29 0.30 0.31 0.32 0.33 0.33 0.33 0.32 0.32 0.32 0.36 0.43 0.47 0.47 0.47 0.46 0.41 0.38 0.36 0.35 0.35 0.35 0.37 0.38 0.39 0.40 0.40 0.40 0.41 0.41 0.41 0.41 0.41 0.41 0.41 0.41 0.42 0.42 0.42 0.42 0.42 0.41 0.41 0.41 0.40 0.40 0.39 0.39 0.38 0.37 0.36 0.35 0.33 0.31 0.28 0.24 0.21 0.20 0.20 0.24 0.34 0.43 0.47 0.52 0.55
0.55 0.46 0.38 0.36 0.30 0.22 0.16 0.14 0.14 0.15 0.16 0.19 0.21 0.23 0.24 0.24 0.25 0.26 0.27 0.28 0.29 0.30 0.31 0.32 0.33 0.35 0.36 0.34 0.32 0.33 0.39 0.46 0.49 0.49 0.49 0.47 0.42 0.40 0.38 0.35 0.34 0.36 0.38 0.39 0.40 0.40 0.41 0.41 0.41 0.41 0.41 0.41 0.41 0.42 0.42 0.42 0.42 0.42 0.42 0.42 0.42 0.42 0.42 0.42 0.41 0.41 0.40 0.39 0.39 0.38 0.36 0.35 0.33 0.31 0.28 0.24 0.20 0.18 0.20 0.31 0.42 0.45 0.49 0.55
0.61 0.50 0.40 0.46 0.39 0.26 0.16 0.11 0.12 0.12 0.14 0.18 0.21 0.23 0.24 0.24 0.25 0.25 0.26 0.28 0.29 0.30 0.31 0.31 0.31 0.34 0.38 0.38 0.36 0.34 0.36 0.43 0.48 0.50 0.50 0.49 0.46 0.44 0.42 0.38 0.34 0.35 0.37 0.39 0.40 0.40 0.41 0.41 0.41 0.41 0.41 0.41 0.41 0.42 0.42 0.42 0.43 0.43 0.43 0.43 0.43 0.43 0.43 0.42 0.42 0.42 0.41 0.41 0.40 0.39 0.38 0.36 0.35 0.34 0.31 0.28 0.23 0.19 0.19 0.27 0.38 0.43 0.48 0.56
0.60 0.52 0.45 0.46 0.45 0.34 0.17 0.12 0.13 0.13 0.14 0.18 0.21 0.23 0.24 0.25 0.25 0.25 0.26 0.27 0.29 0.30 0.31 0.31 0.29 0.32 0.37 0.40 0.39 0.36 0.35 0.39 0.45 0.51 0.53 0.52 0.48 0.47 0.48 0.44 0.38 0.35 0.36 0.38 0.38 0.39 0.40 0.40 0.40 0.39 0.39 0.40 0.41 0.41 0.42 0.43 0.43 0.43 0.43 0.43 0.44 0.43 0.43 0.43 0.43 0.43 0.42 0.42 0.41 0.40 0.39 0.38 0.37 0.35 0.33 0.31 0.27 0.22 0.20 0.24 0.33 0.40 0.46 0.51
0.54 0.47 0.38 0.39 0.42 0.40 0.32 0.26 0.22 0.20 0.18 0.19 0.22 0.24 0.24 0.25 0.25 0.25 0.25 0.26 0.28 0.29 0.31 0.31 0.29 0.30 0.34 0.38 0.39 0.38 0.37 0.38 0.41 0.47 0.53 0.56 0.53 0.49 0.50 0.50 0.46 0.40 0.39 0.39 0.38 0.38 0.37 0.38 0.39 0.37 0.35 0.36 0.39 0.41 0.42 0.43 0.43 0.44 0.44 0.44 0.44 0.44 0.44 0.44 0.44 0.43 0.43 0.43 0.42 0.41 0.40 0.39 0.38 0.37 0.35 0.33 0.30 0.26 0.23 0.24 0.29 0.37 0.43 0.46
0.55 0.44 0.34 0.36 0.38 0.40 0.39 0.36 0.31 0.27 0.23 0.22 0.23 0.25 0.26 0.25 0.25 0.25 0.25 0.25 0.26 0.28 0.30 0.30 0.29 0.30 0.33 0.36 0.38 0.39 0.38 0.36 0.37 0.39 0.45 0.52 0.55 0.52 0.51 0.51 0.51 0.48 0.47 0.46 0.45 0.43 0.41 0.42 0.44 0.41 0.36 0.34 0.35 0.38 0.41 0.43 0.43 0.44 0.44 0.44 0.44 0.44 0.44 0.44 0.44 0.44 0.44 0.43 0.43 0.42 0.41 0.40 0.39 0.38 0.37 0.35 0.32 0.29 0.26 0.24 0.25 0.31 0.40 0.45
0.56 0.46 0.41 0.43 0.43 0.41 0.38 0.36 0.33 0.30 0.26 0.24 0.24 0.25 0.26 0.26 0.25 0.25 0.25 0.24 0.25 0.26 0.28 0.29 0.28 0.30 0.34 0.36 0.37 0.39 0.39 0.38 0.37 0.38 0.39 0.43 0.48 0.51 0.51 0.50 0.50 0.50 0.51 0.52 0.53 0.53 0.53 0.52 0.54 0.54 0.50 0.44 0.39 0.38 0.41 0.43 0.44 0.44 0.44 0.45 0.45 0.45 0.45 0.45 0.45 0.45 0.44 0.44 0.44 0.43 0.42 0.41 0.40 0.39 0.38 0.36 0.34 0.31 0.27 0.24 0.22 0.25 0.35 0.43
0.52 0.49 0.45 0.46 0.47 0.43 0.37 0.33 0.32 0.29 0.26 0.25 0.25 0.26 0.27 0.26 0.25 0.26 0.25 0.24 0.24 0.25 0.26 0.28 0.27 0.28 0.33 0.36 0.37 0.39 0.40 0.40 0.41 0.41 0.41 0.42 0.43 0.45 0.46 0.47 0.47 0.47 0.47 0.48 0.49 0.50 0.50 0.50 0.50 0.53 0.54 0.53 0.48 0.43 0.42 0.43 0.44 0.44 0.45 0.45 0.45 0.45 0.45 0.45 0.45 0.45 0.45 0.45 0.44 0.44 0.43 0.42 0.41 0.40 0.39 0.37 0.35 0.32 0.29 0.25 0.22 0.23 0.29 0.37
0.47 0.46 0.44 0.44 0.46 0.44 0.37 0.33 0.31 0.29 0.26 0.25 0.26 0.27 0.29 0.28 0.27 0.27 0.26 0.25 0.24 0.23 0.23 0.25 0.25 0.25 0.29 0.34 0.36 0.37 0.39 0.41 0.42 0.44 0.47 0.47 0.46 0.46 0.44 0.43 0.43 0.44 0.45 0.45 0.45 0.45 0.45 0.45 0.44 0.43 0.45 0.48 0.49 0.46 0.44 0.43 0.44 0.44 0.45 0.45 0.45 0.45 0.45 0.46 0.46 0.46 0.46 0.45 0.45 0.45 0.44 0.43 0.42 0.41 0.40 0.38 0.36 0.34 0.31 0.27 0.24 0.24 0.26 0.33
0.50 0.48 0.44 0.42 0.45 0.44 0.37 0.34 0.33 0.30 0.27 0.26 0.26 0.27 0.29 0.30 0.29 0.29 0.28 0.26 0.24 0.22 0.21 0.21 0.21 0.24 0.28 0.32 0.35 0.36 0.37 0.40 0.41 0.43 0.49 0.53 0.54 0.54 0.51 0.46 0.41 0.40 0.43 0.46 0.47 0.47 0.47 0.47 0.45 0.41 0.40 0.41 0.44 0.45 0.44 0.43 0.44 0.44 0.44 0.44 0.45 0.45 0.45 0.46 0.46 0.46 0.46 0.46 0.46 0.45 0.45 0.44 0.43 0.42 0.41 0.39 0.37 0.35 0.32 0.27 0.23 0.22 0.24 0.33
0.60 0.53 0.44 0.42 0.42 0.44 0.41 0.38 0.37 0.34 0.29 0.27 0.27 0.27 0.29 0.31 0.31 0.32 0.31 0.29 0.26 0.23 0.22 0.20 0.19 0.24 0.30 0.34 0.37 0.38 0.37 0.38 0.38 0.38 0.42 0.49 0.54 0.59 0.61 0.58 0.49 0.42 0.41 0.44 0.48 0.49 0.50 0.49 0.48 0.44 0.40 0.39 0.40 0.43 0.43 0.43 0.42 0.42 0.43 0.43 0.44 0.45 0.45 0.46 0.46 0.46 0.46 0.46 0.46 0.46 0.45 0.45 0.44 0.43 0.41 0.40 0.38 0.36 0.32 0.28 0.21 0.17 0.17 0.25
0.71 0.57 0.44 0.43 0.42 0.45 0.47 0.45 0.43 0.40 0.33 0.28 0.28 0.28 0.31 0.33 0.33 0.35 0.35 0.33 0.29 0.26 0.27 0.27 0.27 0.28 0.32 0.36 0.38 0.40 0.40 0.39 0.39 0.37 0.36 0.38 0.43 0.51 0.59 0.63 0.60 0.52 0.45 0.44 0.47 0.52 0.54 0.53 0.51 0.49 0.44 0.40 0.39 0.41 0.43 0.43 0.43 0.41 0.40 0.41 0.42 0.43 0.45 0.46 0.46 0.47 0.47 0.47 0.47 0.46 0.46 0.45 0.44 0.43 0.42 0.41 0.39 0.37 0.34 0.29 0.22 0.14 0.10 0.17
0.72 0.61 0.48 0.45 0.43 0.43 0.47 0.49 0.48 0.47 0.41 0.33 0.30 0.30 0.32 0.34 0.36 0.38 0.39 0.36 0.32 0.31 0.34 0.35 0.33 0.32 0.34 0.37 0.39 0.40 0.41 0.41 0.41 0.40 0.39 0.36 0.35 0.39 0.48 0.56 0.58 0.56 0.50 0.45 0.46 0.50 0.55 0.57 0.55 0.52 0.49 0.46 0.43 0.43 0.45 0.48 0.48 0.46 0.41 0.37 0.37 0.41 0.44 0.45 0.46 0.47 0.47 0.47 0.47 0.47 0.46 0.46 0.45 0.44 0.43 0.42 0.40 0.38 0.35 0.31 0.25 0.17 0.11 0.15
0.67 0.60 0.52 0.47 0.43 0.40 0.42 0.48 0.51 0.54 0.50 0.39 0.33 0.33 0.33 0.34 0.38 0.42 0.44 0.40 0.34 0.35 0.39 0.40 0.37 0.35 0.36 0.38 0.39 0.41 0.42 0.42 0.42 0.42 0.43 0.42 0.38 0.36 0.41 0.51 0.56 0.54 0.51 0.47 0.44 0.46 0.52 0.57 0.58 0.54 0.50 0.48 0.46 0.45 0.47 0.50 0.53 0.53 0.49 0.39 0.34 0.39 0.43 0.45 0.46 0.47 0.47 0.47 0.47 0.47 0.47 0.46 0.46 0.45 0.44 0.43 0.41 0.39 0.37 0.34 0.29 0.23 0.17 0.18
0.62 0.59 0.58 0.57 0.52 0.45 0.42 0.48 0.55 0.61 0.59 0.49 0.42 0.40 0.40 0.40 0.42 0.46 0.49 0.44 0.36 0.39 0.43 0.44 0.40 0.38 0.38 0.39 0.40 0.41 0.42 0.42 0.42 0.41 0.42 0.44 0.43 0.39 0.39 0.46 0.56 0.58 0.54 0.48 0.44 0.44 0.47 0.53 0.57 0.56 0.51 0.47 0.44 0.43 0.45 0.51 0.56 0.59 0.60 0.52 0.41 0.39 0.43 0.45 0.47 0.47 0.48 0.48 0.48 0.48 0.47 0.47 0.46 0.46 0.45 0.44 0.42 0.41 0.39 0.36 0.33 0.28 0.23 0.22
0.57 0.58 0.63 0.70 0.72 0.68 0.66 0.71 0.78 0.84 0.77 0.61 0.52 0.47 0.45 0.44 0.46 0.51 0.60 0.62 0.51 0.43 0.41 0.43 0.40 0.39 0.39 0.40 0.40 0.41 0.42 0.42 0.42 0.41 0.41 0.43 0.44 0.43 0.40 0.40 0.49 0.59 0.60 0.53 0.47 0.43 0.44 0.49 0.54 0.55 0.50 0.44 0.41 0.39 0.39 0.45 0.54 0.59 0.63 0.61 0.51 0.44 0.43 0.46 0.47 0.47 0.48 0.48 0.48 0.48 0.48 0.47 0.47 0.46 0.46 0.45 0.44 0.42 0.40 0.38 0.36 0.32 0.28 0.25
0.48 0.52 0.60 0.69 0.77 0.81 0.84 0.89 0.95 1.02 1.04 0.94 0.84 0.82 0.80 0.76 0.72 0.73 0.75 0.75 0.70 0.49 0.43 0.42 0.40 0.39 0.40 0.41 0.41 0.41 0.42 0.42 0.41 0.40 0.40 0.42 0.43 0.44 0.43 0.40 0.42 0.53 0.64 0.61 0.52 0.46 0.44 0.47 0.52 0.55 0.52 0.44 0.37 0.36 0.34 0.34 0.42 0.49 0.54 0.58 0.54 0.47 0.45 0.46 0.47 0.47 0.48 0.48 0.48 0.48 0.48 0.48 0.47 0.47 0.46 0.46 0.45 0.44 0.42 0.41 0.39 0.36 0.33 0.30
0.42 0.46 0.53 0.59 0.64 0.67 0.70 0.72 0.73 0.85 1.02 1.09 1.08 1.07 1.07 1.03 0.97 0.91 0.85 0.81 0.75 0.63 0.54 0.46 0.42 0.40 0.40 0.41 0.42 0.43 0.43 0.43 0.41 0.38 0.38 0.40 0.42 0.43 0.43 0.42 0.40 0.46 0.60 0.69 0.64 0.56 0.50 0.49 0.53 0.57 0.58 0.51 0.38 0.37 0.36 0.32 0.35 0.42 0.47 0.51 0.51 0.47 0.46 0.46 0.47 0.47 0.48 0.48 0.48 0.48 0.48 0.48 0.48 0.47 0.47 0.46 0.46 0.45 0.44 0.43 0.41 0.40 0.38 0.37
0.37 0.41 0.49 0.52 0.54 0.54 0.52 0.47 0.44 0.51 0.66 0.78 0.77 0.67 0.66 0.71 0.81 0.83 0.88 0.82 0.73 0.70 0.59 0.48 0.40 0.39 0.39 0.41 0.42 0.45 0.47 0.47 0.45 0.40 0.37 0.38 0.41 0.42 0.42 0.41 0.39 0.40 0.50 0.66 0.73 0.71 0.66 0.61 0.60 0.61 0.65 0.62 0.48 0.42 0.41 0.38 0.38 0.40 0.43 0.46 0.48 0.46 0.45 0.46 0.46 0.47 0.47 0.48 0.48 0.48 0.48 0.48 0.48 0.48 0.48 0.47 0.47 0.46 0.45 0.44 0.43 0.42 0.42 0.41
0.35 0.36 0.44 0.49 0.54 0.55 0.50 0.40 0.30 0.26 0.32 0.44 0.47 0.46 0.46 0.55 0.64 0.79 0.91 0.75 0.66 0.68 0.61 0.48 0.37 0.34 0.36 0.39 0.41 0.44 0.48 0.51 0.50 0.44 0.39 0.37 0.39 0.40 0.41 0.40 0.38 0.35 0.39 0.52 0.65 0.72 0.75 0.73 0.71 0.69 0.69 0.68 0.59 0.48 0.46 0.43 0.40 0.40 0.41 0.42 0.45 0.45 0.44 0.45 0.46 0.46 0.47 0.48 0.48 0.48 0.48 0.48 0.48 0.48 0.48 0.48 0.47 0.47 0.46 0.46 0.45 0.44 0.44 0.44
0.41 0.35 0.39 0.44 0.50 0.54 0.53 0.45 0.34 0.26 0.26 0.28 0.30 0.40 0.45 0.54 0.63 0.79 0.92 0.80 0.69 0.69 0.67 0.50 0.33 0.30 0.33 0.37 0.40 0.40 0.43 0.47 0.49 0.46 0.41 0.37 0.37 0.38 0.38 0.38 0.37 0.34 0.33 0.41 0.50 0.57 0.64 0.68 0.68 0.67 0.67 0.68 0.63 0.54 0.50 0.49 0.44 0.41 0.40 0.40 0.41 0.42 0.43 0.43 0.44 0.45 0.46 0.47 0.48 0.48 0.48 0.48 0.48 0.48 0.48 0.48 0.48 0.47 0.47 0.47 0.46 0.46 0.46 0.46
0.45 0.31 0.27 0.30 0.37 0.46 0.49 0.48 0.42 0.35 0.29 0.25 0.25 0.32 0.43 0.54 0.65 0.75 0.73 0.77 0.77 0.75 0.74 0.55 0.37 0.35 0.36 0.37 0.38 0.40 0.41 0.43 0.45 0.45 0.42 0.39 0.38 0.36 0.34 0.35 0.36 0.34 0.32 0.36 0.42 0.46 0.50 0.57 0.62 0.63 0.63 0.64 0.64 0.58 0.53 0.53 0.51 0.46 0.43 0.42 0.40 0.40 0.40 0.40 0.41 0.43 0.44 0.45 0.47 0.47 0.48 0.48 0.48 0.48 0.48 0.48 0.48 0.48 0.48 0.48 0.47 0.47 0.47 0.47
0.44 0.23 0.14 0.20 0.26 0.31 0.34 0.39 0.41 0.38 0.35 0.31 0.27 0.31 0.43 0.58 0.67 0.64 0.58 0.62 0.73 0.79 0.77 0.68 0.53 0.45 0.41 0.39 0.39 0.41 0.42 0.42 0.42 0.43 0.42 0.41 0.40 0.38 0.34 0.31 0.31 0.32 0.31 0.33 0.41 0.47 0.50 0.56 0.62 0.64 0.64 0.63 0.64 0.63 0.59 0.56 0.55 0.53 0.47 0.44 0.44 0.43 0.42 0.40 0.39 0.39 0.41 0.43 0.45 0.47 0.47 0.48 0.48 0.48 0.48 0.48 0.48 0.48 0.48 0.48 0.48 0.48 0.48 0.48
0.36 0.20 0.16 0.21 0.25 0.28 0.30 0.34 0.37 0.37 0.37 0.35 0.32 0.34 0.43 0.56 0.66 0.60 0.51 0.53 0.63 0.71 0.74 0.67 0.56 0.49 0.45 0.42 0.40 0.42 0.43 0.43 0.41 0.39 0.38 0.38 0.39 0.39 0.37 0.31 0.28 0.29 0.29 0.30 0.38 0.47 0.52 0.56 0.60 0.64 0.66 0.65 0.64 0.66 0.65 0.62 0.59 0.58 0.53 0.47 0.46 0.48 0.49 0.46 0.42 0.38 0.38 0.40 0.42 0.45 0.46 0.47 0.47 0.48 0.48 0.48 0.48 0.48 0.48 0.48 0.48 0.48 0.49 0.49
0.29 0.21 0.21 0.25 0.27 0.29 0.32 0.34 0.35 0.36 0.37 0.37 0.35 0.38 0.46 0.55 0.65 0.62 0.51 0.56 0.62 0.65 0.68 0.64 0.56 0.50 0.47 0.44 0.42 0.43 0.45 0.45 0.42 0.39 0.35 0.33 0.33 0.36 0.37 0.32 0.26 0.26 0.26 0.26 0.32 0.42 0.50 0.54 0.57 0.62 0.66 0.67 0.65 0.65 0.66 0.65 0.63 0.64 0.61 0.53 0.47 0.48 0.51 0.53 0.49 0.43 0.40 0.39 0.39 0.43 0.45 0.46 0.46 0.47 0.48 0.48 0.48 0.48 0.48 0.48 0.48 0.48 0.49 0.49
0.29 0.25 0.25 0.29 0.30 0.32 0.33 0.35 0.36 0.36 0.37 0.37 0.35 0.39 0.49 0.60 0.68 0.68 0.63 0.65 0.69 0.65 0.65 0.65 0.59 0.54 0.49 0.46 0.43 0.44 0.46 0.47 0.45 0.41 0.36 0.31 0.29 0.31 0.33 0.31 0.25 0.23 0.24 0.24 0.27 0.37 0.48 0.55 0.58 0.61 0.64 0.67 0.67 0.67 0.67 0.65 0.65 0.66 0.67 0.63 0.55 0.50 0.52 0.55 0.55 0.49 0.44 0.41 0.40 0.42 0.44 0.44 0.43 0.45 0.46 0.47 0.47 0.47 0.48 0.48 0.48 0.48 0.48 0.49
0.35 0.33 0.32 0.33 0.34 0.35 0.36 0.36 0.37 0.37 0.37 0.37 0.34 0.33 0.38 0.49 0.61 0.64 0.62 0.70 0.76 0.70 0.67 0.66 0.62 0.59 0.56 0.50 0.45 0.45 0.47 0.48 0.48 0.45 0.39 0.33 0.28 0.27 0.28 0.28 0.24 0.20 0.20 0.20 0.22 0.28 0.40 0.51 0.57 0.61 0.63 0.66 0.67 0.67 0.70 0.70 0.67 0.67 0.68 0.68 0.64 0.58 0.56 0.58 0.59 0.55 0.49 0.45 0.44 0.45 0.47 0.45 0.41 0.41 0.44 0.45 0.46 0.46 0.46 0.47 0.47 0.47 0.48 0.48
0.41 0.39 0.37 0.37 0.37 0.37 0.37 0.38 0.37 0.37 0.37 0.35 0.32 0.28 0.28 0.34 0.48 0.53 0.54 0.65 0.73 0.73 0.73 0.70 0.66 0.64 0.64 0.59 0.51 0.50 0.49 0.48 0.50 0.48 0.43 0.38 0.30 0.26 0.25 0.24 0.21 0.17 0.16 0.17 0.17 0.21 0.29 0.41 0.51 0.59 0.63 0.66 0.67 0.66 0.67 0.70 0.71 0.70 0.69 0.68 0.66 0.62 0.59 0.60 0.62 0.61 0.56 0.51 0.49 0.51 0.54 0.53 0.45 0.40 0.40 0.42 0.43 0.43 0.44 0.45 0.45 0.46 0.47 0.47
0.47 0.44 0.42 0.42 0.41 0.40 0.39 0.39 0.39 0.39 0.38 0.35 0.32 0.29 0.29 0.32 0.41 0.47 0.51 0.58 0.63 0.68 0.72 0.72 0.70 0.69 0.71 0.68 0.62 0.58 0.53 0.50 0.49 0.48 0.47 0.43 0.35 0.27 0.22 0.21 0.19 0.16 0.14 0.14 0.14 0.17 0.23 0.33 0.44 0.55 0.63 0.67 0.70 0.70 0.67 0.65 0.68 0.71 0.72 0.71 0.67 0.64 0.61 0.61 0.62 0.62 0.60 0.55 0.53 0.55 0.58 0.61 0.58 0.47 0.43 0.43 0.42 0.40 0.40 0.41 0.42 0.43 0.44 0.45
0.52 0.49 0.46 0.46 0.47 0.46 0.43 0.41 0.41 0.43 0.42 0.39 0.36 0.33 0.32 0.33 0.39 0.45 0.48 0.53 0.58 0.64 0.65 0.69 0.73 0.74 0.76 0.77 0.74 0.69 0.62 0.55 0.49 0.48 0.51 0.49 0.39 0.28 0.22 0.19 0.17 0.15 0.14 0.13 0.12 0.13 0.18 0.26 0.35 0.46 0.58 0.65 0.70 0.75 0.75 0.70 0.66 0.68 0.72 0.74 0.71 0.67 0.65 0.64 0.63 0.63 0.62 0.56 0.54 0.58 0.61 0.63 0.66 0.63 0.56 0.52 0.47 0.42 0.41 0.42 0.40 0.38 0.40 0.43
0.57 0.54 0.50 0.50 0.52 0.51 0.49 0.46 0.46 0.50 0.51 0.49 0.46 0.43 0.40 0.37 0.40 0.44 0.45 0.48 0.56 0.64 0.60 0.58 0.70 0.78 0.79 0.81 0.86 0.81 0.69 0.60 0.49 0.49 0.56 0.54 0.41 0.29 0.23 0.19 0.15 0.13 0.14 0.13 0.12 0.13 0.16 0.22 0.30 0.38 0.48 0.57 0.63 0.71 0.77 0.78 0.73 0.70 0.71 0.74 0.74 0.70 0.67 0.67 0.67 0.65 0.65 0.59 0.54 0.57 0.64 0.65 0.66 0.67 0.65 0.61 0.55 0.48 0.45 0.47 0.44 0.36 0.34 0.38
0.58 0.57 0.55 0.55 0.56 0.57 0.59 0.57 0.56 0.58 0.60 0.56 0.51 0.49 0.49 0.45 0.43 0.44 0.45 0.47 0.54 0.63 0.59 0.50 0.59 0.74 0.79 0.80 0.92 0.94 0.76 0.65 0.52 0.53 0.63 0.57 0.42 0.32 0.27 0.22 0.14 0.12 0.13 0.13 0.13 0.14 0.15 0.19 0.27 0.35 0.44 0.52 0.57 0.62 0.70 0.78 0.80 0.76 0.74 0.75 0.78 0.77 0.70 0.67 0.68 0.66 0.66 0.64 0.57 0.55 0.63 0.70 0.68 0.67 0.68 0.67 0.63 0.55 0.49 0.51 0.51 0.43 0.33 0.33
0.59 0.57 0.57 0.59 0.60 0.61 0.63 0.62 0.59 0.57 0.60 0.59 0.53 0.53 0.55 0.52 0.46 0.44 0.50 0.56 0.59 0.62 0.56 0.47 0.47 0.62 0.75 0.77 0.90 0.98 0.83 0.72 0.60 0.59 0.69 0.61 0.43 0.35 0.30 0.25 0.18 0.14 0.12 0.11 0.12 0.14 0.15 0.18 0.23 0.31 0.41 0.51 0.58 0.61 0.64 0.71 0.78 0.81 0.78 0.76 0.80 0.85 0.80 0.71 0.70 0.68 0.64 0.64 0.61 0.56 0.59 0.70 0.73 0.69 0.69 0.70 0.69 0.63 0.55 0.52 0.54 0.51 0.40 0.32
0.60 0.59 0.58 0.58 0.56 0.55 0.54 0.55 0.56 0.56 0.59 0.60 0.55 0.55 0.58 0.56 0.47 0.42 0.53 0.66 0.72 0.66 0.53 0.44 0.41 0.48 0.64 0.76 0.94 1.03 0.88 0.76 0.69 0.70 0.76 0.64 0.45 0.37 0.32 0.28 0.26 0.22 0.16 0.10 0.10 0.13 0.16 0.18 0.21 0.26 0.35 0.46 0.57 0.63 0.65 0.67 0.73 0.80 0.80 0.75 0.76 0.85 0.87 0.79 0.75 0.74 0.66 0.61 0.60 0.58 0.58 0.68 0.76 0.74 0.72 0.71 0.70 0.69 0.63 0.57 0.54 0.54 0.48 0.37
0.60 0.59 0.58 0.57 0.54 0.53 0.53 0.54 0.55 0.56 0.60 0.62 0.56 0.54 0.60 0.60 0.48 0.39 0.51 0.69 0.84 0.80 0.53 0.41 0.41 0.42 0.50 0.64 0.89 1.11 1.04 0.81 0.72 0.78 0.84 0.70 0.51 0.40 0.35 0.33 0.32 0.33 0.29 0.17 0.12 0.13 0.15 0.17 0.20 0.24 0.30 0.39 0.50 0.60 0.66 0.67 0.70 0.78 0.81 0.75 0.72 0.79 0.87 0.87 0.83 0.83 0.78 0.66 0.58 0.57 0.58 0.65 0.74 0.77 0.76 0.74 0.72 0.71 0.69 0.63 0.58 0.56 0.51 0.43
0.60 0.58 0.57 0.57 0.57 0.55 0.56 0.57 0.58 0.58 0.62 0.68 0.62 0.55 0.61 0.63 0.48 0.38 0.47 0.70 0.92 0.99 0.71 0.42 0.42 0.45 0.41 0.42 0.60 0.96 1.14 1.00 0.78 0.78 0.83 0.75 0.60 0.47 0.39 0.36 0.34 0.36 0.35 0.28 0.18 0.15 0.15 0.17 0.19 0.22 0.27 0.35 0.45 0.56 0.64 0.66 0.68 0.76 0.84 0.81 0.75 0.77 0.83 0.86 0.86 0.88 0.89 0.81 0.67 0.57 0.55 0.60 0.69 0.75 0.78 0.78 0.76 0.73 0.75 0.73 0.66 0.60 0.53 0.47
0.65 0.62 0.58 0.58 0.58 0.56 0.55 0.57 0.60 0.61 0.64 0.72 0.70 0.60 0.63 0.65 0.49 0.37 0.48 0.69 0.92 1.11 1.00 0.58 0.46 0.51 0.45 0.40 0.41 0.61 0.98 1.12 0.98 0.84 0.80 0.71 0.62 0.54 0.43 0.38 0.36 0.36 0.37 0.33 0.25 0.21 0.19 0.20 0.21 0.22 0.25 0.31 0.41 0.53 0.62 0.65 0.66 0.73 0.83 0.86 0.81 0.79 0.83 0.86 0.84 0.87 0.93 0.92 0.85 0.72 0.64 0.65 0.69 0.74 0.80 0.82 0.79 0.74 0.75 0.79 0.78 0.68 0.56 0.50
