windninja/windninja_output/Output_2025-08-24_2300-2350_Google earth_Fire_150m_10min/merlingen_7.5mi_point_08-24-2025_2330_150m_ang.asc
ncols	158
nrows	163
xllcorner	391686.332397
yllcorner	5160024.123721
cellsize	150.000000
NODATA_value	-32768.000000
[rows 42 to 83 of 163, columns 0 to 93 of 158]
218 218 218 218 218 218 217 217 217 216 214 215 214 214 213 213 212 212 211 211 210 209 208 208 206 205 203 201 198 199 203 204 203 202 200 200 203 203 201 200 200 202 203 201 197 194 196 200 200 199 202 201 195 192 197 204 206 207 213 218 217 211 208 209 208 204 200 199 197 197 201 201 196 188 183 184 185 185 187 195 200 199 199 199 195 194 197 200 197 193 193 198 206 209
217 218 218 218 217 217 217 217 217 216 215 215 214 214 214 213 213 212 212 211 210 209 208 208 207 206 204 202 200 200 203 204 202 198 195 194 195 196 195 197 201 205 204 201 198 199 203 206 206 204 203 202 199 197 201 207 210 213 216 219 216 210 205 204 204 201 194 193 196 197 197 196 194 188 185 187 189 189 191 194 197 197 196 193 192 197 204 206 203 199 197 197 202 206
218 218 218 218 217 217 217 217 217 216 215 215 215 214 214 214 213 213 212 211 211 210 209 208 208 206 205 204 202 202 203 203 201 197 192 189 190 193 196 200 204 206 205 203 203 206 209 209 205 200 200 202 201 201 205 210 213 214 215 215 212 208 204 200 197 196 193 192 194 195 195 196 196 193 192 194 194 194 195 196 195 192 189 191 197 205 207 208 208 206 202 198 200 205
218 218 217 218 218 218 218 217 216 216 216 215 215 214 214 214 213 212 212 211 211 210 209 209 208 207 206 205 204 203 203 202 200 196 192 189 189 193 198 201 203 204 206 206 206 208 208 205 200 197 200 205 207 208 211 215 216 214 212 209 206 203 199 193 191 191 193 195 194 195 198 200 201 201 201 201 198 196 197 195 191 187 189 198 207 208 208 208 210 210 206 200 200 206
219 218 217 217 218 218 218 217 217 216 216 215 215 214 214 213 213 213 212 212 211 210 210 209 208 208 207 206 205 204 203 202 200 196 193 191 192 193 196 197 199 203 208 208 207 207 205 201 198 200 205 209 212 215 216 217 216 212 206 201 198 197 193 189 189 191 194 198 197 197 200 203 206 208 208 206 201 196 195 193 190 191 200 209 211 209 207 206 208 210 208 202 201 207
218 218 217 217 218 220 219 218 217 216 216 215 214 214 214 214 213 213 213 212 212 211 210 210 209 209 208 207 206 205 204 203 201 198 195 194 194 193 192 194 197 202 207 208 206 205 202 201 201 203 208 212 215 216 215 213 212 207 201 194 191 193 192 191 193 196 198 201 200 198 200 204 208 210 210 209 204 198 195 196 199 203 208 210 209 206 205 205 207 207 206 204 205 208
218 218 217 217 219 221 220 218 217 216 216 215 215 214 214 214 214 213 213 213 212 211 211 210 210 209 208 207 206 205 204 203 202 200 197 194 194 194 192 193 196 201 205 205 204 203 201 201 203 206 210 215 217 217 214 210 207 201 195 190 188 192 196 197 198 199 200 201 200 201 203 205 208 211 212 210 206 202 200 203 206 207 206 205 203 202 202 203 202 201 203 208 210 210
219 218 217 217 219 222 221 218 216 216 216 215 215 215 215 215 214 213 213 213 212 211 211 210 210 209 208 207 207 206 205 204 203 201 198 194 194 194 193 193 196 201 202 201 201 203 203 204 206 208 211 215 215 213 210 206 202 195 190 190 191 196 202 204 201 199 199 200 201 202 204 206 208 210 211 209 205 202 201 203 205 204 202 201 200 199 199 198 196 198 203 211 214 214
220 219 216 216 219 221 220 219 216 215 215 215 215 214 214 214 214 213 213 213 212 211 211 210 210 209 208 208 207 207 206 205 204 202 199 196 194 194 194 194 197 199 198 196 199 204 206 208 212 214 215 215 211 206 203 200 196 192 192 194 198 203 209 209 203 198 199 200 202 203 205 207 209 210 209 205 202 200 201 203 204 203 202 200 199 197 195 194 196 200 205 212 217 218
223 220 215 215 218 218 218 219 216 214 214 214 214 214 214 214 214 213 213 213 212 211 211 210 210 210 209 208 208 207 206 205 204 203 201 198 196 195 195 195 196 197 195 194 198 203 207 211 217 218 214 211 208 203 200 197 194 195 198 201 205 210 213 210 202 198 198 200 202 204 206 208 209 208 206 204 201 200 201 203 204 205 205 202 198 195 194 195 199 204 208 214 219 222
227 222 215 216 218 218 218 219 217 213 212 214 214 214 214 214 214 213 213 213 212 212 211 211 210 210 209 209 208 207 206 206 205 203 202 200 199 197 195 194 195 197 194 191 195 203 207 209 212 209 202 201 202 202 198 196 196 200 204 207 209 210 212 210 201 197 197 199 202 204 205 206 206 205 205 204 202 200 200 202 205 208 209 205 201 198 197 199 203 207 211 215 218 219
227 222 214 213 217 217 216 219 219 215 213 213 214 214 214 214 214 213 213 213 213 212 211 211 210 210 209 209 208 208 207 206 205 204 203 202 200 198 196 193 194 196 193 190 194 202 204 202 202 200 197 198 200 201 199 198 198 202 207 210 210 209 211 208 199 194 195 198 202 202 202 202 203 204 205 205 203 202 202 202 204 207 208 207 206 203 201 201 205 209 212 213 212 211
222 220 215 211 215 215 213 218 220 219 215 214 214 214 214 214 214 213 213 213 213 212 211 211 211 210 209 209 208 208 207 206 206 205 204 203 202 200 198 194 192 194 195 193 194 198 199 196 195 195 197 200 201 201 203 201 199 203 207 209 208 208 208 205 197 193 193 195 199 200 200 202 205 206 206 205 203 203 203 201 201 202 204 204 205 206 204 203 206 209 211 209 205 201
219 220 218 215 218 219 216 218 220 220 217 215 214 214 214 214 214 214 213 213 212 212 212 211 211 210 210 209 209 208 207 207 206 205 204 204 202 201 199 196 194 196 199 198 195 193 192 190 190 193 196 201 201 202 205 203 200 203 205 206 204 204 205 203 196 193 192 193 197 200 203 206 208 206 205 204 203 202 201 198 196 198 201 202 203 205 205 206 208 210 210 207 200 192
219 220 220 219 220 222 220 218 220 221 219 216 215 215 213 214 214 214 213 213 213 212 212 211 210 210 210 209 209 208 208 207 206 206 205 204 203 202 201 199 198 198 199 197 193 189 185 184 186 189 194 200 201 203 206 203 200 202 204 202 200 200 204 204 199 194 193 194 199 205 208 208 205 203 203 202 201 200 198 196 195 196 199 201 202 204 206 207 209 211 212 205 190 180
220 220 220 218 217 219 219 217 217 220 218 215 215 215 214 213 214 213 213 213 212 212 212 211 210 210 210 209 209 208 208 207 207 206 205 205 204 203 202 201 200 199 198 196 192 188 183 181 182 185 190 199 202 204 207 202 199 200 200 198 198 200 205 207 203 196 194 196 202 207 206 204 202 201 201 199 197 197 196 195 196 197 199 202 204 208 210 211 210 208 205 190 175 172
220 219 219 219 218 217 218 216 215 217 216 215 216 217 216 214 213 213 213 212 212 212 212 211 210 210 210 209 209 209 208 207 207 206 206 205 204 203 202 202 201 200 198 196 194 191 186 181 178 178 184 197 202 204 206 202 197 198 198 196 197 201 206 208 205 199 195 196 200 203 201 200 201 200 198 196 194 194 193 194 196 199 201 204 209 212 214 213 208 200 188 177 171 171
220 219 219 219 219 219 219 217 216 218 218 216 217 218 217 214 213 213 212 212 212 212 212 211 210 210 210 210 209 209 208 208 207 207 206 205 205 204 203 202 201 200 199 198 196 194 190 185 178 173 176 189 199 202 204 202 198 197 196 196 198 202 206 209 208 202 196 195 198 200 199 199 199 197 195 194 193 192 194 196 198 201 204 206 208 211 211 208 199 186 176 173 172 174
219 219 219 220 220 220 221 220 220 218 216 214 214 215 216 215 214 212 212 211 211 211 211 211 210 210 210 210 209 209 208 208 207 207 206 206 205 204 203 203 202 201 200 199 197 195 192 189 183 175 171 179 194 201 203 202 199 197 196 196 198 202 207 210 208 204 198 195 198 201 199 197 196 195 193 192 192 193 196 199 201 203 206 207 208 209 207 200 189 177 172 174 176 185
220 220 220 220 220 221 221 221 220 218 214 210 210 212 214 216 214 212 211 211 211 211 211 211 211 211 210 210 209 209 208 208 207 207 206 206 205 204 204 203 202 201 200 199 198 196 194 191 187 181 173 174 188 198 202 203 202 199 198 198 200 203 207 209 208 205 201 198 199 199 197 195 194 192 191 191 193 196 199 201 202 205 208 210 209 207 200 191 181 173 172 179 187 199
222 222 222 221 220 220 220 220 219 218 215 211 209 211 213 215 215 214 212 211 211 211 211 211 211 211 211 210 209 209 208 208 207 207 207 206 205 205 204 203 203 202 201 200 199 197 196 194 191 185 178 175 183 193 199 203 204 201 200 200 201 202 203 205 207 206 203 200 198 196 194 194 193 191 190 192 195 198 199 201 204 207 210 212 209 204 193 181 174 173 177 188 202 210
226 225 225 224 221 220 220 220 219 218 217 213 211 210 210 213 215 215 213 212 210 210 210 210 210 210 211 210 209 209 208 208 208 207 207 206 206 205 204 204 203 202 201 200 199 198 197 195 193 189 183 178 181 187 191 199 203 202 200 198 196 197 200 206 211 211 205 199 195 194 193 193 192 189 189 193 196 197 198 201 205 207 209 209 205 197 185 174 171 177 189 202 211 216
231 229 226 225 223 222 222 222 221 219 218 216 210 208 208 210 213 213 213 213 211 210 210 210 209 210 211 210 209 209 208 208 208 207 207 206 206 205 205 204 203 202 202 201 200 199 198 196 194 191 187 181 181 183 184 192 201 202 198 194 192 197 207 217 221 214 201 194 192 192 192 191 191 189 189 192 194 194 196 200 204 206 206 204 199 189 180 175 175 186 199 209 216 223
230 228 224 223 222 222 222 223 224 222 221 218 212 207 208 209 210 212 213 214 213 211 210 210 209 209 210 210 209 209 208 208 208 207 207 206 206 205 205 204 203 203 202 201 201 200 199 197 196 194 190 186 183 182 180 183 195 200 198 194 193 203 214 216 210 201 192 188 188 189 190 191 191 190 189 189 190 192 195 200 205 205 203 200 193 184 178 179 185 196 205 214 222 230
223 222 222 222 222 220 218 219 220 220 219 217 213 208 206 208 210 211 212 213 213 211 211 210 208 208 210 209 209 209 208 208 207 207 207 206 206 205 205 204 204 203 202 202 201 200 199 198 197 195 193 190 187 185 181 178 185 196 200 199 197 199 203 202 199 195 190 188 188 188 189 190 191 189 187 186 188 191 195 200 202 200 195 190 187 185 183 186 198 205 212 220 227 234
209 213 216 217 219 217 212 213 218 219 218 216 213 209 206 208 210 209 209 211 211 211 211 210 209 209 210 211 211 210 209 208 208 207 207 206 206 205 205 204 204 203 203 202 201 201 200 199 198 197 195 194 191 189 185 180 180 192 203 204 197 191 192 195 196 195 193 191 189 188 188 189 189 187 185 186 187 190 193 194 193 191 185 182 184 189 192 199 207 212 218 225 232 237
187 200 209 210 211 209 204 207 215 218 216 212 211 209 207 206 209 208 208 210 211 211 211 210 209 209 212 214 213 211 209 208 207 207 207 206 206 205 205 205 204 203 203 202 202 201 200 200 199 198 197 196 194 193 191 188 187 191 200 203 194 186 186 189 192 194 194 193 190 188 187 188 188 185 185 186 186 187 188 188 186 184 182 184 192 199 202 206 212 218 223 230 236 238
176 190 206 209 211 210 205 203 210 212 208 205 205 204 204 204 206 208 209 209 210 211 211 211 210 210 215 216 213 211 209 207 207 207 206 206 206 205 205 205 204 204 203 203 202 201 201 200 200 199 198 197 196 195 194 193 193 193 195 198 192 184 181 184 187 191 192 191 189 188 189 189 187 184 185 186 186 185 183 183 183 184 190 199 203 205 205 209 217 222 227 232 234 234
191 199 216 224 226 223 214 208 211 213 208 205 205 205 204 204 206 209 210 209 210 211 212 212 210 211 215 216 213 210 209 207 206 206 206 206 206 205 205 205 204 204 203 203 202 202 201 201 200 199 199 198 197 197 196 196 195 195 195 195 192 186 181 182 183 184 186 187 187 188 189 189 186 184 186 188 187 183 181 181 185 192 202 207 205 204 207 214 221 226 228 229 228 226
209 213 225 237 244 242 234 225 226 226 221 218 217 215 212 210 209 210 210 209 209 211 212 212 208 205 211 214 212 210 209 208 206 205 205 205 205 205 205 205 204 204 203 203 203 202 202 201 201 200 199 199 198 198 197 197 196 196 196 194 193 190 187 186 184 180 178 180 181 182 184 186 186 186 188 189 187 182 181 183 192 202 206 205 203 203 210 218 225 229 228 226 223 218
220 222 227 233 238 240 239 238 242 241 236 233 231 227 223 218 215 213 212 210 209 209 210 209 204 200 207 213 213 211 209 209 208 205 204 204 204 204 205 204 204 204 204 203 203 202 202 202 201 200 200 199 199 198 198 197 197 197 196 195 194 193 191 190 188 184 179 176 174 172 172 179 186 188 188 188 186 183 183 190 198 203 202 200 201 206 212 221 229 229 225 224 223 217
229 230 232 234 236 237 237 237 241 240 235 232 229 226 224 221 218 216 215 212 210 209 208 207 203 200 205 212 214 213 211 210 209 206 203 202 203 204 204 204 204 204 204 203 203 203 202 202 201 201 200 200 199 199 198 198 197 197 196 196 195 194 193 192 190 188 184 181 177 171 166 169 180 184 186 186 185 185 187 193 199 198 194 195 202 211 218 225 228 225 219 218 220 215
236 237 240 241 242 242 241 239 239 235 232 229 226 223 221 219 217 216 215 214 212 212 210 209 205 201 204 209 213 214 213 211 210 207 204 202 202 203 203 203 204 204 204 203 203 203 203 202 202 201 201 200 200 199 199 198 198 197 197 196 195 194 193 192 191 189 187 185 183 180 176 172 172 174 177 179 181 185 188 193 194 190 188 196 208 218 224 226 225 221 215 209 204 188
242 243 247 251 252 252 249 244 239 235 231 229 225 222 220 218 216 214 214 213 213 213 213 212 208 204 204 208 211 213 213 211 210 210 208 205 204 204 203 202 203 203 204 204 203 203 203 202 202 202 201 200 200 199 199 198 198 197 197 196 196 195 194 193 192 190 189 188 186 184 182 178 174 170 169 172 176 182 188 189 184 184 190 205 216 222 224 223 222 222 216 202 186 174
246 248 253 259 263 264 259 252 244 237 231 227 224 222 219 217 215 213 213 212 212 212 212 211 209 206 207 208 209 211 213 213 214 215 214 209 206 204 202 202 202 203 204 204 204 204 203 203 202 202 201 201 200 200 199 199 198 198 197 197 196 195 194 193 192 191 190 189 187 186 184 181 178 172 167 166 169 175 182 182 179 185 203 220 230 231 228 228 228 226 215 192 173 166
251 252 255 262 271 276 274 265 251 238 229 224 222 221 218 216 215 213 212 211 211 211 211 210 209 208 209 209 209 210 214 216 216 216 214 210 206 205 203 202 201 203 204 204 204 204 204 203 203 202 202 201 200 200 199 199 198 198 197 197 196 195 195 194 193 192 191 190 188 187 185 184 181 176 170 166 164 168 174 177 181 196 219 232 236 237 236 232 225 211 192 177 168 167
256 255 252 260 276 286 288 274 250 231 222 219 219 218 216 215 213 211 210 211 211 211 210 209 207 208 210 210 208 208 211 214 213 212 212 210 206 206 205 203 201 202 204 205 205 205 205 204 203 203 202 201 200 200 199 199 198 198 197 197 196 196 195 194 193 192 191 190 189 188 187 185 183 179 175 169 165 163 166 174 188 208 223 227 223 220 220 213 198 188 179 172 168 170
254 252 246 246 261 276 278 248 220 209 208 212 214 214 213 213 212 210 209 210 211 210 210 209 205 206 209 209 207 205 206 209 211 212 213 211 208 207 208 206 202 203 205 206 206 206 206 205 204 203 202 201 200 200 199 199 198 198 198 197 196 196 195 194 194 193 192 191 190 188 187 186 184 181 178 174 168 163 163 173 192 207 211 210 209 208 206 195 184 177 174 172 171 173
247 242 234 232 231 224 204 187 189 192 197 204 210 212 211 211 211 210 209 209 210 210 210 208 203 204 208 209 208 204 203 205 208 210 211 211 209 208 208 208 204 203 206 207 208 208 208 208 207 204 202 200 199 199 199 199 198 198 198 197 197 196 195 195 194 193 192 191 190 189 188 186 185 182 180 177 172 167 165 171 187 197 199 200 203 203 195 182 176 174 174 174 174 174
245 243 236 228 225 220 204 191 191 192 193 199 207 210 210 211 212 211 209 208 209 209 209 207 202 203 207 209 208 205 202 202 204 206 210 211 209 207 208 208 206 204 207 210 212 214 214 214 213 208 201 198 198 198 198 198 198 198 198 197 197 196 196 195 194 193 193 192 191 189 188 187 185 184 181 179 175 171 169 170 178 188 195 199 201 197 183 174 173 175 176 177 177 177
254 251 237 225 223 222 214 205 200 199 199 201 207 210 211 212 213 212 210 208 208 209 208 206 202 203 206 207 207 206 204 204 206 208 212 212 211 209 209 208 207 205 205 207 208 208 207 206 206 203 198 195 195 196 197 198 198 198 198 197 197 196 196 195 194 194 193 192 191 190 188 187 186 184 182 180 177 174 171 169 172 181 193 199 197 184 175 171 171 174 177 179 180 180
241 231 216 219 222 223 219 215 212 211 209 208 210 213 215 215 215 214 212 210 209 207 207 205 200 200 203 204 205 207 206 207 208 211 214 216 215 213 210 209 207 205 202 201 201 200 198 197 197 198 197 195 193 193 196 198 198 198 198 197 197 196 196 195 195 194 193 192 191 190 189 187 186 185 183 181 178 175 172 169 169 176 188 193 187 175 170 169 169 172 176 179 182 183
