windninja/windninja_output/Output_2025-08-24_2300-2350_Google earth_Fire_150m_10min/merlingen_7.5mi_point_08-24-2025_2350_150m_ang.asc
ncols	158
nrows	163
xllcorner	391686.332397
yllcorner	5160024.123721
cellsize	150.000000
NODATA_value	-32768.000000
[rows 0 to 41 of 163, columns 0 to 93 of 158]
268 267 265 263 263 265 264 259 257 257 255 248 236 231 235 244 254 258 261 269 273 260 248 247 253 258 257 252 250 250 250 250 251 250 249 253 257 258 258 257 253 252 253 254 257 260 263 265 262 258 256 254 254 255 254 253 252 252 253 254 253 250 249 247 245 243 243 247 251 254 254 251 249 247 247 248 248 249 252 252 250 246 246 248 250 249 244 243 244 242 240 240 239 237
268 268 267 266 265 264 262 260 260 260 257 248 237 234 239 247 254 258 263 267 269 263 254 251 253 255 255 254 253 252 251 251 252 251 252 254 255 256 257 256 255 255 254 256 258 259 260 262 263 261 258 257 257 256 254 253 252 252 253 254 253 252 251 250 248 246 247 249 252 254 253 251 250 249 249 249 248 249 252 251 249 247 247 248 249 249 246 244 245 244 243 243 242 241
269 269 269 268 267 264 260 261 263 263 259 250 240 241 245 251 255 259 263 264 263 265 264 258 254 253 253 255 255 254 254 254 254 255 256 256 255 255 256 256 257 257 257 258 259 259 259 259 260 261 260 259 257 256 255 254 254 254 254 253 253 253 252 252 251 251 251 252 253 253 252 251 251 252 252 250 248 250 252 250 246 246 249 248 248 250 247 245 245 245 247 248 246 245
269 268 267 267 266 264 263 264 265 264 259 249 244 247 252 257 259 260 260 260 259 262 265 262 257 254 252 253 253 253 254 255 257 259 259 258 257 256 257 258 258 258 260 261 261 260 260 258 256 256 258 256 254 254 255 256 256 256 255 254 254 253 253 253 252 252 253 254 255 254 251 252 253 253 253 251 251 252 251 249 245 246 248 247 249 251 247 244 243 243 244 247 247 245
270 268 266 265 265 265 267 269 268 264 256 248 246 252 259 261 260 260 259 257 258 262 266 267 262 257 253 252 251 251 251 253 256 259 259 258 258 258 259 260 260 260 261 261 260 260 259 257 256 255 254 254 254 255 255 255 256 257 256 256 255 254 254 254 253 253 254 255 255 253 252 253 254 254 253 253 255 255 252 249 246 248 249 248 250 252 250 248 246 243 241 243 245 244
272 271 268 265 265 267 270 271 268 261 255 252 252 257 263 262 260 258 258 257 259 262 268 272 269 263 258 254 252 252 252 253 255 255 256 257 258 260 261 261 261 262 262 261 260 259 258 257 257 255 253 253 254 255 255 256 257 257 257 257 256 255 254 254 254 254 254 255 255 252 251 253 255 255 252 252 254 256 254 248 247 251 253 251 251 252 252 254 254 250 246 245 244 243
272 273 272 270 268 268 269 269 265 260 258 257 258 263 264 263 260 257 256 257 259 262 267 274 275 269 263 260 257 255 255 256 256 254 254 257 259 260 260 260 260 261 261 260 259 259 258 257 256 254 253 253 253 254 256 257 258 258 258 258 257 255 253 254 254 254 255 256 256 252 250 252 254 254 252 251 252 253 250 246 249 253 254 253 252 252 253 256 261 261 259 255 250 247
271 272 273 274 272 270 268 266 263 262 262 263 265 266 265 264 261 258 257 257 258 260 263 270 276 273 268 265 262 259 259 260 259 257 257 259 260 260 259 259 259 259 259 259 259 260 259 258 257 255 254 255 254 253 255 258 259 259 259 259 258 255 253 252 252 253 256 257 256 253 253 254 253 251 251 252 253 251 246 245 252 255 254 253 252 252 253 255 259 264 266 264 261 257
271 271 272 273 273 271 268 265 264 265 267 269 270 269 266 264 262 261 259 258 259 260 261 264 271 275 271 267 264 263 264 264 261 260 261 262 260 259 258 258 258 259 259 259 260 260 259 258 258 256 255 257 255 255 257 259 260 260 260 259 258 257 255 253 252 253 256 257 255 253 254 256 254 252 251 253 253 250 245 248 255 258 257 254 252 251 251 252 254 256 259 260 260 259
271 271 271 271 271 270 268 267 266 267 269 272 274 273 268 264 262 263 261 260 260 260 260 262 265 271 272 268 265 266 266 265 263 262 262 261 259 258 258 258 258 259 260 260 260 260 259 259 259 257 258 257 257 259 260 261 261 260 259 257 257 258 258 257 256 257 258 257 254 251 253 256 255 254 252 253 253 251 248 251 255 257 259 259 258 256 254 254 254 251 249 252 256 255
271 271 271 270 270 269 268 268 268 269 270 272 275 276 271 267 265 265 265 264 262 261 261 260 261 265 268 266 265 266 266 264 264 264 263 260 258 258 258 258 259 259 259 259 259 260 261 260 259 259 261 261 260 262 263 262 261 260 259 257 258 259 260 262 265 264 262 258 253 251 254 256 255 254 252 252 254 255 256 256 255 254 255 259 262 263 261 261 258 252 250 254 256 253
271 271 271 270 269 269 269 269 269 269 270 271 274 276 274 271 268 267 267 267 266 264 261 260 260 260 260 263 265 266 265 264 264 265 264 261 259 259 260 260 259 259 259 258 258 259 259 259 258 259 264 265 264 265 265 264 261 260 259 258 259 261 264 270 272 270 266 261 255 256 257 256 255 253 251 251 253 256 260 261 257 254 253 255 261 263 262 262 259 252 253 257 256 254
271 271 271 270 269 270 270 270 269 269 270 271 272 274 275 274 273 270 268 269 268 266 263 260 258 255 255 260 264 265 265 264 265 265 263 261 261 262 262 261 260 260 258 256 256 255 253 253 256 260 264 265 266 266 268 268 265 260 257 257 260 263 269 275 278 275 272 268 266 265 261 257 256 256 255 254 254 255 257 258 257 256 255 256 258 258 259 259 255 250 254 256 255 255
271 271 271 271 270 270 270 269 269 270 270 271 271 272 273 274 275 275 272 270 269 267 263 260 256 254 255 259 262 263 264 265 266 264 262 262 263 263 263 261 261 259 257 257 257 255 251 249 252 258 262 263 264 264 267 271 270 263 256 255 260 265 269 274 277 277 276 278 282 278 267 262 261 261 261 260 259 259 256 255 258 260 260 259 257 255 257 257 252 250 256 257 255 255
271 271 271 271 271 270 269 269 269 270 270 271 272 272 271 272 274 277 276 272 268 265 262 258 256 256 257 259 261 261 262 265 266 265 264 264 262 261 260 260 259 256 255 258 260 258 257 255 252 253 256 260 260 262 264 267 270 266 258 257 261 265 268 269 269 271 275 279 286 291 283 272 267 264 262 263 264 262 258 260 264 265 263 260 256 255 257 256 250 250 258 260 258 257
271 271 271 271 271 270 270 270 269 270 270 271 273 275 274 272 271 272 274 272 268 265 262 258 257 259 260 259 260 261 263 265 264 263 264 263 261 259 257 257 257 255 255 259 260 258 259 262 259 254 255 257 258 260 260 260 262 264 261 261 264 267 268 266 262 265 271 274 279 291 296 284 274 267 264 265 264 261 261 265 268 266 264 261 258 256 256 255 252 251 255 259 258 258
271 271 271 271 270 270 270 270 270 270 270 271 273 276 278 274 270 268 269 269 267 265 262 260 260 260 260 260 260 262 264 263 260 259 258 259 260 259 257 256 257 257 259 259 258 258 258 259 262 263 261 259 259 260 259 256 256 259 261 264 266 267 267 264 261 263 267 271 274 279 290 290 281 276 272 268 263 262 266 267 264 262 261 260 258 258 256 254 257 257 256 256 255 255
271 271 271 270 270 270 270 270 270 270 270 271 272 275 279 276 272 268 267 266 265 264 263 262 262 260 260 262 263 263 262 259 255 253 254 257 259 259 258 258 259 260 261 260 258 259 259 259 261 266 267 264 261 260 258 257 256 258 261 264 265 266 264 262 263 264 266 269 270 270 276 284 283 283 281 273 268 268 267 264 259 259 259 257 255 256 256 255 259 265 263 257 254 254
271 271 271 270 270 270 270 270 270 270 270 270 272 273 276 276 273 269 266 265 263 263 264 264 263 261 261 262 264 263 260 255 251 251 254 256 258 260 260 260 261 260 260 260 259 260 263 265 264 264 266 266 264 261 259 259 259 259 261 264 264 263 262 262 264 266 265 265 265 268 273 276 277 278 280 279 275 271 266 261 261 262 260 257 254 253 253 255 258 263 267 261 257 255
271 271 271 271 270 270 270 270 270 270 269 270 271 272 273 274 272 268 266 265 264 264 264 264 263 262 262 261 262 261 258 253 252 254 256 258 260 262 262 262 261 260 260 259 260 262 265 267 265 264 264 266 266 265 263 262 260 260 261 263 263 262 262 264 266 267 265 264 265 269 272 271 270 270 272 273 271 267 264 262 263 264 263 260 256 254 253 254 257 261 264 262 259 258
271 271 271 271 270 270 270 270 270 270 270 270 270 271 271 271 269 268 266 265 265 264 264 264 263 262 261 261 260 259 256 252 252 255 258 260 262 263 263 262 260 259 259 260 262 264 264 264 264 264 264 265 267 269 268 265 262 260 260 261 260 260 263 266 266 267 267 266 269 270 268 265 265 266 268 265 260 258 259 261 263 264 263 263 260 257 254 253 257 261 262 260 257 257
272 271 271 270 270 270 270 269 269 269 270 269 269 270 270 269 268 267 267 266 265 265 264 264 263 262 261 260 259 258 256 253 254 258 261 261 261 261 261 259 258 258 259 261 263 264 264 264 265 265 265 265 267 268 269 268 266 264 260 258 258 260 263 265 267 270 270 270 270 267 261 258 260 265 267 265 258 255 254 257 260 261 261 263 262 258 254 254 258 261 260 255 253 255
271 271 271 271 271 270 270 269 269 269 270 269 269 269 269 269 268 267 267 266 265 265 264 263 262 261 260 259 258 258 258 257 259 262 262 263 261 259 258 259 258 258 259 260 262 264 265 266 266 265 265 265 265 266 268 269 268 267 262 258 257 260 263 266 271 273 273 271 266 259 255 255 258 263 267 267 262 257 255 254 254 254 257 261 262 260 257 256 259 259 257 249 248 254
271 271 271 271 271 270 270 269 269 269 270 269 268 268 268 268 268 267 267 266 265 264 264 263 262 261 259 258 258 260 261 262 264 263 262 262 261 259 259 260 260 260 260 260 263 266 266 264 265 265 265 265 265 266 268 269 269 268 264 259 258 260 264 271 276 276 273 267 260 254 252 254 260 265 266 264 263 263 260 254 250 250 253 256 259 263 263 261 259 258 255 245 248 254
272 271 271 271 270 270 269 269 269 269 269 269 269 268 268 268 268 268 267 266 265 264 263 262 261 259 256 255 259 262 264 266 266 264 262 260 260 261 262 263 263 262 261 263 266 265 262 262 263 265 266 265 266 267 268 268 268 267 264 262 260 263 268 274 277 274 268 260 254 252 253 259 266 268 263 257 261 269 266 258 253 250 249 249 254 261 266 265 262 260 253 241 248 254
272 272 271 271 270 270 269 269 269 269 269 269 269 269 268 267 267 267 267 266 265 265 263 262 260 257 253 254 259 263 266 268 269 267 263 260 258 260 264 266 266 265 266 267 266 262 259 262 263 264 265 266 267 268 269 269 267 263 262 264 266 271 274 273 269 266 261 253 249 251 258 267 271 268 259 249 256 268 272 266 259 253 248 246 249 255 259 260 262 261 253 241 246 252
272 271 271 271 270 270 269 270 270 269 268 268 269 269 268 268 267 267 266 266 265 265 264 262 260 255 250 253 258 261 263 268 271 272 268 261 257 260 265 268 268 268 270 269 266 261 259 261 263 264 263 264 266 269 272 271 263 258 261 267 274 278 278 271 263 257 252 247 247 253 263 271 272 266 256 246 251 262 273 276 268 259 252 249 250 251 249 250 256 258 255 246 246 249
271 271 271 271 270 270 270 270 270 269 268 268 268 268 268 268 268 267 266 266 266 265 264 263 259 254 251 255 257 257 259 265 270 273 273 268 262 262 265 268 269 270 272 270 266 263 260 259 262 264 263 262 264 268 272 271 258 256 263 271 276 278 276 269 260 254 247 243 249 258 266 269 268 263 255 246 251 258 266 277 276 267 260 258 256 252 245 245 251 253 253 252 252 250
272 271 271 270 270 270 270 270 269 268 268 268 268 268 268 268 268 267 267 266 266 266 265 263 261 257 256 258 256 253 254 260 266 269 273 274 270 266 267 269 270 272 272 270 268 264 262 259 260 263 264 262 263 266 268 265 257 259 266 273 276 274 269 263 258 253 246 245 256 265 267 266 262 258 251 250 256 259 261 269 277 275 268 265 262 255 249 249 251 250 250 253 259 257
272 271 271 270 270 270 270 270 269 268 268 268 268 268 268 269 268 268 268 267 267 266 265 264 263 262 263 262 257 251 251 254 259 266 274 279 275 270 269 271 271 271 270 268 267 264 263 262 262 262 261 261 261 261 261 257 257 263 266 272 276 271 262 256 254 253 249 251 262 269 270 264 257 252 249 253 259 259 259 264 275 279 274 267 263 258 256 256 255 250 247 250 258 264
272 272 271 270 270 270 270 269 269 268 268 268 268 268 268 269 269 268 268 268 267 266 266 265 265 267 269 266 259 253 252 254 258 266 275 280 276 272 271 272 272 270 267 265 264 263 265 267 267 262 259 260 259 257 255 250 254 265 269 271 272 268 258 252 253 256 256 258 264 270 271 263 256 254 252 255 256 255 257 261 270 277 275 269 264 260 259 259 255 250 247 248 254 264
272 272 271 270 270 270 270 269 269 268 268 268 268 268 268 269 269 269 268 268 268 267 267 267 268 270 270 267 261 256 257 261 264 268 273 277 276 275 273 271 269 267 265 264 262 263 267 269 268 263 262 261 259 257 253 246 252 264 270 270 267 261 252 250 255 261 263 262 265 268 267 261 260 261 258 255 253 253 256 259 263 267 271 270 268 265 263 260 256 253 251 249 250 259
272 271 271 270 270 270 270 269 269 269 268 268 268 268 268 268 268 269 269 269 269 269 268 268 270 272 272 269 263 260 263 266 266 266 269 275 278 276 273 268 266 264 264 264 263 264 268 268 264 263 264 264 262 259 254 248 254 261 266 268 265 258 248 249 256 264 268 268 265 264 262 261 264 265 260 256 254 254 255 258 257 257 263 268 269 267 265 261 257 255 254 252 252 256
271 271 270 271 271 270 269 269 269 269 269 269 269 269 268 268 268 269 269 270 270 270 270 271 271 272 273 272 269 268 268 267 264 263 265 274 281 275 269 265 263 262 262 263 263 265 267 264 262 263 264 264 264 262 257 256 261 262 261 261 262 258 249 249 255 261 269 273 268 264 262 263 264 262 259 258 257 256 255 253 250 249 256 264 267 263 262 260 257 254 253 253 255 259
272 271 270 271 271 270 269 269 269 269 269 269 269 269 269 268 269 269 270 270 270 271 272 273 273 273 273 273 275 276 273 269 265 265 265 269 278 273 266 263 261 260 260 261 262 266 266 263 263 265 264 264 264 264 262 263 267 267 262 259 258 258 254 253 254 257 263 272 274 270 266 262 260 258 258 260 261 262 258 251 245 245 250 258 264 261 257 257 256 252 251 253 256 261
272 271 271 271 271 270 269 269 269 269 270 270 269 269 269 269 269 270 270 270 271 271 272 274 274 274 274 275 276 278 278 275 272 270 267 264 265 266 263 260 258 257 258 260 263 265 266 264 265 265 264 264 264 264 265 267 268 268 266 262 259 259 259 259 255 255 259 268 277 277 269 261 258 257 259 263 263 264 262 257 250 245 246 251 258 262 259 255 254 252 252 254 256 260
272 272 272 271 270 269 269 269 269 269 269 270 270 270 270 270 270 270 270 271 271 272 273 273 275 276 276 276 277 281 283 282 278 273 267 260 256 256 257 257 257 257 259 262 264 265 265 266 266 265 264 265 264 265 267 267 266 265 265 263 262 261 263 265 260 256 258 265 273 274 265 261 260 261 262 262 260 259 261 264 260 251 247 248 253 262 264 256 253 255 255 255 256 258
273 272 272 272 270 269 269 270 270 270 270 270 270 270 270 270 271 271 271 271 272 272 273 274 275 277 278 279 282 284 285 283 279 273 266 260 253 249 252 255 257 260 262 263 265 266 266 266 265 264 267 268 266 266 267 268 265 263 263 263 262 261 264 268 265 261 261 265 267 261 256 259 263 266 262 258 259 256 256 261 263 256 249 246 251 258 264 258 255 257 258 256 257 261
273 273 272 271 270 270 270 270 270 271 271 271 270 270 271 271 271 271 271 272 272 273 273 274 275 277 279 284 287 285 283 281 277 272 266 258 247 248 254 257 260 262 264 265 266 266 267 266 263 264 267 270 267 265 266 269 267 262 261 261 259 258 259 262 264 264 265 266 262 254 255 262 265 263 254 256 262 257 251 255 257 255 251 249 253 256 256 257 257 257 256 257 262 265
273 273 272 271 270 270 270 271 272 272 271 271 271 271 271 272 272 272 272 272 273 273 274 274 275 277 281 287 287 283 280 280 277 273 266 254 245 251 256 258 261 264 267 268 267 266 267 267 265 264 266 269 270 266 266 267 267 263 260 259 255 250 249 254 261 263 266 265 259 257 263 268 265 255 248 257 264 256 249 250 248 248 252 255 258 257 256 257 257 255 252 257 264 264
273 272 272 272 271 271 271 272 273 273 272 271 272 272 272 272 272 272 273 273 273 274 274 274 275 278 281 284 285 281 280 280 278 273 265 254 253 257 257 258 262 265 269 270 268 267 267 268 268 265 266 270 274 273 267 264 263 262 260 257 251 245 244 250 258 262 264 263 260 264 269 266 261 253 251 261 264 251 247 248 242 241 248 255 258 259 259 258 256 254 252 256 260 260
272 272 272 272 272 272 273 273 273 273 273 273 273 273 273 272 272 273 273 273 274 274 274 275 276 277 279 281 283 282 280 279 278 274 266 260 261 264 264 264 264 266 267 267 269 270 268 266 265 266 267 270 274 274 269 263 260 260 260 256 251 246 246 250 254 261 262 261 263 265 262 258 258 256 259 264 261 242 243 246 244 242 246 252 256 258 256 252 252 254 255 255 254 255
