windninja/windninja_output/Output_2025-08-24_2300-2350_Google earth_Fire_150m_10min/merlingen_7.5mi_point_08-24-2025_2310_150m_vel.asc
ncols	158
nrows	163
xllcorner	391686.332397
yllcorner	5160024.123721
cellsize	150.000000
NODATA_value	-32768.000000
[rows 38 to 75 of 163, columns 0 to 83 of 158]
0.82 0.83 0.85 0.85 0.86 0.88 0.89 0.90 0.92 0.94 0.96 0.96 0.97 0.98 0.98 0.99 1.00 1.01 1.02 1.03 1.04 1.04 1.05 1.06 1.08 1.09 1.11 1.18 1.30 1.36 1.32 1.25 1.19 1.14 1.14 1.14 1.11 1.10 1.13 1.14 1.15 1.18 1.22 1.27 1.32 1.34 1.38 1.44 1.50 1.51 1.51 1.52 1.57 1.57 1.53 1.55 1.66 1.79 1.88 1.92 1.96 1.91 1.70 1.45 1.31 1.30 1.38 1.42 1.36 1.31 1.34 1.48 1.63 1.60 1.44 1.33 1.38 1.51 1.63 1.62 1.42 1.33 1.40 1.60
0.81 0.81 0.82 0.84 0.85 0.87 0.88 0.90 0.93 0.95 0.95 0.95 0.96 0.98 0.98 0.99 0.99 1.00 1.01 1.02 1.03 1.04 1.05 1.06 1.07 1.08 1.11 1.17 1.19 1.14 1.08 1.07 1.07 1.06 1.04 1.06 1.14 1.27 1.34 1.32 1.28 1.26 1.31 1.41 1.51 1.55 1.53 1.53 1.60 1.69 1.71 1.71 1.80 1.96 2.06 2.07 2.12 2.21 2.28 2.32 2.35 2.36 2.17 1.74 1.45 1.38 1.39 1.36 1.31 1.34 1.52 1.67 1.64 1.54 1.49 1.50 1.59 1.67 1.78 1.95 1.90 1.62 1.43 1.45
0.80 0.80 0.82 0.84 0.86 0.88 0.90 0.92 0.93 0.94 0.94 0.95 0.97 0.98 0.99 1.00 1.00 1.01 1.01 1.02 1.03 1.05 1.06 1.06 1.06 1.07 1.07 1.07 1.03 0.99 0.99 0.98 0.95 0.92 0.91 0.97 1.09 1.26 1.43 1.52 1.52 1.49 1.50 1.54 1.57 1.63 1.69 1.70 1.73 1.78 1.79 1.82 1.97 2.15 2.26 2.29 2.28 2.21 2.15 2.12 2.09 2.16 2.25 1.99 1.61 1.52 1.52 1.49 1.45 1.55 1.60 1.44 1.28 1.32 1.49 1.68 1.79 1.83 1.83 1.92 2.04 2.01 1.82 1.67
0.81 0.81 0.83 0.85 0.86 0.88 0.91 0.93 0.93 0.93 0.94 0.96 0.97 0.98 0.99 1.00 1.01 1.02 1.02 1.03 1.04 1.04 1.04 1.05 1.05 1.05 1.04 1.02 1.00 1.00 0.99 0.94 0.89 0.86 0.90 1.01 1.10 1.17 1.35 1.62 1.81 1.90 1.89 1.80 1.77 1.89 2.01 2.04 2.00 1.96 1.97 2.00 2.00 1.91 1.81 1.82 1.79 1.65 1.55 1.51 1.55 1.69 2.01 2.17 1.95 1.71 1.70 1.78 1.83 1.85 1.67 1.43 1.36 1.43 1.60 1.79 1.87 1.83 1.73 1.67 1.78 1.97 2.07 2.04
0.81 0.82 0.84 0.85 0.87 0.89 0.91 0.92 0.93 0.94 0.95 0.96 0.97 0.98 0.99 1.00 1.01 1.01 1.02 1.02 1.02 1.02 1.03 1.03 1.04 1.04 1.03 1.02 1.03 1.04 1.01 0.96 0.91 0.90 0.97 1.09 1.25 1.41 1.56 1.72 1.84 1.89 1.90 1.95 2.01 2.02 1.95 1.84 1.77 1.74 1.76 1.79 1.71 1.55 1.41 1.35 1.32 1.24 1.16 1.17 1.25 1.41 1.71 2.09 2.23 2.09 2.07 2.27 2.35 2.22 2.02 1.88 1.83 1.81 1.88 1.93 1.88 1.78 1.67 1.65 1.74 1.82 1.93 2.12
0.82 0.82 0.83 0.85 0.88 0.91 0.92 0.92 0.93 0.94 0.95 0.96 0.97 0.98 0.98 0.99 0.99 1.00 1.01 1.01 1.01 1.02 1.02 1.03 1.04 1.04 1.03 1.04 1.03 1.00 0.96 0.94 0.95 0.98 1.04 1.15 1.32 1.52 1.62 1.62 1.56 1.55 1.64 1.77 1.78 1.64 1.51 1.46 1.47 1.51 1.58 1.61 1.57 1.47 1.34 1.23 1.17 1.14 1.12 1.15 1.20 1.28 1.43 1.71 2.11 2.38 2.51 2.62 2.73 2.79 2.75 2.68 2.56 2.42 2.36 2.22 2.03 1.85 1.70 1.66 1.73 1.85 1.99 2.18
0.82 0.82 0.83 0.85 0.88 0.90 0.90 0.91 0.92 0.94 0.95 0.96 0.96 0.97 0.97 0.98 0.99 1.00 1.01 1.02 1.02 1.02 1.03 1.03 1.03 1.04 1.05 1.05 1.02 0.99 0.96 0.96 0.99 1.02 1.06 1.14 1.25 1.29 1.27 1.28 1.30 1.40 1.52 1.54 1.44 1.34 1.30 1.37 1.52 1.68 1.74 1.69 1.61 1.51 1.39 1.26 1.17 1.15 1.18 1.26 1.35 1.38 1.42 1.57 1.90 2.27 2.46 2.50 2.61 2.85 2.99 3.00 2.96 2.82 2.58 2.30 2.08 1.93 1.78 1.67 1.69 1.89 2.12 2.12
0.83 0.83 0.84 0.87 0.87 0.88 0.89 0.91 0.92 0.93 0.94 0.95 0.96 0.97 0.98 0.99 1.00 1.01 1.02 1.02 1.02 1.03 1.03 1.03 1.03 1.04 1.04 1.03 1.01 1.00 1.00 1.01 1.02 1.03 1.06 1.09 1.08 1.05 1.05 1.11 1.24 1.37 1.41 1.35 1.29 1.31 1.39 1.50 1.67 1.73 1.63 1.52 1.45 1.34 1.26 1.22 1.17 1.15 1.25 1.41 1.55 1.64 1.74 1.90 2.06 2.12 2.15 2.14 2.07 2.10 2.26 2.40 2.51 2.50 2.34 2.14 1.97 1.92 1.91 1.91 1.97 2.02 1.90 1.68
0.84 0.84 0.86 0.87 0.86 0.86 0.88 0.90 0.91 0.93 0.94 0.95 0.96 0.97 0.98 0.99 1.00 1.00 1.01 1.01 1.02 1.02 1.02 1.03 1.03 1.03 1.02 1.01 1.00 1.00 1.00 1.01 1.02 1.04 1.06 1.05 1.01 0.99 1.04 1.12 1.20 1.26 1.28 1.25 1.23 1.30 1.46 1.63 1.66 1.52 1.39 1.34 1.31 1.23 1.16 1.19 1.22 1.25 1.35 1.56 1.78 1.95 2.10 2.18 2.14 2.02 1.90 1.82 1.74 1.69 1.73 1.84 1.97 2.06 2.10 2.08 1.98 1.92 1.97 2.00 1.93 1.73 1.45 1.33
0.86 0.86 0.87 0.86 0.84 0.84 0.85 0.87 0.90 0.92 0.94 0.95 0.96 0.97 0.98 0.98 0.99 0.99 1.00 1.00 1.00 1.00 1.01 1.02 1.02 1.01 1.01 1.01 1.02 1.01 1.01 1.00 0.99 0.99 0.99 0.98 0.99 1.02 1.04 1.08 1.12 1.16 1.19 1.23 1.29 1.37 1.48 1.53 1.46 1.35 1.29 1.26 1.26 1.29 1.28 1.31 1.39 1.47 1.57 1.73 1.90 2.02 2.04 1.95 1.82 1.71 1.61 1.60 1.63 1.64 1.62 1.61 1.69 1.82 1.93 1.98 1.93 1.83 1.75 1.67 1.50 1.32 1.27 1.33
0.87 0.87 0.86 0.84 0.83 0.83 0.84 0.85 0.88 0.90 0.92 0.93 0.95 0.96 0.96 0.97 0.97 0.98 0.98 0.99 0.99 1.00 1.01 1.01 1.01 1.01 1.01 1.02 1.02 1.02 1.01 1.00 0.99 0.98 0.97 0.97 0.99 1.01 1.01 1.01 1.03 1.03 1.06 1.16 1.33 1.46 1.50 1.44 1.35 1.29 1.24 1.21 1.20 1.24 1.31 1.40 1.51 1.68 1.88 1.98 1.97 1.88 1.75 1.59 1.47 1.41 1.41 1.47 1.53 1.53 1.51 1.51 1.56 1.67 1.79 1.86 1.85 1.76 1.63 1.53 1.46 1.40 1.40 1.48
0.87 0.86 0.86 0.84 0.83 0.84 0.85 0.85 0.87 0.89 0.91 0.92 0.93 0.95 0.96 0.96 0.97 0.97 0.98 0.98 0.99 1.00 1.01 1.01 1.02 1.02 1.02 1.02 1.02 1.02 1.02 1.01 1.01 1.00 1.00 1.01 1.02 1.03 1.02 1.00 0.97 0.94 0.97 1.09 1.25 1.36 1.37 1.30 1.23 1.18 1.20 1.26 1.31 1.38 1.48 1.57 1.70 1.90 2.02 1.99 1.87 1.69 1.53 1.41 1.34 1.32 1.34 1.38 1.42 1.45 1.47 1.49 1.52 1.58 1.70 1.81 1.88 1.88 1.83 1.76 1.70 1.67 1.63 1.62
0.87 0.87 0.86 0.86 0.87 0.89 0.89 0.88 0.87 0.88 0.90 0.92 0.93 0.95 0.96 0.97 0.97 0.98 0.98 0.99 1.00 1.01 1.01 1.02 1.03 1.03 1.03 1.02 1.02 1.02 1.02 1.02 1.02 1.02 1.02 1.02 1.03 1.03 1.01 0.99 0.96 0.97 1.02 1.09 1.17 1.22 1.19 1.12 1.04 0.98 1.01 1.16 1.37 1.56 1.70 1.82 1.95 2.00 1.87 1.69 1.54 1.41 1.32 1.30 1.31 1.31 1.29 1.29 1.31 1.34 1.37 1.39 1.43 1.50 1.60 1.74 1.85 1.92 1.92 1.89 1.84 1.80 1.76 1.71
0.86 0.85 0.85 0.88 0.93 0.96 0.96 0.93 0.90 0.89 0.91 0.92 0.93 0.94 0.95 0.96 0.97 0.98 0.98 0.99 1.00 1.01 1.01 1.02 1.02 1.02 1.02 1.02 1.02 1.02 1.02 1.02 1.02 1.02 1.02 1.01 0.99 0.97 0.96 0.97 0.98 1.00 1.04 1.08 1.12 1.12 1.08 1.04 1.01 0.97 1.02 1.22 1.38 1.50 1.65 1.83 1.90 1.79 1.61 1.45 1.31 1.25 1.25 1.28 1.29 1.28 1.29 1.30 1.30 1.30 1.31 1.34 1.39 1.47 1.55 1.62 1.68 1.76 1.86 1.93 1.92 1.82 1.69 1.63
0.85 0.83 0.83 0.87 0.91 0.93 0.95 0.96 0.95 0.93 0.92 0.92 0.93 0.93 0.93 0.95 0.96 0.97 0.98 0.99 0.99 0.99 1.00 1.00 1.01 1.01 1.01 1.02 1.02 1.02 1.02 1.03 1.03 1.02 1.02 1.00 0.98 0.96 0.96 0.97 0.99 1.01 1.04 1.07 1.08 1.04 0.99 1.03 1.18 1.32 1.46 1.59 1.63 1.63 1.66 1.70 1.63 1.50 1.41 1.34 1.28 1.28 1.32 1.33 1.31 1.32 1.34 1.35 1.34 1.33 1.35 1.40 1.46 1.52 1.55 1.54 1.54 1.56 1.65 1.77 1.86 1.87 1.75 1.57
0.89 0.87 0.87 0.92 0.94 0.94 0.96 0.98 0.96 0.92 0.89 0.89 0.91 0.92 0.94 0.95 0.96 0.96 0.97 0.97 0.98 0.98 0.99 1.00 1.00 1.01 1.01 1.02 1.02 1.02 1.02 1.03 1.02 1.02 1.02 1.01 1.00 0.98 0.97 0.97 1.00 1.04 1.07 1.06 1.03 1.00 1.01 1.12 1.34 1.55 1.64 1.64 1.67 1.71 1.69 1.59 1.45 1.37 1.34 1.34 1.33 1.34 1.36 1.40 1.42 1.43 1.43 1.45 1.45 1.44 1.48 1.53 1.57 1.57 1.56 1.54 1.51 1.48 1.45 1.50 1.66 1.85 1.94 1.84
0.94 0.95 0.95 0.96 0.98 0.99 0.98 0.98 0.96 0.90 0.87 0.87 0.88 0.91 0.93 0.94 0.95 0.96 0.97 0.97 0.98 0.98 0.99 0.99 1.00 1.01 1.01 1.02 1.02 1.02 1.02 1.02 1.02 1.02 1.02 1.01 1.01 0.99 0.98 0.97 1.00 1.02 1.00 0.95 0.90 0.93 1.04 1.18 1.35 1.47 1.51 1.50 1.51 1.56 1.58 1.51 1.41 1.36 1.39 1.44 1.47 1.48 1.50 1.53 1.57 1.59 1.61 1.65 1.70 1.71 1.67 1.62 1.56 1.53 1.55 1.56 1.55 1.53 1.51 1.51 1.62 1.83 2.03 2.13
0.95 0.96 0.95 0.89 0.85 0.84 0.86 0.89 0.94 0.93 0.89 0.85 0.86 0.88 0.90 0.91 0.93 0.94 0.96 0.98 0.98 0.98 0.98 0.99 0.99 1.00 1.01 1.01 1.02 1.02 1.02 1.02 1.02 1.02 1.02 1.02 1.01 1.00 0.99 0.98 0.96 0.91 0.86 0.83 0.84 0.89 1.01 1.18 1.30 1.35 1.40 1.47 1.51 1.51 1.51 1.47 1.41 1.39 1.43 1.52 1.62 1.72 1.74 1.71 1.67 1.66 1.67 1.69 1.75 1.76 1.69 1.58 1.52 1.53 1.57 1.61 1.63 1.65 1.68 1.69 1.74 1.85 1.98 2.11
0.92 0.93 0.93 0.88 0.79 0.74 0.75 0.79 0.86 0.92 0.93 0.89 0.86 0.85 0.87 0.89 0.91 0.93 0.94 0.95 0.97 0.98 0.98 0.99 0.99 1.00 1.01 1.01 1.01 1.02 1.02 1.02 1.02 1.02 1.02 1.02 1.02 1.01 1.00 0.98 0.95 0.89 0.86 0.87 0.91 0.95 1.04 1.14 1.18 1.22 1.29 1.38 1.43 1.46 1.45 1.42 1.41 1.44 1.49 1.59 1.72 1.80 1.81 1.75 1.64 1.54 1.50 1.50 1.49 1.50 1.52 1.58 1.64 1.68 1.69 1.72 1.75 1.80 1.84 1.87 1.85 1.83 1.87 1.96
0.92 0.92 0.93 0.94 0.92 0.87 0.81 0.79 0.83 0.92 1.00 1.00 0.94 0.87 0.84 0.86 0.89 0.91 0.93 0.94 0.95 0.97 0.99 0.99 0.99 1.00 1.00 1.01 1.01 1.02 1.02 1.02 1.02 1.02 1.02 1.02 1.02 1.01 1.01 0.99 0.97 0.95 0.94 0.93 0.95 0.98 0.99 0.99 1.02 1.07 1.15 1.24 1.30 1.35 1.38 1.38 1.43 1.52 1.62 1.72 1.77 1.74 1.70 1.69 1.63 1.52 1.43 1.38 1.36 1.39 1.51 1.66 1.75 1.78 1.81 1.86 1.93 1.99 2.03 2.04 2.00 1.91 1.85 1.83
0.93 0.93 0.92 0.93 0.95 0.95 0.92 0.88 0.87 0.92 0.98 1.02 1.00 0.92 0.84 0.83 0.86 0.89 0.91 0.93 0.94 0.95 0.97 0.98 0.99 0.99 1.00 1.00 1.01 1.01 1.02 1.02 1.02 1.02 1.02 1.02 1.02 1.02 1.01 1.00 0.99 0.98 0.97 0.95 0.94 0.93 0.89 0.87 0.88 0.93 1.01 1.12 1.23 1.30 1.34 1.35 1.40 1.49 1.61 1.69 1.71 1.68 1.66 1.68 1.67 1.58 1.48 1.45 1.48 1.56 1.64 1.72 1.78 1.82 1.89 1.96 2.03 2.10 2.14 2.14 2.11 2.03 1.91 1.80
0.94 0.94 0.92 0.90 0.89 0.90 0.92 0.92 0.89 0.85 0.84 0.89 0.96 0.98 0.93 0.86 0.84 0.85 0.89 0.92 0.94 0.95 0.96 0.97 0.98 0.99 0.99 1.00 1.01 1.01 1.01 1.02 1.02 1.02 1.02 1.02 1.02 1.02 1.02 1.01 1.00 1.00 0.99 0.98 0.96 0.93 0.91 0.88 0.87 0.88 0.93 1.04 1.18 1.26 1.29 1.31 1.34 1.41 1.50 1.54 1.55 1.57 1.61 1.65 1.66 1.62 1.57 1.56 1.59 1.63 1.66 1.71 1.79 1.88 1.96 2.02 2.04 2.05 2.04 2.00 1.97 1.95 1.93 1.90
0.94 0.93 0.92 0.90 0.89 0.87 0.87 0.87 0.86 0.83 0.82 0.86 0.94 1.04 1.07 0.99 0.89 0.85 0.86 0.89 0.93 0.96 0.98 0.98 0.98 0.98 0.99 0.99 1.00 1.00 1.01 1.01 1.02 1.02 1.02 1.02 1.02 1.02 1.02 1.02 1.01 1.01 1.00 0.99 0.98 0.97 0.95 0.94 0.91 0.90 0.91 0.97 1.08 1.15 1.20 1.25 1.30 1.36 1.39 1.39 1.39 1.39 1.43 1.53 1.63 1.64 1.57 1.49 1.50 1.56 1.62 1.69 1.79 1.88 1.96 2.03 2.03 1.97 1.89 1.83 1.80 1.81 1.84 1.86
0.93 0.92 0.90 0.90 0.89 0.89 0.87 0.88 0.89 0.89 0.89 0.90 0.95 1.02 1.09 1.10 1.02 0.93 0.87 0.87 0.89 0.92 0.94 0.95 0.96 0.97 0.97 0.98 0.99 1.00 1.01 1.01 1.02 1.02 1.02 1.02 1.02 1.02 1.02 1.02 1.02 1.02 1.01 1.01 1.00 0.99 0.98 0.96 0.94 0.92 0.91 0.92 0.95 0.99 1.03 1.08 1.17 1.22 1.22 1.20 1.18 1.20 1.27 1.41 1.54 1.61 1.57 1.48 1.47 1.57 1.66 1.73 1.80 1.86 1.92 1.94 1.93 1.90 1.86 1.83 1.80 1.77 1.75 1.74
0.92 0.90 0.87 0.87 0.88 0.90 0.93 0.93 0.92 0.90 0.89 0.90 0.90 0.93 0.99 1.08 1.11 1.04 0.95 0.88 0.87 0.88 0.90 0.93 0.94 0.95 0.96 0.97 0.99 1.00 1.00 1.01 1.01 1.02 1.02 1.02 1.02 1.03 1.03 1.02 1.02 1.02 1.02 1.02 1.01 1.00 0.99 0.98 0.96 0.95 0.94 0.93 0.93 0.91 0.92 0.99 1.06 1.10 1.11 1.10 1.10 1.15 1.24 1.36 1.47 1.54 1.57 1.57 1.58 1.64 1.71 1.76 1.81 1.85 1.89 1.89 1.85 1.83 1.85 1.86 1.84 1.81 1.78 1.75
0.92 0.88 0.83 0.82 0.85 0.89 0.94 0.95 0.94 0.92 0.90 0.87 0.86 0.87 0.91 1.00 1.09 1.12 1.06 0.98 0.91 0.88 0.89 0.92 0.94 0.96 0.97 0.98 0.99 0.99 1.00 1.00 1.01 1.01 1.02 1.02 1.02 1.03 1.03 1.03 1.03 1.03 1.02 1.02 1.02 1.01 1.00 0.99 0.98 0.97 0.97 0.97 0.97 0.95 0.98 1.05 1.09 1.09 1.10 1.14 1.21 1.27 1.28 1.22 1.20 1.25 1.30 1.47 1.62 1.71 1.74 1.78 1.83 1.86 1.87 1.87 1.87 1.90 1.94 1.96 1.95 1.93 1.93 1.97
0.95 0.87 0.81 0.81 0.82 0.83 0.84 0.86 0.89 0.90 0.89 0.88 0.88 0.89 0.90 0.95 1.04 1.13 1.16 1.10 1.01 0.93 0.89 0.89 0.92 0.94 0.96 0.97 0.97 0.98 0.99 1.00 1.01 1.01 1.02 1.02 1.02 1.03 1.03 1.03 1.03 1.03 1.03 1.02 1.02 1.02 1.01 1.00 1.00 0.99 0.97 0.96 0.95 0.95 0.98 1.05 1.13 1.16 1.16 1.20 1.24 1.20 1.08 0.95 0.91 0.98 1.17 1.42 1.61 1.72 1.79 1.82 1.85 1.85 1.83 1.86 1.95 2.04 2.10 2.12 2.11 2.08 2.10 2.18
1.04 0.96 0.89 0.87 0.85 0.83 0.82 0.81 0.81 0.81 0.84 0.87 0.87 0.88 0.89 0.91 0.95 1.03 1.12 1.15 1.10 1.02 0.94 0.90 0.89 0.91 0.95 0.96 0.97 0.98 0.99 0.99 1.00 1.01 1.01 1.02 1.02 1.02 1.03 1.03 1.03 1.03 1.03 1.03 1.02 1.02 1.02 1.01 1.00 0.99 0.97 0.94 0.92 0.90 0.91 0.97 1.10 1.19 1.22 1.18 1.07 0.94 0.97 1.06 1.19 1.33 1.46 1.56 1.60 1.66 1.73 1.78 1.79 1.77 1.79 1.88 1.99 2.07 2.10 2.12 2.13 2.15 2.23 2.37
1.11 1.10 1.04 0.94 0.88 0.88 0.91 0.92 0.91 0.88 0.89 0.92 0.89 0.86 0.88 0.90 0.89 0.91 1.01 1.12 1.18 1.16 1.07 0.98 0.93 0.92 0.93 0.95 0.97 0.98 0.98 0.98 0.99 1.00 1.01 1.01 1.02 1.02 1.03 1.03 1.03 1.03 1.03 1.03 1.03 1.02 1.02 1.01 1.01 0.99 0.97 0.95 0.91 0.88 0.86 0.89 0.95 1.04 1.09 1.04 0.96 0.99 1.21 1.44 1.59 1.66 1.64 1.59 1.56 1.56 1.60 1.65 1.71 1.76 1.83 1.89 1.92 1.95 2.00 2.10 2.26 2.42 2.62 2.88
1.16 1.26 1.32 1.22 1.07 1.02 1.06 1.06 1.03 0.98 0.96 0.95 0.94 0.93 0.89 0.86 0.88 0.89 0.94 1.03 1.14 1.21 1.21 1.14 1.05 0.97 0.90 0.88 0.89 0.92 0.94 0.96 0.98 0.99 1.00 1.01 1.01 1.02 1.02 1.03 1.03 1.03 1.03 1.03 1.03 1.03 1.02 1.02 1.01 1.00 0.98 0.96 0.93 0.88 0.85 0.82 0.78 0.75 0.77 0.83 0.92 1.07 1.25 1.42 1.56 1.62 1.61 1.54 1.49 1.49 1.52 1.57 1.63 1.72 1.80 1.82 1.82 1.87 2.01 2.22 2.49 2.71 2.86 2.87
1.21 1.33 1.55 1.65 1.63 1.54 1.43 1.36 1.23 1.12 1.06 1.02 1.01 1.00 0.96 0.90 0.89 0.91 0.93 0.94 0.99 1.08 1.18 1.23 1.20 1.10 0.97 0.86 0.83 0.85 0.89 0.93 0.95 0.97 0.99 1.00 1.01 1.02 1.02 1.03 1.03 1.03 1.03 1.03 1.03 1.03 1.02 1.02 1.01 1.00 0.99 0.97 0.95 0.91 0.87 0.81 0.73 0.65 0.62 0.67 0.78 0.91 1.04 1.16 1.30 1.43 1.51 1.55 1.55 1.54 1.53 1.53 1.55 1.60 1.62 1.64 1.67 1.75 1.92 2.14 2.31 2.43 2.37 2.04
1.11 1.08 1.20 1.44 1.61 1.67 1.68 1.65 1.61 1.57 1.53 1.49 1.41 1.30 1.23 1.16 1.06 0.99 0.93 0.90 0.91 0.95 1.01 1.11 1.19 1.18 1.07 0.94 0.87 0.84 0.85 0.88 0.92 0.95 0.97 0.99 1.00 1.01 1.02 1.02 1.03 1.03 1.03 1.03 1.03 1.03 1.03 1.02 1.02 1.01 1.00 0.99 0.97 0.94 0.91 0.86 0.80 0.74 0.69 0.67 0.70 0.77 0.85 0.92 0.97 1.07 1.24 1.42 1.53 1.56 1.54 1.50 1.52 1.53 1.52 1.50 1.49 1.57 1.71 1.88 1.95 1.88 1.67 1.46
0.96 0.87 0.74 0.73 0.82 1.00 1.17 1.31 1.44 1.55 1.61 1.62 1.59 1.53 1.46 1.37 1.27 1.14 1.01 0.93 0.90 0.90 0.91 0.95 1.00 1.09 1.15 1.10 1.01 0.94 0.88 0.86 0.88 0.91 0.95 0.97 0.99 1.00 1.01 1.02 1.02 1.03 1.03 1.03 1.03 1.03 1.03 1.03 1.02 1.02 1.01 1.00 0.98 0.96 0.94 0.91 0.88 0.84 0.80 0.77 0.76 0.75 0.73 0.68 0.66 0.72 0.88 1.04 1.19 1.31 1.41 1.49 1.51 1.49 1.46 1.43 1.43 1.48 1.57 1.63 1.59 1.43 1.31 1.34
0.92 0.83 0.66 0.54 0.46 0.48 0.56 0.68 0.81 0.92 0.95 0.97 1.02 1.11 1.18 1.21 1.22 1.21 1.16 1.07 0.97 0.91 0.90 0.91 0.94 1.06 1.22 1.28 1.22 1.11 1.01 0.93 0.89 0.89 0.91 0.94 0.97 0.99 1.01 1.02 1.02 1.03 1.03 1.03 1.03 1.03 1.03 1.03 1.02 1.02 1.01 1.01 0.99 0.98 0.97 0.95 0.93 0.91 0.89 0.87 0.84 0.81 0.75 0.69 0.64 0.63 0.65 0.70 0.79 0.94 1.16 1.31 1.35 1.33 1.33 1.37 1.41 1.44 1.43 1.34 1.22 1.19 1.26 1.37
0.91 0.84 0.72 0.62 0.54 0.50 0.50 0.51 0.52 0.51 0.50 0.53 0.58 0.66 0.76 0.85 0.94 1.04 1.12 1.15 1.12 1.06 1.01 0.99 1.02 1.06 1.14 1.24 1.29 1.24 1.16 1.07 0.97 0.90 0.89 0.91 0.95 0.97 0.99 1.01 1.02 1.02 1.02 1.03 1.03 1.03 1.03 1.03 1.03 1.02 1.02 1.01 1.01 1.00 0.99 0.97 0.96 0.95 0.94 0.92 0.91 0.88 0.85 0.81 0.77 0.73 0.68 0.66 0.67 0.72 0.80 0.88 0.97 0.99 1.08 1.17 1.27 1.30 1.26 1.18 1.12 1.18 1.33 1.46
0.92 0.84 0.71 0.63 0.59 0.57 0.56 0.54 0.50 0.46 0.49 0.55 0.60 0.63 0.68 0.73 0.79 0.84 0.91 1.01 1.10 1.14 1.14 1.11 1.08 1.06 1.06 1.12 1.21 1.25 1.22 1.17 1.10 1.01 0.96 0.94 0.94 0.96 0.98 1.00 1.01 1.02 1.02 1.03 1.03 1.03 1.03 1.03 1.03 1.03 1.02 1.02 1.01 1.01 1.00 0.99 0.99 0.98 0.97 0.96 0.95 0.93 0.92 0.89 0.87 0.85 0.82 0.77 0.72 0.68 0.63 0.60 0.61 0.71 0.86 0.99 1.10 1.14 1.13 1.14 1.19 1.32 1.48 1.53
0.99 0.85 0.65 0.56 0.52 0.51 0.50 0.51 0.50 0.51 0.55 0.60 0.65 0.69 0.73 0.76 0.78 0.80 0.82 0.87 0.93 1.00 1.05 1.06 1.06 1.05 1.06 1.08 1.12 1.17 1.20 1.20 1.19 1.16 1.09 1.03 0.98 0.96 0.97 0.98 1.00 1.01 1.02 1.03 1.03 1.03 1.03 1.03 1.03 1.03 1.02 1.02 1.02 1.02 1.01 1.01 1.01 1.00 0.99 0.99 0.98 0.97 0.96 0.95 0.94 0.92 0.89 0.86 0.82 0.77 0.71 0.65 0.64 0.71 0.83 0.97 1.06 1.10 1.11 1.17 1.36 1.58 1.61 1.49
1.10 0.92 0.63 0.46 0.39 0.38 0.40 0.43 0.47 0.51 0.54 0.58 0.63 0.68 0.72 0.76 0.79 0.82 0.84 0.85 0.86 0.88 0.91 0.94 0.97 0.98 0.98 1.01 1.08 1.15 1.19 1.20 1.20 1.17 1.10 1.04 0.99 0.97 0.97 0.98 0.99 1.01 1.01 1.02 1.02 1.02 1.02 1.02 1.02 1.02 1.02 1.02 1.03 1.03 1.02 1.02 1.02 1.02 1.01 1.01 1.00 1.00 0.99 0.98 0.97 0.96 0.94 0.92 0.90 0.88 0.85 0.82 0.80 0.81 0.86 0.94 1.02 1.08 1.15 1.28 1.52 1.63 1.45 1.26
