windninja/windninja_output/Output_2025-08-24_2300-2350_Google earth_Fire_150m_10min/merlingen_7.5mi_point_08-24-2025_2330_150m_vel.asc
ncols	158
nrows	163
xllcorner	391686.332397
yllcorner	5160024.123721
cellsize	150.000000
NODATA_value	-32768.000000
[rows 38 to 75 of 163, columns 0 to 83 of 158]
0.91 0.91 0.92 0.93 0.93 0.93 0.94 0.93 0.93 0.93 0.94 0.94 0.94 0.94 0.93 0.92 0.92 0.92 0.92 0.92 0.91 0.90 0.89 0.88 0.86 0.84 0.83 0.84 0.88 0.91 0.89 0.87 0.89 0.97 1.09 1.16 1.16 1.21 1.25 1.20 1.16 1.14 1.15 1.18 1.22 1.22 1.21 1.25 1.31 1.34 1.31 1.26 1.30 1.35 1.32 1.27 1.36 1.51 1.61 1.67 1.75 1.71 1.46 1.17 1.04 1.08 1.25 1.31 1.21 1.15 1.15 1.22 1.30 1.28 1.17 1.09 1.08 1.18 1.34 1.38 1.18 1.10 1.19 1.39
0.90 0.90 0.91 0.92 0.92 0.92 0.92 0.93 0.93 0.93 0.93 0.93 0.93 0.93 0.93 0.92 0.91 0.91 0.91 0.91 0.90 0.90 0.89 0.88 0.86 0.83 0.81 0.79 0.77 0.76 0.75 0.76 0.80 0.89 1.00 1.09 1.17 1.31 1.38 1.33 1.25 1.19 1.18 1.23 1.31 1.36 1.31 1.28 1.34 1.45 1.46 1.39 1.42 1.59 1.69 1.66 1.67 1.78 1.89 1.96 2.03 2.09 1.94 1.50 1.19 1.15 1.25 1.28 1.19 1.16 1.24 1.31 1.31 1.27 1.24 1.22 1.23 1.29 1.42 1.63 1.59 1.35 1.21 1.24
0.91 0.90 0.90 0.91 0.92 0.92 0.93 0.93 0.92 0.91 0.92 0.92 0.92 0.93 0.93 0.93 0.92 0.91 0.91 0.90 0.90 0.89 0.89 0.88 0.86 0.83 0.78 0.73 0.68 0.67 0.69 0.68 0.69 0.77 0.88 0.97 1.06 1.22 1.40 1.47 1.43 1.36 1.30 1.29 1.32 1.40 1.43 1.40 1.40 1.48 1.53 1.46 1.49 1.64 1.80 1.85 1.81 1.76 1.78 1.82 1.84 1.96 2.08 1.82 1.36 1.26 1.37 1.38 1.28 1.27 1.26 1.16 1.08 1.10 1.22 1.33 1.38 1.42 1.44 1.58 1.73 1.70 1.54 1.41
0.91 0.91 0.91 0.91 0.91 0.91 0.92 0.93 0.93 0.91 0.91 0.92 0.92 0.92 0.93 0.93 0.92 0.92 0.91 0.90 0.90 0.89 0.88 0.87 0.85 0.82 0.78 0.73 0.69 0.68 0.70 0.68 0.66 0.70 0.81 0.93 1.01 1.07 1.22 1.45 1.59 1.63 1.60 1.51 1.45 1.52 1.63 1.66 1.62 1.60 1.64 1.60 1.51 1.42 1.42 1.51 1.49 1.38 1.34 1.39 1.45 1.57 1.87 2.00 1.71 1.44 1.49 1.58 1.53 1.49 1.37 1.21 1.14 1.15 1.26 1.38 1.44 1.43 1.37 1.37 1.51 1.66 1.74 1.72
0.90 0.90 0.91 0.91 0.91 0.91 0.90 0.91 0.93 0.92 0.91 0.91 0.91 0.91 0.92 0.92 0.92 0.91 0.91 0.90 0.89 0.88 0.87 0.87 0.85 0.82 0.79 0.75 0.72 0.71 0.72 0.72 0.70 0.71 0.78 0.90 1.05 1.16 1.26 1.39 1.53 1.60 1.63 1.63 1.61 1.60 1.59 1.55 1.49 1.43 1.46 1.47 1.35 1.21 1.14 1.16 1.18 1.12 1.09 1.16 1.22 1.30 1.54 1.88 1.98 1.78 1.71 1.87 1.91 1.81 1.69 1.58 1.49 1.43 1.45 1.49 1.48 1.41 1.34 1.35 1.45 1.51 1.60 1.75
0.90 0.90 0.90 0.90 0.90 0.91 0.91 0.90 0.92 0.92 0.90 0.91 0.91 0.91 0.91 0.91 0.91 0.90 0.90 0.90 0.88 0.87 0.86 0.86 0.86 0.83 0.81 0.78 0.74 0.71 0.71 0.72 0.73 0.73 0.77 0.85 0.99 1.15 1.24 1.27 1.30 1.35 1.41 1.45 1.44 1.37 1.32 1.31 1.29 1.27 1.30 1.34 1.31 1.22 1.14 1.10 1.10 1.09 1.09 1.14 1.15 1.15 1.24 1.48 1.82 1.98 2.00 2.08 2.21 2.29 2.26 2.21 2.07 1.92 1.85 1.75 1.63 1.49 1.38 1.36 1.42 1.52 1.62 1.75
0.90 0.89 0.89 0.89 0.89 0.90 0.90 0.90 0.90 0.91 0.90 0.90 0.90 0.90 0.90 0.90 0.90 0.90 0.90 0.90 0.89 0.88 0.87 0.86 0.86 0.84 0.82 0.80 0.77 0.73 0.72 0.73 0.74 0.74 0.74 0.77 0.84 0.92 0.97 1.03 1.10 1.21 1.27 1.27 1.24 1.22 1.20 1.23 1.29 1.34 1.39 1.43 1.39 1.31 1.24 1.17 1.11 1.10 1.13 1.19 1.22 1.20 1.18 1.27 1.51 1.79 1.94 1.97 2.11 2.33 2.45 2.46 2.42 2.29 2.08 1.87 1.70 1.58 1.46 1.37 1.37 1.51 1.67 1.69
0.90 0.89 0.89 0.88 0.88 0.88 0.89 0.89 0.89 0.90 0.90 0.89 0.89 0.90 0.90 0.90 0.90 0.90 0.90 0.90 0.89 0.89 0.88 0.86 0.85 0.85 0.83 0.81 0.78 0.76 0.75 0.75 0.75 0.74 0.73 0.71 0.69 0.71 0.77 0.87 1.00 1.12 1.18 1.17 1.16 1.21 1.25 1.27 1.31 1.34 1.34 1.35 1.33 1.24 1.20 1.19 1.14 1.09 1.14 1.23 1.32 1.36 1.38 1.43 1.53 1.60 1.68 1.72 1.68 1.71 1.86 2.00 2.10 2.09 1.96 1.80 1.64 1.58 1.57 1.55 1.57 1.58 1.50 1.40
0.91 0.90 0.89 0.89 0.88 0.88 0.87 0.87 0.88 0.88 0.89 0.89 0.89 0.89 0.89 0.90 0.89 0.89 0.90 0.89 0.88 0.88 0.87 0.87 0.85 0.84 0.83 0.81 0.79 0.77 0.75 0.75 0.74 0.73 0.72 0.69 0.66 0.66 0.71 0.80 0.90 0.99 1.09 1.14 1.12 1.16 1.24 1.30 1.28 1.24 1.22 1.25 1.26 1.20 1.14 1.17 1.18 1.14 1.15 1.26 1.42 1.53 1.59 1.61 1.59 1.54 1.50 1.50 1.44 1.39 1.43 1.55 1.68 1.78 1.81 1.78 1.66 1.59 1.62 1.62 1.54 1.38 1.21 1.17
0.92 0.91 0.89 0.88 0.89 0.87 0.84 0.84 0.85 0.87 0.88 0.88 0.88 0.88 0.89 0.89 0.89 0.88 0.89 0.89 0.88 0.87 0.86 0.86 0.85 0.84 0.83 0.82 0.81 0.79 0.77 0.75 0.73 0.70 0.67 0.66 0.66 0.66 0.68 0.72 0.79 0.88 1.01 1.12 1.16 1.16 1.18 1.20 1.19 1.17 1.18 1.21 1.24 1.26 1.23 1.23 1.27 1.26 1.25 1.30 1.42 1.53 1.53 1.46 1.39 1.35 1.32 1.34 1.37 1.36 1.35 1.37 1.47 1.59 1.68 1.71 1.64 1.53 1.44 1.37 1.25 1.12 1.11 1.17
0.93 0.91 0.89 0.88 0.89 0.90 0.84 0.80 0.82 0.84 0.85 0.86 0.87 0.87 0.88 0.87 0.87 0.87 0.87 0.87 0.87 0.86 0.86 0.86 0.85 0.84 0.83 0.82 0.81 0.80 0.78 0.76 0.74 0.70 0.67 0.65 0.65 0.65 0.64 0.65 0.69 0.75 0.87 1.00 1.12 1.18 1.17 1.15 1.15 1.15 1.17 1.18 1.19 1.21 1.23 1.26 1.30 1.35 1.42 1.45 1.44 1.42 1.36 1.26 1.17 1.15 1.18 1.24 1.28 1.28 1.28 1.30 1.36 1.47 1.57 1.62 1.58 1.48 1.37 1.29 1.25 1.21 1.20 1.26
0.93 0.91 0.90 0.89 0.90 0.91 0.87 0.79 0.77 0.81 0.83 0.84 0.85 0.86 0.87 0.87 0.87 0.87 0.87 0.87 0.87 0.86 0.86 0.86 0.86 0.85 0.83 0.83 0.82 0.81 0.80 0.78 0.76 0.73 0.70 0.68 0.67 0.67 0.66 0.65 0.65 0.67 0.74 0.85 0.97 1.06 1.10 1.09 1.09 1.10 1.15 1.22 1.26 1.28 1.31 1.34 1.37 1.42 1.48 1.49 1.42 1.33 1.27 1.19 1.10 1.08 1.12 1.16 1.20 1.23 1.26 1.29 1.33 1.39 1.49 1.57 1.60 1.59 1.54 1.48 1.45 1.41 1.37 1.36
0.94 0.91 0.89 0.90 0.93 0.94 0.92 0.84 0.76 0.77 0.81 0.83 0.84 0.85 0.86 0.87 0.87 0.86 0.87 0.87 0.87 0.87 0.86 0.86 0.86 0.86 0.84 0.83 0.82 0.81 0.80 0.79 0.77 0.75 0.72 0.69 0.67 0.67 0.67 0.66 0.66 0.68 0.72 0.78 0.85 0.94 0.99 1.01 1.00 0.97 0.98 1.11 1.24 1.34 1.42 1.46 1.48 1.47 1.41 1.32 1.25 1.20 1.18 1.15 1.09 1.07 1.07 1.09 1.11 1.14 1.18 1.21 1.26 1.32 1.40 1.49 1.57 1.61 1.62 1.60 1.55 1.52 1.48 1.42
0.96 0.90 0.85 0.88 0.94 0.97 0.98 0.94 0.82 0.76 0.79 0.82 0.83 0.84 0.85 0.86 0.87 0.86 0.86 0.87 0.86 0.86 0.86 0.85 0.85 0.86 0.85 0.84 0.83 0.82 0.81 0.80 0.78 0.77 0.74 0.70 0.66 0.63 0.63 0.65 0.67 0.68 0.70 0.73 0.79 0.85 0.92 0.97 1.00 0.96 0.94 1.08 1.18 1.23 1.31 1.39 1.41 1.38 1.31 1.22 1.14 1.12 1.15 1.13 1.07 1.05 1.07 1.09 1.10 1.11 1.13 1.17 1.22 1.28 1.34 1.38 1.42 1.48 1.57 1.63 1.63 1.55 1.44 1.36
1.00 0.89 0.80 0.84 0.89 0.92 0.96 1.00 0.92 0.80 0.78 0.80 0.82 0.82 0.83 0.84 0.85 0.86 0.86 0.86 0.86 0.85 0.85 0.85 0.84 0.84 0.84 0.84 0.83 0.82 0.81 0.80 0.79 0.77 0.75 0.72 0.68 0.64 0.63 0.64 0.66 0.68 0.68 0.69 0.74 0.81 0.86 0.94 1.09 1.16 1.20 1.28 1.33 1.31 1.27 1.25 1.23 1.23 1.22 1.19 1.15 1.15 1.19 1.16 1.09 1.07 1.10 1.13 1.13 1.14 1.17 1.21 1.26 1.31 1.33 1.31 1.30 1.31 1.38 1.49 1.59 1.61 1.51 1.33
1.07 0.95 0.81 0.83 0.90 0.90 0.93 1.00 0.98 0.85 0.77 0.77 0.80 0.81 0.83 0.83 0.84 0.85 0.85 0.85 0.85 0.84 0.84 0.85 0.84 0.84 0.84 0.83 0.83 0.82 0.82 0.81 0.80 0.78 0.76 0.74 0.71 0.68 0.65 0.63 0.65 0.69 0.70 0.68 0.70 0.77 0.85 0.94 1.11 1.25 1.30 1.30 1.34 1.37 1.30 1.20 1.15 1.16 1.20 1.21 1.19 1.18 1.21 1.21 1.16 1.15 1.17 1.20 1.22 1.22 1.25 1.30 1.34 1.34 1.33 1.31 1.28 1.24 1.21 1.27 1.42 1.59 1.66 1.56
1.08 1.03 0.88 0.81 0.89 0.92 0.91 0.99 1.03 0.91 0.79 0.75 0.77 0.79 0.81 0.82 0.83 0.84 0.84 0.85 0.85 0.84 0.84 0.84 0.84 0.84 0.84 0.83 0.83 0.82 0.82 0.81 0.80 0.79 0.77 0.76 0.74 0.71 0.67 0.64 0.63 0.66 0.66 0.63 0.61 0.69 0.81 0.91 1.02 1.13 1.19 1.20 1.21 1.24 1.26 1.20 1.15 1.17 1.22 1.27 1.28 1.27 1.29 1.29 1.27 1.28 1.30 1.35 1.41 1.42 1.40 1.37 1.33 1.31 1.32 1.33 1.31 1.29 1.26 1.25 1.35 1.54 1.71 1.80
1.01 1.04 0.97 0.80 0.77 0.81 0.81 0.89 1.02 1.00 0.86 0.75 0.73 0.75 0.77 0.79 0.81 0.82 0.83 0.84 0.85 0.84 0.83 0.83 0.83 0.83 0.83 0.83 0.83 0.82 0.82 0.81 0.80 0.79 0.78 0.77 0.75 0.73 0.70 0.66 0.61 0.58 0.58 0.57 0.57 0.60 0.70 0.83 0.92 1.00 1.08 1.17 1.19 1.20 1.22 1.21 1.17 1.18 1.23 1.30 1.36 1.41 1.45 1.42 1.35 1.33 1.35 1.37 1.44 1.48 1.44 1.36 1.31 1.31 1.33 1.36 1.37 1.38 1.39 1.39 1.42 1.52 1.65 1.76
0.96 0.99 1.01 0.91 0.78 0.75 0.72 0.74 0.89 1.01 0.95 0.82 0.74 0.72 0.73 0.76 0.78 0.80 0.81 0.82 0.83 0.84 0.84 0.83 0.83 0.83 0.83 0.83 0.83 0.82 0.82 0.81 0.81 0.80 0.79 0.78 0.76 0.75 0.72 0.69 0.64 0.60 0.59 0.60 0.60 0.61 0.66 0.73 0.80 0.88 0.97 1.07 1.13 1.15 1.19 1.19 1.18 1.21 1.25 1.30 1.37 1.43 1.49 1.49 1.37 1.25 1.22 1.22 1.24 1.29 1.32 1.36 1.40 1.41 1.42 1.43 1.45 1.48 1.51 1.52 1.50 1.49 1.54 1.63
0.96 0.96 0.99 1.00 0.95 0.87 0.78 0.71 0.77 0.92 1.00 0.95 0.86 0.76 0.70 0.72 0.76 0.78 0.79 0.80 0.81 0.83 0.84 0.83 0.82 0.82 0.83 0.83 0.82 0.82 0.82 0.81 0.81 0.80 0.79 0.78 0.77 0.76 0.74 0.72 0.69 0.67 0.65 0.63 0.63 0.62 0.60 0.60 0.64 0.72 0.82 0.95 1.02 1.07 1.15 1.16 1.18 1.25 1.31 1.35 1.38 1.39 1.43 1.48 1.41 1.26 1.17 1.14 1.15 1.20 1.29 1.41 1.47 1.48 1.50 1.53 1.57 1.61 1.64 1.65 1.62 1.56 1.53 1.52
0.98 0.96 0.96 0.97 0.98 0.97 0.91 0.80 0.74 0.82 0.92 0.98 0.98 0.88 0.73 0.67 0.70 0.74 0.77 0.78 0.79 0.80 0.81 0.82 0.82 0.82 0.82 0.82 0.82 0.82 0.82 0.81 0.81 0.80 0.80 0.79 0.78 0.77 0.75 0.74 0.72 0.70 0.68 0.66 0.63 0.59 0.54 0.51 0.51 0.57 0.66 0.81 0.94 1.02 1.11 1.13 1.13 1.19 1.25 1.30 1.32 1.36 1.41 1.48 1.47 1.34 1.23 1.20 1.25 1.32 1.37 1.43 1.48 1.50 1.55 1.59 1.63 1.68 1.72 1.73 1.72 1.67 1.59 1.52
0.99 0.97 0.96 0.94 0.93 0.94 0.94 0.88 0.79 0.74 0.76 0.84 0.95 0.99 0.87 0.73 0.66 0.68 0.73 0.76 0.78 0.79 0.80 0.81 0.81 0.81 0.82 0.82 0.82 0.82 0.81 0.81 0.81 0.80 0.80 0.79 0.79 0.78 0.77 0.75 0.74 0.73 0.71 0.69 0.66 0.62 0.58 0.54 0.50 0.50 0.55 0.68 0.85 0.96 1.06 1.09 1.07 1.09 1.13 1.17 1.20 1.28 1.38 1.47 1.48 1.39 1.30 1.29 1.32 1.36 1.37 1.40 1.47 1.53 1.58 1.62 1.63 1.64 1.64 1.63 1.62 1.63 1.62 1.60
0.98 0.98 0.96 0.95 0.93 0.91 0.90 0.88 0.83 0.76 0.72 0.74 0.85 1.00 1.02 0.91 0.74 0.67 0.68 0.71 0.75 0.78 0.80 0.81 0.81 0.81 0.81 0.81 0.81 0.81 0.81 0.81 0.81 0.80 0.80 0.80 0.79 0.78 0.77 0.76 0.75 0.74 0.73 0.71 0.69 0.67 0.64 0.60 0.55 0.51 0.51 0.56 0.71 0.86 0.97 1.04 1.04 1.03 1.03 1.05 1.08 1.14 1.24 1.37 1.45 1.42 1.32 1.23 1.25 1.30 1.33 1.38 1.45 1.51 1.56 1.61 1.62 1.59 1.54 1.51 1.49 1.52 1.56 1.58
0.97 0.97 0.96 0.95 0.94 0.93 0.91 0.89 0.86 0.82 0.76 0.73 0.77 0.89 1.03 1.05 0.93 0.77 0.68 0.67 0.70 0.74 0.77 0.79 0.79 0.80 0.80 0.80 0.80 0.80 0.81 0.81 0.81 0.80 0.80 0.80 0.79 0.79 0.78 0.77 0.76 0.75 0.74 0.73 0.71 0.70 0.67 0.64 0.59 0.55 0.51 0.50 0.55 0.68 0.81 0.89 0.93 0.93 0.92 0.92 0.94 0.99 1.09 1.24 1.36 1.40 1.34 1.23 1.22 1.29 1.35 1.39 1.43 1.48 1.52 1.54 1.55 1.54 1.52 1.51 1.50 1.48 1.49 1.48
0.98 0.96 0.94 0.92 0.92 0.94 0.94 0.93 0.90 0.85 0.78 0.71 0.70 0.75 0.88 1.03 1.06 0.94 0.79 0.69 0.67 0.69 0.73 0.76 0.78 0.79 0.79 0.79 0.79 0.80 0.80 0.80 0.80 0.80 0.80 0.80 0.79 0.79 0.78 0.78 0.77 0.76 0.75 0.74 0.73 0.71 0.69 0.66 0.63 0.59 0.54 0.51 0.51 0.58 0.69 0.79 0.83 0.84 0.84 0.85 0.87 0.93 1.03 1.16 1.28 1.35 1.34 1.31 1.29 1.32 1.36 1.40 1.43 1.45 1.49 1.50 1.49 1.50 1.52 1.54 1.54 1.52 1.51 1.49
1.02 0.96 0.90 0.88 0.86 0.89 0.93 0.94 0.92 0.88 0.82 0.72 0.67 0.67 0.74 0.89 1.03 1.05 0.95 0.82 0.72 0.68 0.69 0.73 0.76 0.78 0.79 0.79 0.78 0.79 0.79 0.79 0.80 0.80 0.80 0.80 0.79 0.79 0.79 0.78 0.77 0.77 0.76 0.75 0.74 0.72 0.71 0.69 0.66 0.63 0.58 0.56 0.55 0.58 0.66 0.78 0.84 0.83 0.83 0.87 0.93 0.99 1.03 1.05 1.08 1.12 1.12 1.22 1.30 1.35 1.38 1.41 1.44 1.46 1.47 1.49 1.51 1.54 1.58 1.61 1.62 1.61 1.63 1.65
1.09 0.99 0.89 0.86 0.83 0.82 0.84 0.88 0.89 0.88 0.85 0.77 0.68 0.67 0.69 0.76 0.91 1.04 1.07 0.98 0.85 0.74 0.69 0.69 0.72 0.76 0.78 0.78 0.77 0.78 0.78 0.79 0.79 0.79 0.79 0.79 0.79 0.79 0.79 0.78 0.78 0.77 0.76 0.76 0.75 0.73 0.72 0.70 0.68 0.65 0.61 0.57 0.55 0.56 0.61 0.72 0.86 0.89 0.87 0.88 0.92 0.95 0.93 0.90 0.88 0.89 0.97 1.13 1.26 1.35 1.40 1.43 1.44 1.44 1.44 1.49 1.57 1.64 1.70 1.74 1.74 1.73 1.74 1.79
1.17 1.08 0.96 0.89 0.85 0.83 0.81 0.83 0.84 0.81 0.82 0.78 0.69 0.65 0.67 0.69 0.76 0.89 1.02 1.06 0.98 0.86 0.77 0.70 0.68 0.71 0.76 0.77 0.77 0.77 0.77 0.78 0.78 0.79 0.79 0.79 0.79 0.79 0.79 0.78 0.78 0.77 0.77 0.76 0.75 0.74 0.73 0.72 0.70 0.67 0.63 0.58 0.54 0.52 0.53 0.60 0.76 0.90 0.92 0.87 0.81 0.79 0.88 0.97 1.04 1.08 1.13 1.19 1.23 1.28 1.34 1.39 1.41 1.40 1.41 1.48 1.58 1.65 1.70 1.74 1.76 1.77 1.81 1.90
1.16 1.17 1.11 0.98 0.89 0.86 0.85 0.89 0.91 0.86 0.82 0.81 0.74 0.64 0.64 0.68 0.69 0.73 0.86 1.01 1.07 1.02 0.92 0.81 0.72 0.70 0.73 0.75 0.77 0.77 0.77 0.77 0.77 0.78 0.78 0.79 0.79 0.79 0.79 0.78 0.78 0.78 0.77 0.77 0.76 0.75 0.74 0.73 0.71 0.69 0.66 0.62 0.56 0.52 0.49 0.49 0.56 0.73 0.84 0.82 0.77 0.81 0.99 1.17 1.28 1.30 1.27 1.21 1.19 1.20 1.24 1.29 1.34 1.38 1.43 1.47 1.51 1.56 1.61 1.71 1.84 1.95 2.07 2.24
1.07 1.22 1.34 1.24 1.08 0.94 0.91 0.97 1.00 0.95 0.86 0.82 0.80 0.73 0.65 0.65 0.68 0.69 0.73 0.86 0.99 1.06 1.06 0.97 0.86 0.76 0.71 0.70 0.70 0.72 0.74 0.75 0.76 0.77 0.77 0.78 0.78 0.78 0.78 0.78 0.78 0.78 0.78 0.77 0.76 0.76 0.75 0.74 0.72 0.71 0.68 0.65 0.61 0.56 0.50 0.45 0.41 0.44 0.57 0.68 0.73 0.82 0.94 1.09 1.22 1.28 1.26 1.20 1.15 1.15 1.17 1.21 1.27 1.34 1.39 1.41 1.43 1.49 1.61 1.78 1.97 2.13 2.21 2.20
0.92 1.12 1.43 1.55 1.52 1.36 1.19 1.19 1.19 1.08 0.95 0.87 0.84 0.81 0.75 0.68 0.69 0.69 0.69 0.74 0.82 0.92 1.02 1.06 1.02 0.93 0.82 0.72 0.66 0.66 0.68 0.71 0.73 0.75 0.76 0.77 0.77 0.78 0.78 0.78 0.78 0.78 0.78 0.77 0.77 0.76 0.75 0.74 0.73 0.72 0.70 0.68 0.65 0.61 0.56 0.49 0.42 0.37 0.41 0.52 0.58 0.64 0.72 0.84 0.98 1.12 1.20 1.22 1.20 1.18 1.17 1.17 1.19 1.23 1.25 1.28 1.32 1.38 1.52 1.68 1.79 1.87 1.83 1.59
0.71 0.74 0.98 1.27 1.46 1.52 1.46 1.42 1.45 1.41 1.30 1.23 1.16 1.06 0.99 0.91 0.83 0.77 0.71 0.69 0.73 0.78 0.85 0.95 1.02 1.04 0.99 0.84 0.71 0.65 0.63 0.65 0.69 0.72 0.74 0.75 0.77 0.77 0.78 0.78 0.78 0.78 0.78 0.77 0.77 0.77 0.76 0.75 0.74 0.73 0.72 0.70 0.68 0.65 0.62 0.58 0.53 0.48 0.45 0.47 0.49 0.50 0.54 0.61 0.69 0.81 0.96 1.10 1.18 1.20 1.19 1.16 1.16 1.18 1.18 1.17 1.18 1.23 1.33 1.45 1.50 1.45 1.33 1.21
0.63 0.56 0.52 0.62 0.82 1.05 1.12 1.12 1.25 1.38 1.38 1.36 1.34 1.29 1.22 1.13 1.05 0.95 0.83 0.73 0.70 0.72 0.75 0.79 0.85 0.97 1.07 1.01 0.85 0.74 0.67 0.63 0.64 0.67 0.71 0.73 0.75 0.76 0.77 0.77 0.78 0.78 0.78 0.77 0.77 0.77 0.76 0.76 0.75 0.74 0.73 0.72 0.70 0.69 0.67 0.64 0.61 0.58 0.56 0.54 0.52 0.49 0.44 0.41 0.42 0.49 0.63 0.77 0.89 1.00 1.09 1.14 1.15 1.15 1.15 1.13 1.13 1.15 1.20 1.24 1.23 1.15 1.10 1.13
0.75 0.67 0.54 0.51 0.58 0.67 0.66 0.64 0.75 0.94 0.96 0.94 0.97 1.03 1.06 1.05 1.05 1.05 1.00 0.89 0.79 0.74 0.73 0.74 0.75 0.85 1.06 1.15 1.06 0.92 0.80 0.70 0.64 0.63 0.66 0.70 0.73 0.75 0.76 0.77 0.77 0.77 0.77 0.77 0.77 0.77 0.77 0.76 0.76 0.75 0.74 0.73 0.72 0.71 0.70 0.68 0.67 0.65 0.64 0.62 0.59 0.55 0.50 0.45 0.40 0.38 0.40 0.45 0.55 0.68 0.86 0.99 1.04 1.04 1.05 1.08 1.11 1.11 1.10 1.03 0.97 0.99 1.06 1.13
0.86 0.79 0.68 0.62 0.61 0.62 0.59 0.53 0.58 0.69 0.69 0.67 0.68 0.71 0.76 0.80 0.84 0.92 0.98 0.99 0.94 0.87 0.81 0.79 0.77 0.78 0.91 1.10 1.15 1.06 0.95 0.86 0.74 0.65 0.63 0.65 0.69 0.72 0.74 0.76 0.76 0.77 0.77 0.77 0.77 0.77 0.77 0.76 0.76 0.76 0.75 0.74 0.74 0.73 0.72 0.71 0.70 0.69 0.68 0.67 0.65 0.63 0.60 0.57 0.53 0.48 0.43 0.41 0.42 0.46 0.53 0.62 0.74 0.78 0.85 0.92 0.98 1.00 0.98 0.93 0.91 0.97 1.08 1.18
1.00 0.89 0.74 0.67 0.65 0.64 0.62 0.58 0.58 0.61 0.63 0.66 0.65 0.65 0.67 0.68 0.70 0.74 0.80 0.87 0.92 0.94 0.92 0.88 0.82 0.77 0.81 0.95 1.08 1.10 1.04 0.97 0.89 0.77 0.68 0.66 0.67 0.69 0.72 0.74 0.76 0.76 0.77 0.77 0.77 0.77 0.77 0.77 0.76 0.76 0.76 0.75 0.75 0.74 0.73 0.73 0.72 0.72 0.71 0.70 0.69 0.68 0.66 0.64 0.62 0.59 0.56 0.52 0.47 0.42 0.38 0.36 0.42 0.54 0.65 0.76 0.84 0.88 0.89 0.91 0.96 1.04 1.15 1.22
1.16 1.01 0.78 0.66 0.63 0.62 0.59 0.58 0.59 0.58 0.59 0.63 0.65 0.65 0.67 0.67 0.67 0.68 0.70 0.73 0.77 0.82 0.86 0.86 0.82 0.78 0.79 0.87 0.98 1.05 1.05 1.02 0.98 0.92 0.81 0.74 0.70 0.69 0.70 0.72 0.74 0.76 0.77 0.77 0.77 0.77 0.77 0.77 0.76 0.76 0.76 0.76 0.75 0.75 0.75 0.74 0.74 0.73 0.73 0.72 0.72 0.71 0.70 0.69 0.68 0.66 0.64 0.61 0.57 0.52 0.47 0.42 0.42 0.49 0.60 0.71 0.80 0.85 0.87 0.92 1.06 1.20 1.23 1.22
1.34 1.17 0.88 0.67 0.59 0.57 0.54 0.52 0.54 0.55 0.55 0.57 0.60 0.62 0.64 0.65 0.66 0.67 0.69 0.69 0.70 0.72 0.75 0.78 0.77 0.73 0.74 0.79 0.90 1.00 1.03 1.02 1.00 0.96 0.88 0.78 0.73 0.71 0.70 0.70 0.73 0.75 0.76 0.76 0.77 0.77 0.77 0.77 0.76 0.76 0.76 0.76 0.76 0.76 0.76 0.75 0.75 0.75 0.75 0.74 0.74 0.73 0.73 0.72 0.71 0.70 0.68 0.67 0.65 0.62 0.60 0.57 0.55 0.55 0.59 0.67 0.75 0.82 0.89 0.98 1.14 1.21 1.14 1.09
