windninja/windninja_output/Output_2025-08-24_2300-2350_Google earth_Fire_150m_10min/merlingen_7.5mi_point_08-24-2025_2300_150m_ang.asc
ncols	158
nrows	163
xllcorner	391686.332397
yllcorner	5160024.123721
cellsize	150.000000
NODATA_value	-32768.000000
[rows 0 to 41 of 163, columns 0 to 93 of 158]
187 186 183 182 182 183 184 183 183 184 185 185 187 189 192 195 196 191 187 187 184 181 183 187 190 191 191 188 188 190 191 193 194 193 192 195 199 199 199 197 195 196 197 198 198 199 201 198 191 190 190 190 191 193 195 196 196 196 197 196 195 196 196 195 194 194 196 197 198 198 197 197 198 198 197 198 200 202 202 200 200 201 202 205 206 205 204 205 206 205 205 205 204 204
189 187 183 182 182 184 186 185 183 183 183 184 186 189 192 194 192 187 183 183 182 178 180 186 191 192 191 188 188 190 192 193 194 193 192 194 197 196 195 194 193 193 194 195 194 194 195 193 189 188 190 191 193 195 197 197 196 196 196 196 195 195 195 194 193 194 196 198 199 198 197 197 197 197 197 198 200 202 201 199 200 202 203 205 207 205 202 204 206 206 205 206 205 205
191 188 184 183 183 185 188 187 184 180 179 182 185 188 191 191 188 185 183 183 182 177 176 183 191 193 192 189 189 192 194 193 193 191 190 191 193 192 192 191 190 190 190 190 190 190 190 190 189 188 189 191 194 197 197 196 195 194 195 196 194 193 194 194 193 194 196 199 199 198 197 197 197 196 197 198 199 201 200 198 199 202 204 204 205 202 198 200 204 205 205 205 203 202
186 186 186 185 185 185 185 183 180 179 180 182 185 186 187 187 186 185 185 186 185 180 175 178 186 191 192 190 190 192 193 193 191 188 188 188 190 191 191 189 188 188 187 187 187 187 188 190 191 190 189 191 193 195 195 194 193 194 195 195 194 193 193 194 194 194 196 198 199 198 197 197 197 197 197 198 198 200 201 199 198 201 204 202 203 201 195 195 199 200 201 202 199 197
180 183 187 187 186 185 181 178 178 180 184 185 184 184 183 184 186 186 188 190 188 182 175 174 180 185 188 189 189 190 191 191 190 188 187 188 189 189 188 186 185 185 185 185 186 187 189 190 191 191 192 193 193 194 195 194 194 194 194 194 194 194 194 194 194 194 195 198 200 199 199 198 198 197 198 199 199 200 202 201 199 200 203 201 201 202 195 190 192 194 196 198 195 192
178 181 185 187 186 183 180 177 179 184 187 185 182 182 181 183 187 190 191 192 190 183 175 171 173 179 184 187 188 188 189 190 189 189 188 188 187 185 184 184 183 183 184 185 187 189 190 191 192 193 195 195 195 195 196 195 195 194 193 193 194 194 194 194 194 194 195 197 199 199 199 200 198 196 197 199 199 199 200 204 203 201 201 200 201 202 198 189 186 187 190 192 192 189
182 181 181 184 184 183 181 180 183 185 185 183 181 180 181 183 187 192 192 191 190 185 177 169 167 173 179 183 185 187 187 187 188 189 189 187 185 184 184 185 185 185 186 188 190 191 192 192 193 194 196 196 196 195 196 196 195 194 192 191 191 192 193 194 194 194 194 196 198 197 197 198 197 195 195 197 199 199 200 203 204 200 198 200 201 204 202 194 186 181 181 184 188 188
184 183 181 180 182 183 183 185 186 185 183 181 179 179 181 183 185 189 191 190 189 187 182 173 166 169 175 178 181 184 184 184 186 188 188 186 185 186 187 188 188 189 190 191 192 192 192 193 194 195 195 195 195 196 197 196 194 192 190 189 188 189 192 194 195 195 194 195 196 195 195 196 197 196 195 196 199 202 202 202 202 199 196 198 199 201 201 197 191 181 176 179 184 189
185 185 183 181 181 182 184 187 187 184 180 178 176 177 180 183 184 186 189 190 188 188 185 179 172 168 172 175 178 181 182 182 185 187 187 187 187 189 190 192 193 193 193 193 192 192 193 194 194 194 194 194 194 196 197 194 191 190 189 189 189 190 190 194 196 197 194 194 195 196 195 197 199 199 198 198 201 204 204 203 202 199 193 192 193 194 195 195 190 184 182 182 184 185
185 185 185 184 183 183 185 185 184 182 179 176 173 174 178 182 184 184 186 187 187 187 186 183 178 172 171 175 178 179 181 182 184 186 187 188 190 191 194 195 195 194 193 193 193 193 193 194 194 192 194 195 194 194 195 194 191 191 193 194 195 193 191 194 197 196 194 193 195 198 200 200 200 200 201 201 204 204 201 199 199 198 193 188 188 188 190 189 186 185 187 186 183 183
186 186 186 185 185 185 184 183 182 181 179 176 173 172 175 180 182 182 181 182 185 186 186 185 182 177 174 176 179 179 180 182 183 185 188 190 192 193 194 195 194 194 194 194 196 195 194 196 196 195 195 196 194 194 195 198 198 199 202 203 202 199 196 196 194 193 194 195 197 201 203 201 199 199 202 204 206 202 194 192 194 197 195 190 185 184 184 184 184 187 191 189 185 185
187 186 186 186 185 185 184 183 182 181 179 177 174 172 173 175 178 179 179 179 181 184 186 186 184 182 181 180 180 179 181 184 184 185 188 192 194 194 193 193 194 195 195 196 198 198 198 200 204 204 203 202 202 204 208 211 213 214 216 219 220 219 210 198 192 191 195 197 198 199 200 200 199 197 199 200 199 196 189 186 190 194 195 191 185 182 183 185 185 187 191 193 189 187
187 187 186 186 186 184 183 183 182 181 180 178 176 174 173 171 172 175 177 178 178 181 185 187 188 189 187 184 182 181 182 184 185 185 189 194 194 193 192 193 194 195 196 197 200 203 205 211 218 220 219 222 227 234 239 237 232 230 233 240 245 243 233 214 197 193 195 193 189 191 195 198 198 194 191 191 191 191 189 186 188 191 192 190 187 185 186 189 187 186 191 196 194 189
188 187 186 186 185 184 184 183 182 181 180 178 177 177 175 171 168 168 173 176 178 180 185 189 193 193 189 186 184 184 184 184 185 186 190 193 192 191 191 193 196 199 203 207 211 214 214 215 218 221 223 226 231 240 249 255 250 241 234 232 230 224 214 208 204 202 192 169 163 175 189 194 194 190 185 185 188 190 191 190 188 187 188 190 191 190 190 193 193 190 194 201 202 199
188 188 187 186 185 184 184 183 182 181 180 178 177 177 177 175 170 167 168 173 177 182 187 191 193 191 188 186 185 186 187 185 184 186 187 188 191 194 196 201 208 216 225 230 229 227 221 212 210 214 216 215 214 215 218 222 221 215 209 208 207 203 198 197 198 196 188 173 149 146 169 183 187 186 186 186 188 192 196 194 189 186 188 193 197 197 197 201 203 201 205 215 220 220
188 188 187 186 185 184 184 183 182 181 179 178 176 175 175 175 174 173 171 172 177 182 186 190 191 188 186 186 188 187 186 185 184 186 188 192 199 206 212 219 226 227 224 219 214 212 211 207 205 207 207 203 198 197 199 203 203 198 193 195 197 196 194 194 195 195 191 185 177 155 145 161 176 184 187 187 190 196 198 194 187 187 192 199 204 207 210 214 215 215 219 226 229 229
189 188 187 186 185 184 183 182 182 180 179 178 176 173 171 172 175 177 176 176 178 181 184 187 188 187 186 186 187 185 184 185 189 194 203 210 214 218 219 218 214 207 203 204 203 202 203 204 199 196 197 196 193 193 196 200 202 197 190 190 193 194 194 193 194 196 194 188 186 180 162 148 156 171 180 186 191 195 193 191 191 194 200 208 216 223 227 231 231 222 215 216 218 219
189 188 187 186 185 184 183 182 181 180 179 178 176 173 169 168 173 177 178 179 180 182 184 185 186 187 187 185 184 185 187 192 200 207 211 209 205 204 203 201 200 198 198 201 202 201 200 198 194 190 189 191 193 195 197 199 200 197 191 189 192 195 195 193 192 194 194 191 191 189 181 169 162 162 168 180 187 190 193 197 203 207 211 218 226 232 234 231 226 216 208 210 212 213
189 188 187 186 185 184 183 182 181 180 179 178 176 174 171 169 171 175 178 181 183 183 183 183 185 187 187 185 184 187 193 199 203 203 202 201 200 198 197 197 197 199 200 200 201 200 195 191 191 192 191 190 192 195 196 195 196 196 193 190 193 197 196 194 191 191 194 196 195 190 184 179 176 173 170 172 181 193 208 220 223 224 221 219 219 219 218 216 216 212 202 204 209 211
189 188 187 186 185 184 183 181 180 180 179 178 176 175 173 171 172 175 178 181 182 182 182 183 184 185 186 187 187 189 194 198 200 201 202 202 201 198 194 194 195 196 197 198 197 195 192 189 190 194 195 193 191 190 191 191 194 195 195 193 196 200 198 194 191 192 195 196 192 187 184 183 184 184 182 180 188 206 222 226 223 218 212 208 208 210 211 212 214 212 200 196 205 209
189 188 187 186 185 184 183 181 180 179 179 178 177 176 175 174 175 176 178 179 180 181 182 183 183 185 187 188 188 190 193 196 198 198 197 196 194 191 190 191 193 195 196 196 194 192 193 193 192 194 195 194 190 187 186 189 192 194 196 197 199 201 199 193 192 191 191 191 188 187 188 189 190 189 186 186 191 199 207 210 209 207 205 202 202 206 209 212 213 210 200 193 201 208
189 188 187 186 184 183 182 181 181 179 178 178 177 176 176 176 176 177 178 179 180 180 181 182 183 185 187 188 189 190 191 193 193 191 189 189 190 190 190 191 194 195 195 194 193 194 195 194 192 192 193 193 191 188 187 188 190 192 196 199 200 200 198 193 190 188 186 186 188 190 194 195 195 193 188 184 187 194 200 204 205 206 206 202 197 201 205 208 209 207 199 193 198 206
188 188 187 185 184 183 182 181 181 179 178 178 177 177 176 176 176 177 178 178 179 180 181 182 183 185 187 189 189 189 188 188 186 186 186 187 190 193 194 194 194 194 194 195 195 194 192 192 191 191 192 193 193 192 189 187 188 189 193 198 199 199 198 192 187 183 183 186 191 196 198 199 198 195 188 181 181 188 195 201 205 205 205 203 197 196 198 201 204 204 200 194 197 204
188 188 186 185 184 183 182 181 180 179 177 177 177 177 176 176 176 176 177 178 179 180 181 182 184 185 188 190 191 189 186 183 182 185 188 190 193 196 196 193 191 192 194 195 194 191 191 192 192 191 193 193 193 192 190 188 188 188 190 194 198 199 197 189 182 182 185 191 199 203 203 201 198 193 189 184 181 183 189 198 204 205 205 205 200 194 191 195 202 205 202 196 199 205
188 187 186 184 183 182 181 180 179 178 177 177 177 176 176 176 176 176 177 178 178 180 181 182 184 186 191 194 193 188 184 181 181 185 189 192 195 195 193 191 189 189 191 191 190 191 193 195 195 193 193 193 192 191 190 189 189 190 190 192 196 197 192 186 182 185 192 200 207 210 208 200 194 191 192 192 187 182 184 193 200 203 203 205 204 197 191 194 202 206 202 198 200 204
188 187 185 184 183 182 181 180 178 177 177 177 176 175 176 176 176 176 177 177 178 179 180 181 184 187 192 195 194 190 185 181 179 181 186 191 194 195 191 188 187 186 186 186 189 194 196 196 196 194 193 194 193 191 189 188 190 193 195 193 192 188 186 187 189 191 196 204 210 212 207 194 189 191 194 196 196 188 180 183 191 196 199 202 203 200 194 194 201 204 199 194 198 203
188 187 185 184 182 181 180 179 177 177 177 176 175 175 175 175 175 176 177 177 177 178 179 181 183 187 191 194 194 193 189 184 179 177 181 187 192 194 191 187 185 184 182 185 190 193 195 196 194 193 194 196 194 190 186 186 192 197 197 192 185 180 182 190 196 199 201 204 207 207 200 191 189 192 193 194 198 196 181 174 181 190 195 198 200 199 196 197 202 203 196 189 193 200
187 186 185 183 182 181 179 178 177 177 177 176 175 174 174 174 175 175 176 176 177 177 178 180 183 185 188 190 193 194 194 190 184 179 177 180 186 190 191 187 184 182 181 184 187 188 191 194 195 193 192 194 193 190 186 185 191 196 193 187 183 182 185 194 202 205 205 204 203 201 197 194 191 192 191 190 195 199 191 176 175 184 190 193 196 198 198 200 204 205 198 187 186 195
186 186 184 183 181 180 178 177 177 176 176 175 175 174 174 174 174 174 175 175 176 177 178 179 181 183 183 185 189 194 196 194 190 184 179 176 179 185 187 185 183 181 181 182 184 186 188 192 195 192 188 191 192 191 189 186 187 190 190 186 184 188 192 197 202 206 205 202 199 196 196 196 194 194 192 189 192 200 201 188 176 177 184 190 195 201 203 203 206 207 203 192 184 188
186 185 184 182 181 179 177 176 176 176 175 175 174 174 173 173 173 174 174 175 175 177 177 178 179 179 178 179 184 189 192 195 194 187 179 175 177 181 183 182 180 180 182 183 183 184 186 188 190 189 187 189 191 193 193 188 185 187 191 189 187 193 201 203 205 205 201 198 197 195 196 198 199 199 195 190 191 200 206 200 183 174 178 189 199 204 205 203 204 207 206 201 190 185
185 184 183 182 180 178 176 176 175 175 174 174 173 173 173 173 173 173 174 174 175 176 176 177 177 175 174 175 181 186 191 194 192 185 178 176 177 179 180 179 179 180 182 184 185 184 184 183 184 187 188 189 192 197 197 194 190 189 191 194 194 199 208 212 211 205 197 195 199 200 200 203 205 200 193 189 190 198 206 205 192 178 177 187 195 198 198 198 201 205 208 207 202 193
185 183 182 181 179 177 176 175 175 174 174 173 173 172 172 172 172 172 173 173 174 175 176 176 175 174 173 175 181 188 191 190 186 182 178 177 177 176 177 179 180 181 183 185 186 185 183 181 183 189 191 192 196 201 202 199 196 194 194 199 201 202 208 213 212 202 194 193 200 205 205 204 201 194 188 188 191 196 203 205 199 188 183 186 191 194 197 201 206 210 212 214 213 209
184 183 181 180 177 176 175 174 174 173 173 173 172 172 172 172 172 172 172 172 173 174 174 175 174 173 173 175 180 184 184 182 182 183 181 176 174 173 175 180 184 185 185 187 187 186 185 185 189 193 194 195 197 202 204 199 195 197 199 204 206 203 203 207 209 202 190 188 197 205 203 196 191 188 186 187 189 193 200 205 204 198 193 190 191 197 202 207 211 215 217 218 217 214
183 182 181 178 175 175 174 173 173 172 172 171 171 172 172 172 172 172 172 172 172 172 173 173 173 173 172 173 175 176 177 179 182 186 184 174 170 173 178 183 186 187 187 189 189 188 188 191 194 196 196 197 197 201 204 198 193 195 202 207 206 198 194 199 206 204 193 184 192 201 198 191 189 189 187 186 186 188 195 203 206 204 200 196 192 196 203 204 206 210 214 215 214 211
182 181 180 176 174 174 173 173 172 171 171 171 171 171 171 172 172 172 172 172 172 172 172 171 172 172 172 172 171 170 171 176 181 185 184 178 172 175 181 185 188 191 192 194 194 192 193 196 197 198 198 199 201 202 203 199 194 194 203 210 208 198 188 192 203 207 201 189 186 192 194 194 194 193 189 185 183 184 190 201 206 205 204 202 196 194 201 203 202 205 208 208 207 205
180 179 177 175 173 173 173 172 171 171 170 170 170 170 171 171 171 171 172 172 172 172 171 171 170 171 172 172 172 170 168 172 176 178 182 183 180 179 185 189 193 197 199 198 196 195 195 196 196 196 198 200 201 200 198 196 196 197 203 212 213 202 188 187 198 206 205 195 184 185 194 201 201 198 192 186 184 186 192 200 205 205 207 209 206 196 197 202 201 200 200 201 203 205
179 177 175 173 172 173 172 171 170 170 170 170 170 170 170 170 171 171 171 171 171 172 171 171 170 170 171 173 174 170 166 167 170 174 180 186 187 188 193 198 200 200 199 197 195 194 194 194 194 196 197 197 197 196 194 194 196 199 202 209 213 205 191 184 191 201 204 199 191 191 200 208 208 199 191 187 187 192 199 200 201 206 210 213 214 203 191 196 199 195 194 198 203 207
177 175 172 171 171 172 171 170 169 169 169 170 170 170 170 170 171 171 171 171 171 172 171 171 171 170 170 173 172 167 164 165 167 173 181 187 192 199 203 203 200 198 196 194 193 193 193 193 195 196 195 193 193 194 193 192 194 198 200 204 208 205 195 185 185 196 203 203 199 200 204 206 200 192 190 191 188 189 198 202 199 201 207 211 213 207 191 189 195 194 193 197 202 203
174 172 171 170 170 170 170 169 169 169 169 170 170 170 170 170 170 171 171 171 172 172 171 171 171 170 170 170 167 163 163 165 168 173 181 189 198 205 204 200 197 194 192 191 192 192 190 190 192 194 192 189 189 193 194 190 190 194 196 198 201 202 198 190 187 193 204 208 207 205 201 194 191 191 193 193 185 182 194 203 199 196 201 206 210 208 197 187 190 193 194 197 200 203
171 169 169 169 169 169 169 169 168 168 169 170 170 170 170 170 170 171 171 171 172 172 172 171 171 170 169 166 162 162 163 164 167 173 181 192 198 199 199 198 195 192 189 187 188 190 189 188 188 191 191 187 185 188 190 187 185 187 191 193 196 201 204 200 192 193 205 211 208 201 192 190 193 197 197 191 183 179 188 199 201 200 202 204 209 209 201 188 186 192 196 198 203 208
168 166 167 168 168 169 169 168 167 168 169 170 170 170 170 171 171 171 171 171 171 172 172 172 171 170 168 165 163 163 162 163 166 172 183 192 193 192 195 195 194 191 187 185 186 188 189 187 185 188 191 186 180 180 185 187 184 185 189 194 198 204 209 208 198 194 204 209 204 194 190 195 202 198 193 188 182 179 182 195 202 203 203 204 207 207 199 189 187 191 194 199 208 214
166 166 167 168 168 168 168 168 168 169 169 170 170 170 171 171 171 171 172 172 172 172 172 172 171 171 169 167 165 164 164 165 167 173 182 188 189 189 189 189 189 187 187 187 185 183 185 186 185 187 188 185 179 177 183 189 189 189 194 202 206 207 208 208 203 197 201 203 197 193 196 201 199 191 185 184 183 181 183 194 202 201 201 202 202 199 196 193 192 191 192 200 212 217
