windninja/windninja_output/Output_2025-08-24_2300-2350_Google earth_Fire_150m_10min/merlingen_7.5mi_point_08-24-2025_2320_150m_ang.asc
ncols	158
nrows	163
xllcorner	391686.332397
yllcorner	5160024.123721
cellsize	150.000000
NODATA_value	-32768.000000
[rows 0 to 41 of 163, columns 0 to 93 of 158]
203 202 200 198 198 199 199 197 197 198 198 197 197 200 205 210 215 214 210 209 203 195 195 198 201 203 203 200 199 201 202 203 205 204 203 207 210 211 211 209 206 206 207 208 209 209 212 209 201 198 198 197 198 200 201 202 203 203 204 202 201 202 202 201 199 199 201 203 204 204 203 203 203 203 203 203 205 208 208 205 205 206 207 210 212 211 209 210 211 210 209 210 208 208
204 203 200 198 199 200 200 200 200 199 198 196 195 199 204 208 209 205 203 203 198 191 192 197 202 204 202 199 200 202 203 204 205 204 203 206 208 207 206 204 203 204 204 205 204 204 205 203 198 197 198 199 200 203 203 203 203 202 203 203 202 202 202 200 199 200 202 204 205 204 203 203 203 202 202 203 205 207 206 204 205 206 208 210 212 210 207 208 211 210 210 210 210 209
202 201 198 198 199 200 201 202 200 196 193 191 193 196 202 205 203 199 198 198 195 189 187 194 202 204 202 200 201 204 205 205 204 203 202 203 203 202 202 200 200 200 200 200 200 199 199 199 197 196 198 200 202 205 204 203 202 201 202 202 201 200 200 200 199 200 202 205 206 204 202 203 202 201 202 203 204 206 205 203 203 207 209 209 210 207 203 205 209 210 209 209 208 207
196 198 199 198 199 199 197 196 194 191 190 190 191 194 199 202 201 199 199 200 198 192 186 189 198 201 201 200 200 202 203 204 203 201 200 200 201 202 201 199 197 197 197 196 196 196 196 198 198 197 197 198 200 202 202 201 201 201 202 202 201 200 200 200 200 200 202 205 206 205 203 203 203 203 203 203 203 205 207 204 202 205 208 207 207 206 199 199 203 204 205 206 203 201
189 194 198 198 199 196 193 191 191 192 193 191 190 193 197 200 202 202 203 204 202 195 187 185 191 196 198 198 198 198 200 201 201 199 198 199 200 200 198 196 194 194 194 194 195 196 197 198 198 199 199 200 201 202 202 202 202 202 202 202 202 201 200 201 201 200 202 205 207 206 204 204 204 204 204 205 205 206 207 206 203 205 208 206 206 207 199 194 196 197 200 201 199 196
188 191 196 198 198 195 192 191 192 195 195 192 189 192 196 200 204 206 207 207 205 199 189 182 184 190 194 197 197 197 198 199 199 198 198 198 197 195 194 194 192 192 193 195 197 198 199 199 200 201 202 202 202 203 204 203 203 202 201 201 201 201 200 201 201 201 201 204 206 205 205 206 204 202 203 205 205 205 206 208 208 206 207 206 206 208 203 194 191 191 193 196 195 192
192 192 192 195 196 195 193 194 195 196 194 191 189 191 197 201 205 207 207 206 205 202 193 182 180 186 192 195 196 196 197 197 198 198 198 196 194 194 194 194 194 195 196 198 200 201 201 201 202 202 203 203 203 203 204 204 203 202 200 199 198 198 199 200 201 201 201 203 205 203 203 204 203 200 200 202 204 205 205 207 208 205 204 205 206 209 207 200 192 187 186 189 192 192
193 193 192 192 195 196 197 198 198 196 193 189 187 190 197 201 202 205 205 204 204 203 198 187 179 182 189 191 193 195 196 197 198 199 199 197 196 196 197 198 199 200 201 202 203 203 203 203 203 203 203 203 203 204 205 204 203 201 198 196 196 196 197 200 201 202 201 202 203 202 200 202 203 201 200 201 205 207 206 206 208 205 202 203 204 206 206 202 196 187 182 185 191 194
193 194 194 193 195 197 200 201 199 196 192 187 185 188 195 200 201 203 204 205 204 204 200 193 184 179 184 189 191 194 197 197 199 200 201 200 200 201 202 204 204 205 205 205 204 203 204 204 203 202 203 203 203 204 206 203 200 199 197 197 197 197 197 200 203 203 201 201 202 202 202 204 205 205 203 204 207 209 208 208 208 205 199 197 198 198 199 199 194 188 186 186 189 190
194 195 196 195 196 198 199 199 197 195 191 187 183 185 193 200 201 201 202 202 203 202 200 196 190 182 182 188 191 193 196 197 198 200 202 203 204 204 206 208 208 207 206 206 206 205 205 206 204 202 204 205 203 203 205 204 201 201 202 203 204 202 199 202 205 204 202 200 201 204 206 207 207 207 206 207 209 209 205 204 205 204 198 193 193 193 194 193 190 189 190 189 187 186
195 195 196 196 197 197 198 197 195 194 192 188 184 184 191 198 201 200 198 199 201 201 200 198 193 188 184 188 192 193 196 198 199 201 204 206 206 207 208 208 207 207 207 207 209 209 207 208 208 206 207 208 206 206 208 210 210 211 213 214 213 211 208 207 206 204 204 203 203 207 209 208 206 205 207 209 211 208 199 197 200 202 200 195 192 189 189 190 189 191 195 193 189 189
195 195 196 197 197 197 196 196 195 194 193 190 187 185 189 195 198 198 198 198 200 201 201 200 196 193 191 192 194 195 198 202 202 203 206 209 210 209 208 207 208 209 209 209 211 211 211 214 217 218 219 219 219 221 225 227 227 227 228 230 232 232 227 218 213 210 209 208 206 207 207 207 205 203 204 205 204 201 194 191 195 199 199 196 190 186 188 191 190 190 196 198 194 192
196 196 196 197 197 197 196 196 196 195 193 191 189 187 189 193 195 196 198 198 199 201 202 202 202 201 199 198 198 199 201 203 204 205 208 212 212 210 208 208 209 210 209 210 212 215 216 221 229 233 236 239 243 249 252 251 245 241 241 246 251 252 250 248 243 232 224 212 202 201 204 206 205 200 196 195 196 196 193 191 193 196 196 195 191 189 191 194 192 190 195 201 199 194
196 196 196 197 196 196 197 196 196 195 194 192 191 190 192 195 195 193 196 198 199 201 205 208 208 206 203 200 200 201 203 204 206 206 208 211 210 209 209 210 212 215 217 221 225 226 224 224 227 233 236 240 244 251 258 263 260 251 242 240 240 238 234 235 243 249 246 220 188 190 199 203 202 196 191 191 194 196 196 195 193 193 193 195 196 195 196 199 198 195 199 207 208 205
197 197 197 196 196 197 197 197 196 195 194 193 191 189 192 196 196 193 193 199 202 205 208 210 210 207 203 201 202 203 205 206 206 206 206 207 209 211 214 218 224 230 236 241 241 238 233 224 220 223 226 227 227 229 232 237 238 231 222 220 220 217 212 210 212 214 211 203 176 159 181 194 196 194 192 193 196 199 203 201 196 193 194 200 203 203 203 207 208 207 212 223 227 226
197 197 197 197 197 197 197 197 196 196 195 193 191 188 190 195 197 195 194 198 202 205 207 208 208 206 202 202 204 204 204 203 202 204 207 212 219 224 228 233 238 238 236 233 229 226 225 222 219 218 217 213 209 207 210 213 214 208 203 206 209 208 205 203 204 206 203 199 193 166 151 174 188 193 195 195 198 204 206 203 196 195 200 207 211 214 217 220 221 221 225 233 235 235
197 197 197 197 197 197 197 197 197 196 195 193 191 187 186 192 197 198 198 198 200 203 204 206 206 205 202 202 203 202 201 203 206 212 221 229 234 235 234 232 228 223 219 219 217 215 216 216 213 211 209 206 202 202 205 208 210 205 198 199 204 205 205 202 202 205 203 199 196 189 170 157 171 184 190 194 199 203 202 200 199 202 209 216 223 230 233 235 236 228 222 222 224 225
197 197 197 197 197 197 197 197 196 196 195 194 193 190 187 191 198 200 200 200 202 204 205 205 206 207 205 203 202 203 206 210 216 222 225 226 224 222 219 217 215 214 214 216 216 214 213 210 206 203 203 202 203 205 206 208 208 205 198 197 202 205 204 201 200 202 203 200 200 198 189 177 172 173 179 189 195 199 202 206 212 216 219 225 231 237 238 236 233 225 217 217 218 219
198 198 198 197 197 197 197 197 196 196 196 195 194 192 190 192 198 201 203 205 206 206 206 206 208 209 208 205 205 208 213 216 217 217 218 218 217 216 214 214 214 214 215 215 215 214 210 204 203 204 204 203 204 205 205 205 205 204 201 199 203 206 205 201 199 200 203 204 203 199 192 185 183 182 179 182 193 206 220 229 232 232 229 226 225 225 223 222 223 220 212 212 216 216
198 198 198 197 197 197 197 197 196 196 197 196 195 194 194 195 199 203 205 206 206 206 205 206 207 207 207 207 208 210 212 214 215 217 219 220 219 216 212 211 210 210 211 211 210 209 206 203 204 208 208 206 204 202 201 201 202 204 203 202 206 210 208 203 201 201 204 205 200 195 191 189 190 191 188 188 198 218 232 234 231 228 222 216 215 216 216 217 220 219 208 203 211 215
199 198 197 197 197 197 197 197 197 197 197 197 196 196 196 197 199 202 203 203 204 204 204 204 205 206 207 208 208 208 209 211 213 214 214 213 211 207 204 205 206 208 210 209 207 206 206 206 205 207 209 207 203 199 198 200 202 203 205 206 208 211 209 203 201 201 200 199 196 194 194 194 195 196 192 191 196 206 214 218 218 215 214 210 209 212 215 217 219 217 207 199 206 214
198 198 198 198 198 197 197 198 198 197 197 197 197 196 197 197 199 200 201 201 202 202 203 203 204 206 207 208 208 208 207 207 207 207 205 204 205 204 203 205 206 208 208 208 208 209 209 207 205 205 206 205 203 200 199 200 201 202 205 207 208 209 208 203 200 197 195 194 195 197 199 201 201 200 194 189 191 199 205 210 212 213 213 209 204 208 211 213 216 213 205 197 202 211
198 198 198 198 197 197 197 198 198 197 197 197 197 197 197 197 198 199 200 200 201 201 202 203 204 205 206 207 208 207 204 202 202 203 203 204 207 208 208 207 207 207 207 209 210 209 206 204 203 203 204 205 204 203 200 199 199 200 202 206 207 208 207 202 196 192 190 193 198 202 203 204 203 202 194 185 185 193 200 206 209 210 211 209 203 202 203 206 210 210 204 197 200 209
198 198 198 197 197 197 198 198 198 198 197 196 197 198 197 197 198 199 199 200 200 201 201 202 203 204 206 209 210 208 203 199 200 204 207 209 212 213 211 208 206 205 207 209 208 204 203 204 204 203 205 206 205 204 201 199 199 198 198 203 206 208 207 199 191 190 192 198 205 208 208 206 204 200 195 188 184 188 195 203 208 209 210 210 206 200 197 202 209 211 206 199 202 209
199 198 198 198 198 198 198 198 198 198 197 197 197 198 197 197 198 198 199 199 200 200 201 201 202 204 207 212 213 210 204 201 201 205 209 211 213 213 211 207 204 204 204 204 204 203 204 206 207 206 206 206 204 202 201 199 199 199 198 201 206 207 204 197 192 193 199 207 213 215 213 207 201 198 197 195 191 187 191 198 205 207 207 209 208 203 197 201 209 212 206 200 204 209
199 198 198 198 198 198 198 198 198 197 198 197 197 197 197 198 198 198 199 199 199 200 200 200 202 203 207 211 213 211 207 203 201 202 205 208 210 212 210 206 203 201 200 201 203 206 207 208 207 206 205 206 205 203 201 198 199 202 203 203 202 200 197 196 197 198 203 209 214 217 213 203 198 198 198 199 200 194 186 189 196 201 203 206 207 204 198 199 207 210 203 197 201 207
199 198 198 198 198 198 198 198 198 198 198 198 197 197 197 198 198 198 199 199 199 199 199 199 200 201 204 209 212 212 209 207 204 201 202 204 207 210 209 203 201 199 197 200 204 204 205 206 205 204 204 207 206 203 198 195 199 204 205 201 196 194 195 199 203 204 206 208 211 212 208 201 197 198 197 196 202 202 188 180 187 195 199 202 204 203 199 200 207 208 200 191 196 204
198 198 198 198 198 198 197 197 198 198 198 198 198 198 197 198 198 198 198 198 198 198 198 198 199 199 200 205 209 210 211 211 207 203 201 201 203 208 208 203 199 197 196 197 199 198 200 204 205 203 202 204 203 201 196 193 197 202 201 196 195 195 198 203 209 211 209 208 208 207 206 202 198 197 195 193 199 205 198 181 180 189 195 198 201 203 202 203 208 209 202 190 189 199
198 198 198 198 198 198 197 198 198 198 198 198 198 198 197 197 197 197 197 198 197 197 197 197 197 196 196 199 204 207 209 211 208 204 200 194 196 202 205 200 196 194 194 194 195 195 197 201 205 202 197 199 201 201 198 192 191 197 199 196 196 199 202 205 209 211 209 206 205 204 205 203 200 198 196 192 196 206 206 194 182 182 190 196 202 207 207 207 210 211 206 196 187 193
198 198 198 198 198 198 197 198 198 198 198 198 198 198 197 197 197 197 197 197 197 197 197 196 194 192 191 194 198 201 204 208 208 204 195 188 189 195 198 195 192 191 192 193 193 193 195 197 199 197 194 196 199 202 201 194 189 194 200 201 200 204 209 210 211 211 206 203 205 205 205 205 204 203 198 194 195 206 212 207 190 179 185 196 206 210 210 208 209 211 210 204 194 190
199 198 198 199 199 198 197 198 198 198 198 198 198 198 197 197 196 196 197 197 197 196 196 195 193 190 188 191 195 199 204 208 207 201 192 185 186 191 194 191 190 190 191 194 194 193 193 193 194 196 196 197 200 204 204 199 196 198 203 207 207 209 215 217 216 211 203 201 208 211 210 211 210 205 197 192 194 202 211 211 199 184 183 194 202 204 203 204 206 209 211 211 207 199
199 198 198 199 199 198 197 198 198 198 198 198 198 198 198 197 197 196 196 196 196 195 195 194 192 189 188 190 195 202 207 207 203 200 194 186 186 189 191 191 192 193 194 196 197 195 194 193 196 200 201 202 205 210 210 204 202 204 207 214 213 210 214 218 218 210 200 200 209 216 214 211 207 199 192 191 194 200 207 211 204 193 189 193 198 201 204 207 211 214 216 217 217 215
199 199 198 198 198 198 198 198 198 198 198 198 198 198 198 197 197 196 196 196 195 195 194 193 191 188 187 188 192 196 199 199 200 202 199 187 184 188 191 194 197 198 198 199 199 198 198 200 203 207 208 208 209 212 212 205 202 206 211 217 217 210 208 212 216 210 197 195 206 214 211 202 197 192 190 190 192 196 204 210 209 202 197 196 198 204 210 214 217 220 222 222 221 219
199 199 198 198 199 198 198 198 198 198 198 198 198 198 198 197 197 196 196 195 195 194 192 192 191 188 186 186 186 188 192 196 199 205 203 187 180 188 194 197 200 200 200 202 203 203 204 206 209 211 211 210 211 213 213 207 202 205 212 217 216 205 199 204 212 211 200 192 201 209 205 197 195 193 190 189 189 192 199 207 210 207 205 201 198 202 209 210 211 215 218 219 219 217
198 198 198 198 198 198 198 198 199 198 197 197 198 198 197 197 197 196 196 195 194 193 192 190 190 188 187 185 183 184 189 196 200 203 202 192 182 189 196 199 202 204 206 208 210 209 210 212 213 213 213 214 215 215 215 211 206 206 213 219 216 204 193 198 209 213 208 198 196 201 201 199 199 197 193 189 186 188 195 205 209 208 207 207 200 199 206 208 206 209 212 212 212 211
198 198 198 198 198 198 198 198 198 198 198 198 198 198 197 197 197 196 196 195 194 194 192 190 189 188 187 186 185 186 188 192 195 198 200 197 191 192 200 204 207 211 213 213 212 212 211 211 211 211 212 213 213 212 210 209 208 210 215 222 221 210 194 192 204 212 212 203 194 195 202 206 206 202 196 190 187 191 198 206 208 208 210 213 210 200 202 206 205 204 204 205 208 211
198 198 198 198 199 199 198 198 198 198 198 198 198 198 197 197 197 196 196 195 195 194 192 191 189 188 186 186 187 187 184 185 189 194 200 202 199 200 207 212 214 215 214 212 211 210 208 208 209 210 210 209 208 207 205 205 207 210 213 220 222 214 198 189 197 208 211 207 200 199 207 215 213 204 196 191 191 197 204 206 207 210 213 216 217 207 196 200 203 199 198 202 207 212
198 198 197 198 199 199 199 198 199 199 198 198 198 198 197 197 196 196 196 195 195 194 193 191 190 187 186 185 185 182 181 182 187 195 203 205 205 210 215 216 214 212 211 209 209 208 207 206 207 209 208 205 204 205 204 203 204 207 209 213 216 213 202 191 192 203 211 211 207 206 209 212 206 197 194 195 191 192 202 207 204 206 210 214 217 212 195 193 199 198 197 201 206 208
198 198 198 199 199 199 199 199 199 198 198 198 198 198 197 197 196 196 196 196 195 194 193 192 190 188 185 182 179 179 181 183 189 196 203 206 209 216 217 214 210 208 207 206 206 205 202 201 202 204 203 199 199 203 204 199 198 201 203 206 208 208 204 196 193 201 214 218 214 209 206 200 196 196 197 197 189 185 198 207 203 200 205 209 214 212 200 190 193 197 198 201 206 209
198 198 199 200 200 200 200 199 198 198 198 198 198 198 197 197 197 196 196 196 195 194 193 192 190 188 184 180 177 180 184 185 188 195 203 207 208 210 212 211 209 207 204 201 201 202 201 198 198 200 201 197 193 196 198 194 191 193 197 200 202 206 208 205 197 201 214 219 214 206 198 195 198 201 199 195 187 180 190 202 204 203 205 209 214 214 204 191 189 195 199 203 209 214
199 199 199 200 200 200 199 199 198 198 198 198 198 197 197 197 197 196 196 195 195 194 193 192 191 189 185 181 180 183 185 185 188 195 203 206 205 205 207 208 207 204 201 198 198 200 199 196 194 198 201 196 187 187 193 194 190 191 196 201 204 208 213 213 203 201 213 217 210 201 197 201 207 202 196 192 186 180 184 197 204 205 206 208 212 212 203 193 190 194 197 204 213 219
200 200 200 200 200 199 199 199 199 198 198 198 197 197 197 197 197 196 196 195 195 194 194 193 192 190 187 184 183 184 186 187 189 194 199 201 202 203 203 202 200 198 198 198 196 194 194 194 193 195 198 195 186 184 191 197 196 196 202 209 212 211 213 213 208 203 208 210 203 199 201 206 204 194 189 189 186 182 184 196 204 203 204 205 206 203 199 196 195 195 196 205 216 221
