windninja/windninja_output/Output_2025-08-24_2300-2350_Google earth_Fire_150m_10min/merlingen_7.5mi_point_08-24-2025_2300_150m_ang.asc
ncols	158
nrows	163
xllcorner	391686.332397
yllcorner	5160024.123721
cellsize	150.000000
NODATA_value	-32768.000000
[rows 42 to 83 of 163, columns 0 to 93 of 158]
166 166 167 168 169 168 167 168 169 169 170 170 170 170 171 171 172 172 172 172 172 172 173 172 172 171 170 169 167 165 166 168 170 173 177 181 184 183 181 181 183 185 187 186 182 181 184 188 189 187 187 186 183 182 185 192 196 198 204 210 210 204 202 204 203 199 195 194 194 195 199 199 194 187 182 183 185 184 187 194 199 199 199 199 196 195 198 200 198 195 195 201 209 212
166 166 168 169 168 168 168 169 169 170 170 170 170 171 171 172 172 172 172 172 173 173 173 173 173 172 171 170 168 167 168 170 172 172 173 175 176 175 176 177 181 186 186 183 182 185 190 193 193 188 186 187 187 188 191 196 201 205 208 211 208 201 197 198 199 196 190 189 193 195 195 195 192 187 184 186 188 189 190 194 196 196 195 193 193 198 204 206 204 201 199 200 205 210
166 167 168 168 168 168 169 170 170 170 171 171 171 172 172 172 172 173 173 173 173 173 173 173 173 173 172 171 170 170 170 171 171 171 170 169 168 169 173 178 183 185 183 182 185 192 196 194 190 185 184 188 191 192 196 201 204 206 207 206 203 199 195 192 190 190 189 189 192 194 194 195 195 192 191 193 194 193 195 196 195 192 190 192 198 205 208 209 209 207 204 201 205 210
168 168 168 168 168 169 170 170 170 171 171 171 172 172 172 173 173 173 173 174 174 174 174 174 174 173 173 173 172 172 171 171 171 171 169 166 164 166 171 177 180 181 182 184 190 195 195 189 183 181 186 193 197 199 203 207 208 206 202 199 197 195 191 186 183 185 188 191 191 193 196 198 200 200 201 201 198 196 197 195 190 187 190 199 208 209 208 209 211 212 209 204 205 211
169 168 167 168 170 170 170 170 171 171 172 172 172 173 173 173 173 174 174 174 174 175 175 175 174 174 174 174 174 173 172 172 171 171 169 167 166 167 169 173 175 178 183 188 193 193 189 184 181 184 191 198 204 207 209 209 208 203 196 191 190 189 186 182 183 185 189 194 194 195 198 201 204 207 207 205 201 196 194 192 190 191 200 210 211 209 207 207 210 212 210 206 206 211
170 169 168 170 171 170 169 170 171 172 172 173 173 173 173 174 174 174 175 175 175 176 176 175 175 175 175 175 175 174 173 173 172 170 169 169 168 167 167 169 172 176 182 190 192 189 183 181 184 189 195 202 207 209 207 205 203 197 190 184 183 185 184 183 186 189 193 197 197 196 198 201 206 209 209 208 204 197 194 196 199 203 208 210 209 207 206 206 208 209 209 208 209 211
169 169 170 172 173 171 169 170 171 172 172 173 174 174 174 174 175 175 175 176 176 176 176 176 176 176 176 176 176 175 175 174 173 172 170 169 168 167 166 167 169 173 181 187 188 185 181 182 187 193 200 207 209 209 206 201 197 191 185 181 181 184 188 189 190 193 195 197 197 198 200 203 206 209 211 210 206 201 199 202 206 207 206 205 204 203 203 204 204 203 206 211 213 213
170 170 172 174 174 172 170 170 170 172 173 173 174 175 175 175 175 176 176 176 177 177 177 177 177 177 177 177 177 176 176 176 175 174 172 170 169 168 168 168 169 173 177 181 182 182 182 186 191 197 203 207 207 204 200 196 191 184 181 182 184 188 194 196 194 193 194 196 198 199 201 204 206 209 210 208 204 201 201 203 204 204 203 201 200 200 200 199 198 200 206 213 217 216
171 171 174 176 174 172 172 171 170 171 173 174 174 175 176 176 176 176 177 177 177 177 177 177 178 178 178 178 177 177 177 177 176 175 174 171 169 169 169 170 171 173 174 175 178 180 184 190 198 204 206 205 201 196 194 190 185 182 183 186 190 196 201 201 195 193 194 196 198 201 203 205 208 209 208 204 201 200 201 203 204 203 202 201 199 198 196 195 198 202 208 215 219 220
173 173 175 175 173 173 175 175 173 171 173 174 175 176 176 177 177 177 178 178 178 178 178 178 178 179 179 179 178 178 178 178 177 176 175 173 171 170 170 171 172 172 171 172 175 179 186 196 206 208 204 199 195 192 189 185 182 185 190 194 198 202 205 201 195 193 194 196 199 201 204 206 207 207 205 202 200 199 200 202 204 205 206 203 199 196 195 197 202 206 210 216 221 223
177 176 175 173 171 173 176 177 175 173 174 175 176 176 177 177 177 178 178 178 178 179 179 179 179 179 180 179 179 179 179 179 178 178 177 175 173 172 171 171 172 172 170 170 174 180 188 197 202 198 192 190 191 191 186 182 183 190 196 201 203 203 203 201 194 192 193 196 199 201 203 204 204 204 204 203 201 199 199 201 204 208 209 206 202 200 199 201 205 209 212 216 219 221
182 178 173 172 172 173 176 178 178 176 175 175 176 177 177 177 178 179 179 179 179 179 179 180 180 180 180 180 180 180 180 179 179 179 178 177 176 174 172 171 172 172 171 170 173 181 188 191 191 189 187 187 189 190 187 184 187 194 200 204 204 202 202 200 193 190 192 196 199 200 200 200 202 203 204 203 202 201 201 202 204 207 208 208 207 205 202 203 207 211 214 215 214 213
182 179 174 171 172 174 177 179 182 180 177 176 176 177 177 178 179 179 179 180 180 180 180 180 181 181 181 181 181 181 181 180 180 180 179 179 178 176 174 172 170 171 172 172 173 179 184 184 183 183 186 189 189 189 189 188 189 196 200 202 202 200 200 197 192 189 190 193 197 198 198 200 203 205 204 204 202 202 202 201 200 203 204 205 206 207 206 205 208 211 213 212 208 205
179 179 177 173 172 175 177 179 183 184 180 177 176 176 177 179 179 180 180 180 181 181 181 181 181 181 181 181 182 181 181 181 181 181 180 180 179 178 177 174 171 171 173 175 173 174 177 177 177 181 186 189 189 189 191 190 192 196 199 199 198 196 197 196 192 189 190 191 195 198 201 205 206 204 203 203 202 202 201 198 196 198 201 203 204 206 207 207 209 211 213 210 203 197
178 178 180 179 176 175 175 177 182 184 183 180 177 176 177 179 179 180 180 181 181 182 182 182 182 182 182 182 182 182 182 182 182 182 181 181 181 180 179 177 175 174 175 175 174 171 170 170 173 178 183 187 189 190 192 192 193 196 197 195 193 193 197 199 195 191 191 192 197 203 207 207 204 202 201 201 200 199 198 196 195 197 200 202 203 205 207 208 210 213 215 210 196 185
179 179 180 182 181 180 178 176 178 181 183 183 181 179 178 178 179 180 181 181 181 182 182 182 182 183 183 183 183 183 183 183 183 183 182 182 182 181 180 180 179 178 177 176 174 171 167 166 168 173 179 186 189 191 193 192 192 194 193 191 190 193 199 202 199 193 192 194 200 205 205 202 201 200 199 198 197 196 195 195 196 197 200 202 205 209 211 212 211 210 208 195 180 177
181 180 181 182 183 183 182 179 176 177 182 185 186 185 180 177 178 180 181 181 182 182 183 183 183 183 183 184 184 184 184 184 184 184 183 183 183 182 182 181 181 180 179 177 175 172 169 165 164 166 173 183 188 190 193 192 191 191 190 188 190 195 200 203 202 197 193 194 198 201 199 199 199 199 197 195 194 193 193 194 196 199 202 205 209 213 215 214 210 203 193 182 176 177
181 182 182 183 184 184 184 182 178 177 180 184 188 189 185 180 178 179 180 181 182 183 183 183 184 184 184 184 184 184 184 184 184 184 184 184 184 183 183 183 182 182 181 180 178 176 173 169 164 162 166 176 184 188 192 192 191 189 188 188 190 195 201 204 204 200 194 193 196 199 198 197 197 196 194 193 192 192 193 196 198 201 204 206 209 212 212 209 202 191 182 179 179 183
183 184 184 185 185 185 185 184 182 180 180 181 184 187 188 186 181 179 179 180 182 183 183 184 184 185 185 185 185 185 185 185 185 185 185 185 185 185 184 184 183 183 182 182 180 179 177 174 169 164 162 167 178 185 190 193 191 188 187 188 191 195 202 206 205 201 196 194 197 199 197 196 195 194 192 191 192 193 196 199 201 204 206 207 209 210 208 203 193 183 179 182 185 193
185 186 186 186 187 187 186 184 183 182 180 179 180 183 189 190 187 183 180 180 181 182 184 185 185 185 185 186 186 186 186 186 186 186 186 186 186 185 185 185 185 184 184 183 182 181 179 177 174 168 163 163 171 181 189 193 192 189 188 189 192 197 201 204 205 203 199 197 197 197 195 194 193 192 191 191 193 196 198 201 203 205 209 210 210 208 203 195 186 180 180 187 195 205
189 189 188 188 187 187 186 185 185 184 182 179 178 181 186 190 191 188 185 182 181 182 183 185 186 186 186 186 186 186 186 186 187 187 187 187 186 186 186 186 186 185 185 184 183 183 181 180 177 173 168 165 168 176 186 192 192 190 190 191 193 195 198 200 203 204 201 198 196 194 193 193 192 190 190 191 195 198 199 201 204 207 210 213 211 206 198 186 181 181 185 196 209 214
197 194 190 189 187 185 185 186 187 186 184 181 179 180 182 187 191 192 190 186 183 182 183 184 186 187 187 186 186 187 187 187 187 187 187 187 187 187 187 187 187 186 186 185 185 184 183 182 180 177 172 168 168 173 180 188 192 191 190 189 189 191 195 201 207 208 203 197 193 192 192 192 191 189 189 192 195 197 198 201 205 207 210 210 207 201 191 181 179 185 197 208 215 219
205 200 192 189 186 185 186 187 188 188 187 184 180 180 180 183 187 191 192 191 188 185 184 184 185 186 187 187 187 187 187 188 188 188 188 188 188 188 188 188 187 187 187 186 186 185 185 184 182 180 175 170 169 171 174 182 191 192 189 186 186 191 203 213 217 210 199 192 190 190 190 191 190 188 189 192 194 194 196 200 204 206 207 206 202 194 187 182 183 194 205 213 218 224
208 202 193 190 187 186 187 188 189 189 188 185 181 180 180 181 183 188 193 194 192 190 187 185 185 186 187 188 188 188 188 188 188 189 189 189 189 189 189 188 188 188 188 187 187 187 186 185 184 182 179 175 171 171 170 174 185 191 190 186 187 198 210 212 207 198 190 186 187 188 189 190 190 189 189 189 190 192 195 200 205 206 204 202 197 190 186 187 193 202 210 217 223 229
204 200 196 193 190 187 186 188 190 189 186 186 184 180 179 181 183 185 189 193 194 193 191 189 186 185 186 188 188 188 188 189 189 189 189 189 189 189 189 189 189 189 189 188 188 188 187 186 186 184 183 180 176 173 170 168 175 186 191 192 192 196 199 199 196 193 188 186 186 187 188 190 190 189 187 186 188 191 195 200 203 201 197 192 191 191 190 194 203 209 214 221 227 233
191 193 195 195 192 186 185 188 192 190 187 186 187 184 180 182 184 184 185 189 192 194 194 192 190 188 188 189 189 189 189 189 189 189 190 190 190 190 190 190 190 190 190 189 189 189 188 188 187 186 185 183 181 179 175 170 169 179 192 197 192 188 188 191 193 192 191 189 188 187 187 188 189 187 185 186 187 190 193 195 194 192 188 185 189 197 200 204 211 215 219 224 231 235
170 181 190 192 192 188 185 190 194 192 188 187 186 186 184 183 184 184 183 186 190 192 194 194 193 193 193 192 190 189 189 189 189 190 190 190 190 190 191 191 191 190 190 190 190 190 189 189 189 188 187 186 185 183 181 178 176 178 188 195 189 182 182 186 189 192 193 191 189 187 187 188 188 185 185 186 187 187 188 188 187 186 186 188 199 209 209 210 214 219 223 229 234 236
157 166 181 187 190 191 190 190 193 192 188 187 188 187 187 187 186 186 185 186 188 190 192 194 195 197 200 197 192 189 188 188 189 189 190 190 191 191 191 191 191 191 191 191 191 191 191 190 190 189 189 188 188 187 186 185 184 184 186 189 186 179 177 180 184 188 191 190 188 188 188 189 187 184 185 186 187 185 184 185 186 187 194 204 212 215 211 212 218 222 226 229 232 232
163 165 171 180 191 197 196 191 191 192 191 191 192 192 191 191 191 191 190 188 188 190 191 192 195 199 202 200 195 192 189 188 188 188 190 190 191 191 192 192 192 192 192 192 192 192 191 191 191 191 190 190 190 189 189 189 188 189 189 189 186 181 177 177 179 182 185 186 186 187 189 189 186 185 186 188 187 184 181 182 188 196 206 213 215 213 211 216 221 225 226 227 227 225
179 179 180 184 195 204 200 193 191 195 198 199 200 199 197 195 195 195 194 192 191 191 191 192 192 192 197 200 198 195 193 191 188 188 189 190 191 191 192 192 192 192 193 193 193 192 192 192 192 192 192 191 191 191 191 191 191 191 190 190 189 186 184 183 181 178 177 178 181 182 184 187 187 186 188 189 187 183 181 185 195 206 211 213 213 210 212 218 224 227 226 225 223 218
193 192 192 193 198 201 199 194 195 203 209 210 207 205 202 199 197 196 196 195 194 193 192 191 189 187 192 199 200 199 196 195 192 189 188 189 190 191 192 192 193 193 193 193 193 193 193 193 193 193 193 193 192 192 192 192 192 192 192 191 191 190 189 188 186 183 179 176 175 173 173 181 188 188 189 189 188 184 184 192 201 207 208 209 210 209 213 221 227 228 224 223 223 218
205 203 200 201 201 201 200 197 199 204 207 206 204 202 201 199 196 195 196 196 195 194 193 192 189 187 190 197 201 201 199 198 196 193 189 188 190 191 192 193 193 194 194 194 194 194 194 194 194 194 194 194 193 193 193 193 193 193 193 193 192 192 191 190 189 187 184 182 179 173 168 172 183 186 187 187 187 186 188 195 202 204 202 204 208 212 218 224 227 225 219 219 221 218
217 215 211 210 208 206 203 202 202 202 201 201 200 199 197 196 195 195 195 194 194 195 195 194 192 189 190 195 200 202 201 199 198 196 192 190 190 191 192 192 193 194 194 195 195 195 195 195 195 195 195 194 194 194 194 194 194 194 194 193 193 193 192 192 191 189 188 187 185 182 178 175 175 176 179 181 183 186 189 195 198 196 197 203 211 218 223 224 224 221 216 211 207 195
227 226 225 223 219 215 209 204 203 201 199 199 198 197 196 195 194 194 194 193 193 194 195 196 194 190 191 194 198 201 201 200 200 199 197 194 193 193 192 192 193 194 195 195 195 196 196 196 196 195 195 195 195 195 195 195 195 195 194 194 194 194 193 193 192 191 190 189 188 186 184 181 177 172 171 174 178 183 189 191 189 191 198 209 217 221 223 222 223 223 219 206 192 183
236 237 239 239 237 230 216 207 202 199 197 196 196 195 195 194 193 193 193 193 193 194 195 195 194 193 192 193 195 199 201 202 203 205 203 198 195 194 192 192 193 194 195 196 196 196 196 196 196 196 196 196 196 196 196 196 195 195 195 195 195 195 194 194 193 192 192 191 190 188 187 185 181 175 170 169 171 177 184 186 185 193 209 221 228 229 227 228 228 228 220 199 181 178
244 244 246 252 257 253 236 209 194 191 191 192 194 194 193 193 193 192 192 193 194 194 194 195 195 196 195 193 193 196 202 205 206 206 204 200 196 195 193 193 193 194 196 197 197 197 197 197 197 197 197 197 196 196 196 196 196 196 196 196 196 195 195 194 194 194 193 192 191 190 189 187 184 180 174 169 167 170 176 182 189 202 221 231 235 236 235 232 227 216 199 184 176 178
251 251 248 255 271 282 268 170 170 176 182 188 191 192 192 192 192 191 192 193 194 194 194 194 195 197 197 195 193 194 199 204 204 203 203 201 198 197 196 194 193 195 197 198 198 198 199 198 198 198 197 197 197 197 197 197 197 197 196 196 196 196 196 195 195 194 194 193 192 191 190 189 187 183 179 173 168 165 169 180 196 211 223 226 223 221 222 216 203 194 186 180 177 182
251 249 244 239 251 255 171 149 156 166 176 185 189 190 191 191 191 191 191 192 194 194 194 194 193 195 197 196 194 193 195 199 201 203 204 202 200 200 200 198 194 195 198 199 200 200 200 200 199 199 198 197 197 197 197 197 197 197 197 197 197 197 196 196 196 195 194 194 193 192 191 190 188 185 182 178 172 166 166 178 198 209 212 211 210 210 209 200 191 185 182 182 182 184
244 239 227 220 210 193 174 164 164 169 176 182 188 190 191 191 192 192 191 192 194 194 195 194 192 192 195 197 196 194 192 195 198 201 203 203 202 201 202 201 198 197 199 201 201 202 202 203 202 200 198 197 197 197 197 197 197 197 197 197 197 197 197 197 196 196 195 194 194 193 192 191 189 187 185 181 176 171 168 176 191 199 201 202 204 206 200 189 184 184 185 186 186 187
243 240 226 207 198 196 191 181 179 179 181 184 189 191 191 192 193 193 192 192 193 194 194 193 191 191 194 197 197 195 192 192 194 198 202 204 203 201 202 203 201 199 201 204 206 207 208 208 208 203 197 195 195 196 197 197 198 198 198 198 198 198 197 197 197 196 196 195 194 194 192 191 190 189 186 184 180 175 172 174 180 189 197 201 203 202 191 183 182 185 187 189 190 190
251 246 217 194 193 204 204 197 192 191 190 190 191 193 194 195 196 195 193 192 192 193 194 193 191 192 193 195 196 196 194 194 195 199 203 206 205 203 203 203 202 201 201 203 203 204 203 203 202 200 195 192 193 195 196 197 198 198 198 198 198 198 198 198 197 197 196 196 195 194 193 192 191 190 188 186 182 178 175 172 173 182 195 202 201 191 184 180 181 185 188 191 193 192
229 215 196 197 203 210 210 207 206 204 201 197 196 197 199 199 199 197 195 193 192 192 193 192 189 189 192 193 195 197 197 197 199 202 205 208 209 207 205 204 203 201 199 198 198 197 196 195 195 196 196 194 192 192 195 198 199 199 199 199 199 198 198 198 198 197 197 196 196 195 194 193 192 191 189 187 184 181 177 172 171 177 189 196 193 184 180 180 181 184 189 192 195 195
