windninja/windninja_output/Output_2025-08-24_2300-2350_Google earth_Fire_150m_10min/merlingen_7.5mi_point_08-24-2025_2330_150m_vel.asc
ncols	158
nrows	163
xllcorner	391686.332397
yllcorner	5160024.123721
cellsize	150.000000
NODATA_value	-32768.000000
[rows 76 to 113 of 163, columns 0 to 83 of 158]
1.54 1.35 1.01 0.74 0.59 0.53 0.47 0.44 0.45 0.48 0.50 0.52 0.55 0.57 0.59 0.61 0.63 0.65 0.67 0.69 0.70 0.71 0.73 0.75 0.74 0.70 0.69 0.71 0.78 0.91 1.00 0.99 0.96 0.93 0.85 0.76 0.72 0.71 0.70 0.70 0.72 0.74 0.75 0.76 0.76 0.76 0.76 0.76 0.76 0.76 0.76 0.76 0.76 0.76 0.76 0.76 0.76 0.76 0.76 0.76 0.75 0.75 0.75 0.74 0.73 0.73 0.72 0.71 0.70 0.69 0.67 0.65 0.63 0.60 0.60 0.61 0.67 0.76 0.89 1.02 1.05 0.97 0.92 0.96
1.76 1.52 1.17 0.90 0.66 0.52 0.42 0.35 0.34 0.38 0.43 0.48 0.52 0.55 0.56 0.58 0.60 0.61 0.64 0.67 0.68 0.70 0.72 0.73 0.74 0.72 0.69 0.66 0.67 0.75 0.89 0.96 0.94 0.94 0.92 0.82 0.76 0.73 0.70 0.69 0.70 0.72 0.74 0.75 0.75 0.76 0.75 0.75 0.75 0.75 0.75 0.76 0.76 0.76 0.76 0.77 0.77 0.77 0.77 0.77 0.77 0.76 0.76 0.76 0.75 0.75 0.74 0.74 0.73 0.72 0.71 0.70 0.68 0.66 0.63 0.62 0.63 0.69 0.80 0.89 0.86 0.76 0.83 0.93
2.02 1.65 1.27 1.13 0.85 0.56 0.36 0.25 0.24 0.29 0.37 0.44 0.50 0.53 0.55 0.56 0.57 0.58 0.61 0.64 0.66 0.67 0.69 0.70 0.73 0.76 0.75 0.69 0.66 0.67 0.78 0.93 0.99 1.00 1.00 0.94 0.85 0.79 0.73 0.67 0.67 0.69 0.72 0.73 0.73 0.74 0.74 0.74 0.74 0.74 0.74 0.75 0.75 0.76 0.76 0.77 0.77 0.77 0.78 0.78 0.78 0.78 0.77 0.77 0.77 0.77 0.76 0.76 0.75 0.74 0.74 0.73 0.72 0.71 0.68 0.66 0.65 0.67 0.72 0.73 0.71 0.72 0.85 1.01
2.19 1.77 1.35 1.44 1.11 0.62 0.28 0.15 0.19 0.26 0.35 0.43 0.49 0.53 0.55 0.56 0.57 0.57 0.58 0.61 0.63 0.65 0.66 0.67 0.68 0.74 0.80 0.79 0.73 0.70 0.74 0.86 0.97 1.01 1.00 0.97 0.93 0.87 0.80 0.71 0.64 0.64 0.67 0.69 0.70 0.71 0.71 0.70 0.70 0.71 0.71 0.73 0.74 0.75 0.76 0.77 0.77 0.78 0.78 0.78 0.78 0.78 0.78 0.78 0.78 0.78 0.78 0.77 0.77 0.76 0.76 0.76 0.75 0.74 0.73 0.71 0.69 0.68 0.68 0.65 0.67 0.78 0.95 1.17
2.09 1.81 1.52 1.46 1.34 1.01 0.54 0.42 0.40 0.38 0.40 0.45 0.51 0.53 0.54 0.56 0.57 0.56 0.56 0.58 0.61 0.63 0.64 0.65 0.65 0.69 0.76 0.81 0.80 0.75 0.73 0.79 0.90 1.01 1.06 1.02 0.96 0.94 0.91 0.84 0.71 0.64 0.64 0.65 0.65 0.66 0.66 0.66 0.65 0.65 0.66 0.69 0.72 0.74 0.76 0.77 0.78 0.78 0.79 0.79 0.79 0.79 0.79 0.79 0.79 0.79 0.79 0.79 0.79 0.78 0.78 0.78 0.78 0.77 0.76 0.74 0.72 0.70 0.67 0.65 0.72 0.88 1.05 1.20
1.86 1.59 1.24 1.20 1.27 1.25 1.14 0.97 0.78 0.64 0.56 0.53 0.54 0.55 0.54 0.55 0.55 0.54 0.54 0.55 0.58 0.61 0.63 0.63 0.63 0.64 0.69 0.74 0.78 0.77 0.75 0.76 0.83 0.94 1.05 1.10 1.03 0.97 0.97 0.95 0.87 0.76 0.70 0.65 0.61 0.58 0.57 0.57 0.55 0.53 0.55 0.62 0.68 0.72 0.75 0.77 0.78 0.78 0.79 0.79 0.79 0.80 0.80 0.80 0.80 0.80 0.80 0.80 0.80 0.80 0.80 0.80 0.80 0.79 0.78 0.77 0.76 0.74 0.73 0.74 0.81 0.95 1.07 1.11
1.82 1.43 1.02 1.06 1.12 1.21 1.23 1.16 1.00 0.84 0.70 0.61 0.58 0.57 0.56 0.55 0.53 0.52 0.51 0.51 0.53 0.56 0.59 0.61 0.61 0.62 0.66 0.70 0.74 0.76 0.73 0.70 0.69 0.72 0.83 0.98 1.04 1.00 0.97 0.97 0.97 0.93 0.87 0.83 0.79 0.74 0.71 0.71 0.72 0.67 0.60 0.59 0.63 0.69 0.74 0.76 0.77 0.78 0.78 0.79 0.79 0.80 0.80 0.80 0.81 0.81 0.81 0.81 0.81 0.81 0.81 0.81 0.81 0.81 0.80 0.80 0.79 0.78 0.78 0.79 0.84 0.91 1.03 1.13
1.70 1.42 1.25 1.27 1.24 1.17 1.11 1.06 0.97 0.84 0.70 0.61 0.58 0.56 0.55 0.53 0.51 0.50 0.48 0.47 0.48 0.51 0.55 0.57 0.58 0.63 0.68 0.70 0.72 0.74 0.73 0.70 0.67 0.66 0.68 0.74 0.84 0.90 0.92 0.92 0.93 0.95 0.97 1.01 1.04 1.04 1.04 1.04 1.05 1.05 0.98 0.84 0.74 0.72 0.74 0.76 0.77 0.78 0.78 0.79 0.79 0.80 0.80 0.81 0.81 0.81 0.82 0.82 0.82 0.82 0.82 0.82 0.82 0.82 0.82 0.82 0.81 0.81 0.80 0.80 0.81 0.85 1.00 1.24
1.48 1.40 1.30 1.30 1.29 1.18 1.02 0.89 0.82 0.74 0.65 0.59 0.56 0.56 0.55 0.52 0.50 0.49 0.46 0.44 0.44 0.45 0.49 0.53 0.54 0.58 0.65 0.69 0.71 0.73 0.75 0.75 0.74 0.73 0.70 0.68 0.70 0.74 0.78 0.81 0.83 0.86 0.88 0.90 0.92 0.93 0.94 0.93 0.93 0.98 1.02 1.01 0.92 0.82 0.77 0.76 0.76 0.77 0.78 0.78 0.79 0.79 0.80 0.81 0.81 0.82 0.82 0.82 0.82 0.82 0.83 0.83 0.83 0.83 0.83 0.83 0.83 0.83 0.84 0.85 0.86 0.90 1.02 1.25
1.22 1.22 1.17 1.15 1.19 1.12 0.94 0.81 0.76 0.68 0.62 0.58 0.56 0.58 0.59 0.56 0.52 0.50 0.47 0.42 0.39 0.39 0.41 0.46 0.49 0.51 0.56 0.62 0.66 0.69 0.72 0.75 0.76 0.80 0.82 0.80 0.77 0.74 0.71 0.71 0.74 0.77 0.79 0.78 0.76 0.76 0.74 0.72 0.69 0.70 0.75 0.81 0.84 0.81 0.76 0.75 0.75 0.75 0.76 0.77 0.78 0.79 0.80 0.80 0.81 0.82 0.82 0.83 0.83 0.83 0.83 0.83 0.83 0.84 0.84 0.84 0.85 0.86 0.87 0.90 0.95 1.02 1.13 1.30
1.23 1.22 1.13 1.07 1.10 1.07 0.92 0.83 0.78 0.69 0.62 0.59 0.57 0.57 0.59 0.59 0.55 0.52 0.47 0.41 0.35 0.32 0.31 0.33 0.41 0.49 0.55 0.60 0.64 0.65 0.67 0.70 0.74 0.80 0.90 0.96 0.96 0.93 0.86 0.75 0.68 0.68 0.74 0.77 0.78 0.77 0.74 0.71 0.66 0.62 0.61 0.64 0.70 0.74 0.73 0.72 0.72 0.73 0.74 0.75 0.76 0.78 0.79 0.80 0.81 0.82 0.82 0.83 0.83 0.83 0.83 0.84 0.84 0.84 0.84 0.85 0.86 0.86 0.88 0.91 0.97 1.09 1.26 1.44
1.49 1.31 1.11 1.04 1.03 1.05 0.98 0.91 0.87 0.79 0.67 0.59 0.57 0.56 0.59 0.60 0.58 0.57 0.52 0.45 0.39 0.34 0.32 0.36 0.47 0.57 0.64 0.67 0.68 0.68 0.66 0.67 0.67 0.68 0.76 0.88 0.99 1.07 1.08 1.00 0.84 0.72 0.70 0.75 0.79 0.79 0.77 0.74 0.71 0.64 0.58 0.58 0.61 0.65 0.66 0.66 0.66 0.67 0.69 0.71 0.74 0.76 0.78 0.79 0.81 0.81 0.82 0.83 0.83 0.83 0.83 0.84 0.84 0.84 0.85 0.85 0.85 0.86 0.86 0.89 0.94 1.05 1.19 1.33
1.78 1.43 1.10 1.05 1.02 1.09 1.13 1.08 1.00 0.91 0.74 0.62 0.60 0.60 0.63 0.65 0.64 0.63 0.60 0.54 0.49 0.48 0.57 0.70 0.73 0.71 0.69 0.70 0.71 0.71 0.70 0.68 0.66 0.62 0.59 0.63 0.73 0.88 1.02 1.07 1.03 0.90 0.79 0.76 0.80 0.84 0.85 0.81 0.77 0.74 0.68 0.61 0.60 0.62 0.65 0.65 0.63 0.61 0.61 0.64 0.69 0.74 0.77 0.79 0.80 0.81 0.82 0.82 0.83 0.83 0.83 0.83 0.84 0.84 0.84 0.84 0.84 0.84 0.85 0.87 0.89 0.94 0.99 1.05
1.80 1.52 1.20 1.10 1.05 1.05 1.12 1.15 1.10 1.03 0.88 0.72 0.67 0.66 0.66 0.67 0.69 0.69 0.67 0.63 0.62 0.74 0.89 0.93 0.84 0.75 0.71 0.70 0.71 0.72 0.72 0.71 0.69 0.67 0.62 0.57 0.56 0.62 0.76 0.89 0.94 0.92 0.85 0.77 0.76 0.81 0.87 0.88 0.83 0.80 0.78 0.74 0.71 0.72 0.75 0.76 0.73 0.65 0.57 0.56 0.64 0.71 0.76 0.78 0.80 0.81 0.81 0.82 0.82 0.83 0.83 0.83 0.83 0.83 0.83 0.83 0.83 0.84 0.84 0.84 0.84 0.84 0.83 0.80
1.63 1.48 1.27 1.13 1.00 0.92 0.97 1.09 1.16 1.19 1.09 0.87 0.74 0.71 0.68 0.67 0.72 0.77 0.76 0.71 0.80 0.99 1.04 0.96 0.84 0.77 0.73 0.71 0.71 0.71 0.71 0.71 0.70 0.70 0.69 0.66 0.59 0.57 0.64 0.78 0.86 0.84 0.80 0.75 0.72 0.73 0.80 0.87 0.87 0.82 0.78 0.78 0.79 0.80 0.82 0.84 0.83 0.79 0.71 0.64 0.66 0.71 0.75 0.78 0.79 0.80 0.81 0.81 0.82 0.82 0.82 0.83 0.83 0.83 0.83 0.83 0.83 0.83 0.82 0.81 0.80 0.78 0.75 0.71
1.50 1.42 1.37 1.34 1.23 1.04 0.97 1.09 1.26 1.35 1.28 1.09 0.93 0.86 0.85 0.85 0.85 0.88 0.89 0.84 0.96 1.07 1.01 0.95 0.86 0.79 0.74 0.71 0.70 0.70 0.69 0.69 0.69 0.68 0.68 0.70 0.67 0.63 0.63 0.72 0.86 0.88 0.81 0.73 0.68 0.67 0.70 0.77 0.83 0.82 0.76 0.73 0.73 0.75 0.81 0.88 0.95 1.00 1.03 0.94 0.81 0.75 0.76 0.77 0.78 0.79 0.80 0.80 0.81 0.81 0.82 0.82 0.82 0.82 0.82 0.82 0.82 0.81 0.80 0.79 0.76 0.74 0.73 0.72
1.34 1.37 1.49 1.63 1.69 1.60 1.55 1.67 1.81 1.88 1.67 1.35 1.15 1.04 0.97 0.95 0.98 1.08 1.22 1.33 1.22 1.02 0.88 0.86 0.80 0.75 0.72 0.70 0.68 0.67 0.67 0.67 0.66 0.66 0.66 0.68 0.69 0.68 0.64 0.64 0.76 0.90 0.89 0.78 0.68 0.63 0.63 0.67 0.72 0.73 0.68 0.63 0.63 0.66 0.72 0.85 0.99 1.06 1.09 1.05 0.93 0.82 0.77 0.77 0.77 0.78 0.79 0.79 0.80 0.80 0.81 0.81 0.81 0.81 0.81 0.81 0.80 0.80 0.78 0.77 0.74 0.71 0.68 0.66
1.11 1.20 1.40 1.59 1.76 1.86 1.95 2.07 2.19 2.28 2.27 2.06 1.88 1.84 1.77 1.66 1.59 1.65 1.63 1.56 1.44 1.00 0.84 0.80 0.76 0.73 0.71 0.70 0.68 0.66 0.65 0.64 0.62 0.61 0.62 0.65 0.67 0.67 0.66 0.64 0.67 0.81 0.95 0.90 0.76 0.65 0.61 0.62 0.68 0.71 0.66 0.58 0.58 0.61 0.62 0.64 0.70 0.76 0.81 0.89 0.88 0.82 0.77 0.76 0.76 0.77 0.77 0.78 0.79 0.79 0.80 0.80 0.80 0.80 0.80 0.80 0.79 0.78 0.77 0.76 0.73 0.70 0.65 0.59
0.93 1.04 1.20 1.31 1.42 1.49 1.56 1.61 1.63 1.85 2.19 2.34 2.36 2.35 2.33 2.20 2.05 1.92 1.68 1.50 1.39 1.18 0.98 0.84 0.75 0.71 0.69 0.68 0.68 0.67 0.64 0.61 0.58 0.57 0.59 0.62 0.64 0.65 0.65 0.65 0.65 0.74 0.93 1.04 0.96 0.83 0.73 0.69 0.72 0.77 0.80 0.74 0.65 0.63 0.59 0.52 0.48 0.52 0.61 0.71 0.76 0.76 0.75 0.74 0.74 0.75 0.76 0.77 0.77 0.78 0.78 0.79 0.79 0.79 0.79 0.79 0.78 0.77 0.76 0.75 0.72 0.69 0.65 0.59
0.80 0.90 1.06 1.11 1.15 1.14 1.08 1.00 0.95 1.09 1.34 1.56 1.55 1.33 1.31 1.35 1.54 1.49 1.51 1.39 1.28 1.21 1.01 0.81 0.68 0.65 0.65 0.66 0.67 0.70 0.71 0.70 0.67 0.62 0.59 0.59 0.61 0.62 0.63 0.63 0.62 0.66 0.80 1.02 1.13 1.12 1.04 0.95 0.92 0.95 1.01 0.98 0.82 0.70 0.63 0.56 0.52 0.53 0.57 0.63 0.68 0.70 0.71 0.71 0.72 0.72 0.74 0.75 0.76 0.76 0.77 0.77 0.78 0.78 0.78 0.77 0.77 0.76 0.75 0.74 0.72 0.69 0.66 0.61
0.77 0.79 0.94 1.03 1.10 1.09 0.97 0.79 0.60 0.50 0.57 0.77 0.81 0.78 0.78 0.90 1.05 1.27 1.44 1.23 1.08 1.11 0.98 0.74 0.57 0.54 0.58 0.62 0.65 0.70 0.76 0.78 0.75 0.67 0.58 0.56 0.57 0.58 0.59 0.60 0.58 0.57 0.64 0.81 1.01 1.15 1.22 1.21 1.17 1.13 1.09 1.04 0.91 0.77 0.69 0.62 0.56 0.53 0.53 0.56 0.61 0.64 0.66 0.67 0.68 0.70 0.71 0.72 0.73 0.74 0.75 0.76 0.76 0.76 0.76 0.76 0.76 0.75 0.75 0.73 0.72 0.70 0.67 0.64
0.91 0.77 0.79 0.89 0.97 1.03 0.99 0.83 0.60 0.42 0.43 0.48 0.52 0.66 0.73 0.86 0.99 1.22 1.43 1.25 1.08 1.08 1.02 0.72 0.48 0.48 0.54 0.59 0.62 0.62 0.63 0.66 0.68 0.65 0.58 0.53 0.52 0.52 0.54 0.56 0.56 0.54 0.55 0.63 0.74 0.87 0.99 1.04 1.02 0.97 0.95 0.96 0.91 0.81 0.73 0.67 0.59 0.53 0.51 0.51 0.53 0.56 0.58 0.61 0.64 0.66 0.68 0.70 0.71 0.73 0.74 0.74 0.75 0.75 0.75 0.75 0.75 0.74 0.74 0.73 0.72 0.70 0.68 0.66
1.00 0.68 0.51 0.55 0.67 0.82 0.87 0.83 0.72 0.56 0.46 0.40 0.40 0.50 0.67 0.82 0.98 1.14 1.12 1.18 1.17 1.13 1.08 0.79 0.61 0.61 0.60 0.58 0.57 0.55 0.53 0.55 0.59 0.61 0.58 0.53 0.50 0.47 0.46 0.49 0.52 0.53 0.52 0.55 0.59 0.62 0.66 0.74 0.79 0.81 0.83 0.87 0.89 0.83 0.76 0.73 0.69 0.62 0.57 0.55 0.52 0.51 0.51 0.53 0.56 0.60 0.64 0.67 0.69 0.71 0.71 0.72 0.72 0.73 0.73 0.73 0.73 0.73 0.73 0.72 0.72 0.71 0.69 0.68
0.96 0.51 0.22 0.34 0.45 0.53 0.57 0.64 0.66 0.60 0.54 0.47 0.42 0.48 0.66 0.87 1.01 0.98 0.89 0.94 1.10 1.18 1.15 1.06 0.91 0.76 0.65 0.57 0.54 0.54 0.53 0.52 0.52 0.54 0.55 0.54 0.53 0.50 0.44 0.43 0.46 0.49 0.50 0.53 0.59 0.64 0.66 0.71 0.78 0.83 0.84 0.85 0.89 0.88 0.83 0.78 0.76 0.71 0.64 0.61 0.60 0.58 0.54 0.51 0.50 0.53 0.57 0.62 0.65 0.67 0.68 0.69 0.70 0.71 0.71 0.72 0.72 0.72 0.72 0.71 0.71 0.70 0.70 0.69
0.74 0.41 0.23 0.34 0.42 0.47 0.50 0.55 0.59 0.58 0.58 0.53 0.49 0.53 0.65 0.83 0.99 0.91 0.76 0.79 0.93 1.04 1.08 1.01 0.87 0.76 0.66 0.58 0.54 0.53 0.52 0.49 0.47 0.45 0.45 0.47 0.50 0.52 0.48 0.42 0.41 0.44 0.46 0.50 0.57 0.66 0.70 0.73 0.79 0.85 0.88 0.88 0.89 0.92 0.92 0.87 0.83 0.80 0.73 0.68 0.67 0.69 0.68 0.62 0.56 0.52 0.52 0.55 0.59 0.63 0.65 0.66 0.67 0.68 0.69 0.69 0.70 0.70 0.70 0.70 0.70 0.70 0.70 0.70
0.56 0.39 0.32 0.39 0.44 0.49 0.52 0.53 0.55 0.56 0.57 0.55 0.53 0.57 0.67 0.79 0.95 0.90 0.76 0.83 0.87 0.89 0.94 0.91 0.81 0.73 0.65 0.58 0.54 0.52 0.52 0.49 0.45 0.40 0.35 0.34 0.38 0.43 0.46 0.43 0.40 0.40 0.43 0.45 0.50 0.58 0.66 0.71 0.76 0.83 0.89 0.91 0.89 0.89 0.91 0.91 0.90 0.90 0.86 0.76 0.70 0.70 0.73 0.74 0.68 0.61 0.56 0.54 0.55 0.57 0.59 0.60 0.62 0.64 0.65 0.66 0.67 0.67 0.68 0.68 0.69 0.69 0.69 0.70
0.52 0.44 0.41 0.45 0.48 0.51 0.54 0.55 0.54 0.55 0.56 0.55 0.53 0.56 0.72 0.89 1.01 1.01 0.97 0.96 0.95 0.87 0.89 0.89 0.81 0.74 0.66 0.57 0.52 0.51 0.52 0.50 0.47 0.40 0.33 0.27 0.26 0.32 0.38 0.39 0.37 0.37 0.39 0.41 0.45 0.55 0.68 0.76 0.80 0.83 0.87 0.90 0.92 0.92 0.92 0.91 0.92 0.95 0.95 0.91 0.82 0.77 0.76 0.78 0.76 0.70 0.64 0.59 0.55 0.52 0.51 0.52 0.54 0.58 0.60 0.61 0.62 0.64 0.65 0.66 0.67 0.67 0.68 0.69
0.61 0.56 0.52 0.52 0.53 0.54 0.55 0.56 0.55 0.54 0.55 0.53 0.49 0.48 0.56 0.72 0.89 0.92 0.90 0.96 1.02 0.94 0.90 0.89 0.83 0.77 0.72 0.61 0.52 0.51 0.51 0.51 0.50 0.45 0.36 0.27 0.21 0.22 0.27 0.30 0.30 0.31 0.33 0.36 0.40 0.47 0.59 0.71 0.79 0.83 0.85 0.88 0.90 0.93 0.98 0.98 0.96 0.95 0.97 0.98 0.95 0.90 0.85 0.84 0.83 0.79 0.71 0.65 0.61 0.58 0.55 0.50 0.47 0.48 0.51 0.54 0.55 0.57 0.59 0.61 0.63 0.65 0.66 0.68
0.73 0.69 0.63 0.60 0.59 0.58 0.57 0.56 0.56 0.55 0.52 0.50 0.44 0.38 0.37 0.45 0.62 0.71 0.70 0.83 0.96 0.98 0.96 0.93 0.87 0.83 0.82 0.73 0.60 0.55 0.52 0.50 0.50 0.48 0.41 0.33 0.23 0.17 0.18 0.22 0.24 0.26 0.28 0.31 0.34 0.38 0.45 0.57 0.70 0.79 0.85 0.88 0.89 0.88 0.91 0.96 0.99 0.98 0.97 0.96 0.94 0.91 0.88 0.88 0.88 0.86 0.81 0.76 0.73 0.73 0.71 0.63 0.49 0.40 0.38 0.40 0.42 0.46 0.51 0.55 0.57 0.60 0.63 0.66
0.83 0.77 0.70 0.67 0.65 0.62 0.60 0.57 0.58 0.58 0.53 0.48 0.42 0.36 0.35 0.39 0.50 0.59 0.65 0.74 0.83 0.88 0.93 0.94 0.91 0.90 0.90 0.85 0.74 0.66 0.57 0.52 0.49 0.49 0.45 0.38 0.29 0.21 0.19 0.21 0.24 0.25 0.26 0.28 0.31 0.35 0.40 0.49 0.62 0.75 0.85 0.91 0.94 0.93 0.89 0.88 0.93 0.98 1.00 0.98 0.94 0.91 0.88 0.85 0.86 0.87 0.86 0.84 0.82 0.81 0.81 0.81 0.72 0.54 0.43 0.39 0.38 0.38 0.39 0.42 0.46 0.53 0.58 0.62
0.92 0.85 0.77 0.75 0.74 0.70 0.65 0.59 0.60 0.62 0.58 0.53 0.47 0.42 0.39 0.41 0.47 0.56 0.61 0.66 0.74 0.81 0.83 0.89 0.95 0.95 0.96 0.95 0.90 0.79 0.68 0.58 0.52 0.51 0.50 0.44 0.34 0.27 0.24 0.23 0.24 0.26 0.27 0.28 0.30 0.33 0.37 0.44 0.53 0.65 0.79 0.89 0.96 1.00 0.99 0.93 0.90 0.92 0.97 0.99 0.97 0.94 0.92 0.90 0.88 0.88 0.88 0.84 0.84 0.86 0.86 0.87 0.90 0.85 0.75 0.65 0.55 0.46 0.41 0.39 0.40 0.45 0.52 0.57
0.99 0.93 0.85 0.82 0.81 0.78 0.73 0.67 0.67 0.72 0.72 0.68 0.65 0.59 0.52 0.47 0.48 0.54 0.57 0.60 0.70 0.79 0.75 0.76 0.91 1.00 1.00 1.02 1.05 0.94 0.78 0.68 0.57 0.56 0.57 0.50 0.40 0.32 0.27 0.24 0.25 0.27 0.29 0.30 0.32 0.34 0.37 0.42 0.49 0.56 0.65 0.75 0.84 0.94 1.01 1.03 0.97 0.93 0.93 0.97 0.99 0.95 0.93 0.94 0.94 0.92 0.91 0.87 0.83 0.87 0.92 0.91 0.91 0.94 0.91 0.82 0.73 0.65 0.62 0.59 0.50 0.42 0.44 0.51
1.01 0.96 0.92 0.89 0.87 0.87 0.89 0.84 0.83 0.85 0.85 0.78 0.70 0.67 0.64 0.57 0.53 0.55 0.58 0.59 0.67 0.77 0.73 0.65 0.77 0.95 1.00 1.02 1.12 1.09 0.88 0.77 0.64 0.64 0.66 0.57 0.46 0.39 0.34 0.30 0.29 0.29 0.31 0.33 0.36 0.37 0.39 0.43 0.48 0.54 0.61 0.67 0.74 0.81 0.91 1.00 1.04 1.00 0.98 1.00 1.04 1.03 0.95 0.92 0.93 0.92 0.93 0.92 0.86 0.85 0.93 0.98 0.93 0.92 0.94 0.93 0.88 0.79 0.71 0.69 0.64 0.52 0.42 0.43
1.01 0.96 0.93 0.94 0.93 0.94 0.95 0.92 0.85 0.80 0.82 0.80 0.73 0.70 0.70 0.65 0.58 0.58 0.65 0.71 0.72 0.73 0.69 0.60 0.63 0.81 0.95 0.97 1.07 1.11 0.98 0.88 0.77 0.73 0.74 0.63 0.51 0.46 0.44 0.41 0.35 0.29 0.30 0.33 0.35 0.38 0.40 0.42 0.45 0.51 0.60 0.69 0.75 0.78 0.82 0.90 1.00 1.04 1.03 1.03 1.08 1.13 1.07 0.97 0.94 0.91 0.88 0.90 0.90 0.86 0.89 0.98 1.01 0.98 0.98 0.99 0.98 0.90 0.77 0.69 0.68 0.64 0.52 0.43
1.01 0.97 0.93 0.91 0.86 0.83 0.80 0.79 0.78 0.76 0.79 0.80 0.74 0.72 0.73 0.70 0.60 0.58 0.70 0.83 0.85 0.76 0.63 0.57 0.55 0.64 0.81 0.95 1.11 1.17 1.03 0.94 0.89 0.85 0.82 0.69 0.56 0.52 0.51 0.49 0.45 0.39 0.34 0.31 0.33 0.38 0.40 0.42 0.43 0.48 0.55 0.64 0.74 0.81 0.82 0.85 0.92 1.00 1.02 0.99 1.02 1.11 1.15 1.07 1.02 0.97 0.88 0.84 0.87 0.88 0.90 0.99 1.07 1.06 1.02 0.99 0.97 0.95 0.87 0.77 0.71 0.68 0.62 0.50
0.99 0.96 0.91 0.87 0.82 0.77 0.75 0.75 0.75 0.75 0.78 0.79 0.73 0.70 0.75 0.74 0.62 0.56 0.68 0.87 0.99 0.91 0.63 0.54 0.55 0.56 0.66 0.83 1.07 1.27 1.19 0.97 0.90 0.94 0.94 0.81 0.68 0.62 0.58 0.57 0.57 0.56 0.48 0.37 0.35 0.37 0.38 0.39 0.42 0.46 0.51 0.57 0.66 0.77 0.82 0.85 0.89 0.96 1.00 0.96 0.95 1.02 1.12 1.15 1.13 1.12 1.05 0.91 0.83 0.85 0.89 0.96 1.03 1.07 1.06 1.03 0.99 0.98 0.94 0.84 0.75 0.71 0.67 0.59
0.96 0.93 0.88 0.86 0.83 0.79 0.79 0.79 0.78 0.77 0.80 0.86 0.79 0.71 0.75 0.76 0.63 0.56 0.66 0.89 1.11 1.15 0.83 0.56 0.55 0.56 0.53 0.58 0.76 1.11 1.29 1.14 0.94 0.93 0.94 0.90 0.83 0.72 0.65 0.61 0.59 0.56 0.52 0.47 0.43 0.39 0.36 0.37 0.40 0.43 0.48 0.54 0.61 0.71 0.78 0.82 0.86 0.94 1.01 1.00 0.96 0.99 1.07 1.13 1.17 1.21 1.22 1.13 0.96 0.84 0.82 0.87 0.95 1.03 1.07 1.07 1.05 1.05 1.06 1.02 0.88 0.78 0.72 0.66
1.03 0.96 0.88 0.86 0.84 0.79 0.77 0.78 0.81 0.82 0.83 0.90 0.87 0.78 0.79 0.79 0.64 0.57 0.71 0.92 1.14 1.30 1.15 0.72 0.58 0.60 0.54 0.51 0.53 0.74 1.10 1.25 1.09 0.91 0.86 0.83 0.81 0.76 0.67 0.61 0.56 0.53 0.52 0.51 0.47 0.42 0.39 0.39 0.41 0.43 0.45 0.50 0.58 0.68 0.76 0.80 0.83 0.90 1.00 1.04 1.02 1.02 1.07 1.11 1.13 1.20 1.27 1.29 1.23 1.08 0.98 0.96 0.99 1.06 1.12 1.13 1.10 1.08 1.11 1.15 1.10 0.93 0.77 0.70
