windninja/windninja_output/Output_2025-08-24_2300-2350_Google earth_Fire_150m_10min/merlingen_7.5mi_point_08-24-2025_2340_150m_ang.asc
ncols	158
nrows	163
xllcorner	391686.332397
yllcorner	5160024.123721
cellsize	150.000000
NODATA_value	-32768.000000
[rows 42 to 83 of 163, columns 0 to 93 of 158]
215 215 215 215 216 216 216 216 217 216 215 216 216 215 216 216 215 215 215 215 214 213 213 213 212 211 210 208 206 208 212 213 212 211 208 207 209 210 207 206 207 208 209 207 204 201 203 206 206 207 211 210 203 200 206 213 214 214 219 224 223 217 214 215 214 212 209 208 207 205 207 208 204 196 193 195 192 188 191 200 206 206 208 209 206 204 205 206 205 204 205 210 218 221
216 216 216 216 216 216 216 216 217 216 216 216 216 216 216 216 216 215 215 215 214 214 213 213 213 212 211 209 208 209 212 213 211 207 202 201 202 204 203 204 208 212 212 209 206 206 210 213 213 212 214 212 207 205 209 215 217 219 222 225 223 218 214 213 212 209 204 202 204 202 202 202 200 195 193 195 193 191 194 199 203 205 205 205 204 206 209 212 211 209 208 209 215 220
217 217 217 217 216 217 217 217 217 217 216 216 216 216 216 216 216 216 215 215 214 214 213 213 213 212 211 210 210 210 212 212 210 205 201 197 199 202 205 208 212 214 213 212 211 212 215 216 213 210 210 210 208 207 212 217 219 220 221 222 220 217 214 211 209 207 204 202 201 201 200 202 202 199 199 199 197 196 198 202 203 201 201 204 208 211 213 215 216 215 213 211 216 221
219 218 217 217 217 217 217 217 217 217 217 216 216 216 216 216 215 215 215 215 214 214 214 213 213 213 212 212 211 211 210 210 209 205 201 199 200 205 209 211 211 213 215 215 212 213 215 213 210 207 209 213 213 213 217 220 221 220 219 217 215 213 209 205 204 205 205 205 202 202 205 207 208 208 207 206 201 198 201 202 199 198 202 210 215 214 214 215 218 219 217 214 218 222
220 219 218 218 218 218 218 217 217 217 217 216 216 216 216 216 215 215 215 215 215 214 214 214 213 213 213 213 212 211 211 210 209 205 202 201 203 205 207 208 210 214 217 216 213 213 213 211 209 209 213 215 217 219 221 222 222 219 216 211 208 207 204 201 202 205 207 208 205 205 209 211 214 214 213 210 203 198 199 200 200 203 212 219 218 215 214 214 216 219 218 216 218 221
220 219 218 218 219 220 219 218 217 217 217 216 216 216 216 216 216 216 216 215 215 215 215 214 214 214 213 213 212 212 211 211 210 207 205 204 205 205 205 206 209 213 216 215 213 213 212 211 211 212 215 217 219 221 219 219 218 216 212 205 202 204 204 204 206 209 210 210 208 207 209 212 216 217 215 212 207 201 201 205 210 215 219 219 216 214 213 213 215 217 217 217 218 219
221 220 219 219 220 222 221 218 217 217 217 216 216 216 216 216 216 216 216 216 215 215 215 215 215 214 213 213 213 212 212 211 210 209 207 205 206 206 205 206 209 213 215 213 211 212 212 212 213 213 216 219 222 222 219 217 215 212 206 201 199 205 210 211 213 213 212 210 209 209 211 214 216 217 216 214 210 206 207 211 216 217 215 214 211 210 211 211 211 211 214 219 220 219
222 221 219 219 221 223 222 219 217 217 217 216 216 216 216 216 216 216 216 216 215 215 215 215 215 214 213 213 213 212 212 212 211 210 207 205 205 206 205 206 210 214 214 211 211 214 214 214 214 214 216 219 220 219 216 214 212 207 202 200 201 208 215 218 216 213 211 210 210 211 212 214 215 216 215 213 209 206 207 211 213 213 211 210 208 207 207 206 206 208 214 220 222 221
224 222 219 219 220 222 221 219 217 216 216 216 216 216 216 216 216 215 216 215 215 215 214 214 214 214 213 213 213 213 212 212 211 210 208 206 205 205 206 207 209 211 210 208 211 216 217 217 219 219 219 220 218 213 211 209 207 205 203 204 208 214 221 223 217 212 210 210 211 212 214 215 216 216 214 210 207 205 207 211 212 212 211 209 207 205 204 203 206 210 214 220 223 224
227 224 219 218 220 220 219 220 217 215 215 215 216 215 216 216 216 215 215 215 215 215 214 214 214 214 214 213 213 213 213 212 211 211 209 208 207 207 207 207 208 210 208 206 211 216 217 218 222 223 220 218 216 212 209 208 207 207 208 210 214 219 225 225 217 211 209 209 211 213 215 216 215 214 212 210 207 205 207 210 212 213 214 211 207 205 204 206 210 214 216 220 224 226
230 226 219 219 221 220 219 220 218 214 213 215 215 216 216 216 216 216 215 215 215 215 215 215 215 214 214 214 213 213 213 212 212 211 210 210 209 208 207 206 207 210 208 204 209 216 217 216 218 215 209 209 210 210 209 210 210 211 213 215 217 219 225 225 215 208 207 208 211 212 213 213 212 211 211 210 208 207 207 210 212 215 217 215 212 210 209 211 214 216 218 221 223 224
230 226 218 217 220 219 218 220 220 217 214 215 215 215 216 216 216 216 215 216 215 215 215 215 215 214 214 214 214 213 213 213 212 212 211 211 210 209 207 205 206 209 207 204 207 214 213 209 209 207 204 206 208 210 211 212 211 212 215 218 218 219 224 223 213 205 204 206 210 211 210 209 209 210 212 211 209 209 211 211 212 214 215 215 215 215 213 212 214 218 219 220 218 217
226 225 219 215 218 218 216 219 222 220 216 215 215 215 215 215 215 215 215 216 215 215 215 215 215 214 214 214 214 213 213 213 212 212 212 211 211 210 208 206 205 208 209 207 207 211 209 204 204 204 205 209 210 212 216 214 210 211 214 216 217 218 222 219 209 202 201 202 206 207 206 208 210 212 212 211 210 210 212 210 209 211 212 212 212 214 214 214 215 217 218 217 213 211
224 224 222 219 221 222 219 219 222 221 219 216 216 216 215 216 216 216 215 215 215 215 215 215 214 214 214 214 214 214 213 213 213 212 212 212 211 210 209 208 207 210 213 212 209 207 204 201 201 202 205 210 210 212 218 215 208 210 213 214 214 215 218 216 208 201 199 200 204 207 208 211 213 212 211 210 209 210 210 207 205 207 209 209 210 212 212 213 215 217 218 216 210 206
224 225 224 222 223 225 223 220 222 223 221 217 217 216 215 216 216 216 215 215 215 215 215 215 214 214 214 214 214 214 213 213 213 213 212 212 212 211 210 210 210 211 212 211 207 203 198 197 198 199 203 210 211 214 219 214 208 210 212 212 211 213 216 216 210 202 200 201 206 211 213 213 212 210 209 208 208 208 207 205 204 205 208 209 209 211 211 212 214 217 221 218 206 196
225 225 224 222 221 222 222 220 220 222 219 216 217 217 215 215 216 215 215 215 215 215 215 215 214 214 214 214 214 214 213 213 213 213 212 212 212 211 211 211 210 210 210 209 206 202 198 196 197 196 201 211 214 217 220 212 206 208 209 209 210 213 217 218 212 204 201 203 208 212 212 210 209 208 207 205 205 205 204 203 203 205 208 210 212 215 216 215 214 214 215 205 190 187
226 225 223 222 221 220 220 219 217 219 218 216 217 218 217 216 215 215 215 215 215 215 215 215 214 214 214 214 214 214 214 213 213 213 213 212 212 212 211 211 211 210 210 209 207 206 203 199 196 193 197 209 214 217 219 211 205 207 208 208 210 214 217 218 214 207 202 202 205 208 207 207 208 207 205 203 202 202 201 201 203 206 209 212 215 218 219 218 214 209 203 193 186 188
225 225 224 224 223 222 221 220 219 220 220 218 218 219 218 216 215 215 215 215 215 215 215 215 214 214 214 214 214 214 214 213 213 213 213 213 212 212 212 211 211 210 210 209 208 207 205 202 197 190 190 204 213 217 217 212 207 208 210 210 211 214 217 218 216 209 202 199 202 206 206 206 206 205 203 201 201 201 201 203 205 208 210 212 214 216 217 215 209 201 194 193 192 196
225 225 224 224 224 224 223 223 222 221 219 216 215 217 217 216 215 214 214 214 214 214 214 214 214 214 214 214 214 214 214 213 213 213 213 213 212 212 212 211 211 211 210 210 209 208 206 204 199 191 185 196 212 217 216 212 209 210 211 211 212 215 218 219 217 211 204 200 203 207 207 205 205 203 201 200 201 202 204 206 207 210 212 212 213 214 214 210 203 195 194 196 198 205
226 226 225 225 224 224 224 224 222 220 217 213 212 214 216 217 216 214 214 213 213 214 214 214 214 214 214 214 214 214 214 213 213 213 213 213 212 212 212 212 211 211 210 210 209 208 207 205 202 197 188 192 210 217 216 214 214 214 214 214 215 217 219 219 217 213 207 202 205 207 205 204 203 202 200 200 202 204 206 207 209 211 214 215 215 214 210 204 199 194 193 199 205 212
228 228 227 226 224 224 223 223 222 220 218 214 212 213 215 217 217 215 214 213 213 214 214 214 214 215 215 214 214 214 214 213 213 213 213 213 212 212 212 212 211 211 211 210 209 209 208 207 205 201 194 193 206 214 215 216 218 218 216 216 216 216 216 216 216 213 208 204 204 204 203 203 203 200 199 201 203 206 206 207 210 212 215 217 216 214 209 199 196 195 197 207 216 218
231 231 230 228 226 224 223 222 222 221 219 216 213 212 213 215 217 216 215 214 213 213 213 213 213 214 215 214 213 213 214 213 213 213 213 213 213 212 212 212 211 211 211 210 210 209 209 208 206 204 199 195 202 208 207 213 219 219 216 213 211 210 213 217 220 218 211 206 204 203 202 202 202 199 198 201 203 204 205 207 210 212 214 215 213 210 204 196 195 200 207 216 220 222
235 233 231 229 227 226 225 225 224 222 221 218 213 210 211 213 215 215 215 215 214 213 213 213 213 214 215 214 214 214 213 213 213 213 213 213 213 212 212 212 212 211 211 211 210 210 209 208 207 206 202 198 200 204 201 207 217 218 214 210 207 209 217 226 230 223 211 203 201 201 201 201 201 199 197 200 201 201 202 205 209 211 212 212 209 205 201 197 199 205 213 218 221 225
234 232 229 228 226 226 226 226 226 224 223 221 214 210 211 212 213 214 215 216 215 213 213 213 212 213 214 214 213 213 213 213 213 213 213 213 213 212 212 212 212 211 211 211 210 210 210 209 208 207 206 203 202 204 200 202 213 216 213 210 208 213 222 225 221 212 203 198 199 199 200 201 202 199 197 197 198 198 200 205 209 211 210 209 206 204 201 201 204 209 214 220 224 229
228 227 226 227 226 225 222 222 223 223 221 220 216 211 209 211 212 213 214 216 214 213 213 213 211 212 214 213 213 213 213 213 213 213 213 213 212 212 212 212 212 211 211 211 211 210 210 210 209 208 208 206 206 206 203 201 209 215 216 214 210 208 212 213 210 205 201 198 198 199 199 202 202 199 196 194 195 198 200 205 208 207 204 200 200 203 204 205 210 214 217 222 226 231
215 218 221 222 223 222 217 217 221 222 221 218 215 212 209 210 212 212 212 214 214 212 213 213 212 212 214 215 215 215 214 213 213 213 213 213 212 212 212 212 212 212 211 211 211 211 210 210 210 209 209 208 208 208 207 206 211 220 223 220 209 202 204 207 207 205 203 201 200 199 199 201 201 198 195 194 194 196 198 200 200 199 196 193 200 209 211 212 215 217 220 224 229 233
195 207 214 214 215 213 208 210 218 221 219 215 213 212 209 209 211 211 211 213 214 213 213 213 212 212 215 217 217 216 214 213 213 213 213 212 212 212 212 212 212 212 211 211 211 211 211 210 210 210 210 209 209 209 210 211 214 221 226 223 211 202 203 206 207 206 205 203 201 199 199 201 201 197 195 195 194 193 193 195 194 194 195 199 213 222 218 215 217 220 223 227 232 234
187 200 214 214 215 213 208 206 212 215 210 207 207 207 206 206 208 211 212 212 213 214 214 214 212 212 217 219 217 216 214 213 213 212 212 212 212 212 212 212 212 212 211 211 211 211 211 211 211 210 210 210 210 210 211 212 213 216 219 220 214 206 206 207 207 206 205 203 200 199 200 202 200 196 195 195 195 192 190 192 194 198 206 216 226 228 218 216 219 222 225 228 230 231
203 212 227 232 231 227 218 210 214 216 211 207 207 207 206 206 208 211 212 212 212 214 215 216 213 213 218 219 216 214 214 213 212 212 212 212 212 212 212 212 212 212 211 211 211 211 211 211 211 211 211 211 211 211 211 212 212 213 214 215 213 210 211 214 213 210 207 204 202 201 201 202 200 195 195 197 195 191 189 191 198 207 217 225 229 225 217 218 222 224 225 226 226 225
218 222 234 244 248 245 237 229 230 229 224 220 219 217 214 212 211 212 212 211 212 214 215 215 211 208 214 217 215 213 213 213 212 211 211 212 212 212 212 212 212 212 211 211 211 211 211 211 211 211 211 211 211 211 211 211 212 212 212 212 211 211 211 213 214 213 212 209 205 201 199 201 201 197 196 198 196 192 190 195 206 216 221 227 227 218 215 219 224 226 225 224 222 218
227 229 234 238 242 243 241 241 244 243 237 235 233 229 225 220 217 215 214 212 211 212 213 212 207 203 210 216 216 214 213 212 212 211 210 211 211 211 211 211 211 212 211 211 211 211 211 211 211 211 211 211 211 211 211 211 211 211 211 211 211 210 210 211 210 210 209 209 207 201 198 203 205 201 199 200 198 194 193 201 211 218 221 224 222 214 215 221 226 227 224 223 223 219
234 235 237 238 240 240 239 240 243 241 236 233 231 228 226 223 220 218 217 214 212 212 211 210 206 203 209 215 217 216 214 213 213 211 209 209 210 211 211 211 211 211 211 211 211 211 211 211 211 211 211 211 211 211 211 211 211 211 211 211 210 210 210 210 209 208 207 206 205 203 202 207 210 204 201 200 199 197 196 203 212 216 217 219 217 215 218 223 227 224 219 219 221 220
240 241 243 244 244 243 242 241 240 237 233 231 228 225 223 221 219 219 218 216 215 214 213 212 208 205 207 213 216 217 215 214 213 212 209 207 209 210 210 210 211 211 211 211 211 211 211 211 211 211 211 211 211 211 211 211 211 211 211 210 210 210 210 209 208 207 207 206 205 205 204 203 202 197 195 196 196 197 198 203 209 209 212 215 216 219 222 224 225 222 217 212 209 201
244 246 249 251 252 251 249 244 240 236 233 230 227 224 222 220 218 217 217 216 215 216 216 215 211 207 208 212 215 216 216 214 214 214 212 210 210 210 210 209 210 211 211 211 211 212 212 212 211 211 211 211 211 211 211 211 211 210 210 210 210 210 209 209 208 207 207 206 206 205 203 200 196 190 188 190 191 193 197 200 202 205 211 216 219 221 222 223 223 224 221 209 196 192
248 249 253 257 261 262 257 250 244 238 233 229 227 224 222 220 218 216 216 215 214 215 215 214 212 210 210 212 213 215 216 216 217 219 218 214 211 210 209 209 209 210 211 211 212 212 212 212 212 212 211 211 211 211 211 211 210 210 210 210 210 209 209 209 208 207 207 206 206 204 203 200 198 192 186 185 185 188 193 196 200 208 218 224 228 228 227 228 228 229 224 205 190 189
251 252 255 261 268 272 269 261 250 239 232 227 225 223 221 219 217 215 215 214 214 214 214 213 212 211 213 213 213 214 217 219 219 219 218 214 211 211 210 209 208 210 211 211 212 212 212 212 212 212 211 211 211 211 211 210 210 210 210 210 210 209 209 208 208 208 207 206 205 204 203 201 199 195 190 184 180 180 186 196 205 215 226 233 235 236 236 233 229 220 205 190 185 190
256 255 252 260 274 282 281 268 249 235 226 222 222 221 219 217 216 214 214 214 214 214 213 212 210 211 214 214 213 212 215 217 216 216 215 213 211 211 211 210 208 209 211 212 212 212 213 212 212 212 212 211 211 211 210 210 210 210 210 210 209 209 209 208 208 208 207 206 205 204 203 202 200 197 193 187 181 176 180 196 211 219 225 228 225 223 224 219 208 201 193 187 186 192
255 252 246 247 262 276 275 252 230 218 214 216 217 217 216 215 214 213 212 213 213 213 213 212 208 209 212 213 211 209 210 213 214 215 216 214 212 211 213 212 209 209 212 213 213 214 214 214 213 213 212 211 211 210 210 210 210 210 210 210 209 209 209 208 208 208 207 206 205 205 203 202 201 199 196 191 184 177 177 194 211 215 215 214 212 212 211 205 197 193 191 191 192 194
247 243 235 234 235 230 211 194 197 200 202 208 213 214 214 214 214 213 212 212 213 213 213 211 206 207 211 212 211 208 207 210 212 213 215 214 212 211 212 213 210 210 213 215 215 216 216 216 216 215 212 211 210 210 210 210 210 210 210 209 209 209 209 208 208 207 207 206 205 205 203 202 201 200 197 194 188 182 180 189 201 205 205 206 207 208 205 196 192 193 194 196 197 196
245 244 238 231 230 224 207 194 194 196 197 202 210 213 213 214 214 213 211 211 212 212 212 210 206 206 211 213 212 209 206 207 208 210 213 214 212 211 212 212 211 209 213 217 219 221 222 222 223 220 214 210 209 209 209 209 210 210 209 209 209 209 209 208 208 207 207 206 206 205 204 202 202 200 198 195 191 186 183 183 188 195 201 205 206 206 198 191 191 195 197 198 200 199
255 252 240 231 228 225 216 207 202 201 201 204 209 212 213 214 214 214 212 211 211 211 211 209 205 206 210 211 211 210 208 208 210 213 215 216 214 212 212 212 211 209 210 212 214 215 215 214 215 214 211 208 207 208 208 209 209 209 209 209 209 209 209 208 208 207 207 206 206 205 204 203 202 201 199 196 193 189 184 180 179 187 199 205 205 198 193 189 190 194 198 200 202 201
244 235 222 224 225 225 220 215 213 212 210 210 212 214 216 216 216 216 214 212 211 210 211 208 204 204 207 208 209 210 210 211 212 215 218 219 219 216 214 213 211 209 207 206 206 205 204 203 205 205 205 204 203 204 206 208 209 209 209 209 209 209 208 208 208 207 207 206 206 205 204 203 202 201 199 197 194 190 186 180 176 182 194 200 199 193 191 190 191 195 199 201 203 204
