windninja/windninja_output/Output_2025-08-24_2300-2350_Google earth_Fire_150m_10min/merlingen_7.5mi_point_08-24-2025_2300_150m_vel.asc
ncols	158
nrows	163
xllcorner	391686.332397
yllcorner	5160024.123721
cellsize	150.000000
NODATA_value	-32768.000000
[rows 114 to 151 of 163, columns 0 to 83 of 158]
1.12 1.07 0.97 0.92 0.91 0.88 0.82 0.79 0.81 0.84 0.85 0.92 0.97 0.95 0.96 0.91 0.72 0.66 0.77 0.89 1.11 1.44 1.56 1.18 0.92 0.88 0.85 0.74 0.62 0.64 0.90 1.29 1.41 1.24 1.02 0.85 0.81 0.81 0.75 0.70 0.67 0.66 0.66 0.63 0.55 0.51 0.51 0.51 0.48 0.47 0.47 0.50 0.59 0.72 0.86 0.94 0.95 0.99 1.11 1.22 1.22 1.21 1.27 1.34 1.31 1.33 1.44 1.52 1.53 1.47 1.34 1.26 1.20 1.18 1.28 1.38 1.36 1.27 1.22 1.31 1.40 1.32 1.10 0.98
1.10 1.11 1.07 1.01 0.96 0.94 0.92 0.86 0.80 0.78 0.80 0.85 0.93 1.01 1.07 1.01 0.76 0.66 0.67 0.70 0.87 1.21 1.57 1.60 1.36 1.12 1.05 1.01 0.96 0.78 0.83 1.17 1.47 1.45 1.15 0.88 0.78 0.80 0.79 0.75 0.76 0.79 0.81 0.79 0.70 0.64 0.62 0.58 0.53 0.51 0.51 0.53 0.56 0.64 0.79 0.90 0.92 0.94 1.03 1.16 1.22 1.22 1.25 1.33 1.35 1.33 1.39 1.48 1.53 1.52 1.47 1.41 1.34 1.21 1.16 1.30 1.44 1.38 1.25 1.25 1.39 1.42 1.29 1.18
1.05 1.09 1.09 1.05 0.99 0.94 0.94 0.95 0.91 0.84 0.80 0.78 0.84 0.96 1.10 1.09 0.82 0.63 0.61 0.65 0.82 1.09 1.39 1.64 1.68 1.44 1.20 1.13 1.08 0.95 0.96 1.18 1.49 1.62 1.31 0.94 0.84 0.87 0.90 0.87 0.86 0.89 0.90 0.89 0.80 0.69 0.61 0.55 0.56 0.58 0.58 0.59 0.58 0.61 0.71 0.85 0.91 0.92 0.97 1.08 1.16 1.20 1.24 1.30 1.34 1.33 1.37 1.44 1.52 1.55 1.54 1.55 1.57 1.49 1.24 1.17 1.33 1.46 1.36 1.22 1.30 1.38 1.29 1.26
1.00 1.04 1.07 1.04 0.99 0.92 0.90 0.95 1.00 0.99 0.90 0.76 0.74 0.85 1.06 1.15 0.88 0.60 0.61 0.70 0.86 1.03 1.16 1.36 1.64 1.75 1.61 1.40 1.35 1.08 0.94 0.98 1.30 1.67 1.64 1.26 1.07 1.02 1.05 1.06 1.07 1.02 0.97 0.96 0.90 0.76 0.69 0.67 0.68 0.69 0.68 0.65 0.63 0.63 0.69 0.82 0.92 0.93 0.94 1.01 1.08 1.16 1.25 1.32 1.35 1.35 1.37 1.43 1.50 1.55 1.58 1.62 1.71 1.78 1.67 1.39 1.26 1.39 1.48 1.37 1.33 1.35 1.26 1.22
0.99 1.00 1.04 1.03 0.98 0.93 0.87 0.88 0.93 0.99 1.01 0.84 0.69 0.74 0.94 1.20 1.04 0.59 0.58 0.64 0.68 0.76 0.85 0.95 1.16 1.52 1.72 1.72 1.75 1.62 1.23 1.05 1.23 1.56 1.80 1.90 1.75 1.50 1.40 1.37 1.31 1.22 1.11 1.01 0.95 0.88 0.83 0.82 0.80 0.77 0.74 0.70 0.67 0.67 0.69 0.79 0.90 0.94 0.94 0.98 1.02 1.07 1.17 1.30 1.39 1.42 1.44 1.48 1.51 1.53 1.56 1.60 1.69 1.84 1.96 1.84 1.55 1.43 1.50 1.52 1.52 1.47 1.31 1.20
1.01 1.00 1.02 1.03 0.95 0.90 0.85 0.81 0.81 0.85 0.97 0.92 0.68 0.66 0.81 1.12 1.17 0.73 0.49 0.49 0.47 0.47 0.55 0.64 0.74 0.91 1.12 1.27 1.53 1.72 1.63 1.50 1.39 1.37 1.58 1.90 2.05 1.97 1.86 1.82 1.71 1.51 1.33 1.21 1.15 1.09 0.96 0.87 0.83 0.79 0.75 0.71 0.69 0.67 0.67 0.73 0.84 0.91 0.94 0.97 0.99 1.00 1.04 1.14 1.27 1.36 1.40 1.46 1.53 1.54 1.50 1.51 1.58 1.73 1.95 2.10 1.98 1.72 1.59 1.55 1.55 1.54 1.39 1.25
1.01 0.99 1.02 1.06 0.97 0.84 0.79 0.76 0.74 0.74 0.84 0.89 0.71 0.66 0.77 1.02 1.19 0.96 0.53 0.40 0.36 0.32 0.33 0.40 0.47 0.54 0.61 0.70 0.88 1.10 1.29 1.30 1.14 1.14 1.28 1.52 1.77 1.86 1.78 1.82 1.93 1.88 1.72 1.58 1.47 1.36 1.22 1.08 0.96 0.86 0.79 0.74 0.71 0.69 0.68 0.70 0.79 0.87 0.91 0.95 0.98 0.98 0.97 0.95 0.92 0.95 0.97 1.05 1.27 1.45 1.47 1.44 1.45 1.54 1.75 2.05 2.22 2.10 1.87 1.69 1.59 1.54 1.44 1.31
0.99 0.98 1.02 1.14 1.18 1.03 0.95 0.89 0.78 0.68 0.74 0.85 0.70 0.64 0.76 0.99 1.21 1.09 0.70 0.42 0.28 0.23 0.19 0.18 0.24 0.32 0.41 0.50 0.58 0.64 0.71 0.82 0.89 0.98 1.16 1.29 1.34 1.46 1.34 1.31 1.59 1.81 1.81 1.61 1.47 1.40 1.32 1.22 1.09 0.96 0.85 0.77 0.74 0.72 0.70 0.71 0.79 0.85 0.88 0.91 0.92 0.89 0.85 0.82 0.77 0.74 0.66 0.55 0.71 1.10 1.32 1.37 1.36 1.36 1.48 1.77 2.13 2.34 2.27 2.05 1.85 1.70 1.52 1.40
0.94 0.96 1.00 1.09 1.24 1.29 1.29 1.26 1.08 0.79 0.71 0.82 0.68 0.54 0.61 0.80 1.13 1.19 0.85 0.53 0.28 0.15 0.12 0.08 0.05 0.11 0.19 0.29 0.41 0.48 0.53 0.67 0.82 0.87 1.04 1.14 1.11 1.26 1.16 0.97 1.07 1.35 1.64 1.56 1.30 1.17 1.11 1.04 1.00 0.95 0.86 0.79 0.75 0.72 0.71 0.72 0.79 0.85 0.86 0.86 0.84 0.79 0.76 0.79 0.84 0.92 0.87 0.59 0.44 0.59 0.92 1.14 1.24 1.26 1.28 1.43 1.76 2.18 2.45 2.48 2.30 2.02 1.74 1.59
0.84 0.86 0.87 0.88 0.98 1.11 1.22 1.34 1.37 1.16 0.89 0.88 0.68 0.45 0.42 0.53 0.87 1.21 1.08 0.70 0.42 0.21 0.08 0.06 0.07 0.04 0.02 0.11 0.24 0.36 0.43 0.57 0.71 0.77 0.93 1.05 1.01 1.16 1.21 0.94 0.83 1.03 1.44 1.65 1.42 1.15 1.01 0.92 0.91 0.92 0.89 0.84 0.77 0.73 0.71 0.68 0.68 0.73 0.72 0.74 0.78 0.79 0.80 0.84 0.91 1.04 1.13 1.00 0.65 0.43 0.53 0.77 0.96 1.09 1.13 1.17 1.35 1.72 2.16 2.54 2.70 2.57 2.21 1.92
0.81 0.82 0.81 0.77 0.81 0.91 1.01 1.14 1.34 1.35 1.25 1.10 0.68 0.40 0.34 0.36 0.58 1.01 1.24 1.00 0.63 0.37 0.20 0.11 0.05 0.03 0.05 0.03 0.18 0.29 0.38 0.54 0.67 0.70 0.83 0.99 0.94 0.99 1.15 0.99 0.79 0.83 1.12 1.57 1.65 1.37 1.12 0.97 0.92 0.95 0.97 0.93 0.84 0.78 0.74 0.70 0.68 0.71 0.70 0.65 0.74 0.87 0.92 0.95 0.99 1.04 1.14 1.21 1.06 0.66 0.43 0.46 0.56 0.69 0.85 0.93 1.03 1.26 1.64 2.06 2.48 2.76 2.68 2.28
0.81 0.85 0.85 0.80 0.82 0.88 0.94 1.02 1.20 1.32 1.40 1.40 0.96 0.46 0.30 0.27 0.38 0.66 1.04 1.23 1.09 0.67 0.40 0.28 0.22 0.18 0.20 0.31 0.32 0.33 0.38 0.54 0.67 0.65 0.74 0.94 0.89 0.84 1.01 0.99 0.79 0.71 0.83 1.26 1.61 1.54 1.27 1.06 0.97 0.96 0.96 0.94 0.90 0.84 0.80 0.80 0.84 0.91 0.95 0.86 0.86 0.96 1.02 1.04 1.06 1.08 1.11 1.19 1.26 1.10 0.74 0.51 0.43 0.39 0.45 0.59 0.70 0.83 1.06 1.36 1.66 2.20 2.69 2.66
0.75 0.81 0.83 0.79 0.79 0.84 0.90 0.96 1.07 1.19 1.35 1.59 1.42 0.75 0.48 0.35 0.34 0.46 0.68 1.01 1.17 1.07 0.71 0.55 0.63 0.70 0.65 0.54 0.42 0.36 0.40 0.57 0.73 0.67 0.67 0.87 0.88 0.77 0.82 0.88 0.77 0.64 0.66 0.94 1.42 1.57 1.39 1.19 1.07 0.99 0.94 0.90 0.88 0.86 0.82 0.81 0.86 0.97 1.08 1.08 1.03 1.02 1.02 1.02 1.04 1.08 1.11 1.14 1.24 1.30 1.19 0.96 0.71 0.49 0.33 0.29 0.37 0.48 0.59 0.80 1.06 1.48 2.17 2.64
0.72 0.77 0.80 0.75 0.75 0.82 0.90 0.94 0.95 1.04 1.22 1.56 1.70 1.36 0.93 0.58 0.44 0.49 0.59 0.77 1.05 1.27 1.26 1.17 1.09 0.96 0.75 0.52 0.38 0.32 0.35 0.54 0.80 0.82 0.74 0.81 0.86 0.77 0.69 0.73 0.70 0.56 0.51 0.68 1.12 1.46 1.40 1.21 1.09 1.00 0.95 0.92 0.86 0.84 0.81 0.78 0.80 0.90 1.01 1.04 1.03 1.01 0.99 0.98 1.01 1.06 1.09 1.13 1.18 1.26 1.31 1.25 1.03 0.78 0.55 0.33 0.20 0.23 0.35 0.53 0.78 1.11 1.55 2.09
0.72 0.76 0.79 0.73 0.70 0.74 0.83 0.90 0.90 0.92 1.04 1.32 1.67 1.79 1.55 0.94 0.63 0.61 0.70 0.86 1.01 1.14 1.28 1.24 1.11 0.97 0.73 0.48 0.33 0.25 0.25 0.40 0.72 0.92 0.97 0.92 0.85 0.77 0.66 0.64 0.62 0.52 0.41 0.44 0.78 1.27 1.39 1.18 1.05 0.98 0.92 0.91 0.89 0.86 0.83 0.81 0.80 0.85 0.93 0.96 0.97 0.98 1.00 1.00 1.02 1.05 1.09 1.12 1.16 1.19 1.26 1.33 1.23 0.97 0.73 0.53 0.26 0.11 0.15 0.28 0.47 0.77 1.14 1.56
0.70 0.72 0.74 0.67 0.61 0.60 0.63 0.72 0.78 0.80 0.86 1.01 1.27 1.60 1.77 1.63 1.10 0.82 0.79 0.81 0.72 0.66 0.90 1.06 1.03 0.95 0.79 0.56 0.37 0.24 0.17 0.24 0.49 0.77 1.02 1.16 1.04 0.79 0.66 0.62 0.58 0.51 0.39 0.30 0.46 0.96 1.31 1.28 1.15 1.06 0.98 0.93 0.88 0.86 0.83 0.82 0.83 0.86 0.90 0.93 0.95 0.98 1.01 1.02 1.03 1.06 1.08 1.11 1.14 1.18 1.24 1.35 1.41 1.24 0.94 0.71 0.46 0.17 0.05 0.06 0.13 0.30 0.58 1.00
0.71 0.73 0.76 0.68 0.60 0.59 0.58 0.56 0.57 0.60 0.63 0.66 0.75 0.95 1.28 1.59 1.46 1.12 0.84 0.62 0.43 0.42 0.63 0.97 1.13 1.03 0.82 0.67 0.53 0.35 0.20 0.15 0.27 0.51 0.80 1.14 1.31 1.07 0.77 0.67 0.61 0.53 0.45 0.32 0.28 0.57 1.06 1.26 1.24 1.12 1.02 0.96 0.87 0.82 0.81 0.79 0.81 0.86 0.92 0.94 0.94 0.95 0.98 1.00 1.02 1.05 1.08 1.10 1.14 1.18 1.24 1.33 1.44 1.47 1.31 1.04 0.72 0.40 0.19 0.03 0.10 0.14 0.16 0.30
0.74 0.76 0.81 0.78 0.68 0.67 0.70 0.67 0.56 0.43 0.38 0.39 0.44 0.57 0.76 1.04 1.28 1.14 0.78 0.47 0.38 0.37 0.45 0.72 1.11 1.17 0.85 0.71 0.65 0.51 0.34 0.21 0.19 0.33 0.55 0.87 1.26 1.38 1.14 0.89 0.77 0.67 0.59 0.47 0.31 0.34 0.66 0.99 1.15 1.09 0.97 0.93 0.88 0.82 0.79 0.76 0.75 0.80 0.87 0.90 0.90 0.88 0.90 0.95 0.99 1.03 1.07 1.09 1.12 1.17 1.25 1.33 1.41 1.51 1.51 1.40 1.11 0.72 0.51 0.34 0.13 0.13 0.18 0.15
0.73 0.73 0.76 0.80 0.75 0.70 0.75 0.84 0.84 0.60 0.38 0.33 0.35 0.45 0.60 0.75 1.03 1.12 0.77 0.43 0.33 0.31 0.36 0.49 0.86 1.22 1.09 0.75 0.61 0.50 0.38 0.26 0.16 0.20 0.39 0.62 0.93 1.28 1.39 1.29 1.11 0.93 0.82 0.70 0.52 0.37 0.41 0.66 0.94 1.01 0.92 0.88 0.86 0.83 0.80 0.77 0.74 0.77 0.83 0.86 0.88 0.87 0.84 0.89 0.95 0.99 1.03 1.05 1.08 1.13 1.21 1.31 1.40 1.51 1.54 1.52 1.38 1.07 0.87 0.75 0.49 0.20 0.14 0.19
0.73 0.70 0.69 0.75 0.79 0.73 0.69 0.78 0.96 0.99 0.72 0.51 0.45 0.47 0.52 0.64 0.92 1.13 1.09 0.76 0.43 0.32 0.34 0.42 0.65 1.12 1.25 0.92 0.62 0.48 0.37 0.28 0.15 0.11 0.24 0.44 0.65 0.91 1.18 1.34 1.29 1.13 1.02 0.95 0.81 0.62 0.49 0.53 0.76 0.90 0.86 0.82 0.82 0.81 0.80 0.79 0.78 0.80 0.86 0.91 0.95 0.97 0.93 0.92 0.95 0.96 0.98 0.99 0.99 1.05 1.15 1.25 1.34 1.49 1.62 1.60 1.45 1.14 0.94 0.91 0.80 0.49 0.22 0.15
0.77 0.75 0.72 0.74 0.80 0.76 0.68 0.66 0.78 1.02 1.06 0.88 0.80 0.72 0.64 0.66 0.81 1.01 1.15 1.11 0.83 0.46 0.34 0.37 0.49 0.86 1.25 1.27 0.92 0.62 0.47 0.37 0.23 0.09 0.10 0.25 0.46 0.65 0.86 1.10 1.22 1.16 1.07 1.03 0.96 0.85 0.71 0.62 0.71 0.84 0.85 0.81 0.79 0.78 0.78 0.78 0.79 0.82 0.86 0.91 0.97 0.99 0.98 0.97 0.99 1.00 1.00 0.99 0.92 0.90 1.03 1.18 1.27 1.38 1.59 1.74 1.66 1.25 0.85 0.80 0.85 0.72 0.43 0.21
0.79 0.81 0.79 0.78 0.80 0.81 0.75 0.67 0.63 0.74 0.94 0.99 0.94 0.90 0.82 0.69 0.66 0.78 0.90 1.04 1.01 0.69 0.41 0.32 0.34 0.54 0.96 1.32 1.27 0.91 0.65 0.54 0.41 0.22 0.08 0.11 0.27 0.47 0.69 0.92 1.05 1.08 1.04 0.99 0.98 0.94 0.84 0.73 0.74 0.83 0.86 0.84 0.79 0.77 0.75 0.75 0.77 0.81 0.84 0.87 0.92 0.96 0.98 1.00 1.02 1.04 1.05 1.05 0.96 0.79 0.78 0.96 1.15 1.29 1.50 1.79 1.92 1.68 1.07 0.79 0.75 0.71 0.61 0.40
0.72 0.81 0.84 0.77 0.77 0.78 0.76 0.71 0.63 0.57 0.62 0.70 0.74 0.82 0.90 0.71 0.54 0.60 0.70 0.83 0.91 0.75 0.52 0.36 0.27 0.34 0.63 1.05 1.29 1.17 0.88 0.70 0.60 0.44 0.22 0.10 0.13 0.31 0.60 0.82 0.85 0.94 1.00 0.93 0.92 0.92 0.85 0.74 0.73 0.79 0.82 0.81 0.79 0.77 0.75 0.74 0.76 0.81 0.85 0.89 0.94 0.97 1.00 1.02 1.05 1.07 1.08 1.09 1.08 0.87 0.61 0.58 0.80 1.05 1.34 1.70 2.00 2.05 1.72 1.16 0.81 0.70 0.67 0.60
0.61 0.69 0.81 0.78 0.72 0.67 0.65 0.66 0.65 0.61 0.56 0.56 0.57 0.73 0.94 0.80 0.60 0.55 0.58 0.70 0.77 0.67 0.54 0.44 0.29 0.24 0.41 0.77 1.10 1.21 1.04 0.81 0.67 0.56 0.40 0.19 0.09 0.19 0.54 0.79 0.74 0.78 0.90 0.88 0.85 0.85 0.82 0.73 0.70 0.74 0.76 0.77 0.76 0.75 0.74 0.73 0.75 0.80 0.85 0.89 0.95 0.99 1.01 1.02 1.04 1.08 1.08 1.08 1.11 1.03 0.70 0.40 0.34 0.45 0.72 1.21 1.74 2.09 2.18 1.93 1.32 0.91 0.78 0.73
0.56 0.57 0.67 0.78 0.76 0.64 0.53 0.51 0.56 0.63 0.66 0.64 0.59 0.75 0.94 0.92 0.84 0.73 0.62 0.66 0.71 0.60 0.49 0.42 0.30 0.20 0.26 0.55 0.86 1.06 1.14 1.02 0.78 0.63 0.52 0.33 0.13 0.13 0.44 0.75 0.74 0.68 0.77 0.80 0.80 0.83 0.82 0.74 0.71 0.73 0.75 0.76 0.75 0.75 0.73 0.72 0.74 0.80 0.83 0.87 0.92 0.97 1.02 1.04 1.05 1.07 1.08 1.08 1.11 1.14 0.98 0.58 0.28 0.16 0.21 0.50 1.10 1.66 2.04 2.22 1.97 1.30 1.00 0.87
0.64 0.58 0.54 0.67 0.82 0.80 0.63 0.49 0.45 0.51 0.62 0.67 0.68 0.76 0.84 0.87 0.94 0.95 0.89 0.83 0.77 0.62 0.49 0.40 0.30 0.21 0.20 0.37 0.62 0.79 0.99 1.14 1.05 0.80 0.63 0.43 0.23 0.16 0.35 0.67 0.73 0.67 0.69 0.71 0.74 0.79 0.80 0.76 0.73 0.73 0.73 0.75 0.76 0.77 0.76 0.75 0.76 0.79 0.83 0.86 0.89 0.94 1.00 1.06 1.11 1.13 1.14 1.17 1.19 1.22 1.19 0.94 0.54 0.27 0.15 0.20 0.51 1.05 1.48 1.92 2.11 1.84 1.56 1.35
0.74 0.67 0.56 0.55 0.70 0.88 0.89 0.72 0.56 0.50 0.50 0.59 0.73 0.73 0.67 0.70 0.82 0.89 0.93 1.04 1.03 0.81 0.58 0.44 0.34 0.26 0.21 0.26 0.41 0.52 0.65 0.96 1.14 1.05 0.85 0.60 0.40 0.28 0.32 0.54 0.66 0.68 0.68 0.65 0.67 0.72 0.75 0.74 0.73 0.73 0.72 0.71 0.72 0.77 0.80 0.79 0.78 0.80 0.83 0.85 0.88 0.93 0.97 1.05 1.19 1.32 1.35 1.36 1.36 1.37 1.38 1.27 0.91 0.48 0.27 0.21 0.29 0.63 1.00 1.42 1.80 1.85 1.73 1.64
0.76 0.76 0.65 0.48 0.45 0.60 0.85 0.94 0.87 0.76 0.59 0.60 0.74 0.64 0.54 0.59 0.66 0.70 0.70 0.86 1.11 1.14 0.94 0.67 0.48 0.35 0.26 0.22 0.28 0.34 0.43 0.67 0.96 1.11 1.05 0.82 0.58 0.47 0.42 0.48 0.60 0.67 0.68 0.65 0.64 0.67 0.71 0.72 0.73 0.73 0.71 0.68 0.63 0.64 0.73 0.78 0.81 0.82 0.86 0.89 0.91 0.95 0.99 1.05 1.23 1.47 1.65 1.73 1.75 1.77 1.76 1.71 1.44 0.90 0.57 0.42 0.38 0.53 0.74 0.95 1.27 1.46 1.40 1.30
0.69 0.79 0.76 0.50 0.36 0.35 0.48 0.72 0.91 0.95 0.88 0.82 0.75 0.52 0.45 0.50 0.56 0.60 0.57 0.57 0.80 1.08 1.17 1.10 0.90 0.65 0.43 0.28 0.25 0.27 0.31 0.43 0.65 0.92 1.08 0.96 0.72 0.62 0.58 0.54 0.61 0.69 0.70 0.68 0.67 0.67 0.68 0.71 0.73 0.73 0.72 0.70 0.62 0.49 0.51 0.64 0.74 0.80 0.86 0.92 0.96 0.99 1.01 1.04 1.13 1.32 1.55 1.76 1.92 2.03 2.07 2.05 1.95 1.61 1.03 0.79 0.72 0.84 0.93 0.91 1.01 1.25 1.23 1.03
0.64 0.77 0.87 0.70 0.46 0.34 0.30 0.34 0.53 0.75 0.99 1.06 0.75 0.48 0.43 0.45 0.50 0.57 0.54 0.44 0.49 0.67 0.91 1.09 1.09 0.99 0.86 0.63 0.39 0.30 0.29 0.32 0.41 0.65 0.96 0.98 0.80 0.68 0.63 0.61 0.64 0.70 0.72 0.71 0.71 0.69 0.68 0.70 0.72 0.73 0.73 0.74 0.71 0.56 0.43 0.47 0.61 0.72 0.78 0.85 0.92 0.97 0.98 0.97 0.97 0.97 1.01 1.15 1.39 1.71 1.96 2.04 2.04 1.92 1.52 1.17 1.12 1.20 1.33 1.27 1.09 1.22 1.27 1.04
0.69 0.72 0.84 0.90 0.72 0.50 0.35 0.26 0.27 0.36 0.75 1.18 0.91 0.53 0.47 0.46 0.49 0.56 0.52 0.41 0.40 0.47 0.58 0.76 0.87 0.91 0.94 0.93 0.77 0.55 0.41 0.35 0.31 0.44 0.79 0.88 0.76 0.66 0.62 0.63 0.65 0.69 0.71 0.72 0.72 0.71 0.70 0.70 0.72 0.74 0.75 0.76 0.76 0.68 0.50 0.40 0.48 0.62 0.70 0.75 0.83 0.93 0.96 0.91 0.85 0.80 0.75 0.74 0.81 1.04 1.44 1.78 1.94 1.96 1.74 1.45 1.31 1.32 1.50 1.53 1.30 1.28 1.30 1.11
0.79 0.66 0.62 0.83 0.95 0.84 0.62 0.44 0.31 0.27 0.51 1.09 1.08 0.75 0.67 0.62 0.61 0.62 0.53 0.44 0.41 0.43 0.48 0.54 0.59 0.62 0.66 0.80 0.86 0.81 0.71 0.53 0.35 0.38 0.65 0.76 0.70 0.61 0.59 0.62 0.65 0.68 0.71 0.71 0.72 0.71 0.70 0.71 0.74 0.76 0.78 0.78 0.76 0.70 0.56 0.41 0.41 0.53 0.67 0.75 0.81 0.91 0.99 0.97 0.89 0.84 0.78 0.69 0.63 0.67 0.83 1.25 1.77 1.95 1.77 1.50 1.28 1.22 1.47 1.69 1.53 1.41 1.37 1.25
0.93 0.69 0.46 0.57 0.85 1.04 1.05 0.86 0.61 0.38 0.50 0.89 0.98 0.92 0.94 0.92 0.90 0.90 0.81 0.67 0.56 0.50 0.49 0.48 0.48 0.50 0.48 0.51 0.61 0.70 0.79 0.78 0.59 0.46 0.57 0.69 0.66 0.60 0.57 0.59 0.64 0.68 0.71 0.73 0.73 0.72 0.72 0.72 0.74 0.76 0.79 0.80 0.78 0.71 0.60 0.49 0.43 0.49 0.64 0.76 0.80 0.84 0.93 1.02 1.05 1.04 1.01 0.90 0.80 0.76 0.71 0.84 1.36 1.79 1.76 1.53 1.29 1.04 1.16 1.62 1.75 1.63 1.55 1.44
1.10 0.78 0.40 0.35 0.47 0.77 1.03 1.16 1.03 0.69 0.65 0.80 0.82 0.80 0.85 0.92 0.98 1.02 1.04 1.05 1.02 0.91 0.77 0.64 0.53 0.49 0.45 0.42 0.43 0.42 0.55 0.79 0.74 0.56 0.57 0.66 0.65 0.61 0.58 0.59 0.63 0.67 0.71 0.75 0.77 0.76 0.75 0.75 0.77 0.77 0.80 0.84 0.82 0.71 0.58 0.46 0.39 0.43 0.52 0.63 0.71 0.75 0.80 0.91 1.03 1.15 1.23 1.26 1.26 1.23 1.16 1.12 1.32 1.68 1.76 1.66 1.56 1.31 1.19 1.52 1.87 1.94 1.87 1.59
1.21 0.87 0.44 0.29 0.24 0.31 0.54 0.93 1.16 1.01 0.82 0.78 0.74 0.64 0.57 0.66 0.83 0.88 0.86 0.95 1.09 1.14 1.14 1.10 0.93 0.67 0.52 0.47 0.43 0.36 0.39 0.63 0.73 0.62 0.60 0.66 0.67 0.64 0.61 0.61 0.64 0.68 0.70 0.74 0.78 0.79 0.78 0.79 0.81 0.81 0.84 0.89 0.89 0.76 0.58 0.41 0.29 0.30 0.39 0.52 0.62 0.68 0.73 0.78 0.84 0.95 1.10 1.24 1.35 1.45 1.54 1.60 1.72 1.92 1.96 1.84 1.79 1.78 1.76 1.80 1.98 2.31 2.35 1.95
1.18 1.06 0.73 0.47 0.30 0.21 0.29 0.54 0.95 1.06 0.94 0.82 0.74 0.62 0.50 0.48 0.63 0.77 0.74 0.69 0.79 0.93 1.04 1.18 1.26 1.14 0.83 0.62 0.56 0.50 0.42 0.53 0.67 0.64 0.61 0.65 0.68 0.67 0.65 0.64 0.65 0.69 0.71 0.72 0.76 0.78 0.78 0.81 0.84 0.84 0.89 0.96 0.96 0.86 0.67 0.45 0.26 0.19 0.25 0.36 0.52 0.63 0.68 0.70 0.72 0.78 0.87 0.96 1.03 1.09 1.19 1.35 1.58 1.90 2.07 1.94 1.75 1.73 1.72 1.76 1.93 2.24 2.60 2.45
0.94 1.09 1.21 0.98 0.67 0.42 0.31 0.38 0.76 0.97 0.90 0.89 0.83 0.66 0.52 0.42 0.44 0.60 0.72 0.69 0.63 0.66 0.72 0.85 1.12 1.31 1.17 0.77 0.61 0.58 0.49 0.50 0.60 0.63 0.61 0.62 0.65 0.67 0.68 0.68 0.68 0.71 0.73 0.73 0.77 0.79 0.77 0.78 0.83 0.87 0.92 1.02 1.05 0.97 0.79 0.53 0.32 0.17 0.18 0.24 0.34 0.51 0.62 0.67 0.70 0.73 0.77 0.81 0.84 0.82 0.76 0.79 0.97 1.33 1.71 1.82 1.65 1.40 1.23 1.43 1.65 1.81 2.33 2.68
0.61 0.76 1.10 1.20 1.11 0.78 0.41 0.37 0.74 0.84 0.76 0.86 0.95 0.84 0.63 0.46 0.36 0.39 0.54 0.64 0.62 0.57 0.54 0.61 0.82 1.16 1.31 0.98 0.61 0.56 0.55 0.53 0.57 0.61 0.62 0.61 0.62 0.65 0.67 0.69 0.71 0.73 0.74 0.74 0.78 0.84 0.83 0.77 0.79 0.86 0.93 1.03 1.13 1.10 0.92 0.63 0.40 0.24 0.17 0.23 0.27 0.35 0.53 0.63 0.66 0.68 0.71 0.76 0.83 0.87 0.81 0.72 0.72 0.89 1.18 1.52 1.59 1.30 1.09 1.21 1.36 1.45 1.81 2.58
