windninja/windninja_output/Output_2025-08-24_2300-2350_Google earth_Fire_150m_10min/merlingen_7.5mi_point_08-24-2025_2310_150m_ang.asc
ncols	158
nrows	163
xllcorner	391686.332397
yllcorner	5160024.123721
cellsize	150.000000
NODATA_value	-32768.000000
[rows 42 to 83 of 163, columns 0 to 93 of 158]
176 177 177 178 178 177 177 177 178 178 177 177 177 177 177 177 177 177 177 176 176 176 176 175 174 173 172 170 168 166 166 169 170 173 177 181 183 182 180 180 181 183 185 183 179 178 181 185 185 183 181 180 178 177 180 185 190 193 198 204 205 199 196 198 198 192 187 186 186 188 193 192 187 181 176 176 181 182 184 190 194 193 192 191 187 187 192 195 192 187 186 190 199 201
176 176 177 178 177 177 177 177 178 178 177 177 177 177 177 177 177 177 177 177 176 176 176 175 175 174 173 171 168 167 168 170 171 172 173 174 175 174 175 176 179 184 183 179 179 182 187 190 188 183 180 180 182 183 185 190 195 200 203 205 201 194 190 191 192 188 183 182 187 191 191 190 187 182 179 180 185 187 189 190 191 190 188 184 184 191 200 201 198 193 190 190 194 197
176 176 176 176 176 177 177 177 177 178 178 177 177 178 178 178 178 177 177 177 177 177 176 176 175 175 173 172 171 170 170 171 171 171 170 168 167 168 171 176 181 182 180 178 182 190 193 190 185 179 178 182 186 188 192 196 199 202 202 199 195 191 186 183 181 181 181 182 186 190 190 190 190 187 186 189 192 193 193 192 189 185 181 182 189 200 203 203 203 199 194 191 191 196
176 176 176 175 176 177 177 177 177 178 178 177 178 178 178 178 177 177 177 177 177 177 177 176 176 175 174 173 173 172 171 171 170 170 169 165 163 165 169 174 178 178 178 181 187 192 191 185 178 176 180 188 193 196 199 203 204 201 196 192 190 187 183 178 174 175 180 183 186 189 191 193 195 195 196 198 196 195 194 191 184 179 180 189 200 204 203 203 204 204 199 192 190 196
177 176 175 175 176 177 176 177 177 178 178 178 178 178 178 178 177 177 178 178 177 177 177 177 176 175 175 175 174 173 171 171 170 169 168 166 165 165 167 170 172 175 179 185 190 190 185 179 175 178 186 193 200 204 205 205 204 197 188 184 183 182 178 174 174 176 180 186 188 189 191 194 198 201 203 203 199 195 191 187 183 182 189 200 204 203 201 200 202 204 201 193 192 199
177 176 175 176 178 177 175 176 177 177 177 178 178 178 178 178 178 178 178 178 178 178 177 177 176 176 176 175 174 173 172 171 170 169 167 167 166 165 165 166 169 172 178 186 190 185 178 175 178 184 191 199 204 205 203 201 197 190 182 177 176 177 175 174 176 179 184 189 190 190 191 195 200 204 206 206 202 195 190 189 190 193 198 202 201 200 199 199 200 201 199 196 197 202
176 176 176 177 179 177 175 175 175 176 177 177 178 178 178 178 178 178 178 178 178 178 177 177 177 176 176 176 175 174 173 173 172 170 168 167 166 165 164 164 166 169 176 183 184 180 176 176 182 188 197 205 207 205 201 196 190 183 177 175 174 176 177 178 178 181 186 189 191 191 193 196 200 204 207 207 204 198 194 195 197 198 197 197 196 196 196 197 196 194 197 201 203 205
176 176 177 179 179 177 176 174 174 175 177 177 178 178 178 178 178 178 178 178 178 178 177 178 177 177 176 176 176 175 174 174 173 172 170 168 166 165 165 165 165 168 173 177 178 176 176 180 186 194 201 205 203 200 195 190 184 176 174 176 177 179 183 183 181 181 185 188 191 193 195 197 200 204 207 205 201 197 196 196 197 196 194 193 193 193 193 192 190 191 197 205 209 210
177 177 178 180 179 177 177 175 174 174 176 177 177 178 178 179 178 178 179 179 178 178 178 178 178 177 177 177 176 176 175 175 174 172 171 168 166 166 166 166 167 168 169 171 173 174 177 185 194 202 204 202 196 191 188 184 177 174 175 179 182 186 189 186 181 182 185 188 191 194 196 199 202 205 204 201 197 196 196 197 196 195 195 193 192 190 189 187 189 193 199 208 213 215
179 178 178 179 177 177 178 178 175 174 175 177 177 178 178 178 179 179 179 179 178 178 178 178 178 178 178 177 177 176 176 175 174 173 172 169 167 166 166 167 168 167 167 168 170 173 180 191 202 205 200 194 189 186 183 177 174 176 182 186 190 193 191 185 181 183 185 188 192 194 197 200 202 202 201 198 195 195 195 196 197 198 198 195 191 189 187 188 192 197 202 209 216 219
183 180 177 176 175 176 179 180 178 175 175 176 177 178 178 178 179 179 179 179 178 178 178 178 178 178 178 178 177 177 176 176 175 174 173 171 169 167 166 167 168 167 165 165 168 174 182 193 199 195 188 185 186 184 178 173 174 181 189 194 195 193 189 185 182 182 185 189 193 195 197 198 199 199 199 197 196 194 193 195 198 201 201 197 193 190 189 191 195 201 205 210 215 216
186 181 175 174 174 175 178 180 180 178 176 176 177 178 178 178 179 179 179 179 179 179 178 178 178 178 178 178 177 177 177 176 175 175 174 173 171 169 167 166 167 166 165 165 168 175 183 187 187 185 183 183 184 183 178 173 177 186 194 197 196 191 187 184 182 182 185 190 193 194 194 195 197 199 199 198 197 195 194 194 197 200 201 200 198 195 192 193 197 203 207 209 208 207
185 182 175 172 174 176 178 181 183 181 177 176 176 177 177 178 179 179 179 179 179 179 178 178 179 178 178 178 178 177 177 177 176 175 175 174 173 171 169 167 165 164 165 166 167 173 179 180 178 179 182 184 183 181 179 177 181 189 194 195 194 190 186 183 181 182 185 188 191 192 193 196 199 200 199 198 197 196 195 193 193 195 197 198 200 199 197 196 200 204 206 205 201 197
181 181 178 173 172 175 177 180 184 184 180 177 176 175 177 178 178 179 179 179 179 179 179 179 179 179 178 178 178 178 177 177 177 176 175 175 174 173 171 168 165 163 165 167 167 168 171 172 172 176 181 183 182 181 180 180 185 191 192 192 189 186 184 184 182 183 185 187 190 194 197 201 202 199 198 197 197 195 193 191 189 190 194 196 198 200 201 201 203 205 205 201 194 187
179 180 181 179 176 175 175 176 181 184 183 179 176 175 176 177 178 178 178 179 179 179 179 179 179 179 179 178 178 178 178 177 177 177 176 175 175 174 172 170 168 167 167 168 167 165 164 165 168 173 178 181 181 181 180 182 188 191 190 187 184 183 185 187 186 185 186 188 192 199 203 203 199 196 196 196 194 193 191 190 188 189 192 195 196 199 202 204 205 207 207 199 184 175
180 179 181 182 180 179 177 175 176 180 182 182 180 177 175 176 177 177 178 178 179 179 179 179 179 179 179 179 179 178 178 178 177 177 177 176 175 175 174 173 171 170 169 168 167 164 161 160 163 168 174 179 180 180 181 183 187 188 186 182 181 182 186 191 190 187 187 190 196 201 201 197 195 194 194 193 191 190 189 189 189 191 193 195 198 202 206 207 206 204 199 184 171 168
180 180 180 181 182 182 180 177 174 175 180 183 185 183 177 174 175 176 178 178 178 179 179 179 179 179 179 179 179 179 178 178 178 178 177 177 176 175 175 174 173 172 171 169 167 164 161 158 157 161 168 175 178 178 180 183 185 184 181 179 180 183 188 193 194 191 188 190 195 197 195 193 194 193 191 190 188 187 187 188 190 193 196 199 203 207 209 208 204 195 183 172 167 167
181 181 181 181 182 182 182 180 175 174 177 182 185 186 182 176 174 175 176 177 178 179 179 179 179 179 179 179 179 179 179 178 178 178 178 177 177 176 176 175 174 174 173 171 169 167 165 161 157 157 161 169 174 176 180 184 184 181 177 177 179 184 190 195 196 193 190 190 193 194 192 191 191 190 189 187 186 185 187 190 192 196 199 201 204 207 207 203 194 180 170 167 168 170
181 182 182 183 183 182 182 180 178 176 176 178 181 184 185 182 177 174 174 176 177 178 178 179 179 179 179 179 179 179 179 179 178 178 178 178 177 177 176 176 175 175 174 173 171 170 168 165 161 157 157 161 167 172 178 184 183 178 175 176 179 184 191 196 197 195 192 191 194 194 191 189 188 187 186 185 185 187 190 193 195 198 201 202 203 204 202 195 182 170 166 168 171 180
183 183 184 183 183 183 182 180 179 178 176 175 176 180 185 186 183 178 174 174 175 176 178 179 180 179 179 179 179 179 179 179 179 178 178 178 178 177 177 176 176 175 175 174 173 171 170 168 165 161 157 157 159 167 176 182 181 176 174 176 179 184 190 194 196 196 195 194 193 191 189 187 186 185 184 184 186 190 193 195 197 200 203 205 205 201 194 184 174 166 167 173 182 196
186 186 185 184 183 183 182 180 180 179 177 174 173 176 182 186 187 184 179 176 174 175 177 179 179 180 179 179 179 179 179 179 179 179 179 178 178 178 177 177 176 176 175 175 174 173 171 170 168 164 160 158 157 162 173 180 178 175 175 177 179 183 186 190 194 197 197 195 191 188 186 185 184 183 183 185 188 192 194 196 199 202 205 207 204 197 185 173 168 167 171 183 198 208
193 190 186 184 182 180 180 181 181 180 178 175 173 174 177 182 186 187 184 180 176 175 176 177 179 179 179 179 179 179 179 179 179 179 179 179 178 178 178 177 177 177 176 175 175 174 173 171 169 167 163 160 158 161 169 177 178 175 175 176 177 180 184 191 198 200 198 192 187 185 185 184 183 181 182 186 190 192 193 197 200 203 205 204 199 190 177 167 164 170 183 198 208 216
201 195 187 183 180 178 179 181 181 181 180 177 174 174 174 177 181 186 187 185 181 178 176 176 177 179 179 179 179 179 179 179 179 179 179 179 179 178 178 178 177 177 177 176 175 175 174 173 171 169 165 161 158 159 164 171 177 177 174 173 174 181 193 204 206 201 191 184 183 183 184 183 182 181 183 186 188 189 192 196 200 202 201 199 193 181 172 167 168 179 195 206 215 223
205 198 188 183 181 179 179 180 181 181 180 177 174 173 174 174 176 182 186 187 186 183 179 177 176 177 178 179 179 179 179 179 179 179 179 179 179 179 178 178 178 178 177 177 176 175 175 174 172 170 168 164 160 158 159 163 171 176 175 173 175 189 203 202 195 189 182 179 180 181 182 182 182 182 183 183 184 187 191 197 201 201 198 194 187 176 170 171 179 192 203 213 222 230
200 196 190 186 182 179 179 181 182 181 178 177 176 173 172 174 175 177 182 186 187 186 184 181 177 176 177 179 179 179 179 179 179 179 179 179 179 179 179 179 178 178 178 177 177 176 175 175 173 172 170 167 163 160 158 156 160 169 175 177 181 188 191 189 186 184 181 179 179 179 180 181 182 182 181 180 182 186 192 197 198 196 190 184 180 177 175 179 193 203 211 220 228 235
186 188 190 189 185 179 178 182 184 182 178 178 178 176 172 173 175 175 177 181 185 187 187 185 182 179 178 178 178 178 179 179 179 179 179 179 179 179 179 179 179 178 178 178 177 177 176 176 175 174 172 170 167 164 160 155 152 157 170 178 181 180 179 180 182 183 183 182 180 179 179 179 180 179 179 180 182 186 190 191 189 186 180 176 177 180 183 193 204 211 217 225 233 239
166 176 185 187 186 182 180 184 187 184 180 178 178 178 177 175 175 175 174 177 181 184 186 187 186 185 184 181 177 177 177 177 178 178 179 179 179 179 179 179 179 179 178 178 178 177 177 176 176 175 174 172 171 168 165 161 157 155 162 172 173 171 170 172 177 182 184 183 181 179 179 179 178 177 178 180 181 183 184 183 181 178 175 176 182 187 194 202 210 217 224 231 238 239
152 159 174 181 184 185 185 186 187 185 182 181 181 181 181 179 178 177 176 176 178 180 183 185 187 190 191 186 179 176 175 175 176 177 178 179 179 179 179 179 179 179 179 179 178 178 178 177 176 176 175 174 173 172 170 168 166 164 164 167 167 163 161 163 169 176 180 181 180 180 180 179 176 176 178 180 181 181 179 178 177 176 180 188 190 192 198 207 216 222 228 233 235 235
155 156 159 167 178 187 189 185 184 184 184 185 186 186 185 184 184 183 181 179 178 179 180 182 186 191 193 189 183 179 176 174 174 176 177 178 179 179 179 179 179 179 179 179 179 178 178 178 177 177 176 175 175 174 173 172 171 170 169 169 167 163 157 155 158 163 169 172 175 178 180 178 176 177 180 182 181 178 176 175 177 183 192 195 190 192 202 213 221 227 229 230 229 227
169 167 165 164 172 183 184 179 178 182 187 190 191 191 190 188 187 187 186 183 181 180 180 181 182 185 188 190 188 184 181 177 174 174 175 177 178 179 179 179 179 179 179 179 179 179 179 178 178 178 177 177 176 176 175 174 174 174 173 172 170 168 164 160 158 156 155 158 164 169 172 174 176 178 182 183 181 177 175 177 183 192 196 192 189 195 207 217 225 230 229 227 223 217
181 179 176 175 177 179 178 174 171 179 191 194 193 192 190 188 187 186 187 186 185 183 181 181 180 179 182 188 190 188 185 183 179 175 174 175 176 178 179 179 179 180 180 180 179 179 179 179 179 178 178 178 177 177 176 176 176 175 175 174 173 172 170 168 166 163 158 155 155 155 157 164 173 178 181 181 179 177 178 183 190 193 190 186 190 201 211 222 230 230 226 224 222 217
193 189 184 183 182 180 179 175 174 180 187 188 187 186 186 185 183 183 184 185 185 184 183 181 180 178 180 185 190 190 188 187 184 180 175 174 176 177 178 179 179 180 180 180 180 180 180 179 179 179 179 178 178 178 177 177 177 177 176 176 175 174 174 172 171 169 166 163 159 153 148 150 161 171 176 177 176 177 181 187 191 189 182 183 194 208 218 226 229 225 219 217 219 214
206 201 194 190 185 182 179 177 178 179 181 183 184 183 182 181 181 181 181 181 182 182 183 183 181 179 179 183 188 190 190 188 186 183 180 177 177 177 177 178 179 180 180 180 180 180 180 180 180 179 179 179 179 178 178 178 178 178 177 177 177 176 175 175 174 172 171 169 166 163 159 156 157 162 167 170 173 177 183 187 186 180 177 185 203 217 225 226 225 221 214 208 202 186
218 215 209 200 190 183 177 174 176 177 177 179 180 180 180 180 179 179 179 179 179 180 182 183 181 179 179 181 185 188 189 188 187 186 184 181 179 178 177 177 179 179 180 180 180 180 180 180 180 180 180 179 179 179 179 179 178 178 178 178 178 177 177 176 175 174 173 172 171 169 167 165 162 159 160 163 168 175 182 183 176 173 179 198 214 223 225 223 222 221 215 200 184 171
229 228 226 219 202 180 168 166 167 171 172 174 176 176 177 177 177 178 178 179 179 179 181 181 181 181 180 179 181 185 188 189 190 190 188 183 180 178 177 177 178 179 180 181 181 181 181 180 180 180 180 180 180 179 179 179 179 179 179 179 178 178 178 177 176 176 175 174 173 172 171 169 166 162 158 158 162 169 177 175 169 173 192 217 230 232 229 228 227 224 211 188 170 163
240 239 239 241 227 174 147 145 151 159 165 170 173 174 174 175 175 176 177 178 178 179 179 180 182 183 180 177 177 181 188 191 192 191 189 184 181 179 177 177 178 179 180 181 181 181 181 181 180 180 180 180 180 180 180 180 179 179 179 179 179 179 178 178 177 177 176 176 175 174 173 172 170 166 161 158 158 162 168 169 169 183 214 232 237 237 235 231 223 207 188 174 165 164
249 248 245 250 264 126 112 125 138 149 160 167 170 172 173 173 174 174 175 176 178 178 178 179 182 184 182 178 177 178 184 189 190 189 188 186 183 182 180 177 177 179 180 181 181 181 181 181 181 180 180 180 180 180 180 180 180 180 180 180 179 179 179 179 178 178 177 177 176 175 174 174 172 169 166 162 159 158 160 165 175 199 220 226 221 219 217 210 194 184 176 169 165 168
250 248 242 232 230 160 128 131 138 149 159 166 169 170 172 173 173 173 174 175 177 177 177 178 180 182 182 181 179 178 180 184 187 188 188 187 186 185 184 180 178 179 180 181 182 182 182 181 180 180 179 179 179 179 180 180 180 180 180 180 180 180 180 179 179 178 178 177 177 176 176 175 173 171 169 165 162 158 157 163 181 202 208 207 206 206 203 191 179 173 170 169 168 170
243 238 222 208 189 173 160 153 152 156 162 166 169 170 172 172 172 173 173 174 175 176 177 177 178 178 179 181 181 179 178 180 183 187 189 188 188 188 187 185 182 180 181 181 182 182 182 182 180 178 177 178 178 179 180 180 180 180 180 180 180 180 180 180 179 179 179 178 178 177 176 175 174 173 171 169 165 161 159 164 180 193 196 197 200 200 191 178 172 170 170 171 171 172
242 238 216 189 177 179 181 174 170 169 170 170 171 172 172 172 173 173 173 173 173 175 175 176 176 176 177 179 181 180 177 177 179 183 188 191 190 188 188 188 187 184 184 185 185 184 184 183 180 175 172 174 176 178 179 180 180 181 181 181 181 180 180 180 180 180 179 179 178 178 177 176 175 174 172 171 168 165 163 165 174 184 191 196 198 193 178 170 168 170 172 173 174 175
250 242 197 173 174 190 195 190 184 182 180 176 174 174 174 174 174 173 172 171 171 172 173 174 175 175 175 176 179 179 178 176 177 180 186 190 191 190 189 189 189 188 187 187 186 185 184 182 180 176 172 171 173 176 178 180 180 181 181 181 181 181 181 180 180 180 180 179 179 178 177 177 176 175 174 172 170 168 166 165 169 178 189 196 194 179 170 166 166 170 173 176 178 178
217 201 181 180 187 198 201 199 197 195 189 182 178 177 177 176 175 173 171 169 168 169 171 172 173 173 174 175 177 179 179 179 180 181 184 188 191 191 189 189 189 188 186 185 184 183 182 181 180 181 180 177 174 175 178 180 181 181 181 181 181 181 181 181 181 180 180 180 179 179 178 177 177 176 175 173 171 169 167 165 167 174 185 190 183 170 165 164 165 168 172 176 179 181
