windninja/windninja_output/Output_2025-08-24_2300-2350_Google earth_Fire_150m_10min/merlingen_7.5mi_point_08-24-2025_2310_150m_vel.asc
ncols	158
nrows	163
xllcorner	391686.332397
yllcorner	5160024.123721
cellsize	150.000000
NODATA_value	-32768.000000
[rows 76 to 113 of 163, columns 0 to 83 of 158]
1.28 1.05 0.66 0.40 0.26 0.24 0.29 0.34 0.40 0.46 0.53 0.58 0.62 0.66 0.70 0.74 0.78 0.81 0.84 0.86 0.88 0.89 0.90 0.92 0.93 0.92 0.90 0.93 1.00 1.09 1.15 1.15 1.11 1.06 1.00 0.97 0.96 0.97 0.98 0.98 0.99 1.00 1.01 1.01 1.01 1.01 1.01 1.01 1.02 1.02 1.02 1.02 1.03 1.03 1.03 1.03 1.03 1.03 1.03 1.02 1.02 1.02 1.01 1.01 1.00 0.99 0.98 0.97 0.96 0.95 0.93 0.91 0.88 0.87 0.88 0.89 0.94 1.02 1.17 1.37 1.44 1.28 1.07 1.06
1.54 1.23 0.77 0.45 0.20 0.13 0.18 0.26 0.36 0.46 0.54 0.60 0.64 0.67 0.71 0.74 0.77 0.80 0.83 0.85 0.87 0.89 0.91 0.93 0.94 0.91 0.88 0.88 0.90 0.95 1.03 1.06 1.05 1.06 1.06 1.03 1.00 0.98 0.97 0.97 0.98 0.99 1.00 1.00 1.00 1.00 1.00 1.00 1.00 1.01 1.01 1.02 1.03 1.03 1.04 1.04 1.04 1.04 1.04 1.04 1.04 1.04 1.03 1.03 1.02 1.02 1.01 1.01 1.00 0.99 0.98 0.96 0.95 0.93 0.92 0.90 0.91 0.96 1.10 1.23 1.16 0.93 0.91 1.04
1.89 1.44 0.90 0.61 0.26 0.01 0.19 0.34 0.45 0.55 0.61 0.65 0.67 0.71 0.73 0.75 0.77 0.79 0.81 0.83 0.85 0.87 0.89 0.91 0.93 0.95 0.94 0.90 0.89 0.90 0.96 1.07 1.15 1.18 1.19 1.17 1.10 1.04 0.98 0.94 0.94 0.95 0.96 0.96 0.97 0.97 0.97 0.98 0.98 0.99 1.00 1.01 1.02 1.03 1.04 1.04 1.05 1.05 1.05 1.05 1.05 1.05 1.05 1.05 1.04 1.04 1.04 1.03 1.03 1.02 1.01 1.00 1.00 0.99 0.97 0.95 0.93 0.95 1.02 1.03 0.92 0.83 0.95 1.14
2.23 1.73 1.06 0.94 0.47 0.19 0.40 0.56 0.67 0.72 0.71 0.70 0.72 0.74 0.75 0.76 0.78 0.79 0.80 0.82 0.83 0.85 0.87 0.88 0.91 0.96 1.01 1.01 0.98 0.96 0.99 1.08 1.17 1.20 1.19 1.19 1.17 1.11 1.03 0.95 0.90 0.90 0.90 0.91 0.92 0.92 0.93 0.93 0.94 0.95 0.97 0.99 1.01 1.03 1.04 1.05 1.05 1.06 1.06 1.06 1.06 1.06 1.06 1.06 1.06 1.06 1.06 1.05 1.05 1.04 1.04 1.04 1.03 1.03 1.01 0.99 0.97 0.97 0.97 0.92 0.84 0.91 1.11 1.38
2.30 1.91 1.41 1.20 1.22 1.39 1.20 1.07 1.02 0.91 0.81 0.78 0.77 0.77 0.77 0.78 0.79 0.78 0.78 0.79 0.81 0.84 0.85 0.86 0.89 0.94 1.00 1.04 1.04 1.02 1.02 1.07 1.16 1.24 1.27 1.23 1.19 1.17 1.14 1.07 0.95 0.88 0.85 0.85 0.85 0.85 0.85 0.85 0.85 0.87 0.92 0.96 1.00 1.02 1.04 1.05 1.06 1.06 1.06 1.07 1.07 1.07 1.07 1.07 1.08 1.07 1.07 1.07 1.07 1.07 1.06 1.06 1.06 1.06 1.04 1.03 1.01 0.99 0.96 0.90 0.92 1.08 1.27 1.45
2.17 1.68 1.09 1.19 1.56 1.77 1.83 1.67 1.40 1.16 0.98 0.88 0.83 0.80 0.78 0.77 0.75 0.75 0.75 0.77 0.80 0.82 0.84 0.87 0.89 0.90 0.93 0.97 1.02 1.04 1.06 1.08 1.14 1.22 1.29 1.31 1.26 1.22 1.21 1.19 1.11 1.00 0.91 0.83 0.76 0.72 0.70 0.69 0.69 0.72 0.80 0.90 0.98 1.02 1.04 1.05 1.06 1.07 1.07 1.07 1.08 1.08 1.08 1.08 1.08 1.08 1.08 1.08 1.08 1.08 1.08 1.09 1.09 1.08 1.07 1.07 1.05 1.04 1.02 1.01 1.07 1.21 1.33 1.36
2.04 1.40 0.97 1.45 1.65 1.59 1.65 1.66 1.49 1.27 1.06 0.92 0.85 0.81 0.78 0.74 0.71 0.71 0.72 0.73 0.75 0.78 0.82 0.85 0.87 0.89 0.92 0.96 1.00 1.03 1.02 0.99 0.96 0.96 1.03 1.16 1.24 1.23 1.20 1.21 1.23 1.19 1.13 1.07 1.00 0.95 0.92 0.92 0.95 0.93 0.90 0.91 0.94 0.99 1.04 1.05 1.06 1.07 1.07 1.07 1.08 1.08 1.09 1.09 1.09 1.09 1.10 1.10 1.10 1.10 1.10 1.10 1.10 1.10 1.10 1.09 1.09 1.08 1.08 1.08 1.12 1.19 1.30 1.41
1.64 1.61 1.79 1.79 1.59 1.36 1.33 1.32 1.23 1.07 0.91 0.83 0.79 0.74 0.70 0.67 0.66 0.65 0.66 0.67 0.70 0.74 0.78 0.82 0.87 0.94 0.98 1.00 1.00 1.00 0.99 0.95 0.90 0.85 0.83 0.87 0.98 1.08 1.13 1.15 1.17 1.22 1.28 1.35 1.39 1.42 1.43 1.45 1.48 1.47 1.38 1.21 1.10 1.06 1.06 1.06 1.06 1.06 1.07 1.07 1.08 1.09 1.09 1.10 1.10 1.10 1.11 1.11 1.11 1.11 1.11 1.11 1.11 1.11 1.11 1.11 1.11 1.11 1.10 1.09 1.09 1.12 1.29 1.58
1.44 1.59 1.63 1.43 1.31 1.20 1.07 0.95 0.86 0.79 0.76 0.74 0.73 0.69 0.65 0.62 0.62 0.62 0.62 0.63 0.67 0.70 0.74 0.80 0.87 0.94 0.98 0.99 0.98 1.00 1.01 1.00 0.97 0.92 0.86 0.81 0.82 0.87 0.94 1.00 1.06 1.13 1.18 1.22 1.24 1.27 1.29 1.31 1.32 1.35 1.40 1.38 1.29 1.17 1.08 1.05 1.05 1.05 1.06 1.07 1.08 1.09 1.09 1.10 1.10 1.11 1.11 1.12 1.12 1.12 1.12 1.12 1.13 1.13 1.13 1.13 1.14 1.14 1.15 1.15 1.16 1.20 1.34 1.64
1.01 0.95 0.96 0.93 0.97 0.94 0.83 0.73 0.69 0.67 0.69 0.70 0.69 0.69 0.68 0.65 0.62 0.60 0.59 0.59 0.60 0.63 0.68 0.77 0.85 0.87 0.87 0.89 0.92 0.96 0.98 0.99 1.01 1.02 1.02 0.98 0.93 0.87 0.84 0.88 0.97 1.04 1.05 1.04 1.01 1.00 0.99 0.98 0.95 0.95 1.01 1.08 1.11 1.09 1.05 1.03 1.03 1.03 1.04 1.06 1.07 1.08 1.09 1.10 1.11 1.11 1.12 1.12 1.13 1.13 1.13 1.13 1.13 1.14 1.14 1.15 1.16 1.17 1.19 1.23 1.28 1.37 1.51 1.74
0.78 0.69 0.73 0.71 0.76 0.80 0.75 0.71 0.69 0.69 0.71 0.70 0.68 0.68 0.68 0.66 0.62 0.57 0.52 0.50 0.51 0.53 0.58 0.69 0.81 0.88 0.89 0.90 0.93 0.92 0.92 0.95 1.00 1.07 1.17 1.23 1.21 1.14 1.05 0.95 0.91 0.94 0.99 1.03 1.02 1.00 0.97 0.93 0.87 0.83 0.82 0.85 0.91 0.96 0.98 0.98 0.99 1.00 1.01 1.03 1.05 1.07 1.09 1.10 1.11 1.12 1.12 1.13 1.13 1.13 1.13 1.14 1.14 1.14 1.15 1.16 1.17 1.18 1.20 1.24 1.33 1.48 1.71 1.96
0.78 0.67 0.61 0.64 0.70 0.80 0.83 0.85 0.87 0.83 0.74 0.68 0.67 0.67 0.66 0.64 0.61 0.56 0.52 0.51 0.52 0.54 0.64 0.86 1.03 1.06 1.05 1.02 0.99 0.95 0.92 0.91 0.93 0.97 1.05 1.17 1.29 1.35 1.35 1.25 1.10 0.99 0.98 1.01 1.03 1.02 0.98 0.94 0.90 0.83 0.77 0.77 0.81 0.85 0.87 0.88 0.90 0.92 0.96 0.99 1.03 1.06 1.08 1.10 1.11 1.12 1.12 1.13 1.13 1.13 1.13 1.14 1.14 1.15 1.15 1.16 1.17 1.17 1.19 1.23 1.30 1.45 1.64 1.84
1.17 0.89 0.68 0.79 0.89 1.03 1.11 1.11 1.03 0.90 0.75 0.71 0.74 0.74 0.74 0.72 0.66 0.62 0.61 0.64 0.69 0.81 1.17 1.46 1.42 1.24 1.12 1.05 1.01 0.98 0.96 0.93 0.90 0.87 0.84 0.87 0.98 1.13 1.27 1.33 1.29 1.19 1.08 1.04 1.06 1.08 1.07 1.01 0.97 0.94 0.88 0.83 0.81 0.84 0.87 0.87 0.86 0.85 0.87 0.92 0.99 1.05 1.08 1.10 1.11 1.11 1.12 1.12 1.13 1.13 1.13 1.14 1.14 1.14 1.15 1.15 1.15 1.16 1.17 1.20 1.25 1.32 1.39 1.48
1.44 1.24 1.08 1.06 1.05 1.09 1.15 1.17 1.10 1.00 0.91 0.87 0.86 0.82 0.77 0.74 0.72 0.70 0.73 0.84 1.03 1.45 1.81 1.75 1.45 1.22 1.10 1.03 0.99 0.98 0.97 0.95 0.93 0.90 0.85 0.80 0.79 0.84 0.95 1.06 1.13 1.15 1.11 1.05 1.04 1.06 1.10 1.08 1.04 1.02 1.02 1.01 1.00 1.02 1.04 1.04 0.98 0.87 0.80 0.86 0.97 1.04 1.08 1.09 1.10 1.11 1.11 1.12 1.12 1.13 1.13 1.13 1.14 1.14 1.14 1.14 1.15 1.15 1.16 1.17 1.18 1.19 1.19 1.16
1.39 1.33 1.22 1.07 0.95 0.93 1.00 1.12 1.22 1.26 1.21 1.07 0.95 0.86 0.79 0.74 0.78 0.84 0.89 1.12 1.63 2.03 1.97 1.59 1.31 1.17 1.09 1.02 0.98 0.96 0.95 0.94 0.94 0.93 0.92 0.88 0.83 0.81 0.86 0.96 1.01 1.01 1.00 0.98 0.96 0.96 1.00 1.06 1.07 1.04 1.03 1.07 1.12 1.15 1.16 1.14 1.08 1.02 0.99 1.01 1.04 1.06 1.08 1.09 1.10 1.10 1.11 1.11 1.12 1.12 1.12 1.13 1.13 1.13 1.13 1.13 1.13 1.14 1.14 1.13 1.12 1.11 1.08 1.03
1.30 1.33 1.39 1.37 1.30 1.16 1.14 1.30 1.50 1.56 1.48 1.32 1.16 1.07 1.04 1.04 1.04 1.06 1.08 1.47 2.04 2.11 1.68 1.41 1.24 1.13 1.04 0.98 0.95 0.92 0.91 0.90 0.90 0.89 0.90 0.92 0.91 0.89 0.89 0.95 1.04 1.05 0.98 0.93 0.89 0.88 0.90 0.94 0.99 1.01 1.00 1.01 1.05 1.11 1.17 1.22 1.29 1.39 1.46 1.38 1.22 1.12 1.09 1.09 1.09 1.09 1.10 1.10 1.11 1.11 1.12 1.12 1.12 1.12 1.12 1.12 1.12 1.11 1.10 1.09 1.07 1.05 1.04 1.03
1.29 1.44 1.73 1.94 2.04 2.04 2.13 2.33 2.44 2.38 2.02 1.66 1.45 1.33 1.24 1.22 1.29 1.46 1.77 2.21 2.21 1.72 1.30 1.18 1.09 1.02 0.97 0.93 0.89 0.87 0.86 0.85 0.85 0.86 0.88 0.91 0.93 0.93 0.90 0.89 0.97 1.07 1.04 0.93 0.85 0.81 0.80 0.80 0.83 0.85 0.85 0.89 0.95 1.00 1.09 1.25 1.44 1.54 1.53 1.45 1.32 1.18 1.11 1.08 1.07 1.08 1.09 1.09 1.10 1.10 1.10 1.11 1.11 1.11 1.11 1.11 1.10 1.09 1.08 1.06 1.03 1.00 0.97 0.95
1.28 1.47 1.80 2.06 2.30 2.53 2.75 2.98 3.08 3.03 2.90 2.71 2.55 2.52 2.44 2.29 2.30 2.51 2.58 2.41 2.08 1.38 1.10 1.01 0.97 0.94 0.91 0.89 0.85 0.83 0.80 0.78 0.77 0.81 0.86 0.89 0.90 0.91 0.91 0.90 0.92 1.02 1.10 1.04 0.91 0.80 0.74 0.74 0.78 0.81 0.79 0.84 0.92 0.96 0.98 1.04 1.10 1.10 1.10 1.16 1.19 1.15 1.09 1.06 1.06 1.07 1.07 1.07 1.08 1.09 1.09 1.09 1.09 1.09 1.09 1.09 1.08 1.07 1.06 1.04 1.01 0.97 0.92 0.85
1.36 1.45 1.64 1.80 1.96 2.09 2.21 2.32 2.37 2.61 2.92 3.14 3.25 3.30 3.30 3.11 2.96 2.85 2.42 1.87 1.67 1.41 1.17 1.00 0.91 0.88 0.86 0.85 0.84 0.80 0.74 0.70 0.73 0.79 0.84 0.86 0.87 0.88 0.89 0.91 0.94 1.01 1.17 1.25 1.16 1.02 0.91 0.86 0.89 0.97 1.06 1.11 1.04 0.98 0.93 0.86 0.78 0.75 0.82 0.92 1.00 1.03 1.04 1.04 1.04 1.04 1.05 1.06 1.07 1.07 1.07 1.07 1.08 1.08 1.08 1.07 1.07 1.06 1.04 1.02 0.99 0.96 0.90 0.83
1.48 1.42 1.49 1.59 1.61 1.57 1.49 1.43 1.45 1.66 1.85 2.03 2.03 1.74 1.76 1.76 1.97 1.78 1.66 1.45 1.41 1.29 1.09 0.89 0.77 0.76 0.79 0.81 0.82 0.82 0.83 0.86 0.90 0.87 0.83 0.81 0.82 0.84 0.87 0.89 0.92 0.98 1.10 1.30 1.43 1.44 1.36 1.28 1.27 1.36 1.47 1.41 1.21 1.04 0.94 0.87 0.81 0.78 0.80 0.85 0.91 0.95 0.98 0.99 1.00 1.01 1.02 1.04 1.04 1.05 1.05 1.06 1.06 1.06 1.06 1.06 1.05 1.04 1.03 1.01 0.99 0.95 0.90 0.84
1.68 1.49 1.44 1.51 1.48 1.36 1.20 1.04 0.90 0.76 0.68 0.81 0.83 0.80 0.79 0.86 0.98 1.12 1.25 1.16 1.04 1.07 0.95 0.72 0.59 0.62 0.70 0.76 0.80 0.88 0.98 1.01 0.96 0.85 0.77 0.75 0.77 0.79 0.82 0.84 0.86 0.90 0.97 1.13 1.36 1.55 1.66 1.70 1.70 1.66 1.54 1.38 1.22 1.08 0.97 0.89 0.83 0.78 0.76 0.78 0.83 0.88 0.91 0.93 0.96 0.98 0.99 1.00 1.01 1.02 1.03 1.04 1.05 1.05 1.04 1.04 1.03 1.02 1.01 1.00 0.98 0.95 0.91 0.87
2.05 1.70 1.36 1.26 1.15 1.09 1.04 0.90 0.68 0.48 0.37 0.38 0.45 0.62 0.65 0.73 0.80 0.97 1.17 1.09 0.98 1.00 0.90 0.58 0.49 0.61 0.69 0.74 0.78 0.80 0.79 0.77 0.76 0.74 0.71 0.69 0.69 0.72 0.76 0.81 0.84 0.86 0.89 0.96 1.07 1.22 1.37 1.46 1.43 1.30 1.19 1.17 1.15 1.07 1.00 0.92 0.83 0.75 0.72 0.72 0.73 0.77 0.81 0.86 0.89 0.92 0.95 0.97 0.99 1.00 1.02 1.02 1.02 1.02 1.02 1.02 1.01 1.01 1.00 0.99 0.97 0.95 0.92 0.89
2.34 1.78 1.01 0.69 0.61 0.70 0.76 0.73 0.62 0.45 0.28 0.21 0.24 0.36 0.48 0.56 0.66 0.83 0.92 1.03 1.04 0.98 0.88 0.73 0.82 0.84 0.76 0.71 0.67 0.62 0.56 0.54 0.59 0.65 0.66 0.64 0.63 0.64 0.69 0.75 0.81 0.85 0.87 0.88 0.88 0.88 0.92 0.97 0.96 0.94 0.97 1.05 1.10 1.06 1.00 0.97 0.92 0.85 0.80 0.76 0.72 0.70 0.72 0.76 0.80 0.85 0.90 0.94 0.96 0.98 0.99 0.99 0.99 0.99 1.00 1.00 1.00 0.99 0.98 0.98 0.96 0.95 0.93 0.91
2.39 1.63 0.69 0.37 0.22 0.21 0.25 0.34 0.38 0.35 0.31 0.27 0.28 0.36 0.47 0.61 0.74 0.77 0.76 0.82 0.93 1.06 1.18 1.23 1.17 0.94 0.74 0.63 0.56 0.53 0.50 0.48 0.50 0.55 0.60 0.65 0.67 0.67 0.67 0.71 0.77 0.82 0.86 0.88 0.90 0.92 0.93 0.93 0.96 1.00 1.03 1.06 1.12 1.13 1.08 1.04 1.01 0.96 0.89 0.85 0.83 0.80 0.75 0.73 0.74 0.78 0.83 0.88 0.92 0.93 0.95 0.95 0.96 0.97 0.97 0.97 0.97 0.97 0.97 0.96 0.95 0.94 0.93 0.92
1.95 1.35 0.60 0.31 0.12 0.07 0.15 0.23 0.30 0.33 0.35 0.34 0.33 0.40 0.51 0.65 0.77 0.75 0.64 0.64 0.84 1.08 1.17 1.07 0.92 0.80 0.66 0.56 0.50 0.46 0.42 0.39 0.38 0.42 0.49 0.58 0.64 0.69 0.71 0.73 0.76 0.79 0.83 0.87 0.94 0.99 0.99 0.98 1.01 1.07 1.12 1.13 1.16 1.20 1.21 1.17 1.11 1.06 0.99 0.94 0.94 0.96 0.94 0.88 0.82 0.78 0.77 0.80 0.84 0.88 0.89 0.91 0.92 0.93 0.94 0.94 0.94 0.94 0.94 0.94 0.94 0.94 0.93 0.92
1.44 1.06 0.53 0.26 0.08 0.11 0.18 0.23 0.28 0.32 0.34 0.35 0.36 0.42 0.50 0.58 0.72 0.75 0.70 0.83 0.92 0.92 0.84 0.81 0.74 0.67 0.58 0.49 0.43 0.38 0.33 0.30 0.29 0.30 0.35 0.42 0.51 0.60 0.69 0.74 0.75 0.77 0.80 0.85 0.89 0.91 0.93 0.97 1.02 1.09 1.16 1.19 1.18 1.18 1.20 1.22 1.21 1.21 1.16 1.06 0.99 0.99 1.02 1.02 0.96 0.89 0.83 0.80 0.79 0.80 0.81 0.82 0.85 0.87 0.89 0.90 0.90 0.91 0.91 0.92 0.92 0.92 0.92 0.92
1.08 0.83 0.45 0.23 0.12 0.15 0.21 0.25 0.26 0.30 0.33 0.35 0.37 0.44 0.62 0.83 0.96 1.05 1.10 1.08 0.96 0.74 0.74 0.77 0.70 0.62 0.52 0.42 0.34 0.31 0.29 0.28 0.27 0.27 0.30 0.36 0.45 0.54 0.63 0.68 0.71 0.74 0.78 0.82 0.87 0.94 1.03 1.10 1.13 1.14 1.16 1.20 1.22 1.23 1.23 1.23 1.26 1.29 1.29 1.24 1.16 1.10 1.08 1.08 1.05 0.99 0.92 0.85 0.78 0.72 0.70 0.71 0.75 0.79 0.81 0.82 0.84 0.86 0.87 0.88 0.89 0.90 0.90 0.91
0.90 0.73 0.47 0.32 0.25 0.24 0.26 0.29 0.29 0.30 0.32 0.34 0.34 0.40 0.55 0.73 0.88 0.95 0.98 0.94 0.85 0.76 0.76 0.75 0.69 0.63 0.55 0.43 0.32 0.29 0.28 0.29 0.31 0.31 0.34 0.40 0.46 0.51 0.54 0.58 0.63 0.69 0.74 0.79 0.84 0.91 0.99 1.08 1.13 1.15 1.16 1.19 1.22 1.28 1.34 1.35 1.32 1.31 1.33 1.35 1.33 1.28 1.21 1.17 1.14 1.09 1.00 0.92 0.85 0.79 0.74 0.68 0.65 0.66 0.70 0.72 0.74 0.77 0.80 0.82 0.85 0.87 0.88 0.90
0.89 0.77 0.57 0.44 0.36 0.31 0.30 0.31 0.31 0.30 0.28 0.28 0.26 0.26 0.26 0.31 0.45 0.55 0.53 0.59 0.74 0.79 0.79 0.78 0.73 0.68 0.65 0.55 0.41 0.34 0.31 0.31 0.35 0.37 0.39 0.42 0.45 0.48 0.52 0.56 0.61 0.66 0.71 0.76 0.81 0.84 0.87 0.94 1.03 1.12 1.17 1.21 1.23 1.23 1.27 1.34 1.37 1.36 1.33 1.32 1.31 1.28 1.24 1.23 1.22 1.18 1.11 1.05 1.02 0.99 0.94 0.82 0.64 0.53 0.50 0.52 0.57 0.63 0.69 0.74 0.77 0.81 0.84 0.87
0.94 0.83 0.65 0.53 0.45 0.38 0.35 0.34 0.35 0.33 0.28 0.24 0.19 0.14 0.13 0.15 0.22 0.31 0.39 0.51 0.63 0.70 0.76 0.79 0.79 0.77 0.75 0.69 0.57 0.46 0.39 0.38 0.40 0.40 0.40 0.44 0.52 0.58 0.63 0.66 0.68 0.69 0.72 0.77 0.80 0.83 0.86 0.91 1.00 1.13 1.24 1.30 1.33 1.30 1.25 1.24 1.30 1.36 1.37 1.34 1.29 1.26 1.22 1.19 1.18 1.19 1.18 1.16 1.14 1.10 1.07 1.04 0.92 0.69 0.56 0.52 0.52 0.53 0.53 0.57 0.64 0.72 0.79 0.83
1.06 0.94 0.77 0.68 0.60 0.53 0.46 0.40 0.40 0.40 0.37 0.36 0.32 0.28 0.24 0.21 0.23 0.30 0.39 0.47 0.55 0.61 0.66 0.76 0.85 0.85 0.84 0.82 0.73 0.62 0.54 0.51 0.48 0.44 0.45 0.55 0.66 0.71 0.72 0.72 0.72 0.72 0.76 0.79 0.80 0.83 0.86 0.90 0.97 1.08 1.21 1.32 1.39 1.42 1.39 1.32 1.27 1.29 1.33 1.35 1.32 1.29 1.27 1.24 1.21 1.21 1.20 1.16 1.16 1.17 1.14 1.13 1.15 1.11 0.99 0.87 0.74 0.62 0.55 0.54 0.58 0.65 0.72 0.78
1.19 1.08 0.92 0.81 0.73 0.67 0.60 0.57 0.61 0.68 0.72 0.72 0.67 0.55 0.42 0.32 0.30 0.34 0.39 0.45 0.53 0.60 0.61 0.69 0.86 0.94 0.94 0.95 0.93 0.80 0.72 0.66 0.60 0.56 0.62 0.75 0.81 0.76 0.72 0.74 0.75 0.77 0.82 0.84 0.86 0.89 0.91 0.94 0.98 1.02 1.07 1.15 1.25 1.35 1.43 1.44 1.37 1.31 1.30 1.33 1.34 1.30 1.29 1.30 1.30 1.27 1.24 1.19 1.16 1.19 1.22 1.19 1.19 1.22 1.18 1.08 0.96 0.88 0.85 0.82 0.71 0.62 0.63 0.70
1.26 1.17 1.04 0.95 0.90 0.91 0.98 0.98 1.01 0.99 0.93 0.81 0.69 0.62 0.55 0.47 0.43 0.44 0.47 0.48 0.53 0.62 0.64 0.66 0.78 0.93 0.99 1.03 1.05 0.99 0.87 0.79 0.73 0.74 0.84 0.91 0.87 0.80 0.81 0.86 0.84 0.83 0.87 0.92 0.93 0.94 0.97 0.99 1.01 1.03 1.06 1.08 1.13 1.21 1.31 1.42 1.45 1.41 1.38 1.40 1.43 1.40 1.32 1.29 1.28 1.26 1.26 1.25 1.19 1.18 1.25 1.28 1.22 1.20 1.23 1.22 1.16 1.06 0.98 0.93 0.86 0.72 0.61 0.62
1.31 1.22 1.12 1.12 1.13 1.16 1.16 1.11 0.99 0.85 0.79 0.75 0.68 0.64 0.62 0.58 0.56 0.60 0.65 0.66 0.63 0.63 0.65 0.64 0.69 0.85 0.98 1.02 1.04 1.03 1.02 0.99 0.94 0.92 0.93 0.92 0.88 0.91 1.03 1.01 0.85 0.81 0.91 0.94 0.94 0.97 1.01 1.01 1.00 1.03 1.10 1.16 1.20 1.20 1.22 1.31 1.42 1.47 1.46 1.47 1.52 1.54 1.46 1.34 1.27 1.22 1.19 1.23 1.23 1.19 1.21 1.28 1.32 1.29 1.30 1.30 1.28 1.19 1.03 0.92 0.90 0.85 0.72 0.62
1.37 1.28 1.18 1.13 1.06 0.96 0.86 0.80 0.75 0.72 0.72 0.72 0.70 0.67 0.67 0.65 0.65 0.69 0.79 0.85 0.79 0.68 0.63 0.64 0.67 0.76 0.91 1.06 1.17 1.18 1.13 1.12 1.10 1.04 0.98 0.96 1.00 1.13 1.17 1.05 0.90 0.91 0.96 0.91 0.93 1.00 1.02 1.00 1.00 1.03 1.08 1.15 1.22 1.25 1.25 1.28 1.35 1.42 1.44 1.42 1.46 1.54 1.55 1.46 1.37 1.29 1.19 1.15 1.19 1.22 1.24 1.34 1.41 1.40 1.35 1.29 1.26 1.23 1.13 1.01 0.92 0.89 0.81 0.68
1.37 1.29 1.16 1.04 0.92 0.80 0.73 0.71 0.71 0.71 0.73 0.72 0.67 0.68 0.73 0.75 0.74 0.76 0.85 0.95 0.99 0.88 0.69 0.69 0.72 0.74 0.87 1.09 1.29 1.39 1.30 1.15 1.14 1.15 1.21 1.26 1.31 1.33 1.24 1.11 1.12 1.13 1.06 0.96 0.99 1.01 0.97 0.96 0.99 1.03 1.07 1.10 1.14 1.21 1.27 1.30 1.33 1.38 1.40 1.37 1.36 1.43 1.53 1.56 1.54 1.50 1.41 1.24 1.15 1.19 1.25 1.31 1.37 1.40 1.38 1.33 1.28 1.26 1.20 1.08 0.97 0.92 0.87 0.79
1.33 1.23 1.08 0.99 0.91 0.85 0.82 0.81 0.79 0.77 0.80 0.83 0.79 0.77 0.82 0.82 0.80 0.82 0.92 1.11 1.28 1.26 0.97 0.78 0.77 0.77 0.84 0.95 1.10 1.31 1.41 1.31 1.21 1.26 1.39 1.52 1.55 1.42 1.23 1.15 1.13 1.05 1.00 1.08 1.10 1.02 0.93 0.92 0.96 1.02 1.06 1.08 1.11 1.17 1.24 1.28 1.33 1.39 1.44 1.43 1.40 1.40 1.48 1.55 1.62 1.66 1.65 1.53 1.32 1.18 1.16 1.20 1.27 1.35 1.39 1.39 1.36 1.36 1.36 1.30 1.13 1.01 0.94 0.87
1.41 1.28 1.09 1.00 0.93 0.86 0.83 0.85 0.89 0.90 0.92 0.96 0.97 0.94 0.93 0.89 0.87 0.93 1.13 1.33 1.47 1.53 1.35 0.96 0.81 0.83 0.87 0.91 0.93 1.05 1.29 1.40 1.30 1.26 1.32 1.36 1.36 1.27 1.16 1.08 0.98 0.92 1.01 1.14 1.14 1.02 0.95 0.97 1.00 1.03 1.04 1.05 1.11 1.19 1.24 1.28 1.31 1.38 1.46 1.50 1.48 1.47 1.50 1.53 1.58 1.66 1.74 1.75 1.68 1.50 1.38 1.34 1.35 1.42 1.47 1.46 1.43 1.41 1.45 1.48 1.40 1.18 1.00 0.90
