windninja/windninja_output/Output_2025-08-24_2300-2350_Google earth_Fire_150m_10min/merlingen_7.5mi_point_08-24-2025_2330_150m_ang.asc
ncols	158
nrows	163
xllcorner	391686.332397
yllcorner	5160024.123721
cellsize	150.000000
NODATA_value	-32768.000000
[rows 84 to 125 of 163, columns 0 to 93 of 158]
230 223 220 227 229 228 225 225 226 222 217 213 212 215 217 217 216 216 214 211 208 206 205 203 198 196 201 204 205 206 206 207 208 211 214 217 218 216 214 211 208 205 202 201 201 201 200 199 199 200 200 199 197 195 196 198 198 198 198 197 197 196 196 195 195 194 193 192 191 190 189 188 187 185 184 182 179 177 174 171 170 173 181 184 178 172 169 169 170 172 174 178 182 185
231 233 237 239 239 237 234 233 232 227 220 215 213 215 217 217 216 217 217 214 211 207 204 200 196 194 200 205 205 205 206 207 207 209 212 213 214 216 216 213 208 205 204 205 206 207 207 206 206 205 204 204 204 201 199 199 199 199 198 197 197 196 196 195 195 194 193 193 192 191 190 188 187 186 184 182 180 177 174 171 169 171 176 178 172 169 170 171 173 173 174 178 182 186
239 242 245 246 246 244 238 233 230 225 219 215 213 214 217 217 217 220 222 220 217 212 205 197 190 190 196 202 204 205 206 207 205 204 206 208 209 211 213 211 208 205 205 206 207 208 209 209 209 208 207 207 207 205 202 200 200 199 198 197 197 196 196 195 195 194 193 193 192 191 190 189 187 186 184 183 180 177 174 170 166 166 169 171 169 169 170 172 174 175 177 179 180 180
248 250 251 249 245 238 231 225 223 222 219 216 215 214 216 218 218 221 223 221 216 209 199 183 176 182 192 198 203 205 206 206 205 203 204 205 206 207 209 209 207 204 203 205 207 209 210 211 211 211 208 207 206 206 205 203 202 200 198 197 196 196 195 195 195 194 194 193 192 191 190 189 188 186 185 183 181 178 174 169 163 158 158 160 164 169 172 172 175 178 179 176 172 171
251 250 246 238 230 223 220 219 221 223 222 216 212 210 212 214 216 218 219 216 207 195 182 176 175 181 191 198 203 205 206 206 207 206 206 206 206 208 210 210 209 205 203 203 205 208 210 211 211 210 208 205 205 205 204 204 203 201 199 196 195 194 194 194 194 194 194 193 192 192 191 189 188 187 185 183 181 178 174 169 161 153 149 148 153 165 172 175 178 179 175 170 166 164
248 243 233 228 223 219 218 220 221 222 221 213 208 208 211 212 213 215 215 208 195 180 177 180 183 186 193 199 203 205 206 207 207 207 208 208 208 209 213 215 214 210 207 204 204 207 210 212 211 209 207 203 200 199 200 202 204 205 201 193 190 191 193 194 194 194 194 193 193 192 191 190 189 187 186 184 182 179 175 170 163 154 146 140 139 149 166 175 177 175 169 164 167 170
243 237 230 228 227 223 220 218 216 216 217 212 206 208 211 210 210 210 210 200 181 175 181 190 191 190 196 201 204 206 207 208 208 208 208 208 208 207 210 214 216 215 212 208 206 207 210 212 212 210 206 202 199 196 197 201 205 206 201 189 184 188 192 194 194 194 194 194 193 192 191 190 189 188 186 185 183 180 176 172 165 158 149 142 138 141 155 168 170 167 163 165 178 186
237 231 223 220 218 215 210 208 207 211 215 212 206 204 204 202 202 203 205 194 177 178 192 197 195 195 200 203 205 207 208 209 209 209 209 209 208 206 205 209 214 215 214 212 210 209 211 213 214 212 208 203 199 195 195 199 201 198 196 192 186 187 191 194 195 195 195 194 193 193 192 191 190 188 187 185 183 181 178 174 169 162 155 150 148 148 152 160 164 162 162 175 193 202
228 221 212 209 207 203 195 191 195 204 211 209 204 202 202 200 197 195 194 191 186 188 200 203 201 201 204 206 207 209 210 211 211 210 209 209 208 207 205 206 210 214 216 216 213 212 213 216 218 218 214 206 199 194 191 192 194 194 197 199 194 190 192 194 195 195 195 194 194 193 192 191 190 189 188 186 184 182 180 177 172 167 159 152 149 149 150 155 160 163 180 220 245 256
217 211 205 203 202 199 194 190 191 200 206 202 195 193 194 195 191 187 191 197 200 197 202 206 204 205 207 208 210 211 213 214 214 211 209 208 208 208 207 205 206 211 216 217 216 216 216 217 219 220 217 207 196 193 188 185 191 198 204 206 202 196 194 195 195 195 195 195 194 193 193 192 191 190 189 187 186 184 182 179 176 171 166 158 150 145 145 148 158 196 237 250 253 254
202 202 201 201 202 200 197 193 190 197 203 200 195 192 192 195 195 194 201 212 211 205 206 209 208 208 209 210 212 214 217 219 216 210 207 208 209 208 208 206 202 204 211 214 215 214 214 213 214 212 210 203 193 192 192 189 195 204 207 208 205 200 197 197 196 196 196 195 195 194 193 193 192 191 189 188 187 185 184 182 179 176 173 168 162 157 154 158 180 207 215 215 216 218
182 191 199 201 204 203 200 195 190 195 204 206 204 205 205 210 212 220 222 221 216 218 218 219 215 213 211 211 212 214 215 214 211 208 207 208 209 209 208 206 202 199 204 209 210 209 208 206 205 202 201 202 198 195 197 196 197 201 204 205 205 201 198 198 197 196 196 195 195 195 194 193 192 191 190 189 188 187 186 184 182 180 178 176 174 172 173 178 187 194 199 202 203 206
159 178 195 200 205 206 204 200 195 204 223 226 226 228 233 239 239 243 237 222 226 233 235 234 225 216 212 212 211 210 210 211 212 212 210 210 210 210 209 207 203 197 198 204 206 204 203 201 199 199 203 208 206 201 201 201 200 201 203 204 204 201 199 199 198 197 196 196 196 195 194 193 193 192 191 190 189 188 187 186 185 183 182 181 181 181 182 185 188 192 196 198 200 202
143 162 191 201 210 214 213 210 209 217 234 240 241 237 242 245 250 250 240 228 233 241 245 245 228 211 209 211 210 210 213 218 220 219 215 213 213 212 209 207 204 198 195 200 204 203 204 204 205 209 214 215 213 207 205 206 205 205 205 204 204 202 200 199 198 197 196 196 196 195 195 194 194 193 192 192 191 190 189 188 187 186 185 185 185 185 186 188 190 192 195 197 198 200
126 142 192 212 224 226 224 223 223 227 241 254 261 264 263 262 260 255 245 238 236 238 239 232 208 201 207 211 214 219 224 226 225 223 219 217 216 214 210 206 203 199 194 198 204 208 210 214 217 220 219 217 215 211 208 208 207 206 204 204 204 203 202 199 198 196 196 196 196 196 195 195 195 194 193 193 192 191 190 189 189 188 188 187 188 188 189 190 192 193 195 196 198 199
113 123 209 236 246 247 248 246 244 245 250 256 264 272 273 269 265 259 251 242 233 228 224 218 207 206 213 217 221 225 227 229 228 226 221 218 216 215 211 205 202 198 194 196 203 207 209 214 217 217 216 214 213 211 209 208 208 207 205 203 203 203 202 200 198 195 194 195 196 196 196 196 196 195 194 194 193 192 192 191 190 190 190 189 190 190 191 192 193 194 195 196 198 199
124 137 219 244 253 256 260 262 258 255 256 257 261 269 274 270 265 262 251 235 227 225 224 223 221 221 223 224 226 230 233 235 235 232 226 220 217 215 212 204 198 197 194 193 198 204 208 211 213 214 214 212 210 210 209 207 207 208 206 203 201 201 201 201 198 195 193 194 195 197 197 197 196 196 195 195 194 193 193 192 192 191 191 191 191 192 192 193 194 195 196 197 198 199
151 170 222 243 251 255 259 260 260 258 256 254 253 253 255 254 248 243 233 226 228 231 233 233 232 231 231 231 233 236 240 242 242 241 237 229 222 218 214 207 197 194 192 189 193 203 209 210 211 211 211 211 210 209 209 208 207 207 207 204 201 200 201 201 200 197 194 193 195 197 198 198 197 197 196 196 195 195 194 193 193 192 192 192 192 193 193 194 195 196 196 197 198 199
182 197 227 242 249 253 255 255 255 254 252 250 245 237 230 228 228 224 218 221 229 234 237 238 237 237 239 241 241 242 243 243 245 246 245 238 227 220 216 210 200 192 190 187 188 196 203 206 207 208 210 210 209 208 209 208 206 206 206 205 201 199 199 202 203 200 197 196 197 200 203 200 198 198 198 197 196 196 195 194 194 193 193 193 193 194 194 195 196 196 197 198 199 200
205 213 228 237 244 247 250 250 251 251 250 248 241 231 225 225 226 223 221 229 234 235 239 240 239 239 243 246 245 244 244 243 243 244 242 239 231 224 220 214 203 192 187 184 182 187 197 203 205 208 209 210 208 206 206 206 205 206 206 204 202 200 199 201 203 202 200 199 200 202 205 204 200 199 200 199 198 197 196 195 195 194 194 194 194 195 195 196 196 197 198 199 200 201
217 221 229 236 242 246 249 250 252 253 254 251 247 244 245 245 242 238 241 246 242 237 237 238 237 237 239 241 241 242 244 243 242 241 240 238 236 230 222 214 202 190 183 180 177 179 190 199 204 207 208 208 208 206 206 206 205 205 206 205 204 203 201 201 203 204 202 200 199 201 204 208 208 206 207 205 201 198 197 196 195 194 194 194 195 195 196 197 197 198 199 200 201 202
225 227 231 236 241 246 249 249 250 252 255 257 258 259 260 261 260 257 255 252 245 239 237 235 233 232 234 236 237 240 242 242 240 239 239 238 233 220 208 202 195 186 180 175 172 173 181 192 198 202 205 205 206 206 206 206 205 205 206 206 206 205 204 203 205 205 203 200 199 201 204 208 210 210 208 207 203 200 199 198 194 193 193 194 195 196 196 197 198 199 200 201 202 202
230 230 231 234 237 241 245 245 245 247 247 246 247 248 251 256 257 256 252 246 242 241 237 231 228 228 230 231 234 237 238 238 236 234 235 235 228 213 201 194 190 184 177 172 168 166 172 183 190 196 201 203 204 205 206 205 205 206 207 208 207 206 204 204 204 205 205 202 199 202 205 207 208 206 203 203 203 201 201 199 192 188 191 193 195 196 197 198 199 200 201 201 202 202
231 230 229 232 235 237 238 236 232 230 229 227 228 232 240 246 249 249 245 240 237 239 235 225 222 224 225 224 228 234 234 234 228 224 228 230 223 211 203 194 185 180 175 171 166 163 165 173 183 190 197 202 203 204 206 206 206 205 206 208 208 207 205 204 204 204 205 203 199 201 205 206 206 207 206 205 204 200 196 197 195 188 187 191 194 196 198 199 200 201 202 202 202 203
231 230 229 230 230 228 224 220 217 220 224 227 229 232 235 238 239 238 237 235 234 236 232 221 216 219 220 217 222 231 232 230 222 215 224 228 221 210 201 192 182 177 173 170 167 163 160 165 176 186 194 200 202 203 205 206 206 206 205 205 207 208 206 205 206 206 205 205 201 199 203 207 207 207 207 206 205 202 197 199 201 196 188 187 191 195 198 200 201 202 203 203 204 205
232 230 227 225 221 219 218 218 220 226 231 233 232 232 234 234 231 225 225 228 232 235 232 221 212 213 216 214 220 229 228 224 217 212 225 229 220 207 197 193 187 179 170 167 166 163 158 159 168 179 188 195 199 202 203 204 206 206 204 203 204 207 207 206 208 209 206 205 203 199 201 206 207 205 205 206 206 206 203 203 204 203 196 188 189 195 199 202 203 204 205 205 206 207
231 228 225 224 223 225 228 231 233 233 235 235 232 230 232 233 227 215 214 222 231 237 232 220 210 208 211 211 217 226 225 220 215 214 225 228 214 202 197 195 192 185 176 167 161 160 159 157 161 171 181 189 196 201 202 202 204 206 206 203 203 207 209 208 208 210 208 205 203 201 199 203 206 205 206 208 209 210 208 206 206 207 205 197 192 195 200 204 206 207 208 209 210 210
229 228 228 229 231 233 236 236 235 233 234 235 234 229 229 230 222 205 207 217 226 235 232 216 209 206 203 201 208 218 223 221 214 214 220 220 209 201 198 195 189 189 188 174 159 156 157 154 155 163 173 183 192 199 201 200 202 205 207 205 203 206 209 208 207 208 209 207 203 200 198 200 205 207 208 210 210 211 212 211 209 209 208 204 199 198 204 209 212 214 216 216 215 215
233 233 233 233 234 233 232 231 231 230 228 231 230 225 225 228 220 199 199 208 217 227 230 215 207 208 201 194 199 211 219 221 214 212 218 216 210 206 202 196 193 196 196 185 168 161 157 151 148 153 164 176 187 196 200 199 200 203 207 206 203 204 207 208 206 206 208 208 205 201 199 201 205 208 209 211 210 209 210 211 211 211 209 208 204 204 209 215 221 226 226 220 216 215
236 235 235 235 235 234 231 229 227 224 221 224 225 220 222 227 218 193 188 197 207 220 227 221 209 211 206 200 197 202 212 218 218 218 223 223 218 214 206 200 199 198 195 190 178 168 161 153 148 147 154 167 180 191 198 199 198 200 205 206 203 203 205 207 205 205 207 207 205 202 199 200 203 205 208 210 210 209 208 210 213 213 212 212 211 209 212 218 221 221 217 211 210 214
234 234 234 233 232 231 229 227 224 221 219 220 219 216 219 225 214 185 177 188 199 212 221 222 214 210 208 207 203 198 204 214 220 224 229 229 224 217 209 202 197 191 189 189 183 172 165 161 157 150 149 156 170 185 194 197 197 198 203 205 204 201 203 205 204 203 204 205 205 203 200 201 203 204 206 210 211 210 208 210 213 214 212 211 212 209 211 214 211 207 206 206 208 215
232 231 230 229 228 226 225 225 224 222 219 217 214 212 217 224 213 184 173 181 194 204 211 213 213 209 206 205 206 201 197 206 216 226 229 223 215 211 208 200 190 186 188 192 187 177 171 169 165 157 151 151 160 176 190 197 198 197 200 203 203 201 202 204 203 201 202 204 205 204 203 204 207 208 206 208 211 212 209 209 213 215 212 210 211 208 206 207 204 203 206 208 210 214
229 229 229 228 227 225 223 222 221 220 219 215 209 207 215 223 216 189 175 177 188 195 197 204 209 211 207 206 210 202 191 196 209 221 226 217 206 202 201 195 186 186 191 195 193 184 178 172 168 163 157 153 156 168 185 196 198 197 198 201 202 201 201 203 203 201 201 203 204 204 203 204 206 209 209 208 210 212 212 211 215 217 213 211 212 208 203 202 202 205 210 212 210 208
227 229 230 229 228 226 221 217 216 217 219 214 204 201 212 224 222 194 173 170 177 184 187 194 202 206 206 206 209 204 192 192 201 212 214 206 198 195 194 190 187 189 194 197 197 190 180 172 168 167 164 160 158 164 178 192 197 196 197 199 200 199 200 201 202 200 200 201 203 203 202 202 203 207 210 209 209 212 214 213 214 217 214 211 211 207 201 200 203 208 211 211 208 204
229 230 230 230 228 225 218 213 214 215 219 216 201 196 208 222 225 200 168 160 163 173 180 185 192 199 198 198 203 206 201 193 192 202 209 208 201 193 190 189 190 193 196 198 199 192 182 175 172 171 170 166 162 163 173 188 196 197 196 198 198 196 196 199 199 198 198 200 202 202 201 200 201 204 208 210 209 210 212 211 212 215 214 210 208 205 201 200 205 209 210 208 206 205
230 229 229 230 229 223 218 216 217 217 219 219 203 195 205 219 225 212 173 153 149 161 174 181 186 190 190 191 198 202 199 192 190 201 214 217 211 199 195 196 197 197 198 197 195 192 186 180 176 175 175 171 165 164 170 184 194 197 196 197 197 194 194 196 197 198 197 199 201 202 201 199 199 200 205 209 210 210 211 212 215 218 216 210 206 203 201 201 205 208 208 207 206 209
230 228 227 229 230 226 223 222 222 218 218 221 207 194 202 215 224 221 194 160 145 147 162 174 183 187 190 194 197 197 198 197 200 213 223 225 219 210 206 206 206 203 201 199 198 196 192 185 181 179 178 175 169 166 170 181 192 196 196 196 196 194 195 198 202 206 204 200 201 203 201 199 197 197 201 206 209 211 212 215 218 219 216 210 205 202 200 201 205 208 208 207 206 208
228 225 222 221 221 222 222 225 226 220 216 222 211 192 196 208 221 224 211 186 156 137 139 159 177 185 190 196 200 202 207 215 221 225 229 228 225 224 218 215 214 211 210 208 207 204 200 194 189 186 183 179 173 169 171 179 190 194 195 196 197 198 203 211 218 225 223 206 198 201 201 200 198 196 197 201 205 209 212 214 216 216 214 208 204 201 199 201 205 208 208 206 204 203
222 220 216 213 212 211 213 218 223 221 216 224 216 189 188 202 219 226 221 208 187 150 127 123 147 173 187 197 206 210 215 224 229 230 235 233 231 230 223 217 218 221 221 219 216 213 210 204 197 193 188 182 176 172 172 177 187 194 196 199 204 210 216 219 216 216 216 207 191 193 199 200 198 196 194 195 199 204 208 211 213 214 210 204 201 200 199 201 205 207 206 203 201 201
219 219 217 211 209 210 210 214 219 219 218 227 223 193 187 199 216 226 227 223 214 192 156 114 90 102 155 198 213 214 216 229 236 236 239 237 232 232 227 217 216 221 224 223 219 216 213 205 199 195 191 185 179 175 174 177 188 198 203 207 214 217 215 210 206 206 208 207 199 187 192 197 197 196 193 191 193 198 202 205 208 209 207 202 202 202 201 202 205 206 205 201 199 199
220 220 218 213 211 212 212 213 217 217 217 228 229 204 193 199 215 222 224 228 227 218 194 173 157 122 101 148 193 204 215 234 240 240 242 241 235 234 231 221 215 218 223 225 222 216 211 203 196 193 192 189 184 177 177 182 192 206 213 213 212 210 205 202 201 202 206 208 208 201 192 196 196 194 193 189 186 189 194 197 201 206 208 206 205 205 203 204 208 208 204 197 193 195
216 217 216 211 208 210 211 212 214 213 215 227 232 217 205 205 211 215 216 219 224 226 212 195 184 172 163 171 184 197 214 235 243 244 245 244 239 237 235 226 218 216 220 227 227 221 213 204 195 193 194 193 188 182 180 184 193 202 207 205 201 200 199 198 200 202 205 207 210 209 205 203 201 194 187 184 180 181 186 191 195 204 210 209 207 206 204 205 207 206 199 192 189 192
