windninja/windninja_output/Output_2025-08-24_2300-2350_Google earth_Fire_150m_10min/merlingen_7.5mi_point_08-24-2025_2320_150m_vel.asc
ncols	158
nrows	163
xllcorner	391686.332397
yllcorner	5160024.123721
cellsize	150.000000
NODATA_value	-32768.000000
[rows 0 to 37 of 163, columns 0 to 83 of 158]
1.25 1.21 1.19 1.24 1.31 1.33 1.33 1.35 1.39 1.41 1.42 1.43 1.46 1.44 1.32 1.13 0.92 0.80 0.83 0.89 0.94 1.13 1.40 1.50 1.43 1.30 1.20 1.21 1.29 1.33 1.31 1.27 1.20 1.15 1.16 1.16 1.06 0.96 0.93 0.93 1.00 1.06 1.08 1.05 1.04 1.02 0.98 0.95 1.06 1.27 1.43 1.53 1.58 1.59 1.55 1.48 1.41 1.35 1.32 1.31 1.34 1.38 1.39 1.40 1.46 1.53 1.54 1.49 1.41 1.35 1.35 1.37 1.37 1.38 1.40 1.41 1.39 1.31 1.22 1.22 1.27 1.29 1.28 1.22
1.28 1.25 1.21 1.22 1.25 1.28 1.27 1.23 1.22 1.24 1.30 1.38 1.47 1.53 1.50 1.38 1.22 1.10 1.08 1.11 1.09 1.15 1.32 1.47 1.49 1.40 1.30 1.25 1.26 1.27 1.26 1.25 1.23 1.20 1.18 1.20 1.18 1.13 1.11 1.09 1.10 1.14 1.18 1.20 1.20 1.21 1.23 1.19 1.15 1.21 1.29 1.34 1.38 1.40 1.40 1.39 1.39 1.39 1.39 1.35 1.32 1.35 1.38 1.40 1.42 1.46 1.49 1.49 1.44 1.38 1.36 1.37 1.38 1.39 1.41 1.42 1.42 1.39 1.33 1.29 1.30 1.30 1.28 1.27
1.34 1.34 1.30 1.26 1.23 1.23 1.25 1.23 1.19 1.22 1.32 1.42 1.49 1.58 1.68 1.72 1.66 1.58 1.49 1.42 1.33 1.23 1.22 1.35 1.52 1.55 1.46 1.34 1.27 1.25 1.23 1.22 1.23 1.25 1.25 1.29 1.36 1.39 1.37 1.33 1.31 1.31 1.34 1.39 1.43 1.47 1.52 1.54 1.44 1.31 1.26 1.27 1.27 1.29 1.31 1.35 1.40 1.43 1.46 1.45 1.40 1.39 1.41 1.42 1.40 1.39 1.43 1.48 1.49 1.44 1.39 1.38 1.38 1.39 1.41 1.43 1.48 1.52 1.47 1.40 1.38 1.39 1.35 1.34
1.34 1.40 1.42 1.37 1.34 1.32 1.35 1.45 1.53 1.57 1.56 1.53 1.52 1.55 1.64 1.76 1.77 1.73 1.67 1.57 1.43 1.30 1.22 1.27 1.49 1.67 1.69 1.60 1.52 1.48 1.45 1.38 1.31 1.30 1.34 1.38 1.40 1.42 1.42 1.42 1.45 1.48 1.51 1.54 1.58 1.61 1.62 1.65 1.65 1.58 1.50 1.45 1.44 1.45 1.43 1.41 1.39 1.39 1.41 1.46 1.47 1.44 1.42 1.41 1.40 1.39 1.42 1.47 1.49 1.46 1.42 1.40 1.38 1.35 1.34 1.35 1.41 1.50 1.52 1.44 1.41 1.49 1.51 1.44
1.28 1.36 1.46 1.46 1.44 1.42 1.45 1.51 1.57 1.58 1.54 1.49 1.50 1.54 1.60 1.68 1.72 1.67 1.61 1.57 1.46 1.32 1.23 1.24 1.41 1.63 1.81 1.88 1.87 1.84 1.82 1.78 1.68 1.56 1.48 1.46 1.45 1.47 1.52 1.55 1.58 1.64 1.69 1.72 1.71 1.69 1.66 1.64 1.65 1.65 1.58 1.51 1.47 1.48 1.47 1.43 1.39 1.37 1.37 1.40 1.42 1.41 1.40 1.40 1.40 1.40 1.41 1.46 1.48 1.46 1.42 1.38 1.35 1.34 1.33 1.30 1.26 1.31 1.44 1.45 1.36 1.37 1.50 1.52
1.19 1.23 1.35 1.47 1.51 1.50 1.47 1.43 1.39 1.36 1.37 1.38 1.39 1.45 1.51 1.56 1.62 1.59 1.50 1.46 1.42 1.30 1.17 1.16 1.25 1.42 1.60 1.76 1.86 1.91 1.95 1.99 1.98 1.91 1.79 1.69 1.68 1.71 1.75 1.75 1.73 1.71 1.70 1.68 1.65 1.63 1.60 1.58 1.56 1.56 1.55 1.52 1.45 1.42 1.43 1.42 1.40 1.39 1.38 1.39 1.42 1.43 1.43 1.43 1.42 1.41 1.42 1.47 1.51 1.51 1.49 1.43 1.37 1.37 1.41 1.43 1.38 1.31 1.34 1.40 1.35 1.28 1.36 1.45
1.18 1.16 1.18 1.31 1.45 1.49 1.45 1.37 1.30 1.27 1.29 1.31 1.32 1.35 1.41 1.45 1.54 1.62 1.60 1.56 1.51 1.38 1.19 1.06 1.07 1.15 1.26 1.42 1.58 1.71 1.80 1.88 1.96 2.02 2.02 1.98 1.93 1.90 1.86 1.81 1.74 1.65 1.56 1.50 1.46 1.46 1.47 1.46 1.46 1.46 1.49 1.52 1.51 1.48 1.45 1.42 1.40 1.38 1.38 1.41 1.46 1.53 1.55 1.54 1.50 1.46 1.45 1.48 1.52 1.55 1.61 1.64 1.58 1.49 1.49 1.57 1.59 1.52 1.43 1.43 1.45 1.40 1.38 1.41
1.23 1.21 1.15 1.14 1.21 1.29 1.31 1.28 1.23 1.22 1.24 1.28 1.32 1.36 1.40 1.44 1.49 1.62 1.70 1.69 1.66 1.57 1.37 1.12 0.98 1.00 1.12 1.24 1.36 1.47 1.57 1.65 1.72 1.78 1.84 1.87 1.85 1.80 1.74 1.67 1.60 1.52 1.45 1.40 1.36 1.35 1.36 1.37 1.38 1.39 1.41 1.44 1.50 1.53 1.50 1.45 1.43 1.43 1.44 1.47 1.51 1.56 1.62 1.66 1.63 1.56 1.49 1.50 1.54 1.54 1.58 1.67 1.71 1.64 1.54 1.52 1.57 1.58 1.50 1.46 1.48 1.44 1.44 1.50
1.24 1.24 1.20 1.13 1.09 1.09 1.12 1.16 1.18 1.18 1.19 1.20 1.25 1.32 1.42 1.49 1.49 1.55 1.65 1.69 1.68 1.67 1.57 1.39 1.19 1.12 1.17 1.23 1.25 1.31 1.37 1.42 1.49 1.56 1.57 1.56 1.55 1.52 1.50 1.46 1.41 1.36 1.33 1.32 1.32 1.31 1.30 1.30 1.31 1.33 1.38 1.39 1.39 1.45 1.51 1.51 1.51 1.52 1.50 1.46 1.41 1.36 1.40 1.52 1.60 1.60 1.55 1.55 1.59 1.58 1.51 1.48 1.52 1.54 1.49 1.44 1.46 1.51 1.50 1.47 1.47 1.42 1.41 1.55
1.23 1.23 1.22 1.19 1.14 1.11 1.11 1.13 1.16 1.18 1.17 1.15 1.14 1.18 1.29 1.42 1.48 1.50 1.59 1.72 1.77 1.77 1.73 1.63 1.47 1.30 1.22 1.24 1.24 1.25 1.30 1.33 1.35 1.42 1.47 1.45 1.41 1.38 1.36 1.35 1.33 1.32 1.30 1.28 1.26 1.23 1.22 1.24 1.22 1.22 1.26 1.30 1.30 1.34 1.43 1.46 1.42 1.39 1.34 1.26 1.18 1.12 1.08 1.13 1.29 1.44 1.50 1.52 1.54 1.56 1.51 1.41 1.38 1.41 1.42 1.39 1.38 1.41 1.49 1.62 1.67 1.62 1.47 1.42
1.23 1.23 1.23 1.22 1.20 1.19 1.20 1.20 1.20 1.20 1.18 1.14 1.09 1.07 1.13 1.27 1.39 1.46 1.51 1.62 1.76 1.84 1.83 1.76 1.64 1.51 1.36 1.29 1.27 1.25 1.26 1.27 1.25 1.26 1.32 1.37 1.36 1.33 1.32 1.35 1.37 1.35 1.32 1.27 1.23 1.16 1.11 1.13 1.11 1.04 1.03 1.09 1.12 1.15 1.17 1.20 1.12 1.04 1.01 0.99 0.95 0.88 0.79 0.80 0.92 1.08 1.20 1.27 1.31 1.40 1.47 1.46 1.42 1.42 1.43 1.41 1.38 1.34 1.40 1.63 1.84 1.89 1.74 1.50
1.24 1.24 1.24 1.23 1.22 1.22 1.23 1.23 1.23 1.21 1.19 1.15 1.09 1.04 1.05 1.15 1.28 1.39 1.42 1.43 1.52 1.65 1.75 1.76 1.70 1.58 1.41 1.26 1.20 1.16 1.14 1.14 1.12 1.13 1.17 1.22 1.25 1.26 1.28 1.30 1.32 1.33 1.31 1.28 1.27 1.20 1.07 0.99 0.96 0.85 0.76 0.75 0.73 0.76 0.78 0.84 0.85 0.80 0.77 0.75 0.72 0.64 0.53 0.51 0.57 0.65 0.78 0.92 1.02 1.20 1.40 1.50 1.49 1.48 1.55 1.65 1.72 1.70 1.60 1.64 1.79 1.97 2.02 1.93
1.24 1.24 1.23 1.24 1.24 1.24 1.23 1.22 1.21 1.20 1.19 1.16 1.11 1.04 1.00 1.03 1.11 1.23 1.33 1.36 1.38 1.44 1.53 1.59 1.54 1.41 1.27 1.16 1.09 1.05 1.04 1.07 1.09 1.08 1.10 1.13 1.14 1.17 1.21 1.23 1.26 1.29 1.30 1.29 1.29 1.26 1.15 1.01 0.90 0.79 0.66 0.58 0.55 0.58 0.61 0.62 0.65 0.68 0.68 0.68 0.66 0.57 0.43 0.32 0.28 0.31 0.39 0.51 0.71 0.97 1.20 1.38 1.47 1.51 1.64 1.86 2.01 2.07 2.01 1.90 1.84 1.91 2.05 2.11
1.25 1.24 1.23 1.24 1.25 1.25 1.24 1.22 1.21 1.19 1.18 1.16 1.13 1.10 1.05 1.00 0.96 1.00 1.13 1.24 1.28 1.29 1.32 1.33 1.32 1.29 1.23 1.17 1.13 1.08 1.04 1.01 1.02 1.03 1.06 1.13 1.16 1.15 1.14 1.14 1.16 1.16 1.10 1.05 1.05 1.06 1.06 1.09 1.08 0.96 0.78 0.66 0.61 0.62 0.65 0.58 0.53 0.55 0.63 0.73 0.77 0.68 0.56 0.44 0.31 0.25 0.22 0.20 0.32 0.57 0.88 1.14 1.35 1.46 1.52 1.57 1.66 1.78 1.84 1.81 1.76 1.78 1.85 1.90
1.26 1.25 1.24 1.23 1.23 1.23 1.23 1.23 1.22 1.20 1.18 1.17 1.15 1.17 1.19 1.15 1.06 0.97 0.96 1.04 1.10 1.12 1.16 1.21 1.24 1.25 1.24 1.22 1.18 1.13 1.09 1.02 0.99 1.02 1.07 1.15 1.20 1.17 1.09 0.99 0.96 0.94 0.92 0.87 0.84 0.87 0.87 0.93 1.15 1.27 1.11 0.90 0.81 0.84 0.88 0.77 0.61 0.55 0.66 0.87 1.01 0.98 0.94 0.89 0.77 0.59 0.45 0.33 0.22 0.27 0.52 0.90 1.17 1.30 1.29 1.26 1.28 1.32 1.36 1.36 1.39 1.44 1.48 1.51
1.26 1.26 1.24 1.23 1.22 1.21 1.20 1.21 1.21 1.20 1.19 1.17 1.15 1.16 1.23 1.31 1.30 1.19 1.05 1.00 1.04 1.09 1.15 1.23 1.26 1.24 1.22 1.23 1.21 1.17 1.19 1.21 1.18 1.14 1.08 1.01 0.98 0.99 0.95 0.90 0.87 0.86 0.93 0.97 0.92 0.95 0.96 0.82 0.88 1.20 1.39 1.32 1.26 1.33 1.40 1.41 1.21 0.95 0.91 1.04 1.18 1.23 1.21 1.20 1.21 1.13 0.95 0.79 0.62 0.39 0.39 0.54 0.78 0.95 1.05 1.12 1.14 1.15 1.18 1.22 1.21 1.17 1.13 1.14
1.26 1.26 1.25 1.24 1.23 1.22 1.22 1.21 1.20 1.19 1.18 1.17 1.15 1.11 1.12 1.21 1.30 1.30 1.22 1.13 1.11 1.12 1.16 1.22 1.28 1.28 1.23 1.22 1.26 1.28 1.27 1.25 1.19 1.09 0.97 0.86 0.82 0.87 0.91 0.94 0.98 0.99 1.09 1.19 1.16 1.12 1.17 1.10 0.93 1.02 1.32 1.51 1.55 1.54 1.57 1.64 1.62 1.40 1.22 1.28 1.34 1.33 1.29 1.26 1.29 1.34 1.25 1.13 1.04 0.84 0.55 0.41 0.41 0.58 0.83 0.98 1.06 1.16 1.24 1.28 1.22 1.08 0.99 0.96
1.27 1.27 1.26 1.25 1.24 1.23 1.23 1.22 1.22 1.21 1.19 1.16 1.14 1.09 1.03 1.02 1.10 1.18 1.21 1.18 1.13 1.09 1.09 1.13 1.19 1.22 1.19 1.14 1.16 1.19 1.17 1.12 1.07 1.06 1.05 1.02 0.98 0.99 1.05 1.11 1.16 1.16 1.14 1.18 1.21 1.18 1.18 1.27 1.30 1.24 1.23 1.34 1.43 1.46 1.47 1.54 1.65 1.65 1.52 1.46 1.47 1.45 1.40 1.33 1.32 1.40 1.42 1.32 1.20 1.07 0.89 0.69 0.56 0.54 0.60 0.76 0.96 1.12 1.17 1.10 1.00 0.93 0.88 0.89
1.27 1.27 1.26 1.25 1.25 1.24 1.23 1.23 1.22 1.22 1.21 1.17 1.13 1.09 1.02 0.97 0.99 1.03 1.05 1.06 1.05 1.04 1.03 1.03 1.05 1.10 1.12 1.08 1.02 1.01 1.03 1.06 1.09 1.15 1.20 1.22 1.17 1.11 1.09 1.12 1.14 1.15 1.16 1.16 1.19 1.21 1.19 1.22 1.33 1.35 1.25 1.17 1.21 1.33 1.43 1.51 1.61 1.66 1.59 1.52 1.52 1.51 1.45 1.40 1.37 1.40 1.45 1.39 1.26 1.18 1.15 1.09 0.98 0.80 0.62 0.57 0.63 0.70 0.79 0.80 0.76 0.74 0.74 0.82
1.26 1.26 1.25 1.26 1.26 1.25 1.24 1.23 1.21 1.20 1.20 1.19 1.16 1.11 1.06 1.00 0.97 0.97 0.98 1.00 1.03 1.05 1.05 1.05 1.07 1.10 1.11 1.09 1.04 1.02 1.05 1.09 1.13 1.13 1.14 1.16 1.16 1.12 1.10 1.17 1.22 1.25 1.29 1.29 1.28 1.31 1.32 1.25 1.21 1.26 1.24 1.16 1.11 1.20 1.37 1.50 1.59 1.64 1.59 1.50 1.46 1.45 1.37 1.32 1.31 1.30 1.35 1.41 1.42 1.43 1.41 1.34 1.24 1.12 0.96 0.79 0.64 0.60 0.70 0.78 0.78 0.77 0.77 0.83
1.28 1.27 1.26 1.26 1.25 1.25 1.24 1.23 1.21 1.20 1.19 1.19 1.17 1.14 1.10 1.06 1.04 1.03 1.04 1.06 1.08 1.10 1.11 1.12 1.13 1.13 1.13 1.12 1.10 1.09 1.10 1.14 1.20 1.23 1.27 1.33 1.36 1.36 1.36 1.38 1.38 1.37 1.36 1.36 1.37 1.36 1.34 1.28 1.21 1.23 1.27 1.24 1.18 1.15 1.20 1.30 1.42 1.55 1.60 1.53 1.47 1.48 1.40 1.31 1.30 1.32 1.39 1.49 1.56 1.57 1.53 1.39 1.25 1.16 1.11 1.08 1.08 1.10 1.11 1.06 1.00 0.97 0.92 0.87
1.28 1.28 1.27 1.25 1.25 1.25 1.25 1.25 1.23 1.21 1.20 1.19 1.17 1.15 1.13 1.12 1.11 1.12 1.12 1.12 1.12 1.13 1.14 1.14 1.15 1.16 1.16 1.16 1.14 1.12 1.13 1.18 1.28 1.39 1.47 1.55 1.60 1.57 1.48 1.44 1.43 1.43 1.43 1.41 1.38 1.33 1.28 1.28 1.28 1.30 1.35 1.35 1.31 1.20 1.12 1.13 1.21 1.34 1.50 1.59 1.56 1.56 1.51 1.39 1.36 1.39 1.49 1.59 1.62 1.57 1.47 1.38 1.27 1.14 1.05 1.07 1.22 1.41 1.52 1.51 1.36 1.18 1.06 0.96
1.28 1.28 1.27 1.26 1.26 1.26 1.25 1.25 1.25 1.23 1.21 1.21 1.21 1.18 1.16 1.15 1.15 1.16 1.17 1.17 1.17 1.17 1.18 1.18 1.18 1.19 1.21 1.21 1.19 1.17 1.16 1.21 1.32 1.40 1.41 1.40 1.44 1.46 1.40 1.35 1.37 1.43 1.47 1.45 1.40 1.36 1.38 1.39 1.38 1.38 1.40 1.38 1.35 1.28 1.19 1.16 1.18 1.24 1.35 1.54 1.61 1.60 1.57 1.49 1.49 1.58 1.65 1.67 1.66 1.59 1.48 1.40 1.34 1.26 1.15 1.11 1.17 1.35 1.59 1.77 1.76 1.58 1.39 1.17
1.28 1.27 1.28 1.28 1.27 1.26 1.25 1.24 1.24 1.24 1.22 1.22 1.23 1.22 1.19 1.18 1.18 1.18 1.19 1.20 1.21 1.22 1.22 1.22 1.23 1.23 1.23 1.22 1.18 1.13 1.11 1.12 1.19 1.25 1.28 1.25 1.23 1.27 1.30 1.30 1.32 1.38 1.45 1.49 1.50 1.51 1.52 1.49 1.42 1.38 1.38 1.37 1.36 1.35 1.30 1.25 1.23 1.23 1.28 1.44 1.58 1.60 1.57 1.53 1.56 1.63 1.64 1.59 1.55 1.51 1.44 1.37 1.34 1.34 1.32 1.20 1.10 1.14 1.31 1.59 1.84 1.87 1.74 1.52
1.28 1.28 1.27 1.27 1.26 1.25 1.25 1.24 1.24 1.24 1.23 1.21 1.21 1.23 1.23 1.21 1.20 1.19 1.20 1.20 1.21 1.22 1.23 1.24 1.26 1.26 1.26 1.24 1.17 1.08 1.03 1.00 1.02 1.11 1.21 1.26 1.27 1.25 1.24 1.25 1.28 1.34 1.44 1.57 1.65 1.63 1.56 1.51 1.44 1.36 1.35 1.36 1.37 1.39 1.38 1.34 1.32 1.28 1.23 1.27 1.42 1.55 1.60 1.59 1.50 1.37 1.31 1.32 1.34 1.33 1.28 1.26 1.32 1.38 1.35 1.22 1.03 0.93 1.01 1.26 1.62 1.88 1.98 1.93
1.28 1.28 1.26 1.26 1.26 1.26 1.25 1.25 1.25 1.24 1.23 1.21 1.20 1.21 1.22 1.22 1.22 1.21 1.20 1.20 1.21 1.22 1.24 1.26 1.28 1.31 1.34 1.36 1.30 1.15 1.00 0.93 0.94 1.03 1.19 1.31 1.37 1.35 1.26 1.21 1.25 1.31 1.41 1.52 1.58 1.59 1.56 1.52 1.49 1.46 1.43 1.40 1.33 1.30 1.33 1.37 1.39 1.36 1.24 1.16 1.26 1.50 1.69 1.76 1.67 1.47 1.32 1.29 1.33 1.33 1.26 1.22 1.29 1.34 1.35 1.33 1.20 0.95 0.88 1.06 1.38 1.73 1.98 2.15
1.29 1.28 1.27 1.26 1.26 1.26 1.25 1.26 1.26 1.25 1.24 1.23 1.21 1.20 1.20 1.21 1.21 1.21 1.21 1.21 1.22 1.23 1.25 1.28 1.31 1.35 1.43 1.52 1.49 1.34 1.14 0.98 0.87 0.86 0.99 1.20 1.38 1.48 1.40 1.29 1.29 1.32 1.36 1.44 1.52 1.60 1.70 1.70 1.64 1.61 1.59 1.53 1.41 1.32 1.32 1.40 1.46 1.45 1.37 1.31 1.35 1.44 1.52 1.61 1.66 1.61 1.48 1.41 1.44 1.49 1.43 1.32 1.27 1.27 1.32 1.41 1.47 1.25 0.93 0.93 1.12 1.38 1.65 1.93
1.29 1.29 1.28 1.27 1.27 1.26 1.25 1.25 1.25 1.25 1.25 1.24 1.22 1.20 1.19 1.19 1.20 1.21 1.23 1.24 1.24 1.25 1.26 1.28 1.32 1.37 1.45 1.60 1.69 1.63 1.46 1.21 0.98 0.84 0.81 0.93 1.17 1.44 1.50 1.39 1.34 1.37 1.40 1.49 1.61 1.72 1.86 1.93 1.85 1.71 1.71 1.78 1.74 1.62 1.50 1.46 1.53 1.64 1.65 1.62 1.58 1.45 1.30 1.27 1.37 1.46 1.46 1.46 1.50 1.56 1.55 1.43 1.31 1.26 1.25 1.31 1.49 1.54 1.25 0.96 0.92 1.06 1.28 1.51
1.29 1.29 1.29 1.28 1.27 1.26 1.26 1.25 1.25 1.24 1.24 1.23 1.22 1.21 1.20 1.20 1.21 1.21 1.23 1.24 1.25 1.25 1.26 1.27 1.31 1.38 1.48 1.66 1.87 1.95 1.87 1.64 1.34 1.11 0.97 0.96 1.15 1.43 1.60 1.60 1.58 1.61 1.62 1.64 1.70 1.78 1.85 1.98 2.05 1.93 1.89 2.00 2.03 1.93 1.74 1.58 1.64 1.79 1.80 1.70 1.63 1.60 1.47 1.31 1.29 1.36 1.41 1.45 1.50 1.54 1.60 1.59 1.49 1.35 1.22 1.16 1.23 1.46 1.42 1.08 0.87 0.88 1.04 1.19
1.29 1.28 1.28 1.28 1.27 1.26 1.25 1.25 1.24 1.24 1.24 1.24 1.24 1.23 1.22 1.21 1.21 1.22 1.22 1.23 1.24 1.25 1.26 1.27 1.29 1.35 1.45 1.60 1.80 2.02 2.16 2.12 1.85 1.54 1.41 1.44 1.53 1.68 1.81 1.86 1.92 1.96 1.96 1.92 1.86 1.85 1.90 2.01 2.20 2.31 2.28 2.25 2.25 2.20 2.04 1.83 1.72 1.70 1.73 1.62 1.46 1.45 1.51 1.42 1.29 1.27 1.31 1.41 1.47 1.44 1.46 1.53 1.53 1.43 1.29 1.20 1.23 1.37 1.43 1.17 0.86 0.77 0.82 0.94
1.29 1.28 1.29 1.29 1.27 1.25 1.25 1.25 1.25 1.24 1.24 1.24 1.24 1.24 1.23 1.21 1.21 1.21 1.22 1.23 1.24 1.26 1.27 1.28 1.29 1.31 1.33 1.39 1.50 1.63 1.80 2.02 2.07 1.95 1.85 1.84 1.84 1.87 1.95 2.01 2.03 2.05 2.05 2.04 2.00 1.94 1.93 1.97 2.06 2.18 2.24 2.22 2.22 2.24 2.15 1.93 1.69 1.51 1.53 1.54 1.36 1.21 1.29 1.34 1.25 1.16 1.17 1.25 1.34 1.31 1.20 1.20 1.28 1.32 1.36 1.40 1.41 1.48 1.57 1.40 1.02 0.81 0.75 0.82
1.30 1.29 1.28 1.29 1.29 1.28 1.27 1.26 1.26 1.26 1.25 1.24 1.24 1.23 1.23 1.22 1.20 1.20 1.21 1.22 1.24 1.25 1.27 1.28 1.29 1.30 1.29 1.30 1.35 1.41 1.53 1.74 1.95 1.99 1.89 1.80 1.79 1.85 1.92 1.95 1.90 1.80 1.75 1.76 1.78 1.77 1.74 1.68 1.60 1.58 1.61 1.66 1.76 1.94 2.00 1.88 1.76 1.58 1.42 1.43 1.37 1.25 1.27 1.36 1.30 1.13 1.09 1.17 1.30 1.32 1.15 1.07 1.13 1.26 1.38 1.45 1.48 1.56 1.70 1.68 1.39 1.07 0.88 0.83
1.30 1.29 1.27 1.28 1.29 1.28 1.27 1.26 1.26 1.25 1.25 1.25 1.25 1.25 1.24 1.23 1.22 1.21 1.19 1.19 1.21 1.22 1.25 1.28 1.27 1.26 1.28 1.32 1.42 1.60 1.80 1.93 1.97 1.93 1.72 1.56 1.61 1.67 1.66 1.62 1.60 1.54 1.49 1.49 1.50 1.49 1.46 1.39 1.32 1.30 1.27 1.28 1.38 1.60 1.82 1.82 1.82 1.82 1.68 1.50 1.32 1.22 1.31 1.50 1.51 1.25 1.10 1.18 1.39 1.49 1.34 1.26 1.32 1.37 1.39 1.42 1.50 1.61 1.76 1.83 1.66 1.34 1.07 0.91
1.31 1.30 1.28 1.27 1.26 1.26 1.25 1.25 1.25 1.24 1.23 1.24 1.25 1.25 1.25 1.24 1.24 1.23 1.21 1.20 1.20 1.21 1.22 1.26 1.28 1.27 1.27 1.30 1.39 1.58 1.76 1.89 1.93 1.97 1.81 1.52 1.51 1.57 1.54 1.49 1.49 1.47 1.43 1.39 1.34 1.29 1.26 1.22 1.20 1.21 1.21 1.19 1.19 1.29 1.50 1.57 1.57 1.72 1.89 1.84 1.52 1.27 1.35 1.60 1.75 1.55 1.20 1.08 1.25 1.56 1.64 1.59 1.54 1.47 1.41 1.42 1.49 1.62 1.82 2.02 1.97 1.66 1.36 1.11
1.31 1.32 1.32 1.30 1.28 1.27 1.27 1.26 1.25 1.24 1.23 1.23 1.23 1.23 1.24 1.24 1.23 1.23 1.22 1.22 1.21 1.20 1.20 1.21 1.25 1.27 1.26 1.24 1.24 1.27 1.37 1.54 1.72 1.93 2.02 1.84 1.62 1.54 1.54 1.52 1.49 1.43 1.32 1.25 1.19 1.12 1.09 1.10 1.12 1.13 1.15 1.14 1.12 1.12 1.19 1.26 1.27 1.33 1.62 1.91 1.81 1.47 1.36 1.52 1.80 1.81 1.45 1.09 1.08 1.39 1.66 1.69 1.58 1.46 1.37 1.32 1.34 1.40 1.54 1.86 2.12 2.06 1.81 1.48
1.30 1.31 1.32 1.33 1.32 1.30 1.28 1.27 1.27 1.26 1.24 1.23 1.23 1.23 1.22 1.22 1.22 1.22 1.22 1.22 1.22 1.21 1.19 1.17 1.16 1.18 1.20 1.20 1.16 1.11 1.17 1.35 1.59 1.82 2.02 2.03 1.79 1.54 1.46 1.41 1.36 1.33 1.26 1.20 1.19 1.15 1.09 1.11 1.16 1.19 1.21 1.21 1.21 1.19 1.21 1.26 1.25 1.20 1.29 1.64 1.75 1.47 1.26 1.32 1.65 1.93 1.79 1.40 1.20 1.21 1.33 1.43 1.43 1.32 1.24 1.20 1.16 1.09 1.02 1.21 1.67 1.99 2.03 1.81
1.30 1.29 1.30 1.31 1.32 1.30 1.28 1.27 1.27 1.26 1.25 1.23 1.23 1.22 1.22 1.22 1.22 1.22 1.22 1.21 1.20 1.20 1.18 1.16 1.14 1.13 1.14 1.15 1.15 1.16 1.24 1.36 1.50 1.61 1.71 1.80 1.76 1.59 1.42 1.29 1.21 1.23 1.28 1.26 1.26 1.27 1.24 1.22 1.23 1.23 1.26 1.30 1.35 1.37 1.38 1.39 1.41 1.38 1.36 1.54 1.68 1.47 1.21 1.18 1.39 1.79 1.96 1.76 1.46 1.20 1.07 1.10 1.15 1.16 1.19 1.19 1.13 1.09 1.03 0.97 1.12 1.45 1.80 1.95
1.31 1.31 1.30 1.29 1.29 1.29 1.28 1.26 1.25 1.25 1.25 1.24 1.24 1.23 1.23 1.23 1.22 1.22 1.22 1.21 1.20 1.19 1.18 1.17 1.16 1.15 1.14 1.16 1.23 1.33 1.37 1.36 1.33 1.35 1.44 1.50 1.53 1.51 1.43 1.32 1.26 1.26 1.30 1.34 1.35 1.34 1.33 1.34 1.35 1.33 1.31 1.34 1.43 1.48 1.44 1.43 1.52 1.61 1.62 1.70 1.79 1.64 1.34 1.17 1.19 1.45 1.76 1.77 1.55 1.33 1.18 1.13 1.16 1.22 1.25 1.20 1.16 1.26 1.37 1.25 1.07 1.18 1.52 1.88
