windninja/windninja_output/Output_2025-08-24_2300-2350_Google earth_Fire_150m_10min/merlingen_7.5mi_point_08-24-2025_2300_150m_vel.asc
ncols	158
nrows	163
xllcorner	391686.332397
yllcorner	5160024.123721
cellsize	150.000000
NODATA_value	-32768.000000
[rows 38 to 75 of 163, columns 0 to 83 of 158]
0.50 0.51 0.52 0.52 0.52 0.53 0.55 0.56 0.57 0.59 0.60 0.60 0.61 0.61 0.62 0.63 0.64 0.64 0.65 0.66 0.66 0.67 0.68 0.69 0.70 0.71 0.72 0.77 0.85 0.89 0.86 0.81 0.77 0.75 0.75 0.75 0.74 0.74 0.76 0.77 0.78 0.80 0.83 0.86 0.90 0.92 0.94 0.99 1.03 1.05 1.04 1.04 1.07 1.09 1.07 1.07 1.15 1.25 1.33 1.37 1.43 1.40 1.22 1.02 0.91 0.93 1.03 1.08 1.02 0.99 1.00 1.07 1.15 1.14 1.04 0.97 0.97 1.06 1.20 1.23 1.05 0.98 1.07 1.25
0.49 0.50 0.50 0.51 0.52 0.53 0.54 0.56 0.58 0.60 0.60 0.60 0.61 0.62 0.63 0.63 0.64 0.64 0.65 0.66 0.67 0.67 0.68 0.69 0.70 0.70 0.72 0.76 0.78 0.75 0.70 0.70 0.70 0.70 0.69 0.70 0.76 0.85 0.90 0.89 0.86 0.85 0.88 0.95 1.02 1.05 1.04 1.04 1.09 1.16 1.17 1.16 1.22 1.33 1.41 1.41 1.44 1.52 1.59 1.63 1.69 1.72 1.59 1.26 1.02 0.99 1.04 1.06 1.01 1.00 1.09 1.17 1.16 1.12 1.09 1.08 1.11 1.16 1.27 1.46 1.43 1.21 1.08 1.12
0.50 0.50 0.50 0.52 0.53 0.55 0.56 0.58 0.59 0.60 0.60 0.60 0.62 0.63 0.63 0.64 0.64 0.65 0.65 0.66 0.67 0.68 0.69 0.69 0.69 0.70 0.70 0.70 0.68 0.65 0.65 0.65 0.63 0.61 0.61 0.64 0.73 0.85 0.96 1.02 1.02 1.00 1.01 1.03 1.05 1.10 1.14 1.15 1.17 1.21 1.23 1.23 1.31 1.44 1.53 1.57 1.55 1.52 1.50 1.50 1.51 1.60 1.69 1.49 1.16 1.08 1.14 1.15 1.09 1.11 1.11 1.03 0.94 0.97 1.08 1.18 1.24 1.27 1.30 1.41 1.54 1.52 1.38 1.27
0.50 0.50 0.52 0.53 0.54 0.56 0.58 0.59 0.60 0.60 0.60 0.62 0.63 0.63 0.64 0.65 0.65 0.66 0.66 0.67 0.67 0.68 0.68 0.68 0.69 0.69 0.68 0.67 0.66 0.66 0.66 0.63 0.59 0.57 0.60 0.67 0.73 0.78 0.90 1.08 1.21 1.27 1.27 1.21 1.18 1.26 1.35 1.37 1.35 1.33 1.34 1.34 1.33 1.27 1.22 1.25 1.24 1.15 1.10 1.11 1.15 1.26 1.51 1.63 1.43 1.23 1.25 1.33 1.32 1.31 1.20 1.06 1.00 1.02 1.13 1.24 1.29 1.28 1.23 1.23 1.35 1.49 1.56 1.55
0.51 0.51 0.53 0.54 0.55 0.57 0.59 0.60 0.60 0.61 0.62 0.62 0.63 0.64 0.64 0.65 0.65 0.66 0.66 0.67 0.67 0.67 0.67 0.68 0.68 0.68 0.68 0.68 0.68 0.69 0.67 0.64 0.61 0.60 0.64 0.73 0.83 0.93 1.03 1.14 1.22 1.26 1.27 1.30 1.34 1.35 1.31 1.25 1.20 1.18 1.19 1.21 1.15 1.04 0.96 0.94 0.94 0.89 0.86 0.89 0.95 1.05 1.26 1.55 1.65 1.51 1.48 1.62 1.67 1.59 1.47 1.38 1.31 1.27 1.30 1.33 1.33 1.26 1.20 1.21 1.30 1.36 1.44 1.57
0.51 0.52 0.53 0.54 0.56 0.59 0.59 0.59 0.60 0.61 0.62 0.62 0.63 0.64 0.64 0.64 0.65 0.65 0.66 0.66 0.66 0.67 0.67 0.68 0.68 0.68 0.68 0.68 0.68 0.67 0.64 0.62 0.63 0.65 0.69 0.76 0.88 1.01 1.07 1.07 1.04 1.04 1.10 1.18 1.18 1.10 1.03 1.00 1.01 1.02 1.06 1.09 1.08 1.02 0.94 0.88 0.86 0.85 0.85 0.88 0.91 0.94 1.03 1.24 1.53 1.69 1.74 1.82 1.93 2.00 1.98 1.93 1.83 1.71 1.64 1.56 1.45 1.33 1.24 1.21 1.28 1.36 1.46 1.57
0.52 0.52 0.52 0.55 0.57 0.58 0.59 0.59 0.60 0.61 0.62 0.63 0.63 0.63 0.64 0.64 0.65 0.65 0.66 0.67 0.67 0.67 0.68 0.68 0.68 0.68 0.69 0.69 0.68 0.65 0.64 0.64 0.66 0.68 0.70 0.75 0.82 0.85 0.84 0.85 0.87 0.94 1.01 1.02 0.97 0.92 0.90 0.94 1.03 1.13 1.17 1.16 1.13 1.06 0.99 0.92 0.86 0.86 0.89 0.94 0.99 0.99 1.00 1.09 1.31 1.56 1.69 1.73 1.84 2.04 2.14 2.15 2.13 2.02 1.84 1.66 1.51 1.41 1.31 1.23 1.23 1.35 1.50 1.52
0.52 0.52 0.54 0.56 0.57 0.57 0.58 0.60 0.61 0.61 0.62 0.62 0.63 0.64 0.64 0.65 0.66 0.67 0.67 0.67 0.68 0.68 0.68 0.68 0.68 0.69 0.69 0.68 0.67 0.66 0.66 0.67 0.68 0.69 0.70 0.72 0.72 0.70 0.70 0.74 0.82 0.91 0.94 0.91 0.88 0.91 0.96 1.02 1.11 1.15 1.11 1.07 1.04 0.97 0.93 0.91 0.87 0.86 0.91 1.01 1.10 1.16 1.20 1.27 1.37 1.42 1.47 1.49 1.46 1.49 1.63 1.75 1.84 1.84 1.73 1.59 1.46 1.41 1.40 1.39 1.41 1.42 1.35 1.26
0.53 0.53 0.55 0.56 0.56 0.56 0.58 0.59 0.60 0.61 0.62 0.63 0.63 0.64 0.65 0.65 0.66 0.66 0.67 0.67 0.67 0.67 0.68 0.68 0.68 0.68 0.68 0.67 0.67 0.67 0.66 0.67 0.68 0.69 0.70 0.70 0.67 0.66 0.68 0.74 0.80 0.84 0.86 0.86 0.85 0.89 0.99 1.09 1.10 1.03 0.97 0.96 0.96 0.91 0.86 0.89 0.91 0.91 0.96 1.08 1.23 1.34 1.41 1.44 1.42 1.36 1.31 1.30 1.25 1.21 1.25 1.35 1.47 1.56 1.59 1.57 1.48 1.42 1.45 1.46 1.38 1.24 1.09 1.06
0.54 0.55 0.55 0.55 0.54 0.55 0.56 0.58 0.59 0.61 0.62 0.63 0.64 0.64 0.65 0.65 0.66 0.66 0.66 0.67 0.67 0.66 0.67 0.67 0.68 0.67 0.67 0.67 0.68 0.67 0.67 0.66 0.66 0.66 0.66 0.65 0.66 0.67 0.68 0.71 0.74 0.77 0.80 0.85 0.89 0.93 0.99 1.02 0.99 0.94 0.92 0.92 0.93 0.96 0.95 0.97 1.01 1.04 1.08 1.16 1.27 1.36 1.36 1.30 1.23 1.18 1.14 1.16 1.19 1.18 1.18 1.19 1.28 1.39 1.48 1.51 1.46 1.36 1.29 1.23 1.12 1.01 1.00 1.06
0.55 0.55 0.55 0.54 0.54 0.54 0.55 0.57 0.59 0.60 0.61 0.62 0.63 0.64 0.64 0.64 0.65 0.65 0.65 0.66 0.66 0.66 0.67 0.67 0.67 0.67 0.67 0.68 0.68 0.68 0.68 0.67 0.66 0.65 0.64 0.64 0.65 0.66 0.66 0.67 0.68 0.69 0.71 0.79 0.91 0.98 1.00 0.97 0.93 0.91 0.89 0.89 0.89 0.92 0.96 1.01 1.07 1.15 1.26 1.31 1.30 1.26 1.19 1.09 1.01 0.99 1.02 1.07 1.11 1.12 1.12 1.13 1.19 1.29 1.38 1.43 1.40 1.32 1.22 1.16 1.13 1.09 1.09 1.15
0.55 0.55 0.54 0.53 0.53 0.55 0.56 0.57 0.58 0.59 0.61 0.61 0.62 0.63 0.64 0.64 0.64 0.65 0.65 0.66 0.66 0.67 0.67 0.68 0.68 0.68 0.68 0.68 0.68 0.68 0.68 0.68 0.67 0.67 0.67 0.67 0.67 0.68 0.67 0.66 0.64 0.62 0.65 0.74 0.84 0.91 0.92 0.89 0.86 0.85 0.87 0.93 0.96 1.00 1.06 1.11 1.17 1.26 1.33 1.33 1.26 1.16 1.08 1.01 0.94 0.94 0.97 1.00 1.04 1.07 1.10 1.13 1.16 1.22 1.31 1.39 1.42 1.42 1.38 1.33 1.30 1.28 1.24 1.23
0.55 0.55 0.54 0.55 0.56 0.58 0.59 0.58 0.58 0.59 0.60 0.61 0.62 0.63 0.64 0.65 0.65 0.65 0.66 0.66 0.67 0.67 0.67 0.68 0.69 0.69 0.69 0.68 0.68 0.68 0.68 0.68 0.68 0.68 0.68 0.67 0.68 0.68 0.67 0.65 0.64 0.64 0.68 0.72 0.78 0.81 0.81 0.79 0.75 0.72 0.74 0.85 0.99 1.10 1.19 1.25 1.31 1.32 1.25 1.16 1.07 1.01 0.98 0.96 0.93 0.93 0.93 0.95 0.97 1.00 1.03 1.06 1.10 1.16 1.24 1.33 1.40 1.45 1.46 1.44 1.40 1.38 1.34 1.29
0.54 0.54 0.54 0.56 0.60 0.63 0.63 0.61 0.60 0.60 0.61 0.62 0.62 0.63 0.63 0.64 0.65 0.65 0.66 0.66 0.67 0.68 0.68 0.68 0.68 0.69 0.68 0.68 0.68 0.68 0.68 0.68 0.69 0.68 0.68 0.67 0.65 0.64 0.63 0.64 0.65 0.66 0.68 0.71 0.74 0.75 0.74 0.74 0.74 0.72 0.74 0.87 0.97 1.04 1.13 1.23 1.26 1.21 1.12 1.03 0.96 0.93 0.95 0.94 0.92 0.92 0.93 0.95 0.96 0.98 0.99 1.03 1.07 1.13 1.19 1.23 1.27 1.33 1.41 1.47 1.47 1.41 1.31 1.24
0.53 0.53 0.53 0.56 0.59 0.61 0.62 0.62 0.62 0.62 0.61 0.61 0.62 0.62 0.63 0.63 0.64 0.65 0.65 0.66 0.67 0.67 0.67 0.67 0.67 0.68 0.68 0.68 0.69 0.69 0.69 0.69 0.69 0.68 0.68 0.67 0.65 0.63 0.63 0.64 0.65 0.66 0.68 0.70 0.71 0.70 0.69 0.74 0.85 0.94 1.02 1.10 1.14 1.12 1.12 1.12 1.09 1.05 1.02 0.99 0.96 0.96 0.98 0.97 0.94 0.94 0.97 0.99 0.99 1.00 1.03 1.07 1.12 1.16 1.18 1.17 1.16 1.18 1.24 1.35 1.44 1.47 1.38 1.22
0.55 0.55 0.56 0.59 0.61 0.61 0.62 0.63 0.63 0.61 0.59 0.60 0.61 0.62 0.63 0.64 0.64 0.64 0.65 0.65 0.65 0.66 0.67 0.67 0.67 0.68 0.68 0.68 0.69 0.69 0.69 0.69 0.69 0.69 0.68 0.67 0.66 0.65 0.64 0.64 0.66 0.68 0.70 0.69 0.68 0.68 0.71 0.79 0.94 1.08 1.13 1.13 1.15 1.18 1.14 1.06 0.99 0.98 0.99 1.00 0.99 0.99 1.01 1.02 1.01 1.01 1.03 1.06 1.07 1.08 1.11 1.15 1.19 1.20 1.19 1.18 1.15 1.12 1.10 1.15 1.29 1.45 1.52 1.43
0.59 0.59 0.60 0.62 0.63 0.64 0.64 0.64 0.62 0.59 0.58 0.58 0.59 0.61 0.62 0.63 0.64 0.64 0.65 0.65 0.66 0.66 0.67 0.67 0.67 0.68 0.68 0.68 0.69 0.69 0.69 0.69 0.69 0.69 0.68 0.68 0.67 0.66 0.65 0.64 0.65 0.66 0.66 0.62 0.60 0.63 0.72 0.81 0.92 1.01 1.04 1.04 1.04 1.08 1.08 1.03 0.99 0.98 1.02 1.07 1.08 1.08 1.09 1.10 1.11 1.13 1.15 1.20 1.25 1.26 1.25 1.22 1.19 1.17 1.18 1.19 1.18 1.17 1.14 1.14 1.23 1.40 1.57 1.65
0.60 0.61 0.60 0.57 0.55 0.55 0.56 0.58 0.61 0.61 0.58 0.57 0.57 0.59 0.60 0.61 0.62 0.63 0.65 0.66 0.66 0.66 0.66 0.66 0.67 0.68 0.68 0.68 0.69 0.69 0.69 0.69 0.69 0.69 0.69 0.68 0.68 0.67 0.66 0.65 0.62 0.59 0.57 0.55 0.56 0.59 0.67 0.79 0.87 0.91 0.96 1.02 1.04 1.04 1.04 1.03 1.00 1.01 1.05 1.11 1.17 1.22 1.25 1.23 1.19 1.18 1.19 1.22 1.28 1.31 1.28 1.21 1.17 1.17 1.20 1.22 1.23 1.25 1.26 1.26 1.29 1.39 1.51 1.62
0.58 0.59 0.59 0.56 0.51 0.48 0.49 0.52 0.56 0.61 0.61 0.59 0.57 0.57 0.58 0.59 0.61 0.62 0.63 0.64 0.65 0.66 0.66 0.67 0.67 0.67 0.68 0.68 0.69 0.69 0.69 0.69 0.69 0.69 0.69 0.69 0.68 0.68 0.67 0.65 0.62 0.59 0.57 0.58 0.60 0.62 0.68 0.74 0.78 0.82 0.88 0.95 0.98 1.00 1.01 1.00 1.01 1.04 1.07 1.13 1.20 1.26 1.30 1.29 1.19 1.11 1.08 1.09 1.10 1.14 1.17 1.21 1.25 1.27 1.28 1.29 1.31 1.34 1.37 1.38 1.36 1.36 1.41 1.50
0.58 0.58 0.59 0.60 0.59 0.56 0.53 0.52 0.54 0.60 0.66 0.66 0.62 0.58 0.56 0.58 0.60 0.62 0.62 0.63 0.64 0.66 0.67 0.67 0.67 0.67 0.68 0.68 0.68 0.69 0.69 0.69 0.69 0.69 0.69 0.69 0.69 0.68 0.68 0.67 0.65 0.63 0.62 0.62 0.62 0.63 0.64 0.64 0.66 0.71 0.78 0.85 0.90 0.93 0.97 0.99 1.02 1.09 1.15 1.20 1.22 1.22 1.23 1.27 1.22 1.11 1.04 1.02 1.02 1.06 1.15 1.26 1.32 1.33 1.35 1.38 1.42 1.46 1.49 1.50 1.48 1.43 1.40 1.40
0.59 0.59 0.59 0.60 0.61 0.61 0.60 0.57 0.57 0.60 0.65 0.68 0.66 0.61 0.56 0.55 0.57 0.60 0.61 0.63 0.64 0.64 0.65 0.66 0.67 0.67 0.68 0.68 0.68 0.69 0.69 0.69 0.69 0.69 0.69 0.69 0.69 0.69 0.68 0.68 0.67 0.66 0.65 0.63 0.62 0.60 0.57 0.55 0.56 0.60 0.67 0.76 0.84 0.89 0.94 0.97 0.99 1.05 1.12 1.16 1.18 1.19 1.22 1.27 1.27 1.18 1.09 1.07 1.11 1.18 1.23 1.28 1.33 1.36 1.40 1.44 1.48 1.53 1.57 1.58 1.57 1.53 1.46 1.40
0.60 0.60 0.59 0.58 0.58 0.58 0.60 0.60 0.58 0.56 0.55 0.59 0.64 0.65 0.62 0.57 0.56 0.57 0.60 0.62 0.63 0.64 0.65 0.66 0.66 0.67 0.67 0.68 0.68 0.69 0.69 0.69 0.69 0.69 0.69 0.69 0.69 0.69 0.69 0.68 0.68 0.67 0.66 0.65 0.64 0.61 0.59 0.56 0.55 0.56 0.60 0.68 0.79 0.86 0.91 0.94 0.95 0.97 1.02 1.05 1.07 1.12 1.19 1.26 1.28 1.22 1.16 1.15 1.18 1.22 1.23 1.26 1.33 1.38 1.43 1.47 1.48 1.49 1.50 1.49 1.48 1.49 1.50 1.48
0.60 0.60 0.59 0.58 0.57 0.57 0.57 0.57 0.56 0.54 0.54 0.56 0.63 0.70 0.71 0.66 0.59 0.56 0.57 0.60 0.62 0.64 0.66 0.66 0.66 0.67 0.67 0.67 0.68 0.68 0.69 0.69 0.69 0.69 0.70 0.70 0.70 0.69 0.69 0.69 0.69 0.68 0.68 0.67 0.66 0.64 0.63 0.61 0.58 0.56 0.57 0.61 0.69 0.77 0.84 0.90 0.92 0.93 0.94 0.95 0.97 1.00 1.07 1.19 1.26 1.25 1.17 1.10 1.12 1.17 1.20 1.25 1.31 1.37 1.42 1.47 1.48 1.45 1.41 1.38 1.37 1.40 1.44 1.46
0.60 0.59 0.58 0.58 0.58 0.58 0.57 0.57 0.58 0.58 0.58 0.59 0.62 0.68 0.73 0.74 0.68 0.62 0.58 0.58 0.60 0.62 0.63 0.65 0.65 0.66 0.66 0.67 0.67 0.68 0.68 0.69 0.69 0.69 0.70 0.70 0.70 0.70 0.70 0.69 0.69 0.69 0.68 0.68 0.67 0.66 0.65 0.63 0.61 0.58 0.57 0.56 0.58 0.64 0.72 0.78 0.82 0.84 0.83 0.83 0.84 0.87 0.95 1.08 1.19 1.23 1.19 1.11 1.10 1.16 1.22 1.26 1.30 1.34 1.38 1.40 1.41 1.41 1.39 1.39 1.38 1.37 1.38 1.38
0.59 0.58 0.57 0.57 0.57 0.59 0.61 0.61 0.60 0.59 0.58 0.58 0.59 0.61 0.66 0.73 0.75 0.70 0.63 0.58 0.57 0.59 0.61 0.63 0.64 0.65 0.65 0.66 0.67 0.68 0.68 0.69 0.69 0.69 0.70 0.70 0.70 0.70 0.70 0.70 0.70 0.69 0.69 0.69 0.68 0.67 0.66 0.65 0.63 0.61 0.58 0.57 0.56 0.57 0.63 0.70 0.75 0.76 0.76 0.76 0.78 0.83 0.91 1.02 1.13 1.19 1.20 1.18 1.17 1.20 1.24 1.27 1.30 1.32 1.36 1.37 1.36 1.37 1.40 1.42 1.41 1.40 1.40 1.39
0.60 0.57 0.54 0.54 0.55 0.58 0.61 0.62 0.62 0.60 0.59 0.57 0.56 0.57 0.60 0.67 0.74 0.76 0.72 0.65 0.61 0.59 0.60 0.62 0.64 0.65 0.66 0.67 0.67 0.67 0.68 0.68 0.69 0.69 0.70 0.70 0.70 0.70 0.70 0.70 0.70 0.70 0.70 0.69 0.69 0.68 0.67 0.66 0.65 0.63 0.61 0.60 0.59 0.59 0.64 0.72 0.76 0.75 0.75 0.79 0.84 0.90 0.93 0.93 0.95 0.99 1.00 1.10 1.18 1.23 1.25 1.28 1.31 1.33 1.34 1.36 1.38 1.41 1.45 1.48 1.50 1.49 1.51 1.53
0.63 0.58 0.53 0.53 0.53 0.54 0.55 0.57 0.58 0.59 0.59 0.57 0.57 0.58 0.59 0.62 0.69 0.77 0.79 0.74 0.68 0.62 0.59 0.59 0.62 0.64 0.65 0.66 0.66 0.66 0.67 0.68 0.69 0.69 0.70 0.70 0.70 0.70 0.70 0.70 0.70 0.70 0.70 0.70 0.69 0.69 0.68 0.67 0.66 0.64 0.62 0.60 0.58 0.59 0.62 0.69 0.78 0.81 0.80 0.82 0.85 0.86 0.83 0.78 0.77 0.79 0.88 1.02 1.15 1.23 1.28 1.30 1.32 1.32 1.32 1.36 1.43 1.51 1.57 1.60 1.61 1.60 1.61 1.65
0.69 0.64 0.58 0.56 0.55 0.54 0.53 0.53 0.53 0.53 0.56 0.57 0.56 0.56 0.58 0.59 0.62 0.69 0.76 0.79 0.75 0.69 0.63 0.60 0.59 0.62 0.64 0.66 0.66 0.67 0.67 0.68 0.68 0.69 0.69 0.70 0.70 0.70 0.71 0.71 0.71 0.71 0.70 0.70 0.70 0.69 0.69 0.68 0.67 0.66 0.63 0.59 0.56 0.55 0.56 0.61 0.72 0.83 0.85 0.81 0.75 0.71 0.78 0.86 0.93 0.98 1.04 1.09 1.13 1.17 1.23 1.27 1.29 1.28 1.29 1.35 1.45 1.52 1.56 1.60 1.62 1.63 1.66 1.74
0.73 0.72 0.68 0.62 0.57 0.57 0.59 0.60 0.60 0.58 0.58 0.60 0.58 0.55 0.57 0.59 0.59 0.60 0.68 0.77 0.81 0.79 0.73 0.67 0.62 0.62 0.63 0.65 0.66 0.67 0.67 0.67 0.68 0.69 0.69 0.70 0.70 0.70 0.71 0.71 0.71 0.71 0.71 0.71 0.70 0.70 0.70 0.69 0.68 0.66 0.64 0.61 0.57 0.54 0.52 0.53 0.57 0.68 0.77 0.75 0.70 0.74 0.90 1.07 1.17 1.19 1.16 1.11 1.09 1.10 1.13 1.18 1.23 1.27 1.31 1.35 1.38 1.43 1.48 1.58 1.70 1.78 1.88 2.01
0.76 0.82 0.87 0.80 0.70 0.65 0.67 0.69 0.68 0.65 0.62 0.61 0.61 0.60 0.57 0.56 0.57 0.58 0.62 0.69 0.78 0.83 0.83 0.79 0.72 0.65 0.61 0.60 0.61 0.62 0.64 0.66 0.67 0.68 0.69 0.69 0.70 0.70 0.71 0.71 0.71 0.71 0.71 0.71 0.71 0.70 0.70 0.69 0.69 0.67 0.66 0.64 0.60 0.56 0.52 0.47 0.44 0.44 0.53 0.62 0.67 0.76 0.87 1.01 1.12 1.17 1.16 1.10 1.06 1.05 1.07 1.11 1.17 1.23 1.28 1.30 1.31 1.37 1.48 1.63 1.81 1.93 1.99 1.96
0.76 0.85 1.00 1.08 1.06 0.98 0.91 0.88 0.81 0.73 0.68 0.66 0.65 0.65 0.62 0.58 0.58 0.59 0.60 0.62 0.66 0.74 0.82 0.85 0.83 0.76 0.67 0.60 0.56 0.57 0.60 0.63 0.65 0.67 0.68 0.69 0.69 0.70 0.71 0.71 0.71 0.71 0.71 0.71 0.71 0.71 0.71 0.70 0.69 0.68 0.67 0.66 0.63 0.60 0.56 0.50 0.43 0.38 0.40 0.48 0.55 0.61 0.69 0.78 0.91 1.03 1.10 1.12 1.11 1.09 1.08 1.08 1.10 1.12 1.14 1.17 1.21 1.27 1.40 1.54 1.63 1.69 1.65 1.44
0.68 0.67 0.76 0.93 1.04 1.08 1.09 1.07 1.05 1.02 0.99 0.96 0.91 0.85 0.81 0.76 0.70 0.64 0.61 0.59 0.61 0.64 0.69 0.77 0.83 0.84 0.77 0.67 0.59 0.57 0.57 0.59 0.62 0.65 0.67 0.68 0.69 0.70 0.70 0.71 0.71 0.71 0.71 0.71 0.71 0.71 0.71 0.71 0.70 0.69 0.68 0.67 0.66 0.63 0.60 0.57 0.52 0.47 0.44 0.45 0.47 0.49 0.52 0.58 0.65 0.76 0.89 1.02 1.09 1.11 1.09 1.07 1.07 1.08 1.08 1.08 1.08 1.13 1.22 1.33 1.37 1.32 1.23 1.14
0.58 0.52 0.43 0.44 0.53 0.67 0.78 0.85 0.93 1.01 1.05 1.05 1.04 1.01 0.97 0.91 0.85 0.77 0.68 0.62 0.60 0.60 0.62 0.65 0.70 0.78 0.84 0.79 0.70 0.64 0.59 0.57 0.59 0.62 0.64 0.67 0.68 0.69 0.70 0.71 0.71 0.71 0.72 0.72 0.72 0.72 0.71 0.71 0.71 0.70 0.69 0.69 0.67 0.66 0.64 0.62 0.59 0.57 0.54 0.52 0.50 0.47 0.43 0.40 0.41 0.46 0.59 0.72 0.83 0.93 1.01 1.05 1.06 1.06 1.06 1.04 1.04 1.06 1.10 1.14 1.13 1.07 1.05 1.09
0.58 0.52 0.40 0.32 0.30 0.33 0.38 0.44 0.52 0.61 0.64 0.66 0.69 0.75 0.80 0.82 0.82 0.82 0.79 0.73 0.65 0.61 0.61 0.62 0.64 0.73 0.86 0.92 0.87 0.78 0.70 0.63 0.59 0.59 0.61 0.64 0.67 0.68 0.69 0.70 0.71 0.71 0.72 0.72 0.72 0.72 0.72 0.72 0.71 0.71 0.70 0.70 0.69 0.68 0.67 0.65 0.64 0.63 0.61 0.60 0.57 0.54 0.49 0.43 0.39 0.37 0.38 0.43 0.52 0.63 0.79 0.92 0.96 0.97 0.98 1.00 1.02 1.03 1.01 0.95 0.90 0.94 1.01 1.09
0.60 0.55 0.46 0.40 0.36 0.34 0.34 0.32 0.33 0.36 0.38 0.39 0.42 0.47 0.53 0.59 0.65 0.72 0.77 0.79 0.77 0.72 0.68 0.67 0.68 0.71 0.78 0.89 0.93 0.88 0.82 0.75 0.66 0.60 0.59 0.61 0.64 0.67 0.69 0.70 0.71 0.71 0.72 0.72 0.72 0.72 0.72 0.72 0.72 0.72 0.71 0.71 0.70 0.70 0.69 0.68 0.67 0.66 0.65 0.64 0.63 0.61 0.58 0.55 0.51 0.46 0.42 0.39 0.39 0.43 0.49 0.58 0.69 0.73 0.79 0.85 0.91 0.93 0.90 0.87 0.86 0.92 1.01 1.12
0.64 0.57 0.48 0.43 0.40 0.38 0.37 0.35 0.33 0.33 0.37 0.40 0.43 0.45 0.47 0.50 0.54 0.58 0.63 0.69 0.75 0.78 0.78 0.75 0.73 0.71 0.72 0.79 0.88 0.91 0.88 0.83 0.78 0.70 0.64 0.62 0.63 0.65 0.67 0.69 0.70 0.71 0.72 0.72 0.72 0.72 0.72 0.72 0.72 0.72 0.72 0.72 0.71 0.71 0.70 0.70 0.69 0.69 0.68 0.67 0.66 0.65 0.64 0.62 0.60 0.57 0.54 0.49 0.44 0.39 0.35 0.34 0.39 0.50 0.61 0.70 0.78 0.82 0.82 0.85 0.90 0.97 1.06 1.16
0.72 0.62 0.47 0.39 0.37 0.35 0.35 0.34 0.35 0.35 0.38 0.42 0.45 0.47 0.50 0.52 0.53 0.54 0.56 0.59 0.63 0.68 0.72 0.73 0.72 0.71 0.71 0.75 0.81 0.86 0.87 0.87 0.85 0.81 0.75 0.69 0.66 0.65 0.66 0.68 0.70 0.71 0.71 0.72 0.72 0.72 0.72 0.72 0.72 0.72 0.72 0.72 0.72 0.72 0.72 0.71 0.71 0.71 0.70 0.70 0.69 0.68 0.67 0.66 0.65 0.64 0.61 0.58 0.54 0.49 0.44 0.39 0.39 0.46 0.56 0.66 0.74 0.79 0.81 0.85 0.98 1.09 1.13 1.18
0.82 0.70 0.49 0.36 0.30 0.28 0.28 0.29 0.32 0.35 0.37 0.40 0.43 0.46 0.49 0.51 0.53 0.55 0.57 0.58 0.58 0.60 0.63 0.65 0.67 0.66 0.67 0.70 0.76 0.83 0.87 0.87 0.87 0.84 0.78 0.72 0.68 0.66 0.66 0.67 0.69 0.70 0.71 0.72 0.72 0.72 0.72 0.72 0.73 0.73 0.73 0.73 0.73 0.73 0.73 0.73 0.72 0.72 0.72 0.72 0.71 0.71 0.70 0.69 0.68 0.67 0.66 0.64 0.62 0.59 0.56 0.53 0.51 0.51 0.54 0.61 0.69 0.76 0.83 0.90 1.03 1.10 1.08 1.09
