windninja/windninja_output/Output_2025-08-24_0500-0550_Google earth_Fire_150m_10min/merlingen_7.5mi_point_08-24-2025_0500_150m_ang.asc
ncols	158
nrows	163
xllcorner	391686.332397
yllcorner	5160024.123721
cellsize	150.000000
NODATA_value	-32768.000000
[rows 0 to 41 of 163, columns 0 to 93 of 158]
222 223 224 223 224 226 226 224 224 225 225 222 217 218 224 234 245 248 247 251 248 230 221 223 229 234 234 229 227 227 228 229 231 230 229 233 238 240 241 238 233 232 232 234 235 237 240 239 230 223 220 218 218 219 220 221 222 223 224 223 221 220 220 218 215 214 216 219 222 222 221 220 220 218 218 219 220 223 225 223 222 220 222 225 227 226 222 223 224 222 221 222 221 219
223 224 224 224 226 228 227 228 230 230 226 220 215 217 224 231 237 238 240 242 239 226 220 224 229 232 230 228 228 229 229 230 230 229 230 233 234 233 233 231 230 230 229 229 230 230 231 230 227 224 222 222 222 223 223 222 222 222 222 222 221 220 219 218 216 216 218 220 222 222 220 220 219 218 218 219 220 222 223 221 220 221 223 225 226 225 221 222 224 223 223 223 223 221
222 224 224 224 228 228 227 229 231 229 222 214 211 215 223 228 229 228 230 232 228 221 218 223 228 228 227 227 229 230 231 231 230 229 229 229 227 226 226 224 224 224 224 224 224 222 221 221 220 220 222 223 224 225 224 222 221 220 220 220 219 218 218 217 217 217 219 222 223 221 219 219 218 218 218 218 218 221 221 218 217 220 223 223 224 222 217 218 221 222 223 224 222 220
219 222 223 223 226 225 223 224 222 220 215 209 209 215 222 228 228 226 227 228 226 222 216 218 224 224 222 222 222 224 226 228 228 228 226 225 225 225 224 222 220 219 220 220 219 218 218 218 217 216 216 217 219 220 220 220 220 220 220 220 218 217 217 217 217 217 218 222 223 221 219 218 219 219 220 219 218 220 222 218 214 218 221 220 221 221 213 212 215 215 217 219 217 215
216 221 223 223 225 223 221 222 221 218 215 209 209 215 223 228 229 229 229 229 227 224 217 213 218 219 218 217 216 216 218 220 222 222 222 222 223 222 221 219 216 215 215 216 216 216 216 216 216 216 216 216 217 219 220 220 220 220 220 220 219 218 217 217 217 217 218 221 223 221 219 220 220 220 220 221 221 223 222 219 216 218 221 219 220 221 214 208 209 209 211 213 211 208
220 222 224 224 224 223 222 224 224 222 218 213 210 216 225 229 231 231 231 231 230 229 222 212 214 217 217 216 215 214 215 216 217 217 217 218 217 216 216 214 213 213 214 216 216 217 217 217 217 217 217 218 219 220 221 221 220 220 219 219 218 217 216 217 217 217 217 221 222 219 219 221 221 218 217 219 221 222 221 220 219 220 222 220 220 222 218 211 209 207 207 208 207 203
224 226 226 226 225 224 225 226 225 223 219 215 212 218 228 231 231 231 229 229 230 230 226 215 212 217 219 218 216 215 215 216 216 215 215 214 213 213 213 213 213 215 217 219 220 220 220 219 219 218 218 218 218 219 220 221 221 220 218 217 215 214 213 215 216 216 217 220 221 217 216 218 218 215 214 215 218 219 218 218 220 220 219 220 221 223 222 218 214 209 206 207 207 205
226 227 228 229 230 229 229 229 227 224 220 215 212 217 227 230 229 229 227 226 227 228 225 218 213 215 219 219 217 216 217 218 218 217 217 216 215 215 216 217 217 219 220 222 222 222 221 221 219 218 218 218 217 218 220 221 220 218 216 214 212 210 211 213 214 215 216 218 219 216 214 216 216 214 213 215 219 220 217 217 221 220 217 217 218 220 220 218 215 211 209 211 213 214
227 228 229 231 233 234 234 232 228 226 222 217 212 216 225 228 227 227 227 226 227 227 224 219 212 207 212 216 215 217 220 220 219 220 221 221 220 220 221 222 223 224 224 223 223 222 221 222 220 217 218 219 218 218 221 220 217 216 214 213 213 212 211 213 215 216 216 216 216 215 216 219 219 217 216 217 220 220 218 219 223 222 215 212 212 212 213 212 209 204 202 204 208 208
228 229 231 231 232 233 233 232 229 226 223 220 215 216 225 228 227 227 225 225 225 224 222 218 212 205 206 212 214 216 221 221 219 221 223 224 223 223 224 225 225 225 224 224 225 224 222 223 221 218 219 220 218 219 221 221 219 218 218 219 219 218 215 217 219 219 217 215 214 216 219 222 221 220 219 219 222 221 216 216 219 219 215 210 210 209 209 208 203 200 202 202 202 200
230 230 231 231 231 231 231 230 228 226 225 222 218 218 225 229 228 227 224 224 223 222 221 218 213 208 204 209 214 216 220 221 220 223 226 225 224 224 225 225 224 224 224 225 226 226 225 225 224 222 224 224 222 223 226 228 228 228 229 228 228 228 225 225 226 224 222 219 216 219 222 222 220 218 219 221 224 221 213 212 214 216 215 211 211 208 207 209 206 203 207 207 204 202
231 231 232 232 231 231 230 229 228 227 226 224 221 219 225 230 229 227 226 225 225 224 222 219 215 211 208 211 216 218 222 224 224 226 228 228 227 225 225 225 224 225 225 224 226 227 227 229 231 233 237 237 237 239 242 242 241 240 240 241 243 245 243 242 240 237 232 226 220 221 221 220 219 216 215 216 216 215 209 207 210 213 212 210 207 203 206 211 208 203 209 215 211 207
232 232 233 232 231 231 231 230 229 228 227 225 223 221 226 232 232 229 227 226 226 226 225 223 220 218 216 217 220 223 225 226 226 227 228 230 229 228 226 225 225 225 224 223 226 227 228 232 239 244 248 251 254 257 260 259 254 248 247 250 254 257 260 265 266 260 251 238 225 220 220 220 219 214 208 207 208 209 207 204 207 210 210 209 207 204 207 212 207 201 209 218 215 210
233 233 233 233 232 232 231 230 230 229 227 226 223 222 227 234 236 233 230 229 228 227 228 228 226 223 219 219 220 222 225 227 228 227 227 228 228 227 227 226 227 229 230 232 235 236 233 231 235 242 246 249 252 257 263 267 264 255 247 245 248 249 251 256 264 268 266 262 245 225 221 221 219 212 205 205 209 211 210 208 208 209 209 211 212 209 211 216 213 207 214 223 223 221
234 234 234 234 233 233 232 231 230 229 228 227 223 220 223 231 235 234 233 233 231 230 230 229 227 224 220 219 220 222 225 228 228 227 225 225 226 227 229 232 237 239 243 247 248 245 241 233 229 232 236 238 238 241 245 249 251 245 234 232 234 234 232 232 234 240 244 251 260 248 222 220 217 213 209 211 215 218 219 218 215 212 213 217 219 217 220 222 221 219 228 237 239 239
235 235 235 234 234 234 233 232 231 230 229 227 224 219 220 227 229 228 229 231 231 229 228 227 226 223 219 219 220 221 222 223 221 222 225 229 233 236 238 241 245 243 242 242 239 236 236 235 230 228 227 225 221 221 223 226 227 223 218 223 227 227 225 221 221 224 226 229 233 232 218 223 221 217 214 214 218 222 224 223 219 217 221 225 227 228 230 232 231 231 236 243 244 244
236 236 236 235 234 234 233 232 232 231 229 227 226 222 221 227 228 227 226 226 227 226 225 224 224 222 219 218 218 218 219 221 222 226 234 240 244 244 241 239 237 233 230 230 228 226 227 228 227 226 223 218 215 216 218 220 222 218 212 216 223 225 223 218 218 222 223 222 222 219 213 225 232 223 216 216 218 221 222 221 220 221 227 232 236 240 241 242 244 239 233 234 235 236
237 237 236 236 235 234 233 233 232 231 230 228 227 225 225 230 232 229 226 225 226 226 225 225 225 224 222 219 219 220 223 225 228 231 234 235 235 233 230 228 227 226 227 228 227 226 225 222 219 219 220 218 217 218 219 220 220 217 211 213 220 223 221 217 216 220 222 221 221 219 215 212 219 221 217 216 216 219 224 227 229 231 233 236 240 244 245 242 243 241 233 230 230 230
238 237 237 236 235 235 234 233 232 231 230 229 228 227 227 230 233 232 230 229 228 227 226 227 227 226 224 222 223 225 227 227 226 226 227 228 228 227 226 226 226 226 227 227 226 226 223 219 218 220 220 220 220 219 218 218 218 217 214 214 220 222 220 217 216 218 222 223 221 219 214 207 208 213 214 218 225 232 239 242 243 244 241 237 234 234 233 233 235 236 232 229 230 229
239 238 238 237 236 235 234 234 233 231 230 230 228 228 228 229 232 233 231 230 228 227 226 225 225 224 224 223 224 224 225 224 224 226 229 231 230 228 225 224 223 222 223 223 223 222 221 218 219 223 224 223 221 218 216 215 216 217 217 217 221 225 223 219 219 221 223 223 219 215 210 206 208 211 210 212 225 239 246 246 244 242 237 231 227 227 227 228 233 234 226 220 227 230
240 239 238 237 237 236 235 234 233 232 231 230 229 227 227 228 229 229 228 226 225 224 223 222 222 222 223 223 222 221 220 220 221 224 224 224 223 220 217 217 218 219 221 221 221 221 221 220 220 222 224 222 220 217 216 216 216 217 218 219 222 225 225 221 220 220 220 218 216 213 210 210 212 214 211 207 211 220 228 233 234 232 230 226 224 226 227 228 232 232 224 214 222 228
240 240 239 238 238 237 235 234 233 232 231 230 229 227 227 226 226 226 225 224 223 222 221 221 221 221 221 222 221 220 217 216 217 218 216 216 217 216 215 216 217 218 219 220 221 223 223 221 219 220 221 220 219 218 217 217 218 217 218 220 220 223 224 220 219 218 215 214 215 214 213 214 216 218 213 203 203 210 218 223 226 227 228 225 221 222 224 226 230 229 221 210 215 225
241 240 240 239 238 237 236 235 233 232 231 229 228 227 226 225 224 224 223 222 221 220 220 220 219 219 220 220 220 218 215 211 212 215 216 217 219 219 218 218 217 217 218 221 223 223 220 218 217 218 220 220 220 219 217 216 217 216 216 219 220 222 224 220 216 213 210 212 215 215 215 215 217 219 212 199 196 205 212 217 221 221 223 224 219 218 218 221 225 225 218 207 211 222
242 241 240 239 238 237 236 235 234 232 231 229 227 226 225 224 223 222 221 220 219 218 218 218 217 217 218 220 221 219 214 210 212 217 219 221 223 223 221 219 217 217 218 221 221 219 216 217 218 218 220 221 220 219 217 215 216 215 213 216 220 223 225 220 214 210 210 214 218 219 218 218 219 218 211 201 195 202 209 215 219 219 220 222 220 217 215 219 225 225 219 208 212 223
243 242 241 240 239 238 237 235 234 233 231 229 227 226 224 223 222 221 220 219 218 217 217 216 216 216 218 221 224 222 217 214 215 218 220 222 223 224 222 219 216 215 216 217 218 216 216 218 220 220 221 221 219 218 217 215 215 215 213 215 220 223 224 220 215 214 217 221 223 225 224 221 220 217 211 207 204 205 209 213 216 217 217 218 220 219 217 221 227 227 218 208 214 222
244 243 242 241 240 238 237 235 234 232 230 229 227 225 223 222 221 219 219 218 217 217 216 214 214 213 215 220 224 223 219 217 216 215 217 218 220 223 222 219 216 214 213 216 218 217 218 220 220 220 220 221 221 220 218 214 213 215 216 218 221 222 220 218 214 214 216 219 223 226 226 223 219 216 211 207 212 213 207 207 211 213 212 214 217 216 213 215 225 227 215 205 211 219
244 244 243 242 241 239 237 236 234 232 230 228 226 225 223 221 220 219 218 217 216 215 213 212 211 210 211 217 222 222 220 220 219 216 215 215 216 221 221 217 214 213 213 216 217 215 216 218 218 217 217 220 222 220 216 211 211 216 218 217 219 222 221 219 217 216 215 216 219 222 224 222 218 215 207 204 212 218 209 200 205 210 211 212 214 214 209 211 220 223 213 201 206 215
245 244 243 242 241 239 237 236 234 232 229 228 226 224 222 221 219 218 217 216 214 213 211 210 209 207 207 213 218 218 219 222 221 219 217 214 215 220 221 216 212 212 212 213 212 209 210 214 217 216 214 216 217 217 214 206 206 212 214 214 218 223 223 222 221 220 216 215 217 220 224 222 216 212 204 200 209 218 215 201 202 207 210 212 214 214 211 212 219 221 214 201 201 211
246 245 244 243 241 239 238 236 234 231 229 227 225 223 221 219 218 216 215 214 213 211 210 209 206 203 203 207 211 213 216 219 219 217 215 209 209 215 218 213 208 208 208 208 207 206 207 212 216 214 208 211 214 215 213 202 199 208 213 216 219 222 221 219 220 220 215 213 217 221 223 220 214 210 205 201 208 220 221 213 203 203 209 215 219 220 218 218 221 222 217 208 202 208
247 246 245 243 242 240 238 236 233 231 228 226 224 222 220 218 216 215 214 213 212 211 209 207 204 200 198 202 206 207 210 215 216 214 208 200 200 208 212 208 204 204 203 205 204 203 205 207 210 208 204 207 211 214 212 202 196 206 217 222 224 224 222 220 220 220 214 212 220 225 225 221 216 212 206 203 208 220 226 224 213 202 208 218 224 224 223 221 222 221 219 216 209 208
248 247 246 244 242 241 238 235 233 230 227 226 223 221 219 217 215 214 213 212 211 209 208 205 202 198 197 199 203 205 210 215 215 211 204 195 195 203 208 204 201 202 202 204 204 202 203 204 206 207 205 207 211 215 214 206 203 211 221 228 229 226 226 226 225 222 213 213 225 232 231 226 222 215 206 202 205 215 223 226 219 205 207 218 221 220 219 219 220 220 221 221 220 220
249 248 246 244 243 240 237 234 232 229 226 224 222 220 218 216 214 213 212 211 209 208 207 205 201 198 196 198 202 207 214 215 213 212 206 195 194 202 205 203 203 204 204 207 207 204 205 207 210 213 213 214 216 220 218 210 210 218 227 234 231 223 222 226 228 223 213 214 227 234 232 226 221 212 203 201 204 211 219 224 220 209 208 216 219 221 222 223 225 226 226 227 227 230
250 249 247 245 243 240 236 234 231 228 225 223 221 219 217 215 213 212 211 210 209 207 205 204 201 198 196 195 197 201 206 208 210 214 212 196 193 203 206 207 209 209 208 210 210 209 211 214 216 219 220 221 221 222 220 211 210 218 227 234 232 221 215 220 226 224 213 211 224 230 226 218 213 206 201 200 202 207 216 223 221 214 213 216 220 226 230 230 230 231 232 231 231 232
251 250 247 246 244 240 236 233 230 227 224 222 219 217 216 214 212 211 210 209 208 206 204 202 201 197 195 193 191 194 200 205 209 215 215 198 191 203 208 209 211 210 210 213 214 215 218 219 220 223 223 223 224 224 222 216 213 218 225 230 228 216 207 213 222 224 216 212 221 226 220 212 209 205 201 199 199 202 211 219 219 217 217 218 216 219 225 226 225 226 228 230 232 232
252 250 248 246 243 239 235 231 229 225 222 220 218 216 215 213 212 211 209 208 207 205 203 201 200 198 195 192 189 192 200 207 210 213 213 203 192 201 208 209 211 213 214 218 220 222 223 223 224 225 225 226 227 227 226 223 221 222 226 229 227 215 201 207 219 224 222 218 220 222 217 213 212 208 203 200 198 201 208 216 217 216 217 219 216 214 220 222 220 221 223 224 226 229
253 251 248 246 242 237 233 229 227 224 221 219 217 215 214 212 211 210 209 208 207 205 203 201 200 198 196 193 192 195 201 204 207 209 211 206 199 202 210 212 215 218 220 221 223 224 223 222 223 223 224 225 225 224 223 223 223 225 229 233 232 221 204 202 215 222 224 221 219 221 220 220 218 214 209 203 200 207 215 219 218 216 218 222 223 215 216 219 217 216 217 219 223 228
254 253 250 246 241 236 231 228 225 222 220 218 216 214 213 212 210 209 208 208 207 205 204 202 200 198 195 194 195 197 197 198 202 208 212 211 206 207 214 218 220 221 221 221 221 221 219 220 221 222 222 221 220 219 218 219 221 223 227 232 233 225 210 201 209 219 223 223 221 220 223 228 226 218 210 205 203 210 220 223 221 220 221 224 227 222 212 214 215 212 213 217 223 228
255 254 250 245 239 234 229 226 223 221 218 216 215 213 212 211 210 209 208 208 207 205 204 203 201 198 195 193 193 194 194 195 201 209 215 213 211 214 220 221 220 220 219 219 219 219 218 217 219 220 221 218 216 217 218 217 217 219 221 225 228 225 214 202 205 217 225 228 224 220 221 225 222 214 207 207 204 203 214 221 219 218 220 222 226 224 210 207 213 213 212 217 223 227
257 255 250 243 237 232 227 224 221 219 217 215 214 213 212 210 209 209 208 208 207 206 204 203 201 199 195 191 190 193 195 197 203 209 213 212 213 218 221 219 217 216 216 216 217 216 214 212 212 215 216 212 210 214 217 213 210 212 215 217 219 218 214 206 205 216 230 234 227 219 217 214 212 209 207 209 202 194 207 218 215 212 215 219 225 224 212 202 207 212 213 217 225 230
258 257 249 241 234 229 225 222 220 217 216 214 213 212 211 210 209 209 208 208 207 206 205 204 202 200 196 191 190 196 200 200 203 208 212 211 210 214 217 217 217 216 215 212 212 213 212 209 208 211 214 209 204 206 209 206 201 203 208 210 211 214 215 213 208 215 231 235 226 218 213 212 213 211 208 208 200 187 198 212 212 211 215 221 227 226 217 204 203 209 212 218 229 233
258 257 247 238 231 226 223 221 218 216 215 214 212 212 211 210 209 209 208 208 207 206 205 204 203 201 198 194 194 199 203 202 203 207 211 210 208 210 213 214 214 214 212 209 209 211 210 207 204 208 213 209 198 198 204 204 200 200 206 210 212 215 219 220 214 214 228 231 222 216 214 217 220 212 206 207 198 185 191 206 211 211 215 220 225 226 218 206 203 207 210 219 230 234
254 253 243 234 228 224 221 219 217 216 214 213 212 211 211 210 209 209 209 208 207 206 206 205 204 203 201 199 197 200 204 204 203 205 206 206 208 209 210 210 208 207 207 207 206 204 204 203 201 204 210 208 198 196 204 209 207 206 212 218 219 217 219 220 217 216 222 223 217 213 214 218 217 206 202 205 196 186 190 204 211 211 213 217 219 218 212 207 206 208 210 220 229 233
