windninja/windninja_output/Output_2025-08-24_0500-0550_Google earth_Fire_150m_10min/merlingen_7.5mi_point_08-24-2025_0500_150m_ang.asc
ncols	158
nrows	163
xllcorner	391686.332397
yllcorner	5160024.123721
cellsize	150.000000
NODATA_value	-32768.000000
[rows 42 to 83 of 163, columns 0 to 93 of 158]
245 243 236 230 226 223 220 218 217 215 214 213 212 211 211 210 210 209 209 209 208 207 207 206 206 204 203 201 199 200 204 204 203 202 200 200 203 204 203 203 204 206 207 206 203 200 202 205 206 207 212 212 205 202 208 215 215 216 221 226 224 218 217 218 217 216 215 214 212 210 211 212 210 201 199 202 195 189 192 203 209 210 213 215 214 212 210 211 212 211 214 219 225 229
235 234 230 227 224 221 219 218 217 215 214 213 213 212 211 211 210 210 210 209 209 208 207 207 207 205 204 203 201 202 205 205 203 199 195 194 197 198 198 200 205 209 209 207 204 204 208 212 213 213 215 214 208 206 211 216 218 219 223 226 225 221 218 216 216 214 209 208 208 205 205 206 205 199 198 199 196 192 195 202 208 210 212 213 213 212 213 216 217 216 216 218 224 229
226 226 225 224 222 220 219 218 216 215 214 214 213 212 212 211 211 211 210 210 209 208 208 208 207 207 205 204 204 204 205 205 202 198 194 191 192 196 199 203 207 210 211 209 208 210 213 215 213 211 211 211 209 208 212 217 219 220 222 223 222 221 219 216 215 213 210 207 205 203 203 205 205 203 203 203 199 196 199 205 208 208 209 213 215 215 216 219 221 222 221 220 227 232
219 220 221 221 221 220 219 218 216 215 215 214 213 213 212 212 211 211 211 210 210 209 209 208 208 207 207 206 206 205 204 204 202 198 195 192 193 197 202 204 206 209 212 212 209 211 213 213 210 208 210 213 213 213 217 220 221 221 221 219 218 217 214 211 211 212 211 210 205 205 208 210 211 211 211 208 202 198 202 205 205 206 211 219 220 218 218 220 223 225 224 225 231 233
214 215 217 219 220 220 219 218 217 216 215 214 214 213 213 212 212 212 211 211 210 210 210 209 209 208 208 208 207 206 205 205 203 199 196 195 196 198 200 202 204 209 214 213 210 211 212 211 209 210 213 215 217 219 221 222 222 221 219 215 212 212 209 207 209 211 212 212 208 208 213 215 217 218 215 212 204 199 202 205 207 212 220 225 223 220 219 220 222 224 225 227 230 231
210 211 215 217 219 220 220 218 217 216 215 215 214 213 213 213 213 212 212 212 211 211 211 210 210 210 209 209 208 207 207 206 205 202 199 198 198 198 198 200 203 208 212 211 210 211 211 211 211 211 214 216 218 220 219 219 219 218 216 210 206 209 210 211 213 215 215 214 211 210 213 216 219 220 217 214 207 203 205 211 218 222 225 224 221 219 219 219 221 223 225 227 228 227
207 209 213 216 218 221 220 218 217 217 216 215 215 214 214 214 214 213 213 213 212 212 211 211 211 211 210 209 209 208 208 207 206 204 202 200 200 200 199 200 203 207 210 209 208 210 211 211 211 211 214 218 220 221 219 218 218 215 211 205 203 210 216 218 219 219 216 214 212 213 215 217 219 219 218 215 211 208 211 217 222 223 222 220 217 216 216 217 218 219 222 226 227 226
206 207 211 215 218 221 221 219 217 217 217 216 215 215 215 215 214 214 214 213 213 212 212 212 212 211 210 210 210 209 209 208 207 206 203 200 200 201 200 201 204 208 209 207 208 212 213 212 212 212 213 217 219 219 217 216 215 211 207 204 206 213 220 224 223 219 216 214 213 214 215 217 218 218 217 214 211 209 211 216 219 219 218 216 214 213 213 213 214 216 221 226 228 227
206 207 210 213 217 220 220 220 218 217 217 216 216 215 215 215 215 214 214 214 213 213 212 212 212 212 211 211 211 210 210 209 208 207 205 202 201 202 201 202 204 206 205 204 208 214 215 214 216 216 216 218 217 213 212 212 211 209 207 208 212 218 226 228 224 217 215 214 214 216 217 218 218 217 215 212 209 208 211 215 217 218 217 215 214 212 210 211 214 218 221 225 228 228
209 207 208 211 215 217 219 220 218 217 216 216 216 216 216 216 216 215 215 215 214 214 213 213 213 212 212 212 211 211 211 210 209 208 207 205 204 204 203 203 204 206 204 202 208 214 214 215 219 220 217 217 216 213 211 212 211 211 211 213 217 222 229 231 223 216 214 213 214 216 217 218 217 216 214 212 210 209 211 215 217 219 220 218 215 212 212 215 218 221 222 225 228 230
213 209 207 211 216 217 218 220 219 216 216 217 217 217 217 217 216 216 215 215 215 214 214 214 214 213 213 212 212 212 211 211 210 210 209 208 207 205 204 203 204 207 205 201 206 213 213 212 215 213 208 209 211 212 212 214 214 213 215 217 219 222 230 231 221 213 211 211 213 215 216 215 214 214 214 213 212 210 212 215 217 220 222 222 220 218 218 219 221 223 224 225 227 228
214 210 205 209 215 216 216 220 221 219 217 217 217 217 217 217 217 216 216 216 216 215 215 215 214 214 214 213 213 213 212 212 211 211 210 210 209 207 205 203 204 207 205 201 204 210 210 206 208 206 204 206 209 211 215 217 214 214 216 219 220 223 230 229 218 210 208 209 212 213 212 211 211 213 215 214 213 213 216 217 217 219 221 221 222 223 222 221 222 224 225 225 223 222
210 210 207 206 213 214 214 219 222 221 219 218 218 218 218 218 217 217 217 217 216 216 215 215 215 214 214 214 214 213 213 213 212 212 211 211 210 209 208 205 204 207 208 205 204 207 206 202 203 203 204 209 211 214 219 218 212 212 215 218 219 223 228 225 214 206 203 204 208 209 209 210 212 215 215 215 213 215 217 216 215 217 218 217 218 220 222 222 222 223 223 223 219 217
206 209 211 210 215 218 217 219 222 223 221 219 219 219 219 219 218 218 217 217 217 217 216 216 215 215 215 214 214 214 214 213 213 213 212 212 211 210 209 208 207 210 212 210 206 204 202 199 199 201 204 210 211 215 221 217 210 211 214 216 217 220 223 221 212 204 202 202 206 209 210 213 215 215 215 214 213 214 216 213 211 213 215 215 215 217 217 218 220 223 225 223 219 216
206 209 213 214 218 222 221 220 222 224 223 220 221 220 219 219 219 219 218 218 218 217 217 216 216 215 215 215 215 215 214 214 214 213 213 213 212 212 211 210 210 211 212 210 206 201 197 196 197 198 202 210 212 216 222 216 208 210 213 215 216 218 221 221 214 205 202 203 207 212 214 215 214 213 213 212 211 213 213 211 210 212 214 214 215 216 216 216 218 222 227 227 218 210
208 209 212 214 216 219 220 219 220 223 221 219 221 222 220 220 220 219 219 218 218 218 217 217 216 216 216 216 215 215 215 215 214 214 214 213 213 213 212 212 212 211 211 209 206 203 198 195 196 195 199 211 215 219 222 214 206 209 212 212 214 218 222 222 216 207 203 204 209 213 213 213 212 211 211 209 209 210 209 208 209 211 214 215 218 220 220 219 218 219 222 217 204 202
209 209 212 214 216 218 219 219 219 222 220 219 221 223 222 221 221 220 219 219 219 219 218 218 217 216 216 216 216 216 216 215 215 215 215 214 214 213 213 213 212 212 211 210 208 207 204 199 196 192 196 210 216 220 221 213 206 209 212 212 214 218 221 222 217 209 203 202 206 209 209 210 211 210 209 207 207 208 206 206 208 211 214 217 220 223 223 223 220 216 214 208 201 204
209 210 212 215 218 219 221 221 221 223 222 221 221 223 223 222 221 221 220 219 219 219 219 218 217 217 217 217 217 216 216 216 216 215 215 215 215 214 214 213 213 213 212 211 210 209 207 204 198 190 190 205 216 220 220 213 208 211 214 214 215 218 221 222 219 212 204 200 203 208 209 209 210 209 207 206 206 206 206 207 209 212 215 216 218 221 222 220 217 213 211 210 208 213
209 211 213 216 219 221 222 224 224 224 222 220 220 221 222 222 222 221 221 220 219 219 219 218 218 218 218 217 217 217 217 216 216 216 216 215 215 215 215 214 214 213 213 212 211 210 209 206 202 194 187 198 215 220 218 214 211 214 216 216 217 219 222 222 219 213 206 200 204 210 210 209 209 207 205 205 206 207 208 210 211 214 216 217 217 219 219 218 215 212 212 213 213 217
210 212 215 217 219 221 223 224 225 224 221 218 217 219 220 221 222 221 221 220 220 220 219 219 219 219 219 218 218 217 217 217 217 217 216 216 216 215 215 215 214 214 214 213 212 212 210 209 206 200 191 196 214 221 219 216 217 219 219 218 219 220 222 222 220 215 208 203 206 210 209 208 208 206 204 205 207 208 209 211 212 215 218 219 220 219 218 215 214 213 211 214 217 219
214 215 217 218 219 221 222 223 224 224 223 219 219 219 220 221 222 221 221 221 221 221 220 220 219 219 219 219 218 218 218 217 217 217 217 217 216 216 216 215 215 215 214 214 213 213 212 211 209 205 198 198 212 219 218 219 222 223 221 220 220 220 220 219 218 215 209 205 207 208 207 207 207 205 204 205 207 209 210 211 213 216 219 222 222 221 220 216 214 214 212 218 223 223
219 219 220 221 221 221 222 224 224 224 224 222 220 219 219 221 222 222 221 221 221 221 220 220 219 220 220 219 218 218 218 218 218 217 217 217 217 217 216 216 216 215 215 215 214 214 213 212 211 209 204 200 208 213 211 216 223 224 221 218 215 214 216 220 223 220 212 208 207 206 206 207 207 204 202 205 207 208 208 210 213 215 218 220 220 220 219 216 215 217 218 223 224 225
225 223 222 222 222 223 225 226 226 225 226 224 221 218 218 220 221 221 220 221 221 220 221 220 219 220 221 220 219 219 219 218 218 218 218 218 217 217 217 216 216 216 216 215 215 215 214 213 213 211 208 205 208 211 206 211 221 223 219 216 212 213 220 228 232 225 213 207 205 205 205 206 207 204 202 203 205 205 205 207 212 214 216 218 218 219 218 216 216 217 220 223 224 227
225 223 221 221 222 224 225 228 229 229 228 227 223 219 219 220 220 220 220 221 221 220 221 221 220 220 221 220 220 219 219 219 219 218 218 218 218 217 217 217 217 216 216 216 216 215 215 215 214 213 212 210 211 212 207 208 219 221 219 216 212 215 223 227 224 216 207 203 203 203 204 206 207 204 201 201 201 202 202 207 212 215 216 216 217 219 219 217 216 216 219 223 226 229
218 218 219 221 223 223 222 224 226 227 227 227 224 220 219 220 221 221 221 221 220 219 220 220 220 220 221 220 220 220 219 219 219 219 219 218 218 218 218 217 217 217 217 217 216 216 216 216 215 215 214 214 214 214 212 211 218 222 222 219 213 210 215 216 214 210 205 202 203 203 204 207 208 203 200 198 199 200 202 207 211 212 211 209 212 218 218 217 217 218 220 223 227 230
203 208 214 217 220 221 217 219 224 227 227 225 223 220 219 220 222 221 220 221 220 218 219 219 219 220 222 223 223 222 221 220 220 219 219 219 219 218 218 218 218 217 217 217 217 217 217 216 216 216 216 216 216 216 217 218 224 230 230 225 213 205 208 213 212 210 207 205 204 204 204 207 207 202 199 198 198 198 200 203 205 206 205 204 213 223 223 219 220 220 221 224 228 231
181 196 207 210 213 212 208 211 221 226 225 222 221 220 218 218 221 221 220 221 221 220 219 219 218 219 222 225 226 224 223 221 220 220 220 219 219 219 219 218 218 218 218 218 217 217 217 217 217 217 217 217 217 218 219 221 226 232 235 230 217 208 210 214 213 211 209 207 205 204 204 207 207 202 199 199 198 196 196 199 201 203 207 212 227 234 227 220 221 221 223 226 230 232
171 185 204 209 212 213 207 207 215 218 215 212 213 213 213 214 217 220 221 221 221 221 221 220 218 218 223 227 226 225 224 222 221 220 220 220 219 219 219 219 219 218 218 218 218 218 218 218 218 218 218 218 218 218 219 221 223 226 229 229 222 216 216 218 215 212 211 208 205 204 205 208 207 202 199 200 198 196 194 198 203 209 217 226 239 238 225 219 221 222 224 226 229 230
186 195 215 225 228 226 218 212 217 219 215 211 212 212 212 212 215 218 220 221 221 222 223 223 219 218 223 226 224 224 224 223 222 221 220 220 220 220 219 219 219 219 219 219 218 218 218 218 218 218 218 218 218 219 219 220 221 222 223 224 222 221 223 227 225 221 216 212 208 206 206 209 207 201 200 201 200 196 194 198 208 218 226 235 241 235 222 220 222 223 223 224 225 225
206 211 225 238 246 245 238 232 234 234 228 224 224 222 219 217 217 218 219 219 220 222 224 224 218 214 220 223 222 221 222 223 223 222 221 220 220 220 220 219 219 219 219 219 219 219 219 219 219 219 219 219 219 219 219 220 220 221 221 221 221 221 223 226 227 227 225 221 216 210 208 210 208 202 201 203 201 197 195 203 215 225 231 239 239 227 219 220 223 225 224 223 223 220
219 222 229 235 241 244 244 245 249 247 241 239 238 234 230 227 224 222 220 219 218 220 221 220 215 211 218 222 222 221 220 221 222 222 221 221 220 220 220 220 220 219 219 219 219 219 219 219 219 219 219 219 219 219 220 220 220 220 220 220 220 220 220 221 222 222 223 224 222 218 214 216 213 207 204 205 204 200 199 208 219 227 234 238 233 220 217 221 225 226 224 224 225 222
229 231 234 237 240 243 243 245 248 246 241 238 236 234 233 230 228 227 225 222 220 219 219 218 214 211 217 222 223 222 221 221 222 221 220 220 220 220 220 220 220 220 220 220 220 220 220 220 219 219 219 219 219 220 220 220 220 220 220 220 220 220 220 220 220 219 219 220 221 223 224 226 222 212 208 208 207 204 202 210 220 228 233 233 225 218 218 222 226 225 221 221 224 225
236 238 242 245 247 248 248 247 246 243 240 237 235 232 230 229 228 227 227 225 223 223 221 220 216 213 216 220 223 224 222 221 221 220 219 218 219 220 220 220 220 220 220 220 220 220 220 220 220 220 220 220 220 220 220 220 220 220 220 220 220 219 219 219 218 218 218 218 219 219 220 220 217 209 205 205 205 204 203 210 219 224 228 226 221 220 222 223 225 224 220 216 214 212
242 244 250 255 257 258 256 252 248 244 241 238 236 233 231 230 228 226 226 225 225 225 225 223 220 216 217 220 222 224 223 222 222 222 221 220 220 220 220 220 220 220 220 220 220 220 220 220 220 220 220 220 220 220 220 220 220 220 220 220 219 219 219 219 218 218 218 218 217 217 216 214 210 205 200 202 200 200 203 208 216 222 225 223 221 220 222 223 225 226 226 216 207 209
247 249 255 262 268 270 266 260 254 248 243 239 236 234 232 230 228 227 226 225 224 225 224 224 221 218 220 222 222 223 223 224 225 226 227 224 222 221 220 219 219 220 220 221 221 221 221 221 221 221 221 220 220 220 220 220 220 220 220 220 219 219 219 219 218 218 218 217 217 216 214 213 211 206 200 198 195 195 200 208 217 224 227 227 227 227 227 228 230 233 232 220 210 213
251 252 256 264 274 280 279 273 262 252 244 239 236 235 233 231 229 227 226 225 225 224 224 223 221 220 222 224 223 223 225 226 226 226 226 224 222 222 221 220 219 220 221 221 221 221 222 222 222 221 221 221 221 220 220 220 220 220 220 220 219 219 219 219 218 218 218 217 216 216 215 214 212 208 203 198 192 189 195 211 223 227 230 232 233 235 237 235 233 229 219 207 205 212
255 255 253 261 277 287 289 282 268 254 243 236 235 234 232 230 229 227 226 225 225 225 224 223 219 219 223 225 224 223 223 225 224 224 224 223 221 221 222 222 220 220 221 222 222 223 223 223 222 222 222 221 221 221 220 220 220 220 220 220 219 219 219 219 219 218 218 217 217 216 215 214 212 210 206 200 193 185 192 214 225 225 227 229 226 226 227 225 219 214 208 204 205 211
254 252 246 248 263 279 285 276 261 246 235 232 233 232 231 230 229 227 225 225 225 225 225 223 218 218 222 223 222 220 219 222 223 224 225 223 221 221 223 223 221 221 223 224 224 224 224 225 224 224 223 222 221 221 220 220 220 220 220 220 220 219 219 219 219 218 218 217 217 216 215 214 213 211 208 203 197 188 191 211 221 220 218 217 216 216 217 215 212 209 208 209 210 212
246 242 235 235 239 238 231 218 222 223 222 225 229 231 230 229 229 228 226 226 226 226 225 223 217 217 222 222 221 219 218 220 221 222 223 223 221 220 222 223 221 221 225 226 226 227 227 228 228 227 225 223 222 221 220 220 220 220 220 220 220 219 219 219 219 218 218 217 217 216 215 214 213 212 209 206 201 194 193 203 209 210 210 210 212 214 215 212 210 212 213 214 214 213
244 244 239 234 236 232 216 203 206 209 211 218 226 229 229 230 230 229 227 226 226 226 225 222 217 218 223 224 222 219 218 218 219 220 221 222 220 220 221 221 220 219 223 227 230 233 233 234 235 234 229 224 221 220 220 220 220 220 220 220 220 220 219 219 219 219 218 218 217 216 215 214 214 212 210 208 203 198 195 194 195 200 206 210 212 215 215 211 210 213 214 215 216 215
254 252 242 236 236 232 222 213 210 210 211 217 225 228 229 230 231 230 229 228 227 227 226 222 218 219 223 223 222 221 220 221 222 224 225 224 222 221 221 221 219 217 219 221 224 225 226 226 227 228 226 223 221 220 220 220 220 220 220 220 220 220 220 219 219 219 218 218 217 217 216 215 214 213 211 209 205 200 195 189 185 192 204 210 213 214 213 210 210 213 214 216 216 215
243 235 224 229 231 230 226 222 220 220 220 223 227 230 232 233 233 234 232 231 230 228 227 223 218 217 221 221 221 222 222 222 224 227 229 230 228 225 223 222 220 218 216 215 215 215 214 214 215 216 216 216 216 217 218 220 220 220 220 220 220 220 220 219 219 219 219 218 218 217 216 215 215 214 212 210 207 202 197 189 181 185 198 206 211 214 214 212 212 214 216 217 218 217
