windninja/windninja_output/Output_2025-08-24_0500-0550_Google earth_Fire_150m_10min/merlingen_7.5mi_point_08-24-2025_0520_150m_ang.asc
ncols	158
nrows	163
xllcorner	391686.332397
yllcorner	5160024.123721
cellsize	150.000000
NODATA_value	-32768.000000
[rows 84 to 125 of 163, columns 0 to 93 of 158]
249 246 245 247 244 241 238 236 237 236 237 239 241 243 245 246 247 247 248 249 249 247 245 242 239 238 238 238 237 238 237 237 237 239 242 244 245 244 241 239 236 235 234 234 235 235 236 238 239 238 235 234 235 237 239 241 242 242 242 242 242 243 243 243 243 243 243 243 243 243 243 243 244 244 244 244 243 243 241 234 214 204 216 235 256 261 260 258 257 256 255 253 250 248
250 249 249 249 248 245 241 239 241 241 241 241 240 242 243 244 245 247 249 250 251 251 249 246 243 240 240 240 239 239 237 236 235 235 237 240 242 244 245 243 240 238 238 239 240 242 244 246 248 246 243 240 238 238 239 241 242 243 243 243 243 243 243 243 243 243 243 243 243 243 243 243 244 244 244 244 244 243 241 236 218 204 221 249 261 261 258 256 255 255 255 254 252 250
253 252 252 252 251 247 242 239 242 243 242 239 240 241 242 243 243 246 249 252 254 254 255 255 249 239 238 239 240 240 238 237 235 233 233 233 234 236 239 242 243 241 239 239 240 242 245 247 248 249 248 246 243 241 241 242 243 244 244 244 243 243 243 243 243 243 243 243 243 243 243 244 244 244 244 244 244 244 244 242 232 217 234 258 262 260 258 256 254 254 254 254 254 252
256 256 255 254 249 243 238 236 239 241 240 239 240 240 241 241 240 243 247 250 251 251 253 256 245 230 231 235 237 237 238 238 238 237 236 234 231 231 233 235 238 240 239 239 239 241 244 245 247 248 248 247 245 244 244 245 246 246 246 245 244 244 243 243 243 243 243 243 243 243 243 244 244 244 244 245 245 246 247 248 250 262 277 271 263 258 257 257 256 255 256 257 258 255
258 257 253 248 241 234 232 233 236 239 239 239 239 236 236 236 236 239 242 245 245 242 244 241 225 215 225 232 234 235 236 238 239 241 242 242 238 235 234 234 234 235 236 237 238 239 241 243 244 244 244 245 245 245 245 246 247 249 249 248 246 244 243 243 243 243 243 243 243 243 244 244 244 245 245 246 247 248 249 252 259 282 303 290 275 262 257 256 256 258 261 262 261 257
256 254 247 243 238 233 232 233 233 235 239 238 235 232 233 231 232 236 240 242 240 237 236 228 211 209 222 230 233 234 235 236 238 239 241 244 245 242 241 240 239 237 236 236 238 239 239 241 242 242 241 241 241 241 241 241 243 247 252 254 249 245 243 243 243 243 243 243 243 244 244 244 244 245 246 246 247 249 250 254 261 277 299 297 286 276 267 262 261 264 265 263 258 255
254 250 243 241 241 238 235 232 228 230 236 235 229 229 230 228 229 232 237 242 241 234 228 219 207 207 221 229 232 234 236 237 237 237 238 241 243 244 243 242 241 240 239 239 240 241 241 241 242 242 242 241 239 238 237 237 239 243 249 252 248 244 242 242 243 243 243 243 244 244 244 244 245 245 246 247 248 249 251 255 261 271 286 292 289 285 279 272 270 270 266 258 256 256
249 244 235 233 233 232 229 224 221 226 233 231 223 222 221 221 223 226 233 242 240 227 220 215 207 209 221 229 232 235 236 238 239 239 239 240 240 241 241 240 239 239 240 241 242 242 243 243 243 243 244 244 243 240 235 234 236 239 241 242 239 239 241 242 242 243 243 244 244 244 244 245 245 246 246 247 248 250 252 255 260 267 277 285 286 285 283 278 275 272 264 257 261 262
243 236 226 223 222 219 212 206 207 217 226 225 218 218 219 220 220 219 225 231 229 214 216 215 210 214 224 230 233 236 237 239 240 240 240 240 239 239 240 240 238 237 239 241 243 244 245 246 247 248 249 249 248 244 237 234 237 239 239 237 234 235 239 242 242 243 243 244 244 244 245 245 245 246 247 248 249 250 252 255 258 264 272 281 283 283 282 279 275 269 261 262 266 267
239 232 223 220 219 215 209 201 200 210 218 214 207 204 206 210 210 209 221 228 223 207 211 214 213 219 227 231 234 237 239 241 243 243 241 240 240 240 240 240 238 236 237 240 242 244 246 246 247 249 251 254 251 246 242 245 248 247 245 241 237 236 238 241 243 243 244 244 244 245 245 245 246 246 247 248 249 250 252 254 257 261 267 274 280 281 280 278 273 265 261 263 266 266
232 228 223 222 223 221 215 206 200 209 216 212 205 202 202 208 212 215 227 231 221 210 210 214 216 223 229 232 234 237 240 244 247 245 242 241 241 241 241 239 236 234 235 236 237 239 241 244 245 246 248 250 246 242 245 251 256 254 250 246 242 239 240 242 243 244 244 244 245 245 245 246 246 247 247 248 249 250 252 254 256 259 262 267 272 275 276 274 269 264 262 263 263 263
223 224 224 226 229 226 221 212 206 215 224 222 218 218 218 228 229 237 238 231 221 220 220 224 225 229 232 233 234 235 238 242 244 243 241 241 242 242 242 241 237 233 233 233 231 231 233 236 239 241 243 242 236 237 243 248 252 253 251 248 245 242 242 243 244 245 245 245 245 246 246 246 246 247 248 248 249 250 252 253 255 257 259 262 265 267 269 268 265 263 262 261 261 260
209 220 226 227 229 226 223 219 221 236 247 243 239 238 244 250 250 253 246 226 226 231 235 239 239 236 235 234 234 234 237 239 241 241 241 243 244 244 243 242 240 237 235 235 232 229 229 231 234 237 239 238 235 235 241 246 250 252 251 250 247 244 244 245 246 246 246 246 246 246 246 246 247 247 248 249 249 250 251 253 254 255 257 259 261 262 262 262 262 261 260 259 259 258
189 213 227 229 231 230 227 226 229 240 251 252 252 248 252 255 258 258 245 228 228 237 244 251 248 238 234 234 236 239 243 244 244 243 243 245 247 248 246 244 242 240 238 240 239 236 235 237 240 242 241 239 237 236 240 244 248 251 251 251 250 248 248 248 247 247 247 247 247 247 247 247 247 248 248 249 250 250 251 252 253 254 256 257 258 258 259 259 259 258 257 257 257 256
170 209 235 239 242 240 236 234 235 239 247 256 263 265 265 265 264 257 243 234 231 237 245 248 237 226 230 235 239 244 249 249 248 246 245 246 250 252 251 248 245 242 240 242 244 245 246 247 247 245 243 241 239 239 240 242 244 247 249 249 250 251 252 252 251 249 248 248 247 247 247 247 248 248 249 249 250 250 251 252 253 254 254 255 256 256 257 257 257 256 256 256 255 255
158 219 249 252 255 254 253 250 247 246 249 254 259 267 270 267 262 254 245 236 232 236 241 239 225 221 230 237 242 247 249 251 251 250 248 247 249 251 253 252 249 245 242 241 243 244 246 247 245 242 241 240 238 238 239 241 242 244 246 246 245 247 251 253 254 254 252 250 249 248 248 248 249 249 249 250 250 251 251 252 252 253 254 254 255 255 255 255 255 255 255 254 254 254
187 225 250 255 257 257 259 259 256 253 253 253 255 262 267 263 259 256 246 236 238 244 244 236 227 228 235 240 244 248 251 253 256 256 255 253 251 251 252 254 252 248 245 241 241 243 243 243 242 240 240 239 237 237 237 238 239 241 243 243 242 242 245 248 252 254 254 253 250 249 249 249 249 250 250 250 251 251 252 252 252 253 253 253 254 254 254 254 254 254 253 253 253 253
212 230 248 253 254 255 257 258 256 254 253 252 250 250 251 252 250 247 240 239 248 251 245 236 234 237 241 244 246 249 253 257 260 262 264 262 259 255 255 255 253 251 248 245 243 243 244 243 241 240 239 238 237 237 238 237 236 238 240 240 241 242 243 244 247 250 252 253 252 251 251 251 251 251 251 251 252 252 252 252 253 253 253 253 253 253 253 253 253 253 252 252 252 252
227 236 247 251 252 253 255 254 254 253 252 250 245 239 236 237 239 236 232 239 248 245 240 239 239 242 246 248 250 252 255 258 261 264 268 270 268 264 261 258 256 254 252 248 245 242 241 240 238 238 238 237 236 236 238 237 236 237 237 237 238 239 241 243 245 247 248 249 250 252 254 255 255 253 253 253 253 253 253 253 253 253 253 253 253 253 253 252 252 252 252 251 251 251
233 238 245 248 249 251 252 252 252 252 251 249 245 241 239 239 240 237 237 244 244 237 238 241 241 242 247 251 252 254 257 258 260 263 266 271 275 274 269 265 262 260 257 253 249 245 242 239 237 237 237 237 237 235 235 235 235 236 236 236 235 236 237 240 243 244 244 245 245 247 252 257 259 257 256 256 256 255 255 255 255 254 254 253 253 253 252 252 252 252 251 251 250 250
236 238 242 245 248 250 252 252 252 253 254 254 253 255 258 258 254 249 250 251 243 236 238 240 240 240 244 248 251 255 258 259 260 262 264 268 274 278 276 271 267 265 263 259 255 251 246 242 238 236 237 237 237 237 236 235 234 235 236 237 237 236 237 239 241 241 241 239 239 241 246 251 257 261 262 262 261 260 259 257 257 256 255 254 253 253 252 252 252 251 251 250 250 250
239 240 242 244 248 251 252 252 252 254 257 259 262 265 267 267 264 260 256 251 244 240 240 238 237 238 241 244 247 253 257 260 261 260 261 266 272 277 277 274 270 268 266 265 261 254 248 242 237 235 235 235 235 236 237 237 235 234 235 237 237 236 238 240 241 240 239 237 235 239 242 244 247 254 259 262 265 265 263 263 262 260 257 255 254 253 253 252 252 251 251 250 250 250
240 240 240 242 244 247 249 249 250 251 253 255 258 259 262 264 262 258 253 246 243 244 242 236 234 236 238 241 245 251 255 259 259 256 258 265 271 275 276 275 272 268 266 266 264 258 250 243 238 236 235 234 232 233 234 235 235 235 236 236 236 236 237 239 239 240 239 237 234 236 239 241 242 243 247 253 258 261 262 264 267 266 261 257 255 254 253 252 252 251 251 250 250 250
239 238 238 240 242 244 245 244 242 242 243 243 243 245 251 255 256 254 249 243 242 245 243 234 231 233 234 235 240 249 254 256 253 248 255 265 271 271 271 274 273 268 265 264 262 259 250 242 239 237 237 236 234 233 232 232 233 235 236 236 236 237 237 237 238 237 238 237 234 234 237 239 241 242 244 248 251 253 254 258 263 268 266 261 257 255 254 253 252 251 251 250 250 250
238 236 236 237 238 237 236 234 233 235 238 240 240 241 245 248 249 248 244 241 242 245 244 234 229 230 232 230 235 245 251 251 246 241 255 266 268 263 264 268 270 267 265 263 258 255 250 240 235 235 236 237 236 235 233 232 232 233 234 233 234 236 237 237 238 237 237 236 234 232 234 238 241 243 243 245 247 250 252 254 256 261 267 266 260 257 255 253 253 252 251 251 250 250
237 236 235 235 233 232 232 232 234 237 240 241 239 239 243 245 245 237 233 236 243 248 245 237 228 227 229 227 234 245 247 245 241 239 255 264 261 257 260 261 258 262 268 266 259 253 248 236 232 232 232 233 233 234 234 233 232 232 233 231 231 234 235 235 237 238 238 236 234 232 233 237 241 242 243 244 245 247 250 253 254 256 261 266 264 260 257 255 254 253 252 252 252 251
236 235 235 236 237 238 239 240 241 241 241 242 239 238 242 246 243 228 224 232 242 250 248 238 230 226 226 225 232 242 244 241 237 239 252 260 257 256 257 250 242 249 263 268 263 255 246 229 223 228 230 230 230 232 233 232 232 233 234 231 230 233 234 233 234 237 239 238 235 232 231 236 239 240 242 244 245 246 247 250 253 255 257 261 264 263 260 257 255 254 254 254 253 253
235 235 238 240 242 242 243 243 242 240 240 242 242 239 242 245 240 218 217 227 237 248 250 238 231 229 226 222 226 234 240 241 236 238 248 255 254 254 250 238 232 238 246 254 260 258 246 225 213 222 226 228 229 231 232 231 230 233 234 233 232 233 233 231 231 233 236 237 236 233 232 236 239 240 241 243 244 244 246 249 252 255 256 256 258 260 261 260 258 257 257 257 257 256
238 240 241 242 242 241 240 239 239 238 236 239 241 239 241 245 238 211 210 221 229 239 246 237 228 233 232 228 226 228 233 238 237 239 249 253 251 249 241 234 232 236 241 246 247 246 240 227 208 211 219 221 225 230 232 230 229 231 233 232 231 231 232 231 230 230 232 233 234 234 235 238 240 240 240 242 242 242 242 245 249 253 254 254 254 254 256 257 258 259 261 261 260 257
241 241 241 242 242 242 240 237 235 232 230 235 238 236 238 244 238 205 200 211 220 231 239 237 229 237 239 239 234 228 229 233 238 246 256 258 252 245 237 232 230 232 239 245 242 228 224 219 202 192 203 211 219 227 230 230 228 229 231 231 229 228 230 232 231 229 230 230 230 230 231 236 238 238 238 240 242 241 241 241 245 250 252 252 252 250 249 251 252 255 261 263 259 255
238 238 239 240 240 239 239 237 233 231 231 235 235 231 234 243 237 199 186 202 213 224 231 234 232 234 235 235 237 234 228 231 238 248 258 260 252 244 235 226 222 225 233 239 234 216 208 206 201 190 183 193 209 222 228 229 228 228 230 231 229 226 228 231 230 228 228 228 228 228 228 232 237 237 237 239 241 242 241 240 243 246 246 246 246 243 243 245 246 252 258 258 254 251
235 235 236 236 236 235 234 234 233 233 235 236 231 225 231 241 239 201 179 197 211 218 222 226 229 230 228 226 231 231 223 226 235 245 253 253 247 239 232 222 216 220 227 231 228 215 205 203 204 196 180 173 191 214 225 228 228 228 229 231 229 226 227 230 230 227 227 228 229 228 227 230 235 238 239 238 239 241 241 240 243 245 243 240 239 235 235 240 245 252 255 251 246 244
231 233 234 235 235 234 232 230 231 235 239 237 226 220 229 241 241 207 179 191 207 212 212 218 223 227 225 224 232 229 214 217 228 239 248 248 239 228 222 217 214 219 224 227 227 219 209 203 203 199 186 170 173 200 220 227 229 228 229 231 229 226 227 230 230 226 226 228 228 227 226 227 230 235 239 241 240 240 241 241 244 247 244 238 236 232 232 238 245 251 251 246 240 239
230 232 235 235 236 234 230 226 228 233 239 236 222 216 228 241 243 214 178 180 196 204 206 211 216 220 219 221 229 228 216 215 222 231 236 233 224 214 212 213 212 216 220 223 225 219 206 199 197 198 191 176 170 185 210 224 228 228 228 230 229 226 226 229 229 225 225 226 227 226 225 224 226 229 233 238 240 239 239 240 244 248 244 236 233 232 232 237 243 246 245 240 236 238
231 232 235 236 236 234 229 227 229 232 236 235 220 215 227 238 242 227 179 167 182 199 207 210 213 214 211 212 218 221 220 216 217 227 229 224 215 205 205 208 209 212 216 220 223 217 206 199 197 197 195 183 172 176 199 220 227 228 228 230 229 226 226 227 226 223 222 224 225 226 225 223 223 225 229 232 235 237 238 238 241 245 242 236 234 234 234 237 241 241 239 235 233 237
231 231 233 237 237 233 230 231 235 235 235 236 223 216 226 235 241 238 200 159 161 198 212 217 219 217 211 211 215 217 216 213 217 229 232 228 221 209 206 208 209 210 213 215 215 213 208 202 199 199 198 188 176 173 189 215 226 228 227 229 230 227 227 228 225 223 222 222 224 226 226 224 222 223 226 228 230 232 236 239 242 243 241 236 235 236 236 237 239 237 235 232 229 235
230 229 231 236 239 236 236 238 241 238 235 238 229 215 222 232 240 242 227 185 146 191 224 229 230 229 227 225 225 223 222 221 228 236 238 236 228 220 216 215 214 212 212 213 213 212 208 203 199 199 199 193 181 174 184 209 225 228 228 229 230 227 229 232 232 234 233 228 227 228 227 224 223 223 224 225 227 229 234 238 242 243 241 237 237 238 236 236 236 235 234 230 226 232
227 227 227 228 229 230 233 239 244 240 235 241 236 213 215 226 237 242 236 220 196 333 287 261 252 244 237 236 240 243 242 241 242 242 242 239 235 233 227 223 222 219 220 220 220 218 215 210 204 202 201 196 185 177 181 202 222 228 228 230 231 230 233 237 239 247 252 250 240 233 229 226 226 225 223 222 223 226 229 234 237 240 240 237 237 237 235 234 234 235 233 227 224 229
221 223 222 220 219 219 222 229 237 238 235 244 243 215 211 223 234 240 239 234 235 273 312 304 283 268 256 252 255 254 250 249 247 244 245 243 239 237 230 226 227 228 229 229 228 228 226 219 211 207 205 200 189 180 182 198 218 226 227 231 233 234 237 238 236 240 246 253 256 247 236 231 229 227 224 221 221 222 225 227 231 236 237 234 234 233 230 229 231 233 230 222 223 232
219 223 224 219 218 219 220 223 229 231 234 247 250 221 215 227 234 237 238 241 244 254 281 304 302 293 284 275 270 262 252 251 250 247 248 245 239 238 233 225 225 229 231 230 229 229 228 220 212 209 206 202 192 182 184 197 219 231 234 235 234 235 236 234 233 235 237 240 247 254 248 241 236 231 227 223 220 221 222 223 225 229 231 230 230 230 227 225 229 231 228 220 223 235
221 225 226 221 220 222 222 223 227 227 230 245 251 232 226 236 237 234 234 239 247 253 257 269 281 290 293 286 277 262 248 251 251 249 250 247 241 240 237 227 223 226 230 232 230 227 224 218 209 206 206 204 195 185 187 199 218 233 239 238 233 232 231 229 230 234 235 235 238 244 253 256 252 244 236 229 224 222 222 220 221 225 229 228 228 229 224 223 230 232 227 220 222 235
216 221 223 218 217 220 222 222 225 224 227 238 245 239 239 247 242 233 228 230 238 249 252 249 251 256 262 263 262 247 238 248 252 250 250 248 243 242 239 231 225 225 228 234 234 230 224 217 207 206 208 206 198 189 188 197 211 223 229 228 225 227 226 225 228 232 233 234 234 235 241 254 262 263 256 245 236 231 228 225 224 227 229 227 227 226 221 221 228 230 226 219 224 236
