windninja/windninja_output/Output_2025-08-24_0500-0550_Google earth_Fire_150m_10min/merlingen_7.5mi_point_08-24-2025_0530_150m_ang.asc
ncols	158
nrows	163
xllcorner	391686.332397
yllcorner	5160024.123721
cellsize	150.000000
NODATA_value	-32768.000000
[rows 42 to 83 of 163, columns 0 to 93 of 158]
213 213 213 213 213 213 213 213 213 212 212 212 212 211 212 212 211 211 211 211 210 210 209 209 209 208 207 205 203 205 209 210 209 208 206 205 207 208 206 205 206 208 209 208 204 201 203 207 207 208 213 212 205 203 209 215 216 216 221 226 224 218 217 217 217 215 214 213 211 209 211 212 209 201 199 202 197 191 194 204 210 210 213 215 213 211 210 210 211 211 213 218 224 227
214 214 214 213 213 213 213 213 213 213 212 212 212 212 212 212 212 212 212 211 211 210 210 210 209 209 208 207 205 206 209 210 209 205 201 199 201 202 202 203 208 211 211 209 206 206 210 213 214 214 216 215 209 207 211 217 219 220 223 226 225 220 218 216 215 213 208 207 208 205 205 206 205 199 199 200 197 194 197 203 208 210 211 212 212 211 213 215 216 215 215 217 222 227
215 214 214 214 213 213 213 213 213 213 212 212 212 212 212 212 212 212 212 211 211 210 210 210 210 209 208 207 207 207 209 209 207 203 199 196 198 201 204 207 211 213 213 212 210 212 215 216 214 212 212 212 209 208 213 218 220 220 222 223 222 220 218 215 214 212 209 207 205 203 203 205 205 203 203 203 200 197 201 206 208 208 208 212 215 215 216 219 221 221 219 219 225 230
216 215 214 214 214 214 214 213 213 213 213 212 212 212 212 212 212 212 211 211 211 210 210 210 210 209 209 209 209 208 208 208 206 203 200 197 199 203 207 209 210 212 215 214 212 213 215 214 211 209 211 214 214 214 217 221 222 221 221 219 218 216 214 210 210 211 211 210 206 206 209 211 212 211 211 209 203 200 203 206 205 205 211 218 220 218 218 220 222 224 223 223 228 231
216 215 214 214 214 215 214 214 213 213 213 212 212 212 212 212 212 212 212 212 211 211 211 211 210 210 210 210 209 209 208 208 207 203 201 200 202 204 205 207 208 213 217 215 212 213 214 212 210 211 214 216 218 220 221 223 223 221 218 214 212 211 209 207 209 211 212 213 209 209 213 215 217 218 216 212 205 200 202 205 207 211 219 224 222 219 219 219 221 223 224 225 228 229
217 216 215 215 215 217 216 214 213 213 213 212 212 212 212 212 212 212 212 212 212 211 211 211 211 211 211 210 210 209 209 209 208 205 203 203 203 203 203 205 208 212 215 214 212 213 213 213 213 213 215 217 219 221 220 219 220 218 216 210 206 209 210 210 213 215 215 215 212 211 214 217 220 220 218 214 208 204 205 211 217 222 224 224 221 219 218 219 220 222 223 225 226 226
217 216 215 215 216 218 217 214 213 213 213 213 212 212 213 213 212 212 212 212 212 212 211 212 212 211 211 210 210 210 209 209 208 207 205 203 204 205 204 205 208 212 214 212 211 212 213 213 213 213 216 219 221 222 220 218 218 215 211 205 203 210 215 217 219 219 217 215 213 213 216 217 219 220 218 216 212 209 211 217 221 222 221 219 216 215 216 217 217 218 221 225 226 225
218 217 216 216 217 219 218 215 213 213 213 213 213 213 213 213 213 212 213 212 212 212 212 212 212 211 211 210 210 210 210 210 209 208 206 204 204 205 204 205 209 213 213 210 210 214 215 214 214 214 215 219 220 219 217 216 215 211 207 205 206 213 220 223 222 219 216 214 214 215 216 217 218 219 217 215 211 210 212 216 218 219 217 215 214 213 213 212 213 215 220 225 226 225
220 218 215 215 217 218 218 216 213 212 213 213 212 212 212 213 213 212 212 212 212 212 212 211 212 211 211 211 211 211 210 210 209 209 207 205 204 205 205 206 209 211 209 207 211 216 217 217 218 219 218 220 218 214 212 212 211 209 208 208 212 218 225 227 223 217 215 214 215 216 218 219 219 218 216 213 210 209 211 215 217 217 216 214 213 212 210 210 213 217 220 224 227 227
223 219 215 214 216 216 216 216 214 211 212 212 212 212 213 213 213 212 212 212 212 212 212 212 212 212 211 211 211 211 211 210 210 209 208 207 206 206 206 206 208 210 208 206 211 217 217 218 221 222 220 219 217 213 212 212 211 211 212 213 217 222 228 229 222 216 214 213 215 217 218 219 218 217 215 213 210 209 211 214 217 218 219 217 214 212 212 214 217 220 221 224 228 229
226 221 214 215 217 216 216 217 215 211 210 212 212 213 213 213 213 213 212 213 212 212 212 212 212 212 212 212 211 211 211 211 210 210 209 209 208 207 206 206 207 210 208 205 209 216 216 215 217 215 210 210 212 212 212 214 214 214 215 217 219 222 228 229 220 213 212 212 214 216 217 216 215 214 215 214 212 211 212 215 217 219 222 221 219 217 217 218 220 222 223 225 226 227
226 222 214 213 216 215 214 217 217 214 211 212 213 213 213 213 213 213 213 213 213 213 212 212 212 212 212 212 212 212 211 211 211 211 210 210 209 208 207 205 206 209 208 204 207 214 213 209 210 208 205 207 210 212 215 216 215 214 217 219 220 222 229 228 218 210 209 210 213 214 213 212 212 214 215 215 213 214 216 217 217 219 220 220 221 222 221 220 221 223 224 224 222 221
222 221 215 211 214 214 212 216 219 217 214 212 213 213 213 213 213 213 213 213 213 213 212 213 212 212 212 212 212 212 212 211 211 211 211 211 210 209 208 206 205 209 210 208 208 211 209 205 205 206 206 210 212 214 219 218 213 213 216 218 219 222 227 224 214 207 205 205 209 211 210 211 213 215 216 215 214 215 218 216 215 216 217 216 217 220 221 221 221 222 222 222 218 217
219 220 218 215 217 218 215 216 219 219 216 213 213 213 213 213 213 213 213 213 213 213 213 213 212 212 212 212 212 212 212 212 212 211 211 211 211 210 210 208 208 211 213 212 210 208 205 202 203 204 206 211 212 215 221 218 211 212 215 216 217 219 222 221 213 205 203 203 207 210 211 214 216 216 215 214 213 215 216 213 211 213 215 214 215 216 217 218 220 222 224 222 218 215
219 220 220 218 219 221 219 217 219 220 218 215 214 213 213 213 214 213 213 213 213 213 213 213 212 212 212 212 212 212 212 212 212 212 212 211 211 211 210 210 210 212 213 211 208 205 201 200 201 201 204 212 213 216 222 217 210 212 214 215 215 217 221 221 214 207 204 205 209 214 215 216 215 214 213 212 212 213 213 211 210 212 214 214 214 215 215 216 217 222 227 226 218 210
221 220 220 218 217 218 218 216 216 219 217 214 214 214 213 213 213 213 213 213 213 213 213 213 212 212 213 213 213 212 212 212 212 212 212 212 212 211 211 211 211 211 211 210 208 205 201 199 200 199 203 212 216 219 222 215 208 210 212 212 214 218 222 222 216 208 205 206 211 215 214 213 213 212 212 210 210 211 210 209 209 211 214 215 217 219 220 219 218 219 222 217 204 203
221 220 219 219 218 217 217 215 214 216 216 214 215 216 215 214 213 213 213 213 213 214 214 213 213 213 213 213 213 213 213 213 213 212 212 212 212 212 212 212 211 211 211 210 209 208 206 203 200 197 200 212 217 220 221 214 207 210 212 213 214 218 221 222 218 210 205 205 208 211 211 211 212 211 210 208 208 208 207 207 208 211 214 217 220 222 223 222 219 216 214 208 202 205
221 220 219 220 220 219 219 217 216 217 217 215 216 218 217 214 213 213 213 213 213 213 214 213 213 213 213 213 213 213 213 213 213 213 213 212 212 212 212 212 212 212 211 211 210 210 208 206 202 195 195 207 216 219 220 214 209 212 214 215 216 218 221 222 219 212 205 202 205 210 210 210 211 210 208 207 207 207 207 208 210 213 215 216 218 220 221 220 217 212 211 211 209 214
221 220 220 220 220 220 220 220 219 218 216 214 214 215 216 215 214 213 213 213 213 213 213 213 213 213 213 213 213 213 213 213 213 213 213 213 213 213 212 212 212 212 212 211 211 210 209 207 204 198 192 201 215 220 219 214 212 215 216 216 217 219 222 223 220 214 207 202 206 211 211 210 210 209 206 206 208 208 209 211 212 214 216 216 217 218 218 217 214 212 212 214 214 218
221 221 221 221 220 221 221 221 220 218 215 211 210 213 215 216 215 213 213 212 212 213 213 213 213 214 214 214 213 213 213 213 213 213 213 213 213 213 213 213 212 212 212 212 211 211 210 209 207 202 195 199 215 221 219 217 217 219 219 219 220 221 222 223 220 216 209 204 208 211 210 209 209 208 206 206 209 210 211 212 213 216 218 219 219 219 217 215 214 213 212 214 218 220
223 223 223 222 221 220 220 220 219 218 216 212 211 212 214 216 216 215 214 213 213 213 213 214 214 214 214 214 213 213 213 213 213 213 213 213 213 213 213 213 213 212 212 212 212 211 211 210 209 206 201 200 213 219 218 219 222 223 221 221 220 220 220 220 219 216 210 207 208 209 208 209 209 207 205 207 209 211 211 212 214 216 219 221 221 221 220 215 214 214 213 219 223 223
227 226 225 224 222 220 220 220 219 218 217 214 212 211 211 214 216 216 214 213 213 212 213 213 213 214 214 214 213 213 214 213 213 213 213 213 213 213 213 213 213 213 213 212 212 212 212 211 210 209 205 201 209 214 212 216 223 223 221 218 216 215 217 220 223 221 214 209 208 208 208 208 209 206 204 207 209 210 209 211 214 216 218 220 219 219 219 215 215 217 219 223 225 225
231 229 227 225 223 222 222 222 221 220 219 217 212 210 210 212 214 215 215 214 213 213 213 213 213 214 215 214 214 214 214 213 213 214 214 213 213 213 213 213 213 213 213 213 213 212 212 212 211 210 208 205 208 211 207 212 221 222 219 216 212 214 221 229 232 226 215 209 207 206 207 208 209 205 204 205 207 206 206 208 212 215 216 217 217 218 217 215 217 218 220 223 224 227
231 228 225 224 223 223 222 223 224 222 221 219 213 210 210 211 212 213 215 215 215 213 213 213 212 213 214 214 214 214 213 213 214 214 214 214 214 214 213 213 213 213 213 213 213 213 213 212 212 211 211 209 210 212 208 208 218 220 218 216 213 217 224 227 224 217 208 205 205 205 206 208 209 206 204 203 204 204 204 208 213 215 216 216 216 218 218 217 216 217 220 223 226 229
225 224 223 223 223 222 219 219 221 221 220 218 215 210 209 211 212 213 214 215 214 213 213 213 212 213 214 214 214 214 214 214 214 214 214 214 214 214 214 214 214 213 213 213 213 213 213 213 213 213 212 212 212 213 211 210 217 221 221 219 214 211 215 217 215 211 206 204 205 206 206 209 210 206 202 201 201 203 204 208 212 212 211 209 212 218 218 217 218 219 220 223 226 230
211 215 218 219 221 219 214 215 219 220 219 217 215 211 209 210 212 212 212 214 213 213 213 213 212 213 215 216 216 215 214 214 214 214 214 214 214 214 214 214 214 214 214 214 214 214 214 213 213 213 213 213 214 214 215 216 221 227 228 224 214 206 209 213 213 211 209 207 206 206 206 209 209 205 201 201 201 201 202 204 206 206 205 204 213 223 223 219 220 221 221 224 228 231
191 203 211 212 213 211 206 209 217 220 218 215 213 212 209 209 211 212 211 213 214 213 213 213 212 212 215 218 218 216 215 214 214 214 214 214 214 214 214 214 214 214 214 214 214 214 214 214 214 214 214 214 215 215 216 218 223 228 232 228 217 209 211 214 214 212 210 209 207 206 206 209 210 205 202 202 201 199 198 201 202 204 207 212 226 234 227 220 221 222 223 226 230 231
182 195 210 211 213 212 206 205 212 214 210 207 207 207 206 206 209 212 212 213 214 214 214 214 212 213 217 220 218 217 216 214 214 214 214 214 214 214 214 214 214 214 214 214 214 214 214 214 214 214 215 215 215 216 216 218 220 223 226 226 221 216 216 218 216 214 212 210 207 206 207 210 210 205 202 203 202 199 197 200 204 209 217 226 238 238 225 220 222 222 224 226 228 229
198 205 221 227 228 225 216 209 213 215 210 207 207 207 206 207 208 211 213 212 213 214 215 216 213 213 218 220 217 216 215 215 214 214 214 214 214 214 214 214 214 214 214 214 214 214 215 215 215 215 215 215 216 216 216 217 218 219 221 221 220 219 222 225 224 221 217 214 210 208 208 211 209 204 203 204 203 199 197 201 209 218 225 234 240 234 222 221 222 223 223 224 225 224
213 217 227 238 243 242 234 226 228 228 222 219 219 216 214 212 211 212 212 212 213 214 216 216 211 209 214 217 216 215 215 215 214 214 213 214 214 214 214 214 214 214 214 214 215 215 215 215 215 215 215 215 216 216 216 217 217 218 218 219 219 219 221 223 225 226 225 223 218 212 210 212 210 205 204 205 204 200 199 205 216 224 230 238 238 226 219 221 223 225 224 223 222 219
222 224 229 233 237 239 238 237 241 240 235 233 231 228 224 220 217 215 214 212 212 213 214 213 208 205 211 217 217 215 214 214 215 214 213 213 214 214 214 214 214 214 215 215 215 215 215 215 215 215 215 216 216 216 216 217 217 217 218 218 218 218 218 219 220 221 222 224 223 218 215 217 216 210 207 208 207 203 202 210 219 226 232 237 232 220 217 221 225 226 223 223 224 221
230 231 233 234 235 236 236 236 239 238 234 231 229 227 225 222 220 219 217 215 213 212 212 211 207 205 210 216 218 217 215 215 215 214 212 212 213 214 214 214 214 214 215 215 215 215 215 215 215 216 216 216 216 216 216 217 217 217 217 217 217 217 218 218 218 218 218 219 220 221 223 227 225 216 212 211 210 207 205 211 220 226 231 232 225 218 219 222 226 225 220 221 224 225
236 237 239 240 240 240 239 237 237 234 231 229 226 224 222 220 219 219 218 217 216 215 214 213 210 206 209 214 217 218 217 215 215 214 212 211 212 213 213 214 214 214 215 215 215 215 215 215 216 216 216 216 216 216 216 216 217 217 217 217 217 217 217 217 217 217 217 217 217 219 220 221 220 213 209 209 208 207 206 211 219 223 227 226 221 220 222 223 225 223 220 216 214 213
242 243 246 248 248 248 245 241 237 233 231 229 226 223 221 220 218 217 217 216 216 217 217 216 213 209 210 213 216 218 217 216 216 216 215 213 213 213 213 213 214 214 215 215 215 215 216 216 216 216 216 216 216 216 216 216 216 217 217 217 217 217 217 217 217 216 216 216 217 217 216 214 212 208 205 206 205 204 206 210 216 222 225 224 221 220 222 223 224 226 225 215 207 210
245 247 251 254 258 258 253 247 241 235 231 228 226 223 221 220 218 217 216 216 215 216 216 216 214 211 212 214 215 216 218 218 219 220 220 217 215 214 213 213 213 214 215 215 215 216 216 216 216 216 216 216 216 216 216 216 216 216 217 217 217 217 217 216 216 216 216 216 216 215 214 213 212 209 205 204 201 200 202 209 218 224 227 227 227 226 226 227 229 232 231 219 210 215
250 250 253 259 266 269 265 256 246 237 230 226 224 223 221 219 218 216 216 216 215 215 215 214 213 213 214 216 215 216 219 220 221 221 220 217 214 214 214 213 212 214 215 215 216 216 216 216 216 216 216 216 216 216 216 216 216 216 216 216 217 217 216 216 216 216 216 216 215 215 214 213 212 210 206 203 199 195 199 213 223 226 230 232 233 235 236 234 232 228 219 208 207 214
254 253 251 258 273 280 278 264 245 232 225 222 222 221 219 218 217 216 215 215 215 215 215 214 212 212 215 216 215 214 217 219 218 218 218 216 214 214 215 214 213 213 215 216 216 217 217 217 217 217 217 217 216 216 216 216 216 216 216 216 216 216 216 216 216 216 216 216 215 215 214 213 213 211 208 205 199 193 197 216 225 225 227 229 226 226 227 224 218 213 209 205 207 214
254 251 245 246 261 274 272 248 229 218 215 216 218 218 217 217 216 215 214 215 215 215 215 214 210 211 214 215 214 212 212 215 217 218 219 217 215 214 216 216 213 214 216 217 217 218 218 218 218 218 217 217 216 216 216 216 216 216 216 216 216 216 216 216 216 216 216 216 215 215 214 213 213 212 210 207 202 195 197 214 222 220 219 217 216 216 216 214 211 210 209 211 213 214
246 242 233 233 234 229 211 196 199 202 204 210 214 216 216 216 216 215 214 214 215 215 215 213 209 209 214 215 214 211 210 213 214 216 217 217 215 214 216 216 214 214 217 219 220 220 220 221 221 220 218 217 216 216 216 216 216 216 216 216 216 216 216 216 216 216 216 216 215 215 214 213 213 212 210 208 204 199 199 208 212 212 211 211 212 214 214 211 210 213 214 216 217 215
244 243 237 230 228 224 208 195 196 197 199 204 212 215 216 216 216 216 214 214 214 215 215 212 208 209 214 215 214 212 210 210 211 213 215 216 215 214 215 216 214 213 217 221 224 226 226 227 228 226 221 217 216 215 216 216 216 216 216 216 216 216 216 216 216 216 216 216 215 215 214 214 213 212 211 209 206 202 200 199 199 203 208 210 212 214 214 211 211 214 216 217 218 217
254 251 238 228 227 224 216 207 203 203 202 206 212 215 216 217 217 217 215 214 215 215 214 212 208 210 213 214 214 213 212 212 214 216 218 218 217 215 215 215 214 212 213 216 218 219 220 220 221 221 218 216 215 215 215 215 216 216 216 216 216 216 216 216 216 216 216 216 215 215 214 214 213 213 211 210 207 204 200 195 190 196 206 211 213 213 212 211 211 214 216 217 218 217
241 232 219 222 224 224 220 216 213 213 211 212 214 217 219 219 219 219 217 216 215 214 214 212 207 208 211 212 212 214 214 214 216 219 221 222 222 219 217 216 215 213 211 210 210 210 209 208 210 211 211 211 211 211 213 215 216 216 216 216 216 216 216 216 216 216 216 216 215 215 215 214 213 213 212 210 208 205 201 195 187 190 201 207 211 213 214 213 213 216 218 219 220 219
