windninja/windninja_output/Output_2025-08-24_0500-0550_Google earth_Fire_150m_10min/merlingen_7.5mi_point_08-24-2025_0520_150m_ang.asc
ncols	158
nrows	163
xllcorner	391686.332397
yllcorner	5160024.123721
cellsize	150.000000
NODATA_value	-32768.000000
[rows 42 to 83 of 163, columns 0 to 93 of 158]
236 235 235 235 235 235 235 235 235 234 233 234 233 233 233 233 233 233 233 233 233 232 232 232 232 232 232 233 233 236 238 237 235 231 225 222 224 227 227 225 225 226 225 225 224 221 221 223 223 227 235 235 228 225 231 234 232 231 235 238 235 231 230 230 230 232 234 234 231 227 225 227 227 220 223 227 212 197 201 215 223 224 228 233 235 232 225 224 228 232 236 238 240 243
236 236 235 235 235 235 235 235 235 234 233 234 234 233 233 233 233 233 233 233 233 233 232 233 233 232 232 233 234 236 237 237 234 229 223 220 223 225 224 225 228 229 230 230 227 224 225 228 231 235 239 237 228 225 230 233 233 232 235 238 238 237 236 233 232 232 231 229 226 218 216 220 220 216 219 219 207 198 202 215 222 226 231 236 235 228 224 226 231 234 237 238 242 246
236 236 236 236 236 236 235 235 235 234 234 234 234 234 234 234 233 233 233 233 233 233 233 233 233 233 233 233 234 235 236 236 233 229 225 223 227 230 229 229 230 232 235 234 228 226 229 232 234 236 236 232 226 223 227 231 232 232 235 237 238 239 239 238 239 237 233 229 222 216 215 219 219 218 219 216 206 200 207 218 225 229 234 237 234 227 226 230 234 237 239 241 248 250
236 236 236 236 236 236 236 235 235 235 234 234 234 234 233 233 233 233 233 233 233 233 233 233 233 233 233 234 234 234 234 234 233 230 227 229 233 235 234 233 232 235 237 234 226 226 230 234 236 235 233 231 227 226 229 232 232 234 236 237 237 237 238 239 241 240 236 231 223 220 223 225 225 225 223 218 207 202 210 219 225 231 237 238 232 228 229 232 235 238 240 245 252 251
237 236 236 236 236 236 236 236 235 235 235 234 234 234 234 234 233 234 234 233 233 233 233 233 233 234 234 234 234 234 235 235 234 231 230 231 234 237 236 234 235 238 238 233 226 228 233 236 236 234 232 230 228 229 231 233 234 236 239 237 235 235 236 237 239 239 236 232 226 225 230 231 231 230 225 219 209 204 212 222 229 235 240 239 234 231 232 233 234 237 241 247 252 248
237 237 237 236 236 238 238 237 236 235 235 234 234 234 234 234 234 234 234 234 234 233 233 234 234 234 234 234 234 234 235 235 235 234 233 233 235 237 237 237 238 239 237 230 227 232 237 239 236 231 230 228 228 230 230 231 234 237 240 238 234 236 239 240 241 240 237 233 228 227 231 232 233 231 226 220 213 210 218 229 237 240 240 238 234 232 233 234 234 237 241 245 247 243
237 237 236 235 236 239 240 238 237 236 236 235 234 234 234 235 234 234 234 234 234 234 234 234 234 234 234 234 234 234 235 235 235 235 235 235 236 238 239 240 241 241 237 230 229 235 239 237 233 228 227 228 230 233 232 232 236 238 238 234 232 238 242 243 244 243 237 233 229 229 232 233 233 230 226 221 217 218 224 233 238 239 238 235 232 231 232 232 234 237 239 242 242 239
238 237 236 235 237 240 240 239 238 237 236 235 235 235 235 235 235 234 234 234 234 234 234 234 234 234 234 234 234 234 235 235 235 235 235 234 236 238 239 240 242 242 239 233 235 240 240 235 231 226 224 227 231 232 232 234 238 240 237 231 231 238 242 245 246 242 237 233 231 231 231 232 231 228 225 221 219 220 224 230 234 235 234 232 230 230 229 230 233 235 236 238 238 238
240 238 235 234 237 239 239 239 238 237 236 235 235 235 235 235 235 234 234 234 234 234 234 234 234 234 234 234 234 235 235 235 235 235 235 235 237 238 238 238 240 241 239 236 240 243 240 234 231 228 227 231 232 230 230 234 239 239 235 231 233 238 244 248 246 241 236 233 232 232 232 232 230 227 225 222 220 220 224 229 232 233 233 231 231 230 230 231 233 235 235 236 236 236
242 239 235 234 237 237 237 237 237 237 236 235 235 235 235 235 235 234 234 235 234 234 234 234 235 234 234 234 235 235 235 235 235 235 236 237 238 239 239 238 239 241 241 239 242 243 238 232 231 231 231 235 235 233 234 239 241 237 232 232 234 239 246 250 246 239 234 231 231 232 232 232 229 227 225 224 222 221 224 229 231 233 235 234 233 232 233 235 236 236 234 235 236 236
244 241 235 236 239 238 236 237 237 236 235 235 235 235 235 236 235 235 235 235 235 235 235 235 235 235 235 235 235 235 235 235 235 236 236 237 238 239 240 238 239 242 242 240 241 242 236 228 228 228 227 229 231 234 239 244 242 236 232 232 235 239 248 250 244 236 231 228 229 231 230 229 227 225 226 226 225 224 227 230 230 232 236 238 238 239 238 238 238 237 235 234 234 235
242 240 236 236 239 238 236 237 238 236 235 236 236 236 236 236 236 235 235 235 235 235 235 235 235 235 235 235 235 235 235 235 236 236 236 237 238 238 239 239 240 242 242 240 239 238 232 224 226 226 225 227 230 234 241 245 239 233 231 233 236 241 249 249 241 232 227 224 227 229 227 225 224 225 227 228 226 228 233 233 231 232 234 235 238 241 242 239 237 236 235 234 232 231
239 238 237 236 238 237 234 236 237 237 237 237 237 236 236 236 236 235 235 235 235 235 235 235 235 235 235 235 235 235 235 236 236 236 237 237 238 238 239 240 241 244 243 241 240 237 231 225 227 227 226 230 234 238 244 243 234 229 230 233 236 242 248 247 237 227 221 219 223 224 223 222 224 227 228 228 226 229 234 234 231 232 232 230 231 235 239 240 237 235 234 234 232 231
237 238 238 239 241 241 237 237 237 237 237 238 238 238 237 237 236 236 236 235 235 236 236 236 235 235 235 235 235 236 236 236 236 236 237 237 237 238 239 240 243 246 245 243 241 239 234 229 230 227 226 232 235 239 245 240 228 226 230 234 237 241 245 243 234 224 218 216 221 223 221 223 226 228 228 227 226 230 233 231 230 231 231 229 228 230 230 231 233 235 237 237 236 238
238 239 239 238 241 244 242 239 238 238 238 237 239 239 238 237 237 237 237 236 236 236 236 236 236 235 236 236 236 236 236 236 236 236 237 237 237 238 238 240 242 244 244 243 241 240 237 234 232 227 227 235 236 241 245 237 225 226 231 235 239 242 243 240 233 223 218 218 222 225 223 225 227 227 227 225 226 230 231 229 229 230 231 230 229 228 226 225 227 233 240 245 246 247
240 239 238 237 237 239 241 240 240 240 237 234 236 239 239 239 238 237 237 237 237 236 236 236 236 236 236 236 236 236 236 236 236 237 237 237 237 238 238 239 240 241 242 242 241 242 242 241 237 229 229 237 240 244 245 234 223 227 233 237 240 242 242 240 232 223 218 218 222 224 224 226 226 225 225 223 225 228 228 226 226 228 230 231 231 232 230 228 227 230 238 246 250 252
240 239 238 237 236 236 237 238 240 241 237 233 234 237 240 241 240 238 237 237 237 237 237 237 236 236 236 236 236 236 236 236 237 237 237 237 237 238 238 239 239 240 240 241 242 244 245 246 245 237 233 240 243 246 244 233 224 230 237 239 240 241 241 239 232 223 217 215 217 221 223 225 226 225 224 223 225 227 225 223 223 226 229 230 232 233 233 232 231 234 242 249 250 254
239 239 238 238 238 238 238 238 241 243 241 236 234 236 238 240 241 240 239 238 237 237 237 237 236 236 236 236 236 236 237 237 237 237 237 237 237 238 238 238 239 239 240 240 241 242 243 245 247 246 241 244 246 246 243 234 229 236 242 242 241 240 240 237 233 225 217 211 213 221 224 225 226 226 224 223 226 226 224 223 223 226 228 228 229 230 232 233 236 244 252 254 252 254
239 239 238 239 239 240 240 241 242 242 241 237 235 235 235 236 239 241 240 239 237 237 237 237 236 236 237 237 237 237 237 237 237 237 237 237 238 238 238 238 239 239 239 240 240 241 242 243 245 248 249 250 250 248 242 234 234 242 245 243 242 241 240 238 233 227 218 210 215 225 226 226 227 226 223 224 226 225 224 225 225 227 228 227 227 229 232 236 244 253 256 253 250 246
239 239 239 239 239 239 240 242 242 241 240 237 236 236 234 234 236 238 240 240 239 238 238 237 237 237 237 237 237 237 237 237 237 237 237 238 238 238 238 238 239 239 239 240 240 241 241 242 244 246 250 256 257 252 244 239 242 246 247 245 244 242 241 239 234 228 219 212 219 227 226 226 228 227 224 225 226 225 224 224 225 227 229 230 230 232 236 243 251 257 254 249 243 236
240 240 241 240 239 239 240 241 241 241 240 239 238 237 235 234 234 235 238 239 240 240 239 238 237 237 238 238 238 237 237 237 237 237 238 238 238 238 238 238 239 239 239 239 240 240 241 242 243 245 248 254 259 255 246 243 248 250 248 246 244 243 241 238 234 229 219 215 222 227 226 227 229 227 224 225 225 224 223 224 225 227 230 232 234 238 247 254 257 255 249 244 238 233
243 243 243 243 242 241 241 241 240 240 241 240 240 239 237 236 235 234 235 237 239 240 239 238 237 237 238 238 238 238 238 238 238 238 238 238 238 238 238 238 239 239 239 239 240 240 241 242 243 244 247 251 256 254 246 244 249 250 248 245 242 239 238 237 237 233 224 222 225 226 226 228 229 226 223 223 223 223 222 222 224 226 228 232 235 243 253 260 259 252 242 239 235 232
245 245 244 244 244 244 244 243 242 241 241 241 240 238 238 237 236 234 233 234 236 238 239 239 238 238 239 238 238 238 238 238 238 238 238 238 238 238 238 238 239 239 239 239 240 240 241 242 242 244 246 250 255 254 248 246 248 248 247 245 241 237 237 241 244 240 231 228 227 226 226 228 230 226 222 221 221 220 217 218 222 225 228 233 238 249 255 256 253 243 236 235 232 231
243 243 242 243 243 244 244 244 244 244 243 243 241 238 238 239 238 235 233 234 234 235 237 239 239 239 239 238 238 238 238 238 238 238 238 238 238 238 238 238 239 239 239 239 240 240 241 241 242 244 246 249 254 256 253 252 250 247 245 244 239 234 237 241 241 236 231 228 227 226 227 229 230 226 221 219 219 217 214 218 223 227 231 235 243 252 255 250 242 234 231 231 230 231
238 237 239 241 243 243 241 240 241 242 243 243 241 239 238 238 239 238 236 235 233 232 234 236 238 239 240 239 238 238 238 238 238 238 238 238 238 238 238 239 239 239 239 239 240 240 241 241 242 243 245 247 251 255 257 261 259 252 247 243 235 228 233 236 235 232 228 226 227 228 228 231 231 225 220 218 217 216 214 218 224 228 232 235 243 250 249 243 234 230 228 227 228 229
226 229 232 234 239 241 237 235 238 241 243 242 239 238 238 238 239 239 238 237 233 231 232 233 235 238 240 241 241 240 239 239 239 239 239 239 239 239 239 239 239 239 239 239 240 240 241 241 242 243 244 246 248 252 256 262 266 262 254 246 236 229 235 238 235 232 229 227 228 229 230 232 231 225 220 218 216 213 212 216 222 227 233 237 245 249 245 235 231 228 225 224 226 227
210 221 226 226 229 230 226 226 234 240 241 238 237 236 235 236 238 239 239 239 236 234 233 232 231 233 237 241 244 243 242 240 240 239 239 239 239 239 239 239 239 239 239 239 240 240 241 241 242 243 244 245 246 249 252 257 262 264 261 253 245 242 246 245 240 234 230 228 228 229 230 233 233 228 222 220 217 212 211 218 225 232 238 241 252 253 242 231 228 226 224 224 226 228
211 224 232 230 230 229 222 219 228 233 230 227 227 227 227 229 233 237 239 239 238 237 236 235 231 229 234 240 243 244 244 242 241 240 239 239 239 239 239 239 239 239 239 240 240 240 241 241 242 242 243 244 245 247 249 251 254 257 258 256 253 254 257 254 248 241 236 232 229 228 229 233 235 228 222 222 219 215 214 222 232 239 242 247 259 255 239 229 226 224 222 223 225 227
229 239 252 253 249 242 232 227 232 234 229 224 224 224 224 225 228 232 236 237 238 239 239 239 233 229 234 238 239 241 243 244 243 242 240 240 239 239 239 239 239 239 239 240 240 240 240 241 241 242 243 243 244 245 247 248 249 251 252 252 253 256 261 262 259 256 249 243 237 232 231 235 235 226 221 222 222 219 218 227 237 242 245 253 260 253 234 227 224 222 221 221 224 225
237 243 254 262 262 258 252 250 252 248 241 236 236 233 231 229 229 231 232 233 235 238 240 239 233 228 232 235 235 236 238 241 243 243 242 241 240 240 239 239 239 239 239 240 240 240 240 241 241 242 242 243 244 244 245 246 247 248 248 249 250 252 255 258 261 263 262 258 251 244 239 240 236 226 222 224 224 222 222 231 240 244 251 260 258 242 228 224 223 223 222 222 223 222
243 246 252 256 258 259 258 261 263 258 250 249 249 246 242 239 236 235 233 231 232 234 237 236 231 228 233 235 234 234 235 237 240 242 242 242 241 240 240 239 239 239 240 240 240 240 240 241 241 242 242 243 243 244 244 245 245 246 246 247 247 248 250 252 254 257 260 262 261 261 259 253 243 232 227 229 229 226 224 232 241 249 258 261 252 231 221 221 224 224 223 225 227 226
247 250 254 256 257 258 258 260 261 257 252 250 248 247 245 244 242 241 238 235 233 233 233 233 230 229 234 236 236 235 234 234 237 239 241 241 241 241 240 240 240 240 240 240 240 240 240 241 241 241 242 242 243 243 244 244 244 245 245 246 246 247 248 248 249 250 252 255 258 264 268 266 256 243 237 237 236 231 226 232 244 255 261 257 241 225 220 221 225 225 223 225 229 234
251 253 258 260 260 261 260 260 258 256 253 250 248 246 244 243 242 242 241 240 238 237 236 234 232 230 233 236 237 236 235 234 235 236 237 238 239 240 241 240 240 240 240 240 240 240 241 241 241 241 242 242 242 243 243 243 244 244 244 245 245 246 246 246 247 247 248 250 253 256 259 261 259 252 246 243 239 233 227 234 249 258 258 248 231 222 221 223 226 226 225 223 225 240
253 256 261 265 267 266 266 263 259 257 254 252 249 247 246 244 243 242 241 241 240 240 239 238 235 232 234 236 237 237 236 235 236 237 237 237 239 240 240 240 240 240 240 240 240 240 241 241 241 241 242 242 242 242 243 243 243 243 244 244 244 245 245 245 246 246 247 248 249 250 251 252 253 254 253 248 240 232 228 239 254 257 251 237 225 220 221 224 227 230 234 230 233 250
254 256 262 268 272 274 272 269 264 260 257 254 251 249 247 246 244 242 242 241 240 240 239 239 237 234 236 239 238 237 236 236 237 239 240 240 240 241 241 240 240 240 240 240 240 241 241 241 241 242 242 242 242 242 242 243 243 243 243 243 244 244 244 244 245 245 246 246 247 247 247 248 249 251 254 253 245 233 232 248 257 254 244 233 226 225 227 229 232 239 246 251 259 260
256 258 261 267 276 280 280 276 271 265 260 255 252 250 249 247 245 244 242 241 240 240 239 238 236 234 238 242 241 239 238 238 238 239 239 239 239 240 241 240 239 239 240 240 240 241 241 241 242 242 242 242 242 242 242 242 242 243 243 243 243 243 244 244 244 245 245 245 246 246 246 246 247 249 251 253 251 241 242 255 256 248 238 234 232 236 239 238 240 245 250 256 260 258
260 258 256 263 277 285 287 283 277 271 262 255 252 250 249 247 246 244 243 242 241 240 240 238 234 233 238 241 242 240 238 237 236 237 237 237 237 238 240 241 240 240 240 240 241 241 242 242 242 242 243 242 242 242 242 242 242 242 243 243 243 243 243 243 244 244 244 245 245 245 245 245 246 247 248 250 251 249 253 258 252 239 232 232 230 232 235 236 241 245 249 252 255 253
257 254 248 252 267 282 288 286 280 273 262 254 251 249 248 246 245 245 243 242 241 241 241 239 233 233 237 238 239 237 236 237 236 237 238 237 235 236 239 241 241 241 241 242 242 242 243 243 244 244 244 243 243 242 242 242 242 242 242 242 243 243 243 243 243 244 244 244 244 244 244 244 245 246 246 247 248 252 258 257 246 232 226 226 225 225 229 238 246 250 251 251 252 250
250 246 240 244 251 259 267 265 264 262 253 249 248 248 247 246 245 244 243 242 242 242 241 239 234 234 237 238 237 236 236 237 236 235 236 236 235 234 236 238 239 240 243 244 244 244 244 245 246 247 246 244 243 243 242 242 242 242 242 242 242 242 243 243 243 243 244 244 244 244 244 244 244 245 245 245 246 249 253 251 237 226 224 223 222 227 238 249 252 253 252 251 251 249
247 248 247 248 254 254 239 227 234 237 237 240 244 246 247 246 246 245 243 243 242 242 241 239 234 236 240 239 238 236 236 237 236 235 235 234 233 233 234 235 235 236 240 244 246 248 249 249 251 253 252 248 245 243 242 242 242 242 242 242 242 242 242 243 243 243 243 243 243 243 244 244 244 244 244 245 245 245 245 240 225 221 223 223 226 236 252 256 254 252 251 250 249 247
258 258 256 258 259 249 235 226 225 227 228 235 242 244 245 246 245 245 245 244 244 243 242 239 235 237 240 240 238 237 237 239 240 240 239 236 234 234 235 234 232 231 233 237 239 242 243 243 245 248 250 249 247 244 242 242 242 242 242 242 242 242 242 243 243 243 243 243 243 243 243 243 244 244 244 244 244 243 241 234 217 214 221 226 235 251 257 257 255 252 250 248 247 245
255 251 248 252 250 243 236 231 229 230 231 236 242 245 246 246 246 247 247 247 246 245 243 241 236 236 239 239 238 238 238 239 240 242 243 243 240 238 236 235 233 231 231 231 231 232 232 233 235 236 236 239 241 242 241 241 242 242 242 242 242 242 242 243 243 243 243 243 243 243 243 243 243 244 244 244 243 242 241 235 215 208 218 228 247 260 261 257 255 254 252 249 247 245
