windninja/windninja_output/Output_2025-08-24_0500-0550_Google earth_Fire_150m_10min/merlingen_7.5mi_point_08-24-2025_0540_150m_ang.asc
ncols	158
nrows	163
xllcorner	391686.332397
yllcorner	5160024.123721
cellsize	150.000000
NODATA_value	-32768.000000
[rows 0 to 41 of 163, columns 0 to 93 of 158]
238 238 238 236 236 238 237 234 234 235 234 229 223 222 228 238 248 252 253 260 261 244 233 235 241 246 247 241 240 240 241 242 244 243 242 247 252 254 254 252 248 247 248 250 252 255 259 260 254 247 244 242 242 242 243 242 242 243 244 245 243 241 240 238 235 233 234 238 242 244 243 241 240 238 237 238 239 241 244 243 241 238 238 241 243 242 237 236 238 235 234 234 233 231
237 238 238 237 238 238 237 237 239 239 235 228 221 222 229 236 243 246 250 254 253 243 235 236 240 243 243 241 242 242 242 243 243 243 244 247 248 249 250 248 247 247 246 247 249 250 252 253 252 250 247 246 245 245 244 243 242 243 244 244 243 242 240 239 237 235 237 239 242 243 242 241 239 238 238 238 238 241 242 241 239 238 239 241 242 242 238 237 238 237 237 237 236 234
235 237 237 237 239 238 236 238 241 239 233 223 218 222 230 236 239 240 243 245 243 240 238 239 240 240 240 241 243 243 244 245 244 244 246 246 244 244 244 244 245 245 245 246 246 246 245 245 245 247 248 247 246 245 244 243 243 242 242 242 241 241 240 240 239 239 240 241 243 242 240 239 240 240 240 238 237 239 241 239 235 237 240 239 239 240 236 235 236 237 239 239 237 236
231 234 235 235 237 235 234 234 235 232 227 218 217 224 232 238 239 239 240 241 240 239 238 238 239 238 236 236 237 238 240 242 244 246 245 244 244 244 243 243 243 242 243 245 244 243 243 241 240 240 241 241 241 241 242 242 243 243 242 241 240 240 239 240 239 239 240 242 244 242 239 239 241 241 241 239 238 240 240 237 232 234 238 237 239 240 233 231 232 232 233 236 235 233
228 232 233 233 235 233 233 235 234 230 224 218 217 225 235 240 241 241 241 240 240 241 239 236 238 236 233 232 231 232 234 236 239 242 242 242 243 243 243 242 241 240 241 242 241 241 241 240 239 238 238 238 239 240 241 242 243 243 243 242 241 240 239 240 239 239 240 242 244 241 239 240 242 241 240 241 243 244 241 237 234 236 238 237 239 240 235 231 230 228 228 230 231 228
231 233 234 233 233 233 235 237 236 232 227 222 220 228 239 242 242 242 241 242 242 244 244 240 240 239 235 233 231 230 231 233 235 236 236 238 239 239 240 239 238 240 241 241 241 241 240 240 240 239 237 238 239 241 242 242 243 243 242 242 241 239 239 239 239 239 240 242 243 239 238 240 242 240 238 239 241 243 241 237 236 239 241 239 239 240 239 237 237 232 229 229 226 224
234 236 237 236 235 234 236 237 235 232 228 225 223 231 241 243 242 240 239 240 242 244 245 244 244 243 240 238 235 233 233 235 235 233 233 234 236 236 237 237 238 240 242 242 242 242 242 241 240 238 237 237 238 239 241 243 243 243 242 241 239 237 236 237 238 238 239 242 242 237 235 238 239 237 235 236 238 239 236 234 237 240 240 240 240 241 241 242 245 243 240 237 232 229
234 235 238 239 240 239 239 238 235 233 231 227 225 232 241 243 241 240 239 238 240 242 242 243 245 244 243 242 238 236 237 239 238 237 237 237 237 237 238 239 240 241 242 243 244 244 243 242 240 238 238 239 238 238 241 243 242 242 242 240 238 235 233 234 235 237 239 241 240 237 235 237 237 234 234 236 238 238 233 232 239 241 239 238 238 239 239 241 243 246 249 247 244 241
234 235 237 239 242 243 242 239 237 235 233 231 227 231 239 241 240 240 239 238 240 241 240 239 239 240 241 241 239 239 243 243 240 240 242 243 241 241 241 242 242 243 244 244 244 244 243 243 241 238 239 240 239 239 242 243 242 241 241 240 239 237 235 234 235 237 239 240 238 236 237 240 239 236 236 237 239 237 232 235 242 244 240 236 234 233 234 235 234 232 234 237 240 239
234 235 237 238 239 241 241 239 238 236 235 234 232 234 240 241 240 240 239 238 239 239 238 236 234 234 236 239 239 240 244 244 241 242 244 244 243 242 243 243 244 244 244 245 245 245 244 244 242 240 241 242 240 241 244 244 243 243 242 241 242 242 241 240 241 241 241 239 236 235 238 241 241 239 237 238 240 238 233 235 240 241 240 238 237 236 234 234 230 225 225 228 231 230
235 236 237 238 238 238 238 238 237 237 236 236 235 237 242 243 242 242 240 240 239 238 237 235 232 231 230 235 238 241 244 244 243 246 246 244 243 243 243 243 243 243 244 244 245 246 246 245 244 244 246 246 244 246 249 248 248 248 247 246 247 248 247 249 251 249 246 242 236 237 240 241 240 238 237 238 241 241 237 236 237 237 237 238 242 241 239 240 236 228 229 233 233 230
235 236 237 237 237 237 238 237 237 237 237 237 236 238 243 246 245 243 243 243 242 240 238 236 233 231 229 234 240 243 245 246 247 248 248 246 244 244 244 244 243 244 244 243 244 245 245 247 247 250 254 255 255 256 258 257 254 253 252 252 254 256 258 262 264 261 255 248 240 241 242 240 239 236 234 234 236 237 237 236 236 235 234 234 237 237 238 243 238 228 233 240 238 234
235 236 237 237 237 237 238 238 237 237 237 237 237 238 244 249 249 246 244 244 245 243 241 239 236 234 233 237 243 245 246 247 248 248 247 247 247 247 246 245 244 244 242 241 242 243 242 244 249 254 259 261 263 264 266 266 262 257 254 255 259 262 267 274 276 273 267 260 252 248 244 241 240 236 231 230 231 232 232 231 233 235 234 234 235 233 236 240 234 225 234 241 239 236
236 236 236 237 237 237 237 237 238 238 238 238 237 237 243 251 254 253 249 247 246 245 244 242 240 237 236 238 241 243 246 248 249 248 246 247 247 247 247 246 246 246 245 246 248 247 243 241 245 251 256 259 260 262 266 270 269 261 253 251 256 260 263 270 275 276 275 276 276 264 251 245 243 239 234 234 236 237 235 233 235 237 237 238 237 234 238 240 235 230 238 244 243 242
236 236 236 237 237 237 237 237 238 238 238 238 237 235 239 247 252 254 253 251 248 246 245 243 241 238 237 238 240 242 245 248 249 248 246 247 246 246 247 248 250 250 250 254 255 253 250 246 242 243 247 250 251 253 256 261 263 258 248 247 250 253 255 255 256 262 267 274 283 288 270 255 249 243 239 241 244 244 242 243 245 244 243 243 241 239 242 242 238 237 246 252 251 251
236 236 236 237 237 237 238 238 238 238 238 238 238 235 237 243 246 247 249 250 248 246 243 241 240 240 238 238 239 240 243 244 243 244 246 248 249 250 249 251 252 251 250 252 251 248 249 251 246 242 242 241 240 242 243 243 246 245 241 244 249 250 250 246 243 248 254 259 267 284 292 273 259 249 244 245 246 245 246 250 251 248 248 248 246 245 246 246 244 243 248 254 254 253
235 236 236 236 237 237 237 238 238 238 239 238 239 238 240 245 245 243 243 245 245 243 241 240 240 240 238 237 238 239 242 242 241 243 248 251 254 253 251 249 248 246 245 246 244 242 243 244 245 246 243 238 236 238 238 237 238 237 236 242 247 249 248 242 241 245 249 252 255 260 276 283 273 263 253 248 245 245 249 250 248 246 249 249 250 251 250 250 252 251 247 247 247 248
235 235 236 236 236 237 237 237 238 238 239 239 240 241 244 248 248 245 243 242 243 243 242 242 242 241 239 239 240 242 243 243 241 242 245 247 248 247 245 244 243 243 245 244 242 242 242 240 240 244 245 242 239 239 238 238 238 236 234 239 245 247 244 240 241 245 247 249 250 250 255 265 270 271 266 254 248 249 251 250 248 248 249 249 249 251 251 250 253 256 252 247 244 244
235 235 236 236 236 237 237 237 238 238 238 239 240 242 244 248 249 248 246 245 244 244 244 245 245 243 242 242 244 245 244 241 239 239 241 243 244 244 243 244 244 244 244 244 243 243 244 242 241 242 245 245 243 240 238 238 238 237 237 239 243 244 242 240 242 245 247 247 246 248 249 248 253 259 262 262 260 259 257 255 254 255 253 249 245 245 245 246 250 254 255 249 246 245
235 235 236 236 236 236 237 237 238 238 238 239 240 241 243 246 248 248 247 245 244 244 244 244 243 243 242 242 243 243 241 238 238 240 243 245 246 245 243 243 242 241 241 241 241 242 243 243 243 244 245 245 245 242 240 238 237 237 238 240 243 244 244 243 245 247 247 245 244 246 245 241 242 245 247 250 255 258 258 256 256 256 254 248 244 242 242 243 247 250 250 246 246 247
235 235 235 235 236 236 237 237 238 238 238 239 240 240 242 243 245 245 244 243 242 242 242 241 241 241 241 241 241 240 237 235 236 239 241 242 242 241 238 238 238 238 239 239 241 243 243 242 242 244 245 244 245 245 243 241 239 238 239 240 241 243 245 245 246 247 246 245 246 245 240 237 240 243 243 237 236 241 245 250 252 251 250 248 245 244 242 242 246 250 247 240 242 246
235 235 235 235 236 236 236 237 237 237 238 239 240 240 240 241 242 242 242 241 241 241 240 240 240 240 240 239 239 238 235 232 233 236 237 236 237 236 235 235 236 236 238 240 242 244 244 243 241 242 243 243 243 244 245 244 243 241 239 238 238 242 245 245 246 247 246 246 246 242 237 235 239 244 244 234 228 231 236 241 245 246 247 247 244 242 241 242 247 248 243 233 235 242
234 234 234 235 235 236 236 236 237 237 238 238 239 239 239 240 240 240 240 240 240 239 239 239 238 238 238 238 238 237 234 230 233 237 237 238 239 238 236 236 236 236 237 240 242 243 242 241 240 240 242 243 243 243 244 244 244 243 239 237 238 242 245 245 247 247 245 244 242 237 234 234 238 243 242 232 224 229 233 235 237 238 241 244 243 242 239 241 245 245 240 227 229 240
234 234 234 235 235 235 236 236 237 237 237 237 238 238 238 239 239 239 239 238 238 238 237 237 237 236 236 237 238 238 236 233 236 239 240 241 242 241 239 238 237 236 237 239 241 242 239 239 240 241 243 243 243 243 243 242 243 243 238 237 239 243 247 249 250 247 244 242 239 235 234 235 241 244 240 230 223 231 235 235 234 234 236 239 241 243 243 243 245 244 238 224 230 240
234 234 234 235 235 235 236 236 237 237 237 237 237 238 237 238 238 238 238 238 237 237 236 236 235 234 234 236 240 242 240 239 240 241 241 241 241 242 242 240 238 237 236 238 241 239 237 238 240 241 243 243 243 243 242 241 242 241 238 238 241 245 249 252 252 248 245 241 238 238 238 241 246 245 237 228 230 239 241 236 235 233 232 233 237 242 245 247 249 247 236 223 230 240
234 234 234 234 235 235 235 236 237 237 237 237 237 238 237 237 237 237 237 237 237 236 236 234 233 231 230 234 240 242 242 243 243 241 239 237 237 240 243 241 239 238 237 241 241 237 236 239 240 241 242 243 245 245 244 241 238 237 238 241 245 250 252 249 244 240 238 235 235 238 243 249 250 244 233 225 232 244 246 239 236 233 229 229 232 236 236 240 247 247 234 220 228 237
233 233 234 234 235 235 235 236 236 236 236 236 237 237 237 237 237 237 236 236 236 236 234 232 230 227 225 232 238 239 240 244 247 246 241 236 234 239 242 241 238 239 240 242 240 234 234 237 239 239 238 241 244 246 246 240 233 234 238 242 251 258 256 248 240 235 231 229 231 237 246 251 250 242 228 219 230 241 248 245 241 236 230 229 231 232 228 230 240 243 234 220 225 233
233 233 233 234 234 234 235 236 236 236 236 236 237 237 237 237 237 236 236 236 235 234 233 231 228 224 223 229 234 234 236 242 246 247 247 241 237 239 242 240 238 240 241 240 236 231 230 233 237 237 235 237 239 242 243 234 225 231 237 243 252 258 256 248 241 236 229 226 231 240 248 250 245 238 225 216 228 239 243 246 247 241 236 235 236 233 227 228 236 239 234 224 226 231
232 232 233 233 234 234 235 236 236 235 236 236 236 236 236 236 236 235 235 235 234 233 232 229 226 221 221 226 228 228 231 236 239 241 243 241 237 239 241 238 234 237 236 236 233 228 228 231 234 235 231 233 236 239 239 225 217 229 239 247 253 252 247 242 238 235 228 227 236 245 248 245 239 232 223 219 230 241 243 245 249 246 242 243 243 239 234 234 237 237 234 230 231 234
232 232 233 233 234 234 235 235 235 235 235 236 236 236 236 235 235 235 234 234 234 233 231 229 226 221 220 223 223 222 225 230 233 236 236 230 227 234 238 234 230 231 229 230 229 226 227 229 232 230 225 228 233 235 233 221 215 230 242 252 256 251 242 237 236 235 229 229 242 251 251 244 236 230 223 223 232 240 244 247 251 251 249 248 247 243 241 241 239 236 233 233 236 241
232 232 232 233 234 234 234 235 235 235 235 235 235 235 235 235 235 234 234 234 233 232 230 228 225 222 222 224 223 222 226 230 231 234 232 221 220 231 235 232 229 228 226 228 226 224 227 230 233 230 225 228 231 233 231 222 221 236 248 253 255 249 242 238 238 238 232 234 247 255 255 247 239 233 224 223 228 234 241 246 248 249 250 250 246 242 241 241 239 236 234 235 239 247
232 231 231 232 233 233 233 234 234 234 234 235 235 235 235 234 234 234 234 234 233 231 230 228 225 223 223 223 222 225 232 234 234 236 234 220 220 233 235 232 230 229 229 231 229 227 232 237 238 236 235 236 235 237 234 223 226 240 252 256 252 242 235 237 241 242 237 238 249 255 252 245 242 236 225 223 224 230 238 243 243 239 244 249 249 248 246 244 242 241 240 239 240 248
231 231 231 232 233 233 233 233 234 234 233 234 234 234 234 234 233 234 234 233 233 231 229 228 227 224 222 219 216 220 227 231 234 238 238 224 223 237 238 234 234 233 232 234 234 234 239 241 240 241 243 242 241 240 235 226 228 238 248 254 251 238 228 232 241 244 240 240 247 250 246 241 240 234 225 222 222 227 236 241 239 235 239 247 250 252 252 249 246 245 244 243 243 247
230 230 230 232 234 233 232 233 233 233 233 233 233 233 233 233 233 233 233 233 232 231 229 228 227 224 221 217 213 216 225 230 232 236 238 229 225 237 237 234 235 233 233 236 237 239 243 243 241 243 244 244 245 243 239 234 235 240 243 246 245 235 222 228 238 242 243 246 248 247 242 238 237 231 224 221 221 225 232 236 234 232 237 243 245 245 246 246 242 241 242 243 246 249
229 229 230 231 233 232 231 232 233 233 233 233 233 233 233 232 232 232 232 232 232 232 230 229 228 225 221 218 215 221 231 234 234 236 237 230 223 233 234 232 233 233 235 238 241 245 246 244 244 246 246 246 247 246 244 244 245 246 245 244 242 234 220 225 236 240 243 249 253 251 244 238 235 230 226 225 224 229 232 232 230 229 232 239 242 239 240 241 239 237 238 240 244 250
228 228 229 230 231 231 231 231 232 232 232 232 232 233 233 232 232 232 232 232 232 231 231 230 229 227 223 220 219 228 237 238 237 237 236 230 223 228 233 233 234 235 238 240 242 245 245 244 245 245 244 244 245 244 245 246 247 249 249 248 246 239 226 225 233 238 241 247 255 257 248 241 238 234 232 230 229 236 241 239 233 229 231 237 241 240 239 238 236 235 236 239 243 249
228 228 229 230 230 230 230 231 231 231 231 232 232 232 232 232 232 232 232 232 232 232 231 231 230 228 225 221 223 232 239 238 239 240 238 232 225 226 232 236 237 238 239 240 242 243 242 242 244 243 243 243 241 241 242 243 243 245 246 248 248 243 233 227 232 237 241 246 251 252 246 245 244 240 236 231 229 234 241 246 242 235 233 236 240 244 240 236 234 234 236 239 243 247
227 227 229 230 230 230 230 230 231 231 231 231 231 231 231 231 231 231 231 232 232 232 231 231 230 228 225 221 224 233 236 237 240 242 240 235 227 228 233 236 236 238 239 240 241 242 240 240 240 241 243 242 240 241 243 242 240 240 241 244 245 243 237 230 232 239 245 249 248 241 239 243 245 241 233 230 229 226 234 242 241 237 234 234 239 242 237 232 235 236 237 240 243 248
226 226 228 229 229 229 229 230 230 230 230 230 230 231 231 231 231 231 231 232 232 232 231 231 230 229 226 222 226 235 237 238 240 241 240 233 225 229 235 235 235 237 238 239 239 239 238 236 234 236 240 239 236 237 241 240 235 235 236 238 238 236 233 229 230 241 250 252 246 236 235 239 240 235 226 230 230 217 226 235 235 232 232 234 240 241 234 228 233 236 236 240 249 253
226 226 227 228 228 229 229 229 229 229 229 229 230 230 231 231 231 231 232 232 232 232 232 232 231 230 228 227 233 239 241 242 241 241 238 229 222 228 232 234 236 238 239 237 236 236 237 234 231 234 238 237 231 231 234 232 227 227 229 231 230 229 229 230 230 239 251 252 243 237 239 242 239 230 224 232 230 206 216 229 227 227 232 239 244 243 237 229 230 233 233 240 252 254
226 225 226 227 228 228 228 229 229 229 229 229 229 230 230 230 231 231 231 232 232 232 232 232 232 232 231 233 237 242 245 245 244 242 236 227 224 227 230 232 234 236 237 236 234 235 235 232 229 232 238 238 230 228 230 229 224 224 229 231 229 227 229 233 233 238 248 248 242 241 244 243 241 230 226 235 228 199 208 223 224 223 230 238 243 245 240 231 228 231 232 241 249 251
227 226 226 227 227 227 227 228 229 228 228 229 229 230 230 230 230 231 231 232 232 232 232 233 233 233 234 235 237 241 245 245 243 240 232 226 228 232 233 232 230 231 231 231 232 232 229 226 225 229 236 237 231 229 234 234 230 229 234 236 233 229 230 233 234 238 243 243 241 240 238 238 237 228 228 236 223 198 204 220 225 224 228 234 239 240 235 227 228 231 234 240 244 247
