windninja/windninja_output/Output_2025-08-24_0500-0550_Google earth_Fire_150m_10min/merlingen_7.5mi_point_08-24-2025_0550_150m_ang.asc
ncols	158
nrows	163
xllcorner	391686.332397
yllcorner	5160024.123721
cellsize	150.000000
NODATA_value	-32768.000000
[rows 42 to 83 of 163, columns 0 to 93 of 158]
258 254 245 237 233 231 230 229 228 227 226 225 224 224 223 223 222 222 222 221 221 220 219 219 219 217 217 216 214 216 219 218 216 214 209 208 211 212 211 211 211 212 213 213 210 207 208 211 212 213 219 219 212 208 215 220 219 219 224 228 226 221 219 220 219 219 218 217 215 213 213 215 212 203 202 205 198 190 194 204 210 211 213 216 214 212 210 210 211 211 212 218 224 227
253 249 242 236 232 231 229 228 228 227 226 225 225 224 224 223 223 223 222 222 221 221 220 220 219 219 218 217 216 217 219 219 216 211 206 204 206 208 207 209 213 216 216 215 212 211 214 217 219 220 223 222 214 211 216 221 222 222 225 228 228 224 221 219 219 217 213 211 211 208 206 208 207 201 201 202 198 193 196 204 209 210 212 213 213 212 213 215 216 215 215 216 222 227
249 246 240 236 233 231 230 229 228 227 227 226 225 225 224 224 224 223 223 223 222 221 221 221 220 220 219 218 218 218 219 219 216 211 206 203 205 209 210 213 215 218 219 218 215 215 219 220 220 219 219 218 214 212 216 221 222 223 225 226 225 224 222 220 219 217 214 211 208 205 205 207 207 205 205 205 200 197 201 206 209 209 209 213 215 215 216 219 221 221 219 219 225 229
246 243 239 236 234 232 231 230 229 228 227 227 226 225 225 225 224 224 224 223 223 222 222 221 221 221 220 220 220 219 218 218 216 212 209 207 208 212 214 215 215 219 222 220 215 216 219 220 218 217 218 219 217 216 220 223 224 224 224 223 222 221 219 216 217 217 216 213 208 207 210 212 213 213 212 210 203 199 203 206 206 206 212 219 220 218 218 220 222 224 223 223 228 230
241 240 237 235 234 233 232 231 230 229 228 227 227 226 226 225 225 225 224 224 224 223 223 222 222 222 222 221 221 220 220 219 217 214 211 211 212 213 213 214 215 220 223 220 215 217 219 219 218 218 219 220 220 221 223 225 225 224 223 220 217 216 215 213 215 217 217 216 211 211 215 217 219 219 217 212 205 200 202 206 208 212 220 225 222 219 219 219 221 223 224 225 228 228
238 237 236 234 234 235 234 232 231 230 229 228 228 227 227 226 226 226 225 225 225 224 224 224 224 223 223 222 222 221 221 221 219 217 215 214 214 214 213 215 216 220 222 218 215 218 221 221 220 218 219 220 220 222 222 222 223 223 222 216 212 215 217 217 219 220 219 218 214 213 216 218 221 221 218 214 208 204 206 212 218 223 225 224 221 219 218 219 220 222 223 225 226 225
235 235 235 234 234 236 236 234 232 231 231 230 229 228 228 228 227 227 227 226 226 225 225 225 225 224 223 223 223 222 222 221 221 219 217 215 216 216 216 217 218 221 221 217 216 219 221 221 219 217 218 221 223 224 222 221 222 221 218 212 210 217 222 223 225 224 220 217 215 215 217 219 221 220 219 215 211 209 212 218 222 223 222 219 216 215 216 216 217 218 221 225 226 224
234 234 234 234 235 237 237 236 234 233 232 231 230 230 229 229 228 228 228 227 227 226 226 225 225 225 224 224 223 223 223 222 222 221 219 216 217 218 217 217 219 222 220 216 217 223 223 221 219 217 216 220 222 222 220 220 221 219 215 211 211 219 225 228 228 224 220 217 216 217 218 219 219 219 218 215 211 210 212 216 219 219 218 216 214 213 213 212 213 215 219 225 226 225
235 235 234 233 235 237 237 237 235 234 233 232 231 230 230 230 229 229 228 228 227 227 226 226 226 226 225 225 224 224 224 223 223 222 221 219 218 219 218 218 219 221 219 216 220 226 225 222 222 220 219 222 221 218 216 218 219 217 215 214 217 223 230 233 229 222 219 217 217 218 219 220 220 218 216 213 210 209 212 216 218 218 217 215 213 212 210 210 213 216 220 224 226 227
237 236 233 234 236 236 236 237 236 235 234 233 232 232 231 231 230 230 229 229 228 228 227 227 227 226 226 226 225 225 225 224 224 223 222 222 221 221 220 219 220 221 220 217 221 226 224 221 223 223 221 222 222 218 218 220 220 219 217 217 221 226 233 235 228 221 218 216 217 218 220 220 219 217 215 213 210 209 212 215 217 219 220 217 214 212 211 214 217 219 221 224 227 229
240 237 234 235 238 237 236 237 237 236 234 234 233 233 232 232 232 231 230 230 229 229 229 228 228 228 227 227 226 226 226 225 225 224 224 224 223 223 221 219 220 223 221 217 221 225 222 218 219 218 214 215 217 218 220 224 223 220 219 221 223 226 234 235 226 218 215 214 216 218 218 217 216 215 215 214 212 211 213 215 217 220 222 221 219 218 217 218 220 222 222 224 226 227
239 238 236 236 238 238 236 237 238 237 236 236 235 234 233 233 233 232 231 231 231 230 230 229 229 228 228 228 227 227 227 226 226 226 225 225 224 224 223 220 221 224 222 218 219 222 219 213 214 213 210 213 216 218 223 226 222 219 220 223 224 227 235 234 223 215 212 212 215 216 215 213 213 214 216 215 214 214 217 218 217 219 221 221 221 222 221 220 221 222 223 223 221 221
236 237 237 237 239 238 236 237 238 238 238 237 236 235 235 234 233 233 232 232 232 231 231 230 230 229 229 228 228 228 228 227 227 227 226 226 226 225 224 222 222 225 225 222 220 220 216 210 211 212 212 216 218 221 227 226 219 217 219 222 223 227 233 231 220 211 207 207 211 212 211 211 214 216 216 216 214 215 218 217 215 217 218 217 217 220 221 221 221 222 222 221 218 216
235 237 239 240 242 242 239 238 238 239 239 239 238 238 236 236 235 234 233 233 232 232 232 231 231 230 230 229 229 229 228 228 228 228 227 227 227 226 225 225 226 228 229 226 222 219 215 211 211 211 212 218 219 223 230 225 216 215 218 221 222 225 229 227 218 209 205 204 209 211 212 214 217 217 216 215 214 215 217 214 211 213 215 215 215 216 217 218 220 222 223 222 217 213
237 238 239 240 243 245 244 241 240 240 239 239 240 240 238 237 236 236 235 234 233 233 233 232 231 231 231 230 230 230 229 229 229 228 228 228 227 227 227 226 227 229 229 226 223 219 214 211 211 209 210 219 221 225 230 224 214 215 218 220 222 224 227 226 219 209 206 206 210 215 215 216 216 214 214 213 212 214 214 211 210 212 214 214 214 215 215 215 217 221 226 225 216 207
239 239 239 239 239 242 243 243 242 242 239 237 239 241 240 239 238 237 236 235 235 234 233 233 232 232 232 231 231 231 230 230 230 229 229 229 228 228 228 227 227 227 227 226 223 221 218 215 213 208 210 220 224 228 231 221 211 214 218 219 221 225 228 227 220 211 206 207 212 215 215 214 214 213 212 210 210 212 210 209 209 211 214 215 217 219 220 218 217 218 221 215 201 198
239 239 240 240 240 240 241 242 243 244 240 237 237 240 241 242 240 238 237 236 236 235 235 234 233 233 232 232 232 231 231 231 230 230 230 230 229 229 228 228 228 228 227 226 226 225 224 221 217 209 210 221 226 230 230 220 211 215 219 220 222 225 227 227 221 212 206 205 208 211 212 212 213 212 210 208 208 209 208 207 208 211 214 217 220 222 223 222 219 215 212 205 197 200
240 240 240 241 242 242 242 243 245 246 244 240 238 239 241 242 242 241 239 238 237 236 236 235 234 234 233 233 233 232 232 232 231 231 231 230 230 230 229 229 229 228 228 227 227 227 225 224 220 212 208 219 227 230 229 220 215 219 223 223 223 225 226 226 222 215 207 202 205 210 211 211 212 211 208 207 208 208 207 208 209 212 215 216 218 220 221 220 216 211 208 206 204 208
240 240 241 242 242 243 244 245 246 246 245 242 239 239 238 239 242 242 241 239 238 237 236 235 235 235 234 234 234 233 233 232 232 232 231 231 231 230 230 230 229 229 228 228 227 227 226 225 222 217 210 218 229 231 228 221 219 223 225 224 224 225 227 227 223 217 208 202 206 212 212 211 211 210 207 206 208 208 209 211 212 214 216 216 217 218 218 216 213 209 208 209 210 214
240 241 242 242 243 243 245 246 246 246 245 243 241 240 237 238 239 241 242 241 240 239 238 237 236 236 236 235 235 234 234 233 233 233 232 232 232 231 231 230 230 230 229 229 228 228 227 226 225 221 215 220 233 234 229 224 226 229 228 227 227 227 228 227 223 218 210 204 209 213 211 211 210 209 206 206 209 210 210 212 213 215 218 219 219 219 217 214 212 210 208 210 214 217
242 243 243 244 244 244 245 246 246 246 246 245 244 242 239 238 238 239 241 242 242 241 239 238 237 237 237 236 236 235 235 234 234 233 233 233 232 232 232 231 231 230 230 229 229 229 228 227 226 225 220 222 234 235 229 228 232 233 231 229 228 227 226 225 222 219 211 207 210 211 210 210 210 208 206 207 209 210 210 211 213 216 219 221 221 220 219 214 211 211 209 216 221 221
245 245 246 246 246 246 246 246 246 246 246 247 246 245 242 240 239 238 238 240 242 242 240 239 238 237 238 237 236 236 236 235 235 234 234 233 233 233 232 232 231 231 231 230 230 229 229 229 228 227 224 223 230 232 225 227 233 234 231 228 224 222 223 224 226 223 215 210 210 210 209 210 210 207 205 207 208 209 209 210 213 215 218 220 219 219 218 213 212 214 216 221 223 223
247 247 248 248 248 249 249 248 248 247 247 248 247 245 244 243 241 238 237 238 240 241 241 241 239 239 239 238 237 237 236 236 235 235 235 234 234 233 233 233 232 232 231 231 231 230 230 230 229 228 227 227 230 231 223 225 232 233 230 226 221 220 225 232 235 229 217 211 209 208 208 210 210 206 204 205 206 206 205 208 212 214 216 217 217 218 216 213 214 215 218 221 223 226
246 246 247 248 248 249 249 250 250 249 249 250 249 246 245 245 244 240 237 238 238 239 241 242 241 240 240 239 238 238 237 237 236 236 235 235 235 234 234 233 233 233 232 232 231 231 231 230 230 230 230 230 232 234 228 226 232 232 229 226 222 221 227 231 228 221 212 208 207 207 208 210 211 207 203 202 203 203 203 208 213 215 216 216 216 218 217 215 214 215 218 222 225 229
241 241 244 246 248 249 248 247 248 249 250 250 249 248 247 246 245 244 241 239 237 236 238 240 241 242 241 240 239 239 238 238 237 237 236 236 235 235 234 234 234 233 233 233 232 232 232 231 231 231 231 232 233 235 234 234 237 235 232 228 221 215 220 222 220 215 210 207 208 208 208 211 211 206 202 200 200 202 203 208 212 212 211 208 212 217 217 215 216 217 219 222 226 230
232 235 238 240 245 249 247 244 246 249 251 250 247 247 248 247 246 245 244 242 238 235 236 237 238 241 242 243 242 241 240 239 238 238 237 237 236 236 235 235 234 234 234 233 233 233 232 232 232 232 232 232 233 234 236 240 245 245 240 233 221 212 216 220 219 216 212 210 209 209 208 211 211 205 201 200 199 199 201 204 205 206 204 203 212 222 222 218 219 220 220 223 228 231
222 230 234 234 237 240 237 236 242 248 249 248 247 246 245 246 247 246 246 245 242 239 237 236 235 236 240 244 245 244 243 241 240 239 238 237 237 236 236 236 235 235 234 234 234 233 233 233 233 233 233 233 233 234 236 239 244 248 246 239 227 219 222 224 221 217 214 212 210 209 208 211 211 206 202 201 199 197 197 200 201 203 207 211 225 233 226 219 220 221 222 226 230 232
229 238 242 240 240 238 232 230 237 242 241 238 238 239 238 239 243 246 247 246 244 243 241 239 235 233 237 243 245 246 245 243 242 240 239 238 238 237 237 236 236 235 235 235 234 234 234 234 233 233 233 233 233 234 235 236 238 240 242 240 235 230 232 230 225 220 217 214 210 209 209 212 212 205 202 202 200 197 195 199 204 209 216 225 237 237 224 219 220 222 223 226 228 229
242 250 259 260 257 250 242 238 243 244 240 235 235 234 234 235 237 241 244 245 245 245 245 244 238 233 237 241 242 244 245 245 244 242 241 239 239 238 238 237 236 236 236 235 235 235 234 234 234 234 234 234 234 234 234 234 235 236 236 236 235 235 239 240 237 232 226 220 214 211 211 213 211 204 202 203 201 197 195 199 208 217 225 234 240 234 221 220 221 223 223 224 225 224
247 251 260 265 266 262 258 258 260 256 249 246 245 242 240 238 238 239 240 241 243 245 246 245 239 233 236 238 239 240 242 244 245 245 243 241 240 239 238 238 237 237 236 236 236 235 235 235 234 234 234 234 234 234 234 234 234 234 234 233 233 234 236 238 239 240 238 232 225 217 213 215 213 205 203 204 203 198 196 203 215 224 230 238 238 226 218 220 222 224 224 223 222 219
250 253 258 262 263 263 263 266 268 263 256 255 255 252 250 247 245 243 241 239 239 242 244 243 239 235 238 239 238 238 238 240 243 245 244 243 242 240 239 238 238 237 237 237 236 236 236 235 235 235 235 234 234 234 234 234 233 233 233 232 232 232 232 233 233 234 235 236 233 228 223 223 218 210 206 207 206 201 200 208 219 227 233 238 232 219 216 220 225 225 223 223 223 220
253 256 260 261 262 263 264 265 266 262 257 256 255 254 253 252 251 249 246 243 241 241 241 241 238 236 240 241 239 238 237 238 240 242 243 243 243 241 240 239 239 238 238 237 237 237 236 236 236 235 235 235 235 234 234 234 233 233 233 232 232 231 231 231 230 230 230 230 231 234 235 236 229 217 212 211 209 205 203 210 220 227 233 233 224 217 218 221 225 224 220 220 223 223
256 258 263 265 265 266 266 265 264 262 260 258 256 254 253 253 252 251 250 248 247 245 243 242 240 238 240 241 241 240 239 238 239 240 240 241 242 242 241 240 239 239 238 238 237 237 237 237 236 236 236 235 235 235 234 234 233 233 233 232 232 231 231 230 229 228 228 228 228 229 230 230 226 217 211 210 208 206 204 210 220 225 228 226 220 219 221 223 224 222 219 215 212 208
257 260 265 269 270 270 270 268 265 263 262 260 258 256 255 254 253 251 251 250 249 249 247 245 243 241 241 242 242 241 240 239 239 240 240 240 241 242 242 241 240 239 239 238 238 238 238 237 237 237 236 236 235 235 235 234 234 233 233 232 232 231 231 230 229 228 228 227 227 226 224 222 219 213 208 208 204 203 204 209 218 223 225 223 220 219 221 222 223 225 224 213 203 203
258 260 265 270 274 276 275 272 269 266 264 262 260 259 257 256 254 253 252 251 250 249 248 247 245 243 244 246 244 242 241 241 241 242 243 243 243 243 243 241 241 240 240 239 239 239 238 238 238 237 237 236 236 235 235 234 234 233 233 232 232 231 231 230 229 229 228 227 226 225 223 221 219 215 209 206 201 199 202 210 219 225 227 226 226 225 226 227 228 232 230 215 203 205
259 260 263 268 276 281 280 278 274 271 268 265 262 261 259 258 256 255 253 252 250 250 249 247 244 242 246 249 248 245 243 242 242 242 243 243 243 244 244 243 241 240 240 240 239 239 239 239 239 238 238 237 237 236 235 235 234 234 233 233 232 231 231 230 229 229 228 227 226 225 223 221 220 216 212 206 199 194 199 214 224 227 229 231 232 234 236 234 232 227 215 202 198 204
262 260 256 264 277 284 285 283 280 277 272 266 263 262 260 259 258 256 255 253 251 251 250 248 243 242 246 249 249 247 244 242 241 241 242 241 241 242 244 244 243 241 241 241 240 240 240 240 240 239 239 238 237 237 236 235 235 234 233 233 232 232 231 230 230 229 228 227 226 225 223 222 220 218 214 209 201 191 197 218 226 225 226 228 225 225 226 223 216 211 204 199 198 205
259 255 249 254 269 283 289 288 285 283 275 268 264 262 261 259 258 258 256 254 253 252 252 249 244 243 245 246 247 246 244 243 242 242 243 242 240 240 242 245 244 243 243 243 242 242 242 242 242 241 240 239 238 237 236 236 235 234 234 233 233 232 231 231 230 229 228 227 226 225 224 222 221 219 216 211 204 195 197 215 223 219 217 217 215 215 216 213 209 206 204 204 204 205
252 248 245 250 259 272 286 286 283 281 275 268 264 262 261 260 259 258 256 255 254 253 252 250 246 245 247 246 246 245 245 245 243 241 241 241 240 238 240 242 242 243 245 245 245 244 244 244 245 245 243 241 239 238 237 236 235 235 234 234 233 232 232 231 230 230 229 228 227 226 224 223 221 219 217 213 208 201 200 208 211 210 210 210 211 213 213 209 207 208 208 209 209 207
249 251 253 257 266 270 267 266 269 269 266 264 262 262 261 261 260 258 257 256 255 254 253 251 248 248 250 249 247 245 246 246 245 242 240 239 238 238 239 239 238 239 242 245 247 249 249 249 250 252 249 245 241 239 237 237 236 235 235 234 233 233 232 231 231 230 229 228 227 226 225 223 222 220 218 215 211 205 200 198 197 201 207 209 211 214 213 208 207 209 210 210 211 209
260 261 264 270 274 266 254 251 253 254 255 258 260 260 260 260 259 259 259 258 257 256 255 253 249 250 252 251 248 247 247 249 249 248 245 242 239 238 239 239 236 235 236 239 241 243 244 244 245 247 248 247 244 240 238 237 236 236 235 235 234 233 233 232 231 230 230 229 227 226 225 224 222 221 219 216 212 207 201 194 188 194 205 211 213 213 211 208 207 209 210 211 212 209
262 263 265 268 265 256 251 248 247 249 252 257 260 260 260 260 259 260 260 260 260 259 257 255 252 251 252 251 249 248 248 248 249 250 250 248 246 243 241 240 238 236 235 234 234 234 234 234 236 236 236 237 239 238 237 237 237 236 236 235 234 234 233 232 232 231 230 229 228 227 226 224 223 222 220 217 214 209 203 194 184 187 199 207 212 213 212 210 208 210 212 213 213 212
