windninja/windninja_output/Output_2025-08-24_0500-0550_Google earth_Fire_150m_10min/merlingen_7.5mi_point_08-24-2025_0510_150m_ang.asc
ncols	158
nrows	163
xllcorner	391686.332397
yllcorner	5160024.123721
cellsize	150.000000
NODATA_value	-32768.000000
[rows 0 to 41 of 163, columns 0 to 93 of 158]
240 241 241 240 240 242 242 238 238 239 237 232 225 223 229 239 249 253 254 260 260 244 232 233 239 245 244 239 237 237 237 238 240 239 238 242 247 248 249 247 242 241 242 243 245 247 251 252 244 238 234 232 232 232 233 233 233 234 235 235 233 231 231 229 226 225 226 229 233 234 233 232 230 229 229 229 231 233 235 234 232 230 231 234 236 235 231 230 232 230 228 229 228 226
240 241 242 242 242 243 242 241 243 242 239 231 223 224 230 238 244 247 251 254 253 242 235 235 239 242 241 239 239 239 239 239 240 239 240 242 243 244 244 242 241 241 240 241 242 243 244 244 242 239 237 236 236 236 235 234 234 234 234 235 233 232 231 229 227 227 228 231 233 234 232 231 230 229 229 230 230 232 233 232 230 230 232 234 235 234 231 230 232 231 231 231 230 229
239 241 242 242 244 243 240 242 245 244 238 227 221 225 232 238 240 241 245 246 244 240 237 238 239 239 238 239 240 241 241 241 241 240 241 241 239 238 238 237 238 238 238 238 238 237 236 236 235 236 238 237 237 237 236 234 233 233 233 233 232 231 230 230 229 229 231 233 234 233 231 230 230 230 230 229 228 231 232 229 227 229 232 232 232 232 227 227 229 230 232 233 231 229
236 239 240 240 242 240 238 239 240 238 232 222 221 227 234 240 241 240 241 242 241 239 237 237 238 236 234 234 235 236 237 239 241 241 240 239 239 238 238 237 235 235 236 236 236 234 233 232 231 231 231 232 232 233 233 233 234 233 233 232 231 230 230 230 229 229 231 233 235 233 230 230 231 231 231 230 229 231 232 229 224 227 230 229 231 231 224 223 224 224 226 228 227 225
235 238 238 238 240 239 239 241 240 236 229 222 221 229 238 243 243 242 242 241 240 241 239 236 237 235 232 230 229 229 231 233 236 238 237 237 237 237 237 235 233 232 233 233 233 232 232 231 230 230 229 230 230 232 233 233 234 234 233 233 232 230 230 230 230 230 230 234 235 233 230 231 232 232 231 232 233 234 233 229 225 227 230 229 230 232 226 221 220 219 220 222 222 219
239 240 240 238 239 239 241 244 242 237 231 226 224 232 242 244 244 243 243 243 243 244 243 239 238 237 233 231 229 228 228 230 232 232 232 233 234 233 233 232 231 231 233 233 233 233 232 232 231 231 230 230 231 233 234 234 234 234 233 232 232 230 229 230 230 229 230 233 234 231 229 232 233 231 229 230 232 234 233 229 228 231 233 230 230 232 230 226 224 221 218 219 217 214
242 243 244 242 241 241 243 244 241 237 233 230 228 236 244 246 244 242 241 241 242 245 246 244 242 241 238 236 233 230 230 232 231 229 229 230 230 230 231 230 231 232 234 235 235 235 234 233 232 231 230 230 231 231 233 234 234 234 233 231 230 227 226 228 229 229 230 233 233 228 227 229 230 227 225 227 229 231 228 227 229 231 231 231 232 233 233 232 232 228 225 224 221 218
242 243 245 247 247 246 245 243 241 238 236 233 230 236 244 246 244 242 240 239 240 242 243 242 243 243 241 239 236 234 234 235 234 232 232 232 232 232 232 233 233 234 236 236 237 237 236 235 233 231 231 231 230 230 233 234 234 233 232 230 227 224 224 225 226 228 229 232 231 228 226 228 228 226 225 227 230 230 226 225 231 232 229 228 229 231 231 231 231 231 232 232 232 230
242 243 245 248 250 250 248 245 242 241 240 237 234 237 243 244 243 242 241 240 241 242 240 238 238 238 239 239 236 236 239 239 236 236 238 238 236 236 236 236 237 238 238 238 238 237 236 236 234 231 231 232 231 231 234 234 232 231 230 229 228 227 225 225 227 228 230 230 229 227 228 231 231 228 227 228 231 230 226 228 234 235 229 225 224 224 224 225 222 219 219 222 226 225
243 244 246 247 248 248 248 246 244 243 242 241 239 241 244 245 243 243 241 240 240 240 239 236 234 232 234 236 236 237 241 240 238 239 240 239 238 238 238 238 239 239 239 239 239 238 237 237 235 232 233 234 232 233 236 236 234 233 233 232 233 232 230 230 232 232 231 229 227 227 230 233 233 231 229 230 232 230 225 227 231 232 229 226 225 224 222 222 217 213 214 215 217 216
244 245 246 246 246 246 246 245 245 244 243 243 243 244 247 247 245 244 243 242 240 239 238 235 232 230 228 232 235 238 241 240 239 242 242 240 239 238 238 238 238 238 238 239 240 240 239 239 238 236 238 238 236 238 241 241 241 240 240 239 240 240 239 239 242 240 237 232 228 229 233 233 232 230 230 231 234 233 227 225 227 228 227 226 229 227 225 227 222 216 218 221 220 217
245 246 246 246 246 246 246 246 245 244 244 244 244 245 249 250 248 246 245 245 244 241 239 236 233 230 227 232 237 240 242 243 243 244 244 242 240 239 239 239 239 239 238 237 238 240 240 241 242 244 248 249 249 250 252 251 249 248 247 248 250 251 252 255 255 252 247 239 232 233 234 232 230 227 226 226 227 228 225 223 224 225 224 223 223 221 224 229 225 216 222 229 226 221
246 246 247 246 246 246 247 246 246 245 245 245 244 245 250 254 253 250 247 247 246 245 242 239 236 233 232 235 240 242 244 244 244 244 244 243 243 242 241 240 239 239 237 236 237 238 237 240 246 251 255 257 259 261 263 263 258 253 250 252 256 259 263 270 272 268 261 252 242 237 235 233 231 226 221 220 221 222 221 219 221 224 223 223 222 219 223 228 222 214 223 231 229 224
247 247 247 247 247 247 247 246 246 246 246 246 244 244 249 255 258 256 252 249 248 246 245 242 239 236 234 236 239 241 243 245 246 244 243 243 243 243 242 241 241 242 241 242 244 243 240 238 242 248 252 255 257 260 264 268 266 258 250 249 253 256 259 265 271 272 271 271 266 251 239 236 233 228 221 221 224 226 224 222 223 225 225 226 226 223 226 230 225 220 228 235 234 233
247 247 248 248 248 248 247 246 247 246 246 246 244 242 245 251 256 258 257 253 250 248 246 243 240 238 236 237 238 239 242 245 246 244 243 242 242 242 243 244 246 247 248 252 253 250 247 242 238 239 243 246 246 249 252 257 259 253 243 241 245 247 247 247 249 254 260 266 277 279 254 241 236 230 226 228 232 233 232 233 233 231 230 232 231 230 232 234 230 230 239 246 246 246
248 248 248 248 248 248 248 248 247 247 247 247 246 244 244 249 250 251 253 253 250 247 244 241 240 239 237 236 237 238 240 242 240 240 242 244 246 247 246 248 250 248 247 249 248 244 245 246 241 238 237 236 234 235 236 237 239 237 233 237 241 242 241 236 235 239 244 248 256 272 279 258 245 236 232 232 234 236 237 239 238 235 237 239 238 238 240 240 238 238 243 249 249 249
248 248 248 249 248 248 248 248 248 248 248 247 247 247 249 251 249 247 247 248 247 245 242 241 240 239 237 236 236 237 239 240 239 241 245 249 251 251 248 247 245 243 242 242 240 238 239 239 240 240 237 232 229 231 231 232 233 231 227 233 239 241 239 233 232 237 239 241 243 245 257 270 262 250 239 235 234 235 238 239 236 236 239 242 244 246 246 246 248 246 241 241 242 243
249 249 249 249 249 249 248 248 248 248 248 248 248 250 253 255 253 249 246 245 245 244 243 243 242 241 239 238 239 240 241 240 239 240 242 245 246 244 242 240 240 239 240 240 238 238 237 235 234 237 238 235 232 232 232 232 232 230 226 230 236 238 236 231 232 235 238 238 239 238 240 246 255 256 249 240 235 237 240 241 240 241 243 243 245 248 248 247 249 250 244 240 238 238
249 249 249 249 249 249 249 249 249 248 248 248 249 250 252 255 255 252 249 247 246 245 245 245 245 243 241 241 242 243 242 239 237 237 238 240 241 241 240 240 240 240 240 240 239 239 239 236 234 236 238 238 236 233 232 231 231 230 228 230 235 237 234 231 232 235 237 238 236 237 235 231 235 242 245 247 247 249 250 250 250 250 248 244 241 240 240 240 243 246 245 241 239 238
250 250 250 250 249 249 249 249 249 249 248 248 249 249 251 253 253 252 250 248 246 245 245 244 244 243 242 241 241 241 239 236 236 238 241 243 243 242 240 240 238 237 237 237 237 237 238 236 236 238 239 239 238 235 232 230 230 230 231 232 235 238 236 235 235 237 238 237 234 233 230 226 227 231 231 235 244 251 253 252 251 250 247 241 237 236 235 236 241 243 240 235 238 239
251 251 250 250 250 250 250 250 250 249 249 249 249 249 249 250 250 249 248 246 245 244 243 242 242 241 241 240 240 238 235 233 234 237 239 239 239 237 234 234 234 234 235 235 236 237 238 236 236 238 239 238 237 236 235 233 231 231 231 233 234 237 238 236 236 237 236 235 234 231 227 225 228 231 229 223 225 232 238 243 245 244 242 239 236 236 236 236 240 242 237 228 233 238
251 251 251 251 251 250 250 250 250 249 249 249 249 248 248 248 248 247 246 245 244 243 242 241 241 240 239 239 238 237 233 230 231 234 234 233 234 233 231 231 232 233 234 235 237 239 239 237 235 236 237 236 236 236 236 236 235 233 231 232 232 236 238 236 236 236 234 233 233 230 227 226 229 234 232 220 216 222 228 233 237 238 239 238 234 234 233 235 240 240 234 222 226 235
252 251 251 251 251 251 250 250 250 249 249 249 248 248 248 247 247 246 245 244 243 242 241 240 239 238 238 237 237 235 232 229 231 234 235 236 236 235 233 233 232 232 233 236 238 238 237 235 234 234 236 236 236 236 235 235 235 234 231 231 232 235 238 236 235 234 231 231 231 228 226 226 230 233 230 217 211 218 224 228 230 231 234 236 233 231 230 232 237 237 230 218 221 232
252 252 252 252 251 251 251 250 250 250 249 249 248 247 247 246 246 245 244 243 242 241 239 239 237 237 236 237 237 237 234 231 234 236 237 239 239 238 236 234 233 233 233 235 237 236 234 233 234 234 236 237 236 236 235 234 234 233 229 229 232 236 239 239 237 232 230 231 230 228 227 228 232 234 228 217 210 218 224 226 227 228 230 232 232 232 231 233 236 236 229 217 222 233
253 253 252 252 252 252 251 251 251 250 250 249 248 247 246 246 245 244 244 242 241 240 239 237 236 235 234 236 240 241 238 237 238 238 238 238 238 239 239 236 234 233 232 234 236 234 232 233 235 236 237 237 236 235 234 232 233 232 229 230 234 237 240 241 238 235 234 233 232 233 233 233 235 233 226 219 218 225 227 226 227 226 225 227 229 232 233 236 240 238 228 216 223 232
253 253 253 253 252 252 251 251 251 251 249 249 248 248 246 245 244 244 243 242 241 240 238 236 234 231 230 234 240 242 241 241 241 238 236 235 235 238 240 238 235 233 233 235 236 232 232 234 235 235 236 237 238 238 236 232 230 230 231 233 237 240 241 238 232 230 229 229 230 233 236 239 238 232 223 217 223 232 230 225 225 224 222 222 225 227 226 229 238 239 226 213 220 229
254 254 254 253 253 252 252 252 251 250 249 248 248 248 246 245 244 243 242 241 240 239 237 234 232 228 226 232 238 239 239 242 244 243 239 234 232 236 239 237 234 234 235 237 235 230 229 232 234 233 232 235 238 238 236 230 226 228 231 234 240 246 244 237 230 227 224 223 226 231 237 240 237 230 219 212 222 232 232 225 225 224 222 221 224 224 219 221 231 235 224 211 216 225
254 254 254 254 253 253 252 252 252 250 249 249 248 247 246 245 244 243 242 241 240 238 236 233 230 225 223 230 234 234 236 240 244 245 244 238 234 237 239 237 234 235 235 234 231 226 225 228 232 231 229 231 233 234 234 224 219 224 229 232 240 247 245 238 233 229 224 221 225 232 238 239 233 226 216 209 220 230 231 226 227 226 225 225 226 225 220 221 229 231 225 213 214 222
255 255 254 254 254 253 253 253 252 250 249 249 248 247 246 245 244 243 241 240 239 237 235 232 228 223 222 226 228 228 230 235 238 240 241 237 234 236 238 234 230 231 230 230 227 223 223 226 229 229 224 226 229 231 230 217 210 221 230 236 241 242 237 232 231 229 223 221 228 235 238 235 228 223 215 211 220 232 234 231 229 227 228 231 233 231 227 226 230 230 226 220 217 222
256 255 255 255 254 254 254 253 251 250 249 248 248 247 246 245 244 242 241 240 239 237 235 232 228 223 221 224 224 222 224 229 232 234 234 227 224 231 234 230 225 225 224 225 223 220 221 223 226 224 219 221 225 228 226 214 208 221 233 242 245 241 234 230 229 229 223 222 233 241 241 234 227 222 216 214 221 232 236 237 235 229 232 236 237 235 233 232 232 229 227 226 224 226
256 256 256 255 255 255 254 253 251 250 249 248 247 246 245 244 243 242 241 240 238 236 234 231 228 224 224 225 224 223 226 230 231 232 230 219 217 227 231 227 223 222 220 222 221 218 221 223 225 223 219 221 224 227 226 216 214 227 239 245 246 240 235 233 233 232 224 226 239 246 246 238 232 225 216 214 218 226 233 237 236 229 232 237 236 232 231 231 231 229 228 229 231 236
257 257 256 255 255 255 254 252 251 250 249 248 247 246 245 244 243 242 241 240 238 236 234 231 228 226 224 224 223 225 231 234 233 235 231 217 216 228 231 227 225 224 223 225 224 221 224 228 230 229 228 229 229 231 228 218 220 232 244 248 244 234 230 233 236 235 227 228 241 247 244 238 233 225 215 213 215 221 230 235 233 226 228 235 237 236 236 235 235 235 234 233 235 241
258 257 257 256 256 255 253 252 251 250 249 248 247 246 245 244 242 242 241 240 238 236 234 232 230 227 224 221 218 220 227 231 233 236 235 221 218 231 233 229 229 228 227 229 228 227 231 234 233 235 236 236 235 234 230 221 222 231 241 247 244 231 223 228 235 236 229 228 238 242 238 231 228 221 213 212 213 218 227 233 231 225 228 234 238 241 243 241 239 239 239 238 237 241
258 257 257 257 257 255 254 253 251 250 249 248 247 245 244 243 242 241 240 239 238 237 234 232 230 227 224 219 214 217 225 230 231 235 236 225 219 232 232 229 230 228 228 230 231 233 236 236 236 237 238 238 238 237 233 227 227 232 237 240 239 227 216 222 232 235 232 232 237 238 233 226 224 219 213 211 211 214 223 228 228 225 228 232 233 234 237 237 235 235 236 237 240 242
258 258 257 257 257 255 253 252 251 250 249 248 247 245 244 243 242 241 240 239 238 237 235 233 231 227 224 220 216 221 231 233 233 234 234 226 217 228 230 227 229 229 230 233 236 239 240 238 239 240 240 240 241 240 238 237 237 238 238 239 237 227 212 217 229 233 235 237 241 240 232 227 225 220 216 213 212 215 221 225 224 223 225 230 230 227 231 232 230 230 231 233 237 241
259 259 258 258 257 255 253 252 251 250 248 247 246 245 244 243 242 241 240 239 238 237 235 234 233 230 226 222 220 228 236 236 235 235 233 227 219 224 229 229 230 232 234 236 238 240 239 238 239 239 238 238 238 238 238 238 239 241 242 243 241 232 217 215 226 231 234 236 241 243 236 232 229 225 221 217 216 223 230 231 227 224 225 230 233 229 228 229 227 226 227 230 234 240
260 260 259 259 256 254 252 252 250 249 248 247 246 245 244 243 242 241 240 239 238 237 236 235 233 231 227 222 223 232 237 236 236 237 236 229 222 223 229 232 233 234 235 236 237 238 236 236 237 237 237 236 234 234 234 235 235 237 240 242 243 237 224 216 222 229 233 236 239 239 237 238 236 231 224 219 217 223 232 236 233 228 228 231 234 234 227 226 225 224 225 229 234 239
261 261 260 259 256 254 252 251 250 249 248 247 245 244 243 242 242 241 240 239 238 237 236 235 233 231 228 222 224 233 235 235 237 238 237 231 225 226 231 233 233 234 235 235 236 236 234 234 234 235 237 234 232 233 234 233 232 232 234 237 239 236 228 218 220 230 237 240 238 232 231 235 235 229 221 219 217 215 225 233 232 229 228 228 233 234 224 220 225 226 226 229 234 239
262 261 260 258 256 254 252 251 250 249 247 246 245 244 243 242 242 241 240 239 238 237 236 235 234 232 228 223 227 235 235 235 237 238 236 230 224 228 232 232 232 233 233 233 234 233 231 229 227 230 232 230 227 229 232 230 226 226 228 230 231 229 225 219 219 231 242 245 238 228 227 228 227 223 217 220 217 205 217 228 226 223 224 227 233 233 223 215 221 225 225 230 239 243
262 262 260 257 255 253 252 251 250 249 247 245 244 244 243 242 242 241 240 239 238 237 236 236 235 233 230 229 233 238 239 238 238 237 234 226 221 225 229 231 232 233 233 231 230 230 229 227 224 227 230 227 221 222 225 222 216 217 220 222 222 222 223 223 221 229 243 245 236 228 228 228 227 221 216 221 216 196 207 221 221 219 224 231 237 236 227 217 216 221 223 230 242 245
262 262 260 257 255 252 251 251 250 248 246 245 244 243 243 242 241 240 240 239 239 238 237 236 236 234 233 234 236 240 242 241 239 237 232 225 222 224 227 228 230 231 231 229 228 228 227 224 221 224 229 227 218 216 220 219 214 214 219 222 222 222 225 227 225 228 240 241 233 230 230 231 231 222 216 222 213 192 199 216 218 217 223 230 236 236 230 218 215 219 221 231 241 244
261 261 259 256 254 252 251 250 249 247 246 245 244 243 243 242 241 240 240 239 239 238 237 237 236 235 235 235 236 239 242 241 238 235 228 223 225 228 228 227 225 225 225 225 225 223 221 218 217 220 227 227 218 216 222 224 221 220 225 229 227 224 226 228 227 228 235 235 230 228 227 229 228 218 216 221 209 192 198 213 219 217 221 226 230 230 224 217 217 220 223 231 237 241
