windninja/windninja_output/Output_2025-08-24_0500-0550_Google earth_Fire_150m_10min/merlingen_7.5mi_point_08-24-2025_0500_150m_vel.asc
ncols	158
nrows	163
xllcorner	391686.332397
yllcorner	5160024.123721
cellsize	150.000000
NODATA_value	-32768.000000
[rows 38 to 75 of 163, columns 0 to 83 of 158]
0.21 0.20 0.20 0.20 0.21 0.21 0.22 0.23 0.24 0.26 0.27 0.28 0.29 0.30 0.31 0.32 0.33 0.33 0.34 0.35 0.36 0.37 0.37 0.37 0.38 0.37 0.38 0.39 0.41 0.43 0.43 0.42 0.44 0.49 0.57 0.61 0.62 0.66 0.69 0.68 0.67 0.67 0.68 0.70 0.74 0.74 0.74 0.77 0.82 0.85 0.84 0.80 0.82 0.89 0.88 0.83 0.89 1.01 1.10 1.17 1.26 1.23 1.02 0.78 0.69 0.79 1.04 1.12 0.97 0.88 0.87 0.89 0.91 0.88 0.82 0.78 0.72 0.76 0.96 1.07 0.88 0.81 0.93 1.13
0.18 0.17 0.17 0.18 0.19 0.21 0.22 0.23 0.24 0.26 0.27 0.28 0.29 0.30 0.31 0.32 0.33 0.34 0.35 0.36 0.36 0.37 0.38 0.38 0.38 0.38 0.37 0.37 0.37 0.37 0.37 0.38 0.41 0.46 0.52 0.58 0.63 0.71 0.77 0.75 0.71 0.69 0.69 0.72 0.78 0.82 0.80 0.78 0.82 0.91 0.93 0.87 0.88 1.00 1.08 1.05 1.04 1.13 1.24 1.32 1.40 1.47 1.38 1.06 0.80 0.82 1.05 1.11 0.96 0.89 0.89 0.91 0.93 0.91 0.88 0.87 0.80 0.80 0.96 1.21 1.19 1.00 0.93 1.00
0.14 0.14 0.15 0.16 0.19 0.20 0.22 0.24 0.25 0.26 0.27 0.29 0.30 0.31 0.32 0.33 0.34 0.35 0.35 0.36 0.37 0.38 0.38 0.39 0.39 0.38 0.37 0.35 0.33 0.34 0.35 0.35 0.36 0.41 0.47 0.53 0.58 0.67 0.78 0.83 0.82 0.78 0.75 0.75 0.78 0.84 0.87 0.84 0.84 0.92 0.98 0.91 0.88 0.98 1.12 1.17 1.12 1.11 1.17 1.24 1.28 1.40 1.53 1.34 0.96 0.90 1.11 1.15 1.00 0.93 0.88 0.85 0.82 0.80 0.86 0.92 0.89 0.88 0.94 1.14 1.30 1.28 1.18 1.12
0.12 0.12 0.13 0.16 0.18 0.20 0.22 0.24 0.25 0.26 0.28 0.29 0.30 0.31 0.33 0.34 0.35 0.35 0.36 0.37 0.37 0.38 0.39 0.39 0.39 0.39 0.37 0.36 0.34 0.35 0.36 0.36 0.36 0.38 0.44 0.51 0.56 0.59 0.68 0.82 0.90 0.93 0.92 0.88 0.85 0.89 0.97 0.99 0.97 0.98 1.03 1.00 0.90 0.84 0.89 0.99 0.97 0.91 0.93 1.01 1.06 1.15 1.38 1.49 1.25 1.04 1.15 1.24 1.13 1.06 0.99 0.92 0.86 0.79 0.85 0.93 0.93 0.91 0.90 0.98 1.14 1.25 1.32 1.33
0.10 0.11 0.13 0.16 0.18 0.21 0.22 0.24 0.26 0.27 0.28 0.30 0.31 0.32 0.33 0.34 0.35 0.36 0.37 0.37 0.38 0.38 0.39 0.39 0.40 0.39 0.39 0.38 0.37 0.37 0.38 0.39 0.38 0.39 0.43 0.50 0.58 0.64 0.70 0.78 0.86 0.92 0.95 0.96 0.94 0.93 0.94 0.94 0.91 0.89 0.93 0.95 0.85 0.75 0.74 0.80 0.82 0.79 0.80 0.88 0.92 0.95 1.13 1.39 1.46 1.29 1.23 1.34 1.35 1.27 1.22 1.16 1.06 0.95 0.94 0.98 0.97 0.92 0.90 0.96 1.08 1.13 1.21 1.33
0.10 0.11 0.13 0.16 0.19 0.21 0.23 0.25 0.26 0.28 0.29 0.30 0.31 0.33 0.34 0.35 0.36 0.36 0.37 0.38 0.38 0.39 0.39 0.40 0.41 0.40 0.40 0.39 0.38 0.37 0.38 0.39 0.40 0.41 0.43 0.47 0.55 0.64 0.69 0.72 0.75 0.79 0.84 0.86 0.86 0.83 0.81 0.83 0.82 0.81 0.85 0.89 0.85 0.79 0.77 0.78 0.79 0.79 0.81 0.87 0.88 0.85 0.90 1.08 1.33 1.41 1.36 1.40 1.53 1.59 1.58 1.55 1.44 1.29 1.22 1.16 1.10 1.01 0.95 0.96 1.04 1.11 1.18 1.27
0.10 0.11 0.14 0.16 0.19 0.21 0.23 0.25 0.27 0.28 0.29 0.31 0.32 0.33 0.34 0.35 0.36 0.37 0.38 0.39 0.40 0.40 0.40 0.41 0.41 0.41 0.41 0.41 0.40 0.39 0.39 0.40 0.41 0.41 0.41 0.43 0.47 0.51 0.55 0.60 0.65 0.72 0.76 0.77 0.76 0.76 0.77 0.79 0.82 0.85 0.89 0.94 0.92 0.87 0.85 0.84 0.81 0.81 0.84 0.89 0.91 0.88 0.85 0.90 1.06 1.25 1.32 1.33 1.43 1.60 1.68 1.72 1.70 1.58 1.43 1.30 1.19 1.10 1.03 0.98 0.98 1.06 1.17 1.23
0.11 0.12 0.14 0.17 0.19 0.22 0.24 0.26 0.27 0.29 0.30 0.31 0.33 0.34 0.35 0.36 0.37 0.38 0.39 0.40 0.40 0.41 0.41 0.41 0.42 0.42 0.42 0.42 0.41 0.41 0.41 0.42 0.42 0.41 0.41 0.40 0.40 0.42 0.46 0.52 0.59 0.67 0.73 0.73 0.73 0.76 0.80 0.81 0.82 0.85 0.88 0.91 0.91 0.85 0.85 0.86 0.83 0.81 0.84 0.90 0.95 0.97 0.95 0.95 1.01 1.08 1.16 1.20 1.16 1.18 1.31 1.44 1.53 1.53 1.44 1.32 1.18 1.13 1.12 1.10 1.08 1.07 1.07 1.12
0.12 0.12 0.15 0.17 0.20 0.22 0.24 0.26 0.28 0.29 0.31 0.32 0.33 0.34 0.36 0.37 0.38 0.39 0.40 0.40 0.41 0.41 0.42 0.42 0.43 0.43 0.43 0.43 0.43 0.42 0.42 0.42 0.42 0.42 0.41 0.40 0.39 0.39 0.43 0.48 0.54 0.61 0.69 0.72 0.71 0.74 0.79 0.82 0.82 0.81 0.83 0.87 0.89 0.86 0.82 0.86 0.87 0.84 0.83 0.88 0.97 1.04 1.05 1.03 1.04 1.05 1.06 1.09 1.03 0.99 1.05 1.15 1.28 1.37 1.39 1.34 1.22 1.14 1.15 1.15 1.08 1.01 0.98 1.03
0.13 0.13 0.16 0.18 0.21 0.22 0.24 0.26 0.28 0.29 0.31 0.33 0.34 0.35 0.36 0.37 0.38 0.39 0.40 0.41 0.41 0.42 0.42 0.43 0.43 0.43 0.44 0.44 0.44 0.44 0.43 0.43 0.42 0.41 0.39 0.39 0.39 0.39 0.40 0.44 0.48 0.55 0.64 0.71 0.74 0.74 0.75 0.78 0.79 0.79 0.81 0.85 0.88 0.91 0.89 0.90 0.92 0.91 0.88 0.86 0.93 1.02 1.03 0.98 0.97 0.98 0.98 1.01 1.01 0.99 1.00 1.04 1.15 1.26 1.32 1.32 1.23 1.11 1.04 1.03 0.99 0.94 0.96 1.01
0.14 0.15 0.17 0.19 0.21 0.24 0.24 0.25 0.27 0.29 0.31 0.33 0.34 0.35 0.37 0.38 0.38 0.39 0.40 0.41 0.42 0.42 0.43 0.44 0.44 0.44 0.44 0.45 0.45 0.45 0.45 0.44 0.43 0.42 0.40 0.39 0.39 0.40 0.39 0.40 0.43 0.48 0.56 0.64 0.72 0.76 0.76 0.76 0.78 0.79 0.82 0.84 0.86 0.88 0.89 0.91 0.93 0.94 0.95 0.94 0.92 0.96 0.99 0.93 0.88 0.88 0.90 0.93 0.96 0.96 0.98 1.01 1.08 1.17 1.25 1.26 1.21 1.11 1.03 1.02 1.04 1.01 1.00 1.03
0.15 0.16 0.18 0.20 0.22 0.25 0.26 0.26 0.27 0.29 0.31 0.33 0.34 0.36 0.37 0.38 0.39 0.40 0.41 0.42 0.43 0.43 0.44 0.45 0.45 0.45 0.45 0.46 0.46 0.46 0.46 0.46 0.45 0.44 0.42 0.41 0.41 0.41 0.41 0.40 0.41 0.44 0.48 0.55 0.63 0.70 0.74 0.74 0.75 0.77 0.81 0.87 0.90 0.92 0.93 0.95 0.96 0.96 0.97 0.97 0.95 0.95 0.99 0.96 0.88 0.84 0.85 0.87 0.91 0.94 0.97 1.01 1.05 1.11 1.18 1.23 1.23 1.20 1.18 1.17 1.17 1.14 1.09 1.06
0.16 0.17 0.19 0.21 0.24 0.26 0.28 0.27 0.27 0.29 0.31 0.33 0.35 0.36 0.38 0.39 0.40 0.41 0.42 0.43 0.43 0.44 0.44 0.45 0.46 0.47 0.47 0.47 0.47 0.47 0.47 0.47 0.46 0.46 0.44 0.42 0.41 0.42 0.42 0.42 0.43 0.45 0.47 0.50 0.56 0.64 0.69 0.71 0.71 0.69 0.71 0.80 0.89 0.94 0.98 1.00 1.00 0.99 0.95 0.91 0.90 0.92 0.98 0.99 0.89 0.82 0.82 0.83 0.85 0.89 0.93 0.97 1.01 1.06 1.11 1.16 1.20 1.22 1.25 1.26 1.24 1.21 1.17 1.11
0.18 0.18 0.19 0.22 0.25 0.27 0.30 0.31 0.29 0.29 0.31 0.34 0.35 0.36 0.38 0.39 0.41 0.41 0.42 0.43 0.44 0.45 0.45 0.46 0.47 0.47 0.48 0.48 0.48 0.48 0.48 0.48 0.48 0.47 0.46 0.44 0.41 0.40 0.41 0.42 0.43 0.45 0.45 0.47 0.52 0.59 0.65 0.69 0.72 0.69 0.68 0.77 0.84 0.86 0.91 0.95 0.96 0.97 0.94 0.90 0.87 0.90 0.99 1.00 0.88 0.81 0.81 0.83 0.85 0.88 0.91 0.94 0.98 1.02 1.05 1.07 1.09 1.13 1.21 1.29 1.31 1.27 1.18 1.09
0.19 0.19 0.19 0.22 0.25 0.27 0.30 0.33 0.32 0.31 0.31 0.34 0.35 0.37 0.38 0.39 0.41 0.42 0.43 0.44 0.44 0.45 0.46 0.46 0.47 0.48 0.48 0.48 0.49 0.49 0.49 0.49 0.49 0.48 0.48 0.46 0.44 0.42 0.41 0.41 0.43 0.45 0.45 0.45 0.49 0.57 0.61 0.67 0.78 0.82 0.82 0.88 0.93 0.91 0.88 0.88 0.88 0.91 0.93 0.92 0.91 0.92 1.02 1.03 0.88 0.82 0.83 0.86 0.88 0.90 0.93 0.97 1.00 1.03 1.05 1.03 1.01 1.01 1.07 1.19 1.30 1.34 1.27 1.10
0.22 0.21 0.20 0.22 0.26 0.27 0.30 0.34 0.35 0.33 0.32 0.33 0.35 0.37 0.39 0.40 0.41 0.42 0.43 0.44 0.45 0.45 0.46 0.47 0.48 0.48 0.49 0.49 0.50 0.50 0.50 0.50 0.50 0.50 0.49 0.48 0.47 0.45 0.43 0.41 0.43 0.46 0.46 0.45 0.47 0.55 0.60 0.66 0.77 0.86 0.88 0.89 0.93 0.96 0.92 0.87 0.85 0.87 0.92 0.95 0.94 0.95 1.05 1.06 0.92 0.85 0.87 0.91 0.95 0.96 0.97 1.01 1.04 1.06 1.06 1.04 1.00 0.97 0.97 1.03 1.16 1.32 1.39 1.30
0.24 0.24 0.23 0.23 0.27 0.29 0.31 0.35 0.38 0.36 0.33 0.33 0.35 0.37 0.39 0.40 0.42 0.43 0.44 0.45 0.46 0.46 0.47 0.48 0.48 0.49 0.49 0.50 0.50 0.51 0.51 0.51 0.51 0.51 0.50 0.50 0.49 0.47 0.45 0.42 0.42 0.44 0.46 0.43 0.42 0.48 0.57 0.62 0.70 0.77 0.82 0.84 0.86 0.89 0.94 0.91 0.86 0.88 0.94 0.99 1.01 1.02 1.10 1.09 0.98 0.94 0.95 1.00 1.07 1.09 1.07 1.06 1.05 1.05 1.06 1.06 1.03 1.02 1.01 0.99 1.07 1.24 1.40 1.46
0.25 0.26 0.26 0.23 0.24 0.27 0.28 0.33 0.39 0.40 0.36 0.33 0.34 0.36 0.38 0.40 0.41 0.43 0.44 0.45 0.47 0.47 0.47 0.48 0.49 0.49 0.50 0.51 0.51 0.51 0.52 0.52 0.52 0.52 0.52 0.51 0.50 0.49 0.48 0.45 0.42 0.41 0.42 0.41 0.40 0.42 0.48 0.56 0.62 0.68 0.75 0.83 0.85 0.87 0.95 0.93 0.88 0.89 0.94 1.00 1.04 1.10 1.18 1.16 1.04 0.97 0.98 1.00 1.08 1.14 1.12 1.08 1.06 1.05 1.06 1.07 1.07 1.08 1.10 1.07 1.07 1.18 1.32 1.42
0.25 0.26 0.28 0.27 0.25 0.26 0.26 0.29 0.35 0.41 0.40 0.37 0.35 0.35 0.37 0.39 0.41 0.42 0.44 0.45 0.47 0.48 0.48 0.49 0.49 0.50 0.51 0.51 0.52 0.52 0.52 0.53 0.53 0.53 0.53 0.52 0.52 0.51 0.50 0.48 0.45 0.43 0.43 0.43 0.42 0.42 0.44 0.48 0.53 0.60 0.68 0.78 0.82 0.86 0.95 0.92 0.88 0.91 0.94 0.99 1.03 1.10 1.21 1.23 1.08 0.94 0.90 0.91 0.95 1.02 1.06 1.10 1.11 1.11 1.11 1.11 1.13 1.15 1.16 1.15 1.12 1.15 1.23 1.31
0.26 0.27 0.29 0.31 0.31 0.31 0.29 0.28 0.32 0.39 0.43 0.42 0.41 0.37 0.36 0.38 0.41 0.42 0.44 0.45 0.46 0.48 0.49 0.50 0.50 0.50 0.51 0.52 0.52 0.53 0.53 0.54 0.54 0.54 0.54 0.54 0.53 0.53 0.52 0.51 0.49 0.48 0.47 0.45 0.44 0.42 0.40 0.39 0.43 0.49 0.57 0.69 0.77 0.82 0.93 0.90 0.88 0.93 0.97 1.00 1.03 1.08 1.18 1.25 1.15 0.97 0.88 0.87 0.90 0.96 1.03 1.12 1.15 1.15 1.16 1.17 1.19 1.23 1.24 1.24 1.23 1.21 1.21 1.23
0.28 0.28 0.29 0.31 0.34 0.35 0.35 0.32 0.31 0.36 0.41 0.44 0.46 0.44 0.38 0.36 0.38 0.41 0.43 0.45 0.46 0.47 0.49 0.50 0.50 0.51 0.52 0.52 0.53 0.53 0.54 0.54 0.55 0.55 0.55 0.55 0.55 0.54 0.54 0.53 0.52 0.51 0.50 0.48 0.45 0.42 0.38 0.34 0.34 0.37 0.45 0.59 0.72 0.80 0.90 0.88 0.84 0.88 0.93 0.96 1.00 1.08 1.17 1.26 1.22 1.06 0.94 0.91 0.97 1.04 1.07 1.11 1.16 1.17 1.18 1.19 1.22 1.26 1.29 1.30 1.31 1.31 1.28 1.25
0.30 0.30 0.31 0.32 0.33 0.35 0.37 0.36 0.34 0.34 0.36 0.40 0.46 0.49 0.45 0.39 0.37 0.39 0.42 0.44 0.46 0.48 0.49 0.50 0.51 0.51 0.52 0.53 0.53 0.54 0.55 0.55 0.55 0.56 0.56 0.56 0.56 0.55 0.55 0.55 0.54 0.53 0.52 0.51 0.48 0.46 0.42 0.38 0.33 0.32 0.35 0.48 0.65 0.77 0.86 0.86 0.81 0.82 0.86 0.89 0.93 1.03 1.15 1.25 1.25 1.12 1.01 0.98 1.02 1.06 1.07 1.09 1.14 1.17 1.19 1.21 1.21 1.22 1.24 1.25 1.27 1.30 1.33 1.33
0.31 0.32 0.32 0.33 0.34 0.35 0.36 0.37 0.37 0.35 0.34 0.36 0.42 0.50 0.53 0.49 0.42 0.39 0.40 0.43 0.45 0.48 0.50 0.51 0.51 0.52 0.53 0.53 0.54 0.55 0.55 0.56 0.56 0.56 0.57 0.57 0.57 0.57 0.56 0.56 0.56 0.55 0.54 0.53 0.52 0.50 0.47 0.43 0.38 0.33 0.31 0.37 0.54 0.69 0.79 0.82 0.80 0.79 0.80 0.83 0.86 0.93 1.06 1.19 1.24 1.17 1.03 0.95 0.97 1.02 1.04 1.06 1.11 1.15 1.17 1.19 1.22 1.21 1.20 1.19 1.20 1.24 1.30 1.32
0.32 0.33 0.33 0.34 0.36 0.37 0.38 0.39 0.39 0.38 0.37 0.36 0.39 0.46 0.54 0.57 0.52 0.44 0.41 0.41 0.43 0.46 0.49 0.50 0.51 0.52 0.53 0.53 0.54 0.55 0.56 0.56 0.57 0.57 0.57 0.58 0.58 0.58 0.58 0.57 0.57 0.56 0.56 0.55 0.54 0.52 0.50 0.47 0.43 0.37 0.32 0.31 0.41 0.57 0.68 0.73 0.75 0.75 0.75 0.75 0.78 0.84 0.94 1.08 1.17 1.17 1.07 0.96 0.95 1.01 1.04 1.07 1.09 1.11 1.13 1.14 1.18 1.20 1.20 1.21 1.21 1.22 1.25 1.26
0.34 0.33 0.34 0.35 0.36 0.38 0.40 0.41 0.41 0.41 0.39 0.36 0.36 0.40 0.47 0.57 0.59 0.54 0.47 0.42 0.42 0.44 0.47 0.49 0.51 0.52 0.53 0.54 0.54 0.55 0.56 0.57 0.57 0.58 0.58 0.58 0.59 0.59 0.59 0.58 0.58 0.58 0.57 0.57 0.56 0.55 0.53 0.50 0.47 0.42 0.36 0.33 0.37 0.47 0.57 0.66 0.71 0.72 0.72 0.72 0.74 0.79 0.87 0.99 1.10 1.13 1.09 1.04 1.01 1.02 1.05 1.07 1.08 1.09 1.11 1.13 1.15 1.19 1.21 1.23 1.25 1.25 1.28 1.27
0.36 0.35 0.34 0.34 0.35 0.37 0.41 0.43 0.43 0.43 0.41 0.38 0.36 0.37 0.41 0.50 0.59 0.61 0.57 0.50 0.45 0.44 0.46 0.48 0.51 0.53 0.54 0.54 0.55 0.55 0.56 0.57 0.58 0.58 0.59 0.59 0.59 0.59 0.60 0.59 0.59 0.59 0.59 0.58 0.57 0.56 0.55 0.53 0.50 0.47 0.41 0.37 0.39 0.44 0.51 0.63 0.73 0.73 0.71 0.72 0.76 0.81 0.87 0.92 0.97 0.99 0.94 0.97 1.01 1.04 1.05 1.07 1.09 1.08 1.09 1.14 1.18 1.21 1.24 1.28 1.31 1.32 1.35 1.36
0.40 0.37 0.34 0.35 0.35 0.36 0.38 0.41 0.43 0.44 0.44 0.41 0.37 0.37 0.39 0.44 0.53 0.61 0.64 0.60 0.53 0.48 0.46 0.46 0.49 0.52 0.54 0.55 0.55 0.55 0.56 0.57 0.58 0.59 0.59 0.60 0.60 0.60 0.60 0.60 0.60 0.60 0.60 0.59 0.59 0.58 0.57 0.55 0.53 0.50 0.45 0.40 0.39 0.42 0.44 0.55 0.73 0.78 0.74 0.72 0.73 0.77 0.83 0.86 0.86 0.82 0.81 0.87 0.96 1.02 1.06 1.09 1.10 1.08 1.07 1.13 1.20 1.26 1.32 1.36 1.39 1.39 1.40 1.42
0.45 0.42 0.38 0.37 0.37 0.37 0.38 0.41 0.42 0.42 0.44 0.43 0.38 0.36 0.39 0.41 0.45 0.54 0.63 0.66 0.62 0.56 0.51 0.48 0.47 0.50 0.54 0.55 0.56 0.56 0.56 0.57 0.58 0.59 0.60 0.60 0.61 0.61 0.61 0.61 0.61 0.61 0.61 0.61 0.60 0.60 0.59 0.57 0.56 0.53 0.49 0.44 0.40 0.39 0.38 0.43 0.63 0.79 0.79 0.72 0.67 0.68 0.80 0.91 0.94 0.90 0.87 0.88 0.92 0.96 1.01 1.06 1.08 1.06 1.05 1.10 1.18 1.25 1.31 1.36 1.40 1.41 1.41 1.44
0.47 0.48 0.46 0.42 0.40 0.40 0.41 0.44 0.46 0.45 0.44 0.45 0.41 0.36 0.37 0.41 0.43 0.46 0.54 0.64 0.68 0.66 0.61 0.55 0.50 0.50 0.52 0.54 0.56 0.57 0.57 0.57 0.58 0.59 0.60 0.61 0.61 0.62 0.62 0.62 0.62 0.62 0.62 0.62 0.61 0.61 0.60 0.59 0.58 0.56 0.53 0.49 0.44 0.41 0.36 0.34 0.44 0.64 0.76 0.74 0.66 0.68 0.84 0.99 1.06 1.04 0.97 0.91 0.89 0.90 0.93 0.99 1.05 1.06 1.06 1.08 1.12 1.18 1.24 1.33 1.43 1.48 1.50 1.55
0.46 0.52 0.59 0.55 0.49 0.44 0.43 0.48 0.52 0.51 0.47 0.45 0.45 0.42 0.38 0.39 0.43 0.44 0.47 0.56 0.64 0.69 0.70 0.66 0.59 0.54 0.52 0.52 0.53 0.55 0.56 0.57 0.58 0.59 0.60 0.61 0.62 0.62 0.62 0.63 0.63 0.63 0.63 0.63 0.63 0.62 0.62 0.61 0.60 0.58 0.57 0.54 0.50 0.46 0.40 0.35 0.33 0.42 0.58 0.67 0.63 0.65 0.74 0.88 1.00 1.03 1.00 0.93 0.88 0.87 0.88 0.93 0.99 1.01 1.03 1.04 1.05 1.11 1.22 1.33 1.45 1.52 1.51 1.47
0.42 0.51 0.65 0.71 0.71 0.64 0.57 0.59 0.61 0.58 0.52 0.48 0.48 0.47 0.44 0.41 0.43 0.45 0.45 0.49 0.55 0.62 0.69 0.72 0.70 0.66 0.60 0.55 0.51 0.51 0.53 0.55 0.57 0.59 0.60 0.61 0.62 0.62 0.63 0.63 0.64 0.64 0.64 0.64 0.64 0.63 0.63 0.62 0.62 0.61 0.59 0.58 0.55 0.52 0.48 0.43 0.38 0.37 0.45 0.54 0.52 0.50 0.56 0.67 0.81 0.92 0.97 0.97 0.93 0.90 0.89 0.90 0.92 0.92 0.92 0.95 0.98 1.03 1.12 1.21 1.27 1.31 1.31 1.21
0.35 0.35 0.46 0.60 0.70 0.74 0.71 0.70 0.75 0.75 0.69 0.66 0.64 0.60 0.57 0.54 0.51 0.49 0.47 0.46 0.50 0.54 0.60 0.67 0.72 0.74 0.73 0.65 0.55 0.51 0.50 0.52 0.54 0.57 0.59 0.61 0.62 0.63 0.63 0.64 0.64 0.65 0.65 0.65 0.65 0.65 0.64 0.64 0.63 0.63 0.62 0.60 0.59 0.57 0.54 0.51 0.48 0.45 0.45 0.48 0.45 0.40 0.42 0.49 0.57 0.68 0.79 0.88 0.92 0.93 0.92 0.91 0.90 0.88 0.88 0.88 0.88 0.90 0.95 1.03 1.07 1.08 1.13 1.15
0.31 0.27 0.25 0.31 0.41 0.53 0.57 0.57 0.66 0.75 0.74 0.74 0.75 0.73 0.70 0.67 0.64 0.61 0.55 0.49 0.49 0.51 0.54 0.58 0.61 0.70 0.80 0.77 0.66 0.58 0.53 0.50 0.51 0.54 0.57 0.60 0.61 0.63 0.63 0.64 0.65 0.65 0.65 0.66 0.66 0.66 0.66 0.65 0.65 0.64 0.64 0.63 0.62 0.61 0.59 0.58 0.56 0.54 0.52 0.51 0.48 0.42 0.38 0.38 0.39 0.42 0.52 0.63 0.71 0.79 0.85 0.90 0.90 0.87 0.87 0.87 0.85 0.84 0.84 0.87 0.93 0.99 1.06 1.18
0.37 0.33 0.28 0.27 0.31 0.37 0.37 0.35 0.43 0.55 0.56 0.55 0.58 0.62 0.65 0.65 0.66 0.68 0.66 0.60 0.55 0.53 0.54 0.55 0.55 0.62 0.79 0.88 0.81 0.71 0.63 0.57 0.52 0.51 0.54 0.58 0.60 0.62 0.63 0.64 0.65 0.66 0.66 0.66 0.67 0.67 0.67 0.67 0.66 0.66 0.65 0.65 0.64 0.63 0.62 0.62 0.61 0.60 0.59 0.57 0.54 0.50 0.46 0.42 0.38 0.35 0.35 0.39 0.45 0.53 0.65 0.79 0.84 0.82 0.83 0.85 0.85 0.81 0.78 0.76 0.81 0.93 1.03 1.21
0.44 0.40 0.35 0.33 0.34 0.36 0.35 0.32 0.37 0.44 0.44 0.44 0.45 0.47 0.50 0.53 0.56 0.61 0.66 0.67 0.65 0.62 0.59 0.58 0.56 0.56 0.68 0.85 0.89 0.83 0.75 0.69 0.61 0.53 0.52 0.55 0.58 0.61 0.63 0.64 0.65 0.66 0.67 0.67 0.67 0.68 0.68 0.68 0.67 0.67 0.67 0.67 0.66 0.66 0.65 0.64 0.64 0.63 0.62 0.61 0.60 0.57 0.55 0.52 0.48 0.43 0.38 0.35 0.34 0.34 0.38 0.50 0.64 0.66 0.69 0.73 0.77 0.75 0.72 0.73 0.79 0.89 1.03 1.24
0.52 0.47 0.40 0.37 0.37 0.38 0.37 0.36 0.38 0.40 0.42 0.44 0.44 0.45 0.46 0.48 0.49 0.52 0.56 0.61 0.65 0.67 0.67 0.64 0.59 0.56 0.61 0.75 0.86 0.88 0.83 0.78 0.73 0.64 0.56 0.55 0.57 0.59 0.61 0.64 0.65 0.66 0.67 0.68 0.68 0.68 0.68 0.69 0.69 0.68 0.68 0.68 0.68 0.67 0.67 0.67 0.66 0.66 0.65 0.64 0.63 0.62 0.60 0.58 0.56 0.53 0.49 0.44 0.39 0.33 0.29 0.30 0.39 0.46 0.53 0.60 0.66 0.68 0.68 0.73 0.81 0.91 1.04 1.24
0.62 0.55 0.44 0.38 0.37 0.38 0.37 0.37 0.39 0.39 0.40 0.43 0.45 0.45 0.46 0.48 0.48 0.49 0.51 0.53 0.57 0.61 0.64 0.65 0.61 0.57 0.60 0.69 0.79 0.86 0.85 0.83 0.81 0.76 0.67 0.61 0.59 0.59 0.60 0.62 0.65 0.67 0.68 0.68 0.69 0.69 0.69 0.69 0.69 0.69 0.69 0.69 0.69 0.69 0.69 0.69 0.68 0.68 0.67 0.67 0.66 0.65 0.64 0.63 0.61 0.59 0.56 0.53 0.49 0.44 0.38 0.34 0.33 0.36 0.44 0.52 0.59 0.65 0.67 0.71 0.84 0.96 1.07 1.22
0.74 0.65 0.50 0.40 0.36 0.37 0.36 0.35 0.37 0.38 0.38 0.40 0.42 0.44 0.45 0.47 0.48 0.49 0.51 0.52 0.53 0.56 0.59 0.61 0.59 0.56 0.57 0.64 0.74 0.83 0.86 0.85 0.84 0.82 0.74 0.66 0.62 0.61 0.61 0.61 0.64 0.66 0.68 0.69 0.69 0.70 0.70 0.70 0.70 0.70 0.70 0.70 0.70 0.70 0.70 0.70 0.70 0.70 0.69 0.69 0.68 0.68 0.67 0.66 0.64 0.63 0.61 0.59 0.56 0.53 0.50 0.45 0.40 0.37 0.38 0.44 0.52 0.60 0.67 0.72 0.82 0.95 1.08 1.16
