windninja/windninja_output/Output_2025-08-24_1200-1250_Google earth_Fire_150m_10min/merlingen_7.5mi_point_08-24-2025_1200_150m_ang.asc
ncols	158
nrows	163
xllcorner	391686.332397
yllcorner	5160024.123721
cellsize	150.000000
NODATA_value	-32768.000000
[rows 0 to 54 of 163, columns 0 to 95 of 158]
355 352 349 348 348 350 351 351 349 350 351 353 354 354 351 349 345 338 338 343 346 350 354 358 1 3 3 0 1 4 7 9 11 10 10 15 20 22 21 19 18 19 22 24 24 25 29 24 15 13 14 14 15 17 19 21 22 23 23 22 21 22 22 21 20 20 21 24 25 25 24 25 25 24 24 25 27 30 30 28 28 28 30 33 35 34 31 32 33 32 31 32 31 30 31 35
357 354 349 348 347 349 351 350 347 347 349 352 356 357 356 354 351 347 345 346 348 348 350 356 2 4 2 360 0 4 7 8 9 9 8 12 16 15 14 13 13 15 17 17 17 18 19 17 12 12 14 15 17 20 22 22 22 21 22 22 21 21 21 20 19 20 22 25 26 25 24 24 24 23 23 25 27 29 28 26 27 29 30 33 34 32 29 31 33 33 32 33 32 32 31 33
359 356 351 349 348 350 353 352 347 345 347 353 358 358 358 356 353 351 349 349 350 348 346 353 2 5 4 1 2 6 8 7 7 7 6 8 10 10 10 10 9 10 10 10 11 11 12 12 12 11 12 14 19 22 22 20 19 19 20 21 20 19 19 19 19 20 22 25 26 24 23 23 23 22 23 24 26 27 27 25 25 28 30 31 32 29 24 26 30 32 32 31 30 29 28 28
355 355 354 352 351 353 353 350 348 348 351 356 358 357 355 353 352 352 352 354 354 350 346 350 358 3 4 4 4 6 7 7 6 3 3 5 7 9 9 7 6 6 6 6 7 8 9 11 13 12 11 13 17 18 18 18 18 18 19 20 19 17 18 19 19 19 21 24 26 25 23 23 23 23 24 24 24 26 28 26 23 26 29 28 29 28 21 21 24 25 27 27 25 23 23 22
349 352 355 355 353 353 350 347 347 350 356 358 358 356 351 349 350 352 355 357 356 351 347 347 351 357 2 4 4 5 6 7 5 3 2 4 6 6 5 3 2 3 3 4 6 7 9 11 12 13 14 15 16 18 18 18 18 18 18 18 19 18 18 19 19 19 20 24 26 25 24 24 24 24 24 25 25 27 28 27 24 26 29 27 28 28 21 16 17 18 21 22 20 17 16 15
347 348 353 355 354 352 348 345 346 353 358 358 356 353 347 347 350 354 357 358 356 350 345 343 344 350 356 1 3 3 4 5 4 4 4 4 3 2 1 1 1 1 2 4 7 9 11 12 13 15 17 17 18 18 19 19 18 17 17 17 18 18 18 18 19 19 20 23 25 24 25 26 24 22 22 24 26 26 27 28 29 27 27 26 27 29 24 15 12 13 14 16 16 13 11 12
349 348 348 351 351 350 348 347 350 355 357 356 355 350 345 346 351 356 358 357 356 351 344 339 338 343 350 355 358 360 1 1 2 4 5 3 1 0 1 2 3 3 4 7 9 11 12 13 14 15 17 18 18 18 19 19 17 16 15 15 15 15 16 18 19 19 19 21 23 22 22 23 22 19 19 22 24 25 25 27 29 26 24 25 27 30 28 20 13 8 7 10 13 13 12 13
351 349 347 346 346 347 348 350 353 354 353 352 352 349 346 346 350 354 356 357 356 353 349 342 337 340 346 348 352 356 357 357 360 3 3 1 1 2 4 5 6 7 8 10 11 12 12 14 14 15 17 17 17 18 19 18 16 15 14 12 11 12 14 17 19 19 19 20 21 20 19 21 22 20 19 21 25 27 26 26 28 25 21 23 25 27 26 22 17 8 4 7 12 14 16 15
351 350 349 346 345 345 347 351 352 351 350 348 348 347 346 347 349 351 354 355 355 354 353 348 342 340 343 346 349 353 353 353 357 1 0 360 2 5 7 8 10 11 11 11 11 12 13 14 14 14 16 16 16 18 19 17 14 13 12 11 12 13 13 17 20 20 19 18 19 20 20 22 24 24 22 23 26 28 27 27 29 26 19 17 18 18 20 19 14 9 6 7 9 10 10 11
351 350 349 348 347 347 347 349 350 349 347 345 344 344 343 346 348 348 350 353 354 354 353 352 349 344 342 346 350 351 350 351 355 358 360 1 4 7 9 11 12 12 11 11 12 13 13 14 14 13 15 17 16 16 17 16 14 14 15 17 18 17 15 18 21 20 18 17 18 21 24 25 25 25 25 25 28 28 24 24 24 23 18 13 13 14 14 13 10 9 10 10 8 7 9 12
351 351 350 349 349 349 348 348 348 348 346 345 343 341 341 342 344 345 346 349 351 353 353 353 352 349 347 348 350 349 349 351 354 356 359 3 6 8 9 10 11 11 11 12 15 14 13 15 17 16 17 18 17 16 18 21 22 23 26 28 28 26 21 20 20 19 19 19 20 25 27 26 24 23 26 29 31 27 18 16 19 21 20 15 11 9 9 10 9 11 15 14 10 9 13 16
351 351 350 350 350 349 348 347 348 347 346 345 343 342 339 338 339 342 343 344 345 349 352 354 354 353 353 351 349 349 349 351 352 354 358 3 7 8 7 8 10 12 12 14 17 17 17 21 26 27 26 26 27 29 33 37 39 41 43 46 49 49 39 26 22 21 22 22 22 24 24 24 23 21 22 23 23 20 13 10 15 19 19 15 10 7 8 12 10 10 16 19 15 12 16 19
351 351 350 350 349 348 347 347 347 346 345 345 344 342 338 333 333 337 340 341 341 344 349 353 356 358 358 353 349 349 350 351 351 353 358 3 5 4 5 7 10 11 13 15 18 22 26 32 40 43 44 49 56 64 70 68 61 58 60 67 72 71 67 61 48 37 32 24 16 16 19 22 22 18 14 14 15 15 12 10 12 15 16 14 11 9 11 15 12 10 16 22 20 15 19 26
351 350 349 349 349 348 347 347 346 345 345 344 344 344 339 331 326 329 334 337 339 342 346 352 357 360 358 354 351 350 350 349 349 352 358 1 2 2 4 7 10 14 20 26 31 35 36 37 40 45 48 52 56 66 77 85 81 70 61 58 57 51 45 41 45 55 51 16 352 360 13 19 18 13 8 9 12 14 15 14 13 13 13 15 16 15 16 20 19 15 19 28 29 27 31 38
351 350 349 349 348 347 347 347 346 345 344 343 344 345 342 335 328 327 328 331 335 340 346 352 356 357 355 354 352 352 352 349 348 352 355 358 1 5 8 13 21 34 47 53 51 49 44 33 31 35 37 36 35 38 42 46 46 40 33 33 32 28 23 21 24 26 19 5 335 326 353 8 11 10 10 11 13 18 22 20 15 13 14 19 23 23 24 28 28 27 33 44 48 48 52 55
351 350 349 348 347 347 346 346 345 344 343 343 342 342 341 337 334 333 331 330 333 339 346 351 353 352 352 353 354 353 351 350 352 354 355 359 7 15 24 34 45 49 45 38 33 31 30 25 24 27 26 22 18 18 20 24 25 20 15 19 21 19 17 17 20 20 15 11 4 338 327 347 2 9 11 12 16 22 24 21 15 15 20 26 31 34 37 41 42 42 46 54 56 56 59 62
350 350 349 348 347 346 346 345 344 343 342 341 340 339 337 333 333 336 336 335 336 340 345 349 350 350 351 352 353 352 350 351 357 2 7 14 21 27 32 32 29 22 18 19 20 19 21 21 16 13 15 15 12 13 16 21 24 19 11 12 16 18 18 16 17 20 18 13 11 4 344 330 345 358 5 10 17 20 19 18 19 23 28 35 43 50 53 57 57 50 43 43 45 46 49 52
350 349 349 348 347 346 345 344 343 342 341 340 339 337 333 329 329 333 336 338 338 340 343 345 346 348 350 349 348 349 350 356 5 14 18 16 13 12 13 13 12 11 12 16 18 17 15 14 11 7 7 10 12 14 17 20 22 18 11 10 15 18 18 16 15 17 18 16 15 13 4 351 347 348 353 5 11 16 20 26 32 36 39 45 52 58 60 57 54 47 38 38 40 40 41 44
349 349 348 347 346 345 344 343 342 341 341 339 337 336 332 328 326 328 332 334 337 339 339 340 342 345 347 346 345 347 353 2 10 12 11 10 8 6 6 7 8 10 13 14 15 15 11 6 7 9 8 8 11 15 16 16 17 17 13 11 15 19 19 16 14 15 19 20 18 14 7 1 360 359 355 357 7 23 39 48 52 53 50 47 45 45 44 43 44 42 33 34 38 38 37 38
349 348 347 347 346 345 343 342 341 340 340 338 337 335 332 329 327 327 330 332 335 337 338 339 341 343 345 346 347 349 355 4 8 8 7 7 6 3 3 4 6 8 10 11 11 10 7 5 7 11 12 11 10 10 10 11 14 16 15 14 18 23 22 17 15 16 19 20 16 11 7 6 7 8 6 4 15 36 51 53 52 50 43 35 34 36 37 38 41 40 29 24 33 37 36 35
349 348 347 346 345 344 343 341 340 340 338 337 336 335 333 331 330 330 331 333 335 337 338 340 341 343 345 347 349 352 356 2 6 5 2 1 0 359 0 2 5 7 9 10 8 7 8 9 8 10 12 12 9 6 6 9 12 15 17 18 20 24 23 17 15 15 15 15 12 10 11 12 13 13 10 9 14 23 32 37 38 35 33 29 28 33 36 38 40 38 29 20 28 36 36 34
348 347 346 345 344 343 342 341 339 339 337 336 335 334 333 332 332 333 333 333 335 337 338 339 342 344 345 348 350 352 355 359 1 357 356 356 358 359 1 3 5 7 8 8 8 9 9 9 7 8 10 11 9 7 6 7 9 12 16 20 21 23 22 17 14 11 10 10 12 14 17 18 18 17 12 7 9 17 24 29 31 31 32 29 24 28 32 34 37 35 27 18 23 32 33 30
347 347 346 344 343 342 341 340 339 338 336 336 335 334 333 333 333 333 333 334 336 337 338 340 342 344 346 349 351 352 352 354 353 351 352 353 357 1 3 3 5 6 7 8 9 8 7 6 6 8 10 10 11 10 8 6 7 9 13 19 21 22 21 16 10 7 6 10 15 20 21 21 21 20 12 3 3 11 19 25 29 30 31 30 23 22 24 28 31 31 25 17 21 30 31 29
346 346 345 343 342 341 340 339 337 336 335 335 334 334 333 333 332 332 333 334 336 337 338 340 343 344 347 350 351 349 348 347 346 348 351 353 356 1 3 2 2 3 6 8 7 4 5 7 8 8 10 11 12 11 8 7 7 8 10 15 20 22 20 12 5 5 9 15 22 26 25 24 22 18 12 6 2 6 13 22 28 29 30 31 26 20 18 23 29 31 26 19 22 30 32 31
346 345 344 342 341 340 339 338 336 334 334 333 333 332 333 332 332 332 332 333 335 336 338 341 343 346 349 352 350 346 344 343 342 345 350 355 358 359 359 359 359 0 3 3 3 4 8 10 10 10 10 11 10 9 9 8 8 10 10 13 18 20 16 10 6 9 16 24 31 33 31 25 19 16 14 14 9 5 9 17 24 27 27 29 28 23 18 22 30 32 27 20 24 30 32 31
345 344 343 341 340 339 338 336 334 333 333 332 331 331 331 331 331 331 331 333 334 335 337 340 343 348 353 355 350 346 343 340 339 342 348 354 359 359 357 355 356 357 357 358 2 8 11 11 11 10 11 12 11 9 8 7 9 14 15 14 14 12 10 10 13 15 20 27 32 35 31 21 15 15 16 17 18 12 4 9 16 21 23 25 27 24 19 20 28 31 23 17 22 28 30 31
344 344 342 340 339 338 337 335 333 332 332 331 330 330 330 329 330 330 331 332 333 335 337 340 343 349 354 354 352 350 348 342 337 336 342 350 356 358 356 354 354 354 353 356 2 7 10 11 10 10 11 13 13 9 5 5 11 18 18 13 7 4 7 14 19 22 23 26 29 30 26 18 15 16 15 15 21 21 7 359 7 15 18 21 23 23 20 21 28 29 20 12 17 25 28 30
344 343 341 340 338 337 335 333 331 331 331 330 329 328 328 328 328 329 330 331 333 334 336 339 343 349 353 352 353 355 355 349 342 337 336 342 349 354 355 354 353 352 352 355 0 3 7 10 11 9 9 12 12 9 5 4 11 16 14 8 5 6 10 19 26 28 27 26 26 25 23 20 17 15 13 12 18 24 16 1 360 9 14 17 20 23 22 24 29 30 23 10 10 20 26 27
343 342 340 339 337 336 334 331 330 330 329 328 327 327 327 327 327 328 329 331 332 333 336 338 343 348 349 348 352 358 360 356 350 346 341 341 345 350 353 354 353 352 353 355 358 1 4 8 12 9 6 9 11 11 9 6 6 11 12 8 7 12 17 21 25 28 26 25 24 22 22 21 18 17 15 12 15 25 26 14 1 1 9 15 22 27 28 28 31 32 28 17 9 14 21 23
342 341 339 338 336 334 332 330 329 329 328 327 326 326 326 326 327 328 329 330 331 333 335 337 341 344 343 343 348 355 359 359 357 351 345 345 348 349 351 352 353 353 355 357 358 360 2 4 7 6 5 7 10 13 13 8 5 8 12 12 11 18 24 26 27 28 24 21 22 22 22 23 23 22 17 13 14 25 32 26 9 358 4 16 26 31 31 29 30 32 31 25 16 12 17 20
341 340 339 337 334 332 330 329 328 327 326 325 325 325 324 325 326 327 328 329 330 332 334 337 339 340 338 339 343 350 354 357 356 350 346 347 350 349 349 350 351 353 356 359 360 0 0 359 0 4 7 8 11 16 18 14 10 10 14 18 19 23 30 34 33 28 20 19 25 28 27 29 29 24 15 11 13 22 30 30 18 3 3 15 23 25 24 25 27 31 32 32 29 22 21 23
340 339 338 336 332 330 330 329 327 326 325 324 324 323 323 324 325 325 326 328 329 331 333 336 337 337 337 338 344 350 351 350 348 346 345 349 349 346 346 350 352 354 357 359 1 1 359 357 359 5 8 10 15 21 23 18 16 15 18 24 26 24 29 35 35 27 16 17 26 33 32 30 26 17 11 10 13 19 27 30 25 13 9 13 19 22 24 28 33 36 38 38 38 37 34 29
338 338 337 334 330 329 329 327 325 325 324 323 323 323 323 324 324 325 325 327 328 330 333 335 335 335 337 340 346 350 348 346 345 345 345 347 346 343 344 350 354 356 358 359 0 1 359 359 4 9 11 13 16 22 24 19 15 18 23 29 30 24 23 29 33 27 14 12 24 32 29 21 16 11 9 9 11 16 24 30 29 22 18 17 20 26 31 35 38 41 42 43 42 41 36 25
338 337 336 332 328 327 327 326 324 323 323 322 322 322 322 323 324 325 325 326 327 329 331 333 334 335 336 338 343 343 342 342 345 347 346 343 342 342 346 352 355 358 360 0 1 2 1 5 9 11 13 14 16 21 24 19 14 17 25 31 30 20 15 22 30 29 17 9 19 27 23 16 14 12 9 7 8 11 19 28 30 28 25 22 19 23 29 31 33 36 39 41 42 40 33 21
337 337 335 330 327 327 326 325 323 322 322 321 321 321 322 323 324 324 325 326 327 328 330 331 332 334 336 337 338 336 334 337 342 347 347 346 343 344 350 355 358 1 3 4 4 4 5 9 11 13 15 17 19 21 22 20 16 16 26 33 31 20 10 15 26 30 26 15 14 20 20 19 18 15 11 7 6 8 15 25 29 28 28 27 22 20 27 29 28 30 33 34 34 34 30 22
336 335 332 329 327 326 326 324 322 321 321 321 321 321 321 322 323 324 325 326 327 328 329 329 330 332 335 337 337 334 330 333 338 341 346 350 350 349 353 358 3 7 8 7 7 7 7 9 10 12 15 17 19 18 18 17 17 19 26 35 36 26 11 9 21 29 29 21 13 14 20 25 25 21 15 8 7 11 18 26 29 29 30 33 32 22 23 27 26 25 26 28 31 35 34 26
335 333 330 327 326 325 324 323 322 321 321 321 321 321 321 322 323 324 325 326 327 327 328 329 330 331 334 337 339 334 330 332 334 336 342 351 356 357 1 5 8 9 9 7 6 7 7 8 9 12 14 14 15 15 13 14 17 20 24 33 37 29 14 6 14 25 29 25 19 18 25 32 32 23 15 10 10 16 25 27 27 30 33 37 39 29 17 22 24 20 21 25 30 35 32 22
334 331 328 325 325 324 323 322 321 320 320 321 321 321 322 322 323 324 325 326 327 327 328 329 330 332 334 338 338 332 330 331 331 334 341 349 359 7 11 10 9 7 6 5 6 6 6 7 10 13 12 10 11 13 13 13 15 19 22 27 32 29 17 7 9 21 30 30 26 25 28 30 26 17 13 14 11 12 22 27 24 26 31 35 38 33 17 14 21 20 19 24 29 32 29 24
331 329 327 325 324 323 322 321 321 321 321 322 322 322 322 322 323 324 325 326 327 328 329 329 330 332 334 336 334 329 328 329 330 334 341 351 5 14 12 8 6 4 3 3 5 5 4 5 8 10 9 7 8 13 13 10 10 15 18 21 24 25 21 13 10 19 31 36 33 28 25 20 16 15 16 17 9 4 18 27 24 22 26 30 35 34 22 12 15 19 20 24 30 33 33 31
327 326 325 324 324 323 322 321 321 322 322 322 322 322 322 323 324 325 325 326 327 328 329 330 330 331 333 332 329 325 325 326 330 334 341 355 6 8 8 7 5 3 0 359 2 5 4 4 5 8 9 6 4 7 10 7 5 8 13 16 19 23 26 22 15 19 33 39 34 25 18 16 18 20 19 16 7 360 10 23 24 24 26 30 36 36 26 13 11 17 21 25 33 38 37 33
326 323 324 324 324 324 323 322 322 323 323 323 323 323 323 324 325 326 326 327 328 329 330 330 330 331 331 329 327 325 323 324 327 332 342 356 360 1 4 6 5 2 359 358 0 3 4 3 3 6 9 5 358 360 6 8 5 6 11 16 20 26 31 31 22 19 31 36 29 20 17 22 26 22 16 13 6 359 4 18 24 25 27 30 35 35 25 14 12 16 19 27 37 42 40 34
326 324 326 326 326 325 325 324 323 324 325 324 324 325 325 325 326 327 327 328 328 329 330 330 331 331 331 329 329 327 325 326 328 332 343 353 355 356 358 360 0 360 0 1 360 359 1 3 3 5 7 4 358 356 3 10 10 10 16 24 28 29 30 31 26 22 27 29 22 19 22 26 24 15 9 9 6 1 4 16 24 24 25 27 28 26 21 17 16 17 19 28 39 44 40 32
328 327 328 329 328 327 326 326 325 326 326 326 326 326 326 326 327 328 328 328 329 330 331 331 331 332 331 331 330 329 328 330 332 335 342 348 352 353 351 352 355 358 1 1 358 357 1 5 6 5 5 5 2 1 6 13 17 19 25 32 32 27 25 27 27 23 20 20 19 19 22 23 18 10 6 8 7 5 7 15 21 22 24 25 23 21 22 24 23 21 22 27 36 39 34 25
330 330 331 331 330 329 328 328 327 327 328 327 327 327 327 328 328 329 329 329 330 331 331 332 332 333 333 332 331 330 330 332 334 337 340 343 346 346 346 348 352 358 359 357 357 1 7 10 9 6 5 7 7 7 11 17 22 25 30 33 31 25 22 22 23 21 15 15 17 18 18 18 16 10 8 10 10 9 11 16 19 21 22 20 20 23 27 30 29 27 25 27 33 38 34 27
332 332 333 332 331 331 330 330 329 329 329 329 329 329 329 329 329 330 330 331 332 332 333 333 334 334 334 334 333 333 332 333 335 337 338 338 338 338 341 347 353 356 355 355 0 8 12 11 7 3 4 8 11 12 16 22 25 28 29 29 27 23 20 18 17 16 15 14 16 16 16 18 18 15 14 16 14 13 16 18 19 18 17 19 25 30 31 33 34 33 31 29 34 39 37 32
335 335 334 333 333 333 332 332 331 331 331 331 330 331 331 331 331 331 331 332 333 334 334 334 335 335 335 335 335 335 335 335 336 337 337 335 333 334 339 345 350 352 354 358 4 10 11 7 2 0 5 13 17 19 23 27 29 28 26 23 21 20 16 12 11 12 15 17 15 17 19 22 24 24 24 23 18 16 18 18 16 14 18 26 33 33 33 34 36 37 35 33 36 40 39 36
338 337 336 336 336 335 334 333 333 333 333 333 333 332 332 332 333 333 333 334 334 335 336 336 336 336 336 337 337 337 336 336 337 337 337 336 334 335 338 342 345 349 354 1 7 8 6 2 359 2 10 17 23 27 28 30 30 26 20 15 14 15 11 8 10 13 17 20 19 19 22 26 29 30 29 27 21 17 16 17 16 19 28 36 36 34 32 32 35 37 37 35 37 40 40 37
340 338 338 339 338 335 334 335 335 335 334 334 335 334 334 334 334 334 334 335 336 336 337 337 337 337 338 338 339 338 338 338 338 337 336 337 336 335 336 339 342 347 354 3 7 5 0 359 2 8 15 21 26 28 27 27 26 22 15 9 8 11 11 11 14 18 20 22 21 20 23 27 31 33 32 30 25 19 18 21 26 31 35 36 34 32 31 32 34 36 36 36 37 39 39 37
340 340 340 342 341 336 335 336 336 336 336 336 336 336 336 335 336 336 336 337 337 338 338 338 338 339 340 340 340 340 340 340 340 339 338 338 337 336 336 337 340 344 352 0 3 1 359 0 6 11 19 26 29 29 26 24 21 15 10 6 5 11 16 18 20 22 22 22 22 23 25 28 31 33 33 31 27 23 23 28 32 34 33 31 29 28 29 29 30 31 34 38 39 39 38 38
341 342 344 346 343 337 336 337 337 338 338 338 338 338 337 337 337 338 338 338 339 339 340 340 340 341 341 342 342 342 342 342 342 341 341 339 338 338 338 338 340 343 348 354 357 358 360 4 9 15 21 26 26 25 22 20 15 9 6 7 9 15 23 26 24 22 22 22 23 24 26 29 31 32 32 30 26 24 25 28 31 31 29 27 26 26 26 25 25 28 33 39 41 41 41 42
343 345 348 350 344 339 339 339 339 339 339 340 340 340 339 339 339 340 340 340 341 341 341 342 342 343 343 344 344 344 344 344 344 344 343 341 340 340 340 341 342 344 346 349 352 356 2 8 16 22 24 25 21 18 16 14 10 8 9 12 16 23 30 31 26 21 21 22 24 26 28 30 32 32 30 27 24 23 25 28 30 30 29 27 25 24 22 22 25 30 34 40 43 44 45 44
346 348 352 350 344 342 343 342 341 341 342 342 341 341 341 341 341 341 342 342 342 343 343 343 344 344 345 345 346 346 346 346 346 346 345 343 341 340 341 343 344 344 344 346 350 355 3 13 23 26 23 20 17 15 13 10 8 11 15 19 23 28 34 33 26 21 21 22 24 27 29 31 31 30 28 26 24 23 25 28 30 32 32 29 26 24 23 25 30 33 35 40 45 47 47 43
350 351 353 349 344 344 346 346 344 344 344 344 344 343 343 343 343 343 343 343 344 344 345 345 345 346 347 347 347 348 348 348 348 348 347 346 345 343 342 343 345 345 344 344 349 356 5 13 20 17 12 11 13 13 11 9 11 16 21 25 27 29 34 34 25 20 19 21 24 27 28 28 28 27 28 27 25 24 25 28 30 33 35 34 30 28 28 30 33 36 38 41 43 44 43 36
356 354 353 350 346 346 349 348 347 347 347 345 345 345 345 344 345 345 345 345 346 346 346 347 347 348 348 349 349 349 350 350 350 350 350 349 348 347 345 344 345 346 345 344 348 357 4 8 10 8 7 9 11 13 12 12 14 19 25 28 29 30 34 33 23 18 17 20 24 25 25 24 25 27 28 28 26 26 28 29 30 33 34 34 34 34 32 31 34 37 39 40 39 38 35 19
358 356 353 350 348 349 351 352 351 350 348 347 347 347 347 346 347 347 347 347 348 348 348 349 349 350 350 351 351 351 352 352 352 352 352 352 351 350 348 346 345 345 347 347 348 355 1 1 1 3 7 11 12 14 17 16 15 20 25 27 27 29 32 30 21 16 15 17 21 22 22 23 26 28 28 28 27 28 29 28 27 29 31 31 32 34 34 34 35 37 38 37 34 31 29 14
