windninja/windninja_output/Output_2025-08-24_1200-1250_Google earth_Fire_150m_10min/merlingen_7.5mi_point_08-24-2025_1210_150m_vel.asc
ncols	158
nrows	163
xllcorner	391686.332397
yllcorner	5160024.123721
cellsize	150.000000
NODATA_value	-32768.000000
[rows 76 to 113 of 163, columns 0 to 83 of 158]
1.80 1.41 0.88 0.66 0.67 0.80 0.91 0.98 1.05 1.11 1.18 1.24 1.29 1.37 1.46 1.52 1.57 1.63 1.69 1.73 1.75 1.77 1.80 1.84 1.87 1.84 1.83 1.91 2.04 2.16 2.22 2.19 2.10 2.00 1.92 1.92 1.96 2.00 2.02 2.03 2.03 2.04 2.04 2.05 2.05 2.05 2.06 2.07 2.08 2.08 2.09 2.10 2.11 2.11 2.12 2.12 2.12 2.11 2.11 2.10 2.09 2.08 2.07 2.07 2.06 2.05 2.03 2.01 1.98 1.96 1.94 1.93 1.92 1.90 1.91 1.95 1.98 2.05 2.30 2.73 3.02 2.62 1.73 1.27
2.19 1.65 0.84 0.40 0.44 0.69 0.83 0.95 1.07 1.17 1.26 1.32 1.36 1.42 1.46 1.50 1.55 1.62 1.67 1.70 1.73 1.77 1.83 1.88 1.86 1.80 1.79 1.84 1.88 1.93 2.00 2.02 2.00 2.01 2.05 2.05 2.04 2.02 2.00 2.01 2.03 2.03 2.03 2.03 2.03 2.04 2.04 2.05 2.05 2.06 2.08 2.10 2.11 2.12 2.13 2.13 2.13 2.13 2.13 2.12 2.12 2.11 2.11 2.10 2.10 2.09 2.07 2.06 2.04 2.04 2.03 2.02 2.00 1.98 1.97 1.95 1.92 1.97 2.21 2.54 2.44 1.70 1.19 1.28
2.80 2.04 1.02 0.44 0.19 0.63 0.91 1.11 1.30 1.41 1.44 1.42 1.44 1.47 1.49 1.53 1.58 1.63 1.66 1.68 1.71 1.76 1.81 1.84 1.84 1.86 1.88 1.88 1.86 1.87 1.93 2.08 2.22 2.29 2.32 2.29 2.20 2.10 2.01 1.97 1.97 1.99 2.00 2.00 2.00 2.00 2.00 2.00 2.01 2.03 2.06 2.08 2.10 2.12 2.13 2.14 2.14 2.15 2.15 2.15 2.15 2.14 2.14 2.13 2.13 2.12 2.11 2.11 2.10 2.09 2.08 2.07 2.05 2.04 2.02 1.99 1.96 1.99 2.13 2.22 1.88 1.31 1.32 1.53
3.57 2.69 1.39 1.08 0.54 0.93 1.28 1.50 1.70 1.71 1.60 1.53 1.53 1.55 1.57 1.59 1.61 1.63 1.63 1.64 1.68 1.73 1.76 1.77 1.80 1.91 2.03 2.06 2.02 1.98 2.03 2.17 2.31 2.34 2.32 2.33 2.32 2.22 2.08 1.97 1.90 1.89 1.90 1.91 1.91 1.90 1.90 1.92 1.94 1.97 2.02 2.06 2.09 2.12 2.14 2.15 2.15 2.16 2.16 2.16 2.16 2.16 2.16 2.16 2.16 2.15 2.15 2.15 2.14 2.14 2.12 2.11 2.10 2.10 2.09 2.07 2.05 2.06 2.09 1.99 1.60 1.45 1.70 2.09
3.93 3.18 2.22 1.93 2.35 3.08 2.75 2.42 2.29 2.02 1.77 1.67 1.63 1.60 1.60 1.60 1.60 1.59 1.58 1.60 1.65 1.69 1.72 1.74 1.81 1.91 2.03 2.11 2.11 2.09 2.12 2.22 2.35 2.47 2.50 2.43 2.35 2.31 2.26 2.13 1.95 1.83 1.77 1.75 1.74 1.76 1.77 1.77 1.78 1.85 1.95 2.02 2.07 2.12 2.14 2.16 2.17 2.17 2.17 2.18 2.18 2.18 2.18 2.18 2.18 2.19 2.19 2.18 2.18 2.17 2.16 2.16 2.16 2.16 2.16 2.15 2.13 2.10 2.05 1.90 1.74 1.88 2.14 2.36
3.86 2.86 1.81 2.33 3.36 3.75 3.74 3.39 2.89 2.38 2.01 1.80 1.68 1.61 1.57 1.54 1.52 1.50 1.52 1.57 1.61 1.66 1.72 1.77 1.81 1.85 1.93 2.00 2.08 2.15 2.21 2.27 2.35 2.47 2.57 2.57 2.46 2.38 2.37 2.33 2.20 2.01 1.82 1.65 1.54 1.49 1.46 1.45 1.49 1.60 1.77 1.94 2.07 2.12 2.14 2.16 2.17 2.17 2.18 2.19 2.19 2.20 2.20 2.20 2.21 2.21 2.21 2.21 2.20 2.20 2.20 2.20 2.20 2.20 2.21 2.20 2.19 2.18 2.14 2.07 2.09 2.24 2.33 2.31
3.63 2.33 1.91 3.23 3.64 3.17 3.14 3.18 2.87 2.45 2.08 1.81 1.66 1.58 1.53 1.47 1.42 1.42 1.45 1.49 1.54 1.62 1.69 1.74 1.78 1.84 1.92 1.99 2.06 2.13 2.14 2.09 2.02 2.00 2.08 2.28 2.43 2.43 2.38 2.39 2.41 2.34 2.23 2.11 2.00 1.90 1.85 1.87 1.96 1.97 1.96 1.98 2.02 2.10 2.15 2.17 2.17 2.17 2.18 2.19 2.20 2.20 2.21 2.22 2.22 2.23 2.23 2.23 2.23 2.23 2.23 2.24 2.24 2.25 2.25 2.25 2.25 2.24 2.24 2.22 2.23 2.25 2.33 2.47
2.92 3.12 3.74 3.80 3.24 2.56 2.43 2.43 2.28 1.98 1.72 1.59 1.51 1.43 1.37 1.33 1.30 1.31 1.34 1.39 1.47 1.56 1.62 1.68 1.79 1.95 2.05 2.08 2.08 2.07 2.04 1.98 1.88 1.78 1.73 1.78 1.96 2.15 2.26 2.29 2.33 2.43 2.56 2.69 2.78 2.84 2.88 2.93 2.98 2.96 2.80 2.50 2.30 2.23 2.20 2.17 2.17 2.17 2.18 2.19 2.20 2.21 2.22 2.23 2.24 2.24 2.24 2.25 2.25 2.25 2.26 2.27 2.27 2.28 2.28 2.29 2.29 2.29 2.28 2.26 2.20 2.19 2.41 2.91
2.82 3.19 3.31 2.76 2.39 2.14 1.90 1.67 1.52 1.42 1.38 1.40 1.37 1.32 1.27 1.22 1.22 1.23 1.27 1.33 1.41 1.48 1.56 1.67 1.83 1.98 2.06 2.06 2.04 2.06 2.08 2.06 2.00 1.89 1.75 1.66 1.68 1.77 1.89 2.01 2.14 2.27 2.39 2.48 2.55 2.60 2.64 2.69 2.71 2.74 2.79 2.76 2.60 2.39 2.22 2.16 2.15 2.15 2.17 2.18 2.19 2.21 2.22 2.24 2.25 2.25 2.26 2.26 2.27 2.27 2.28 2.28 2.29 2.30 2.31 2.32 2.33 2.35 2.36 2.35 2.34 2.41 2.65 3.21
2.26 1.89 1.66 1.54 1.60 1.54 1.35 1.20 1.16 1.18 1.27 1.32 1.30 1.30 1.30 1.26 1.21 1.19 1.21 1.23 1.28 1.35 1.45 1.64 1.81 1.86 1.85 1.86 1.92 2.00 2.04 2.05 2.06 2.08 2.05 1.99 1.90 1.79 1.74 1.82 1.99 2.12 2.17 2.15 2.10 2.06 2.04 2.03 1.99 1.99 2.07 2.17 2.21 2.19 2.14 2.11 2.11 2.12 2.14 2.16 2.18 2.21 2.23 2.24 2.25 2.26 2.27 2.27 2.28 2.29 2.29 2.30 2.31 2.32 2.33 2.35 2.37 2.39 2.44 2.50 2.61 2.78 3.07 3.57
1.81 1.26 1.05 1.02 1.14 1.24 1.17 1.12 1.17 1.25 1.32 1.30 1.28 1.29 1.29 1.25 1.18 1.11 1.06 1.06 1.08 1.14 1.28 1.53 1.77 1.87 1.87 1.89 1.93 1.93 1.91 1.97 2.06 2.22 2.40 2.50 2.46 2.32 2.13 1.96 1.90 1.97 2.07 2.12 2.08 2.03 1.98 1.91 1.83 1.76 1.72 1.74 1.84 1.95 2.00 2.02 2.04 2.06 2.09 2.13 2.17 2.20 2.23 2.24 2.25 2.27 2.27 2.28 2.29 2.29 2.30 2.31 2.32 2.33 2.35 2.37 2.39 2.44 2.51 2.61 2.78 3.08 3.55 4.10
1.31 0.97 0.80 0.84 1.06 1.31 1.39 1.46 1.56 1.53 1.36 1.25 1.26 1.28 1.25 1.21 1.16 1.09 1.02 1.03 1.07 1.15 1.44 1.92 2.22 2.24 2.19 2.15 2.08 1.98 1.90 1.90 1.94 2.03 2.18 2.40 2.60 2.73 2.72 2.54 2.27 2.07 2.02 2.06 2.10 2.07 2.00 1.94 1.86 1.71 1.61 1.62 1.69 1.74 1.79 1.83 1.87 1.93 2.01 2.09 2.15 2.19 2.23 2.25 2.26 2.27 2.28 2.28 2.29 2.30 2.30 2.31 2.32 2.34 2.35 2.38 2.42 2.47 2.53 2.63 2.80 3.10 3.53 4.02
1.83 1.36 1.08 1.33 1.57 1.88 2.08 2.08 1.92 1.66 1.39 1.32 1.40 1.42 1.44 1.40 1.27 1.18 1.18 1.27 1.43 1.74 2.51 3.11 2.99 2.59 2.34 2.22 2.11 2.03 1.98 1.93 1.88 1.82 1.76 1.82 2.04 2.33 2.57 2.68 2.61 2.41 2.20 2.13 2.17 2.21 2.17 2.06 1.97 1.90 1.82 1.73 1.69 1.74 1.81 1.82 1.80 1.81 1.87 1.98 2.10 2.18 2.23 2.25 2.26 2.27 2.27 2.28 2.29 2.30 2.30 2.31 2.32 2.34 2.36 2.38 2.42 2.46 2.50 2.58 2.70 2.88 3.11 3.43
2.55 2.25 2.07 2.03 1.99 2.07 2.22 2.26 2.13 1.92 1.74 1.69 1.68 1.62 1.52 1.43 1.37 1.36 1.46 1.76 2.20 3.08 3.81 3.68 3.01 2.55 2.30 2.15 2.07 2.03 2.01 1.98 1.94 1.88 1.78 1.68 1.66 1.74 1.93 2.12 2.25 2.31 2.27 2.18 2.15 2.19 2.23 2.18 2.09 2.06 2.06 2.05 2.05 2.10 2.14 2.12 2.00 1.80 1.74 1.90 2.10 2.20 2.24 2.25 2.26 2.26 2.27 2.28 2.28 2.29 2.30 2.31 2.32 2.33 2.35 2.37 2.39 2.42 2.46 2.52 2.61 2.70 2.75 2.82
2.62 2.56 2.38 2.03 1.82 1.83 1.99 2.23 2.43 2.50 2.42 2.18 1.96 1.77 1.59 1.49 1.59 1.71 1.85 2.39 3.47 4.30 4.15 3.34 2.71 2.42 2.25 2.13 2.04 1.99 1.96 1.94 1.93 1.92 1.91 1.84 1.72 1.67 1.77 1.96 2.06 2.06 2.05 2.01 1.98 1.99 2.05 2.14 2.15 2.10 2.10 2.19 2.30 2.36 2.36 2.28 2.16 2.05 2.09 2.21 2.26 2.25 2.25 2.25 2.25 2.25 2.26 2.27 2.27 2.28 2.29 2.29 2.30 2.32 2.33 2.35 2.36 2.39 2.42 2.47 2.52 2.56 2.56 2.56
2.53 2.65 2.79 2.76 2.66 2.44 2.41 2.72 3.10 3.24 3.09 2.79 2.50 2.29 2.21 2.21 2.22 2.22 2.28 3.16 4.38 4.50 3.57 2.94 2.56 2.33 2.16 2.04 1.95 1.90 1.88 1.85 1.83 1.83 1.87 1.91 1.90 1.85 1.87 2.01 2.18 2.18 2.03 1.91 1.85 1.83 1.86 1.93 2.00 2.03 2.04 2.10 2.19 2.30 2.38 2.45 2.58 2.83 2.99 2.86 2.56 2.35 2.27 2.25 2.24 2.24 2.25 2.25 2.26 2.26 2.27 2.28 2.29 2.30 2.31 2.32 2.33 2.35 2.38 2.41 2.43 2.45 2.50 2.57
2.62 2.97 3.64 4.12 4.36 4.39 4.63 5.12 5.35 5.22 4.42 3.62 3.15 2.85 2.65 2.61 2.78 3.15 3.85 4.81 4.77 3.66 2.73 2.46 2.26 2.12 2.00 1.91 1.84 1.80 1.76 1.74 1.75 1.78 1.83 1.88 1.93 1.93 1.88 1.88 2.03 2.22 2.18 1.97 1.80 1.70 1.64 1.64 1.67 1.70 1.75 1.86 2.00 2.11 2.26 2.58 2.96 3.16 3.11 2.92 2.66 2.42 2.29 2.23 2.22 2.22 2.22 2.23 2.24 2.24 2.25 2.26 2.27 2.28 2.28 2.29 2.30 2.31 2.32 2.33 2.34 2.36 2.39 2.43
2.78 3.18 3.91 4.50 5.06 5.57 6.10 6.65 6.93 6.81 6.50 6.05 5.66 5.61 5.44 5.15 5.15 5.59 5.71 5.32 4.55 2.95 2.33 2.14 2.05 1.95 1.87 1.83 1.78 1.71 1.65 1.60 1.59 1.67 1.76 1.81 1.84 1.87 1.88 1.86 1.90 2.10 2.28 2.16 1.88 1.65 1.53 1.54 1.60 1.63 1.63 1.79 1.97 2.03 2.09 2.22 2.35 2.29 2.22 2.28 2.34 2.30 2.23 2.18 2.17 2.18 2.19 2.20 2.20 2.21 2.22 2.23 2.24 2.25 2.25 2.25 2.26 2.27 2.27 2.27 2.26 2.26 2.24 2.22
3.15 3.31 3.71 4.07 4.44 4.71 4.97 5.22 5.38 5.95 6.62 7.11 7.38 7.47 7.48 7.07 6.72 6.42 5.45 4.22 3.70 3.06 2.51 2.15 1.94 1.85 1.80 1.77 1.74 1.65 1.53 1.47 1.51 1.60 1.67 1.71 1.75 1.79 1.84 1.88 1.94 2.10 2.41 2.59 2.39 2.10 1.89 1.81 1.86 2.00 2.21 2.35 2.23 2.09 2.00 1.90 1.74 1.64 1.70 1.85 2.00 2.08 2.10 2.10 2.12 2.14 2.15 2.15 2.16 2.17 2.19 2.20 2.21 2.21 2.21 2.21 2.21 2.22 2.21 2.21 2.20 2.18 2.15 2.11
3.58 3.36 3.40 3.62 3.69 3.58 3.37 3.23 3.27 3.79 4.25 4.65 4.68 4.01 4.05 4.04 4.53 4.13 3.87 3.35 3.16 2.89 2.41 1.94 1.66 1.62 1.65 1.67 1.68 1.72 1.73 1.77 1.79 1.72 1.63 1.61 1.65 1.71 1.77 1.82 1.90 2.05 2.33 2.75 3.01 3.02 2.85 2.69 2.67 2.87 3.10 2.96 2.53 2.20 2.01 1.88 1.78 1.71 1.70 1.77 1.86 1.93 1.98 2.03 2.06 2.07 2.08 2.10 2.12 2.15 2.16 2.16 2.16 2.16 2.17 2.17 2.17 2.17 2.16 2.15 2.14 2.12 2.08 2.03
4.13 3.60 3.34 3.47 3.37 3.08 2.71 2.36 2.01 1.71 1.50 1.81 1.90 1.87 1.85 2.03 2.36 2.74 3.06 2.73 2.42 2.50 2.21 1.67 1.26 1.27 1.42 1.55 1.63 1.78 1.97 2.03 1.90 1.69 1.54 1.49 1.52 1.58 1.65 1.72 1.77 1.87 2.04 2.38 2.87 3.30 3.52 3.60 3.61 3.52 3.25 2.87 2.52 2.23 2.04 1.90 1.77 1.68 1.62 1.65 1.74 1.82 1.88 1.93 1.97 2.00 2.03 2.06 2.09 2.11 2.11 2.11 2.11 2.11 2.12 2.12 2.12 2.12 2.11 2.10 2.08 2.06 2.02 1.98
4.96 4.12 3.26 2.93 2.56 2.39 2.25 1.94 1.46 1.00 0.75 0.65 0.87 1.38 1.48 1.74 1.99 2.47 2.96 2.69 2.42 2.46 2.25 1.48 1.00 1.16 1.35 1.47 1.54 1.56 1.54 1.52 1.52 1.47 1.38 1.32 1.31 1.38 1.50 1.61 1.71 1.78 1.85 2.01 2.28 2.62 2.94 3.13 3.06 2.76 2.48 2.42 2.35 2.20 2.06 1.90 1.72 1.59 1.54 1.53 1.55 1.63 1.72 1.81 1.88 1.93 1.98 2.02 2.04 2.04 2.04 2.05 2.06 2.07 2.07 2.07 2.07 2.07 2.06 2.05 2.04 2.01 1.98 1.94
5.62 4.33 2.53 1.65 1.31 1.44 1.57 1.53 1.28 0.93 0.57 0.43 0.62 0.93 1.23 1.48 1.78 2.19 2.34 2.59 2.65 2.56 2.32 1.69 1.60 1.64 1.52 1.41 1.34 1.24 1.11 1.07 1.15 1.23 1.24 1.19 1.16 1.20 1.31 1.47 1.61 1.71 1.78 1.85 1.89 1.90 1.98 2.08 2.05 2.00 2.05 2.19 2.26 2.17 2.06 1.99 1.90 1.77 1.67 1.59 1.52 1.49 1.53 1.62 1.71 1.81 1.88 1.93 1.95 1.96 1.98 2.00 2.01 2.01 2.01 2.01 2.01 2.02 2.01 2.00 1.99 1.97 1.95 1.91
5.71 3.95 1.77 0.96 0.51 0.38 0.48 0.73 0.83 0.78 0.74 0.70 0.73 0.92 1.28 1.70 1.99 2.02 1.93 2.07 2.41 2.68 2.77 2.72 2.45 1.97 1.58 1.31 1.16 1.07 0.99 0.94 0.93 0.99 1.08 1.16 1.22 1.22 1.24 1.33 1.47 1.61 1.74 1.83 1.90 1.98 2.01 2.03 2.08 2.16 2.22 2.27 2.36 2.36 2.25 2.16 2.10 1.98 1.84 1.77 1.74 1.68 1.60 1.55 1.56 1.63 1.73 1.81 1.87 1.89 1.91 1.92 1.93 1.94 1.94 1.95 1.95 1.95 1.95 1.95 1.94 1.93 1.91 1.88
4.63 3.25 1.49 0.78 0.27 0.06 0.33 0.58 0.73 0.80 0.87 0.88 0.88 1.04 1.34 1.73 2.06 2.00 1.68 1.67 2.08 2.48 2.66 2.52 2.13 1.79 1.49 1.24 1.07 0.97 0.87 0.77 0.68 0.68 0.80 0.98 1.13 1.22 1.26 1.31 1.41 1.54 1.68 1.80 1.94 2.07 2.12 2.14 2.22 2.35 2.43 2.46 2.50 2.58 2.58 2.48 2.33 2.19 2.06 1.98 1.97 1.99 1.93 1.79 1.69 1.65 1.67 1.72 1.77 1.80 1.82 1.83 1.84 1.85 1.86 1.87 1.88 1.89 1.89 1.89 1.89 1.88 1.87 1.85
3.40 2.50 1.27 0.59 0.10 0.23 0.44 0.61 0.74 0.82 0.89 0.92 0.93 1.08 1.32 1.59 1.98 2.02 1.79 1.97 2.06 2.11 2.17 2.12 1.89 1.64 1.40 1.18 0.99 0.88 0.80 0.68 0.53 0.42 0.45 0.60 0.78 0.97 1.16 1.30 1.40 1.49 1.58 1.69 1.80 1.89 1.99 2.10 2.23 2.40 2.56 2.62 2.59 2.57 2.59 2.60 2.57 2.53 2.42 2.19 2.04 2.01 2.05 2.07 1.99 1.88 1.79 1.70 1.65 1.64 1.66 1.69 1.72 1.76 1.77 1.78 1.79 1.80 1.81 1.82 1.83 1.83 1.83 1.82
2.51 1.93 1.04 0.49 0.27 0.39 0.51 0.62 0.73 0.82 0.88 0.91 0.93 1.07 1.51 2.03 2.37 2.55 2.57 2.50 2.30 2.00 2.08 2.14 1.94 1.69 1.45 1.19 0.99 0.88 0.81 0.70 0.55 0.39 0.29 0.37 0.54 0.75 0.98 1.14 1.27 1.37 1.48 1.61 1.75 1.95 2.20 2.38 2.47 2.52 2.57 2.65 2.71 2.71 2.67 2.65 2.70 2.73 2.69 2.56 2.37 2.25 2.23 2.21 2.14 2.03 1.89 1.74 1.59 1.48 1.45 1.50 1.56 1.61 1.64 1.66 1.68 1.70 1.73 1.75 1.76 1.77 1.77 1.77
2.10 1.72 1.08 0.71 0.59 0.64 0.69 0.71 0.77 0.84 0.89 0.89 0.86 0.91 1.21 1.66 2.11 2.32 2.38 2.40 2.38 2.24 2.21 2.19 2.03 1.86 1.66 1.35 1.06 0.93 0.84 0.76 0.65 0.49 0.34 0.33 0.50 0.67 0.80 0.92 1.07 1.23 1.38 1.54 1.71 1.89 2.09 2.32 2.47 2.53 2.57 2.64 2.73 2.84 2.95 2.96 2.87 2.80 2.80 2.83 2.79 2.67 2.53 2.41 2.31 2.18 2.01 1.85 1.72 1.60 1.49 1.41 1.37 1.39 1.43 1.46 1.51 1.56 1.61 1.64 1.67 1.70 1.71 1.72
2.09 1.81 1.34 1.03 0.87 0.84 0.85 0.87 0.85 0.87 0.89 0.83 0.73 0.63 0.61 0.79 1.23 1.51 1.56 1.91 2.27 2.38 2.40 2.32 2.17 2.04 1.95 1.69 1.30 1.07 0.89 0.78 0.69 0.57 0.43 0.34 0.47 0.65 0.77 0.88 1.02 1.19 1.35 1.50 1.64 1.73 1.82 2.00 2.25 2.47 2.62 2.72 2.77 2.78 2.85 2.98 3.03 2.98 2.90 2.84 2.79 2.69 2.58 2.53 2.48 2.38 2.24 2.10 2.01 1.93 1.82 1.57 1.29 1.12 1.06 1.12 1.23 1.35 1.44 1.50 1.56 1.61 1.65 1.67
2.22 1.98 1.60 1.35 1.16 1.06 1.00 1.02 0.98 0.95 0.95 0.84 0.68 0.57 0.54 0.64 0.92 1.19 1.43 1.76 1.99 2.18 2.37 2.43 2.36 2.30 2.28 2.09 1.74 1.42 1.10 0.86 0.70 0.65 0.55 0.45 0.55 0.74 0.91 1.03 1.13 1.23 1.36 1.51 1.62 1.71 1.81 1.94 2.19 2.52 2.79 2.95 3.03 2.98 2.84 2.82 2.93 3.03 3.03 2.92 2.78 2.67 2.57 2.48 2.43 2.41 2.37 2.31 2.24 2.15 2.05 1.93 1.68 1.31 1.12 1.10 1.15 1.17 1.18 1.25 1.38 1.50 1.57 1.60
2.53 2.27 1.90 1.73 1.59 1.44 1.29 1.21 1.13 1.12 1.13 1.03 0.88 0.78 0.70 0.72 0.92 1.18 1.39 1.59 1.82 2.01 2.12 2.34 2.53 2.53 2.55 2.49 2.26 1.88 1.49 1.14 0.92 0.83 0.75 0.68 0.78 0.92 1.04 1.13 1.21 1.29 1.43 1.57 1.66 1.76 1.84 1.93 2.11 2.40 2.74 3.01 3.19 3.28 3.23 3.03 2.89 2.91 2.98 2.99 2.89 2.79 2.73 2.63 2.52 2.47 2.42 2.33 2.31 2.29 2.18 2.11 2.09 2.00 1.82 1.64 1.46 1.28 1.18 1.22 1.33 1.43 1.49 1.52
2.89 2.65 2.28 2.09 1.96 1.82 1.69 1.58 1.59 1.75 1.84 1.78 1.63 1.43 1.19 1.00 1.04 1.21 1.33 1.48 1.76 2.03 1.95 2.04 2.51 2.79 2.79 2.83 2.85 2.45 1.94 1.57 1.30 1.17 1.10 1.05 1.07 1.05 1.07 1.18 1.29 1.39 1.54 1.66 1.76 1.86 1.94 2.03 2.15 2.27 2.43 2.65 2.90 3.16 3.37 3.38 3.19 3.02 2.99 3.02 2.99 2.87 2.79 2.79 2.75 2.65 2.55 2.41 2.31 2.32 2.33 2.24 2.20 2.21 2.13 1.94 1.76 1.66 1.66 1.61 1.49 1.40 1.40 1.44
3.13 2.94 2.65 2.48 2.38 2.39 2.54 2.51 2.50 2.46 2.37 2.14 1.86 1.73 1.61 1.39 1.28 1.35 1.44 1.53 1.72 2.01 1.95 1.79 2.16 2.71 2.92 3.00 3.24 3.07 2.41 2.03 1.69 1.60 1.55 1.43 1.29 1.20 1.26 1.38 1.44 1.50 1.65 1.80 1.89 1.97 2.07 2.17 2.24 2.31 2.40 2.50 2.64 2.84 3.12 3.37 3.44 3.31 3.20 3.20 3.24 3.13 2.91 2.80 2.74 2.66 2.62 2.54 2.40 2.35 2.43 2.43 2.28 2.20 2.21 2.17 2.05 1.93 1.83 1.72 1.59 1.44 1.37 1.36
3.29 3.10 2.89 2.87 2.90 2.95 2.96 2.86 2.59 2.30 2.26 2.20 1.98 1.89 1.87 1.72 1.55 1.60 1.81 1.98 1.99 2.00 1.91 1.71 1.80 2.37 2.87 3.00 3.24 3.29 2.90 2.59 2.25 2.03 1.83 1.61 1.46 1.48 1.69 1.69 1.46 1.48 1.72 1.86 1.91 2.05 2.18 2.21 2.22 2.32 2.51 2.71 2.83 2.86 2.93 3.14 3.40 3.49 3.43 3.43 3.52 3.52 3.29 2.97 2.77 2.60 2.50 2.53 2.52 2.40 2.37 2.45 2.47 2.40 2.36 2.34 2.26 2.07 1.82 1.63 1.56 1.51 1.43 1.34
3.47 3.28 3.05 2.93 2.75 2.54 2.37 2.30 2.24 2.17 2.23 2.26 2.10 2.04 2.07 1.95 1.74 1.75 2.15 2.54 2.58 2.26 1.86 1.70 1.69 1.97 2.56 3.09 3.60 3.73 3.28 2.97 2.77 2.50 2.19 1.84 1.76 1.94 2.00 1.84 1.66 1.71 1.80 1.83 1.95 2.14 2.23 2.21 2.25 2.35 2.50 2.69 2.90 3.01 3.03 3.11 3.29 3.47 3.48 3.38 3.43 3.57 3.55 3.27 3.01 2.79 2.53 2.41 2.46 2.47 2.48 2.62 2.71 2.64 2.48 2.33 2.21 2.08 1.89 1.70 1.56 1.50 1.43 1.30
3.49 3.35 3.07 2.80 2.52 2.30 2.20 2.19 2.22 2.22 2.30 2.34 2.11 2.07 2.24 2.21 1.96 1.90 2.30 2.85 3.24 2.95 2.01 1.73 1.79 1.84 2.20 2.89 3.72 4.37 4.04 3.24 2.97 2.94 2.85 2.56 2.40 2.41 2.27 2.09 2.15 2.19 2.04 1.94 2.07 2.16 2.15 2.17 2.29 2.41 2.49 2.57 2.71 2.93 3.11 3.20 3.29 3.42 3.45 3.33 3.26 3.37 3.55 3.57 3.44 3.32 3.05 2.62 2.41 2.44 2.53 2.61 2.67 2.65 2.55 2.40 2.24 2.11 1.96 1.76 1.61 1.52 1.43 1.34
3.45 3.25 2.95 2.80 2.62 2.46 2.43 2.45 2.44 2.39 2.51 2.70 2.45 2.25 2.39 2.43 2.12 2.02 2.38 3.18 3.98 4.11 2.96 1.99 1.96 1.93 1.89 2.12 2.78 3.98 4.60 4.05 3.30 3.14 3.14 3.19 3.08 2.72 2.38 2.27 2.23 2.08 2.00 2.16 2.27 2.18 2.09 2.14 2.28 2.41 2.51 2.57 2.68 2.89 3.08 3.20 3.32 3.49 3.62 3.55 3.40 3.38 3.51 3.62 3.68 3.69 3.61 3.29 2.79 2.47 2.39 2.41 2.50 2.60 2.59 2.51 2.40 2.32 2.26 2.11 1.81 1.62 1.50 1.38
3.78 3.45 3.02 2.88 2.75 2.56 2.46 2.53 2.67 2.71 2.79 3.01 2.94 2.67 2.68 2.63 2.25 2.20 2.81 3.61 4.42 5.00 4.42 2.77 2.17 2.16 2.03 1.97 2.05 2.76 4.07 4.61 3.97 3.19 2.90 2.88 2.91 2.70 2.39 2.22 2.03 1.92 2.08 2.32 2.37 2.23 2.18 2.28 2.39 2.48 2.53 2.57 2.74 2.96 3.12 3.21 3.31 3.49 3.71 3.77 3.66 3.60 3.65 3.66 3.66 3.79 3.89 3.85 3.60 3.18 2.86 2.72 2.70 2.75 2.77 2.68 2.53 2.45 2.45 2.42 2.21 1.85 1.54 1.34
