windninja/windninja_output/Output_2025-08-24_1200-1250_Google earth_Fire_150m_10min/merlingen_7.5mi_point_08-24-2025_1250_150m_ang.asc
ncols	158
nrows	163
xllcorner	391686.332397
yllcorner	5160024.123721
cellsize	150.000000
NODATA_value	-32768.000000
[rows 106 to 158 of 163, columns 0 to 95 of 158]
75 74 72 71 72 74 75 75 75 77 80 83 86 88 90 89 85 80 73 66 63 65 63 58 58 60 63 66 71 78 84 89 91 89 90 97 107 115 120 122 124 126 127 130 135 136 128 111 95 82 74 69 65 63 63 64 64 63 62 62 61 60 61 63 63 62 61 58 54 55 58 60 61 62 66 72 77 79 80 82 84 81 74 69 65 63 61 59 57 56 55 54 53 52 50 49
73 72 69 70 71 71 73 73 73 74 76 77 77 77 80 82 81 77 71 64 63 67 67 59 56 57 59 61 67 77 84 89 88 82 88 100 110 115 117 121 126 128 128 131 137 141 141 127 109 92 81 74 68 64 62 61 61 62 62 61 61 62 62 62 61 61 60 58 54 54 56 59 61 61 63 67 70 71 72 76 81 85 82 75 69 66 63 61 60 59 58 57 55 54 52 51
72 70 67 68 69 69 69 70 70 70 71 72 70 69 72 75 77 73 67 64 66 70 70 62 55 55 58 57 62 74 83 85 83 78 89 103 109 111 112 119 128 130 130 134 139 143 148 143 124 101 86 78 73 69 64 61 60 60 61 60 59 61 62 62 61 60 59 58 55 53 54 58 61 63 63 64 66 69 71 72 74 79 85 82 75 70 66 64 63 62 61 59 57 56 55 54
71 69 68 69 70 70 69 68 68 69 69 68 66 65 69 74 74 66 58 61 69 75 73 65 57 55 56 56 63 74 79 79 78 78 90 101 105 106 113 119 124 125 128 136 142 144 151 156 143 115 91 79 73 69 66 63 60 60 60 58 57 59 60 59 60 62 61 59 56 53 53 58 61 63 63 64 65 67 69 72 73 75 80 85 82 76 71 68 67 65 64 62 61 59 58 57
70 70 71 74 74 74 72 70 69 67 67 67 65 65 70 75 75 58 50 58 69 78 78 70 63 58 57 56 63 72 78 77 75 77 88 98 103 108 115 117 114 114 123 136 144 146 153 164 160 135 105 84 72 68 66 64 61 61 61 59 57 58 58 57 58 60 62 61 58 53 52 57 61 61 63 65 66 66 67 70 73 75 77 81 85 83 78 74 71 70 68 67 66 65 63 62
71 72 75 76 75 74 71 70 69 67 66 68 69 69 72 77 75 51 44 54 64 76 83 75 67 65 63 59 60 66 72 77 74 75 86 96 104 111 116 113 111 110 113 127 140 146 155 167 170 155 124 93 75 68 67 64 61 62 62 61 59 59 58 55 55 57 59 61 59 56 54 58 61 61 62 64 65 65 66 69 73 75 77 77 79 81 81 79 77 76 75 74 73 71 69 67
74 76 76 74 73 71 69 68 67 65 63 66 72 72 74 78 75 46 40 50 58 68 78 76 67 72 76 74 67 63 65 72 75 79 90 99 105 110 112 110 110 104 103 114 133 147 156 165 173 170 149 109 79 71 68 64 61 61 61 60 58 58 57 56 54 54 56 56 57 58 58 61 63 62 62 63 64 63 63 65 70 75 76 76 75 75 77 79 80 80 82 82 79 75 72 70
75 75 75 73 73 72 70 67 65 61 60 66 71 72 73 78 76 47 36 45 52 61 69 72 68 76 83 86 81 69 64 66 74 85 96 102 103 103 103 102 99 94 98 109 126 145 154 159 170 176 171 146 89 73 68 65 61 60 60 59 57 55 56 57 56 54 54 53 54 54 55 59 62 61 61 63 64 63 62 62 66 72 74 74 75 72 71 73 74 77 82 84 79 75 73 72
71 71 72 72 71 71 71 69 64 61 63 69 71 67 69 77 81 61 28 44 49 55 61 66 71 77 80 81 84 81 68 65 73 85 96 101 99 97 95 92 86 89 97 105 116 133 147 154 163 174 182 182 123 74 67 65 61 60 60 59 57 53 54 57 56 53 53 52 52 52 52 56 60 61 60 61 63 64 63 62 65 68 68 68 69 65 65 67 67 72 77 77 74 72 71 72
67 68 69 70 69 68 67 66 65 66 72 76 70 61 65 78 87 82 15 48 53 53 55 60 69 75 74 72 77 83 73 66 71 81 92 98 99 95 90 83 83 92 98 102 108 123 143 155 158 168 185 197 187 83 68 64 62 60 60 60 57 53 54 57 56 53 52 53 53 52 51 54 58 62 63 62 62 64 64 63 65 67 65 63 62 57 57 62 65 72 75 72 67 65 65 66
64 67 68 68 68 67 64 62 64 72 80 81 69 56 64 79 89 89 356 65 63 59 55 58 63 69 70 68 77 83 75 66 68 76 87 96 98 91 82 81 87 95 98 96 100 114 131 147 149 155 179 201 212 138 67 64 62 61 61 61 57 54 55 57 57 53 52 53 53 52 51 51 54 58 63 65 64 63 64 65 68 70 67 61 58 54 53 59 65 71 71 67 62 59 60 61
63 66 68 68 68 67 64 61 65 72 80 82 69 58 67 77 85 92 156 123 80 70 65 61 60 62 62 65 75 82 79 74 69 74 82 89 90 81 75 81 89 92 91 90 93 98 108 125 138 144 165 204 226 238 57 62 62 61 61 62 59 55 55 57 56 52 51 52 52 51 50 49 50 53 57 63 65 63 63 64 68 71 68 60 56 54 54 58 64 67 66 62 57 57 60 60
64 66 66 68 69 68 66 66 70 72 75 78 73 66 69 73 80 95 142 154 120 90 79 74 69 64 61 64 69 72 79 85 85 85 83 78 73 66 69 78 82 82 82 83 85 87 95 112 127 137 152 212 240 257 19 59 62 61 61 62 61 57 56 57 54 51 49 50 51 51 50 49 48 49 53 56 59 61 62 62 66 69 67 60 57 57 56 59 63 63 60 57 54 56 62 61
64 64 65 69 72 70 68 72 77 76 74 76 77 74 71 71 78 91 123 153 145 118 98 91 87 81 76 75 73 74 83 94 99 95 87 77 69 62 67 70 67 67 70 74 77 80 84 96 109 120 131 227 254 266 312 53 61 61 61 62 62 60 59 58 54 51 49 48 50 52 52 50 48 48 50 52 54 57 61 64 66 68 65 61 60 60 59 60 61 59 57 53 50 55 60 60
61 62 64 69 73 72 73 78 82 80 75 78 83 79 71 72 77 85 104 139 151 137 117 105 99 96 94 92 92 93 93 96 99 95 88 82 75 71 72 68 62 59 63 68 71 71 73 78 85 90 90 282 272 277 303 38 60 63 62 62 63 60 60 61 59 60 60 56 54 55 54 52 50 50 50 50 51 53 58 63 66 67 66 62 63 63 61 60 59 58 56 52 47 51 57 58
57 60 63 64 64 66 70 77 84 84 77 82 88 87 73 70 75 81 92 115 142 142 130 117 108 104 102 102 105 106 104 99 97 94 90 86 83 80 77 76 69 63 65 69 71 71 72 73 68 63 56 4 295 289 305 19 57 63 62 63 63 59 59 61 62 69 76 77 70 62 57 54 54 54 51 48 48 50 53 58 62 65 65 63 64 63 60 58 58 58 55 49 45 49 56 58
52 60 64 61 57 56 60 66 75 80 79 85 92 100 83 72 72 76 82 92 116 131 131 125 115 110 108 110 110 110 109 105 99 96 92 88 86 81 77 81 79 72 69 68 71 75 77 74 64 54 45 26 318 299 308 3 53 60 60 62 61 57 59 60 60 65 73 81 86 78 66 60 59 57 54 50 47 47 49 52 56 61 63 61 61 59 56 54 55 56 53 45 44 52 60 61
56 66 70 64 58 57 57 60 65 69 75 87 96 106 96 82 73 70 71 81 95 111 120 121 116 115 114 112 114 114 115 109 101 98 95 90 87 82 77 78 82 77 70 66 67 72 75 71 60 49 43 32 339 312 318 355 49 61 63 61 57 56 59 60 60 64 66 70 79 87 80 72 67 62 59 55 51 49 48 48 50 54 58 57 57 56 52 50 53 55 51 43 44 55 62 63
62 69 72 67 63 63 61 59 62 63 68 83 94 99 100 92 79 67 64 72 86 99 108 113 113 112 112 116 121 122 121 111 103 101 97 91 87 86 80 76 80 80 72 68 66 67 69 67 55 45 41 30 352 324 328 357 39 58 64 61 56 57 59 59 61 65 65 64 67 76 85 85 82 76 70 65 60 55 52 48 47 51 54 54 54 54 49 48 54 56 51 43 44 55 60 59
58 65 68 65 63 63 63 62 63 61 64 73 81 87 96 97 87 71 62 65 76 91 102 105 106 108 116 126 130 132 128 111 103 102 99 92 89 90 85 79 80 83 78 73 69 67 66 63 51 45 41 28 0 337 334 355 28 47 55 54 54 58 58 57 60 64 64 63 63 64 72 84 89 91 88 82 77 71 64 58 53 54 54 52 52 51 45 45 52 54 51 43 46 56 58 53
55 63 68 65 62 63 64 66 66 62 61 64 69 77 87 96 93 79 69 66 72 85 99 104 111 121 129 134 137 141 138 113 101 100 100 93 89 91 90 84 83 87 87 79 73 70 67 61 49 42 39 27 3 346 340 352 20 42 51 51 52 57 57 57 61 63 63 62 61 60 63 71 81 89 96 99 97 92 86 76 68 63 57 52 51 48 43 44 50 54 52 44 49 57 56 50
55 65 70 67 63 63 66 70 69 64 58 58 61 68 81 92 94 87 83 81 88 96 103 112 116 122 128 134 138 145 145 119 100 94 95 94 89 89 91 88 86 92 98 91 80 74 69 61 50 41 37 26 3 349 346 354 17 43 53 53 53 56 57 58 62 63 62 61 61 60 61 67 74 81 90 101 110 110 104 95 83 73 65 57 51 44 38 39 44 49 50 46 50 55 53 48
55 66 71 69 67 68 70 71 70 65 58 55 56 59 69 82 88 90 97 111 115 111 105 106 109 109 111 119 132 144 147 129 105 91 86 86 89 89 89 89 89 95 106 109 93 79 70 60 48 42 36 24 3 353 351 358 18 43 54 55 55 56 56 59 61 62 62 61 60 60 62 65 71 78 85 93 106 117 116 111 103 88 73 63 54 43 35 34 37 41 43 43 46 49 50 47
55 66 73 73 72 76 79 77 73 69 65 60 55 54 58 66 80 96 112 120 123 118 104 95 95 97 101 109 119 133 143 137 116 96 82 78 80 84 85 87 90 95 105 116 111 89 73 57 45 41 33 22 4 357 356 2 21 43 53 55 55 55 56 58 60 61 61 61 60 60 61 64 67 72 79 87 98 112 117 119 119 111 96 76 62 50 41 37 37 40 41 41 41 40 42 43
57 66 73 75 75 79 83 85 83 79 77 72 65 60 59 65 80 99 114 121 122 120 109 96 90 93 98 100 106 121 134 140 131 109 90 78 73 74 79 83 87 92 100 112 120 106 79 59 49 44 34 22 6 1 2 6 23 42 52 55 55 55 57 59 60 61 61 61 60 60 61 64 65 67 71 80 90 101 110 117 121 124 122 106 86 67 55 50 50 49 47 45 41 36 35 36
59 66 71 71 74 78 79 80 86 91 90 85 80 76 74 75 84 97 109 116 120 122 119 107 94 90 92 96 102 113 126 138 144 129 105 86 74 70 70 75 81 87 94 103 115 115 88 64 55 48 34 21 10 6 9 13 25 43 53 56 57 58 60 60 61 61 62 61 60 60 61 64 64 65 68 73 82 91 97 105 117 128 132 128 116 98 78 66 64 60 56 53 47 38 35 35
62 69 71 70 75 80 76 72 76 87 95 94 91 88 88 90 92 95 99 108 118 125 126 121 104 90 83 91 100 107 119 131 148 147 121 103 87 76 69 68 75 81 85 91 99 104 88 68 60 50 34 22 14 12 16 19 27 44 54 57 59 62 63 62 63 63 63 63 61 61 62 64 63 64 68 72 78 85 87 92 104 122 136 137 131 124 113 94 79 70 62 58 52 43 38 38
66 72 74 73 77 81 79 72 69 73 84 94 95 96 98 102 102 98 93 98 113 126 131 127 113 91 78 81 92 100 108 119 139 150 137 119 104 89 77 73 75 77 79 80 79 70 64 62 58 47 33 23 18 17 20 23 30 44 53 56 59 62 61 61 63 64 65 66 65 64 65 65 64 63 65 71 79 85 87 89 94 106 127 137 136 135 133 123 105 86 74 64 56 47 40 41
68 73 76 77 78 79 80 81 75 71 74 80 86 94 106 114 111 103 95 92 101 122 131 128 119 96 80 75 80 91 99 107 122 141 144 132 114 99 89 84 80 77 78 76 64 52 46 43 43 40 33 25 21 23 24 25 32 46 54 57 60 61 59 60 63 64 66 67 70 71 69 67 66 63 64 69 76 83 90 92 92 95 106 122 131 135 138 136 125 105 87 72 63 53 42 41
61 68 74 77 78 77 79 84 85 80 75 74 80 93 107 115 114 106 100 96 95 106 121 125 125 112 91 79 76 82 91 98 109 126 139 140 127 110 99 94 87 80 78 71 57 49 42 32 31 35 33 27 25 28 28 28 36 49 56 60 62 61 60 61 62 63 64 66 73 80 80 74 69 65 64 66 70 76 86 93 94 92 92 102 116 127 133 137 133 121 105 88 74 63 49 45
47 63 71 75 78 78 79 80 84 87 83 81 84 94 103 109 111 108 105 100 94 95 107 118 129 127 108 90 81 79 83 92 99 110 128 140 142 126 106 98 92 85 77 64 54 50 42 29 27 35 34 31 31 32 31 32 41 54 59 61 61 60 60 60 60 62 63 65 72 81 90 90 81 72 66 64 66 68 73 83 91 90 89 94 105 115 121 128 131 127 118 105 91 77 63 55
42 64 70 72 78 82 82 79 79 83 87 90 96 100 101 104 107 108 106 100 95 95 102 112 127 135 123 104 91 81 77 84 93 101 114 133 149 141 110 98 94 88 75 60 53 49 42 30 29 35 36 36 37 36 35 37 47 58 60 60 60 60 61 60 60 61 63 66 71 78 89 99 100 95 83 70 66 65 64 69 79 86 87 92 98 101 104 110 120 125 119 106 97 91 82 73
66 75 72 69 77 83 85 84 83 84 88 96 106 109 106 103 102 100 98 96 94 96 103 110 122 135 133 115 100 86 75 76 86 95 104 119 144 146 116 99 91 82 70 58 50 46 41 31 31 36 38 40 41 40 41 46 55 61 61 61 61 60 61 59 59 61 64 68 73 76 83 96 108 111 110 95 76 68 63 64 69 77 84 91 91 83 84 90 93 93 85 80 83 88 96 101
76 80 79 75 74 76 81 89 93 93 93 102 112 114 110 103 96 90 86 86 89 93 100 107 116 129 135 125 109 95 82 77 78 84 93 105 128 140 123 101 84 69 63 55 48 46 41 34 34 39 41 43 42 43 48 55 61 62 62 62 62 62 61 57 57 61 65 70 73 76 80 89 103 114 119 117 95 78 69 67 68 71 78 82 75 68 70 69 61 44 37 48 60 70 85 104
69 74 85 88 77 68 73 85 92 99 106 109 113 114 109 102 95 90 85 82 82 86 93 100 109 120 130 130 119 109 100 87 78 76 84 94 111 125 120 97 74 62 58 51 47 46 42 37 39 42 45 47 47 49 56 61 62 62 63 63 63 64 62 56 54 59 65 69 72 75 78 84 94 106 117 123 110 89 80 75 75 77 77 74 68 69 72 63 47 35 31 40 49 59 69 82
55 70 86 94 90 80 76 78 84 96 109 113 112 109 105 100 97 95 97 94 86 81 81 88 98 110 121 130 126 121 117 102 87 80 81 86 96 104 102 82 64 58 54 48 46 46 42 41 43 46 48 53 59 63 66 64 62 62 63 64 65 66 63 56 54 57 61 64 66 69 72 75 82 95 109 119 110 94 89 88 87 84 80 78 79 82 76 57 41 34 35 45 56 64 71 75
36 68 81 92 102 103 95 86 86 91 99 109 110 103 102 100 99 99 105 110 100 87 80 80 85 94 105 117 121 122 123 118 104 91 84 81 83 82 71 55 52 52 49 46 45 44 43 44 46 48 50 59 70 80 81 73 65 65 65 65 67 67 64 61 61 62 61 60 60 63 65 66 73 82 96 101 93 86 87 94 94 86 83 87 88 83 68 44 31 32 42 56 69 78 81 80
37 70 77 85 100 106 107 107 99 93 93 98 102 99 100 102 102 103 107 113 110 102 93 86 84 85 86 93 106 116 122 124 120 106 90 81 74 63 49 42 45 48 47 45 44 43 44 47 48 50 55 65 75 84 93 88 74 71 70 70 70 69 69 70 72 75 74 71 66 62 61 64 71 76 78 76 75 74 80 88 92 85 86 91 88 75 55 29 21 30 45 58 70 79 83 82
76 81 79 79 87 97 106 112 110 105 95 89 91 99 100 101 101 103 105 107 108 108 105 99 93 89 85 84 91 103 112 120 125 118 96 81 67 52 41 39 44 48 47 46 44 44 46 48 49 53 63 72 78 85 92 99 90 80 77 78 77 74 73 76 77 81 85 85 80 73 66 67 72 74 71 65 66 69 76 81 82 84 88 88 76 66 46 19 13 28 43 55 66 74 80 84
90 96 94 81 78 85 96 105 111 114 101 92 93 99 98 96 97 98 96 96 101 105 107 105 100 99 99 95 91 92 97 105 116 116 96 76 61 47 39 40 44 46 47 46 46 47 48 49 51 59 68 76 82 86 90 101 108 95 87 88 87 80 76 76 78 82 87 89 88 87 82 75 73 73 70 65 67 72 76 76 77 85 87 72 61 56 37 14 10 29 45 56 65 73 80 84
93 102 111 99 83 80 84 93 104 113 107 104 102 100 96 93 92 90 84 84 90 96 99 101 101 102 107 108 103 97 91 90 95 100 83 68 56 45 40 41 44 45 45 46 48 49 50 51 58 66 72 77 84 88 92 103 120 117 103 96 93 88 81 77 78 82 84 86 88 91 92 89 80 74 70 65 69 81 81 74 77 82 74 60 55 50 31 12 15 37 55 63 68 73 79 82
94 101 114 117 107 91 82 84 93 107 113 111 106 102 99 96 92 87 82 79 79 80 82 85 92 99 103 106 108 110 101 86 79 72 65 60 52 44 41 41 43 44 45 47 49 50 51 55 64 70 73 78 84 90 95 105 125 134 119 105 99 95 90 86 84 83 82 82 84 85 88 88 83 77 70 64 69 80 84 77 76 69 57 56 52 46 29 14 24 46 61 70 73 74 75 78
90 95 106 116 119 112 99 88 91 103 112 109 100 99 104 102 93 89 88 85 80 75 71 68 74 86 95 100 104 109 106 87 72 59 54 54 50 45 41 40 41 45 47 49 51 52 53 60 67 70 73 78 83 88 96 107 125 141 133 117 109 104 101 99 96 92 88 85 84 84 84 81 76 71 66 65 72 78 77 76 69 51 49 52 50 45 29 20 31 49 63 71 73 72 74 78
81 82 90 103 113 121 121 109 101 101 101 96 91 94 101 105 99 90 89 91 88 81 72 68 68 72 82 93 96 94 93 81 68 57 51 52 49 44 40 39 42 47 50 52 54 56 59 65 69 70 73 77 81 87 97 109 121 140 144 134 123 114 110 107 106 103 98 93 91 91 90 83 73 65 63 70 80 79 70 67 57 43 47 51 51 45 30 26 35 48 60 68 69 69 77 83
74 74 74 83 100 119 132 119 107 100 92 87 84 87 93 101 103 94 88 88 90 87 81 78 74 71 72 78 82 78 71 67 62 55 52 51 48 44 40 41 44 50 54 54 56 61 67 70 70 70 72 75 79 86 96 107 118 133 147 148 142 126 117 114 113 110 105 99 96 95 97 96 84 72 70 77 81 75 63 59 48 40 48 54 54 46 37 37 39 49 56 61 65 71 83 91
80 77 74 77 86 101 122 116 106 101 94 86 78 76 82 91 99 101 96 89 86 85 86 86 82 76 70 65 68 66 56 54 55 54 53 50 48 45 43 44 47 53 57 56 58 65 71 74 72 72 73 74 78 85 93 104 116 127 141 153 158 144 126 119 116 114 109 105 101 99 99 101 99 90 86 83 77 63 54 52 44 41 49 55 54 50 50 53 56 59 56 55 61 74 89 98
86 88 88 84 79 81 97 110 108 101 92 87 78 71 70 75 86 98 100 93 86 85 88 90 86 78 70 63 54 50 46 44 47 51 51 48 48 46 45 48 52 57 60 61 64 69 73 75 77 77 77 78 79 83 89 99 111 122 135 149 164 160 139 125 119 117 115 111 108 104 99 96 101 104 101 90 76 59 48 42 41 44 49 54 54 53 55 59 63 64 58 54 62 79 90 94
88 93 96 92 81 77 90 106 107 96 87 85 82 74 67 64 69 76 84 88 89 89 89 90 88 81 73 65 52 42 39 40 45 48 48 48 49 47 49 53 58 61 63 66 71 73 73 76 79 82 84 84 82 82 87 95 106 119 130 141 161 166 151 136 124 120 119 116 112 105 98 92 101 108 107 95 79 61 46 37 39 47 52 56 57 59 62 66 66 64 61 60 70 81 84 76
92 96 98 95 90 87 94 98 97 87 83 81 81 81 72 64 59 56 55 63 75 84 86 86 89 88 81 69 57 44 38 41 45 47 48 50 51 51 54 59 63 66 67 72 78 80 78 78 80 85 90 91 86 83 87 95 105 115 123 131 151 165 159 146 133 125 122 120 114 106 98 96 105 110 107 96 80 62 45 37 41 49 57 62 65 66 71 76 79 75 75 79 82 82 80 68
94 98 103 100 102 104 97 89 80 79 80 79 77 77 78 71 61 52 47 47 54 62 68 71 77 84 83 72 59 45 41 42 45 47 50 52 54 54 58 64 69 71 74 78 84 89 87 82 81 85 90 93 91 87 89 96 104 110 116 126 143 162 165 154 140 129 124 122 117 109 102 104 111 111 106 95 79 60 45 43 47 54 62 67 69 69 71 78 86 89 92 94 90 84 77 66
91 95 102 107 112 110 97 79 67 70 74 73 73 73 76 75 67 58 51 49 52 53 51 50 56 63 68 63 54 47 44 45 46 50 53 57 60 61 64 70 73 76 82 86 86 89 94 92 87 86 89 93 96 94 92 95 101 108 115 125 140 160 166 158 144 132 126 123 119 113 109 110 113 112 107 95 78 58 46 50 58 66 73 75 73 70 69 75 84 93 97 96 90 80 69 53
81 82 93 107 111 107 91 73 63 60 64 66 67 68 68 66 64 60 56 56 58 56 50 47 50 51 50 49 50 49 47 47 49 53 57 63 68 72 75 78 82 86 91 94 92 92 97 103 100 94 93 96 100 101 95 94 100 109 114 120 133 155 162 156 148 136 129 126 122 118 115 115 114 112 108 96 79 63 54 56 65 81 91 87 80 74 71 75 83 93 98 92 84 76 63 48
72 77 86 98 102 94 80 70 62 55 52 53 56 57 56 54 54 53 52 58 62 60 52 50 53 52 47 45 48 50 49 49 51 55 60 67 73 78 83 88 93 97 99 100 102 103 105 109 112 107 102 100 101 101 96 97 103 109 109 111 120 144 152 147 146 140 133 130 127 122 120 118 117 113 107 98 92 85 75 69 80 95 102 98 88 85 83 81 84 88 91 85 78 73 63 51
