windninja/windninja_output/Output_2025-08-24_1200-1250_Google earth_Fire_150m_10min/merlingen_7.5mi_point_08-24-2025_1240_150m_vel.asc
ncols	158
nrows	163
xllcorner	391686.332397
yllcorner	5160024.123721
cellsize	150.000000
NODATA_value	-32768.000000
[rows 0 to 37 of 163, columns 0 to 83 of 158]
1.22 1.17 1.13 1.14 1.16 1.18 1.14 1.08 1.06 1.05 1.00 0.87 0.67 0.51 0.49 0.50 0.50 0.52 0.58 0.71 0.81 0.84 0.87 0.90 0.90 0.85 0.77 0.76 0.82 0.84 0.80 0.76 0.70 0.67 0.70 0.71 0.65 0.58 0.57 0.61 0.66 0.71 0.72 0.70 0.74 0.76 0.75 0.81 1.01 1.25 1.41 1.51 1.58 1.60 1.55 1.46 1.37 1.31 1.30 1.35 1.40 1.43 1.42 1.44 1.51 1.58 1.60 1.57 1.54 1.54 1.56 1.57 1.54 1.53 1.58 1.63 1.59 1.47 1.40 1.45 1.50 1.48 1.42 1.35
1.22 1.20 1.18 1.16 1.16 1.13 1.04 0.97 0.97 0.97 0.95 0.88 0.76 0.67 0.65 0.67 0.71 0.76 0.85 0.95 0.94 0.93 0.97 0.98 0.95 0.90 0.85 0.85 0.84 0.80 0.77 0.75 0.75 0.76 0.77 0.79 0.78 0.79 0.81 0.81 0.83 0.86 0.89 0.95 1.01 1.05 1.09 1.12 1.17 1.22 1.27 1.33 1.36 1.35 1.34 1.34 1.35 1.38 1.40 1.39 1.38 1.40 1.44 1.48 1.52 1.55 1.57 1.58 1.57 1.57 1.58 1.58 1.58 1.61 1.64 1.65 1.61 1.57 1.56 1.56 1.54 1.49 1.45 1.42
1.28 1.29 1.28 1.22 1.18 1.08 0.97 0.96 1.01 1.06 1.07 0.99 0.92 0.91 0.93 1.02 1.12 1.17 1.21 1.18 1.09 1.04 1.05 1.03 1.00 0.98 0.96 0.93 0.87 0.80 0.78 0.80 0.83 0.87 0.92 0.95 1.00 1.06 1.08 1.07 1.09 1.11 1.17 1.26 1.34 1.40 1.47 1.51 1.44 1.32 1.28 1.28 1.24 1.21 1.25 1.33 1.42 1.48 1.51 1.50 1.48 1.50 1.53 1.56 1.55 1.54 1.56 1.60 1.63 1.63 1.61 1.60 1.64 1.68 1.68 1.68 1.71 1.76 1.75 1.69 1.64 1.61 1.55 1.53
1.34 1.36 1.34 1.28 1.22 1.15 1.14 1.26 1.38 1.39 1.27 1.10 1.01 1.00 1.08 1.24 1.33 1.34 1.30 1.20 1.10 1.09 1.09 1.07 1.09 1.14 1.14 1.10 1.06 1.02 1.00 0.97 0.96 1.01 1.07 1.11 1.12 1.12 1.14 1.22 1.31 1.37 1.44 1.51 1.56 1.60 1.62 1.63 1.62 1.61 1.56 1.49 1.43 1.43 1.44 1.44 1.45 1.45 1.47 1.53 1.58 1.59 1.58 1.57 1.56 1.57 1.59 1.62 1.64 1.64 1.62 1.62 1.62 1.60 1.58 1.61 1.69 1.78 1.77 1.71 1.70 1.74 1.73 1.69
1.35 1.36 1.35 1.32 1.28 1.27 1.35 1.46 1.49 1.37 1.18 1.07 1.05 1.09 1.22 1.33 1.33 1.27 1.18 1.10 1.06 1.10 1.13 1.15 1.22 1.28 1.34 1.37 1.36 1.35 1.33 1.30 1.29 1.29 1.26 1.23 1.21 1.25 1.35 1.46 1.54 1.61 1.68 1.72 1.72 1.70 1.66 1.62 1.63 1.63 1.56 1.48 1.46 1.47 1.47 1.44 1.43 1.43 1.47 1.51 1.54 1.56 1.56 1.56 1.58 1.60 1.61 1.62 1.64 1.62 1.60 1.57 1.57 1.57 1.57 1.53 1.50 1.55 1.66 1.69 1.63 1.63 1.74 1.80
1.31 1.31 1.32 1.34 1.36 1.38 1.43 1.44 1.32 1.11 1.00 1.00 1.03 1.11 1.26 1.29 1.21 1.10 0.99 0.96 1.00 1.06 1.11 1.15 1.22 1.26 1.29 1.33 1.40 1.46 1.49 1.55 1.60 1.59 1.51 1.45 1.49 1.59 1.67 1.71 1.71 1.71 1.71 1.68 1.63 1.58 1.54 1.52 1.50 1.48 1.47 1.44 1.41 1.39 1.40 1.42 1.45 1.49 1.52 1.54 1.55 1.57 1.59 1.60 1.61 1.62 1.63 1.65 1.68 1.69 1.66 1.60 1.59 1.64 1.69 1.69 1.63 1.58 1.59 1.61 1.56 1.52 1.63 1.77
1.28 1.27 1.26 1.30 1.37 1.40 1.40 1.32 1.14 0.99 0.97 1.00 1.04 1.12 1.23 1.23 1.17 1.09 1.06 1.07 1.08 1.10 1.11 1.12 1.16 1.16 1.13 1.19 1.31 1.39 1.46 1.56 1.64 1.66 1.68 1.74 1.81 1.84 1.81 1.75 1.70 1.65 1.56 1.47 1.41 1.39 1.40 1.40 1.40 1.39 1.41 1.44 1.45 1.43 1.41 1.43 1.47 1.51 1.54 1.58 1.66 1.73 1.75 1.72 1.69 1.67 1.67 1.70 1.73 1.77 1.84 1.89 1.88 1.83 1.83 1.88 1.89 1.82 1.70 1.65 1.67 1.72 1.74 1.76
1.28 1.28 1.25 1.24 1.26 1.26 1.23 1.12 0.99 0.96 1.00 1.06 1.12 1.19 1.24 1.23 1.16 1.14 1.17 1.18 1.20 1.23 1.20 1.16 1.16 1.13 1.14 1.21 1.24 1.26 1.34 1.44 1.46 1.48 1.59 1.71 1.74 1.69 1.62 1.55 1.49 1.42 1.35 1.29 1.26 1.26 1.27 1.29 1.30 1.31 1.32 1.38 1.46 1.48 1.47 1.49 1.53 1.56 1.61 1.69 1.77 1.82 1.86 1.86 1.83 1.76 1.73 1.75 1.78 1.81 1.89 1.99 2.02 1.96 1.88 1.84 1.85 1.82 1.74 1.70 1.74 1.80 1.86 1.91
1.29 1.28 1.25 1.22 1.16 1.10 1.04 0.97 0.96 0.99 1.05 1.11 1.16 1.22 1.27 1.25 1.19 1.20 1.21 1.22 1.26 1.29 1.29 1.28 1.25 1.21 1.23 1.23 1.17 1.16 1.25 1.32 1.33 1.36 1.42 1.44 1.39 1.33 1.28 1.24 1.20 1.16 1.15 1.17 1.20 1.20 1.19 1.19 1.21 1.24 1.30 1.33 1.34 1.39 1.48 1.56 1.61 1.66 1.69 1.68 1.61 1.56 1.60 1.70 1.75 1.77 1.79 1.83 1.86 1.86 1.81 1.76 1.76 1.79 1.78 1.74 1.72 1.73 1.72 1.71 1.74 1.78 1.90 2.09
1.26 1.25 1.23 1.21 1.16 1.09 1.03 1.01 1.03 1.06 1.09 1.12 1.13 1.17 1.21 1.21 1.21 1.25 1.27 1.31 1.35 1.36 1.38 1.39 1.36 1.32 1.29 1.24 1.19 1.21 1.30 1.30 1.27 1.29 1.31 1.26 1.18 1.12 1.09 1.07 1.07 1.10 1.12 1.14 1.13 1.12 1.13 1.14 1.15 1.17 1.20 1.23 1.25 1.32 1.43 1.51 1.53 1.52 1.46 1.34 1.24 1.21 1.21 1.24 1.39 1.60 1.74 1.80 1.81 1.78 1.70 1.61 1.59 1.64 1.68 1.65 1.60 1.62 1.78 1.98 2.09 2.09 2.04 2.06
1.25 1.25 1.23 1.20 1.16 1.13 1.11 1.11 1.11 1.11 1.11 1.12 1.11 1.11 1.13 1.17 1.22 1.28 1.31 1.36 1.43 1.47 1.49 1.47 1.45 1.44 1.36 1.26 1.22 1.24 1.26 1.19 1.13 1.14 1.14 1.11 1.06 1.03 1.04 1.09 1.13 1.14 1.13 1.10 1.04 1.02 1.02 1.03 0.99 0.95 0.97 1.03 1.10 1.17 1.18 1.18 1.10 1.01 0.92 0.89 0.88 0.87 0.84 0.90 1.09 1.29 1.43 1.49 1.48 1.52 1.58 1.64 1.66 1.67 1.66 1.60 1.55 1.60 1.84 2.20 2.43 2.46 2.33 2.15
1.25 1.25 1.23 1.19 1.16 1.15 1.16 1.16 1.14 1.13 1.13 1.12 1.11 1.09 1.12 1.20 1.27 1.30 1.31 1.34 1.40 1.44 1.45 1.43 1.41 1.34 1.19 1.11 1.10 1.10 1.05 0.99 0.99 1.02 1.01 0.96 0.95 0.98 1.05 1.09 1.09 1.09 1.08 1.05 1.02 0.98 0.89 0.78 0.69 0.63 0.61 0.63 0.64 0.66 0.64 0.62 0.60 0.55 0.50 0.47 0.43 0.41 0.46 0.62 0.80 0.89 0.97 1.03 1.10 1.31 1.56 1.71 1.74 1.76 1.85 1.98 2.12 2.21 2.27 2.39 2.49 2.60 2.67 2.69
1.25 1.24 1.22 1.19 1.18 1.17 1.17 1.15 1.13 1.12 1.12 1.11 1.08 1.05 1.08 1.21 1.28 1.29 1.31 1.36 1.38 1.35 1.30 1.24 1.14 1.01 0.94 0.94 0.96 0.96 0.95 0.97 1.00 1.00 0.94 0.89 0.91 0.98 1.03 1.03 1.03 1.06 1.06 1.02 0.98 0.92 0.79 0.61 0.48 0.42 0.38 0.32 0.28 0.26 0.25 0.26 0.28 0.29 0.26 0.20 0.15 0.18 0.27 0.42 0.51 0.54 0.58 0.67 0.92 1.25 1.47 1.61 1.74 1.89 2.16 2.47 2.67 2.77 2.79 2.70 2.59 2.63 2.80 2.94
1.24 1.23 1.21 1.20 1.19 1.19 1.17 1.14 1.12 1.11 1.10 1.10 1.07 1.05 1.08 1.17 1.25 1.27 1.30 1.33 1.30 1.21 1.10 0.97 0.86 0.83 0.86 0.92 0.95 0.95 0.93 0.95 0.97 0.94 0.90 0.93 0.98 0.99 0.96 0.94 0.93 0.87 0.74 0.65 0.59 0.55 0.55 0.57 0.56 0.48 0.38 0.31 0.27 0.21 0.17 0.17 0.16 0.15 0.21 0.29 0.35 0.43 0.50 0.54 0.50 0.46 0.47 0.59 0.83 1.06 1.24 1.44 1.71 1.97 2.14 2.19 2.27 2.39 2.44 2.43 2.45 2.53 2.63 2.66
1.23 1.23 1.21 1.19 1.18 1.16 1.14 1.13 1.13 1.11 1.11 1.11 1.10 1.10 1.13 1.23 1.32 1.31 1.26 1.23 1.14 1.02 0.92 0.83 0.79 0.83 0.89 0.94 0.95 0.93 0.92 0.95 0.97 0.94 0.96 1.01 0.98 0.90 0.80 0.68 0.57 0.41 0.28 0.24 0.27 0.30 0.36 0.53 0.73 0.79 0.69 0.61 0.58 0.58 0.59 0.51 0.43 0.42 0.53 0.70 0.87 0.97 1.08 1.08 0.92 0.76 0.75 0.80 0.89 0.95 1.06 1.37 1.66 1.79 1.77 1.74 1.77 1.74 1.70 1.78 1.99 2.15 2.16 2.09
1.23 1.22 1.20 1.19 1.16 1.14 1.12 1.11 1.11 1.11 1.12 1.12 1.13 1.15 1.23 1.37 1.43 1.35 1.25 1.17 1.07 0.97 0.90 0.85 0.86 0.91 0.95 0.96 0.95 0.96 1.05 1.12 1.09 1.01 0.94 0.81 0.67 0.57 0.46 0.35 0.26 0.22 0.30 0.43 0.50 0.55 0.60 0.60 0.66 0.87 1.08 1.15 1.21 1.33 1.38 1.36 1.18 1.01 1.00 1.10 1.27 1.41 1.45 1.42 1.38 1.34 1.29 1.23 1.17 1.07 1.09 1.23 1.34 1.37 1.44 1.56 1.54 1.43 1.48 1.70 1.83 1.75 1.60 1.48
1.22 1.21 1.20 1.17 1.15 1.14 1.13 1.12 1.11 1.12 1.13 1.13 1.15 1.17 1.25 1.37 1.38 1.30 1.23 1.16 1.08 0.99 0.92 0.90 0.95 0.99 0.97 0.98 1.03 1.10 1.16 1.11 0.95 0.77 0.58 0.45 0.40 0.37 0.36 0.38 0.45 0.58 0.76 0.85 0.86 0.87 0.92 0.89 0.84 1.00 1.29 1.50 1.61 1.64 1.63 1.61 1.58 1.47 1.41 1.50 1.57 1.58 1.54 1.49 1.52 1.57 1.56 1.54 1.51 1.37 1.21 1.13 1.07 1.14 1.34 1.44 1.43 1.53 1.74 1.84 1.69 1.43 1.24 1.07
1.22 1.21 1.19 1.17 1.15 1.14 1.14 1.13 1.14 1.14 1.13 1.13 1.14 1.16 1.21 1.28 1.28 1.21 1.15 1.10 1.02 0.93 0.89 0.92 0.96 0.95 0.93 0.97 1.02 1.05 1.00 0.83 0.64 0.53 0.48 0.51 0.57 0.62 0.68 0.77 0.86 0.92 0.93 0.92 0.94 0.97 1.03 1.16 1.30 1.36 1.39 1.46 1.52 1.51 1.47 1.51 1.64 1.75 1.79 1.79 1.76 1.71 1.65 1.60 1.62 1.69 1.75 1.72 1.61 1.49 1.43 1.33 1.26 1.24 1.22 1.28 1.45 1.63 1.64 1.40 1.14 1.02 0.91 0.78
1.21 1.20 1.18 1.17 1.15 1.14 1.14 1.14 1.15 1.14 1.13 1.12 1.13 1.15 1.18 1.21 1.21 1.11 1.01 0.95 0.90 0.86 0.87 0.89 0.89 0.87 0.88 0.91 0.90 0.85 0.75 0.63 0.57 0.60 0.68 0.75 0.79 0.82 0.84 0.88 0.92 0.92 0.92 0.94 0.98 1.03 1.12 1.27 1.40 1.41 1.36 1.30 1.31 1.37 1.46 1.58 1.72 1.81 1.85 1.85 1.82 1.75 1.70 1.69 1.73 1.77 1.78 1.72 1.61 1.61 1.72 1.74 1.64 1.43 1.20 1.13 1.11 1.02 0.85 0.66 0.60 0.59 0.60 0.70
1.20 1.19 1.18 1.17 1.15 1.14 1.14 1.14 1.13 1.12 1.11 1.13 1.14 1.14 1.15 1.16 1.12 1.03 0.95 0.91 0.90 0.90 0.91 0.91 0.90 0.90 0.90 0.88 0.84 0.78 0.70 0.63 0.61 0.63 0.67 0.74 0.82 0.89 0.95 1.02 1.06 1.08 1.11 1.11 1.14 1.23 1.34 1.34 1.28 1.26 1.27 1.25 1.26 1.37 1.55 1.70 1.78 1.81 1.80 1.76 1.68 1.59 1.56 1.60 1.64 1.66 1.68 1.72 1.84 2.01 2.06 1.97 1.82 1.65 1.49 1.28 0.96 0.69 0.58 0.59 0.64 0.69 0.79 0.93
1.20 1.19 1.18 1.16 1.15 1.14 1.14 1.13 1.12 1.11 1.11 1.13 1.14 1.13 1.13 1.12 1.08 1.02 0.99 0.99 0.99 0.97 0.96 0.97 0.96 0.94 0.91 0.88 0.84 0.80 0.76 0.72 0.72 0.78 0.91 1.04 1.14 1.24 1.27 1.27 1.25 1.22 1.19 1.20 1.29 1.36 1.35 1.29 1.26 1.28 1.32 1.34 1.37 1.43 1.49 1.55 1.63 1.74 1.78 1.71 1.62 1.58 1.58 1.60 1.65 1.72 1.82 1.97 2.16 2.23 2.11 1.89 1.70 1.61 1.59 1.53 1.44 1.35 1.26 1.14 1.11 1.14 1.13 1.10
1.21 1.20 1.17 1.15 1.14 1.14 1.13 1.13 1.12 1.11 1.12 1.13 1.12 1.12 1.12 1.11 1.08 1.07 1.06 1.06 1.04 1.01 1.01 1.01 0.98 0.95 0.92 0.89 0.86 0.84 0.82 0.83 0.91 1.11 1.30 1.40 1.44 1.42 1.36 1.30 1.26 1.23 1.24 1.29 1.32 1.28 1.25 1.31 1.39 1.44 1.46 1.48 1.49 1.45 1.40 1.40 1.47 1.58 1.68 1.71 1.68 1.68 1.70 1.72 1.78 1.92 2.09 2.24 2.27 2.11 1.88 1.73 1.61 1.52 1.49 1.55 1.69 1.81 1.84 1.77 1.61 1.43 1.28 1.21
1.19 1.18 1.16 1.15 1.15 1.15 1.14 1.13 1.12 1.12 1.13 1.14 1.14 1.13 1.12 1.11 1.10 1.10 1.11 1.10 1.07 1.05 1.05 1.02 0.99 0.98 0.95 0.91 0.89 0.89 0.90 0.97 1.13 1.29 1.32 1.31 1.28 1.22 1.18 1.17 1.20 1.25 1.31 1.32 1.29 1.33 1.46 1.52 1.53 1.51 1.50 1.51 1.49 1.46 1.45 1.48 1.50 1.55 1.59 1.67 1.71 1.74 1.78 1.88 2.08 2.30 2.41 2.37 2.19 1.96 1.77 1.68 1.64 1.63 1.63 1.66 1.70 1.83 2.03 2.15 2.07 1.86 1.64 1.45
1.18 1.18 1.17 1.16 1.15 1.14 1.12 1.11 1.11 1.13 1.15 1.15 1.14 1.14 1.13 1.13 1.13 1.13 1.14 1.12 1.10 1.09 1.08 1.05 1.01 0.99 0.94 0.88 0.85 0.88 0.94 1.03 1.15 1.18 1.14 1.10 1.04 1.01 1.06 1.14 1.21 1.29 1.34 1.36 1.47 1.63 1.66 1.58 1.51 1.49 1.50 1.49 1.49 1.54 1.57 1.57 1.55 1.54 1.54 1.62 1.71 1.75 1.82 2.06 2.34 2.41 2.32 2.10 1.86 1.72 1.65 1.61 1.63 1.77 1.85 1.75 1.63 1.68 1.82 2.00 2.16 2.18 2.05 1.83
1.19 1.18 1.17 1.15 1.14 1.12 1.10 1.10 1.13 1.15 1.15 1.14 1.13 1.15 1.15 1.14 1.15 1.16 1.16 1.13 1.12 1.11 1.10 1.06 1.02 0.97 0.88 0.80 0.82 0.90 0.96 1.01 1.06 1.07 1.06 1.05 1.02 1.02 1.09 1.18 1.26 1.33 1.42 1.58 1.76 1.75 1.61 1.52 1.49 1.47 1.47 1.50 1.56 1.63 1.65 1.65 1.62 1.56 1.49 1.50 1.59 1.75 2.01 2.26 2.23 1.97 1.72 1.54 1.43 1.38 1.37 1.47 1.73 1.90 1.84 1.66 1.48 1.45 1.52 1.69 1.99 2.26 2.38 2.32
1.18 1.17 1.15 1.14 1.13 1.11 1.10 1.12 1.16 1.16 1.14 1.13 1.14 1.16 1.15 1.15 1.17 1.17 1.16 1.15 1.14 1.12 1.09 1.06 1.03 0.97 0.88 0.85 0.93 0.97 0.96 0.99 1.06 1.11 1.14 1.13 1.11 1.13 1.19 1.26 1.32 1.41 1.56 1.72 1.74 1.62 1.54 1.53 1.55 1.56 1.55 1.53 1.52 1.53 1.61 1.70 1.70 1.58 1.42 1.36 1.54 1.98 2.37 2.43 2.22 1.89 1.60 1.43 1.38 1.34 1.36 1.60 1.85 1.85 1.78 1.71 1.57 1.39 1.40 1.58 1.90 2.23 2.49 2.65
1.17 1.16 1.15 1.14 1.13 1.11 1.11 1.15 1.17 1.15 1.14 1.14 1.16 1.16 1.15 1.16 1.18 1.18 1.17 1.16 1.14 1.13 1.12 1.10 1.06 0.99 0.95 1.00 1.06 1.04 1.00 1.02 1.06 1.09 1.12 1.14 1.18 1.28 1.36 1.42 1.47 1.54 1.67 1.73 1.67 1.64 1.69 1.70 1.71 1.73 1.72 1.65 1.58 1.58 1.71 1.80 1.73 1.59 1.52 1.59 1.88 2.23 2.29 2.14 2.00 1.86 1.68 1.56 1.55 1.60 1.71 1.85 1.85 1.75 1.74 1.81 1.81 1.62 1.48 1.58 1.77 1.95 2.20 2.51
1.17 1.17 1.15 1.14 1.13 1.12 1.13 1.16 1.17 1.14 1.14 1.15 1.16 1.15 1.16 1.18 1.20 1.20 1.19 1.18 1.17 1.18 1.17 1.15 1.11 1.04 1.04 1.14 1.22 1.19 1.12 1.10 1.10 1.08 1.06 1.07 1.16 1.35 1.48 1.54 1.57 1.68 1.78 1.79 1.81 1.87 1.96 1.98 1.92 1.88 1.91 1.96 1.96 1.96 1.95 1.87 1.80 1.83 1.93 2.12 2.28 2.23 1.89 1.58 1.51 1.55 1.57 1.59 1.66 1.79 1.93 1.92 1.81 1.71 1.67 1.72 1.86 1.91 1.77 1.62 1.58 1.65 1.84 2.09
1.17 1.16 1.15 1.13 1.13 1.13 1.15 1.17 1.16 1.14 1.14 1.15 1.16 1.18 1.20 1.22 1.22 1.21 1.20 1.21 1.22 1.23 1.21 1.18 1.15 1.13 1.21 1.39 1.46 1.40 1.32 1.30 1.26 1.22 1.22 1.27 1.38 1.53 1.71 1.81 1.87 1.99 2.00 1.98 2.00 2.03 2.06 2.10 2.12 2.13 2.19 2.27 2.29 2.25 2.11 1.96 1.98 2.13 2.22 2.31 2.34 2.17 1.84 1.53 1.42 1.46 1.52 1.61 1.75 1.91 2.04 2.05 1.95 1.77 1.60 1.55 1.63 1.79 1.77 1.59 1.48 1.50 1.61 1.72
1.17 1.16 1.14 1.13 1.13 1.14 1.16 1.16 1.14 1.14 1.15 1.17 1.20 1.21 1.23 1.24 1.24 1.24 1.24 1.26 1.26 1.25 1.22 1.19 1.18 1.22 1.39 1.53 1.53 1.52 1.57 1.57 1.51 1.52 1.72 1.87 1.90 1.97 2.11 2.20 2.30 2.37 2.33 2.26 2.18 2.14 2.16 2.25 2.44 2.61 2.65 2.60 2.55 2.46 2.32 2.19 2.12 2.11 2.14 2.14 2.04 1.82 1.68 1.54 1.40 1.37 1.47 1.65 1.78 1.87 1.92 1.93 1.89 1.76 1.64 1.61 1.68 1.71 1.65 1.52 1.42 1.39 1.39 1.39
1.17 1.17 1.14 1.12 1.13 1.16 1.16 1.15 1.15 1.16 1.17 1.20 1.22 1.24 1.25 1.26 1.27 1.27 1.28 1.28 1.27 1.26 1.25 1.24 1.25 1.33 1.43 1.46 1.38 1.32 1.36 1.50 1.70 1.99 2.25 2.29 2.23 2.26 2.36 2.42 2.46 2.44 2.37 2.31 2.24 2.20 2.24 2.37 2.48 2.51 2.55 2.53 2.46 2.38 2.29 2.18 2.00 1.88 1.92 1.90 1.68 1.40 1.33 1.32 1.26 1.26 1.38 1.54 1.62 1.64 1.54 1.42 1.46 1.61 1.79 1.92 1.93 1.89 1.85 1.72 1.53 1.38 1.29 1.28
1.18 1.17 1.13 1.12 1.16 1.19 1.17 1.16 1.18 1.19 1.20 1.23 1.24 1.26 1.29 1.29 1.29 1.29 1.29 1.29 1.29 1.30 1.30 1.30 1.34 1.41 1.44 1.40 1.28 1.17 1.23 1.52 1.89 2.17 2.26 2.17 2.17 2.32 2.42 2.34 2.23 2.08 1.95 1.92 1.94 1.98 2.05 2.08 1.93 1.74 1.75 1.81 1.85 1.94 2.00 2.00 1.96 1.84 1.74 1.65 1.52 1.37 1.31 1.32 1.29 1.28 1.39 1.51 1.58 1.51 1.33 1.23 1.36 1.66 1.90 2.00 2.01 2.05 2.10 2.04 1.85 1.59 1.38 1.32
1.17 1.15 1.12 1.13 1.20 1.20 1.16 1.17 1.19 1.21 1.23 1.25 1.28 1.31 1.32 1.32 1.30 1.31 1.31 1.31 1.33 1.35 1.34 1.35 1.40 1.44 1.48 1.47 1.42 1.49 1.74 2.00 2.10 2.07 1.96 1.89 2.03 2.23 2.15 1.90 1.77 1.66 1.60 1.61 1.63 1.67 1.72 1.64 1.45 1.35 1.34 1.36 1.44 1.58 1.77 1.92 2.03 2.03 1.86 1.59 1.38 1.34 1.44 1.57 1.56 1.45 1.49 1.63 1.72 1.67 1.56 1.62 1.81 1.94 1.97 2.00 2.09 2.19 2.24 2.22 2.06 1.78 1.51 1.36
1.16 1.14 1.11 1.16 1.22 1.20 1.17 1.18 1.21 1.24 1.25 1.29 1.32 1.33 1.34 1.33 1.33 1.35 1.36 1.37 1.39 1.39 1.38 1.42 1.48 1.51 1.51 1.49 1.52 1.72 1.96 2.08 2.02 1.94 1.90 1.91 2.04 2.09 1.88 1.65 1.56 1.52 1.49 1.46 1.41 1.42 1.42 1.30 1.21 1.23 1.24 1.24 1.24 1.28 1.46 1.66 1.80 1.94 1.98 1.81 1.57 1.48 1.60 1.79 1.87 1.73 1.57 1.56 1.65 1.85 2.04 2.14 2.13 2.05 2.00 2.04 2.14 2.28 2.42 2.47 2.36 2.05 1.75 1.54
1.16 1.14 1.14 1.21 1.24 1.21 1.19 1.20 1.25 1.27 1.29 1.33 1.34 1.36 1.36 1.36 1.37 1.39 1.40 1.40 1.41 1.41 1.43 1.48 1.52 1.52 1.49 1.45 1.48 1.59 1.78 1.86 1.86 1.97 2.11 2.15 2.09 1.96 1.74 1.60 1.50 1.38 1.28 1.21 1.16 1.17 1.14 1.08 1.09 1.13 1.14 1.12 1.10 1.10 1.19 1.35 1.48 1.56 1.67 1.82 1.81 1.70 1.70 1.83 1.99 1.97 1.72 1.54 1.62 1.91 2.18 2.21 2.09 1.97 1.90 1.90 1.96 2.05 2.13 2.32 2.53 2.50 2.25 1.92
1.16 1.16 1.19 1.26 1.27 1.23 1.21 1.23 1.29 1.32 1.33 1.36 1.38 1.38 1.38 1.39 1.41 1.42 1.42 1.43 1.44 1.45 1.47 1.49 1.48 1.46 1.45 1.44 1.43 1.51 1.74 1.87 1.99 2.18 2.23 2.12 1.95 1.74 1.53 1.36 1.24 1.13 1.09 1.08 1.11 1.13 1.11 1.13 1.19 1.23 1.21 1.21 1.22 1.25 1.33 1.43 1.46 1.39 1.37 1.52 1.65 1.62 1.62 1.72 1.94 2.12 2.03 1.84 1.84 1.86 1.80 1.80 1.78 1.72 1.70 1.72 1.70 1.59 1.43 1.55 2.05 2.42 2.45 2.17
1.17 1.19 1.23 1.28 1.27 1.23 1.24 1.28 1.32 1.35 1.37 1.39 1.40 1.40 1.42 1.43 1.45 1.45 1.45 1.46 1.47 1.48 1.49 1.48 1.48 1.47 1.47 1.42 1.42 1.64 1.96 2.09 2.19 2.18 1.97 1.74 1.64 1.48 1.25 1.06 0.98 1.01 1.09 1.16 1.22 1.28 1.30 1.31 1.31 1.29 1.31 1.40 1.48 1.56 1.63 1.66 1.64 1.57 1.50 1.53 1.61 1.59 1.55 1.62 1.79 2.06 2.20 2.16 2.04 1.73 1.39 1.29 1.33 1.48 1.65 1.69 1.62 1.50 1.35 1.30 1.47 1.79 2.11 2.22
1.21 1.23 1.28 1.29 1.26 1.25 1.28 1.31 1.35 1.39 1.42 1.43 1.43 1.44 1.47 1.48 1.48 1.48 1.48 1.49 1.50 1.50 1.50 1.51 1.52 1.52 1.50 1.46 1.61 2.02 2.21 2.18 2.09 1.87 1.64 1.45 1.29 1.15 1.04 1.01 1.04 1.12 1.22 1.32 1.39 1.43 1.46 1.48 1.46 1.42 1.47 1.59 1.68 1.72 1.71 1.74 1.82 1.85 1.83 1.83 1.86 1.79 1.67 1.62 1.63 1.76 2.00 2.08 1.96 1.67 1.41 1.32 1.46 1.69 1.77 1.68 1.65 1.76 1.81 1.63 1.46 1.53 1.83 2.17
