windninja/windninja_output/Output_2025-08-24_1200-1250_Google earth_Fire_150m_10min/merlingen_7.5mi_point_08-24-2025_1250_150m_vel.asc
ncols	158
nrows	163
xllcorner	391686.332397
yllcorner	5160024.123721
cellsize	150.000000
NODATA_value	-32768.000000
[rows 114 to 151 of 163, columns 0 to 83 of 158]
2.82 3.03 3.27 3.43 3.63 3.64 3.48 3.42 3.44 3.57 3.89 4.61 4.66 4.13 4.61 4.96 3.24 0.96 0.91 2.27 4.04 6.25 6.95 5.05 4.19 4.49 4.39 4.06 3.98 4.06 5.29 7.90 9.48 10.03 9.61 7.59 5.79 4.67 3.45 2.55 2.28 2.86 3.72 3.73 2.59 1.60 1.36 1.29 1.19 1.15 1.04 0.74 0.45 1.19 2.07 2.49 2.52 2.78 3.43 3.89 3.75 3.52 3.80 4.19 3.95 3.85 4.17 4.34 4.28 3.92 3.49 3.45 3.53 3.47 3.70 4.08 4.00 3.64 3.36 3.51 3.84 3.56 2.77 2.34
2.54 2.97 3.44 3.54 3.64 3.69 3.68 3.51 3.35 3.50 3.97 4.40 4.20 4.12 5.09 5.61 3.73 0.97 0.36 1.34 2.91 4.85 6.47 6.65 5.88 5.03 4.53 4.42 4.92 4.19 4.04 6.59 9.73 11.13 9.92 7.53 5.68 4.55 3.58 2.69 2.57 3.36 3.89 3.69 2.82 1.90 1.46 1.21 1.08 1.03 0.97 0.86 0.47 0.63 1.70 2.37 2.51 2.62 3.11 3.71 3.77 3.57 3.75 4.20 4.15 3.84 4.01 4.31 4.41 4.24 3.98 3.91 3.96 3.71 3.50 3.91 4.26 4.04 3.52 3.39 3.89 3.89 3.18 2.68
2.20 2.79 3.43 3.62 3.65 3.62 3.66 3.68 3.72 3.89 4.31 4.09 3.43 3.68 5.29 6.32 4.30 1.09 0.08 0.68 2.12 3.49 4.85 6.36 6.82 5.99 4.77 4.74 5.75 4.64 3.52 5.37 8.81 11.36 10.56 7.75 5.60 4.12 3.65 3.27 3.17 3.73 3.80 3.57 3.10 2.09 1.27 0.92 0.89 0.86 0.82 0.85 0.68 0.18 1.20 2.15 2.51 2.57 2.87 3.45 3.64 3.58 3.77 4.14 4.21 3.92 3.95 4.25 4.44 4.43 4.29 4.28 4.49 4.47 3.86 3.67 4.06 4.33 3.93 3.47 3.80 4.00 3.32 2.83
1.99 2.60 3.31 3.60 3.67 3.57 3.41 3.57 4.06 4.55 4.78 3.83 2.69 3.02 5.26 6.90 4.91 1.39 0.28 0.53 1.51 2.65 3.59 4.94 6.33 6.73 5.70 5.38 6.51 5.15 3.61 4.40 6.91 10.37 10.75 7.86 5.35 3.75 3.73 3.99 3.82 3.78 3.59 3.55 3.31 2.22 1.23 0.88 0.87 0.84 0.74 0.76 0.77 0.34 0.65 1.86 2.50 2.60 2.77 3.20 3.41 3.45 3.76 4.17 4.24 3.99 3.98 4.22 4.41 4.50 4.46 4.46 4.73 5.11 4.96 4.25 3.87 4.21 4.33 3.95 3.95 4.06 3.37 2.78
1.89 2.38 3.16 3.61 3.69 3.54 3.27 3.41 4.04 4.70 5.18 4.04 2.33 2.54 4.74 7.13 6.20 2.38 0.87 1.02 1.25 2.06 2.92 3.73 4.76 5.90 5.79 5.90 6.78 6.22 4.80 4.45 5.71 9.13 10.16 8.66 6.37 4.23 4.19 4.47 4.04 3.76 3.60 3.60 3.42 2.62 1.60 1.09 0.92 0.81 0.63 0.58 0.76 0.60 0.29 1.48 2.38 2.66 2.78 3.07 3.25 3.22 3.51 4.06 4.26 4.14 4.11 4.31 4.48 4.53 4.47 4.43 4.63 5.18 5.67 5.39 4.48 4.22 4.42 4.37 4.36 4.25 3.51 2.81
1.83 2.18 2.99 3.67 3.68 3.40 3.33 3.53 4.05 4.41 5.09 4.64 2.51 2.35 3.98 6.57 7.29 4.14 1.53 1.37 1.54 1.88 2.59 3.40 4.14 4.68 4.88 5.26 6.21 6.57 6.37 5.88 6.79 8.80 9.25 8.93 7.79 5.70 5.10 4.99 4.53 4.19 4.00 3.89 3.63 3.04 2.07 1.36 0.98 0.69 0.42 0.34 0.70 0.74 0.35 1.10 2.17 2.67 2.82 3.05 3.22 3.11 3.23 3.66 3.93 4.10 4.13 4.28 4.59 4.68 4.47 4.29 4.38 4.82 5.59 6.07 5.65 4.91 4.67 4.60 4.58 4.44 3.76 3.04
1.71 2.03 2.86 3.80 3.82 3.33 3.50 3.85 4.21 4.09 4.54 5.02 3.09 2.20 3.37 5.83 7.65 5.98 2.62 1.60 1.76 2.01 2.58 3.42 4.17 4.57 4.77 5.00 5.74 6.66 7.35 7.24 7.55 8.32 8.45 8.41 7.80 6.84 5.63 5.00 5.20 5.15 4.90 4.57 4.10 3.48 2.65 1.81 1.10 0.68 0.38 0.11 0.61 0.82 0.59 0.85 1.95 2.61 2.79 3.03 3.26 3.12 3.19 3.42 3.40 3.62 3.64 3.53 4.08 4.64 4.58 4.24 4.13 4.33 4.99 5.89 6.35 6.00 5.44 5.10 4.81 4.58 3.97 3.31
1.53 1.89 2.72 3.72 4.08 3.75 4.00 4.48 4.58 3.86 4.05 5.39 3.82 1.96 2.81 5.21 7.68 7.12 4.01 2.07 1.83 2.22 2.77 3.53 4.40 4.79 4.86 5.21 6.57 7.89 8.03 7.88 7.94 7.84 8.27 8.11 7.25 7.10 5.45 4.27 4.82 5.45 5.83 5.27 4.58 3.98 3.25 2.31 1.35 0.90 0.56 0.26 0.55 0.89 0.80 0.76 1.85 2.58 2.76 3.02 3.26 3.12 3.20 3.45 3.40 3.62 3.58 2.86 2.90 3.89 4.35 4.26 4.09 3.98 4.22 5.01 6.07 6.67 6.54 6.01 5.42 4.95 4.25 3.60
1.30 1.78 2.52 3.18 3.86 4.22 4.71 5.39 5.43 4.12 3.96 5.79 4.49 1.85 2.08 4.07 7.21 7.91 5.09 2.93 2.18 2.48 2.98 3.63 4.62 4.93 5.02 5.86 7.85 8.92 8.03 7.88 8.09 7.40 8.04 8.06 6.87 7.06 5.63 3.83 3.79 4.76 6.25 6.15 5.06 4.37 3.64 2.50 1.60 1.20 0.89 0.55 0.57 0.96 0.91 0.75 1.72 2.57 2.80 3.11 3.25 3.14 3.26 3.48 3.65 4.18 4.29 3.28 2.53 2.74 3.51 3.92 4.03 3.89 3.71 3.98 4.91 6.16 6.95 7.00 6.50 5.77 4.76 4.01
1.15 1.66 2.33 2.55 3.06 3.83 4.54 5.54 6.33 5.40 4.80 6.43 5.04 1.80 1.66 3.12 5.89 8.10 6.83 4.49 3.42 3.06 3.20 3.83 4.68 5.03 5.20 6.57 9.32 9.64 7.55 7.36 7.74 7.01 7.68 8.00 6.58 6.76 6.42 4.06 3.11 3.80 5.68 6.90 6.08 4.90 3.89 2.58 1.72 1.39 1.19 0.89 0.75 1.07 1.00 0.81 1.51 2.48 2.75 3.01 3.23 3.28 3.43 3.53 3.69 4.36 4.84 4.37 3.17 2.39 2.65 3.30 3.62 3.68 3.49 3.32 3.66 4.74 6.05 6.97 7.34 7.01 5.84 4.65
1.22 1.69 2.24 2.24 2.54 3.37 3.98 4.86 6.26 6.21 6.36 7.21 4.78 1.92 1.73 2.73 4.41 6.91 8.01 6.70 5.13 4.24 3.77 4.09 4.63 4.95 5.50 8.04 11.15 9.56 6.36 6.66 7.40 6.84 7.28 7.88 6.53 6.16 6.50 4.67 3.09 2.99 4.28 6.68 7.28 5.90 4.39 2.95 1.82 1.55 1.48 1.26 1.06 1.22 1.20 1.12 1.59 2.55 2.90 2.74 2.99 3.49 3.62 3.62 3.85 4.34 4.78 5.01 4.50 3.05 2.50 2.93 3.18 3.15 3.16 2.95 2.83 3.41 4.55 5.61 6.64 7.53 7.19 5.68
1.32 1.79 2.23 2.16 2.38 3.11 3.66 4.29 5.61 6.06 6.98 8.14 5.73 2.51 2.14 2.69 3.45 4.77 6.84 8.04 7.89 6.31 4.98 4.66 5.19 5.82 7.73 11.44 11.28 7.51 4.87 5.97 7.27 6.67 6.72 7.71 6.70 5.73 6.16 5.15 3.43 2.61 3.08 5.52 7.55 7.03 5.23 3.36 2.04 1.70 1.64 1.50 1.37 1.44 1.48 1.51 1.99 2.92 3.48 3.05 2.96 3.53 3.73 3.76 4.11 4.50 4.64 4.96 5.18 4.51 3.39 3.19 3.26 2.98 2.80 2.64 2.42 2.50 3.15 3.97 4.74 6.39 7.58 6.97
1.27 1.78 2.27 2.11 2.25 2.88 3.48 4.05 4.87 5.48 6.62 8.65 7.81 4.08 3.21 3.02 2.91 3.48 4.84 6.88 8.40 8.70 6.87 5.99 7.57 9.51 10.56 10.81 8.17 4.93 3.96 5.32 7.12 6.53 6.29 7.41 6.94 5.67 5.50 5.09 3.83 2.62 2.51 4.22 6.95 7.65 6.09 3.97 2.51 1.97 1.84 1.64 1.56 1.66 1.70 1.68 2.03 2.94 3.75 3.61 3.35 3.61 3.76 3.84 4.23 4.61 4.71 4.84 5.16 5.22 4.82 4.32 3.86 3.31 2.91 2.61 2.33 2.22 2.44 2.95 3.51 4.72 6.43 7.18
1.17 1.72 2.32 2.07 2.08 2.65 3.39 4.07 4.34 4.75 5.71 7.89 8.82 7.13 5.49 3.77 2.67 3.18 4.31 5.66 7.54 9.20 8.83 7.83 8.66 9.77 9.06 6.92 5.16 3.93 3.47 4.62 6.64 6.59 6.34 7.08 6.99 6.00 5.05 4.74 4.07 2.91 2.49 3.22 5.77 7.66 6.65 4.41 2.98 2.30 2.08 1.88 1.73 1.82 1.85 1.79 1.95 2.76 3.61 3.74 3.65 3.75 3.81 3.95 4.31 4.63 4.75 4.84 5.00 5.18 5.44 5.42 4.80 4.02 3.43 2.97 2.44 2.25 2.39 2.50 2.85 3.73 4.77 5.88
1.12 1.67 2.33 2.11 1.95 2.39 3.23 4.00 4.13 4.13 4.57 6.16 8.13 8.90 8.16 5.20 3.44 3.86 5.17 7.94 9.22 9.12 9.01 8.16 8.22 8.33 7.08 5.43 4.18 3.52 3.48 4.26 5.71 6.25 6.62 7.16 7.07 6.20 4.99 4.61 4.20 3.44 2.93 2.89 4.51 7.08 7.03 4.71 3.31 2.70 2.28 2.09 2.02 2.07 2.05 1.99 2.06 2.69 3.51 3.75 3.78 3.88 3.95 4.14 4.43 4.68 4.78 4.86 4.99 5.09 5.47 5.98 5.79 4.86 4.08 3.58 2.84 2.48 2.55 2.54 2.58 2.95 3.60 4.43
1.11 1.64 2.35 2.17 1.92 2.33 3.01 3.71 3.89 3.73 3.77 4.52 6.01 7.85 8.96 8.50 6.09 5.79 8.52 11.08 9.59 7.55 7.88 8.23 8.61 8.68 7.27 5.24 3.93 3.61 3.79 3.98 4.44 5.06 6.25 7.66 7.70 6.28 5.13 4.82 4.46 4.00 3.56 3.29 3.80 5.79 6.70 5.21 3.90 3.27 2.67 2.35 2.23 2.26 2.21 2.14 2.24 2.81 3.54 3.81 3.87 3.97 4.09 4.30 4.54 4.76 4.82 4.87 4.98 5.13 5.47 6.10 6.46 5.91 4.92 4.32 3.57 2.79 2.66 2.79 2.78 2.67 2.71 3.23
1.11 1.64 2.45 2.33 1.99 2.51 3.17 3.58 3.66 3.47 3.38 3.52 4.12 5.34 7.16 9.08 9.55 10.14 11.44 10.41 7.16 5.89 6.47 7.91 9.34 9.45 7.38 5.11 4.32 4.07 3.95 3.63 3.38 3.74 4.83 7.05 8.48 7.34 5.63 5.17 4.89 4.48 4.23 3.96 3.84 4.32 5.38 5.04 4.43 3.77 3.04 2.70 2.46 2.38 2.27 2.15 2.29 2.92 3.62 3.93 3.93 3.98 4.19 4.39 4.60 4.81 4.89 4.88 4.93 5.13 5.50 6.04 6.56 6.64 6.09 5.37 4.44 3.28 2.93 3.03 2.96 2.81 2.56 2.41
1.12 1.61 2.47 2.59 2.25 2.69 3.32 3.75 3.89 3.58 3.27 3.17 3.39 4.25 5.58 7.65 11.26 13.29 11.57 7.68 6.04 5.67 5.77 6.76 9.30 10.08 6.92 5.29 4.99 4.34 3.97 3.62 3.17 2.93 3.59 5.33 7.74 8.48 7.03 5.87 5.52 5.03 4.77 4.54 3.94 3.29 3.31 3.94 4.41 3.98 3.19 2.91 2.72 2.53 2.37 2.20 2.26 2.86 3.61 3.99 4.02 3.99 4.09 4.39 4.61 4.80 4.96 4.90 4.88 5.04 5.48 6.03 6.39 6.76 6.81 6.48 5.52 3.95 3.30 3.39 3.31 2.97 2.51 2.21
1.17 1.57 2.27 2.70 2.73 2.83 3.08 3.72 4.46 4.16 3.34 3.07 3.25 3.99 5.45 7.36 12.05 14.50 10.88 7.18 6.28 5.81 5.67 6.15 8.38 10.15 8.15 5.88 5.45 4.57 3.94 3.56 3.03 2.67 3.13 4.18 5.88 7.80 7.93 7.31 6.70 5.73 5.20 4.92 3.89 2.35 1.74 2.58 3.81 3.89 3.23 3.00 2.85 2.66 2.51 2.38 2.41 2.91 3.63 4.00 4.15 4.23 4.03 4.27 4.61 4.74 4.94 4.91 4.78 4.91 5.37 5.90 6.22 6.75 7.06 7.05 6.61 4.85 3.70 3.94 3.78 3.03 2.41 2.19
1.28 1.61 2.09 2.59 3.15 3.06 2.73 3.17 4.46 5.06 4.07 3.26 3.41 4.42 5.77 8.26 12.95 14.23 11.54 8.20 6.75 6.08 5.90 6.11 7.06 8.98 9.19 7.25 5.88 4.89 4.08 3.55 2.96 2.96 3.30 3.84 4.86 6.20 7.10 7.97 7.94 6.52 5.68 5.35 4.05 2.36 1.60 1.89 3.05 3.54 3.20 2.96 2.85 2.74 2.66 2.60 2.65 3.09 3.76 4.14 4.40 4.56 4.29 4.32 4.69 4.78 4.93 4.92 4.65 4.73 5.19 5.63 5.90 6.53 7.29 7.65 7.42 5.61 4.06 4.28 4.27 3.18 2.27 2.09
1.42 1.76 2.08 2.52 3.29 3.24 2.76 2.83 3.54 4.93 5.11 3.96 4.19 5.44 7.62 11.73 13.87 13.13 11.17 9.43 7.53 5.98 5.70 5.57 5.27 6.51 8.87 9.07 7.12 5.46 4.46 3.85 3.39 3.45 3.57 3.65 4.25 4.93 5.99 7.75 8.41 7.21 6.19 5.61 4.26 3.24 2.44 2.09 2.72 3.38 3.33 3.03 2.87 2.80 2.73 2.72 2.84 3.26 3.78 4.14 4.54 4.69 4.54 4.54 4.82 4.99 5.05 5.10 4.78 4.48 4.78 5.30 5.58 5.94 7.06 8.24 8.32 6.55 4.54 4.36 4.47 3.61 2.37 1.90
1.48 1.95 2.28 2.58 3.23 3.35 3.07 3.03 3.11 4.05 5.05 4.77 4.81 6.95 11.82 14.31 13.10 11.43 10.30 9.80 8.57 5.97 5.11 4.78 4.16 4.60 6.95 9.30 8.97 6.70 4.96 4.29 4.03 3.82 3.72 3.66 3.61 3.96 5.60 7.66 8.10 7.40 6.65 5.39 4.41 3.99 3.29 2.70 2.89 3.42 3.52 3.29 3.04 2.88 2.76 2.73 2.93 3.41 3.80 4.11 4.50 4.67 4.66 4.71 4.92 5.20 5.24 5.42 5.44 4.71 4.26 4.67 5.13 5.37 6.39 8.10 8.93 7.96 5.51 4.62 4.42 3.71 2.85 2.19
1.22 1.99 2.64 2.67 3.17 3.36 3.29 3.30 3.31 3.84 4.51 4.92 5.00 8.28 14.35 14.17 11.14 10.39 9.63 9.48 8.80 6.53 5.06 4.64 4.10 4.08 5.41 8.05 9.57 8.34 5.91 4.78 4.61 4.18 3.95 3.88 3.39 3.39 5.59 7.79 7.40 7.01 6.68 5.00 4.40 4.29 3.76 3.08 3.02 3.36 3.49 3.39 3.20 3.01 2.86 2.77 2.98 3.53 3.90 4.20 4.50 4.64 4.76 4.82 5.00 5.35 5.43 5.69 6.26 5.69 4.45 4.06 4.34 4.55 5.37 7.25 8.84 8.92 7.42 5.53 4.46 3.68 3.15 2.78
0.82 1.68 2.75 2.96 3.33 3.45 3.26 3.29 3.59 4.07 4.44 5.04 5.40 9.75 15.07 13.34 10.60 9.80 8.80 8.81 8.58 6.95 5.56 5.03 4.28 4.00 4.70 6.89 9.04 8.96 6.94 5.62 5.23 4.76 4.40 3.95 3.34 3.11 5.46 7.83 6.93 6.09 5.84 4.88 4.39 4.35 3.94 3.31 3.17 3.38 3.44 3.38 3.27 3.10 2.91 2.83 3.06 3.63 3.91 4.17 4.48 4.66 4.86 4.87 5.01 5.42 5.64 5.93 6.70 6.84 5.47 4.23 4.01 3.90 3.85 5.40 7.76 8.86 8.70 7.67 5.55 3.88 3.39 3.24
0.82 1.38 2.30 3.08 3.75 3.70 3.22 3.13 3.54 4.17 4.86 5.59 6.93 12.66 15.39 12.59 10.15 8.93 7.82 8.31 8.63 7.33 6.14 5.47 4.58 4.22 4.64 6.29 7.96 8.14 7.58 7.03 6.16 5.36 4.98 4.04 3.14 3.17 5.15 7.54 6.65 4.96 4.76 4.58 4.38 4.51 4.23 3.61 3.42 3.50 3.51 3.47 3.35 3.20 3.00 2.89 3.16 3.63 3.87 4.09 4.35 4.61 4.90 4.92 5.05 5.46 5.84 6.27 6.88 7.42 6.88 5.30 4.39 3.99 3.52 3.72 5.81 7.60 8.34 8.81 7.70 4.83 4.01 3.53
1.28 1.47 1.80 2.71 3.85 4.09 3.62 3.39 3.61 4.16 5.18 6.78 10.89 15.42 14.61 10.80 9.27 8.48 7.82 8.44 8.92 7.86 6.62 5.70 4.95 4.72 5.02 5.82 6.67 6.49 6.56 7.75 7.62 6.10 5.62 4.41 3.20 3.61 5.02 6.64 5.79 4.32 4.21 4.14 4.17 4.49 4.39 3.91 3.69 3.65 3.60 3.59 3.49 3.40 3.26 3.09 3.26 3.58 3.83 4.07 4.23 4.51 4.76 4.83 5.19 5.69 6.07 6.62 7.10 7.53 7.73 6.91 5.24 4.19 3.70 3.47 4.25 5.98 6.90 8.20 8.56 6.75 5.16 3.78
1.61 1.73 1.93 2.42 3.10 3.93 4.38 4.17 4.00 4.84 5.83 8.61 14.88 15.77 11.19 8.71 8.58 8.11 7.45 8.55 9.53 8.54 7.06 6.03 5.40 5.32 5.41 5.49 5.72 5.29 5.14 7.08 8.15 7.45 6.72 5.12 3.63 3.80 4.37 4.93 4.61 4.20 4.17 3.92 3.94 4.27 4.30 4.04 3.90 3.82 3.73 3.62 3.43 3.43 3.52 3.39 3.34 3.53 3.84 4.05 4.19 4.46 4.50 4.48 5.11 6.00 6.51 6.98 7.35 7.73 8.13 7.98 6.48 4.70 3.95 3.36 3.40 4.83 5.83 6.95 8.16 7.63 5.83 4.14
1.45 2.10 2.64 2.43 2.35 2.99 4.36 4.69 4.87 6.46 7.71 12.42 16.37 12.65 8.15 7.74 7.86 7.74 7.09 7.93 9.42 9.30 8.00 6.78 6.02 5.81 5.66 5.29 5.16 4.83 4.75 5.92 7.20 8.05 7.98 6.08 4.09 3.63 3.29 3.22 3.77 4.13 4.18 3.94 3.88 4.10 4.18 4.12 4.06 4.00 3.95 3.85 3.43 3.15 3.44 3.49 3.40 3.56 3.87 4.08 4.23 4.43 4.29 4.04 4.59 5.76 6.70 7.27 7.70 8.24 8.50 8.61 7.95 6.03 4.33 2.94 2.76 4.23 5.51 6.38 7.74 7.79 5.95 4.25
1.00 2.29 3.40 2.72 2.41 2.86 3.64 4.36 5.66 7.43 10.16 15.73 15.90 8.99 7.07 7.35 7.53 8.09 7.91 7.73 8.24 8.76 8.66 8.17 7.20 6.30 5.64 4.93 4.79 4.84 4.90 5.33 6.09 7.52 8.54 7.09 4.61 3.53 2.97 2.84 3.58 4.25 4.36 4.21 4.10 4.13 4.17 4.21 4.24 4.21 4.21 4.39 4.12 3.28 3.04 3.05 3.19 3.53 3.76 4.05 4.32 4.37 4.11 3.71 3.89 4.80 5.84 6.65 7.49 8.45 8.88 8.99 9.19 7.95 4.60 2.45 2.47 4.19 5.89 6.94 7.47 7.42 6.31 4.48
0.62 2.07 3.72 3.49 2.98 3.20 3.72 4.32 5.74 7.12 11.93 16.01 12.82 8.02 7.22 7.26 7.68 8.76 8.76 7.41 7.00 7.53 8.25 8.76 8.17 7.13 6.24 5.34 4.90 5.11 5.31 5.64 5.66 6.34 8.21 7.63 5.10 3.68 3.23 3.24 3.70 4.32 4.53 4.48 4.38 4.31 4.31 4.35 4.38 4.40 4.49 4.95 5.08 4.21 3.11 2.31 2.66 3.37 3.56 3.86 4.23 4.28 4.04 3.66 3.67 4.24 4.81 5.34 6.12 7.46 8.55 9.09 9.86 9.17 5.66 2.71 2.76 4.19 6.49 7.53 6.62 6.62 6.68 4.72
0.80 1.79 3.34 4.10 3.80 3.76 4.25 4.92 5.93 6.49 10.94 16.38 12.96 8.28 7.56 7.25 7.98 9.32 8.71 6.63 6.50 7.10 7.78 8.46 8.09 7.13 6.51 6.40 5.88 5.47 5.62 5.94 5.32 5.29 7.36 7.09 4.98 3.79 3.45 3.56 3.84 4.26 4.53 4.60 4.52 4.48 4.50 4.53 4.54 4.67 4.96 5.43 5.75 5.26 3.58 1.97 2.16 3.00 3.45 3.76 3.96 4.08 4.09 3.86 3.77 4.36 4.93 5.04 5.19 5.77 7.03 8.68 10.19 9.90 6.97 4.00 3.19 4.06 6.84 7.86 6.22 6.41 6.63 4.38
1.67 2.04 2.71 3.67 4.38 4.80 5.29 5.79 6.45 6.52 9.22 16.34 15.21 8.78 7.37 7.11 8.13 9.24 7.76 6.51 6.80 7.21 7.69 7.88 7.40 6.74 6.36 6.65 6.51 5.94 5.95 5.90 4.81 4.63 6.00 5.82 4.59 3.73 3.50 3.72 4.03 4.33 4.57 4.69 4.65 4.61 4.64 4.64 4.72 5.07 5.57 5.98 6.32 5.87 4.09 2.31 2.00 2.46 3.33 3.87 3.68 3.67 4.03 4.07 3.97 4.63 5.32 5.13 5.03 5.30 5.64 7.27 9.95 10.26 7.71 5.18 3.87 3.98 6.62 7.96 6.94 6.92 6.18 3.70
3.02 2.84 2.64 2.80 3.85 5.22 6.24 7.05 7.52 6.94 9.78 16.05 14.55 8.41 6.87 7.01 8.03 8.64 7.51 7.02 7.25 7.35 7.65 7.41 6.97 6.95 6.71 6.55 6.40 5.84 6.08 6.28 4.84 3.86 4.34 4.87 4.30 3.70 3.49 3.69 4.09 4.41 4.68 4.86 4.86 4.77 4.78 4.77 4.97 5.46 6.00 6.61 7.00 6.24 4.71 3.25 2.33 2.36 3.34 3.95 3.50 3.25 3.67 4.00 4.22 4.93 5.54 5.32 5.22 5.51 5.59 6.30 8.78 10.09 8.20 6.01 5.02 4.64 5.55 7.31 7.85 7.09 5.36 4.09
4.59 3.75 2.81 2.71 3.30 4.49 5.89 8.03 9.01 9.22 13.32 15.59 11.45 7.15 6.35 6.77 7.94 8.04 7.35 7.55 7.94 7.84 7.68 7.41 7.18 7.34 6.97 6.55 6.40 5.44 5.24 6.36 5.45 3.60 3.67 4.46 4.31 3.83 3.64 3.74 4.11 4.46 4.71 4.98 5.13 5.00 4.91 5.03 5.45 5.83 6.32 7.27 7.75 6.70 5.34 4.15 3.01 2.86 3.32 3.77 3.37 3.03 3.32 3.69 4.17 4.87 5.44 5.49 5.51 5.77 5.98 6.31 7.80 9.29 8.18 6.56 6.38 5.99 5.03 6.12 7.78 6.87 5.81 4.83
5.60 4.51 3.15 3.13 3.58 4.09 4.73 7.01 10.48 12.86 14.27 12.48 8.59 6.64 5.86 6.23 7.47 7.66 7.01 7.29 8.09 8.29 8.20 8.54 8.69 7.92 7.17 6.71 6.30 4.93 4.15 5.38 5.43 3.96 3.65 4.28 4.42 4.05 3.82 3.86 4.16 4.50 4.66 4.90 5.23 5.21 5.09 5.46 5.94 6.15 6.69 7.86 8.43 7.53 6.19 5.12 3.97 3.36 3.39 3.52 3.18 2.99 3.29 3.66 4.01 4.56 5.14 5.48 5.56 5.81 6.12 6.14 7.14 8.41 8.08 7.05 7.16 6.80 5.22 5.88 7.26 7.42 7.46 6.17
5.34 5.09 4.22 3.84 4.09 4.52 4.74 6.32 12.03 14.52 12.47 9.50 8.04 6.77 5.86 5.83 6.67 7.30 7.03 6.84 7.23 7.57 7.45 8.47 10.16 10.20 8.30 6.72 5.75 4.62 3.41 3.96 4.82 4.13 3.73 4.10 4.43 4.32 4.11 4.05 4.23 4.60 4.72 4.80 5.12 5.26 5.23 5.74 6.20 6.35 7.08 8.34 9.00 8.64 7.54 6.04 4.67 3.75 3.63 3.41 3.03 3.11 3.46 3.83 4.15 4.55 5.00 5.32 5.56 5.95 6.05 5.58 5.89 7.23 7.91 7.84 7.81 6.71 5.10 5.81 6.73 7.29 8.49 8.04
4.03 4.87 5.40 5.11 5.55 5.49 4.87 7.10 13.94 15.25 10.85 8.87 8.27 7.03 6.24 5.79 5.85 6.48 7.18 7.00 6.50 6.32 5.94 6.88 9.60 11.73 10.90 7.11 5.31 4.61 3.31 3.34 4.15 4.20 3.91 3.93 4.28 4.40 4.36 4.31 4.37 4.71 4.88 4.82 5.09 5.46 5.49 5.73 6.18 6.52 7.24 8.59 9.58 9.80 8.93 6.83 5.23 4.28 3.86 3.64 3.20 3.24 3.69 4.10 4.47 4.62 4.86 5.11 5.54 6.33 6.34 4.97 4.11 5.17 6.92 8.59 8.55 6.12 4.34 5.26 5.72 6.00 7.99 9.34
2.83 3.89 5.21 6.18 7.20 6.15 4.73 7.91 14.90 14.43 9.14 8.31 8.62 7.91 6.95 6.13 5.51 5.78 6.65 6.89 6.29 5.66 5.25 5.93 8.01 11.30 12.84 9.43 5.41 4.49 3.81 3.49 3.82 4.13 4.08 3.84 4.00 4.21 4.32 4.43 4.55 4.86 5.00 4.84 5.08 5.86 6.12 5.67 5.86 6.55 7.18 8.42 10.01 10.76 10.03 7.74 5.85 4.74 4.16 4.05 3.72 3.48 3.96 4.44 4.69 4.60 4.71 4.96 5.42 6.54 6.64 4.59 2.96 3.81 5.97 8.92 9.11 5.94 4.02 4.35 4.75 5.05 6.59 9.44
