windninja/windninja_output/Output_2025-08-24_1200-1250_Google earth_Fire_150m_10min/merlingen_7.5mi_point_08-24-2025_1220_150m_ang.asc
ncols	158
nrows	163
xllcorner	391686.332397
yllcorner	5160024.123721
cellsize	150.000000
NODATA_value	-32768.000000
[rows 0 to 47 of 163, columns 0 to 95 of 158]
13 11 9 7 8 9 9 9 8 9 10 10 12 15 18 23 27 24 20 18 11 7 9 12 15 17 17 14 13 15 17 18 20 19 18 21 25 26 26 23 21 21 23 23 23 24 26 21 13 11 12 12 12 14 15 16 16 16 16 15 14 14 15 13 12 12 13 14 15 14 13 13 14 13 12 12 14 16 14 12 12 13 14 15 16 14 12 14 14 12 13 12 11 12 13 15
14 12 8 7 7 9 11 10 9 9 8 9 10 13 17 20 19 14 12 11 7 3 5 11 16 18 16 13 13 16 18 18 19 18 17 20 22 21 19 18 17 18 19 18 18 18 18 16 11 10 12 12 14 16 17 17 16 16 15 15 14 14 14 13 12 12 14 15 15 14 13 13 13 12 11 13 15 16 13 11 13 14 14 16 17 14 11 13 15 14 13 13 12 12 12 14
13 11 8 7 7 9 12 12 9 6 4 5 8 11 15 16 14 10 9 8 7 1 359 7 16 18 16 14 15 18 19 19 18 16 16 16 17 16 16 15 14 13 13 13 13 12 12 12 11 10 10 12 15 18 18 16 15 14 15 15 14 12 12 12 12 12 14 15 16 14 13 13 12 11 11 13 14 15 13 12 13 15 15 16 16 12 9 12 15 15 14 12 11 11 10 10
7 9 9 8 8 9 8 7 4 3 3 5 7 9 11 13 11 10 10 11 10 4 359 2 11 15 15 15 14 16 17 17 16 14 13 13 14 15 15 12 11 10 10 10 10 10 10 12 13 11 10 12 14 16 15 14 14 14 14 14 13 12 12 12 12 12 13 15 16 15 14 13 12 12 13 12 12 14 15 14 12 15 16 14 14 12 8 8 11 12 13 12 9 8 8 6
1 5 9 9 8 7 4 2 2 4 7 7 6 8 8 10 12 12 13 15 13 7 360 358 3 9 12 13 12 13 14 15 14 12 11 12 13 13 11 9 7 7 7 8 8 9 10 12 12 13 13 14 14 15 15 15 14 14 13 13 13 12 12 13 12 12 12 15 16 16 15 14 13 13 13 13 12 13 16 16 13 14 16 13 13 13 7 3 4 7 9 10 7 4 4 2
359 1 6 8 8 6 2 1 2 7 10 8 5 5 6 9 13 16 17 18 16 10 0 354 357 2 8 11 11 11 12 13 12 12 12 11 10 8 7 7 6 6 6 8 10 11 12 13 13 14 16 16 16 16 17 16 14 13 12 12 13 12 12 12 12 12 12 14 16 16 16 16 14 12 12 14 14 13 14 17 17 14 13 12 13 14 9 1 357 359 2 4 4 2 0 0
1 1 2 5 5 5 4 3 6 9 8 6 4 4 6 9 13 17 18 16 16 12 2 352 351 357 4 7 9 9 10 10 11 12 12 10 8 7 7 8 8 7 9 10 12 13 14 14 14 15 16 17 17 17 17 16 14 12 11 11 10 10 11 12 13 12 12 13 15 14 15 15 13 10 11 12 14 14 14 17 18 13 10 11 13 15 12 3 355 351 351 354 359 360 360 0
3 2 1 1 2 4 6 8 9 8 6 3 2 2 6 9 12 15 16 15 15 13 7 357 349 352 359 2 4 7 8 8 10 12 12 9 8 9 10 11 11 12 13 14 14 14 15 15 15 16 16 16 16 17 17 15 13 12 10 8 8 8 10 12 13 13 12 12 14 13 12 13 13 12 11 12 15 17 17 17 16 12 9 10 12 13 12 7 360 351 345 347 352 356 359 358
3 3 3 1 1 4 7 10 9 6 3 360 358 360 5 9 10 12 14 15 14 13 10 3 355 351 355 359 2 6 6 6 9 11 11 10 11 13 15 15 16 17 16 16 15 15 15 16 15 15 16 16 16 17 17 15 12 10 9 8 8 8 9 12 15 15 12 11 12 13 12 13 15 15 14 14 16 19 19 17 15 11 6 5 6 7 8 6 2 357 354 353 353 354 355 354
3 4 4 3 3 5 6 8 7 4 2 358 356 356 2 8 9 9 10 12 12 12 10 6 1 354 353 359 2 3 4 5 7 10 12 13 14 16 18 19 19 18 17 16 16 16 16 16 15 14 16 17 16 15 16 14 12 11 12 13 14 12 10 12 15 14 12 10 12 15 16 16 16 16 16 16 18 19 16 14 12 10 5 1 0 1 2 1 359 359 0 359 355 355 355 354
4 4 4 4 5 5 5 5 5 3 1 359 355 355 359 5 7 7 7 8 10 11 10 8 5 360 357 359 2 2 4 6 8 10 14 16 17 18 19 19 18 18 17 18 19 19 17 18 19 17 18 19 17 16 17 18 18 19 21 23 22 19 14 12 12 11 11 11 13 18 19 17 15 15 17 20 21 16 8 6 8 10 8 2 357 355 356 355 356 360 3 0 356 357 358 357
4 4 4 5 5 5 4 4 4 3 1 360 357 355 357 0 3 5 5 5 6 8 10 10 7 5 4 3 3 4 6 9 10 11 15 18 20 19 18 17 18 19 19 20 21 22 21 24 29 29 27 26 26 27 30 33 34 34 36 38 40 38 26 12 7 7 10 12 14 16 16 16 15 14 15 16 15 11 4 1 4 8 9 4 358 355 355 355 355 359 2 1 358 358 358 358
4 4 4 5 5 4 4 4 4 3 2 1 359 357 356 356 357 1 3 3 3 6 10 12 12 13 11 8 6 7 8 10 10 11 15 19 19 17 17 18 19 20 20 21 24 26 29 35 42 44 43 46 51 57 62 60 54 51 53 60 65 61 48 19 0 2 6 8 5 6 10 14 14 10 7 7 7 7 4 2 3 5 5 3 360 358 359 359 358 359 2 3 1 358 358 0
4 4 4 4 4 4 4 4 4 3 2 1 360 359 358 356 353 354 358 1 2 6 11 16 18 17 14 10 8 8 9 10 10 11 15 17 17 17 18 19 21 24 28 33 37 39 39 39 42 45 48 50 53 61 72 78 73 63 56 53 50 42 30 19 8 1 354 341 338 348 2 9 9 4 1 1 3 4 6 5 3 2 1 2 3 3 2 3 3 2 3 7 7 4 3 6
4 4 4 4 4 4 4 4 4 3 2 1 360 359 0 359 355 351 353 358 3 8 13 18 19 17 13 11 10 11 12 10 9 11 12 14 17 20 23 27 34 43 52 57 56 53 48 37 33 37 39 37 35 38 41 44 42 35 30 29 28 22 15 13 14 11 0 344 324 322 342 357 360 0 0 0 1 5 9 7 1 358 360 3 7 7 6 9 12 10 10 16 21 19 16 16
4 4 4 4 4 4 4 4 3 3 2 1 359 357 358 359 358 357 355 357 3 8 13 16 17 14 10 11 12 11 10 9 9 11 13 18 27 34 39 46 54 55 51 47 41 38 36 31 28 30 29 24 20 19 21 24 25 18 13 16 17 15 12 12 14 13 6 359 350 330 324 336 348 357 0 0 3 8 9 4 358 358 2 6 11 15 17 20 23 24 24 28 30 29 27 23
4 4 4 4 4 4 3 3 3 2 1 0 358 355 353 355 359 1 1 0 3 6 10 13 14 12 10 10 10 9 8 10 14 21 29 38 44 47 46 45 41 34 29 29 28 26 26 26 22 18 19 17 14 14 17 21 24 18 10 10 12 13 13 11 12 13 10 4 0 353 335 324 330 343 352 358 4 7 4 1 2 5 8 14 22 30 35 40 38 27 21 20 22 23 22 22
4 4 4 4 4 3 3 3 2 2 1 360 358 355 352 351 356 1 3 4 5 7 10 11 11 13 12 9 8 9 11 17 25 32 36 36 33 31 28 27 25 22 23 25 26 24 22 20 16 12 12 13 14 16 18 21 21 18 10 8 12 14 14 11 9 11 11 7 5 2 353 341 336 336 341 351 358 1 2 6 13 16 18 26 36 43 45 42 32 16 10 15 19 19 19 21
3 3 3 3 3 3 3 2 2 2 1 0 359 356 353 351 354 359 4 6 8 9 9 9 11 13 12 10 9 12 19 24 28 28 28 28 26 23 22 22 22 22 24 24 24 23 18 13 13 14 13 12 14 17 17 17 17 16 12 10 12 16 15 12 9 9 11 12 9 4 357 353 350 347 343 343 349 360 14 26 30 31 30 29 29 30 28 26 23 14 4 8 15 15 16 18
3 3 3 3 3 3 2 2 1 1 1 1 359 357 356 354 355 360 4 6 7 7 7 8 10 11 11 11 12 15 20 24 26 27 28 28 26 21 18 18 18 19 20 21 20 18 15 12 12 17 17 15 13 12 12 12 14 15 14 12 15 19 18 12 9 9 11 12 8 2 359 358 358 358 355 352 356 12 28 32 30 27 21 16 17 20 22 21 21 16 6 3 9 13 14 15
4 3 2 2 3 3 2 2 1 1 1 0 359 358 357 357 358 1 3 4 4 5 6 7 8 10 11 12 14 15 17 20 23 23 21 19 18 14 12 14 15 17 19 19 17 15 16 16 14 15 17 15 12 8 8 10 12 14 16 16 18 21 18 13 9 8 8 7 4 2 4 5 4 3 0 0 5 12 18 21 19 16 14 11 11 16 20 21 21 16 8 3 8 13 13 10
3 2 2 2 2 2 2 2 1 1 0 360 359 359 358 359 360 1 2 2 3 4 5 5 7 9 11 12 14 14 14 15 17 14 11 11 12 12 12 14 16 18 18 17 17 18 18 16 13 13 15 15 12 9 8 8 10 12 15 18 19 20 18 12 8 5 3 3 4 6 10 11 10 6 1 359 2 9 15 17 16 16 16 12 8 12 16 18 17 13 8 4 8 12 11 8
2 2 2 2 2 1 1 2 2 1 360 360 360 359 359 359 359 0 1 1 2 4 4 5 7 9 10 12 14 13 11 10 9 8 9 10 13 16 16 16 16 17 17 18 19 17 14 13 12 13 14 14 14 13 9 7 8 9 12 17 19 19 17 11 4 1 0 3 8 13 15 14 12 9 2 356 357 4 10 15 18 19 19 16 9 7 9 11 12 11 9 6 8 12 11 8
2 2 1 1 1 1 1 1 1 0 359 359 359 359 359 359 359 359 360 1 2 3 3 5 7 9 11 14 15 13 9 5 4 7 11 14 16 19 18 16 14 14 16 18 17 13 12 14 14 14 15 15 15 13 10 8 8 8 10 14 18 18 16 7 360 359 3 8 16 20 19 17 13 7 3 360 357 358 4 12 19 20 20 19 13 5 2 4 9 12 11 9 10 12 12 9
2 1 1 1 1 1 1 1 360 359 359 358 359 359 359 359 358 358 359 360 1 2 3 4 7 9 13 17 17 12 7 3 2 7 12 15 17 18 16 13 11 12 13 13 12 12 15 17 16 15 15 15 14 12 11 9 9 10 10 12 16 16 11 4 0 2 9 17 24 27 24 17 8 5 6 7 2 355 358 7 15 17 18 20 17 9 0 1 7 12 12 11 11 12 12 11
1 1 1 0 1 1 1 0 359 359 359 358 358 357 358 358 358 358 358 359 360 1 2 4 6 9 14 18 17 13 8 3 0 2 8 13 16 17 14 10 9 8 8 8 11 15 18 18 17 16 15 16 14 12 10 8 10 14 15 13 11 8 5 5 7 9 14 21 27 29 23 10 4 5 9 11 10 1 353 358 5 11 14 17 17 13 6 4 7 10 10 8 10 12 12 12
1 1 0 360 0 0 360 359 358 358 359 358 357 357 357 357 357 357 358 358 359 360 1 2 5 8 12 15 16 15 12 6 0 357 1 8 13 15 13 8 6 5 4 7 12 14 17 18 16 15 15 17 16 12 7 6 11 18 18 12 4 360 2 8 15 17 19 22 25 24 16 6 4 7 8 10 14 10 355 349 356 3 9 12 13 13 10 9 12 11 7 3 6 11 13 13
0 0 360 360 360 360 359 358 358 358 358 358 357 356 356 356 356 356 357 358 358 359 359 1 3 6 9 12 14 16 16 12 5 359 357 1 7 12 12 7 4 3 2 5 9 10 12 16 17 14 13 15 15 12 7 5 11 16 14 7 3 1 5 13 21 24 23 23 22 18 13 9 7 7 8 7 12 13 4 350 349 356 2 5 8 11 13 13 16 15 9 360 359 6 11 12
360 360 360 359 359 359 358 357 357 358 357 357 356 356 355 354 355 355 356 356 357 357 358 359 1 3 4 5 9 14 17 16 11 5 359 356 360 6 8 6 3 2 2 4 5 7 9 14 17 14 10 12 14 13 11 6 7 11 11 6 4 8 12 16 21 24 23 21 18 13 11 11 10 11 10 7 8 14 13 1 349 349 356 0 5 12 16 16 17 19 14 4 356 358 5 8
359 359 359 359 359 358 357 357 357 357 357 356 355 355 354 353 354 354 354 355 355 356 357 358 359 359 357 359 4 10 14 16 14 8 359 355 357 2 4 2 1 1 3 4 4 5 8 9 11 11 8 10 13 15 15 9 5 8 12 10 7 13 20 22 23 24 20 16 15 12 11 14 16 16 12 7 6 14 19 11 354 346 350 358 7 14 15 13 15 18 18 12 360 353 356 0
359 359 359 359 358 357 356 357 356 356 355 355 354 354 353 353 352 353 353 353 354 355 356 357 356 354 353 354 360 6 11 15 13 6 358 355 357 359 0 360 359 1 3 5 6 5 6 5 6 9 10 10 14 19 19 15 11 10 13 16 15 19 27 31 29 24 16 13 16 15 15 19 22 17 10 6 6 13 19 16 3 351 350 357 4 8 8 8 11 16 20 19 10 357 349 350
359 358 359 359 357 356 356 356 356 355 354 354 353 353 352 352 352 351 352 352 353 353 354 355 354 352 351 353 359 7 11 10 7 3 359 356 357 357 357 359 1 2 4 7 8 7 5 3 6 11 13 14 18 23 24 19 17 16 16 22 23 21 26 32 31 22 12 11 17 21 21 20 16 9 5 5 7 11 16 18 12 2 356 356 360 3 5 9 15 19 22 24 21 11 354 344
358 358 358 358 356 355 356 356 355 354 353 353 352 352 351 351 351 351 350 351 351 351 353 353 352 350 350 352 358 3 4 3 3 4 2 356 354 354 356 1 5 6 7 8 9 8 7 8 12 16 17 18 20 25 26 20 16 18 22 27 27 22 21 26 29 22 8 6 15 22 20 12 7 3 3 4 5 9 14 19 18 12 6 0 0 3 7 13 20 24 25 26 24 17 4 349
358 358 358 356 355 355 355 355 354 353 352 351 351 351 351 351 351 350 350 350 350 350 350 351 351 350 349 350 353 355 356 359 2 7 5 354 350 354 359 4 7 8 9 10 11 11 11 14 17 19 20 20 21 25 26 21 15 18 24 30 28 18 13 19 26 24 11 3 10 18 14 8 6 5 3 2 2 4 11 18 22 19 14 7 3 6 11 13 16 20 23 23 20 13 3 355
358 358 358 356 354 354 355 354 353 352 351 350 350 350 350 350 350 349 349 349 349 349 349 348 348 349 349 349 348 348 350 355 1 6 6 358 352 355 3 6 9 12 14 15 16 16 17 19 21 21 22 24 25 26 26 23 18 17 25 32 30 18 9 13 23 26 20 7 4 9 11 11 11 9 5 1 359 0 6 17 22 21 19 15 8 7 12 13 12 16 18 17 12 7 1 357
358 357 357 355 354 354 354 353 352 351 350 349 349 349 349 349 349 349 349 349 349 349 348 346 346 347 348 349 348 347 346 350 356 359 3 4 360 0 6 11 15 19 20 20 19 20 19 19 20 20 22 23 24 23 21 20 20 20 26 34 35 24 9 7 18 26 24 14 3 3 11 17 17 14 8 1 359 1 7 15 20 21 22 23 19 8 8 13 12 11 11 10 9 7 3 358
358 356 355 354 354 355 354 352 351 350 349 349 348 348 348 348 348 348 348 348 348 348 348 347 346 346 347 349 350 347 343 345 349 354 1 7 8 9 14 19 22 22 21 20 19 19 17 17 18 20 21 20 20 19 17 17 19 22 24 32 35 27 12 4 11 21 24 18 9 8 16 23 22 14 7 3 3 8 13 13 15 20 25 29 28 14 3 8 11 7 5 6 8 9 4 359
357 356 354 353 354 354 353 351 350 349 349 348 348 348 348 348 348 348 348 348 348 348 348 347 346 346 346 349 349 344 342 343 346 352 2 8 13 19 24 24 22 20 19 18 17 17 16 16 18 20 18 16 16 17 17 15 17 20 23 26 30 27 15 5 6 17 24 22 18 18 21 21 15 7 6 7 4 6 14 16 12 16 22 26 27 19 4 3 7 5 3 5 7 4 3 4
355 355 354 354 354 353 352 351 350 348 348 348 348 348 347 347 347 348 348 348 348 348 348 347 346 346 346 346 343 340 340 342 346 353 2 9 18 26 26 22 19 17 15 14 15 15 13 12 14 16 15 12 12 16 17 12 12 16 18 20 23 23 19 11 7 15 24 28 25 22 18 12 7 7 10 10 2 360 11 19 15 13 17 20 23 21 11 2 2 4 4 5 3 1 6 12
355 354 354 354 354 353 352 350 349 348 348 348 348 348 347 347 347 348 348 348 348 348 348 348 347 346 345 342 339 338 339 341 345 352 1 11 17 20 21 20 18 16 12 10 11 13 12 10 10 13 14 10 8 10 12 9 7 9 13 15 18 22 24 21 13 15 26 31 27 19 10 8 10 14 14 8 0 356 5 16 18 17 18 18 22 22 14 3 360 4 7 6 3 5 11 13
355 353 354 354 354 353 352 350 348 348 349 349 348 348 348 348 348 348 348 348 348 348 348 348 347 346 344 340 338 338 338 339 342 350 1 11 12 13 16 17 16 14 10 8 9 11 12 9 8 11 14 9 2 2 8 9 6 7 12 16 20 25 30 29 19 15 25 29 23 13 9 13 19 16 10 4 359 357 0 12 19 20 19 19 21 19 10 3 1 3 6 7 9 14 14 11
357 356 356 355 355 353 352 350 350 350 349 349 349 348 348 349 349 349 349 348 348 349 349 349 348 347 345 342 341 340 340 341 343 349 359 6 8 10 11 11 11 9 9 9 7 6 7 8 7 9 12 8 1 359 6 12 11 11 16 24 27 28 30 30 24 18 22 24 16 12 15 19 17 9 2 0 0 360 1 10 18 18 18 18 16 11 8 7 6 4 3 7 16 20 14 8
0 359 359 358 356 354 352 352 351 351 350 350 349 349 349 349 349 349 349 349 349 349 350 349 349 348 347 345 343 342 342 345 346 349 354 359 4 4 2 3 5 8 10 9 5 4 7 10 11 10 11 11 6 4 9 15 19 20 26 32 32 27 24 26 25 20 16 15 14 14 18 17 12 4 358 360 3 3 5 11 16 16 16 14 9 9 13 15 12 7 5 8 15 17 11 7
3 2 2 0 358 356 354 354 353 352 352 351 350 350 350 350 350 350 350 350 350 350 350 350 350 349 348 347 344 343 344 347 348 349 350 352 355 356 357 359 4 9 9 6 5 8 13 16 16 13 12 12 10 10 13 19 24 26 30 34 32 25 21 21 21 17 11 10 13 15 14 14 11 5 1 4 7 7 9 11 13 14 11 7 7 13 20 22 18 12 8 8 10 12 12 11
6 6 5 2 359 358 357 356 354 354 353 352 351 351 351 351 351 351 351 351 352 351 351 351 351 351 350 349 347 346 347 348 349 348 347 346 347 349 353 359 5 8 7 6 9 15 19 18 14 10 10 13 14 14 18 24 27 29 30 30 27 23 19 16 13 12 10 9 12 13 13 14 13 10 9 11 12 12 14 14 12 8 5 5 12 21 24 24 23 19 13 9 7 10 15 17
10 9 6 3 2 0 359 358 356 355 354 353 353 353 353 352 352 352 352 352 353 353 353 353 352 352 351 351 350 349 349 349 349 348 346 343 342 346 352 357 2 5 7 9 13 17 18 14 9 7 11 17 20 21 25 29 31 30 27 24 22 19 15 9 7 7 10 11 11 13 15 17 19 18 19 19 17 15 16 13 8 4 4 12 23 26 24 24 24 23 18 10 5 10 18 21
14 11 8 6 5 3 1 359 358 357 356 355 355 354 354 354 353 353 354 354 354 354 355 354 354 353 353 353 352 351 351 350 350 348 346 345 344 345 349 353 357 2 8 12 15 16 14 10 7 9 16 22 26 29 30 32 32 28 22 16 15 14 10 6 6 8 11 15 14 14 17 20 23 25 25 24 20 15 13 10 7 7 14 24 28 26 23 21 23 24 20 11 8 14 21 23
15 13 10 10 9 6 3 1 360 359 358 357 357 356 356 355 355 355 355 355 356 356 356 355 355 355 355 355 354 354 353 352 351 349 346 346 346 345 346 349 354 360 7 13 15 14 10 8 10 14 19 25 29 31 30 29 28 23 17 9 8 9 9 7 9 12 15 17 16 15 17 20 25 28 28 27 23 17 13 13 15 18 23 25 25 22 20 20 21 21 18 14 14 18 23 23
