windninja/windninja_output/Output_2025-08-24_1200-1250_Google earth_Fire_150m_10min/merlingen_7.5mi_point_08-24-2025_1230_150m_ang.asc
ncols	158
nrows	163
xllcorner	391686.332397
yllcorner	5160024.123721
cellsize	150.000000
NODATA_value	-32768.000000
[rows 0 to 47 of 163, columns 0 to 95 of 158]
12 10 8 6 6 7 8 7 7 7 8 8 9 12 15 18 20 16 12 10 5 2 4 8 10 11 10 7 7 8 10 10 11 10 9 11 14 14 12 10 9 9 11 11 10 10 11 7 2 2 3 4 4 6 7 7 7 7 6 4 4 5 5 4 3 3 4 5 5 4 3 4 4 3 2 3 4 5 3 1 2 3 3 3 3 1 360 1 1 360 360 359 358 359 360 1
13 11 7 6 6 8 9 9 7 7 6 7 8 11 14 17 15 10 6 6 3 359 1 6 11 12 10 7 7 9 11 11 11 10 8 11 13 11 9 8 7 7 8 8 7 7 8 5 1 1 2 3 5 7 8 8 7 6 6 5 4 5 5 4 3 3 4 5 5 4 3 4 4 2 2 3 6 5 2 1 3 4 3 5 5 2 360 2 3 2 360 359 359 359 360 2
14 11 8 6 7 8 11 11 7 4 2 4 7 9 13 14 11 7 5 4 3 358 356 3 11 13 11 8 9 11 12 11 10 9 7 8 9 8 8 7 5 5 5 4 4 4 4 4 3 1 1 3 6 8 8 7 6 5 6 6 5 4 3 3 3 3 4 6 5 4 4 4 3 2 2 4 6 5 3 3 5 6 5 6 6 2 360 2 5 5 2 0 360 0 360 0
8 9 9 8 8 8 8 6 3 2 2 4 6 8 9 10 9 7 7 8 6 1 356 359 7 10 11 10 10 11 11 11 9 7 5 6 7 8 7 5 4 3 2 2 2 2 3 4 5 4 3 4 6 7 7 5 5 5 5 6 5 3 3 4 4 3 4 5 5 5 5 4 3 2 3 3 3 4 5 5 5 6 7 5 4 2 360 1 3 4 5 3 360 359 359 358
2 6 10 9 9 7 4 1 1 3 6 6 5 6 6 7 9 9 10 12 9 3 357 355 360 5 8 9 9 9 10 11 9 6 5 5 6 6 4 2 1 1 1 1 2 2 3 5 5 6 6 7 7 7 7 6 5 5 4 4 4 4 4 4 4 3 4 5 6 6 6 5 4 3 4 4 2 3 6 7 6 5 6 5 3 3 359 356 357 360 3 3 0 358 357 356
0 3 7 9 8 6 2 0 1 6 8 6 4 4 4 6 10 13 14 14 12 5 356 351 353 359 4 7 8 8 8 9 8 7 7 6 5 3 2 1 0 360 360 1 3 4 5 6 6 7 9 9 8 8 8 7 6 4 4 4 4 4 4 4 4 4 4 5 6 7 8 7 4 3 4 5 4 2 4 9 9 5 3 3 3 4 360 353 350 352 355 358 358 357 355 355
4 3 3 6 6 5 4 3 5 8 7 5 3 2 4 6 11 14 15 13 12 7 358 349 348 353 359 3 5 6 6 6 6 8 8 5 3 2 2 2 2 1 2 3 5 6 6 7 7 8 9 10 10 9 8 7 5 4 3 3 2 3 4 5 5 4 4 4 5 6 7 7 4 3 3 5 5 5 6 10 9 4 1 2 3 5 2 354 346 344 344 347 352 353 354 354
6 5 3 2 4 5 6 8 9 8 5 2 1 1 4 6 9 12 13 12 11 9 3 353 346 349 355 358 0 3 4 3 5 7 6 4 3 3 4 5 5 5 5 6 6 6 7 7 8 9 10 9 9 10 9 7 5 3 2 0 0 2 4 6 6 6 4 3 5 5 4 5 5 5 4 4 6 8 10 10 7 2 0 1 3 4 2 358 351 343 338 339 343 347 352 351
6 6 6 4 3 5 8 10 9 6 3 359 357 359 3 7 8 9 11 12 11 10 7 0 352 348 351 355 358 1 1 1 4 6 5 4 5 7 8 9 9 9 8 8 7 7 7 8 8 8 9 8 8 10 9 6 3 2 1 360 1 1 2 5 7 7 4 2 4 5 4 4 7 8 6 5 7 11 13 10 5 1 357 358 359 360 1 359 355 351 348 347 346 347 349 347
6 7 7 6 6 6 8 8 7 4 1 358 355 355 0 6 7 7 8 10 10 9 7 3 358 352 350 355 358 359 360 360 2 5 6 6 8 9 11 12 12 10 9 8 8 8 8 8 8 7 8 9 8 7 7 5 3 2 3 4 5 3 1 4 6 5 3 2 4 7 8 7 7 7 8 8 9 10 9 6 3 1 357 353 353 354 355 355 353 354 356 354 350 350 350 346
8 8 8 8 7 7 7 6 5 3 1 358 355 354 358 3 5 5 4 6 7 8 7 5 2 357 354 356 359 358 359 1 2 4 6 9 10 11 12 11 11 10 9 10 11 10 8 9 10 9 9 9 8 6 6 7 7 7 9 11 10 6 3 1 359 359 360 1 5 10 10 8 6 7 9 12 12 7 1 359 0 2 1 355 349 348 348 347 349 354 358 354 350 351 352 348
8 8 8 8 8 7 6 5 5 3 2 359 356 354 356 359 1 3 3 2 4 6 7 7 5 3 1 360 359 359 1 3 3 4 7 10 12 12 11 10 11 12 11 12 13 13 12 14 18 17 14 12 11 10 12 15 17 18 21 23 22 16 3 352 348 349 353 359 5 6 6 7 6 6 8 9 7 3 357 354 357 1 2 358 351 349 348 347 348 353 356 353 351 351 351 349
9 9 8 8 8 7 6 5 5 4 2 0 358 356 355 355 356 359 1 1 1 3 7 9 9 9 8 4 2 2 3 4 3 4 8 12 12 10 10 10 12 12 13 14 16 18 21 26 32 31 27 27 29 34 36 34 32 34 40 48 50 36 360 327 321 327 337 347 352 355 360 4 5 2 1 1 1 0 358 356 356 358 358 356 353 352 352 350 351 354 355 354 353 351 349 349
10 9 9 8 8 7 7 6 5 4 2 1 359 359 357 355 352 352 356 359 0 3 7 12 14 14 10 6 4 4 4 4 4 5 8 11 10 9 10 11 13 16 20 24 28 31 31 32 34 35 35 35 37 44 54 57 49 46 44 41 33 18 0 343 327 316 312 317 324 337 351 358 359 356 354 354 356 357 358 358 356 354 354 354 355 355 354 354 355 355 355 356 356 354 350 351
10 10 9 8 8 7 7 6 5 4 3 1 359 359 360 359 354 350 351 356 1 5 10 14 16 13 9 7 6 6 7 5 3 5 6 7 10 13 15 18 25 35 44 48 47 45 39 28 26 29 30 27 24 25 25 26 21 18 17 16 13 6 360 359 358 350 338 325 313 316 334 346 350 352 353 352 352 355 359 357 351 350 351 354 358 358 356 358 2 0 358 358 1 360 354 351
11 10 9 9 8 8 7 6 6 4 3 1 359 357 357 358 358 356 354 356 0 5 9 13 13 11 7 8 8 7 6 4 4 6 7 11 19 25 31 38 46 47 44 38 32 29 27 21 19 22 22 17 12 10 12 15 15 10 5 5 4 2 0 2 4 0 353 345 336 323 320 327 337 346 351 351 352 357 358 352 347 348 350 354 359 2 3 6 10 11 8 6 7 7 0 352
11 10 10 9 8 8 7 6 5 4 3 1 359 355 353 355 359 0 360 359 1 4 8 10 11 9 7 7 7 6 4 6 10 15 22 30 35 39 39 38 34 27 21 22 21 19 20 19 14 9 11 11 8 7 10 14 17 12 3 1 1 2 2 3 2 2 358 352 349 343 329 318 320 332 342 348 354 357 353 349 351 353 354 358 5 12 18 24 19 10 6 5 7 7 4 1
11 11 10 9 9 8 7 6 5 4 3 1 359 356 352 352 356 0 2 3 3 5 7 8 9 10 9 6 5 6 8 13 20 27 31 30 27 24 22 21 19 17 16 19 20 17 15 14 10 5 4 6 7 9 11 13 14 11 4 1 2 3 4 3 1 0 359 356 355 352 344 334 328 327 332 342 349 351 350 352 358 360 2 9 19 26 30 26 11 356 354 1 5 5 5 6
11 11 10 10 9 8 7 6 5 4 3 2 360 357 354 352 355 359 3 5 7 7 7 7 9 10 10 7 6 8 14 20 24 25 24 23 21 18 17 16 16 17 18 18 18 16 11 6 6 7 5 4 6 9 10 9 10 9 5 2 3 6 6 3 360 358 360 1 359 354 349 346 342 338 335 334 338 344 351 2 7 6 9 12 15 17 15 12 6 358 350 354 1 2 4 7
12 11 10 9 9 8 7 6 5 4 4 2 0 358 356 355 356 0 4 5 6 6 6 6 8 9 9 9 9 11 16 21 23 23 24 23 21 17 14 13 14 14 15 16 14 12 9 5 6 9 9 7 5 5 5 5 7 8 7 4 6 9 8 3 359 358 360 1 358 353 351 352 351 350 348 344 344 351 1 8 7 4 2 2 5 9 10 9 7 1 353 353 357 360 1 3
12 11 10 9 9 8 7 6 5 4 3 2 1 360 359 358 359 1 3 4 4 5 5 6 7 8 9 10 11 12 15 18 20 20 18 16 14 11 9 10 12 13 14 14 12 9 9 9 8 8 9 8 4 0 360 2 5 7 8 8 9 11 8 2 359 357 358 357 354 354 357 358 357 354 353 354 358 2 6 6 3 1 1 359 360 4 8 9 7 1 356 355 357 0 360 358
12 11 10 10 9 8 7 6 5 4 3 2 2 0 360 360 1 2 2 3 3 4 5 5 7 9 10 11 12 13 13 14 15 12 9 9 10 10 9 11 13 14 14 13 11 11 11 10 7 7 8 7 5 2 360 0 2 4 8 11 11 10 7 2 358 355 354 354 355 358 3 4 1 357 353 353 357 2 6 7 5 5 4 0 358 1 5 6 3 360 358 358 360 1 360 357
11 11 11 10 8 7 7 6 6 4 3 2 2 1 1 0 1 1 2 2 3 4 4 5 7 8 10 12 13 12 10 9 8 7 7 8 10 13 13 13 13 13 13 13 13 11 9 7 7 7 7 7 7 5 2 360 360 1 5 10 11 9 6 1 355 352 352 354 360 6 8 7 4 359 354 351 353 358 3 7 10 10 9 5 359 357 359 0 360 360 0 1 2 2 360 358
12 11 10 9 8 7 7 6 6 4 3 2 2 2 1 1 0 1 1 2 3 4 4 5 7 8 11 14 14 12 8 4 3 6 9 11 13 16 15 13 11 11 12 14 11 7 7 9 8 7 8 8 7 6 3 1 360 0 3 7 9 8 4 356 350 351 355 360 8 13 12 9 3 357 355 355 353 352 356 4 11 12 12 10 4 355 352 354 358 1 3 4 3 2 1 359
12 11 10 9 8 8 7 6 5 4 3 2 2 2 1 1 0 0 1 2 2 3 4 5 7 10 13 17 17 12 7 3 2 6 10 13 15 15 13 10 9 9 10 9 7 8 10 12 11 9 8 8 6 4 3 2 2 3 3 4 7 5 359 353 350 353 360 9 17 19 16 7 358 355 359 2 357 349 350 359 7 10 11 13 9 359 351 350 354 360 5 7 5 2 1 0
12 11 10 9 8 8 7 6 4 3 3 2 1 1 1 1 0 0 1 1 2 3 4 5 7 10 15 18 17 13 8 3 1 2 7 12 15 15 11 8 6 5 5 4 7 11 14 13 12 10 9 8 6 4 2 1 3 7 8 5 1 356 353 355 358 1 6 14 21 21 13 358 353 357 3 7 4 352 346 351 358 3 8 11 10 5 358 355 356 358 2 4 4 4 3 2
12 11 10 9 8 7 6 5 4 3 3 2 1 0 0 0 0 0 1 1 2 2 3 4 6 9 13 16 17 16 12 7 1 358 2 8 12 14 11 6 4 3 1 3 7 11 13 13 11 9 10 10 8 4 359 360 6 12 11 4 354 348 350 358 6 10 13 17 20 16 4 354 353 358 3 7 8 1 347 343 348 356 2 5 7 6 4 3 2 1 360 358 0 3 5 4
11 11 10 9 8 7 6 4 3 3 3 2 1 0 360 359 359 360 0 1 1 1 2 3 5 8 10 13 15 17 17 13 6 0 358 1 6 10 10 6 2 1 359 1 5 7 9 12 12 9 8 10 8 4 360 0 7 11 7 359 352 349 352 2 12 17 18 18 16 8 1 357 357 0 3 4 6 5 356 344 342 349 355 357 360 4 7 7 7 6 2 355 353 359 4 5
11 11 10 9 8 6 5 4 3 3 3 2 1 0 359 359 359 359 359 360 360 0 1 2 3 5 5 7 11 15 18 16 11 6 0 357 360 5 7 4 1 359 359 1 2 4 6 10 12 9 5 7 8 6 4 3 4 6 3 357 353 356 1 7 13 17 18 16 10 2 359 1 2 4 5 3 1 4 3 352 342 343 348 351 355 2 8 8 8 10 7 358 350 351 357 0
11 10 10 9 7 6 4 4 3 3 2 1 1 360 359 358 358 358 358 359 359 360 0 1 1 1 359 1 6 11 14 17 15 9 359 356 357 1 2 1 359 359 0 2 2 3 5 6 7 6 5 6 8 9 9 6 2 2 3 358 354 1 11 15 16 17 15 10 5 359 358 4 9 10 8 3 360 4 7 359 346 340 342 347 354 2 5 3 5 10 10 4 352 346 347 352
11 10 9 9 7 5 4 3 3 2 1 1 360 359 359 358 357 358 358 358 358 359 360 360 359 357 355 357 2 8 13 16 14 6 358 356 357 358 359 359 358 359 1 3 4 3 3 1 1 5 6 6 9 13 14 11 7 3 2 2 1 7 18 24 22 16 9 5 3 359 360 8 13 10 5 1 1 5 9 4 353 344 342 346 353 358 358 358 1 7 11 10 1 347 338 338
10 10 9 8 6 4 3 3 2 1 1 360 359 359 358 357 357 357 357 357 358 358 358 359 357 355 354 357 2 9 13 12 8 4 359 357 357 356 356 358 359 0 2 4 5 4 1 359 0 6 8 9 12 17 19 16 12 8 4 6 8 12 20 26 23 12 4 2 3 3 6 9 6 2 360 0 2 5 8 7 2 355 349 347 349 351 353 357 3 8 12 14 10 356 338 330
10 9 8 7 5 4 3 3 1 1 0 359 359 358 358 357 357 357 356 356 356 356 357 357 356 354 354 356 1 5 6 4 4 5 2 356 354 353 355 359 3 4 5 5 6 5 3 2 6 10 10 11 13 18 21 16 11 11 10 12 14 14 17 21 20 11 0 357 2 7 7 2 358 357 358 359 1 3 6 9 9 5 358 351 349 350 353 359 6 10 13 14 11 2 348 338
10 9 8 6 4 3 3 2 1 360 359 358 358 358 358 357 357 357 356 356 356 355 355 355 355 354 353 354 356 357 358 1 4 8 5 355 350 353 358 2 5 6 7 7 8 7 6 8 11 12 12 12 13 17 20 15 9 9 14 18 17 11 9 14 18 14 2 353 357 5 4 360 358 359 359 358 358 359 3 10 15 13 6 358 353 356 359 1 4 9 12 11 5 357 350 345
9 9 8 5 3 3 2 1 0 359 358 357 357 357 357 357 357 356 356 356 355 355 354 353 353 353 353 353 352 351 353 358 3 6 5 358 352 355 2 5 8 10 11 12 12 10 11 13 14 14 15 15 16 17 18 14 8 7 15 22 20 12 5 7 15 17 10 356 351 356 1 3 3 3 0 357 355 354 359 9 16 15 12 6 359 358 3 4 3 7 8 6 360 353 349 348
8 7 6 4 3 2 2 1 360 359 358 357 357 357 357 357 356 356 356 355 355 354 353 352 351 352 353 353 352 351 350 353 358 0 3 4 360 360 5 10 13 17 18 17 15 14 13 13 13 13 15 16 16 15 13 11 10 9 14 23 25 16 4 2 11 17 14 2 350 350 360 7 9 7 1 356 354 354 357 6 13 15 16 15 10 360 360 4 4 3 2 0 357 354 350 348
7 6 4 3 3 2 1 360 359 358 358 357 357 357 356 356 356 356 355 355 355 354 354 353 352 351 351 353 355 351 347 348 351 355 2 7 8 9 13 18 20 20 19 16 14 14 12 11 12 14 14 13 13 12 9 9 11 12 14 20 24 18 5 358 3 13 14 6 357 356 5 12 11 5 359 357 357 1 4 2 5 13 18 21 19 4 355 0 3 359 357 357 357 355 352 350
6 5 2 2 2 2 0 359 358 358 357 357 357 356 356 356 356 356 355 355 355 354 354 353 352 351 351 353 353 348 345 346 348 354 3 8 13 19 23 23 21 18 16 14 13 12 11 11 13 14 12 9 9 10 9 8 9 13 14 17 20 18 8 359 359 7 11 9 6 8 12 10 3 358 359 1 358 1 7 6 3 8 15 19 19 10 357 356 359 357 354 355 355 352 352 357
4 3 2 1 1 0 360 359 358 357 357 357 357 356 356 356 356 355 355 355 355 355 354 353 352 351 350 350 347 344 344 345 349 355 3 10 19 26 25 21 17 15 12 11 11 11 9 8 10 11 9 6 7 10 9 5 6 9 11 13 15 16 12 5 1 4 9 12 13 14 10 2 358 0 5 3 356 356 5 11 8 6 10 12 13 11 4 356 355 356 356 355 351 348 354 3
2 1 1 1 0 360 359 358 357 356 357 357 357 356 356 356 356 356 355 355 355 355 354 353 352 351 349 346 342 342 343 344 348 354 2 13 19 20 20 19 16 13 10 7 8 9 8 6 7 9 8 5 3 5 6 4 2 4 7 9 12 17 19 15 6 5 10 15 16 10 1 358 2 8 9 1 354 354 1 10 13 12 11 9 10 11 6 357 354 357 359 356 349 350 358 3
1 359 360 360 360 359 359 357 356 356 357 357 357 356 356 356 356 356 356 355 355 355 354 354 353 351 348 345 342 343 343 343 346 352 4 13 13 13 16 16 15 11 7 5 6 8 8 5 4 7 8 3 357 358 3 4 2 2 6 10 14 21 26 23 12 6 12 16 12 2 359 3 9 10 4 356 354 356 358 7 14 15 13 10 9 7 1 357 355 357 358 357 355 358 1 1
0 359 360 360 360 359 358 357 357 357 357 357 357 356 356 357 357 356 356 356 355 355 355 354 353 352 350 347 345 344 344 345 347 352 2 8 10 10 10 10 9 7 7 7 4 3 4 5 4 5 6 2 356 355 360 5 6 6 10 17 22 23 25 24 17 9 10 12 6 2 6 10 9 3 356 353 356 358 359 6 13 13 12 10 6 2 1 1 360 357 356 357 3 5 0 358
1 0 1 1 0 359 358 358 358 358 357 357 357 357 357 357 357 357 357 356 356 356 355 355 354 353 351 349 347 346 346 348 350 353 357 1 5 4 2 2 3 5 7 6 2 1 3 7 7 5 4 3 0 359 2 8 12 14 19 25 26 20 17 19 18 12 6 5 5 7 11 10 5 358 352 353 359 2 3 7 11 10 9 6 0 1 7 10 6 360 356 358 4 4 0 359
1 1 2 2 0 359 359 359 359 359 358 358 357 357 357 358 358 357 357 357 357 356 356 356 355 354 353 351 348 347 348 350 351 352 352 354 356 356 356 358 2 6 6 2 1 5 9 12 11 7 4 4 4 5 7 12 17 21 24 26 23 16 11 12 12 8 2 2 6 10 10 8 5 359 356 358 4 7 7 8 8 8 4 358 358 5 15 16 11 4 359 359 359 359 1 4
3 3 3 2 0 0 0 360 359 359 359 358 358 358 358 358 358 358 358 358 358 357 357 356 356 355 354 352 351 350 350 351 351 351 350 348 347 349 353 358 3 5 3 2 5 12 15 13 8 3 2 6 8 10 13 18 21 23 24 22 18 13 8 5 2 1 1 1 5 9 9 9 8 5 4 7 10 12 12 10 6 1 357 356 3 15 19 18 15 10 4 359 354 355 3 10
5 4 3 2 1 2 1 1 0 0 360 359 359 359 359 359 359 358 358 358 358 358 358 357 357 356 355 354 353 352 352 352 351 350 348 345 343 346 351 356 360 1 2 5 9 14 14 9 2 360 4 11 15 17 21 24 25 24 19 15 12 10 5 359 355 356 359 2 5 7 9 11 13 13 14 16 16 15 14 9 2 356 355 1 15 20 18 17 16 14 8 358 351 356 7 13
7 5 3 3 3 3 2 1 1 1 1 0 360 360 360 360 359 359 359 359 359 359 359 358 357 357 356 356 355 354 353 352 351 350 348 346 345 345 349 352 355 358 3 8 12 12 9 3 360 2 9 16 22 25 26 27 26 20 12 6 5 4 360 356 355 356 0 5 7 7 9 12 16 19 21 21 19 15 10 5 360 358 3 13 20 19 15 13 15 15 9 358 354 1 11 15
7 6 4 5 6 5 2 2 2 1 1 1 1 1 1 0 0 0 0 0 0 0 360 359 359 358 358 357 357 356 354 353 352 350 348 347 347 345 346 348 351 356 3 9 12 9 3 0 3 8 14 21 26 27 25 24 20 14 6 360 359 359 357 356 357 359 4 8 9 8 10 13 18 22 24 25 22 15 9 6 5 7 12 16 17 15 12 12 13 12 7 2 1 7 13 15
