windninja/windninja_output/Output_2025-08-24_1200-1250_Google earth_Fire_150m_10min/merlingen_7.5mi_point_08-24-2025_1230_150m_vel.asc
ncols	158
nrows	163
xllcorner	391686.332397
yllcorner	5160024.123721
cellsize	150.000000
NODATA_value	-32768.000000
[rows 114 to 151 of 163, columns 0 to 83 of 158]
3.46 3.55 3.62 3.69 3.82 3.79 3.60 3.51 3.54 3.66 3.90 4.49 4.57 4.14 4.52 4.73 3.09 1.24 1.43 2.56 4.17 6.28 6.98 5.09 4.05 4.16 4.02 3.64 3.45 3.50 4.79 7.25 8.52 8.68 8.08 6.32 4.85 3.93 2.88 2.12 1.91 2.21 2.68 2.60 1.61 0.66 0.40 0.37 0.42 0.58 0.62 0.46 0.46 1.19 1.96 2.35 2.44 2.68 3.25 3.65 3.60 3.46 3.69 3.97 3.79 3.75 4.05 4.22 4.17 3.87 3.46 3.26 3.16 3.07 3.26 3.52 3.38 3.04 2.81 2.92 3.07 2.77 2.16 1.80
3.23 3.54 3.86 3.86 3.88 3.90 3.85 3.66 3.46 3.53 3.87 4.20 4.13 4.20 5.02 5.32 3.44 1.09 0.94 1.62 3.01 4.92 6.58 6.73 5.81 4.81 4.34 4.23 4.51 3.70 3.68 6.08 8.80 9.79 8.49 6.29 4.68 3.79 3.04 2.32 2.14 2.53 2.83 2.68 1.92 0.97 0.41 0.23 0.23 0.39 0.60 0.67 0.53 0.78 1.64 2.24 2.41 2.54 2.96 3.48 3.61 3.52 3.66 4.00 3.98 3.77 3.94 4.20 4.28 4.15 3.92 3.75 3.62 3.26 3.04 3.38 3.65 3.41 2.95 2.84 3.12 3.09 2.63 2.28
2.89 3.39 3.88 3.96 3.92 3.84 3.86 3.88 3.86 3.87 4.08 3.84 3.42 3.80 5.20 5.95 3.95 1.14 0.68 0.99 2.23 3.63 5.02 6.48 6.88 5.95 4.73 4.64 5.31 4.18 3.30 5.04 8.09 10.17 9.17 6.49 4.59 3.48 3.19 2.81 2.53 2.79 2.86 2.76 2.31 1.30 0.49 0.08 0.02 0.17 0.47 0.73 0.75 0.63 1.27 2.06 2.39 2.47 2.72 3.22 3.47 3.52 3.66 3.93 4.01 3.85 3.90 4.14 4.32 4.33 4.22 4.19 4.26 4.07 3.37 3.11 3.45 3.69 3.32 2.88 3.00 3.09 2.71 2.48
2.65 3.18 3.77 3.94 3.95 3.79 3.61 3.77 4.17 4.50 4.55 3.61 2.73 3.14 5.09 6.49 4.59 1.35 0.41 0.51 1.55 2.70 3.60 4.95 6.39 6.84 5.91 5.44 6.16 4.72 3.33 4.01 6.34 9.38 9.54 6.74 4.54 3.36 3.38 3.41 3.09 3.00 2.91 2.90 2.66 1.70 0.80 0.38 0.21 0.20 0.36 0.71 0.90 0.81 1.02 1.86 2.39 2.50 2.63 2.99 3.25 3.39 3.68 3.99 4.07 3.93 3.95 4.15 4.32 4.42 4.41 4.44 4.64 4.86 4.56 3.74 3.32 3.60 3.70 3.34 3.16 3.14 2.74 2.48
2.54 2.96 3.63 3.95 3.95 3.76 3.45 3.53 4.04 4.61 5.00 3.90 2.36 2.57 4.54 6.74 5.84 2.13 0.28 0.15 0.64 1.69 2.59 3.41 4.50 5.84 5.98 6.02 6.71 6.15 4.57 3.96 4.99 7.97 9.08 8.06 6.15 4.29 4.04 4.02 3.59 3.35 3.18 3.10 2.91 2.20 1.27 0.73 0.46 0.37 0.40 0.72 1.00 1.01 0.97 1.61 2.31 2.56 2.65 2.88 3.07 3.12 3.42 3.92 4.17 4.15 4.15 4.30 4.41 4.44 4.42 4.43 4.62 5.06 5.39 5.01 4.09 3.73 3.84 3.77 3.65 3.45 2.93 2.51
2.51 2.80 3.47 4.00 3.91 3.60 3.47 3.55 3.92 4.23 4.91 4.49 2.47 2.28 3.80 6.22 6.83 3.75 0.96 0.58 0.72 1.13 1.94 2.74 3.46 4.08 4.42 4.85 5.93 6.41 5.94 5.08 5.55 7.37 8.23 8.46 7.72 5.95 5.22 5.01 4.63 4.19 3.85 3.58 3.27 2.72 1.85 1.14 0.74 0.57 0.56 0.75 1.03 1.13 1.03 1.37 2.13 2.55 2.68 2.87 3.01 2.96 3.08 3.48 3.84 4.08 4.14 4.30 4.54 4.56 4.36 4.26 4.39 4.78 5.41 5.78 5.34 4.55 4.16 3.96 3.85 3.69 3.20 2.70
2.42 2.67 3.36 4.13 4.03 3.49 3.56 3.76 3.98 3.87 4.35 4.77 2.94 2.13 3.24 5.50 7.14 5.51 2.16 0.87 1.01 1.24 1.76 2.56 3.27 3.66 3.88 4.16 4.83 5.63 6.26 6.08 6.27 7.11 7.50 7.75 7.50 6.74 5.62 5.21 5.52 5.42 4.99 4.49 4.00 3.42 2.64 1.85 1.23 0.91 0.80 0.86 1.08 1.23 1.18 1.27 1.94 2.45 2.63 2.85 3.03 2.95 3.00 3.13 3.11 3.28 3.31 3.34 3.92 4.43 4.40 4.16 4.09 4.29 4.88 5.71 6.10 5.68 4.98 4.46 4.08 3.83 3.38 2.91
2.25 2.54 3.23 4.11 4.43 4.01 4.12 4.40 4.33 3.63 3.85 5.02 3.51 1.84 2.73 4.94 7.16 6.58 3.58 1.55 1.14 1.50 1.98 2.63 3.39 3.76 3.87 4.19 5.29 6.34 6.55 6.58 6.74 6.78 7.31 7.30 6.65 6.63 5.20 4.23 4.94 5.63 5.84 5.15 4.47 3.91 3.23 2.42 1.71 1.33 1.08 0.99 1.14 1.34 1.34 1.31 1.91 2.43 2.60 2.80 2.98 2.89 2.92 3.07 2.98 3.06 2.91 2.28 2.47 3.53 4.08 4.09 3.94 3.86 4.14 4.93 5.92 6.43 6.17 5.49 4.81 4.29 3.68 3.17
2.00 2.41 3.00 3.60 4.31 4.64 5.01 5.49 5.33 3.96 3.74 5.30 4.03 1.56 1.92 3.81 6.72 7.36 4.71 2.61 1.65 1.78 2.21 2.77 3.59 3.86 3.96 4.67 6.30 7.19 6.52 6.56 6.86 6.38 7.07 7.16 6.17 6.45 5.23 3.59 3.64 4.68 6.06 5.88 4.76 4.05 3.39 2.49 1.87 1.59 1.36 1.17 1.21 1.42 1.43 1.36 1.86 2.45 2.65 2.86 2.95 2.86 2.92 3.09 3.25 3.63 3.59 2.58 1.86 2.18 3.06 3.58 3.75 3.68 3.60 3.94 4.85 6.02 6.72 6.68 6.06 5.21 4.26 3.66
1.75 2.19 2.70 2.85 3.39 4.14 4.81 5.73 6.38 5.41 4.61 5.87 4.51 1.49 1.39 2.77 5.42 7.58 6.43 4.15 2.96 2.42 2.45 2.96 3.66 3.96 4.12 5.26 7.49 7.75 6.10 6.10 6.56 6.03 6.70 7.06 5.87 6.13 5.89 3.75 2.87 3.62 5.47 6.58 5.71 4.49 3.55 2.49 1.91 1.74 1.59 1.41 1.36 1.52 1.50 1.36 1.64 2.29 2.48 2.71 2.94 3.00 3.10 3.20 3.35 3.88 4.25 3.76 2.55 1.76 2.04 2.73 3.14 3.32 3.26 3.22 3.65 4.70 5.93 6.84 7.13 6.65 5.48 4.47
1.77 2.16 2.56 2.49 2.79 3.55 4.14 4.98 6.30 6.27 6.25 6.75 4.36 1.70 1.46 2.32 3.96 6.46 7.58 6.26 4.60 3.59 3.01 3.20 3.64 3.89 4.34 6.40 8.91 7.63 5.11 5.53 6.27 5.85 6.31 6.93 5.79 5.51 5.91 4.30 2.83 2.80 4.10 6.35 6.86 5.49 4.06 2.82 2.02 1.90 1.88 1.76 1.64 1.70 1.69 1.58 1.75 2.37 2.60 2.47 2.76 3.24 3.35 3.38 3.53 3.86 4.25 4.47 3.95 2.52 1.87 2.15 2.40 2.50 2.67 2.66 2.73 3.35 4.45 5.54 6.58 7.28 6.87 5.54
1.84 2.26 2.59 2.45 2.64 3.29 3.81 4.38 5.61 6.09 6.91 7.85 5.47 2.35 1.86 2.27 3.00 4.37 6.43 7.55 7.25 5.55 4.17 3.75 4.11 4.58 6.07 9.01 8.94 5.95 3.89 5.00 6.19 5.70 5.82 6.76 5.90 5.06 5.53 4.69 3.12 2.39 2.89 5.16 7.03 6.54 4.87 3.25 2.24 2.02 2.00 1.95 1.91 1.92 1.93 1.95 2.27 2.91 3.33 2.94 2.88 3.34 3.53 3.58 3.80 4.06 4.16 4.45 4.66 4.02 2.84 2.43 2.35 2.07 1.97 1.98 1.95 2.16 2.84 3.71 4.52 6.03 7.17 6.75
1.73 2.21 2.60 2.38 2.50 3.06 3.61 4.08 4.82 5.47 6.58 8.48 7.65 3.96 2.92 2.60 2.50 3.12 4.43 6.39 7.73 7.79 5.86 4.89 5.99 7.41 8.22 8.48 6.44 3.85 3.10 4.47 6.11 5.63 5.45 6.48 6.10 4.98 4.86 4.56 3.44 2.34 2.25 3.85 6.39 7.05 5.66 3.86 2.70 2.27 2.14 2.02 2.02 2.10 2.10 2.10 2.36 3.04 3.68 3.59 3.35 3.48 3.58 3.64 3.89 4.17 4.25 4.36 4.67 4.75 4.32 3.67 3.03 2.38 1.92 1.62 1.44 1.46 1.74 2.33 3.02 4.22 5.95 6.91
1.62 2.11 2.59 2.31 2.31 2.83 3.50 4.02 4.25 4.72 5.72 7.84 8.75 7.02 5.21 3.41 2.34 2.80 3.82 5.05 6.66 7.96 7.45 6.32 6.90 7.77 7.20 5.52 4.10 3.07 2.69 3.83 5.75 5.77 5.53 6.18 6.14 5.27 4.43 4.18 3.61 2.53 2.08 2.79 5.19 6.95 6.11 4.24 3.09 2.55 2.35 2.22 2.13 2.19 2.20 2.15 2.25 2.84 3.51 3.64 3.56 3.60 3.63 3.70 3.94 4.20 4.31 4.39 4.55 4.72 4.89 4.74 4.03 3.16 2.48 1.90 1.38 1.22 1.35 1.59 2.16 3.12 4.27 5.56
1.57 2.04 2.58 2.32 2.13 2.51 3.24 3.91 4.02 4.08 4.60 6.18 8.13 8.86 8.00 4.94 3.13 3.38 4.36 6.39 7.31 7.46 7.64 6.96 6.99 7.12 6.00 4.52 3.41 2.81 2.75 3.46 4.92 5.55 5.91 6.33 6.21 5.45 4.39 4.03 3.67 2.94 2.38 2.32 3.88 6.33 6.41 4.47 3.33 2.83 2.49 2.38 2.36 2.39 2.38 2.32 2.35 2.77 3.38 3.58 3.62 3.69 3.75 3.87 4.06 4.26 4.35 4.43 4.55 4.64 4.91 5.26 4.95 3.98 3.15 2.54 1.76 1.32 1.28 1.27 1.41 2.06 3.03 4.07
1.55 1.99 2.55 2.31 2.03 2.32 2.88 3.51 3.72 3.61 3.68 4.45 5.94 7.79 8.87 8.32 5.72 5.00 6.86 8.78 7.58 6.16 6.86 7.40 7.69 7.66 6.32 4.45 3.29 2.95 3.06 3.22 3.74 4.48 5.66 6.91 6.86 5.55 4.52 4.22 3.88 3.40 2.93 2.60 3.07 5.03 6.06 4.95 3.88 3.34 2.86 2.61 2.52 2.54 2.49 2.44 2.51 2.87 3.40 3.63 3.69 3.79 3.89 4.02 4.19 4.36 4.41 4.46 4.56 4.68 4.93 5.40 5.62 5.01 3.98 3.26 2.46 1.63 1.40 1.38 1.27 1.20 1.57 2.57
1.56 2.00 2.65 2.44 2.07 2.46 2.98 3.27 3.35 3.20 3.12 3.25 3.85 5.06 6.89 8.73 8.82 8.71 9.39 8.44 5.86 4.92 5.60 7.10 8.43 8.40 6.46 4.45 3.72 3.39 3.24 2.97 2.78 3.22 4.33 6.41 7.70 6.62 5.01 4.54 4.25 3.82 3.51 3.17 3.00 3.53 4.81 4.79 4.34 3.76 3.16 2.89 2.67 2.59 2.50 2.42 2.53 2.98 3.50 3.73 3.74 3.80 3.95 4.10 4.26 4.43 4.49 4.49 4.55 4.71 4.98 5.38 5.77 5.78 5.18 4.31 3.30 2.17 1.68 1.58 1.41 1.24 1.02 1.07
1.60 1.98 2.70 2.75 2.35 2.66 3.20 3.51 3.56 3.19 2.87 2.79 3.01 3.84 5.07 6.98 10.08 11.54 9.82 6.44 5.05 4.73 4.90 5.93 8.37 9.08 6.16 4.66 4.37 3.70 3.29 2.98 2.59 2.44 3.12 4.80 7.07 7.75 6.39 5.24 4.84 4.33 4.01 3.70 3.09 2.57 2.86 3.71 4.24 3.89 3.24 3.03 2.86 2.70 2.57 2.43 2.44 2.89 3.46 3.76 3.78 3.74 3.81 4.07 4.26 4.41 4.55 4.52 4.51 4.65 5.00 5.40 5.67 5.95 5.89 5.45 4.41 2.89 2.15 1.97 1.67 1.36 1.08 0.89
1.64 1.90 2.48 2.86 2.79 2.77 3.01 3.64 4.26 3.81 2.95 2.69 2.85 3.51 4.78 6.45 10.57 12.71 9.46 6.16 5.31 4.85 4.77 5.27 7.42 9.20 7.44 5.25 4.79 3.96 3.34 2.97 2.51 2.19 2.62 3.64 5.28 7.10 7.28 6.68 5.99 5.04 4.50 4.15 3.17 1.85 1.45 2.38 3.60 3.75 3.22 3.05 2.95 2.80 2.68 2.56 2.55 2.91 3.45 3.76 3.88 3.91 3.72 3.94 4.23 4.34 4.51 4.50 4.41 4.52 4.89 5.31 5.58 5.97 6.13 5.97 5.40 3.81 2.77 2.69 2.23 1.46 1.06 0.93
1.73 1.93 2.27 2.70 3.13 2.97 2.65 3.09 4.35 4.86 3.79 2.93 3.02 3.87 5.00 7.09 11.19 12.44 10.19 7.15 5.71 5.07 4.93 5.17 6.16 8.18 8.48 6.58 5.20 4.26 3.51 3.04 2.50 2.46 2.72 3.23 4.22 5.52 6.45 7.25 7.15 5.83 5.04 4.69 3.57 2.14 1.48 1.76 2.87 3.41 3.16 2.97 2.92 2.86 2.80 2.75 2.77 3.09 3.60 3.93 4.15 4.26 4.02 4.02 4.30 4.37 4.48 4.46 4.24 4.32 4.70 5.07 5.31 5.84 6.41 6.49 6.05 4.44 3.11 3.11 2.90 1.86 0.98 0.86
1.87 2.07 2.26 2.60 3.23 3.17 2.66 2.64 3.35 4.73 4.90 3.78 3.87 4.84 6.56 9.94 11.84 11.43 9.92 8.42 6.57 5.00 4.77 4.72 4.56 5.92 8.21 8.37 6.46 4.81 3.87 3.34 2.92 2.91 2.99 3.05 3.61 4.30 5.33 6.91 7.50 6.46 5.52 5.02 3.94 3.10 2.37 2.05 2.64 3.27 3.28 3.04 2.91 2.87 2.83 2.83 2.92 3.24 3.63 3.94 4.27 4.40 4.28 4.26 4.46 4.58 4.61 4.61 4.27 3.97 4.27 4.75 4.99 5.33 6.25 7.07 6.91 5.22 3.41 3.13 3.15 2.47 1.37 0.82
1.92 2.26 2.46 2.65 3.18 3.30 2.97 2.81 2.82 3.70 4.74 4.53 4.47 6.14 10.13 12.17 11.20 9.96 9.12 8.78 7.68 5.20 4.38 4.12 3.59 4.10 6.39 8.60 8.28 6.07 4.38 3.75 3.48 3.23 3.14 3.09 3.02 3.39 4.90 6.72 7.14 6.57 5.92 4.87 4.12 3.78 3.17 2.65 2.83 3.32 3.45 3.27 3.05 2.92 2.83 2.81 2.98 3.35 3.63 3.87 4.21 4.37 4.38 4.43 4.59 4.80 4.82 4.92 4.81 4.03 3.61 4.05 4.55 4.85 5.71 7.05 7.62 6.63 4.31 3.37 3.15 2.63 1.95 1.26
1.66 2.30 2.80 2.74 3.12 3.27 3.16 3.11 3.04 3.43 4.06 4.45 4.49 7.23 12.41 12.23 9.62 9.07 8.52 8.48 7.93 5.87 4.48 4.05 3.55 3.57 4.87 7.38 8.81 7.67 5.37 4.25 4.04 3.60 3.36 3.28 2.83 2.85 4.84 6.78 6.46 6.17 5.94 4.56 4.09 4.01 3.57 2.98 2.94 3.25 3.39 3.33 3.17 3.01 2.90 2.83 2.99 3.43 3.71 3.97 4.25 4.38 4.49 4.55 4.70 4.97 5.02 5.19 5.55 4.87 3.61 3.23 3.60 3.96 4.80 6.41 7.69 7.69 6.27 4.37 3.28 2.64 2.22 1.81
1.22 1.92 2.89 3.02 3.23 3.27 3.07 3.10 3.36 3.72 4.00 4.47 4.74 8.48 13.11 11.60 9.22 8.57 7.79 7.90 7.73 6.25 4.96 4.43 3.72 3.48 4.15 6.22 8.25 8.22 6.39 5.09 4.65 4.18 3.79 3.34 2.81 2.61 4.71 6.80 6.01 5.32 5.20 4.45 4.04 4.02 3.70 3.15 3.05 3.24 3.32 3.30 3.21 3.08 2.94 2.86 3.03 3.49 3.72 3.96 4.26 4.43 4.59 4.61 4.73 5.06 5.23 5.39 5.94 5.92 4.54 3.30 3.00 2.90 3.05 4.63 6.73 7.75 7.64 6.59 4.48 2.92 2.42 2.15
1.13 1.54 2.40 3.14 3.65 3.49 2.99 2.88 3.26 3.84 4.40 4.94 5.98 10.92 13.35 10.96 8.91 7.90 6.99 7.48 7.78 6.58 5.47 4.87 4.03 3.68 4.07 5.62 7.20 7.43 7.00 6.46 5.55 4.77 4.37 3.47 2.64 2.66 4.41 6.54 5.77 4.34 4.26 4.16 4.02 4.15 3.95 3.43 3.26 3.35 3.38 3.36 3.27 3.16 3.00 2.88 3.07 3.47 3.69 3.89 4.14 4.39 4.65 4.69 4.82 5.12 5.41 5.70 6.11 6.47 5.86 4.28 3.28 2.85 2.44 2.70 4.74 6.49 7.32 7.70 6.60 3.97 2.99 2.42
1.57 1.63 1.85 2.71 3.78 3.97 3.42 3.09 3.22 3.70 4.59 5.89 9.30 13.21 12.62 9.48 8.28 7.68 7.13 7.66 8.07 7.08 5.93 5.11 4.42 4.17 4.41 5.17 6.00 5.87 6.02 7.13 6.95 5.51 5.00 3.84 2.70 3.03 4.25 5.74 5.07 3.84 3.78 3.75 3.81 4.12 4.08 3.69 3.50 3.47 3.45 3.46 3.39 3.34 3.22 3.04 3.13 3.42 3.67 3.87 4.03 4.29 4.54 4.67 5.00 5.39 5.66 6.05 6.36 6.63 6.68 5.76 4.08 3.03 2.53 2.30 3.09 4.80 5.82 7.04 7.34 5.76 4.24 3.10
1.96 1.96 1.95 2.31 3.03 3.89 4.25 3.90 3.62 4.26 5.01 7.36 12.74 13.55 9.73 7.73 7.72 7.38 6.84 7.86 8.73 7.75 6.34 5.40 4.85 4.75 4.79 4.87 5.10 4.72 4.64 6.45 7.45 6.80 6.04 4.53 3.11 3.20 3.68 4.24 4.07 3.76 3.75 3.55 3.58 3.91 3.98 3.80 3.69 3.63 3.55 3.45 3.32 3.35 3.42 3.28 3.22 3.40 3.68 3.87 4.00 4.25 4.32 4.42 5.04 5.81 6.19 6.49 6.71 6.92 7.13 6.82 5.32 3.55 2.75 2.20 2.31 3.63 4.61 5.67 6.69 6.23 4.89 3.83
1.87 2.34 2.62 2.28 2.18 2.82 4.14 4.46 4.56 5.75 6.62 10.62 14.10 10.97 7.15 6.89 7.07 6.99 6.41 7.21 8.65 8.59 7.33 6.10 5.39 5.19 5.02 4.72 4.60 4.28 4.24 5.34 6.55 7.33 7.22 5.45 3.57 3.11 2.82 2.80 3.36 3.72 3.78 3.58 3.54 3.74 3.87 3.86 3.82 3.79 3.74 3.61 3.20 2.96 3.24 3.34 3.30 3.43 3.72 3.92 4.05 4.23 4.17 4.05 4.63 5.72 6.55 7.02 7.30 7.63 7.72 7.70 6.88 4.84 3.14 1.94 1.88 3.14 4.15 4.80 5.83 5.96 4.76 3.61
1.47 2.53 3.39 2.60 2.17 2.50 3.20 3.95 5.15 6.63 8.89 13.60 13.78 7.89 6.25 6.53 6.74 7.24 7.03 6.87 7.45 8.09 8.06 7.56 6.57 5.69 5.03 4.42 4.29 4.31 4.38 4.75 5.45 6.79 7.72 6.38 4.10 3.12 2.66 2.55 3.23 3.84 3.96 3.85 3.76 3.78 3.87 3.93 3.97 3.97 3.97 4.07 3.75 2.92 2.68 2.83 3.06 3.38 3.62 3.91 4.14 4.19 4.02 3.72 3.88 4.68 5.67 6.50 7.27 8.05 8.35 8.34 8.25 6.86 3.72 1.93 1.99 3.35 4.55 5.12 5.44 5.58 4.83 3.40
1.11 2.35 3.77 3.41 2.70 2.78 3.18 3.66 4.94 6.23 10.52 14.07 11.24 7.07 6.38 6.44 6.83 7.80 7.77 6.56 6.26 6.83 7.59 8.11 7.56 6.58 5.73 4.87 4.41 4.57 4.75 5.02 5.02 5.68 7.41 6.88 4.58 3.32 2.94 2.96 3.37 3.94 4.15 4.13 4.05 3.99 3.99 4.04 4.10 4.14 4.21 4.54 4.60 3.72 2.64 2.03 2.48 3.16 3.37 3.66 4.01 4.08 3.90 3.54 3.45 3.82 4.26 4.80 5.66 7.03 8.08 8.48 8.87 8.13 5.18 2.72 2.69 3.71 5.29 5.81 4.96 5.04 5.02 3.48
1.22 2.03 3.38 4.05 3.62 3.39 3.67 4.17 5.05 5.56 9.59 14.51 11.47 7.28 6.66 6.43 7.07 8.28 7.76 5.92 5.83 6.40 7.05 7.72 7.45 6.60 6.05 5.93 5.38 4.90 5.01 5.27 4.72 4.73 6.62 6.37 4.48 3.43 3.14 3.26 3.52 3.91 4.16 4.24 4.20 4.16 4.15 4.20 4.26 4.38 4.59 4.95 5.17 4.65 3.09 1.66 1.90 2.74 3.19 3.45 3.67 3.84 3.89 3.62 3.44 3.85 4.20 4.23 4.42 5.09 6.44 7.95 9.11 8.81 6.44 4.03 3.27 3.79 5.72 6.36 4.98 4.94 4.98 3.41
2.01 2.15 2.60 3.59 4.29 4.52 4.73 5.02 5.53 5.57 8.01 14.41 13.44 7.71 6.49 6.32 7.24 8.23 6.96 5.87 6.12 6.49 6.95 7.14 6.75 6.18 5.82 6.12 5.99 5.43 5.37 5.27 4.29 4.12 5.36 5.25 4.15 3.37 3.18 3.39 3.69 3.99 4.22 4.33 4.33 4.30 4.29 4.32 4.43 4.71 5.10 5.43 5.66 5.19 3.59 1.96 1.61 2.13 2.98 3.44 3.32 3.40 3.80 3.84 3.69 4.15 4.59 4.34 4.23 4.45 4.80 6.38 8.81 9.13 7.06 4.97 3.77 3.64 5.58 6.66 5.74 5.35 4.78 3.34
3.26 2.85 2.35 2.53 3.67 4.95 5.80 6.35 6.54 5.93 8.41 13.96 12.73 7.41 6.14 6.31 7.24 7.82 6.87 6.41 6.55 6.62 6.92 6.70 6.33 6.34 6.10 5.95 5.83 5.33 5.55 5.70 4.36 3.44 3.89 4.41 3.91 3.36 3.17 3.37 3.75 4.07 4.32 4.49 4.52 4.44 4.44 4.45 4.64 5.02 5.48 5.98 6.25 5.52 4.15 2.75 1.78 1.80 2.76 3.38 3.06 2.92 3.40 3.80 3.98 4.50 4.95 4.69 4.52 4.69 4.68 5.28 7.58 8.91 7.48 5.67 4.64 3.94 4.56 6.17 6.49 5.72 4.67 3.91
4.72 3.69 2.46 2.25 2.77 3.99 5.42 7.36 8.07 7.97 11.38 13.43 9.99 6.36 5.70 6.13 7.22 7.38 6.84 7.04 7.37 7.24 7.06 6.78 6.53 6.68 6.33 5.92 5.77 4.91 4.78 5.83 4.99 3.28 3.35 4.06 3.93 3.51 3.33 3.43 3.78 4.12 4.37 4.65 4.79 4.67 4.60 4.71 5.05 5.34 5.76 6.58 6.92 5.92 4.68 3.51 2.32 2.08 2.54 3.08 2.85 2.62 2.95 3.33 3.78 4.42 4.95 5.00 4.98 5.15 5.24 5.44 6.75 8.21 7.49 6.21 5.87 5.11 4.12 5.13 6.53 6.15 5.54 4.61
5.65 4.42 2.84 2.63 2.92 3.36 4.03 6.27 9.36 11.17 12.24 10.83 7.63 5.94 5.21 5.60 6.81 7.02 6.46 6.77 7.57 7.80 7.75 8.04 8.07 7.23 6.50 6.05 5.68 4.46 3.77 4.94 5.00 3.66 3.37 3.92 4.05 3.73 3.54 3.57 3.84 4.17 4.33 4.58 4.89 4.89 4.78 5.09 5.49 5.65 6.11 7.11 7.56 6.67 5.42 4.34 3.17 2.53 2.53 2.74 2.56 2.48 2.78 3.08 3.36 3.86 4.44 4.83 4.96 5.18 5.46 5.57 6.51 7.73 7.60 6.69 6.48 5.94 4.75 5.19 6.46 7.15 7.20 5.91
5.38 5.03 3.95 3.37 3.43 3.69 3.86 5.36 10.48 12.66 10.91 8.46 7.21 6.06 5.21 5.18 6.03 6.68 6.45 6.27 6.68 7.07 7.06 8.05 9.56 9.50 7.63 6.11 5.21 4.21 3.12 3.66 4.46 3.84 3.46 3.78 4.07 3.98 3.82 3.76 3.93 4.27 4.40 4.49 4.78 4.93 4.90 5.34 5.72 5.83 6.48 7.59 8.12 7.69 6.60 5.15 3.81 2.90 2.75 2.54 2.27 2.45 2.81 3.09 3.32 3.62 4.04 4.41 4.65 4.91 4.98 4.81 5.44 6.89 7.59 7.25 6.67 5.74 4.83 5.42 6.36 7.13 8.21 7.70
3.97 4.79 5.32 4.82 4.84 4.49 3.89 5.95 12.05 13.35 9.65 8.02 7.50 6.35 5.60 5.14 5.23 5.90 6.59 6.43 5.97 5.84 5.54 6.47 9.02 10.97 10.16 6.58 4.89 4.26 3.10 3.13 3.86 3.91 3.64 3.65 3.94 4.06 4.05 4.03 4.09 4.39 4.56 4.52 4.77 5.10 5.11 5.31 5.70 6.00 6.64 7.86 8.67 8.73 7.84 5.87 4.33 3.40 3.00 2.77 2.35 2.45 2.91 3.23 3.48 3.59 3.85 4.13 4.52 5.11 4.98 3.85 3.48 4.77 6.43 7.55 7.14 5.23 4.07 4.95 5.53 5.88 7.65 8.82
2.53 3.61 5.05 5.90 6.60 5.36 3.86 6.66 12.86 12.61 8.14 7.55 7.92 7.27 6.32 5.49 4.91 5.18 6.04 6.33 5.81 5.24 4.86 5.50 7.45 10.52 11.95 8.77 5.02 4.17 3.58 3.30 3.59 3.87 3.80 3.58 3.70 3.90 4.03 4.14 4.25 4.53 4.66 4.54 4.77 5.47 5.67 5.24 5.41 6.02 6.60 7.71 9.07 9.64 8.86 6.71 4.91 3.85 3.27 3.14 2.84 2.58 3.00 3.41 3.61 3.53 3.69 3.96 4.36 5.26 5.21 3.49 2.31 3.18 5.05 7.48 7.67 5.28 3.81 4.17 4.61 4.88 6.24 8.84
