windninja/windninja_output/Output_2025-08-24_1200-1250_Google earth_Fire_150m_10min/merlingen_7.5mi_point_08-24-2025_1240_150m_ang.asc
ncols	158
nrows	163
xllcorner	391686.332397
yllcorner	5160024.123721
cellsize	150.000000
NODATA_value	-32768.000000
[rows 98 to 146 of 163, columns 0 to 95 of 158]
15 48 63 66 68 65 60 59 60 64 71 80 87 88 87 87 85 78 63 53 51 58 68 75 70 58 58 63 68 72 76 76 75 74 74 76 80 83 83 79 76 72 69 68 67 66 67 68 67 64 61 58 56 54 54 56 58 59 59 59 58 57 57 55 51 49 47 45 44 42 41 40 39 38 36 35 34 32 31 29 28 26 25 23 22 21 21 20 20 19 18 18 16 15 15 14
26 62 75 77 80 79 77 74 71 70 73 78 82 88 90 87 82 73 63 56 53 60 68 67 55 48 57 65 70 74 77 79 80 79 79 80 82 84 87 88 84 80 76 71 68 68 69 68 65 62 60 58 56 54 55 55 56 57 57 56 54 55 57 58 57 55 52 48 46 44 43 42 41 40 39 38 36 35 34 32 30 29 28 26 25 24 23 22 21 21 20 19 18 17 16 15
46 64 76 80 81 81 82 82 79 76 76 75 77 83 86 82 79 75 66 58 63 71 72 62 51 53 61 67 72 75 78 81 84 87 87 87 85 85 88 92 93 89 84 77 71 69 68 66 64 61 59 57 55 54 53 54 54 55 56 54 51 51 53 55 57 57 55 51 48 47 46 45 44 43 42 41 39 38 36 35 33 32 30 29 28 26 25 24 23 23 22 20 19 19 18 17
57 66 76 78 79 80 80 81 80 78 76 74 72 71 72 72 71 69 64 65 76 79 70 58 56 61 66 70 73 76 79 84 88 92 96 96 94 92 92 95 98 97 92 88 80 73 70 67 64 61 59 57 55 55 55 54 52 53 54 53 52 51 52 53 54 54 54 53 51 51 50 49 48 47 45 44 43 41 40 38 36 35 33 31 30 29 27 26 25 24 23 22 21 21 19 18
64 69 76 77 77 78 79 79 78 77 75 73 69 63 60 61 63 62 59 68 75 70 61 59 61 64 69 73 75 78 81 85 89 94 98 103 104 102 100 100 103 105 102 99 90 78 70 66 63 61 59 57 56 55 56 54 52 53 52 51 50 49 51 53 54 54 52 52 51 54 56 56 53 51 49 48 47 45 43 41 39 37 36 34 32 31 30 28 27 26 25 24 23 22 21 20
67 70 73 75 75 76 77 77 77 77 75 74 71 68 67 67 66 64 64 70 68 57 58 62 63 64 69 74 77 80 84 85 88 92 97 103 110 111 108 106 108 113 112 110 105 91 76 67 62 60 59 58 57 55 54 53 52 53 52 51 49 47 48 51 53 53 51 50 49 51 57 61 60 58 56 54 52 50 48 45 43 41 39 37 35 33 32 30 29 28 27 26 25 24 24 23
68 69 71 73 74 76 77 77 77 78 79 79 79 83 86 85 79 74 74 73 63 56 58 61 61 62 67 71 76 81 85 86 88 91 95 101 108 114 114 112 114 118 121 120 119 109 90 75 65 61 60 59 58 57 56 53 52 51 52 52 51 49 49 51 52 52 49 46 45 47 53 58 63 66 67 65 63 59 54 51 48 45 42 39 37 36 34 33 32 30 29 28 27 27 26 26
70 70 70 71 73 76 77 76 76 78 81 84 88 91 93 92 87 82 77 71 63 61 61 59 59 60 64 68 73 79 84 87 90 90 92 97 106 113 118 118 119 122 125 127 129 124 104 84 69 62 60 58 56 56 57 56 53 52 52 53 52 51 51 53 53 52 50 45 42 46 50 52 56 61 65 69 70 68 65 62 57 51 46 43 40 38 37 35 34 33 32 31 30 30 29 27
70 69 68 68 70 72 74 74 74 76 79 82 85 87 89 89 85 80 74 66 63 65 63 57 57 59 61 64 70 77 82 87 89 87 88 96 106 114 119 122 123 125 127 130 135 135 123 98 78 67 62 58 55 54 54 54 54 53 53 53 52 51 51 52 53 52 51 46 42 45 48 50 51 52 54 59 63 64 65 67 66 59 50 46 43 41 40 38 36 35 35 34 33 32 30 29
68 67 65 66 68 69 71 71 70 71 72 73 73 74 78 81 80 77 71 64 63 66 66 58 54 56 58 59 65 75 82 86 85 80 86 98 107 113 116 121 126 128 128 131 138 143 141 119 91 75 67 62 57 55 53 52 52 53 53 53 53 53 52 52 51 51 50 48 43 43 47 49 51 52 53 55 57 56 55 59 63 63 57 51 47 44 42 41 40 39 38 38 36 34 33 32
67 65 63 65 66 66 65 65 64 66 67 68 67 67 70 74 75 72 66 64 65 69 68 60 53 53 56 55 60 72 80 82 80 74 87 100 107 108 110 117 127 130 129 134 140 146 152 144 109 80 69 65 61 58 55 52 52 52 52 51 51 53 53 52 52 51 50 48 45 42 45 49 52 53 53 54 55 55 54 57 59 61 61 56 51 48 46 45 44 43 42 41 39 37 36 35
66 64 63 65 65 64 64 63 64 65 66 66 64 64 68 72 72 63 57 60 68 73 71 63 54 52 54 53 60 72 76 76 74 74 87 99 102 103 109 116 121 124 128 137 144 147 156 164 142 93 71 63 60 58 56 54 52 52 51 49 49 51 52 51 52 53 52 50 46 43 44 49 53 53 53 53 54 55 56 59 60 60 61 60 57 53 51 49 49 48 47 45 43 41 40 40
65 64 66 68 69 69 68 67 66 65 66 66 63 63 68 73 72 55 48 56 67 76 75 67 59 54 53 53 60 70 74 73 71 73 85 95 99 104 110 112 108 110 121 136 147 149 159 175 172 124 79 64 58 55 55 54 52 53 53 50 49 51 51 49 50 53 54 52 48 44 43 48 52 52 53 55 56 56 57 59 61 62 62 61 63 61 58 56 55 54 53 51 50 48 46 46
65 67 69 71 71 70 69 68 67 65 65 67 67 66 70 74 70 46 41 52 62 73 79 71 62 60 58 54 56 63 69 73 70 72 83 93 100 106 110 105 103 103 108 125 141 150 162 180 186 166 99 67 57 55 55 53 51 53 54 52 50 51 51 49 48 50 52 52 50 46 44 48 53 53 54 56 56 56 57 60 62 64 64 61 60 62 65 65 64 64 63 61 59 56 54 53
69 70 71 71 70 68 66 65 65 63 61 64 69 69 71 74 70 40 35 47 55 65 75 70 61 67 70 68 62 59 62 69 71 76 86 94 100 104 105 101 101 96 97 109 132 151 163 178 190 191 155 68 54 56 56 53 50 52 53 52 50 50 50 49 48 48 49 49 49 48 48 51 54 54 54 56 56 55 55 57 60 64 64 62 59 58 63 68 71 73 74 71 65 61 59 57
70 71 71 70 70 69 67 65 62 59 57 63 68 68 69 74 71 37 28 39 48 58 66 67 62 72 77 80 75 64 60 63 71 82 93 98 99 97 96 94 90 86 92 103 121 146 161 171 188 199 200 129 49 53 55 53 50 50 52 52 49 47 49 50 48 47 47 47 46 46 46 50 53 53 53 55 56 55 54 54 57 62 63 63 62 58 59 63 66 69 71 69 64 62 61 62
67 67 68 68 68 68 67 66 61 58 60 65 66 62 65 74 75 41 14 35 43 51 58 62 65 71 73 75 78 75 64 62 70 82 93 98 96 92 88 82 75 80 90 98 108 126 149 163 179 198 212 229 28 48 52 52 50 49 51 52 49 46 47 50 48 46 46 46 46 45 44 47 52 52 52 54 56 56 55 54 57 59 58 58 58 54 55 58 56 59 62 60 59 60 62 64
63 64 65 66 65 64 63 63 62 62 67 71 65 56 61 74 80 56 360 34 45 48 50 55 63 68 67 65 71 76 66 61 67 79 89 95 94 89 83 74 72 82 90 93 97 110 137 160 170 192 219 237 272 34 50 52 50 49 51 52 49 45 47 50 49 45 45 46 46 45 44 47 51 55 55 54 55 57 56 55 58 60 56 53 53 48 47 51 52 57 60 57 55 55 56 56
60 63 64 64 64 63 60 58 60 67 75 75 62 51 60 75 82 66 352 34 50 49 48 52 57 62 62 61 71 75 64 59 63 72 84 92 92 83 73 71 75 85 87 86 89 99 114 141 151 174 224 245 263 343 43 50 51 50 51 52 49 46 47 50 49 45 45 46 46 45 44 45 47 52 56 57 57 56 57 57 61 63 59 53 50 46 43 47 52 57 59 55 51 48 48 48
59 62 64 64 65 64 60 57 60 67 74 75 61 51 62 73 80 75 3 45 55 54 53 52 53 55 55 58 69 74 69 65 63 70 77 83 82 71 64 70 76 80 80 79 81 82 80 86 109 124 225 258 271 304 23 46 51 50 51 52 50 47 47 49 49 45 44 45 45 45 44 43 44 47 51 56 57 57 57 57 61 64 61 52 49 46 44 46 52 55 55 52 47 45 47 48
60 61 63 64 65 64 61 60 64 67 71 72 63 57 64 70 76 84 118 152 94 72 66 63 60 56 52 55 61 64 69 74 75 78 76 70 64 54 56 65 68 68 70 72 74 73 71 72 77 75 9 280 281 297 354 40 49 50 51 52 51 48 47 48 47 43 42 43 45 45 44 42 42 44 47 51 53 54 56 56 59 62 60 53 49 48 46 47 52 52 50 47 44 45 50 50
60 60 62 66 68 65 63 66 71 71 69 71 68 64 65 68 74 84 109 155 147 109 88 82 78 73 66 65 64 65 72 81 88 88 80 70 62 52 54 57 55 55 59 62 65 65 64 64 62 50 16 307 292 297 331 31 48 51 51 52 52 50 49 50 46 44 42 42 44 46 46 43 42 42 45 47 49 51 55 58 60 62 59 54 51 50 48 48 50 50 48 45 42 46 50 47
57 58 60 65 69 68 69 73 77 75 71 74 75 67 64 67 74 81 94 135 154 138 113 99 93 90 87 85 84 85 85 87 91 89 83 77 69 63 62 58 53 50 53 57 59 58 56 53 47 36 18 335 306 303 323 18 46 52 51 52 53 51 50 53 53 55 54 49 48 49 47 45 43 43 44 45 46 49 53 58 61 62 60 55 54 52 49 49 49 49 47 44 40 44 47 43
54 56 58 59 60 61 65 73 79 78 72 77 81 73 63 65 71 78 86 105 142 144 131 116 106 101 98 98 101 102 99 95 92 89 85 81 78 74 70 67 60 55 57 60 61 60 59 55 42 32 19 352 321 311 322 6 43 51 51 53 54 51 53 56 59 66 72 71 62 55 51 48 47 46 44 43 43 46 49 53 57 59 59 55 54 52 49 48 49 49 47 42 38 41 44 42
48 54 57 55 51 50 54 61 71 75 74 81 87 86 71 65 68 73 78 85 111 131 133 126 115 109 107 108 108 107 106 101 95 92 88 84 82 77 71 72 70 65 63 63 65 68 68 61 46 34 24 6 333 317 323 357 38 49 50 53 54 53 55 57 56 61 68 76 79 70 59 54 52 50 46 43 42 43 45 48 51 55 56 53 51 49 45 44 46 48 45 38 37 42 46 44
49 58 62 57 52 51 52 55 61 64 71 84 92 94 84 75 70 67 69 77 91 108 120 122 118 115 114 112 113 113 112 106 98 94 91 86 82 78 73 71 73 69 64 62 62 66 67 60 45 33 27 15 344 325 329 352 35 52 55 55 53 53 56 56 55 59 61 64 72 79 73 65 60 55 51 47 43 42 43 43 45 49 51 49 48 47 43 42 45 47 44 36 36 44 48 46
54 60 64 59 55 57 56 55 58 59 64 79 90 90 90 86 75 64 62 70 84 96 106 112 112 112 113 117 120 121 119 108 100 98 94 87 84 82 76 70 71 71 66 63 62 62 62 57 41 31 27 18 353 333 336 356 30 51 59 57 52 53 54 53 55 59 60 59 62 69 79 80 76 69 62 55 49 46 45 42 42 46 48 47 47 46 42 41 47 48 44 35 34 42 46 43
50 57 60 56 54 57 57 56 59 57 60 69 78 82 90 93 83 68 59 62 73 88 99 102 104 107 115 125 129 130 125 108 100 99 96 89 85 86 81 74 72 73 70 68 65 62 60 54 39 32 29 20 0 343 340 356 23 41 50 49 48 52 52 51 54 58 59 58 58 60 67 79 85 87 82 73 65 59 54 49 46 48 49 47 46 45 40 40 45 47 42 32 33 42 45 40
47 56 60 56 54 56 58 60 60 56 56 61 66 74 82 92 89 74 65 63 69 81 94 99 107 118 126 132 135 139 134 109 98 97 97 91 86 87 86 80 77 78 77 73 69 66 62 53 39 32 29 20 2 350 345 354 17 36 46 45 45 50 51 51 55 58 58 58 57 56 58 66 76 85 91 94 90 82 75 66 59 56 52 47 46 43 38 39 44 46 42 33 35 43 42 38
47 57 62 58 54 55 59 63 62 57 53 54 58 65 77 87 86 80 78 76 82 89 95 104 110 117 125 130 135 143 142 114 96 90 92 91 87 87 88 85 82 85 90 83 75 70 65 55 42 33 29 20 3 353 350 356 14 37 47 47 47 50 51 53 56 58 58 57 57 56 57 63 69 76 85 96 105 105 97 85 72 64 57 51 46 39 33 34 38 42 41 35 36 41 41 38
46 57 63 60 56 58 62 64 63 58 52 50 52 56 65 77 81 83 90 105 110 104 98 98 102 104 107 115 129 142 146 125 100 86 82 84 86 86 86 86 86 90 100 102 87 75 66 54 42 35 29 20 4 356 355 359 16 37 48 49 50 50 51 53 56 57 57 57 56 56 58 62 67 74 80 88 102 115 113 106 95 76 62 54 47 37 30 29 31 35 36 33 34 38 40 39
47 58 66 65 63 67 72 71 66 61 57 53 50 49 54 62 74 89 107 116 119 114 99 90 91 93 97 105 115 131 142 135 111 91 78 75 78 82 83 84 87 92 101 112 106 84 69 52 40 36 29 19 5 359 359 3 18 37 48 50 50 50 51 53 55 57 57 56 56 56 58 60 64 68 75 83 94 109 117 118 117 106 85 64 52 41 32 29 30 33 34 33 32 33 35 36
49 58 66 67 66 71 77 79 77 73 69 65 59 55 54 61 74 94 110 118 120 116 105 92 87 90 94 95 101 118 133 139 128 104 85 74 70 71 76 80 84 89 97 109 117 101 74 55 44 40 30 20 7 3 4 6 20 37 47 50 50 51 52 54 56 57 57 57 56 56 57 60 62 63 67 76 86 97 107 117 123 126 121 100 75 55 43 40 41 40 38 38 34 30 31 32
50 57 63 64 65 70 72 75 81 87 86 80 75 71 70 71 80 94 106 113 117 119 116 103 90 86 88 91 97 108 123 137 143 124 99 82 71 67 66 71 77 83 89 99 112 111 82 59 51 45 32 21 11 7 10 12 22 38 48 52 53 54 55 56 57 57 58 57 56 56 57 60 61 62 64 69 77 86 91 101 115 130 135 130 114 90 65 54 52 49 45 45 40 32 31 31
53 59 63 63 67 71 68 65 71 82 91 90 87 84 84 86 89 93 97 106 115 122 123 117 101 86 79 87 96 103 115 129 147 145 116 97 82 72 65 64 69 75 78 85 92 96 78 62 56 47 32 22 15 13 15 18 25 39 50 54 55 58 58 58 59 59 59 59 57 57 58 60 59 61 64 68 74 79 80 85 99 120 138 141 135 125 108 80 65 57 51 49 45 37 34 35
58 63 66 65 69 73 70 64 63 68 78 87 90 92 95 99 100 95 90 94 110 123 128 124 109 87 75 78 89 97 106 117 138 150 134 114 98 84 72 69 70 71 72 73 71 60 53 54 54 45 32 23 19 18 20 22 27 40 49 52 55 57 57 57 60 60 62 62 60 59 60 60 59 59 62 67 75 80 80 82 88 100 125 140 141 140 136 122 96 75 63 54 49 41 36 38
60 64 66 67 70 71 71 72 67 65 68 72 79 89 103 111 108 100 91 88 96 118 128 125 115 92 77 72 77 87 95 104 120 141 144 130 109 94 85 80 76 72 72 69 58 46 40 37 40 39 32 25 21 22 23 24 30 42 50 53 56 57 55 56 59 61 62 64 66 66 64 62 61 59 60 65 72 79 85 87 87 89 100 120 132 140 144 142 126 100 78 63 56 48 39 37
52 59 64 67 70 69 70 75 77 73 69 67 72 87 104 113 112 104 97 92 91 101 118 122 122 108 87 76 72 77 86 93 105 124 140 140 125 105 95 90 83 76 73 66 52 45 38 29 29 34 32 27 25 27 27 27 34 46 52 56 58 57 56 57 58 60 61 63 70 75 75 69 64 60 60 63 67 72 81 88 90 87 86 96 112 127 137 143 139 123 102 82 68 58 45 41
38 54 62 66 70 71 71 72 76 81 78 76 78 90 101 107 109 107 103 98 92 92 103 115 126 124 104 87 77 75 78 86 94 106 126 141 142 122 103 95 89 81 73 60 51 47 40 29 27 34 34 31 30 31 30 30 38 49 54 56 57 57 56 57 57 59 60 62 69 77 86 85 76 66 60 60 62 65 69 79 86 85 83 86 97 108 117 128 135 132 121 105 88 73 59 51
31 54 62 65 72 76 75 72 73 78 83 87 92 97 99 102 105 106 105 98 93 93 99 109 124 133 119 101 87 78 73 79 88 97 110 132 149 139 107 96 91 85 71 57 51 48 41 30 29 35 35 35 35 35 33 35 44 53 56 56 56 56 57 57 56 58 60 64 69 76 86 97 98 91 77 65 62 61 61 65 74 80 80 84 87 88 94 104 118 124 117 103 95 89 78 64
50 63 64 63 71 78 80 78 77 79 83 91 102 107 103 100 99 97 96 94 92 95 101 108 120 134 132 113 97 83 72 72 82 91 100 116 144 146 113 97 88 79 67 56 49 45 40 31 31 36 37 39 39 38 39 42 50 56 57 57 57 56 57 56 56 58 61 66 70 74 81 94 106 110 107 90 71 64 59 60 65 70 76 82 78 69 71 75 72 65 61 68 77 85 91 88
64 69 70 68 69 71 77 85 88 88 89 98 110 112 107 100 93 86 82 84 87 92 99 106 115 128 134 123 106 92 78 73 75 80 89 102 125 139 121 98 81 66 60 54 47 45 41 34 34 38 40 41 40 41 45 50 55 57 57 58 58 58 57 54 54 59 63 67 71 73 78 87 100 112 118 115 92 74 65 63 64 65 68 70 58 50 49 45 40 30 29 40 52 62 74 90
61 66 76 80 70 63 68 79 87 95 102 106 111 112 107 99 93 87 82 79 80 84 91 98 108 119 130 130 117 106 95 83 75 72 80 89 105 122 117 94 71 60 56 50 46 46 42 37 38 41 44 45 44 46 51 55 56 57 58 59 59 60 58 52 51 56 61 66 69 72 75 81 91 103 114 121 107 86 76 71 70 71 69 63 53 49 50 45 38 31 29 35 40 48 56 63
49 63 78 87 83 73 70 71 78 92 106 112 110 108 103 98 95 93 94 90 82 78 78 85 96 108 120 129 126 119 114 98 83 76 77 81 89 97 96 77 62 56 53 48 46 45 42 40 43 45 47 51 56 59 60 58 56 57 58 59 60 61 58 51 49 52 56 59 61 65 68 71 78 91 103 113 104 90 86 85 83 80 75 71 67 66 61 49 39 34 33 38 44 51 58 62
34 62 76 86 96 97 89 79 80 86 96 107 109 102 101 99 97 98 103 107 97 84 76 76 81 90 103 116 121 122 122 115 101 88 80 77 77 75 65 52 50 51 48 45 44 43 42 44 46 47 49 57 67 75 76 66 59 59 60 60 61 61 58 54 53 55 55 54 54 57 60 62 68 77 88 88 82 80 83 91 91 83 80 81 79 72 59 41 32 32 38 48 58 67 72 72
34 63 72 80 94 102 104 103 95 89 90 96 100 98 99 100 100 101 105 111 108 99 90 83 80 80 81 89 104 114 121 123 119 103 87 78 69 59 47 40 44 47 46 45 43 43 44 46 47 49 54 63 72 80 88 80 67 65 64 64 64 63 63 62 63 67 67 64 59 57 56 59 66 71 71 63 62 66 74 84 87 81 82 85 78 66 49 30 23 29 40 51 62 71 76 76
61 71 72 73 82 93 103 110 108 103 93 87 89 97 98 99 100 101 103 105 106 107 104 96 90 85 80 79 86 99 110 118 124 116 94 79 64 50 40 39 43 47 47 45 44 44 46 47 48 52 61 69 75 81 87 90 81 73 71 72 71 67 66 68 70 74 79 80 75 68 61 62 68 70 66 57 55 60 71 77 77 78 83 81 68 60 43 21 16 26 39 50 60 68 73 76
79 86 85 74 72 80 92 102 109 113 100 90 91 95 94 93 94 96 95 95 100 105 106 104 99 96 96 91 87 87 92 102 114 114 94 74 60 46 38 39 43 45 46 46 45 46 48 48 50 57 66 73 79 83 86 94 100 87 79 81 79 72 69 69 71 76 82 84 84 83 78 71 70 69 65 59 59 63 70 71 72 79 81 65 56 52 37 18 13 27 41 52 60 67 73 76
87 95 103 90 75 74 79 89 101 111 106 102 100 95 90 87 88 86 80 81 88 94 98 100 100 101 106 106 100 93 87 86 91 96 81 66 55 45 39 41 43 44 45 46 47 48 49 50 56 64 70 75 81 85 88 97 112 109 95 88 84 78 72 69 70 75 78 81 84 86 88 85 76 71 66 60 64 74 74 69 71 75 68 55 51 48 32 15 17 35 51 58 62 67 72 74
