windninja/windninja_output/Output_2025-08-24_1200-1250_Google earth_Fire_150m_10min/merlingen_7.5mi_point_08-24-2025_1220_150m_vel.asc
ncols	158
nrows	163
xllcorner	391686.332397
yllcorner	5160024.123721
cellsize	150.000000
NODATA_value	-32768.000000
[rows 0 to 37 of 163, columns 0 to 83 of 158]
1.57 1.51 1.46 1.52 1.60 1.63 1.61 1.60 1.61 1.62 1.60 1.57 1.52 1.41 1.24 1.04 0.82 0.70 0.75 0.83 0.96 1.22 1.49 1.60 1.53 1.39 1.28 1.29 1.40 1.46 1.43 1.37 1.29 1.23 1.26 1.27 1.15 1.02 0.98 1.02 1.12 1.22 1.24 1.20 1.19 1.19 1.15 1.14 1.37 1.71 1.94 2.08 2.17 2.20 2.15 2.06 1.96 1.88 1.85 1.87 1.94 2.00 2.02 2.04 2.13 2.23 2.27 2.21 2.12 2.06 2.08 2.11 2.10 2.09 2.15 2.20 2.16 2.02 1.90 1.94 2.01 2.01 1.96 1.87
1.61 1.56 1.51 1.51 1.53 1.54 1.51 1.45 1.41 1.42 1.47 1.54 1.59 1.59 1.52 1.37 1.22 1.13 1.15 1.19 1.20 1.29 1.47 1.61 1.62 1.52 1.42 1.38 1.38 1.38 1.37 1.35 1.34 1.32 1.30 1.34 1.33 1.29 1.28 1.27 1.29 1.35 1.41 1.46 1.49 1.52 1.56 1.54 1.53 1.62 1.73 1.82 1.88 1.90 1.91 1.91 1.93 1.95 1.96 1.93 1.91 1.95 2.01 2.06 2.10 2.15 2.19 2.20 2.16 2.11 2.10 2.12 2.13 2.16 2.20 2.21 2.19 2.14 2.09 2.06 2.06 2.02 1.98 1.95
1.70 1.69 1.64 1.58 1.52 1.48 1.47 1.43 1.40 1.45 1.56 1.65 1.70 1.76 1.82 1.83 1.80 1.76 1.69 1.61 1.52 1.42 1.40 1.52 1.67 1.70 1.62 1.50 1.40 1.36 1.35 1.34 1.37 1.40 1.42 1.48 1.58 1.63 1.63 1.60 1.58 1.60 1.67 1.77 1.84 1.91 2.00 2.04 1.92 1.74 1.69 1.72 1.73 1.74 1.78 1.86 1.96 2.03 2.07 2.07 2.02 2.02 2.07 2.10 2.09 2.08 2.12 2.19 2.22 2.18 2.14 2.13 2.16 2.20 2.20 2.22 2.29 2.35 2.31 2.22 2.18 2.16 2.08 2.07
1.74 1.79 1.78 1.70 1.64 1.60 1.64 1.76 1.87 1.91 1.88 1.81 1.76 1.75 1.82 1.95 1.99 1.97 1.90 1.78 1.64 1.52 1.44 1.47 1.67 1.86 1.88 1.79 1.71 1.67 1.64 1.57 1.49 1.49 1.56 1.61 1.65 1.67 1.68 1.73 1.81 1.87 1.93 1.99 2.05 2.11 2.14 2.19 2.21 2.15 2.06 2.00 1.98 1.99 1.98 1.96 1.96 1.96 2.00 2.08 2.12 2.11 2.10 2.09 2.09 2.09 2.12 2.18 2.20 2.19 2.16 2.14 2.12 2.09 2.07 2.11 2.21 2.33 2.34 2.25 2.23 2.31 2.30 2.23
1.69 1.76 1.85 1.82 1.77 1.76 1.81 1.89 1.95 1.93 1.85 1.77 1.75 1.78 1.83 1.90 1.92 1.86 1.79 1.74 1.64 1.53 1.47 1.50 1.66 1.88 2.08 2.16 2.15 2.12 2.11 2.06 1.96 1.85 1.77 1.75 1.73 1.77 1.87 1.95 2.02 2.10 2.18 2.23 2.24 2.23 2.19 2.18 2.21 2.21 2.13 2.03 2.00 2.03 2.02 1.97 1.93 1.92 1.95 2.01 2.05 2.06 2.06 2.07 2.09 2.10 2.12 2.16 2.18 2.16 2.13 2.08 2.05 2.05 2.05 2.00 1.95 2.01 2.19 2.23 2.14 2.14 2.29 2.35
1.59 1.62 1.73 1.84 1.87 1.86 1.84 1.80 1.72 1.63 1.61 1.62 1.64 1.69 1.75 1.76 1.77 1.71 1.60 1.56 1.54 1.45 1.38 1.41 1.51 1.66 1.85 2.03 2.15 2.22 2.29 2.35 2.38 2.32 2.18 2.06 2.06 2.13 2.20 2.23 2.22 2.20 2.19 2.17 2.15 2.11 2.08 2.06 2.04 2.04 2.05 2.01 1.95 1.92 1.93 1.94 1.95 1.96 1.98 2.01 2.04 2.07 2.09 2.10 2.11 2.11 2.12 2.17 2.22 2.24 2.21 2.13 2.07 2.10 2.18 2.19 2.11 2.02 2.05 2.13 2.07 1.98 2.10 2.27
1.56 1.53 1.53 1.67 1.81 1.86 1.81 1.70 1.57 1.51 1.51 1.55 1.58 1.60 1.62 1.64 1.70 1.75 1.74 1.70 1.65 1.54 1.38 1.30 1.32 1.39 1.49 1.67 1.87 2.03 2.15 2.26 2.36 2.43 2.45 2.44 2.43 2.42 2.38 2.31 2.24 2.14 2.02 1.93 1.88 1.89 1.90 1.91 1.92 1.93 1.98 2.02 2.01 1.97 1.95 1.93 1.94 1.96 1.98 2.03 2.12 2.22 2.26 2.24 2.19 2.15 2.15 2.19 2.25 2.31 2.41 2.46 2.40 2.31 2.32 2.41 2.43 2.33 2.19 2.16 2.20 2.19 2.19 2.23
1.61 1.58 1.51 1.48 1.53 1.59 1.60 1.53 1.44 1.43 1.47 1.53 1.60 1.63 1.63 1.62 1.65 1.76 1.85 1.85 1.83 1.76 1.59 1.38 1.29 1.30 1.40 1.53 1.65 1.75 1.85 1.95 2.04 2.13 2.24 2.32 2.32 2.26 2.19 2.10 2.01 1.92 1.83 1.76 1.71 1.71 1.74 1.76 1.79 1.82 1.84 1.91 2.00 2.05 2.02 1.98 1.98 2.00 2.03 2.11 2.20 2.29 2.37 2.41 2.38 2.28 2.21 2.22 2.28 2.32 2.41 2.54 2.59 2.50 2.38 2.33 2.37 2.36 2.26 2.22 2.25 2.26 2.31 2.38
1.63 1.61 1.56 1.47 1.38 1.34 1.33 1.35 1.38 1.40 1.44 1.48 1.55 1.62 1.66 1.68 1.67 1.72 1.82 1.87 1.87 1.87 1.80 1.66 1.49 1.41 1.45 1.48 1.49 1.53 1.61 1.69 1.79 1.88 1.92 1.91 1.88 1.85 1.81 1.77 1.70 1.64 1.61 1.62 1.63 1.63 1.63 1.63 1.65 1.70 1.78 1.81 1.83 1.91 2.01 2.03 2.05 2.09 2.10 2.07 2.01 1.95 2.02 2.19 2.29 2.31 2.27 2.29 2.36 2.37 2.30 2.24 2.27 2.31 2.28 2.21 2.22 2.26 2.25 2.21 2.22 2.21 2.30 2.54
1.60 1.59 1.56 1.52 1.45 1.37 1.33 1.35 1.40 1.43 1.44 1.43 1.43 1.46 1.52 1.60 1.66 1.70 1.79 1.91 1.97 1.97 1.95 1.89 1.76 1.60 1.53 1.51 1.51 1.53 1.59 1.61 1.64 1.71 1.74 1.71 1.65 1.62 1.60 1.58 1.57 1.57 1.56 1.56 1.55 1.53 1.54 1.55 1.55 1.57 1.62 1.67 1.68 1.75 1.87 1.94 1.92 1.91 1.85 1.73 1.61 1.55 1.51 1.58 1.80 2.04 2.18 2.24 2.28 2.30 2.21 2.08 2.05 2.12 2.16 2.12 2.08 2.11 2.28 2.49 2.59 2.57 2.44 2.44
1.61 1.60 1.57 1.54 1.50 1.48 1.46 1.46 1.46 1.46 1.44 1.41 1.36 1.33 1.35 1.45 1.56 1.64 1.70 1.83 1.98 2.07 2.09 2.05 1.97 1.86 1.71 1.59 1.55 1.54 1.51 1.47 1.43 1.44 1.50 1.54 1.54 1.52 1.53 1.57 1.62 1.62 1.58 1.53 1.47 1.41 1.38 1.41 1.38 1.30 1.30 1.39 1.46 1.51 1.52 1.55 1.46 1.34 1.28 1.26 1.23 1.16 1.08 1.11 1.31 1.55 1.74 1.84 1.89 1.99 2.09 2.12 2.12 2.13 2.13 2.08 2.02 2.03 2.24 2.65 2.94 3.00 2.82 2.54
1.62 1.60 1.58 1.55 1.53 1.51 1.51 1.51 1.50 1.48 1.45 1.41 1.36 1.31 1.29 1.36 1.48 1.58 1.62 1.65 1.75 1.89 2.00 2.03 1.98 1.85 1.64 1.47 1.38 1.34 1.27 1.23 1.22 1.24 1.29 1.34 1.39 1.43 1.48 1.53 1.55 1.57 1.55 1.52 1.50 1.43 1.27 1.17 1.11 0.98 0.88 0.87 0.88 0.90 0.90 0.94 0.96 0.91 0.87 0.84 0.80 0.71 0.62 0.67 0.81 0.95 1.11 1.26 1.41 1.68 1.99 2.17 2.20 2.21 2.33 2.50 2.64 2.69 2.68 2.79 2.96 3.14 3.24 3.20
1.61 1.60 1.58 1.56 1.55 1.53 1.51 1.49 1.47 1.45 1.43 1.40 1.35 1.28 1.23 1.25 1.32 1.43 1.53 1.58 1.60 1.64 1.71 1.75 1.69 1.54 1.40 1.29 1.21 1.16 1.16 1.18 1.20 1.20 1.21 1.23 1.26 1.33 1.39 1.42 1.46 1.50 1.53 1.52 1.50 1.46 1.33 1.14 0.99 0.85 0.70 0.60 0.54 0.55 0.55 0.55 0.62 0.69 0.70 0.69 0.64 0.53 0.36 0.24 0.27 0.37 0.51 0.71 1.04 1.45 1.77 2.01 2.17 2.31 2.59 2.96 3.21 3.32 3.29 3.16 3.05 3.12 3.33 3.48
1.61 1.60 1.57 1.56 1.56 1.55 1.52 1.48 1.45 1.43 1.40 1.38 1.35 1.31 1.24 1.16 1.13 1.20 1.33 1.43 1.45 1.43 1.41 1.38 1.36 1.35 1.32 1.28 1.24 1.19 1.14 1.11 1.13 1.14 1.17 1.25 1.29 1.29 1.28 1.29 1.31 1.30 1.21 1.15 1.12 1.12 1.14 1.20 1.18 1.03 0.83 0.68 0.61 0.61 0.60 0.49 0.44 0.51 0.64 0.77 0.80 0.72 0.61 0.47 0.31 0.23 0.22 0.36 0.68 1.02 1.37 1.70 2.04 2.30 2.47 2.54 2.66 2.82 2.90 2.89 2.88 2.95 3.07 3.11
1.62 1.60 1.58 1.55 1.53 1.51 1.50 1.48 1.46 1.43 1.41 1.38 1.37 1.39 1.38 1.32 1.25 1.19 1.17 1.19 1.20 1.18 1.19 1.22 1.25 1.28 1.31 1.31 1.27 1.22 1.17 1.12 1.10 1.12 1.18 1.26 1.31 1.26 1.16 1.04 0.97 0.93 0.89 0.84 0.82 0.87 0.88 1.00 1.30 1.44 1.26 1.03 0.95 0.97 1.00 0.84 0.65 0.62 0.79 1.05 1.23 1.23 1.25 1.23 1.05 0.80 0.66 0.61 0.65 0.76 0.99 1.45 1.84 2.03 2.02 1.98 2.02 2.04 2.05 2.11 2.29 2.45 2.49 2.45
1.62 1.61 1.58 1.55 1.52 1.48 1.46 1.45 1.44 1.42 1.41 1.39 1.38 1.41 1.47 1.54 1.52 1.39 1.24 1.14 1.11 1.13 1.18 1.24 1.28 1.30 1.32 1.33 1.31 1.28 1.32 1.36 1.33 1.27 1.17 1.05 0.98 0.96 0.90 0.83 0.80 0.82 0.91 0.97 0.95 1.03 1.05 0.92 1.02 1.41 1.68 1.64 1.62 1.74 1.83 1.84 1.58 1.26 1.23 1.38 1.56 1.66 1.67 1.66 1.66 1.57 1.39 1.24 1.08 0.92 0.95 1.12 1.34 1.49 1.63 1.76 1.76 1.70 1.77 1.95 2.04 1.97 1.84 1.76
1.62 1.61 1.58 1.55 1.52 1.50 1.47 1.45 1.43 1.42 1.41 1.40 1.38 1.37 1.39 1.45 1.48 1.46 1.37 1.26 1.19 1.18 1.20 1.25 1.32 1.35 1.33 1.33 1.39 1.43 1.42 1.38 1.28 1.13 0.93 0.78 0.74 0.77 0.83 0.90 0.96 1.03 1.20 1.33 1.33 1.31 1.38 1.32 1.15 1.28 1.69 1.97 2.04 2.06 2.10 2.17 2.14 1.89 1.69 1.77 1.85 1.85 1.80 1.76 1.82 1.87 1.79 1.67 1.59 1.38 1.12 0.98 0.94 1.10 1.42 1.58 1.64 1.79 1.98 2.07 1.94 1.67 1.47 1.32
1.62 1.61 1.59 1.56 1.53 1.51 1.49 1.47 1.46 1.44 1.41 1.38 1.36 1.32 1.28 1.25 1.25 1.29 1.31 1.27 1.19 1.12 1.12 1.17 1.23 1.26 1.26 1.24 1.27 1.30 1.26 1.16 1.08 1.04 1.00 0.96 0.95 0.99 1.09 1.20 1.28 1.31 1.31 1.36 1.41 1.40 1.44 1.59 1.67 1.63 1.64 1.78 1.90 1.92 1.93 2.03 2.20 2.25 2.16 2.10 2.08 2.04 1.98 1.91 1.91 1.99 2.03 1.93 1.79 1.62 1.47 1.29 1.17 1.16 1.19 1.34 1.60 1.82 1.84 1.62 1.39 1.26 1.15 1.06
1.62 1.61 1.59 1.56 1.54 1.51 1.49 1.47 1.46 1.44 1.41 1.37 1.33 1.30 1.25 1.18 1.13 1.10 1.08 1.06 1.04 1.02 1.03 1.04 1.06 1.10 1.13 1.12 1.07 1.03 1.02 1.02 1.06 1.13 1.21 1.24 1.21 1.18 1.19 1.24 1.28 1.30 1.32 1.35 1.41 1.46 1.46 1.55 1.71 1.74 1.63 1.55 1.61 1.75 1.88 2.02 2.20 2.29 2.26 2.19 2.17 2.15 2.08 2.03 2.01 2.04 2.08 2.01 1.86 1.79 1.85 1.84 1.70 1.44 1.20 1.12 1.13 1.09 1.00 0.89 0.85 0.83 0.83 0.96
1.61 1.60 1.58 1.56 1.55 1.52 1.49 1.46 1.44 1.41 1.39 1.38 1.34 1.30 1.24 1.16 1.08 1.01 0.98 0.99 1.01 1.04 1.05 1.05 1.07 1.10 1.12 1.10 1.05 1.01 1.01 1.06 1.09 1.09 1.11 1.16 1.20 1.21 1.26 1.35 1.42 1.48 1.53 1.55 1.55 1.61 1.66 1.59 1.54 1.59 1.59 1.52 1.50 1.64 1.88 2.08 2.21 2.27 2.23 2.12 2.06 2.02 1.95 1.91 1.91 1.91 1.96 2.04 2.12 2.22 2.25 2.15 1.99 1.80 1.60 1.35 1.02 0.79 0.77 0.84 0.87 0.91 0.98 1.13
1.62 1.61 1.59 1.56 1.54 1.52 1.49 1.46 1.43 1.39 1.37 1.36 1.34 1.30 1.26 1.19 1.12 1.08 1.07 1.09 1.11 1.12 1.13 1.14 1.15 1.15 1.14 1.13 1.11 1.10 1.11 1.16 1.21 1.25 1.32 1.43 1.51 1.58 1.62 1.65 1.66 1.65 1.63 1.64 1.68 1.69 1.68 1.61 1.54 1.58 1.65 1.65 1.61 1.62 1.70 1.82 1.98 2.16 2.23 2.14 2.05 2.04 1.97 1.89 1.90 1.96 2.07 2.25 2.41 2.47 2.38 2.15 1.92 1.80 1.76 1.71 1.65 1.60 1.55 1.43 1.35 1.37 1.34 1.29
1.64 1.63 1.59 1.55 1.53 1.51 1.49 1.47 1.43 1.40 1.38 1.35 1.32 1.29 1.27 1.23 1.20 1.18 1.17 1.17 1.17 1.18 1.18 1.19 1.19 1.18 1.18 1.17 1.16 1.15 1.17 1.24 1.37 1.53 1.67 1.80 1.87 1.84 1.77 1.72 1.71 1.70 1.71 1.72 1.70 1.64 1.59 1.63 1.69 1.74 1.79 1.80 1.77 1.67 1.58 1.60 1.71 1.89 2.10 2.19 2.16 2.15 2.11 2.03 2.02 2.12 2.31 2.48 2.52 2.40 2.21 2.05 1.89 1.74 1.66 1.73 1.93 2.13 2.22 2.16 1.95 1.72 1.55 1.43
1.62 1.61 1.58 1.56 1.54 1.52 1.49 1.47 1.44 1.41 1.39 1.37 1.35 1.31 1.28 1.26 1.24 1.24 1.24 1.24 1.23 1.23 1.23 1.22 1.22 1.23 1.23 1.23 1.21 1.21 1.23 1.32 1.47 1.59 1.62 1.61 1.64 1.67 1.62 1.59 1.63 1.71 1.77 1.77 1.71 1.70 1.79 1.83 1.84 1.82 1.83 1.83 1.81 1.74 1.67 1.67 1.71 1.79 1.92 2.13 2.21 2.20 2.19 2.18 2.29 2.48 2.61 2.61 2.51 2.34 2.16 2.04 1.96 1.89 1.82 1.83 1.91 2.11 2.40 2.59 2.53 2.27 2.00 1.72
1.62 1.61 1.59 1.57 1.55 1.51 1.47 1.44 1.42 1.41 1.39 1.38 1.37 1.34 1.31 1.28 1.27 1.27 1.27 1.27 1.27 1.28 1.28 1.28 1.27 1.26 1.24 1.22 1.18 1.16 1.19 1.26 1.34 1.39 1.40 1.36 1.33 1.38 1.46 1.51 1.58 1.69 1.77 1.83 1.89 1.97 2.00 1.95 1.85 1.81 1.83 1.83 1.82 1.83 1.81 1.78 1.76 1.76 1.82 2.00 2.17 2.21 2.20 2.28 2.46 2.57 2.55 2.40 2.25 2.16 2.07 1.98 1.95 2.02 2.08 1.97 1.83 1.89 2.09 2.39 2.66 2.68 2.51 2.22
1.63 1.62 1.59 1.56 1.53 1.49 1.46 1.43 1.42 1.41 1.39 1.35 1.34 1.34 1.33 1.31 1.29 1.28 1.28 1.28 1.29 1.30 1.30 1.30 1.30 1.28 1.25 1.19 1.13 1.10 1.12 1.13 1.14 1.20 1.29 1.35 1.36 1.36 1.40 1.48 1.56 1.66 1.80 1.98 2.12 2.12 2.03 1.96 1.88 1.81 1.80 1.83 1.87 1.91 1.92 1.89 1.86 1.81 1.75 1.80 1.97 2.15 2.30 2.40 2.34 2.13 1.96 1.88 1.86 1.82 1.77 1.81 1.99 2.14 2.11 1.92 1.69 1.59 1.69 1.96 2.40 2.75 2.90 2.83
1.63 1.61 1.57 1.54 1.51 1.49 1.46 1.44 1.43 1.40 1.37 1.34 1.32 1.32 1.32 1.32 1.31 1.30 1.29 1.29 1.29 1.29 1.30 1.30 1.32 1.34 1.34 1.32 1.28 1.18 1.08 1.05 1.08 1.19 1.33 1.45 1.51 1.50 1.45 1.48 1.56 1.67 1.83 2.00 2.07 2.07 2.03 1.99 1.97 1.94 1.90 1.87 1.81 1.78 1.84 1.93 1.98 1.91 1.74 1.63 1.78 2.17 2.52 2.63 2.49 2.18 1.91 1.82 1.83 1.80 1.73 1.83 2.03 2.08 2.07 2.02 1.84 1.55 1.51 1.76 2.19 2.64 2.99 3.21
1.63 1.61 1.58 1.55 1.52 1.48 1.46 1.44 1.43 1.40 1.37 1.35 1.33 1.31 1.29 1.29 1.30 1.30 1.30 1.29 1.29 1.29 1.31 1.34 1.37 1.41 1.47 1.52 1.49 1.38 1.22 1.09 1.02 1.03 1.16 1.38 1.57 1.67 1.65 1.62 1.68 1.75 1.84 1.93 2.00 2.10 2.22 2.22 2.16 2.15 2.14 2.06 1.92 1.83 1.88 2.01 2.06 2.00 1.89 1.85 2.00 2.22 2.34 2.38 2.39 2.28 2.10 1.99 2.02 2.07 2.06 2.05 2.02 1.99 2.03 2.13 2.16 1.88 1.60 1.68 1.95 2.24 2.58 2.98
1.64 1.63 1.59 1.55 1.51 1.48 1.46 1.44 1.42 1.39 1.36 1.34 1.31 1.29 1.28 1.28 1.29 1.30 1.30 1.31 1.31 1.33 1.36 1.40 1.43 1.47 1.54 1.66 1.74 1.72 1.56 1.32 1.13 1.03 1.00 1.11 1.37 1.65 1.76 1.75 1.76 1.84 1.91 2.00 2.14 2.29 2.47 2.56 2.46 2.32 2.35 2.44 2.40 2.29 2.17 2.11 2.17 2.28 2.32 2.36 2.37 2.23 1.96 1.82 1.89 2.00 2.03 2.04 2.12 2.21 2.25 2.16 2.03 1.95 1.94 2.01 2.21 2.26 1.99 1.74 1.69 1.82 2.09 2.41
1.64 1.62 1.59 1.55 1.51 1.48 1.46 1.43 1.40 1.36 1.34 1.32 1.31 1.30 1.29 1.30 1.30 1.30 1.31 1.33 1.36 1.38 1.39 1.41 1.45 1.53 1.66 1.84 2.02 2.10 2.01 1.78 1.52 1.33 1.22 1.27 1.48 1.74 1.95 2.05 2.10 2.19 2.21 2.23 2.32 2.43 2.52 2.67 2.75 2.64 2.63 2.77 2.82 2.70 2.47 2.28 2.35 2.56 2.59 2.51 2.43 2.33 2.10 1.85 1.79 1.88 1.96 2.05 2.15 2.24 2.34 2.36 2.26 2.06 1.87 1.80 1.89 2.13 2.08 1.75 1.57 1.60 1.77 1.93
1.64 1.62 1.58 1.54 1.50 1.47 1.44 1.41 1.37 1.35 1.33 1.33 1.32 1.32 1.32 1.31 1.31 1.32 1.33 1.35 1.37 1.38 1.39 1.40 1.44 1.54 1.71 1.87 2.02 2.22 2.36 2.32 2.07 1.82 1.84 1.98 2.08 2.20 2.35 2.47 2.59 2.66 2.66 2.62 2.54 2.54 2.60 2.74 3.00 3.19 3.20 3.16 3.14 3.06 2.86 2.63 2.49 2.47 2.49 2.34 2.14 2.05 2.08 1.97 1.80 1.77 1.86 2.03 2.13 2.13 2.17 2.25 2.25 2.11 1.94 1.87 1.93 2.02 2.00 1.75 1.52 1.46 1.48 1.53
1.65 1.63 1.59 1.54 1.49 1.46 1.43 1.40 1.37 1.35 1.33 1.33 1.33 1.32 1.31 1.31 1.32 1.33 1.35 1.35 1.36 1.38 1.40 1.43 1.48 1.55 1.63 1.67 1.72 1.81 1.96 2.19 2.33 2.37 2.45 2.52 2.50 2.49 2.58 2.69 2.75 2.77 2.77 2.74 2.69 2.63 2.64 2.74 2.87 3.03 3.12 3.10 3.07 3.08 2.98 2.74 2.44 2.21 2.20 2.16 1.89 1.68 1.75 1.81 1.70 1.62 1.69 1.84 1.93 1.88 1.75 1.71 1.80 1.94 2.09 2.21 2.22 2.23 2.25 2.04 1.69 1.46 1.37 1.40
1.65 1.63 1.58 1.54 1.51 1.49 1.45 1.41 1.38 1.36 1.35 1.33 1.32 1.32 1.32 1.32 1.32 1.32 1.33 1.34 1.36 1.39 1.43 1.46 1.52 1.57 1.59 1.59 1.57 1.57 1.66 1.94 2.28 2.44 2.46 2.43 2.42 2.49 2.57 2.60 2.52 2.38 2.29 2.30 2.35 2.38 2.37 2.32 2.19 2.11 2.16 2.25 2.39 2.62 2.72 2.63 2.49 2.24 2.01 1.97 1.87 1.72 1.73 1.84 1.77 1.61 1.62 1.75 1.87 1.81 1.60 1.50 1.64 1.92 2.17 2.29 2.33 2.41 2.51 2.44 2.14 1.77 1.51 1.43
1.65 1.62 1.56 1.53 1.51 1.48 1.44 1.40 1.37 1.36 1.35 1.35 1.35 1.35 1.35 1.34 1.33 1.32 1.32 1.33 1.37 1.40 1.44 1.48 1.52 1.57 1.62 1.67 1.73 1.90 2.14 2.32 2.39 2.32 2.14 2.08 2.20 2.29 2.23 2.12 2.05 1.96 1.91 1.92 1.96 1.98 1.96 1.86 1.74 1.69 1.67 1.71 1.85 2.15 2.46 2.53 2.56 2.54 2.33 2.04 1.80 1.70 1.85 2.08 2.09 1.79 1.67 1.81 2.01 2.05 1.89 1.89 2.05 2.17 2.23 2.28 2.40 2.54 2.66 2.66 2.44 2.07 1.71 1.49
1.66 1.62 1.56 1.52 1.49 1.45 1.41 1.38 1.36 1.35 1.34 1.35 1.36 1.36 1.36 1.35 1.35 1.36 1.37 1.38 1.39 1.41 1.45 1.51 1.58 1.61 1.63 1.66 1.77 1.99 2.20 2.31 2.32 2.29 2.16 2.04 2.12 2.14 2.01 1.90 1.86 1.84 1.81 1.77 1.71 1.68 1.64 1.57 1.53 1.55 1.57 1.57 1.57 1.71 2.02 2.18 2.21 2.40 2.59 2.49 2.09 1.83 1.96 2.27 2.44 2.19 1.78 1.67 1.85 2.22 2.40 2.43 2.40 2.32 2.26 2.31 2.42 2.61 2.82 2.97 2.86 2.45 2.05 1.75
1.67 1.65 1.60 1.56 1.51 1.47 1.43 1.39 1.37 1.36 1.35 1.35 1.35 1.35 1.36 1.36 1.37 1.39 1.40 1.41 1.41 1.42 1.45 1.50 1.56 1.59 1.59 1.58 1.61 1.68 1.78 1.91 2.06 2.26 2.42 2.38 2.23 2.07 1.97 1.91 1.85 1.75 1.63 1.54 1.46 1.40 1.37 1.37 1.40 1.43 1.46 1.46 1.44 1.46 1.59 1.74 1.78 1.86 2.19 2.58 2.48 2.11 2.01 2.21 2.55 2.55 2.09 1.68 1.70 2.11 2.48 2.54 2.41 2.26 2.16 2.13 2.19 2.29 2.45 2.79 3.10 3.03 2.69 2.25
1.67 1.65 1.63 1.60 1.56 1.49 1.44 1.41 1.40 1.39 1.38 1.37 1.36 1.36 1.35 1.36 1.38 1.39 1.40 1.41 1.43 1.44 1.46 1.46 1.46 1.48 1.52 1.54 1.51 1.49 1.60 1.77 2.01 2.27 2.48 2.51 2.29 1.99 1.82 1.72 1.63 1.56 1.48 1.44 1.43 1.40 1.35 1.40 1.47 1.53 1.55 1.57 1.59 1.60 1.65 1.75 1.75 1.67 1.76 2.19 2.37 2.08 1.89 1.99 2.40 2.74 2.55 2.11 1.91 1.93 2.02 2.12 2.11 2.01 1.94 1.92 1.90 1.77 1.63 1.85 2.49 2.95 2.98 2.64
1.67 1.65 1.62 1.59 1.54 1.47 1.43 1.42 1.41 1.40 1.39 1.39 1.38 1.38 1.38 1.39 1.40 1.41 1.41 1.42 1.44 1.45 1.45 1.45 1.44 1.45 1.48 1.49 1.48 1.57 1.76 1.92 2.06 2.11 2.09 2.13 2.12 1.92 1.67 1.49 1.40 1.43 1.50 1.52 1.54 1.58 1.58 1.58 1.60 1.61 1.65 1.73 1.84 1.90 1.93 1.97 2.00 1.95 1.90 2.10 2.29 2.07 1.81 1.82 2.10 2.59 2.78 2.56 2.23 1.88 1.61 1.58 1.63 1.73 1.87 1.90 1.82 1.72 1.57 1.51 1.73 2.17 2.60 2.76
1.70 1.68 1.63 1.57 1.50 1.47 1.45 1.42 1.41 1.41 1.42 1.42 1.41 1.41 1.42 1.43 1.43 1.43 1.44 1.44 1.45 1.45 1.45 1.46 1.48 1.50 1.50 1.51 1.63 1.87 2.00 1.98 1.88 1.75 1.70 1.74 1.78 1.73 1.61 1.51 1.48 1.50 1.57 1.66 1.71 1.73 1.75 1.78 1.79 1.78 1.78 1.86 1.99 2.06 2.02 2.04 2.18 2.29 2.30 2.37 2.49 2.31 1.98 1.81 1.84 2.13 2.52 2.54 2.29 1.98 1.72 1.62 1.71 1.90 2.00 1.91 1.86 2.00 2.11 1.91 1.68 1.82 2.23 2.69
