windninja/windninja_output/Output_2025-08-24_1200-1250_Google earth_Fire_150m_10min/merlingen_7.5mi_point_08-24-2025_1200_150m_vel.asc
ncols	158
nrows	163
xllcorner	391686.332397
yllcorner	5160024.123721
cellsize	150.000000
NODATA_value	-32768.000000
[rows 0 to 37 of 163, columns 0 to 83 of 158]
1.35 1.28 1.22 1.24 1.27 1.28 1.24 1.19 1.16 1.15 1.11 1.02 0.87 0.69 0.55 0.45 0.37 0.35 0.42 0.54 0.68 0.82 0.94 1.00 0.96 0.87 0.79 0.79 0.86 0.90 0.88 0.83 0.77 0.73 0.75 0.76 0.69 0.60 0.57 0.61 0.69 0.77 0.79 0.78 0.78 0.80 0.78 0.78 0.95 1.23 1.43 1.54 1.62 1.65 1.62 1.55 1.48 1.43 1.41 1.43 1.49 1.55 1.58 1.60 1.69 1.79 1.84 1.80 1.71 1.64 1.66 1.70 1.72 1.73 1.79 1.84 1.82 1.73 1.62 1.63 1.71 1.74 1.75 1.69
1.37 1.33 1.28 1.26 1.24 1.22 1.14 1.06 1.03 1.03 1.04 1.03 0.97 0.89 0.81 0.73 0.70 0.71 0.77 0.84 0.87 0.92 1.00 1.05 1.03 0.96 0.90 0.88 0.87 0.86 0.84 0.82 0.82 0.82 0.81 0.84 0.84 0.83 0.83 0.83 0.85 0.90 0.95 1.00 1.04 1.07 1.11 1.10 1.09 1.16 1.26 1.34 1.39 1.43 1.44 1.45 1.47 1.49 1.50 1.48 1.47 1.51 1.57 1.62 1.66 1.72 1.78 1.80 1.76 1.70 1.69 1.72 1.75 1.78 1.82 1.85 1.86 1.84 1.77 1.73 1.76 1.76 1.76 1.77
1.46 1.44 1.40 1.33 1.26 1.17 1.09 1.06 1.07 1.11 1.17 1.17 1.14 1.13 1.13 1.15 1.20 1.23 1.22 1.17 1.10 1.05 1.04 1.06 1.10 1.10 1.06 0.99 0.92 0.86 0.85 0.85 0.88 0.92 0.94 0.99 1.07 1.13 1.13 1.12 1.11 1.13 1.19 1.28 1.35 1.41 1.49 1.53 1.43 1.29 1.25 1.28 1.30 1.32 1.35 1.43 1.50 1.56 1.61 1.62 1.58 1.58 1.63 1.66 1.65 1.66 1.72 1.80 1.84 1.79 1.75 1.75 1.78 1.80 1.82 1.87 1.95 2.02 1.98 1.88 1.87 1.90 1.86 1.87
1.52 1.54 1.50 1.42 1.35 1.28 1.29 1.39 1.50 1.52 1.44 1.31 1.23 1.20 1.24 1.35 1.41 1.42 1.37 1.26 1.16 1.11 1.09 1.09 1.17 1.28 1.29 1.24 1.18 1.14 1.11 1.06 1.01 1.03 1.09 1.14 1.17 1.18 1.20 1.26 1.33 1.40 1.45 1.50 1.56 1.61 1.64 1.68 1.70 1.65 1.58 1.53 1.52 1.54 1.53 1.52 1.52 1.53 1.57 1.65 1.68 1.67 1.67 1.68 1.67 1.68 1.73 1.80 1.85 1.82 1.79 1.78 1.76 1.74 1.74 1.78 1.87 2.02 2.05 1.95 1.92 2.04 2.08 2.00
1.51 1.53 1.54 1.50 1.44 1.43 1.49 1.58 1.61 1.53 1.39 1.29 1.26 1.27 1.33 1.40 1.39 1.34 1.27 1.20 1.14 1.13 1.14 1.17 1.26 1.38 1.50 1.55 1.55 1.53 1.51 1.47 1.41 1.35 1.30 1.28 1.27 1.31 1.40 1.48 1.55 1.62 1.69 1.73 1.74 1.73 1.71 1.69 1.72 1.73 1.66 1.58 1.56 1.58 1.58 1.55 1.52 1.52 1.54 1.60 1.65 1.66 1.66 1.68 1.69 1.71 1.74 1.80 1.85 1.83 1.79 1.76 1.73 1.74 1.75 1.71 1.66 1.75 1.94 1.98 1.86 1.89 2.08 2.11
1.44 1.44 1.48 1.52 1.53 1.54 1.56 1.53 1.42 1.26 1.19 1.19 1.21 1.25 1.33 1.33 1.26 1.18 1.08 1.05 1.06 1.07 1.10 1.15 1.21 1.28 1.38 1.48 1.58 1.64 1.69 1.74 1.78 1.74 1.64 1.55 1.57 1.64 1.71 1.74 1.74 1.73 1.72 1.70 1.68 1.65 1.62 1.61 1.60 1.61 1.62 1.59 1.54 1.52 1.54 1.55 1.55 1.56 1.59 1.62 1.65 1.68 1.70 1.72 1.73 1.73 1.76 1.82 1.90 1.92 1.90 1.84 1.77 1.79 1.87 1.91 1.84 1.76 1.81 1.92 1.86 1.76 1.88 2.04
1.41 1.38 1.36 1.43 1.52 1.56 1.53 1.42 1.26 1.14 1.13 1.16 1.20 1.23 1.26 1.25 1.22 1.19 1.17 1.16 1.15 1.11 1.08 1.07 1.11 1.12 1.14 1.25 1.40 1.52 1.62 1.71 1.79 1.85 1.87 1.88 1.90 1.91 1.88 1.82 1.76 1.68 1.58 1.50 1.46 1.47 1.48 1.49 1.50 1.52 1.57 1.61 1.61 1.58 1.56 1.55 1.56 1.58 1.61 1.65 1.73 1.82 1.87 1.87 1.83 1.79 1.80 1.86 1.93 1.99 2.08 2.14 2.07 1.97 1.99 2.10 2.14 2.07 1.94 1.96 2.01 1.95 1.93 1.99
1.43 1.40 1.35 1.33 1.34 1.36 1.33 1.22 1.12 1.09 1.13 1.20 1.26 1.29 1.28 1.24 1.22 1.24 1.29 1.31 1.31 1.29 1.22 1.13 1.09 1.08 1.11 1.20 1.28 1.33 1.41 1.50 1.56 1.62 1.72 1.82 1.83 1.78 1.71 1.64 1.57 1.49 1.42 1.36 1.33 1.34 1.36 1.39 1.41 1.44 1.46 1.53 1.62 1.66 1.65 1.62 1.62 1.64 1.67 1.73 1.81 1.89 1.98 2.03 2.01 1.93 1.87 1.90 1.97 2.00 2.07 2.21 2.26 2.18 2.06 2.04 2.12 2.14 2.05 2.02 2.07 2.02 2.02 2.11
1.43 1.42 1.37 1.30 1.23 1.16 1.10 1.07 1.07 1.11 1.15 1.21 1.27 1.31 1.33 1.29 1.25 1.27 1.32 1.35 1.37 1.38 1.37 1.31 1.24 1.19 1.21 1.21 1.18 1.20 1.26 1.33 1.38 1.44 1.48 1.48 1.45 1.42 1.38 1.35 1.30 1.26 1.24 1.25 1.28 1.28 1.28 1.29 1.32 1.36 1.44 1.46 1.49 1.57 1.66 1.68 1.70 1.73 1.75 1.72 1.67 1.62 1.68 1.85 1.97 1.99 1.95 1.96 2.04 2.06 1.99 1.96 2.01 2.06 2.02 1.96 2.01 2.08 2.07 2.03 2.05 1.99 1.98 2.19
1.41 1.39 1.36 1.32 1.25 1.17 1.10 1.09 1.13 1.16 1.18 1.20 1.21 1.23 1.25 1.25 1.27 1.31 1.36 1.43 1.47 1.47 1.48 1.47 1.42 1.34 1.29 1.25 1.21 1.22 1.27 1.28 1.28 1.32 1.34 1.30 1.25 1.22 1.20 1.19 1.19 1.20 1.21 1.21 1.21 1.20 1.21 1.23 1.24 1.26 1.31 1.36 1.38 1.44 1.55 1.61 1.61 1.60 1.55 1.46 1.36 1.30 1.26 1.34 1.55 1.76 1.87 1.93 1.99 2.03 1.97 1.86 1.83 1.90 1.94 1.92 1.91 1.94 2.07 2.26 2.35 2.30 2.10 2.04
1.40 1.39 1.36 1.32 1.28 1.24 1.22 1.21 1.20 1.20 1.20 1.19 1.17 1.15 1.15 1.18 1.25 1.31 1.36 1.44 1.53 1.59 1.61 1.60 1.57 1.52 1.42 1.30 1.24 1.24 1.22 1.17 1.12 1.12 1.15 1.17 1.15 1.14 1.15 1.20 1.24 1.25 1.23 1.19 1.15 1.10 1.09 1.12 1.10 1.04 1.05 1.13 1.19 1.24 1.26 1.30 1.23 1.13 1.09 1.07 1.05 0.98 0.90 0.93 1.10 1.32 1.50 1.60 1.66 1.79 1.90 1.92 1.90 1.90 1.93 1.92 1.89 1.86 1.96 2.31 2.61 2.69 2.50 2.16
1.41 1.40 1.36 1.32 1.29 1.27 1.26 1.26 1.24 1.23 1.21 1.19 1.16 1.13 1.13 1.18 1.25 1.30 1.33 1.36 1.42 1.50 1.55 1.56 1.54 1.46 1.30 1.17 1.11 1.08 1.02 0.96 0.96 0.98 0.99 1.00 1.02 1.07 1.13 1.17 1.20 1.21 1.20 1.19 1.17 1.12 1.00 0.91 0.86 0.76 0.68 0.69 0.69 0.72 0.72 0.78 0.81 0.78 0.75 0.74 0.72 0.64 0.53 0.53 0.66 0.78 0.94 1.11 1.25 1.50 1.80 1.97 1.98 1.98 2.10 2.27 2.39 2.39 2.29 2.35 2.57 2.81 2.89 2.78
1.40 1.39 1.36 1.33 1.31 1.29 1.28 1.25 1.23 1.21 1.20 1.18 1.15 1.10 1.09 1.15 1.21 1.26 1.30 1.34 1.35 1.34 1.33 1.32 1.26 1.14 1.05 1.00 0.96 0.93 0.92 0.93 0.95 0.95 0.92 0.91 0.94 1.01 1.07 1.10 1.12 1.16 1.19 1.19 1.17 1.14 1.03 0.88 0.75 0.64 0.52 0.45 0.42 0.43 0.46 0.47 0.54 0.61 0.64 0.65 0.64 0.54 0.37 0.23 0.20 0.29 0.42 0.60 0.88 1.25 1.56 1.82 1.97 2.05 2.27 2.59 2.82 2.91 2.85 2.70 2.62 2.73 2.93 3.02
1.39 1.38 1.35 1.33 1.32 1.31 1.28 1.24 1.21 1.20 1.18 1.17 1.15 1.11 1.09 1.10 1.13 1.17 1.22 1.26 1.25 1.18 1.09 1.01 0.95 0.95 0.96 0.97 0.97 0.94 0.90 0.89 0.90 0.89 0.89 0.94 0.99 0.99 0.98 0.99 1.01 0.98 0.90 0.84 0.82 0.82 0.87 0.93 0.92 0.80 0.64 0.53 0.48 0.49 0.51 0.44 0.40 0.47 0.59 0.72 0.76 0.68 0.57 0.42 0.27 0.20 0.18 0.21 0.44 0.76 1.16 1.50 1.81 1.99 2.11 2.18 2.31 2.48 2.57 2.54 2.49 2.53 2.64 2.70
1.39 1.38 1.35 1.32 1.30 1.28 1.25 1.24 1.22 1.20 1.18 1.17 1.17 1.18 1.18 1.19 1.22 1.20 1.16 1.12 1.05 0.97 0.90 0.85 0.86 0.90 0.97 1.00 0.98 0.94 0.90 0.89 0.89 0.89 0.93 0.99 1.00 0.95 0.86 0.75 0.66 0.61 0.57 0.53 0.54 0.60 0.63 0.77 1.04 1.17 1.02 0.84 0.78 0.81 0.85 0.73 0.57 0.54 0.70 0.95 1.12 1.11 1.11 1.09 0.94 0.71 0.54 0.42 0.36 0.45 0.71 1.19 1.56 1.74 1.73 1.70 1.75 1.82 1.88 1.90 1.96 2.06 2.12 2.17
1.39 1.38 1.35 1.32 1.29 1.25 1.22 1.21 1.20 1.19 1.19 1.19 1.19 1.22 1.29 1.38 1.39 1.29 1.17 1.07 0.99 0.93 0.89 0.88 0.91 0.96 1.01 1.03 1.01 1.00 1.06 1.11 1.08 1.01 0.92 0.80 0.69 0.63 0.56 0.49 0.46 0.50 0.58 0.66 0.69 0.77 0.80 0.71 0.81 1.16 1.41 1.40 1.41 1.52 1.61 1.64 1.41 1.12 1.09 1.24 1.41 1.50 1.50 1.50 1.52 1.43 1.22 1.05 0.85 0.61 0.62 0.78 1.06 1.26 1.41 1.51 1.55 1.56 1.63 1.72 1.72 1.66 1.62 1.63
1.38 1.37 1.34 1.31 1.28 1.25 1.23 1.21 1.20 1.20 1.20 1.20 1.20 1.22 1.28 1.35 1.34 1.28 1.21 1.12 1.04 0.97 0.93 0.94 0.99 1.03 1.03 1.04 1.09 1.15 1.17 1.12 1.00 0.83 0.62 0.47 0.41 0.42 0.49 0.56 0.64 0.74 0.91 1.03 1.05 1.05 1.12 1.07 0.95 1.08 1.45 1.72 1.80 1.82 1.86 1.94 1.93 1.69 1.51 1.59 1.68 1.68 1.63 1.59 1.66 1.72 1.63 1.48 1.37 1.13 0.80 0.64 0.61 0.82 1.15 1.34 1.45 1.60 1.74 1.80 1.72 1.52 1.41 1.36
1.38 1.37 1.34 1.31 1.28 1.26 1.24 1.23 1.23 1.22 1.20 1.19 1.19 1.19 1.21 1.23 1.20 1.16 1.13 1.08 1.00 0.91 0.89 0.92 0.96 0.96 0.97 0.99 1.03 1.05 1.00 0.86 0.74 0.66 0.62 0.61 0.63 0.69 0.79 0.89 0.99 1.04 1.05 1.08 1.13 1.15 1.20 1.35 1.45 1.43 1.44 1.57 1.69 1.71 1.72 1.81 1.98 2.03 1.94 1.89 1.88 1.86 1.80 1.73 1.73 1.82 1.86 1.74 1.59 1.42 1.21 0.98 0.84 0.81 0.87 1.07 1.35 1.57 1.63 1.52 1.40 1.32 1.25 1.25
1.37 1.36 1.33 1.31 1.28 1.26 1.24 1.24 1.23 1.22 1.19 1.18 1.17 1.17 1.17 1.16 1.12 1.03 0.94 0.90 0.85 0.83 0.84 0.85 0.85 0.85 0.88 0.90 0.88 0.82 0.75 0.69 0.69 0.75 0.82 0.87 0.88 0.89 0.93 0.97 1.02 1.04 1.06 1.09 1.15 1.20 1.24 1.36 1.50 1.53 1.44 1.37 1.43 1.56 1.68 1.82 1.98 2.07 2.04 1.98 1.97 1.96 1.90 1.84 1.82 1.85 1.91 1.85 1.70 1.60 1.59 1.53 1.38 1.13 0.89 0.83 0.89 0.96 1.06 1.09 1.07 1.06 1.04 1.15
1.36 1.35 1.32 1.31 1.29 1.26 1.25 1.23 1.22 1.19 1.18 1.18 1.18 1.16 1.15 1.12 1.05 0.94 0.87 0.85 0.85 0.86 0.87 0.87 0.87 0.88 0.89 0.87 0.83 0.78 0.73 0.73 0.74 0.74 0.76 0.82 0.89 0.95 1.02 1.10 1.16 1.21 1.26 1.28 1.31 1.39 1.45 1.41 1.37 1.39 1.39 1.34 1.33 1.46 1.68 1.87 1.99 2.06 2.03 1.93 1.88 1.87 1.80 1.74 1.74 1.74 1.81 1.90 1.93 1.97 1.96 1.87 1.73 1.56 1.35 1.12 0.88 0.82 0.96 1.07 1.10 1.10 1.09 1.18
1.36 1.35 1.33 1.30 1.28 1.26 1.24 1.22 1.20 1.18 1.17 1.18 1.17 1.16 1.14 1.10 1.04 0.97 0.95 0.95 0.95 0.95 0.95 0.95 0.95 0.93 0.91 0.89 0.86 0.84 0.83 0.84 0.86 0.90 1.01 1.13 1.23 1.32 1.37 1.40 1.39 1.38 1.36 1.39 1.44 1.48 1.47 1.41 1.36 1.39 1.45 1.46 1.44 1.46 1.54 1.65 1.80 1.96 2.03 1.95 1.88 1.90 1.83 1.74 1.74 1.79 1.90 2.05 2.17 2.20 2.12 1.93 1.73 1.61 1.55 1.51 1.51 1.54 1.58 1.52 1.44 1.41 1.35 1.26
1.37 1.36 1.33 1.29 1.27 1.25 1.24 1.22 1.20 1.18 1.18 1.17 1.15 1.14 1.13 1.11 1.07 1.05 1.04 1.04 1.02 1.00 1.01 1.00 0.98 0.96 0.94 0.92 0.90 0.89 0.90 0.95 1.05 1.23 1.40 1.52 1.57 1.56 1.50 1.45 1.43 1.43 1.44 1.46 1.46 1.41 1.37 1.43 1.50 1.55 1.59 1.61 1.60 1.51 1.43 1.45 1.55 1.72 1.92 2.02 2.00 2.01 1.97 1.87 1.85 1.92 2.07 2.22 2.27 2.19 2.04 1.91 1.76 1.60 1.47 1.51 1.73 1.99 2.17 2.16 1.97 1.73 1.57 1.41
1.36 1.34 1.31 1.29 1.28 1.26 1.24 1.22 1.20 1.19 1.19 1.19 1.17 1.15 1.14 1.12 1.11 1.10 1.10 1.09 1.07 1.06 1.05 1.04 1.01 1.00 0.99 0.97 0.95 0.95 0.99 1.08 1.23 1.36 1.39 1.38 1.37 1.37 1.34 1.33 1.37 1.44 1.50 1.50 1.45 1.47 1.58 1.64 1.65 1.64 1.64 1.65 1.64 1.58 1.52 1.52 1.55 1.63 1.77 1.97 2.06 2.07 2.06 2.02 2.08 2.22 2.33 2.35 2.31 2.20 2.05 1.93 1.86 1.77 1.63 1.59 1.68 1.92 2.28 2.55 2.55 2.30 2.04 1.73
1.35 1.33 1.32 1.30 1.28 1.25 1.22 1.20 1.19 1.20 1.20 1.20 1.18 1.17 1.15 1.14 1.14 1.14 1.14 1.13 1.11 1.11 1.10 1.08 1.06 1.03 0.99 0.94 0.91 0.93 1.00 1.09 1.18 1.21 1.18 1.14 1.10 1.12 1.20 1.27 1.35 1.45 1.51 1.56 1.64 1.76 1.80 1.74 1.66 1.63 1.65 1.64 1.64 1.66 1.66 1.63 1.61 1.62 1.67 1.85 2.03 2.07 2.06 2.09 2.21 2.30 2.29 2.20 2.13 2.08 2.00 1.91 1.86 1.88 1.88 1.75 1.60 1.65 1.90 2.31 2.68 2.72 2.56 2.26
1.35 1.34 1.32 1.29 1.26 1.23 1.20 1.19 1.20 1.21 1.20 1.18 1.17 1.18 1.18 1.17 1.16 1.17 1.16 1.15 1.14 1.14 1.13 1.10 1.08 1.03 0.96 0.89 0.86 0.91 0.98 1.02 1.05 1.07 1.10 1.11 1.10 1.11 1.17 1.27 1.36 1.46 1.58 1.75 1.89 1.90 1.81 1.73 1.67 1.63 1.63 1.66 1.70 1.75 1.76 1.74 1.71 1.67 1.61 1.66 1.84 2.02 2.14 2.19 2.11 1.92 1.82 1.80 1.83 1.82 1.76 1.75 1.85 1.95 1.93 1.76 1.50 1.37 1.49 1.84 2.36 2.75 2.91 2.87
1.35 1.33 1.30 1.27 1.25 1.22 1.21 1.21 1.22 1.22 1.19 1.17 1.18 1.18 1.18 1.18 1.19 1.18 1.17 1.16 1.15 1.14 1.13 1.11 1.10 1.07 1.01 0.97 0.98 0.98 0.96 0.97 1.03 1.11 1.18 1.22 1.24 1.23 1.25 1.31 1.40 1.50 1.65 1.81 1.86 1.82 1.78 1.76 1.76 1.75 1.72 1.70 1.65 1.64 1.70 1.79 1.83 1.77 1.61 1.51 1.66 2.01 2.32 2.42 2.30 2.03 1.82 1.77 1.83 1.82 1.73 1.73 1.83 1.90 1.92 1.90 1.73 1.38 1.28 1.55 2.03 2.54 2.93 3.20
1.34 1.32 1.30 1.27 1.25 1.22 1.21 1.22 1.23 1.21 1.19 1.18 1.19 1.18 1.17 1.18 1.19 1.19 1.19 1.17 1.16 1.16 1.16 1.16 1.16 1.13 1.12 1.15 1.15 1.11 1.04 1.00 1.01 1.03 1.10 1.21 1.31 1.40 1.44 1.48 1.53 1.60 1.71 1.78 1.80 1.87 1.97 1.97 1.94 1.95 1.94 1.86 1.75 1.68 1.74 1.87 1.91 1.86 1.76 1.72 1.84 2.01 2.12 2.20 2.26 2.18 2.03 1.94 2.00 2.06 2.01 1.89 1.83 1.82 1.88 2.01 2.10 1.80 1.36 1.38 1.67 2.06 2.46 2.89
1.34 1.33 1.30 1.27 1.24 1.22 1.22 1.24 1.23 1.20 1.19 1.19 1.18 1.18 1.18 1.20 1.21 1.21 1.20 1.20 1.20 1.22 1.23 1.23 1.22 1.19 1.21 1.31 1.38 1.35 1.24 1.13 1.07 1.03 1.01 1.06 1.22 1.44 1.56 1.61 1.64 1.73 1.81 1.87 1.96 2.08 2.23 2.29 2.20 2.10 2.15 2.23 2.20 2.11 2.01 1.96 2.02 2.12 2.16 2.19 2.18 2.04 1.80 1.72 1.83 1.96 1.98 2.00 2.08 2.16 2.17 2.03 1.88 1.82 1.81 1.89 2.13 2.22 1.82 1.42 1.37 1.58 1.91 2.25
1.34 1.32 1.29 1.26 1.24 1.23 1.23 1.24 1.21 1.19 1.18 1.18 1.19 1.20 1.22 1.23 1.23 1.23 1.23 1.24 1.26 1.28 1.27 1.26 1.25 1.28 1.39 1.55 1.66 1.65 1.56 1.44 1.33 1.24 1.21 1.26 1.42 1.59 1.78 1.90 1.96 2.06 2.09 2.09 2.14 2.22 2.29 2.40 2.46 2.40 2.43 2.55 2.58 2.49 2.29 2.12 2.19 2.38 2.41 2.32 2.24 2.17 1.98 1.76 1.73 1.84 1.91 2.00 2.09 2.15 2.24 2.25 2.14 1.96 1.77 1.69 1.79 2.11 2.05 1.56 1.26 1.30 1.54 1.75
1.33 1.32 1.29 1.26 1.24 1.23 1.24 1.22 1.20 1.19 1.19 1.20 1.22 1.24 1.25 1.26 1.26 1.26 1.27 1.29 1.30 1.29 1.28 1.27 1.28 1.36 1.53 1.68 1.73 1.80 1.87 1.85 1.71 1.64 1.78 1.95 2.01 2.07 2.19 2.32 2.44 2.50 2.49 2.43 2.36 2.34 2.38 2.50 2.73 2.92 2.94 2.90 2.89 2.82 2.65 2.44 2.32 2.30 2.32 2.18 1.98 1.94 2.00 1.91 1.75 1.72 1.80 1.96 2.05 2.03 2.07 2.18 2.19 2.05 1.85 1.75 1.80 2.01 2.07 1.71 1.28 1.15 1.22 1.38
1.34 1.32 1.29 1.25 1.23 1.24 1.24 1.21 1.20 1.21 1.21 1.23 1.25 1.26 1.27 1.28 1.29 1.30 1.31 1.31 1.31 1.31 1.31 1.32 1.36 1.45 1.54 1.56 1.52 1.51 1.58 1.75 1.94 2.14 2.37 2.44 2.39 2.38 2.46 2.56 2.61 2.61 2.57 2.53 2.47 2.42 2.44 2.54 2.65 2.78 2.86 2.84 2.82 2.81 2.73 2.53 2.26 2.05 2.05 2.03 1.78 1.60 1.70 1.79 1.68 1.58 1.62 1.76 1.88 1.84 1.72 1.71 1.81 1.90 1.97 2.06 2.08 2.19 2.32 2.08 1.54 1.21 1.12 1.23
1.34 1.32 1.28 1.25 1.26 1.28 1.25 1.23 1.23 1.23 1.24 1.25 1.26 1.28 1.30 1.31 1.31 1.31 1.32 1.32 1.34 1.35 1.36 1.38 1.44 1.51 1.54 1.50 1.41 1.32 1.38 1.66 2.03 2.28 2.37 2.33 2.32 2.42 2.50 2.47 2.38 2.23 2.12 2.11 2.14 2.18 2.20 2.17 2.04 1.93 1.97 2.05 2.17 2.38 2.48 2.42 2.30 2.08 1.88 1.86 1.79 1.65 1.69 1.82 1.76 1.57 1.54 1.67 1.85 1.85 1.63 1.52 1.62 1.82 2.01 2.12 2.19 2.33 2.53 2.50 2.08 1.60 1.30 1.24
1.33 1.31 1.26 1.25 1.29 1.29 1.24 1.23 1.24 1.25 1.26 1.28 1.31 1.33 1.34 1.34 1.32 1.33 1.34 1.35 1.38 1.40 1.41 1.43 1.49 1.53 1.57 1.59 1.58 1.67 1.91 2.14 2.22 2.16 2.04 2.01 2.14 2.27 2.19 2.00 1.89 1.80 1.74 1.75 1.78 1.81 1.81 1.72 1.58 1.51 1.50 1.54 1.67 1.94 2.23 2.33 2.37 2.37 2.19 1.95 1.73 1.64 1.79 2.05 2.07 1.75 1.57 1.69 1.97 2.10 1.91 1.83 1.93 2.00 2.05 2.11 2.23 2.42 2.63 2.74 2.47 2.01 1.60 1.35
1.32 1.30 1.25 1.27 1.30 1.27 1.24 1.24 1.26 1.28 1.29 1.32 1.35 1.36 1.37 1.36 1.36 1.38 1.40 1.41 1.42 1.44 1.45 1.50 1.57 1.59 1.61 1.60 1.66 1.88 2.10 2.20 2.15 2.06 1.99 2.00 2.11 2.13 1.94 1.76 1.70 1.67 1.64 1.60 1.54 1.53 1.49 1.41 1.36 1.38 1.41 1.41 1.42 1.54 1.83 2.00 2.05 2.24 2.45 2.39 2.02 1.75 1.88 2.20 2.41 2.15 1.69 1.55 1.79 2.22 2.35 2.31 2.25 2.15 2.09 2.12 2.23 2.43 2.74 3.03 2.96 2.50 2.05 1.66
1.33 1.30 1.28 1.32 1.33 1.29 1.26 1.26 1.29 1.31 1.33 1.36 1.37 1.38 1.39 1.39 1.40 1.43 1.44 1.45 1.45 1.46 1.48 1.55 1.59 1.60 1.58 1.55 1.59 1.69 1.83 1.91 1.95 2.09 2.23 2.28 2.20 2.03 1.84 1.74 1.66 1.55 1.44 1.36 1.29 1.26 1.23 1.21 1.24 1.28 1.31 1.32 1.30 1.32 1.45 1.60 1.66 1.75 2.08 2.47 2.40 2.02 1.91 2.13 2.51 2.53 2.05 1.58 1.58 2.01 2.38 2.44 2.30 2.14 2.02 1.96 2.00 2.10 2.33 2.82 3.21 3.12 2.75 2.26
1.32 1.31 1.32 1.36 1.36 1.31 1.28 1.29 1.34 1.36 1.37 1.39 1.40 1.41 1.41 1.42 1.44 1.46 1.46 1.47 1.49 1.51 1.53 1.54 1.53 1.53 1.54 1.55 1.53 1.57 1.75 1.88 2.04 2.24 2.35 2.31 2.14 1.87 1.65 1.52 1.41 1.32 1.26 1.24 1.26 1.25 1.22 1.26 1.33 1.38 1.40 1.42 1.44 1.46 1.53 1.63 1.65 1.57 1.67 2.10 2.30 2.00 1.79 1.90 2.34 2.72 2.54 2.03 1.76 1.76 1.92 2.08 2.09 1.96 1.83 1.77 1.73 1.64 1.56 1.86 2.57 3.05 3.12 2.80
1.33 1.34 1.36 1.38 1.35 1.30 1.30 1.34 1.37 1.39 1.41 1.43 1.44 1.44 1.45 1.47 1.48 1.49 1.49 1.50 1.52 1.53 1.54 1.54 1.53 1.54 1.55 1.51 1.50 1.68 1.97 2.10 2.20 2.19 2.02 1.90 1.87 1.70 1.44 1.24 1.16 1.20 1.29 1.33 1.37 1.42 1.44 1.45 1.46 1.46 1.51 1.60 1.70 1.77 1.81 1.86 1.88 1.84 1.81 2.02 2.22 2.00 1.73 1.72 2.01 2.55 2.78 2.52 2.11 1.76 1.58 1.63 1.68 1.71 1.77 1.77 1.69 1.64 1.56 1.50 1.74 2.26 2.79 3.03
1.36 1.37 1.39 1.39 1.34 1.32 1.35 1.37 1.40 1.43 1.46 1.47 1.47 1.49 1.51 1.52 1.52 1.53 1.53 1.54 1.54 1.55 1.55 1.56 1.58 1.59 1.58 1.55 1.70 2.06 2.24 2.20 2.07 1.85 1.66 1.56 1.52 1.42 1.29 1.22 1.24 1.30 1.39 1.49 1.55 1.58 1.61 1.65 1.65 1.63 1.64 1.74 1.87 1.93 1.90 1.93 2.06 2.17 2.19 2.28 2.42 2.25 1.90 1.72 1.74 2.09 2.52 2.55 2.26 1.96 1.74 1.67 1.71 1.81 1.88 1.81 1.74 1.89 2.09 1.92 1.65 1.84 2.36 2.93
