windninja/windninja_output/Output_2025-08-24_1200-1250_Google earth_Fire_150m_10min/merlingen_7.5mi_point_08-24-2025_1220_150m_ang.asc
ncols	158
nrows	163
xllcorner	391686.332397
yllcorner	5160024.123721
cellsize	150.000000
NODATA_value	-32768.000000
[rows 96 to 143 of 163, columns 0 to 95 of 158]
77 76 76 76 74 69 65 65 75 87 87 78 70 69 75 80 80 82 74 50 44 49 54 63 69 72 72 71 71 73 77 80 81 82 84 86 87 87 87 86 87 87 82 75 69 66 66 69 74 77 76 71 67 68 73 78 81 81 79 76 71 66 65 65 63 61 60 58 57 55 52 50 48 47 45 43 40 38 36 33 30 27 25 22 19 17 16 15 13 12 9 5 3 359 355 352
80 80 79 76 72 67 63 63 69 79 84 80 77 76 80 83 86 84 69 47 44 53 63 75 81 79 75 73 75 79 83 82 80 80 83 87 90 91 91 91 91 92 92 86 81 76 74 76 77 77 72 69 67 67 71 75 79 81 80 79 76 72 70 69 67 65 63 61 59 57 55 53 51 49 48 46 44 41 39 37 34 32 29 27 25 22 21 19 17 14 12 9 6 3 0 357
82 82 80 78 77 73 68 66 67 70 74 79 85 87 87 88 87 78 61 50 48 56 69 80 82 73 71 74 78 81 84 83 82 82 84 87 91 94 96 96 95 96 98 94 88 85 84 83 80 77 73 71 69 69 71 73 75 77 79 78 77 77 76 75 72 70 67 65 62 60 57 56 54 52 51 49 47 45 43 40 38 36 33 31 29 26 24 22 20 18 15 13 9 6 4 1
82 82 81 82 83 82 79 76 73 70 72 76 79 85 88 86 80 70 59 52 53 64 75 78 68 58 65 73 77 80 82 84 85 86 87 89 92 95 99 102 102 101 103 99 91 88 87 84 79 75 74 72 70 69 71 73 73 74 76 76 74 74 76 78 79 77 73 69 65 62 60 59 57 55 54 52 50 48 46 44 41 39 37 34 32 30 27 25 23 20 18 15 12 10 8 5
81 81 81 82 82 81 81 80 77 73 73 72 72 78 82 79 76 72 62 58 67 79 80 68 54 55 65 72 76 79 81 84 88 91 93 95 95 95 99 105 109 108 108 106 97 90 87 84 79 76 74 73 71 70 70 70 70 72 74 74 72 71 71 74 78 79 78 73 69 65 63 62 60 59 57 55 54 52 50 47 45 43 40 38 35 33 30 28 26 23 21 18 15 13 11 8
82 82 82 81 79 79 79 79 77 75 74 71 69 68 69 71 71 71 67 71 84 86 74 58 55 60 67 71 74 77 81 85 90 95 99 101 100 99 101 106 112 113 113 113 106 95 88 85 82 78 75 73 72 71 71 70 68 70 71 71 72 72 71 71 74 76 77 75 72 69 67 66 64 63 61 59 57 55 53 51 49 46 44 41 39 36 33 31 28 26 23 21 19 16 14 11
83 83 83 80 78 78 78 77 77 76 74 72 68 63 63 67 69 69 68 76 82 74 60 57 59 63 68 72 75 78 82 86 91 95 100 105 107 106 106 108 114 117 117 119 116 104 93 87 83 80 76 74 72 72 72 71 70 70 68 68 69 70 70 71 72 73 74 73 71 71 72 73 70 67 65 63 62 60 58 55 53 50 47 44 42 39 37 34 31 29 26 24 22 19 17 14
83 83 81 80 78 78 78 77 77 76 75 74 72 72 74 74 73 72 72 77 71 56 55 60 61 63 68 74 77 81 85 87 90 94 99 105 111 112 111 111 115 121 122 123 124 116 102 91 84 80 77 76 75 73 72 70 70 70 68 68 67 67 68 69 71 71 70 68 66 67 72 76 77 74 71 69 67 65 63 60 58 55 51 48 45 42 39 37 34 32 29 27 25 23 21 19
83 82 80 79 78 79 78 77 77 77 79 79 81 85 89 87 82 78 76 73 62 54 57 60 59 61 67 72 77 83 87 88 89 93 97 102 109 114 114 114 117 123 126 128 129 126 113 100 89 82 79 78 76 76 74 71 69 68 69 69 68 67 67 69 69 68 66 64 62 63 67 71 76 80 80 78 77 74 70 67 63 60 56 52 49 46 43 40 38 35 33 30 28 27 25 23
83 81 79 77 77 78 78 77 76 78 81 84 87 91 93 92 87 81 75 69 61 59 60 59 58 61 66 70 75 81 86 89 91 93 94 100 108 115 118 120 121 125 128 131 134 133 124 111 98 88 82 79 77 75 76 74 71 69 68 69 68 67 68 70 69 67 66 62 59 61 63 64 67 73 78 81 83 82 79 77 73 67 62 57 53 50 47 44 41 38 36 34 33 31 28 26
82 80 77 75 75 76 76 76 76 78 81 85 88 89 90 89 85 79 72 65 62 64 63 58 58 61 64 67 72 79 85 91 93 90 91 99 109 117 121 123 125 127 129 132 137 138 134 123 111 98 88 82 77 74 73 73 73 71 69 68 68 67 68 69 69 68 66 62 58 59 61 62 62 64 67 73 78 79 79 82 83 78 69 62 58 54 51 47 45 42 41 39 37 34 31 29
80 78 75 74 74 74 75 76 76 78 80 81 81 80 81 83 81 77 71 64 62 67 67 60 57 58 61 62 68 79 86 91 90 85 90 102 112 117 119 123 127 129 130 133 138 142 143 136 123 109 96 87 81 76 72 70 70 71 70 68 67 68 69 68 67 66 65 63 59 57 59 61 63 63 65 68 71 72 72 75 80 84 79 70 63 58 54 51 49 47 46 44 41 38 34 33
80 76 73 73 74 74 75 76 76 76 76 75 73 71 73 77 78 74 68 64 67 71 71 63 56 57 60 59 65 76 85 88 87 81 92 105 112 114 115 121 129 132 131 135 140 144 148 146 135 119 103 93 86 81 75 71 69 69 69 67 66 67 69 68 67 66 64 62 60 57 57 60 64 65 65 66 68 70 72 73 74 78 83 80 70 64 59 57 54 53 50 48 45 41 39 38
79 76 74 76 77 77 76 74 74 73 72 70 67 67 71 76 77 68 60 63 71 76 75 67 59 57 59 59 65 77 82 83 83 82 93 104 109 110 116 123 127 127 129 137 143 145 150 155 148 131 113 97 89 84 79 74 70 69 69 67 65 66 67 66 66 67 66 63 60 57 57 60 64 65 66 66 67 68 70 73 73 74 79 84 80 72 66 62 60 58 56 53 50 47 45 44
79 79 80 82 82 80 77 74 71 69 69 69 67 67 72 78 79 63 53 60 71 80 80 73 67 63 60 59 66 75 81 81 80 81 91 101 107 112 119 123 120 119 126 136 143 145 151 160 158 144 126 107 92 83 80 77 72 70 70 68 66 65 64 62 63 65 67 66 62 58 57 61 64 64 65 67 67 68 68 71 74 75 77 80 85 82 75 70 67 64 62 60 58 55 53 51
81 82 83 83 81 78 75 73 71 69 68 70 71 72 76 81 80 58 49 58 67 78 86 81 73 71 69 65 65 70 76 81 80 80 90 101 109 116 122 121 120 117 119 130 140 145 152 162 164 155 139 119 98 86 82 78 73 71 71 69 67 66 64 61 60 62 64 66 64 61 59 62 65 64 65 67 67 67 67 70 74 76 77 77 79 81 81 78 75 74 72 70 68 65 62 60
84 84 83 80 78 75 73 71 70 68 65 69 75 77 79 82 81 56 47 56 62 72 83 84 74 78 83 81 73 67 69 76 81 84 94 104 111 117 121 120 119 113 110 120 136 147 153 160 165 163 152 135 109 92 84 79 75 72 70 69 67 65 64 62 60 60 61 61 62 63 64 65 66 65 65 66 66 65 65 67 71 76 77 77 76 75 77 79 80 81 81 80 76 71 68 66
84 83 81 78 77 76 74 72 69 65 64 70 76 78 78 83 84 65 52 55 58 66 73 78 75 82 89 92 87 75 68 71 79 90 100 106 110 111 113 113 110 104 105 115 132 147 152 155 162 166 163 154 127 99 87 81 77 72 70 68 66 63 63 64 62 60 59 58 58 60 61 64 66 65 64 65 66 65 64 64 67 73 75 76 76 73 71 73 74 77 81 82 77 73 71 70
80 79 78 78 77 76 75 74 69 65 68 75 77 74 75 82 89 96 74 60 58 61 66 72 79 85 88 89 91 88 75 70 77 89 100 106 105 104 105 105 100 100 106 114 126 140 149 153 158 165 170 170 149 109 89 82 78 74 71 68 66 62 62 64 63 60 59 58 57 57 57 61 65 65 63 64 66 67 66 64 66 69 70 70 70 67 66 68 67 70 75 75 72 71 70 71
77 76 76 76 76 74 72 72 70 71 78 82 77 68 71 83 96 115 141 75 66 62 62 68 78 85 85 83 87 93 84 73 76 86 97 103 105 104 101 98 98 104 110 113 120 134 149 157 158 162 171 177 171 131 95 83 79 75 72 70 66 62 62 64 63 60 59 58 58 57 56 58 62 66 66 65 65 66 67 65 67 69 67 64 64 59 58 62 65 71 73 70 67 65 64 64
77 77 76 75 74 73 70 67 70 78 87 89 78 65 71 85 97 118 170 115 85 75 69 69 73 80 82 79 86 95 92 78 75 81 92 102 106 103 96 96 103 109 111 110 115 129 144 153 153 156 167 179 184 162 105 84 79 77 74 72 67 63 63 65 64 60 58 59 58 56 55 55 57 62 67 69 67 66 66 67 70 71 69 63 60 55 54 59 65 71 71 67 62 58 58 58
78 77 76 75 75 74 71 68 73 80 87 90 81 69 74 83 93 115 164 147 112 94 86 77 73 75 77 78 87 95 96 88 79 82 90 99 103 99 93 98 106 109 108 107 109 118 132 143 148 152 162 180 193 186 125 87 80 78 76 74 70 65 64 65 64 60 58 58 58 56 55 54 54 56 61 66 68 66 65 66 70 73 71 63 58 56 56 59 64 67 66 62 57 56 58 58
80 77 74 75 76 76 74 75 79 81 83 86 87 81 78 78 85 108 150 154 134 111 98 91 86 80 80 83 86 89 96 102 101 98 95 93 93 91 93 100 105 104 102 102 103 109 124 138 147 152 160 183 200 203 162 92 81 77 76 75 72 69 67 66 62 58 56 56 57 57 56 54 53 53 56 60 63 64 65 65 68 71 69 63 60 59 58 60 64 63 60 57 54 56 60 59
80 77 74 77 79 78 78 81 85 84 81 83 92 90 80 77 83 100 133 151 144 125 110 103 100 96 93 93 91 93 103 114 115 108 99 90 86 88 95 98 96 93 93 95 99 105 115 129 140 149 158 183 205 214 197 99 82 78 76 75 74 73 71 69 63 58 56 55 55 57 58 55 53 53 54 55 57 60 64 67 69 70 68 64 63 63 61 61 62 60 57 54 51 54 59 57
79 75 74 77 81 81 81 85 89 88 83 85 95 96 83 79 83 92 115 141 147 136 122 111 106 104 103 103 104 107 108 111 112 106 99 94 90 91 97 97 89 85 88 94 98 100 106 118 133 144 154 179 208 221 219 104 83 80 78 76 76 73 71 69 66 66 66 62 59 60 59 57 56 55 54 53 53 56 61 65 69 70 68 65 66 66 64 62 61 59 57 53 48 51 56 54
77 77 76 75 74 75 79 85 91 92 85 88 97 106 89 79 81 87 101 124 142 138 129 118 111 109 108 110 112 113 111 108 106 104 100 97 96 94 95 100 93 86 86 90 94 96 103 114 128 137 148 172 208 229 236 117 84 81 78 76 75 69 66 65 65 72 79 81 76 68 62 59 60 59 56 52 51 52 56 61 64 67 68 66 67 67 63 61 60 59 56 50 46 49 54 54
81 83 83 77 70 67 70 75 83 89 87 91 100 117 102 83 78 81 89 101 122 130 129 123 114 111 111 114 114 114 115 112 107 105 101 97 98 93 91 101 102 92 84 83 87 94 99 106 115 121 130 153 208 240 245 159 83 78 75 73 69 63 62 63 63 69 77 86 92 84 72 66 64 63 60 55 51 51 52 55 59 63 66 65 65 63 59 56 57 58 54 46 44 51 57 57
98 92 89 82 73 70 69 69 73 77 84 93 103 120 112 92 79 74 76 86 101 114 120 118 114 113 113 113 116 117 120 116 109 107 103 98 98 94 89 97 106 99 85 78 80 87 93 98 104 107 112 128 218 254 258 260 77 76 73 69 62 59 63 65 66 70 72 75 85 93 86 78 72 68 65 61 56 53 52 51 53 57 61 61 60 60 56 52 56 57 53 44 44 54 60 59
100 95 91 85 79 76 73 69 70 71 76 89 101 112 111 100 85 71 68 76 91 103 110 113 112 110 111 116 122 125 127 118 110 109 106 99 98 98 92 93 104 105 91 80 77 81 87 92 99 101 102 104 258 270 278 332 58 69 71 67 60 63 66 67 69 72 71 70 72 82 90 89 85 81 75 71 67 62 57 52 51 54 57 57 57 57 52 50 56 58 53 45 44 54 58 56
94 91 89 86 82 79 75 73 73 71 72 79 87 97 104 103 92 76 67 70 81 97 106 108 108 110 117 128 132 135 136 120 111 110 107 99 98 101 96 93 101 109 102 87 80 78 82 88 93 97 94 81 325 290 295 334 38 57 64 63 63 67 67 66 68 71 70 68 67 69 77 87 92 94 92 87 83 79 71 63 58 57 56 54 55 54 48 48 54 56 53 44 46 55 57 51
90 88 88 87 83 79 78 79 78 73 69 70 74 85 95 103 101 86 76 73 79 92 106 111 117 126 133 137 140 146 146 124 110 108 108 101 97 101 100 96 99 111 113 97 85 81 82 84 86 87 81 63 343 311 309 332 26 52 60 61 64 68 66 65 68 69 69 67 66 64 67 76 85 93 99 102 101 97 90 81 72 67 60 55 53 50 45 47 52 56 54 46 49 56 54 48
95 91 89 89 86 82 82 84 83 76 68 64 67 75 90 102 105 97 93 91 99 108 116 125 127 130 135 139 143 151 152 131 111 105 105 102 97 98 101 99 100 110 119 111 94 85 82 81 78 73 68 49 346 322 321 336 19 53 63 63 64 65 65 66 68 69 68 66 65 64 65 71 78 86 93 103 111 111 106 99 88 78 69 60 54 46 40 42 46 51 52 48 51 55 52 47
100 93 90 90 90 88 87 86 84 79 71 65 65 68 77 93 102 103 108 120 125 122 119 121 122 120 121 127 138 148 152 139 118 105 98 95 96 97 98 98 99 107 119 124 108 91 82 76 68 64 59 37 349 331 331 343 20 55 64 64 63 63 63 66 67 68 67 66 65 64 66 69 74 81 88 95 108 118 116 113 106 93 78 68 58 46 38 37 39 43 44 44 46 49 49 47
99 93 90 91 93 93 93 90 86 83 81 76 68 64 67 76 93 108 119 126 129 127 114 106 105 106 111 119 128 138 146 142 127 111 97 89 89 92 93 94 98 105 114 125 122 101 85 72 62 60 51 29 350 338 339 350 25 53 62 63 63 62 63 65 66 67 66 65 65 65 66 67 70 75 82 90 100 113 117 118 118 112 100 81 67 54 44 40 40 42 42 42 41 40 42 43
102 93 90 92 95 94 95 94 92 91 91 86 78 71 69 75 91 109 121 127 128 126 119 106 100 102 108 113 119 130 138 143 139 124 107 91 83 82 88 91 95 101 108 119 128 118 94 74 64 60 46 23 353 346 349 358 27 51 60 63 63 62 63 65 66 66 66 66 65 64 65 68 69 70 74 83 93 103 110 116 120 123 121 108 90 72 60 53 53 52 49 46 42 36 35 36
108 97 90 89 93 95 93 91 94 98 98 94 89 84 83 85 93 104 115 122 126 129 127 117 104 99 104 110 115 126 134 143 148 140 122 103 87 82 83 87 93 99 106 113 124 126 107 80 68 61 42 18 359 354 0 8 28 51 60 63 63 65 66 67 67 67 67 67 66 64 65 68 68 69 72 77 86 96 101 107 117 127 130 126 115 100 82 71 67 63 58 54 47 38 35 35
109 100 91 88 93 98 94 86 87 96 103 102 99 97 96 97 98 100 105 113 123 130 132 129 114 99 94 103 111 118 128 138 150 152 136 120 105 91 85 85 91 98 102 106 114 122 115 88 73 60 36 16 5 3 10 17 30 50 61 63 64 68 69 68 68 68 69 68 67 66 67 68 67 69 72 75 82 90 94 97 107 123 134 134 129 122 113 97 82 73 65 59 53 44 39 39
107 101 96 92 94 99 99 90 83 86 97 106 106 105 106 109 108 104 101 107 120 131 136 134 123 101 88 92 101 109 117 126 142 152 144 133 120 105 93 89 91 96 99 100 102 102 100 88 70 52 32 18 11 11 17 22 33 51 60 62 66 68 68 68 69 70 71 71 70 70 70 70 69 68 69 75 83 89 93 95 98 110 128 135 134 132 130 122 106 89 76 66 57 48 41 41
108 103 101 98 95 96 99 100 93 86 89 99 103 105 114 119 116 109 104 103 112 130 137 135 129 109 91 86 92 102 109 116 128 142 145 139 127 115 105 98 94 94 97 96 87 77 73 65 50 41 31 21 16 19 23 25 36 52 61 64 67 68 66 67 68 70 71 72 75 77 75 73 72 69 68 72 79 87 95 97 97 99 111 124 129 133 134 133 124 106 89 74 64 54 44 41
101 98 99 100 96 95 98 102 103 95 89 91 96 104 113 119 118 112 108 105 106 118 129 131 133 125 104 90 88 96 107 113 120 132 141 142 135 124 112 105 99 95 93 88 75 65 57 38 30 35 32 25 22 26 27 29 40 56 64 68 69 67 66 67 68 69 69 71 77 85 86 81 76 71 69 71 74 79 90 97 98 96 97 107 118 126 131 134 131 119 105 89 75 64 51 46
97 93 94 97 96 96 97 98 99 98 94 92 96 102 107 112 114 112 111 107 102 106 117 125 135 136 120 102 92 92 101 110 115 122 134 142 145 136 117 107 103 97 90 79 68 60 49 29 24 33 33 29 30 32 31 33 47 61 67 69 69 67 67 67 67 67 68 70 76 85 94 95 87 80 73 70 70 73 77 88 95 95 94 99 110 119 122 127 129 125 117 104 91 78 64 56
115 96 90 90 93 96 97 94 92 94 96 99 105 106 106 108 111 112 111 105 100 102 111 120 133 141 132 115 102 94 93 100 107 114 124 138 151 147 120 107 104 100 86 70 61 54 44 26 24 33 33 34 37 37 36 41 55 67 70 69 68 67 68 67 65 66 67 70 75 81 92 102 103 99 89 77 72 69 69 73 85 92 94 98 105 109 109 113 120 124 118 106 97 90 81 72
126 108 92 85 89 94 96 95 94 95 98 105 113 114 110 109 109 107 105 100 98 101 108 116 127 139 138 124 110 98 90 90 99 109 116 129 148 150 126 108 102 95 80 65 54 48 40 27 27 34 36 41 42 42 44 53 66 72 71 70 69 68 68 66 64 65 68 72 76 79 86 99 109 112 111 99 81 73 67 69 74 83 90 98 100 94 93 97 102 104 96 86 85 88 94 98
117 111 103 93 88 87 92 98 102 102 103 110 117 118 114 110 105 100 95 93 94 98 105 112 120 131 137 130 117 108 98 92 93 100 106 117 136 145 131 110 95 80 70 59 49 45 39 30 31 37 42 45 45 47 55 66 74 74 72 72 71 70 69 64 62 65 69 74 77 80 84 93 106 116 120 118 99 82 74 71 73 78 87 93 91 84 87 86 78 59 48 55 64 72 85 103
105 104 108 106 93 82 86 97 103 107 113 115 117 117 113 108 103 99 96 92 90 94 99 105 113 122 131 132 125 119 115 102 93 91 98 110 126 135 129 109 85 69 62 52 46 45 40 34 37 42 47 50 51 56 67 74 76 74 74 73 73 73 71 64 61 65 71 75 78 80 83 89 98 110 119 125 113 93 84 80 80 83 86 85 85 89 90 81 58 40 36 45 53 62 71 82
95 96 103 109 105 95 90 93 98 106 115 117 115 112 110 106 103 102 106 104 96 92 92 98 106 114 123 130 129 126 126 115 102 95 97 104 118 124 120 99 73 62 55 48 45 44 40 39 43 47 50 56 65 74 78 78 76 75 75 75 76 76 73 67 65 68 71 73 75 77 80 82 88 101 115 124 115 98 93 92 91 89 86 86 90 95 90 67 46 37 38 51 60 68 73 76
112 91 94 104 113 113 106 100 100 102 106 112 112 107 106 104 103 105 111 117 110 99 94 94 99 106 113 121 123 125 127 125 117 106 97 98 107 110 99 72 58 54 50 46 44 42 41 43 46 48 52 62 76 89 93 87 79 78 78 78 79 79 77 77 78 78 75 73 72 73 74 75 80 91 107 116 106 93 92 98 98 90 87 93 97 94 79 50 33 34 46 61 73 81 82 80
190 97 90 98 112 115 114 113 107 102 99 102 104 102 103 106 106 107 112 118 116 110 103 99 99 101 103 107 114 120 125 128 127 116 101 95 94 85 63 47 48 50 48 45 43 42 43 46 48 50 57 70 81 92 104 103 89 85 84 84 83 82 83 86 89 89 87 83 78 72 70 72 79 84 89 98 94 86 87 94 97 89 91 98 98 85 64 33 22 33 49 62 73 81 84 83
