windninja/windninja_output/Output_2025-08-24_1200-1250_Google earth_Fire_150m_10min/merlingen_7.5mi_point_08-24-2025_1200_150m_ang.asc
ncols	158
nrows	163
xllcorner	391686.332397
yllcorner	5160024.123721
cellsize	150.000000
NODATA_value	-32768.000000
[rows 55 to 109 of 163, columns 0 to 95 of 158]
358 357 355 352 349 350 352 354 355 354 351 349 347 348 348 348 348 348 349 349 350 350 350 350 351 351 352 352 353 353 354 354 354 354 354 354 354 353 352 349 346 346 349 350 349 350 354 355 356 0 7 11 12 15 19 18 17 20 24 25 24 25 29 28 21 15 14 15 19 22 24 28 29 29 28 27 27 27 28 25 23 25 28 29 30 32 32 33 35 37 39 37 31 27 27 17
359 358 358 358 355 352 352 354 355 356 355 352 350 349 349 350 350 350 350 351 351 352 352 352 353 353 354 354 355 355 356 356 356 356 357 356 356 356 355 354 352 350 352 353 351 348 347 348 352 357 4 10 13 16 21 19 18 20 22 22 21 23 28 29 24 17 15 16 20 26 29 29 28 26 26 25 25 26 25 23 22 24 27 28 29 31 32 32 34 38 41 39 27 16 19 18
1 1 1 2 1 358 356 354 354 355 356 357 356 352 350 350 351 352 352 352 353 353 354 354 355 355 356 356 357 357 357 358 358 358 359 359 359 359 358 357 356 356 355 354 353 349 345 344 347 352 359 9 14 18 22 19 16 18 19 18 20 24 30 32 27 19 15 17 23 28 28 26 25 25 24 23 22 23 22 21 22 24 27 29 32 35 36 36 35 35 35 26 10 7 15 22
4 3 3 4 4 3 1 358 354 353 356 1 2 359 353 351 352 353 354 354 354 355 356 356 357 357 357 358 358 359 359 360 0 1 1 1 1 1 1 0 360 359 358 357 355 352 348 344 342 345 354 7 14 18 22 19 15 17 18 18 20 25 30 33 30 22 16 17 21 24 23 23 24 24 22 20 20 20 20 20 22 25 28 31 35 38 39 38 35 30 24 14 6 7 20 30
6 7 6 6 6 6 4 2 357 355 357 1 5 4 359 355 353 353 355 356 356 357 357 358 358 359 359 360 0 1 1 2 2 3 3 3 3 3 3 3 3 2 2 1 359 357 354 350 343 341 346 360 11 16 21 19 16 17 18 19 22 26 31 33 31 25 18 15 18 22 23 22 23 22 20 19 19 19 20 22 24 27 30 31 34 37 38 36 31 23 16 13 11 15 29 37
10 10 10 10 9 8 6 4 1 359 359 0 2 4 4 2 358 355 355 356 358 358 359 360 0 1 1 2 2 3 3 4 4 4 5 5 5 6 6 5 5 5 4 4 3 1 359 356 350 343 341 351 6 15 20 20 18 18 19 20 23 27 32 34 32 27 20 15 19 23 23 21 21 20 18 18 19 20 22 25 26 29 32 33 34 35 35 32 25 18 15 16 17 24 35 40
14 14 14 13 12 11 9 7 5 3 1 360 360 2 6 8 5 1 357 357 358 359 1 2 3 3 3 4 4 5 5 6 6 6 7 7 7 8 8 8 8 7 7 6 6 5 3 1 357 350 344 346 359 13 19 21 22 22 22 23 25 28 32 34 32 29 23 18 20 23 21 20 20 19 17 17 20 23 24 26 28 31 34 36 36 35 32 27 21 16 15 19 25 32 38 41
19 19 18 16 14 13 11 9 7 6 4 1 360 1 5 9 10 8 4 0 359 1 2 4 5 5 5 5 6 6 7 7 8 8 9 9 9 10 10 10 10 10 9 9 8 8 7 5 2 357 351 349 356 8 17 22 25 25 24 25 26 27 29 30 31 29 24 20 20 20 20 20 19 17 17 18 22 24 24 26 29 32 35 38 37 36 32 23 19 18 18 27 36 38 40 44
27 26 22 19 15 13 12 12 11 10 8 5 2 2 3 7 11 12 10 6 3 3 4 5 6 7 7 7 8 8 9 9 10 10 11 11 11 12 12 12 12 12 12 11 11 10 10 8 7 3 358 353 357 4 10 19 26 27 25 23 22 23 26 31 35 34 27 22 20 19 19 20 19 16 16 19 21 23 23 26 29 32 35 36 35 33 28 20 18 22 28 35 39 42 44 47
36 32 25 21 17 15 15 15 14 14 13 9 5 4 4 5 9 13 14 12 9 8 6 6 7 9 9 10 10 10 11 11 12 12 13 13 13 14 14 14 14 14 14 14 13 13 13 12 10 8 4 358 359 3 4 13 26 28 24 21 18 22 31 41 45 38 26 19 18 17 18 19 19 16 15 17 19 20 20 24 28 31 33 34 32 29 25 21 21 27 33 38 41 45 48 51
38 34 27 22 19 18 17 18 18 17 15 12 8 5 6 5 7 12 15 16 15 13 11 9 8 10 11 12 12 12 12 13 14 14 14 15 15 15 16 16 16 16 16 16 16 16 15 15 14 12 10 5 3 4 2 7 21 27 25 22 20 26 37 41 37 28 19 15 15 16 17 19 19 17 15 15 16 17 19 24 29 31 32 31 30 28 26 24 26 30 35 40 44 49 53 56
34 32 28 25 23 20 18 19 20 19 16 14 12 8 6 7 8 10 14 17 17 17 16 14 11 11 13 14 14 14 15 15 15 16 16 17 17 17 18 18 18 18 18 18 18 18 18 17 17 16 14 12 10 9 6 4 15 26 29 27 23 22 27 29 27 22 17 15 15 16 16 19 20 17 14 12 13 16 19 24 28 28 26 23 24 28 28 28 31 34 37 41 46 51 57 61
21 24 26 26 25 20 16 19 22 21 18 16 16 12 9 9 11 11 12 15 17 18 19 18 16 15 16 17 17 17 17 17 17 18 18 18 19 19 19 19 20 20 20 20 20 20 20 20 19 19 18 18 17 15 13 11 15 28 35 34 23 16 19 24 24 23 20 18 16 16 16 19 20 16 13 12 12 14 17 20 21 21 19 17 25 34 35 33 36 38 39 43 49 53 57 61
1 12 20 21 21 18 15 18 24 24 20 18 17 16 14 12 13 13 12 14 17 19 20 20 20 20 21 22 21 19 19 19 19 19 20 20 20 21 21 21 21 22 22 22 22 22 22 22 22 22 22 21 21 20 20 20 23 30 38 36 24 16 18 22 23 23 22 20 18 17 17 19 20 15 12 12 12 12 13 15 16 17 20 25 38 46 41 36 38 40 42 47 52 54 54 57
351 1 16 20 21 21 18 18 22 22 18 16 16 16 15 15 15 16 16 16 18 19 21 22 22 24 27 28 24 22 21 20 20 21 21 22 22 22 23 23 23 23 24 24 24 24 24 24 24 24 24 24 24 24 25 25 27 29 33 34 28 21 20 22 23 24 23 21 18 17 18 20 20 14 12 13 13 11 10 13 16 22 30 40 51 52 40 37 40 42 44 47 50 51 52 52
4 9 21 30 35 34 28 22 23 24 21 19 20 20 19 19 19 21 21 20 20 21 22 23 23 26 30 30 27 25 24 22 22 22 23 23 24 24 24 25 25 25 25 26 26 26 26 26 26 26 26 26 27 27 27 28 29 30 31 31 29 27 27 29 29 26 24 22 20 19 19 21 19 13 13 15 15 11 9 12 21 31 40 48 54 49 39 39 42 43 44 45 46 46 46 46
24 27 35 46 55 55 47 37 36 36 34 33 32 30 27 25 24 25 25 23 23 24 24 25 22 21 27 30 29 27 26 25 24 23 24 25 25 25 26 26 26 27 27 27 27 28 28 28 28 28 28 28 29 29 29 30 30 31 31 31 30 30 31 32 32 31 30 28 24 19 17 21 20 15 15 17 16 12 10 16 28 38 45 52 52 42 36 39 43 45 45 44 43 40 39 37
38 39 43 48 53 56 54 52 54 55 52 50 48 43 39 34 30 29 28 26 25 25 25 25 20 17 24 30 31 30 29 28 28 26 25 26 26 27 27 28 28 28 29 29 29 29 30 30 30 30 30 30 30 31 31 31 31 31 32 31 31 31 31 31 31 31 32 31 26 18 16 23 25 20 18 18 17 14 13 21 33 41 46 51 47 37 35 40 46 46 44 44 45 41 37 26
48 49 52 54 55 57 56 56 59 58 54 51 47 44 41 38 35 34 32 29 28 27 26 25 21 19 23 30 33 33 31 31 31 30 27 27 28 28 29 29 30 30 30 31 31 31 31 31 31 32 32 32 32 32 32 32 32 32 33 32 32 32 32 32 31 31 30 28 25 23 23 30 30 22 19 19 19 17 16 24 34 40 45 46 41 36 38 42 46 45 41 41 44 44 29 14
57 59 62 63 64 64 63 62 60 58 54 50 46 43 40 37 36 35 34 32 31 30 30 29 25 21 23 29 34 36 34 33 33 32 29 28 29 30 30 30 31 31 32 32 32 33 33 33 33 33 33 33 33 33 33 33 33 33 33 33 33 33 33 33 32 31 30 28 28 28 28 27 24 16 15 16 16 17 17 23 33 37 41 41 38 39 41 43 45 43 39 35 32 26 17 10
64 66 70 74 76 76 74 70 65 60 56 52 49 45 42 39 37 36 34 33 33 34 34 33 29 25 26 30 33 36 36 35 35 35 34 32 31 32 32 31 32 33 33 34 34 34 34 35 35 35 35 35 35 35 35 35 35 35 34 34 34 34 34 33 33 32 31 30 30 29 27 24 19 12 9 11 11 13 17 22 29 35 40 40 39 40 41 43 44 45 44 34 23 19 16 15
68 70 75 82 88 90 87 81 73 65 59 55 50 47 44 41 39 38 36 35 35 35 35 34 32 30 30 32 33 35 37 38 39 41 41 38 36 34 34 33 33 34 35 35 36 36 36 36 36 36 36 36 36 36 36 36 36 35 35 35 35 35 35 34 33 33 32 32 31 30 27 24 21 15 9 6 6 8 13 21 29 37 43 45 46 46 46 48 49 52 50 34 20 19 19 22
72 73 78 85 95 100 100 94 84 72 62 55 51 49 46 44 42 40 38 38 37 37 36 35 34 33 35 36 35 37 39 42 42 42 42 40 37 37 36 35 34 35 36 37 37 38 38 38 38 38 38 38 37 37 37 37 37 36 36 36 36 36 35 35 34 34 33 33 32 30 28 26 24 20 13 6 1 0 8 23 34 41 47 50 52 54 56 54 51 47 34 20 14 18 21 24
77 77 75 83 98 108 111 105 90 74 61 54 51 49 48 45 43 42 40 39 39 39 38 36 34 34 37 39 37 36 39 41 41 40 41 40 38 38 39 38 36 36 38 38 39 40 40 40 40 40 40 39 39 38 38 38 38 37 37 37 37 36 36 36 35 35 34 33 32 31 29 27 26 23 18 11 2 356 3 24 38 41 44 47 45 45 46 43 36 29 22 15 14 19 21 23
76 74 68 69 85 101 108 101 84 68 55 51 49 49 48 46 44 43 42 42 41 41 41 38 33 34 38 39 37 35 36 39 40 41 43 42 39 39 41 41 38 38 40 41 42 42 43 43 43 42 42 41 40 39 39 39 39 38 38 38 38 37 37 37 36 36 35 34 33 32 31 29 27 25 21 16 7 358 0 21 35 35 35 35 35 35 35 32 27 23 20 19 19 20 21 21
69 64 57 57 60 60 56 44 46 46 43 44 48 49 49 48 47 46 45 44 43 43 43 40 34 34 39 40 39 36 35 38 39 40 42 42 40 39 41 42 40 40 43 45 45 46 46 47 48 47 45 43 41 41 40 40 39 39 39 39 38 38 38 37 37 36 36 35 34 33 32 30 28 27 23 19 13 4 2 14 24 26 27 28 30 32 32 28 25 24 24 24 23 21 22 23
67 66 61 57 59 55 38 26 30 32 33 40 47 50 52 51 50 50 48 46 46 46 45 41 36 37 41 42 41 39 36 37 38 39 41 42 41 40 41 42 40 39 43 48 51 53 53 54 56 55 51 45 42 41 41 40 40 40 40 40 39 39 39 38 38 37 37 36 35 34 33 31 29 28 25 22 17 10 5 6 9 16 23 27 30 32 30 25 24 25 25 25 26 24 23 24
77 75 67 62 62 56 45 37 34 35 35 41 48 52 54 54 53 53 52 50 49 48 47 43 38 39 43 43 42 41 40 41 43 45 46 45 43 42 42 42 40 38 40 42 45 47 47 48 50 51 49 46 44 42 41 41 41 41 41 41 40 40 40 39 39 38 38 37 36 35 34 32 30 29 27 24 20 13 7 2 360 8 21 28 30 30 27 24 23 25 26 26 27 25 23 24
69 63 54 57 58 56 52 46 44 44 44 48 52 56 58 57 57 58 57 55 54 52 50 47 40 40 43 43 43 44 44 44 46 48 51 51 50 47 45 44 42 39 37 37 37 37 37 37 39 40 39 39 40 40 41 42 42 42 42 42 41 41 40 40 39 39 38 38 37 36 35 33 32 30 28 26 22 16 10 2 355 1 15 24 28 29 28 26 24 25 27 28 29 27 25 26
62 58 56 60 60 59 56 55 56 55 54 54 55 58 60 60 60 61 61 60 59 57 53 50 44 41 43 43 44 45 45 44 45 47 51 54 55 54 51 48 45 43 41 41 41 41 41 42 43 43 41 39 38 38 40 43 43 44 43 43 43 42 41 41 40 40 39 39 38 37 36 35 33 31 30 27 24 19 12 4 355 357 7 18 27 29 29 30 28 29 30 31 32 31 31 31
65 65 67 68 68 66 62 61 63 62 59 57 57 58 58 59 60 62 64 64 65 63 60 55 49 44 46 47 47 47 46 45 44 44 48 50 52 55 55 53 49 46 46 46 48 50 51 54 55 53 50 47 45 43 43 44 45 45 45 44 44 43 42 42 41 41 40 40 39 38 37 36 34 33 31 29 26 21 14 5 355 353 2 16 27 29 30 31 30 30 31 32 33 33 32 31
70 71 72 73 73 70 65 62 63 63 60 58 58 57 58 59 60 63 66 69 71 70 70 67 56 44 45 48 49 49 48 47 45 43 44 45 46 48 51 53 53 50 48 48 49 51 54 57 58 58 56 53 51 48 46 47 47 47 47 46 45 44 43 43 42 42 41 40 40 39 38 37 36 34 32 30 27 23 16 7 354 349 355 12 27 31 32 33 32 32 32 33 31 28 25 24
75 76 76 75 71 66 61 58 59 61 60 59 59 57 58 59 58 61 64 68 70 68 69 67 49 33 38 44 47 48 49 50 49 47 46 45 43 44 46 48 50 50 49 49 50 52 55 57 58 59 58 56 54 52 52 52 52 51 50 48 47 45 44 43 43 42 42 41 41 40 39 38 37 36 34 32 29 25 20 11 356 344 345 3 24 32 35 36 36 38 37 33 28 22 19 21
77 77 74 69 62 56 53 53 56 59 60 59 58 54 53 53 54 58 61 63 62 58 56 49 30 22 34 42 46 48 49 50 52 52 54 54 50 48 48 48 48 48 47 48 49 51 54 56 56 56 55 55 54 53 53 54 55 56 55 52 49 46 45 44 44 43 43 42 42 41 40 39 38 37 36 34 32 29 24 17 3 344 337 355 23 35 39 39 40 41 39 32 27 26 29 36
76 73 67 63 58 54 52 52 53 55 59 58 54 51 51 50 51 55 58 60 57 51 48 39 22 20 33 43 46 48 50 51 52 53 55 58 58 56 55 55 54 52 49 48 50 51 53 55 56 55 53 52 50 49 49 50 52 56 60 58 50 46 45 45 44 44 44 43 43 42 42 41 40 39 37 36 34 32 29 23 13 357 342 355 37 52 54 50 47 45 42 35 36 42 45 51
73 69 63 61 61 58 54 51 48 49 55 54 48 47 48 47 47 50 55 60 57 49 42 34 22 21 34 43 47 50 52 53 53 53 54 57 58 58 57 57 57 56 54 53 53 54 55 56 56 56 55 52 49 47 45 47 50 53 58 56 47 44 45 45 45 45 45 45 44 43 43 42 41 40 39 38 37 35 32 29 23 14 5 15 49 66 69 64 58 56 51 42 47 52 50 51
68 63 55 53 52 52 47 43 40 45 51 49 41 40 40 39 41 44 51 60 58 44 37 32 24 26 37 45 49 52 54 55 56 56 57 57 56 57 57 56 55 55 56 57 57 57 57 58 59 59 59 57 54 50 44 44 47 48 50 47 40 40 44 45 46 46 46 46 45 45 44 43 43 42 41 40 39 38 36 34 32 28 23 27 44 58 65 67 66 66 60 55 64 67 67 67
63 56 46 42 41 38 30 24 26 35 44 43 37 37 37 38 38 38 44 51 49 33 34 33 28 32 41 48 52 54 56 58 59 59 59 58 57 57 58 57 55 54 56 58 59 60 61 62 63 65 65 64 61 55 45 42 46 48 49 47 41 39 43 46 47 47 47 47 46 46 45 45 44 44 43 42 41 41 40 39 38 37 37 41 53 63 69 73 75 72 70 75 82 83 82 83
58 52 42 39 38 34 27 20 18 29 36 33 25 23 24 29 28 29 42 49 44 28 30 33 32 38 46 51 54 57 59 62 64 64 61 60 60 60 59 59 56 54 55 58 59 61 63 64 65 66 68 70 65 57 52 52 57 58 57 53 48 43 44 47 48 49 49 48 48 47 47 46 46 45 45 44 44 43 43 43 43 43 45 51 64 75 81 84 83 79 76 79 83 83 82 83
52 48 42 42 43 40 34 25 18 27 35 31 24 21 21 28 31 36 48 52 42 31 31 35 37 44 50 53 56 58 62 66 69 68 64 63 63 63 62 60 55 52 53 54 55 56 59 61 63 63 65 66 60 55 56 62 69 68 63 59 54 49 47 49 50 50 50 50 49 49 48 48 47 47 46 46 46 45 45 45 46 47 49 54 62 72 80 83 81 77 74 74 74 74 73 74
43 44 44 46 49 47 41 32 25 33 43 42 38 37 38 48 50 59 60 52 42 41 41 46 48 52 54 55 56 57 60 65 67 67 65 66 66 65 64 62 58 53 52 52 50 50 51 54 57 59 60 59 51 51 57 61 66 67 64 61 57 52 51 52 52 52 52 51 51 51 50 49 49 48 48 48 48 48 48 48 48 49 51 54 58 63 68 71 71 70 68 67 67 66 66 66
30 41 47 48 50 47 44 40 43 58 69 64 59 59 65 72 72 75 68 47 46 52 56 62 63 61 58 58 57 57 61 64 66 66 67 69 70 69 68 66 64 59 56 54 51 49 48 50 53 56 57 55 52 51 56 61 65 66 65 63 60 56 55 55 55 54 53 53 53 52 51 51 50 50 50 50 50 49 49 50 50 51 52 54 56 59 61 63 64 64 63 63 62 61 61 61
11 37 49 51 53 52 50 48 53 65 74 73 73 70 74 77 80 79 66 48 48 57 65 74 74 66 60 59 61 64 69 70 69 69 70 72 75 75 73 71 68 65 62 62 60 56 55 56 59 61 59 57 55 53 56 61 64 67 66 66 64 61 60 59 57 56 56 55 54 54 53 53 52 52 52 52 51 51 51 51 52 52 53 54 55 57 58 59 60 60 59 59 59 58 59 58
357 37 59 63 66 63 59 57 59 63 70 79 87 88 87 87 85 78 63 53 51 58 67 73 66 54 56 61 66 71 75 75 74 72 72 75 78 81 81 77 74 70 67 67 67 67 68 68 67 65 62 60 58 56 58 60 62 63 64 65 65 65 65 64 62 60 59 57 56 56 55 54 54 54 54 53 53 53 53 53 53 53 54 54 55 56 57 57 57 57 57 57 57 57 57 56
360 54 73 76 79 78 76 73 71 70 73 78 82 89 91 88 82 73 64 56 53 59 66 65 52 46 55 63 69 73 76 77 78 78 77 77 79 82 85 85 81 77 73 69 68 68 69 68 66 63 61 60 57 56 57 59 59 61 62 62 61 62 65 67 67 66 63 61 58 57 57 56 56 56 56 55 55 55 55 55 55 55 55 55 55 56 56 56 56 56 56 56 55 55 55 55
31 59 75 79 81 81 82 82 79 76 76 76 77 83 87 83 79 76 66 58 62 69 70 60 50 52 60 66 70 74 77 80 83 85 85 84 83 83 85 89 90 85 80 74 70 68 67 66 64 61 60 59 57 56 56 56 57 59 60 59 57 57 60 63 66 68 67 64 61 59 59 59 58 58 58 58 57 57 57 57 56 56 56 56 56 56 56 56 56 55 55 55 55 54 54 54
49 62 74 78 78 79 81 81 80 78 76 74 72 71 72 72 71 69 63 64 74 77 69 58 56 60 65 69 72 75 78 83 87 91 94 95 92 89 89 91 94 92 88 84 76 71 69 67 64 62 60 58 57 57 57 56 54 56 57 57 57 57 58 60 62 64 65 65 63 63 62 62 62 61 60 60 60 59 59 59 58 58 57 57 57 56 56 56 55 55 55 55 54 54 54 53
59 66 74 76 76 78 79 79 78 77 75 73 69 62 59 60 62 61 58 66 73 69 60 59 61 64 68 72 74 76 80 84 88 92 97 101 102 100 97 96 99 100 97 94 86 75 69 65 62 61 59 58 57 56 57 56 55 55 55 55 55 55 57 59 60 61 62 62 62 64 67 68 66 65 64 63 63 62 62 61 60 60 59 58 58 57 57 56 56 55 55 55 54 54 53 53
63 67 71 73 74 75 77 77 77 76 75 74 71 67 66 65 65 63 62 68 67 57 58 62 63 64 69 74 76 79 83 84 87 91 96 102 108 109 106 103 105 108 107 104 99 86 73 66 62 60 59 59 58 56 55 54 54 55 54 54 53 52 53 56 59 59 59 58 58 60 66 71 72 70 69 68 67 66 65 64 63 62 61 60 59 58 57 57 56 56 55 55 54 54 54 54
65 66 69 72 74 75 76 76 77 77 78 79 79 82 85 84 78 73 73 72 63 56 59 61 61 62 66 71 75 80 84 85 87 90 93 99 107 112 112 110 110 114 116 115 112 102 85 72 64 60 60 59 59 58 57 55 54 54 54 55 54 53 53 56 57 57 56 54 52 55 61 66 72 76 77 77 76 74 71 69 67 66 64 62 61 60 59 58 57 57 56 55 55 55 55 54
67 67 68 70 72 75 76 76 76 78 81 84 87 91 92 92 87 82 77 71 64 61 61 59 58 60 64 67 72 78 83 86 88 89 91 96 104 112 115 115 116 118 121 122 123 117 98 79 67 61 59 58 57 57 58 57 55 54 54 55 55 54 55 57 58 57 55 51 49 53 57 59 63 69 74 78 81 80 79 77 75 71 67 65 63 61 60 59 58 58 57 56 56 56 55 55
68 67 66 67 69 71 73 74 74 76 78 81 84 86 88 88 85 80 74 67 63 65 63 57 56 58 61 64 69 76 81 86 88 85 87 95 104 112 117 119 120 121 123 126 130 129 114 90 74 65 61 58 55 54 55 56 56 55 55 55 55 54 55 56 57 56 56 52 48 51 54 56 57 59 62 69 74 76 77 80 83 79 73 68 65 63 62 61 60 59 58 58 57 57 56 55
66 65 64 65 67 68 70 70 69 69 70 71 71 73 77 80 80 77 71 64 62 66 65 57 53 55 57 58 64 74 81 85 83 78 84 96 106 111 113 118 122 124 124 127 133 137 133 108 84 71 65 61 57 55 54 53 54 54 55 55 55 55 55 55 55 55 54 53 49 49 52 55 57 58 60 64 67 68 69 73 79 83 80 73 68 66 64 62 62 61 60 59 58 58 57 57
65 63 61 63 65 64 63 62 62 63 65 67 66 66 69 73 74 71 66 63 64 68 67 58 52 53 55 54 59 71 78 80 77 72 85 98 104 105 107 114 123 126 125 129 135 140 146 134 96 74 67 64 61 58 55 53 52 53 54 53 53 55 56 55 55 55 54 52 50 48 50 54 58 59 60 61 63 65 67 69 72 77 82 80 74 69 66 65 64 63 62 61 60 59 59 58
64 62 61 63 62 62 61 60 61 63 65 65 63 63 67 70 70 62 56 59 67 72 70 61 53 51 53 52 59 70 74 74 72 71 85 96 99 100 106 112 117 120 124 133 139 142 151 158 126 81 66 61 59 58 56 54 53 53 53 51 50 53 54 53 55 56 55 53 51 47 49 54 57 59 59 60 61 63 66 69 70 72 77 82 80 74 70 68 67 66 65 64 63 62 61 61
