windninja/windninja_output/Output_2025-08-24_1200-1250_Google earth_Fire_150m_10min/merlingen_7.5mi_point_08-24-2025_1210_150m_ang.asc
ncols	158
nrows	163
xllcorner	391686.332397
yllcorner	5160024.123721
cellsize	150.000000
NODATA_value	-32768.000000
[rows 45 to 89 of 163, columns 0 to 95 of 158]
311 311 313 315 317 318 319 321 322 323 323 324 325 326 326 327 327 327 328 328 329 330 330 330 330 330 330 330 330 330 329 329 331 332 333 332 329 328 330 334 337 336 334 336 346 353 351 344 339 337 340 346 353 358 0 1 2 359 353 350 348 347 344 340 337 336 340 346 352 357 358 359 1 1 4 8 13 13 9 0 351 344 340 343 357 7 5 1 359 356 350 341 333 335 348 359
312 312 314 315 317 318 319 321 322 323 324 325 326 326 327 327 328 328 328 329 329 330 330 330 330 330 330 331 330 330 330 330 331 332 332 331 329 328 330 332 333 333 333 339 349 350 345 339 336 338 344 352 1 6 5 5 2 354 346 344 345 345 342 339 337 337 341 347 353 354 354 357 1 5 10 15 16 12 4 355 348 343 343 351 2 4 360 357 358 357 351 340 335 341 352 360
313 313 314 316 317 316 318 320 322 323 324 325 326 327 327 328 328 328 329 329 330 330 331 330 330 331 331 331 331 331 331 330 330 331 331 331 330 329 329 329 330 331 334 343 350 345 338 335 336 343 350 359 7 8 5 3 357 349 342 340 342 341 338 336 336 338 343 349 354 355 354 357 2 8 14 19 18 10 360 353 348 347 350 356 360 359 356 355 356 354 348 343 343 348 356 1
312 313 314 317 317 315 317 320 322 323 324 326 327 327 327 328 328 329 329 330 330 331 331 331 331 331 332 332 332 332 332 331 331 331 331 331 329 328 328 328 328 328 333 343 346 340 335 335 340 348 358 7 9 5 3 358 350 344 340 340 341 338 336 335 334 337 343 349 353 355 356 358 2 10 17 21 18 10 2 356 354 353 353 355 357 357 356 356 353 349 348 349 351 355 359 3
312 313 316 318 317 315 317 320 322 324 325 326 327 328 328 328 329 329 330 330 331 331 331 332 332 332 332 333 333 332 332 332 332 332 332 332 330 329 329 329 328 328 332 338 339 335 334 338 345 355 6 9 5 1 358 352 344 339 338 342 343 340 338 335 334 337 343 349 353 356 357 360 4 12 17 17 13 8 3 360 357 355 354 355 355 355 355 353 349 348 351 355 359 1 4 11
312 314 318 320 318 316 318 320 323 324 325 327 328 328 329 329 330 330 331 331 332 332 332 332 332 333 333 333 333 333 333 333 333 333 332 332 331 330 330 330 330 330 332 335 334 331 333 341 351 4 8 3 357 355 353 347 340 337 339 343 345 344 339 334 334 339 344 349 353 356 358 2 8 13 14 11 8 6 4 1 358 356 356 355 354 352 351 348 347 349 354 0 6 10 13 17
313 316 320 321 318 319 321 322 323 325 326 327 328 329 329 330 330 331 331 332 332 332 333 333 333 333 334 334 334 334 334 334 333 333 333 332 330 329 330 331 331 330 330 332 332 330 335 348 3 9 3 355 351 349 346 339 336 338 344 348 349 347 339 332 334 341 346 351 355 357 360 4 9 11 9 6 5 4 2 0 359 359 358 355 352 350 347 346 347 351 356 3 11 17 18 13
314 317 321 320 317 319 322 323 324 327 328 328 329 329 330 330 330 331 332 332 332 333 333 333 333 334 334 334 334 334 334 334 334 334 333 333 331 330 330 331 331 329 329 331 331 332 339 354 3 360 354 351 351 348 341 334 335 342 350 354 353 348 338 332 336 343 348 354 357 359 1 4 7 7 6 5 4 1 359 358 1 3 1 356 350 347 346 347 349 353 359 5 11 14 10 355
316 318 322 322 319 321 324 324 324 327 328 328 329 330 330 330 331 332 332 332 333 333 333 334 334 334 335 335 335 335 335 335 335 334 334 334 333 332 331 331 331 330 329 330 332 335 343 352 354 351 350 349 349 346 339 333 337 347 355 357 354 347 337 333 339 345 351 357 360 360 1 3 6 7 6 5 4 1 357 356 360 2 1 360 356 350 347 348 352 358 2 4 5 4 350 335
318 319 321 323 321 323 326 326 325 326 328 328 329 330 330 331 332 332 333 333 333 334 334 334 335 335 335 335 335 335 336 335 335 335 335 334 334 333 332 331 330 328 329 330 331 335 342 347 345 345 349 349 346 343 337 335 343 353 358 357 353 346 337 336 341 348 353 358 1 0 1 5 8 8 6 5 5 2 357 356 357 357 359 1 2 359 355 353 356 1 2 0 357 352 332 322
320 319 320 321 319 320 324 326 326 326 328 328 328 329 330 331 332 332 333 334 334 334 334 335 335 335 336 336 336 336 336 336 336 336 336 335 335 334 333 332 329 327 327 329 331 333 337 340 340 343 348 348 345 342 337 339 349 357 357 354 350 345 340 340 344 351 356 358 360 2 7 12 10 6 5 5 5 1 357 356 354 354 356 360 2 3 4 4 4 3 360 354 349 342 326 320
320 319 319 321 320 318 320 324 325 326 328 330 329 328 330 331 331 332 333 334 334 335 335 335 336 336 336 336 336 337 337 337 337 336 336 336 336 335 334 333 331 329 329 331 332 332 333 334 336 341 346 345 344 341 337 342 354 357 355 350 345 342 342 344 348 352 356 359 1 8 15 13 7 4 4 4 3 359 356 356 354 353 355 358 0 3 8 11 12 10 0 349 341 336 328 326
320 320 321 323 325 323 323 324 325 326 330 333 332 330 330 330 331 333 333 334 334 335 336 336 336 337 337 337 337 337 337 337 337 337 337 337 337 336 336 335 334 333 332 332 332 331 330 330 332 337 342 342 342 339 337 344 354 355 351 346 343 342 343 347 352 355 357 0 6 12 11 6 4 3 3 2 360 357 355 356 357 357 357 359 1 5 10 14 13 8 357 343 336 333 329 330
321 321 322 324 326 327 327 327 326 326 330 335 336 333 330 330 331 332 333 334 335 335 335 336 337 337 337 337 338 338 338 338 338 338 338 338 337 337 337 336 335 335 334 333 332 330 329 327 328 332 338 340 340 338 338 345 352 350 346 343 342 344 346 350 355 358 359 2 8 9 4 2 2 2 0 359 357 354 355 357 359 0 1 3 7 11 13 13 7 357 343 335 334 331 328 335
322 323 324 324 325 326 327 328 326 325 327 333 337 335 333 331 330 331 333 334 335 336 336 336 337 338 338 338 338 338 338 338 338 338 338 338 338 338 338 337 337 336 336 335 334 332 331 329 328 329 334 337 336 336 338 346 350 345 341 340 342 344 348 353 358 0 0 4 7 5 1 1 0 359 358 357 354 353 356 359 1 3 5 7 10 13 12 6 356 342 332 329 329 329 331 350
323 324 325 325 326 326 326 326 326 326 328 332 335 336 338 337 333 331 332 334 335 336 336 337 338 338 338 338 338 339 339 339 339 339 339 339 339 339 338 338 338 337 337 336 336 335 334 332 331 330 331 331 331 332 338 346 347 341 338 338 341 344 349 355 360 1 2 6 6 2 0 359 357 356 356 355 354 355 359 2 4 6 8 10 11 11 7 358 344 333 328 328 328 332 344 4
326 326 327 327 327 327 327 326 327 328 330 333 334 335 339 341 339 335 333 333 334 335 336 338 338 338 338 338 339 339 339 339 339 340 340 340 339 339 339 339 339 338 338 337 337 336 335 334 333 331 330 329 327 328 335 343 342 337 336 337 340 343 348 353 359 2 6 8 4 359 358 356 354 354 354 353 355 359 3 5 6 8 11 13 11 6 356 346 336 329 328 331 334 346 1 16
329 329 328 327 328 329 329 328 328 330 331 332 332 334 338 341 342 340 337 335 334 335 336 338 339 339 338 339 339 339 340 340 340 340 340 340 340 340 340 340 340 339 339 339 338 337 336 336 334 333 332 330 326 326 334 341 338 335 335 337 340 343 346 351 358 3 9 8 1 357 356 355 353 352 353 354 358 2 4 7 9 11 15 15 10 360 345 336 330 328 330 336 346 1 15 30
335 332 328 327 327 328 329 329 330 331 331 332 332 333 335 339 342 343 342 339 336 335 336 338 339 339 339 339 339 340 340 340 340 341 341 341 341 341 341 341 340 340 340 339 339 338 338 337 336 334 333 332 328 328 335 340 337 335 335 337 340 343 347 353 359 5 8 3 357 355 355 353 351 351 353 357 0 3 5 8 11 14 15 12 5 352 338 330 326 327 336 346 0 17 31 45
343 337 329 327 326 326 327 328 330 332 332 332 333 334 335 336 340 344 345 344 341 339 337 337 338 339 339 339 340 340 340 341 341 341 341 341 341 341 341 341 341 341 341 340 340 339 339 338 337 336 334 331 329 328 333 337 337 336 336 336 339 346 354 2 3 2 358 353 353 354 354 353 351 351 354 358 360 1 5 9 13 14 12 7 358 342 333 329 327 333 347 359 16 34 48 62
349 342 333 330 328 328 328 328 328 330 330 331 333 335 335 335 337 341 345 347 345 343 340 338 338 338 339 340 341 340 341 341 341 341 342 342 342 342 342 342 342 342 341 341 341 340 340 339 338 337 335 332 329 327 329 333 334 336 337 336 340 353 5 3 358 354 351 349 350 352 352 352 351 352 354 356 357 0 5 11 14 13 8 2 351 337 330 329 334 347 0 16 35 50 64 78
350 345 338 333 331 330 332 333 333 332 331 332 334 335 335 336 336 338 342 346 348 348 346 342 340 339 339 341 341 341 341 341 342 342 342 342 342 342 342 342 342 342 342 342 341 341 340 340 339 338 336 334 331 328 327 327 327 331 335 337 345 356 357 354 353 352 350 350 350 350 350 350 350 353 354 354 356 0 6 11 11 7 0 353 345 336 332 335 348 2 15 33 48 63 77 85
343 344 344 342 336 332 335 339 338 335 333 334 337 337 336 336 337 337 339 342 347 350 350 348 345 342 340 340 340 340 341 341 342 342 342 342 343 343 343 343 343 343 343 343 342 342 341 341 340 339 338 336 334 331 328 325 321 322 327 336 346 349 346 347 349 351 352 352 350 349 349 349 349 351 352 354 356 0 5 5 2 357 350 344 340 335 334 347 2 15 30 45 61 72 78 81
330 336 344 348 346 342 344 347 345 339 336 337 339 340 340 338 337 337 338 339 343 347 349 350 350 349 346 342 339 338 339 341 341 342 342 343 343 343 343 343 343 343 343 343 343 343 342 342 341 340 339 338 336 334 332 328 324 321 323 330 337 339 337 339 343 349 352 353 351 350 349 349 347 348 351 353 356 359 0 358 353 348 341 339 336 330 337 358 14 30 44 59 70 73 71 69
319 323 332 341 344 346 351 353 350 346 345 346 347 346 346 346 343 340 339 340 342 343 345 348 352 356 354 346 341 338 338 339 340 341 342 343 343 344 344 344 344 344 344 344 344 343 343 343 342 341 340 340 338 337 335 333 331 328 327 328 331 330 329 330 335 342 347 349 350 350 351 349 346 348 351 353 355 356 355 351 347 343 341 343 335 330 344 8 27 42 54 64 67 64 61 55
319 317 316 319 327 337 348 349 346 345 348 352 353 353 353 352 350 347 345 343 342 342 343 344 350 357 357 351 346 343 340 339 339 340 342 343 343 344 344 344 344 345 345 344 344 344 344 343 343 342 342 341 340 339 338 337 335 334 333 332 332 329 325 323 324 329 335 339 344 348 351 348 346 349 353 355 355 354 351 348 346 346 350 345 332 333 356 21 39 51 58 59 56 51 44 38
326 323 318 314 313 317 326 332 331 334 342 349 351 354 354 354 353 352 351 349 346 344 343 344 349 352 354 354 352 349 346 342 340 339 341 342 343 344 344 345 345 345 345 345 345 345 345 344 344 343 343 342 342 341 340 339 339 338 337 336 335 333 330 327 325 323 323 326 332 339 343 343 345 350 354 356 354 352 350 349 350 353 353 341 332 343 10 32 49 58 57 53 46 36 28 18
334 331 327 324 321 320 320 320 319 320 329 337 341 344 347 348 349 350 351 352 351 348 346 346 348 348 349 353 355 354 351 348 344 341 340 341 342 344 345 345 345 346 346 346 346 345 345 345 345 344 344 343 343 342 342 341 341 340 340 339 338 337 336 334 332 329 326 324 324 327 329 332 340 348 353 353 352 351 352 356 357 355 347 337 337 359 24 42 55 57 51 46 42 32 14 350
344 339 333 330 327 325 324 322 318 320 329 335 338 341 342 343 344 344 347 350 351 350 350 349 349 348 348 351 355 356 355 353 350 346 342 341 342 343 344 345 346 346 346 346 346 346 346 346 345 345 345 344 344 344 343 343 342 342 341 341 340 340 339 338 337 335 334 331 328 325 322 321 328 341 347 348 349 350 355 360 359 351 340 336 348 17 37 49 53 48 40 35 34 23 350 335
355 350 339 333 328 324 323 322 321 324 329 333 338 340 341 342 342 343 344 345 346 348 349 350 350 349 348 350 353 356 356 355 353 350 348 345 344 344 344 345 346 346 347 347 347 347 347 346 346 346 346 345 345 345 344 344 344 343 343 343 342 341 341 340 340 339 338 336 334 332 329 326 328 334 340 343 346 351 357 359 354 344 336 340 8 35 48 49 46 40 29 21 14 350 338 331
13 5 349 336 325 318 317 318 320 324 327 331 335 338 339 340 342 343 343 344 344 345 347 348 349 349 348 349 352 355 356 355 354 353 352 349 347 345 345 345 346 347 347 347 347 347 347 347 347 347 346 346 346 346 345 345 345 345 344 344 343 343 343 342 342 341 340 339 338 337 336 335 334 334 336 338 342 350 357 354 345 337 337 356 30 46 48 45 41 37 23 9 352 334 330 329
31 25 7 343 319 307 307 310 314 319 324 329 333 335 337 339 341 341 342 344 345 345 346 347 348 349 348 346 348 352 356 356 356 356 354 350 348 346 345 346 346 347 348 348 348 348 348 347 347 347 347 347 346 346 346 346 346 346 345 345 345 344 344 344 343 342 342 341 340 340 339 338 337 336 335 334 338 346 352 346 337 335 348 27 54 56 51 49 45 34 13 355 337 326 325 330
48 45 36 9 310 295 294 298 305 314 321 328 332 334 336 338 339 340 342 344 345 345 346 347 350 352 349 345 345 349 355 359 359 358 355 352 349 347 346 346 347 348 348 349 349 348 348 348 348 347 347 347 347 347 347 347 347 346 346 346 346 345 345 345 344 344 343 343 342 342 341 341 340 339 336 334 335 341 344 339 334 342 19 50 59 58 54 47 34 12 354 343 333 326 328 334
63 63 58 51 301 281 284 292 303 314 322 329 332 334 336 337 338 339 341 343 344 345 345 347 351 354 350 346 345 347 353 357 358 357 356 355 353 351 349 346 347 348 349 349 349 349 349 348 348 347 347 347 347 347 347 347 347 347 347 347 347 346 346 346 345 345 345 344 344 343 343 342 342 341 339 337 336 337 338 336 338 3 33 42 37 34 32 21 1 351 343 338 332 329 333 338
67 66 59 36 346 300 299 303 309 318 326 331 333 335 337 338 339 339 341 343 344 344 344 346 350 352 351 350 348 349 351 354 357 358 357 357 356 355 353 349 347 348 349 349 350 349 349 348 348 347 347 347 347 347 348 348 348 348 348 348 347 347 347 347 346 346 346 345 345 344 344 343 343 342 341 340 338 337 336 336 347 12 21 21 21 20 15 1 348 340 336 334 332 331 335 339
61 56 34 11 347 338 331 326 325 328 332 335 336 337 338 339 339 340 341 342 343 343 344 346 348 349 349 351 351 350 349 351 354 358 359 359 358 358 357 355 352 349 349 349 350 349 349 348 347 345 345 346 346 347 348 348 348 348 348 348 348 348 348 347 347 347 346 346 346 345 345 345 344 343 343 342 340 339 337 339 353 7 10 12 14 13 0 346 340 336 334 332 331 332 335 336
62 55 22 352 342 348 354 349 344 343 342 341 340 340 339 339 340 341 341 341 342 343 344 346 347 347 347 349 351 351 349 349 351 355 359 2 1 360 359 359 358 355 354 353 351 349 348 347 344 340 340 342 345 347 348 348 349 349 349 349 349 348 348 348 348 348 347 347 347 346 346 345 345 344 344 343 342 341 340 342 351 360 6 11 12 4 346 338 336 336 335 334 333 334 336 335
68 56 359 340 342 359 9 5 360 356 353 349 345 343 342 342 341 341 340 340 340 341 342 344 347 346 345 347 350 351 350 348 349 351 357 2 3 2 0 1 1 1 359 358 356 354 352 351 348 344 340 340 342 345 348 349 349 349 349 349 349 349 349 349 348 348 348 348 347 347 347 346 346 345 345 344 343 343 342 344 348 356 6 11 7 349 339 334 334 335 335 336 336 337 338 338
26 9 352 350 356 8 13 13 12 8 2 355 349 346 344 343 342 340 339 338 337 338 340 342 344 345 346 347 349 351 351 351 351 352 354 358 1 2 1 1 2 1 359 358 357 356 355 353 352 352 352 349 346 346 348 349 350 350 350 350 349 349 349 349 349 349 348 348 348 348 347 347 346 346 345 345 344 344 343 344 347 354 3 5 354 340 333 331 332 332 333 335 337 339 339 339
354 354 357 6 15 18 21 24 25 18 7 357 353 350 347 345 343 340 338 336 334 335 337 340 340 342 345 348 350 352 353 354 355 357 358 358 358 359 360 0 360 358 357 356 355 355 354 352 352 354 356 356 353 351 350 350 350 350 350 350 350 350 349 349 349 349 349 349 348 348 348 347 347 346 346 345 345 345 344 345 348 353 358 357 344 335 331 329 330 330 330 332 335 338 339 339
328 345 11 21 30 34 38 39 32 18 5 359 356 352 351 349 346 342 338 334 331 330 331 334 336 338 342 347 349 350 353 356 357 360 1 1 360 360 359 357 356 356 356 355 355 354 353 350 349 350 353 356 357 356 353 351 351 350 350 350 350 350 350 350 350 350 349 349 349 349 348 348 347 347 346 346 345 345 345 345 348 351 354 350 337 332 331 331 332 331 331 332 335 338 340 340
324 347 26 35 48 53 50 38 23 10 3 1 357 354 353 353 351 345 339 333 328 324 321 322 328 337 343 346 348 350 353 355 356 358 360 2 3 4 2 358 354 354 355 357 357 356 354 353 351 349 350 353 355 356 354 352 351 350 350 350 349 350 350 350 350 350 350 350 349 349 349 348 347 347 346 346 345 344 344 344 345 346 348 343 334 329 330 330 332 332 332 333 335 337 340 342
357 18 45 46 46 43 34 20 12 8 7 4 358 356 356 356 356 352 344 336 330 323 316 318 328 339 347 349 351 353 354 354 354 354 355 359 3 5 5 4 359 355 354 357 359 359 357 356 355 353 351 351 352 354 353 351 350 349 348 348 349 349 350 350 350 350 350 350 350 349 349 348 348 347 346 346 345 344 343 342 341 339 338 335 330 329 330 329 329 331 331 332 331 333 336 340
39 35 25 19 18 17 16 14 14 16 13 2 357 357 358 0 2 358 349 339 334 327 325 330 339 347 350 352 354 356 357 356 355 353 352 353 357 2 5 7 5 2 358 357 359 0 0 359 359 358 355 352 352 352 353 352 350 347 346 346 347 348 349 350 350 351 350 350 350 350 349 349 348 347 346 345 344 343 342 340 337 333 330 325 322 325 328 329 330 330 328 327 325 322 320 322
38 26 10 11 11 11 13 16 20 20 12 1 358 0 2 5 4 358 348 338 332 329 333 341 351 355 354 355 357 358 359 358 358 357 356 353 352 356 3 7 8 6 2 359 358 360 2 3 1 359 358 356 353 352 353 355 355 352 344 340 343 347 349 350 351 351 351 351 350 350 349 349 348 347 347 345 344 343 341 339 335 331 326 319 313 313 318 323 327 326 322 321 319 314 311 311
