windninja/windninja_output/Output_2025-08-24_1200-1250_Google earth_Fire_150m_10min/merlingen_7.5mi_point_08-24-2025_1240_150m_vel.asc
ncols	158
nrows	163
xllcorner	391686.332397
yllcorner	5160024.123721
cellsize	150.000000
NODATA_value	-32768.000000
[rows 76 to 113 of 163, columns 0 to 83 of 158]
2.41 2.11 1.59 1.20 0.96 0.86 0.75 0.67 0.67 0.69 0.72 0.77 0.81 0.87 0.91 0.94 0.99 1.04 1.08 1.12 1.14 1.17 1.21 1.26 1.27 1.23 1.21 1.26 1.39 1.62 1.79 1.79 1.73 1.68 1.56 1.41 1.32 1.28 1.28 1.28 1.30 1.35 1.38 1.40 1.41 1.42 1.42 1.43 1.43 1.44 1.44 1.45 1.45 1.45 1.46 1.46 1.46 1.46 1.46 1.45 1.45 1.44 1.43 1.42 1.41 1.39 1.37 1.35 1.33 1.30 1.28 1.27 1.25 1.21 1.20 1.24 1.34 1.53 1.78 2.01 2.06 1.91 1.83 1.89
2.80 2.46 1.93 1.52 1.18 0.95 0.76 0.63 0.59 0.60 0.65 0.73 0.80 0.85 0.88 0.90 0.94 0.99 1.04 1.09 1.13 1.17 1.21 1.25 1.29 1.28 1.23 1.20 1.21 1.37 1.63 1.77 1.76 1.75 1.71 1.54 1.41 1.34 1.28 1.27 1.29 1.34 1.38 1.40 1.41 1.42 1.43 1.43 1.44 1.44 1.44 1.45 1.46 1.47 1.47 1.48 1.48 1.49 1.49 1.48 1.48 1.48 1.47 1.47 1.46 1.45 1.43 1.41 1.40 1.38 1.37 1.36 1.33 1.29 1.25 1.22 1.25 1.37 1.57 1.75 1.69 1.54 1.69 1.89
3.26 2.72 2.16 1.98 1.57 1.09 0.77 0.57 0.50 0.51 0.59 0.69 0.78 0.85 0.89 0.90 0.93 0.96 1.01 1.07 1.11 1.15 1.18 1.21 1.27 1.35 1.36 1.27 1.20 1.24 1.46 1.75 1.87 1.89 1.89 1.79 1.61 1.49 1.38 1.28 1.26 1.32 1.38 1.40 1.42 1.43 1.43 1.43 1.43 1.43 1.43 1.44 1.46 1.47 1.48 1.49 1.50 1.51 1.51 1.51 1.52 1.51 1.51 1.51 1.50 1.49 1.48 1.47 1.46 1.45 1.43 1.41 1.39 1.36 1.32 1.28 1.26 1.31 1.42 1.48 1.47 1.53 1.77 2.07
3.63 2.98 2.35 2.55 2.08 1.30 0.73 0.45 0.42 0.44 0.54 0.68 0.79 0.87 0.92 0.93 0.94 0.96 0.98 1.04 1.09 1.13 1.16 1.16 1.19 1.32 1.47 1.46 1.36 1.29 1.39 1.64 1.86 1.94 1.93 1.88 1.79 1.69 1.57 1.38 1.23 1.25 1.33 1.37 1.39 1.41 1.41 1.40 1.40 1.40 1.41 1.42 1.44 1.47 1.49 1.50 1.52 1.53 1.53 1.54 1.54 1.54 1.54 1.54 1.54 1.53 1.52 1.52 1.51 1.49 1.48 1.46 1.44 1.43 1.40 1.37 1.34 1.34 1.36 1.33 1.41 1.64 1.97 2.39
3.54 3.10 2.69 2.63 2.48 1.82 0.83 0.55 0.54 0.52 0.57 0.70 0.83 0.90 0.94 0.95 0.95 0.96 0.96 1.01 1.06 1.11 1.15 1.14 1.12 1.22 1.41 1.52 1.49 1.39 1.37 1.51 1.75 1.97 2.08 2.01 1.88 1.84 1.81 1.66 1.39 1.26 1.28 1.31 1.33 1.35 1.36 1.36 1.34 1.32 1.33 1.37 1.41 1.45 1.48 1.51 1.53 1.54 1.55 1.56 1.56 1.57 1.57 1.57 1.57 1.57 1.56 1.56 1.55 1.54 1.52 1.51 1.50 1.49 1.48 1.46 1.43 1.38 1.35 1.32 1.50 1.84 2.15 2.44
3.21 2.82 2.33 2.28 2.35 2.18 1.68 1.30 1.05 0.88 0.78 0.81 0.90 0.96 0.97 0.96 0.95 0.97 0.96 0.97 1.03 1.09 1.14 1.13 1.09 1.14 1.29 1.42 1.49 1.46 1.41 1.45 1.60 1.83 2.09 2.20 2.06 1.93 1.94 1.92 1.73 1.50 1.41 1.35 1.29 1.26 1.24 1.26 1.25 1.17 1.13 1.22 1.34 1.42 1.48 1.51 1.53 1.55 1.56 1.57 1.58 1.58 1.59 1.59 1.60 1.60 1.59 1.59 1.58 1.57 1.56 1.55 1.55 1.54 1.53 1.52 1.50 1.47 1.45 1.48 1.67 1.98 2.20 2.30
3.27 2.65 2.06 2.07 2.09 2.10 1.95 1.72 1.44 1.21 1.02 0.95 0.98 1.03 1.04 1.00 0.97 0.98 0.96 0.94 0.98 1.05 1.10 1.10 1.07 1.12 1.24 1.34 1.43 1.47 1.42 1.38 1.39 1.48 1.73 2.03 2.14 2.05 1.98 1.99 1.96 1.85 1.76 1.71 1.63 1.54 1.47 1.47 1.52 1.41 1.22 1.15 1.22 1.34 1.45 1.51 1.54 1.56 1.57 1.58 1.59 1.60 1.60 1.61 1.62 1.62 1.62 1.62 1.61 1.61 1.60 1.59 1.59 1.58 1.58 1.57 1.56 1.54 1.54 1.58 1.70 1.87 2.12 2.34
3.30 2.71 2.28 2.32 2.24 2.08 1.88 1.70 1.55 1.34 1.14 1.05 1.05 1.08 1.09 1.04 1.01 1.01 0.98 0.93 0.94 0.99 1.05 1.05 1.02 1.12 1.27 1.33 1.40 1.47 1.46 1.42 1.39 1.41 1.49 1.66 1.86 1.96 1.96 1.94 1.93 1.94 1.96 2.01 2.06 2.06 2.03 2.00 2.04 2.04 1.89 1.61 1.40 1.38 1.45 1.52 1.55 1.56 1.58 1.59 1.60 1.60 1.62 1.62 1.63 1.64 1.64 1.64 1.64 1.63 1.63 1.62 1.62 1.61 1.61 1.60 1.60 1.59 1.58 1.59 1.62 1.73 2.06 2.53
3.10 2.81 2.47 2.49 2.47 2.22 1.86 1.61 1.52 1.37 1.21 1.12 1.11 1.16 1.16 1.11 1.06 1.07 1.02 0.96 0.93 0.93 0.98 1.02 0.96 1.02 1.21 1.33 1.39 1.47 1.52 1.54 1.54 1.56 1.58 1.60 1.66 1.73 1.78 1.80 1.80 1.80 1.81 1.84 1.89 1.93 1.92 1.88 1.88 1.96 2.03 1.97 1.79 1.59 1.51 1.52 1.55 1.56 1.57 1.58 1.60 1.61 1.62 1.63 1.64 1.65 1.66 1.66 1.66 1.66 1.65 1.65 1.64 1.63 1.63 1.63 1.63 1.63 1.63 1.64 1.69 1.80 2.07 2.52
2.98 2.82 2.52 2.45 2.51 2.30 1.88 1.65 1.58 1.42 1.26 1.18 1.17 1.22 1.27 1.24 1.17 1.16 1.11 1.02 0.96 0.89 0.88 0.92 0.90 0.88 1.04 1.24 1.33 1.41 1.49 1.56 1.60 1.69 1.81 1.82 1.79 1.77 1.71 1.65 1.64 1.67 1.70 1.70 1.69 1.69 1.68 1.64 1.57 1.54 1.61 1.72 1.75 1.66 1.56 1.53 1.55 1.56 1.57 1.58 1.59 1.60 1.62 1.64 1.65 1.66 1.67 1.67 1.68 1.68 1.67 1.67 1.66 1.65 1.65 1.65 1.65 1.65 1.67 1.73 1.83 1.98 2.22 2.54
3.30 3.04 2.60 2.46 2.51 2.37 1.97 1.79 1.73 1.52 1.33 1.25 1.25 1.26 1.34 1.35 1.31 1.29 1.23 1.14 1.03 0.91 0.85 0.81 0.77 0.82 0.99 1.18 1.32 1.36 1.41 1.51 1.56 1.66 1.90 2.08 2.13 2.13 2.02 1.78 1.58 1.53 1.63 1.73 1.77 1.76 1.75 1.72 1.61 1.46 1.39 1.44 1.55 1.59 1.55 1.52 1.52 1.53 1.54 1.55 1.57 1.59 1.61 1.63 1.65 1.67 1.68 1.69 1.69 1.69 1.69 1.68 1.67 1.67 1.66 1.66 1.66 1.68 1.71 1.77 1.89 2.10 2.41 2.72
3.88 3.33 2.72 2.52 2.43 2.42 2.18 2.00 1.95 1.76 1.44 1.33 1.33 1.29 1.39 1.44 1.43 1.48 1.44 1.33 1.17 1.01 0.95 0.83 0.66 0.79 1.07 1.26 1.40 1.44 1.42 1.46 1.48 1.46 1.62 1.91 2.15 2.36 2.45 2.30 1.94 1.63 1.55 1.68 1.82 1.88 1.88 1.85 1.78 1.58 1.39 1.34 1.39 1.48 1.49 1.47 1.45 1.45 1.47 1.50 1.53 1.56 1.60 1.63 1.66 1.67 1.69 1.70 1.70 1.70 1.70 1.69 1.68 1.68 1.67 1.67 1.67 1.68 1.69 1.72 1.79 1.97 2.23 2.48
4.38 3.61 2.79 2.55 2.36 2.41 2.46 2.35 2.23 2.07 1.68 1.44 1.39 1.34 1.46 1.57 1.60 1.69 1.70 1.59 1.36 1.19 1.16 1.01 0.82 0.89 1.12 1.33 1.46 1.54 1.54 1.53 1.50 1.43 1.40 1.48 1.68 2.01 2.37 2.53 2.40 2.06 1.73 1.66 1.82 2.00 2.07 2.03 1.95 1.82 1.61 1.43 1.36 1.43 1.50 1.51 1.47 1.40 1.36 1.37 1.44 1.51 1.58 1.62 1.66 1.68 1.69 1.70 1.71 1.71 1.70 1.70 1.69 1.68 1.67 1.67 1.66 1.66 1.64 1.63 1.65 1.71 1.80 1.90
4.39 3.75 2.90 2.59 2.38 2.34 2.49 2.59 2.50 2.43 2.14 1.67 1.48 1.46 1.51 1.62 1.76 1.90 1.93 1.83 1.55 1.38 1.34 1.21 1.05 1.05 1.19 1.38 1.50 1.59 1.63 1.64 1.62 1.59 1.54 1.45 1.39 1.54 1.91 2.28 2.38 2.25 1.98 1.76 1.76 1.95 2.16 2.23 2.11 1.96 1.84 1.68 1.54 1.53 1.62 1.70 1.70 1.58 1.36 1.21 1.27 1.43 1.55 1.62 1.66 1.68 1.70 1.71 1.71 1.71 1.71 1.71 1.70 1.69 1.67 1.66 1.64 1.62 1.60 1.57 1.55 1.53 1.49 1.41
4.12 3.66 3.04 2.71 2.44 2.22 2.27 2.52 2.66 2.79 2.64 1.99 1.61 1.60 1.61 1.65 1.86 2.12 2.28 2.11 1.68 1.44 1.42 1.37 1.25 1.21 1.31 1.45 1.55 1.63 1.68 1.70 1.69 1.68 1.71 1.68 1.50 1.42 1.64 2.08 2.32 2.23 2.05 1.83 1.72 1.81 2.03 2.27 2.28 2.08 1.90 1.77 1.66 1.62 1.68 1.82 1.92 1.89 1.69 1.31 1.20 1.36 1.52 1.61 1.66 1.68 1.70 1.71 1.71 1.72 1.71 1.71 1.70 1.69 1.67 1.65 1.63 1.60 1.57 1.53 1.49 1.43 1.35 1.24
3.88 3.56 3.25 3.13 2.88 2.43 2.23 2.43 2.78 3.13 3.08 2.47 2.00 1.92 1.91 1.95 2.08 2.33 2.62 2.49 1.76 1.39 1.48 1.55 1.44 1.37 1.44 1.54 1.62 1.68 1.73 1.75 1.74 1.69 1.73 1.81 1.72 1.57 1.55 1.85 2.31 2.40 2.20 1.95 1.76 1.73 1.88 2.13 2.30 2.22 1.96 1.74 1.60 1.53 1.59 1.84 2.08 2.19 2.19 1.88 1.48 1.40 1.51 1.61 1.66 1.69 1.70 1.71 1.71 1.72 1.71 1.71 1.70 1.68 1.67 1.64 1.62 1.59 1.55 1.51 1.44 1.36 1.31 1.27
3.51 3.38 3.38 3.58 3.66 3.34 3.04 3.18 3.58 4.06 3.88 3.05 2.51 2.30 2.17 2.16 2.25 2.53 3.02 3.10 2.28 1.47 1.45 1.58 1.49 1.46 1.54 1.62 1.68 1.74 1.77 1.80 1.80 1.73 1.72 1.80 1.81 1.74 1.61 1.61 2.00 2.45 2.50 2.21 1.90 1.74 1.80 2.00 2.21 2.24 2.01 1.70 1.49 1.37 1.35 1.61 1.99 2.18 2.32 2.24 1.87 1.57 1.55 1.61 1.66 1.68 1.70 1.70 1.71 1.71 1.71 1.71 1.70 1.69 1.67 1.64 1.61 1.57 1.53 1.48 1.41 1.32 1.23 1.16
2.98 2.96 3.09 3.41 3.73 3.79 3.72 3.81 4.12 4.70 5.00 4.46 3.90 3.74 3.64 3.52 3.29 3.31 3.54 3.61 3.10 1.87 1.65 1.63 1.55 1.54 1.61 1.70 1.76 1.81 1.84 1.88 1.85 1.74 1.69 1.76 1.81 1.81 1.75 1.62 1.67 2.16 2.65 2.59 2.18 1.90 1.82 1.95 2.19 2.31 2.17 1.77 1.38 1.27 1.16 1.15 1.48 1.76 1.95 2.08 1.94 1.69 1.59 1.61 1.64 1.67 1.69 1.70 1.70 1.70 1.70 1.70 1.69 1.68 1.66 1.64 1.61 1.57 1.52 1.46 1.39 1.31 1.20 1.05
2.53 2.60 2.73 2.92 3.17 3.20 3.13 2.99 2.95 3.66 4.74 5.03 4.88 4.76 4.72 4.61 4.37 4.13 4.15 4.07 3.41 2.72 2.29 1.94 1.71 1.66 1.70 1.77 1.86 1.93 1.97 2.02 1.96 1.74 1.64 1.72 1.82 1.82 1.80 1.69 1.56 1.79 2.48 2.90 2.66 2.32 2.10 2.07 2.25 2.40 2.44 2.07 1.41 1.30 1.25 1.11 1.22 1.46 1.65 1.80 1.81 1.66 1.60 1.61 1.63 1.66 1.68 1.69 1.69 1.69 1.70 1.69 1.68 1.67 1.66 1.63 1.60 1.57 1.53 1.47 1.41 1.32 1.22 1.10
2.07 2.31 2.57 2.68 2.88 2.79 2.46 2.00 1.66 2.10 3.03 3.66 3.59 3.09 3.02 3.41 4.01 4.32 4.72 4.22 3.44 3.28 2.73 2.17 1.79 1.69 1.73 1.82 1.90 2.04 2.19 2.25 2.15 1.86 1.65 1.70 1.81 1.83 1.81 1.71 1.53 1.49 2.00 2.73 3.00 2.92 2.70 2.52 2.50 2.57 2.68 2.47 1.80 1.50 1.46 1.35 1.32 1.41 1.50 1.63 1.70 1.61 1.57 1.59 1.60 1.63 1.65 1.67 1.68 1.68 1.68 1.68 1.68 1.67 1.65 1.63 1.60 1.57 1.52 1.48 1.42 1.35 1.27 1.17
1.52 1.97 2.46 2.65 2.94 2.93 2.54 1.90 1.34 1.27 1.78 2.34 2.37 2.29 2.39 3.03 3.58 4.52 5.10 3.92 3.33 3.48 3.07 2.37 1.80 1.61 1.66 1.80 1.90 2.03 2.30 2.46 2.38 2.09 1.78 1.73 1.81 1.83 1.80 1.72 1.52 1.31 1.51 2.10 2.64 2.93 3.03 2.97 2.89 2.85 2.85 2.74 2.27 1.80 1.69 1.60 1.46 1.44 1.43 1.49 1.57 1.56 1.54 1.55 1.57 1.59 1.62 1.65 1.66 1.67 1.67 1.67 1.66 1.66 1.64 1.62 1.60 1.57 1.53 1.49 1.43 1.38 1.32 1.24
1.23 1.67 2.29 2.52 2.88 3.08 2.88 2.38 1.80 1.47 1.59 1.62 1.64 2.09 2.47 3.09 3.69 4.60 5.17 4.31 3.68 3.67 3.63 2.80 1.84 1.50 1.57 1.76 1.90 2.01 2.24 2.44 2.47 2.29 1.99 1.84 1.85 1.84 1.78 1.70 1.56 1.30 1.25 1.63 2.06 2.35 2.66 2.86 2.89 2.87 2.81 2.79 2.53 2.09 1.92 1.86 1.68 1.52 1.45 1.42 1.43 1.45 1.47 1.48 1.51 1.55 1.58 1.61 1.64 1.64 1.64 1.65 1.65 1.64 1.63 1.61 1.59 1.56 1.53 1.50 1.45 1.40 1.35 1.30
0.97 1.32 2.03 2.19 2.50 2.85 2.86 2.69 2.40 2.01 1.76 1.53 1.46 1.82 2.54 3.24 3.89 4.37 4.08 4.19 4.17 4.08 4.17 3.22 1.95 1.55 1.67 1.82 1.96 2.14 2.31 2.39 2.44 2.40 2.19 2.03 1.98 1.90 1.76 1.64 1.56 1.35 1.19 1.40 1.79 2.00 2.25 2.60 2.78 2.79 2.72 2.72 2.64 2.33 2.11 2.06 1.97 1.75 1.57 1.50 1.43 1.40 1.40 1.38 1.39 1.45 1.50 1.55 1.59 1.61 1.62 1.63 1.64 1.63 1.62 1.60 1.58 1.56 1.53 1.50 1.46 1.43 1.39 1.34
0.75 1.18 1.88 2.03 2.20 2.32 2.35 2.53 2.54 2.28 2.09 1.85 1.62 1.82 2.55 3.46 3.98 3.72 3.31 3.51 4.06 4.44 4.44 3.70 2.44 2.00 1.99 2.01 2.10 2.30 2.45 2.45 2.45 2.42 2.30 2.20 2.16 2.07 1.86 1.62 1.49 1.37 1.18 1.26 1.66 2.01 2.24 2.53 2.74 2.80 2.76 2.69 2.68 2.59 2.37 2.23 2.18 2.05 1.79 1.61 1.58 1.56 1.52 1.41 1.31 1.30 1.37 1.45 1.52 1.58 1.60 1.60 1.61 1.61 1.60 1.59 1.57 1.55 1.52 1.50 1.47 1.44 1.41 1.38
1.10 1.45 1.99 2.16 2.21 2.21 2.24 2.38 2.44 2.32 2.29 2.10 1.86 2.03 2.52 3.33 3.91 3.47 2.92 3.07 3.66 4.29 4.38 3.56 2.75 2.43 2.34 2.28 2.28 2.44 2.61 2.64 2.58 2.48 2.35 2.27 2.24 2.21 2.08 1.74 1.45 1.34 1.18 1.11 1.46 1.95 2.26 2.45 2.63 2.77 2.84 2.75 2.66 2.71 2.66 2.49 2.36 2.33 2.09 1.75 1.68 1.76 1.79 1.68 1.48 1.32 1.28 1.32 1.42 1.52 1.56 1.57 1.58 1.58 1.58 1.57 1.55 1.53 1.51 1.49 1.46 1.44 1.42 1.40
1.58 1.79 2.18 2.34 2.29 2.28 2.33 2.38 2.39 2.34 2.34 2.21 2.03 2.22 2.65 3.23 3.83 3.54 2.87 3.23 3.91 4.19 4.01 3.52 3.03 2.71 2.60 2.54 2.48 2.59 2.81 2.90 2.83 2.69 2.48 2.30 2.24 2.27 2.27 1.95 1.49 1.30 1.18 1.03 1.21 1.72 2.16 2.35 2.47 2.64 2.81 2.84 2.72 2.70 2.74 2.66 2.55 2.58 2.45 2.04 1.77 1.77 1.91 1.96 1.80 1.54 1.37 1.30 1.32 1.43 1.51 1.53 1.53 1.54 1.54 1.54 1.52 1.51 1.48 1.46 1.45 1.43 1.41 1.40
2.01 2.12 2.35 2.46 2.42 2.39 2.44 2.45 2.43 2.38 2.34 2.25 2.07 2.14 2.67 3.32 3.80 3.72 3.34 3.76 4.35 3.94 3.73 3.69 3.37 3.06 2.89 2.77 2.67 2.77 3.03 3.19 3.13 2.98 2.72 2.44 2.29 2.33 2.37 2.10 1.61 1.31 1.20 1.04 1.03 1.42 1.97 2.28 2.41 2.55 2.71 2.83 2.82 2.79 2.81 2.70 2.64 2.69 2.69 2.48 2.10 1.90 1.96 2.09 2.07 1.81 1.57 1.43 1.36 1.41 1.47 1.45 1.43 1.46 1.49 1.50 1.48 1.47 1.45 1.43 1.42 1.41 1.40 1.39
2.43 2.44 2.51 2.56 2.54 2.54 2.55 2.52 2.50 2.43 2.35 2.28 2.02 1.89 2.17 2.82 3.54 3.61 3.48 4.15 4.63 4.16 3.93 3.90 3.65 3.46 3.35 3.09 2.89 3.03 3.23 3.38 3.44 3.29 3.05 2.75 2.50 2.44 2.41 2.18 1.76 1.41 1.25 1.09 0.96 1.11 1.59 2.04 2.30 2.50 2.65 2.78 2.82 2.81 2.92 2.88 2.77 2.75 2.76 2.72 2.50 2.23 2.15 2.24 2.27 2.08 1.80 1.62 1.54 1.58 1.64 1.52 1.35 1.33 1.39 1.42 1.42 1.40 1.39 1.37 1.37 1.36 1.36 1.36
2.74 2.69 2.67 2.70 2.68 2.67 2.64 2.61 2.57 2.52 2.41 2.29 2.07 1.90 1.99 2.37 3.13 3.38 3.39 4.03 4.40 4.40 4.36 4.19 3.91 3.84 3.92 3.68 3.35 3.44 3.45 3.49 3.68 3.61 3.40 3.15 2.82 2.57 2.43 2.23 1.90 1.55 1.32 1.17 1.01 0.96 1.21 1.62 1.99 2.36 2.60 2.74 2.81 2.77 2.79 2.89 2.92 2.90 2.86 2.79 2.64 2.44 2.30 2.37 2.43 2.33 2.09 1.86 1.77 1.83 1.96 1.87 1.54 1.31 1.27 1.29 1.28 1.26 1.27 1.28 1.29 1.29 1.30 1.31
2.94 2.86 2.80 2.86 2.89 2.83 2.74 2.68 2.67 2.70 2.59 2.41 2.26 2.10 2.10 2.34 2.85 3.16 3.29 3.64 3.88 4.14 4.42 4.38 4.22 4.21 4.42 4.32 4.05 4.03 3.83 3.78 3.83 3.80 3.73 3.63 3.27 2.79 2.53 2.30 2.02 1.66 1.43 1.29 1.08 0.92 0.97 1.23 1.59 2.08 2.51 2.72 2.86 2.92 2.81 2.75 2.84 2.95 3.02 2.95 2.77 2.59 2.46 2.43 2.45 2.45 2.29 2.06 1.97 2.04 2.17 2.27 2.11 1.66 1.43 1.37 1.27 1.17 1.14 1.14 1.13 1.15 1.20 1.24
3.10 2.98 2.88 3.01 3.13 3.07 2.92 2.80 2.79 2.93 2.86 2.67 2.49 2.29 2.26 2.35 2.68 2.98 3.07 3.27 3.62 4.00 4.07 4.20 4.45 4.53 4.75 4.89 4.91 4.75 4.48 4.24 3.89 3.80 4.13 4.29 3.80 3.08 2.65 2.36 2.06 1.71 1.54 1.39 1.14 0.96 0.84 0.93 1.19 1.63 2.22 2.57 2.79 3.05 3.11 2.91 2.78 2.86 3.02 3.10 2.96 2.75 2.66 2.61 2.53 2.51 2.42 2.15 2.04 2.20 2.33 2.40 2.49 2.32 1.99 1.79 1.54 1.29 1.20 1.17 1.04 0.96 1.03 1.13
3.13 3.06 2.99 3.13 3.30 3.30 3.17 2.97 2.96 3.19 3.20 3.01 2.78 2.63 2.58 2.46 2.62 2.81 2.82 2.97 3.50 4.09 3.79 3.60 4.27 4.81 4.96 5.19 5.74 5.65 5.09 4.56 3.72 3.80 4.79 5.00 4.17 3.15 2.70 2.46 2.08 1.78 1.65 1.46 1.22 1.04 0.84 0.75 0.90 1.24 1.79 2.23 2.49 2.84 3.17 3.24 3.05 2.93 3.00 3.13 3.15 2.95 2.78 2.76 2.72 2.63 2.58 2.33 2.06 2.21 2.50 2.54 2.56 2.59 2.43 2.21 1.93 1.60 1.46 1.45 1.25 0.93 0.84 0.97
3.04 3.03 3.10 3.29 3.39 3.45 3.46 3.27 3.22 3.39 3.52 3.33 2.96 2.92 3.00 2.81 2.70 2.71 2.72 2.88 3.42 4.07 3.75 3.09 3.59 4.60 5.00 5.10 6.17 6.62 5.56 4.81 3.71 4.02 5.60 5.46 4.14 3.12 2.89 2.68 2.12 1.82 1.75 1.56 1.30 1.10 0.91 0.71 0.66 0.96 1.48 1.95 2.22 2.47 2.85 3.21 3.32 3.19 3.10 3.15 3.31 3.29 2.97 2.79 2.82 2.74 2.67 2.57 2.23 2.15 2.51 2.79 2.72 2.63 2.62 2.54 2.31 1.95 1.65 1.63 1.58 1.21 0.84 0.79
2.91 2.92 3.11 3.36 3.42 3.47 3.51 3.49 3.43 3.44 3.64 3.59 3.17 3.14 3.36 3.23 2.82 2.55 2.80 3.30 3.78 4.05 3.62 2.90 2.89 3.91 4.76 4.95 6.16 7.05 5.98 5.14 4.27 4.58 6.25 5.68 4.04 3.38 3.21 2.76 1.99 1.84 1.94 1.69 1.37 1.19 1.01 0.77 0.53 0.66 1.15 1.72 2.12 2.32 2.54 2.90 3.26 3.40 3.28 3.18 3.37 3.63 3.41 2.99 2.95 2.87 2.65 2.62 2.46 2.21 2.36 2.83 2.99 2.79 2.72 2.71 2.61 2.33 1.92 1.73 1.72 1.57 1.13 0.78
2.79 2.86 3.12 3.32 3.34 3.35 3.33 3.41 3.50 3.52 3.69 3.71 3.34 3.32 3.64 3.58 2.84 2.21 2.79 3.81 4.48 4.34 3.40 2.73 2.53 3.05 4.09 4.84 6.35 7.37 6.35 5.42 4.90 5.41 6.80 6.04 4.39 3.87 3.35 2.44 1.85 2.05 2.15 1.73 1.42 1.28 1.06 0.83 0.59 0.45 0.76 1.33 1.91 2.30 2.49 2.67 3.01 3.39 3.43 3.15 3.20 3.65 3.78 3.40 3.23 3.17 2.82 2.54 2.46 2.35 2.37 2.80 3.16 3.06 2.90 2.81 2.74 2.61 2.30 2.00 1.82 1.74 1.46 1.01
2.69 2.88 3.19 3.35 3.37 3.34 3.31 3.39 3.48 3.51 3.72 3.86 3.48 3.39 3.84 3.85 2.80 1.85 2.54 3.96 5.12 5.09 3.46 2.47 2.44 2.69 3.22 4.05 5.84 7.58 7.29 5.86 5.20 6.04 7.35 6.59 5.04 4.14 3.15 2.17 1.93 2.21 2.26 1.79 1.50 1.33 1.07 0.88 0.72 0.45 0.44 0.90 1.49 2.11 2.47 2.57 2.80 3.28 3.53 3.24 3.06 3.44 3.80 3.75 3.59 3.58 3.37 2.82 2.43 2.34 2.38 2.70 3.13 3.22 3.14 3.03 2.88 2.78 2.63 2.33 2.03 1.87 1.64 1.29
2.74 2.92 3.20 3.39 3.44 3.37 3.37 3.46 3.54 3.51 3.74 4.23 3.90 3.45 3.90 4.05 2.77 1.57 2.14 3.73 5.33 5.97 4.37 2.41 2.38 2.94 2.88 3.04 4.19 6.52 7.86 7.03 5.79 6.48 7.68 6.96 5.44 4.12 2.73 2.16 1.99 2.15 2.42 2.22 1.65 1.30 1.03 0.89 0.82 0.62 0.29 0.48 1.10 1.83 2.35 2.49 2.65 3.15 3.61 3.50 3.19 3.31 3.67 3.80 3.76 3.84 3.88 3.52 2.87 2.42 2.34 2.58 2.98 3.22 3.29 3.25 3.08 2.93 2.93 2.80 2.42 2.11 1.79 1.49
2.99 3.06 3.19 3.38 3.48 3.39 3.30 3.39 3.55 3.56 3.75 4.42 4.34 3.66 4.00 4.24 2.80 1.32 1.78 3.21 4.95 6.45 5.81 3.21 2.63 3.45 3.30 3.14 3.26 4.45 6.82 7.88 7.36 7.51 8.10 6.99 5.32 3.95 2.71 2.19 1.91 2.12 2.71 2.71 1.81 1.09 0.85 0.76 0.76 0.73 0.49 0.07 0.69 1.52 2.18 2.42 2.51 2.92 3.54 3.70 3.44 3.36 3.66 3.82 3.70 3.83 4.07 4.03 3.69 3.09 2.73 2.80 3.01 3.20 3.42 3.48 3.29 3.04 3.02 3.12 3.01 2.53 1.97 1.67
