windninja/windninja_output/Output_2025-08-24_1200-1250_Google earth_Fire_150m_10min/merlingen_7.5mi_point_08-24-2025_1250_150m_vel.asc
ncols	158
nrows	163
xllcorner	391686.332397
yllcorner	5160024.123721
cellsize	150.000000
NODATA_value	-32768.000000
[rows 76 to 113 of 163, columns 0 to 83 of 158]
2.58 2.33 1.88 1.51 1.31 1.25 1.13 1.03 1.00 0.97 0.97 0.97 0.98 1.01 1.02 1.02 1.05 1.09 1.12 1.14 1.16 1.19 1.23 1.28 1.25 1.18 1.18 1.24 1.39 1.64 1.83 1.84 1.80 1.77 1.64 1.45 1.33 1.27 1.25 1.25 1.27 1.32 1.36 1.39 1.40 1.41 1.42 1.43 1.43 1.43 1.43 1.43 1.43 1.43 1.43 1.42 1.42 1.42 1.41 1.40 1.39 1.38 1.36 1.35 1.33 1.30 1.27 1.23 1.20 1.16 1.12 1.08 1.02 0.94 0.88 0.90 1.02 1.23 1.47 1.64 1.72 1.80 2.03 2.12
2.92 2.65 2.21 1.85 1.56 1.36 1.16 1.03 0.98 0.94 0.93 0.94 0.97 1.01 1.02 1.01 1.03 1.07 1.10 1.13 1.17 1.20 1.23 1.27 1.28 1.26 1.24 1.22 1.23 1.40 1.69 1.87 1.86 1.85 1.81 1.60 1.44 1.36 1.28 1.26 1.27 1.32 1.38 1.41 1.43 1.44 1.44 1.45 1.45 1.45 1.45 1.45 1.45 1.45 1.46 1.46 1.46 1.45 1.45 1.45 1.44 1.43 1.42 1.40 1.38 1.36 1.33 1.30 1.27 1.24 1.21 1.17 1.11 1.04 0.94 0.88 0.91 1.03 1.22 1.41 1.53 1.63 1.90 2.09
3.31 2.83 2.40 2.34 2.00 1.53 1.20 1.02 0.95 0.88 0.86 0.90 0.96 1.02 1.04 1.03 1.03 1.05 1.08 1.13 1.17 1.20 1.23 1.24 1.25 1.34 1.40 1.33 1.24 1.27 1.51 1.83 1.96 1.96 1.98 1.85 1.63 1.51 1.41 1.29 1.25 1.31 1.39 1.43 1.45 1.46 1.47 1.47 1.47 1.46 1.46 1.46 1.46 1.47 1.48 1.48 1.49 1.49 1.49 1.48 1.48 1.47 1.46 1.45 1.44 1.42 1.39 1.37 1.34 1.31 1.28 1.23 1.19 1.13 1.05 0.97 0.91 0.94 1.04 1.20 1.44 1.63 1.90 2.21
3.54 2.97 2.54 2.92 2.61 1.86 1.25 0.96 0.90 0.81 0.77 0.85 0.96 1.04 1.07 1.06 1.06 1.06 1.07 1.12 1.17 1.21 1.24 1.21 1.17 1.30 1.51 1.51 1.39 1.29 1.39 1.69 1.93 2.02 2.04 1.96 1.83 1.72 1.63 1.44 1.25 1.26 1.37 1.42 1.45 1.48 1.48 1.48 1.47 1.47 1.46 1.46 1.47 1.48 1.49 1.50 1.51 1.52 1.52 1.52 1.52 1.51 1.50 1.49 1.48 1.47 1.45 1.43 1.40 1.37 1.33 1.29 1.26 1.22 1.16 1.08 1.00 0.96 0.96 1.06 1.37 1.67 1.99 2.40
3.34 2.99 2.78 2.92 2.95 2.27 1.18 0.81 0.82 0.74 0.69 0.82 0.98 1.06 1.10 1.10 1.09 1.09 1.07 1.11 1.17 1.22 1.25 1.20 1.11 1.21 1.46 1.58 1.53 1.40 1.36 1.54 1.79 2.03 2.17 2.10 1.93 1.88 1.87 1.73 1.42 1.29 1.36 1.41 1.43 1.46 1.48 1.49 1.47 1.43 1.42 1.42 1.45 1.47 1.50 1.52 1.53 1.54 1.54 1.55 1.55 1.55 1.54 1.53 1.52 1.51 1.49 1.47 1.45 1.42 1.39 1.35 1.32 1.29 1.25 1.19 1.11 1.02 0.97 1.04 1.36 1.74 2.05 2.34
2.95 2.74 2.52 2.62 2.84 2.49 1.53 1.04 0.94 0.82 0.75 0.85 1.02 1.12 1.15 1.13 1.11 1.12 1.10 1.10 1.16 1.22 1.26 1.21 1.09 1.16 1.38 1.51 1.56 1.50 1.41 1.47 1.62 1.87 2.16 2.28 2.12 1.98 2.00 1.98 1.76 1.52 1.49 1.48 1.46 1.45 1.43 1.47 1.48 1.39 1.29 1.31 1.38 1.45 1.50 1.53 1.55 1.56 1.57 1.57 1.57 1.57 1.57 1.56 1.56 1.55 1.54 1.52 1.50 1.47 1.44 1.41 1.37 1.35 1.31 1.26 1.20 1.13 1.09 1.15 1.40 1.74 2.01 2.16
3.09 2.70 2.40 2.59 2.60 2.26 1.82 1.49 1.24 1.08 0.93 0.96 1.09 1.19 1.23 1.19 1.15 1.17 1.15 1.11 1.15 1.21 1.25 1.20 1.09 1.17 1.35 1.44 1.52 1.54 1.48 1.45 1.47 1.59 1.85 2.15 2.23 2.12 2.05 2.06 1.99 1.86 1.79 1.78 1.73 1.67 1.60 1.61 1.70 1.59 1.36 1.24 1.27 1.37 1.47 1.53 1.56 1.58 1.59 1.59 1.59 1.60 1.60 1.59 1.59 1.58 1.57 1.56 1.54 1.51 1.49 1.46 1.42 1.40 1.36 1.32 1.27 1.21 1.18 1.22 1.35 1.58 1.90 2.14
3.56 2.94 2.52 2.66 2.51 2.20 1.88 1.62 1.46 1.28 1.11 1.10 1.18 1.26 1.30 1.26 1.22 1.23 1.20 1.15 1.15 1.18 1.24 1.19 1.07 1.17 1.36 1.42 1.49 1.56 1.56 1.53 1.51 1.55 1.66 1.84 2.04 2.10 2.07 2.03 1.98 1.95 1.95 2.00 2.04 2.04 1.99 1.96 2.04 2.04 1.87 1.60 1.39 1.37 1.46 1.54 1.58 1.60 1.61 1.61 1.61 1.61 1.62 1.62 1.61 1.61 1.60 1.59 1.58 1.55 1.53 1.50 1.46 1.44 1.41 1.37 1.32 1.27 1.23 1.21 1.25 1.39 1.77 2.20
3.61 3.19 2.70 2.72 2.66 2.37 1.93 1.65 1.56 1.41 1.28 1.22 1.25 1.35 1.39 1.34 1.29 1.32 1.29 1.21 1.18 1.17 1.20 1.20 1.07 1.09 1.31 1.43 1.48 1.57 1.62 1.63 1.64 1.68 1.74 1.80 1.89 1.95 1.96 1.94 1.90 1.86 1.85 1.88 1.93 1.97 1.96 1.93 1.95 2.01 2.04 1.95 1.76 1.56 1.51 1.56 1.60 1.62 1.62 1.62 1.63 1.63 1.63 1.63 1.64 1.63 1.63 1.62 1.61 1.59 1.56 1.54 1.50 1.47 1.44 1.41 1.37 1.32 1.27 1.25 1.28 1.39 1.66 2.05
3.78 3.42 2.88 2.78 2.79 2.52 2.01 1.76 1.70 1.55 1.40 1.32 1.33 1.42 1.49 1.47 1.40 1.43 1.40 1.32 1.26 1.19 1.16 1.18 1.09 1.00 1.17 1.37 1.46 1.53 1.60 1.66 1.69 1.78 1.94 1.99 1.99 2.00 1.94 1.85 1.79 1.78 1.80 1.81 1.84 1.86 1.87 1.86 1.80 1.74 1.75 1.82 1.83 1.71 1.59 1.59 1.62 1.63 1.63 1.64 1.64 1.64 1.64 1.65 1.65 1.66 1.66 1.65 1.64 1.62 1.60 1.57 1.54 1.50 1.47 1.44 1.40 1.35 1.32 1.31 1.37 1.49 1.66 1.92
4.21 3.72 3.02 2.83 2.83 2.63 2.14 1.95 1.91 1.71 1.49 1.40 1.42 1.45 1.56 1.58 1.54 1.57 1.54 1.47 1.38 1.26 1.21 1.18 1.05 0.94 1.09 1.32 1.47 1.51 1.53 1.63 1.65 1.71 1.98 2.18 2.24 2.28 2.21 1.99 1.77 1.68 1.75 1.86 1.93 1.95 1.98 1.99 1.89 1.71 1.60 1.62 1.70 1.71 1.65 1.62 1.62 1.63 1.63 1.63 1.63 1.64 1.65 1.66 1.67 1.67 1.68 1.67 1.66 1.65 1.63 1.60 1.57 1.53 1.50 1.46 1.43 1.38 1.35 1.32 1.36 1.50 1.71 1.94
4.71 3.97 3.17 2.92 2.76 2.68 2.38 2.18 2.17 1.97 1.60 1.48 1.52 1.48 1.60 1.68 1.66 1.76 1.76 1.69 1.53 1.37 1.37 1.29 0.94 0.80 1.07 1.34 1.52 1.57 1.55 1.61 1.61 1.57 1.73 2.01 2.23 2.45 2.58 2.45 2.10 1.77 1.68 1.82 1.98 2.08 2.12 2.13 2.06 1.84 1.62 1.54 1.57 1.64 1.65 1.63 1.61 1.60 1.60 1.60 1.61 1.62 1.64 1.66 1.68 1.69 1.69 1.69 1.68 1.67 1.65 1.63 1.60 1.56 1.52 1.49 1.45 1.40 1.34 1.27 1.24 1.31 1.46 1.62
5.02 4.19 3.26 2.94 2.64 2.62 2.65 2.52 2.42 2.27 1.85 1.62 1.59 1.51 1.63 1.76 1.80 1.96 2.03 1.97 1.73 1.55 1.61 1.38 0.83 0.69 1.05 1.38 1.55 1.65 1.67 1.67 1.66 1.60 1.59 1.68 1.83 2.15 2.52 2.69 2.56 2.20 1.84 1.78 1.96 2.18 2.31 2.30 2.22 2.06 1.82 1.63 1.54 1.60 1.68 1.69 1.66 1.61 1.54 1.52 1.54 1.57 1.62 1.66 1.69 1.70 1.71 1.71 1.71 1.69 1.68 1.65 1.62 1.59 1.55 1.50 1.45 1.39 1.31 1.21 1.11 1.06 1.06 1.06
4.90 4.24 3.31 2.90 2.63 2.53 2.67 2.77 2.66 2.62 2.36 1.87 1.64 1.59 1.65 1.76 1.96 2.18 2.30 2.25 1.96 1.80 1.74 1.33 0.78 0.77 1.10 1.41 1.58 1.70 1.77 1.78 1.78 1.76 1.74 1.69 1.61 1.74 2.13 2.52 2.62 2.44 2.13 1.87 1.90 2.13 2.38 2.49 2.38 2.20 2.04 1.84 1.67 1.65 1.73 1.83 1.87 1.81 1.63 1.43 1.37 1.48 1.59 1.65 1.69 1.72 1.73 1.73 1.72 1.71 1.70 1.68 1.65 1.61 1.57 1.52 1.46 1.39 1.31 1.21 1.07 0.93 0.80 0.65
4.61 4.09 3.37 2.99 2.71 2.46 2.47 2.69 2.79 2.97 2.88 2.16 1.70 1.69 1.71 1.77 2.04 2.39 2.69 2.66 2.27 1.91 1.60 1.22 0.97 0.97 1.22 1.48 1.64 1.75 1.83 1.87 1.87 1.85 1.91 1.91 1.72 1.64 1.86 2.33 2.60 2.48 2.26 2.01 1.90 2.01 2.26 2.54 2.57 2.35 2.13 1.95 1.78 1.70 1.73 1.91 2.06 2.11 1.97 1.51 1.24 1.36 1.55 1.65 1.70 1.73 1.74 1.75 1.74 1.73 1.72 1.70 1.67 1.64 1.59 1.54 1.49 1.42 1.33 1.23 1.08 0.91 0.74 0.58
4.38 3.95 3.50 3.36 3.10 2.63 2.37 2.52 2.82 3.25 3.28 2.57 2.00 1.93 1.93 1.99 2.18 2.54 3.04 3.19 2.44 1.66 1.33 1.33 1.20 1.18 1.37 1.58 1.71 1.82 1.90 1.94 1.95 1.89 1.94 2.04 1.93 1.77 1.75 2.07 2.55 2.65 2.45 2.18 1.98 1.96 2.13 2.43 2.62 2.54 2.24 1.98 1.79 1.63 1.61 1.86 2.16 2.32 2.36 1.95 1.41 1.35 1.52 1.65 1.71 1.75 1.76 1.76 1.76 1.75 1.74 1.72 1.69 1.66 1.62 1.57 1.51 1.45 1.37 1.26 1.12 0.95 0.79 0.69
3.99 3.72 3.53 3.66 3.71 3.33 2.90 2.90 3.29 3.93 3.92 3.06 2.46 2.25 2.15 2.18 2.30 2.63 3.33 3.59 2.64 1.28 1.25 1.41 1.32 1.33 1.52 1.69 1.80 1.90 1.97 2.02 2.04 1.96 1.95 2.03 2.04 1.96 1.83 1.84 2.22 2.68 2.76 2.48 2.15 1.99 2.07 2.32 2.58 2.65 2.40 2.05 1.76 1.53 1.37 1.59 2.05 2.29 2.45 2.32 1.83 1.51 1.54 1.66 1.72 1.76 1.77 1.77 1.77 1.77 1.75 1.74 1.71 1.68 1.64 1.60 1.54 1.48 1.40 1.31 1.19 1.03 0.83 0.68
3.47 3.32 3.22 3.44 3.72 3.68 3.42 3.30 3.54 4.31 4.80 4.22 3.58 3.40 3.31 3.27 3.08 3.16 3.71 3.91 3.14 1.67 1.51 1.51 1.44 1.48 1.64 1.79 1.91 2.00 2.06 2.13 2.14 2.02 1.95 2.01 2.07 2.06 1.99 1.84 1.86 2.36 2.91 2.87 2.44 2.16 2.11 2.27 2.58 2.74 2.64 2.22 1.69 1.46 1.26 1.26 1.71 2.04 2.20 2.27 2.03 1.69 1.61 1.67 1.73 1.77 1.79 1.79 1.79 1.78 1.77 1.75 1.73 1.71 1.67 1.63 1.58 1.52 1.44 1.36 1.25 1.13 0.97 0.76
3.07 3.01 2.93 3.06 3.32 3.28 3.02 2.65 2.47 3.26 4.48 4.70 4.41 4.22 4.17 4.20 4.09 4.00 4.38 4.32 3.41 2.65 2.23 1.88 1.66 1.65 1.76 1.88 2.01 2.12 2.20 2.32 2.30 2.06 1.91 1.99 2.09 2.10 2.07 1.93 1.74 1.93 2.68 3.14 2.89 2.56 2.36 2.37 2.62 2.82 2.93 2.52 1.64 1.45 1.42 1.34 1.58 1.83 1.96 2.05 1.99 1.75 1.66 1.70 1.74 1.77 1.79 1.80 1.80 1.79 1.78 1.77 1.75 1.73 1.70 1.66 1.61 1.56 1.50 1.43 1.34 1.23 1.11 0.98
2.65 2.78 2.87 2.96 3.21 3.05 2.57 1.93 1.45 1.96 3.02 3.63 3.48 2.98 2.91 3.46 4.11 4.59 5.12 4.49 3.51 3.36 2.79 2.21 1.83 1.76 1.83 1.95 2.07 2.22 2.43 2.58 2.51 2.18 1.92 1.98 2.12 2.14 2.10 1.98 1.73 1.63 2.16 2.92 3.18 3.08 2.88 2.74 2.80 2.93 3.09 2.79 1.92 1.60 1.65 1.60 1.63 1.74 1.80 1.89 1.92 1.75 1.68 1.72 1.74 1.76 1.79 1.80 1.81 1.80 1.79 1.78 1.77 1.75 1.72 1.69 1.65 1.60 1.54 1.48 1.41 1.34 1.25 1.16
2.09 2.53 2.88 3.01 3.31 3.21 2.72 2.00 1.43 1.47 2.06 2.60 2.54 2.42 2.56 3.31 3.91 4.97 5.60 4.18 3.52 3.68 3.25 2.51 1.94 1.76 1.80 1.96 2.07 2.22 2.58 2.80 2.72 2.39 2.06 2.04 2.15 2.17 2.13 2.03 1.78 1.51 1.69 2.31 2.83 3.08 3.17 3.14 3.12 3.17 3.17 2.99 2.42 1.92 1.89 1.87 1.76 1.76 1.73 1.76 1.81 1.74 1.70 1.72 1.73 1.75 1.78 1.80 1.81 1.80 1.79 1.79 1.78 1.76 1.74 1.71 1.68 1.64 1.59 1.54 1.48 1.42 1.36 1.30
1.72 2.28 2.83 2.95 3.27 3.42 3.14 2.59 2.01 1.72 1.86 1.86 1.81 2.25 2.70 3.41 4.08 5.09 5.65 4.64 3.95 3.92 3.91 3.07 2.08 1.68 1.73 1.93 2.10 2.28 2.59 2.81 2.83 2.63 2.30 2.18 2.22 2.22 2.15 2.05 1.87 1.56 1.48 1.89 2.35 2.61 2.92 3.17 3.26 3.25 3.14 3.07 2.77 2.26 2.14 2.14 1.99 1.84 1.76 1.73 1.70 1.69 1.69 1.70 1.71 1.73 1.77 1.79 1.81 1.80 1.79 1.80 1.79 1.78 1.76 1.74 1.71 1.67 1.63 1.59 1.54 1.49 1.44 1.40
1.57 2.11 2.70 2.72 2.96 3.26 3.21 2.99 2.68 2.28 2.01 1.75 1.63 2.00 2.80 3.60 4.33 4.82 4.45 4.53 4.49 4.39 4.55 3.60 2.20 1.66 1.80 2.00 2.21 2.46 2.69 2.78 2.83 2.77 2.55 2.40 2.39 2.34 2.19 2.04 1.92 1.67 1.46 1.71 2.14 2.37 2.66 3.07 3.25 3.21 3.06 3.03 2.92 2.57 2.36 2.35 2.28 2.05 1.86 1.79 1.71 1.68 1.69 1.66 1.64 1.68 1.72 1.76 1.79 1.79 1.80 1.80 1.80 1.79 1.78 1.76 1.73 1.70 1.66 1.62 1.59 1.55 1.51 1.47
1.67 2.12 2.58 2.58 2.69 2.76 2.73 2.88 2.88 2.58 2.35 2.07 1.80 2.00 2.80 3.82 4.39 4.08 3.61 3.82 4.39 4.81 4.89 4.06 2.55 2.06 2.13 2.22 2.37 2.64 2.84 2.86 2.86 2.84 2.70 2.62 2.60 2.54 2.33 2.07 1.91 1.74 1.52 1.56 1.99 2.38 2.66 2.98 3.17 3.17 3.11 3.01 2.95 2.85 2.63 2.51 2.47 2.34 2.07 1.87 1.82 1.82 1.82 1.72 1.63 1.60 1.64 1.68 1.74 1.78 1.80 1.80 1.81 1.80 1.79 1.77 1.75 1.72 1.69 1.66 1.62 1.59 1.56 1.53
1.98 2.29 2.65 2.72 2.68 2.62 2.61 2.72 2.78 2.62 2.57 2.34 2.07 2.24 2.77 3.66 4.29 3.78 3.18 3.34 4.00 4.79 4.88 3.82 2.87 2.56 2.53 2.53 2.56 2.79 3.01 3.07 3.02 2.95 2.82 2.74 2.72 2.70 2.58 2.23 1.92 1.78 1.56 1.45 1.79 2.32 2.65 2.85 3.01 3.11 3.18 3.06 2.93 2.97 2.92 2.75 2.62 2.62 2.38 1.99 1.89 1.98 2.05 1.98 1.80 1.63 1.58 1.59 1.65 1.75 1.79 1.81 1.81 1.81 1.80 1.79 1.76 1.74 1.71 1.68 1.65 1.62 1.60 1.57
2.29 2.48 2.79 2.88 2.74 2.67 2.71 2.73 2.71 2.64 2.62 2.46 2.25 2.45 2.91 3.55 4.19 3.84 3.09 3.53 4.41 4.76 4.41 3.79 3.24 2.92 2.84 2.82 2.79 2.95 3.23 3.37 3.32 3.21 3.01 2.82 2.76 2.80 2.83 2.49 1.99 1.78 1.61 1.43 1.59 2.09 2.55 2.74 2.83 2.98 3.14 3.13 2.99 2.97 3.02 2.91 2.78 2.84 2.72 2.27 1.97 1.99 2.16 2.24 2.10 1.82 1.65 1.56 1.57 1.69 1.78 1.80 1.80 1.80 1.80 1.79 1.77 1.75 1.72 1.69 1.67 1.64 1.62 1.60
2.59 2.69 2.88 2.94 2.83 2.77 2.80 2.80 2.75 2.67 2.62 2.51 2.28 2.35 2.89 3.60 4.12 4.00 3.56 4.13 4.88 4.36 4.05 3.99 3.64 3.32 3.16 3.07 3.00 3.14 3.48 3.70 3.68 3.54 3.29 3.00 2.85 2.93 2.99 2.69 2.13 1.81 1.68 1.50 1.45 1.81 2.35 2.64 2.73 2.87 3.01 3.13 3.10 3.05 3.10 2.96 2.88 2.94 2.93 2.70 2.29 2.09 2.19 2.37 2.37 2.09 1.82 1.66 1.60 1.69 1.81 1.80 1.75 1.76 1.79 1.79 1.78 1.75 1.72 1.69 1.67 1.65 1.63 1.61
2.88 2.90 2.95 2.98 2.93 2.89 2.89 2.86 2.82 2.72 2.63 2.54 2.24 2.08 2.39 3.10 3.87 3.92 3.77 4.57 5.09 4.52 4.26 4.22 3.95 3.76 3.67 3.42 3.25 3.45 3.71 3.91 4.02 3.89 3.65 3.35 3.11 3.08 3.06 2.79 2.31 1.93 1.77 1.60 1.46 1.57 1.99 2.39 2.60 2.79 2.94 3.07 3.10 3.07 3.17 3.11 3.00 2.99 2.99 2.94 2.68 2.39 2.33 2.48 2.57 2.35 2.03 1.82 1.73 1.83 1.99 1.92 1.72 1.69 1.75 1.77 1.77 1.74 1.71 1.68 1.66 1.63 1.62 1.61
3.09 3.05 3.03 3.06 3.03 3.00 2.97 2.92 2.89 2.82 2.69 2.56 2.31 2.15 2.26 2.69 3.51 3.75 3.76 4.43 4.81 4.78 4.72 4.53 4.23 4.17 4.29 4.06 3.75 3.91 3.96 4.04 4.29 4.25 4.04 3.82 3.48 3.23 3.09 2.87 2.50 2.11 1.88 1.73 1.56 1.47 1.67 2.01 2.30 2.64 2.89 3.03 3.10 3.05 3.06 3.13 3.14 3.12 3.09 3.03 2.86 2.62 2.48 2.60 2.71 2.59 2.30 2.02 1.91 2.03 2.27 2.25 1.93 1.71 1.70 1.74 1.73 1.68 1.65 1.64 1.63 1.60 1.59 1.58
3.20 3.13 3.08 3.17 3.21 3.14 3.05 2.98 2.97 3.02 2.88 2.70 2.55 2.38 2.39 2.66 3.21 3.53 3.64 3.99 4.23 4.50 4.79 4.73 4.56 4.57 4.82 4.74 4.49 4.54 4.37 4.36 4.48 4.46 4.42 4.35 4.00 3.50 3.22 2.98 2.66 2.25 2.00 1.88 1.65 1.47 1.48 1.65 1.91 2.35 2.78 2.98 3.12 3.19 3.09 3.00 3.07 3.17 3.25 3.21 3.00 2.79 2.67 2.68 2.72 2.71 2.50 2.19 2.08 2.21 2.44 2.58 2.46 2.03 1.85 1.86 1.78 1.65 1.60 1.59 1.55 1.52 1.52 1.53
3.26 3.16 3.09 3.26 3.42 3.36 3.20 3.07 3.09 3.26 3.17 2.97 2.79 2.58 2.55 2.66 3.00 3.31 3.39 3.58 3.95 4.36 4.42 4.53 4.80 4.89 5.15 5.33 5.41 5.31 5.08 4.88 4.52 4.44 4.87 5.13 4.64 3.84 3.37 3.06 2.72 2.32 2.15 2.00 1.72 1.53 1.40 1.41 1.57 1.94 2.50 2.83 3.02 3.27 3.35 3.15 3.02 3.09 3.27 3.36 3.19 2.97 2.89 2.86 2.79 2.76 2.65 2.30 2.14 2.36 2.56 2.68 2.81 2.64 2.34 2.21 2.00 1.73 1.66 1.68 1.55 1.39 1.39 1.45
3.20 3.15 3.13 3.32 3.54 3.56 3.43 3.23 3.23 3.49 3.50 3.29 3.04 2.87 2.84 2.74 2.91 3.11 3.09 3.23 3.81 4.46 4.12 3.89 4.59 5.18 5.35 5.63 6.28 6.28 5.75 5.21 4.28 4.39 5.64 5.98 5.08 3.91 3.42 3.18 2.74 2.42 2.29 2.09 1.83 1.64 1.42 1.30 1.35 1.60 2.11 2.52 2.73 3.06 3.39 3.45 3.26 3.14 3.23 3.38 3.39 3.19 3.01 2.99 2.96 2.85 2.80 2.50 2.17 2.34 2.71 2.81 2.87 2.92 2.78 2.60 2.33 1.97 1.83 1.90 1.75 1.39 1.24 1.31
3.02 3.04 3.18 3.43 3.59 3.66 3.68 3.48 3.44 3.64 3.79 3.58 3.18 3.13 3.25 3.07 2.96 2.96 2.95 3.12 3.72 4.45 4.08 3.34 3.85 4.95 5.38 5.50 6.73 7.32 6.23 5.43 4.20 4.62 6.58 6.50 5.00 3.84 3.63 3.44 2.81 2.47 2.43 2.23 1.95 1.72 1.51 1.31 1.19 1.34 1.80 2.25 2.49 2.71 3.07 3.42 3.52 3.39 3.31 3.36 3.53 3.54 3.22 3.02 3.06 2.96 2.88 2.75 2.35 2.25 2.68 3.05 3.05 2.98 2.99 2.92 2.70 2.32 2.01 2.04 2.04 1.66 1.26 1.16
2.82 2.87 3.15 3.48 3.58 3.65 3.70 3.67 3.65 3.68 3.89 3.83 3.37 3.35 3.62 3.51 3.06 2.73 2.97 3.54 4.10 4.43 3.95 3.13 3.10 4.20 5.12 5.33 6.73 7.79 6.63 5.72 4.78 5.23 7.28 6.69 4.82 4.13 4.04 3.54 2.63 2.48 2.66 2.38 2.02 1.83 1.63 1.35 1.10 1.11 1.47 1.98 2.36 2.55 2.76 3.10 3.46 3.60 3.49 3.35 3.54 3.86 3.65 3.19 3.19 3.12 2.87 2.81 2.61 2.31 2.51 3.10 3.34 3.14 3.08 3.09 3.00 2.72 2.30 2.14 2.18 2.03 1.54 1.16
2.64 2.77 3.16 3.45 3.52 3.56 3.53 3.61 3.71 3.74 3.93 3.95 3.55 3.54 3.92 3.89 3.07 2.31 2.90 4.04 4.83 4.73 3.70 2.95 2.73 3.29 4.41 5.19 6.91 8.11 7.02 6.00 5.44 6.13 7.85 7.06 5.24 4.75 4.20 3.11 2.41 2.71 2.90 2.42 2.07 1.95 1.69 1.37 1.13 1.00 1.15 1.59 2.10 2.48 2.68 2.85 3.19 3.61 3.66 3.32 3.36 3.87 4.01 3.58 3.43 3.42 3.07 2.75 2.63 2.46 2.49 3.04 3.51 3.41 3.26 3.21 3.15 3.02 2.69 2.41 2.27 2.22 1.89 1.38
2.53 2.80 3.23 3.48 3.54 3.52 3.49 3.58 3.68 3.72 3.95 4.11 3.71 3.63 4.15 4.19 3.01 1.85 2.58 4.15 5.45 5.48 3.76 2.67 2.62 2.93 3.51 4.37 6.33 8.24 7.96 6.46 5.76 6.79 8.43 7.68 6.03 5.08 3.94 2.75 2.51 2.88 2.98 2.49 2.19 1.99 1.67 1.40 1.23 1.01 0.93 1.18 1.66 2.28 2.66 2.73 2.94 3.49 3.78 3.44 3.23 3.64 4.02 3.94 3.77 3.80 3.61 3.03 2.61 2.47 2.51 2.93 3.47 3.59 3.51 3.43 3.29 3.18 3.05 2.77 2.49 2.37 2.10 1.65
2.58 2.85 3.24 3.48 3.57 3.51 3.51 3.61 3.72 3.68 3.94 4.48 4.16 3.70 4.22 4.39 2.94 1.50 2.10 3.84 5.58 6.32 4.67 2.57 2.54 3.23 3.24 3.44 4.64 7.07 8.52 7.67 6.40 7.33 8.85 8.11 6.44 4.97 3.35 2.71 2.55 2.71 3.06 2.95 2.39 1.96 1.60 1.39 1.28 1.10 0.85 0.80 1.23 1.98 2.53 2.63 2.77 3.31 3.83 3.69 3.34 3.48 3.87 3.99 3.93 4.01 4.08 3.71 3.04 2.58 2.51 2.84 3.32 3.59 3.67 3.66 3.48 3.31 3.33 3.24 2.89 2.60 2.24 1.86
2.80 2.95 3.19 3.43 3.59 3.52 3.43 3.53 3.70 3.69 3.91 4.68 4.62 3.90 4.30 4.58 2.98 1.20 1.62 3.19 5.09 6.72 6.07 3.33 2.79 3.80 3.73 3.62 3.75 4.94 7.40 8.54 8.11 8.53 9.36 8.11 6.17 4.59 3.20 2.64 2.32 2.58 3.38 3.49 2.54 1.72 1.41 1.29 1.23 1.17 0.95 0.60 0.81 1.64 2.34 2.55 2.61 3.04 3.72 3.89 3.58 3.48 3.82 4.02 3.86 3.98 4.24 4.20 3.84 3.21 2.87 3.03 3.31 3.53 3.78 3.89 3.70 3.41 3.40 3.53 3.48 3.03 2.40 2.05
