windninja/windninja_output/Output_2025-08-09_1900-1950_Google earth_Fire_150m_10min/merlingen_7.5mi_point_08-09-2025_1930_150m_vel.asc
ncols	158
nrows	163
xllcorner	391686.332397
yllcorner	5160024.123721
cellsize	150.000000
NODATA_value	-32768.000000
[rows 114 to 151 of 163, columns 0 to 83 of 158]
1.12 1.09 1.04 1.01 1.03 1.01 0.96 0.93 0.94 0.97 1.01 1.12 1.16 1.09 1.16 1.16 0.81 0.56 0.65 0.87 1.21 1.68 1.85 1.37 1.06 1.02 0.98 0.85 0.75 0.75 1.10 1.66 1.86 1.74 1.52 1.23 1.07 0.99 0.86 0.76 0.73 0.73 0.74 0.69 0.50 0.39 0.36 0.33 0.30 0.28 0.29 0.33 0.47 0.70 0.93 1.04 1.06 1.12 1.29 1.44 1.43 1.39 1.48 1.59 1.55 1.57 1.71 1.81 1.82 1.72 1.57 1.49 1.47 1.46 1.60 1.77 1.76 1.64 1.57 1.69 1.86 1.76 1.44 1.28
1.08 1.12 1.13 1.09 1.06 1.05 1.04 0.98 0.92 0.91 0.95 1.01 1.06 1.13 1.27 1.26 0.85 0.53 0.54 0.63 0.90 1.35 1.79 1.81 1.53 1.25 1.15 1.11 1.09 0.86 0.91 1.41 1.91 1.98 1.63 1.21 0.99 0.95 0.91 0.82 0.80 0.83 0.86 0.83 0.68 0.54 0.47 0.43 0.38 0.33 0.33 0.36 0.41 0.56 0.82 0.99 1.03 1.05 1.18 1.35 1.42 1.40 1.45 1.58 1.59 1.54 1.63 1.76 1.82 1.80 1.73 1.69 1.65 1.51 1.45 1.66 1.85 1.79 1.61 1.60 1.84 1.89 1.66 1.50
1.01 1.08 1.14 1.12 1.08 1.04 1.04 1.06 1.03 0.98 0.96 0.90 0.91 1.04 1.30 1.36 0.94 0.52 0.48 0.53 0.77 1.10 1.46 1.80 1.87 1.60 1.30 1.24 1.25 1.02 0.96 1.29 1.83 2.12 1.78 1.23 0.98 0.96 0.99 0.94 0.88 0.90 0.94 0.95 0.83 0.63 0.51 0.45 0.44 0.43 0.41 0.42 0.43 0.49 0.69 0.92 1.02 1.02 1.09 1.24 1.35 1.37 1.42 1.52 1.57 1.54 1.58 1.70 1.79 1.83 1.82 1.84 1.90 1.85 1.57 1.50 1.71 1.88 1.76 1.59 1.74 1.86 1.68 1.58
0.95 1.03 1.11 1.11 1.08 1.02 0.97 1.03 1.10 1.13 1.06 0.86 0.76 0.88 1.23 1.45 1.05 0.52 0.46 0.52 0.71 0.95 1.13 1.41 1.77 1.90 1.72 1.52 1.52 1.17 0.93 1.03 1.49 2.05 2.02 1.46 1.15 1.08 1.12 1.11 1.08 1.04 1.02 1.03 0.97 0.75 0.63 0.57 0.55 0.55 0.53 0.50 0.49 0.51 0.62 0.87 1.01 1.03 1.04 1.14 1.24 1.31 1.42 1.53 1.57 1.54 1.57 1.67 1.76 1.82 1.85 1.90 2.03 2.16 2.07 1.75 1.60 1.79 1.90 1.78 1.77 1.83 1.64 1.53
0.92 0.98 1.07 1.10 1.07 1.01 0.93 0.94 1.03 1.13 1.18 0.95 0.68 0.73 1.08 1.49 1.29 0.56 0.40 0.42 0.48 0.62 0.78 0.93 1.20 1.62 1.79 1.80 1.87 1.73 1.27 1.06 1.26 1.76 2.07 2.12 1.88 1.56 1.46 1.41 1.34 1.27 1.18 1.11 1.04 0.91 0.79 0.73 0.68 0.65 0.62 0.57 0.55 0.55 0.60 0.79 0.98 1.03 1.04 1.10 1.15 1.18 1.30 1.48 1.59 1.61 1.63 1.70 1.76 1.79 1.81 1.86 1.97 2.20 2.39 2.27 1.91 1.80 1.91 1.95 1.97 1.94 1.69 1.50
0.93 0.96 1.04 1.10 1.04 0.97 0.91 0.88 0.92 0.98 1.14 1.06 0.67 0.64 0.90 1.37 1.46 0.82 0.34 0.28 0.26 0.29 0.46 0.60 0.74 0.94 1.15 1.31 1.62 1.82 1.68 1.46 1.35 1.50 1.83 2.18 2.27 2.10 1.95 1.90 1.80 1.61 1.44 1.31 1.23 1.14 0.96 0.81 0.74 0.69 0.65 0.61 0.58 0.57 0.58 0.71 0.90 1.01 1.03 1.08 1.11 1.10 1.15 1.28 1.43 1.53 1.58 1.66 1.77 1.80 1.75 1.74 1.83 2.03 2.34 2.56 2.43 2.13 2.01 1.98 2.02 2.02 1.79 1.57
0.93 0.94 1.03 1.13 1.06 0.91 0.88 0.87 0.87 0.85 0.98 1.06 0.73 0.62 0.80 1.21 1.48 1.15 0.49 0.22 0.17 0.12 0.20 0.35 0.48 0.58 0.66 0.78 0.96 1.17 1.37 1.35 1.24 1.35 1.56 1.81 2.02 2.05 1.92 1.95 2.08 2.04 1.86 1.70 1.57 1.44 1.26 1.07 0.92 0.80 0.72 0.67 0.62 0.60 0.59 0.66 0.83 0.95 1.00 1.05 1.10 1.08 1.08 1.10 1.09 1.14 1.17 1.22 1.47 1.70 1.72 1.66 1.67 1.78 2.07 2.47 2.70 2.59 2.33 2.16 2.07 2.03 1.85 1.65
0.90 0.92 1.01 1.18 1.24 1.09 1.04 1.02 0.93 0.78 0.85 1.04 0.77 0.57 0.74 1.12 1.48 1.34 0.77 0.34 0.11 0.05 0.04 0.16 0.29 0.39 0.48 0.58 0.70 0.80 0.90 1.04 1.13 1.23 1.45 1.58 1.59 1.70 1.53 1.45 1.75 2.00 2.01 1.79 1.62 1.52 1.40 1.26 1.09 0.94 0.81 0.72 0.67 0.65 0.63 0.66 0.81 0.92 0.96 1.01 1.04 1.01 0.99 1.01 0.97 0.98 0.91 0.72 0.85 1.30 1.55 1.59 1.57 1.57 1.72 2.09 2.56 2.85 2.80 2.58 2.35 2.18 1.95 1.75
0.84 0.90 0.97 1.09 1.26 1.33 1.37 1.38 1.23 0.89 0.81 1.03 0.79 0.45 0.55 0.86 1.37 1.47 0.98 0.56 0.24 0.05 0.10 0.16 0.24 0.28 0.33 0.44 0.62 0.73 0.75 0.91 1.08 1.12 1.33 1.43 1.36 1.52 1.38 1.10 1.20 1.53 1.88 1.81 1.50 1.34 1.24 1.12 1.04 0.97 0.86 0.76 0.69 0.66 0.64 0.67 0.79 0.91 0.95 0.98 0.98 0.94 0.94 0.98 1.04 1.16 1.13 0.78 0.56 0.72 1.09 1.34 1.45 1.46 1.47 1.65 2.07 2.62 2.98 3.05 2.86 2.55 2.18 1.96
0.75 0.80 0.85 0.87 0.99 1.15 1.29 1.46 1.54 1.29 1.01 1.11 0.83 0.38 0.36 0.56 1.06 1.49 1.29 0.83 0.50 0.25 0.14 0.18 0.25 0.26 0.27 0.38 0.57 0.65 0.62 0.79 0.97 1.01 1.20 1.34 1.25 1.41 1.45 1.08 0.94 1.17 1.67 1.94 1.67 1.35 1.16 1.01 0.97 0.95 0.91 0.83 0.73 0.69 0.66 0.63 0.69 0.82 0.84 0.88 0.94 0.96 0.97 1.01 1.07 1.25 1.38 1.22 0.80 0.53 0.65 0.93 1.14 1.27 1.30 1.32 1.54 2.01 2.58 3.05 3.28 3.16 2.71 2.31
0.73 0.77 0.79 0.76 0.81 0.95 1.07 1.24 1.50 1.50 1.41 1.33 0.82 0.38 0.30 0.39 0.71 1.25 1.50 1.21 0.79 0.50 0.28 0.21 0.22 0.23 0.25 0.35 0.52 0.51 0.50 0.73 0.91 0.93 1.09 1.28 1.17 1.22 1.39 1.16 0.89 0.93 1.29 1.84 1.94 1.61 1.29 1.07 0.98 0.99 1.00 0.94 0.82 0.75 0.71 0.68 0.70 0.82 0.84 0.79 0.88 1.02 1.06 1.08 1.13 1.22 1.36 1.46 1.29 0.80 0.55 0.62 0.74 0.85 1.00 1.05 1.13 1.42 1.90 2.43 2.96 3.36 3.28 2.77
0.74 0.80 0.82 0.77 0.80 0.90 0.99 1.09 1.33 1.45 1.57 1.65 1.13 0.50 0.33 0.33 0.48 0.80 1.24 1.45 1.32 0.85 0.51 0.35 0.30 0.25 0.26 0.37 0.42 0.37 0.43 0.71 0.91 0.87 0.97 1.21 1.13 1.05 1.24 1.18 0.92 0.80 0.94 1.47 1.92 1.82 1.47 1.17 1.03 1.00 1.00 0.97 0.91 0.83 0.78 0.79 0.87 1.00 1.07 0.96 0.95 1.07 1.13 1.15 1.20 1.26 1.31 1.43 1.52 1.33 0.91 0.70 0.65 0.57 0.59 0.68 0.75 0.89 1.19 1.58 1.96 2.69 3.32 3.25
0.69 0.77 0.81 0.76 0.77 0.85 0.94 1.01 1.15 1.30 1.50 1.84 1.65 0.85 0.55 0.41 0.39 0.54 0.80 1.18 1.38 1.28 0.81 0.57 0.59 0.60 0.53 0.46 0.39 0.33 0.40 0.70 0.96 0.88 0.88 1.12 1.13 0.97 1.02 1.07 0.92 0.73 0.74 1.10 1.69 1.87 1.62 1.33 1.15 1.05 0.99 0.94 0.90 0.87 0.81 0.80 0.88 1.04 1.19 1.17 1.11 1.12 1.13 1.14 1.19 1.26 1.30 1.36 1.49 1.56 1.43 1.18 0.93 0.67 0.49 0.40 0.42 0.50 0.65 0.93 1.26 1.80 2.68 3.24
0.66 0.74 0.79 0.73 0.73 0.82 0.93 0.98 1.01 1.12 1.34 1.75 1.93 1.53 1.05 0.64 0.45 0.51 0.66 0.86 1.15 1.35 1.28 1.10 1.02 0.90 0.71 0.51 0.38 0.30 0.34 0.63 0.99 1.02 0.94 1.04 1.10 0.98 0.88 0.91 0.86 0.66 0.58 0.78 1.33 1.75 1.65 1.37 1.20 1.08 1.02 0.97 0.89 0.85 0.82 0.78 0.81 0.95 1.11 1.14 1.12 1.12 1.11 1.11 1.15 1.23 1.28 1.33 1.41 1.50 1.58 1.53 1.29 0.99 0.72 0.48 0.28 0.26 0.38 0.57 0.88 1.31 1.87 2.55
0.66 0.72 0.78 0.71 0.67 0.73 0.84 0.94 0.95 0.98 1.10 1.43 1.85 1.98 1.73 1.02 0.64 0.63 0.71 0.82 0.93 1.12 1.31 1.27 1.15 1.06 0.82 0.54 0.36 0.25 0.24 0.46 0.87 1.10 1.17 1.15 1.08 0.98 0.84 0.81 0.78 0.65 0.50 0.52 0.94 1.54 1.65 1.35 1.17 1.07 0.99 0.97 0.92 0.89 0.85 0.82 0.82 0.90 1.02 1.06 1.07 1.10 1.11 1.13 1.16 1.22 1.27 1.31 1.37 1.42 1.53 1.65 1.56 1.24 0.95 0.73 0.41 0.22 0.21 0.28 0.47 0.84 1.32 1.84
0.64 0.69 0.73 0.66 0.59 0.60 0.66 0.77 0.83 0.85 0.89 1.06 1.37 1.75 1.95 1.79 1.17 0.83 0.75 0.73 0.64 0.68 1.02 1.21 1.19 1.11 0.92 0.64 0.42 0.26 0.18 0.28 0.59 0.92 1.21 1.39 1.28 1.00 0.84 0.79 0.74 0.65 0.51 0.40 0.58 1.17 1.55 1.46 1.28 1.17 1.06 0.99 0.93 0.89 0.86 0.83 0.85 0.90 0.99 1.03 1.05 1.09 1.12 1.14 1.18 1.22 1.26 1.30 1.35 1.40 1.49 1.66 1.76 1.57 1.23 0.97 0.68 0.33 0.22 0.22 0.19 0.29 0.61 1.13
0.65 0.70 0.76 0.68 0.59 0.61 0.63 0.63 0.64 0.65 0.66 0.70 0.81 1.05 1.43 1.77 1.62 1.21 0.89 0.63 0.46 0.47 0.73 1.12 1.32 1.21 0.95 0.76 0.60 0.39 0.23 0.19 0.33 0.61 0.94 1.35 1.56 1.29 0.95 0.84 0.77 0.69 0.59 0.44 0.40 0.71 1.25 1.44 1.39 1.25 1.11 1.03 0.92 0.86 0.83 0.81 0.83 0.91 1.00 1.03 1.04 1.05 1.10 1.13 1.17 1.21 1.25 1.28 1.33 1.39 1.48 1.62 1.78 1.83 1.66 1.36 0.99 0.58 0.35 0.28 0.24 0.20 0.13 0.31
0.68 0.71 0.80 0.78 0.67 0.68 0.74 0.73 0.65 0.53 0.45 0.45 0.52 0.67 0.88 1.20 1.51 1.39 0.95 0.55 0.43 0.41 0.51 0.83 1.29 1.37 0.98 0.81 0.74 0.57 0.39 0.24 0.22 0.39 0.65 1.02 1.48 1.61 1.34 1.06 0.92 0.81 0.73 0.59 0.41 0.44 0.79 1.14 1.30 1.22 1.07 1.01 0.94 0.87 0.83 0.78 0.77 0.85 0.95 1.00 1.00 0.98 1.00 1.08 1.13 1.18 1.24 1.26 1.30 1.36 1.47 1.60 1.72 1.86 1.88 1.77 1.43 0.92 0.65 0.51 0.32 0.22 0.20 0.14
0.68 0.69 0.74 0.80 0.75 0.70 0.76 0.88 0.92 0.70 0.46 0.40 0.42 0.53 0.71 0.91 1.31 1.44 0.98 0.54 0.39 0.35 0.40 0.55 1.00 1.41 1.25 0.86 0.72 0.58 0.44 0.32 0.19 0.23 0.46 0.72 1.08 1.48 1.59 1.48 1.27 1.07 0.95 0.82 0.61 0.42 0.47 0.76 1.08 1.14 1.02 0.96 0.92 0.88 0.84 0.79 0.77 0.82 0.91 0.96 0.98 0.98 0.94 1.01 1.08 1.13 1.19 1.21 1.24 1.30 1.42 1.55 1.68 1.84 1.92 1.91 1.76 1.31 1.02 0.93 0.67 0.29 0.14 0.17
0.68 0.67 0.67 0.75 0.80 0.73 0.68 0.79 1.02 1.07 0.77 0.54 0.49 0.55 0.63 0.81 1.19 1.41 1.28 0.85 0.48 0.34 0.36 0.46 0.75 1.29 1.44 1.06 0.73 0.57 0.45 0.35 0.19 0.13 0.29 0.51 0.76 1.07 1.35 1.53 1.48 1.28 1.15 1.07 0.91 0.68 0.53 0.60 0.87 1.01 0.95 0.89 0.87 0.86 0.84 0.82 0.81 0.85 0.93 1.00 1.05 1.07 1.03 1.03 1.08 1.10 1.13 1.15 1.14 1.20 1.34 1.47 1.58 1.79 1.99 2.02 1.89 1.45 1.12 1.13 1.03 0.62 0.20 0.09
0.72 0.72 0.69 0.73 0.81 0.78 0.68 0.65 0.80 1.08 1.12 0.90 0.82 0.78 0.76 0.86 1.06 1.23 1.33 1.24 0.90 0.48 0.36 0.41 0.56 0.97 1.43 1.44 1.05 0.71 0.55 0.44 0.29 0.13 0.15 0.32 0.56 0.77 1.01 1.28 1.42 1.33 1.21 1.17 1.07 0.94 0.77 0.68 0.79 0.94 0.94 0.88 0.84 0.83 0.82 0.81 0.82 0.87 0.92 0.99 1.06 1.09 1.08 1.08 1.11 1.14 1.15 1.14 1.06 1.03 1.18 1.36 1.48 1.63 1.93 2.19 2.16 1.64 1.10 1.05 1.12 0.93 0.51 0.20
0.74 0.78 0.77 0.76 0.81 0.82 0.75 0.66 0.63 0.77 1.00 1.03 0.97 0.98 1.02 0.95 0.89 0.97 1.06 1.18 1.12 0.75 0.45 0.37 0.38 0.60 1.08 1.49 1.43 1.03 0.74 0.62 0.49 0.27 0.14 0.19 0.36 0.57 0.83 1.09 1.24 1.25 1.20 1.13 1.10 1.05 0.92 0.80 0.81 0.92 0.94 0.90 0.85 0.81 0.79 0.78 0.81 0.86 0.90 0.94 1.01 1.06 1.08 1.10 1.14 1.18 1.19 1.21 1.13 0.92 0.89 1.10 1.32 1.49 1.78 2.21 2.43 2.16 1.40 1.08 1.05 0.96 0.78 0.49
0.68 0.78 0.83 0.76 0.78 0.79 0.77 0.72 0.64 0.62 0.69 0.78 0.80 0.95 1.19 0.99 0.73 0.76 0.84 0.96 1.04 0.84 0.58 0.41 0.31 0.39 0.71 1.19 1.46 1.32 0.99 0.79 0.69 0.51 0.28 0.17 0.20 0.39 0.73 1.00 1.02 1.11 1.17 1.06 1.04 1.03 0.95 0.81 0.79 0.86 0.89 0.87 0.84 0.81 0.79 0.77 0.79 0.86 0.90 0.95 1.01 1.06 1.10 1.12 1.16 1.21 1.22 1.26 1.28 1.05 0.73 0.68 0.92 1.19 1.54 2.04 2.48 2.58 2.18 1.52 1.11 0.94 0.87 0.74
0.57 0.66 0.81 0.79 0.74 0.70 0.67 0.68 0.69 0.67 0.64 0.66 0.66 0.92 1.24 1.03 0.75 0.68 0.70 0.82 0.89 0.77 0.61 0.49 0.33 0.28 0.47 0.87 1.24 1.36 1.17 0.91 0.77 0.65 0.48 0.25 0.15 0.25 0.66 0.96 0.90 0.93 1.05 1.01 0.96 0.96 0.91 0.80 0.77 0.81 0.83 0.82 0.81 0.79 0.77 0.75 0.78 0.85 0.90 0.95 1.02 1.07 1.10 1.12 1.15 1.21 1.24 1.25 1.33 1.27 0.89 0.53 0.45 0.53 0.82 1.42 2.13 2.59 2.70 2.41 1.67 1.14 0.97 0.89
0.52 0.54 0.66 0.79 0.80 0.69 0.57 0.55 0.61 0.69 0.73 0.72 0.69 0.98 1.20 1.09 0.95 0.83 0.71 0.76 0.82 0.69 0.56 0.48 0.35 0.24 0.30 0.63 0.97 1.20 1.27 1.15 0.89 0.72 0.61 0.40 0.18 0.18 0.56 0.91 0.88 0.81 0.89 0.92 0.91 0.93 0.91 0.81 0.77 0.79 0.81 0.81 0.80 0.79 0.76 0.74 0.77 0.83 0.88 0.92 0.98 1.05 1.11 1.13 1.16 1.20 1.24 1.27 1.33 1.40 1.23 0.77 0.43 0.29 0.27 0.58 1.36 2.06 2.52 2.77 2.47 1.60 1.23 1.04
0.60 0.54 0.52 0.68 0.86 0.86 0.68 0.54 0.51 0.57 0.69 0.76 0.84 1.02 1.05 1.00 1.04 1.05 0.98 0.92 0.86 0.70 0.55 0.45 0.35 0.25 0.23 0.43 0.71 0.89 1.10 1.28 1.18 0.90 0.73 0.51 0.28 0.21 0.45 0.81 0.86 0.79 0.80 0.81 0.83 0.89 0.89 0.83 0.79 0.78 0.78 0.79 0.80 0.81 0.79 0.77 0.78 0.82 0.87 0.91 0.95 1.01 1.08 1.15 1.22 1.26 1.30 1.36 1.40 1.47 1.46 1.19 0.70 0.37 0.21 0.23 0.66 1.34 1.85 2.41 2.66 2.25 1.83 1.51
0.70 0.64 0.54 0.55 0.71 0.92 0.94 0.77 0.61 0.57 0.58 0.71 0.98 0.99 0.82 0.81 0.92 0.98 1.01 1.13 1.13 0.89 0.65 0.49 0.38 0.29 0.24 0.29 0.47 0.59 0.74 1.07 1.27 1.17 0.96 0.69 0.46 0.34 0.41 0.66 0.78 0.78 0.78 0.74 0.75 0.80 0.83 0.81 0.79 0.78 0.76 0.75 0.76 0.80 0.82 0.81 0.80 0.83 0.87 0.90 0.93 0.99 1.04 1.13 1.29 1.45 1.51 1.55 1.57 1.62 1.66 1.56 1.13 0.61 0.32 0.19 0.35 0.84 1.29 1.81 2.28 2.29 2.05 1.86
0.73 0.74 0.65 0.48 0.45 0.61 0.89 0.98 0.91 0.84 0.69 0.82 1.04 0.83 0.64 0.67 0.74 0.78 0.76 0.94 1.20 1.23 1.02 0.73 0.52 0.39 0.29 0.25 0.32 0.39 0.49 0.76 1.06 1.23 1.17 0.92 0.65 0.54 0.50 0.57 0.70 0.76 0.77 0.73 0.71 0.74 0.77 0.78 0.79 0.78 0.76 0.72 0.66 0.66 0.75 0.80 0.83 0.85 0.89 0.93 0.96 1.01 1.04 1.11 1.30 1.58 1.79 1.91 1.96 2.01 2.03 2.02 1.73 1.09 0.63 0.39 0.39 0.69 1.00 1.29 1.72 1.95 1.80 1.58
0.66 0.77 0.79 0.52 0.37 0.37 0.50 0.75 0.95 1.02 1.01 1.09 1.03 0.64 0.53 0.57 0.63 0.67 0.62 0.62 0.86 1.16 1.26 1.17 0.96 0.71 0.48 0.31 0.28 0.30 0.35 0.49 0.73 1.02 1.20 1.07 0.81 0.70 0.65 0.62 0.69 0.77 0.78 0.76 0.73 0.73 0.74 0.76 0.78 0.78 0.76 0.75 0.65 0.51 0.52 0.65 0.76 0.83 0.89 0.96 1.00 1.03 1.05 1.08 1.17 1.38 1.65 1.91 2.11 2.27 2.34 2.36 2.29 1.89 1.13 0.80 0.75 0.98 1.20 1.29 1.47 1.75 1.68 1.32
0.60 0.75 0.90 0.73 0.48 0.37 0.35 0.39 0.59 0.83 1.17 1.32 0.94 0.58 0.51 0.51 0.56 0.63 0.59 0.47 0.52 0.72 0.96 1.16 1.16 1.06 0.92 0.68 0.43 0.33 0.32 0.37 0.47 0.73 1.07 1.09 0.89 0.76 0.71 0.68 0.71 0.78 0.79 0.78 0.77 0.74 0.73 0.74 0.76 0.77 0.77 0.78 0.75 0.58 0.43 0.46 0.61 0.74 0.81 0.88 0.96 1.01 1.02 1.00 1.00 1.01 1.06 1.23 1.52 1.90 2.22 2.33 2.39 2.27 1.73 1.24 1.19 1.35 1.63 1.66 1.46 1.64 1.71 1.32
0.63 0.68 0.84 0.93 0.75 0.54 0.42 0.35 0.40 0.48 0.94 1.45 1.09 0.61 0.53 0.51 0.55 0.62 0.57 0.44 0.43 0.49 0.61 0.80 0.91 0.96 1.00 0.99 0.83 0.60 0.45 0.39 0.36 0.50 0.88 0.99 0.86 0.74 0.70 0.70 0.71 0.76 0.78 0.77 0.77 0.75 0.74 0.74 0.76 0.78 0.78 0.80 0.80 0.71 0.51 0.39 0.47 0.63 0.72 0.77 0.86 0.96 1.00 0.94 0.88 0.84 0.80 0.79 0.89 1.15 1.62 2.04 2.30 2.34 2.01 1.59 1.41 1.47 1.82 1.94 1.63 1.65 1.71 1.38
0.74 0.64 0.61 0.85 0.98 0.89 0.69 0.53 0.44 0.40 0.68 1.35 1.28 0.80 0.70 0.65 0.65 0.67 0.57 0.47 0.44 0.44 0.49 0.56 0.61 0.65 0.70 0.85 0.92 0.88 0.77 0.59 0.40 0.44 0.73 0.86 0.78 0.69 0.66 0.68 0.71 0.74 0.76 0.76 0.76 0.75 0.74 0.74 0.77 0.80 0.81 0.82 0.81 0.74 0.57 0.41 0.39 0.52 0.68 0.77 0.82 0.93 1.02 1.01 0.93 0.89 0.84 0.75 0.71 0.76 0.95 1.46 2.11 2.33 2.07 1.70 1.42 1.35 1.77 2.10 1.91 1.79 1.73 1.50
0.92 0.69 0.44 0.56 0.86 1.07 1.11 0.94 0.71 0.47 0.64 1.12 1.13 0.95 0.95 0.93 0.93 0.93 0.84 0.70 0.58 0.51 0.50 0.49 0.48 0.50 0.49 0.52 0.64 0.75 0.85 0.84 0.65 0.52 0.64 0.77 0.74 0.67 0.63 0.65 0.70 0.73 0.75 0.77 0.77 0.76 0.75 0.75 0.77 0.79 0.82 0.84 0.83 0.75 0.62 0.48 0.42 0.47 0.64 0.76 0.81 0.85 0.95 1.06 1.08 1.09 1.08 0.97 0.88 0.85 0.82 0.99 1.64 2.16 2.08 1.78 1.48 1.20 1.39 1.99 2.16 2.01 1.88 1.73
1.13 0.79 0.39 0.32 0.44 0.77 1.07 1.24 1.12 0.77 0.78 0.96 0.90 0.82 0.86 0.94 1.00 1.05 1.06 1.07 1.04 0.93 0.78 0.65 0.52 0.48 0.44 0.42 0.43 0.44 0.59 0.84 0.80 0.63 0.64 0.73 0.72 0.67 0.64 0.64 0.68 0.71 0.74 0.78 0.80 0.78 0.77 0.78 0.79 0.80 0.84 0.89 0.87 0.75 0.61 0.46 0.37 0.41 0.50 0.63 0.71 0.76 0.82 0.93 1.07 1.19 1.30 1.34 1.33 1.32 1.27 1.26 1.54 2.00 2.07 1.93 1.82 1.52 1.34 1.76 2.25 2.34 2.26 1.93
1.27 0.91 0.45 0.29 0.23 0.31 0.55 0.99 1.28 1.13 0.93 0.87 0.78 0.66 0.58 0.67 0.85 0.90 0.88 0.96 1.11 1.16 1.15 1.11 0.94 0.67 0.52 0.47 0.44 0.37 0.41 0.67 0.78 0.68 0.66 0.72 0.73 0.70 0.66 0.65 0.68 0.71 0.73 0.76 0.81 0.81 0.80 0.82 0.84 0.84 0.87 0.94 0.94 0.81 0.62 0.43 0.27 0.27 0.37 0.51 0.62 0.69 0.74 0.79 0.86 0.98 1.15 1.30 1.42 1.53 1.63 1.71 1.90 2.19 2.25 2.10 2.04 1.98 1.90 1.99 2.34 2.76 2.84 2.37
1.23 1.10 0.76 0.48 0.31 0.21 0.27 0.57 1.10 1.23 1.04 0.88 0.78 0.64 0.51 0.48 0.64 0.78 0.75 0.70 0.79 0.94 1.04 1.18 1.26 1.14 0.84 0.64 0.58 0.52 0.45 0.56 0.71 0.69 0.66 0.70 0.73 0.72 0.69 0.67 0.69 0.72 0.73 0.74 0.78 0.81 0.80 0.83 0.86 0.87 0.93 1.01 1.02 0.91 0.72 0.48 0.25 0.16 0.22 0.34 0.51 0.63 0.68 0.71 0.73 0.79 0.89 1.00 1.09 1.15 1.26 1.43 1.72 2.12 2.35 2.21 1.98 1.91 1.88 2.00 2.30 2.68 3.14 2.98
0.95 1.11 1.24 1.00 0.70 0.40 0.25 0.42 0.97 1.18 1.00 0.95 0.87 0.69 0.54 0.43 0.44 0.60 0.72 0.68 0.62 0.66 0.71 0.84 1.11 1.29 1.15 0.77 0.62 0.59 0.51 0.52 0.63 0.67 0.65 0.67 0.70 0.71 0.71 0.70 0.71 0.73 0.75 0.75 0.79 0.81 0.79 0.80 0.86 0.90 0.96 1.08 1.11 1.04 0.85 0.57 0.33 0.15 0.17 0.22 0.32 0.50 0.63 0.68 0.70 0.74 0.79 0.85 0.90 0.90 0.82 0.82 1.03 1.47 1.93 2.10 1.93 1.59 1.40 1.69 1.96 2.16 2.81 3.28
0.58 0.76 1.13 1.24 1.17 0.80 0.38 0.45 0.97 1.04 0.83 0.91 0.99 0.87 0.65 0.47 0.36 0.39 0.54 0.63 0.60 0.56 0.53 0.59 0.80 1.13 1.27 0.96 0.60 0.56 0.56 0.54 0.59 0.64 0.65 0.65 0.66 0.68 0.70 0.72 0.73 0.75 0.76 0.76 0.80 0.86 0.85 0.79 0.82 0.90 0.97 1.09 1.19 1.18 1.00 0.69 0.43 0.24 0.14 0.22 0.26 0.33 0.52 0.63 0.67 0.69 0.73 0.80 0.88 0.95 0.88 0.73 0.74 0.95 1.33 1.82 1.93 1.55 1.28 1.43 1.62 1.73 2.20 3.17
