windninja/windninja_output/Output_2025-08-09_1900-1950_Google earth_Fire_150m_10min/merlingen_7.5mi_point_08-09-2025_1930_150m_ang.asc
ncols	158
nrows	163
xllcorner	391686.332397
yllcorner	5160024.123721
cellsize	150.000000
NODATA_value	-32768.000000
[rows 0 to 41 of 163, columns 0 to 93 of 158]
232 233 233 232 232 235 234 231 231 231 230 226 220 220 226 236 246 249 250 255 253 235 225 227 232 238 237 232 230 231 231 232 234 233 232 236 241 243 243 241 236 235 235 237 238 240 244 243 235 228 224 222 222 223 223 224 225 226 227 226 224 223 222 220 218 217 218 221 224 225 223 223 222 220 220 221 222 225 227 225 223 222 223 227 228 227 224 224 225 223 222 223 221 220
232 234 234 234 235 236 235 234 236 236 232 224 218 219 226 234 240 242 245 248 245 233 226 228 233 235 234 232 232 233 233 233 233 233 233 236 237 237 237 235 234 233 233 233 234 234 235 235 232 229 227 226 226 227 226 226 225 225 226 225 224 223 222 220 219 218 220 223 225 224 223 222 221 220 220 221 222 224 225 223 222 222 224 226 227 226 223 223 225 224 224 224 223 222
231 233 233 234 236 236 234 236 238 236 229 219 214 219 226 232 234 234 237 238 235 228 225 229 232 232 231 231 233 234 235 235 234 233 234 234 232 231 230 229 229 229 229 229 229 227 226 226 225 225 227 227 228 229 227 225 224 224 224 224 222 221 221 220 219 220 222 224 225 224 222 221 221 220 221 220 220 223 223 220 218 221 225 224 225 224 219 219 222 223 224 225 223 221
227 231 232 232 234 233 231 231 231 228 222 214 213 219 227 233 234 233 234 234 233 229 225 225 229 229 227 227 227 228 230 232 233 233 232 230 230 230 229 227 226 225 225 226 225 224 223 222 221 220 221 222 223 224 224 224 224 224 224 223 222 220 220 220 220 220 221 224 226 224 221 221 222 222 222 221 220 222 223 220 216 219 223 221 223 222 215 214 216 216 218 220 218 215
225 229 231 231 233 231 229 231 230 226 221 214 213 220 230 235 236 235 235 234 233 232 226 222 226 226 223 222 221 221 223 225 227 228 228 228 228 228 227 225 222 221 221 222 222 222 221 221 221 220 220 220 221 223 224 224 224 224 224 223 223 221 220 221 220 220 221 224 226 224 222 222 223 222 222 223 224 225 224 221 217 219 223 220 222 223 216 210 210 210 212 214 212 209
229 232 232 231 232 231 231 234 233 229 223 217 215 223 233 237 237 237 237 237 236 236 232 223 224 225 223 222 220 219 220 222 223 223 223 223 223 223 222 221 219 219 221 222 222 223 222 222 222 222 221 221 222 224 225 225 224 224 223 222 222 220 220 220 220 220 220 224 225 222 221 223 223 221 219 221 223 225 224 222 221 222 224 221 222 224 220 213 211 208 208 209 208 204
233 235 235 234 233 233 234 235 233 229 225 221 218 226 236 238 237 236 235 235 236 237 235 228 225 227 227 225 223 221 221 222 222 221 220 220 219 219 220 220 220 221 223 225 226 226 225 224 223 222 221 222 222 223 225 225 225 224 223 221 219 217 217 218 219 219 220 223 224 220 218 220 220 218 216 218 220 221 220 219 222 222 221 222 223 225 224 220 216 211 208 209 208 206
234 235 237 239 239 238 237 236 234 231 227 223 219 226 236 238 236 235 234 232 234 235 234 230 226 227 229 228 225 224 225 225 224 223 223 223 221 221 222 223 224 225 226 227 228 228 227 226 224 222 222 223 222 222 225 225 224 223 221 218 216 214 214 216 217 219 220 222 222 218 217 219 219 217 215 217 221 222 218 218 223 223 219 219 220 222 222 220 217 213 211 213 215 215
235 236 238 240 242 243 241 239 235 233 230 226 222 225 234 237 235 235 234 233 234 234 232 228 223 220 224 226 224 225 229 229 227 227 228 228 227 226 227 228 229 229 230 229 229 228 227 227 225 222 222 223 222 223 225 225 222 221 219 218 217 216 215 216 218 220 220 220 219 218 219 222 222 220 218 219 223 222 219 220 225 224 217 214 214 213 214 214 210 205 203 205 209 209
236 237 239 239 240 241 241 239 237 235 232 230 226 228 235 237 236 235 233 232 233 232 230 226 221 217 217 223 223 225 230 230 228 229 231 231 230 229 230 231 231 231 230 230 231 230 228 228 226 223 224 225 223 224 226 226 224 223 223 223 224 223 220 221 223 223 221 219 218 219 222 225 224 222 221 222 224 223 218 218 221 222 217 212 212 211 210 210 205 201 203 203 203 202
237 238 239 239 239 239 239 238 237 235 234 232 230 231 237 239 237 236 234 233 232 230 229 226 222 217 214 219 223 226 230 230 229 232 233 232 231 230 231 231 230 230 230 231 232 232 231 231 230 228 230 230 227 229 232 233 233 233 233 232 233 232 230 230 232 229 226 223 220 222 225 225 223 221 221 223 226 224 216 214 216 218 217 214 213 211 210 211 207 204 208 209 205 204
238 239 240 240 239 239 239 238 237 236 235 234 232 232 237 241 239 238 236 236 235 233 231 227 223 220 216 220 226 228 232 233 233 235 236 235 233 232 232 231 231 231 231 230 231 233 232 234 236 238 242 243 242 245 247 247 245 244 244 244 247 248 248 248 247 243 237 230 224 224 225 224 222 219 217 218 219 218 212 210 213 215 214 212 209 205 208 214 210 204 211 216 213 208
239 240 240 240 239 239 239 239 238 237 236 235 234 233 239 245 244 241 238 238 237 236 234 231 228 225 223 225 229 232 234 235 235 236 236 237 236 235 234 232 232 232 230 229 231 232 232 236 242 248 252 255 257 260 263 262 257 251 249 252 256 259 263 269 270 265 256 244 231 225 224 224 222 217 211 210 211 211 209 207 209 212 212 211 209 205 209 214 209 203 211 220 217 212
240 241 241 240 240 240 239 239 238 238 237 236 234 233 239 246 249 247 243 240 239 238 237 235 233 229 226 227 230 232 234 236 237 236 235 236 236 235 235 233 234 235 236 237 240 240 236 235 239 245 250 253 255 259 265 269 267 258 249 247 251 253 255 261 269 272 271 268 256 234 227 225 222 216 209 209 212 214 213 211 211 211 212 214 214 211 214 218 214 209 216 225 225 223
241 241 241 241 241 241 240 239 239 238 238 237 234 231 235 243 248 249 247 245 242 240 239 237 234 231 228 228 229 230 234 237 238 236 234 234 234 235 236 238 242 243 246 250 251 248 244 238 234 235 240 242 243 245 249 254 255 249 239 237 239 240 239 238 241 247 252 259 271 267 234 226 222 217 213 214 218 221 222 221 218 215 216 220 221 219 222 224 222 221 230 239 240 241
242 242 242 242 242 241 241 240 240 239 239 238 235 232 233 239 242 242 243 244 242 239 237 234 233 232 228 227 229 230 232 233 231 231 234 237 240 242 243 245 248 247 245 246 244 240 241 241 236 233 232 229 227 227 229 231 232 229 224 228 233 233 231 226 226 230 233 236 242 251 251 236 228 222 218 218 222 225 227 227 223 221 224 228 229 230 233 234 233 232 238 245 246 246
243 243 242 242 242 242 241 241 240 240 239 238 237 236 237 241 241 239 238 239 239 237 235 233 233 232 228 227 228 228 230 231 231 234 240 245 248 248 246 243 242 238 236 236 234 232 233 233 233 232 229 224 221 222 223 225 226 222 217 222 228 231 229 223 222 227 228 228 229 227 228 246 244 232 222 221 222 224 226 225 223 224 230 234 238 242 243 244 245 241 236 236 237 238
243 243 243 243 242 242 242 241 241 240 240 239 239 239 241 245 244 241 238 237 237 237 235 235 234 233 231 229 229 231 232 233 234 236 239 241 241 240 237 235 234 233 234 234 233 232 231 228 226 227 227 225 223 223 224 224 224 221 216 219 226 228 226 221 221 225 227 226 226 225 222 222 231 233 226 222 221 224 228 230 232 234 236 239 242 245 246 244 245 244 236 233 231 232
244 244 244 243 243 243 242 242 241 241 240 240 240 240 242 245 246 244 241 240 239 238 237 237 237 236 234 233 233 235 236 234 232 232 233 235 235 235 234 234 234 233 234 234 232 232 231 227 225 227 228 228 226 225 224 223 223 222 219 220 225 227 225 221 221 224 227 227 226 224 220 213 215 221 222 226 231 237 243 245 246 246 243 239 236 235 235 235 238 239 235 232 232 231
245 245 244 244 243 243 243 243 242 241 240 240 240 240 241 244 246 245 242 240 239 238 237 236 236 235 234 233 233 234 233 231 230 232 236 237 237 236 233 232 231 230 230 230 230 229 228 226 226 229 230 230 228 225 222 221 221 222 222 222 226 230 228 224 224 226 228 227 223 220 215 211 212 215 215 217 230 243 248 248 246 244 240 234 230 229 229 230 235 236 229 223 229 232
246 245 245 244 244 244 243 243 243 242 241 241 240 240 240 241 242 242 240 238 237 236 234 234 233 233 233 233 232 231 228 227 228 231 232 232 232 229 226 225 226 226 228 228 228 228 229 228 227 229 230 229 227 225 223 222 222 222 223 224 226 229 229 226 225 226 225 223 221 218 215 213 215 218 215 210 214 223 231 236 237 235 233 230 227 228 229 230 234 235 227 217 224 230
246 246 245 245 245 244 244 243 243 242 241 241 241 240 239 239 239 238 237 236 236 234 233 233 232 232 232 231 231 229 226 224 224 226 226 225 226 225 223 223 224 225 226 228 229 230 230 228 226 227 228 227 226 225 225 225 224 223 223 224 225 228 229 225 224 224 220 220 220 218 216 217 219 222 217 206 205 213 220 225 229 230 231 228 224 225 226 228 232 231 223 212 217 226
247 246 246 246 245 245 244 243 243 242 241 241 240 239 239 238 238 237 236 235 234 233 232 231 230 230 230 230 229 227 224 220 222 225 226 227 228 227 226 225 225 224 226 228 230 230 228 226 225 225 227 227 226 226 224 224 224 223 221 223 225 227 229 225 222 219 216 217 219 218 217 218 220 222 216 202 199 207 214 219 223 223 226 226 222 220 220 223 228 228 220 209 213 224
247 247 246 246 246 245 244 244 243 242 242 240 239 238 238 237 236 236 235 233 232 231 230 230 228 228 228 229 230 229 225 221 224 227 229 231 232 231 229 227 225 224 226 228 229 227 224 224 225 225 227 228 227 226 224 222 223 222 219 221 224 227 230 227 221 216 216 219 221 221 220 220 223 222 215 204 198 205 212 217 220 221 222 224 222 219 218 222 227 227 220 210 214 224
248 248 247 247 246 246 245 244 244 243 242 240 239 238 237 236 236 235 234 233 231 230 229 228 227 226 227 230 233 233 228 226 227 229 230 231 231 232 231 228 225 224 224 225 226 224 223 225 226 227 228 228 226 225 223 221 221 221 218 220 225 228 229 227 222 220 222 224 226 227 226 224 224 221 215 209 206 209 212 215 218 219 218 220 221 221 220 224 230 229 220 210 215 224
249 249 248 248 247 246 245 244 244 243 242 240 240 239 237 236 235 234 233 232 231 230 228 226 225 223 223 228 233 234 231 231 230 228 228 227 228 231 232 229 226 223 223 225 226 224 224 226 227 227 227 228 228 227 224 221 219 220 221 223 227 228 227 224 220 218 220 222 225 228 229 227 224 220 213 209 214 217 212 210 213 215 214 216 218 218 215 218 227 229 217 206 212 220
249 249 249 248 247 246 245 245 244 243 241 240 240 239 237 236 235 233 233 232 230 229 227 224 222 219 219 225 231 232 231 233 234 231 228 225 225 229 231 227 224 223 223 226 225 221 222 224 225 224 223 227 229 227 224 218 216 220 223 223 227 231 229 225 221 219 218 218 221 225 228 227 223 218 210 205 214 221 214 204 209 212 212 213 216 215 211 213 222 225 214 202 207 216
250 249 249 248 248 247 246 246 245 243 241 240 240 238 237 236 234 233 232 231 229 227 225 223 220 216 215 222 227 227 228 232 234 234 232 227 225 229 231 227 223 223 223 222 220 216 217 220 223 222 220 222 223 223 221 212 210 216 219 220 226 232 231 227 225 223 219 217 219 224 228 227 221 215 207 202 211 221 218 205 206 210 212 214 216 216 212 214 221 223 215 202 203 212
250 250 250 249 248 247 247 246 244 243 241 240 239 238 237 235 234 232 231 230 228 226 224 222 218 213 212 218 221 221 224 228 229 230 229 224 222 226 228 224 219 219 218 218 216 213 214 218 221 220 215 217 220 221 219 207 202 212 219 223 227 229 226 223 223 223 218 216 220 225 227 224 218 213 207 202 210 223 224 216 207 206 212 217 221 222 219 219 223 223 218 210 203 209
251 251 250 249 249 248 247 246 244 243 241 240 239 237 236 234 233 232 230 230 228 226 224 221 217 211 210 214 215 215 218 223 225 225 221 212 211 219 223 218 213 213 212 213 212 210 212 214 216 214 210 212 216 219 217 206 200 211 223 230 232 230 226 223 223 223 216 215 224 230 230 224 219 215 208 205 210 222 228 227 217 206 212 222 227 226 224 223 223 222 220 217 211 210
252 252 251 250 249 249 248 246 244 243 241 240 239 237 236 234 233 231 230 229 227 225 223 220 216 211 210 212 214 215 219 223 224 222 216 205 205 214 219 215 211 210 209 212 211 208 210 211 214 213 210 212 216 220 218 209 207 217 228 235 236 231 229 228 228 225 217 217 229 236 235 229 224 217 208 204 207 217 225 228 222 209 212 221 224 222 221 221 221 222 222 222 222 222
253 253 251 250 250 249 247 245 244 242 241 240 238 237 235 234 232 231 230 229 227 224 222 220 216 212 210 211 213 217 223 226 224 224 219 205 204 214 217 214 213 213 213 215 214 211 213 216 219 220 219 220 221 224 222 213 214 223 234 240 236 227 225 228 231 227 217 219 232 239 236 229 224 215 205 203 206 212 221 226 222 212 211 219 223 223 224 226 227 227 228 228 228 232
253 253 252 251 251 249 247 245 244 242 240 239 238 236 235 233 232 231 230 228 227 224 222 219 217 213 210 208 207 211 217 221 223 227 224 208 204 216 219 218 218 217 217 218 218 217 220 223 224 226 227 227 227 227 224 215 214 223 232 240 237 225 218 223 229 228 218 216 228 234 230 221 216 209 203 202 204 209 218 225 223 216 216 220 223 229 233 232 232 233 234 233 232 234
254 253 252 252 252 249 247 245 244 242 240 239 237 236 234 233 231 230 229 228 227 224 221 219 217 213 209 205 202 205 213 219 221 226 227 211 203 217 220 219 220 219 218 221 222 223 227 228 228 230 230 230 230 230 227 220 218 223 230 234 232 220 210 216 225 227 221 218 226 230 223 216 212 208 203 200 200 204 213 220 221 218 219 220 219 222 227 228 227 228 230 231 233 234
254 254 252 252 252 249 246 245 243 242 240 239 237 236 234 232 231 230 229 227 226 224 222 219 217 213 210 206 202 207 217 222 223 225 225 214 203 214 219 218 220 221 222 226 228 231 232 231 231 232 232 232 233 233 231 229 227 228 231 233 231 219 205 210 222 227 226 224 226 227 222 216 215 210 205 202 200 203 210 217 219 217 218 221 219 216 222 224 222 222 224 225 228 231
255 254 253 252 251 248 246 244 243 241 239 238 237 235 234 232 231 230 229 227 226 224 222 220 218 215 211 207 206 212 221 223 223 224 223 217 208 212 219 221 223 225 227 229 231 232 231 230 231 231 231 231 231 230 229 229 230 232 235 237 235 225 208 206 218 225 227 226 226 227 224 223 221 216 211 205 203 209 218 221 220 218 220 224 224 218 218 220 218 217 219 220 225 230
256 256 255 253 251 247 245 244 242 241 239 238 236 235 234 232 231 230 229 228 226 225 223 221 219 216 212 208 209 215 219 219 221 224 225 221 214 215 222 226 227 228 229 229 230 230 227 228 229 229 229 228 226 226 225 225 227 229 232 236 237 230 214 205 213 222 226 227 226 226 227 231 229 221 213 207 205 212 222 225 223 221 222 226 228 224 214 216 216 214 215 219 224 230
257 256 255 253 250 247 245 243 242 240 239 237 236 234 233 232 231 230 229 228 227 225 224 222 219 216 212 208 209 215 215 217 221 226 228 223 218 220 226 228 227 228 228 227 228 228 226 225 226 227 228 225 223 224 225 223 222 224 226 230 232 229 218 207 209 221 229 232 229 223 224 227 225 217 210 209 206 205 216 223 221 220 221 223 227 226 212 208 214 214 214 219 224 228
257 257 255 252 249 247 244 243 241 240 238 236 235 234 233 232 231 230 229 228 227 225 224 222 220 217 213 207 209 215 217 218 223 226 226 222 219 224 227 226 225 225 225 225 225 224 222 220 219 221 223 219 217 220 223 219 216 217 219 222 223 222 218 210 209 221 234 238 231 222 219 218 215 212 209 211 204 195 209 219 217 214 217 220 226 225 214 204 209 213 214 219 227 232
258 258 255 251 249 246 244 243 241 239 237 236 235 234 233 232 231 230 229 228 227 226 224 223 221 219 214 210 213 220 223 222 223 225 225 220 216 220 223 224 225 225 224 222 220 221 220 217 214 218 220 217 211 212 215 212 206 208 212 214 215 216 218 216 212 220 235 238 229 221 217 215 216 213 209 210 202 188 199 213 214 212 217 222 228 228 218 205 204 210 213 219 231 235
258 258 254 251 248 245 243 242 241 239 237 236 235 234 233 232 231 230 229 228 227 226 225 224 223 220 218 216 218 223 227 226 224 225 223 218 216 218 220 222 222 222 221 219 218 218 218 214 211 215 220 216 205 204 209 209 204 204 210 214 215 217 221 222 217 219 232 234 226 220 218 220 222 214 208 209 200 186 192 208 212 212 216 221 227 228 219 207 204 208 211 220 231 235
256 256 253 249 247 245 243 242 240 238 237 236 235 233 233 232 230 230 229 228 227 226 225 225 224 222 221 220 219 223 227 226 224 223 218 215 217 219 219 218 217 216 215 215 215 212 211 209 207 211 217 215 205 203 210 214 211 211 217 222 222 219 221 223 220 219 226 227 221 217 217 220 219 208 204 207 198 186 191 205 212 211 214 218 220 219 213 208 207 209 211 221 230 234
