windninja/windninja_output/Output_2025-08-09_1900-1950_Google earth_Fire_150m_10min/merlingen_7.5mi_point_08-09-2025_1930_150m_ang.asc
ncols	158
nrows	163
xllcorner	391686.332397
yllcorner	5160024.123721
cellsize	150.000000
NODATA_value	-32768.000000
[rows 84 to 125 of 163, columns 0 to 93 of 158]
245 241 240 243 241 239 237 235 236 236 236 237 239 241 244 245 245 246 246 246 245 243 240 237 232 229 231 231 230 231 230 230 230 232 236 238 239 237 235 232 229 226 224 224 224 225 224 225 226 225 223 221 221 221 224 226 226 227 226 226 226 225 225 224 224 223 223 222 221 220 220 219 218 216 215 212 208 204 197 188 177 178 189 201 212 214 215 216 216 217 219 220 221 221
246 246 247 248 247 245 241 240 241 241 240 239 238 239 241 243 244 245 247 249 249 247 244 240 236 232 233 233 233 232 230 229 228 228 231 233 235 237 238 236 232 229 228 229 231 232 234 235 236 234 231 229 227 225 225 226 227 227 227 226 226 225 225 224 224 223 223 222 222 221 220 219 218 217 215 213 210 205 199 189 177 174 184 198 213 215 215 217 217 218 219 221 222 223
250 250 251 252 251 248 242 239 241 242 241 238 237 239 240 241 241 245 248 251 252 252 251 249 240 230 230 232 233 232 231 231 228 225 226 227 227 230 233 235 234 231 229 229 231 233 235 237 238 238 236 234 232 229 228 228 229 228 228 227 226 226 225 225 224 224 223 223 222 221 220 220 219 217 216 214 211 207 201 191 176 169 176 194 212 217 218 219 219 219 220 222 222 218
255 255 254 253 249 243 237 235 237 239 239 237 238 238 239 240 239 242 246 249 249 248 249 248 232 218 221 227 230 231 231 231 230 228 228 226 224 225 226 228 230 229 229 229 230 232 235 236 237 238 238 236 234 233 232 232 232 231 230 229 227 226 225 225 224 224 223 223 222 222 221 220 219 218 217 215 213 210 204 195 178 163 165 185 210 218 220 222 223 225 226 224 219 213
257 256 252 246 239 232 230 231 234 237 238 237 236 233 233 234 234 238 241 243 241 236 234 226 209 204 216 224 228 229 229 231 232 233 234 233 230 228 228 228 227 226 226 227 228 230 233 234 235 235 234 234 234 233 233 233 234 235 234 231 229 226 225 224 224 224 224 223 223 222 222 221 220 219 218 217 215 212 208 200 185 164 156 179 212 222 224 226 227 229 229 224 220 218
254 251 244 239 235 230 229 230 231 233 236 235 231 229 231 230 230 234 237 238 233 226 221 214 202 202 215 223 226 228 229 230 231 232 234 236 236 235 234 234 232 229 227 227 228 230 231 233 233 233 231 229 228 227 227 228 231 235 238 236 229 225 225 224 224 224 224 224 223 223 222 222 221 220 219 218 217 215 211 206 197 180 163 182 234 243 241 238 234 234 233 227 227 232
251 247 240 238 238 235 231 229 225 227 232 231 225 226 227 226 226 229 234 236 229 219 215 211 203 203 214 223 226 228 230 231 231 231 232 234 235 235 235 235 235 234 232 231 231 231 232 233 233 233 231 229 226 223 222 225 228 231 235 232 224 222 223 224 224 224 224 224 224 223 223 222 222 221 220 220 218 217 215 212 208 200 190 209 251 261 257 251 246 246 242 234 237 241
246 240 232 229 229 228 224 219 217 223 229 227 220 218 218 217 220 223 229 234 226 212 212 210 204 206 216 223 227 229 231 232 233 232 233 233 233 233 232 232 232 233 234 234 234 234 234 235 236 235 234 232 229 224 220 221 224 224 225 223 217 218 222 224 224 225 225 225 224 224 224 223 223 222 222 221 220 219 218 217 216 213 210 218 239 252 256 254 254 254 248 244 251 256
239 232 221 218 217 214 206 201 203 213 222 221 215 214 215 216 215 214 219 223 218 206 211 212 208 211 220 225 228 231 232 234 234 234 234 234 232 232 232 231 231 232 233 235 236 236 237 238 240 241 240 238 234 228 219 217 220 222 224 223 218 217 221 224 225 225 225 225 225 225 224 224 224 223 223 222 222 222 221 221 221 221 223 231 244 253 259 261 261 258 255 260 266 267
232 225 217 214 213 210 203 197 196 207 214 210 203 201 202 206 205 204 214 221 218 205 209 213 211 216 223 227 230 232 234 237 238 237 235 234 233 232 232 231 230 230 232 234 236 237 239 240 241 242 243 243 236 229 223 223 229 232 232 229 225 220 221 224 225 226 226 226 226 225 225 225 225 224 224 224 224 223 224 224 224 226 230 238 252 263 268 270 268 263 261 265 267 267
223 219 215 215 216 214 209 201 196 204 212 208 202 199 199 205 207 210 221 227 219 209 209 214 215 221 226 228 230 233 236 240 242 240 236 234 234 233 233 231 227 225 228 230 231 232 234 236 238 237 238 237 229 226 228 232 240 242 238 235 230 225 224 226 226 227 227 227 226 226 226 226 226 225 225 225 225 225 225 226 227 229 232 237 247 257 265 268 265 261 259 259 259 259
209 213 215 217 221 219 214 206 199 208 218 217 214 214 215 223 225 233 235 229 221 220 220 224 225 227 229 230 231 231 234 237 238 237 235 235 235 235 234 232 228 223 225 226 225 224 225 227 229 229 230 229 223 223 229 233 237 240 238 236 233 228 227 228 228 228 228 227 227 227 227 227 226 226 226 226 226 226 227 227 228 230 232 236 241 247 253 256 255 254 253 252 252 252
188 205 215 218 221 220 217 213 213 226 241 238 235 236 242 248 248 251 245 226 226 232 236 240 238 235 232 231 231 230 232 235 236 236 236 237 238 237 236 234 231 226 225 226 224 222 221 221 223 225 228 229 226 224 229 233 236 239 238 238 235 231 230 230 230 229 228 228 228 228 228 228 227 227 227 227 228 228 228 229 230 231 233 235 238 241 244 246 247 248 247 247 247 247
165 192 215 220 225 225 223 222 224 235 248 249 249 245 250 253 257 257 244 228 230 238 245 251 247 236 231 231 232 234 239 241 240 240 239 240 242 241 239 236 233 229 226 229 229 226 225 227 229 232 233 232 230 228 229 233 236 239 239 240 238 235 234 233 232 231 230 229 229 229 229 228 228 228 228 229 229 229 229 230 230 231 233 234 236 238 240 241 242 243 243 243 243 243
144 178 224 232 237 236 233 231 232 236 247 256 263 265 265 266 264 257 244 235 233 237 244 247 233 222 227 232 236 242 246 247 246 244 242 242 245 246 244 240 236 231 227 230 234 236 238 239 240 239 236 234 232 230 231 232 234 235 237 237 237 238 238 238 236 233 231 230 230 230 230 230 230 230 230 230 230 230 230 231 231 232 233 234 235 236 237 238 239 239 240 240 240 240
130 174 243 249 254 253 252 250 248 247 250 256 262 270 272 269 264 256 247 238 233 235 239 236 222 219 229 236 241 245 248 249 250 248 245 243 244 246 247 245 240 234 229 229 232 235 237 239 238 236 235 233 231 230 230 231 232 233 234 234 233 235 238 240 239 237 234 232 232 231 231 231 231 231 231 231 231 231 231 232 232 232 233 234 235 235 236 237 237 237 238 238 238 238
152 196 245 253 257 258 260 261 257 254 254 255 259 266 270 266 262 258 248 237 237 241 241 234 227 229 235 240 244 247 251 254 255 255 252 249 247 246 247 247 242 237 232 228 230 233 234 235 235 233 233 231 229 229 229 229 229 231 232 230 229 230 232 235 237 238 237 235 234 233 233 232 232 232 232 232 232 232 233 233 233 233 233 234 234 235 235 236 236 236 236 237 237 237
189 214 244 251 254 256 258 259 258 256 255 254 252 252 253 253 250 247 239 237 246 249 244 236 235 237 241 244 247 250 253 257 260 263 264 261 256 252 250 248 244 240 235 230 230 233 235 235 233 232 231 230 229 229 229 228 227 228 229 229 228 229 230 231 233 234 235 235 235 235 236 236 235 235 234 234 234 234 234 234 234 234 234 234 234 234 235 235 235 235 235 235 236 236
213 226 244 249 252 255 256 256 255 255 254 252 247 240 236 236 237 234 229 236 245 244 240 240 240 242 247 250 251 253 255 258 261 265 269 271 268 262 257 253 248 243 239 233 229 229 230 230 229 230 230 229 228 228 229 228 226 227 227 226 226 226 228 230 232 232 232 233 234 237 241 242 240 238 237 237 237 236 236 236 235 235 235 235 234 234 234 234 235 235 235 235 235 235
225 232 241 246 249 252 253 253 254 254 253 251 247 241 238 238 238 235 235 242 243 237 239 242 242 244 248 252 254 255 257 258 260 263 267 272 275 273 267 261 256 251 245 238 231 228 229 229 228 228 229 229 228 226 226 226 225 226 226 225 224 223 224 227 230 231 230 230 231 234 240 245 245 243 242 242 241 240 239 238 237 236 236 235 235 235 235 235 235 235 234 234 235 235
231 234 239 244 248 251 253 254 254 256 257 256 255 256 259 258 253 249 250 251 244 238 239 241 241 241 245 249 252 255 258 259 260 262 264 268 275 279 276 269 264 259 253 245 236 231 231 230 228 227 228 229 228 227 227 226 225 225 226 227 226 225 225 226 228 229 228 226 225 228 234 240 245 250 251 251 249 247 244 242 240 239 237 236 235 235 235 235 235 234 234 234 235 235
235 236 239 243 247 251 253 253 253 255 258 261 264 267 269 269 266 261 257 253 246 241 240 239 238 238 241 244 247 252 257 260 261 260 261 265 271 276 276 272 267 261 257 251 241 231 228 228 225 225 226 226 226 226 227 227 225 225 226 227 227 226 226 228 229 229 227 224 222 226 230 233 237 243 248 252 254 253 251 250 247 243 239 238 237 236 235 235 235 234 234 234 235 235
237 237 238 240 243 247 249 250 250 252 254 255 258 260 263 265 264 260 255 248 244 245 242 236 234 235 237 240 244 249 254 258 258 255 257 263 270 272 273 272 267 261 257 253 244 231 223 223 223 223 224 224 223 224 225 225 225 226 226 227 227 226 226 227 228 228 227 224 221 224 228 230 231 232 234 240 245 247 250 253 253 248 243 239 238 237 236 236 235 235 235 235 235 235
237 236 236 238 241 243 244 244 241 241 241 241 242 245 251 257 257 255 251 244 242 245 243 233 230 232 233 233 238 247 252 254 250 246 253 263 268 268 268 270 267 260 254 249 240 225 213 215 219 222 225 225 224 224 224 224 224 225 226 226 227 227 226 226 226 226 227 225 221 222 226 228 230 230 232 235 238 238 238 243 248 251 247 243 240 238 237 236 236 236 236 235 235 235
236 235 234 236 237 236 234 232 230 232 236 238 239 241 244 248 250 248 244 241 242 245 243 232 226 228 230 227 233 243 248 249 243 238 251 262 263 258 258 263 262 256 252 244 232 219 200 200 210 217 222 225 225 225 224 223 223 224 224 224 225 227 227 226 227 227 226 225 222 220 223 227 230 231 232 232 234 235 236 239 242 246 249 247 243 240 239 238 237 237 237 236 236 236
236 234 233 233 231 230 229 229 231 236 239 240 239 239 242 245 244 236 232 235 242 247 244 235 225 224 226 225 232 242 244 241 237 235 251 260 257 251 251 252 248 251 255 245 229 216 195 183 198 210 216 220 222 224 224 223 223 224 223 221 221 225 226 225 227 229 227 226 223 219 221 227 229 229 230 231 232 234 236 239 241 242 245 248 246 243 241 240 239 239 239 238 238 238
235 233 233 233 234 235 237 239 240 240 241 241 238 238 241 244 241 226 222 230 240 249 246 236 227 223 224 223 230 239 241 238 233 235 248 256 252 248 247 239 231 238 249 246 229 214 194 171 180 200 209 215 218 221 222 222 222 224 224 221 221 224 225 224 225 228 229 227 224 220 219 224 228 228 230 232 234 235 235 237 240 242 243 244 247 247 246 244 243 242 242 242 242 241
233 234 235 238 240 241 242 243 242 240 240 242 241 239 240 244 237 215 215 226 236 246 248 235 227 225 222 218 223 231 237 238 232 233 244 249 247 245 240 227 221 227 234 235 224 209 189 163 163 184 201 209 215 220 221 220 220 224 225 223 222 224 225 223 223 225 226 226 224 221 219 223 228 229 230 232 233 234 235 238 240 242 243 241 242 245 248 249 248 248 248 248 247 246
237 238 239 240 241 240 239 238 238 237 235 238 240 237 239 243 235 208 207 218 227 237 243 233 225 229 226 221 221 225 231 235 232 235 244 247 244 241 232 224 222 227 232 232 219 202 186 160 147 163 186 199 209 218 221 219 218 221 224 223 221 222 224 223 221 222 223 224 223 222 222 225 228 229 230 232 232 231 232 234 238 241 241 240 239 239 244 249 251 253 255 254 250 247
240 240 240 241 241 241 239 236 234 231 229 234 236 233 236 241 234 202 196 207 217 229 237 235 225 232 233 232 228 223 226 230 234 242 251 252 246 239 230 225 224 225 230 233 221 200 187 168 148 146 163 184 201 213 219 219 217 219 222 222 220 219 221 223 221 220 221 221 221 219 219 222 226 226 228 231 231 230 230 231 235 239 240 240 240 237 239 243 245 248 252 252 247 245
238 238 238 239 238 238 237 236 232 229 229 232 232 228 232 240 233 194 182 198 209 222 230 232 228 229 230 230 231 227 223 228 235 245 254 256 248 239 230 221 216 217 223 227 218 196 185 177 166 152 149 163 186 206 215 218 217 217 221 222 220 217 219 222 220 219 219 220 219 218 217 220 224 225 226 229 231 231 230 230 233 236 234 234 235 232 233 236 236 239 243 243 241 241
234 234 234 234 234 233 233 233 232 231 233 233 228 223 229 239 234 195 175 191 206 215 220 223 226 226 223 222 226 225 217 222 232 243 250 249 241 234 227 217 209 211 217 221 215 198 187 184 179 165 153 151 168 194 211 217 218 217 219 221 220 217 218 221 220 217 217 219 220 219 218 220 225 228 227 228 229 231 230 229 233 235 232 229 229 226 225 229 231 237 240 237 234 235
231 232 233 233 233 232 230 228 229 232 236 233 223 218 226 238 237 201 176 185 201 208 209 215 220 223 221 220 228 223 208 212 224 236 245 243 233 222 217 212 206 209 215 218 217 205 194 187 182 175 162 153 158 180 205 216 218 217 217 220 219 217 218 220 220 216 216 218 219 218 217 218 221 225 228 230 230 230 231 231 235 237 233 228 227 223 221 225 230 235 237 234 230 227
229 232 234 234 234 233 228 224 226 230 235 232 218 213 226 238 240 208 174 174 189 198 201 207 213 217 216 218 224 223 210 210 217 227 231 227 218 209 208 207 204 208 213 216 218 209 195 185 181 179 172 162 158 170 194 212 217 216 216 219 218 215 216 219 218 215 215 217 217 217 216 215 217 221 225 228 229 230 230 230 235 238 234 227 225 222 220 223 228 232 232 229 225 225
230 232 234 235 234 232 226 224 226 229 233 231 216 210 224 235 240 221 173 161 172 191 199 203 208 211 208 209 215 218 215 211 211 221 225 220 211 202 201 202 204 207 210 215 216 209 196 188 184 182 179 170 161 165 184 206 215 216 216 218 218 215 215 216 216 213 213 214 216 217 215 214 214 217 221 224 225 227 228 228 231 235 232 226 224 222 220 222 227 229 227 224 222 225
231 231 232 235 235 231 227 228 232 232 233 233 219 211 222 232 239 234 191 151 149 183 202 208 211 211 207 207 212 214 212 208 210 223 229 226 218 206 203 205 205 206 208 210 209 207 200 193 188 186 184 175 166 164 176 201 214 216 216 217 218 215 214 216 215 213 212 213 215 217 216 214 213 214 217 221 222 224 227 229 232 235 232 226 224 223 221 222 225 226 224 221 220 225
230 229 230 234 237 234 234 236 238 234 233 236 225 211 218 229 238 239 221 169 134 155 208 219 222 222 221 220 220 218 218 216 222 232 236 234 226 218 214 213 212 209 209 209 209 207 203 196 191 189 186 181 171 166 173 195 212 216 216 217 217 215 216 220 222 225 223 218 217 218 217 214 213 212 214 217 220 222 225 230 233 235 232 226 225 224 221 222 224 224 223 220 218 222
227 226 225 226 227 228 231 236 241 237 232 239 232 208 211 223 235 240 233 212 166 93 292 256 247 239 233 232 236 238 238 238 239 240 240 237 233 231 225 221 220 217 217 217 217 214 210 205 198 194 191 185 176 169 173 190 209 215 216 218 219 219 223 229 233 241 245 239 226 222 218 216 215 213 212 213 216 219 223 226 229 231 230 225 224 222 220 220 222 224 222 218 215 218
221 222 220 218 217 217 220 226 234 235 233 242 239 209 206 219 233 239 237 230 227 272 332 315 289 271 257 251 253 252 248 247 245 243 245 242 238 237 229 224 225 227 228 226 225 224 221 215 206 201 196 190 179 173 174 186 205 214 217 221 224 227 231 232 230 233 238 241 238 230 223 219 217 215 212 210 212 215 218 221 224 227 226 222 220 219 217 216 219 222 219 214 213 219
218 222 222 217 215 216 218 221 227 229 232 245 247 215 208 222 233 236 237 239 241 251 288 316 313 303 290 278 271 262 252 251 250 247 248 245 239 238 233 224 223 228 230 229 226 226 224 215 207 203 199 193 183 175 176 186 206 220 225 227 228 230 230 227 224 226 228 230 233 235 231 226 222 218 214 209 208 211 214 215 218 221 221 218 218 218 215 214 218 221 218 211 211 220
219 223 224 218 217 219 220 221 225 225 228 243 248 227 220 231 235 233 233 238 246 250 254 268 285 300 303 292 280 265 249 252 252 250 250 247 241 240 237 227 222 225 229 231 228 224 221 213 204 201 199 196 187 178 179 189 207 224 231 231 227 225 223 220 220 223 225 226 228 230 236 241 237 228 220 212 207 207 210 210 212 217 220 219 218 218 214 214 220 222 217 209 209 217
215 220 221 216 214 217 219 220 223 222 225 237 243 236 235 243 239 231 227 229 237 247 248 245 247 255 265 266 265 250 240 250 253 252 252 250 245 243 240 232 225 223 227 233 232 228 222 213 203 200 201 199 192 183 182 190 203 215 222 220 217 218 217 216 218 222 224 225 227 227 231 242 250 249 238 223 212 208 210 210 212 218 221 220 219 217 213 213 219 220 213 205 207 216
