windninja/windninja_output/Output_2025-08-09_1900-1950_Google earth_Fire_150m_10min/merlingen_7.5mi_point_08-09-2025_1920_150m_vel.asc
ncols	158
nrows	163
xllcorner	391686.332397
yllcorner	5160024.123721
cellsize	150.000000
NODATA_value	-32768.000000
[rows 114 to 151 of 163, columns 0 to 83 of 158]
1.26 1.30 1.56 1.84 2.08 2.15 2.16 2.16 2.07 2.13 2.63 3.50 3.55 2.98 3.38 3.97 3.02 1.96 1.90 2.03 2.66 3.66 3.79 2.88 3.22 4.11 4.25 4.11 4.25 4.42 4.78 6.28 7.96 9.52 9.87 8.02 6.16 5.14 4.19 3.45 3.19 4.21 5.66 5.92 4.84 3.96 3.87 3.82 3.62 3.47 3.30 3.07 2.93 2.88 2.96 2.95 2.81 2.77 2.95 3.05 2.85 2.56 2.69 3.03 2.87 2.71 2.79 2.81 2.81 2.64 2.51 2.75 3.01 2.98 3.07 3.36 3.42 3.28 3.08 3.13 3.52 3.43 2.79 2.44
1.25 1.24 1.57 1.86 2.04 2.08 2.12 2.03 1.96 2.33 3.18 3.81 3.33 2.71 3.51 4.58 3.83 2.49 2.05 1.95 2.47 3.16 3.62 3.96 4.32 4.45 4.17 3.99 4.69 4.59 4.15 5.46 8.02 9.92 9.72 8.04 6.45 5.31 4.26 3.48 3.83 5.36 6.23 5.90 5.09 4.59 4.32 3.92 3.65 3.55 3.38 3.20 3.00 2.83 2.88 2.89 2.76 2.72 2.84 3.04 2.87 2.57 2.70 3.04 2.99 2.71 2.71 2.83 2.87 2.74 2.62 2.74 2.99 3.04 3.01 3.28 3.51 3.46 3.14 3.04 3.54 3.60 2.95 2.47
1.42 1.34 1.59 1.78 1.94 1.97 1.95 1.92 2.17 2.91 3.90 3.89 2.87 2.38 3.75 5.29 4.31 2.49 2.16 2.34 2.86 3.40 3.91 4.54 4.74 4.59 3.98 3.91 5.19 5.09 4.37 5.10 7.21 9.54 9.97 8.45 6.85 5.25 4.47 4.45 5.11 6.21 6.14 5.57 5.24 4.63 3.86 3.43 3.53 3.61 3.53 3.38 3.12 2.85 2.73 2.73 2.74 2.71 2.79 2.98 2.84 2.60 2.73 3.06 3.08 2.72 2.65 2.81 2.87 2.79 2.68 2.70 2.96 3.22 3.15 3.21 3.43 3.56 3.30 3.07 3.50 3.75 3.06 2.41
1.51 1.33 1.42 1.64 1.86 1.90 1.85 2.02 2.70 3.56 4.23 3.67 2.47 2.29 4.06 5.58 4.33 2.54 2.69 3.33 3.82 4.30 4.64 4.86 4.98 4.99 4.33 4.22 5.78 5.47 4.59 4.96 6.31 9.06 10.27 9.01 7.05 5.18 4.90 5.81 6.40 6.34 5.67 5.36 5.14 4.29 3.74 3.77 3.96 4.03 3.92 3.60 3.23 2.88 2.60 2.65 2.78 2.75 2.77 2.91 2.85 2.67 2.80 3.12 3.09 2.71 2.63 2.78 2.83 2.80 2.73 2.70 2.88 3.23 3.42 3.37 3.28 3.43 3.45 3.28 3.59 3.85 3.09 2.28
1.57 1.29 1.25 1.59 1.88 1.96 1.98 2.38 3.18 3.81 4.18 3.48 2.43 2.56 3.98 5.45 4.91 3.21 3.34 3.88 4.16 4.48 4.73 5.01 5.40 5.60 5.50 5.95 6.39 5.88 5.46 6.01 7.60 10.48 10.59 8.78 7.33 5.69 5.96 6.94 6.62 5.89 5.32 5.10 4.89 4.50 4.29 4.40 4.45 4.33 4.02 3.53 3.17 2.85 2.56 2.59 2.75 2.75 2.76 2.88 2.92 2.79 2.92 3.17 3.04 2.74 2.64 2.71 2.77 2.82 2.79 2.71 2.76 3.07 3.52 3.60 3.27 3.26 3.47 3.53 3.77 3.81 3.05 2.26
1.71 1.39 1.22 1.67 2.01 2.04 2.21 2.73 3.44 3.75 3.97 3.67 2.71 2.79 3.58 5.02 5.70 4.31 3.56 3.71 3.92 4.19 4.59 5.16 5.75 6.06 6.25 6.61 6.80 7.09 8.31 9.50 10.74 11.42 9.74 7.75 6.74 6.52 7.11 7.18 6.23 5.50 5.15 5.20 5.31 5.05 4.58 4.46 4.37 4.04 3.63 3.22 2.97 2.74 2.50 2.46 2.64 2.75 2.78 2.90 3.01 2.92 2.99 3.11 2.88 2.70 2.59 2.55 2.70 2.89 2.88 2.72 2.70 2.92 3.37 3.64 3.47 3.33 3.51 3.69 3.82 3.73 3.09 2.47
1.85 1.53 1.28 1.76 2.06 2.01 2.36 3.00 3.64 3.60 3.66 4.09 3.26 2.88 3.23 4.63 6.03 5.28 3.83 3.59 3.72 3.98 4.55 5.29 5.92 6.28 6.40 6.52 7.42 8.84 9.87 10.22 10.25 9.61 8.27 7.27 6.42 6.52 6.65 5.99 5.54 5.38 5.54 5.78 5.68 5.21 4.86 4.76 4.40 3.86 3.45 3.11 2.88 2.71 2.45 2.28 2.52 2.80 2.82 2.93 3.11 2.92 2.81 2.77 2.44 2.51 2.58 2.40 2.60 2.98 2.98 2.77 2.74 2.85 3.09 3.39 3.58 3.59 3.66 3.79 3.80 3.73 3.23 2.76
1.99 1.69 1.60 2.02 2.13 2.07 2.53 3.29 3.83 3.47 3.43 4.57 3.92 3.05 3.21 4.34 5.95 5.77 4.17 3.45 3.42 3.80 4.42 5.20 6.07 6.50 6.54 6.94 8.64 10.30 10.20 9.38 8.93 8.29 7.87 7.24 6.35 6.03 5.09 4.62 4.66 4.79 5.22 5.25 4.95 4.79 4.83 4.68 4.14 3.69 3.31 3.01 2.88 2.71 2.43 2.24 2.55 2.83 2.79 2.92 2.95 2.49 2.24 2.26 2.17 2.57 2.88 2.58 2.59 2.99 3.03 2.86 2.86 2.87 2.86 2.99 3.35 3.68 3.87 3.94 3.89 3.83 3.44 3.08
2.13 1.92 2.09 2.34 2.31 2.38 2.78 3.38 3.87 3.37 3.40 5.07 4.55 3.18 3.08 3.82 5.53 5.86 4.07 3.10 3.19 3.79 4.35 5.05 6.19 6.53 6.67 7.72 10.11 11.38 10.19 9.35 8.88 7.75 7.63 7.21 6.10 5.70 4.76 4.16 3.99 3.95 4.33 4.33 4.20 4.28 4.17 3.69 3.38 3.17 2.97 2.89 2.75 2.54 2.37 2.29 2.52 2.72 2.62 2.64 2.37 1.90 1.90 2.06 2.22 2.88 3.35 3.06 2.81 2.86 2.94 2.94 3.02 2.97 2.79 2.70 2.90 3.40 3.87 4.07 4.11 4.10 3.75 3.42
2.05 1.91 2.12 2.20 2.15 2.41 2.74 3.21 3.75 3.42 3.70 5.57 4.90 2.89 2.65 3.40 4.76 5.58 4.47 3.43 3.54 3.96 4.35 5.14 6.22 6.62 6.81 8.48 11.94 12.45 9.90 8.91 8.45 7.31 7.37 7.17 5.88 5.50 5.05 4.08 3.74 3.69 3.82 4.08 4.21 4.22 3.91 3.30 3.00 2.87 2.86 2.83 2.54 2.34 2.20 2.02 2.04 2.27 2.20 2.08 1.79 1.71 1.97 2.19 2.43 3.14 3.59 3.46 3.11 2.76 2.77 3.02 3.13 3.04 2.84 2.64 2.60 2.98 3.56 3.91 4.19 4.45 4.19 3.62
1.96 1.86 2.00 1.98 2.02 2.39 2.64 2.93 3.61 3.56 4.17 5.52 4.20 2.36 2.40 3.14 3.96 4.81 4.96 4.46 4.35 4.51 4.72 5.41 6.17 6.59 7.37 10.69 14.85 12.98 8.77 8.04 8.06 7.25 7.11 7.02 5.83 5.33 5.14 4.15 3.71 3.56 3.46 3.94 4.41 4.35 4.02 3.47 3.02 2.95 2.99 2.78 2.40 2.25 2.05 1.69 1.49 1.78 1.94 1.67 1.56 2.00 2.33 2.44 2.77 3.30 3.52 3.54 3.37 2.78 2.64 3.01 3.18 3.09 2.99 2.79 2.65 2.85 3.30 3.57 3.91 4.57 4.59 3.75
1.95 1.92 2.04 2.08 2.18 2.43 2.57 2.86 3.64 3.75 4.28 5.11 3.81 2.16 2.35 2.98 3.45 3.82 4.52 5.29 5.89 5.87 5.61 5.88 6.90 7.97 10.83 16.14 15.88 10.93 7.23 7.19 7.78 7.04 6.63 6.85 5.96 5.26 5.15 4.35 3.67 3.37 3.28 3.77 4.51 4.54 4.20 3.59 3.11 3.00 2.83 2.54 2.31 2.19 1.99 1.66 1.42 1.64 1.97 1.74 1.85 2.45 2.61 2.59 2.93 3.30 3.35 3.40 3.43 3.09 2.79 3.06 3.33 3.24 3.18 3.03 2.88 2.93 3.17 3.37 3.49 4.26 4.73 4.14
1.79 1.79 2.00 2.11 2.17 2.33 2.57 3.18 3.76 3.76 3.97 4.65 4.01 2.55 2.78 3.15 3.16 3.28 3.96 5.11 6.44 7.90 7.80 7.89 10.97 14.33 15.88 15.99 12.17 7.87 6.53 6.71 7.42 6.74 6.33 6.71 6.08 5.19 4.88 4.30 3.66 3.34 3.33 3.69 4.54 4.97 4.54 3.72 3.18 2.88 2.56 2.25 2.06 1.97 1.82 1.54 1.33 1.58 2.07 2.13 2.28 2.59 2.57 2.56 2.92 3.20 3.21 3.23 3.31 3.27 3.24 3.44 3.60 3.50 3.39 3.27 3.11 2.99 3.10 3.27 3.33 3.86 4.44 4.37
1.82 1.82 2.05 2.11 2.17 2.39 2.84 3.57 3.80 3.64 3.50 3.97 4.17 3.75 3.92 3.58 3.13 3.49 4.36 5.62 8.20 11.16 12.09 12.41 13.50 14.77 13.57 10.23 7.85 6.51 6.10 6.49 7.07 6.56 6.21 6.42 5.99 5.24 4.55 4.13 3.70 3.38 3.51 3.82 4.57 5.26 4.68 3.53 2.84 2.51 2.30 2.06 1.82 1.72 1.61 1.37 1.17 1.57 2.18 2.28 2.29 2.40 2.38 2.52 2.88 3.10 3.13 3.13 3.18 3.23 3.51 3.86 3.91 3.76 3.65 3.56 3.24 3.12 3.32 3.38 3.43 3.79 4.05 4.14
1.90 1.89 2.07 2.11 2.20 2.53 3.13 3.68 3.74 3.48 3.27 3.62 4.26 4.57 4.69 4.02 3.69 4.55 6.59 11.39 14.02 13.40 12.38 11.37 11.02 10.37 8.85 7.23 6.15 5.64 5.85 6.51 6.73 6.11 5.74 5.91 5.88 5.23 4.29 3.99 3.79 3.67 3.88 4.13 4.68 5.30 4.70 3.15 2.30 2.12 2.02 1.81 1.66 1.61 1.49 1.28 1.15 1.60 2.15 2.20 2.19 2.24 2.31 2.57 2.86 3.04 3.06 3.05 3.10 3.19 3.56 4.10 4.29 4.05 3.84 3.79 3.48 3.36 3.58 3.67 3.79 3.93 3.90 3.95
1.83 1.75 1.89 1.96 2.04 2.46 3.08 3.60 3.61 3.40 3.44 3.84 4.19 4.46 4.78 5.13 5.35 7.10 11.99 16.12 14.34 10.66 9.09 8.21 8.43 8.76 8.01 6.57 5.49 5.43 5.92 6.18 5.94 5.32 5.09 5.52 5.71 4.91 4.14 4.05 4.05 4.09 4.25 4.53 4.96 5.25 4.62 3.00 2.22 2.13 1.94 1.64 1.48 1.45 1.34 1.18 1.14 1.54 2.00 2.13 2.17 2.22 2.36 2.58 2.82 2.98 2.99 3.01 3.06 3.18 3.52 4.08 4.51 4.42 4.13 4.12 3.91 3.54 3.63 3.92 4.08 4.07 3.96 3.88
1.86 1.75 1.91 2.01 2.04 2.46 3.04 3.44 3.54 3.47 3.61 3.69 3.68 4.04 4.70 6.06 8.42 11.93 15.16 14.31 9.80 7.77 7.59 7.71 8.43 9.03 7.80 6.00 5.68 5.94 5.97 5.60 5.15 4.81 4.68 5.02 5.35 4.89 4.32 4.33 4.43 4.51 4.82 5.19 5.42 5.22 4.29 2.84 2.27 2.10 1.68 1.35 1.22 1.19 1.11 1.04 1.05 1.40 1.90 2.14 2.16 2.19 2.37 2.59 2.80 2.93 2.99 3.01 3.02 3.15 3.49 4.02 4.48 4.63 4.57 4.62 4.39 3.78 3.80 4.17 4.27 4.23 3.98 3.68
2.02 1.95 2.10 2.14 2.22 2.70 3.09 3.26 3.51 3.57 3.48 3.31 3.28 3.77 4.78 6.56 10.41 13.90 13.43 9.52 7.81 7.55 7.48 7.63 8.60 9.04 7.00 5.97 6.08 6.10 5.97 5.67 5.21 4.71 4.52 4.75 5.17 5.32 4.89 4.77 5.06 5.28 5.55 5.78 5.60 4.74 3.47 2.42 2.10 1.80 1.19 0.93 1.01 0.99 0.89 0.84 0.84 1.25 1.81 2.07 2.10 2.21 2.39 2.62 2.78 2.91 3.04 3.02 3.00 3.09 3.47 4.01 4.32 4.65 4.93 5.11 4.95 4.21 4.01 4.43 4.67 4.41 3.83 3.43
2.02 1.95 2.01 2.15 2.53 3.05 3.17 3.14 3.46 3.62 3.34 3.20 3.35 3.97 5.34 7.21 11.58 14.12 11.28 8.29 7.87 7.76 7.70 7.96 8.70 8.71 6.80 5.83 5.84 5.47 5.35 5.30 4.92 4.64 4.82 5.21 5.60 5.85 5.51 5.45 5.96 6.05 5.96 6.01 5.39 3.78 2.49 1.98 1.83 1.40 0.72 0.67 0.81 0.81 0.72 0.68 0.71 1.15 1.74 1.98 2.13 2.42 2.44 2.59 2.82 2.93 3.09 3.09 3.00 3.08 3.51 3.97 4.15 4.63 5.11 5.45 5.64 4.75 4.14 4.67 4.97 4.41 3.65 3.39
1.95 1.85 1.99 2.33 2.93 3.28 3.17 3.19 3.56 3.82 3.68 3.53 3.68 4.63 6.07 8.84 13.58 14.31 11.47 9.14 8.67 8.41 8.35 8.36 8.18 7.55 6.54 5.88 5.63 5.16 4.83 4.70 4.49 4.81 5.41 5.75 5.96 5.94 5.58 5.91 6.43 6.22 6.04 5.91 4.84 3.11 2.20 1.79 1.42 0.78 0.34 0.48 0.59 0.61 0.59 0.59 0.67 1.16 1.74 2.02 2.35 2.64 2.50 2.55 2.86 2.96 3.14 3.20 3.05 3.17 3.57 3.89 4.06 4.49 5.12 5.81 6.21 5.17 4.31 4.78 4.99 4.25 3.49 3.25
2.11 2.11 2.36 2.71 3.19 3.23 3.14 3.42 3.76 4.14 4.36 4.15 4.53 5.71 8.50 13.54 15.57 13.84 11.04 9.52 8.94 8.50 8.14 7.66 6.71 6.16 6.28 6.28 5.95 5.53 5.10 4.90 4.86 5.24 5.58 5.67 5.73 5.45 5.44 6.25 6.62 6.12 5.85 5.24 3.60 2.56 2.07 1.55 0.88 0.38 0.23 0.36 0.42 0.43 0.47 0.47 0.63 1.23 1.80 2.14 2.54 2.65 2.48 2.56 2.84 3.03 3.16 3.31 3.34 3.38 3.59 3.88 4.06 4.16 4.89 6.04 6.57 5.69 4.62 4.77 4.90 4.16 3.25 2.94
2.18 2.32 2.66 2.98 3.26 3.27 3.33 3.65 3.87 4.29 4.56 4.49 4.96 7.28 13.00 16.24 14.72 12.05 10.23 9.33 8.53 7.41 6.96 6.34 5.60 5.49 5.92 6.46 6.48 6.15 5.70 5.47 5.54 5.61 5.56 5.53 5.24 4.93 5.59 6.78 6.74 5.91 5.29 3.99 2.60 2.04 1.62 1.03 0.58 0.32 0.23 0.25 0.28 0.31 0.36 0.39 0.71 1.39 1.92 2.28 2.57 2.57 2.52 2.61 2.81 3.06 3.14 3.39 3.83 3.84 3.75 3.91 4.00 3.92 4.53 5.81 6.62 6.30 5.08 4.81 4.67 3.96 3.27 3.02
2.11 2.31 2.66 2.85 3.14 3.33 3.45 3.55 3.65 4.00 4.24 4.52 4.95 8.40 14.80 15.09 12.02 10.89 9.74 8.99 7.96 6.42 5.91 5.83 5.55 5.48 5.80 6.52 7.01 6.69 5.99 5.70 5.75 5.67 5.76 5.74 5.19 4.84 5.85 7.09 6.48 5.56 4.65 2.81 1.90 1.46 0.95 0.48 0.34 0.16 0.09 0.04 0.16 0.31 0.34 0.43 0.89 1.64 2.13 2.41 2.54 2.54 2.60 2.65 2.76 3.01 3.13 3.48 4.26 4.43 4.09 3.95 4.02 3.97 4.24 5.28 6.34 6.50 5.77 5.03 4.52 3.90 3.54 3.56
2.04 2.17 2.42 2.53 2.93 3.23 3.22 3.17 3.29 3.69 4.04 4.72 5.49 9.91 15.19 13.79 11.33 10.35 8.91 8.22 7.56 6.34 5.74 5.81 5.61 5.53 5.87 6.77 7.45 6.83 5.53 5.25 5.46 5.62 5.94 5.90 5.30 4.92 5.94 7.15 6.26 4.98 3.59 2.01 1.27 0.87 0.42 0.13 0.18 0.13 0.18 0.20 0.32 0.38 0.39 0.61 1.24 2.01 2.31 2.42 2.50 2.53 2.65 2.62 2.64 2.90 3.16 3.60 4.46 4.97 4.56 4.11 4.18 4.20 3.98 4.59 5.85 6.32 6.09 5.77 4.96 4.06 3.92 4.16
2.01 2.03 2.12 2.25 2.79 3.02 2.86 2.86 3.21 3.79 4.53 5.55 7.50 13.58 16.16 13.24 10.73 9.10 7.56 7.44 7.47 6.63 6.04 5.85 5.48 5.48 5.95 6.93 7.39 6.42 5.27 5.20 5.64 5.84 5.94 5.61 5.02 5.05 6.16 7.13 5.85 3.71 2.39 1.48 0.89 0.71 0.47 0.31 0.29 0.28 0.33 0.45 0.51 0.51 0.62 1.03 1.75 2.27 2.34 2.40 2.47 2.53 2.64 2.50 2.49 2.80 3.20 3.79 4.55 5.22 5.25 4.74 4.53 4.42 4.11 4.17 5.19 5.88 5.89 6.23 5.87 4.43 4.53 4.57
2.05 1.98 1.99 2.34 2.82 2.82 2.69 2.95 3.47 4.13 5.21 7.23 12.14 17.06 15.81 11.21 8.99 7.71 6.75 6.99 7.52 7.00 6.34 5.85 5.49 5.63 6.18 6.82 6.91 5.99 5.21 5.65 6.05 5.72 5.80 5.43 5.01 5.66 6.57 6.54 4.50 2.33 1.63 1.10 0.73 0.76 0.65 0.50 0.42 0.43 0.55 0.70 0.68 0.75 1.13 1.69 2.18 2.31 2.33 2.43 2.44 2.55 2.57 2.29 2.32 2.75 3.27 3.98 4.63 5.21 5.72 5.72 5.14 4.68 4.41 4.24 4.60 5.35 5.50 6.17 6.47 5.73 5.60 4.86
2.06 1.98 2.19 2.68 2.77 2.68 3.01 3.47 3.78 4.89 6.38 9.57 16.29 17.21 11.84 8.50 7.74 7.01 6.27 6.77 7.58 7.34 6.54 5.95 5.77 6.05 6.39 6.53 6.49 5.82 5.40 5.92 5.94 5.64 6.16 5.98 5.60 6.01 5.96 4.85 2.83 1.63 1.29 0.92 0.80 0.87 0.80 0.67 0.61 0.67 0.81 0.94 0.96 1.24 1.83 2.22 2.28 2.27 2.37 2.43 2.46 2.65 2.53 2.13 2.19 2.78 3.43 4.11 4.66 5.23 5.89 6.24 5.71 4.97 4.73 4.28 4.09 4.88 5.38 6.04 7.02 6.99 5.87 4.47
2.05 2.00 2.32 2.55 2.49 2.83 3.67 4.05 4.45 6.43 8.48 13.56 17.39 13.23 8.17 7.34 7.09 6.88 6.71 7.35 7.87 7.51 6.77 6.42 6.33 6.46 6.49 6.23 6.08 5.73 5.64 5.95 5.97 6.21 6.70 6.27 5.77 5.50 4.46 2.81 1.66 1.27 1.13 0.91 0.87 0.91 0.87 0.81 0.82 0.91 1.04 1.28 1.52 1.93 2.39 2.43 2.31 2.34 2.45 2.51 2.66 2.83 2.61 2.28 2.50 3.23 3.92 4.35 4.77 5.48 5.95 6.17 6.20 5.84 5.22 4.09 3.57 4.50 5.52 6.38 7.64 7.43 5.42 4.00
2.11 1.89 2.10 2.22 2.52 3.25 3.99 4.49 5.74 7.41 10.31 16.25 16.28 8.91 6.83 6.94 6.94 7.54 7.93 8.17 7.99 7.41 6.97 6.98 7.04 6.85 6.47 5.84 5.62 5.67 5.82 6.18 6.40 6.62 6.69 6.04 5.22 4.31 2.86 1.43 0.96 1.05 1.02 0.92 0.89 0.94 0.95 0.96 1.04 1.12 1.26 1.77 2.32 2.53 2.70 2.52 2.33 2.47 2.59 2.76 2.98 3.02 2.85 2.80 3.26 4.04 4.55 4.77 5.11 5.60 5.78 5.88 6.62 6.77 5.30 3.73 3.32 4.30 5.76 7.13 7.65 7.04 5.86 4.60
2.40 2.02 2.15 2.46 2.92 3.50 4.14 4.98 6.43 7.42 11.33 15.17 12.32 7.70 6.97 7.06 7.41 8.50 8.85 7.86 7.16 7.04 7.12 7.32 7.26 6.95 6.36 5.81 5.74 6.05 6.35 6.73 6.63 6.31 6.47 5.72 4.04 2.46 1.27 0.59 0.59 0.89 0.98 0.97 0.94 0.99 1.07 1.14 1.21 1.32 1.61 2.44 3.16 3.33 3.16 2.59 2.37 2.66 2.79 2.99 3.19 3.21 3.21 3.34 3.75 4.28 4.69 4.94 5.07 5.25 5.43 5.89 7.01 6.92 4.87 3.45 3.44 4.11 5.99 7.38 6.71 6.34 6.58 5.17
2.69 2.35 2.61 2.91 3.09 3.48 4.36 5.41 6.48 7.04 10.40 14.45 11.71 8.20 7.60 7.29 7.83 9.05 8.55 6.60 6.36 6.77 7.14 7.40 6.97 6.27 5.87 6.05 6.37 6.58 6.79 7.05 6.44 5.83 6.02 4.75 2.49 1.09 0.31 0.21 0.50 0.80 0.96 1.02 1.02 1.09 1.21 1.29 1.34 1.60 2.27 3.18 3.89 4.09 3.42 2.56 2.58 2.81 2.93 3.26 3.53 3.53 3.55 3.65 3.72 4.14 4.74 4.93 4.86 4.86 5.14 5.97 7.18 6.96 4.87 3.44 3.42 3.90 6.07 7.09 5.83 6.30 6.82 4.59
2.61 2.49 2.95 3.21 3.38 3.87 4.83 5.81 6.85 7.09 9.09 14.89 14.22 9.44 8.13 7.48 8.11 8.93 7.27 5.97 6.33 6.76 7.16 7.17 6.52 5.97 5.97 6.40 6.59 6.49 6.63 6.80 5.99 5.26 4.94 3.34 1.70 0.70 0.36 0.41 0.61 0.82 0.98 1.10 1.15 1.21 1.33 1.39 1.51 2.12 3.03 3.78 4.46 4.45 3.50 2.84 2.96 3.08 3.42 4.05 4.15 3.93 3.87 3.76 3.65 4.18 4.86 4.77 4.63 4.84 5.04 5.79 7.13 7.00 5.05 3.57 3.37 3.96 5.94 6.68 6.06 6.98 6.35 3.02
2.37 2.56 3.22 3.63 4.13 4.85 5.54 6.51 7.67 7.65 10.32 16.31 14.92 9.58 8.21 7.97 8.47 8.44 6.79 6.25 6.73 6.87 7.01 6.68 6.28 6.37 6.43 6.43 6.29 5.95 6.00 6.04 5.20 4.14 3.05 2.26 1.37 0.77 0.55 0.58 0.74 0.89 1.05 1.20 1.27 1.30 1.40 1.52 1.94 2.75 3.50 4.25 4.97 4.77 4.08 3.74 3.62 3.78 4.41 4.80 4.48 4.14 4.02 3.94 4.11 4.67 4.96 4.71 4.68 4.98 5.12 5.58 6.79 6.99 5.25 3.71 3.69 4.51 5.45 6.22 7.06 6.98 4.58 2.38
2.30 2.65 3.27 3.78 4.63 5.50 5.95 7.10 8.37 10.00 15.05 17.05 12.24 7.99 7.39 7.60 8.06 7.69 6.90 6.82 7.01 6.93 6.61 6.29 6.30 6.73 6.63 6.40 6.36 5.61 4.94 4.85 3.90 2.40 1.72 1.67 1.26 0.79 0.59 0.63 0.81 0.96 1.05 1.21 1.37 1.40 1.47 1.80 2.54 3.20 3.76 4.71 5.47 5.15 4.64 4.38 4.26 4.57 4.87 4.89 4.44 4.11 4.14 4.39 4.83 5.22 5.41 5.47 5.56 5.63 5.71 5.88 6.49 6.75 5.27 3.95 4.53 5.61 5.64 6.27 7.27 5.39 3.05 2.29
2.36 2.59 3.12 3.86 4.70 5.39 5.86 6.95 9.90 13.70 16.13 13.60 8.68 6.87 6.47 6.59 6.99 6.90 6.58 6.65 6.82 6.66 6.17 5.86 6.46 6.97 6.95 6.81 6.56 5.31 4.15 3.93 3.09 1.74 1.29 1.38 1.22 0.84 0.61 0.60 0.79 0.99 1.08 1.24 1.47 1.54 1.64 2.29 3.05 3.42 3.99 5.08 5.79 5.62 5.26 5.13 4.96 4.87 5.04 5.01 4.52 4.26 4.50 4.89 5.19 5.51 5.88 6.16 6.32 6.63 6.87 6.64 6.45 6.15 5.13 4.65 6.09 7.14 6.53 6.65 6.13 3.43 2.95 2.72
2.80 3.14 3.68 4.22 5.01 5.93 6.43 7.65 12.44 14.82 12.82 9.19 7.42 6.54 6.13 6.20 6.43 6.37 6.15 6.23 6.33 6.04 5.39 5.48 6.48 7.24 7.35 6.95 6.00 4.71 3.44 2.89 2.58 1.66 1.23 1.26 1.18 0.86 0.62 0.59 0.75 1.06 1.22 1.34 1.57 1.76 2.05 2.77 3.30 3.52 4.18 5.26 6.00 6.32 6.34 5.95 5.36 4.92 5.08 5.04 4.66 4.64 4.91 5.23 5.53 5.88 6.15 6.21 6.33 6.91 7.23 6.63 5.83 5.26 5.04 6.04 7.82 7.50 5.57 5.08 3.83 2.57 3.21 3.41
3.56 3.98 4.41 4.79 6.29 7.37 7.09 8.73 14.42 14.86 10.00 7.68 7.00 6.22 5.94 5.89 5.84 5.85 6.11 6.18 5.90 5.42 4.78 5.04 6.13 7.24 7.36 5.82 4.55 3.65 2.43 2.05 2.02 1.62 1.34 1.22 1.11 0.86 0.66 0.64 0.82 1.20 1.43 1.45 1.66 2.12 2.63 3.10 3.38 3.67 4.27 5.28 6.31 7.17 7.37 6.52 5.74 5.30 5.09 5.00 4.79 4.93 5.27 5.67 6.10 6.26 6.22 6.06 6.09 6.76 7.16 6.14 4.82 4.53 5.28 7.33 8.19 6.04 3.41 2.98 2.29 1.98 3.16 4.08
3.96 4.16 4.59 5.49 6.81 7.10 6.57 9.21 15.25 14.19 8.56 7.05 6.64 6.07 5.91 5.67 5.39 5.63 6.04 5.91 5.38 4.82 4.46 4.76 5.57 6.84 7.44 5.71 3.74 2.95 2.10 1.70 1.65 1.62 1.49 1.20 1.03 0.85 0.73 0.78 0.99 1.42 1.66 1.60 1.85 2.63 3.25 3.28 3.42 3.85 4.35 5.28 6.65 7.79 8.00 7.05 6.20 5.68 5.44 5.40 5.10 5.17 5.75 6.23 6.50 6.34 6.18 6.09 6.26 7.16 7.52 5.88 4.18 4.36 5.82 7.87 7.62 4.29 2.22 1.89 1.59 1.73 2.73 4.29
