windninja/windninja_output/Output_2025-08-09_1900-1950_Google earth_Fire_150m_10min/merlingen_7.5mi_point_08-09-2025_1910_150m_ang.asc
ncols	158
nrows	163
xllcorner	391686.332397
yllcorner	5160024.123721
cellsize	150.000000
NODATA_value	-32768.000000
[rows 84 to 125 of 163, columns 0 to 93 of 158]
260 260 263 261 256 253 251 248 249 250 254 259 261 261 261 262 263 263 264 266 266 265 262 260 260 258 256 253 252 251 250 249 248 249 251 253 253 252 250 247 245 244 243 244 244 244 245 247 248 246 243 242 243 244 246 247 247 247 247 247 247 247 246 246 246 246 245 245 245 245 245 244 244 244 244 243 242 241 237 228 204 196 210 229 251 257 256 253 251 251 249 247 245 242
258 257 257 257 255 252 248 246 250 254 257 259 259 258 259 260 261 262 264 266 268 268 266 265 264 262 258 255 254 253 250 248 247 245 246 248 250 252 252 252 250 247 247 247 249 250 252 254 255 253 250 247 245 244 245 247 248 248 248 248 247 247 247 246 246 246 245 245 245 245 245 244 244 244 244 243 242 241 238 230 208 194 211 242 257 256 253 251 250 250 249 248 246 244
259 258 257 257 255 251 246 246 251 257 259 257 257 257 257 257 257 259 262 265 267 268 270 271 270 263 258 256 255 254 251 250 248 245 244 243 243 244 248 251 253 251 248 247 248 250 252 254 255 256 255 252 249 247 247 248 249 249 249 249 248 247 247 246 246 246 245 245 245 245 245 245 245 245 244 244 243 243 241 237 221 200 218 251 258 256 254 252 249 248 249 248 248 245
261 259 258 257 253 248 244 245 251 255 256 255 256 256 255 255 253 255 258 262 264 264 268 274 275 262 254 253 253 252 251 251 251 250 248 244 241 240 241 244 247 250 249 247 247 249 251 252 253 254 255 254 252 250 250 251 252 252 251 250 249 248 247 247 246 246 246 245 245 245 245 245 245 245 245 245 245 245 245 245 242 239 258 263 259 254 253 253 251 251 252 252 252 247
262 261 258 255 249 243 242 244 247 250 252 254 256 253 251 249 248 250 254 258 259 260 267 273 270 252 249 250 250 249 249 250 252 253 255 253 249 244 242 242 242 244 246 247 246 247 248 250 251 251 251 252 252 251 251 251 253 254 255 254 252 249 248 247 246 246 246 246 245 245 245 245 245 245 245 246 246 247 248 249 254 276 300 287 271 258 254 253 252 254 256 256 254 251
262 260 256 252 248 244 242 242 242 244 250 255 253 249 248 244 243 247 252 256 259 264 269 266 247 235 244 248 248 248 248 249 250 251 253 256 256 253 249 247 246 245 244 246 247 247 246 247 249 249 248 248 249 249 247 247 249 252 257 259 255 250 248 247 246 246 246 246 246 246 246 246 246 246 246 247 247 248 249 252 258 275 298 296 285 274 265 259 258 260 261 257 252 251
261 258 252 250 250 248 244 241 237 239 248 251 246 244 243 240 240 243 250 258 267 271 266 249 226 224 238 245 247 248 248 249 250 249 250 252 254 255 253 249 248 248 247 248 249 249 248 247 248 249 249 248 248 247 244 243 244 248 254 259 256 250 248 247 246 246 246 246 246 246 246 246 246 246 247 247 248 249 250 253 259 269 285 292 288 284 278 270 267 268 264 254 253 253
256 252 244 241 243 243 241 236 232 237 245 244 237 235 234 234 236 239 246 260 272 271 250 231 218 221 236 243 246 248 249 250 250 250 251 251 251 253 253 249 247 246 247 249 250 250 250 250 249 250 251 252 251 249 243 240 242 245 248 248 247 246 246 246 246 246 246 246 246 246 246 246 247 247 247 248 248 249 251 254 258 265 276 284 285 285 281 276 273 270 262 255 259 261
252 246 237 233 233 231 226 219 218 227 236 236 230 229 231 233 235 235 243 253 259 246 232 224 218 224 237 243 246 248 250 251 251 252 253 252 251 251 252 251 247 244 245 248 251 252 252 252 252 253 255 257 257 254 247 243 245 246 246 243 240 241 245 246 247 247 247 247 247 247 247 247 247 247 248 248 249 250 252 254 257 263 271 280 283 282 281 278 274 268 260 261 266 266
250 245 236 233 232 229 223 213 208 219 227 224 216 214 216 222 226 230 243 249 240 217 217 220 219 228 239 244 247 249 250 252 255 256 255 253 252 251 251 251 249 244 244 246 249 251 253 253 253 254 257 261 261 256 253 256 256 254 250 246 242 241 243 246 247 247 247 247 247 247 247 247 247 248 248 249 249 250 252 254 256 260 266 274 280 281 280 278 273 265 261 263 266 266
248 244 238 238 239 237 230 218 208 219 226 222 214 210 211 220 226 232 244 242 228 214 213 218 223 233 241 244 246 248 250 254 258 259 256 253 253 252 252 251 248 244 242 242 243 245 248 250 252 252 255 258 257 253 255 261 263 260 255 250 247 244 244 247 247 248 248 248 248 248 248 248 248 248 248 249 250 251 252 253 255 258 262 267 272 275 276 274 269 264 262 262 262 263
244 241 239 242 245 242 235 227 222 232 238 233 228 227 229 239 240 247 247 237 225 222 222 228 233 240 244 245 245 245 249 254 257 257 255 255 254 254 254 253 250 246 243 240 238 238 240 244 247 250 252 251 246 247 252 257 260 260 256 253 250 247 246 248 248 249 249 248 248 248 248 248 248 249 249 249 250 251 252 253 255 257 259 262 264 267 268 267 265 262 261 260 260 259
239 241 242 243 243 238 234 233 239 254 259 251 245 244 250 256 256 258 251 229 225 231 235 243 247 249 248 247 246 246 250 252 253 253 254 256 257 257 256 254 253 252 249 245 241 238 237 240 244 247 248 245 241 243 249 254 257 258 257 255 253 249 249 250 250 250 249 249 249 249 249 249 249 249 249 250 250 251 252 253 254 255 257 258 260 261 262 262 261 260 259 258 257 257
234 242 245 244 242 239 236 235 240 251 258 257 256 252 257 260 263 262 247 227 226 235 245 255 258 254 249 248 249 252 256 255 254 253 255 258 260 260 259 257 256 255 254 252 249 246 244 246 248 249 247 244 243 243 247 251 255 257 257 257 256 253 253 253 252 251 251 250 250 250 250 249 249 250 250 250 251 251 252 253 253 254 255 256 257 258 258 258 258 257 256 256 255 255
235 246 250 250 250 246 242 240 241 245 251 258 264 266 267 268 266 258 242 232 230 237 248 256 254 244 244 248 252 256 259 259 257 256 256 258 261 264 264 262 260 258 257 256 255 255 255 255 253 251 248 246 244 244 246 248 251 253 255 255 255 256 257 257 256 254 253 252 251 251 250 250 250 250 251 251 251 252 252 253 253 254 254 255 255 256 256 256 256 255 255 254 254 253
241 252 257 258 260 258 256 253 250 249 251 255 260 267 270 267 261 252 242 234 233 241 250 250 238 232 241 249 253 257 259 260 261 260 258 259 261 264 267 268 265 262 260 257 255 255 255 254 251 248 247 246 244 244 245 247 248 250 252 252 251 253 256 258 259 259 256 254 253 252 251 251 251 251 251 251 252 252 252 253 253 253 254 254 254 254 254 254 254 254 253 253 252 252
242 250 256 259 260 259 260 260 257 253 253 253 255 262 265 261 258 255 245 238 244 253 254 244 232 234 243 249 253 256 259 262 264 265 265 265 264 264 266 270 270 267 264 260 256 254 253 252 249 247 246 245 243 243 243 244 245 247 249 249 249 249 250 254 257 260 260 258 255 253 252 252 252 252 252 252 253 253 253 253 253 253 253 254 254 253 253 253 253 253 252 252 251 251
245 250 256 257 257 257 258 258 257 255 254 253 251 250 251 252 251 250 244 247 258 261 252 239 236 241 247 251 254 256 259 263 267 270 273 274 271 268 268 270 273 271 269 266 261 256 253 252 250 247 245 244 243 244 244 243 242 244 245 246 248 248 248 250 253 256 258 258 256 255 254 255 254 254 254 254 254 254 254 254 254 254 254 253 253 253 253 252 252 252 251 251 250 250
248 252 256 256 255 256 257 256 256 255 254 252 248 242 240 242 245 244 241 250 257 251 241 240 241 245 250 253 255 257 261 264 267 272 276 280 280 277 274 273 275 276 273 272 266 258 253 250 248 246 245 244 243 242 244 243 242 242 242 243 244 246 247 248 250 252 254 254 255 255 257 259 258 256 256 255 255 255 255 255 255 254 254 254 253 253 252 252 252 251 251 250 250 249
249 251 253 254 254 255 255 255 255 255 254 253 251 248 248 248 248 246 246 252 249 238 238 243 243 245 250 254 257 260 263 264 267 271 275 280 285 285 281 278 279 281 280 278 275 266 257 250 246 245 244 244 244 242 242 241 241 242 242 241 241 242 243 246 248 249 249 249 249 251 256 260 262 261 259 259 258 258 257 257 256 256 255 254 254 253 252 252 251 251 250 250 249 249
249 250 251 252 254 255 256 256 255 256 258 258 259 263 266 265 260 255 255 254 244 237 239 242 242 243 247 252 256 261 265 266 267 270 273 277 284 288 287 284 284 286 286 284 283 276 265 255 248 245 244 244 244 244 243 241 240 240 242 242 242 242 242 244 246 246 245 244 243 245 250 254 260 264 264 264 264 263 261 260 259 258 256 255 254 253 253 252 251 251 250 250 249 249
250 250 250 251 253 255 256 255 255 257 260 263 267 271 273 272 268 262 258 252 245 242 242 241 240 241 245 249 253 259 264 267 269 268 269 274 281 288 290 289 288 289 289 289 289 284 272 260 251 245 244 243 242 243 244 243 241 240 241 242 242 242 243 245 246 245 244 241 240 242 245 247 250 256 261 265 267 268 266 265 264 262 259 257 255 254 253 252 252 251 250 249 249 249
249 249 248 248 250 252 253 253 253 255 259 261 264 267 269 269 266 261 255 248 245 246 245 239 238 240 243 245 250 257 262 267 268 265 266 273 282 288 291 292 291 291 291 292 293 292 282 267 256 249 245 243 240 240 240 241 242 241 241 241 241 241 242 244 244 244 243 241 238 240 243 244 244 246 250 256 261 264 264 267 270 268 263 259 257 255 254 253 252 251 250 250 249 249
247 246 245 246 248 249 250 251 250 250 252 253 253 255 259 262 261 258 253 246 244 248 248 239 235 237 239 240 245 255 261 265 263 258 264 275 283 287 288 291 294 292 291 292 295 297 292 276 262 254 250 246 242 240 239 238 239 240 241 241 241 242 242 242 242 242 242 241 238 238 240 242 244 245 247 251 254 256 258 261 266 271 269 263 259 257 255 254 253 252 251 250 250 249
245 244 242 244 245 245 245 245 244 246 247 248 248 248 251 255 256 253 248 245 247 250 250 241 235 235 237 236 241 252 259 260 257 252 265 277 282 281 282 288 294 294 293 294 296 297 300 288 267 255 250 248 245 243 240 238 237 238 239 239 239 241 242 242 242 242 241 240 238 236 237 241 244 246 246 248 250 253 256 257 259 264 270 269 263 259 256 255 253 252 252 251 250 250
244 243 242 244 244 244 243 243 244 246 247 247 245 245 248 252 253 245 238 241 249 254 253 245 236 234 235 234 241 252 255 254 252 251 265 275 277 276 281 285 287 289 293 298 299 298 303 303 277 258 249 245 243 243 242 239 238 238 238 237 236 238 240 240 241 242 242 240 238 236 236 240 243 245 246 246 248 250 253 256 257 259 264 270 268 263 259 256 255 254 253 252 252 251
243 243 245 247 248 248 248 247 247 246 246 246 244 244 248 253 252 237 229 237 248 257 256 248 241 236 235 233 240 249 253 252 248 250 262 271 273 277 281 278 271 276 288 299 303 302 305 313 295 266 252 245 241 240 240 239 238 239 239 237 236 237 238 237 238 241 243 242 239 235 235 239 242 243 245 247 248 248 250 253 256 258 260 264 268 266 262 259 257 256 255 255 254 253
243 245 248 250 250 250 249 249 247 246 245 247 247 247 250 254 251 228 223 233 243 254 259 251 244 242 239 234 236 242 248 251 248 249 259 268 273 277 278 268 263 267 273 287 301 305 308 320 317 280 257 246 241 240 240 238 237 239 240 238 237 238 237 235 235 237 239 241 240 237 236 240 243 243 243 246 247 247 248 251 255 257 259 259 262 264 264 262 260 259 258 258 258 257
246 248 250 250 249 248 246 246 245 243 241 244 249 248 251 254 250 222 218 228 236 246 255 251 242 247 249 247 241 238 241 247 248 252 262 269 272 274 269 263 262 261 263 273 290 303 307 318 331 309 265 245 239 240 241 238 236 237 238 238 236 236 236 235 234 234 236 236 238 239 239 242 244 243 243 244 245 244 245 247 252 256 257 257 257 257 259 260 260 261 263 263 261 258
248 249 249 249 249 249 247 245 242 239 237 243 247 247 249 254 251 218 210 221 228 238 246 248 242 250 256 258 253 242 238 241 248 258 268 273 271 266 261 257 254 253 260 270 280 290 294 303 326 333 293 246 237 239 240 238 236 236 237 236 235 233 234 236 235 233 233 233 233 234 236 240 242 241 241 243 244 244 243 244 247 252 255 255 255 253 252 253 255 257 263 265 261 257
245 245 246 247 247 247 247 245 241 238 239 245 246 242 244 253 253 219 196 215 223 231 238 242 244 248 251 253 255 252 241 240 247 259 269 273 268 262 256 247 241 246 257 265 268 267 271 277 291 322 333 260 233 235 238 237 236 235 236 236 234 231 232 235 234 232 232 232 232 231 232 236 240 241 240 241 243 245 244 243 245 248 248 248 249 246 245 247 248 254 259 260 256 253
241 241 242 244 244 243 242 242 241 242 246 249 243 235 240 252 257 229 185 212 224 228 230 234 241 245 243 242 247 251 241 238 244 255 265 268 265 258 251 240 236 246 254 257 257 256 258 255 259 275 325 52 215 230 236 237 236 235 236 236 234 231 232 235 234 231 231 232 232 231 231 233 238 242 242 241 242 244 244 243 245 247 245 242 242 238 238 242 247 254 257 253 249 246
237 239 241 242 242 242 239 237 239 245 253 253 240 230 239 253 259 236 182 211 226 227 225 229 234 239 239 237 247 248 236 233 239 248 260 265 261 250 241 237 238 247 250 249 251 251 246 240 241 242 228 132 155 216 232 236 237 236 236 237 234 231 232 235 235 231 230 231 232 231 230 230 233 238 242 244 243 242 243 244 247 249 246 240 238 234 234 240 247 252 253 248 242 240
234 239 241 242 243 242 238 235 239 245 252 253 238 229 240 252 257 243 188 207 224 226 225 226 228 231 230 233 243 246 238 236 236 243 250 252 247 235 230 234 237 241 242 244 246 242 231 225 227 228 216 168 146 185 222 233 236 236 236 237 235 231 232 234 234 230 229 230 231 230 229 228 229 232 236 241 243 242 241 242 247 250 247 239 236 234 234 239 245 248 246 242 238 239
235 238 241 243 244 242 239 238 242 245 248 249 239 232 241 247 253 255 241 246 239 237 234 233 232 229 224 226 232 235 238 240 241 247 246 239 230 219 221 227 229 231 234 238 241 236 227 222 221 221 214 180 153 164 206 229 235 235 235 237 236 233 232 233 231 228 227 228 229 229 228 227 226 228 231 235 238 239 240 241 244 247 245 238 236 236 236 239 243 243 240 237 234 239
235 236 239 244 246 243 241 244 249 248 247 248 243 239 242 245 251 258 269 332 319 269 253 249 246 240 233 232 232 233 236 240 248 253 249 240 231 220 219 222 221 223 226 230 231 230 226 223 220 217 211 188 162 157 189 224 235 236 235 236 237 235 234 234 231 228 226 226 228 230 230 228 226 226 229 231 232 235 239 242 244 246 243 238 238 239 238 239 241 239 237 233 231 236
233 234 237 243 247 246 247 251 254 252 248 251 249 240 240 244 251 256 263 300 336 312 282 268 262 258 254 251 250 249 248 248 254 255 252 247 238 231 228 225 223 220 222 225 226 225 222 218 214 212 208 195 172 160 177 217 234 236 235 236 237 235 236 238 237 239 238 233 231 232 231 229 227 227 227 228 229 231 236 241 244 245 243 240 240 241 239 239 238 237 235 231 228 233
229 231 234 236 237 239 243 250 257 255 249 254 256 242 237 241 248 254 258 268 316 324 309 291 279 272 266 264 268 270 266 261 260 257 255 251 246 243 238 234 230 227 229 231 231 230 227 223 214 211 208 199 180 165 173 207 231 236 236 238 238 236 237 240 242 249 255 256 246 238 234 230 230 230 227 225 226 228 231 236 239 242 242 240 240 240 238 237 236 237 234 228 225 230
222 228 232 230 228 227 231 238 247 252 250 258 262 253 240 240 246 250 253 256 279 309 313 306 294 286 280 278 279 277 274 269 263 260 258 254 250 247 240 238 237 236 237 236 237 238 238 231 220 215 211 204 185 169 173 200 227 235 236 238 239 237 239 240 239 244 251 259 263 254 242 236 234 233 229 226 224 225 227 230 233 238 239 237 237 236 233 231 233 235 232 224 224 233
221 231 236 231 227 228 229 232 238 241 247 260 267 261 252 250 247 245 246 253 265 283 299 304 300 296 292 288 287 284 279 273 266 262 261 256 251 248 243 237 237 239 238 236 236 238 238 231 221 215 212 207 189 173 176 198 227 238 241 240 238 237 239 239 238 240 243 246 255 263 256 247 242 237 233 229 225 224 225 225 227 231 234 233 233 233 229 227 231 233 229 222 224 236
224 233 238 232 230 233 232 232 236 236 240 256 266 261 262 262 252 242 240 248 260 271 281 289 292 294 294 295 295 292 282 273 268 265 263 258 252 251 246 238 235 237 238 238 236 235 234 228 217 213 212 208 193 177 179 198 223 238 243 242 236 236 236 235 237 240 241 240 243 251 261 262 258 251 243 237 231 228 227 224 223 228 231 231 231 231 226 225 231 234 229 221 224 236
220 230 234 229 228 232 233 232 235 233 236 247 255 257 265 269 259 244 236 239 249 264 273 276 279 283 292 299 300 296 281 271 268 266 264 259 255 254 250 242 237 237 238 241 240 236 233 226 215 212 213 209 196 183 181 195 213 227 234 233 231 234 233 232 235 239 239 239 239 240 248 260 267 269 264 254 246 241 235 231 228 230 231 229 229 228 222 223 229 232 228 221 226 237
