windninja/windninja_output/Output_2025-08-09_1900-1950_Google earth_Fire_150m_10min/merlingen_7.5mi_point_08-09-2025_1900_150m_vel.asc
ncols	158
nrows	163
xllcorner	391686.332397
yllcorner	5160024.123721
cellsize	150.000000
NODATA_value	-32768.000000
[rows 38 to 75 of 163, columns 0 to 83 of 158]
0.60 0.60 0.60 0.59 0.58 0.57 0.56 0.56 0.56 0.56 0.56 0.54 0.54 0.54 0.54 0.54 0.53 0.53 0.53 0.53 0.52 0.51 0.50 0.49 0.46 0.43 0.38 0.33 0.41 0.54 0.56 0.56 0.62 0.68 0.76 0.70 0.61 0.67 0.76 0.75 0.72 0.73 0.75 0.77 0.82 0.82 0.78 0.76 0.78 0.86 0.89 0.80 0.78 0.88 0.93 0.85 0.82 0.93 1.05 1.16 1.26 1.19 0.92 0.63 0.57 0.85 1.31 1.43 1.09 0.83 0.83 0.88 0.87 0.75 0.61 0.64 0.57 0.45 0.74 0.97 0.77 0.69 0.83 1.06
0.59 0.59 0.58 0.58 0.57 0.56 0.55 0.56 0.56 0.56 0.55 0.54 0.54 0.55 0.55 0.54 0.54 0.53 0.53 0.53 0.52 0.52 0.51 0.50 0.48 0.44 0.40 0.38 0.44 0.53 0.55 0.55 0.57 0.63 0.67 0.61 0.58 0.69 0.79 0.79 0.77 0.76 0.77 0.76 0.80 0.84 0.81 0.74 0.73 0.87 0.95 0.83 0.73 0.83 0.97 0.89 0.78 0.88 1.03 1.15 1.22 1.28 1.20 0.90 0.67 0.84 1.32 1.40 1.04 0.86 0.87 0.88 0.85 0.72 0.66 0.73 0.61 0.38 0.61 0.99 0.96 0.79 0.81 0.99
0.58 0.57 0.56 0.56 0.56 0.55 0.55 0.57 0.57 0.55 0.54 0.54 0.54 0.55 0.55 0.54 0.54 0.54 0.54 0.53 0.53 0.52 0.51 0.51 0.50 0.46 0.43 0.42 0.44 0.50 0.56 0.54 0.52 0.56 0.56 0.52 0.53 0.63 0.76 0.82 0.82 0.81 0.80 0.75 0.76 0.83 0.83 0.75 0.70 0.83 0.99 0.89 0.69 0.73 0.92 0.94 0.81 0.81 0.96 1.09 1.13 1.22 1.36 1.22 0.85 0.88 1.32 1.36 1.06 0.95 0.90 0.86 0.80 0.65 0.66 0.80 0.62 0.38 0.51 0.87 1.02 0.99 0.98 1.07
0.56 0.56 0.56 0.56 0.56 0.56 0.56 0.57 0.57 0.55 0.54 0.55 0.55 0.55 0.55 0.55 0.54 0.54 0.54 0.54 0.54 0.53 0.52 0.52 0.51 0.48 0.47 0.45 0.44 0.49 0.56 0.54 0.50 0.49 0.46 0.46 0.51 0.58 0.68 0.79 0.83 0.86 0.84 0.79 0.77 0.79 0.81 0.78 0.73 0.80 1.00 0.97 0.73 0.65 0.79 0.91 0.83 0.76 0.87 1.00 1.02 1.04 1.26 1.38 1.13 1.00 1.26 1.34 1.13 1.02 0.92 0.87 0.81 0.62 0.66 0.81 0.59 0.41 0.48 0.71 0.91 0.98 1.09 1.19
0.55 0.55 0.55 0.55 0.56 0.57 0.57 0.57 0.57 0.55 0.54 0.55 0.55 0.55 0.55 0.55 0.55 0.55 0.55 0.55 0.54 0.53 0.52 0.53 0.52 0.50 0.49 0.47 0.46 0.50 0.55 0.53 0.48 0.43 0.39 0.40 0.49 0.58 0.64 0.71 0.79 0.85 0.85 0.85 0.81 0.76 0.76 0.79 0.76 0.80 1.00 1.02 0.78 0.64 0.72 0.83 0.82 0.76 0.82 0.94 0.94 0.91 1.05 1.29 1.33 1.22 1.20 1.29 1.22 1.06 0.99 0.99 0.90 0.69 0.73 0.80 0.57 0.46 0.49 0.66 0.83 0.90 1.03 1.21
0.54 0.55 0.55 0.55 0.56 0.58 0.57 0.56 0.57 0.56 0.55 0.55 0.56 0.55 0.55 0.56 0.55 0.55 0.56 0.56 0.55 0.54 0.53 0.54 0.53 0.52 0.51 0.50 0.49 0.50 0.53 0.52 0.48 0.42 0.36 0.36 0.45 0.58 0.62 0.66 0.74 0.80 0.84 0.87 0.81 0.72 0.73 0.78 0.80 0.85 1.00 1.01 0.80 0.68 0.73 0.79 0.80 0.79 0.82 0.91 0.93 0.88 0.92 1.05 1.25 1.32 1.21 1.21 1.22 1.13 1.12 1.17 1.07 0.88 0.86 0.81 0.64 0.55 0.54 0.64 0.79 0.88 1.01 1.18
0.54 0.54 0.55 0.56 0.57 0.58 0.57 0.56 0.57 0.57 0.56 0.56 0.56 0.56 0.56 0.56 0.56 0.56 0.56 0.56 0.55 0.55 0.54 0.54 0.54 0.53 0.53 0.52 0.51 0.50 0.51 0.51 0.48 0.42 0.37 0.36 0.44 0.54 0.58 0.61 0.68 0.77 0.86 0.87 0.76 0.70 0.73 0.78 0.84 0.90 0.97 0.96 0.83 0.74 0.77 0.81 0.80 0.79 0.84 0.92 0.94 0.93 0.90 0.93 1.11 1.26 1.23 1.14 1.07 1.08 1.14 1.24 1.22 1.10 1.01 0.89 0.72 0.65 0.63 0.68 0.76 0.85 1.02 1.18
0.54 0.54 0.55 0.57 0.57 0.57 0.57 0.57 0.57 0.57 0.57 0.56 0.56 0.56 0.56 0.56 0.56 0.57 0.57 0.57 0.56 0.56 0.55 0.55 0.55 0.55 0.54 0.53 0.52 0.51 0.51 0.51 0.49 0.43 0.39 0.40 0.44 0.49 0.53 0.56 0.63 0.76 0.88 0.83 0.69 0.68 0.76 0.82 0.88 0.91 0.91 0.91 0.85 0.76 0.78 0.84 0.82 0.80 0.85 0.91 0.95 0.97 0.95 0.96 1.10 1.17 1.16 1.08 0.89 0.85 0.99 1.12 1.21 1.20 1.11 0.96 0.76 0.69 0.72 0.77 0.81 0.89 1.03 1.13
0.54 0.54 0.56 0.57 0.57 0.58 0.58 0.58 0.57 0.57 0.57 0.57 0.56 0.57 0.57 0.57 0.57 0.57 0.58 0.57 0.57 0.56 0.56 0.56 0.56 0.56 0.55 0.54 0.53 0.52 0.52 0.52 0.50 0.45 0.42 0.42 0.44 0.46 0.49 0.53 0.59 0.73 0.84 0.78 0.65 0.68 0.79 0.89 0.91 0.86 0.84 0.85 0.84 0.80 0.79 0.83 0.86 0.85 0.87 0.88 0.92 0.99 1.02 1.02 1.10 1.12 1.06 1.01 0.85 0.78 0.89 0.99 1.12 1.18 1.13 1.01 0.83 0.73 0.75 0.84 0.89 0.94 1.02 1.05
0.54 0.55 0.56 0.56 0.57 0.59 0.59 0.58 0.57 0.58 0.58 0.57 0.57 0.57 0.57 0.58 0.58 0.58 0.58 0.58 0.57 0.57 0.57 0.57 0.57 0.57 0.56 0.55 0.55 0.54 0.53 0.53 0.51 0.47 0.44 0.43 0.45 0.47 0.47 0.51 0.57 0.68 0.76 0.72 0.66 0.72 0.83 0.91 0.88 0.79 0.79 0.80 0.82 0.85 0.83 0.84 0.89 0.92 0.94 0.87 0.85 1.00 1.09 1.06 1.07 1.08 0.99 0.94 0.85 0.81 0.87 0.93 1.04 1.11 1.09 1.02 0.88 0.75 0.75 0.87 0.96 0.97 0.99 0.99
0.56 0.56 0.56 0.54 0.57 0.62 0.61 0.58 0.57 0.58 0.58 0.58 0.57 0.57 0.58 0.58 0.58 0.58 0.58 0.58 0.58 0.57 0.58 0.58 0.58 0.57 0.57 0.56 0.56 0.55 0.55 0.54 0.52 0.50 0.46 0.44 0.46 0.48 0.48 0.50 0.55 0.62 0.65 0.63 0.66 0.79 0.89 0.88 0.82 0.75 0.75 0.78 0.81 0.84 0.83 0.85 0.92 0.98 0.99 0.88 0.81 1.00 1.13 1.10 1.06 1.02 0.93 0.87 0.83 0.82 0.87 0.91 0.97 1.02 1.03 0.99 0.90 0.81 0.81 0.92 1.01 1.00 0.97 0.96
0.57 0.56 0.54 0.53 0.57 0.65 0.64 0.59 0.57 0.57 0.58 0.58 0.57 0.58 0.59 0.59 0.59 0.59 0.59 0.59 0.58 0.58 0.58 0.59 0.59 0.59 0.57 0.57 0.57 0.56 0.56 0.55 0.54 0.52 0.49 0.46 0.47 0.50 0.49 0.50 0.54 0.57 0.57 0.56 0.64 0.82 0.89 0.82 0.76 0.70 0.71 0.78 0.84 0.85 0.84 0.88 0.98 1.03 0.98 0.86 0.83 0.98 1.15 1.18 1.09 0.96 0.87 0.81 0.80 0.82 0.86 0.90 0.93 0.95 0.97 0.96 0.92 0.90 0.92 1.00 1.06 1.05 0.99 0.93
0.59 0.56 0.52 0.53 0.60 0.66 0.66 0.62 0.57 0.57 0.58 0.58 0.58 0.58 0.59 0.60 0.60 0.59 0.59 0.59 0.59 0.59 0.59 0.59 0.60 0.60 0.58 0.58 0.58 0.58 0.57 0.56 0.55 0.54 0.51 0.49 0.49 0.50 0.50 0.50 0.52 0.55 0.55 0.53 0.64 0.82 0.84 0.77 0.71 0.64 0.63 0.75 0.83 0.83 0.85 0.94 1.05 1.06 0.94 0.84 0.85 0.97 1.17 1.27 1.11 0.91 0.82 0.77 0.77 0.80 0.84 0.87 0.89 0.89 0.90 0.91 0.90 0.92 0.98 1.07 1.10 1.09 1.03 0.95
0.62 0.56 0.49 0.53 0.62 0.66 0.66 0.65 0.59 0.56 0.56 0.58 0.58 0.58 0.59 0.60 0.60 0.60 0.60 0.60 0.60 0.60 0.60 0.60 0.60 0.60 0.59 0.59 0.59 0.59 0.58 0.58 0.57 0.56 0.54 0.52 0.51 0.50 0.50 0.49 0.52 0.56 0.55 0.53 0.63 0.77 0.76 0.70 0.69 0.64 0.61 0.74 0.81 0.80 0.86 1.01 1.09 1.03 0.91 0.84 0.86 0.96 1.21 1.33 1.09 0.85 0.78 0.75 0.76 0.79 0.82 0.84 0.84 0.85 0.86 0.85 0.84 0.86 0.96 1.09 1.15 1.14 1.08 0.97
0.65 0.56 0.48 0.54 0.63 0.64 0.64 0.67 0.64 0.57 0.55 0.57 0.58 0.58 0.59 0.60 0.61 0.60 0.60 0.61 0.60 0.60 0.60 0.61 0.61 0.60 0.60 0.60 0.60 0.60 0.59 0.59 0.58 0.57 0.56 0.55 0.53 0.51 0.50 0.48 0.51 0.58 0.57 0.52 0.59 0.70 0.67 0.61 0.68 0.68 0.67 0.75 0.82 0.84 0.92 1.07 1.05 0.94 0.89 0.88 0.88 0.97 1.28 1.38 1.05 0.81 0.75 0.73 0.76 0.79 0.81 0.82 0.82 0.83 0.85 0.84 0.80 0.80 0.89 1.03 1.14 1.20 1.18 1.04
0.65 0.59 0.50 0.54 0.64 0.63 0.61 0.68 0.68 0.60 0.55 0.56 0.58 0.59 0.60 0.61 0.61 0.60 0.61 0.61 0.61 0.61 0.61 0.61 0.61 0.61 0.61 0.61 0.61 0.61 0.60 0.60 0.59 0.59 0.58 0.57 0.56 0.54 0.52 0.49 0.51 0.59 0.59 0.52 0.53 0.62 0.59 0.53 0.62 0.68 0.69 0.74 0.82 0.91 1.04 1.10 0.95 0.85 0.87 0.91 0.92 1.03 1.34 1.38 1.03 0.79 0.72 0.72 0.78 0.81 0.80 0.81 0.82 0.84 0.87 0.85 0.81 0.80 0.86 0.93 1.03 1.18 1.26 1.18
0.63 0.62 0.56 0.54 0.62 0.63 0.59 0.66 0.71 0.65 0.57 0.56 0.58 0.59 0.60 0.61 0.61 0.61 0.61 0.62 0.62 0.62 0.62 0.62 0.62 0.61 0.62 0.62 0.62 0.61 0.61 0.61 0.61 0.60 0.60 0.59 0.58 0.56 0.54 0.51 0.52 0.59 0.60 0.53 0.49 0.52 0.52 0.49 0.57 0.64 0.66 0.74 0.81 0.92 1.13 1.10 0.86 0.78 0.84 0.92 0.97 1.11 1.38 1.35 1.01 0.78 0.70 0.71 0.81 0.86 0.83 0.82 0.83 0.85 0.87 0.87 0.83 0.85 0.91 0.88 0.92 1.09 1.23 1.25
0.60 0.64 0.63 0.56 0.60 0.62 0.58 0.61 0.70 0.70 0.63 0.57 0.58 0.59 0.59 0.61 0.61 0.61 0.62 0.62 0.63 0.63 0.62 0.62 0.62 0.62 0.62 0.62 0.62 0.62 0.62 0.62 0.62 0.61 0.61 0.60 0.60 0.58 0.57 0.55 0.54 0.58 0.58 0.53 0.48 0.47 0.46 0.47 0.53 0.57 0.60 0.75 0.82 0.93 1.17 1.07 0.78 0.75 0.83 0.92 1.01 1.17 1.39 1.34 1.01 0.76 0.68 0.68 0.79 0.87 0.86 0.84 0.85 0.86 0.87 0.86 0.85 0.90 0.95 0.89 0.88 1.01 1.14 1.19
0.60 0.63 0.65 0.61 0.59 0.61 0.58 0.57 0.65 0.73 0.69 0.61 0.60 0.59 0.58 0.60 0.61 0.62 0.62 0.62 0.63 0.63 0.63 0.63 0.62 0.62 0.63 0.63 0.63 0.63 0.63 0.63 0.63 0.62 0.62 0.62 0.61 0.60 0.59 0.58 0.57 0.57 0.57 0.54 0.50 0.47 0.45 0.46 0.48 0.48 0.53 0.74 0.82 0.95 1.17 0.99 0.73 0.74 0.83 0.92 1.03 1.18 1.36 1.34 1.04 0.74 0.64 0.63 0.71 0.81 0.83 0.87 0.89 0.88 0.88 0.86 0.87 0.94 0.96 0.92 0.90 0.96 1.05 1.11
0.62 0.63 0.64 0.64 0.62 0.63 0.61 0.57 0.60 0.71 0.71 0.65 0.63 0.61 0.58 0.59 0.61 0.62 0.62 0.62 0.63 0.64 0.64 0.64 0.63 0.63 0.63 0.64 0.64 0.64 0.64 0.64 0.64 0.63 0.63 0.63 0.62 0.62 0.61 0.60 0.59 0.58 0.57 0.55 0.53 0.50 0.46 0.44 0.44 0.41 0.46 0.70 0.82 0.96 1.15 0.92 0.69 0.75 0.86 0.95 1.06 1.17 1.31 1.34 1.10 0.78 0.63 0.62 0.68 0.75 0.80 0.87 0.90 0.89 0.89 0.87 0.90 0.97 0.97 0.95 0.95 0.98 1.02 1.06
0.64 0.63 0.63 0.64 0.64 0.64 0.64 0.60 0.60 0.68 0.68 0.65 0.67 0.67 0.61 0.59 0.60 0.61 0.62 0.62 0.63 0.63 0.64 0.64 0.63 0.63 0.64 0.64 0.64 0.64 0.64 0.64 0.64 0.64 0.64 0.64 0.63 0.63 0.62 0.62 0.61 0.60 0.59 0.57 0.55 0.53 0.49 0.45 0.41 0.36 0.38 0.61 0.81 0.97 1.09 0.87 0.67 0.75 0.90 0.98 1.04 1.15 1.26 1.31 1.16 0.87 0.67 0.63 0.68 0.76 0.81 0.86 0.90 0.90 0.89 0.87 0.91 0.97 0.97 0.96 0.98 1.03 1.06 1.06
0.64 0.63 0.63 0.64 0.64 0.65 0.67 0.65 0.64 0.66 0.63 0.61 0.66 0.72 0.68 0.62 0.59 0.60 0.61 0.62 0.63 0.64 0.65 0.64 0.64 0.64 0.64 0.65 0.65 0.65 0.65 0.65 0.65 0.65 0.65 0.65 0.65 0.64 0.64 0.63 0.62 0.61 0.60 0.59 0.57 0.55 0.52 0.48 0.42 0.36 0.35 0.52 0.79 0.95 1.01 0.84 0.68 0.78 0.92 0.97 1.00 1.09 1.20 1.27 1.18 0.94 0.73 0.64 0.68 0.78 0.81 0.83 0.88 0.89 0.87 0.87 0.92 0.94 0.93 0.94 0.96 1.04 1.09 1.10
0.64 0.63 0.63 0.64 0.65 0.66 0.68 0.69 0.69 0.66 0.61 0.57 0.61 0.71 0.74 0.68 0.62 0.60 0.60 0.61 0.62 0.64 0.65 0.64 0.64 0.64 0.65 0.65 0.65 0.66 0.66 0.66 0.66 0.66 0.66 0.66 0.65 0.65 0.65 0.64 0.64 0.63 0.62 0.61 0.59 0.57 0.55 0.51 0.46 0.40 0.35 0.46 0.73 0.90 0.92 0.81 0.74 0.85 0.93 0.94 0.95 1.00 1.11 1.20 1.17 1.00 0.77 0.62 0.66 0.78 0.81 0.81 0.85 0.87 0.84 0.86 0.93 0.93 0.91 0.92 0.93 1.00 1.07 1.08
0.63 0.63 0.64 0.64 0.66 0.67 0.69 0.72 0.71 0.68 0.62 0.57 0.58 0.66 0.72 0.74 0.70 0.64 0.61 0.60 0.61 0.63 0.64 0.64 0.64 0.65 0.65 0.66 0.66 0.66 0.66 0.66 0.66 0.67 0.67 0.66 0.66 0.66 0.66 0.65 0.65 0.64 0.63 0.62 0.61 0.60 0.58 0.55 0.51 0.45 0.38 0.44 0.65 0.82 0.82 0.76 0.81 0.91 0.92 0.90 0.90 0.93 1.00 1.10 1.11 1.01 0.81 0.64 0.67 0.79 0.80 0.82 0.84 0.85 0.82 0.84 0.91 0.92 0.91 0.93 0.94 0.98 1.04 1.05
0.64 0.64 0.64 0.65 0.66 0.68 0.71 0.74 0.73 0.70 0.65 0.59 0.58 0.60 0.65 0.74 0.76 0.71 0.65 0.61 0.61 0.62 0.63 0.64 0.64 0.66 0.66 0.66 0.66 0.66 0.67 0.67 0.67 0.67 0.67 0.67 0.67 0.67 0.67 0.66 0.66 0.65 0.64 0.64 0.63 0.61 0.60 0.58 0.55 0.50 0.43 0.44 0.61 0.72 0.70 0.73 0.87 0.93 0.90 0.88 0.86 0.87 0.93 0.99 1.03 0.98 0.82 0.71 0.73 0.78 0.79 0.82 0.85 0.82 0.80 0.84 0.88 0.90 0.90 0.92 0.95 0.99 1.04 1.06
0.65 0.64 0.65 0.66 0.66 0.69 0.72 0.75 0.74 0.72 0.68 0.62 0.58 0.57 0.59 0.67 0.75 0.76 0.72 0.66 0.63 0.61 0.62 0.63 0.64 0.66 0.68 0.67 0.66 0.67 0.67 0.67 0.67 0.68 0.68 0.68 0.68 0.68 0.68 0.67 0.67 0.66 0.66 0.65 0.64 0.63 0.62 0.60 0.58 0.54 0.48 0.47 0.58 0.65 0.60 0.70 0.91 0.95 0.89 0.85 0.82 0.83 0.87 0.91 0.95 0.91 0.75 0.71 0.76 0.78 0.79 0.83 0.87 0.81 0.77 0.82 0.86 0.88 0.90 0.93 0.98 1.01 1.06 1.10
0.67 0.66 0.66 0.67 0.68 0.69 0.71 0.74 0.74 0.73 0.72 0.67 0.59 0.56 0.57 0.61 0.70 0.75 0.76 0.73 0.68 0.63 0.62 0.62 0.62 0.66 0.69 0.68 0.66 0.67 0.67 0.67 0.68 0.68 0.68 0.68 0.68 0.68 0.68 0.68 0.68 0.67 0.67 0.66 0.66 0.65 0.64 0.63 0.61 0.58 0.54 0.51 0.57 0.61 0.54 0.61 0.89 0.97 0.90 0.84 0.77 0.75 0.81 0.89 0.92 0.81 0.69 0.68 0.72 0.75 0.78 0.84 0.88 0.80 0.74 0.78 0.84 0.87 0.89 0.94 1.00 1.02 1.06 1.12
0.67 0.67 0.68 0.69 0.70 0.70 0.71 0.74 0.75 0.73 0.74 0.73 0.62 0.55 0.57 0.60 0.64 0.69 0.75 0.78 0.74 0.67 0.65 0.63 0.61 0.65 0.69 0.68 0.67 0.68 0.67 0.68 0.68 0.69 0.69 0.69 0.69 0.69 0.69 0.69 0.69 0.68 0.68 0.68 0.67 0.66 0.66 0.65 0.63 0.62 0.59 0.56 0.57 0.60 0.53 0.55 0.80 0.96 0.93 0.84 0.69 0.63 0.75 0.92 0.94 0.82 0.70 0.66 0.68 0.71 0.75 0.84 0.88 0.79 0.71 0.72 0.78 0.82 0.84 0.92 0.99 1.02 1.05 1.12
0.63 0.68 0.73 0.72 0.72 0.72 0.70 0.72 0.76 0.75 0.75 0.74 0.65 0.56 0.56 0.60 0.61 0.63 0.68 0.77 0.77 0.72 0.70 0.67 0.63 0.64 0.67 0.67 0.68 0.69 0.68 0.68 0.68 0.69 0.69 0.69 0.69 0.70 0.70 0.70 0.69 0.69 0.69 0.69 0.68 0.68 0.67 0.66 0.66 0.64 0.63 0.61 0.60 0.60 0.56 0.57 0.70 0.87 0.94 0.85 0.64 0.54 0.72 0.91 0.94 0.87 0.75 0.66 0.66 0.68 0.71 0.81 0.86 0.77 0.71 0.69 0.71 0.75 0.78 0.87 0.98 1.02 1.06 1.15
0.52 0.65 0.77 0.78 0.78 0.75 0.68 0.69 0.78 0.81 0.78 0.73 0.67 0.61 0.56 0.57 0.61 0.61 0.63 0.71 0.74 0.74 0.76 0.74 0.68 0.66 0.67 0.67 0.68 0.68 0.68 0.68 0.69 0.69 0.69 0.70 0.70 0.70 0.70 0.70 0.70 0.70 0.70 0.70 0.69 0.69 0.69 0.68 0.67 0.67 0.66 0.65 0.64 0.63 0.61 0.61 0.67 0.76 0.85 0.83 0.61 0.50 0.64 0.83 0.90 0.87 0.79 0.70 0.67 0.67 0.68 0.77 0.82 0.75 0.68 0.66 0.66 0.67 0.72 0.81 0.92 1.02 1.11 1.17
0.40 0.57 0.75 0.81 0.87 0.83 0.66 0.66 0.81 0.87 0.81 0.72 0.68 0.65 0.59 0.57 0.61 0.63 0.62 0.66 0.68 0.70 0.75 0.77 0.74 0.71 0.70 0.71 0.69 0.68 0.68 0.67 0.68 0.69 0.69 0.70 0.70 0.70 0.71 0.71 0.71 0.71 0.71 0.71 0.70 0.70 0.70 0.70 0.69 0.69 0.68 0.68 0.67 0.66 0.65 0.65 0.67 0.69 0.75 0.76 0.60 0.51 0.61 0.74 0.80 0.81 0.79 0.75 0.71 0.69 0.68 0.74 0.79 0.70 0.62 0.62 0.60 0.59 0.63 0.72 0.84 0.99 1.18 1.20
0.40 0.49 0.66 0.76 0.87 0.88 0.70 0.64 0.84 0.94 0.84 0.73 0.70 0.66 0.62 0.60 0.63 0.65 0.63 0.62 0.64 0.67 0.71 0.75 0.74 0.73 0.79 0.79 0.73 0.69 0.67 0.66 0.67 0.68 0.69 0.70 0.70 0.71 0.71 0.71 0.71 0.71 0.71 0.71 0.71 0.71 0.71 0.71 0.71 0.70 0.70 0.70 0.69 0.69 0.69 0.68 0.69 0.69 0.70 0.70 0.62 0.56 0.61 0.68 0.69 0.69 0.72 0.73 0.71 0.70 0.70 0.75 0.78 0.67 0.59 0.59 0.55 0.52 0.53 0.65 0.82 0.99 1.18 1.28
0.51 0.55 0.63 0.71 0.81 0.85 0.71 0.62 0.82 0.96 0.85 0.73 0.72 0.71 0.67 0.65 0.66 0.69 0.67 0.62 0.63 0.66 0.69 0.72 0.66 0.68 0.85 0.89 0.79 0.73 0.69 0.67 0.66 0.67 0.68 0.69 0.70 0.71 0.71 0.71 0.72 0.72 0.72 0.72 0.72 0.72 0.72 0.72 0.72 0.72 0.71 0.71 0.71 0.71 0.71 0.71 0.71 0.70 0.70 0.69 0.65 0.62 0.63 0.65 0.62 0.61 0.64 0.66 0.65 0.64 0.67 0.78 0.78 0.64 0.58 0.58 0.55 0.50 0.48 0.60 0.80 0.99 1.12 1.38
0.63 0.63 0.67 0.71 0.77 0.79 0.70 0.65 0.81 0.95 0.81 0.70 0.71 0.71 0.69 0.67 0.69 0.73 0.72 0.67 0.65 0.66 0.69 0.69 0.59 0.59 0.82 0.95 0.88 0.79 0.74 0.70 0.67 0.66 0.66 0.68 0.70 0.70 0.71 0.71 0.72 0.72 0.72 0.73 0.73 0.73 0.73 0.73 0.73 0.73 0.73 0.73 0.72 0.72 0.72 0.72 0.72 0.72 0.71 0.70 0.68 0.66 0.66 0.65 0.62 0.60 0.60 0.60 0.58 0.55 0.59 0.74 0.75 0.60 0.55 0.58 0.57 0.51 0.48 0.57 0.74 0.94 1.11 1.53
0.72 0.72 0.72 0.72 0.74 0.76 0.73 0.72 0.82 0.88 0.75 0.70 0.70 0.68 0.68 0.67 0.67 0.71 0.73 0.71 0.69 0.70 0.70 0.68 0.58 0.54 0.72 0.92 0.94 0.87 0.80 0.76 0.72 0.67 0.65 0.67 0.69 0.70 0.71 0.71 0.72 0.72 0.73 0.73 0.73 0.74 0.74 0.74 0.74 0.74 0.74 0.74 0.74 0.74 0.73 0.73 0.73 0.73 0.72 0.71 0.70 0.69 0.68 0.67 0.65 0.62 0.60 0.58 0.55 0.53 0.54 0.63 0.67 0.55 0.51 0.54 0.57 0.52 0.48 0.56 0.71 0.90 1.20 1.64
0.82 0.80 0.76 0.73 0.74 0.77 0.76 0.76 0.80 0.78 0.73 0.72 0.70 0.67 0.67 0.67 0.67 0.69 0.70 0.70 0.71 0.73 0.73 0.70 0.60 0.54 0.66 0.83 0.93 0.93 0.86 0.82 0.80 0.73 0.67 0.66 0.67 0.68 0.70 0.71 0.72 0.73 0.73 0.74 0.74 0.74 0.74 0.75 0.75 0.75 0.75 0.75 0.75 0.75 0.74 0.74 0.74 0.74 0.73 0.73 0.72 0.71 0.70 0.69 0.67 0.65 0.63 0.60 0.58 0.56 0.55 0.55 0.55 0.48 0.46 0.50 0.53 0.51 0.46 0.53 0.71 0.95 1.32 1.59
0.92 0.89 0.80 0.74 0.75 0.78 0.77 0.77 0.77 0.73 0.71 0.72 0.70 0.68 0.67 0.67 0.67 0.68 0.68 0.68 0.69 0.72 0.73 0.71 0.63 0.57 0.63 0.76 0.87 0.93 0.90 0.86 0.85 0.81 0.72 0.67 0.67 0.68 0.69 0.70 0.71 0.72 0.73 0.74 0.74 0.75 0.75 0.75 0.75 0.76 0.76 0.76 0.76 0.75 0.75 0.75 0.75 0.75 0.74 0.74 0.73 0.72 0.72 0.71 0.69 0.67 0.65 0.63 0.62 0.60 0.56 0.52 0.49 0.43 0.42 0.47 0.49 0.47 0.44 0.50 0.76 1.08 1.37 1.41
1.02 0.97 0.86 0.77 0.76 0.80 0.78 0.76 0.75 0.72 0.70 0.70 0.69 0.68 0.68 0.67 0.67 0.67 0.68 0.68 0.68 0.70 0.72 0.71 0.66 0.59 0.61 0.71 0.81 0.90 0.91 0.88 0.88 0.87 0.79 0.71 0.69 0.69 0.69 0.69 0.70 0.72 0.73 0.74 0.75 0.75 0.76 0.76 0.76 0.76 0.76 0.76 0.76 0.76 0.76 0.76 0.76 0.76 0.75 0.75 0.74 0.74 0.73 0.72 0.71 0.69 0.68 0.66 0.64 0.62 0.58 0.54 0.49 0.42 0.40 0.43 0.42 0.41 0.41 0.52 0.85 1.17 1.30 1.18
