windninja/windninja_output/Output_2025-08-09_1900-1950_Google earth_Fire_150m_10min/merlingen_7.5mi_point_08-09-2025_1940_150m_ang.asc
ncols	158
nrows	163
xllcorner	391686.332397
yllcorner	5160024.123721
cellsize	150.000000
NODATA_value	-32768.000000
[rows 0 to 41 of 163, columns 0 to 93 of 158]
234 234 234 232 232 233 232 228 228 229 227 223 218 218 223 233 242 245 245 250 248 231 223 225 230 235 235 230 228 229 229 230 232 232 231 235 240 241 242 240 236 235 236 237 239 241 245 245 237 231 227 225 225 226 227 228 228 229 230 230 228 227 226 225 222 221 222 225 229 230 229 228 227 225 225 226 227 230 232 230 229 227 228 231 233 232 228 228 230 227 226 227 226 224
234 235 235 233 234 234 232 232 233 233 229 221 215 217 224 231 236 238 241 244 240 228 223 226 230 233 232 230 230 231 231 232 232 232 232 235 236 237 237 235 234 234 233 234 236 236 237 237 235 232 230 229 230 230 229 229 228 228 229 229 228 227 226 225 223 223 224 227 229 229 228 227 226 225 226 226 227 229 230 229 227 227 229 231 232 232 228 228 230 229 228 229 228 227
232 234 234 233 235 234 232 233 235 233 226 216 212 216 224 230 232 232 234 235 232 225 222 226 230 231 229 229 231 232 233 234 233 233 233 233 232 231 231 230 230 231 231 231 231 230 229 229 228 229 230 231 231 232 231 229 228 228 228 228 227 226 226 225 224 225 226 229 230 229 227 226 226 226 226 226 225 228 229 226 224 226 230 229 230 229 224 225 227 228 230 230 228 227
227 231 231 231 233 231 229 229 228 225 219 211 211 217 225 231 232 231 231 232 230 227 222 223 228 228 226 226 226 228 230 231 233 233 232 231 231 231 230 229 228 227 228 229 228 227 226 226 225 224 225 225 226 227 228 228 228 228 228 228 226 225 225 226 225 225 226 230 231 229 226 226 227 228 228 227 226 228 229 225 221 224 228 226 228 228 221 220 221 222 223 225 224 222
225 229 230 229 231 229 227 229 228 224 218 211 210 218 228 233 234 234 233 233 232 230 225 221 225 225 223 222 221 221 223 225 228 229 229 229 230 230 229 227 225 224 225 225 225 225 225 225 224 224 224 224 225 227 228 228 229 229 229 228 228 226 225 226 226 225 226 230 232 229 227 228 229 228 228 229 230 231 230 226 222 225 228 226 228 229 223 217 217 216 217 220 219 216
228 230 230 229 230 229 229 231 230 226 221 215 212 220 231 235 236 236 235 235 235 235 230 222 224 225 224 222 221 220 221 223 224 224 224 225 226 225 225 224 223 223 225 226 226 226 226 226 226 225 225 225 226 228 229 229 229 229 228 228 227 226 225 225 226 225 226 230 231 227 226 229 230 227 225 227 229 231 230 227 226 228 230 227 228 230 227 222 220 217 215 216 214 210
231 233 233 232 231 230 231 232 230 226 222 218 215 223 234 236 236 235 234 233 235 236 234 227 225 227 227 226 224 222 222 224 224 223 222 222 222 223 223 223 223 225 227 229 229 229 229 228 227 226 225 225 226 227 229 230 230 229 228 227 225 223 222 224 225 225 226 229 229 225 223 226 227 224 222 224 226 227 225 224 227 228 228 228 229 231 230 228 227 223 220 219 217 214
232 233 234 236 236 235 235 233 231 228 224 219 216 223 233 236 235 234 232 231 233 235 233 229 226 227 229 229 226 225 226 227 226 225 225 225 224 224 225 226 227 228 230 231 231 231 230 230 228 226 226 227 226 226 229 230 229 229 227 225 222 220 220 221 223 224 226 228 228 224 223 225 225 222 221 223 227 227 223 223 229 229 226 225 226 228 228 228 227 226 226 227 227 225
232 233 235 237 239 240 239 236 232 230 227 222 218 222 232 235 234 234 233 232 234 234 232 228 224 221 225 227 226 227 231 231 229 229 231 231 230 229 230 231 232 232 233 233 233 232 231 231 229 226 227 228 227 227 230 230 228 227 226 224 224 223 221 222 223 225 226 226 225 224 225 228 228 226 224 225 228 227 224 225 231 232 226 221 221 221 221 221 219 215 214 217 221 220
233 234 236 236 237 238 238 236 234 231 229 226 222 224 232 235 234 234 232 232 233 232 230 227 223 218 219 225 225 228 232 232 230 232 233 233 232 232 233 234 234 234 234 234 234 233 232 232 231 227 229 230 228 229 232 232 230 229 229 229 229 229 227 227 229 229 228 226 224 224 228 230 230 228 227 227 230 228 223 224 228 229 226 221 221 220 219 218 213 209 210 212 213 211
233 234 236 236 236 236 235 235 233 232 231 229 226 227 234 237 236 235 233 233 232 231 230 227 223 219 216 221 225 228 233 233 232 235 236 235 233 233 233 234 233 233 234 234 236 236 235 234 234 232 235 235 232 234 237 238 238 238 238 237 237 238 236 237 239 236 233 229 225 227 230 231 229 227 227 229 231 230 223 222 224 225 224 223 224 222 220 222 218 212 215 217 215 213
234 235 236 236 235 235 235 234 233 232 231 230 229 228 235 239 238 237 236 236 235 233 231 228 224 221 218 222 228 231 234 236 236 238 239 237 236 235 235 234 234 235 234 233 235 236 236 238 239 241 246 246 246 248 250 250 248 246 246 246 249 251 251 253 253 250 244 237 230 230 231 230 228 225 223 224 225 225 221 219 221 222 221 220 219 216 219 225 220 212 219 225 223 217
235 236 236 236 235 235 235 235 234 233 233 232 230 230 236 243 243 240 238 237 237 236 234 231 228 226 224 227 232 235 236 237 238 238 238 239 239 238 237 236 235 235 234 233 234 235 235 238 244 249 254 256 258 261 263 263 258 253 250 252 257 260 264 270 272 268 261 251 239 234 232 230 228 224 218 217 218 219 217 215 218 220 220 219 218 215 219 224 218 210 219 228 226 221
236 236 236 236 236 235 235 235 235 234 233 233 230 230 236 244 248 246 242 240 239 238 237 236 233 230 228 229 232 234 237 239 240 239 238 239 239 238 238 237 237 238 238 240 242 242 238 236 240 247 251 254 256 260 265 269 267 259 250 248 252 255 258 264 271 273 272 271 265 247 236 233 230 224 218 217 221 222 221 219 219 221 221 223 223 220 222 227 222 217 225 233 232 231
236 236 236 236 236 236 236 235 235 234 234 233 231 228 233 241 246 247 246 244 242 240 239 237 234 232 229 229 231 233 236 240 241 239 237 237 237 238 239 241 244 245 247 251 252 249 246 240 236 238 242 245 245 248 252 256 258 252 242 240 243 245 245 244 247 253 258 266 277 278 250 238 233 227 222 224 228 230 230 230 229 226 227 229 228 227 230 231 228 228 237 245 245 245
237 237 237 237 237 237 236 236 236 235 235 234 232 229 231 238 240 241 242 244 242 239 237 235 234 233 230 229 231 232 234 236 234 235 237 240 243 244 245 246 249 247 247 248 246 243 243 244 239 236 235 233 231 232 234 235 237 235 230 234 239 239 238 234 232 237 241 246 253 269 277 254 241 233 228 229 231 233 235 236 234 232 234 236 236 236 238 239 237 237 242 248 249 249
237 237 237 237 237 237 237 236 236 236 236 235 234 232 234 239 240 238 237 238 239 237 235 234 234 233 230 229 230 231 233 234 233 237 242 247 250 249 247 245 244 241 239 239 237 236 237 237 238 237 234 229 226 227 228 229 230 228 223 229 236 238 236 230 229 234 236 237 239 240 251 267 259 246 235 232 231 233 235 235 233 233 237 240 243 245 246 246 248 245 240 240 241 242
237 237 237 237 237 237 237 236 236 236 236 235 235 236 238 243 243 240 237 237 237 237 236 236 236 235 232 231 232 233 235 236 236 238 240 243 243 242 239 238 237 237 238 238 236 236 235 232 231 233 234 231 229 229 229 229 229 227 223 226 233 235 233 228 229 232 235 235 235 234 235 241 251 252 244 236 232 234 237 239 238 240 241 243 245 248 248 246 248 249 243 238 237 237
238 238 237 237 237 237 237 237 236 236 236 236 236 237 239 243 245 243 241 239 239 238 238 238 238 237 235 235 236 238 238 236 234 234 236 238 238 238 237 237 238 237 238 237 236 236 236 233 231 233 234 234 233 231 229 228 228 227 225 227 232 234 231 228 229 232 234 235 234 233 231 226 230 237 240 243 244 246 249 249 249 250 247 243 240 239 239 239 242 245 243 239 238 237
238 238 238 237 237 237 237 237 237 236 236 236 237 237 239 242 244 244 242 240 239 238 238 237 237 237 236 236 236 236 235 233 233 235 238 240 240 239 237 236 235 234 234 234 234 234 234 233 233 235 236 236 235 232 229 227 227 228 228 229 233 235 234 232 232 234 236 234 231 229 226 221 223 226 227 230 241 249 252 251 250 249 246 240 235 234 234 235 240 242 238 232 236 238
239 238 238 238 237 237 237 237 237 237 237 237 237 237 238 239 241 241 239 238 237 237 236 235 235 235 235 235 235 233 231 230 231 234 236 236 236 234 231 230 230 231 232 233 233 234 235 233 233 235 236 235 234 232 231 230 228 228 229 230 232 235 236 233 233 234 233 232 230 227 223 221 224 227 225 220 222 230 237 242 243 242 240 237 234 234 234 235 239 241 235 226 231 236
239 238 238 238 238 238 237 237 237 237 237 237 237 237 237 237 238 238 237 237 236 235 235 235 234 234 234 234 234 232 229 227 228 230 230 229 230 229 228 228 229 230 231 233 234 236 236 234 232 233 234 233 233 233 233 232 232 230 229 229 230 233 235 233 232 233 230 229 229 226 223 223 226 230 228 216 213 220 226 231 235 236 237 236 232 232 232 233 238 238 231 220 224 233
239 239 238 238 238 238 237 237 237 237 237 236 236 236 236 236 236 236 236 235 235 234 234 233 233 232 232 232 232 231 228 224 226 230 231 232 233 232 230 230 229 229 231 233 235 236 234 232 231 231 233 233 233 233 232 232 232 230 228 229 230 233 235 233 231 229 226 227 227 225 223 224 227 230 226 212 207 215 221 226 228 229 232 233 230 229 227 230 235 235 228 215 219 230
239 239 238 238 238 238 238 237 237 237 237 236 236 236 236 236 235 235 235 234 233 233 232 232 231 231 231 232 233 233 229 226 229 232 234 235 236 236 234 232 230 230 231 232 234 233 230 230 231 231 234 234 233 233 231 230 231 230 226 227 230 233 236 236 232 228 226 227 227 226 225 226 230 230 224 213 206 214 221 224 226 226 228 230 229 228 227 230 234 234 227 215 220 231
239 239 239 239 238 238 238 238 238 238 237 236 236 236 235 235 235 235 234 234 233 232 231 231 230 229 229 232 236 237 233 232 233 234 235 235 235 236 236 233 231 230 229 231 232 230 229 230 232 233 234 234 233 232 231 229 229 229 226 227 231 235 237 237 233 230 230 230 230 231 231 231 232 230 223 216 214 220 223 223 225 224 224 225 227 229 230 234 238 236 226 214 221 230
240 240 239 239 239 238 237 238 238 238 237 236 236 236 235 234 234 234 234 233 232 232 231 229 228 226 226 230 236 238 236 236 236 234 233 232 232 235 237 235 232 230 229 232 233 230 229 231 232 233 233 234 235 234 232 229 227 227 228 230 234 237 237 234 229 226 227 227 229 232 235 236 234 229 220 214 221 227 225 221 222 222 220 221 224 225 223 226 235 236 223 211 218 227
240 240 239 239 239 238 238 238 238 237 236 236 236 236 235 235 234 234 233 233 232 231 230 227 226 222 221 228 234 235 235 238 240 238 235 231 230 234 236 234 231 230 231 233 232 227 227 229 231 230 230 233 235 235 233 226 223 225 229 231 237 242 240 233 228 225 222 222 224 229 235 237 233 227 216 210 220 229 227 219 221 221 219 219 222 221 217 219 229 232 222 208 214 222
240 240 239 239 239 238 238 239 238 237 236 236 236 236 235 235 234 233 233 232 231 230 228 226 224 219 219 226 230 231 232 237 240 241 240 234 231 234 236 233 230 231 231 230 227 222 222 226 229 228 226 228 230 231 230 220 216 222 226 229 237 243 241 235 231 227 222 220 223 230 236 236 230 223 213 207 217 228 228 220 221 222 221 222 224 223 218 219 227 229 222 210 211 220
240 240 240 239 239 239 238 239 238 237 237 236 236 236 235 235 234 233 232 232 231 229 228 226 222 217 216 222 224 224 227 232 235 236 236 233 230 233 235 230 226 227 226 226 223 219 220 223 227 226 221 223 226 228 227 214 207 218 227 232 238 238 234 230 229 227 221 219 226 233 235 232 225 220 212 208 217 230 231 227 223 221 223 228 230 229 225 225 228 228 224 217 213 219
240 240 240 240 239 239 239 239 238 237 237 236 236 235 235 234 233 233 232 232 231 229 227 225 221 216 215 219 220 219 221 226 229 231 229 221 219 226 230 225 221 221 219 221 219 216 218 220 223 221 216 218 222 225 223 211 205 218 230 238 242 238 232 228 228 227 221 220 231 238 238 232 225 220 213 211 218 229 234 235 230 223 227 233 235 233 231 230 230 228 225 223 220 222
241 241 240 239 240 240 239 238 238 237 236 236 236 235 235 234 233 232 232 232 230 229 227 224 221 217 216 219 219 219 223 227 228 228 224 213 212 222 227 222 219 218 216 218 217 215 217 219 221 220 216 218 222 225 223 214 212 224 236 243 243 238 234 232 232 230 222 223 236 244 243 236 230 223 213 210 214 223 231 235 232 224 227 234 233 230 229 229 228 227 227 227 228 233
241 241 240 239 240 240 238 238 237 237 236 236 236 235 235 234 233 233 232 231 230 228 227 224 221 218 217 218 219 222 228 231 230 230 226 212 211 223 226 222 220 220 220 222 220 218 221 225 227 227 226 226 227 229 227 217 218 230 241 246 242 233 229 232 235 233 224 226 239 245 242 236 231 222 212 210 212 219 227 232 230 222 224 232 234 233 233 233 233 233 233 232 233 239
241 241 240 240 241 240 238 238 237 237 236 236 236 235 234 234 233 233 232 232 231 229 226 225 223 220 217 215 213 216 223 227 229 233 231 216 213 226 228 225 225 224 224 226 225 224 228 231 231 232 234 234 233 233 229 219 220 229 239 245 242 230 222 226 234 234 226 225 236 240 236 229 225 218 210 209 210 215 225 231 229 223 225 230 234 238 241 239 237 238 238 237 236 239
241 241 240 241 242 240 238 238 238 237 236 236 236 235 234 233 233 233 232 231 231 229 227 225 223 220 217 213 209 212 220 226 227 232 233 220 213 226 228 226 227 226 225 228 229 230 234 234 234 236 236 236 237 236 232 226 225 230 235 239 237 226 214 220 230 233 229 228 235 236 230 223 221 215 210 207 207 211 220 226 226 223 226 229 229 231 235 235 233 233 235 236 238 240
241 240 240 241 241 239 238 237 238 237 236 236 236 235 234 234 233 233 232 231 231 230 228 226 224 221 217 213 210 215 226 229 229 231 231 222 212 223 226 224 226 227 228 231 234 237 238 237 237 239 239 238 239 238 237 235 234 236 237 238 235 225 210 215 227 232 233 234 237 237 230 224 222 217 212 209 208 212 218 223 223 221 223 228 227 225 229 230 228 228 229 231 235 239
241 240 240 241 240 238 237 237 237 237 236 236 236 235 235 234 233 233 232 231 231 230 228 227 226 223 219 215 214 222 231 232 231 231 230 223 215 220 226 227 228 230 232 234 236 239 238 237 237 237 237 237 237 236 236 236 237 239 241 242 240 231 214 213 224 230 232 234 237 239 233 229 227 222 218 214 212 219 227 228 225 222 224 229 231 226 226 227 225 224 225 227 232 238
241 241 241 241 240 238 237 237 237 237 236 236 236 235 235 234 234 233 232 232 231 230 229 228 227 224 221 216 217 226 231 231 231 233 232 227 220 220 227 231 232 233 234 234 236 236 234 234 236 236 235 234 233 232 232 232 233 235 238 241 241 235 221 213 220 227 232 234 236 236 234 236 234 228 221 215 213 220 230 234 231 227 226 229 233 232 224 223 223 222 223 227 232 237
241 241 242 241 240 238 238 237 237 237 237 236 235 235 235 234 234 233 233 232 232 231 230 229 227 224 221 216 218 226 228 229 232 235 235 229 223 224 230 232 232 233 233 234 235 234 232 232 233 234 235 232 230 231 232 231 229 230 232 236 237 234 225 215 217 228 235 238 236 230 229 233 233 226 218 216 213 212 222 230 229 226 226 227 232 232 221 217 222 223 223 227 232 237
241 241 241 241 239 239 238 238 238 237 236 236 235 235 235 234 234 233 233 232 232 231 230 229 228 226 222 216 220 228 229 230 233 235 234 228 223 227 232 231 231 231 231 232 232 231 229 227 225 228 230 227 225 227 230 227 223 224 226 228 229 227 223 216 216 228 241 244 237 227 225 225 224 220 215 217 213 202 215 225 223 220 222 225 231 231 221 212 218 222 223 227 236 241
242 242 241 240 239 239 238 238 238 237 236 236 235 235 235 235 234 234 233 233 232 231 231 230 229 227 224 221 226 232 235 234 234 234 232 225 220 225 228 229 230 231 231 229 228 228 227 224 222 225 228 225 219 219 222 219 214 215 218 220 220 221 222 221 218 227 241 244 234 227 225 224 224 219 214 218 211 193 204 219 219 217 222 228 235 234 225 213 213 218 220 228 240 243
242 242 241 240 239 238 238 238 238 237 236 236 236 235 235 235 234 234 233 233 233 232 231 231 230 229 227 227 230 235 239 238 236 235 230 224 221 223 226 227 228 229 229 227 226 226 225 222 218 222 227 225 214 212 217 216 211 211 217 220 220 221 224 226 223 226 238 239 231 227 227 228 229 219 214 218 209 190 196 213 216 216 221 228 233 234 227 215 212 216 219 228 239 242
241 241 240 240 239 239 238 239 238 237 236 236 236 235 235 235 234 234 234 233 233 232 231 231 231 230 230 230 231 235 239 238 235 233 227 222 224 226 227 225 223 223 222 222 222 220 218 216 214 218 225 224 215 212 219 222 218 217 223 228 226 223 225 227 225 226 233 233 228 225 224 226 226 215 212 217 206 190 195 210 217 216 219 224 227 227 221 214 214 217 220 229 236 239
