windninja/windninja_output/Output_2025-08-09_1900-1950_Google earth_Fire_150m_10min/merlingen_7.5mi_point_08-09-2025_1950_150m_ang.asc
ncols	158
nrows	163
xllcorner	391686.332397
yllcorner	5160024.123721
cellsize	150.000000
NODATA_value	-32768.000000
[rows 42 to 83 of 163, columns 0 to 93 of 158]
226 226 224 222 220 219 217 216 215 214 213 213 212 211 211 211 210 210 210 210 209 208 208 208 207 206 205 203 201 202 206 207 206 204 202 202 205 207 205 205 206 207 208 208 205 202 204 207 208 209 215 215 207 205 211 217 217 218 223 228 226 220 219 220 219 219 218 217 215 213 213 215 213 204 203 206 198 190 193 204 212 213 216 219 219 216 213 213 215 216 219 224 229 233
222 222 222 220 219 218 216 215 215 214 213 213 212 212 211 211 211 211 211 210 210 209 208 208 208 207 206 205 203 204 207 208 206 201 197 196 199 201 200 202 207 211 211 209 207 206 210 214 215 216 218 217 210 208 213 219 220 221 225 228 227 223 221 219 219 217 213 211 211 208 206 209 207 202 202 203 197 193 196 204 210 213 216 218 217 215 216 218 220 220 221 223 229 234
219 220 220 219 218 217 217 216 215 214 213 213 213 212 212 212 211 211 211 211 210 209 209 209 209 208 207 206 205 206 207 207 205 200 196 193 195 199 202 206 210 212 213 212 210 212 215 217 216 214 214 214 211 210 214 219 221 222 224 226 225 223 222 219 219 217 213 211 208 205 205 208 208 205 205 205 200 197 200 207 211 212 214 218 219 218 218 222 224 225 225 225 233 237
217 217 218 218 218 217 217 216 215 215 214 213 213 212 212 212 211 211 211 211 210 210 210 209 209 209 208 208 207 207 206 206 204 201 197 194 196 200 205 207 209 212 215 214 211 212 215 215 213 211 213 215 215 215 218 222 223 223 223 222 221 220 218 215 216 216 216 213 208 208 211 213 214 214 213 210 203 199 203 208 209 210 217 223 223 220 220 223 226 228 228 230 237 238
215 215 216 217 218 218 217 216 215 215 214 214 213 213 212 212 212 212 212 212 211 211 210 210 210 210 209 209 209 208 207 207 205 202 199 198 199 201 203 205 207 212 216 215 212 213 214 214 212 212 215 217 218 220 222 224 224 223 222 218 215 215 213 212 214 216 216 216 211 211 216 218 220 220 217 213 205 200 203 208 211 217 225 228 225 222 222 223 224 227 229 232 236 236
213 214 215 216 218 219 218 217 216 215 215 214 213 213 213 213 213 213 212 212 212 212 211 211 211 211 210 210 209 209 208 208 207 204 201 201 201 201 201 203 206 211 215 213 211 213 214 214 214 214 216 218 219 221 221 221 221 221 219 214 210 213 215 215 218 220 219 217 214 213 217 219 222 222 219 215 208 204 207 215 222 226 228 227 224 222 222 222 224 227 229 232 233 232
212 212 214 215 218 220 219 217 216 216 215 215 214 214 214 214 214 213 213 213 213 212 212 212 212 212 211 210 210 210 209 209 208 206 204 202 202 203 202 203 207 211 213 211 211 213 214 214 214 213 216 219 222 223 221 220 220 218 215 209 207 214 220 222 224 224 220 217 215 216 218 220 222 221 219 216 212 210 213 220 225 226 225 223 220 219 220 220 222 223 226 230 231 229
212 212 213 215 218 221 220 218 216 216 216 215 215 215 215 215 214 214 214 214 213 213 212 212 213 212 211 211 211 211 210 210 209 208 205 203 203 204 203 204 207 211 212 209 210 215 216 215 215 214 215 218 221 220 218 218 218 215 211 208 209 217 224 227 227 223 219 217 216 217 218 220 220 220 218 215 212 211 214 219 222 222 221 219 217 217 216 216 218 221 225 229 230 229
213 212 212 214 217 219 220 219 216 216 216 215 215 215 215 215 215 214 214 214 214 213 213 213 213 212 212 212 212 211 211 211 210 209 207 205 204 204 204 205 208 210 208 207 211 217 218 217 218 218 218 220 219 215 214 215 215 213 211 211 215 221 229 232 228 221 219 217 217 219 220 221 221 219 217 214 211 210 213 218 220 221 220 218 217 216 215 215 218 222 224 228 230 230
215 213 211 213 216 217 218 219 217 215 215 215 215 215 215 215 215 215 215 214 214 214 213 213 213 213 213 212 212 212 212 211 211 210 209 207 206 206 206 206 207 209 208 206 211 217 217 217 221 221 219 219 218 215 214 215 215 215 214 215 219 225 232 235 227 220 217 216 217 219 220 221 220 218 216 214 212 211 213 217 220 222 223 221 218 217 217 219 222 224 225 228 230 231
219 214 210 212 216 217 217 219 218 215 214 216 216 216 216 216 216 215 215 215 215 214 214 214 214 214 213 213 213 213 212 212 212 211 211 210 209 208 207 206 207 210 208 205 209 216 216 214 216 214 210 211 213 214 215 218 218 217 217 219 222 225 233 234 225 217 214 214 216 218 218 218 216 216 216 216 214 213 215 218 220 222 225 225 224 223 222 223 225 226 226 228 229 229
219 215 209 210 215 216 216 219 220 217 215 216 216 216 216 216 216 216 216 216 216 215 215 215 214 214 214 214 214 213 213 213 213 212 212 211 211 209 208 206 206 210 209 205 207 214 212 208 209 208 206 208 211 214 218 221 218 216 218 221 223 226 233 233 222 213 211 211 215 216 215 214 213 215 217 217 215 216 219 220 220 222 224 224 225 227 227 225 225 227 227 227 225 224
215 214 210 208 213 214 214 218 221 220 218 217 217 217 217 217 217 216 216 216 216 216 215 215 215 215 215 214 214 214 214 214 213 213 213 212 212 211 210 207 207 210 211 208 208 211 209 204 205 206 207 211 214 217 222 221 215 214 217 220 222 226 231 229 218 209 206 206 210 212 211 212 214 217 218 217 216 217 221 220 218 220 221 220 220 224 226 226 226 226 226 225 222 221
211 213 214 212 216 218 216 218 221 222 220 218 218 218 218 218 217 217 217 216 216 216 216 216 215 215 215 215 215 215 214 214 214 214 214 213 213 212 211 210 210 213 215 213 210 208 205 202 202 204 206 212 214 218 224 221 212 213 216 219 220 223 227 225 216 207 204 204 208 211 212 215 217 218 217 216 215 217 219 216 215 217 218 218 218 219 220 221 223 226 228 227 223 221
211 213 216 216 218 222 221 219 221 223 222 219 219 219 218 218 218 218 217 217 217 217 217 216 216 216 216 215 215 215 215 215 215 214 214 214 214 213 213 212 213 214 215 213 209 205 201 199 200 201 204 213 215 219 225 219 211 212 216 218 219 222 225 224 217 208 205 205 210 214 216 217 216 215 215 214 214 216 216 214 213 215 217 218 218 218 218 218 220 224 231 232 225 219
213 213 215 216 216 218 220 219 219 222 220 218 219 220 219 219 219 218 218 218 218 217 217 217 216 216 216 216 216 216 216 215 215 215 215 215 214 214 214 214 214 214 213 212 209 206 202 199 199 198 202 214 218 222 226 217 208 211 214 216 218 222 225 225 219 209 205 206 211 215 215 215 214 214 213 211 212 213 213 212 212 214 217 219 221 222 222 221 220 222 226 224 215 214
213 213 214 216 217 218 219 218 218 220 219 218 220 221 221 220 219 219 218 218 218 218 218 217 217 216 217 216 216 216 216 216 216 216 216 215 215 215 215 214 214 214 214 213 211 210 208 204 200 195 199 213 219 223 224 216 208 212 215 216 218 222 225 225 220 211 205 204 208 211 212 213 214 213 211 209 210 211 210 209 211 214 217 220 223 225 225 225 222 220 221 218 212 217
213 213 215 217 218 219 220 220 220 222 221 219 220 222 222 221 220 219 219 218 218 218 218 218 217 217 217 217 217 217 217 216 216 216 216 216 216 215 215 215 215 215 214 214 213 212 211 208 202 195 194 209 219 223 223 216 211 214 218 218 219 222 224 224 221 214 206 202 205 210 212 212 213 212 209 209 210 210 209 210 212 215 218 218 220 223 224 223 222 220 222 222 220 225
213 214 215 217 219 220 222 223 223 223 221 218 218 220 220 221 220 220 219 219 218 218 218 218 217 218 218 217 217 217 217 217 217 217 217 216 216 216 216 216 216 215 215 214 214 213 212 210 206 198 192 203 219 223 222 216 214 218 220 220 220 222 225 225 222 216 208 202 206 212 212 211 212 211 208 208 210 210 211 213 214 217 219 219 219 221 222 222 221 223 224 224 224 226
214 215 217 218 219 221 222 224 224 222 220 216 216 218 219 220 220 220 220 219 219 219 219 218 218 218 218 218 218 218 217 217 217 217 217 217 217 217 216 216 216 216 215 215 215 214 213 212 210 204 196 201 220 225 222 219 220 223 223 223 223 224 225 225 222 217 210 204 208 212 211 211 211 210 208 208 210 211 212 213 215 218 220 221 222 222 222 222 224 225 223 223 224 224
217 217 219 219 220 220 221 223 223 223 221 218 217 217 218 220 221 220 220 220 220 220 219 219 219 219 219 219 218 218 218 218 218 218 217 217 217 217 217 217 217 216 216 216 215 215 214 214 212 209 203 203 218 224 222 222 226 227 225 224 224 223 223 222 221 218 211 207 209 211 210 211 211 209 207 208 211 212 212 213 215 218 221 224 224 225 227 226 226 225 222 226 227 226
221 221 221 222 221 221 221 223 223 223 222 220 218 218 217 219 221 220 220 219 219 219 219 219 219 219 219 219 218 218 218 218 218 218 218 218 218 217 217 217 217 217 217 216 216 216 216 215 214 212 208 205 214 219 215 220 227 228 225 222 219 218 220 223 225 222 214 210 209 209 209 210 211 207 206 208 210 211 211 212 215 217 220 223 223 225 228 228 228 227 225 227 227 227
227 225 223 223 222 223 224 225 225 224 224 223 218 216 217 218 219 220 219 220 219 219 220 219 219 219 220 220 219 219 219 218 218 218 218 218 218 218 218 218 217 217 217 217 217 217 216 216 215 214 212 209 213 216 211 215 225 226 223 220 216 217 223 230 234 228 216 210 208 208 208 210 210 207 205 206 208 207 207 209 213 216 219 221 222 226 228 227 227 224 224 226 226 228
227 224 222 221 222 223 224 227 228 227 226 225 221 217 217 218 219 219 219 220 220 219 220 220 219 220 221 220 219 219 219 219 219 219 219 218 218 218 218 218 218 218 218 218 217 217 217 217 217 216 215 214 216 218 213 213 223 225 223 220 216 218 225 229 227 219 210 206 206 207 208 210 211 208 204 203 204 204 204 209 214 217 219 220 223 227 228 226 223 221 222 225 227 230
220 219 220 221 223 223 221 222 225 226 225 225 222 218 216 218 219 219 219 220 219 218 219 219 219 219 221 220 220 220 219 219 219 219 219 219 219 219 218 218 218 218 218 218 218 218 218 218 218 217 217 217 218 219 218 217 224 227 226 223 216 212 217 219 217 213 208 206 206 207 208 211 211 207 203 201 202 203 204 209 214 215 215 214 219 226 227 223 221 221 222 224 227 230
205 210 214 217 220 220 216 217 222 225 225 223 221 218 216 218 219 219 218 220 219 217 218 218 218 219 221 222 222 222 220 220 220 219 219 219 219 219 219 219 219 219 218 218 218 218 218 218 218 218 219 219 219 221 222 224 231 235 234 228 216 208 212 216 216 213 210 208 208 208 208 211 211 206 202 201 201 201 202 205 208 209 210 210 220 230 229 223 223 222 222 224 228 230
183 197 207 210 212 212 207 210 220 224 223 220 219 218 216 216 219 219 218 220 220 219 218 218 217 218 221 225 225 224 222 221 220 220 220 219 219 219 219 219 219 219 219 219 219 219 219 219 219 219 219 220 220 221 223 226 232 238 239 234 221 213 216 219 217 214 212 210 209 208 208 211 212 207 203 202 201 198 199 202 205 209 214 219 233 240 231 222 222 222 223 225 229 231
173 186 205 209 212 212 207 206 214 217 213 211 211 211 211 212 215 218 219 220 220 220 220 219 217 217 222 226 226 225 223 222 221 220 220 220 220 220 219 219 219 219 219 219 219 219 219 219 220 220 220 220 221 221 223 224 227 230 234 233 227 222 223 224 221 217 215 212 209 208 208 212 212 206 203 203 202 198 197 202 208 215 223 231 244 243 229 222 222 222 223 225 228 229
188 196 214 225 228 226 217 211 215 218 213 210 211 211 210 211 213 217 219 219 220 221 222 222 218 217 222 225 224 223 223 223 222 221 220 220 220 220 220 220 220 220 220 220 220 220 220 220 220 220 220 221 221 222 222 223 225 226 228 228 227 227 231 234 232 227 222 217 213 210 210 213 212 205 203 205 203 199 198 203 214 223 231 240 247 240 225 222 223 223 223 223 225 225
207 211 224 238 245 244 236 230 232 232 226 223 223 220 218 216 216 217 218 217 219 221 222 222 217 213 219 222 221 221 221 222 222 221 221 220 220 220 220 220 220 220 220 220 220 220 220 220 220 221 221 221 221 222 222 223 224 224 225 225 225 226 228 232 234 235 234 229 223 216 213 215 213 206 204 206 205 201 199 208 220 229 236 245 244 231 221 221 223 224 223 223 223 220
219 222 228 234 240 243 242 243 247 245 239 238 236 233 229 225 222 220 219 217 217 218 220 219 214 210 217 222 222 221 220 220 222 222 221 221 220 220 220 220 220 220 220 220 220 220 220 221 221 221 221 221 221 222 222 223 223 223 223 224 224 224 225 226 228 229 231 232 231 227 223 223 219 211 208 209 208 204 203 212 224 232 240 245 238 222 218 221 225 226 223 224 225 223
228 230 233 236 239 241 241 243 246 244 239 237 235 233 231 229 226 225 223 220 218 218 217 216 213 210 216 221 223 222 220 220 221 221 219 220 220 220 220 220 220 220 220 220 221 221 221 221 221 221 221 221 222 222 222 222 223 223 223 223 223 223 224 224 224 224 225 226 228 232 235 237 230 218 213 213 212 208 206 214 225 234 240 239 229 219 219 222 226 225 221 222 225 227
236 238 241 244 245 246 245 245 244 241 238 235 233 230 228 227 226 225 225 223 222 221 220 219 215 212 214 219 223 223 222 221 221 220 218 218 219 220 220 220 220 220 220 221 221 221 221 221 221 221 221 222 222 222 222 222 222 222 223 223 223 223 223 223 223 223 223 224 225 227 228 229 227 218 212 212 210 208 207 214 225 232 236 232 223 220 221 223 226 224 222 218 216 219
242 244 249 253 255 256 254 249 245 241 238 236 233 231 229 227 226 224 224 223 223 223 223 222 219 214 216 219 222 223 222 221 221 222 221 219 220 220 220 220 220 220 221 221 221 221 221 222 222 222 222 222 222 222 222 222 222 222 222 223 223 223 223 223 222 222 223 223 223 223 222 221 219 213 209 210 207 205 207 213 224 231 232 227 222 220 222 224 226 227 228 219 213 220
246 249 254 260 266 268 264 258 251 245 240 236 234 232 229 228 226 224 223 223 222 223 223 222 220 217 218 221 221 222 223 223 224 226 226 223 222 221 220 219 220 220 221 221 221 222 222 222 222 222 222 222 222 222 222 222 222 222 222 222 222 222 222 222 222 222 222 222 222 221 220 219 218 214 209 207 203 201 204 215 227 232 231 228 227 226 227 229 230 235 236 227 223 228
250 252 256 263 273 279 278 270 259 249 241 235 233 232 230 228 226 225 223 223 223 222 222 221 219 218 221 223 222 222 224 225 226 226 226 223 221 221 221 220 219 220 221 221 222 222 222 223 223 223 223 222 222 222 222 222 222 222 222 222 222 222 222 222 222 222 222 222 221 221 220 219 218 215 211 207 200 196 202 220 231 232 232 233 233 236 238 236 235 233 226 218 220 226
255 254 253 261 277 287 289 280 264 249 238 232 232 231 229 227 226 224 223 223 223 222 222 221 218 218 222 223 222 221 222 224 223 223 224 222 220 221 222 221 220 220 221 222 223 223 223 223 223 223 223 223 223 222 222 222 222 222 222 222 222 222 222 222 222 222 222 221 221 221 220 219 218 216 213 209 201 193 201 224 232 228 228 229 227 227 229 227 224 221 218 215 218 224
254 252 246 247 263 278 283 272 253 238 228 227 228 228 227 226 225 224 223 223 223 223 223 221 216 217 220 221 220 218 218 221 222 223 224 223 220 220 223 223 221 221 223 224 224 225 225 225 225 225 224 223 223 222 222 222 222 222 222 222 222 222 222 222 222 222 222 221 221 221 220 219 218 217 214 211 204 196 201 221 227 222 220 219 218 218 220 220 220 219 219 220 222 223
246 242 234 234 237 234 223 208 213 215 215 220 225 226 226 225 225 224 223 223 223 223 223 220 215 216 220 221 220 217 216 219 220 221 222 222 220 220 221 222 221 221 225 226 227 227 227 228 229 228 226 224 223 222 222 222 222 222 222 222 222 222 222 222 222 222 222 221 221 221 220 219 219 217 215 213 208 202 202 212 215 213 212 212 214 217 220 220 220 222 223 225 225 224
244 243 238 232 233 229 212 199 202 204 206 213 221 225 226 226 226 225 224 223 223 223 223 220 215 216 221 222 221 218 216 217 218 219 221 221 220 219 220 221 220 219 223 228 231 233 233 234 236 235 230 225 223 222 222 222 222 222 222 222 222 222 222 222 222 222 222 222 221 221 220 219 219 218 216 214 210 205 202 200 199 203 209 212 214 219 223 222 221 223 224 225 226 224
254 252 240 232 232 229 220 211 207 207 208 213 221 224 226 227 227 227 225 224 224 224 223 220 215 217 221 221 220 219 218 219 221 223 224 223 222 220 221 221 219 217 219 221 224 226 226 226 228 229 227 225 223 222 221 222 222 222 222 222 222 222 222 222 222 222 222 222 221 221 220 219 219 218 217 215 212 207 202 195 188 195 207 213 217 222 223 222 222 223 224 225 225 223
242 233 221 226 228 228 224 220 218 217 217 219 223 227 229 229 230 230 229 227 226 224 224 220 215 215 218 219 219 220 221 221 223 226 228 229 227 225 223 222 220 217 216 215 215 215 214 214 216 217 217 217 218 218 220 221 222 222 222 222 222 222 222 222 222 222 222 222 221 221 220 220 219 219 218 216 213 209 204 194 184 188 201 210 218 225 226 225 224 225 227 226 227 225
