windninja/windninja_output/Output_2025-08-09_1900-1950_Google earth_Fire_150m_10min/merlingen_7.5mi_point_08-09-2025_1900_150m_ang.asc
ncols	158
nrows	163
xllcorner	391686.332397
yllcorner	5160024.123721
cellsize	150.000000
NODATA_value	-32768.000000
[rows 84 to 125 of 163, columns 0 to 93 of 158]
267 269 274 270 263 261 258 255 255 258 264 269 270 269 269 270 270 271 272 274 274 274 272 271 272 272 268 265 264 262 261 260 259 259 260 261 261 260 258 256 255 255 255 256 256 256 257 259 260 258 255 255 257 258 259 259 259 259 259 259 259 259 259 258 258 258 258 258 258 258 258 259 259 260 260 261 261 263 264 265 262 250 244 257 271 273 271 267 265 264 262 259 256 253
263 262 262 261 259 256 251 249 254 260 265 268 268 267 266 267 268 269 271 273 275 275 275 275 275 275 271 266 265 264 262 259 258 256 256 257 259 260 260 260 260 258 258 258 259 260 261 263 264 263 261 258 256 256 258 259 259 260 260 259 259 259 259 259 258 258 258 258 258 258 258 259 259 259 260 260 261 262 264 266 272 279 278 277 275 272 268 265 263 263 262 260 257 254
263 261 259 260 257 252 247 248 256 263 267 266 265 266 265 264 264 266 268 271 273 275 276 279 280 277 272 268 266 265 263 261 259 257 255 254 253 254 256 260 263 262 259 258 258 259 261 263 264 265 264 261 258 257 258 259 260 260 260 260 260 260 259 259 258 258 258 258 258 258 258 259 259 259 260 260 261 263 266 271 285 308 302 284 275 270 267 265 262 261 260 260 259 258
263 262 259 258 255 250 247 250 257 262 263 262 264 264 263 262 260 261 264 267 270 271 274 281 287 281 271 267 265 263 262 262 262 262 260 256 252 250 251 253 257 261 260 258 257 258 260 261 262 263 264 263 261 260 260 261 262 262 262 262 261 260 260 259 258 258 258 258 258 258 258 259 259 259 260 261 262 264 268 274 290 315 315 293 276 268 266 265 263 262 262 264 265 263
264 263 261 259 254 249 248 250 254 256 258 262 264 262 259 256 254 256 259 263 267 269 277 286 291 282 269 265 262 261 261 261 262 264 265 263 259 255 252 251 252 254 257 258 257 256 257 258 259 259 260 262 262 261 260 261 262 264 265 265 264 262 260 259 259 258 258 258 258 258 258 259 259 259 260 261 263 265 268 274 286 309 316 301 285 271 265 263 263 264 267 268 267 263
266 265 263 259 255 251 249 249 248 250 257 263 263 259 256 251 249 253 258 263 268 276 284 286 282 267 263 262 261 259 259 260 261 261 263 265 266 262 258 255 254 254 255 257 258 257 255 256 257 258 258 259 260 260 259 258 258 261 266 270 268 263 261 259 259 258 258 258 258 258 258 259 259 260 260 261 263 265 268 273 282 298 309 303 291 281 272 267 267 269 270 268 262 258
266 264 259 256 256 255 252 247 243 246 255 260 257 254 251 247 247 250 256 266 278 286 286 274 252 247 256 259 259 259 259 259 260 260 260 262 264 265 262 258 256 256 256 257 259 258 257 255 256 257 259 259 260 260 257 254 254 257 264 271 271 265 261 259 259 258 258 258 258 258 258 259 259 260 260 261 263 265 267 271 278 288 299 299 294 289 283 276 274 275 270 262 259 258
262 259 251 248 250 252 250 245 241 245 253 254 248 245 244 243 246 247 253 268 284 291 276 251 233 236 250 256 257 258 259 259 260 260 261 261 261 263 263 259 255 254 255 258 260 260 259 257 257 258 260 262 263 262 257 252 253 256 260 262 264 262 260 259 259 258 258 258 258 258 259 259 259 260 260 261 263 264 267 270 275 282 291 295 293 291 288 282 279 275 267 259 262 263
259 255 247 244 244 243 241 235 231 237 246 246 240 240 242 244 246 247 255 267 276 274 251 235 226 235 248 254 256 258 259 260 260 262 262 262 261 261 263 262 256 252 253 256 259 260 260 259 259 260 263 266 267 266 262 258 259 260 258 255 253 256 258 259 259 258 258 258 259 259 259 259 259 260 260 261 262 264 266 268 272 277 284 290 291 289 287 283 279 271 262 262 267 267
260 256 249 246 245 244 239 229 221 230 236 234 228 226 228 235 242 248 260 263 255 228 224 226 225 237 249 253 256 257 258 260 263 264 264 262 261 261 261 262 259 253 251 253 256 259 260 260 259 260 263 269 272 269 269 271 269 264 260 255 253 254 257 258 259 259 259 259 259 259 259 259 259 260 260 261 262 263 265 267 270 273 278 284 287 286 284 281 275 266 262 264 267 267
259 257 252 252 253 252 246 235 224 233 238 233 225 222 223 233 241 249 257 252 234 217 215 222 228 241 250 253 255 255 257 261 265 267 266 263 262 262 262 262 260 255 250 249 250 253 256 258 259 260 263 268 270 267 268 273 272 268 263 259 256 255 256 258 259 259 259 259 259 259 259 259 260 260 260 261 262 263 264 266 268 270 273 276 279 281 280 277 271 266 264 264 265 265
257 255 253 256 257 254 249 244 245 252 251 244 238 237 240 249 250 255 254 242 227 223 222 229 237 247 252 254 253 253 256 261 265 266 265 264 263 263 263 263 262 259 254 249 246 247 250 254 257 260 262 262 259 260 264 268 270 269 265 262 259 257 258 259 260 260 260 259 259 259 260 260 260 260 260 261 262 262 264 265 266 268 270 271 273 274 274 272 269 266 265 264 264 263
257 256 255 256 254 249 245 245 255 267 267 258 251 249 256 261 260 262 254 230 225 230 234 244 252 255 255 255 254 255 259 261 261 262 263 265 265 265 265 264 265 265 261 256 251 248 248 252 256 259 259 254 251 254 259 264 267 267 266 264 262 259 259 260 261 261 260 260 260 260 260 260 260 260 260 261 261 262 263 264 265 266 267 268 269 269 269 268 267 265 264 263 262 262
259 259 258 255 251 246 243 242 248 259 264 261 259 256 260 263 266 264 249 227 224 233 244 256 263 262 258 256 257 261 263 262 260 260 262 265 267 268 267 266 266 268 267 264 260 256 255 256 258 258 254 251 250 252 256 260 263 266 266 266 264 262 262 263 262 262 261 261 261 260 260 260 260 260 261 261 261 262 263 263 264 265 265 266 266 266 266 265 265 264 263 262 261 261
261 261 259 257 256 252 247 244 246 249 254 259 265 267 268 269 267 259 242 230 228 236 250 260 263 255 254 256 259 262 264 263 262 261 262 264 268 270 272 271 269 270 270 268 265 264 263 262 260 257 254 252 251 252 255 257 259 262 264 264 264 264 265 266 266 264 263 262 262 261 261 260 260 261 261 261 261 262 262 263 263 264 264 264 264 264 264 264 263 262 262 261 260 260
261 261 260 261 262 260 258 255 252 249 251 255 259 267 270 267 261 251 239 232 233 244 255 257 248 240 248 255 259 261 263 264 265 264 264 265 268 270 274 276 274 273 273 270 266 264 264 262 258 255 254 253 251 251 253 256 257 258 261 262 261 262 264 267 268 268 266 264 263 262 261 261 261 261 261 261 262 262 262 262 263 263 263 263 263 263 263 262 262 261 260 260 259 259
259 259 260 261 261 260 260 260 256 252 252 252 254 260 263 259 256 253 243 238 248 259 260 249 235 237 247 254 258 260 262 264 267 269 270 270 270 270 273 277 279 277 276 274 269 264 262 260 257 254 253 253 252 251 252 253 254 255 258 259 259 259 260 263 267 269 269 268 265 263 262 262 262 262 262 262 262 262 262 263 263 263 263 263 262 262 262 261 261 260 260 259 258 258
259 260 260 259 258 257 257 258 256 255 254 252 250 249 250 251 252 252 247 252 264 267 255 240 236 242 249 253 256 258 261 265 269 273 276 277 275 274 274 277 282 281 280 279 274 266 262 260 258 256 254 252 252 252 252 252 251 253 254 256 258 258 258 259 262 266 268 268 266 264 263 263 263 263 263 263 263 263 263 263 263 263 263 262 262 262 261 261 260 260 259 258 258 257
260 260 260 258 256 257 257 257 256 255 254 252 249 244 243 247 249 249 248 256 262 255 242 239 241 246 251 254 256 259 262 266 269 274 278 282 282 281 279 279 283 284 283 283 280 271 264 260 257 256 254 252 251 251 252 252 252 252 251 252 254 257 257 258 259 262 264 264 264 264 265 266 266 265 264 264 264 264 264 264 263 263 263 262 262 261 261 260 260 259 258 258 257 257
259 259 259 257 256 256 257 256 256 256 255 254 253 253 254 254 253 252 252 257 252 238 238 242 244 245 250 255 258 262 265 266 269 273 277 282 286 287 284 282 285 288 288 287 287 280 269 261 257 254 253 253 253 252 251 251 251 251 251 251 252 253 254 255 257 258 259 259 259 260 263 267 269 268 267 266 266 266 265 265 265 264 264 263 262 261 261 260 259 259 258 257 257 256
259 258 257 256 257 257 258 257 256 257 259 260 261 266 270 269 263 258 258 255 244 236 239 243 242 243 248 254 258 263 267 268 269 272 275 279 285 289 288 287 288 291 292 292 292 288 277 267 259 255 254 254 253 254 253 251 250 250 251 252 252 252 252 254 255 255 255 254 254 255 258 261 266 270 270 270 270 270 268 267 266 266 265 264 263 262 261 260 259 259 258 257 256 256
258 257 255 255 256 257 257 256 256 258 261 264 268 272 274 273 269 263 258 251 244 242 242 241 241 243 247 251 255 261 266 269 271 271 272 276 284 290 292 292 292 293 295 295 297 294 285 273 263 257 254 253 252 252 253 253 251 249 250 251 251 251 252 255 255 254 253 251 250 252 254 254 257 263 267 270 273 273 272 271 271 269 267 265 264 262 261 260 260 259 258 257 256 256
257 256 254 253 253 255 255 255 255 257 261 264 267 270 271 271 267 262 255 248 245 247 246 240 240 242 245 247 253 259 265 270 271 268 268 276 284 291 294 295 295 295 296 297 300 300 293 281 271 263 257 254 251 249 250 251 251 251 250 250 250 250 251 253 253 253 252 251 249 249 251 251 251 254 258 264 268 270 270 272 276 275 271 267 265 263 262 261 260 259 258 257 256 256
255 253 251 251 252 252 253 254 254 256 258 259 259 259 262 264 263 260 254 247 245 250 250 242 238 240 242 243 248 258 265 269 267 262 267 278 287 291 291 294 297 297 296 298 301 303 302 291 279 269 262 257 253 250 248 248 249 250 250 249 249 250 252 252 252 251 251 250 249 247 248 250 252 252 255 258 262 265 266 268 273 278 276 271 267 265 263 261 260 259 258 257 257 256
253 251 249 250 251 251 252 252 253 253 254 254 252 251 254 258 259 256 250 247 249 253 253 246 239 238 241 239 244 255 263 265 262 257 269 281 286 286 287 292 299 299 297 300 302 305 308 302 287 273 265 260 257 254 250 247 246 248 249 248 247 249 251 251 251 250 249 249 248 246 246 248 252 253 254 255 258 261 265 265 266 272 278 276 271 267 264 262 261 260 259 258 257 257
252 250 249 251 252 253 252 251 251 251 251 250 248 248 252 256 257 250 242 245 252 258 256 250 242 238 239 238 245 255 260 260 258 257 269 279 282 282 287 292 294 294 297 303 305 305 310 312 298 280 267 260 256 254 252 249 247 247 248 247 245 247 248 249 249 250 250 249 247 246 245 248 251 253 254 254 255 258 261 264 264 266 272 277 275 270 266 263 262 261 260 259 258 257
251 251 254 256 257 256 254 252 251 249 249 249 247 247 252 258 258 243 234 241 251 260 261 254 248 243 240 238 245 254 258 257 255 256 266 276 279 284 289 288 282 284 293 303 307 307 311 319 311 290 274 263 255 252 252 251 248 248 248 247 246 246 246 245 246 248 251 251 248 245 245 248 250 251 252 254 255 255 257 260 263 265 267 272 275 273 269 266 263 262 261 260 260 259
252 254 257 258 257 255 253 252 251 249 248 249 250 251 254 259 258 237 229 238 247 258 265 259 252 250 247 242 242 247 253 257 254 254 264 274 280 286 289 282 278 279 283 295 305 309 313 321 321 303 283 268 257 253 252 250 248 248 249 248 247 246 245 242 242 245 247 250 249 247 247 249 250 250 251 252 253 253 254 258 261 264 265 267 270 271 270 268 265 264 263 263 263 262
255 257 257 256 254 253 251 250 249 247 245 248 253 254 256 260 258 233 226 235 241 250 260 260 251 255 259 257 249 243 246 252 255 258 268 276 281 284 283 278 277 273 273 283 300 309 312 319 325 316 295 274 260 255 253 250 248 247 247 247 246 245 244 243 242 242 243 244 246 249 250 251 251 250 250 251 252 251 251 254 258 262 264 264 265 265 265 265 264 264 266 267 266 263
255 256 256 254 254 254 252 250 247 244 242 248 253 254 255 260 259 235 224 231 235 243 251 255 251 258 264 267 262 250 244 246 253 264 274 279 279 276 274 271 267 264 270 280 293 304 306 311 322 325 313 288 264 256 253 251 249 247 247 246 244 243 243 244 243 242 241 240 241 243 246 249 251 249 248 250 251 251 250 250 253 259 261 262 262 260 258 258 259 261 267 270 267 262
251 251 252 253 253 252 252 251 247 243 246 251 253 249 251 259 263 249 222 230 232 237 243 248 253 258 261 262 265 261 249 245 252 264 274 279 275 270 267 261 255 260 269 277 284 291 298 303 311 321 325 312 277 258 253 250 249 248 247 245 244 241 241 244 243 241 240 239 240 240 241 245 249 249 247 248 250 252 251 249 251 254 255 256 256 253 252 253 254 260 266 267 263 258
247 248 249 251 251 249 248 248 247 248 254 258 252 243 247 259 268 267 225 235 236 236 236 241 249 255 255 252 257 263 253 245 250 260 270 275 274 268 262 254 252 262 269 272 275 283 294 297 299 309 324 330 301 263 253 250 249 248 247 246 244 241 241 244 243 241 240 240 240 239 239 241 245 249 250 249 248 250 251 250 251 253 252 250 249 245 245 249 254 261 264 261 255 252
244 246 248 249 249 248 246 243 246 253 262 263 251 239 246 260 269 270 246 252 246 240 236 238 242 248 249 248 256 261 252 244 246 254 265 272 272 263 254 252 256 265 267 265 268 276 281 284 286 292 310 332 329 273 254 250 249 249 248 247 244 241 242 244 244 240 239 240 240 238 237 238 240 244 250 252 250 249 249 251 253 255 253 247 244 241 242 248 255 260 260 255 249 247
241 246 248 249 249 249 245 243 247 253 261 263 251 240 248 258 265 269 310 293 259 249 244 240 239 240 241 243 253 259 255 250 246 251 258 264 262 251 246 251 257 261 260 259 262 263 262 268 276 280 290 321 348 282 253 250 249 249 249 248 246 242 242 244 243 239 238 239 239 238 236 235 236 238 243 249 251 248 247 248 253 256 253 246 242 241 243 248 253 255 253 249 245 247
242 245 247 249 250 250 247 248 252 254 256 259 255 247 250 253 259 272 313 326 292 266 256 251 246 241 237 239 244 248 253 258 258 259 257 251 244 235 237 246 249 249 251 253 255 255 255 261 268 273 276 294 1 281 247 249 249 248 248 249 248 245 244 244 241 237 236 237 237 238 237 235 234 235 238 241 244 246 247 247 250 253 251 245 243 244 245 248 251 250 247 244 242 246
242 243 246 250 253 251 250 254 258 257 254 256 259 256 252 251 257 269 298 329 321 292 273 266 262 256 250 248 246 246 253 262 269 268 260 250 241 232 234 238 236 237 240 244 247 248 249 254 260 261 260 254 199 139 235 248 249 249 248 249 249 248 247 246 241 238 236 235 236 238 238 236 234 234 235 237 238 241 245 248 250 251 249 245 246 247 247 248 248 246 243 240 237 242
238 240 244 250 254 253 255 259 263 261 256 259 263 259 252 252 257 264 280 315 329 313 293 280 274 270 267 265 264 264 264 265 269 267 261 255 247 242 241 237 233 231 234 239 241 241 240 242 245 245 245 237 201 151 206 243 250 250 249 249 250 248 248 248 246 246 246 242 239 240 239 237 236 236 235 234 234 237 242 246 249 250 249 246 248 250 249 248 246 244 242 238 233 238
233 238 243 245 245 247 251 258 264 264 258 262 267 266 253 250 254 261 269 289 319 320 308 294 285 280 276 275 278 280 276 271 269 266 263 258 255 252 248 245 240 236 238 242 243 242 242 241 235 234 235 230 206 164 183 234 248 250 249 250 250 247 246 246 247 253 260 262 256 247 242 239 239 239 236 233 231 233 236 241 245 248 248 247 249 250 248 246 244 244 241 235 231 237
226 238 244 241 237 236 240 247 255 261 259 265 272 279 262 252 252 256 261 268 292 309 310 304 294 288 285 285 285 284 282 277 271 268 265 261 258 254 249 249 248 245 244 243 246 249 249 245 236 232 231 228 207 171 180 227 246 249 248 249 248 244 245 245 244 249 256 266 272 264 251 245 243 242 239 235 231 230 232 234 239 244 246 246 246 246 243 240 240 242 238 230 230 240
228 243 249 244 238 238 238 240 245 249 255 267 275 284 275 262 253 250 251 260 273 289 300 301 297 294 292 290 290 289 287 281 274 270 267 263 258 255 250 247 249 249 245 242 243 247 249 244 236 230 229 227 206 175 184 222 245 250 251 248 244 242 244 245 245 248 250 253 264 273 265 257 251 247 243 240 235 232 231 231 232 237 241 242 242 242 238 235 238 240 236 228 231 244
234 246 251 246 243 243 242 240 242 243 248 262 274 277 279 273 259 247 244 252 266 277 287 292 293 292 292 295 297 296 291 281 274 272 269 264 259 258 253 246 248 249 246 244 242 242 244 241 232 227 228 224 205 181 185 214 237 247 251 249 243 243 245 245 246 249 248 247 250 260 270 269 265 260 253 249 244 239 236 231 230 234 237 237 238 238 233 231 238 241 236 229 233 245
230 242 246 243 242 244 243 242 243 241 244 252 261 267 276 278 267 251 241 244 254 270 280 282 284 287 294 303 305 303 294 280 275 273 270 265 261 261 256 249 248 250 249 248 245 243 242 238 229 227 228 223 206 188 185 204 225 237 242 242 241 244 244 242 245 247 248 246 245 247 256 267 272 274 271 265 260 255 248 241 236 237 236 234 235 235 228 228 235 239 237 231 237 248
