windninja/windninja_output/Output_2025-08-09_1900-1950_Google earth_Fire_150m_10min/merlingen_7.5mi_point_08-09-2025_1920_150m_ang.asc
ncols	158
nrows	163
xllcorner	391686.332397
yllcorner	5160024.123721
cellsize	150.000000
NODATA_value	-32768.000000
[rows 0 to 41 of 163, columns 0 to 93 of 158]
264 263 262 260 259 262 263 259 258 259 258 251 238 233 238 248 259 265 269 278 285 276 262 260 266 272 272 267 265 266 266 265 266 265 264 268 273 274 274 273 269 268 269 270 273 276 279 281 280 278 277 275 275 276 275 272 269 268 269 271 270 266 264 262 259 256 256 259 265 268 268 265 261 258 258 259 259 259 261 262 259 255 253 256 257 255 250 248 248 246 243 244 242 240
264 264 263 262 262 262 261 260 261 261 259 251 239 237 243 251 259 265 271 277 282 279 270 265 266 269 270 269 268 267 266 266 267 267 268 269 271 273 274 273 272 271 271 272 275 276 278 280 282 280 278 277 275 274 272 271 269 269 269 270 269 267 266 264 262 260 259 261 264 267 267 264 262 261 261 259 258 259 261 261 258 255 255 255 255 256 253 250 249 248 247 247 245 243
263 264 264 264 265 262 259 260 263 264 261 252 244 245 250 256 261 266 271 274 275 281 282 273 266 265 267 270 270 268 268 269 269 270 272 272 271 272 273 274 275 275 275 276 277 278 278 278 280 280 279 277 274 272 271 271 271 271 270 269 269 269 268 267 266 265 264 264 265 266 265 264 264 264 263 260 258 259 261 260 255 254 256 255 255 257 255 251 250 250 252 252 250 249
262 262 262 262 263 261 260 262 264 264 260 251 248 252 257 261 264 267 268 268 270 276 282 279 271 266 266 267 268 267 267 269 271 273 274 274 273 272 273 275 276 277 278 278 279 279 278 276 275 276 277 275 272 271 271 272 272 272 270 269 269 269 268 267 266 266 266 265 266 265 263 264 265 265 263 262 262 261 260 258 254 254 255 255 256 258 255 251 250 249 250 252 253 251
262 261 260 260 261 262 264 267 267 263 257 251 251 257 263 265 265 266 266 265 267 273 281 285 277 271 267 266 266 266 266 267 270 273 275 274 273 273 275 277 279 279 279 279 278 278 277 275 274 273 272 271 271 270 270 270 271 271 271 270 269 268 268 267 267 267 266 266 265 264 262 264 265 264 263 263 264 264 260 257 255 256 256 255 258 259 258 257 255 251 249 251 253 253
265 264 262 260 261 263 267 269 267 261 256 255 257 263 267 267 265 264 263 264 266 272 281 289 285 277 272 268 267 267 267 267 269 270 271 272 274 276 277 278 279 280 280 278 277 275 274 274 273 271 268 268 269 270 269 270 271 271 271 271 269 268 268 267 267 267 266 266 265 262 261 262 265 265 262 261 263 265 262 256 255 259 260 259 258 258 260 264 265 260 256 254 253 254
265 266 267 265 263 264 266 267 264 260 259 260 263 268 269 268 265 262 262 263 265 269 277 288 290 283 277 273 272 270 269 270 270 268 269 272 275 276 276 276 277 277 277 276 274 273 272 272 271 269 268 267 268 268 269 270 271 272 272 271 271 269 267 266 266 266 267 267 265 262 260 262 264 264 262 261 261 262 258 253 256 261 262 261 259 259 260 265 271 272 270 265 260 258
263 264 267 269 268 266 265 264 261 262 264 266 270 271 269 268 266 263 263 263 265 267 272 282 290 287 281 279 276 273 273 273 272 270 271 273 274 274 273 273 273 273 273 272 273 273 272 271 270 269 268 268 267 266 267 270 271 272 273 273 273 270 266 264 264 264 266 267 265 263 263 263 262 261 261 261 261 259 253 252 259 263 263 261 260 259 260 263 269 274 276 274 270 266
262 263 265 268 269 268 266 263 262 264 268 272 275 274 270 268 267 266 264 264 265 267 269 274 284 290 286 281 278 277 277 276 273 272 273 273 272 271 270 270 270 270 271 271 272 272 271 271 271 269 269 269 268 267 268 271 272 272 273 273 271 270 268 265 262 263 266 267 265 262 263 264 262 260 260 261 260 256 251 255 262 265 266 264 262 261 260 262 266 269 272 273 272 271
262 262 264 265 266 266 265 264 265 267 270 274 279 278 273 268 267 268 267 266 266 266 267 271 276 286 288 282 279 280 278 277 275 274 273 271 270 269 268 268 269 270 271 271 271 271 271 271 271 270 270 269 269 270 271 271 272 272 270 268 267 269 270 268 266 267 268 267 263 260 261 263 263 261 260 260 260 257 255 259 263 265 268 269 268 266 265 266 267 265 264 267 270 270
261 262 263 264 264 264 265 265 266 268 270 274 279 281 276 271 270 270 270 270 268 267 268 269 272 278 284 281 279 280 278 276 276 275 273 270 268 268 268 269 269 269 269 270 269 270 271 270 269 270 272 271 271 273 272 270 269 269 267 265 265 268 269 272 274 273 270 267 262 259 260 262 263 261 259 258 259 262 264 266 264 263 264 269 273 273 272 271 270 265 261 265 268 267
261 262 262 263 263 264 265 266 267 268 270 273 277 281 279 276 273 272 272 273 272 270 268 267 269 271 274 277 278 278 276 274 275 276 273 270 268 268 270 270 269 268 268 267 267 267 268 267 265 268 272 273 273 272 272 270 267 266 264 263 265 267 271 279 280 278 274 269 263 264 264 263 262 261 259 259 261 265 270 272 267 263 262 266 272 275 274 271 269 265 264 265 266 266
261 261 262 262 263 264 265 266 267 268 270 272 275 279 280 278 277 275 274 274 274 273 270 267 266 265 268 273 276 276 275 275 276 275 272 270 270 271 271 270 269 269 267 265 264 263 260 259 261 266 270 271 272 271 272 272 269 265 260 260 263 267 273 281 284 281 278 275 275 274 270 265 264 265 265 265 264 265 268 270 268 266 265 267 270 271 270 268 266 263 264 264 263 265
260 261 262 262 263 264 264 265 266 268 270 272 274 276 278 278 279 280 278 275 275 273 270 266 264 263 266 271 274 274 275 276 276 274 272 271 271 272 271 270 269 267 264 263 263 260 256 253 257 262 266 268 269 268 271 274 273 267 259 258 263 269 274 280 283 282 281 284 290 288 277 271 269 271 273 271 269 268 266 266 269 270 270 269 266 265 267 265 261 260 264 264 261 262
259 260 261 262 263 264 264 265 266 268 269 271 274 276 276 276 278 281 281 277 274 271 268 265 263 264 267 270 272 272 273 275 276 274 274 273 271 269 268 267 266 261 259 262 264 261 261 260 257 256 260 265 265 266 268 271 274 271 263 261 266 270 275 276 276 278 282 286 293 299 293 282 277 275 273 273 273 269 265 267 273 274 272 268 264 262 265 262 256 256 263 264 261 261
259 259 260 261 262 263 264 265 266 267 269 271 274 278 278 275 275 277 279 278 274 271 268 266 265 267 269 270 270 271 273 274 274 273 273 271 268 265 263 262 261 259 259 263 264 262 264 267 264 258 260 262 264 266 266 265 267 270 268 267 269 273 275 274 269 272 279 282 287 300 305 293 283 277 274 275 272 268 268 273 276 275 271 267 263 261 261 259 255 254 258 262 261 261
258 258 259 260 261 262 264 265 266 267 269 271 274 279 282 278 274 273 274 275 274 272 269 267 267 268 269 270 270 272 274 272 269 267 265 265 265 264 262 261 261 262 264 264 263 263 263 264 268 269 267 264 266 267 264 261 261 265 270 271 272 274 274 272 269 270 274 279 283 289 300 298 289 285 282 277 272 271 274 275 272 269 267 264 262 260 258 256 258 260 259 259 258 258
257 258 259 260 261 262 263 264 266 267 269 271 273 277 282 280 275 273 272 272 272 271 270 270 269 268 268 271 273 272 271 267 262 259 259 262 265 265 263 263 264 265 266 264 262 264 265 264 268 273 273 270 268 266 263 261 261 263 268 272 272 272 271 270 271 271 273 277 279 280 287 295 293 292 291 283 278 277 275 270 265 264 263 259 257 257 257 257 262 268 268 261 257 257
256 257 258 259 260 261 263 264 266 267 268 270 272 275 279 280 277 274 272 270 270 270 271 272 270 269 269 271 273 271 267 262 258 257 259 262 264 266 265 265 266 265 265 265 264 264 268 271 270 270 272 272 270 266 264 264 264 265 268 271 270 269 268 269 272 273 272 272 273 276 283 289 289 289 291 289 284 277 270 264 264 265 263 259 256 255 256 258 262 268 272 266 261 259
256 256 257 258 259 261 262 264 265 266 267 269 271 274 276 277 276 273 271 271 270 271 271 271 271 270 270 270 270 269 265 260 258 260 262 264 265 267 268 267 267 265 264 264 265 267 270 273 271 269 269 271 272 271 269 268 266 265 267 269 268 266 267 270 272 273 272 270 273 278 282 284 282 281 284 284 278 271 267 265 266 267 267 264 260 257 256 257 260 265 270 269 264 262
255 256 257 258 259 260 262 263 265 266 267 269 270 272 274 274 274 272 272 272 271 271 271 272 271 270 269 269 268 267 264 260 258 261 264 266 267 268 269 267 266 264 264 264 267 269 270 269 270 270 269 270 273 275 274 271 268 266 265 266 265 264 268 271 273 274 274 274 277 279 278 276 275 276 279 277 269 264 264 265 267 268 268 268 265 261 258 257 260 265 268 267 262 261
254 254 256 257 258 260 261 262 264 265 267 268 270 271 272 272 272 272 272 272 272 271 272 271 270 269 268 268 267 266 264 261 261 265 268 267 267 267 266 265 263 262 263 265 268 268 268 269 271 270 270 270 272 274 275 274 272 269 265 263 262 264 268 271 274 277 278 278 278 275 270 266 268 272 276 278 270 262 260 261 264 265 265 267 267 263 258 258 262 265 266 263 259 260
253 253 254 256 258 259 261 262 263 265 267 268 269 270 271 272 272 272 272 272 271 271 272 271 270 269 268 266 266 266 266 266 268 269 269 269 267 264 263 263 262 262 263 265 266 268 270 271 271 270 270 270 270 271 274 275 274 273 268 262 261 264 268 272 278 281 282 280 274 266 261 261 265 270 275 280 276 266 261 258 258 258 261 265 268 266 262 261 263 264 263 257 254 259
252 252 254 256 257 259 260 261 263 265 266 268 268 269 270 271 272 272 272 272 271 271 271 270 269 268 266 265 265 267 269 272 273 270 268 267 266 264 263 265 265 265 264 264 267 271 270 269 269 270 270 269 270 271 274 275 275 274 270 264 262 265 269 277 283 285 282 275 266 259 257 259 266 272 275 276 278 273 267 259 254 253 256 259 264 269 270 267 264 263 260 250 253 259
251 252 253 255 256 258 259 261 263 265 266 267 268 269 270 271 272 272 272 272 272 271 271 270 269 267 264 262 265 269 273 275 275 271 268 266 265 265 267 268 268 267 266 267 270 270 267 266 267 269 270 270 271 272 273 274 274 272 270 267 265 267 273 280 284 282 275 266 257 255 257 264 272 275 272 266 272 279 274 264 257 254 252 253 258 267 272 270 267 264 258 246 252 259
250 251 253 254 256 257 259 261 263 264 265 267 268 269 270 270 271 272 272 272 272 271 270 270 268 265 260 259 264 269 273 276 278 275 270 265 262 264 269 271 271 271 271 272 271 266 263 265 266 268 269 270 271 273 274 275 273 268 267 269 271 276 280 280 277 273 266 257 251 253 261 272 278 276 267 257 263 275 281 274 266 259 252 250 253 260 265 266 267 266 258 246 251 256
249 250 251 253 255 257 259 261 263 264 265 266 268 269 270 271 271 272 272 272 272 271 271 270 268 262 257 259 263 266 270 275 279 280 275 267 262 264 269 273 273 274 276 274 270 264 262 264 266 268 267 268 270 273 277 278 269 263 266 272 280 284 283 278 269 263 256 249 248 256 268 277 279 274 265 252 256 267 281 286 277 266 257 254 254 255 255 257 261 263 260 254 253 254
247 248 250 252 254 256 258 261 262 263 264 266 268 269 270 271 272 272 271 272 272 272 272 271 267 263 259 260 262 261 264 270 277 280 280 275 268 266 269 273 275 276 278 275 271 267 264 263 265 268 267 266 268 273 278 278 265 261 269 278 282 283 281 274 265 257 249 245 252 262 271 275 275 271 262 252 256 263 273 287 286 275 267 264 261 257 250 250 255 257 259 261 261 256
246 247 249 251 254 256 258 260 262 263 264 266 267 269 270 271 272 272 272 272 273 273 272 271 269 266 266 265 261 257 258 264 271 276 280 283 278 272 272 275 277 278 278 276 274 270 267 263 264 267 269 267 268 270 273 273 265 266 272 280 283 280 275 268 262 256 248 248 260 270 273 272 269 264 257 255 261 263 266 277 288 285 276 271 267 259 253 253 255 254 254 260 268 265
245 246 248 250 253 256 258 260 261 263 264 266 267 268 270 271 272 272 273 273 273 273 272 272 272 273 274 271 263 255 255 258 263 271 281 289 285 276 275 277 279 279 277 275 274 271 269 268 267 267 267 267 266 265 265 264 267 270 272 278 281 277 267 260 257 255 252 255 267 274 275 270 263 257 254 260 266 263 263 270 284 290 282 274 267 262 259 260 258 253 250 255 266 272
244 245 247 250 252 255 258 259 261 263 264 266 267 268 270 271 272 273 273 273 273 273 273 274 276 279 280 275 267 259 257 257 262 271 282 291 288 280 278 279 280 278 275 272 271 271 272 274 273 268 265 265 263 261 259 255 260 271 274 275 276 272 261 254 255 259 259 263 269 274 275 268 260 258 258 263 263 260 261 266 276 287 285 276 270 266 265 263 259 253 249 251 258 270
243 244 246 248 252 255 257 259 261 262 264 266 267 268 270 271 272 273 274 274 274 275 275 275 278 281 282 279 271 264 263 265 268 273 279 289 288 283 280 279 278 275 273 271 269 270 274 276 273 268 266 266 262 260 256 249 256 268 274 274 271 265 254 251 257 264 268 268 270 272 271 265 264 267 266 264 260 259 260 263 268 276 280 278 274 272 268 264 259 255 253 251 253 263
241 242 245 248 252 254 256 258 260 262 264 265 267 268 269 270 271 272 274 275 276 276 277 277 280 284 285 283 277 270 270 272 271 271 275 287 290 284 280 276 273 271 271 270 270 271 274 273 269 267 268 267 265 262 256 251 258 265 269 271 268 261 249 249 258 267 275 274 270 268 267 267 271 273 270 265 261 260 260 261 261 262 270 276 275 273 270 265 260 257 256 254 254 260
240 241 244 248 252 254 256 258 260 262 264 266 267 268 269 270 271 272 274 275 276 277 279 280 282 285 287 287 286 281 277 273 270 268 271 284 293 282 276 272 270 269 269 269 269 271 272 269 266 267 267 267 267 265 259 259 265 266 264 264 264 261 250 251 257 264 274 280 273 268 268 270 272 271 269 268 266 263 260 257 252 252 260 270 274 270 266 264 260 256 255 256 259 263
238 239 242 247 251 253 255 257 260 262 264 266 267 268 269 270 271 273 274 275 276 278 281 283 283 284 287 290 293 289 283 276 272 270 270 277 289 281 273 270 267 265 266 266 266 270 270 267 267 268 268 267 267 266 265 266 270 271 265 261 260 260 257 256 257 260 267 278 280 276 273 270 268 266 267 270 271 270 263 253 247 246 253 262 270 268 263 262 260 255 254 257 261 267
237 238 242 246 249 252 254 257 259 261 263 265 266 268 269 270 271 272 273 275 276 278 281 283 285 285 288 292 295 293 288 283 280 277 273 270 275 275 269 265 263 261 262 264 266 269 269 268 269 269 267 267 267 268 269 270 271 271 268 263 261 261 264 264 259 258 262 273 283 283 276 268 264 263 266 272 273 270 266 259 251 247 248 254 261 268 265 260 259 258 258 259 262 266
236 237 242 246 249 251 254 256 259 261 263 264 266 267 268 270 271 272 273 275 277 278 280 282 285 288 291 293 295 295 294 292 286 280 273 266 263 262 261 260 259 260 262 265 268 269 270 270 270 268 268 268 268 269 271 271 269 268 268 265 263 263 267 271 264 259 261 270 279 280 271 264 264 266 269 270 269 264 264 267 263 252 248 249 255 266 271 262 259 262 263 262 262 264
235 236 241 245 248 250 253 256 258 260 262 264 265 267 268 269 270 272 273 275 276 278 279 282 284 288 292 297 299 297 297 294 287 279 272 265 257 251 254 257 260 263 266 267 270 270 270 270 269 268 271 272 271 270 272 272 269 266 265 265 264 263 267 274 270 264 264 269 272 267 261 262 268 272 270 266 267 262 260 265 266 258 250 248 253 262 271 267 262 265 266 263 263 267
234 235 240 244 248 250 253 255 258 260 261 263 264 266 267 269 270 272 273 274 276 277 279 281 284 288 293 301 302 296 294 291 286 280 273 263 249 248 256 259 262 266 269 271 271 271 272 272 269 269 273 275 274 270 271 274 272 267 265 264 262 260 262 267 270 268 268 269 266 258 259 268 272 271 262 262 269 267 257 258 260 258 253 252 256 260 263 267 266 265 264 264 268 271
234 236 240 244 247 250 252 255 257 259 260 262 263 265 267 268 270 271 273 274 275 277 279 280 283 287 294 301 300 293 290 290 287 281 273 258 246 253 258 261 265 269 273 274 272 271 273 274 272 270 272 276 278 274 273 275 275 270 266 263 259 253 251 257 265 267 269 268 263 261 270 275 272 261 253 264 272 271 255 253 250 250 255 259 261 261 262 267 268 263 261 264 270 270
236 235 239 243 246 248 251 253 256 258 259 261 263 264 266 267 269 270 272 274 275 277 278 280 282 286 292 296 296 292 289 290 289 283 272 259 257 261 261 263 267 271 276 277 275 273 274 276 276 272 272 277 285 283 275 272 273 271 266 261 254 246 245 251 262 267 267 266 264 269 275 273 266 258 258 269 274 270 255 250 244 243 252 259 261 263 265 267 266 263 260 263 266 265
237 237 239 242 245 248 250 252 255 256 258 260 262 264 265 266 268 270 271 273 275 276 277 279 282 285 288 292 294 293 289 289 289 285 276 268 268 270 271 271 271 273 274 275 278 279 276 275 275 274 274 277 284 285 277 270 267 267 264 258 252 246 247 252 258 266 266 265 268 271 268 263 262 262 267 273 272 254 246 248 246 244 250 256 261 264 263 260 261 263 263 262 259 259
