windninja/windninja_output/Output_2025-08-09_1900-1950_Google earth_Fire_150m_10min/merlingen_7.5mi_point_08-09-2025_1910_150m_vel.asc
ncols	158
nrows	163
xllcorner	391686.332397
yllcorner	5160024.123721
cellsize	150.000000
NODATA_value	-32768.000000
[rows 76 to 113 of 163, columns 0 to 83 of 158]
1.01 0.95 0.83 0.71 0.67 0.68 0.65 0.61 0.61 0.60 0.59 0.58 0.59 0.59 0.59 0.59 0.58 0.59 0.61 0.62 0.62 0.63 0.65 0.66 0.63 0.57 0.58 0.64 0.70 0.81 0.89 0.89 0.88 0.89 0.83 0.73 0.68 0.67 0.66 0.65 0.66 0.69 0.71 0.72 0.73 0.74 0.74 0.75 0.75 0.75 0.75 0.75 0.75 0.75 0.75 0.75 0.75 0.75 0.75 0.74 0.74 0.73 0.73 0.72 0.71 0.69 0.68 0.66 0.64 0.62 0.58 0.54 0.49 0.41 0.34 0.34 0.33 0.36 0.44 0.61 0.86 1.05 1.15 1.09
1.08 1.02 0.92 0.83 0.75 0.71 0.64 0.60 0.59 0.58 0.57 0.56 0.57 0.59 0.58 0.58 0.58 0.58 0.60 0.61 0.62 0.63 0.64 0.65 0.63 0.60 0.62 0.65 0.65 0.71 0.83 0.91 0.90 0.91 0.90 0.79 0.72 0.70 0.67 0.65 0.65 0.68 0.71 0.73 0.74 0.75 0.75 0.75 0.76 0.76 0.76 0.76 0.76 0.76 0.76 0.76 0.76 0.76 0.76 0.76 0.75 0.75 0.74 0.73 0.72 0.71 0.70 0.68 0.66 0.64 0.61 0.57 0.53 0.47 0.39 0.33 0.28 0.26 0.35 0.62 0.87 0.93 0.99 1.02
1.15 1.02 0.95 1.00 0.91 0.76 0.64 0.59 0.59 0.57 0.54 0.53 0.56 0.58 0.58 0.57 0.57 0.57 0.58 0.60 0.61 0.63 0.64 0.63 0.60 0.62 0.69 0.69 0.65 0.65 0.74 0.88 0.92 0.93 0.95 0.88 0.78 0.74 0.71 0.66 0.63 0.66 0.71 0.73 0.74 0.75 0.76 0.76 0.76 0.76 0.76 0.76 0.76 0.76 0.77 0.77 0.77 0.77 0.77 0.77 0.76 0.76 0.76 0.75 0.74 0.73 0.72 0.70 0.68 0.66 0.63 0.60 0.57 0.52 0.45 0.37 0.29 0.22 0.29 0.57 0.82 0.83 0.89 1.02
1.15 0.98 0.94 1.19 1.17 0.92 0.69 0.59 0.59 0.54 0.48 0.50 0.54 0.57 0.58 0.57 0.57 0.57 0.56 0.58 0.61 0.63 0.64 0.61 0.56 0.61 0.72 0.74 0.69 0.63 0.66 0.80 0.90 0.95 0.96 0.92 0.84 0.80 0.79 0.72 0.63 0.64 0.69 0.72 0.74 0.76 0.76 0.77 0.77 0.77 0.76 0.76 0.76 0.76 0.77 0.77 0.77 0.78 0.78 0.78 0.77 0.77 0.77 0.76 0.75 0.75 0.73 0.72 0.70 0.68 0.65 0.63 0.60 0.56 0.50 0.43 0.34 0.25 0.27 0.48 0.69 0.75 0.84 1.00
1.00 0.93 0.97 1.14 1.27 1.10 0.70 0.53 0.54 0.47 0.41 0.45 0.52 0.56 0.57 0.57 0.57 0.57 0.55 0.57 0.60 0.62 0.64 0.60 0.53 0.57 0.71 0.76 0.73 0.66 0.64 0.73 0.83 0.93 0.99 0.96 0.87 0.84 0.86 0.82 0.69 0.64 0.69 0.72 0.73 0.75 0.77 0.78 0.78 0.77 0.75 0.75 0.75 0.76 0.77 0.77 0.78 0.78 0.78 0.78 0.78 0.78 0.78 0.77 0.77 0.76 0.75 0.74 0.72 0.70 0.68 0.65 0.63 0.60 0.55 0.48 0.40 0.31 0.29 0.39 0.53 0.66 0.77 0.89
0.83 0.84 0.91 1.06 1.26 1.11 0.64 0.44 0.45 0.41 0.37 0.42 0.51 0.56 0.57 0.57 0.57 0.57 0.55 0.56 0.59 0.62 0.63 0.60 0.53 0.56 0.67 0.73 0.74 0.69 0.66 0.69 0.75 0.85 0.97 1.01 0.94 0.88 0.89 0.90 0.80 0.71 0.72 0.74 0.75 0.75 0.76 0.78 0.80 0.77 0.72 0.71 0.73 0.74 0.76 0.77 0.78 0.79 0.79 0.79 0.79 0.79 0.79 0.78 0.78 0.77 0.76 0.75 0.74 0.72 0.70 0.67 0.65 0.62 0.58 0.53 0.46 0.37 0.32 0.33 0.40 0.55 0.70 0.77
0.90 0.88 0.93 1.14 1.18 0.92 0.66 0.52 0.45 0.41 0.38 0.42 0.51 0.56 0.57 0.57 0.57 0.57 0.56 0.55 0.57 0.60 0.62 0.59 0.53 0.56 0.66 0.70 0.72 0.72 0.69 0.69 0.70 0.75 0.85 0.96 0.98 0.93 0.91 0.91 0.87 0.81 0.80 0.82 0.82 0.81 0.79 0.80 0.86 0.83 0.74 0.68 0.68 0.71 0.74 0.77 0.78 0.79 0.79 0.80 0.80 0.80 0.80 0.79 0.79 0.78 0.78 0.77 0.75 0.73 0.71 0.69 0.67 0.64 0.61 0.56 0.50 0.42 0.36 0.30 0.30 0.42 0.61 0.72
1.25 1.05 0.98 1.10 1.02 0.84 0.69 0.58 0.52 0.47 0.43 0.46 0.52 0.56 0.58 0.57 0.58 0.59 0.57 0.56 0.57 0.58 0.61 0.58 0.52 0.56 0.65 0.68 0.70 0.72 0.72 0.71 0.71 0.73 0.78 0.84 0.91 0.93 0.92 0.89 0.86 0.84 0.84 0.86 0.89 0.90 0.88 0.88 0.93 0.94 0.87 0.77 0.70 0.68 0.72 0.76 0.78 0.79 0.80 0.80 0.80 0.80 0.80 0.80 0.80 0.79 0.79 0.78 0.77 0.75 0.73 0.71 0.69 0.66 0.63 0.59 0.53 0.46 0.38 0.30 0.24 0.30 0.49 0.67
1.35 1.18 1.00 1.02 0.98 0.88 0.71 0.60 0.57 0.53 0.50 0.50 0.52 0.57 0.60 0.59 0.59 0.60 0.59 0.57 0.57 0.57 0.58 0.58 0.53 0.53 0.62 0.67 0.68 0.72 0.73 0.73 0.73 0.76 0.79 0.82 0.85 0.88 0.88 0.86 0.83 0.82 0.81 0.82 0.85 0.88 0.88 0.88 0.90 0.92 0.91 0.88 0.81 0.73 0.72 0.76 0.79 0.80 0.80 0.81 0.81 0.81 0.81 0.81 0.81 0.80 0.80 0.79 0.78 0.76 0.75 0.73 0.70 0.68 0.65 0.61 0.56 0.49 0.42 0.31 0.22 0.24 0.35 0.54
1.46 1.29 1.06 1.02 1.02 0.93 0.74 0.63 0.62 0.58 0.55 0.53 0.52 0.57 0.62 0.62 0.60 0.62 0.62 0.60 0.58 0.56 0.56 0.57 0.54 0.50 0.56 0.64 0.67 0.70 0.71 0.73 0.73 0.77 0.84 0.87 0.87 0.89 0.87 0.83 0.79 0.79 0.80 0.81 0.83 0.86 0.87 0.88 0.87 0.84 0.83 0.86 0.85 0.79 0.75 0.77 0.79 0.80 0.80 0.81 0.81 0.81 0.81 0.81 0.81 0.81 0.81 0.80 0.79 0.78 0.76 0.74 0.72 0.70 0.67 0.64 0.59 0.52 0.45 0.34 0.23 0.21 0.26 0.48
1.60 1.38 1.10 1.03 1.03 0.95 0.77 0.70 0.70 0.64 0.57 0.53 0.54 0.57 0.63 0.64 0.63 0.66 0.66 0.64 0.61 0.57 0.57 0.57 0.52 0.47 0.52 0.61 0.67 0.68 0.68 0.71 0.71 0.73 0.83 0.91 0.94 0.96 0.95 0.87 0.79 0.74 0.77 0.82 0.85 0.88 0.91 0.92 0.89 0.82 0.77 0.78 0.81 0.81 0.78 0.78 0.79 0.80 0.80 0.80 0.81 0.81 0.81 0.81 0.81 0.82 0.81 0.81 0.80 0.79 0.78 0.76 0.74 0.72 0.69 0.66 0.61 0.55 0.47 0.35 0.21 0.15 0.20 0.50
1.71 1.43 1.13 1.04 0.98 0.95 0.84 0.77 0.78 0.73 0.60 0.55 0.57 0.57 0.62 0.65 0.65 0.70 0.72 0.69 0.64 0.60 0.62 0.61 0.48 0.39 0.49 0.60 0.67 0.68 0.67 0.69 0.69 0.68 0.73 0.83 0.91 1.00 1.06 1.02 0.89 0.77 0.73 0.79 0.86 0.92 0.95 0.95 0.94 0.87 0.77 0.74 0.76 0.79 0.79 0.79 0.79 0.79 0.79 0.79 0.80 0.80 0.80 0.81 0.82 0.82 0.82 0.82 0.81 0.80 0.79 0.77 0.76 0.73 0.71 0.68 0.64 0.58 0.50 0.39 0.22 0.09 0.12 0.42
1.74 1.45 1.13 1.02 0.92 0.91 0.92 0.88 0.85 0.81 0.67 0.60 0.58 0.56 0.62 0.66 0.67 0.75 0.79 0.78 0.69 0.65 0.71 0.63 0.40 0.31 0.46 0.59 0.66 0.69 0.70 0.70 0.71 0.69 0.68 0.71 0.77 0.88 1.03 1.09 1.04 0.90 0.77 0.76 0.84 0.93 1.00 1.00 0.97 0.93 0.83 0.76 0.74 0.77 0.80 0.81 0.81 0.80 0.78 0.77 0.77 0.78 0.79 0.81 0.82 0.82 0.83 0.82 0.82 0.81 0.80 0.79 0.77 0.75 0.73 0.70 0.66 0.61 0.54 0.44 0.30 0.16 0.19 0.41
1.63 1.43 1.13 0.99 0.89 0.85 0.91 0.95 0.92 0.91 0.83 0.67 0.58 0.57 0.60 0.64 0.71 0.80 0.86 0.86 0.76 0.73 0.74 0.57 0.33 0.31 0.45 0.58 0.65 0.69 0.72 0.73 0.73 0.73 0.71 0.70 0.69 0.73 0.88 1.03 1.06 0.99 0.87 0.79 0.81 0.90 1.01 1.06 1.02 0.96 0.90 0.82 0.77 0.77 0.80 0.85 0.87 0.87 0.82 0.75 0.71 0.73 0.77 0.80 0.81 0.82 0.83 0.83 0.83 0.82 0.81 0.80 0.79 0.77 0.75 0.72 0.69 0.65 0.59 0.51 0.40 0.28 0.28 0.43
1.51 1.35 1.13 1.01 0.91 0.82 0.83 0.91 0.95 1.01 0.99 0.75 0.59 0.59 0.60 0.62 0.72 0.85 0.97 0.98 0.87 0.76 0.65 0.48 0.36 0.36 0.48 0.59 0.65 0.69 0.73 0.74 0.75 0.75 0.76 0.77 0.71 0.69 0.77 0.95 1.04 1.00 0.92 0.83 0.80 0.84 0.95 1.06 1.08 1.00 0.92 0.86 0.80 0.77 0.78 0.85 0.93 0.97 0.95 0.78 0.64 0.67 0.75 0.79 0.81 0.83 0.83 0.84 0.84 0.83 0.83 0.81 0.80 0.79 0.77 0.75 0.72 0.68 0.64 0.57 0.49 0.40 0.36 0.46
1.41 1.27 1.13 1.10 1.02 0.87 0.78 0.83 0.93 1.08 1.11 0.87 0.67 0.64 0.65 0.67 0.74 0.86 1.06 1.14 0.90 0.64 0.51 0.50 0.44 0.44 0.53 0.61 0.66 0.70 0.73 0.76 0.76 0.75 0.77 0.80 0.77 0.72 0.71 0.83 1.01 1.05 0.98 0.88 0.82 0.81 0.88 1.00 1.08 1.06 0.96 0.87 0.80 0.74 0.72 0.82 0.95 1.03 1.08 0.91 0.66 0.64 0.72 0.78 0.81 0.83 0.84 0.84 0.84 0.84 0.84 0.83 0.82 0.80 0.79 0.77 0.75 0.72 0.68 0.64 0.58 0.51 0.46 0.50
1.27 1.18 1.12 1.17 1.20 1.08 0.94 0.92 1.05 1.27 1.29 1.01 0.80 0.73 0.71 0.72 0.76 0.87 1.12 1.22 0.92 0.47 0.46 0.52 0.48 0.49 0.57 0.64 0.68 0.71 0.74 0.77 0.77 0.76 0.76 0.79 0.79 0.77 0.73 0.73 0.87 1.05 1.08 0.98 0.87 0.82 0.85 0.95 1.05 1.09 1.01 0.89 0.79 0.70 0.62 0.70 0.91 1.02 1.09 1.04 0.82 0.69 0.72 0.78 0.81 0.83 0.84 0.85 0.85 0.85 0.84 0.84 0.83 0.82 0.81 0.79 0.77 0.75 0.72 0.69 0.65 0.60 0.56 0.56
1.09 1.04 1.01 1.09 1.19 1.18 1.10 1.04 1.12 1.37 1.54 1.35 1.13 1.07 1.04 1.04 0.98 1.01 1.21 1.29 1.05 0.58 0.54 0.55 0.52 0.53 0.60 0.66 0.70 0.73 0.75 0.79 0.79 0.76 0.75 0.77 0.78 0.79 0.77 0.73 0.74 0.92 1.13 1.11 0.96 0.86 0.85 0.91 1.04 1.11 1.09 0.94 0.75 0.66 0.58 0.60 0.80 0.94 1.01 1.02 0.91 0.77 0.74 0.79 0.81 0.83 0.85 0.85 0.85 0.85 0.85 0.85 0.84 0.84 0.82 0.81 0.80 0.78 0.76 0.74 0.72 0.69 0.66 0.65
0.94 0.92 0.90 0.95 1.05 1.04 0.97 0.86 0.80 1.05 1.44 1.50 1.39 1.32 1.31 1.33 1.29 1.26 1.39 1.39 1.14 0.90 0.76 0.65 0.58 0.58 0.63 0.68 0.72 0.75 0.78 0.83 0.83 0.76 0.72 0.74 0.78 0.79 0.78 0.75 0.68 0.76 1.03 1.20 1.11 1.00 0.93 0.93 1.03 1.12 1.18 1.04 0.71 0.64 0.64 0.63 0.74 0.85 0.90 0.94 0.91 0.80 0.77 0.80 0.82 0.83 0.85 0.85 0.86 0.86 0.86 0.86 0.85 0.85 0.84 0.83 0.82 0.81 0.80 0.78 0.77 0.75 0.74 0.74
0.80 0.84 0.88 0.91 1.00 0.96 0.82 0.63 0.48 0.64 0.99 1.18 1.12 0.96 0.93 1.11 1.30 1.44 1.62 1.44 1.15 1.11 0.93 0.74 0.62 0.61 0.64 0.68 0.72 0.77 0.84 0.89 0.88 0.78 0.70 0.72 0.77 0.78 0.78 0.75 0.67 0.64 0.83 1.11 1.20 1.17 1.10 1.05 1.08 1.13 1.21 1.12 0.80 0.68 0.72 0.71 0.74 0.80 0.83 0.87 0.88 0.80 0.78 0.81 0.82 0.83 0.84 0.85 0.86 0.87 0.87 0.87 0.86 0.86 0.86 0.85 0.84 0.84 0.83 0.82 0.81 0.80 0.80 0.81
0.62 0.75 0.86 0.92 1.02 1.00 0.86 0.64 0.46 0.47 0.67 0.84 0.83 0.79 0.82 1.05 1.23 1.55 1.75 1.32 1.12 1.18 1.04 0.82 0.64 0.59 0.62 0.66 0.70 0.75 0.87 0.94 0.93 0.83 0.72 0.72 0.76 0.78 0.77 0.75 0.67 0.59 0.66 0.87 1.07 1.16 1.19 1.19 1.18 1.20 1.22 1.18 0.97 0.80 0.80 0.80 0.77 0.79 0.79 0.81 0.83 0.79 0.79 0.81 0.82 0.83 0.84 0.85 0.86 0.87 0.87 0.87 0.87 0.87 0.87 0.87 0.86 0.86 0.85 0.85 0.85 0.84 0.85 0.86
0.48 0.65 0.83 0.88 0.99 1.05 0.98 0.82 0.63 0.53 0.59 0.60 0.59 0.72 0.85 1.06 1.27 1.58 1.76 1.45 1.24 1.23 1.23 0.96 0.65 0.55 0.58 0.64 0.69 0.74 0.84 0.92 0.95 0.89 0.78 0.74 0.76 0.77 0.75 0.74 0.69 0.60 0.57 0.72 0.88 0.98 1.09 1.18 1.22 1.22 1.20 1.19 1.09 0.92 0.88 0.89 0.84 0.80 0.78 0.79 0.78 0.77 0.78 0.80 0.81 0.82 0.83 0.84 0.86 0.87 0.87 0.87 0.88 0.88 0.88 0.88 0.88 0.88 0.87 0.87 0.87 0.88 0.88 0.89
0.40 0.56 0.77 0.79 0.87 0.98 0.99 0.93 0.84 0.70 0.63 0.55 0.52 0.63 0.86 1.10 1.33 1.49 1.37 1.40 1.38 1.35 1.40 1.11 0.68 0.54 0.59 0.65 0.71 0.78 0.84 0.88 0.92 0.91 0.84 0.79 0.79 0.78 0.74 0.71 0.69 0.61 0.55 0.64 0.80 0.87 0.98 1.13 1.20 1.20 1.16 1.16 1.13 1.02 0.95 0.95 0.93 0.86 0.81 0.80 0.77 0.77 0.78 0.78 0.78 0.79 0.81 0.83 0.85 0.87 0.87 0.87 0.88 0.89 0.89 0.89 0.89 0.89 0.89 0.89 0.89 0.90 0.90 0.91
0.39 0.53 0.70 0.72 0.77 0.81 0.80 0.87 0.87 0.79 0.72 0.64 0.56 0.62 0.86 1.16 1.34 1.25 1.10 1.15 1.33 1.44 1.47 1.24 0.81 0.66 0.68 0.70 0.74 0.81 0.87 0.88 0.89 0.89 0.86 0.83 0.84 0.83 0.76 0.68 0.65 0.61 0.55 0.59 0.75 0.88 0.97 1.08 1.16 1.18 1.16 1.13 1.13 1.10 1.03 1.00 0.99 0.96 0.87 0.81 0.80 0.81 0.82 0.80 0.77 0.76 0.77 0.80 0.83 0.86 0.87 0.87 0.88 0.89 0.90 0.90 0.90 0.90 0.91 0.91 0.91 0.91 0.92 0.93
0.47 0.57 0.71 0.75 0.75 0.75 0.75 0.80 0.82 0.78 0.77 0.71 0.64 0.68 0.84 1.10 1.29 1.15 0.95 0.99 1.18 1.39 1.43 1.16 0.89 0.79 0.78 0.77 0.78 0.84 0.90 0.92 0.91 0.88 0.85 0.83 0.85 0.86 0.82 0.70 0.62 0.59 0.55 0.53 0.67 0.85 0.96 1.04 1.10 1.15 1.17 1.14 1.11 1.13 1.12 1.07 1.04 1.04 0.96 0.84 0.82 0.85 0.89 0.87 0.82 0.76 0.75 0.76 0.79 0.84 0.86 0.87 0.88 0.90 0.90 0.91 0.91 0.91 0.91 0.92 0.92 0.93 0.93 0.94
0.57 0.63 0.74 0.78 0.76 0.76 0.77 0.78 0.78 0.77 0.78 0.74 0.68 0.74 0.87 1.05 1.24 1.14 0.90 1.03 1.26 1.36 1.29 1.13 0.97 0.88 0.86 0.83 0.82 0.87 0.94 0.98 0.96 0.93 0.86 0.82 0.82 0.85 0.87 0.76 0.61 0.57 0.54 0.50 0.58 0.77 0.92 0.99 1.04 1.09 1.15 1.15 1.11 1.11 1.14 1.11 1.08 1.11 1.07 0.93 0.84 0.85 0.92 0.96 0.92 0.82 0.77 0.74 0.75 0.81 0.85 0.87 0.88 0.89 0.90 0.91 0.91 0.92 0.92 0.92 0.93 0.93 0.94 0.95
0.65 0.69 0.76 0.79 0.77 0.77 0.79 0.79 0.78 0.77 0.77 0.74 0.68 0.70 0.86 1.07 1.22 1.17 1.04 1.19 1.38 1.25 1.17 1.16 1.06 0.98 0.93 0.89 0.85 0.90 0.99 1.04 1.03 1.00 0.92 0.83 0.80 0.83 0.87 0.79 0.63 0.55 0.53 0.49 0.50 0.65 0.85 0.96 1.00 1.05 1.10 1.15 1.14 1.13 1.15 1.12 1.09 1.13 1.14 1.07 0.94 0.88 0.91 0.99 1.00 0.91 0.82 0.76 0.74 0.80 0.86 0.87 0.85 0.87 0.89 0.90 0.91 0.92 0.92 0.92 0.93 0.93 0.94 0.95
0.74 0.75 0.78 0.79 0.79 0.80 0.80 0.80 0.78 0.77 0.76 0.73 0.65 0.61 0.69 0.90 1.12 1.13 1.08 1.30 1.44 1.28 1.21 1.20 1.12 1.07 1.05 0.97 0.90 0.95 1.03 1.08 1.11 1.08 1.00 0.90 0.83 0.82 0.83 0.79 0.65 0.55 0.52 0.48 0.45 0.52 0.71 0.88 0.96 1.03 1.07 1.12 1.13 1.12 1.17 1.16 1.12 1.13 1.15 1.14 1.06 0.97 0.95 1.01 1.06 1.00 0.88 0.81 0.78 0.83 0.92 0.91 0.83 0.83 0.87 0.90 0.91 0.91 0.91 0.92 0.92 0.93 0.93 0.94
0.80 0.80 0.80 0.81 0.81 0.82 0.81 0.80 0.79 0.79 0.76 0.73 0.65 0.60 0.63 0.76 0.99 1.06 1.06 1.25 1.36 1.34 1.32 1.26 1.18 1.16 1.20 1.13 1.02 1.05 1.07 1.09 1.15 1.14 1.07 0.99 0.90 0.82 0.81 0.78 0.67 0.56 0.51 0.48 0.44 0.44 0.56 0.73 0.86 0.98 1.06 1.10 1.12 1.10 1.11 1.15 1.16 1.16 1.16 1.15 1.10 1.04 1.00 1.04 1.09 1.07 0.97 0.87 0.83 0.89 1.01 1.02 0.90 0.83 0.85 0.89 0.89 0.89 0.89 0.90 0.91 0.91 0.92 0.93
0.84 0.82 0.82 0.84 0.85 0.85 0.83 0.80 0.80 0.83 0.80 0.75 0.70 0.66 0.66 0.73 0.89 0.99 1.02 1.11 1.18 1.24 1.32 1.30 1.24 1.25 1.32 1.29 1.21 1.20 1.16 1.15 1.16 1.15 1.14 1.11 1.01 0.87 0.80 0.76 0.68 0.57 0.51 0.49 0.43 0.40 0.46 0.58 0.71 0.87 1.02 1.09 1.13 1.15 1.11 1.09 1.12 1.16 1.20 1.19 1.14 1.08 1.05 1.05 1.08 1.09 1.03 0.91 0.88 0.94 1.05 1.12 1.09 0.93 0.88 0.92 0.91 0.87 0.86 0.88 0.88 0.88 0.88 0.90
0.86 0.84 0.83 0.87 0.90 0.90 0.87 0.82 0.82 0.88 0.87 0.81 0.76 0.71 0.69 0.72 0.82 0.92 0.94 0.99 1.08 1.19 1.20 1.22 1.29 1.32 1.38 1.42 1.43 1.39 1.31 1.24 1.13 1.12 1.23 1.28 1.13 0.92 0.80 0.73 0.66 0.57 0.53 0.49 0.42 0.38 0.38 0.46 0.57 0.72 0.92 1.03 1.10 1.18 1.20 1.13 1.09 1.12 1.19 1.23 1.18 1.12 1.10 1.10 1.09 1.09 1.06 0.94 0.89 0.98 1.07 1.14 1.20 1.15 1.06 1.04 0.98 0.88 0.87 0.91 0.89 0.82 0.82 0.86
0.86 0.85 0.84 0.89 0.94 0.95 0.92 0.86 0.85 0.94 0.95 0.89 0.84 0.79 0.77 0.74 0.78 0.85 0.85 0.88 1.03 1.20 1.10 1.03 1.22 1.38 1.40 1.47 1.63 1.61 1.45 1.30 1.06 1.10 1.38 1.43 1.20 0.91 0.80 0.74 0.63 0.56 0.54 0.49 0.42 0.36 0.32 0.36 0.47 0.60 0.77 0.92 1.00 1.11 1.21 1.22 1.16 1.13 1.16 1.22 1.23 1.18 1.13 1.13 1.13 1.10 1.10 1.00 0.88 0.96 1.11 1.16 1.20 1.24 1.21 1.17 1.08 0.95 0.92 0.99 0.95 0.80 0.75 0.80
0.82 0.83 0.86 0.92 0.95 0.97 0.99 0.94 0.91 0.97 1.03 0.97 0.87 0.87 0.88 0.83 0.80 0.81 0.81 0.85 0.99 1.18 1.08 0.87 1.01 1.29 1.39 1.41 1.71 1.83 1.54 1.34 1.05 1.13 1.55 1.51 1.15 0.88 0.83 0.78 0.61 0.54 0.55 0.49 0.42 0.36 0.30 0.28 0.36 0.50 0.67 0.83 0.91 0.99 1.10 1.21 1.24 1.21 1.18 1.20 1.26 1.28 1.18 1.12 1.15 1.12 1.11 1.07 0.94 0.90 1.08 1.23 1.24 1.23 1.27 1.27 1.21 1.08 0.97 1.02 1.05 0.89 0.74 0.72
0.78 0.79 0.85 0.92 0.94 0.97 0.99 0.99 0.96 0.97 1.04 1.03 0.91 0.91 0.97 0.94 0.83 0.74 0.81 0.95 1.08 1.16 1.03 0.81 0.80 1.08 1.31 1.35 1.67 1.90 1.61 1.40 1.17 1.25 1.68 1.53 1.10 0.93 0.89 0.78 0.57 0.55 0.58 0.49 0.40 0.36 0.30 0.23 0.26 0.39 0.57 0.75 0.87 0.94 1.00 1.09 1.21 1.27 1.22 1.18 1.25 1.37 1.31 1.17 1.17 1.16 1.08 1.07 1.01 0.90 0.99 1.24 1.33 1.26 1.28 1.31 1.30 1.22 1.08 1.04 1.09 1.04 0.84 0.71
0.75 0.77 0.84 0.90 0.91 0.92 0.92 0.95 0.97 0.97 1.03 1.04 0.95 0.95 1.03 1.02 0.82 0.63 0.79 1.08 1.26 1.22 0.96 0.76 0.70 0.83 1.10 1.29 1.69 1.95 1.68 1.44 1.31 1.43 1.78 1.58 1.16 1.02 0.89 0.68 0.55 0.61 0.63 0.48 0.39 0.37 0.30 0.20 0.18 0.28 0.44 0.62 0.80 0.93 0.98 1.01 1.11 1.25 1.26 1.16 1.18 1.35 1.41 1.28 1.24 1.25 1.13 1.03 1.00 0.94 0.96 1.19 1.37 1.34 1.32 1.33 1.34 1.32 1.22 1.13 1.10 1.11 0.98 0.78
0.73 0.77 0.85 0.90 0.90 0.90 0.91 0.93 0.95 0.96 1.01 1.06 0.97 0.95 1.07 1.08 0.79 0.52 0.71 1.10 1.41 1.40 0.95 0.69 0.67 0.73 0.86 1.07 1.54 1.97 1.89 1.52 1.35 1.56 1.87 1.67 1.28 1.05 0.82 0.60 0.57 0.67 0.68 0.51 0.41 0.36 0.28 0.19 0.15 0.19 0.32 0.47 0.66 0.87 0.97 0.97 1.04 1.20 1.28 1.18 1.12 1.26 1.40 1.38 1.34 1.37 1.30 1.11 0.97 0.93 0.95 1.12 1.34 1.38 1.38 1.40 1.37 1.35 1.33 1.25 1.17 1.15 1.05 0.88
0.74 0.77 0.84 0.90 0.91 0.90 0.92 0.94 0.96 0.95 1.01 1.14 1.07 0.95 1.07 1.11 0.77 0.43 0.59 1.03 1.45 1.62 1.19 0.67 0.65 0.78 0.75 0.79 1.09 1.68 2.01 1.79 1.46 1.61 1.88 1.71 1.35 1.03 0.73 0.61 0.59 0.67 0.75 0.66 0.44 0.32 0.25 0.19 0.15 0.14 0.20 0.34 0.53 0.77 0.93 0.95 0.98 1.14 1.29 1.25 1.14 1.19 1.32 1.37 1.37 1.42 1.45 1.33 1.11 0.95 0.93 1.06 1.26 1.37 1.41 1.45 1.42 1.37 1.41 1.41 1.31 1.22 1.09 0.95
0.81 0.81 0.83 0.89 0.92 0.90 0.89 0.92 0.95 0.95 1.00 1.18 1.16 0.99 1.08 1.15 0.78 0.38 0.50 0.89 1.34 1.72 1.56 0.87 0.70 0.89 0.85 0.80 0.82 1.12 1.73 1.98 1.82 1.80 1.93 1.68 1.32 1.02 0.74 0.64 0.60 0.66 0.81 0.78 0.50 0.28 0.22 0.18 0.14 0.12 0.10 0.19 0.40 0.67 0.87 0.92 0.93 1.05 1.25 1.30 1.21 1.18 1.29 1.36 1.32 1.38 1.48 1.48 1.37 1.16 1.05 1.11 1.22 1.32 1.43 1.50 1.47 1.39 1.41 1.49 1.52 1.36 1.13 1.01
