windninja/windninja_output/Output_2025-08-09_1900-1950_Google earth_Fire_150m_10min/merlingen_7.5mi_point_08-09-2025_1910_150m_ang.asc
ncols	158
nrows	163
xllcorner	391686.332397
yllcorner	5160024.123721
cellsize	150.000000
NODATA_value	-32768.000000
[rows 42 to 83 of 163, columns 0 to 93 of 158]
282 282 278 275 272 270 269 267 264 263 262 260 259 258 257 255 255 254 253 253 252 251 251 251 250 250 250 251 253 255 254 251 248 243 235 230 231 236 237 235 234 233 232 233 233 230 228 228 229 234 241 241 235 231 237 238 235 234 237 239 237 233 233 232 232 235 237 237 234 229 226 229 229 222 225 229 213 196 201 214 223 225 229 233 235 232 225 223 227 231 235 238 240 243
281 280 277 274 271 270 268 266 264 262 261 260 258 257 256 255 254 254 253 253 252 251 251 250 250 250 250 251 252 253 252 250 246 242 236 232 235 237 235 235 236 236 237 238 235 230 230 233 236 241 245 243 234 230 234 237 235 234 236 240 240 240 239 236 235 235 234 233 228 220 218 222 222 218 221 221 207 197 202 214 222 226 231 236 235 228 224 226 230 233 236 237 241 245
280 279 276 273 271 269 266 265 263 262 260 259 258 257 256 255 254 253 253 252 251 251 251 250 250 249 250 250 250 251 251 249 246 243 240 239 243 243 240 238 238 239 242 241 235 230 233 237 240 243 243 238 230 227 230 234 234 234 236 239 241 242 243 242 243 241 236 232 224 217 217 220 220 219 220 217 206 200 206 217 225 229 234 237 234 226 225 230 234 236 238 240 247 250
278 277 275 273 271 268 266 264 263 261 260 259 257 256 255 254 254 253 253 252 251 250 250 250 250 250 250 250 249 249 249 249 247 244 243 246 249 248 244 241 240 243 245 240 231 229 235 240 243 242 239 235 230 228 231 234 234 236 239 240 240 241 242 243 246 244 240 234 225 222 225 226 226 225 223 218 207 202 210 219 225 231 237 238 232 228 228 231 234 237 240 244 251 250
277 276 274 272 269 267 266 264 262 261 259 258 257 256 255 254 254 253 252 252 251 250 250 250 250 250 249 249 249 249 249 249 248 246 246 247 249 250 247 245 245 246 245 238 230 233 239 243 244 240 236 233 230 230 233 234 236 239 242 242 239 239 241 243 244 243 239 234 227 227 231 232 232 230 225 219 209 204 212 222 229 236 240 239 233 230 231 232 234 236 240 247 251 247
275 275 273 270 267 266 266 265 263 261 259 258 257 256 255 254 254 253 252 252 251 250 250 250 250 250 249 249 248 248 249 249 249 249 249 248 249 250 250 249 248 248 244 235 231 238 245 246 242 236 233 230 229 231 232 233 237 240 244 244 239 241 244 245 245 244 239 234 229 228 232 233 234 231 226 220 212 210 218 229 237 240 240 237 234 232 233 233 234 236 240 244 246 242
274 273 271 268 265 265 266 265 263 261 260 258 257 256 255 254 254 253 252 252 251 250 250 250 250 249 249 248 248 248 248 249 249 249 249 249 250 251 252 252 251 249 244 236 235 242 246 244 238 232 229 228 231 234 233 235 240 243 244 241 238 243 246 247 248 245 239 234 231 230 232 233 233 230 226 221 217 217 224 233 238 239 238 235 231 230 231 231 233 236 238 241 241 239
272 271 269 266 264 265 265 266 264 262 260 258 257 256 255 254 254 253 252 251 251 250 250 250 249 249 249 248 248 248 248 248 248 248 248 249 250 251 252 252 252 250 246 240 242 247 246 241 235 228 224 228 232 234 234 237 242 246 243 237 236 242 245 247 248 245 239 234 232 231 232 232 231 228 224 221 219 219 224 230 234 235 234 232 230 229 229 229 232 234 235 238 238 237
271 270 267 264 264 264 264 264 265 263 260 258 257 256 255 254 253 253 252 251 251 250 250 249 249 249 248 248 248 248 248 248 248 248 248 249 251 252 251 250 250 250 248 245 248 250 245 238 234 229 227 232 235 233 234 239 244 245 240 236 237 241 246 250 249 243 238 234 233 233 233 232 230 227 224 222 219 219 223 229 232 233 232 231 230 230 229 230 232 234 234 235 236 236
270 270 267 265 265 264 262 262 263 263 261 259 257 256 255 254 253 253 252 252 251 250 250 250 249 249 248 248 248 248 248 248 248 248 248 250 252 252 251 249 249 251 251 249 250 250 243 235 232 231 232 237 239 237 239 245 246 242 236 234 237 241 248 252 248 241 236 232 232 232 232 231 229 226 225 224 222 221 224 228 231 233 235 234 232 232 232 234 235 235 233 234 235 236
269 269 267 266 266 264 261 260 261 262 261 259 257 256 255 255 254 253 252 252 251 251 250 250 250 249 248 248 248 248 248 248 248 248 248 249 251 252 252 250 250 252 252 251 250 248 240 230 229 230 230 233 236 238 245 250 247 239 234 234 236 241 250 253 246 238 233 229 230 231 230 229 226 225 226 226 224 224 227 230 230 232 235 237 238 238 238 237 237 236 234 234 234 234
266 267 268 267 266 264 261 259 260 260 260 259 258 256 256 255 254 253 252 252 251 251 250 250 249 249 249 248 248 248 248 248 248 248 248 249 249 250 251 251 251 253 253 251 248 244 236 227 229 230 229 232 235 239 247 250 243 235 233 235 237 244 251 251 243 234 228 225 227 229 227 225 223 224 227 227 226 227 232 233 231 232 234 235 237 241 241 239 237 235 234 234 231 231
263 264 267 269 266 263 261 258 257 258 260 260 259 257 256 255 254 253 253 252 251 251 251 250 249 249 249 248 248 248 248 248 248 248 248 248 249 249 251 252 254 254 253 250 248 244 236 230 233 232 230 234 238 242 248 247 237 231 231 235 238 245 251 249 239 229 222 219 223 224 223 222 223 226 228 227 226 229 234 233 231 232 232 230 230 235 238 239 236 234 234 233 231 230
262 262 264 268 267 264 262 259 256 256 258 260 260 259 257 256 255 254 253 252 251 251 251 250 250 249 249 249 248 248 248 248 248 248 248 248 248 249 250 251 254 256 254 251 250 247 241 237 237 233 230 237 240 244 249 244 231 228 232 236 239 244 248 245 236 225 219 216 221 222 221 222 226 228 228 227 226 229 233 231 229 231 230 228 228 229 229 230 232 234 236 237 235 236
263 262 261 262 264 265 264 262 258 256 256 258 260 260 258 256 255 255 254 253 252 251 251 251 250 249 249 249 249 248 248 248 248 248 248 248 248 248 249 250 252 254 253 251 250 250 248 244 240 233 231 239 241 245 249 241 227 228 234 238 242 245 245 242 235 224 219 218 222 224 223 224 227 227 227 225 226 229 230 229 228 230 230 229 228 227 225 225 227 232 240 244 244 244
262 262 260 259 259 261 263 263 261 259 256 254 256 259 259 258 257 255 254 253 253 252 251 251 250 250 249 249 249 248 248 248 248 248 248 248 248 248 248 249 250 250 251 251 251 252 253 252 246 237 234 242 244 248 248 237 225 229 235 240 243 245 245 241 234 224 218 218 221 223 223 225 226 225 225 223 224 228 227 226 225 227 229 230 231 231 229 227 226 230 237 244 246 247
261 261 260 259 258 258 259 261 264 263 258 253 252 255 259 260 259 256 255 254 253 252 252 251 250 250 249 249 249 249 248 248 248 248 248 248 248 248 248 248 249 249 250 250 251 253 254 256 255 246 240 245 247 250 247 236 227 233 240 243 243 243 243 240 233 224 217 214 216 220 223 225 226 225 224 222 224 226 224 222 222 225 228 229 231 232 232 231 231 232 240 245 245 249
260 259 259 259 259 258 258 260 263 264 261 255 252 252 255 259 260 258 256 255 253 253 252 252 250 250 250 249 249 249 249 248 248 248 248 248 248 248 248 248 248 249 249 249 250 251 252 255 257 257 252 250 251 250 246 236 231 240 245 245 244 243 241 239 233 225 217 210 212 221 224 225 226 225 223 223 225 226 223 222 222 225 227 227 228 230 231 232 235 241 249 250 248 249
258 258 258 258 258 259 259 260 261 262 261 258 255 252 252 254 257 259 258 256 254 253 252 251 250 250 250 250 249 249 249 249 248 248 248 248 248 248 248 248 248 248 248 249 249 250 251 252 255 259 262 259 256 252 246 237 237 245 248 246 245 243 241 239 234 227 218 209 214 224 226 225 226 226 223 223 226 224 223 224 224 226 227 227 227 228 231 235 242 251 253 249 246 242
258 258 258 258 257 258 259 260 261 261 261 260 259 255 251 250 252 256 259 258 256 255 253 252 251 251 250 250 250 249 249 249 248 248 248 248 248 248 248 248 248 248 248 248 248 249 250 251 253 257 262 266 263 256 247 242 245 250 250 248 246 244 242 240 235 229 219 211 219 226 226 226 227 226 224 224 225 223 223 223 224 226 229 229 229 231 235 241 249 254 250 245 240 234
258 258 258 258 258 257 258 259 260 260 261 261 261 258 253 250 249 251 255 257 258 256 254 252 251 251 251 251 250 250 249 249 249 248 248 248 248 248 248 248 248 248 248 248 248 249 249 250 252 254 259 265 266 260 250 246 251 253 251 249 246 244 243 239 234 229 219 214 222 226 226 227 228 226 223 224 224 223 222 223 224 226 229 231 233 238 245 252 254 252 245 241 236 231
258 259 259 260 260 260 259 259 258 259 260 261 262 260 257 253 250 249 250 253 256 257 255 253 252 251 251 251 251 250 250 249 249 249 248 248 248 248 248 248 248 248 248 248 248 249 249 250 251 253 256 261 264 260 251 248 252 253 251 248 244 242 240 238 238 233 224 222 225 226 226 227 229 225 222 222 222 222 221 221 223 225 228 232 234 241 252 257 256 249 239 237 233 230
259 259 260 260 261 262 261 260 259 258 258 261 262 261 259 257 253 249 247 249 252 254 255 255 253 252 252 251 251 251 250 250 249 249 249 248 248 248 248 248 248 248 248 248 248 248 249 249 250 252 255 259 263 261 255 251 251 251 250 248 244 239 238 241 244 240 231 228 227 225 225 228 229 225 220 220 220 218 216 217 221 224 227 232 237 247 253 254 250 240 234 232 230 230
256 257 258 260 260 261 261 260 260 260 260 261 262 261 260 259 257 252 248 247 248 250 253 255 254 254 253 251 251 251 250 250 249 249 249 249 248 248 248 248 248 248 248 248 248 248 249 249 250 251 253 257 262 262 260 258 255 251 249 247 242 235 237 241 241 237 231 228 227 226 226 229 230 225 219 218 217 215 213 216 222 226 230 234 241 250 252 248 239 231 229 229 228 230
251 251 254 257 259 260 260 258 258 259 261 261 260 262 261 259 258 256 251 249 246 246 248 251 253 254 254 252 251 251 251 250 250 250 249 249 249 248 248 248 248 248 248 248 248 248 248 249 250 251 252 255 258 261 264 267 264 256 250 246 237 229 234 237 236 233 229 227 227 228 228 230 230 223 218 216 215 214 212 217 223 227 230 233 241 247 247 240 231 228 226 225 227 228
243 244 246 249 255 259 258 254 255 258 261 260 258 259 261 260 258 257 256 253 248 244 245 247 249 252 254 254 254 253 252 251 250 250 250 249 249 248 248 248 248 248 248 248 248 248 248 249 249 250 251 253 255 258 262 268 271 266 257 249 237 231 237 240 237 233 229 227 228 229 229 231 230 224 218 216 214 211 210 215 220 225 231 234 242 247 243 233 229 226 224 224 226 228
235 241 243 243 246 250 249 246 251 256 258 258 257 256 256 257 258 258 258 256 252 248 246 245 244 246 249 253 256 256 254 253 251 251 250 250 249 249 248 248 248 248 248 248 248 248 248 248 249 249 250 251 253 255 258 262 266 267 263 255 247 245 249 247 241 235 230 228 228 228 229 232 232 226 220 218 214 210 209 215 222 229 236 239 250 252 241 229 227 224 223 224 227 228
246 252 254 250 249 247 241 239 246 251 251 248 248 248 248 249 253 256 257 256 254 252 250 248 243 240 244 251 255 257 256 255 253 252 251 250 249 249 249 248 248 248 248 248 248 248 248 248 249 249 250 250 251 252 254 256 258 261 261 259 256 257 260 257 250 242 237 233 230 228 228 232 234 226 220 219 216 212 211 219 229 236 240 245 257 254 237 227 225 223 222 223 225 227
255 262 269 268 264 257 249 247 252 253 249 244 243 242 242 243 246 249 252 254 255 254 253 252 245 239 243 248 251 253 255 256 256 254 252 251 250 249 249 249 248 248 248 248 248 248 248 248 248 249 249 250 250 251 252 253 254 255 256 256 256 259 263 264 261 257 250 244 237 232 230 234 234 224 219 220 219 215 215 224 234 240 243 252 259 251 232 225 223 222 221 221 224 224
256 261 270 273 272 268 264 266 268 262 255 251 251 248 246 245 245 246 247 248 251 253 254 253 247 241 243 245 246 248 251 254 256 256 254 252 251 250 249 249 249 248 248 248 248 248 248 248 248 248 249 249 249 250 250 251 251 252 252 252 253 255 258 261 263 265 264 259 252 244 239 239 235 224 220 221 221 218 218 228 237 242 249 258 256 240 226 223 222 222 222 222 223 222
258 261 267 270 270 270 270 274 274 267 260 259 259 257 255 253 251 250 247 245 246 249 251 251 247 244 246 245 244 244 246 248 252 255 255 254 252 251 250 249 249 248 248 248 248 248 248 248 248 248 248 249 249 249 249 250 250 250 250 251 251 252 253 254 256 259 261 263 262 261 259 253 242 230 225 226 226 223 221 229 239 247 256 259 250 229 220 221 223 224 222 224 226 225
259 263 267 269 270 270 271 272 272 268 262 261 261 260 259 258 257 255 253 249 248 248 248 248 246 245 248 248 245 244 244 245 248 251 253 254 253 252 251 250 249 249 248 248 248 248 248 248 248 248 248 248 248 249 249 249 249 249 249 249 249 250 250 251 252 252 254 256 260 265 268 266 255 241 235 234 233 228 223 229 241 252 259 255 239 223 219 221 225 225 222 224 228 233
261 264 269 272 272 272 273 272 270 268 266 263 261 260 259 259 258 257 256 255 253 252 250 248 247 246 247 248 247 246 244 244 246 247 249 251 251 252 251 250 249 249 248 248 248 248 248 248 248 248 248 248 248 248 248 248 248 248 248 248 249 249 249 249 249 250 250 252 254 257 259 261 259 251 243 240 235 229 224 231 246 255 256 245 229 221 220 222 226 225 224 222 223 236
262 264 270 275 276 276 276 274 271 269 268 266 264 262 261 260 259 257 257 256 256 255 253 251 249 248 249 249 248 246 245 245 246 247 247 249 250 251 252 251 250 249 249 248 248 248 248 248 248 248 248 248 248 248 248 248 248 248 248 248 248 248 248 248 248 248 249 250 250 251 251 252 253 253 251 246 237 228 225 235 251 255 249 235 224 219 221 224 227 229 232 228 229 244
261 263 269 275 280 281 281 279 275 272 270 268 266 265 263 262 260 259 258 256 255 255 253 252 251 249 250 252 251 247 246 246 246 247 249 250 251 252 252 251 250 249 249 248 248 248 248 248 248 248 248 248 248 248 248 248 248 247 247 247 247 247 247 247 247 248 248 248 248 248 248 248 249 251 253 251 241 229 228 244 254 252 242 232 226 224 226 229 231 238 244 246 252 253
262 263 266 272 280 285 286 284 281 278 275 271 268 267 265 264 262 261 259 257 256 255 254 253 249 247 251 255 254 251 247 246 246 247 248 249 250 251 252 251 250 249 249 249 248 248 249 249 249 249 249 248 248 248 248 248 247 247 247 247 247 247 247 247 247 247 247 247 247 247 247 247 247 248 250 251 247 235 237 251 254 246 237 233 232 235 239 237 239 243 245 248 252 251
264 262 258 265 279 287 290 289 287 285 280 273 270 268 266 265 263 262 260 258 257 256 255 253 248 246 250 254 255 253 248 246 245 246 247 247 247 249 251 252 251 250 249 249 249 249 249 249 249 249 249 249 248 248 248 247 247 247 247 247 247 247 246 246 246 246 246 246 246 246 246 246 246 246 247 248 247 243 248 255 250 237 230 231 229 231 234 235 238 241 242 244 247 246
260 256 250 255 270 285 292 293 292 290 284 275 271 268 266 265 264 263 261 259 257 257 256 254 249 247 249 251 252 251 249 248 246 246 247 246 245 245 248 251 252 251 250 250 250 250 250 250 251 251 250 250 249 248 248 247 247 247 247 247 246 246 246 246 246 246 246 246 246 246 245 245 245 245 245 245 245 247 253 253 243 229 224 224 223 223 228 235 241 244 244 244 245 243
253 249 246 251 262 275 290 293 291 290 284 275 270 268 267 265 264 263 261 260 258 257 257 254 250 250 251 250 250 249 250 250 247 245 245 245 244 243 245 247 249 250 251 252 252 252 251 252 253 254 253 251 250 249 248 248 247 247 247 246 246 246 246 246 246 246 246 246 245 245 245 245 245 244 244 244 244 245 249 246 233 223 221 220 220 225 235 244 246 247 246 245 245 242
250 252 255 261 270 274 273 274 278 278 275 271 268 267 266 265 264 263 262 261 259 258 257 255 252 252 254 252 250 249 250 251 249 246 244 242 242 242 243 244 243 245 248 251 253 255 255 255 257 259 259 255 252 250 248 248 247 247 247 247 246 246 246 246 246 246 246 245 245 245 245 244 244 244 244 243 243 242 241 234 220 217 220 221 223 233 247 250 248 246 245 244 243 240
261 263 267 274 277 269 257 254 257 260 261 264 265 265 265 264 263 263 263 262 261 260 258 256 253 253 255 254 252 251 251 253 253 252 249 245 242 242 243 243 241 239 241 244 247 249 250 250 252 255 257 257 255 251 249 248 247 247 247 247 246 246 246 246 246 246 245 245 245 245 245 244 244 244 244 243 242 240 237 228 210 209 218 223 231 247 252 251 249 246 244 242 241 238
264 266 269 271 268 259 253 249 248 250 254 260 263 263 263 263 263 263 264 264 264 262 260 258 255 255 255 254 252 251 251 251 252 253 253 251 248 246 245 244 242 240 239 240 240 240 241 242 244 245 245 247 250 249 248 247 247 247 247 247 247 246 246 246 246 246 245 245 245 245 244 244 244 244 244 243 242 240 237 228 205 202 213 224 242 255 256 252 249 248 246 243 241 239
