windninja/windninja_output/Output_2025-08-09_1900-1950_Google earth_Fire_150m_10min/merlingen_7.5mi_point_08-09-2025_1950_150m_vel.asc
ncols	158
nrows	163
xllcorner	391686.332397
yllcorner	5160024.123721
cellsize	150.000000
NODATA_value	-32768.000000
[rows 114 to 151 of 163, columns 0 to 83 of 158]
1.16 1.12 1.03 0.98 0.99 0.96 0.91 0.89 0.91 0.94 0.97 1.06 1.11 1.07 1.10 1.08 0.80 0.66 0.77 0.95 1.24 1.68 1.85 1.38 1.06 1.01 0.96 0.83 0.70 0.70 1.03 1.54 1.70 1.51 1.25 1.00 0.91 0.89 0.81 0.74 0.71 0.70 0.70 0.66 0.56 0.50 0.50 0.49 0.46 0.44 0.45 0.48 0.58 0.76 0.95 1.04 1.05 1.09 1.24 1.36 1.35 1.31 1.37 1.45 1.40 1.41 1.52 1.59 1.59 1.49 1.35 1.27 1.24 1.22 1.32 1.46 1.44 1.33 1.26 1.35 1.48 1.39 1.13 1.00
1.15 1.16 1.14 1.09 1.05 1.04 1.02 0.96 0.89 0.88 0.91 0.97 1.05 1.14 1.24 1.19 0.84 0.65 0.67 0.72 0.96 1.40 1.84 1.88 1.59 1.29 1.19 1.15 1.10 0.87 0.92 1.38 1.79 1.78 1.40 1.03 0.87 0.87 0.86 0.81 0.81 0.85 0.88 0.85 0.74 0.66 0.63 0.58 0.53 0.50 0.50 0.52 0.56 0.66 0.86 1.01 1.03 1.04 1.15 1.30 1.35 1.33 1.36 1.45 1.45 1.40 1.46 1.56 1.60 1.57 1.50 1.44 1.40 1.27 1.20 1.37 1.51 1.45 1.29 1.28 1.46 1.49 1.30 1.16
1.10 1.15 1.17 1.14 1.08 1.04 1.04 1.06 1.02 0.95 0.91 0.88 0.93 1.08 1.28 1.30 0.93 0.63 0.60 0.66 0.88 1.22 1.60 1.94 2.00 1.70 1.39 1.31 1.27 1.08 1.06 1.36 1.80 1.99 1.60 1.10 0.94 0.96 1.00 0.96 0.95 0.98 0.99 0.98 0.89 0.75 0.64 0.58 0.59 0.59 0.59 0.60 0.59 0.62 0.77 0.95 1.03 1.02 1.08 1.20 1.29 1.32 1.35 1.42 1.45 1.41 1.44 1.52 1.59 1.60 1.58 1.58 1.62 1.56 1.31 1.23 1.40 1.53 1.41 1.27 1.38 1.47 1.31 1.21
1.05 1.11 1.15 1.13 1.09 1.03 0.99 1.05 1.12 1.12 1.03 0.86 0.81 0.94 1.23 1.39 1.03 0.61 0.61 0.71 0.91 1.14 1.32 1.60 1.95 2.10 1.92 1.68 1.64 1.27 1.07 1.14 1.56 2.06 2.01 1.50 1.24 1.18 1.20 1.21 1.23 1.17 1.11 1.09 1.02 0.85 0.76 0.73 0.73 0.73 0.72 0.69 0.66 0.66 0.74 0.92 1.04 1.04 1.05 1.13 1.21 1.27 1.36 1.44 1.46 1.43 1.44 1.51 1.57 1.61 1.62 1.65 1.74 1.83 1.74 1.45 1.31 1.46 1.53 1.42 1.40 1.44 1.28 1.17
1.04 1.07 1.12 1.13 1.09 1.03 0.96 0.98 1.05 1.14 1.17 0.96 0.75 0.81 1.09 1.45 1.25 0.63 0.58 0.64 0.70 0.81 0.95 1.10 1.38 1.84 2.09 2.11 2.16 1.99 1.49 1.27 1.50 1.95 2.24 2.35 2.15 1.81 1.68 1.65 1.56 1.45 1.30 1.19 1.11 1.02 0.95 0.92 0.89 0.86 0.81 0.75 0.72 0.71 0.74 0.87 1.02 1.06 1.06 1.10 1.14 1.17 1.27 1.42 1.51 1.51 1.51 1.56 1.59 1.60 1.60 1.62 1.70 1.87 2.01 1.90 1.58 1.47 1.54 1.56 1.56 1.53 1.32 1.15
1.07 1.07 1.11 1.14 1.06 1.00 0.95 0.91 0.92 0.97 1.13 1.07 0.75 0.72 0.93 1.35 1.43 0.84 0.49 0.48 0.46 0.47 0.59 0.73 0.89 1.11 1.38 1.58 1.93 2.17 2.07 1.90 1.78 1.78 2.03 2.42 2.59 2.48 2.33 2.27 2.12 1.85 1.62 1.46 1.38 1.29 1.13 1.00 0.95 0.90 0.84 0.79 0.75 0.73 0.72 0.81 0.97 1.05 1.07 1.10 1.12 1.10 1.13 1.25 1.38 1.46 1.48 1.54 1.61 1.62 1.55 1.53 1.59 1.74 1.99 2.15 2.01 1.75 1.63 1.59 1.61 1.59 1.40 1.21
1.08 1.07 1.12 1.19 1.09 0.94 0.90 0.87 0.86 0.85 0.98 1.06 0.79 0.72 0.87 1.22 1.46 1.15 0.57 0.39 0.35 0.30 0.33 0.43 0.56 0.66 0.77 0.91 1.15 1.45 1.70 1.72 1.53 1.52 1.69 1.97 2.29 2.40 2.29 2.33 2.45 2.38 2.16 1.96 1.82 1.66 1.47 1.30 1.14 1.00 0.91 0.85 0.80 0.77 0.75 0.78 0.91 1.01 1.04 1.08 1.11 1.09 1.08 1.07 1.04 1.08 1.09 1.14 1.35 1.54 1.54 1.48 1.46 1.54 1.76 2.08 2.25 2.13 1.90 1.74 1.65 1.60 1.45 1.27
1.06 1.06 1.13 1.28 1.34 1.18 1.10 1.04 0.92 0.79 0.86 1.02 0.80 0.69 0.86 1.18 1.48 1.33 0.81 0.44 0.26 0.22 0.17 0.16 0.26 0.39 0.52 0.65 0.78 0.87 0.98 1.13 1.22 1.32 1.54 1.70 1.77 1.91 1.75 1.72 2.07 2.34 2.31 2.04 1.84 1.73 1.62 1.49 1.32 1.15 1.00 0.90 0.86 0.82 0.79 0.80 0.91 0.99 1.02 1.05 1.06 1.01 0.98 0.98 0.92 0.91 0.83 0.66 0.78 1.18 1.39 1.42 1.38 1.36 1.48 1.77 2.15 2.36 2.30 2.09 1.89 1.73 1.53 1.35
1.02 1.06 1.11 1.23 1.42 1.49 1.51 1.49 1.29 0.93 0.83 1.00 0.80 0.57 0.67 0.94 1.38 1.47 1.01 0.60 0.27 0.13 0.13 0.10 0.02 0.11 0.24 0.38 0.55 0.66 0.75 0.92 1.11 1.18 1.39 1.51 1.48 1.66 1.54 1.30 1.43 1.78 2.12 2.00 1.65 1.48 1.39 1.29 1.23 1.16 1.04 0.95 0.88 0.84 0.81 0.82 0.91 1.00 1.01 1.02 1.00 0.94 0.92 0.95 0.99 1.09 1.04 0.72 0.51 0.65 0.99 1.20 1.28 1.28 1.27 1.41 1.75 2.18 2.46 2.49 2.31 2.04 1.71 1.52
0.92 0.95 0.97 1.00 1.12 1.29 1.44 1.60 1.66 1.40 1.07 1.08 0.82 0.48 0.45 0.61 1.07 1.51 1.33 0.84 0.48 0.20 0.04 0.11 0.13 0.08 0.02 0.12 0.31 0.51 0.64 0.79 0.96 1.04 1.24 1.40 1.37 1.55 1.61 1.28 1.15 1.39 1.89 2.15 1.84 1.47 1.28 1.16 1.15 1.14 1.10 1.02 0.93 0.87 0.83 0.78 0.80 0.88 0.88 0.90 0.95 0.95 0.96 0.99 1.04 1.19 1.29 1.14 0.74 0.48 0.59 0.84 1.02 1.12 1.13 1.13 1.31 1.69 2.14 2.51 2.66 2.54 2.15 1.80
0.90 0.91 0.90 0.88 0.93 1.06 1.19 1.37 1.63 1.65 1.53 1.37 0.84 0.45 0.36 0.40 0.70 1.26 1.55 1.24 0.76 0.42 0.20 0.10 0.05 0.09 0.13 0.13 0.32 0.49 0.60 0.75 0.90 0.95 1.11 1.32 1.26 1.34 1.54 1.35 1.12 1.15 1.51 2.07 2.16 1.78 1.45 1.25 1.19 1.21 1.22 1.16 1.03 0.94 0.88 0.83 0.81 0.87 0.86 0.80 0.89 1.03 1.06 1.08 1.11 1.17 1.29 1.37 1.20 0.74 0.49 0.56 0.66 0.75 0.87 0.90 0.96 1.19 1.59 2.00 2.42 2.72 2.62 2.18
0.91 0.96 0.96 0.92 0.95 1.04 1.12 1.23 1.47 1.62 1.74 1.76 1.20 0.55 0.34 0.31 0.45 0.80 1.30 1.54 1.37 0.81 0.44 0.28 0.24 0.23 0.35 0.61 0.64 0.61 0.64 0.77 0.89 0.87 1.00 1.24 1.19 1.15 1.37 1.36 1.12 1.01 1.16 1.69 2.14 2.02 1.66 1.39 1.27 1.24 1.23 1.19 1.13 1.04 0.97 0.96 1.01 1.11 1.15 1.02 1.00 1.11 1.16 1.17 1.20 1.23 1.25 1.34 1.42 1.23 0.82 0.63 0.58 0.50 0.51 0.59 0.64 0.75 0.99 1.31 1.61 2.19 2.67 2.58
0.85 0.91 0.95 0.91 0.93 1.00 1.08 1.16 1.31 1.48 1.69 2.02 1.81 0.94 0.59 0.42 0.40 0.55 0.84 1.26 1.48 1.36 0.86 0.67 0.87 1.05 1.05 0.94 0.77 0.67 0.70 0.86 1.00 0.90 0.90 1.15 1.19 1.04 1.10 1.20 1.08 0.92 0.95 1.31 1.90 2.08 1.85 1.59 1.42 1.31 1.23 1.16 1.12 1.08 1.00 0.97 1.03 1.17 1.29 1.27 1.19 1.17 1.17 1.16 1.19 1.23 1.25 1.29 1.40 1.45 1.31 1.07 0.83 0.59 0.43 0.35 0.36 0.43 0.55 0.77 1.04 1.48 2.16 2.59
0.83 0.89 0.93 0.87 0.89 0.98 1.09 1.14 1.17 1.30 1.54 1.98 2.18 1.74 1.18 0.72 0.53 0.58 0.74 0.97 1.38 1.71 1.75 1.68 1.60 1.45 1.18 0.84 0.66 0.62 0.67 0.87 1.15 1.16 1.03 1.08 1.14 1.04 0.93 0.98 0.96 0.80 0.75 0.97 1.53 1.96 1.88 1.64 1.47 1.33 1.26 1.20 1.11 1.06 1.01 0.95 0.96 1.08 1.21 1.24 1.21 1.18 1.15 1.13 1.16 1.21 1.25 1.27 1.33 1.40 1.45 1.39 1.16 0.87 0.63 0.41 0.25 0.23 0.32 0.47 0.72 1.08 1.52 2.05
0.83 0.88 0.92 0.86 0.83 0.89 1.01 1.10 1.12 1.16 1.32 1.69 2.17 2.33 2.02 1.20 0.78 0.77 0.89 1.18 1.47 1.66 1.84 1.80 1.60 1.37 1.04 0.72 0.56 0.51 0.55 0.71 1.09 1.36 1.39 1.27 1.12 1.01 0.88 0.84 0.82 0.71 0.60 0.65 1.08 1.72 1.88 1.61 1.44 1.32 1.23 1.20 1.16 1.10 1.05 1.00 0.98 1.04 1.13 1.16 1.15 1.16 1.16 1.16 1.17 1.21 1.24 1.26 1.30 1.33 1.41 1.50 1.40 1.10 0.84 0.63 0.36 0.19 0.19 0.24 0.39 0.69 1.08 1.49
0.81 0.84 0.85 0.78 0.72 0.72 0.77 0.88 0.97 1.01 1.09 1.30 1.67 2.11 2.34 2.15 1.43 1.06 1.10 1.22 1.15 1.01 1.27 1.47 1.39 1.26 1.09 0.83 0.59 0.46 0.44 0.51 0.77 1.15 1.51 1.66 1.44 1.06 0.87 0.80 0.74 0.65 0.52 0.43 0.65 1.31 1.78 1.77 1.59 1.46 1.34 1.25 1.16 1.11 1.06 1.02 1.02 1.05 1.10 1.13 1.14 1.16 1.17 1.18 1.19 1.22 1.23 1.25 1.29 1.32 1.39 1.52 1.58 1.40 1.08 0.84 0.58 0.29 0.20 0.20 0.18 0.24 0.51 0.93
0.83 0.86 0.89 0.81 0.72 0.71 0.70 0.68 0.70 0.75 0.79 0.85 0.98 1.25 1.71 2.13 1.95 1.50 1.21 0.97 0.71 0.65 0.90 1.34 1.53 1.37 1.13 0.98 0.82 0.62 0.46 0.40 0.49 0.81 1.21 1.69 1.88 1.50 1.04 0.89 0.79 0.68 0.57 0.43 0.42 0.79 1.46 1.76 1.73 1.56 1.40 1.30 1.16 1.07 1.03 0.99 1.00 1.06 1.12 1.14 1.13 1.13 1.15 1.17 1.19 1.22 1.23 1.25 1.27 1.32 1.38 1.48 1.61 1.64 1.47 1.18 0.86 0.50 0.30 0.24 0.22 0.19 0.14 0.27
0.87 0.90 0.96 0.93 0.82 0.82 0.86 0.83 0.69 0.54 0.47 0.49 0.57 0.75 1.01 1.39 1.70 1.48 1.03 0.67 0.58 0.60 0.70 1.04 1.53 1.59 1.22 1.07 1.00 0.84 0.64 0.48 0.46 0.60 0.89 1.33 1.88 2.03 1.68 1.28 1.09 0.94 0.84 0.67 0.48 0.52 0.95 1.41 1.61 1.52 1.35 1.27 1.17 1.08 1.02 0.96 0.93 0.99 1.07 1.10 1.08 1.05 1.06 1.12 1.15 1.19 1.23 1.23 1.25 1.30 1.38 1.47 1.56 1.67 1.67 1.55 1.24 0.79 0.55 0.43 0.27 0.20 0.19 0.15
0.87 0.87 0.91 0.96 0.91 0.87 0.94 1.06 1.06 0.77 0.48 0.41 0.45 0.59 0.79 0.99 1.35 1.41 0.95 0.56 0.51 0.56 0.64 0.78 1.20 1.67 1.53 1.08 0.88 0.76 0.62 0.50 0.43 0.48 0.70 1.00 1.45 1.96 2.13 1.98 1.68 1.42 1.26 1.06 0.82 0.61 0.63 0.95 1.34 1.42 1.28 1.20 1.15 1.09 1.04 0.97 0.93 0.96 1.02 1.05 1.06 1.04 1.00 1.05 1.11 1.14 1.18 1.19 1.19 1.24 1.33 1.44 1.54 1.66 1.71 1.68 1.53 1.13 0.87 0.79 0.57 0.25 0.14 0.16
0.88 0.85 0.83 0.92 0.97 0.91 0.87 0.99 1.24 1.28 0.93 0.66 0.59 0.61 0.69 0.86 1.21 1.48 1.46 1.06 0.71 0.64 0.68 0.76 0.97 1.56 1.75 1.28 0.85 0.65 0.52 0.42 0.35 0.39 0.54 0.77 1.05 1.43 1.84 2.07 1.99 1.76 1.60 1.48 1.28 0.99 0.77 0.80 1.09 1.27 1.20 1.13 1.10 1.07 1.04 1.01 0.98 1.00 1.06 1.11 1.15 1.15 1.10 1.08 1.11 1.11 1.13 1.13 1.11 1.15 1.26 1.36 1.46 1.63 1.78 1.78 1.65 1.26 0.96 0.95 0.87 0.52 0.16 0.09
0.94 0.92 0.88 0.92 1.00 0.96 0.87 0.85 1.02 1.34 1.40 1.18 1.08 0.96 0.86 0.90 1.09 1.36 1.60 1.57 1.25 0.85 0.71 0.69 0.81 1.26 1.80 1.82 1.32 0.90 0.70 0.56 0.41 0.35 0.39 0.52 0.77 1.03 1.33 1.67 1.86 1.81 1.69 1.62 1.51 1.34 1.10 0.95 1.04 1.19 1.19 1.12 1.06 1.04 1.02 1.00 0.99 1.02 1.06 1.11 1.16 1.18 1.16 1.14 1.15 1.15 1.15 1.12 1.03 0.98 1.11 1.27 1.36 1.48 1.74 1.94 1.88 1.42 0.94 0.88 0.94 0.77 0.42 0.16
0.97 1.00 0.99 0.98 1.02 1.03 0.96 0.87 0.83 0.98 1.26 1.34 1.29 1.22 1.07 0.88 0.84 1.01 1.20 1.43 1.44 1.09 0.73 0.57 0.60 0.84 1.41 1.92 1.86 1.39 1.05 0.90 0.71 0.47 0.35 0.34 0.48 0.75 1.05 1.35 1.57 1.66 1.62 1.55 1.54 1.48 1.30 1.11 1.10 1.19 1.21 1.16 1.08 1.02 0.98 0.96 0.97 1.01 1.03 1.05 1.11 1.15 1.16 1.16 1.18 1.20 1.20 1.19 1.10 0.88 0.84 1.02 1.22 1.36 1.61 1.96 2.14 1.88 1.20 0.91 0.88 0.80 0.64 0.40
0.91 1.01 1.06 0.98 0.98 0.99 0.98 0.93 0.82 0.74 0.81 0.93 1.01 1.09 1.10 0.81 0.60 0.69 0.85 1.05 1.20 1.06 0.79 0.58 0.51 0.60 0.94 1.53 1.90 1.79 1.44 1.18 1.00 0.75 0.47 0.34 0.36 0.54 0.86 1.14 1.24 1.42 1.53 1.47 1.45 1.43 1.30 1.12 1.07 1.13 1.15 1.12 1.07 1.02 0.97 0.94 0.95 1.00 1.04 1.08 1.13 1.16 1.18 1.19 1.21 1.24 1.23 1.24 1.24 1.00 0.68 0.63 0.84 1.09 1.39 1.82 2.19 2.25 1.88 1.28 0.93 0.78 0.71 0.60
0.79 0.88 1.02 0.99 0.91 0.86 0.84 0.86 0.86 0.80 0.73 0.74 0.77 0.94 1.14 0.96 0.74 0.65 0.68 0.82 0.92 0.85 0.74 0.64 0.51 0.49 0.67 1.10 1.59 1.82 1.64 1.29 1.05 0.89 0.69 0.47 0.40 0.44 0.76 1.05 1.05 1.16 1.38 1.39 1.33 1.31 1.24 1.09 1.04 1.06 1.07 1.05 1.03 0.99 0.96 0.93 0.94 1.00 1.04 1.08 1.14 1.18 1.19 1.19 1.21 1.25 1.25 1.24 1.29 1.21 0.82 0.48 0.40 0.47 0.74 1.27 1.89 2.28 2.35 2.07 1.42 0.96 0.80 0.73
0.71 0.72 0.84 0.98 0.96 0.81 0.68 0.66 0.73 0.83 0.88 0.86 0.80 0.96 1.19 1.24 1.17 0.99 0.77 0.75 0.79 0.68 0.57 0.52 0.44 0.38 0.45 0.76 1.20 1.59 1.77 1.59 1.21 0.98 0.83 0.60 0.43 0.41 0.65 1.03 1.07 1.05 1.19 1.26 1.25 1.27 1.23 1.10 1.03 1.04 1.04 1.03 1.01 0.98 0.94 0.91 0.93 0.99 1.03 1.06 1.10 1.16 1.20 1.22 1.22 1.24 1.25 1.26 1.29 1.33 1.15 0.70 0.37 0.25 0.23 0.51 1.20 1.81 2.20 2.39 2.10 1.35 1.02 0.86
0.80 0.73 0.68 0.85 1.05 1.03 0.80 0.62 0.58 0.66 0.82 0.91 0.90 0.95 1.08 1.20 1.30 1.32 1.24 1.06 0.89 0.69 0.53 0.43 0.34 0.28 0.31 0.47 0.82 1.18 1.58 1.82 1.67 1.27 0.97 0.70 0.52 0.46 0.55 0.93 1.09 1.06 1.08 1.11 1.15 1.21 1.20 1.11 1.05 1.03 1.02 1.02 1.02 1.02 0.99 0.95 0.95 0.99 1.02 1.04 1.07 1.12 1.18 1.24 1.29 1.31 1.32 1.35 1.37 1.41 1.38 1.10 0.63 0.31 0.16 0.18 0.56 1.16 1.61 2.09 2.28 1.92 1.54 1.26
0.93 0.85 0.71 0.71 0.90 1.14 1.17 0.95 0.73 0.65 0.67 0.79 0.88 0.85 0.82 0.91 1.07 1.21 1.31 1.45 1.39 1.04 0.72 0.50 0.35 0.26 0.23 0.28 0.50 0.76 1.05 1.52 1.81 1.69 1.35 1.04 0.82 0.65 0.57 0.79 1.02 1.06 1.05 1.01 1.02 1.09 1.12 1.09 1.05 1.03 0.99 0.96 0.96 1.01 1.04 1.01 0.98 0.99 1.02 1.04 1.06 1.10 1.15 1.23 1.38 1.52 1.56 1.57 1.57 1.57 1.59 1.46 1.04 0.54 0.27 0.14 0.28 0.72 1.11 1.56 1.96 1.95 1.73 1.56
0.98 0.98 0.82 0.61 0.58 0.78 1.13 1.26 1.18 1.03 0.79 0.72 0.79 0.69 0.63 0.69 0.80 0.89 0.95 1.24 1.58 1.65 1.37 0.95 0.66 0.44 0.27 0.22 0.29 0.45 0.64 1.03 1.52 1.79 1.72 1.43 1.15 0.97 0.79 0.80 0.95 1.03 1.04 0.99 0.97 1.01 1.04 1.05 1.04 1.02 0.98 0.91 0.82 0.83 0.94 1.00 1.02 1.03 1.06 1.08 1.10 1.13 1.16 1.22 1.42 1.70 1.89 1.99 2.00 2.02 1.99 1.94 1.64 1.00 0.57 0.36 0.34 0.59 0.85 1.09 1.46 1.65 1.51 1.32
0.91 1.02 0.97 0.64 0.45 0.46 0.63 0.97 1.24 1.29 1.16 0.92 0.74 0.54 0.48 0.53 0.62 0.70 0.70 0.79 1.14 1.59 1.77 1.69 1.41 1.04 0.66 0.36 0.23 0.24 0.35 0.59 1.00 1.45 1.72 1.61 1.35 1.20 1.06 0.95 1.00 1.08 1.09 1.06 1.02 1.00 1.00 1.02 1.02 1.00 0.98 0.93 0.79 0.62 0.64 0.81 0.93 1.00 1.05 1.12 1.16 1.18 1.19 1.21 1.30 1.51 1.78 2.02 2.20 2.32 2.35 2.32 2.20 1.79 1.07 0.77 0.70 0.88 1.04 1.09 1.24 1.47 1.41 1.10
0.85 1.01 1.13 0.91 0.59 0.43 0.38 0.45 0.73 1.03 1.27 1.23 0.78 0.48 0.44 0.47 0.55 0.63 0.60 0.54 0.61 0.88 1.28 1.63 1.70 1.61 1.41 1.01 0.58 0.36 0.32 0.37 0.54 0.94 1.45 1.57 1.41 1.22 1.12 1.05 1.06 1.12 1.12 1.10 1.07 1.03 1.00 0.99 1.00 0.99 0.97 0.97 0.91 0.70 0.54 0.58 0.75 0.89 0.96 1.04 1.12 1.16 1.16 1.13 1.12 1.11 1.15 1.31 1.59 1.96 2.25 2.32 2.32 2.17 1.65 1.18 1.12 1.24 1.45 1.44 1.25 1.39 1.44 1.11
0.92 0.95 1.10 1.19 0.95 0.65 0.43 0.30 0.31 0.44 0.90 1.36 1.02 0.62 0.56 0.54 0.55 0.58 0.53 0.42 0.39 0.44 0.62 0.94 1.20 1.37 1.51 1.52 1.29 0.94 0.65 0.45 0.39 0.55 1.08 1.32 1.25 1.13 1.07 1.06 1.06 1.09 1.11 1.10 1.08 1.04 1.00 0.99 1.00 1.00 0.99 0.98 0.97 0.85 0.63 0.50 0.59 0.76 0.85 0.90 1.01 1.12 1.15 1.08 0.99 0.93 0.86 0.84 0.93 1.19 1.65 2.04 2.24 2.24 1.93 1.53 1.34 1.36 1.63 1.71 1.42 1.41 1.45 1.17
1.05 0.88 0.83 1.12 1.27 1.12 0.82 0.54 0.34 0.28 0.56 1.23 1.31 1.08 1.00 0.89 0.81 0.73 0.59 0.44 0.35 0.32 0.36 0.47 0.61 0.74 0.93 1.25 1.43 1.41 1.20 0.85 0.58 0.54 0.85 1.10 1.09 1.00 0.98 1.02 1.05 1.07 1.09 1.08 1.06 1.03 1.00 0.99 1.01 1.03 1.03 1.00 0.96 0.87 0.69 0.51 0.51 0.64 0.82 0.92 0.99 1.10 1.19 1.16 1.05 0.98 0.91 0.79 0.73 0.77 0.95 1.45 2.05 2.25 1.98 1.63 1.35 1.26 1.59 1.87 1.68 1.54 1.48 1.28
1.23 0.91 0.61 0.79 1.17 1.43 1.45 1.16 0.80 0.49 0.59 1.03 1.28 1.40 1.47 1.44 1.38 1.32 1.17 0.92 0.71 0.54 0.44 0.37 0.37 0.41 0.43 0.55 0.82 1.12 1.31 1.26 0.99 0.74 0.81 0.99 1.00 0.95 0.92 0.96 1.02 1.06 1.08 1.09 1.07 1.04 1.02 1.00 1.01 1.02 1.02 1.02 0.97 0.87 0.73 0.61 0.55 0.62 0.80 0.94 0.99 1.03 1.12 1.22 1.24 1.23 1.19 1.05 0.93 0.87 0.82 0.98 1.59 2.09 2.00 1.70 1.40 1.11 1.26 1.78 1.92 1.76 1.64 1.49
1.45 1.02 0.53 0.49 0.67 1.08 1.45 1.61 1.40 0.94 0.87 1.03 1.14 1.21 1.32 1.45 1.51 1.56 1.62 1.64 1.57 1.38 1.09 0.79 0.52 0.39 0.32 0.29 0.32 0.44 0.74 1.13 1.11 0.88 0.86 0.98 1.00 0.97 0.94 0.95 0.99 1.04 1.07 1.11 1.12 1.09 1.06 1.04 1.03 1.02 1.04 1.06 1.01 0.85 0.70 0.56 0.51 0.57 0.66 0.78 0.87 0.92 0.97 1.09 1.24 1.36 1.46 1.48 1.46 1.42 1.33 1.29 1.53 1.95 2.01 1.85 1.73 1.43 1.25 1.61 2.02 2.08 1.99 1.67
1.60 1.15 0.57 0.40 0.36 0.46 0.78 1.30 1.60 1.40 1.15 1.07 1.01 0.90 0.85 0.97 1.20 1.29 1.31 1.46 1.69 1.79 1.79 1.68 1.34 0.86 0.63 0.56 0.50 0.41 0.47 0.82 1.02 0.94 0.93 1.02 1.06 1.02 0.98 0.97 1.00 1.03 1.05 1.09 1.14 1.14 1.10 1.10 1.10 1.08 1.09 1.13 1.09 0.90 0.67 0.47 0.37 0.42 0.52 0.66 0.77 0.84 0.88 0.94 1.01 1.13 1.30 1.46 1.58 1.68 1.76 1.81 1.96 2.19 2.22 2.05 1.96 1.91 1.83 1.87 2.13 2.49 2.52 2.07
1.58 1.41 0.99 0.63 0.41 0.34 0.47 0.79 1.28 1.40 1.26 1.10 0.98 0.83 0.69 0.67 0.87 1.06 1.03 0.97 1.14 1.40 1.63 1.86 1.92 1.70 1.26 0.99 0.88 0.76 0.63 0.73 0.93 0.96 0.95 1.02 1.08 1.09 1.05 1.02 1.02 1.06 1.06 1.06 1.10 1.12 1.10 1.12 1.13 1.13 1.16 1.20 1.18 1.02 0.77 0.50 0.31 0.30 0.38 0.49 0.66 0.78 0.83 0.84 0.87 0.93 1.03 1.13 1.21 1.27 1.37 1.54 1.80 2.16 2.35 2.19 1.93 1.86 1.82 1.89 2.11 2.44 2.80 2.63
1.28 1.49 1.66 1.35 0.93 0.65 0.55 0.58 0.90 1.13 1.16 1.19 1.09 0.86 0.67 0.54 0.56 0.78 0.96 0.93 0.87 0.94 1.08 1.29 1.67 1.91 1.69 1.16 0.90 0.84 0.72 0.71 0.85 0.93 0.94 0.98 1.05 1.09 1.10 1.08 1.07 1.08 1.09 1.08 1.11 1.12 1.07 1.07 1.13 1.16 1.21 1.31 1.31 1.17 0.92 0.60 0.37 0.27 0.33 0.38 0.46 0.65 0.77 0.81 0.84 0.88 0.92 0.96 0.99 0.97 0.89 0.89 1.09 1.51 1.96 2.08 1.88 1.55 1.35 1.59 1.82 1.98 2.53 2.90
0.85 1.05 1.52 1.67 1.54 1.10 0.64 0.52 0.78 0.94 0.97 1.15 1.26 1.09 0.78 0.54 0.41 0.45 0.66 0.82 0.81 0.77 0.75 0.86 1.15 1.59 1.77 1.33 0.85 0.79 0.80 0.78 0.84 0.91 0.94 0.95 1.00 1.05 1.08 1.11 1.12 1.12 1.11 1.11 1.14 1.20 1.15 1.05 1.08 1.16 1.23 1.34 1.42 1.35 1.10 0.74 0.47 0.32 0.32 0.40 0.42 0.47 0.67 0.79 0.82 0.83 0.86 0.91 0.98 1.03 0.94 0.81 0.80 0.99 1.35 1.78 1.86 1.49 1.23 1.35 1.51 1.59 1.99 2.81
