windninja/windninja_output/Output_2025-08-09_1900-1950_Google earth_Fire_150m_10min/merlingen_7.5mi_point_08-09-2025_1950_150m_ang.asc
ncols	158
nrows	163
xllcorner	391686.332397
yllcorner	5160024.123721
cellsize	150.000000
NODATA_value	-32768.000000
[rows 0 to 41 of 163, columns 0 to 93 of 158]
222 223 223 222 222 224 224 222 222 223 223 220 216 216 223 233 242 245 245 249 246 228 220 222 228 233 233 228 226 227 227 229 231 230 229 234 238 240 241 239 234 233 234 235 237 239 242 242 233 226 223 221 221 222 223 224 224 225 227 226 224 223 223 221 219 217 219 222 225 226 225 224 224 222 222 223 224 227 229 227 226 224 226 229 231 230 226 226 228 226 225 225 224 223
223 224 223 223 224 226 225 226 227 227 224 218 213 215 222 230 235 236 238 240 236 224 219 223 228 230 229 227 228 229 229 230 230 229 230 233 234 234 234 232 231 231 230 231 232 232 233 233 229 227 225 225 225 226 225 225 225 225 225 226 224 223 223 221 219 219 221 224 226 226 224 224 223 222 222 223 224 226 227 225 224 225 227 229 230 229 226 226 228 227 227 227 226 225
222 223 223 223 226 226 225 227 229 227 220 212 209 214 221 227 227 226 228 230 226 219 216 222 227 228 226 226 228 229 231 231 230 229 229 230 228 227 227 225 225 226 226 226 226 224 224 223 222 223 225 225 227 228 226 225 224 223 224 224 222 222 221 221 220 220 222 225 226 225 223 222 222 222 223 222 222 224 225 223 221 223 227 227 227 226 221 222 225 226 227 228 226 224
217 221 222 222 224 223 221 222 220 217 213 207 208 213 220 226 226 225 226 226 225 220 215 217 223 223 222 222 222 224 226 228 229 228 227 226 226 226 225 223 222 221 221 222 221 220 220 220 219 218 219 220 221 223 223 223 223 223 223 223 222 220 220 221 220 220 222 225 227 225 222 222 223 223 224 223 222 224 225 222 218 221 225 223 226 225 218 216 219 219 221 223 221 219
214 219 221 221 223 221 219 219 218 216 213 208 207 213 221 227 228 228 228 227 226 223 216 212 218 219 218 217 216 217 218 221 222 223 223 223 224 224 223 220 218 217 217 218 218 218 219 219 219 218 218 219 220 222 223 223 223 224 223 223 222 221 220 221 221 220 222 225 227 225 223 224 224 224 224 225 226 227 226 223 219 221 224 223 224 226 219 213 213 213 214 217 216 212
217 220 222 222 222 221 220 221 221 220 216 211 208 214 224 228 230 230 230 230 230 228 221 211 213 217 217 216 215 214 215 217 218 218 218 219 219 218 217 216 214 215 217 218 219 220 220 219 220 220 219 220 221 223 224 224 223 223 222 222 221 220 220 220 220 220 221 224 226 223 222 224 225 222 221 223 225 226 226 224 223 224 226 224 224 226 223 217 215 212 211 212 211 207
222 223 224 223 223 222 222 223 223 220 217 213 210 216 226 229 230 229 228 228 229 230 225 214 212 217 219 219 217 215 215 217 217 216 216 215 214 214 215 215 215 217 219 221 222 223 222 221 221 220 220 220 221 222 223 224 224 223 222 220 219 217 217 218 219 219 220 224 224 220 219 221 222 219 217 219 222 223 221 221 224 224 224 224 225 227 227 224 221 216 214 214 212 210
223 224 225 226 227 227 227 226 224 222 218 213 209 215 225 229 228 228 227 225 226 227 225 218 212 215 218 219 217 217 218 219 219 218 218 217 216 216 217 218 219 221 222 224 224 224 224 223 222 220 220 221 220 221 223 224 223 222 220 217 215 214 214 216 218 219 220 222 222 219 218 220 220 218 217 219 222 223 220 220 225 225 221 221 222 224 224 223 221 219 218 220 221 220
224 225 226 228 230 231 231 229 226 223 219 214 210 213 223 227 226 226 226 225 226 226 224 219 212 207 212 216 216 217 221 221 220 221 222 223 222 222 223 224 225 226 226 226 225 225 224 224 222 220 220 221 220 221 224 223 221 219 218 217 217 216 215 216 218 220 220 220 220 218 219 223 223 221 219 221 224 224 220 222 227 227 220 216 216 216 217 217 214 209 208 211 215 215
225 226 228 228 229 230 231 229 226 224 221 217 212 214 223 227 226 225 224 224 224 224 222 218 212 206 206 213 215 217 222 222 220 223 225 225 225 225 226 227 227 227 226 226 227 226 225 225 223 220 222 223 221 222 224 224 222 221 222 222 223 222 219 220 223 223 221 219 218 219 223 225 225 223 222 223 226 224 219 220 223 224 220 215 215 214 214 213 208 205 206 207 207 206
226 227 228 228 228 228 228 227 225 224 222 219 215 215 223 228 227 226 224 223 223 222 221 218 213 208 204 210 214 216 221 223 222 225 227 227 226 226 226 226 226 226 226 227 228 229 227 227 227 225 227 227 225 226 229 231 231 231 232 231 232 231 229 229 231 229 226 223 220 222 225 225 223 222 222 224 227 225 218 216 218 220 219 217 217 215 214 216 212 208 211 213 210 208
227 228 229 229 228 228 227 226 225 224 223 221 218 216 222 228 227 226 225 225 225 223 222 219 215 212 209 211 217 220 224 226 226 228 230 229 228 227 227 226 226 227 227 226 228 229 229 231 234 235 239 240 240 242 245 245 243 242 242 243 246 247 247 246 246 242 237 230 224 224 225 224 222 219 218 219 220 219 214 212 215 217 216 214 212 209 212 218 214 208 214 220 218 212
229 229 229 229 228 228 228 227 226 225 224 222 220 218 223 230 230 228 226 226 226 225 225 223 220 218 216 217 221 224 226 227 227 228 229 231 231 229 228 227 227 227 226 225 228 229 229 233 240 246 250 253 255 258 261 261 255 250 248 251 255 258 261 267 269 263 255 243 230 225 225 224 222 217 212 211 212 213 211 209 212 214 214 214 212 209 213 218 213 206 215 223 221 216
230 230 230 229 228 228 228 227 227 226 224 223 220 219 224 232 235 232 229 228 227 227 228 228 226 223 220 220 221 223 226 228 229 229 229 230 230 229 229 228 229 231 232 234 237 237 234 232 237 243 247 250 253 257 263 267 265 257 248 246 250 251 253 259 267 270 269 266 254 234 227 225 223 217 210 210 214 216 215 213 213 214 214 217 217 214 217 221 218 212 220 229 228 227
230 230 230 230 229 229 228 227 227 226 225 224 220 217 221 229 233 233 232 232 231 230 230 230 227 224 220 220 221 223 226 229 230 228 226 227 228 229 231 234 238 241 244 248 249 246 242 235 231 233 237 239 240 242 246 251 253 247 236 235 237 238 236 236 239 245 250 257 268 264 234 227 223 218 214 216 220 223 223 223 221 219 219 223 223 222 225 227 225 224 233 242 242 243
231 231 231 230 230 230 229 228 228 226 225 224 221 216 218 225 228 227 228 230 231 229 228 227 226 224 220 220 221 222 223 224 223 223 226 231 235 238 239 243 246 244 243 243 241 237 237 237 233 230 229 227 223 224 226 228 230 226 221 226 231 231 229 225 224 229 231 235 240 249 247 236 229 223 220 220 223 226 228 229 226 224 227 231 231 232 234 236 234 234 239 246 247 247
232 231 231 231 230 230 229 229 228 227 226 224 222 219 218 225 227 226 225 225 227 226 225 225 224 223 220 218 219 219 221 223 223 228 235 241 245 245 243 240 238 234 232 232 230 228 229 230 229 228 225 221 218 219 220 222 224 220 215 220 226 229 227 221 221 226 228 227 228 227 228 245 245 233 224 222 223 226 227 228 226 227 232 236 239 243 243 244 246 242 237 237 238 239
232 232 232 231 231 230 229 229 228 227 226 225 224 222 222 228 230 228 226 225 225 226 225 225 225 225 222 220 220 222 224 226 228 232 235 236 236 235 232 230 229 228 229 230 228 228 227 224 221 222 223 221 220 221 222 222 223 220 214 217 224 226 224 220 220 224 226 226 226 225 223 223 232 234 228 224 223 225 230 232 233 235 237 239 242 246 246 245 246 245 239 235 233 234
233 233 232 232 231 230 230 229 228 227 227 226 225 224 224 228 231 231 229 229 228 227 227 227 228 227 225 223 224 227 228 228 227 227 228 230 230 229 228 228 228 228 229 229 228 228 226 221 220 222 223 223 223 222 221 220 220 220 217 217 223 226 223 220 220 223 226 227 225 224 220 214 216 222 224 228 233 239 244 245 246 247 244 240 237 236 236 236 239 241 238 234 234 233
234 233 233 232 231 231 230 229 229 228 227 226 225 225 225 227 231 232 231 229 228 227 226 226 226 225 225 224 225 226 226 225 225 227 230 232 232 229 227 226 225 224 225 225 225 224 223 221 222 225 226 225 224 221 219 218 218 219 220 220 224 228 226 223 223 225 227 226 223 220 216 211 213 216 216 219 231 244 249 248 247 246 241 235 231 231 231 232 236 238 232 226 232 234
234 234 233 232 232 231 230 230 229 228 227 227 226 225 225 226 228 228 227 226 225 224 223 223 223 223 224 224 223 223 221 221 223 225 226 226 225 222 219 219 220 221 223 223 223 223 224 223 222 225 226 225 223 220 219 219 219 219 221 222 224 228 228 225 224 225 224 222 221 218 215 214 216 219 216 211 215 224 231 237 238 237 235 231 229 230 230 231 235 237 230 220 227 233
235 234 233 233 232 231 231 230 229 228 227 227 226 225 224 224 225 225 224 223 223 222 222 222 222 222 222 223 222 221 219 217 218 219 218 218 219 218 216 217 219 220 221 222 224 225 226 223 221 222 224 223 222 221 220 221 221 220 221 222 223 226 227 224 223 222 219 219 220 218 217 217 219 223 219 208 207 214 221 226 230 231 232 230 226 227 227 229 234 234 226 215 220 229
235 235 234 233 233 232 231 230 229 228 227 226 225 224 224 223 223 223 222 221 221 221 220 220 220 220 220 221 221 219 216 213 214 217 218 219 221 221 220 219 219 219 220 223 225 225 222 220 220 220 222 223 223 222 220 220 220 220 219 221 223 225 227 223 220 218 215 217 219 218 218 218 221 223 218 204 200 208 216 221 224 225 227 228 224 223 222 225 230 230 223 211 215 226
236 235 234 234 233 232 231 230 229 228 227 225 224 224 223 222 222 221 221 220 219 219 218 218 218 218 219 221 222 221 216 212 214 219 221 223 225 225 223 221 219 219 220 222 223 221 219 219 220 220 223 224 223 222 220 219 219 219 216 218 222 226 228 225 219 215 215 218 221 221 221 220 223 223 216 205 199 206 214 219 221 222 224 226 224 222 221 225 229 230 223 211 216 227
236 236 235 234 233 232 231 230 229 228 227 225 224 223 222 221 220 220 220 219 218 218 217 217 217 217 219 222 225 224 219 216 217 220 222 224 225 225 224 221 218 217 218 219 220 219 218 220 222 222 224 224 222 221 220 218 218 218 216 218 223 227 228 225 220 219 221 224 225 227 226 225 224 221 216 210 208 211 214 217 220 220 220 221 223 223 223 227 232 232 222 211 217 226
237 236 236 235 234 232 231 230 229 228 226 225 224 223 221 220 220 219 219 218 217 217 216 215 215 214 216 221 225 225 221 219 218 217 219 220 221 224 224 221 218 216 216 218 220 219 220 222 222 222 222 224 224 223 221 217 216 218 219 221 224 226 225 222 219 218 220 222 225 228 229 228 224 221 214 210 215 219 214 212 216 217 215 217 220 220 217 220 230 231 219 208 214 223
237 237 236 235 234 233 231 230 229 227 226 224 223 222 221 220 219 218 218 217 216 216 214 213 212 211 212 218 223 223 222 222 222 219 218 217 218 222 223 219 216 215 215 219 219 217 217 220 220 219 219 223 225 224 220 214 214 218 221 221 223 228 227 223 220 219 217 218 221 225 228 228 223 219 210 206 215 222 216 207 212 215 214 215 217 217 213 215 225 228 217 204 210 219
238 237 236 235 234 233 231 230 229 227 225 224 223 222 220 219 218 217 216 216 215 214 212 211 210 208 208 214 219 220 221 223 223 221 219 217 217 221 223 218 214 215 214 215 214 211 212 216 219 218 216 218 220 220 217 209 208 215 217 217 223 229 229 226 225 222 218 216 219 224 228 227 221 216 207 202 212 222 220 209 209 213 215 216 218 218 214 215 223 225 218 205 206 216
238 238 237 236 234 233 231 230 228 227 225 224 223 221 219 218 217 216 215 214 213 212 211 209 207 204 204 208 213 214 217 221 220 219 217 212 212 218 220 215 210 211 210 211 210 208 209 213 217 216 211 213 216 218 216 204 200 210 217 220 224 226 225 222 223 222 217 215 220 225 227 224 218 214 207 203 212 224 226 219 211 210 215 220 224 224 221 221 225 225 221 213 207 214
239 238 237 236 235 233 231 230 228 226 224 223 222 220 218 217 216 215 214 214 213 212 210 208 205 201 200 203 207 208 212 216 217 216 210 201 201 210 214 210 206 206 205 207 206 205 207 209 212 210 206 209 213 216 214 204 198 209 220 227 229 228 225 222 222 222 216 215 223 229 230 225 219 215 209 206 212 224 229 229 220 210 216 225 229 229 227 226 226 224 222 220 215 216
239 239 237 236 235 233 231 229 227 225 224 222 221 219 218 216 215 214 213 213 212 210 209 207 203 200 198 201 204 207 212 216 216 213 206 196 197 205 210 206 203 203 203 206 206 204 205 206 209 209 207 209 213 217 216 208 205 214 225 232 233 229 228 227 227 224 216 216 229 236 235 229 225 218 208 205 209 218 227 230 225 213 216 225 226 224 224 224 224 224 224 224 225 227
240 239 237 236 235 233 230 228 226 224 223 221 220 218 217 215 214 213 212 212 210 209 208 206 203 199 198 199 203 209 216 217 215 214 208 196 196 204 207 206 205 206 206 209 209 206 208 210 213 215 215 216 218 222 220 211 212 220 230 237 234 225 224 227 230 226 216 218 231 238 236 229 225 216 206 204 207 214 223 228 224 214 215 222 226 227 227 228 229 229 230 229 230 235
240 240 238 236 235 232 229 227 226 223 221 220 219 217 216 214 213 212 212 211 210 208 206 205 203 199 197 197 198 203 208 210 212 216 214 198 195 205 209 209 211 211 211 212 212 212 214 217 219 221 223 223 223 224 222 213 212 220 230 237 235 223 217 222 228 227 216 215 228 234 230 222 217 210 204 203 205 210 220 226 224 218 218 223 227 232 235 234 234 234 235 234 234 236
241 240 238 236 235 232 229 227 225 223 221 219 218 216 215 214 212 212 211 210 209 207 205 204 202 199 196 194 193 196 202 207 211 217 217 200 193 206 210 211 213 213 212 215 216 217 221 222 223 225 226 226 226 227 224 218 216 220 227 232 231 218 208 215 225 226 220 217 225 229 223 216 213 209 204 202 202 206 215 222 222 219 221 223 222 225 230 230 229 230 231 233 235 237
241 239 237 236 234 231 227 225 224 221 219 218 217 215 214 213 212 211 210 209 208 207 205 203 202 199 197 194 191 194 202 209 212 215 215 205 193 204 210 211 213 215 217 220 222 224 226 226 226 228 228 228 229 229 228 226 224 225 229 231 229 218 204 209 222 226 226 223 226 227 222 217 215 211 207 203 201 205 212 219 220 218 220 223 221 219 224 226 224 224 226 228 231 234
241 239 237 235 233 229 226 224 222 220 218 217 216 215 213 212 211 211 210 209 208 207 205 203 202 200 197 195 194 197 203 207 209 212 213 208 201 204 212 214 217 220 222 223 225 226 226 225 225 226 226 227 227 226 226 226 227 228 232 235 234 224 207 205 217 224 226 225 225 227 224 223 221 217 212 207 204 212 220 223 221 219 221 225 226 220 220 223 221 220 221 223 228 234
241 240 238 235 231 228 224 222 221 219 217 216 215 214 213 212 211 210 209 209 208 207 206 204 202 200 197 195 197 200 200 201 205 210 214 213 208 209 215 220 222 223 223 223 223 224 222 222 224 224 224 223 222 222 221 221 223 226 229 234 235 228 212 204 212 221 226 226 226 225 227 231 229 222 214 208 207 214 224 227 225 222 223 227 230 226 217 218 219 217 218 222 228 233
241 239 237 234 230 226 223 221 219 218 216 215 214 213 212 211 210 210 209 209 208 207 206 204 202 200 197 195 195 197 196 198 204 212 217 215 212 215 221 223 222 222 222 221 222 222 220 220 221 223 223 220 218 220 221 220 219 221 224 228 231 227 217 205 208 220 228 231 228 223 224 228 226 218 211 210 208 207 217 224 223 221 222 224 228 228 215 211 217 218 218 222 228 233
240 239 235 231 228 224 222 220 218 216 215 214 213 212 212 211 210 210 209 209 208 207 206 205 203 200 197 192 192 195 197 200 206 212 216 214 214 219 222 221 219 218 218 218 219 218 216 214 214 217 218 215 213 217 219 216 213 215 217 220 221 221 216 209 208 220 233 237 230 222 219 218 216 213 209 212 206 197 210 221 218 215 218 222 228 227 216 207 212 217 218 222 231 236
239 237 233 229 225 222 220 219 217 215 214 213 212 212 212 211 210 210 209 209 208 207 206 205 204 201 197 192 192 199 203 203 206 211 214 213 211 215 218 219 218 218 217 214 214 215 214 211 210 213 216 212 207 209 212 209 204 206 210 212 213 215 217 215 211 219 234 238 229 221 217 216 217 214 210 212 204 189 200 214 215 214 218 224 230 230 221 208 208 214 216 223 235 239
236 234 230 226 223 220 218 217 216 214 214 213 212 212 211 211 210 210 209 209 208 207 207 206 205 203 199 196 197 202 206 205 206 210 213 212 210 211 214 216 216 216 214 211 211 213 212 209 206 210 216 212 201 200 206 206 202 202 208 213 214 216 220 222 216 218 231 233 225 220 218 221 223 215 209 211 202 186 193 209 213 213 217 223 229 230 222 210 207 212 215 224 235 239
231 230 226 223 221 219 217 216 215 214 213 213 212 211 211 211 210 210 209 209 208 208 207 207 206 204 203 201 200 203 207 207 206 208 208 208 209 211 212 211 210 209 209 209 208 206 206 205 203 206 213 211 201 199 207 211 209 208 215 221 221 219 220 222 219 219 226 226 220 217 218 221 220 209 205 209 200 187 192 206 213 213 215 220 223 222 216 210 210 212 215 225 233 237
