windninja/windninja_output/Output_2025-08-09_1900-1950_Google earth_Fire_150m_10min/merlingen_7.5mi_point_08-09-2025_1910_150m_vel.asc
ncols	158
nrows	163
xllcorner	391686.332397
yllcorner	5160024.123721
cellsize	150.000000
NODATA_value	-32768.000000
[rows 38 to 75 of 163, columns 0 to 83 of 158]
0.43 0.42 0.42 0.41 0.39 0.38 0.38 0.38 0.38 0.38 0.38 0.37 0.37 0.38 0.38 0.38 0.38 0.38 0.38 0.38 0.38 0.37 0.37 0.36 0.34 0.32 0.29 0.25 0.28 0.37 0.39 0.40 0.46 0.54 0.62 0.62 0.58 0.64 0.71 0.69 0.67 0.67 0.68 0.71 0.75 0.75 0.73 0.73 0.76 0.83 0.84 0.76 0.76 0.86 0.89 0.82 0.82 0.95 1.06 1.17 1.27 1.22 0.97 0.68 0.60 0.83 1.24 1.36 1.08 0.88 0.87 0.89 0.89 0.80 0.70 0.71 0.62 0.56 0.85 1.04 0.84 0.76 0.90 1.14
0.41 0.40 0.40 0.39 0.38 0.37 0.37 0.38 0.38 0.37 0.37 0.37 0.37 0.38 0.38 0.38 0.38 0.38 0.38 0.38 0.38 0.38 0.38 0.37 0.36 0.33 0.30 0.27 0.30 0.37 0.39 0.39 0.42 0.49 0.56 0.56 0.57 0.66 0.74 0.73 0.71 0.69 0.69 0.70 0.74 0.79 0.76 0.71 0.72 0.84 0.90 0.80 0.73 0.85 0.98 0.91 0.84 0.94 1.09 1.20 1.29 1.37 1.30 0.97 0.71 0.84 1.26 1.34 1.05 0.89 0.88 0.88 0.88 0.81 0.76 0.79 0.67 0.54 0.76 1.12 1.09 0.91 0.89 1.04
0.39 0.38 0.37 0.37 0.37 0.37 0.37 0.38 0.38 0.37 0.37 0.37 0.37 0.38 0.39 0.38 0.38 0.39 0.39 0.39 0.39 0.39 0.38 0.38 0.37 0.35 0.32 0.30 0.30 0.35 0.40 0.39 0.39 0.44 0.48 0.49 0.51 0.60 0.72 0.78 0.77 0.75 0.73 0.69 0.71 0.78 0.80 0.73 0.71 0.82 0.95 0.85 0.69 0.75 0.94 0.98 0.89 0.89 1.02 1.14 1.20 1.32 1.47 1.30 0.90 0.89 1.28 1.33 1.06 0.95 0.89 0.86 0.83 0.72 0.75 0.84 0.70 0.58 0.68 1.01 1.18 1.15 1.10 1.14
0.37 0.36 0.36 0.36 0.37 0.37 0.37 0.38 0.38 0.37 0.37 0.38 0.38 0.38 0.39 0.39 0.39 0.39 0.40 0.39 0.40 0.39 0.39 0.39 0.38 0.37 0.35 0.33 0.32 0.35 0.41 0.40 0.37 0.39 0.40 0.44 0.48 0.53 0.62 0.74 0.79 0.82 0.81 0.76 0.74 0.76 0.81 0.80 0.77 0.82 0.97 0.92 0.71 0.65 0.78 0.91 0.86 0.79 0.88 1.02 1.06 1.11 1.34 1.46 1.20 1.03 1.25 1.34 1.15 1.04 0.96 0.92 0.85 0.69 0.72 0.84 0.71 0.61 0.66 0.85 1.05 1.14 1.23 1.30
0.35 0.35 0.36 0.36 0.37 0.37 0.37 0.38 0.38 0.38 0.37 0.38 0.38 0.39 0.39 0.39 0.39 0.40 0.40 0.40 0.40 0.40 0.40 0.40 0.40 0.38 0.37 0.36 0.34 0.36 0.41 0.40 0.38 0.35 0.35 0.38 0.46 0.53 0.58 0.65 0.74 0.80 0.83 0.82 0.78 0.74 0.77 0.80 0.78 0.79 0.93 0.95 0.75 0.63 0.69 0.80 0.82 0.77 0.82 0.93 0.96 0.94 1.10 1.36 1.41 1.26 1.22 1.32 1.28 1.15 1.11 1.09 0.98 0.79 0.79 0.85 0.73 0.66 0.67 0.80 0.97 1.03 1.14 1.30
0.34 0.35 0.35 0.36 0.37 0.38 0.38 0.38 0.38 0.38 0.38 0.39 0.39 0.39 0.40 0.40 0.40 0.41 0.41 0.41 0.41 0.40 0.40 0.41 0.41 0.40 0.39 0.38 0.36 0.37 0.40 0.40 0.38 0.34 0.31 0.33 0.40 0.51 0.55 0.59 0.67 0.74 0.78 0.79 0.76 0.71 0.72 0.77 0.78 0.79 0.90 0.93 0.79 0.70 0.72 0.78 0.80 0.80 0.83 0.91 0.93 0.87 0.92 1.07 1.30 1.36 1.25 1.27 1.35 1.33 1.33 1.35 1.23 1.04 0.99 0.94 0.83 0.76 0.73 0.79 0.91 1.00 1.10 1.24
0.34 0.34 0.35 0.36 0.38 0.38 0.38 0.38 0.39 0.39 0.39 0.39 0.40 0.40 0.40 0.41 0.41 0.41 0.42 0.42 0.42 0.42 0.41 0.42 0.42 0.41 0.41 0.40 0.39 0.38 0.40 0.40 0.38 0.34 0.30 0.29 0.35 0.43 0.48 0.54 0.61 0.69 0.76 0.77 0.72 0.69 0.72 0.75 0.80 0.83 0.89 0.92 0.84 0.77 0.80 0.83 0.81 0.81 0.85 0.92 0.94 0.91 0.88 0.91 1.08 1.24 1.24 1.19 1.21 1.30 1.38 1.45 1.44 1.31 1.19 1.07 0.93 0.86 0.82 0.82 0.87 0.95 1.08 1.22
0.33 0.34 0.35 0.37 0.38 0.38 0.39 0.39 0.39 0.40 0.40 0.40 0.40 0.40 0.41 0.41 0.42 0.42 0.43 0.43 0.43 0.43 0.43 0.43 0.43 0.43 0.42 0.42 0.41 0.40 0.40 0.41 0.39 0.35 0.32 0.30 0.33 0.38 0.43 0.48 0.55 0.66 0.76 0.75 0.67 0.69 0.75 0.78 0.80 0.82 0.85 0.89 0.86 0.79 0.81 0.86 0.84 0.81 0.85 0.91 0.95 0.96 0.93 0.92 1.02 1.10 1.14 1.12 0.99 0.99 1.13 1.27 1.37 1.37 1.28 1.15 0.97 0.90 0.91 0.92 0.93 0.95 1.05 1.17
0.33 0.34 0.36 0.37 0.38 0.39 0.39 0.40 0.40 0.40 0.41 0.41 0.41 0.41 0.42 0.42 0.42 0.43 0.44 0.44 0.44 0.43 0.44 0.44 0.44 0.44 0.44 0.43 0.42 0.42 0.41 0.41 0.40 0.36 0.33 0.33 0.33 0.35 0.39 0.43 0.50 0.61 0.73 0.72 0.65 0.67 0.74 0.81 0.81 0.79 0.81 0.85 0.86 0.83 0.81 0.85 0.87 0.85 0.85 0.86 0.91 0.98 0.99 0.96 1.03 1.06 1.05 1.05 0.93 0.87 0.96 1.08 1.22 1.30 1.28 1.19 1.03 0.93 0.94 0.98 0.97 0.98 1.05 1.10
0.34 0.35 0.36 0.37 0.38 0.40 0.40 0.40 0.40 0.41 0.41 0.41 0.41 0.42 0.43 0.43 0.43 0.44 0.44 0.45 0.44 0.44 0.45 0.45 0.45 0.45 0.45 0.44 0.44 0.43 0.43 0.42 0.41 0.38 0.35 0.34 0.35 0.36 0.36 0.40 0.46 0.56 0.67 0.68 0.66 0.68 0.75 0.80 0.80 0.76 0.79 0.82 0.85 0.88 0.86 0.87 0.91 0.91 0.89 0.82 0.82 0.96 1.02 0.99 1.00 1.03 0.99 0.97 0.92 0.89 0.94 1.00 1.12 1.22 1.24 1.19 1.07 0.93 0.89 0.96 1.00 1.00 1.03 1.06
0.35 0.35 0.36 0.36 0.38 0.42 0.42 0.40 0.40 0.41 0.42 0.42 0.42 0.43 0.43 0.44 0.44 0.45 0.45 0.45 0.45 0.45 0.46 0.46 0.46 0.46 0.46 0.45 0.45 0.45 0.44 0.44 0.42 0.40 0.37 0.35 0.36 0.37 0.36 0.39 0.43 0.50 0.57 0.59 0.64 0.72 0.78 0.78 0.77 0.75 0.77 0.81 0.83 0.86 0.86 0.87 0.92 0.93 0.93 0.83 0.79 0.94 1.06 1.03 0.99 0.98 0.92 0.90 0.89 0.89 0.93 0.97 1.05 1.13 1.17 1.15 1.07 0.97 0.93 1.00 1.07 1.05 1.03 1.03
0.36 0.35 0.35 0.36 0.39 0.44 0.44 0.41 0.40 0.41 0.42 0.42 0.43 0.43 0.44 0.45 0.45 0.45 0.46 0.46 0.46 0.46 0.47 0.47 0.48 0.47 0.47 0.47 0.47 0.46 0.46 0.45 0.44 0.43 0.39 0.37 0.37 0.39 0.38 0.39 0.42 0.47 0.49 0.50 0.58 0.72 0.78 0.75 0.73 0.72 0.75 0.82 0.87 0.87 0.87 0.89 0.94 0.95 0.91 0.85 0.83 0.95 1.09 1.11 1.02 0.92 0.87 0.84 0.85 0.89 0.93 0.97 1.01 1.06 1.11 1.12 1.09 1.06 1.06 1.11 1.15 1.14 1.08 1.03
0.37 0.36 0.34 0.36 0.41 0.45 0.46 0.43 0.40 0.41 0.42 0.43 0.43 0.44 0.45 0.46 0.46 0.46 0.47 0.47 0.47 0.48 0.47 0.48 0.49 0.49 0.48 0.48 0.48 0.48 0.47 0.47 0.46 0.45 0.42 0.39 0.38 0.40 0.40 0.40 0.42 0.45 0.46 0.45 0.54 0.70 0.75 0.72 0.70 0.66 0.66 0.77 0.85 0.86 0.88 0.93 0.98 0.97 0.90 0.83 0.85 0.95 1.12 1.19 1.04 0.87 0.82 0.80 0.81 0.85 0.90 0.94 0.97 1.00 1.03 1.05 1.06 1.08 1.13 1.19 1.21 1.19 1.14 1.06
0.39 0.36 0.33 0.36 0.42 0.45 0.46 0.47 0.43 0.41 0.41 0.43 0.44 0.44 0.45 0.46 0.47 0.47 0.47 0.48 0.48 0.48 0.49 0.48 0.49 0.50 0.49 0.49 0.49 0.49 0.49 0.48 0.48 0.47 0.45 0.43 0.41 0.40 0.40 0.40 0.42 0.46 0.45 0.43 0.52 0.66 0.69 0.68 0.70 0.66 0.63 0.74 0.80 0.79 0.84 0.94 0.98 0.97 0.91 0.86 0.87 0.95 1.16 1.24 1.02 0.84 0.80 0.79 0.81 0.84 0.88 0.91 0.93 0.95 0.97 0.98 0.97 1.00 1.10 1.22 1.27 1.25 1.17 1.06
0.42 0.37 0.33 0.37 0.43 0.45 0.46 0.49 0.47 0.42 0.41 0.43 0.44 0.45 0.46 0.47 0.48 0.48 0.48 0.49 0.49 0.49 0.49 0.50 0.50 0.50 0.50 0.50 0.50 0.50 0.50 0.50 0.49 0.48 0.47 0.46 0.44 0.41 0.40 0.39 0.42 0.47 0.45 0.42 0.49 0.61 0.62 0.62 0.71 0.72 0.70 0.76 0.83 0.83 0.86 0.95 0.95 0.92 0.91 0.91 0.90 0.97 1.22 1.28 1.00 0.81 0.78 0.79 0.82 0.86 0.88 0.91 0.93 0.94 0.96 0.95 0.92 0.91 1.00 1.14 1.26 1.33 1.28 1.12
0.43 0.39 0.34 0.37 0.44 0.44 0.44 0.50 0.51 0.45 0.41 0.43 0.44 0.45 0.46 0.47 0.48 0.48 0.49 0.50 0.50 0.50 0.50 0.51 0.51 0.51 0.51 0.51 0.51 0.51 0.51 0.51 0.51 0.50 0.49 0.48 0.47 0.44 0.42 0.39 0.41 0.48 0.48 0.42 0.45 0.55 0.57 0.55 0.65 0.71 0.72 0.76 0.83 0.89 0.96 0.98 0.89 0.86 0.90 0.94 0.94 1.01 1.26 1.29 0.99 0.81 0.78 0.80 0.86 0.89 0.89 0.91 0.94 0.96 0.98 0.96 0.92 0.90 0.94 1.01 1.13 1.31 1.39 1.29
0.42 0.42 0.38 0.37 0.43 0.44 0.43 0.49 0.53 0.49 0.44 0.43 0.44 0.46 0.47 0.48 0.49 0.49 0.50 0.50 0.51 0.51 0.51 0.51 0.52 0.52 0.52 0.52 0.52 0.53 0.52 0.52 0.52 0.52 0.51 0.50 0.49 0.48 0.45 0.41 0.41 0.47 0.49 0.43 0.41 0.46 0.50 0.50 0.56 0.64 0.68 0.75 0.79 0.88 1.04 1.01 0.84 0.82 0.89 0.96 0.99 1.09 1.30 1.28 1.00 0.83 0.80 0.83 0.93 0.97 0.95 0.94 0.95 0.97 0.98 0.98 0.94 0.95 0.98 0.96 1.01 1.20 1.36 1.40
0.40 0.43 0.43 0.39 0.42 0.44 0.42 0.46 0.53 0.54 0.48 0.44 0.45 0.46 0.47 0.48 0.49 0.50 0.50 0.51 0.52 0.52 0.52 0.52 0.52 0.53 0.53 0.53 0.53 0.54 0.54 0.54 0.53 0.53 0.53 0.52 0.51 0.50 0.48 0.45 0.44 0.46 0.48 0.45 0.40 0.40 0.41 0.44 0.50 0.56 0.62 0.74 0.80 0.88 1.07 1.01 0.81 0.80 0.87 0.95 1.02 1.15 1.33 1.29 1.02 0.84 0.80 0.81 0.92 1.00 0.99 0.97 0.97 0.97 0.98 0.98 0.97 1.01 1.04 0.99 0.98 1.11 1.26 1.34
0.41 0.43 0.46 0.43 0.42 0.44 0.43 0.42 0.49 0.56 0.54 0.48 0.46 0.46 0.46 0.48 0.49 0.50 0.50 0.51 0.52 0.53 0.53 0.53 0.53 0.53 0.54 0.54 0.54 0.55 0.55 0.55 0.55 0.54 0.54 0.54 0.53 0.52 0.51 0.49 0.48 0.47 0.47 0.46 0.42 0.39 0.37 0.38 0.43 0.47 0.54 0.71 0.79 0.89 1.08 0.96 0.79 0.81 0.87 0.94 1.02 1.14 1.32 1.33 1.07 0.82 0.74 0.75 0.82 0.92 0.96 1.00 1.01 1.00 1.01 0.99 1.01 1.05 1.07 1.04 1.01 1.06 1.17 1.24
0.43 0.43 0.46 0.46 0.46 0.46 0.45 0.42 0.45 0.55 0.56 0.52 0.51 0.48 0.46 0.47 0.49 0.50 0.51 0.51 0.52 0.53 0.54 0.54 0.54 0.54 0.55 0.55 0.55 0.55 0.56 0.56 0.56 0.56 0.56 0.55 0.55 0.54 0.53 0.52 0.51 0.50 0.49 0.47 0.44 0.41 0.37 0.34 0.36 0.37 0.44 0.66 0.77 0.89 1.06 0.91 0.76 0.81 0.89 0.94 1.03 1.13 1.28 1.34 1.15 0.87 0.73 0.73 0.79 0.86 0.93 1.00 1.03 1.03 1.03 1.01 1.04 1.10 1.10 1.09 1.09 1.11 1.14 1.18
0.45 0.44 0.45 0.47 0.48 0.49 0.49 0.46 0.45 0.52 0.53 0.53 0.55 0.54 0.49 0.47 0.48 0.50 0.51 0.52 0.53 0.53 0.54 0.55 0.54 0.54 0.55 0.56 0.56 0.56 0.57 0.57 0.57 0.57 0.57 0.57 0.56 0.56 0.55 0.54 0.54 0.52 0.51 0.49 0.46 0.44 0.40 0.35 0.31 0.29 0.34 0.56 0.75 0.89 1.01 0.87 0.72 0.78 0.88 0.94 1.01 1.12 1.25 1.33 1.22 0.96 0.79 0.76 0.82 0.90 0.93 0.98 1.03 1.03 1.03 1.02 1.05 1.10 1.11 1.13 1.15 1.19 1.20 1.20
0.46 0.45 0.46 0.47 0.48 0.50 0.51 0.50 0.49 0.50 0.49 0.49 0.55 0.60 0.56 0.50 0.48 0.49 0.50 0.52 0.53 0.54 0.55 0.55 0.55 0.55 0.56 0.56 0.57 0.57 0.58 0.58 0.58 0.58 0.58 0.58 0.58 0.57 0.57 0.56 0.56 0.55 0.53 0.52 0.50 0.47 0.44 0.39 0.32 0.26 0.26 0.44 0.70 0.86 0.95 0.84 0.71 0.76 0.87 0.91 0.96 1.07 1.21 1.30 1.25 1.04 0.85 0.79 0.84 0.91 0.93 0.95 1.01 1.02 1.01 1.02 1.05 1.07 1.08 1.10 1.13 1.20 1.25 1.26
0.46 0.46 0.47 0.48 0.49 0.51 0.52 0.54 0.53 0.51 0.48 0.46 0.50 0.60 0.62 0.57 0.51 0.49 0.49 0.51 0.52 0.54 0.56 0.55 0.55 0.56 0.57 0.57 0.58 0.58 0.58 0.59 0.59 0.59 0.59 0.59 0.59 0.59 0.58 0.58 0.57 0.56 0.55 0.54 0.53 0.51 0.48 0.43 0.37 0.29 0.24 0.35 0.62 0.80 0.86 0.80 0.75 0.80 0.86 0.88 0.91 0.98 1.11 1.24 1.23 1.09 0.89 0.77 0.80 0.90 0.92 0.93 0.97 0.99 0.98 1.00 1.06 1.06 1.06 1.07 1.08 1.15 1.23 1.25
0.46 0.47 0.48 0.49 0.51 0.52 0.54 0.56 0.56 0.53 0.49 0.45 0.47 0.54 0.61 0.64 0.59 0.53 0.50 0.49 0.51 0.53 0.55 0.56 0.56 0.57 0.57 0.58 0.58 0.59 0.59 0.59 0.60 0.60 0.60 0.60 0.60 0.60 0.60 0.59 0.59 0.58 0.57 0.56 0.55 0.53 0.51 0.48 0.43 0.35 0.27 0.31 0.52 0.71 0.76 0.74 0.78 0.83 0.84 0.84 0.85 0.90 1.00 1.13 1.17 1.10 0.94 0.79 0.80 0.89 0.91 0.93 0.95 0.96 0.95 0.97 1.04 1.06 1.07 1.08 1.09 1.13 1.19 1.20
0.48 0.48 0.49 0.50 0.51 0.53 0.56 0.58 0.58 0.56 0.52 0.47 0.46 0.49 0.55 0.64 0.66 0.61 0.55 0.51 0.51 0.52 0.54 0.55 0.56 0.58 0.58 0.59 0.59 0.59 0.60 0.60 0.60 0.61 0.61 0.61 0.61 0.61 0.61 0.61 0.60 0.60 0.59 0.58 0.57 0.56 0.54 0.51 0.47 0.42 0.33 0.32 0.47 0.60 0.64 0.69 0.80 0.85 0.83 0.81 0.81 0.85 0.92 1.01 1.09 1.07 0.96 0.86 0.85 0.88 0.90 0.93 0.95 0.93 0.93 0.96 1.01 1.05 1.06 1.09 1.12 1.15 1.20 1.21
0.50 0.49 0.50 0.51 0.51 0.53 0.57 0.59 0.59 0.58 0.55 0.50 0.47 0.46 0.49 0.57 0.66 0.68 0.63 0.57 0.53 0.52 0.53 0.54 0.56 0.58 0.60 0.59 0.59 0.60 0.60 0.61 0.61 0.61 0.62 0.62 0.62 0.62 0.62 0.62 0.61 0.61 0.60 0.60 0.59 0.58 0.56 0.54 0.51 0.47 0.40 0.36 0.46 0.53 0.53 0.65 0.84 0.87 0.82 0.79 0.78 0.81 0.88 0.93 0.99 0.97 0.85 0.83 0.86 0.88 0.89 0.93 0.96 0.91 0.90 0.96 1.01 1.05 1.07 1.11 1.17 1.19 1.24 1.27
0.53 0.52 0.51 0.52 0.53 0.54 0.56 0.59 0.60 0.59 0.59 0.55 0.48 0.46 0.47 0.51 0.60 0.67 0.68 0.65 0.59 0.54 0.53 0.53 0.54 0.58 0.61 0.60 0.59 0.60 0.61 0.61 0.62 0.62 0.62 0.63 0.63 0.63 0.63 0.63 0.63 0.62 0.62 0.61 0.61 0.60 0.59 0.57 0.55 0.51 0.46 0.41 0.45 0.50 0.45 0.55 0.82 0.90 0.83 0.77 0.73 0.75 0.84 0.91 0.93 0.84 0.75 0.75 0.81 0.85 0.89 0.94 0.96 0.91 0.87 0.93 1.00 1.05 1.10 1.16 1.21 1.23 1.25 1.30
0.55 0.54 0.54 0.54 0.55 0.55 0.56 0.59 0.61 0.59 0.60 0.59 0.50 0.45 0.47 0.50 0.54 0.60 0.67 0.71 0.67 0.60 0.57 0.55 0.53 0.57 0.61 0.61 0.60 0.61 0.61 0.61 0.62 0.63 0.63 0.63 0.64 0.64 0.64 0.64 0.64 0.64 0.63 0.63 0.62 0.61 0.61 0.59 0.58 0.55 0.52 0.47 0.46 0.49 0.43 0.45 0.72 0.89 0.87 0.78 0.67 0.65 0.80 0.95 0.97 0.86 0.75 0.73 0.76 0.80 0.84 0.92 0.96 0.89 0.85 0.88 0.96 1.02 1.07 1.15 1.21 1.23 1.24 1.29
0.53 0.56 0.59 0.57 0.57 0.57 0.56 0.59 0.63 0.62 0.62 0.61 0.54 0.46 0.46 0.50 0.52 0.54 0.60 0.69 0.71 0.67 0.64 0.60 0.55 0.56 0.60 0.60 0.61 0.62 0.61 0.62 0.62 0.63 0.64 0.64 0.64 0.65 0.65 0.65 0.65 0.65 0.64 0.64 0.64 0.63 0.62 0.62 0.60 0.59 0.57 0.54 0.51 0.50 0.45 0.44 0.58 0.78 0.87 0.81 0.64 0.60 0.77 0.95 1.00 0.93 0.82 0.74 0.73 0.75 0.78 0.87 0.94 0.89 0.85 0.84 0.88 0.94 1.00 1.10 1.21 1.24 1.26 1.30
0.44 0.55 0.66 0.65 0.64 0.61 0.55 0.58 0.65 0.67 0.64 0.60 0.56 0.51 0.47 0.48 0.52 0.52 0.55 0.63 0.68 0.69 0.71 0.68 0.62 0.60 0.60 0.60 0.61 0.62 0.62 0.62 0.63 0.63 0.64 0.64 0.65 0.65 0.65 0.66 0.66 0.66 0.66 0.65 0.65 0.65 0.64 0.64 0.63 0.62 0.60 0.58 0.56 0.54 0.51 0.49 0.53 0.64 0.77 0.78 0.61 0.54 0.66 0.84 0.94 0.93 0.87 0.79 0.74 0.73 0.75 0.82 0.88 0.84 0.81 0.81 0.82 0.87 0.95 1.05 1.16 1.23 1.26 1.26
0.33 0.47 0.65 0.71 0.75 0.70 0.56 0.58 0.70 0.73 0.68 0.60 0.57 0.55 0.50 0.48 0.52 0.54 0.53 0.57 0.61 0.65 0.71 0.73 0.70 0.67 0.65 0.64 0.62 0.61 0.61 0.61 0.62 0.63 0.64 0.65 0.65 0.66 0.66 0.66 0.67 0.67 0.67 0.67 0.66 0.66 0.66 0.65 0.65 0.64 0.63 0.62 0.61 0.59 0.57 0.55 0.56 0.58 0.65 0.69 0.56 0.48 0.56 0.69 0.79 0.85 0.86 0.83 0.79 0.76 0.75 0.80 0.83 0.78 0.73 0.74 0.75 0.77 0.84 0.93 1.01 1.11 1.23 1.22
0.28 0.36 0.52 0.64 0.74 0.77 0.64 0.60 0.75 0.82 0.73 0.65 0.63 0.60 0.56 0.54 0.55 0.57 0.55 0.54 0.57 0.60 0.65 0.70 0.71 0.72 0.76 0.74 0.66 0.62 0.60 0.60 0.61 0.63 0.64 0.65 0.66 0.66 0.67 0.67 0.67 0.68 0.68 0.68 0.68 0.68 0.67 0.67 0.67 0.66 0.66 0.65 0.64 0.63 0.62 0.61 0.61 0.60 0.62 0.63 0.56 0.48 0.52 0.60 0.63 0.67 0.74 0.78 0.78 0.77 0.77 0.81 0.81 0.74 0.70 0.70 0.68 0.67 0.70 0.79 0.91 1.03 1.21 1.30
0.37 0.40 0.47 0.55 0.65 0.71 0.62 0.55 0.71 0.84 0.76 0.67 0.68 0.67 0.64 0.62 0.62 0.63 0.60 0.56 0.56 0.59 0.62 0.65 0.63 0.67 0.83 0.85 0.74 0.66 0.62 0.59 0.59 0.61 0.63 0.64 0.66 0.66 0.67 0.67 0.68 0.68 0.68 0.69 0.69 0.69 0.69 0.69 0.68 0.68 0.68 0.67 0.67 0.66 0.66 0.65 0.65 0.64 0.63 0.62 0.59 0.54 0.54 0.55 0.53 0.53 0.59 0.63 0.66 0.68 0.73 0.82 0.81 0.72 0.69 0.70 0.67 0.62 0.61 0.69 0.86 1.03 1.16 1.39
0.49 0.49 0.51 0.55 0.61 0.64 0.58 0.53 0.66 0.79 0.70 0.63 0.64 0.65 0.65 0.64 0.65 0.69 0.68 0.62 0.59 0.60 0.62 0.63 0.56 0.58 0.80 0.92 0.85 0.75 0.69 0.64 0.60 0.59 0.60 0.63 0.65 0.66 0.67 0.68 0.68 0.69 0.69 0.70 0.70 0.70 0.70 0.70 0.70 0.70 0.69 0.69 0.69 0.68 0.68 0.68 0.67 0.67 0.66 0.65 0.63 0.60 0.58 0.57 0.53 0.51 0.51 0.52 0.52 0.52 0.60 0.74 0.78 0.68 0.66 0.69 0.68 0.62 0.58 0.64 0.79 0.99 1.14 1.50
0.59 0.58 0.58 0.58 0.60 0.62 0.60 0.58 0.67 0.73 0.65 0.61 0.61 0.60 0.61 0.61 0.62 0.66 0.69 0.68 0.66 0.65 0.65 0.63 0.55 0.51 0.69 0.89 0.92 0.85 0.77 0.72 0.67 0.61 0.59 0.61 0.64 0.65 0.67 0.68 0.69 0.69 0.70 0.70 0.71 0.71 0.71 0.71 0.71 0.71 0.71 0.71 0.71 0.70 0.70 0.70 0.70 0.69 0.69 0.68 0.66 0.65 0.63 0.61 0.58 0.55 0.52 0.50 0.47 0.45 0.46 0.57 0.66 0.59 0.57 0.61 0.64 0.60 0.56 0.63 0.77 0.93 1.19 1.58
0.70 0.67 0.62 0.60 0.61 0.63 0.63 0.62 0.66 0.66 0.63 0.62 0.61 0.59 0.59 0.59 0.60 0.62 0.64 0.65 0.67 0.69 0.69 0.65 0.57 0.52 0.62 0.79 0.90 0.91 0.85 0.80 0.77 0.69 0.61 0.61 0.62 0.64 0.66 0.68 0.69 0.70 0.70 0.71 0.71 0.72 0.72 0.72 0.72 0.72 0.72 0.72 0.72 0.72 0.72 0.72 0.71 0.71 0.70 0.70 0.69 0.68 0.67 0.65 0.63 0.60 0.57 0.54 0.50 0.48 0.45 0.46 0.49 0.47 0.48 0.53 0.57 0.56 0.54 0.62 0.77 0.96 1.27 1.54
0.81 0.76 0.67 0.61 0.62 0.65 0.64 0.64 0.65 0.62 0.61 0.62 0.61 0.59 0.59 0.59 0.60 0.60 0.61 0.62 0.63 0.67 0.69 0.67 0.60 0.54 0.60 0.72 0.84 0.91 0.88 0.85 0.84 0.79 0.69 0.63 0.63 0.64 0.65 0.67 0.68 0.70 0.71 0.71 0.72 0.72 0.73 0.73 0.73 0.73 0.73 0.73 0.73 0.73 0.73 0.73 0.73 0.72 0.72 0.72 0.71 0.70 0.69 0.68 0.66 0.64 0.62 0.59 0.56 0.53 0.48 0.45 0.42 0.38 0.40 0.46 0.50 0.53 0.52 0.58 0.79 1.05 1.30 1.41
0.92 0.86 0.74 0.65 0.64 0.66 0.65 0.63 0.63 0.61 0.59 0.60 0.60 0.59 0.59 0.59 0.59 0.60 0.61 0.61 0.62 0.64 0.66 0.67 0.62 0.56 0.58 0.67 0.78 0.88 0.90 0.87 0.87 0.85 0.77 0.69 0.66 0.66 0.65 0.65 0.67 0.70 0.71 0.72 0.73 0.73 0.74 0.74 0.74 0.74 0.74 0.74 0.74 0.74 0.74 0.74 0.74 0.74 0.73 0.73 0.73 0.72 0.71 0.70 0.68 0.67 0.65 0.63 0.61 0.58 0.54 0.49 0.43 0.36 0.34 0.39 0.42 0.46 0.50 0.58 0.82 1.10 1.27 1.25
